1.0 -2.1684043449710093e-19 -2.5135375298442207e-37 0.0 2.1684043449710093e-19 1.0 2.3183291766350204e-18 -8.673617379884035e-19 -2.51353752984422e-37 -2.3183291766350204e-18 1.0 0.0
0.9999996144572926 -0.0005723897269502802 0.0006659243699802237 1.3271307127150507 0.0005725266515208768 0.9999998150031163 -0.00020544334102258209 -0.005205242904773986 -0.0006658066531284189 0.00020582452126511109 0.999999757168854 0.013546002618737998
0.9999992686506489 -0.0006310930990495225 0.0010317071617683797 2.620400249204164 0.0006317219644781507 0.9999996148242213 -0.0006093264874477984 0.0032616480561835828 -0.0010313222226384742 0.0006099777938922657 0.9999992821505244 0.023155165917102573
0.9999984080806568 -0.0013145955684215954 0.0012065134246878437 3.944431469168364 0.0013152995039614583 0.9999989651428909 -0.0005828381958469084 0.0014968510495183922 -0.0012057459796094815 0.0005844241945245251 0.9999991023120939 0.042724277089956374
0.9999985763318838 -0.0008800205240788166 0.0014397562580511227 5.276348118827755 0.000881273383638691 0.9999992334146602 -0.0008697857869248605 0.012604385612162781 -0.0014389897250110366 0.0008710533675077156 0.9999985852863005 0.04177979977458566
0.999997786687794 -0.0012070478149658944 0.0017232687212533166 6.606972188827152 0.0012091179588218897 0.9999985481118654 -0.0012007530649974663 0.008382052461006931 -0.0017218168528964884 0.0012028340425147947 0.9999977942660631 0.04278872157354516
0.9999967192755046 -0.0008840068948593192 0.0024041568246351104 7.940246282741048 0.0008895981560858923 0.9999969001183829 -0.0023255899779677405 0.02337723712865465 -0.0024020935344584255 0.00232772108182587 0.9999944058149609 0.061433015770509955
0.9999966058758929 -0.000873483241502648 0.0024546412611861773 9.262030326792253 0.0008794477276802168 0.999996661187287 -0.0024298530763327384 0.02751113273293585 -0.0024525106296572384 0.0024320035577892556 0.9999940352573641 0.0582192092397267
0.9999966680875387 -0.001396885741411033 0.002170834873117943 10.587920669930798 0.0014012989321296474 0.9999969521260011 -0.0020327567516147667 0.02635633876109507 -0.0021679887277646893 0.002035791967236745 0.9999955776781928 0.0800868609854684
0.9999989336069091 -0.0012190894387475323 0.0008041181412406861 11.907270907254723 0.0012194591537588683 0.9999991509135338 -0.00045944704131787965 0.051500519659328434 -0.0008035573514391207 0.00046042714059476864 0.9999995711511236 0.08563270916181075
0.999999355553762 -0.0011209348805269405 0.00017999181758226155 13.244825236831382 0.001120761652263052 0.9999989114754921 0.0009596567874590514 0.06146319498031084 -0.0001810673344231542 -0.0009594544410849776 0.9999995233307842 0.0930967012475617
0.9999990246339966 -0.001210936907474443 -0.0006959618247244916 14.603236690655873 0.0012155682619400113 0.999976861695135 0.0066931657793043815 0.07225880399549581 0.0006878407198776123 -0.0066940052401236825 0.9999773583281719 0.11282813831069906
0.9999997181487504 -0.0006453696964494171 0.0003836670102552664 15.945782317795885 0.0006430536751783308 0.9999817551191358 0.006006322570736769 0.09303279889089061 -0.00038753630887062635 -0.006006074159366258 0.9999818882803836 0.12177361877489881
0.9999947441250208 -0.00033989143627026117 0.0032243132828043224 17.27527848986407 0.0003238240079669311 0.9999875352203762 0.004982423294801473 0.08561334201609104 -0.0032259665754595913 -0.004981352997757363 0.9999823894759177 0.14629411796438832
0.9999866095212876 -0.0003288214894919152 0.005164557536497729 18.64624681132951 0.0003292800241714241 0.9999999419210628 -8.793484373985923e-05 0.0898198973306718 -0.00516452832167942 8.963425188065875e-05 0.9999866597174761 0.16613346745025548
0.9999905229344622 -0.0006433140313331099 0.00430583189613022 19.98541143830811 0.0006499634455252864 0.999998598255967 -0.001543059823952293 0.07316968595809625 -0.004304833188420119 0.0015458438336082743 0.9999895393343181 0.1875487413296633
0.9999989067152703 -0.0004098050606566357 0.0014207843173552987 21.349190645014083 0.0004132812309508823 0.9999969201365361 -0.002447226198479975 0.07911060575101046 -0.001419777055852881 0.0024478107064565342 0.9999959962199133 0.1773038173033417
0.999999957909809 -0.00020016970356041656 0.00021002968838195585 22.69089075222386 0.00020028513083015565 0.9999998288584563 -0.0005496989399033312 0.10377048014535732 -0.00020991961936330284 0.0005497409825900135 0.9999998268592878 0.22409201327301534
0.9999979475875659 0.0007066616803275938 0.0018988022344110472 24.060082081533448 -0.0007101334252053204 0.9999980764488694 0.001828335056707956 0.10076432781063104 -0.0018975065676444872 -0.0018296797071448616 0.9999965258644626 0.20173024581995885
0.9999813330127874 0.001155469644353304 0.005999876321219216 25.44953803102911 -0.0011669156398923996 0.99999750548576 0.0019045551047171295 0.10434803805246175 -0.005997660698832794 -0.0019115209019279946 0.9999801868807118 0.21608278292754068
0.9999740419980003 0.0013569192126915528 0.00707630556376203 26.825323898525728 -0.0013619942399695868 0.9999988187166444 0.0007124163151922999 0.09990040572987717 -0.007075330513254529 -0.0007220357097062741 0.9999747088614602 0.2323475949271699
0.9999720402558445 0.0013885296499975904 0.0073478358701472846 28.196022402564648 -0.0013619148214461482 0.9999924990033497 -0.0036258964484224385 0.0991017139089093 -0.007352815418781492 0.0036157879427082995 0.9999664305280306 0.26912196292491986
0.9999884388445378 0.0014806385249981054 0.004574919324153125 29.54958723717348 -0.0014647731661203672 0.9999929091531112 -0.003469305848336151 0.1075534750087736 -0.004580023671994717 0.0034625645200887074 0.9999835168792074 0.25983872537941066
0.9999947389061005 0.0018536113638342503 0.0026620077069406238 30.938583432289317 -0.0018441361337341584 0.9999919717010556 -0.0035574844139662854 0.10478806003132128 -0.002668580529083351 0.0035525565931060895 0.9999901289610876 0.29591070961641336
0.9999957190440194 0.002558643347512801 0.0014195907349709978 32.320404048486324 -0.0025564582565676406 0.9999955481050106 -0.0015389253853993947 0.1231296924327922 -0.0014235219763017886 0.0015352896728721992 0.9999978082329998 0.2747532521405267
0.9999945403516405 0.0033044230144818887 -7.44665714585074e-06 33.69584700558328 -0.0033044250038018973 0.999994499709949 -0.0002851758105718109 0.13142548886563032 6.504274675449509e-06 0.000285198860532232 0.9999999593096514 0.3171488563011727
0.9999940023167545 0.003455969860716358 0.00022716258664047707 35.094489974336376 -0.00345594404409031 0.9999940217160446 -0.00011394268287523169 0.14159934426201495 -0.00022755501107589609 0.00011315693829477135 0.9999999677071115 0.3031660895185626
0.999994899179221 0.0028662264235204786 0.0014093834214387168 36.48836847004471 -0.0028663377702171805 0.9999958890816909 7.699029410719322e-05 0.13446800461563277 -0.0014091569559632807 -8.102967032708897e-05 0.9999990038549368 0.3382738710638295
0.9999940092672599 0.0025959678951002264 0.0022896244842365017 37.89590250710153 -0.002596625736577991 0.9999965883232228 0.00028438828935312154 0.14447520847728443 -0.002288878409908917 -0.0002903318835217532 0.9999973383679689 0.3121064468253282
0.9999938473823211 0.0020334175103016447 0.0028583930331310308 39.29140281205467 -0.0020386601869550867 0.9999962430460106 0.001832418758390343 0.1272442889427462 -0.002854656221890406 -0.0018382347762936088 0.9999942358987685 0.31698200839778
0.9999911443284026 0.002544591094313957 0.003352062191346858 40.68987070306791 -0.0025611932449054525 0.9999844297847734 0.004957870226609953 0.14555614673370973 -0.0033393942465916896 -0.004966411600380383 0.9999820914405825 0.3539460808684012
0.9999910099029029 0.0024622967811291268 0.003452130926543774 42.11046734471588 -0.0024913877368021903 0.9999612102447478 0.008448135475006335 0.1548232788818233 -0.0034311952024433843 -0.008456660122104352 0.9999583550323793 0.36993714544602263
0.9999903696229251 0.0024648697808896097 0.0036311263223395168 43.49618334269662 -0.00249516549447859 0.9999619200650974 0.008362569514144534 0.17056805163021263 -0.003610375404399535 -0.008371549240552395 0.9999584403127724 0.37203143745815465
0.9999915162031379 0.0020779129262965355 0.0035566556791497665 44.926442239934154 -0.0021061388922428152 0.9999661736204873 0.007950836042063508 0.17972882955649055 -0.0035400142253783 -0.007958259399637818 0.9999620664838302 0.37960266145518895
0.999995071541545 0.0012255275447507767 0.002890497337398357 46.32221515908826 -0.0012475829575576542 0.9999700296626535 0.007640897410382779 0.1721242497155732 -0.0028810465779750168 -0.007644465887754337 0.9999666302991849 0.40375289768925743
0.9999936489412155 6.939603963189969e-05 0.003563321683870577 47.75424015442419 -9.419195300792744e-05 0.9999757817422364 0.006958955157154824 0.17011801771487556 -0.0035627524624996594 -0.006959246596650142 0.9999694373738119 0.42016255487679127
0.999990967506943 -0.0010589720954696485 0.004116246181757217 49.15667010068161 0.0010279972150796497 0.999971196922607 0.007519876787172597 0.16493643087683516 -0.004124090960878862 -0.0075155773743263 0.9999632533100788 0.4349136461874355
0.9999887096873821 -0.00189077115243045 0.00435952775123949 50.584166834076754 0.0018533253629683833 0.9999614949788437 0.008577513904101119 0.1808585680223432 -0.004375578003380642 -0.00856933743793572 0.9999537093150919 0.4573991927436647
0.9999853763435715 -0.0031106277976599337 0.00442392288697898 52.03731499000149 0.003073347141083455 0.9999599205203904 0.008409036223316667 0.18418625276351688 -0.004449902960279614 -0.008395317001702972 0.9999548574891194 0.4559079421005079
0.999976030437779 -0.004239775015411326 0.0054738339142528444 53.44907581163543 0.004187264500593083 0.9999454482045509 0.009569087260657933 0.1991666243708287 -0.005514106083872859 -0.009545937503394147 0.999939233009325 0.4806940982405357
0.9999705510816161 -0.004915621707185593 0.0058935246466674095 54.90566910203355 0.004868181606992539 0.9999558524820069 0.00803703271265622 0.21676045722419032 -0.005932771474645721 -0.008008105282450552 0.9999503350029014 0.48254170429710114
0.9999617219306601 -0.0050773679131875865 0.007125658463836724 56.288094958943006 0.005044544374381354 0.9999766184764692 0.0046168249285600755 0.230924537032208 -0.007148933173838755 -0.004580702505097819 0.9999639543098721 0.4945808030186624
0.9999578186019119 -0.005564744456785404 0.00730716333720071 57.72111650581057 0.005533032222227162 0.999975218379985 0.004352950761138938 0.24713803568825451 -0.007331205312474209 -0.004312336377392216 0.9999638279376082 0.5161145707751302
0.9999551094900911 -0.005212898754980718 0.007912312634765111 59.16014105319008 0.00518194144338205 0.9999788588461027 0.0039280203313746195 0.2744725884623114 -0.007932621731640978 -0.003886842859783927 0.9999609822213296 0.5350020736300474
0.9999497671853028 -0.00539039006224433 0.008450254495323611 60.574306525097995 0.0053587245590141445 0.9999785524694235 0.003765457775254124 0.25542421496958684 -0.008470370544403472 -0.003719986039417439 0.9999572063477052 0.5490957956333926
0.9999453435706183 -0.004575572946013324 0.00940074484569808 62.02979591521373 0.004570355304706395 0.9999893897328328 0.000576432255787682 0.28577498777248994 -0.009403282609118487 -0.0005334360059850728 0.9999556458774561 0.5454174245797446
0.9999500952449331 -0.004579150188077274 0.008879099233847935 63.44130887615168 0.004591353032186411 0.9999885424233581 -0.0013544369094367068 0.2756303736505659 -0.008872795330859367 0.0013951363957848994 0.9999596627351796 0.5625934996616333
0.9999608618729505 -0.0040496412521648 0.00786607449969191 64.84987956510841 0.004064065088911968 0.9999900880608429 -0.0018185585007667528 0.294632318730283 -0.007858632022115885 0.0018504555645540816 0.9999674083273637 0.5729490674518514
0.9999648667486564 -0.003235855466200325 0.007732690847559639 66.30215791877238 0.003252781988117936 0.9999923391767263 -0.0021773831075421173 0.3031789552258494 -0.007725585911751073 0.002202459366502755 0.9999677317269089 0.5671249780631848
0.999968195555691 -0.002660311358196922 0.007518684763479679 67.67668031269788 0.0026650927231255186 0.9999962527057378 -0.0006259834336791375 0.3137968264632451 -0.007516991277916747 0.0006460015166745072 0.9999715383570515 0.5769208716234969
0.9999591700721022 -0.001958357264309353 0.008821735970774293 69.13837261458309 0.0019390393439926551 0.9999957048247115 0.0021978304190705266 0.33649036023013795 -0.008826002217038857 -0.0021806349886833373 0.9999586724039704 0.5959125870193369
0.9999495082828426 -0.0012653923882235923 0.00996893509885182 70.50550308067095 0.0012112708809777373 0.9999845065458963 0.005433184242510182 0.34565385895615547 -0.009975655755597694 -0.005420834830908549 0.9999355483439829 0.6033592315254364
0.9999423531691806 -0.00012089394133806843 0.010736653255863825 71.94557250846157 2.6424916797199613e-05 0.9999612925720609 0.008798446416108453 0.3734275904044239 -0.010737301346496511 -0.008797655498387463 0.9999036511672144 0.6133140069395845
0.9999410354532685 0.00032106603265076984 0.010854608848221608 73.31779992996124 -0.0004586383685574313 0.9999195766856425 0.012673981681077202 0.37443588830408325 -0.01084966669958575 -0.012678212705585574 0.9998607641342369 0.6233232591732448
0.9999452283747623 0.0009116264320010391 0.01042636982813838 74.71327633779575 -0.0010800625020968178 0.9998688254729202 0.016160609901687762 0.3905321706029664 -0.010410269714863378 -0.016170985889902977 0.9998150456458497 0.6309442866355274
0.9999437892281817 0.0018729626046970946 0.010436014328616508 76.14576949804032 -0.0020476864178086297 0.9998574958976786 0.01675693520779168 0.4083777254035653 -0.010403142040749267 -0.016777362972327108 0.9998051283762126 0.6192844911950376
0.999939702659446 0.002016517141639009 0.01079466090047344 77.53415923758006 -0.002203581848378118 0.9998471251207154 0.017345622354876387 0.40741726154368574 -0.010758032923180358 -0.017368363378797814 0.9997912805586804 0.6247473010769338
0.9999352777074672 0.002192103147453461 0.01116400823545379 78.94249672946248 -0.002381063614882502 0.9998536593252559 0.016940793073433148 0.40686332176367596 -0.011125238521139136 -0.0169662788402738 0.9997941660412716 0.6482669285876362
0.999952053075769 0.0015349217288110073 0.009671378642210033 80.31219637477675 -0.001690587344764273 0.9998688296440331 0.016107930366780727 0.39022325268406655 -0.009645385631704698 -0.01612350835140286 0.9998234839282671 0.6430242027016376
0.9999501449525561 0.0016103525379234742 0.009854662554628421 81.69564945826745 -0.0017675662966258245 0.9998709829059369 0.015965376666473175 0.412054042432714 -0.009827681249868894 -0.01598199948125819 0.9998239806955181 0.6635293629820956
0.9999490818439357 0.0015153648156856047 0.009976842634084111 83.07273884186773 -0.0016759449958227892 0.9998688748651033 0.01610665341911132 0.43551224909380676 -0.00995112696335811 -0.016122553937505557 0.9998205030537688 0.6505868422440719
0.9999558185632378 0.001390172421225152 0.009296684471585697 84.44846736503067 -0.0015386526793994733 0.99987107535235 0.01598327944032096 0.45056081845283935 -0.009273266385537215 -0.015996877644542853 0.9998290386041848 0.6555953524644804
0.9999558579326444 0.0004480334906411808 0.009385171931312388 85.85270688676506 -0.0005930237880563741 0.9998804381363383 0.015451788086533516 0.44953800261359494 -0.009377126904112435 -0.015456671642873301 0.9998365670412083 0.6525433730389231
0.9999488732990311 -0.0007560655072440302 0.010083608131372254 87.23391704330302 0.0006018729387072392 0.9998829859265035 0.015285686234689181 0.45124122308122444 -0.010093985187425863 -0.015278835677121154 0.9998323202634467 0.6679380357842738
0.999935214838809 -0.0020879103225743766 0.011189582465398569 88.60711576681025 0.0019219149353203971 0.9998882552066396 0.014825091662560099 0.4454525371747675 -0.011219285549733555 -0.01480262579094682 0.9998274900708856 0.6746533030833731
0.9999236861461824 -0.003341988850113725 0.011893401294693086 89.94051780327491 0.0031819463825953176 0.9999044819928801 0.01344998541889794 0.4381372495840276 -0.011937214962007689 -0.01341111483345043 0.9998388094577421 0.681361682469286
0.9999137162221903 -0.004080474138604468 0.012486386247965503 91.33645840233547 0.003931715363609654 0.9999212826441076 0.01191512189036456 0.45578498684034635 -0.012534022699387363 -0.011865000891987708 0.9998510489211904 0.6994562037428671
0.9999153749020382 -0.004393559677502978 0.012244985417580567 92.71507638363978 0.004255894327418931 0.9999277041094123 0.011246062331031714 0.4679937601553338 -0.012293510401442876 -0.011192997267927256 0.999861783655206 0.7102462865469709
0.9999190766691248 -0.004304239451875736 0.011971367336515475 94.04379863511545 0.004176189045460487 0.999934022940888 0.010700897640295063 0.4877253082584002 -0.012016636726698907 -0.010650036994884718 0.9998710802667443 0.7204794533539471
0.9999218221388267 -0.0045626393064147645 0.011641818291314575 95.40718979379875 0.004449824937276426 0.9999430721799746 0.009698013059479196 0.510455369218398 -0.011685404083557421 -0.009645450836212644 0.999885201715462 0.7166181201759403
0.9999270131519399 -0.004350143535925022 0.011271407199510164 96.77732472660801 0.004242228138194386 0.9999451068159801 0.009580545663034642 0.5149909133266884 -0.011312465224867283 -0.009532030528425191 0.9998905782757138 0.7186660401598167
0.9999313132432185 -0.004214724253284119 0.01093640229514127 98.13339372628442 0.004080342801744498 0.9999162617322435 0.012280892721444413 0.5201929028773775 -0.01098724707616264 -0.012235424916371035 0.9998647782469403 0.7353584181502335
0.9999319834431868 -0.0041221080016315415 0.010910394722343448 99.46738657761334 0.003977454812009681 0.9999043445496173 0.01324694696972316 0.5377847524972145 -0.010963956429723514 -0.013202650356012683 0.9998527299972652 0.7299615229861957
0.999920822816944 -0.0037427494393009954 0.012014155139671615 100.82283693537475 0.003579979724080601 0.9999019050738486 0.013541195473936556 0.5490099038688366 -0.01206365791377796 -0.013497112888421738 0.9998361346247777 0.7296168737778207
0.9999016804814463 -0.003631766449643222 0.013543989177305914 102.14096809084894 0.003444847617433377 0.9998988585600461 0.01379875629212256 0.5918276684990649 -0.013592733178886337 -0.01375074262619929 0.9998130598676712 0.7345844460885758
0.999912907996786 -0.0037384213016891346 0.012657038657677857 103.50345208653147 0.003565882947977987 0.9999007891550288 0.01362704391832507 0.5704299094576516 -0.012706726573441117 -0.013580723593451027 0.9998270365650581 0.7456246803023691
0.999938597846478 -0.0035821186083106753 0.010486608750955712 104.82950322038327 0.003438797107394004 0.9999008751367686 0.013653372300593783 0.5767221655791267 -0.010534477266281662 -0.013616472634292527 0.9998517972488351 0.7502040043847537
0.9999514527022546 -0.0037866701159566386 0.009096887824063609 106.13409945447374 0.0036782853899507413 0.999922405502797 0.011901814571329924 0.6060425728778389 -0.009141250201189699 -0.011867775820816946 0.9998877904254188 0.7531280671192773
0.9999421828544268 -0.003257565751516877 0.01024788825556301 107.5007360852204 0.0031429131125063794 0.999932515512509 0.011184208420502622 0.6059898412395571 -0.010283629976384673 -0.011151353559122341 0.9998849405148115 0.7601135733693472
0.9999209218555842 -0.002830779449816431 0.012253029143233791 108.82371841130303 0.002736206996354681 0.9999663935870954 0.007728186571972445 0.6126855449208191 -0.012274494154609359 -0.007694048617250381 0.9998950636987481 0.7561384817984419
0.9999101000667041 -0.0022892168933533164 0.0132117852922569 110.16325419811861 0.0021973357112363406 0.9999733311617719 0.006964817370274414 0.6192883592145837 -0.013227376926875391 -0.006935160506025546 0.9998884638040334 0.7643150202036914
0.999923712798563 -0.0016141425612818628 0.012245943284568189 111.48369396678913 0.0015335794837287998 0.999977140738304 0.00658529686597996 0.6200022086587554 -0.012256292959295988 -0.006566014364731302 0.9999033306966519 0.7642973926143358
0.9999527861006748 -3.879916417663902e-05 0.00971720454260301 112.84126263670203 -3.390071083544438e-05 0.9999720142118922 0.0074812862365325585 0.649390390556583 -0.009717222866628624 -0.007481262435978693 0.9999248003185661 0.7753614694497111
0.9999647690578025 0.0007201559780365258 0.008363134492684325 114.16953818843102 -0.0008073430123437934 0.9999453169648421 0.010426470032642543 0.6389680662618399 -0.008355168486383006 -0.010432854616473461 0.9999106693620763 0.7841114664931553
0.9999715613342511 0.001939037007453946 0.007288117604959074 115.4728451334561 -0.0020392907349797164 0.9999030597552401 0.013773611923055427 0.6522935493948305 -0.007260703549809498 -0.01378808281061703 0.9998785781065466 0.7774549968539937
0.9999448109096375 0.0037448461310388677 0.009815867885418803 116.85044511991686 -0.003883397621006179 0.9998925659594727 0.014134205386178527 0.6793177717256949 -0.00976188290271485 -0.014171544250234614 0.9998519255248536 0.7916939429687515
0.9999215084121532 0.0040859183063858325 0.011844082334972583 118.1367557579045 -0.004260003599321922 0.9998827227210655 0.014710308400661032 0.670765444415286 -0.01178258817483802 -0.014759609598574598 0.9998216463651903 0.784707042361917
0.9999080877129799 0.004965111509054724 0.012616013390705057 119.515891560354 -0.005148375208838955 0.9998810987501718 0.014535563107710345 0.6685485503837263 -0.012542342639268369 -0.014599179081437074 0.9998147596486398 0.7904268855127602
0.9999075975362877 0.00601310393057968 0.012191758295232507 120.83651455942315 -0.006186756276039604 0.9998792366418102 0.01425609271054836 0.668941061866199 -0.01210456261044603 -0.014330202849607981 0.9998240469454107 0.8014712414878298
0.9998994550825847 0.0072009068252320415 0.012215836706699646 122.13850603677032 -0.007396363235649979 0.9998441342885425 0.01603124884972363 0.6602194478276022 -0.012098493147361335 -0.016119989754642104 0.9997968655651375 0.7975479838594715
0.999894987338662 0.008480923140843682 0.01175109517006636 123.49914464979376 -0.008691766865946162 0.9998000425231657 0.01800911323258663 0.6678727304483939 -0.011596011545565795 -0.018109359827315506 0.9997687650666427 0.7964892040135051
0.9998869160064848 0.010006400303589394 0.011226181541603946 124.86869288524686 -0.010218201945115782 0.9997678220216588 0.0189707775032494 0.6833325687540545 -0.01103374587570128 -0.019083343602033884 0.9997570117028023 0.8050585183552186
0.9998848418138513 0.010836409197431233 0.01062428099192181 126.1825782241156 -0.011043251650405823 0.9997467655052371 0.019607433661806825 0.6622001016791984 -0.010409116383021775 -0.019722502313909717 0.9997513056748676 0.8033957334733256
0.9998749383576494 0.012169240607999059 0.01010035778135557 127.51883153562807 -0.012362139466243673 0.9997380664030939 0.01926073966440808 0.677432549501018 -0.009863323583047649 -0.01938319291622484 0.9997634753681836 0.8106735378900016
0.9998624081554658 0.012669354347044382 0.010707577596348038 128.83471938490834 -0.012873925062436925 0.9997316734809183 0.01925728673851408 0.6475235133996337 -0.010460727079870938 -0.019392485644486618 0.9997572228743781 0.8066996352820861
0.9998428086052208 0.013289254773754037 0.011736855966656362 130.2008975938581 -0.013516759851526635 0.9997180541002616 0.01952202625503925 0.6299931130508665 -0.011474113627637611 -0.01967760182401656 0.9997405346903342 0.8222246496051634
0.9998393458825442 0.01363350101651742 0.011636583484803746 131.5328935178919 -0.01383947291774171 0.9997456521017936 0.01780730448210886 0.6059296997919158 -0.011390847840493818 -0.017965487847316004 0.999773719314467 0.8092007319146204
0.9998290026339014 0.01389198150022582 0.012205668441157077 132.88638663403245 -0.014097371102903076 0.9997577018881255 0.016905668971119683 0.601113333749628 -0.011967857790143881 -0.01707484598382747 0.9997825863729292 0.8297503200677135
0.9998226564159751 0.013751266312913244 0.012866949603308635 134.21963431132386 -0.01393359725491036 0.9998022326459416 0.014189801398482268 0.5928588340703966 -0.012669277202772907 -0.014366567821917394 0.9998165287412374 0.8100089886204244
0.9998255408355212 0.013159340058039544 0.013255929322173343 135.5503305433 -0.013328326011870398 0.9998299929395691 0.01274130857418518 0.5693257817165256 -0.013086008508283883 -0.0129157650837332 0.9998309554087745 0.8287032300508151
0.9998480519648149 0.012005821492689394 0.012638561328358906 136.89828204577466 -0.01217208734243969 0.9998392912106954 0.01316176435825422 0.5581220207633946 -0.012478512407055232 -0.01331360212639198 0.9998335035027218 0.8297571240152204
0.9998314775364313 0.011582735677441038 0.014242779277343852 138.23195304314817 -0.011728638336729458 0.9998791567881788 0.010203473101188706 0.5788740320262847 -0.014122874002227769 -0.010368801993818568 0.9998465044071165 0.8373944908642764
0.9998555620072528 0.00987374161362906 0.013833450390550627 139.59022702207312 -0.010009000488354203 0.9999024441939752 0.00974279241994902 0.5225357068092723 -0.013735903042197876 -0.009879844202282776 0.9998568465766255 0.8331620577852589
0.9998588698265078 0.008858458169132145 0.014274738110528679 140.94329570570474 -0.008979419990026426 0.9999241316138981 0.00843214283763933 0.5399929395077087 -0.014198959324582832 -0.008559131676599815 0.9998625559640892 0.8393715592208966
0.9998764854458126 0.007444704658282867 0.013841612083882522 142.27162948967808 -0.00756416076481393 0.9999344268994246 0.008597986580788843 0.5262121246018188 -0.013776694975711367 -0.008701624783356085 0.9998672333873512 0.833884462491652
0.9998876029888167 0.006442797737857543 0.013537789575391819 143.62272784837805 -0.006558710866508078 0.9999420642274848 0.008535309030512892 0.5190636234205109 -0.013482013983380914 -0.008623140134884959 0.9998719301756431 0.8318938366252353
0.9999175372651133 0.006146007318545777 0.011275870862636154 144.96694518997813 -0.006215558813433725 0.9999618112043656 0.006143530053749168 0.5148153520197957 -0.011237682070036134 -0.006213109279978477 0.9999175524885877 0.8340640693980294
0.9999343145079554 0.004796617166923075 0.01040956931190339 146.27782001111422 -0.004831937061914186 0.9999826458109321 0.00337052832615754 0.5178380964606192 -0.010393221528238591 -0.0034206053151027366 0.9999401384110667 0.8580138420896707
0.9999044547718215 0.004156653094810535 0.01318345791193942 147.6678730785814 -0.004081078117237501 0.9999751161506223 -0.005754292393555583 0.5175560739106849 -0.013207048454044579 0.005699939876781897 0.9998965369259629 0.8445926007763848
0.9998877835395843 0.0027189544510891677 0.014731857146681567 148.98089097830078 -0.002534132184877733 0.9999180353534882 -0.012549930234466588 0.5051206661790142 -0.014764772343889938 0.012511189452378786 0.9998127182808387 0.8580648570783993
0.9999289051229556 0.0015892563112947337 0.01181773937706489 150.28372004093262 -0.0014162679272032332 0.9998919433181586 -0.014632015329229534 0.4727674171351735 -0.011839716414069877 0.014614237982647008 0.9998231069361324 0.8578879081653025
0.9999588422963037 0.0015342872498340062 0.008942017449717234 151.68597926818785 -0.001413809756458673 0.9999083570955991 -0.013463972383818123 0.49309757964085665 -0.008961855578427548 0.01345077592611934 0.9998693723539974 0.8689075639898013
0.9999770457974035 0.0024327156028256824 0.006323746760685113 153.00582665922917 -0.0023706269454289264 0.9999490966461083 -0.009807356652905434 0.4845130647055791 -0.006347283370317833 0.009792140288386939 0.9999319106731165 0.8708779436636448
0.999970555275752 0.0035895386101914627 0.00678260967991975 154.37862252724187 -0.0035188008296272565 0.9999395961271784 -0.010412595148989248 0.5010452703631721 -0.006819576396346835 0.01038842190042764 0.9999227840529453 0.882110809000068
0.9999456409410262 0.004066496972322851 0.00960097731557086 155.69259818820714 -0.003932305091918738 0.9998948968987976 -0.013954645549302707 0.5006824012334286 -0.009656714746956499 0.013916133015916921 0.9998565342598803 0.8720389012935068
0.9998986488131109 0.004601350182752859 0.013472923892424295 157.04755704679562 -0.004334267468647957 0.9997948391420943 -0.019786201008381077 0.502465029181847 -0.013561203015425925 0.019725800397690344 0.9997134522309105 0.8869625647523105
0.9998928508464936 0.004571919338111232 0.013906271234138809 158.38517588010714 -0.0042594526833685635 0.9997396404214404 -0.022416699865218607 0.47672749253462476 -0.01400513794683138 0.022355064830479734 0.9996519930393352 0.8780702340575871
0.9998855691207181 0.004079988100603844 0.0145671672344543 159.7183300469529 -0.003740485905549599 0.9997225067777953 -0.02325764835728939 0.4499596100248098 -0.014658015872825787 0.023200498680413576 0.999623368790292 0.8982032221318298
0.9998839312227524 0.005294708673181876 0.014286012130756223 161.0873304507215 -0.0049705010437489355 0.9997314414049652 -0.022634910773514094 0.4621760145858416 -0.014402020757798959 0.02256127492889057 0.9996417211539717 0.8824803024889094
0.9998866936798411 0.006568062816419036 0.013544753701529525 162.4209776087348 -0.006287690102369526 0.999767212060587 -0.020639443834019017 0.4612274755825319 -0.013677161809823282 0.02055194004079992 0.9996952300603356 0.8731403867595896
0.9998892854452118 0.00813157452894378 0.012461715272946856 163.76716826632548 -0.00789329611800864 0.9997873323166333 -0.019052191883960175 0.49907260251940555 -0.012613989387073145 0.018951718520230323 0.9997408262329155 0.8608917677410246
0.9998978690263487 0.00855819050549982 0.011445911577429331 165.124073054171 -0.008356068166177294 0.9998103368342705 -0.01759165950513732 0.4964168542868707 -0.011594293482957749 0.01749422003445888 0.9997797380543461 0.8413730179828293
0.9998828611883492 0.008988929983941142 0.012388020000958124 166.47753392405525 -0.008770507271077156 0.9998070851039005 -0.017574719862622077 0.4978949640566832 -0.012543608093699253 0.01746401196132962 0.9997688063658549 0.8495109748759585
0.9998890251268326 0.008443468375820872 0.012273763591452139 167.79781025237938 -0.008222547351625266 0.999805257169592 -0.017939828625055637 0.46750474710361134 -0.012422847739653884 0.017836916152535957 0.9997637307265176 0.835782357061765
0.9999140961808495 0.007898692471183124 0.01045996730782102 169.1872162093491 -0.007728235758214247 0.9998382964795428 -0.01623746485605262 0.46358173878256337 -0.010586530635693078 0.01615523290243011 0.9998134495089411 0.8295369837179127
0.9999403636809157 0.0068717590484093476 0.00848810987551589 170.61374059897025 -0.006764227927021906 0.9998973230016358 -0.012632841118043034 0.46369990202845196 -0.008574048182132116 0.012574672232031582 0.9998841749502926 0.8506894995397142
0.9999555421833448 0.006879279327726501 0.006448966796615432 171.95582721874436 -0.006835860462371344 0.9999539831302682 -0.0067307231149616314 0.46956435328890755 -0.006494972559735854 0.0066863396445593 0.9999565531529886 0.841137923298946
0.9999470378830002 0.007063915387239336 0.007484819865280408 173.32188805514946 -0.007031441199935704 0.9999657908464622 -0.004356141809146629 0.4645505904671495 -0.007515335233083061 0.004303282027879635 0.9999625000469382 0.8461515661102557
0.9999163538356473 0.008183524161526885 0.010015750811721354 174.67967929782083 -0.008183808803441306 0.999966511997066 -1.2565450460721674e-05 0.4854700807768123 -0.01001551823389623 -6.940259025705235e-05 0.9999498410309323 0.869113368828915
0.9998858787097998 0.008020874954241536 0.012802153010330015 176.05688580203613 -0.00805598946341956 0.9999639219894326 0.0026936505484783106 0.4828230526665025 -0.012780085699898651 -0.0027964771553626736 0.9999144209006203 0.8777406098761051
0.999882686730648 0.0069104217024166985 0.013669632335791094 177.4643797339156 -0.00691071515930474 0.9999761203908725 -2.5768325222134746e-05 0.46097429709071286 -0.013669483980307845 -6.870163314941655e-05 0.9999065658789313 0.8782513847335789
0.9998916801979809 0.005926372516765798 0.013472415509146683 178.86212371028083 -0.005893944014891479 0.9999796403636537 -0.002445461536682843 0.47449258852987386 -0.013486633931708012 0.002365790982017078 0.9999062524748116 0.8664595569924731
0.99994431709423 0.0036376543043558545 0.009906067944243147 180.19735249628988 -0.0035888448285734 0.9999813553723201 -0.004940556702841553 0.4585546620697382 -0.00992385528665056 0.004904730257575023 0.9999387284815756 0.867360786082883
0.9999800718763986 0.0019979659325845642 0.005988654456945889 181.61814593847188 -0.00198613929115472 0.999996067143883 -0.0019801382483896767 0.4750562156344372 -0.005992587153191666 0.001968204486031826 0.9999801073372973 0.8846539319541397
0.9999828247776921 0.0008961571576046461 0.005791981696822648 183.0099643373753 -0.0009042486866126502 0.9999986187745962 0.0013945548438546857 0.47724373394988223 -0.005790723956485398 -0.0013997682839074583 0.999982253924944 0.8964050406820767
0.9999734395185086 0.0008284399985344757 0.007241128689133552 184.33718076463427 -0.0008630625627645418 0.9999882053930997 0.004779560408711117 0.4934702188736798 -0.007237083703849162 -0.004785683008369095 0.999962360220427 0.895256917581692
0.9999510830487828 0.0016550491528138432 0.00975152920664314 185.7906496995822 -0.0017266565413710953 0.9999715758327256 0.0073393585417002504 0.5117731769820092 -0.009739105028409151 -0.007355837064349522 0.999925517973378 0.8955350281700761
0.9999261977012471 0.001870049798838176 0.012004251933226767 187.15640225032155 -0.001986839195739282 0.9999507424526759 0.009724460825797927 0.5195545571108989 -0.011985475407207983 -0.009747593656491317 0.9998806592774815 0.9058334855013915
0.9999210051932759 0.002124372773436909 0.012388317625424042 188.6139197133972 -0.0022096090008125228 0.9999739548854166 0.006870748058419017 0.5223564751158907 -0.012373398940163541 -0.006897578643134153 0.9998996561693225 0.8854541470498895
0.9999136123322934 0.001828255911521152 0.013016349446222668 190.01503071700387 -0.0019064118073786318 0.9999802151853421 0.005994566864886385 0.5120151628199767 -0.013005132317853614 -0.006018863530509262 0.9998973146354562 0.886646204003682
0.999903069431372 0.0022444845308766475 0.013740961789900585 191.38506679373498 -0.0022769308116485495 0.9999946557030038 0.002346092817842845 0.5221867080125844 -0.013735622585082116 -0.0023771526290130678 0.9999028361883863 0.8809327505456133
0.9999020521142662 0.002688801132057268 0.01373522938110617 192.8325725779004 -0.0026984793867580906 0.9999961236991072 0.0006861455816228428 0.5299544064510636 -0.013733331230207634 -0.0007231426084711263 0.9999054318674788 0.8809040586566156
0.9998933137682087 0.002711679777521752 0.014352974410020666 194.19140236086633 -0.0026990034891855824 0.9999959504479766 -0.0009024787050863121 0.5117534023785539 -0.01435536352015833 0.0008636436950211574 0.9998965834813979 0.8854189686105525
0.9998680757093289 0.003410515850585772 0.01588079213882309 195.652556068259 -0.0033158473419296892 0.9999765998784858 -0.0059837155570473324 0.5176873639676751 -0.01590082808311001 0.005930267877215637 0.999855987424777 0.8771401826733279
0.9998536707406724 0.0038467204519215016 0.016668528674352912 197.06662320672638 -0.003687448106184601 0.9999473549232706 -0.009575495204884116 0.5105837591608328 -0.01670448541162379 0.009512629695269965 0.9998152179495037 0.8792211372016516
0.9998924616815106 0.003954022054918735 0.014121996391373641 198.48623736707265 -0.0038620590888396315 0.9999711992903666 -0.006533382690473938 0.5116226576818731 -0.014147422807107488 0.0064781401169694925 0.9998789347358717 0.8966788715998215
0.9999571471451634 0.004109392175432375 0.00829558733631307 199.93208161388205 -0.004099582044477257 0.9999908775949007 -0.0011992306036821647 0.5310658715603626 -0.008300439769464164 0.0011651707723348476 0.9999648719213614 0.879197993865785
0.9999572629956395 0.005419179156201393 0.007490305704224215 201.38355626429987 -0.005490328408438929 0.9999396953508334 0.009511149018392128 0.5355424062595907 -0.007438311383454574 -0.00955186677857085 0.9999267139969845 0.8738786279092249
0.9999221429030414 0.006066811215858564 0.010904216334099114 202.7967085989774 -0.006230096366361627 0.9998680326931211 0.015003436194869085 0.5332792759503427 -0.010811754319052428 -0.015070202389443642 0.9998279826892653 0.8661029962241615
0.9998912203816516 0.007060730555129986 0.012949652030821367 204.23260976527118 -0.007277868090385537 0.9998324147436876 0.016798067265775478 0.5206497738939012 -0.012828875233256036 -0.016890485837726028 0.9997750404208015 0.8609190679372879
0.9998825345871801 0.007239846440263041 0.0135093171936218 205.70271823804 -0.007438570419180245 0.9998640097908574 0.0147183421303909 0.552836559816084 -0.013400921521871981 -0.014817103241516328 0.9998004144597535 0.8554213633484914
0.9998822487830299 0.006024599806807725 0.01411356672704988 207.1568473958022 -0.006195957779970597 0.999907241186355 0.012129267508025163 0.54345353129377 -0.014039183586658413 -0.012215286335580737 0.9998268290578924 0.8652802470119437
0.9998966488862371 0.004362650767871452 0.013698862155332872 208.58813255872076 -0.004514562549393622 0.9999284446504925 0.011078100190674085 0.5107090871582505 -0.013649552046160092 -0.011138799626736773 0.9998447963918272 0.8664242962651556
0.9999054408684382 0.003908339062331205 0.01318462011087273 210.0923722290661 -0.004049649126610429 0.9999344654814202 0.010708178385598809 0.5266357669838121 -0.01314190487127026 -0.010760558914866743 0.9998557399486159 0.8527858197891935
0.9999068095382336 0.003980020110970711 0.013058777851963126 211.54441331562944 -0.004133996758005163 0.9999220051613149 0.01178531565042401 0.5367876960719707 -0.013010853541388312 -0.01183820231672001 0.999845275358159 0.8564955581257134
0.9999009134091943 0.0036051997426552805 0.013607567683999249 212.98835070368233 -0.003778987697087537 0.9999113525961405 0.012767388195799655 0.5310763814839885 -0.01356033242381334 -0.012817545949694958 0.9998258987945767 0.8425780535901114
0.9999018689024182 0.0032159713552262067 0.013634885173468014 214.43160284138503 -0.0033877819656124835 0.9999149219959622 0.012596495669928999 0.5450151654328946 -0.013593215175401444 -0.012641451580077095 0.9998276942569374 0.8515703886025249
0.9999090347884008 0.0030660921599464895 0.013134733624843938 215.88151049940433 -0.003239281798068307 0.9999078310697384 0.013184703972567206 0.5463572780946134 -0.013093097493014962 -0.0132260517267339 0.9998268061788302 0.8545308788168262
0.9999126828192392 0.0029699401015638683 0.012876575360891132 217.34425923957133 -0.003137247012073694 0.9999106729630004 0.012992450725900334 0.5581189079706577 -0.012836838334138997 -0.013031713259308473 0.9998326810177343 0.8523198894580356
0.9999172380107507 0.0020527776403525305 0.012700520970061127 218.8445853583223 -0.002222281646135736 0.9999084614960242 0.013346538612649964 0.5327413381030319 -0.012671960907331668 -0.013373658161212918 0.9998302689327575 0.8532520536966992
0.9999230228913928 0.0020479259132487725 0.012237413582651077 220.30795953728835 -0.0022217737139841928 0.9998965703324856 0.014209586865786808 0.5472318692231056 -0.012207047689873986 -0.014235681816700466 0.9998241512135575 0.850944883918028
0.9999207746796751 0.0021154843770544453 0.012408428178010618 221.7917030624657 -0.00226953838760086 0.9999203632782084 0.012414358504684895 0.5623045612575951 -0.012381177630000122 -0.012441536377235517 0.9998459454401304 0.8491512878819687
0.9999244288068961 0.001483654269166332 0.012203911062124486 223.2863410863597 -0.0016668166817986494 0.9998859235609805 0.01501204805329498 0.5545821137901605 -0.012180246194225204 -0.015031255257454194 0.999812833968455 0.8575974560072446
0.9999263737703276 0.0011084989791237591 0.012083801907376433 224.77720440777702 -0.00127356685679934 0.9999058712764207 0.013661135179889206 0.5535543989946327 -0.012067521120126327 -0.013675518891626225 0.9998336637246519 0.8430450115789916
