1.0 8.809142651444726e-20 8.673617379884037e-19 -5.551115123125783e-17 -8.809142651444726e-20 1.0 1.7347234759768075e-18 0.0 -8.673617379884037e-19 -1.7347234759768075e-18 1.0 -5.204170427930421e-18
0.9999993011580781 -0.0003480319849955573 0.0011298482609536818 1.3160940844717768 0.0003481171165631284 0.9999999365833229 -7.515200288644408e-05 -0.058402083065748844 -0.0011298220340017183 7.554526988583102e-05 0.9999993588973364 0.018140396604628333
0.9999976844684006 0.0012037922336848642 0.001783799903291163 2.5652097675998258 -0.0012028053760217308 0.9999991230587825 -0.0005542029350592417 -0.11574037075546209 -0.001784465484192614 0.0005520560876714074 0.9999982554569841 0.031373844761168695
0.9999987270728992 -0.0005735332616442017 0.001488929877221323 3.9300425622404482 0.0005757026041987483 0.9999987729141022 -0.0014569614962159014 -0.02159243136355068 -0.001488092434297453 0.0014578168224179133 0.9999978301731556 0.05594745017455692
0.9999988923303152 -0.000225365553486499 0.0014712404663124793 5.250775577869881 0.00022840710078910346 0.999997836645616 -0.002067494687775423 -0.029207618956294777 -0.0014707713414133258 0.002067828439443708 0.9999967804534203 0.06195717798780813
0.9999982910819337 -0.00034634134835229385 0.0018160068509378744 6.569318236446971 0.0003506549008363992 0.9999971169803453 -0.002375515131067262 -0.03011677246003891 -0.0018151788762409051 0.0023761478632087713 0.9999955295134971 0.06810735181318447
0.9999964833596344 -0.00018389378521472229 0.002645647640946778 7.905327489352325 0.00019293565497601972 0.9999941407255925 -0.003417790268132125 -0.02763082976124229 -0.0026450036289817876 0.0034182886887533493 0.9999906595854998 0.0933140699960898
0.9999952866012287 -0.00022317973621544348 0.003062183229651849 9.226454819280296 0.0002342340972823133 0.9999934562175503 -0.0036100770720572948 -0.022080879260708248 -0.0030613574953423134 0.003610777324048969 0.9999887951259264 0.10007916270014104
0.9999958023268685 -0.0006552983927053687 0.002822394844653389 10.557298015107065 0.0006646987930626988 0.9999942312986883 -0.0033309975773138114 -0.014016957520313683 -0.0028201957657420272 0.0033328596373215676 0.9999904692258226 0.11535555032793543
0.999999814455931 -0.00044268548070172415 0.0004184706308295213 11.875495727820999 0.00044271997947720843 0.9999998986086531 -8.235109791733545e-05 0.007212418150458682 -0.0004184341327648525 8.25363479466703e-05 0.9999999090503099 0.14256693838365497
0.9999998367141011 -0.0005418640298265442 -0.00018153551802748777 13.216069143722557 0.0005421985729993537 0.9999981456417787 0.0018478998109670664 -0.00023501442504819656 0.00018053387095732113 -0.001847997937529908 0.9999982761540863 0.14624566234547248
0.9999997008884092 -0.00047143562952574363 -0.0006131651812736016 14.556859876103154 0.0004748783723980864 0.999984057054736 0.005626733233593274 0.022466913543002173 0.0006105027630905263 -0.00562702272945544 0.9999839818224984 0.15450051069742762
0.9999999025581218 -7.879821491569592e-05 0.0004343668820272887 15.911809834422566 7.61908504535563e-05 0.9999820003574815 0.00599942963988652 0.04047925543290372 -0.0004348318079248258 -0.005999395960508679 0.9999819089210604 0.17997484627932192
0.999994981651573 0.00031945207217630304 0.003151923546662639 17.24891721739715 -0.0003346034577331674 0.9999883870953857 0.00480767250291224 0.0348303828668901 -0.003150351122731739 -0.004808703020853722 0.9999834756950041 0.20168293617205393
0.9999852610836345 0.00023124564279748187 0.005424402358598143 18.61780906991452 -0.0002297519765738016 0.9999999355239703 -0.00027598203637565745 0.0318129218510111 -0.005424465828497619 0.00027473170153588544 0.9999852497376986 0.21709105323634778
0.999993052177037 0.00012561577112848172 0.003725562820798514 19.94684143980782 -0.00011874058263215405 0.9999982898787706 -0.0018455731381825562 0.02708368500263694 -0.0037257882827273696 0.0018451179399671528 0.9999913569833792 0.23970991818652237
0.9999987902533125 0.00025389777804658956 0.0015346099927440583 21.305201270192075 -0.0002495125922754872 0.9999958875220099 -0.0028570408702151863 0.04341032651204916 -0.0015353290780229757 0.002856654509402036 0.9999947411309902 0.23614463227697627
0.9999998255221226 0.0004542711745095494 0.0003776154449841887 22.660177519159404 -0.0004539669786323234 0.999999572730002 -0.0008052662888027687 0.045823451977061766 -0.00037798109290324564 0.0008050947233589716 0.9999996044763118 0.27989178387939784
0.9999975171199205 0.001177425265353459 0.001891936504956413 24.02402806755153 -0.0011804272314705141 0.9999980449873214 0.0015863836504322229 0.04636421408059886 -0.001890064958005996 -0.0015886130050025225 0.9999969519769422 0.26037582201203935
0.9999802255372218 0.0020351363464000266 0.005950357516880526 25.414689282051825 -0.002045408912822372 0.9999964275642262 0.0017208024769558069 0.05967253583195579 -0.005946834191944637 -0.0017329393633107846 0.9999808158581127 0.273484157537639
0.9999733673838312 0.0021114604855750467 0.006986147554907715 26.785448566731322 -0.002114442379473 0.9999976765860371 0.000419471037419667 0.04859991720662382 -0.0069852456266745865 -0.00043423167226788213 0.9999755085932804 0.2954704536176313
0.9999752746061302 0.002205375868254244 0.006677311859879464 28.152654798507317 -0.0021797613973636347 0.9999902480320042 -0.003840895877413479 0.05245896358568459 -0.006685717362028434 0.0038262459631197734 0.99997033007244 0.31247170121601386
0.9999893754045671 0.001988260397332178 0.004158833800016563 29.51374598469773 -0.001970681285327654 0.9999891253621429 -0.0042267685917265685 0.05482233368645714 -0.004167192490804698 0.004218527948081812 0.999982419109804 0.3044764654234703
0.9999939467062141 0.002712933705952525 0.00217865592430141 30.906109325464993 -0.002704092387953864 0.9999881389926938 -0.0040508959856208684 0.05299171214855331 -0.0021896198955062727 0.0040449801774564975 0.9999894217940893 0.34298979300206583
0.9999942393818146 0.0031223776447889045 0.0013311502654717643 32.28764046974799 -0.0031200003511835193 0.9999935410114215 -0.0017842458482770546 0.060158151634849354 -0.0013367127569368711 0.0017800823806222237 0.9999975222497921 0.32877781004444995
0.9999927455558364 0.0036916738438249916 -0.0009382856341120742 33.667622437479785 -0.0036917337725788438 0.9999931835965477 -6.214655063010392e-05 0.06558621892886679 0.0009380498135831934 6.56100005551995e-05 0.9999995578788399 0.3674257396990299
0.9999919122487375 0.003970309667969477 -0.0006419332160201711 35.062478622412314 -0.003970107844623175 0.999992069361765 0.00031536847809934804 0.07733966815456705 0.0006431802355976344 -0.00031281738338089524 0.9999997442322018 0.36467179338153194
0.9999933602817844 0.0034711140028704864 0.0011093961981435772 36.45707280467672 -0.003471326711792927 0.9999939569026296 0.0001898659572617078 0.07360314258988762 -0.00110873044757141 -0.00019371577326183015 0.9999993665952963 0.3932345615359048
0.9999918333175168 0.0032306607960276654 0.0024281946159149213 37.85763412209157 -0.003234363386333957 0.9999936104907188 0.001522455655074166 0.08396678666553715 -0.002423260563144348 -0.0015302968854228449 0.999995892991409 0.39742561689536704
0.9999916523303766 0.0028649180033994215 0.0029133338973140574 39.252617005707464 -0.0028759266815459985 0.9999887142877338 0.003781579417033951 0.08147409096910337 -0.002902467103312812 -0.0037899263843458606 0.9999886060064461 0.4099059070636537
0.9999890289597235 0.003364736157923433 0.003258912514457844 40.6495972337453 -0.0033835827752274447 0.9999774846739065 0.00579495581091467 0.09710759158589208 -0.0032393406416293172 -0.00580591903447096 0.9999778987439536 0.43139576360393866
0.9999868771996855 0.0033260620055568972 0.0038965035552756787 42.074279809554675 -0.003361480950793695 0.999952771725869 0.00911892337775131 0.10227568518288549 -0.003865989425559295 -0.0091319017344165 0.9999508300393947 0.4525904192094109
0.9999878530314931 0.0029343287761656577 0.003960240409180354 43.46654225621896 -0.00297276653577137 0.9999481930863982 0.009735183735875652 0.09990578575639177 -0.003931469011570193 -0.009746838353067423 0.9999447698215789 0.4583376558965544
0.9999892871507828 0.002586795242811588 0.003838498930691602 44.889098528204386 -0.002620838918843165 0.999957042919725 0.008890642192824361 0.10759466826218687 -0.0038153357690549625 -0.008900607036102601 0.999953110104348 0.4675449723819422
0.9999927954030304 0.0017556765400956328 0.003365522532925227 46.286549815398075 -0.0017843179846430306 0.999962059131601 0.008526224640389081 0.10167716771379987 -0.0033504255495009944 -0.008532168374760094 0.9999579874932057 0.4878401360938285
0.999992247449582 0.0008985659493727152 0.0038337475097588725 47.72000531896995 -0.0009302652589234051 0.9999653310713346 0.008274736367070578 0.11168634517068814 -0.0038261792015004486 -0.00827823861887951 0.9999584146943746 0.50391234755169
0.9999893145728395 -0.00021510996025794524 0.004617842336813902 49.12318738081796 0.00017672428392562814 0.9999654451878802 0.008311269381491966 0.10945916102839552 -0.004619470604965902 -0.008310364487148125 0.9999547981451063 0.51311542982567
0.9999876710565104 -0.0010644569988342973 0.004850223322078604 50.54304066082674 0.0010206374453103572 0.9999587251882571 0.009028079479096193 0.12586857173978055 -0.004859633132411631 -0.009023017852873844 0.9999474831783143 0.529511613998656
0.9999844262362856 -0.002355255056885552 0.005059650037656019 51.998130882487324 0.002309198501333104 0.9999560246650924 0.009089353016925926 0.1281888107990593 -0.005080835282508031 -0.0090775277252055 0.9999458903376873 0.5318171381747402
0.9999745090079776 -0.0033533623821449805 0.006303673134624399 53.3982869160898 0.0032934505161633606 0.9999495381259498 0.009490752625428756 0.14080214997712107 -0.0063351809722969835 -0.00946974986119034 0.9999350925533191 0.5524616998790259
0.9999645177839409 -0.004343543470881416 0.007217811527545754 54.857680958113264 0.0042825132273388005 0.9999551315286129 0.008449556796202436 0.14236816897511775 -0.007254188692629738 -0.008418346613863436 0.9999382521869541 0.5644836415532419
0.9999589654498086 -0.004769699730734127 0.007701777783552145 56.2564141026372 0.004727396180137582 0.9999736917481546 0.005501594034707281 0.15008480701381222 -0.007727816114828509 -0.0054649589243964975 0.9999552065377979 0.56018627446659
0.9999602383673138 -0.005205087262602128 0.007240770053910876 57.68993277515622 0.005184450464146998 0.9999824537773009 0.00286593979582025 0.16371600541265 -0.007255560472473604 -0.002828286427708008 0.9999696783593557 0.560342553584252
0.9999584630490612 -0.005368435003390128 0.007365601277141036 59.14499982636467 0.0053455957095150134 0.9999808542873561 0.0031169961886435876 0.17086721236325395 -0.007382193648900082 -0.0030774931915407396 0.9999680156147925 0.5862976592670268
0.999951894480902 -0.004946218431259397 0.008470162175856681 60.539710579807064 0.004923541269617479 0.9999842448712688 0.0026960620550416136 0.17894209532934796 -0.008483364039189693 -0.002654229166543752 0.9999604930206544 0.6080434343958736
0.9999471527064572 -0.004290146689052122 0.009342720997419451 61.992448664261836 0.004285201036994052 0.9999906676102261 0.0005493127768121075 0.19995757210236859 -0.009344990439896249 -0.0005092483094120565 0.9999562049509156 0.6096804644353371
0.9999490765044979 -0.00376824602770447 0.009361875863111773 63.384426779759565 0.0037813685096033302 0.9999918923274976 -0.00138438848055427 0.21157160615524914 -0.00935658324369562 0.0014197186852332939 0.9999552183717322 0.6230804820505661
0.999961327604964 -0.003412898596281604 0.008105270981846593 64.80105527915069 0.0034355416365644165 0.999990230550471 -0.002781340913901122 0.21347768926891106 -0.008095699363309982 0.0028090793487203416 0.9999632836884719 0.6233819417055424
0.9999619438699756 -0.0027896505287144115 0.008266115273047435 66.26062483224192 0.0028084803735345656 0.9999934860449943 -0.002267224199621468 0.21660663093590793 -0.008259736664757286 0.0022903531403522612 0.9999632648416248 0.6416102388123126
0.9999645270601836 -0.001958536172171618 0.008191993491542326 67.60907191020341 0.0019662513583741654 0.9999976308888637 -0.0009338480901141164 0.2319466208840147 -0.008190145108535515 0.0009499224821075557 0.9999660090074957 0.6529696860914516
0.9999532705146247 -0.001483715636574486 0.0095527679243024 69.08888225414235 0.001466680043842335 0.9999973222396363 0.0017900735196742477 0.24913925249643137 -0.009555398304350848 -0.0017759790163818581 0.9999527690155063 0.6597455886347057
0.9999436944076 -0.0006186255490585244 0.01059364511915177 70.44486639348835 0.0005684384349002872 0.9999886053822122 0.0047398294783913145 0.26538937306292404 -0.010596456588228168 -0.0047335407644332386 0.9999326520819317 0.6607981339457963
0.999930908325792 0.000270640854482268 0.011751822338874486 71.90904976789533 -0.00037705123002680613 0.9999589449018711 0.009053526556360597 0.2843619060435839 -0.011748889612491879 -0.009057332072121262 0.9998899581096956 0.6840587640495206
0.9999356840862974 0.0006616188389783465 0.011322100131174418 73.26849667987658 -0.0008098498687198418 0.9999139601198102 0.01309261244781868 0.2840312118172699 -0.011312463659988716 -0.01310093958579121 0.999850185551771 0.6792858986336109
0.9999395892743764 0.001313276331653649 0.010912978835683658 74.65870266643505 -0.0014951720791257768 0.9998598207624332 0.016676429035279133 0.2994774857777988 -0.010889548303082357 -0.016691738381355507 0.9998013820792424 0.6867138003686094
0.9999372972597571 0.002063807528109237 0.011006463888966424 76.11558914081138 -0.0022581092841009436 0.999841317910581 0.017670312427728176 0.3113954589287495 -0.010968249236467022 -0.017694058249010804 0.9997832854230797 0.6862731214129589
0.9999299278314631 0.0024690834938636288 0.011577696388539135 77.49782546759775 -0.0026864575265483385 0.9998197035055494 0.018797431421161383 0.3155682270470552 -0.011529196542817446 -0.018827217233981862 0.9997562770587147 0.6966909883112594
0.99992982435107 0.002510691384500186 0.011577685520430885 78.89513261780476 -0.002715153907991774 0.9998400403402856 0.017678282484221916 0.31761229902120136 -0.011531448846268859 -0.017708477097362917 0.999776692830153 0.7089328856209324
0.9999414882718619 0.0022501722606937274 0.010580962028619334 80.27748545229642 -0.0024268012518657415 0.9998574332329252 0.016709992356390625 0.3193689678800904 -0.010541853173793615 -0.016734692517757672 0.9998043905674742 0.7090903086428295
0.9999400094696451 0.0020490886589006546 0.010760050999597384 81.65101794875035 -0.0022260276641176448 0.9998620813032768 0.016457921275723243 0.32089910549937417 -0.010724843247551684 -0.016480886127489793 0.9998066603747787 0.725801477895437
0.9999342326982938 0.001639460692347187 0.011350878675795232 83.05692613211626 -0.0018207794599970227 0.9998706198916414 0.01598212250181292 0.3286594535266886 -0.01132320803626019 -0.016001738847486246 0.99980784619527 0.72981265496756
0.9999445827488964 0.0013196492571788897 0.010444613778088424 84.42546534604746 -0.0014862405112932799 0.9998715534500221 0.015958311019093167 0.341077695561712 -0.010422212830200601 -0.015972949861486042 0.9998181046332599 0.7227450122246123
0.9999416422287523 0.0004950322231359427 0.010791991473493107 85.81947264365114 -0.0006716673275673066 0.9998657808423769 0.01636976369607078 0.34100824184781303 -0.010782439420973781 -0.016376057021217756 0.9998077634008304 0.7307595488590454
0.9999377940574514 -0.0004880449034332734 0.011143151604916742 87.18003539437572 0.0003125223146689496 0.9998759449425096 0.015747922247911755 0.3533722548477299 -0.011149454933796526 -0.015743460150032865 0.9998138992418457 0.7352802566215615
0.9999209852609711 -0.001702359610871817 0.012454926996341436 88.54314036244544 0.0015198869542551777 0.9998915942649922 0.014645465573294842 0.3514436720804647 -0.01247850865990032 -0.01462537828459667 0.999815175485778 0.7414469960295721
0.999907601564743 -0.0027633853876594568 0.013309847265933143 89.94161792646368 0.0026079503478106995 0.9999283688139344 0.011681431251671735 0.35343808827431794 -0.013341174162214952 -0.01164564048489602 0.9998431837691698 0.7534658275542031
0.9998993071760456 -0.0037372241623797094 0.013689728427698536 91.29597281775276 0.0035859887467130794 0.9999324582117614 0.011055301863476995 0.36349267079708025 -0.013730119940206616 -0.011005097461825408 0.9998451738325707 0.7611192192675913
0.9999030255326952 -0.004015112157693924 0.013334856764260121 92.67053778067901 0.0038804563446485692 0.9999413774072777 0.010108600664448266 0.375835720268196 -0.013374662205808121 -0.010055875058747782 0.9998599890923145 0.7665598887390301
0.9999017988897868 -0.0044720951658145285 0.013281300455759771 94.0298552096699 0.004357392607914587 0.9999530698944368 0.008652811008700132 0.38776790169298053 -0.013319373357210078 -0.008594089452623193 0.9998743600672294 0.7803997317905658
0.9999049008919568 -0.004535930970324111 0.013023613265087218 95.40553618358125 0.004425819023093493 0.9999543243891598 0.008471201886040934 0.40359163924057423 -0.013061443190586747 -0.008412756126959482 0.9998793048344022 0.777946126011306
0.9999158746852251 -0.0043838166338834176 0.012207608455444231 96.77360212584583 0.004286680151659448 0.9999590359566556 0.007971874429103383 0.4037605076891362 -0.012242055618167864 -0.007918873679792507 0.9998937061077469 0.7723635425262516
0.9999223207941298 -0.004279004164749659 0.011706515324360029 98.10989201165947 0.00417139522404789 0.9999489669072028 0.009201252257311908 0.4182325964529049 -0.011745290101407098 -0.00915170500922927 0.9998891410830792 0.7806196542046201
0.9999226905009465 -0.003917055433201404 0.011801258326200437 99.44960686331976 0.003793490091236715 0.9999379423301179 0.010474775488634208 0.4409652921812977 -0.011841556243846358 -0.010429197732463919 0.9998754969396845 0.7799788278966124
0.9999064257297914 -0.003966448769561074 0.013092252229154062 100.77390294769467 0.0038191178245585563 0.9999293201529647 0.011259175701277279 0.44537599581445186 -0.013135985814375759 -0.011208121278275902 0.9998509008317671 0.7819245956622445
0.9998912860110378 -0.0038267331424013526 0.014239812942929054 102.12606363254062 0.0036576024726411452 0.9999226878205352 0.011884457324954573 0.46449189810789066 -0.014284190678680125 -0.011831081743162122 0.9998279789050923 0.7715802567783218
0.9998991785096482 -0.003637522582807358 0.01372593330853102 103.47269578403295 0.0034942125422021877 0.9999392879682127 0.010450399816925724 0.4726191318747381 -0.013763113544565116 -0.01040138486372131 0.9998511828759699 0.7928735305884085
0.9999258214482623 -0.0034660091333105366 0.01167640277251158 104.7983880084601 0.0033438256308699027 0.9999396237339632 0.01046745990823565 0.4860175567631196 -0.01171197810655594 -0.0104276395923522 0.9998770393910261 0.7962048053744113
0.9999377208881316 -0.0035210812650868194 0.01059038865073288 106.0997343966646 0.0034230867041164506 0.99995129313714 0.00925709623896263 0.4920007990248994 -0.010622467814261353 -0.009220267896648638 0.9999010700251545 0.7992884162704025
0.9999290505274829 -0.0031750968348983125 0.011480969963180728 107.4667093150992 0.0030794848254671156 0.9999605133349646 0.008335978891760729 0.5028014735283125 -0.011506984158160519 -0.008300031985672187 0.999899344326528 0.801958604630812
0.9999095407035503 -0.002696135806578908 0.013177301003144576 108.7957134555033 0.002623149640335104 0.9999811418576585 0.005552928508233747 0.5084530864770342 -0.013192023953109007 -0.005517860161840671 0.9998977566347746 0.7894294713272784
0.9998936092125672 -0.0018610718009741964 0.014467434728301842 110.15541908007653 0.0018036348260436084 0.9999904447594585 0.0039821214440005194 0.5223371437509301 -0.014474707502410476 -0.003955603813844962 0.9998874116825293 0.8051277821883138
0.9999069152310511 -0.0012260314116143 0.013588882224133436 111.47840302173132 0.0011812268244466304 0.999993841857252 0.0033046861821717476 0.530289008075053 -0.013592850190921782 -0.0032883270140246393 0.9999022058827233 0.8091419625216889
0.999936304068037 -0.0005433056618196106 0.011273536521962373 112.78599935747317 0.0004903128407006299 0.9999888212402799 0.004702870165505591 0.5435078150846284 -0.011275965593794122 -0.004697043052090672 0.9999253924101009 0.8105283343295012
0.9999538260278105 0.0005066392918127202 0.009596308090692436 114.14626829833809 -0.0005806219982899029 0.9999701221988991 0.007708280457660291 0.5416833558442609 -0.009592116056355836 -0.007713496363312633 0.9999242437722042 0.8223387183837032
0.9999585198462082 0.002027134090222462 0.008879713641803042 115.44981079862708 -0.002120219104370135 0.9999427721294288 0.010486044872229691 0.5576876406815872 -0.008857948855667942 -0.010504436847980412 0.9999055923178832 0.8184485722585025
0.9999315218865658 0.003479382035984423 0.01117342553849294 116.81061278189787 -0.00360577555803627 0.9999295180102113 0.0113118254270251 0.5675944554599323 -0.011133279851043251 -0.011351339679266596 0.9998735905939532 0.8252534939057721
0.9999036219378007 0.004337332205085465 0.013188418594003664 118.11575319535692 -0.004496894777610779 0.9999167627481419 0.012093201091326831 0.5706504860128486 -0.013134868595727558 -0.012151342502740182 0.9998398972347294 0.8105966309461996
0.9998886454711069 0.005240615151373004 0.013972566363785724 119.47882646781123 -0.005406353590398117 0.9999151656571992 0.01185043583971924 0.5652244404702917 -0.013909277436689007 -0.011924656874347057 0.9998321531935338 0.8198352030202937
0.9998867668803841 0.006238224871695581 0.013694450260689885 120.78686148074303 -0.006401445215544595 0.9999086132409155 0.011907420618318234 0.5648840070756872 -0.013618917601804184 -0.01199373657703585 0.999835324124066 0.8254450206985035
0.999880563635092 0.007639626547031665 0.01343482679428675 122.11456315355022 -0.007823245652091946 0.9998759785342998 0.013668371429817711 0.5620843205586491 -0.01332873933414637 -0.013771842879524935 0.9998163236572326 0.8254950667906603
0.9998769112962085 0.008667736877613455 0.013077943040652032 123.47648516675936 -0.008865009831427694 0.999846649746098 0.015102602166256278 0.5627483452751871 -0.012945032153021849 -0.015216679300161986 0.9998004194906268 0.8166063169739268
0.9998746589018834 0.009906062166162678 0.012350563477120796 124.80015101826646 -0.010107295402417659 0.9998154241982276 0.016338914130582242 0.5632788862186893 -0.012186429562859523 -0.016461696986592653 0.9997902297316329 0.8230099302123519
0.9998681181757256 0.010920194889582891 0.01202063223406736 126.15420674252898 -0.011123510726243409 0.9997939686950741 0.01697903619397991 0.5536005317559437 -0.011832741223246597 -0.017110508599304106 0.9997835849475709 0.8207784202642546
0.9998646150366178 0.011794964969796637 0.011473029200576806 127.4792757683265 -0.011988726073175795 0.9997841410690858 0.016968845390675565 0.5480047476398697 -0.01127040570779831 -0.017104095068478976 0.9997901919338228 0.8260822514374413
0.9998400326025036 0.012775897740911252 0.01251741356424239 128.79905364686203 -0.012978283120256194 0.9997841702096166 0.01622273606759207 0.5434871653252937 -0.01230745191641933 -0.01638259549589314 0.9997900465558471 0.826092206131592
0.9998142641345649 0.013687889923679489 0.013567568039106215 130.1716635305832 -0.013899798062380262 0.9997809209355843 0.015649464751869804 0.5336203968989006 -0.013350387518105715 -0.0158351445409317 0.9997854846668282 0.8322494256635017
0.9998033723323777 0.014065560957960131 0.013977720405804002 131.49632908547767 -0.014263204829039608 0.9997982579918452 0.014142287809142763 0.5150426243785725 -0.013775981301155394 -0.014338874133267036 0.9998022899692621 0.825999512329612
0.9998028588202394 0.014029513561870502 0.014050489105140652 132.83698135644258 -0.014219784536366487 0.9998072840989236 0.013534858347009925 0.49771125302970204 -0.013857893873734818 -0.013731984996773167 0.9998096775714029 0.8330522380013586
0.9997937968806312 0.013854770360141143 0.014846179888405421 134.1767317970767 -0.01403314787445112 0.9998297727470059 0.011978993672430414 0.4844600051094842 -0.014677686457508457 -0.012184862204312957 0.9998180307702582 0.830803697577747
0.9997982745641767 0.013354781223484083 0.015001999765627438 135.50862188984448 -0.013508522709062328 0.9998567917849542 0.010193906793623671 0.46769051557092806 -0.014863713960977458 -0.010394505277848312 0.9998354986033027 0.8355604561632896
0.9998175264064296 0.012168205868244329 0.01472578203275662 136.86251035666317 -0.012312170654594213 0.9998769047140363 0.009725526888034212 0.4598317300643305 -0.014605627145055516 -0.009905058577603244 0.9998442706093154 0.8338513673578923
0.9998072842291671 0.01113254951508923 0.016169747789980548 138.18928429922727 -0.011247140699529128 0.9999121545886623 0.007013196984555458 0.44354185579568445 -0.016090252589145072 -0.007193708859362388 0.9998446650977663 0.8327767145669441
0.9998195006921315 0.010105480722938976 0.01608866977394684 139.52885207018727 -0.01021213848398162 0.9999263295543386 0.0065610739648498725 0.4259724037380611 -0.016021181708000928 -0.006724189419294937 0.9998490421125243 0.8326092487608932
0.9998309713144603 0.0088566073743125 0.016111775389455785 140.89316067188494 -0.008955729126047588 0.9999413491508182 0.006090416591858312 0.42725305174800804 -0.01605688999164728 -0.006233679832875086 0.9998516477555746 0.8312260500721725
0.9998452522036653 0.007611727881978706 0.01585979963428564 142.21873612462363 -0.007696331115808796 0.9999564417449834 0.005280255681996148 0.4212158678519448 -0.01581891693969003 -0.005401500843481121 0.9998602830673359 0.8205293577767676
0.9998581039351467 0.006639644891099366 0.015481831640133505 143.5663279059203 -0.006713734251925252 0.9999662355537204 0.004738515053873502 0.4111829217577456 -0.015449846847391936 -0.004841783580599014 0.9998689210912353 0.8145303436117104
0.9998955589979892 0.00590057057670556 0.013192966420325178 144.92902444898792 -0.005938997169569124 0.999978230018287 0.0028753786035067203 0.39687835801984067 -0.013175712835302729 -0.002953431286312742 0.999908834761909 0.8169982143502289
0.9999103442978375 0.0047850502345059606 0.012506264847397308 146.22280589375825 -0.004783473718205689 0.9999885469609802 -0.00015596812093831403 0.40645921595179435 -0.01250686792795169 9.613074829647164e-05 0.9999217814476851 0.8345178096305526
0.999873633773803 0.0038345774368862932 0.015427653737738047 147.6054325283394 -0.003685335444540567 0.9999462548585263 -0.009690495192122794 0.39720141122791514 -0.015463983530521272 0.009632414561669599 0.9998340271280428 0.8182571024738625
0.9998508654608147 0.002461989900960356 0.01709343274440896 148.93138780182952 -0.0021771367250493783 0.9998587900071959 -0.01666313659028949 0.38258091724782767 -0.017132043454897737 0.0166234368009077 0.9997150366159278 0.821556684312501
0.9999013040749669 0.0016264358244284327 0.013954813352014666 150.23467710843772 -0.0013747899804934117 0.9998366167782491 -0.018023587376938613 0.3469839859315332 -0.01398184757784485 0.018002623584734027 0.9997401729861496 0.8317878280840291
0.9999380296618307 0.0015859503599581003 0.01101914685770396 151.62988235296893 -0.0013916594797251927 0.9998438318906065 -0.017617466168576547 0.3710643389493841 -0.011045366445183667 0.017601039508057387 0.9997840783330806 0.8352231469753667
0.9999576913777396 0.0026166236110162274 0.008818658366186942 152.94345840135537 -0.002491449393231728 0.9998964190518532 -0.014175466383923196 0.3770312903879237 -0.008854836781229329 0.014152895398435039 0.999860633997268 0.8353634026606184
0.9999540943957953 0.00341301562689906 0.008953235471902736 154.31162512830736 -0.0032832358785039348 0.999889911383019 -0.014470158140969955 0.37867577352119824 -0.009001636698450959 0.01444009829568751 0.9998552165678588 0.8362745864562771
0.9999224707077956 0.004013625006438699 0.011787424991296053 155.64395328470326 -0.0037955790701422083 0.9998223461818171 -0.01846265568678955 0.37932998378652427 -0.011859433086789571 0.018416484186574104 0.9997600646940573 0.8246555077623031
0.9998826387262051 0.004438945848016249 0.014663032894991617 156.98102318430173 -0.004040893767580902 0.9996254918864812 -0.02706560821910052 0.37441952890407504 -0.014777684239431857 0.027003180006604687 0.9995261118740473 0.8131102466003929
0.9998569580514862 0.0045663478327718715 0.016285327859714992 158.3231265808841 -0.004068116578638893 0.9995265838818339 -0.030496861166580926 0.35521736752591093 -0.01641687739891095 0.03042624822388143 0.9994021860870066 0.8170221600264329
0.9998587202289733 0.004459577487382446 0.01620653419809033 159.6640362688445 -0.0039488098666393984 0.9994987010147929 -0.03141263392934104 0.34245734321470833 -0.01633849695403378 0.0313441994374667 0.9993751020907552 0.8183415765847075
0.9998501873075696 0.0055151014467674205 0.016406906992180517 161.02283733957404 -0.005012511649470582 0.9995216550689981 -0.030517794400888306 0.34530440447598637 -0.016567367563439874 0.030430982635511982 0.9993995585489596 0.8014967131336911
0.9998460782025046 0.006706808374642597 0.016212298556861127 162.36157935303095 -0.006249107748022571 0.9995850390655103 -0.02811935861209691 0.34611012605199504 -0.016394162236130935 0.028013718029349984 0.9994730927077264 0.7938441490736071
0.9998654227388207 0.007555729874147854 0.014561845947143628 163.7147584651718 -0.007185849281418371 0.9996543869697124 -0.025287747671813337 0.35177167567824064 -0.014747880573973087 0.025179705285754864 0.9995741505562749 0.7885878205064394
0.9998638408569219 0.008185713453003786 0.014328078800348221 165.060892498098 -0.007838236739252775 0.999677814135819 -0.02414187170560987 0.35195774353105147 -0.014521080939899182 0.024026277695390338 0.9996058604212167 0.7822859597384261
0.9998406693558137 0.008504586194992898 0.015694200067875103 166.408665895071 -0.00814844547754152 0.9997109591018515 -0.022618600486231284 0.3504987273405631 -0.015882025639637025 0.02248711331647851 0.9996209736676566 0.7832802844849123
0.9998488026071887 0.008268397138085207 0.015297239415589131 167.7461796682173 -0.007948041765454186 0.9997502786142064 -0.020885618087843248 0.3436853262858164 -0.015466109952588118 0.02076087713906986 0.9996648365444045 0.7709428102937373
0.9998832934026429 0.007777166519086165 0.013149724530150645 169.1123697142216 -0.007537379471001297 0.9998061843124711 -0.018187405566681893 0.3338673634466732 -0.01328862238889226 0.018086168512740572 0.999748119789947 0.7721019210409804
0.999916924529533 0.007143429061608452 0.010729187324394079 170.5290414599117 -0.00698832668506494 0.9998715374576327 -0.014424696608688893 0.3370644740481319 -0.010830850822672242 0.014348519204143659 0.999838393275186 0.7783539137884323
0.9999370481366557 0.006779386267374374 0.008940899596188797 171.87159838007994 -0.0066958625383998676 0.9999339735700294 -0.009338839613069935 0.34103373792625147 -0.009003620861533793 0.009278384681049103 0.999916419701713 0.7694250355081642
0.9999242114628688 0.007041272529617638 0.010099099540227075 173.23571844772866 -0.006980203196668725 0.9999572176753512 -0.006069561953182342 0.34195523826178786 -0.010141404917119639 0.005998608183066715 0.9999305818936497 0.7769441661726803
0.9998921771050752 0.0076974150144919285 0.012505357498594766 174.5938204250846 -0.007667207039058968 0.9999675763293134 -0.0024617526884608823 0.3498885868629223 -0.012523901161107536 0.002365606090120249 0.9999187746049842 0.7781373883286804
0.9998573595634151 0.007744986867585814 0.015009187362962013 176.0205775345071 -0.007737457870320023 0.9999699088263362 -0.0005596316233843535 0.34651431071178385 -0.015013070058472319 0.00044341884239660896 0.9998871991915635 0.7834001513885269
0.9998444378552154 0.006978675280401217 0.016198709248554342 177.40948338256862 -0.006921921455918044 0.9999697168158495 -0.0035570288989159454 0.34422054674711955 -0.016223042049707707 0.003444349366765622 0.9998624652241392 0.7729416474758223
0.9998564342970074 0.005532945188793771 0.016015533472596023 178.8102753578097 -0.00544640769011198 0.9999703605777038 -0.005441930665671806 0.33620945006077035 -0.01604516868553051 0.00535392226640376 0.999856933805141 0.7644618066408307
0.9999186750024499 0.0033839934994880703 0.012296014368099907 180.14549568916016 -0.003295246079073077 0.9999684287973017 -0.007230681982631628 0.3273960151453212 -0.012320094748964004 0.007189575554302398 0.9998982574585905 0.7610020718320096
0.9999605050308471 0.0017279221728085797 0.008717950643235228 181.5608271520104 -0.001688738610789765 0.99998844926096 -0.00449994517352501 0.3428228809440202 -0.008725625499504142 0.004485045108471002 0.999951872756893 0.7849520357730917
0.9999706442490309 0.0011165818948577527 0.007580493720739005 182.95908237482323 -0.001111037521399575 0.9999991122644671 -0.0007355718209085631 0.36795990208931106 -0.007581308317442966 0.0007271280146908937 0.9999709971039391 0.7729084378391091
0.9999602570730475 0.0007599704718978199 0.008882945417304765 184.28690535280316 -0.0007714352926416036 0.9999988738722497 0.0012873002066252778 0.3812791572386877 -0.008881957103827921 -0.0012941016631447177 0.999959717258096 0.7693519168791245
0.9999299928926569 0.0011153171988823865 0.01177987186845121 185.73997367489744 -0.0011770018373678684 0.9999856265436837 0.005230809947905529 0.3748278362782641 -0.011773868538678513 -0.005244308684865138 0.999916933172977 0.7753960883547115
0.9998942278428017 0.001530057015405894 0.014463473033023548 187.1093289087445 -0.0016155731578706791 0.9999812737017681 0.005902725570533349 0.3839713024831217 -0.014454170679044852 -0.005925468025318143 0.9998779754443349 0.7785842674631196
0.9998870202940753 0.0015810209943021133 0.014948144368150005 188.54972234029867 -0.0016428290335747085 0.9999901490654102 0.004123455456934818 0.3857180633530325 -0.01494147784531111 -0.004147546835715963 0.9998797678196333 0.7654446141377587
0.999877469820484 0.0014636999889542366 0.015585343362579142 189.96471395487592 -0.0015203179465075908 0.999992286506623 0.0036215411909460505 0.3775741046490384 -0.01557992229533515 -0.003644792120070411 0.9998719825616041 0.7637745946146317
0.9998666928319492 0.0015854739312790177 0.016250625763759227 191.3118448068282 -0.0015928025146065197 0.9999986355498784 0.000438039416979789 0.3859740139858074 -0.016249909090514433 -0.000463865060766062 0.9998678539105833 0.760464699449405
0.9998603219505031 0.0020555452200180526 0.016586480123416816 192.77671390008933 -0.0020418659804201976 0.9999975612307818 -0.0008416149991472271 0.3940062157241481 -0.016588169650508244 0.0008076300745067982 0.9998620806697835 0.7598455439357082
0.9998421793365316 0.002450508410267722 0.017595778701329518 194.15239024934158 -0.0023914795549193845 0.9999914451474224 -0.003374975186275172 0.38523264202945534 -0.017603898577115154 0.0033323626004349697 0.9998394861748489 0.7591023565294325
0.9998162864114061 0.0028653554046412988 0.018952128242238415 195.60672133228974 -0.0027051607136963337 0.9999604457712455 -0.008472838868111081 0.38065867416263516 -0.018975656300065938 0.008420013739715205 0.9997844906961724 0.743208201837647
0.9997991297198253 0.003254611808360232 0.019776443397560236 197.0021019294334 -0.003010102784095058 0.9999188234427414 -0.012380864513947992 0.3755454085331135 -0.01981513292181521 0.012318848438893776 0.99972776618459 0.7425686666768143
0.9998630668227781 0.0033465812896413035 0.016206418401993352 198.4372284424809 -0.003173586964554358 0.9999378411668596 -0.010688411871676233 0.3797960553294905 -0.016241180669121832 0.010635515795296509 0.9998115371680009 0.7380689548121298
0.9999298458909118 0.0035380384798420505 0.011304228425354213 199.85876981895697 -0.003491627933645252 0.999985405861825 -0.004122693019612079 0.3953725055065362 -0.011318649696426576 0.0040829336360179705 0.9999276062905622 0.7384949053930208
0.999932683886554 0.004956260769084729 0.010491099781322828 201.303567749116 -0.005016120968882634 0.9999712466972716 0.005687205740071246 0.4078735728654887 -0.010462610852859634 -0.00573944752508419 0.9999287937229572 0.727350641413054
0.9998824915179778 0.006047278116864847 0.014086645561599335 202.7540926293846 -0.0062188104936755344 0.9999066635004689 0.012165142144831264 0.4226932040430489 -0.01401176476553149 -0.012251314816683402 0.9998267728628883 0.714546307895139
0.9998378725607066 0.0069848482096209865 0.016596399873736643 204.18332069861978 -0.007205372808711647 0.9998860538475935 0.013265064032052047 0.41631640762567124 -0.01650185431907245 -0.013382496649561194 0.9997742733174607 0.7057297844464412
0.9998340081270861 0.006408298110656043 0.0170554949459331 205.64549574791457 -0.0066484379293838625 0.9998790408576295 0.014060651717684294 0.41173771452311625 -0.016963327080054706 -0.014171710163274242 0.9997556742351719 0.7129448458653007
0.9998365594012357 0.005230746662769537 0.017305888421263623 207.07872038553282 -0.005398727996461954 0.9999386302776274 0.009674162212955058 0.4020948557292657 -0.017254223271985294 -0.009766010846413953 0.9998034390876179 0.7021779832456153
0.9998504715576071 0.004099190693291652 0.016799736953021116 208.52003073310215 -0.004221255662408395 0.9999649036867018 0.007236877467392645 0.39803719603829657 -0.01676948200342685 -0.007306711333117069 0.9998326842241312 0.6930230398836953
0.9998603911168588 0.0035877211395619196 0.016319513861237155 209.99251704065293 -0.0037148351802451366 0.9999629482163986 0.007765448728282594 0.39873330815381436 -0.016291048929580446 -0.00782498890687477 0.9998366722987216 0.6863567055078221
0.9998590258155272 0.0034249293836880745 0.016437711335266274 211.45524819348367 -0.003571252107432793 0.999954189811418 0.008880565127037398 0.40542516945490054 -0.016406543012162805 -0.008938016407858398 0.9998254533712786 0.6811598454391886
0.9998497302684979 0.0032761717738315197 0.01702303088524905 212.88949563069923 -0.0034419204779427967 0.9999468692672765 0.009716574807803833 0.4072522278688045 -0.016990293271021292 -0.009773706619316936 0.9998078838424331 0.6644507892446069
0.9998492814496795 0.0028395132004917817 0.017127508556220833 214.33398404575325 -0.0029992053483740276 0.9999522073643099 0.00930525413528798 0.41357550629485124 -0.017100267595493046 -0.009355220576140489 0.9998100123004041 0.6677264245910752
0.9998587122253926 0.0025146634886095668 0.016620230278749825 215.7993208732712 -0.0026861025776766054 0.9999433373359562 0.0103008237715457 0.4133986093978701 -0.0165933854267843 -0.010344012034471724 0.9998088122111691 0.669411215529291
0.9998684814382303 0.0023052291759194294 0.01605321602838032 217.30668742009772 -0.00245797962514383 0.9999518336775817 0.009502034571845746 0.4195731084330469 -0.01603053843667563 -0.009540243355840762 0.9998259876569231 0.6585064890979883
0.9998681394396622 0.0017246668762431288 0.01614711298139884 218.7648760367998 -0.0018774753780925588 0.9999535554671731 0.009453147346974224 0.4171427080100415 -0.016130059506174348 -0.009482216656717952 0.9998249390506332 0.6547751761089702
0.9998748435167181 0.0014517767232124575 0.0157540358881327 220.256521810645 -0.0016288599352663267 0.9999355756302337 0.011233494752056398 0.42707981146626145 -0.015736712418097962 -0.011257749925235193 0.9998127919510188 0.6516381862769691
0.9998768143013278 0.0014749328060290258 0.0156262854141892 221.7518573363463 -0.0016257930564038845 0.9999521549693438 0.00964596128455204 0.4234873307635994 -0.015611310629340246 -0.009670178146395612 0.9998313731000099 0.6397945908175694
0.9998772354937139 0.0009442446746571712 0.015640407393763985 223.214557015267 -0.001127862311642079 0.9999305029717367 0.011735295194234111 0.4315892760903889 -0.015628239441936604 -0.011751494742551622 0.9998088119752003 0.6403844909348793
0.9998780073898106 0.0006062819725873074 0.015607778841061681 224.67944415084457 -0.0007689865873391547 0.9999454073977294 0.010420694977658143 0.4360385852310801 -0.0156006088922923 -0.010431425902464762 0.9998238876701392 0.6277178515947294
