1.0 -2.1684043449710093e-19 -2.5135375298442207e-37 0.0 2.1684043449710093e-19 1.0 2.3183291766350204e-18 -8.673617379884035e-19 -2.51353752984422e-37 -2.3183291766350204e-18 1.0 0.0
0.9999995321199635 -0.00025190396668124795 0.0009339722938252794 1.3119770474243708 0.0002521993074323402 0.9999999182331685 -0.00031611574712894704 0.0037867200547348234 -0.000933892586646692 0.00031635114639036346 0.9999995138831763 0.016121324269501948
0.9999984800339915 -9.678251938597715e-05 0.0017408511857032252 2.608042868807431 9.949853710628922e-05 0.9999987780190492 -0.0015601475729906747 0.005900963172216975 -0.00174069806340351 0.0015603184137656925 0.999997267684617 0.02243951625264675
0.9999978163003407 -0.0009184695082764761 0.001877180948275989 3.941045028844025 0.0009220795853863091 0.9999977255757838 -0.0019231777083416454 0.006914298906661931 -0.0018754102986860727 0.00192490441892962 0.9999963887830744 0.04443691430345596
0.9999996873525738 -0.00013472954904495765 0.0007791936237893881 5.2555944089049325 0.00013751919115627314 0.9999935779526671 -0.0035812207269674532 0.0010709439800113008 -0.0007787061235174798 0.003581326761384908 0.9999932838351473 0.049762318565067784
0.9999989633003356 -0.000769127686909465 0.0012173088578549996 6.588565910498532 0.0007738318326252287 0.9999922173754833 -0.003868639652268182 0.0030462477434755756 -0.0012143239061300026 0.0038695776339950972 0.9999917758593746 0.05952591921134846
0.999996589649263 -0.00044429214126754177 0.0025735761765946427 7.912845376382753 0.00045663567676079144 0.999988386914332 -0.004797657796346561 7.887626284502143e-05 -0.002571414727778623 0.004798816621349854 0.9999851794828424 0.0827524078788196
0.9999957373479751 -0.00012112648884810519 0.0029172957089384937 9.229849750480257 0.00013692393021383687 0.9999853266607813 -0.005415506898500562 -0.001273005892741157 -0.0029165969411330075 0.005415883261673179 0.9999810806564187 0.07729566491040907
0.9999949219240758 -0.001164209942371955 0.00296660433356644 10.584096797127987 0.001177890142255965 0.9999886624945211 -0.004613833247045164 0.0006936520076567067 -0.002961199229134898 0.004617304151650115 0.9999849557875842 0.09317346302679337
0.9999995841192241 -0.0004908155459195973 0.0007686751451654379 11.891302446293839 0.0004927763358530539 0.9999966202860633 -0.0025527608453765603 -0.0001394115892433957 -0.0007674196125554113 0.002553138568653895 0.9999964462689793 0.09834519070566698
0.9999987799937248 -0.0010305897003540087 -0.0011738381198128896 13.248001933132926 0.0010308402012439064 0.9999994460382842 0.00021281824248651265 -0.010328830266001543 0.0011736181412627567 -0.00021402802237057702 0.9999992884059788 0.10908812675938787
0.9999983109247705 -0.0007826916613868026 -0.0016629916924515186 14.584187802254615 0.000787773054488144 0.9999950167072491 0.0030571186243127197 0.0003967070847061644 0.001660590624021953 -0.003058423520654529 0.9999939442238376 0.10941932447920137
0.9999996016666822 0.00013324998553707951 -0.0008825593000801131 15.919029456083287 -0.00012954938390890005 0.999991206121654 0.00419176529839651 -0.008576686133187928 0.0008831100916263813 -0.004191649293663144 0.9999908250542927 0.11977118723924982
0.9999989791721381 -0.0003879985208477302 0.001375177017609739 17.292098312594582 0.00038322729352901797 0.9999939126778704 0.0034681038111867464 -0.016022139754671563 -0.0013765142656131343 -0.0034675732654831657 0.9999930405478455 0.13549923027175115
0.9999929672292628 0.0002448218466864185 0.0037423995347920036 18.630161056386495 -0.00023905672405416926 0.9999987843035258 -0.0015408579925038329 -0.02502036620068581 -0.003742772220869291 0.0015399525102299438 0.9999918100676469 0.14477072971845986
0.9999981926017159 -1.952083679356854e-05 0.0019011607608135901 19.984224414500424 2.513087276234623e-05 0.9999956458620691 -0.0029508685742580306 -0.025221372142055474 -0.0019010948794735713 0.0029509110186924136 0.9999938389622303 0.1554993633865608
0.9999997057771645 0.0003917466313572949 0.0006595302580438872 21.326992303395567 -0.00038906004451878524 0.9999916471316519 -0.004068697482933372 -0.030680438143649246 -0.0006611186476074212 0.004068439688958104 0.9999915053242358 0.15252679459072016
0.9999992346247596 0.00015141236168328794 -0.0012279349298534585 22.69955082353923 -0.00015521598209833307 0.9999951889192606 -0.0030980713889509222 -0.03536686128610181 0.001227459935853704 0.003098259612889878 0.9999944470493208 0.1895758346305686
0.9999991864338107 0.0012059238326409963 -0.0004157877182028035 24.06146059494421 -0.0012062950157989804 0.9999988731376235 -0.0008936306944004833 -0.024389447747810933 0.00041470959911531024 0.0008941315300248631 0.9999995142722597 0.17427139740887082
0.9999905052982078 0.002091551232876643 0.003822921248933587 25.457506097288974 -0.0020922438186290293 0.999997795559743 0.0001771763467996997 -0.025857256867176256 -0.0038225422481255006 -0.00018517314791530903 0.9999926769140195 0.20326577019858122
0.9999744433607187 0.002158568011246151 0.00681565914358994 26.81880994734915 -0.002157047595395294 0.9999976470233961 -0.0002304199263858701 -0.03785760597030058 -0.006816140483585685 0.0002157123364602136 0.999976746578187 0.21091004577801484
0.9999805471164672 0.002453589599222322 0.0057345694458812695 28.17875905041931 -0.0024359102848185337 0.9999922656065776 -0.0030878905596505597 -0.032544652096066405 -0.005742101508625762 0.0030738615945829126 0.9999787895976405 0.2522523799261316
0.9999952419565106 0.002060273549909758 0.002295939293515964 29.565549142302263 -0.00204944299704986 0.9999868092857557 -0.00470967492463004 -0.037954393008422405 -0.002305612227112709 0.004704947119085179 0.999986273718227 0.23691345578416745
0.9999957658698344 0.0028463071502467787 0.0006056220024032114 30.942410722821666 -0.002842943745330412 0.9999809223371372 -0.005483851988274281 -0.049743072275369705 -0.0006212191756759473 0.005482107019647387 0.999984780178859 0.2733757835138616
0.999994813296353 0.002779111784763415 -0.0016278568978393252 32.329866672460184 -0.0027879327973552416 0.9999813068430001 -0.005441819115236151 -0.05513171978705195 0.0016127030444210572 0.005446329245767987 0.9999838682132013 0.24200185842020858
0.999989899716022 0.0037411304763711696 -0.0024908650502888105 33.71343282310715 -0.0037470861651175613 0.9999901220101279 -0.0023906541867048142 -0.04816993977487406 0.002481896696312726 0.002399963526387748 0.9999940401641705 0.29711156248728604
0.9999881067956073 0.0038601338704127536 -0.0029808780316624432 35.11628045896453 -0.0038658499390875176 0.9999906954707404 -0.0019142038014377093 -0.05519060042602716 0.0029734612130667753 0.0019257046625777792 0.9999937250752962 0.3010733820346531
0.9999913720246809 0.0035252132502987315 -0.0021974411792454102 36.49593453708002 -0.003527809010413898 0.9999930828147366 -0.0011785101888954763 -0.06366230650558911 0.0021932714794041614 0.0011862521735306495 0.9999968911781668 0.34630943010857573
0.9999941215633664 0.0033839926859825288 -0.0005526592190082432 37.904854299846605 -0.003384031272240964 0.9999942717762264 -6.88990811697006e-05 -0.06645716692116906 0.000552422899265817 7.0768892230834e-05 0.9999998449103401 0.3467202884021573
0.9999954218070773 0.003013098363564013 -0.0002785733956156857 39.29425397940242 -0.0030127563884017783 0.9999947174713382 0.0012199706400261795 -0.07059664299916847 0.00028224781558279803 -0.0012191257809879496 0.9999992170339438 0.3592390249087554
0.9999947032219016 0.0032470065097105648 -0.00022467057366866786 40.69799216278406 -0.0032462664877940307 0.9999895488784891 0.003219299253914123 -0.07388152601561822 0.00023512131124336802 -0.0032185528614462485 0.9999947928041661 0.37151904986010276
0.9999943576289357 0.00335774493856246 0.00010128780637757915 42.11695021716829 -0.0033582428502472806 0.9999797874129052 0.005398793439264112 -0.07067025158141077 -8.31579877439378e-05 -0.005399103126319813 0.9999854212788206 0.3808236316989849
0.9999958438610446 0.0028512851315816916 0.0004271226238776864 43.508648334523635 -0.002854533393986476 0.9999654436086147 0.007807895217601897 -0.08323905921197848 -0.00040484532851823007 -0.00780908200269761 0.9999694267019044 0.4074682148462412
0.9999965053303576 0.0026055344793022017 0.0004477914127015987 44.938502656025534 -0.0026088117203051956 0.9999686143294784 0.007480939606147388 -0.08497978813743846 -0.00042828551238646283 -0.007482081666220557 0.9999719171184057 0.42843001808382475
0.9999984834952975 0.001687900547298147 -0.0004289508685618635 46.33272761954879 -0.0016846358236485637 0.9999704508289359 0.007500631381182306 -0.10366960470469558 0.00044159851323264954 -0.0074998973804397805 0.9999717778667736 0.4510102234658631
0.9999996450632521 0.000838958313180187 7.760359827303633e-05 47.77301886495711 -0.0008394519562517726 0.9999778921641703 0.006596249185418225 -0.10288737246679312 -7.206790453551126e-05 -0.006596311988659373 0.9999782415004665 0.4583513594941791
0.9999998730430579 -6.853570026608732e-05 0.0004992161111959928 49.160865584971454 6.531526763146099e-05 0.9999792083885399 0.006448141169743042 -0.10383878529579958 -0.000499647659559057 -0.006448107744672848 0.9999790859106652 0.47143935617151744
0.9999986806259564 -0.0013602148770420004 0.0008880100420681858 50.59851443151869 0.001354020250983353 0.9999750041476864 0.006939575563005207 -0.11428638997907686 -0.0008974271594214779 -0.006938364023529298 0.9999755265651108 0.4864898968042107
0.9999958098968328 -0.0027290139085470165 0.0009657493797286485 52.057734649412964 0.0027222433164789538 0.999972185258253 0.0069439254863405435 -0.11701306392533994 -0.0009846725868911967 -0.00694126738578201 0.9999754243115055 0.4911405446913385
0.9999916223336821 -0.0036873843850422664 0.0017772053476237128 53.44702880494449 0.0036743908782974804 0.9999668962523527 0.00725983822892306 -0.11308150412137187 -0.001803916329589631 -0.007253247261302686 0.999972067754916 0.5120106827536333
0.9999865872805239 -0.004427765439155962 0.002687034102268725 54.912101168150464 0.0044099862296468955 0.9999685818368725 0.0065869082738681806 -0.11214102091361068 -0.002716114965398895 -0.006574970142125693 0.9999746959234144 0.5213660144872116
0.9999828775274962 -0.005071909339587798 0.0029189702772347997 56.308081636325795 0.005055255380691946 0.9999710633200205 0.005684796888504898 -0.11427414095720484 -0.0029477185863584854 -0.005669943410526414 0.9999795811399635 0.5370553784720719
0.9999821176568339 -0.005482989050753891 0.002387718078679209 57.73885538643549 0.005475200075951903 0.9999797084600689 0.003256509211374788 -0.11138498166183121 -0.002405525032552119 -0.0032433777431538115 0.9999918469418303 0.5491094165889286
0.9999810427580402 -0.00552997943939757 0.002708034701111425 59.20012348947283 0.005525549350891366 0.9999833881254443 0.0016406637461638515 -0.10374700805302406 -0.002717062552361929 -0.0016256692643193233 0.9999949873727015 0.5521505698260181
0.9999797573001502 -0.005433226552935907 0.0033113500505390515 60.590322243800074 0.005431359799004914 0.9999850861896367 0.0005724762340973817 -0.11348695776167256 -0.003314411058768374 -0.0005544795120878731 0.9999943535999611 0.5624198678037698
0.9999815480352029 -0.004614274312368084 0.003951210155052178 62.05517342139733 0.004619316745021016 0.9999885269778265 -0.0012680006018058296 -0.09830863526423564 -0.0039453139201254765 0.001286229095935692 0.9999913900193264 0.5728762892981034
0.9999812790013706 -0.004648446846249274 0.003979144217118795 63.44041936668248 0.004658086262247906 0.9999862309118653 -0.002416654517080686 -0.11286402763621521 -0.003967855737862971 0.0024351444719080484 0.9999891630374024 0.5842331307990047
0.9999872830030467 -0.0040193861582208746 0.003046041217006265 64.87505682382447 0.004031977552728154 0.999983306248951 -0.0041388863757110175 -0.10516392110473394 -0.0030293545845435214 0.004151115311317241 0.9999867955390577 0.5929792122034051
0.9999912780423247 -0.003251469269846654 0.0026214093281140354 66.3327754479762 0.0032639207282039373 0.9999833458655051 -0.004759707250427328 -0.1030515256226502 -0.002605889628952288 0.004768221808705282 0.9999852365910333 0.6116564211540039
0.9999935060681246 -0.0026837042906861885 0.0024053176213728045 67.67933242071315 0.002691965597490972 0.9999904667965386 -0.003437969933424732 -0.1000309533832716 -0.002396068196328948 0.003444422639769969 0.9999911973661955 0.6147405994171791
0.9999920619949407 -0.0020133275001151603 0.003438380357668569 69.15846630532877 0.00201844428538285 0.9999968598530243 -0.0014853170562151665 -0.09511167039274811 -0.00343537913097322 0.0014922454449447682 0.9999929856622788 0.6244339253585479
0.9999881764887829 -0.0013802417847965682 0.004662811947117358 70.50040470233888 0.0013719875760506922 0.999997487134762 0.0017729563594947627 -0.08682504680264708 -0.0046652473385493005 -0.0017665380768644532 0.9999875573278365 0.6365822197394376
0.9999854030698028 -0.0005164632932779524 0.005378374567742468 71.97609259677641 0.0004891794736023207 0.9999870128305659 0.0050729551194902784 -0.08259418125083061 -0.005380924712988339 -0.00507025007947862 0.9999726687331834 0.6513563715563009
0.9999849924379791 3.106122377958279e-05 0.005478497423128578 73.32252700474237 -8.97198997103227e-05 0.9999426727693045 0.010707152997842176 -0.0748563797249292 -0.00547785077876763 -0.01070748383981886 0.9999276688544356 0.6640861849505394
0.9999863880442925 0.0007986563347315357 0.005156149162765053 74.7388166209659 -0.000866243501972872 0.9999135647377763 0.013119172061849265 -0.06880321688112938 -0.005145225779786475 -0.013123459964967688 0.9999006457894819 0.670722858014079
0.9999862496523332 0.001587728114008915 0.00499796215447435 76.1859350774313 -0.0016645298874689704 0.9998800251441091 0.015400151235272412 -0.06674595133778713 -0.004972911271608888 -0.015408258735221366 0.9998689192670372 0.6828215513066298
0.9999862564545637 0.0016774675124602016 0.004967192842262024 77.52612725273146 -0.00176015907713435 0.9998591589818476 0.016690237869346584 -0.0731007117537567 -0.004938495925963699 -0.016698751535873267 0.999848369981735 0.6987694744851282
0.9999865749428092 0.001980751834162846 0.004788168368082066 78.95804542741367 -0.002053438409103268 0.9998820071281617 0.015223508533149474 -0.07577236703453061 -0.004757449405896041 -0.015233136365513045 0.999872651006927 0.7125271806202722
0.9999897713789387 0.0020573363555071284 0.004027965319888982 80.32713520986711 -0.002117682018345719 0.9998847228146539 0.015035175580344626 -0.07205966145756901 -0.0039965685740513575 -0.015043551740959475 0.9998788521569251 0.7214908431756887
0.9999913131191965 0.0014539171053134165 0.0039063808308920705 81.72171023610672 -0.0015079228055879797 0.9999028389796408 0.013857805355346637 -0.09409935168353756 -0.0038858531826963883 -0.013863575494985531 0.9998963453376242 0.7341724196026861
0.9999912330056694 0.0012933966004549957 0.003982591748458028 83.12304283911894 -0.0013467459233501007 0.9999090110770701 0.013422214507807308 -0.08959389957057413 -0.0039648691301093905 -0.013427460374530418 0.9999019867570378 0.7427802390249949
0.9999938886569212 0.00102089760248112 0.003343713040099943 84.46240075502567 -0.0010660693767193241 0.9999078204449415 0.01353566064625614 -0.08799108088933233 -0.003329586294617902 -0.01353914255526672 0.9999027980128743 0.7544088820611367
0.9999930337322636 3.864050661948398e-05 0.0037324246617193037 85.87644008847604 -9.070897914787465e-05 0.9999026739125311 0.013951145990632442 -0.09044000134024091 -0.0037315223200812047 -0.013951387367645052 0.999895711827835 0.7680668357070297
0.9999902527107245 -0.0007823605714390375 0.004345387839727421 87.24301014034029 0.0007273335510961956 0.9999197147851593 0.012650492870678163 -0.08778107228145032 -0.004354936216162432 -0.012647209016296316 0.9999105373155397 0.7762855540925641
0.9999840248217372 -0.002073453542553888 0.005258411521200708 88.61878640850139 0.0020096818763274 0.9999247246285173 0.012103976839856041 -0.08482251931132105 -0.005283112725977631 -0.012093215742335905 0.9999129176347978 0.795215672710744
0.9999761073933703 -0.00329776217163358 0.006075311272864676 90.00076744940911 0.003235641889041211 0.9999426758604509 0.01020664560995463 -0.08097507229281536 -0.006108622100665244 -0.010186744214942617 0.9999294550008668 0.8109194307920881
0.99997212878872 -0.003956548998463072 0.006331458424268139 91.3747562821907 0.003906651156907009 0.9999613683875528 0.00787399576016013 -0.07226818921494527 -0.006362367679858831 -0.007849041502982605 0.9999489551097048 0.8183803737975538
0.9999717410390009 -0.004414057676582883 0.00608549244161232 92.75402456829207 0.004374917376891863 0.9999697563841995 0.006430117795970642 -0.059878190111059854 -0.006113691305135596 -0.0064033125608928725 0.9999608094154855 0.8214840492466768
0.9999728450596232 -0.004619379849029884 0.005741992091008939 94.096775448444 0.0045893216216235135 0.9999757556452782 0.005237007610095129 -0.04665662918700102 -0.005766044607539164 -0.005210513551011265 0.999969801183075 0.8338693280078711
0.9999770445670947 -0.004711174209725554 0.004869823038303974 95.49755267325354 0.004687068278877958 0.9999767657612502 0.004949679648114877 -0.026634137468272038 -0.004893028694777435 -0.004926740832989228 0.9999758924568916 0.8395668598775119
0.9999786324371417 -0.0048462122670792866 0.00438735635733534 96.8244384066639 0.004825136498570968 0.9999768307981944 0.004801658522796068 -0.01410776941997152 -0.0044105245622260035 -0.004780386329763742 0.9999788473660951 0.8536125631247037
0.9999825994895869 -0.00449324091290023 0.0038224997249561277 98.17696640928604 0.004467407039516635 0.999967304944825 0.006740275641756766 0.008748754855565814 -0.0038526604303944795 -0.006723081695340455 0.9999699781394069 0.8701555923060507
0.999982890881724 -0.004357188158513325 0.003902929051547555 99.52448699645174 0.0043328265359267445 0.9999712142943687 0.006228739588003438 0.025134930842966006 -0.0039299564933560896 -0.006211722305198732 0.999972984609066 0.8750013676661622
0.9999812127708418 -0.0040072318985522135 0.004638555579891143 100.87788733216702 0.003969661419587205 0.9999594714352583 0.00808067293810975 0.04394916757878711 -0.0046707487162503765 -0.008062107629527405 0.9999565923213866 0.8883281282284058
0.9999769343007178 -0.003743335078005586 0.005667301741716841 102.21414010534386 0.00369700116741559 0.9999598384036735 0.008164175528941319 0.06275307618864036 -0.00569763537847251 -0.008143035195368459 0.9999506127449 0.8912031302310346
0.999976055814535 -0.003709193771827725 0.005842061208946442 103.55141107247066 0.0036595667554576326 0.9999573249220585 0.008482682705549938 0.07641636155936275 -0.005873275812388828 -0.008461100181638386 0.9999469558006304 0.9070915572342284
0.9999890976435146 -0.003611459165978446 0.002960060269971016 104.88952691632596 0.0035863982927659397 0.9999580493201287 0.008428365628547556 0.09393829308141421 -0.0029903747917336674 -0.008417657784402177 0.9999600995519919 0.9224069138368857
0.9999923942861352 -0.0035236072477348467 0.0016719933751687987 106.20336846812502 0.003511723660469524 0.9999689262591008 0.007057925555966557 0.1077360558353042 -0.0016968107777228503 -0.00705200029670857 0.999973694716516 0.933144947111306
0.999990410356785 -0.003479789165806767 0.0026589963952782353 107.55713509780207 0.0034633010535664757 0.9999749030176196 0.006180524307419648 0.1204183246642535 -0.002680436584016518 -0.006171256133379462 0.99997736517256 0.946481154495263
0.9999860288571057 -0.002891174176892203 0.004425291230462105 108.90058062375255 0.0028808715693699016 0.9999931294602059 0.0023327261700570446 0.12808516508650947 -0.0044320051439872355 -0.0023199448835143693 0.9999874875147894 0.9466818738400516
0.9999832301116487 -0.001991943911477916 0.0054379826155495576 110.24138754561065 0.0019771746403604534 0.9999943462475434 0.002719973049445772 0.13935117899948005 -0.005443369904297214 -0.0027091755944792283 0.9999815148749917 0.9759993921064518
0.999987852445193 -0.0011720527463480262 0.004787614689061561 111.57757141870319 0.0011613332331355285 0.9999968142127782 0.0022411759002763675 0.15049515353020212 -0.00479022621310883 -0.0022355886594234314 0.999986027840476 0.9876071353750376
0.9999968459776444 -0.0006668118186136967 0.002421445180438054 112.88071563899446 0.0006598838933373394 0.9999956903415094 0.0028607431998274933 0.16959478788121563 -0.0024233423222119366 -0.0028591363043063167 0.9999929763511255 1.0023285589183457
0.9999999512814977 0.00012849612148567652 0.0002844745139816225 114.24958062494188 -0.0001301428658801215 0.9999831928824922 0.005796293244037647 0.17682467567439103 -0.0002837249315841856 -0.00579632998397944 0.9999831608876621 1.0269037613003986
0.9999978339970631 0.0020469214194784413 -0.00037697995266034747 115.55916974936622 -0.0020446138901620914 0.9999797712900034 0.006023002974658606 0.20658959618354228 0.00038930094064062163 -0.006022219150368952 0.9999817904948483 1.0277598657510583
0.9999930269815038 0.0034885909583252145 0.001332562004161725 116.92317684788175 -0.0034995657368636366 0.999959228930227 0.008324272756193733 0.21976257825136186 -0.001303467691511386 -0.008328878099217847 0.9999644647494158 1.0435023916888353
0.9999847024135919 0.0044625530741526235 0.003268112430784359 118.21723167439396 -0.004489417698148964 0.9999558114992834 0.00825955068639369 0.21492753482877258 -0.0032311093344891836 -0.008274096256989678 0.9999605488536029 1.0516622104265019
0.9999762313261766 0.005398571972719445 0.004288613220148634 119.58714135327189 -0.005438429889701977 0.9999416179638552 0.00933724499851876 0.2127298428843534 -0.004237955053025186 -0.00936034638690981 0.9999472104328736 1.0647746839077352
0.99997106456957 0.00642122295650934 0.004078960571498416 120.9098589227188 -0.0064563071396627056 0.9999417699828981 0.008647123312816076 0.20769163837584367 -0.004023197946830559 -0.008673208126841208 0.9999542936249982 1.064597052684332
0.9999636595713766 0.007705254724411308 0.0036480935092240365 122.22946353726599 -0.007742094192915188 0.9999180656419373 0.010194213083625604 0.2057021458970957 -0.0035692455964999436 -0.010222086505125641 0.9999413829987004 1.0775877001072323
0.9999557017651567 0.008738447437335465 0.0034977197911859608 123.62139552292214 -0.0087795791846423 0.9998903834080225 0.011922254715380377 0.21157535478770695 -0.003393154386897882 -0.011952435088413543 0.9999228099202278 1.0965677881745373
0.9999467118269333 0.009961410468111236 0.0027099461230782195 124.94627409643974 -0.009996224854908465 0.9998635417992823 0.013151930247879477 0.2104697833213412 -0.0025785645530591265 -0.013178318636335243 0.999909837396735 1.1203393075593808
0.9999397686092452 0.010826413136545601 0.0018022020658178017 126.32228306487531 -0.010851195844228771 0.9998379790929317 0.01436200237127838 0.21448745123689006 -0.0016464211002648699 -0.014380693375468595 0.9998952369901566 1.1414509370096402
0.9999287275265296 0.011836497589849303 0.001561150851411353 127.68064517197989 -0.011857173754852474 0.9998320186842239 0.013976474676288894 0.21179323045776288 -0.0013954560984167246 -0.013993989375271038 0.9999011055917691 1.164361683322247
0.9999179749898544 0.012639660023971955 0.002069368663952587 129.01014353359275 -0.012665824620634696 0.9998331726206506 0.01316069200322 0.20862526345627672 -0.0019026767640005651 -0.013185822757897972 0.9999112530116505 1.1884945043310837
0.99990477817685 0.013477019511450292 0.0029672418493605435 130.3786568204787 -0.013509442723533657 0.9998460992799224 0.011192529295162163 0.20471187972529728 -0.0028159432530099034 -0.011231549305927827 0.9999329591346533 1.2087774946953136
0.9998998708399425 0.01370965665345336 0.003506224281290288 131.7310071404481 -0.013749967467550797 0.9998365001887627 0.011743563553187356 0.19945483964622834 -0.003344650790079933 -0.011790598149834372 0.9999248947327802 1.2416569652539253
0.9998995384643034 0.013706971174201978 0.0036099750833904682 133.10858313920403 -0.013744019704395491 0.9998509786141387 0.010446170911598164 0.19500380486786764 -0.003466251756334553 -0.010494737041904734 0.9999389209312652 1.2615152749847534
0.999899854014317 0.013489330885944553 0.004280174575533807 134.45143854508382 -0.013523572292800823 0.9998759497231346 0.00807453761529594 0.19148528838810663 -0.004170723509048947 -0.00813161223306556 0.9999582401020065 1.2708907735131496
0.9999088855223298 0.012795790804223928 0.004299812924629442 135.7873744097653 -0.012822342907865178 0.9998985350207586 0.006205415835694667 0.18432428070576684 -0.004219973441313535 -0.006259984108231341 0.9999715018054861 1.3030205362513598
0.9999266828638029 0.011508111120856571 0.0037672636517527033 137.1424099793933 -0.011530803113001586 0.9999151657462035 0.00605820850676116 0.18079810440716906 -0.0036972255220628267 -0.006101203911706088 0.9999745525933482 1.3310877898214866
0.9999342644203184 0.010543464569018043 0.004505795498959773 138.51655531266658 -0.010559631687135926 0.9999378388476594 0.003579471930917084 0.17906524098918516 -0.004467775378039928 -0.0036268161731813214 0.9999834424567325 1.3481040795296662
0.9999443486724297 0.00939272303206625 0.004803781022623694 139.84093525061206 -0.009407632048170642 0.9999509715003072 0.003090478092151602 0.17867998809307556 -0.004774517495691053 -0.0031354983072437756 0.999983686183454 1.36909574815612
0.9999518057159543 0.008324249013642497 0.005205105547547548 141.22904628402884 -0.008332388006203551 0.9999640931510678 0.001543929621618822 0.17899341133318597 -0.0051920665939790825 -0.0015872261720714998 0.9999852614701691 1.3820860675348345
0.9999641304689101 0.006963603189360677 0.00482141122264295 142.54071006367764 -0.006966307749226107 0.999975586804741 0.000544381168957125 0.18389336770700235 -0.0048175026621449695 -0.0005779490766223636 0.9999882287522015 1.4063631158497276
0.9999712697634467 0.0059959857565986515 0.0046376505352014015 143.91139748350548 -0.00599934525124641 0.9999817511265842 0.0007108237241205296 0.1847605117390548 -0.004633303814378559 -0.0007386261687020888 0.9999889934030007 1.4234690699038057
0.9999845727001201 0.005016395721537651 0.002385400537221736 145.27260332275938 -0.0050143186865292295 0.9999870446084541 -0.0008759128721427424 0.18351150507122727 -0.002389763559008039 0.0008639382006835475 0.9999967713152466 1.451792856997427
0.9999902970380808 0.00405691574500545 0.001716759834305001 146.59683152086103 -0.004048798381777376 0.999980731836396 -0.004705654854487963 0.18734112066572914 -0.0017358172007653785 0.004698658381259071 0.9999874546953385 1.4806114194213682
0.999988579429083 0.0030420402049521184 0.0036860551808189897 147.99173581093956 -0.002988249688144974 0.9998902351935999 -0.014511648021119055 0.1855043847482535 -0.003729795598406045 0.01450046743656914 0.9998879062519535 1.489718039284894
0.9999848141508172 0.0013924976169839797 0.005332205748309814 149.28392529107077 -0.0012824521438162975 0.999787263618124 -0.020585986094499135 0.17427045640296357 -0.005359737330731354 0.020578835180125838 0.9997738668110779 1.5131000405119068
0.999997818372235 0.0004427916534583604 0.002041368737427824 150.64492731940936 -0.00039756757552129743 0.9997556590091634 -0.02210122664415454 0.16372552163851506 -0.0020506561860570813 0.02210036684548517 0.9997536539540637 1.5475680041105693
0.9999995196917622 0.0007470721084732076 -0.0006344284905456495 152.0015106203894 -0.0007616042658440904 0.9997300138917048 -0.023223248761402172 0.18255942768936062 0.000616907762248717 0.02322372079052926 0.9997301026864484 1.5587761874432728
0.9999925561402017 0.0010848378979315216 -0.0037028085179862586 153.34338916033204 -0.0011623387044131413 0.9997789532947957 -0.020992701529313297 0.19594296864251104 0.0036792163461643913 0.02099684918024181 0.9997727720295149 1.582092087615006
0.9999920583661666 0.0023030565970833766 -0.0032525582097855045 154.70814793443287 -0.0023704786679673425 0.9997791893035957 -0.02087949870877623 0.21668130383961287 0.0032037533428970646 0.020887043011295472 0.9997767087698944 1.6130519038721358
0.9999958497006833 0.002809214472778831 -0.0006394493366210165 156.04976929723412 -0.002824102201740961 0.9996930873746374 -0.024612100725451957 0.214481813837545 0.0005701124119828978 0.02461380444814659 0.9996968718578777 1.6249313961212586
0.9999928092246747 0.0032393139266121925 0.001971888492866866 157.3894201935511 -0.003176949759366248 0.9995190351564653 -0.0308481012400319 0.2048817869722447 -0.0020708667677828045 0.03084161482759376 0.9995221389772497 1.6471404015442868
0.9999868924186754 0.0033663066309739444 0.00385784531918193 158.7250061160091 -0.0032343395531756395 0.9994261624637794 -0.03371772279644724 0.19514584223094905 -0.003969135736559872 0.03370480325694774 0.9994239501827616 1.6612186235964814
0.9999892513410834 0.0032822169885749295 0.0032747906710777564 160.07528140875536 -0.0031696966390836446 0.999423844138098 -0.03379249608186561 0.18550971760315513 -0.0033838181859623642 0.033781752764867466 0.9994235053042417 1.682843188894914
0.9999819515388715 0.00439430938809725 0.0040971504135906035 161.45709192431 -0.004252005257792154 0.9994087967741765 -0.03411711273950992 0.18537439459620336 -0.004244649313855405 0.03409907587302627 0.9994094436099791 1.682073706193135
0.999978941977439 0.005285729592091378 0.0037651911453188878 162.79655540443315 -0.005165750784723873 0.9995000525070667 -0.031192307660714617 0.1838085225744389 -0.00392818285109323 0.031172200773282605 0.9995063097741996 1.7040223521434206
0.9999770724844875 0.006379676737832019 0.002270292949075497 164.15308773964398 -0.006314242968956017 0.9995950218314967 -0.02774748034360222 0.18773391393144553 -0.002446393484876545 0.02773250898152504 0.9996123864301135 1.7202547933523877
0.9999747053787962 0.0070395152234273015 0.0010167733320376642 165.4901554510587 -0.007010957983848916 0.9996428520318128 -0.025787881841123274 0.17752558785509745 -0.001197944380308552 0.02578010099131044 0.9996669201899898 1.7328074897630465
0.9999727400523114 0.0072362166917535765 0.0014684414399236513 166.85238197711382 -0.007198545818635418 0.9996808652189423 -0.024214637168539947 0.16240209440335052 -0.0016431951708499705 0.02420340643581016 0.9997057042082602 1.740464861065465
0.9999723952766207 0.00717361488277337 0.0019359582256316737 168.1902819114125 -0.0071288743396959045 0.9997280394613054 -0.022204194772687057 0.14752474132478827 -0.0020947160634710873 0.02218978062911507 0.9997515820443822 1.7645385746147222
0.9999777346079322 0.006672566076335467 -8.455971225105856e-05 169.57483398757688 -0.006673001257002389 0.9998127932154688 -0.018161761393269395 0.14169961053492025 -3.664167086000139e-05 0.01816192128159748 0.9998350580334483 1.7895064705997112
0.9999779392026866 0.006205448593315979 -0.002369285905870448 170.96568639914102 -0.006242350099763068 0.9998541182662725 -0.015898907233100935 0.12923523341689813 0.002270280418809896 0.01591334640264184 0.999870797269872 1.801688452759978
0.9999708726114693 0.006021751395984893 -0.004689609661951962 172.32549135154886 -0.006067619036173499 0.9999332883949048 -0.009828670255129459 0.12583038705412702 0.004630111001734642 0.00985683873648928 0.9999407006429103 1.8195333437125902
0.9999732236091381 0.006123187152218471 -0.004007323776235059 173.66686491479956 -0.006152565301359635 0.9999539847928225 -0.0073603150182582015 0.1094764657238841 0.00396207079204519 0.007384773256803384 0.9999648829428884 1.8319856998291073
0.9999741289804592 0.006844828860911656 -0.0022112638098249777 175.03764514324953 -0.00685534463740865 0.9999650605879554 -0.004783498011802538 0.08529273127197104 0.0021784443243202875 0.0047985332333325805 0.9999861141331585 1.8500350609873433
0.9999765172986818 0.006845030459503796 0.0003322788102638011 176.41537453958577 -0.006843884970090133 0.9999710221175828 -0.0033340911254483466 0.06298832421771282 -0.0003550911368359628 0.003331738754026836 0.9999943866978253 1.864366782356672
0.9999783564607989 0.006405737921070548 0.0015010435189751167 177.81264855463021 -0.006399511805172391 0.9999710495641767 -0.004116586228234694 0.04221513750077885 -0.001527369835618612 0.004106891185019531 0.9999904002470121 1.8783367120116592
0.999987423727996 0.00450735076269532 0.002199130498068256 179.1918156124706 -0.0044930529275291845 0.9999690155682128 -0.0064637743563289145 0.01780998495784196 -0.002228196857534237 0.0064538122564220726 0.9999766914514172 1.878411814925332
0.9999958451849357 0.002280030674803242 -0.001763823400430483 180.51152090956234 -0.0022952519811307113 0.9999597253359487 -0.008676377377508863 0.004071505453411819 0.0017439699564686959 0.008680389747919636 0.9999608039331417 1.8861500809034561
0.9999789558807922 0.00136725552635806 -0.006341798474112673 181.9678519097228 -0.0013974743920026316 0.9999876801354671 -0.004763049717370494 -0.0030994394391502937 0.006335208037966186 0.004771811984151263 0.9999685469801055 1.897614258980322
0.999967991583365 0.00051827281828475 -0.007984184492923454 183.34329295949752 -0.0005358562410416403 0.9999974357660756 -0.0022002998346773942 -0.00604903564226093 0.00798302366401033 0.002204507781653725 0.999965705151242 1.9021291298710337
0.9999818009956796 2.951968828942812e-05 -0.006032976547707122 184.68481756089446 -2.023144149143618e-05 0.9999988145571475 0.001539634693211224 -0.011486940797341378 0.006033014845494417 -0.001539484617580746 0.9999806161716268 1.9223269538597967
0.9999937687143846 0.00023871200081610025 -0.0035221511867921996 186.1192565754598 -0.00022127520206931587 0.9999877233519776 0.004950169958046156 -0.008941662237160721 0.0035232896115568626 -0.004949359747407726 0.9999815449639077 1.938707544545139
0.9999982824517409 0.0008930203501011111 -0.001624071495503816 187.4849311657673 -0.0008844969879111291 0.9999858730560787 0.005241312178314313 -0.014669519572559995 0.0016287291507733424 -0.00523986668976178 0.9999849454058931 1.9583693971615046
0.9999991496396712 0.0010487151685183477 -0.0007751879965500567 188.95709920394924 -0.001045222041203583 0.9999893605297067 0.0044929209065954255 -0.026466094547525815 0.0007798915432660954 -0.004492106842413655 0.9999896063186343 1.967108927149741
0.9999996760635921 0.0007854886234499198 -0.00017572800984241553 190.3421003305524 -0.0007849352822450394 0.9999948026550878 0.00312706562367866 -0.03597841501905684 0.00017818337099551854 -0.0031269266755932505 0.9999950952780978 1.9856450369434198
0.9999994726051993 0.0007526690852604604 0.0006987693264309747 191.74282762193727 -0.000753327846357692 0.9999992716608973 0.0009429606730646043 -0.042516698091528034 -0.0006980590801427183 -0.000943486578143829 0.9999993112730616 2.009858542306354
0.9999989443432761 0.0011831379207153888 0.0008435028119862934 193.15306981927043 -0.001182167609005345 0.9999986400946258 -0.0011499081020582243 -0.04909116579480287 -0.0008448621647831692 0.0011489097264475695 0.9999989831066645 2.0236959234065237
0.999997617868211 0.001515770549868429 0.0015705723618660533 194.5411299284378 -0.0015089965684766666 0.9999895935597338 -0.004305310859245968 -0.06244060876067472 -0.0015770818812070597 0.0043029306151235085 0.9999894987452925 2.043992718117784
0.999994636926929 0.0018990201769887858 0.002668302783914096 195.986456879874 -0.00187651148366882 0.99996285007955 -0.008412916583152555 -0.07159275062435917 -0.0026841799550166674 0.008407864363250259 0.9999610507388866 2.062458349972363
0.9999915913329707 0.0022897670803502896 0.0034020920138324276 197.39356467765745 -0.0022511340442787687 0.9999334331668026 -0.011316431891996276 -0.08262998595516345 -0.00342777754055414 0.01130867817073443 0.9999301796321398 2.09065998227471
0.9999972461035638 0.0023380961193134055 -0.00020271118694221437 198.8378387026564 -0.002339976447327492 0.9999489136238024 -0.009833343927846981 -0.08083274879525508 0.00017970952788468568 0.009833791187239236 0.9999516309579036 2.1234061718748096
0.9999798477322489 0.0029324480876415314 -0.005630708445806143 200.24904045768204 -0.0029496094235372393 0.9999910231940389 -0.003041929582959368 -0.0730200619093608 0.005621737599440713 0.0030584766718728725 0.9999795206837041 2.151947640380961
0.9999689479297081 0.004120348329445738 -0.006717581856356947 201.6918275433898 -0.004086591866497707 0.9999789936936686 0.005031097128312926 -0.05410738548884462 0.00673817061742259 -0.005003488886954532 0.9999647804576363 2.184316506020217
0.9999821031099795 0.0054039189104051226 -0.0025673176959772614 203.12552596617803 -0.005372716265388401 0.9999134542596438 0.012009076170907492 -0.03720076134509088 0.0026319915793829966 -0.011995067776248416 0.9999245926415496 2.218896579656184
0.9999812700508618 0.006104995386158674 -0.0004342566067077444 204.55044782669293 -0.006097879722095169 0.999871294884329 0.014839458522137833 -0.037407319868241584 0.0005247955414716916 -0.014836532535278243 0.9998897948733997 2.2521240015905124
0.9999839512070127 0.005654037169256715 0.0003594330251658353 206.00867568778554 -0.005658238550041833 0.9998992027509611 0.013021853727604485 -0.04339682324840158 -0.000285770750317185 -0.013023678500368853 0.9999151474667225 2.2688559371532486
0.9999906916426313 0.004313295999586518 0.00011002595943264469 207.43622148304306 -0.0043141507348126275 0.9999449986497743 0.009559695535963324 -0.05002123642006821 -6.878611134378033e-05 -0.009560081219474673 0.9999542990134839 2.2877432232284995
0.9999949718398983 0.0031552800468635333 -0.0003170216819156388 208.88830095034038 -0.003152605445668638 0.9999621447159559 0.00810988372109073 -0.06031880030478836 0.0003425986352573627 -0.008108843499016173 0.999967064099255 2.307699671896247
0.9999958855485072 0.0027831820030123334 -0.0006948265934009516 210.34895478045317 -0.0027773034733992595 0.9999615089350068 0.008322693905287072 -0.05652547825913175 0.0007179634206791614 -0.008320729917655447 0.9999651243829277 2.3109385691165314
0.9999965232931947 0.002587873509230137 -0.0005062728743242135 211.80455363982185 -0.0025835498806316285 0.999961699706427 0.008362080497554375 -0.056691177066475036 0.0005278934905261698 -0.008360743443828176 0.9999649090330766 2.328751322173634
0.99999691283126 0.0024846081963901933 3.240462587515047e-05 213.28803852643833 -0.002484807823971533 0.9999471556038615 0.009975556617296245 -0.05222982507738187 -7.617563737375321e-06 -0.0099756063403376 0.9999502423721469 2.3525120292500437
0.9999975374041449 0.0022181978510631803 -6.916602742770644e-05 214.72978298652976 -0.0022174040435382148 0.9999484955311821 0.009904009502875852 -0.04810697571106124 9.113151766439206e-05 -0.009903831744274207 0.999950951703046 2.3788975944514728
0.9999978762398666 0.0018994675160278229 -0.0007997117680424412 216.19796466015836 -0.0018912703028566278 0.9999469104580413 0.010129134319358907 -0.051275682800051334 0.0008189092733160816 -0.01012760033638951 0.9999483792171616 2.4032699762030085
0.999997451637213 0.0016398576536543197 -0.0015516397634730724 217.6623580275627 -0.0016258042554020181 0.999958038333277 0.009015449694146676 -0.0508524640810418 0.001566358708264525 -0.009012904056979864 0.9999581561649751 2.4264525997318147
0.9999980823876539 0.0011223308248624457 -0.001604865893015854 219.14923203973225 -0.0011073572743478504 0.9999561340271028 0.009300740908002723 -0.05456536434694439 0.001615234002227198 -0.009298945912866145 0.9999554593200777 2.443611057493245
0.9999979249104092 0.0009576411696003022 -0.001798081829579865 220.62937333218923 -0.0009401589297972856 0.9999525263036221 0.009698517422299794 -0.05075768160571822 0.001807284167556705 -0.00969680681431866 0.9999513516474405 2.4656282416686133
0.9999980274347287 0.000793008623862219 -0.0018210612219210936 222.14233275168357 -0.0007767704347714984 0.9999600894528631 0.00890034432557027 -0.05193758039058748 0.0018280465921768775 -0.008898912222543052 0.9999587329519716 2.490246954489403
