1.0 -2.1684043449710093e-19 -2.5135375298442207e-37 0.0 2.1684043449710093e-19 1.0 2.3183291766350204e-18 -8.673617379884035e-19 -2.51353752984422e-37 -2.3183291766350204e-18 1.0 0.0
0.999999605191816 -0.0005752605669382756 0.0006772676666057745 1.3273296181958805 0.0005753941431156976 0.999999815046477 -0.00019704971926772806 -0.0051472914502177945 -0.0006771541864095126 0.00019743933731957285 0.9999997512399269 0.014190925790177144
0.9999991949427005 -0.0005967506105383338 0.001119822601905854 2.628292136493784 0.0005974895951637137 0.9999996039050855 -0.0006596937592120932 0.002610928857959863 -0.001119428485696238 0.0006603623104738848 0.9999991554003855 0.02238872222501785
0.9999988872738748 -0.0011179839288187879 0.000987705901274616 3.9520689250911336 0.0011192792573348144 0.9999985130995639 -0.0013118737003340345 0.0010290636455376027 -0.000986237778940667 0.0013129777593055387 0.9999986517113146 0.049421367772926404
0.9999992821437903 -0.0005474319932305861 0.0010658471357157654 5.267740827495107 0.0005495019615738203 0.999997961855411 -0.0019427641694633494 0.012071873158001916 -0.001064781432103527 0.00194334845992984 0.9999975448156186 0.05437341299940499
0.999998422726841 -0.0009066767965680368 0.0015272462200102274 6.589238778037251 0.0009101360174767321 0.999997018817045 -0.002265835265889441 0.005415403617607984 -0.0015251872867494008 0.00226722169384068 0.9999962667477971 0.06502564482824083
0.99999671025042 -0.000676031506330865 0.0024743624916060314 7.924290445281585 0.0006848703053135854 0.9999933821128274 -0.003573049567776471 0.011495242433065687 -0.002471930622472739 0.0035747324307332387 0.9999905553789227 0.09339317320524931
0.9999957501909511 -0.0004940106247464174 0.002873247907781817 9.23996119245518 0.0005043327737889643 0.9999934183814966 -0.0035928877163960717 0.02808341371949353 -0.002871454072454801 0.003594321520396458 0.9999894177461669 0.10374597577126295
0.9999967710918701 -0.001050773755133984 0.002313802141349299 10.5717775846944 0.0010581522139007616 0.9999943521628831 -0.0031899774650578794 0.023908083838213103 -0.002310437128771933 0.003192415519772106 0.9999922351515651 0.11967967870287478
0.9999995872625612 -0.000908437062029497 -1.4724513922894985e-05 11.892859132165661 0.0009084271297484407 0.9999993688752834 -0.000661066702153164 0.04268206634220515 1.532504212259986e-05 0.0006610530531582667 0.999999781386978 0.1271993328431052
0.9999992906577392 -0.0009340616893766398 -0.0007390620941138222 13.230849570353744 0.0009355741284335712 0.9999974636839069 0.0020487378562885016 0.04035281880916226 0.0007371465720756043 -0.002049427850406718 0.999997628227396 0.14481478444514814
0.9999994118422428 -0.0007583581587642681 -0.000775376083880805 14.571397605405075 0.0007628846416514329 0.9999825726931901 0.0058542563090550025 0.06544865782030586 0.0007709229481284292 -0.0058548443883346376 0.9999825630854752 0.15853182808716004
0.9999999311378235 -0.0003683760150610614 4.498288607726931e-05 15.921907901109606 0.00036810397529766955 0.9999824983730224 0.005904866392374582 0.08356940996735825 -4.7157309954667736e-05 -0.005904849427373445 0.9999825651127265 0.1774931317181195
0.9999956490264549 -0.000181879069847219 0.0029442907742248565 17.26433262636812 0.0001691424120280187 0.9999906304415151 0.00432555430267624 0.07100747821967311 -0.0029450499153133958 -0.004325037477860637 0.9999863102722014 0.1961190560190384
0.999987138345065 -6.860691934096029e-05 0.005071334887214269 18.63010591272856 6.944833404896343e-05 0.9999999838536051 -0.00016573991147149635 0.08055142292754933 -0.005071323434425756 0.00016608997554126747 0.9999871269635142 0.2162074424198954
0.9999941863054357 -0.0003990688020547177 0.003386458241414829 19.966107858018297 0.0004060376292934044 0.9999978010895908 -0.002057413285438979 0.06911912674212418 -0.003385629745441399 0.00205877635374259 0.9999921494447604 0.2406822343698633
0.9999995781152725 -0.00024910538717013 0.0008841469237792431 21.3216844949173 0.0002517386072475823 0.9999955298914766 -0.0029794000635473064 0.07538288941595615 -0.0008834007869401784 0.0029796213804991175 0.9999951707180783 0.23118849590686766
0.9999999806035303 4.7487117260631714e-05 -0.00019114892753133302 22.674251934056546 -4.764898247729131e-05 0.9999996402566634 -0.0008468861306325243 0.08692212820806919 0.0001911086425857883 0.0008468952222578216 0.9999996231229136 0.27966358126125906
0.9999991276731409 0.0007927530448147705 0.0010565015699189574 24.040784104962643 -0.0007941278304519724 0.9999988377564397 0.0013014786815627316 0.09566003849059293 -0.0010554685908192411 -0.00130231654354751 0.9999985949778502 0.25825772130983005
0.9999822746923123 0.0016209650313074048 0.005729116298024675 25.4302493733859 -0.0016314661958653964 0.9999969969935799 0.0018287487181392705 0.10691346921847948 -0.005726134755728497 -0.0018380631625779667 0.9999819162887745 0.2761795857110595
0.9999768196709189 0.0017222365916259765 0.0065874139051016675 26.80397046588624 -0.0017244394037283016 0.9999984591208684 0.0003287318542733341 0.09798261686322635 -0.006586837600664785 -0.0003400838302673976 0.9999782487201464 0.2946092112515944
0.9999805796237312 0.0017111361853409427 0.0059926945810571215 28.172093551293436 -0.0016868656933212898 0.9999903648911751 -0.00405272858048576 0.09607531502022436 -0.005999571611316114 0.0040425410040724735 0.9999738311589514 0.3136615220911467
0.9999922605827194 0.0015602486293350769 0.0036117030439106338 29.53441597733379 -0.0015456192805084932 0.9999906050714761 -0.0040497938000359805 0.10289296001584003 -0.0036179877974442825 0.004044180139131722 0.9999852772772706 0.3103146834135319
0.9999956518736332 0.0023154052160218384 0.0018262345176175807 30.920438383071517 -0.0023077250771552462 0.9999885322270964 -0.00419640551731999 0.10256430434329646 -0.0018359299539982092 0.004192172823625441 0.9999895274692735 0.3480791545238679
0.9999958650749992 0.0027789776073432206 0.0007396731452813804 32.30703125656605 -0.002777606054503711 0.9999944332549632 -0.0018488817407352471 0.11529569875869651 -0.0007448070286656988 0.0018468195751412265 0.9999980172580079 0.3342223094371755
0.9999932002941195 0.0034106226028977915 -0.0014025045403726426 33.6855259548354 -0.0034108387648536503 0.9999941715565162 -0.00015176270051967555 0.11756583030787714 0.0014019787606575236 0.00015654538543213465 0.9999990049740535 0.3717921255777642
0.9999930901240567 0.0035637738806799874 -0.0010579318822578488 35.08219210883504 -0.003563689986303542 0.999993646741981 8.117484556946759e-05 0.12903543800364453 0.001058214449738043 -7.740414340636144e-05 0.9999994370952301 0.3611420857882981
0.9999953079911673 0.0030130768291833617 0.0005525972059105438 36.47515489461915 -0.003013208909827711 0.9999954318723008 0.00023834134491583476 0.12155999371930429 -0.0005518765407921385 -0.00024000531744053472 0.9999998189148493 0.3973553726552474
0.9999943297849107 0.0028669513939319938 0.001766631747751871 37.87778328042522 -0.002868830391955065 0.9999953209835236 0.0010619902268205904 0.13645602438578383 -0.00176357880729169 -0.0010670523719569247 0.9999978755922564 0.3978696529501015
0.9999946919696382 0.0023341505601089537 0.0022732737870983575 39.27149626229441 -0.002341063705668456 0.9999926292883858 0.0030431545518966123 0.12741710587423136 -0.0022661538505510457 -0.003048460277495879 0.999992785692308 0.4073491923722986
0.9999920562359892 0.003027886052186738 0.0025921749503568002 40.67035150288579 -0.003042528378898328 0.9999793337908033 0.005663480587492451 0.14948256838846521 -0.0025749730060493025 -0.005671322363988714 0.9999806026202017 0.43469997368006874
0.9999919096087972 0.0027356794278974458 0.002949029504557221 42.094327495230296 -0.002761053015089251 0.9999589093787483 0.0086345897593326 0.14693497122382315 -0.0029252868575298492 -0.008642662328928716 0.9999583726759176 0.4494452924593555
0.9999921069801571 0.00249060801469949 0.003095617725650465 43.480080584373596 -0.002518705513048496 0.9999553671943374 0.009106027771562629 0.1541608363383095 -0.00307280001379618 -0.009113752846936623 0.9999537476349194 0.4560459282050134
0.999993187689478 0.002193498289574293 0.0029686932967456915 44.90754973333974 -0.002218191348484647 0.999962759260013 0.008340247013289183 0.1646102107695298 -0.0029502884228522494 -0.008346775326723843 0.9999608128021154 0.4658798057599291
0.9999959289870858 0.0013220310584779562 0.0025286840719765226 46.3093597982371 -0.0013425861426629546 0.9999659323887334 0.008144416761227841 0.15464714746816968 -0.0025178307538390107 -0.008147778581396235 0.999963636455088 0.4912037873643294
0.999994772829011 0.0003805079155097577 0.0032108454308711616 47.73747570950313 -0.00040589488826436236 0.9999686355508755 0.007909687974885475 0.16255610527692269 -0.0032077350255893425 -0.007910949895341359 0.9999635629900517 0.5126201929887868
0.999991726469204 -0.0005966467608996619 0.004023804888850658 49.134390311081404 0.000563869741989141 0.9999666944029442 0.008141998265962394 0.1686351836774361 -0.004028528770519036 -0.008139662001064508 0.9999587575787582 0.5227734715662637
0.9999901702411592 -0.001582031387433369 0.004142052359254779 50.564844052253854 0.0015447156933451414 0.9999583354033592 0.008996738896377737 0.17730143310704052 -0.0041561129056325785 -0.008990252167322032 0.9999509498427829 0.5418249387400828
0.9999867686552175 -0.0028533115760129898 0.004280318626755711 52.01798561250965 0.002815342872986268 0.9999568704581269 0.008850484060008735 0.17887888370791344 -0.004305387207196009 -0.008838316391662698 0.9999516727344162 0.543456138719412
0.9999765734435572 -0.0037709377630539545 0.005712494417438719 53.425109169566326 0.003714166949971408 0.9999439351059638 0.00991622955905372 0.1987526203363391 -0.005749567631555871 -0.009894780097975106 0.9999345157553382 0.5735670143403141
0.9999695286883792 -0.0047325559593228254 0.006208430464514949 54.88236223934814 0.00467991603859793 0.9999532108123986 0.008466083619148378 0.2029563174272546 -0.006248206191581161 -0.008436770713170807 0.9999448888910433 0.5780567309224327
0.9999608193119562 -0.005087116819005683 0.007244382888202754 56.27343645466617 0.005049395481093402 0.9999736492605311 0.0052157827650194 0.21246638435955642 -0.007270725289584864 -0.005178998652842979 0.9999601564696051 0.5788584280659663
0.9999606195092049 -0.005431137063287355 0.007018702228135246 57.701138210943164 0.005402056088252607 0.9999767737367267 0.00415569213330921 0.2306592660286223 -0.007041109343478284 -0.004117613057010276 0.999966733467632 0.5982824870740592
0.999958264956683 -0.005201331654506471 0.007510958250446834 59.15135735490659 0.005176381720538782 0.9999810331278383 0.0033374326756465443 0.2541321720438701 -0.007528174885282511 -0.0032984138007579157 0.9999662229542035 0.6202576060306285
0.9999545628362068 -0.005114346217583991 0.00804460849373386 60.55583745296471 0.005089765166813052 0.999982325004714 0.0030731040843644673 0.24930785605198266 -0.008060183223566766 -0.0030320192831387776 0.9999629194652516 0.636358829550038
0.9999522715857485 -0.004491336822544369 0.008676545628745655 62.01120563861801 0.004483125935295593 0.9999894845930289 0.0009655491787271611 0.2676572628753862 -0.008680790997917662 -0.0009266050478589736 0.9999618919092544 0.6330997827528438
0.9999531062107881 -0.004451028076952195 0.008600798128920208 63.41923318485074 0.004462158703863136 0.9999892312109923 -0.0012753829817951923 0.25642309587781587 -0.008595028743279021 0.0013137013004856106 0.9999621991204444 0.6472897580460215
0.9999631493730434 -0.0038355838503915164 0.007680377104747781 64.83058895178209 0.003850654781028775 0.9999906879776569 -0.0019484393061437683 0.27883686138701685 -0.007672832182568466 0.001977941985752251 0.9999686072031457 0.66158045638249
0.9999660977572085 -0.002928219008377943 0.0076960294736888295 66.27936394128679 0.002945906821733259 0.999993043381076 -0.0022879734375981266 0.29322267177180017 -0.007689276248033915 0.0023105676558939445 0.9999677676344817 0.6696746961097206
0.9999692254899379 -0.0024748867404160045 0.007444663100221854 67.65326794448187 0.002479799756530667 0.9999967135341177 -0.0006507796333717617 0.2989382995079358 -0.007443028027705006 0.0006692208796907693 0.9999720763487314 0.6794340072105549
0.9999588732560641 -0.001815229597258024 0.00888576040482904 69.12420741546637 0.0017952604352048096 0.9999958464896445 0.002254782346327163 0.31797281143393963 -0.008889816445381608 -0.002238737360379475 0.9999579787264057 0.691244809752304
0.9999490304008427 -0.001029525897027335 0.010043738190622053 70.48753062243638 0.0009752766531270625 0.9999849188940332 0.005404703501917848 0.32887913942942404 -0.010049151002163076 -0.005394632602979357 0.9999349541361251 0.6989264268843943
0.9999372517572351 -7.176449049013864e-05 0.011202115784332492 71.9377735885684 -3.777883566570458e-05 0.9999521906764702 0.009778288914112915 0.35412771314686264 -0.011202281952676526 -0.009778098546557631 0.9998894427224775 0.7182759865630665
0.9999427018992764 0.00020615502605142279 0.010702822921087022 73.30367859702874 -0.00034644467577732885 0.9999140326837469 0.013107525251296201 0.35619546873331265 -0.010699200645914514 -0.013110482151010914 0.9998568109300984 0.7105403646824904
0.9999461193756108 0.0009195069955118137 0.010339867143341253 74.69165452232417 -0.001093777445684326 0.9998572412495662 0.016861220943517156 0.3706943984707684 -0.010322887026217784 -0.016871621963877512 0.9998043740531205 0.721485671956414
0.9999439586629975 0.0018191865727274462 0.010429290176574619 76.13484409423131 -0.0020075571664861596 0.9998345322355143 0.018079763925822223 0.38638395130348174 -0.01039467400147199 -0.018099688107914475 0.9997821522925878 0.7212957443004998
0.9999389215421657 0.0021194826462077724 0.010847164532873502 77.50837930144279 -0.0023220234402663666 0.999822558716681 0.018693830222081667 0.39059014789459595 -0.010805618549331559 -0.018717875802066443 0.9997664125850722 0.7299347350985644
0.9999359256198161 0.002085868584307644 0.01112626653871123 78.90998212669169 -0.0022875383617505024 0.9998327720600347 0.0181437339869765 0.3852670795236425 -0.011086560471352987 -0.018168023199997427 0.9997734798992818 0.7511468338674211
0.9999489495401093 0.0017477900220419006 0.009952062282302547 80.29422669380843 -0.0019181487019176067 0.9998513590297576 0.01713419247890181 0.38637866747401495 -0.009920636027458622 -0.017152407305844105 0.9998036686792188 0.7469619155949366
0.9999467262842713 0.001588766012289066 0.010199039951224727 81.68497207537597 -0.0017613304423738946 0.9998550742694722 0.016933049715308564 0.3915013449088455 -0.010170659194037028 -0.016950111508380692 0.999804606616419 0.7667975426381423
0.999942122202087 0.001315354716999331 0.010678112565196582 83.06442281701828 -0.0014869631211286822 0.9998696181447645 0.01607904386831649 0.40585200956963047 -0.01065557068687289 -0.016093991208252553 0.9998137037770215 0.7655365275893766
0.9999508130971664 0.00100584682192679 0.009867099801184052 84.43277075958005 -0.0011685627085923805 0.9998632015011168 0.016498871026012954 0.4143063944851818 -0.009849154659756025 -0.016509589822516556 0.9998151967220645 0.769730229194005
0.9999505609105425 0.0002401283070771616 0.0099407279958645 85.83659906571835 -0.0003969878630853919 0.9998754010447176 0.01578051920253824 0.4195379435570731 -0.009935700042180565 -0.015783685376402286 0.9998260634433425 0.7602478525021883
0.9999436015591667 -0.0010083847350550535 0.010572457666434743 87.1910940933002 0.0008380766939984773 0.9998700236823482 0.016100725726356197 0.422442736225978 -0.010587319223364495 -0.01609095714016042 0.9998144776757216 0.7741482193968449
0.9999279849698325 -0.0021434243588023642 0.011808073771307243 88.57797727345113 0.0019716025035076213 0.9998922911194046 0.014543690850533409 0.426705719939064 -0.011837975238135274 -0.01451936265838895 0.9998245098267273 0.7761381654774349
0.9999163953266741 -0.0031160693885983097 0.012549600331318864 89.96361117218315 0.002962885156477624 0.9999211087905382 0.012206453483715364 0.4330119882553899 -0.01258664643421442 -0.012168249942618 0.9998467432686241 0.7951440532237989
0.9999079505568755 -0.004069371908457415 0.012943362214651113 91.33797627799301 0.003922786863095423 0.999928114188125 0.011330410381220117 0.4408313791417414 -0.012988539424266551 -0.011278593371994234 0.9998520346407129 0.7987635930876529
0.9999129640797998 -0.0043983301137395315 0.012438607532974686 92.70916766268255 0.004268767093359515 0.9999365606975356 0.010423636979779879 0.4533389627287154 -0.012483665032812022 -0.010369632230419534 0.9998683057456889 0.8063917539244427
0.9999114486938703 -0.004534036366685422 0.012511486128793442 94.03548461727375 0.004423690221200813 0.999951201470894 0.008833212424834435 0.4639971519681256 -0.012550925693042286 -0.008777083293496264 0.9998827116582758 0.8194801050339012
0.9999155517793009 -0.004947413342854588 0.012017171510426953 95.4104407577038 0.004846612669779213 0.9999529510305568 0.008402741868579403 0.4784933606123196 -0.012058177952128938 -0.008343789696282264 0.9998924849792497 0.8142668584233379
0.999923325386516 -0.004795665937621423 0.011416870682743012 96.76343649365833 0.004703521851807535 0.9999562612573027 0.008084086497965538 0.48418933270165 -0.011455139901428888 -0.008029767153022392 0.9999021465170014 0.8137926250511248
0.9999308302598733 -0.004470278461131005 0.010878938655981843 98.10525460212807 0.0043699542740722125 0.999947870214733 0.009228236703847119 0.5031034021762646 -0.010919624327017199 -0.009180057924635408 0.9998982389928773 0.8251800531754816
0.9999300640728948 -0.004220130607457782 0.01104796184065867 99.46921684902766 0.004099341333134133 0.9999318292324345 0.010933082296957266 0.5222293171317618 -0.0110933477278552 -0.01088702831509041 0.9998791978287455 0.8255060159718695
0.9999156469090411 -0.004228645545020068 0.012280782683870402 100.8216424701026 0.004093097531589297 0.9999306618834434 0.011041647428512569 0.5236028851333435 -0.012326622370737525 -0.010990449590133362 0.9998636229000114 0.8272385713932477
0.9998925530657692 -0.00400581525464243 0.014100913720874452 102.14149239835132 0.0038451739969926784 0.9999276133587224 0.011400994678625726 0.550490052115207 -0.01414556328149299 -0.011345549209926982 0.9998355772588683 0.832490864820414
0.9999046784503621 -0.003869219050108881 0.013253797833833087 103.48402192976744 0.0037254310084589375 0.999934127905698 0.010856381223598471 0.5565757334372883 -0.013294930495457912 -0.010805970267086771 0.9998532271437182 0.8457412240937153
0.9999330162202825 -0.003832515589935254 0.010921304723395303 104.81162242576103 0.003714192786517429 0.9999344136298013 0.010833891764738451 0.5623068095507534 -0.010962109493748694 -0.010792602238496004 0.999881668945065 0.8452435436861172
0.9999446996640855 -0.00393154237102868 0.009754003705489364 106.15198991995447 0.0038368938169950177 0.9999455599511001 0.009703369513629972 0.5758755325672317 -0.009791621905435251 -0.009665407837527827 0.9999053475363532 0.8506193081726405
0.99993500361884 -0.00355937085219609 0.010831408815423132 107.48915033255531 0.0034670391464521515 0.9999575972819187 0.008531311606614347 0.5839298606553355 -0.010861315636112295 -0.008493204183859071 0.9999049441348633 0.8580608444423772
0.9999140463549085 -0.002992349838772005 0.012765020352359269 108.80939517156689 0.0029240495969335024 0.9999813284017445 0.005365890591243583 0.5940082406564485 -0.012780838630873101 -0.00532810382077194 0.999904126140885 0.8482887504825575
0.9998978977345003 -0.002208672801047417 0.014117927276503997 110.17016090680661 0.002154267275148901 0.9999901999860075 0.0038676949791574956 0.6067254664730455 -0.014126331393322358 -0.0038368862900131574 0.9998928567926483 0.8686350508228162
0.9999144993886183 -0.001690215520317873 0.012966768444902181 111.47293473045396 0.0016450240394442598 0.9999925392282711 0.00349505131638027 0.6022853869818443 -0.012972579092782007 -0.0034734218415501377 0.9999098196999529 0.8701560167003806
0.9999427765405805 -0.0006777991124738703 0.010676339853983108 112.8159668294803 0.0006275637145132418 0.9999887206261051 0.0047079490598092456 0.6250336844041652 -0.010679410475248377 -0.004700979571181102 0.9999319231742592 0.8719361649722491
0.9999615221750108 0.0002501108577557691 0.008768786346717341 114.16599507687557 -0.00031906950604376484 0.9999690306151485 0.007863587301634467 0.6232111197339324 -0.00876654801423324 -0.007866082580226738 0.9999306337845416 0.883689694033455
0.999965748796743 0.0017120631763566038 0.008097534998333959 115.47373965508356 -0.0018000372260337317 0.999939304869913 0.010869518952563233 0.6393611243018703 -0.008078434214250457 -0.010883722522896395 0.9999081375229879 0.8770395025846672
0.9999399876791966 0.0031768596496782008 0.010484684205761681 116.8440195340192 -0.0032962305920004 0.999929725169127 0.011387694546245481 0.6483005271614891 -0.010447770289045536 -0.011421571081093656 0.999880188727643 0.8899224467262976
0.9999139832488484 0.0038308590621284047 0.012543947634931205 118.14023488056193 -0.003981828450597944 0.9999196792159736 0.012032462707802819 0.651167639410681 -0.012496845426418471 -0.01208137556202792 0.9998489231973586 0.8800546367525834
0.9998962432870083 0.004853804644666459 0.01356256764036247 119.50833427580554 -0.005010952582350065 0.9999204282069717 0.011577029351434301 0.6506622435129654 -0.013505295803699826 -0.011643789540263358 0.999841001935006 0.8898506565307571
0.9998997807409388 0.005895005099133711 0.012871572907132903 120.82762100782058 -0.006047880614337313 0.9999112527299602 0.011870543545947613 0.6532392079290964 -0.012800453675443428 -0.011947199625129863 0.9998466946521452 0.8927924451612341
0.9998913915767694 0.007169285709163287 0.012876583129540996 122.13497109933975 -0.007341415857350494 0.9998836593502418 0.013370541409342308 0.6430803167171734 -0.012779227828043268 -0.013463621607497804 0.9998276962703769 0.8944646783631462
0.9998867573722434 0.008413341865927463 0.012477504168202359 123.50748707376013 -0.008602100415980505 0.9998481958696411 0.015152197354089859 0.6536707851244342 -0.012348129415173093 -0.015257814223240887 0.9998073428441479 0.8907698049919941
0.999881609950437 0.009709536339963371 0.01193695886669967 124.84380128937306 -0.009897257225457892 0.9998266789439255 0.015768841789226735 0.6582330359447105 -0.011781781797990946 -0.015885118067659198 0.9998044071925474 0.8938219172094848
0.999878536526193 0.010624095159140597 0.011403543146237415 126.17419356619637 -0.010812168206721205 0.999804419915513 0.016559557242694686 0.6433244944034575 -0.0112253825283658 -0.016680842887997004 0.9997978497014474 0.8908146510869762
0.9998712879124603 0.011668977810999888 0.011011020167289179 127.50840120021834 -0.011846169572332164 0.9997991342537417 0.01616661411466456 0.6460911714190236 -0.010820160569123188 -0.016294971688079488 0.9998086807099362 0.9012059436426569
0.9998527952293054 0.012469789112251375 0.011785254839870342 128.83524289853008 -0.012657030052518399 0.9997926932679752 0.015948983610814708 0.6307500502196016 -0.011583931215021798 -0.016095802169024294 0.9998033495093629 0.8995309800647808
0.9998307354745856 0.013314858824960201 0.01269704433404129 130.20842968452175 -0.013516106820937712 0.9997822582817211 0.015898140819199113 0.6211747474880156 -0.01248259815720396 -0.016067064435467463 0.999792995666439 0.9070136457883088
0.9998178074537464 0.013685576797470652 0.013306272434603035 131.53383687422908 -0.013866283666396665 0.9998115758423235 0.013584512835320837 0.6033213953219182 -0.01311785331776372 -0.013766546386458314 0.9998191857155588 0.9006677623318051
0.9998125859126182 0.013741074899251018 0.013637298535140405 132.88038464875595 -0.013918676987637857 0.9998184244435194 0.013014936580420342 0.5915203008455343 -0.013455983116709435 -0.013202310551253395 0.9998223019689404 0.9142171428197614
0.999806545394626 0.01359065889821153 0.014218501214129224 134.21242260736966 -0.013738774306900224 0.9998518249997967 0.010371794691362412 0.5793765868177203 -0.014075434863896345 -0.01056513299907668 0.9998451180548436 0.8945285440250538
0.9998099466361431 0.013024781739773122 0.014506056254678283 135.5439539342459 -0.013158302922662823 0.9998715836345975 0.009147420633019187 0.5580055702410649 -0.014385050282430764 -0.009336557217369512 0.9998529387003364 0.9134272677718812
0.9998326830427687 0.01184708491903551 0.013937449494778816 136.89027220829982 -0.01197028339593002 0.9998897231203797 0.008789420553801252 0.5496919411784212 -0.013831783504648667 -0.008954785154967327 0.9998642375782368 0.9115441665229629
0.9998254134216662 0.010869464755979991 0.015198599018098656 138.2282629081944 -0.010980221577361896 0.9999136281731902 0.007222944526930281 0.5372916563994048 -0.015118776746366648 -0.007388567482644027 0.999858405805666 0.9130039201603394
0.9998314912145857 0.009635999921261447 0.015624873795821856 139.57451067479326 -0.009737122354192513 0.9999320556956681 0.0064087783933139434 0.5086604084909834 -0.015562057186548172 -0.0065598397657696305 0.9998573852697044 0.9172969994348605
0.9998377150593335 0.008519415407622622 0.01587334577344519 140.92785698849917 -0.008602780460237273 0.9999495214188767 0.0051910290417612175 0.5177044893751379 -0.01582831997667307 -0.00532674152477956 0.9998605353305251 0.9181265551153912
0.9998529537514759 0.00729479755923016 0.01551956194674543 142.25316505443797 -0.007363982264918224 0.9999631812693444 0.004405436515730272 0.5129455113248175 -0.015486853768631929 -0.0045190744917526565 0.9998698591947288 0.9092682963389063
0.9998671714492826 0.006231745975129193 0.015060039844316775 143.60820710667744 -0.006298701897795866 0.9999704713098061 0.004402597284194686 0.5034705782874422 -0.015032159273160014 -0.004496871195126314 0.999876898591542 0.9025711518898584
0.9999020899678078 0.005653782693186032 0.012800203876043255 144.95663797825964 -0.005685457775518706 0.9999808619217869 0.002439540949239972 0.49675667539469764 -0.012786166270342198 -0.002512077112362372 0.9999150981061785 0.9046235033249593
0.999921625175135 0.004380761270941168 0.011728275141888947 146.26645828213412 -0.004370056164336891 0.9999900111144665 -0.0009382325989795879 0.5023557447546101 -0.011732268162523792 0.0008869058440831093 0.9999307812452751 0.9164260864222379
0.9998827097332748 0.0036666082171090833 0.014870197060765563 147.65838935691772 -0.003506196217895365 0.9999355393783034 -0.010799244246857721 0.5006214225652631 -0.014908835116312368 0.01074583977192576 0.9998311125200449 0.9046476582364165
0.9998607123676079 0.0021895666101435333 0.01654574452236949 148.96857196150475 -0.0019079995423837092 0.9998534282529755 -0.0170141572967487 0.48298872836653656 -0.016580573014405714 0.016980218162084608 0.9997183387283051 0.9168665569850878
0.9999078633766014 0.0013573677957372343 0.01350638035547867 150.2679889791063 -0.0010922028675248094 0.9998069006881319 -0.019620612357618174 0.454707892192104 -0.013530404670073074 0.019604052873292397 0.9997162643772508 0.9154091091880758
0.9999435367398634 0.0012588324854113494 0.010551714218419122 151.67013956092975 -0.0010632658738084983 0.9998279382398028 -0.018519270526312807 0.47082409097446565 -0.010573211331242244 0.01850700559028491 0.9997728231684566 0.9214176902819073
0.9999634594969674 0.0023257695059576296 0.008226206115932878 152.978593604459 -0.002198714000324238 0.9998786768094191 -0.015420678279173412 0.4780077282353715 -0.008261073029663403 0.015402027725275335 0.9998472544415713 0.919690257869041
0.9999584533980028 0.003234096818730635 0.00852244657603532 154.35322085540625 -0.0031005992328731933 0.9998730184826583 -0.015631161018133704 0.4816817936180082 -0.008571917070959443 0.015604086905192271 0.9998415047944268 0.9290718481063855
0.9999290763004759 0.003623223556774113 0.011345246578841731 155.67037966076222 -0.003405562496605822 0.9998108962739419 -0.019146118039398294 0.48225939867985396 -0.01141247181634175 0.019106123179611766 0.9997523251006155 0.9197137774127176
0.9998900302119224 0.004346807213162619 0.014178601829968414 157.00623712941726 -0.003950593696558844 0.9996042018446997 -0.027853769293684327 0.4851139583053418 -0.014294064930798926 0.027794692325562444 0.9995114480516376 0.9066998767944779
0.9998728198542469 0.004388098370378985 0.0153326028256304 158.36323707444006 -0.003934323552409972 0.9995569999543943 -0.02950127014817855 0.4659187582415776 -0.015455264957340726 0.029437194751924575 0.9994471403482205 0.9151711292043166
0.9998667520552466 0.0040246562464436725 0.015820248942099744 159.6958522043641 -0.003541155062869565 0.9995293399365597 -0.03047226323734619 0.4467364748155958 -0.015935443367310474 0.030412180916260655 0.9994104066381357 0.9317158218755199
0.9998581053975845 0.0052204118080839525 0.016016128474349786 161.06230577657206 -0.004743254405398568 0.9995479897037073 -0.029686997438658824 0.45547797057842093 -0.016163867371347968 0.02960681644201697 0.9994309209804199 0.9125647509724394
0.999856231963397 0.006343329355403596 0.015725062055403683 162.40078270896393 -0.005905195284345573 0.9995973489041673 -0.027753715650594646 0.4541340951553801 -0.01589478130114298 0.02765686599109151 0.9994910973545186 0.8977798578103157
0.9998731707895947 0.007322532448877208 0.01414294360086732 163.7506840017925 -0.0069672076359000275 0.9996628781815025 -0.025011757307969947 0.46304559673054413 -0.01432132511049274 0.02491004826188966 0.9995871093319831 0.8932760186029819
0.9998743328413575 0.008025078544900439 0.01367174602595915 165.09593925147283 -0.007699203582982572 0.9996889031313978 -0.02372381124799251 0.4654123045355825 -0.013857878237231685 0.02361556838805211 0.9996250617809015 0.881291423606972
0.9998557752664949 0.00840158667798886 0.01475947179029912 166.4456425708958 -0.008056181767176937 0.9996958745947084 -0.02330785819536789 0.4686596622411032 -0.01495080605086566 0.023185591638200918 0.9996193784330194 0.8751253542271609
0.9998589731432875 0.007848239880010252 0.014847186791999634 167.77488374494416 -0.007523122738464142 0.9997334326009523 -0.021828109496224105 0.44708952626898796 -0.015014541255486813 0.021713333937996758 0.9996514866093004 0.8681575975903033
0.9998915722978686 0.007581043662472494 0.012624239568532869 169.16841559444293 -0.007335930881996111 0.9997858491783375 -0.019350449629016733 0.4541132704298639 -0.012768232680782454 0.019255740955315733 0.999733058708409 0.8733915665001762
0.9999252915972885 0.006787196831933022 0.01016588329866113 170.57494571034073 -0.006622593600519289 0.999847828584345 -0.01613880197452167 0.4509713381545615 -0.010273873567440854 0.01607027175672714 0.9998180803964215 0.8736438285619907
0.9999420301166827 0.006567986161507741 0.008532172285498327 171.9345822856744 -0.00647631552261328 0.9999214840716244 -0.01072767585508939 0.4568900086696658 -0.008601961600631638 0.01067179693315762 0.9999060550905963 0.8695587106976823
0.9999287718652443 0.0068993158687863515 0.00973912915032863 173.27556631367474 -0.006823137042257778 0.9999460382321005 -0.007833608672200839 0.45895517255601503 -0.009792650150323854 0.0077665992860017725 0.9999218889186116 0.8719334650565295
0.9998974878247724 0.007565250929407809 0.012156513483908046 174.66594332382212 -0.0075340000671997275 0.9999682012357837 -0.0026144521909728063 0.4689529178027211 -0.012175905908669725 0.002522597004387003 0.999922688921327 0.8962938458251677
0.9998628808551089 0.0076487277131573 0.014687288806731901 176.05426106307758 -0.007644957917340008 0.9999707279591283 -0.00031279918982080426 0.46768071805270983 -0.01468925139564549 0.00020047259421608908 0.9998920870294825 0.8951449526241739
0.9998510838141047 0.006654317616599045 0.01592263335060094 177.46135358323167 -0.006594768356455051 0.9999710739355879 -0.003789501607297074 0.4574348776116464 -0.015947389318786597 0.0036839312105992924 0.9998660457405036 0.8854860412163542
0.9998602378448808 0.0053622840402280355 0.01583510930338994 178.8556543823331 -0.00526958458894945 0.9999687693211448 -0.0058899796786727535 0.45751699590127803 -0.015866198506204864 0.0058057120344697805 0.9998572685402325 0.8798292049628964
0.9999222346869725 0.003175470161878062 0.012059890872725545 180.19520459616876 -0.0030688094464820337 0.9999561070115143 -0.008852483208571146 0.4503752589584518 -0.012087472324361677 0.008814785285409599 0.9998880900246686 0.865264501341
0.999965661123248 0.0016286129297934419 0.008125527322596313 181.61262250746364 -0.001580447243174934 0.999981164885834 -0.005930603686129965 0.46364518271558375 -0.008135032935206246 0.005917558068604584 0.999949400592674 0.8786467505635094
0.9999709940597769 0.0007151226618712835 0.00758285161927613 183.0044230848702 -0.0006985253455838296 0.9999973553079416 -0.0021912187165062658 0.4758209626502099 -0.0075843985551299654 0.0021858583440992935 0.999968848975735 0.8850158307717614
0.9999617517793202 0.0004367284642096464 0.008735230201989517 184.3295571248145 -0.0004423017746113104 0.9999996998696947 0.0006361050702434015 0.49600990713062726 -0.008734949775091809 -0.0006399443481762776 0.9999616448262693 0.8767812981651546
0.9999338842579546 0.0010442140510046364 0.011451494654200483 185.78143765736326 -0.0010856683710082358 0.9999928787896324 0.0036143732806423394 0.5047538721639079 -0.011447638926332805 -0.003626566839217696 0.9999278971885788 0.8825328390472479
0.9999017024001674 0.0013368832909926175 0.01395701545150013 187.14657905614996 -0.0014189038830959748 0.99998177407429 0.005868409580645501 0.5061953810879712 -0.01394891569326031 -0.005887636393489453 0.9998853751749149 0.8919815302631655
0.999891729399202 0.0016000430126297282 0.014627690912474074 188.60004351573534 -0.0016492609080955543 0.999993017757064 0.003353263422022903 0.5135879513919609 -0.014622223412674615 -0.0033770252409752147 0.9998873868006295 0.8796372693903464
0.9998821820622473 0.0014657294463817974 0.015279843966113687 190.0211140398964 -0.0015100501513095213 0.9999946853543731 0.002889465616501017 0.5102919884337307 -0.015275527584319357 -0.002912198516313889 0.9998790813677533 0.8783835955399807
0.9998686766038792 0.0018949455694646012 0.01609468010542176 191.37426142746367 -0.0018837761646785397 0.9999979742708677 -0.0007091131944430203 0.5227334548366848 -0.016095991232865457 0.0006787012965293726 0.9998702207940696 0.875181343780936
0.9998644715111775 0.002050807185848577 0.016335017586769994 192.8269215806623 -0.002020945150577892 0.9999962569835049 -0.0018443968332309969 0.5204927455208107 -0.016338738946808862 0.0018111346903388126 0.9998648735708048 0.8747899612207634
0.9998506942510779 0.002333271087615953 0.017121479248861326 194.18288815738518 -0.002253472895469502 0.9999865165629928 -0.004678520291778062 0.5095976276643529 -0.01713216464860404 0.004639238972384399 0.9998424707903791 0.8663398557859157
0.9998204598306575 0.00287715219721499 0.018728857392983324 195.6346789013108 -0.00269558536688721 0.9999491989767583 -0.009712532381902618 0.5137900584276069 -0.018755850381746726 0.009660303358266984 0.9997774235376011 0.8563569740578331
0.9998061333650394 0.003155507056951457 0.01943549487053315 197.049597970887 -0.002898873386162517 0.9999084306354616 -0.013218429453576508 0.5019896115109049 -0.019475426022040943 0.013159525802311793 0.9997237291681729 0.8556519460502154
0.9998679544240421 0.00325648569904329 0.01592071030995863 198.46345282389834 -0.003079007939324117 0.9999329911265558 -0.011159433982457898 0.5023227532767759 -0.01595598401826962 0.011108940435126276 0.9998109811441448 0.8554163029350653
0.9999366716216518 0.0034121802805409745 0.01072426090441724 199.90499174751227 -0.0033551807490844127 0.9999801746599809 -0.0053285128446157555 0.5231799614098506 -0.010742230138751361 0.0052921935648036385 0.9999282960187289 0.8478611395298551
0.9999400832537705 0.004556808358838708 0.00995316030330652 201.35347508095344 -0.004607730528822021 0.9999763829270572 0.005099255582275884 0.5273242659850349 -0.009929688908332455 -0.0051448115320610055 0.9999374641408748 0.8391708537453354
0.9998904270345899 0.005657771253867359 0.013679310985009527 202.78232107894857 -0.005812413425912693 0.9999193543471152 0.011291618671143176 0.541085527821542 -0.013614322412516902 -0.011369891225827603 0.9998426755238851 0.8293710049662832
0.9998509518769843 0.006674553097796078 0.0159224486695109 204.20301104015675 -0.006884090919650472 0.999889947882048 0.013141591100219464 0.5397381796981466 -0.0158329821227239 -0.013249243955036917 0.9997868643924671 0.826858860025385
0.9998491277677632 0.006064004170564633 0.01627727113069922 205.6942068489462 -0.006282716656233598 0.999890218301315 0.013419344870974265 0.5310064796394957 -0.016194109220960703 -0.013519585746909302 0.9997774610520942 0.8254251594728971
0.999847895753005 0.004959690197968635 0.016720850200518476 207.12544463245789 -0.005111023541486702 0.9999462568507721 0.009020024860737838 0.5273789043213889 -0.016675215040483693 -0.009104113535657042 0.9998195098716985 0.8220403456621468
0.9998584452883673 0.0038858443092901424 0.016370387885844113 208.5572887101816 -0.003998026119787467 0.9999687131100793 0.006825583353624373 0.5212728155822016 -0.01634335255308811 -0.006890066398499684 0.9998426985342993 0.8138699373662316
0.999869002151203 0.0034015610485695676 0.01582428259323092 210.04531798463458 -0.0035179424838061497 0.999966928003299 0.007332597106450989 0.523917140378723 -0.015798816975907046 -0.00738730546801443 0.9998479009829865 0.8070636313232694
0.9998684057958533 0.003215450333898915 0.015900690878353503 211.50649774804185 -0.0033432543427078325 0.9999622696601634 0.00801759979635899 0.5288869642618029 -0.015874310745940756 -0.008069704780525731 0.9998414304894033 0.8025971752054452
0.9998589633436515 0.0029553760129415285 0.016532367464479135 212.94406878596504 -0.003110431044958232 0.9999513469008796 0.009361038929054074 0.5295668202511975 -0.016503897723659053 -0.009411141468431746 0.9998195095997018 0.7892042315723103
0.9998582722264479 0.002613186756456308 0.016631497687167502 214.38773839786833 -0.002764296889446031 0.9999550523453903 0.009069286170077523 0.5434082203505218 -0.016607050401843657 -0.009113975197664395 0.9998205545661916 0.7940524489332389
0.9998683344337979 0.002433055309718138 0.016043504556138066 215.86116544666828 -0.002587240819429235 0.9999506033413537 0.009596721430007182 0.5443568522657489 -0.016019362706588852 -0.009636966282120754 0.9998252391790038 0.7921043263459735
0.9998757348679996 0.0019968948759293502 0.01563736656321344 217.3291441907935 -0.002139445865686421 0.9999562632667998 0.009104632056621912 0.5471588938244827 -0.01561850164278302 -0.00913695596756147 0.9998362758182368 0.7816186288407412
0.9998765017520516 0.00144687235505418 0.015648891477288453 218.78344639517286 -0.0015830593540175505 0.9999609553123758 0.00869377788090198 0.5433333347396427 -0.015635701684332197 -0.008717477338598761 0.9998397523711935 0.7809428112897686
0.9998813373842826 0.0012672267795362348 0.01535269640510939 220.27931832082658 -0.0014328521524348751 0.9999408476879165 0.010781839355147494 0.5503535179082123 -0.015338125222056812 -0.01080255809797711 0.9998240078399859 0.7800780696715788
0.9998812073529392 0.001338398331603524 0.015355125279029826 221.76954535421078 -0.0014728290816005186 0.9999606612274062 0.008746814971464435 0.5612046458915227 -0.01534281450468367 -0.008768391389223197 0.9998438444854878 0.7683705085560601
0.999885527443517 0.0008144989774666079 0.015108560501103391 223.2558733751736 -0.0009748919354658294 0.9999432190248025 0.010611706367499611 0.564122222375342 -0.015099059398318805 -0.0106252208321321 0.9998295470166676 0.767976507568151
0.9998823245378408 0.0004506614643596763 0.015334079074029516 224.7391927460259 -0.0006026961247947815 0.9999506968043249 0.009911645571063294 0.5685287947428035 -0.01532885625822116 -0.009919721003625176 0.9998332987558601 0.7607176930637974
