1.0 -2.1684043449710093e-19 -2.5135375298442207e-37 0.0 2.1684043449710093e-19 1.0 2.3183291766350204e-18 -8.673617379884035e-19 -2.51353752984422e-37 -2.3183291766350204e-18 1.0 0.0
0.9999993162460427 -0.0003101792890343288 0.0011275177408226061 1.3151300998361164 0.00031057051652849085 0.9999998916299764 -0.0003468227064825033 0.0018450321650995362 -0.0011274100414129643 0.0003471726431082675 0.9999993042086351 0.01795668227666439
0.9999985935208876 -0.00032541560176754575 0.0016453148431028694 2.617931948164795 0.00032728041799547075 0.9999993042955857 -0.001133267785032188 0.00794277749295 -0.0016449449154318399 0.0011338046704443042 0.999998004319606 0.02499490697742391
0.9999996005296196 -0.0006654667399806155 0.0005967366414876105 3.9443014630092845 0.0006670974553612053 0.9999960327199986 -0.0027366997001115234 0.0132539448500359 -0.0005949130914385274 0.00273709668837611 0.9999960771823718 0.05126092060741682
0.9999992929418556 -0.000602619679974497 0.0010251659914860352 5.248197565049381 0.0006055825108617044 0.9999956340778062 -0.0028922474218035996 0.012596108095721825 -0.0010234185904753462 0.0028928661994116786 0.9999952919586877 0.0631656678184122
0.9999982582172441 -0.0006448993309716802 0.0017514757580359734 6.581149628293575 0.0006504964980502446 0.9999946780117711 -0.003196998974115797 0.012973410665836895 -0.001749404694203081 0.0031981327344851353 0.9999933557430413 0.0686147844308491
0.999995832864113 -0.00034484870240146444 0.002866240356586834 7.907333658314572 0.00035895302202952086 0.9999878235114402 -0.004921786421678534 0.011494790767840237 -0.00286450818418291 0.004922794757563567 0.9999837802107782 0.08684342975723551
0.9999920977460173 -5.822581400750752e-05 0.0039750541221929055 9.220718991128887 7.627413745043414e-05 0.9999896894386736 -0.004540396304387827 0.016151846553665042 -0.003974748768882865 0.004540663618847537 0.9999817917072913 0.10209062057553135
0.9999969948075605 -0.0005882376118623661 0.002379989991504112 10.57079920345611 0.0005979142880080252 0.9999915502334306 -0.004067180871862115 0.019782477485499418 -0.0023775774123811705 0.004068591679222145 0.9999888967820572 0.10907331707414517
0.9999995595917359 -0.0008029347969331363 -0.0004859136198201928 11.891033442806654 0.0008024672358707582 0.9999992156259374 -0.000961662022407588 0.026868601084533688 0.0004866853905828329 0.000961271669124317 0.9999994195468859 0.11866988947534048
0.9999988345801475 -0.0007655273396714971 -0.0013209111397608406 13.229036199134455 0.0007690640059951857 0.9999961156963191 0.002679017138527534 0.02873158929583196 0.0013188551480778471 -0.0026800298815604843 0.999995539020516 0.1326949155668592
0.9999994506101023 -0.00040340172647311334 -0.0009674949822369223 14.56801783981101 0.0004080338734734869 0.9999884333073076 0.004792364756008504 0.049379313836105124 0.0009655505433033185 -0.00479275689385689 0.9999880485253335 0.14696601613555726
0.9999999822363044 -4.4432134829737e-05 -0.00018317526134960043 15.912324960422978 4.548812217031702e-05 0.9999833585285999 0.005768933756982909 0.06179447107616846 0.00018291588700121338 -0.005768941986803992 0.9999833427863342 0.16302940868281143
0.999997034118813 0.00019015467174534739 0.00242808459044086 17.2625905597584 -0.0001993190958266818 0.999992856085115 0.003774659008771905 0.05661452115281562 -0.0024273494753664485 -0.003775131777206921 0.9999899281265733 0.17922353711009703
0.999987505706413 0.0005495432776335024 0.004968544379645989 18.61048288391734 -0.0005483143660172637 0.999999818750526 -0.0002486971471036088 0.04801432462065139 -0.0049686801489452915 0.00024596971554688446 0.9999876257816775 0.19341327241584488
0.9999967321023996 0.00044396793483697625 0.002517672932399134 19.955724717959583 -0.000437147244697622 0.9999962350269547 -0.002709028276353272 0.05132761637470456 -0.002518866175117674 0.00270791882974082 0.9999931612210173 0.20469017460434585
0.9999998553134554 0.0003162980314264868 0.0004351190913488479 21.29843297909043 -0.0003145709192994945 0.999992095252539 -0.003963644481248675 0.04639271414478644 -0.0004363693447890088 0.003963507031950081 0.9999920500653006 0.2077650754244784
0.999999538349073 0.0005764985686182181 -0.0007687334006599573 22.672835804419357 -0.0005777254627707065 0.999998558344597 -0.0015967285358168227 0.05347876195871398 0.0007678117806959266 0.0015971719155452575 0.999998429752238 0.249427308028413
0.9999981977366844 0.001682812347404335 0.0008790142128673466 24.02489981970295 -0.0016839324378369318 0.9999977692745939 0.001275075441088381 0.06382148895329155 -0.0008768665393318743 -0.001276553343613056 0.9999988007575974 0.2465855445419242
0.99997974297526 0.0021430912028932744 0.00599339630168584 25.419135356239256 -0.0021536875408000172 0.9999961282962355 0.0017621074074901143 0.07534485192062759 -0.005989596740147271 -0.0017749796153787838 0.9999804868987472 0.2638473986259387
0.9999750567617508 0.002538655127357457 0.0065909850915878195 26.78549391624947 -0.0025326778009417423 0.9999963740770805 -0.0009150824269650867 0.053936837123348604 -0.006593284271879084 0.0008983667602182908 0.999977860524759 0.2627336746593057
0.9999809833137115 0.0023884005968854995 0.005685820392121289 28.159363519826105 -0.002361023972407119 0.9999856121526574 -0.004816747188383278 0.06458786196089564 -0.005697242907265251 0.004803231231564467 0.9999722348110431 0.27836854634376546
0.9999920367455478 0.0024252043547757234 0.0031693578731759237 29.519250913130925 -0.002408950055254353 0.9999839790066233 -0.005122371493014509 0.05042404161117704 -0.003181729894566067 0.005114695877443204 0.9999818580759149 0.2822954174507007
0.9999947335930782 0.0031072582351792076 0.0009368737206806673 30.903447785826227 -0.0031026826753413972 0.9999834428108824 -0.004846386727330212 0.060786708757011226 -0.0009519171837546547 0.004843454382423467 0.9999878173274516 0.3166157655048254
0.99999397400789 0.00345108899808233 0.00037673947860687024 32.28514064394692 -0.003450275563833702 0.9999917604209619 -0.0021388521966578047 0.06672318350119782 -0.00038411774371656946 0.002137539452934375 0.9999976416865423 0.311261797238886
0.9999900025297325 0.00430553288983369 -0.0012071566262420034 33.66287737102261 -0.004306459305328018 0.9999904338646768 -0.0007658899314545849 0.06765979581387942 0.0012038475141284903 0.0007710808453788351 0.9999989780922242 0.3436570891347027
0.9999887169519999 0.004576821413467093 -0.0012722713713302133 35.05605282810975 -0.004577693189946891 0.9999892889600965 -0.0006831472311505934 0.08045177467952262 0.001269131101104706 0.0006889635911598958 0.9999989573171656 0.34611978603418164
0.9999916342174603 0.004065531239218943 0.00045050065029395383 36.450223193181806 -0.004065298685390332 0.9999916035457249 -0.000515930856183215 0.07166303540671605 -0.00045259440069893254 0.0005140951203164592 0.9999997654322303 0.3745973723030879
0.9999902416038492 0.003860178471493916 0.002148422501123432 37.85293612445373 -0.00386112865161506 0.9999924497621699 0.00043829691934720835 0.07354853080539327 -0.002146714375690403 -0.0004465879779470999 0.9999975960853942 0.382215238620275
0.9999934787330869 0.0031230575252199203 0.0018135608601365255 39.2536166857816 -0.003128078090230948 0.9999912651442187 0.0027721404593932905 0.06233627365608037 -0.0018048874648212863 -0.002777795341517328 0.999994513102087 0.3848417800622388
0.9999912829562513 0.0037296885015185486 0.0018770815624576448 40.65109900107281 -0.0037404676733877383 0.9999763453308739 0.005772146939689686 0.08091910450491233 -0.0018555088506443257 -0.005779117786536974 0.9999815792725957 0.4086819814564523
0.9999897532852 0.0036297542504102444 0.00270521878718007 42.06904214011667 -0.003651890713623375 0.9999595192314715 0.008223356527596128 0.07794426308473877 -0.0026752605145358467 -0.008233151428574313 0.9999625283973063 0.43031871540115596
0.9999904618775343 0.0034826652471667096 0.002635753541567113 43.46008659523143 -0.003504907345491342 0.9999578884091229 0.008481570188804126 0.0815914701265169 -0.0026061040760543643 -0.008490727362497705 0.9999605571073293 0.4280988953635768
0.9999918558918494 0.003087669824320249 0.0025989315171191423 44.88018450032142 -0.0031083135085849525 0.9999633527247146 0.007976941436435469 0.07740244332946271 -0.002574206111996735 -0.00798495476530425 0.9999648063608483 0.4491167082825482
0.9999946405111431 0.002483020196346806 0.0021339071428465185 46.27944767526837 -0.002499126116788696 0.9999681606673257 0.007578391666945234 0.07536044357590341 -0.0021150219011022505 -0.007583683953711032 0.9999690067297327 0.4655737808517919
0.9999948520463565 0.0014580874623759403 0.002858296999524498 47.71010248475046 -0.0014783922042430188 0.9999735980939302 0.007114595671531169 0.08118587598644489 -0.0028478478322870636 -0.007118784729923968 0.99997060590134 0.48335649215348475
0.9999920482566049 0.0004749009813195473 0.003959531868506648 49.11363156407903 -0.0005047587282283152 0.9999714227178664 0.007543140342870347 0.08614060950303254 -0.003955836471096265 -0.007545078970024275 0.999963710912126 0.501278074873665
0.999991611235583 -0.0005196269683015152 0.004062935672212189 50.5418515328994 0.00048727729900679295 0.99996820728498 0.007959081611415826 0.09755267194243239 -0.004066942253904422 -0.00795703506823482 0.9999600719896902 0.5155516529725525
0.9999916291570162 -0.0014591519177926569 0.003822628883033578 51.97868404961219 0.0014287650092905707 0.9999674575864382 0.007939924348710204 0.10240977830799658 -0.0038340900413041216 -0.007934396246458596 0.9999611718010651 0.5214610489255698
0.9999834027045708 -0.0025564901893376933 0.005163203782529493 53.395620135609484 0.0025128284515158637 0.9999611815284484 0.008445183799225004 0.11829516133910152 -0.005184593384380218 -0.00843206938664882 0.9999510088985847 0.5338375022605928
0.9999753042264085 -0.003498569902042128 0.006095157581418318 54.84092868910788 0.0034618371787548162 0.9999758469651097 0.006026704718113464 0.11814310268383431 -0.00611609521259988 -0.006005455440852519 0.9999632632673553 0.5328668390585269
0.9999731648420198 -0.0038719921732941476 0.006219105437642245 56.239955176392996 0.003841778681542439 0.9999807967986255 0.004862794520427674 0.12199095193457798 -0.006237814713231592 -0.004838771599879894 0.9999688374929528 0.5500524552028806
0.9999730752195084 -0.00428917403405861 0.005954143275483164 57.67036794593823 0.004271228461836037 0.9999863076911856 0.0030234148865764055 0.13350029352785578 -0.0059670297021404 -0.002997901975570156 0.9999777033215684 0.5672301868836003
0.9999707429817364 -0.004565576791894609 0.006137482310477993 59.12518176613853 0.004558334065833537 0.9999888984504498 0.0011935520098528714 0.1295271608852303 -0.006142863428270113 -0.0011655403953856182 0.9999804531812051 0.5717492568540844
0.9999687598513506 -0.0038785143537257948 0.006887412268768523 60.51576032549433 0.0038752453294117646 0.999992372174995 0.0004879195253989981 0.1527164733481421 -0.006889252135675722 -0.00046121387049421716 0.9999761624592742 0.5856514068120439
0.9999620983175906 -0.0032066888238386584 0.008094385403978993 61.96582452619797 0.003211751120715311 0.9999946547428565 -0.0006124871049015009 0.17129219710078658 -0.00809237808185356 0.0006384610420025023 0.9999670523494653 0.6003667442969315
0.999968848621638 -0.002981044668255835 0.007308567506791519 63.37088495669295 0.0030039144163063617 0.9999906204064283 -0.003120191876478383 0.16123551679048917 -0.0072991975240414035 0.0031420489894968756 0.9999684241233082 0.603620957837196
0.9999744856913998 -0.0023085255317640717 0.006760079591975289 64.78715708359059 0.002334164624723086 0.9999901040050729 -0.0037872902487418097 0.17175546902763789 -0.006751269638026518 0.0038029727572935455 0.9999699784275936 0.624741465540362
0.9999776518009231 -0.0017203004879863663 0.006460376532578532 66.23566339991578 0.0017487088207440895 0.9999888162418283 -0.004394247231001485 0.18567796172056625 -0.006452744855633869 0.004405446344917421 0.999969476597326 0.6249607007600271
0.9999796924375051 -0.0010099396877894917 0.006292434697325625 67.61073443305355 0.0010282422667266624 0.9999952486150204 -0.002906108260942935 0.19221058694660154 -0.0062894698054761795 0.0029125193922842157 0.9999759796116883 0.6358464616685846
0.9999696326612997 -0.000511389156220048 0.007776389673647852 69.06724324490195 0.0005105296867766453 0.9999998633507293 0.00011250760662459429 0.20438543943512086 -0.007776446146179895 -0.00010853411228365698 0.9999697570955244 0.6510293805711231
0.9999599591255597 0.0004489917273754897 0.008937480183914197 70.44831418888221 -0.00047833433364713197 0.9999945023501983 0.0032812292886210143 0.2224752221332215 -0.008935957803971824 -0.003285373008959316 0.9999546764640475 0.6597376269433934
0.9999524053964253 0.0010118109937178087 0.00970377145321105 71.87915194480131 -0.0010767914852986892 0.9999770183172096 0.006693531020334686 0.22831459064787318 -0.009696775855940476 -0.00670366138285536 0.9999305143169017 0.6651643265305867
0.9999495559929293 0.0014098886399984084 0.009944731447681337 73.25563253475978 -0.001526655127544041 0.9999298744820322 0.01174374056545995 0.23820728471651156 -0.009927476701823187 -0.01175833033938448 0.9998815864260951 0.6857484695719551
0.9999553914320247 0.002083537668607903 0.009212709525962263 74.66765008571356 -0.002221360053053009 0.9998853980639019 0.014975189418069398 0.24264882912997232 -0.009180452360366792 -0.014994986141235653 0.9998454228955009 0.6854232591187629
0.9999485699797566 0.0032813465241551434 0.009596361832918707 76.08221240067199 -0.0034378385895733376 0.9998606376015512 0.016336665536506177 0.26304164310349915 -0.009541418200242789 -0.01636881608449564 0.9998204954884252 0.6921922266707004
0.9999469836884401 0.0033884096147292642 0.009723604921702858 77.46168054454948 -0.0035503588051872636 0.999854465251904 0.01668661943545373 0.2519733184411864 -0.009665648697577573 -0.016720257058790787 0.9998134867259708 0.6960725114375954
0.9999410841366518 0.003503909667347543 0.01027379543598313 78.86463075518134 -0.0036723315819788853 0.9998584293623021 0.016420572885933394 0.2510770313356513 -0.010214804764133275 -0.016457334237151504 0.9998123893578421 0.7219079815106404
0.9999518069616172 0.0037148735833333873 0.009087544688007756 80.26179773710814 -0.0038484171991176805 0.9998842171737163 0.014722157856986341 0.2634766515378581 -0.009031801551087217 -0.01475642101474274 0.9998503260986502 0.7209574128780656
0.9999543553798682 0.0035038221797141686 0.008888778710551683 81.64862798558934 -0.0036319738713859514 0.9998891081414597 0.014442305421014361 0.26437759860602655 -0.008837189747299962 -0.014473930019494848 0.9998561943735513 0.7255710866986355
0.999949557450184 0.003341343335543158 0.00947195755349344 83.02135378980583 -0.003472620772723434 0.999897677000273 0.01387719115767021 0.2696941089250665 -0.00942461989419254 -0.01390938367332255 0.9998588428301659 0.7345016758475434
0.9999569052751242 0.0028953627877872884 0.008820684039442216 84.39356834511985 -0.003014382489119556 0.9999041924871368 0.013509972052382703 0.2760831933935228 -0.008780722681298129 -0.013535978759364574 0.9998698296219465 0.7380503907963454
0.9999567180840166 0.002319048549855749 0.009010214895648449 85.7844677278889 -0.0024397203958894487 0.9999071731719998 0.013404954441174951 0.2809697663522424 -0.008978291765822398 -0.013426356654115328 0.9998695531037858 0.7389970602317839
0.99994258197151 0.0009414015735741161 0.010674573678947639 87.17541568396476 -0.0010822468401062327 0.9999123384046978 0.013196372525283377 0.2832608053014469 -0.010661214842929 -0.013207167339223278 0.9998559442384422 0.7595444341166744
0.9999382382915586 -6.482066103149234e-05 0.011113748272123298 88.5573573448654 -6.23904985350841e-05 0.9999344954993051 0.011445558875651815 0.28586382999468346 -0.011113762180284077 -0.01144554537067688 0.9998727337923402 0.761389484790085
0.9999256576530969 -0.0013828982630412078 0.012114733154948282 89.92499150576526 0.001273435005393458 0.9999583401022646 0.009038607371202129 0.2821559028650699 -0.012126727930837904 -0.009022508094636908 0.9998857618835132 0.7728820121363317
0.999923610590081 -0.0020184762436901075 0.012194209205598118 91.30431105054367 0.0019280795269076719 0.9999706104035231 0.007420299087203878 0.29345588293172353 -0.012208828520138803 -0.00739622084981904 0.9998981150213789 0.7758853012517825
0.999930000603522 -0.00254030214190326 0.011555983647804966 92.67166904074857 0.0024719839637380053 0.9999794071549301 0.005922378015425838 0.29556827714619177 -0.011570790306781823 -0.005893397246276451 0.9999156887860967 0.7799086312019603
0.9999309981648733 -0.002808616253197793 0.011406602638054562 94.02295896359206 0.002753623264513663 0.9999845248762493 0.004834001131466321 0.3036331906413661 -0.011420002973612975 -0.004802258090124036 0.9999232579799905 0.7860391515570158
0.9999350848680848 -0.0029439105908479193 0.011007244900024273 95.37757861054378 0.0028907269157470742 0.9999840871836244 0.004844489388178783 0.3215327190537331 -0.011021331487374487 -0.004812355968410367 0.9999276831262742 0.7884721134116778
0.9999390312800401 -0.002790012537487222 0.010684079407029255 96.7430188001149 0.002737457321859476 0.9999840981705665 0.0049304901794775275 0.3489609042264899 -0.010697665640037567 -0.0049009423624024094 0.9999307679603696 0.7959881315758492
0.9999490572872479 -0.0029809510612092962 0.00964348283115258 98.09099308791733 0.0029286949655629837 0.9999809774827759 0.005428390036706165 0.3499741237709181 -0.009659481152874901 -0.005399870680173729 0.9999387660354482 0.79775034365627
0.9999456612748618 -0.0029289463443993207 0.010004787398577646 99.4267656830076 0.0028607218768706795 0.9999726058453046 0.006826699736654246 0.35538577190989007 -0.010024508363121938 -0.006797707868309104 0.9999266475096135 0.8025029042497304
0.9999297960122803 -0.002533850786600415 0.011575087344416174 100.78391611360034 0.002445539923791012 0.9999678458580633 0.007637184328374608 0.36759697642408584 -0.01159406664293264 -0.007608340829357668 0.9999038407609522 0.8129389388564839
0.999908999820603 -0.002452224069456538 0.013265695416174799 102.09320071668597 0.0023414507507311874 0.9999623178488772 0.008359455166634664 0.3865544489643257 -0.013285694793402542 -0.008327633482223665 0.9998770628604511 0.8228315110013312
0.99992512791627 -0.002162563992879701 0.012044163674067816 103.45463856935618 0.0020685313186729615 0.9999673282920599 0.00781431549292998 0.39219662333428196 -0.012060669127983889 -0.0077888166890790695 0.9998969319858768 0.8238895935773318
0.9999531070384728 -0.0023747703333461237 0.009388513725209479 104.78422311172412 0.0022967398160522344 0.9999628060043045 0.008313338331560447 0.40198123477651904 -0.009407906798111257 -0.008291385521219661 0.9999213690164924 0.8207212353152926
0.9999650346431881 -0.0022295242147443383 0.00805969681958037 106.11311953640138 0.0021673053434959175 0.9999678496535211 0.007720262097939521 0.41309999899292815 -0.008076650208826636 -0.007702524332236551 0.9999377174806017 0.8256149607490807
0.9999514342563437 -0.0023547950503352783 0.009569956580467961 107.45370891863351 0.002302512676484347 0.999982385722173 0.005470528380865522 0.4129872839499128 -0.009582669985747942 -0.00544822775424658 0.9999392427794211 0.8348542891377027
0.9999277327437633 -0.001451606749485096 0.011934074231447777 108.78067068853112 0.0014204824996447384 0.9999955691721335 0.002616078280394125 0.43346713823341 -0.01193781887050811 -0.0025989370799994675 0.9999253642180846 0.8430620108364691
0.9999211874826832 -0.0004972132254326804 0.012544783865379907 110.13628143299661 0.000482940204790732 0.9999992327071 0.0011407690256439724 0.4494229507783277 -0.012545341445303029 -0.0011346207382763823 0.9999206603745124 0.846967304157453
0.9999322345226047 -0.00038805050575699886 0.011635109773254245 111.45614331521074 0.00038635627930995486 0.9999999144330236 0.00014786064712533112 0.43802066703007214 -0.011635166155071978 -0.00014335532955663327 0.9999322988871764 0.8573642669020851
0.9999585728158672 0.0003956119156050711 0.00909374198369627 112.78110727796138 -0.00041053499243116724 0.9999985722100748 0.0016392189700130608 0.45377283418251824 -0.009093080505186259 -0.001642884361083404 0.9999573074976262 0.8598061083727282
0.9999743420233438 0.0015784970975478325 0.006987391637342854 114.1305604412043 -0.0016114042581670857 0.9999876265874817 0.004706383776516874 0.46218595967108533 -0.00697987616633252 -0.004717522532869696 0.9999645125252469 0.8688164608971365
0.9999731694650353 0.0028961080555277895 0.006728514559879914 115.44367319616747 -0.0029482948424347697 0.9999655511003118 0.00775913462776938 0.4679834091680216 -0.006705811477657382 -0.007778764090810595 0.9999472600700727 0.868649167022556
0.9999488647790974 0.004304161549070011 0.00915106662383746 116.78791175389195 -0.004381283549053321 0.9999549161198712 0.008424374289190496 0.4739598073646363 -0.009114394190356232 -0.008464036924605562 0.99992264095653 0.8793463713106396
0.9999203525123037 0.005368910651748302 0.011422058924895496 118.10892112285295 -0.005467221670439726 0.9999481303392531 0.008593376416649761 0.4755342082619312 -0.011375329396396197 -0.008655138903882576 0.9998978400075069 0.8803978847176989
0.9999056119363672 0.006343938448503496 0.012186946423145911 119.46626957921595 -0.006434892999832616 0.9999516283861898 0.007438618143727581 0.4711777008365353 -0.012139166785234275 -0.007516337723192528 0.9998980674533736 0.8781789899768561
0.9999058827744363 0.007323345406085474 0.01160147426572559 120.80152715261012 -0.00741375867995834 0.9999423337514387 0.007769514396777437 0.46514563497892647 -0.011543906414661749 -0.007854793682176273 0.9999025154688331 0.880336245751083
0.9998983097717551 0.008499003278004626 0.011451509021418234 122.1200781783175 -0.008610738969262913 0.9999154554111164 0.009743572465123604 0.4642679309564088 -0.011367730203975357 -0.009841187594003296 0.9998869564789558 0.8910810562684836
0.9998908523372375 0.009484635425588974 0.011328067052955953 123.47354845573012 -0.009617049842688118 0.9998853940751514 0.011692350811640323 0.4718564007131089 -0.011215871104638104 -0.011800017204346626 0.9998674731329855 0.8955125529199739
0.9998889188401396 0.01070782567795036 0.010367856574395571 124.80399204725616 -0.010841386596785445 0.9998578509996583 0.012912866877807811 0.4723835498426162 -0.01022811406641769 -0.013023834442880949 0.9998628733076594 0.8982580055688505
0.9998809767033474 0.011701051535613991 0.010055735662838901 126.1436870866649 -0.011838624061576632 0.9998356240705766 0.013732145488937293 0.45380162849571537 -0.00989340219988268 -0.013849557117886026 0.9998551446887443 0.8969919358428865
0.9998738560800515 0.012516042279516278 0.009778579307128063 127.48632306593471 -0.012649430811989323 0.9998261323578065 0.013700253813801072 0.44641667573102956 -0.009605406172626294 -0.013822219072465778 0.9998583311810587 0.9117961955295782
0.9998518961841515 0.013489250042569593 0.010687648489997835 128.82527411541832 -0.013625605957586993 0.9998253658434068 0.012789866238024139 0.44232162824618854 -0.010513256357822092 -0.012933597696968004 0.9998610870972865 0.9127769079230531
0.9998263831633298 0.014335509783094617 0.011903641871012833 130.1849932420408 -0.014478437412796223 0.9998230641760961 0.012008962969620798 0.4316281132434475 -0.011729381084195108 -0.012179224145272121 0.999857033839639 0.9220219417595251
0.9998153187668836 0.014642310340670601 0.012447132479515243 131.5132968604151 -0.014777467137933036 0.9998320816229116 0.010836744095098164 0.41320604664916766 -0.012286367407107023 -0.01101867984301325 0.9998638076610508 0.9217497253331025
0.999809645484193 0.014714648204437278 0.012812178776137894 132.86465529910294 -0.014821865611917074 0.9998555840514557 0.00831404479808007 0.40092497309433883 -0.012687990248827342 -0.008502362574123908 0.9998833555640896 0.926498274941354
0.9997993846508888 0.014611665536014532 0.013699988392971993 134.2149543999426 -0.014704375736404833 0.999869497157891 0.00669103784393755 0.38818041792197994 -0.013600433298485417 -0.0068911452959592185 0.9998837634098293 0.9234825179919642
0.9998111184786503 0.013936696208323635 0.013546064567514192 135.54247554645727 -0.014010741334610803 0.9998873348090076 0.005386725888178364 0.36316583576083666 -0.01346946523530144 -0.0055754988419548885 0.9998937380136644 0.9336057453930672
0.9998290573937745 0.012874470117949201 0.013270418616549573 136.89759153398595 -0.012927618721042897 0.9999087232321506 0.003927069957867153 0.360155387808702 -0.013218648390806586 -0.004097953566437108 0.9999042324699339 0.9264775629610226
0.9998191886341157 0.012001223862593087 0.014749937790331699 138.22186391019588 -0.012032611733699844 0.9999255223144163 0.0020410975252532497 0.3486735698018706 -0.014724343580776624 -0.0022182087461490936 0.9998891304820118 0.9351557680546639
0.9998349574894678 0.01077818989910394 0.01462492408639938 139.57671693777846 -0.010800754896212655 0.9999405972550937 0.0014648053790620385 0.3265924353176457 -0.014608267375223843 -0.0016225238443377534 0.9998919771358646 0.9355951894982513
0.999843658708195 0.009578482757530241 0.014863068629131275 140.92374661128773 -0.009581518709419798 0.9999540873426184 0.00013306394012589808 0.32705171139055905 -0.014861111675497522 -0.0002754539068870179 0.9998895296406066 0.9367831310169639
0.9998650626481698 0.008050403246500765 0.01431947984880674 142.2602263515027 -0.008049420467993985 0.9999675949183932 -0.0001262665986068992 0.32746110616706736 -0.014320032321929018 1.0986046340446196e-05 0.9998974630198868 0.9336491862826418
0.9998819950988008 0.00679019324053945 0.013780027322104618 143.60848455545676 -0.006791760868769564 0.9999769334838963 6.696599650970243e-05 0.31667195626575534 -0.013779254752825636 -0.00016054874453074616 0.9999050486734016 0.9315223403362438
0.9999101116842855 0.006272269332941584 0.011850197843698571 144.96203946389264 -0.006257954732697026 0.9999796442076813 -0.0012446577211563065 0.3216122919912069 -0.011857763451986745 0.001170387839290741 0.9999290092992714 0.9326919371302522
0.9999301241783911 0.0050262737675037545 0.010699688434787103 146.28567588364407 -0.004950398630521702 0.999962498077473 -0.007106053198429961 0.3215724490192535 -0.010735004144682111 0.007052588934149745 0.9999175069351169 0.9452381251516371
0.9998900223159857 0.004218916083959808 0.014217736107215976 147.6442459194201 -0.004000757070063531 0.9998743648406251 -0.015337812015505912 0.30644825130721404 -0.014280658801479164 0.015279243490211356 0.9997812798320255 0.9409338484304066
0.9998798629639635 0.0024732552382419983 0.01530172041609671 148.96818793364002 -0.0021339328488777197 0.9997523333244442 -0.022152163391549788 0.2786497884001064 -0.015352718644017514 0.022116849252457875 0.9996375038029445 0.9455055656500487
0.9999192071235281 0.0013930661062157527 0.01263481666977342 150.30270060672714 -0.0010695390544289169 0.9996722905014398 -0.02557670209030489 0.2764629970381749 -0.01266630615712895 0.02556112224509847 0.9995930140401668 0.9510404583974916
0.9999575587127374 0.0019309187886924078 0.009008458574792965 151.66408991303388 -0.0017050764063337696 0.999685729245306 -0.0250107068618459 0.27578597266209337 -0.009053921123516053 0.024994285265078024 0.9996465936601681 0.9507554144463167
0.9999722025458324 0.002594300360384291 0.006990260458439769 153.00148833062477 -0.0024433746023531907 0.9997655705132543 -0.02151357564096276 0.28846816274395065 -0.007044434412306784 0.021495897793461914 0.9997441184232412 0.9505259258752883
0.9999689203639082 0.00360145986294352 0.007013400964980264 154.3402425511646 -0.0034488001491169325 0.9997594758158802 -0.021658630932906944 0.286890842806988 -0.007089716762426429 0.021633769972245462 0.9997408243705048 0.9634232418127289
0.9999367175891415 0.004188159404264577 0.010441270892855039 155.6944207177264 -0.00393532394376401 0.999701347365255 -0.02411906510525945 0.2874512336570539 -0.01053916706913546 0.024076449009323958 0.999654565617839 0.9662514443588284
0.999897228073949 0.004690665715316952 0.013547359343448289 157.03654347802333 -0.0042801772466225995 0.9995355598664393 -0.030171918156153 0.2760372666260148 -0.013682593788125835 0.030110832230797788 0.9994529125524614 0.9731532542047442
0.9998809884599221 0.0049556052516579515 0.01460995869257497 158.37312288621425 -0.004450440015012293 0.9993979324732059 -0.034408809220228855 0.26686242187072023 -0.01477167898655343 0.034339693430068194 0.9993010472100223 0.9619283606415869
0.9998731989903558 0.004945895903331977 0.015136844271708014 159.7280712355703 -0.004400223852394772 0.9993466819889891 -0.03587265292178681 0.2502531413123676 -0.015304377505842955 0.035801498729963355 0.9992417268698536 0.9769109355445291
0.9998650082962381 0.005687736442949859 0.015414760423671346 161.06861227458344 -0.005150614244350425 0.9993857803817959 -0.034663138109155577 0.2477568485726434 -0.015602447169259662 0.03457906338847308 0.9992801669289281 0.9644825711076801
0.9998632988195558 0.006822013660322593 0.015061334711577555 162.43400810488515 -0.006360573037288708 0.9995152727890516 -0.03047560618043576 0.24435165541416787 -0.015261939074479196 0.030375641409624097 0.9994220297875372 0.9637372438623989
0.9998912303024466 0.007538253388971494 0.012676841093237709 163.77141448436439 -0.0071811510928688 0.9995826023064867 -0.02798307051010554 0.23883716999758267 -0.012882493285110987 0.027888992488718713 0.9995280113457168 0.9554450663010763
0.9998941714781544 0.008379394170669725 0.011892501727873902 165.13451200768642 -0.00807818218059788 0.9996509527320531 -0.025153840155243225 0.24126513946322006 -0.012099124624203537 0.025055108365980017 0.9996128514220377 0.9600150678138032
0.9998649472814127 0.009016640203876604 0.013739992626331486 166.4863727757044 -0.008703265841710947 0.9997044591491794 -0.022699064318496835 0.23720380439252794 -0.013940601193144971 0.022576415939661122 0.9996479205608808 0.9572237097073544
0.9998725474865559 0.00821093312567762 0.013691945075514002 167.8105430225229 -0.007904990967542673 0.999721162078514 -0.022251049642400884 0.2150762812587885 -0.013870829122597931 0.02213997898804716 0.9996586524558573 0.9571953421724773
0.9999049815749784 0.007465983423387285 0.011588223033049455 169.21502841032242 -0.007232169865808607 0.9997720328258928 -0.020089253301555875 0.2286802788902004 -0.011735567330729332 0.020003536454929412 0.9997310313222864 0.9536071459963676
0.9999306609996743 0.007552355275914324 0.009035215688664184 170.57438838979118 -0.007400648556930804 0.9998330255162955 -0.016707827143813168 0.21568596778125684 -0.009159890484668053 0.01663980218383353 0.9998195904209878 0.962183366315701
0.999943398830438 0.007413185042442767 0.007631764079042833 171.93394020104313 -0.007316007350925189 0.999892797361637 -0.012683446722462357 0.21729063573503085 -0.007724970671327772 0.012626894782440983 0.999890437176134 0.9459221178661112
0.9999300941860373 0.007717486155448893 0.008958077279365489 173.28420197268554 -0.0076495830956345885 0.9999419379738156 -0.007589766770650282 0.2296930289925371 -0.009016131075223512 0.00752071064530077 0.9999310717703616 0.95951416426612
0.9999003767829832 0.0085728459337259 0.011213510683316129 174.66609296654846 -0.008541307951692136 0.9999594399173108 -0.002857372697487273 0.24518647547847566 -0.011237551678306371 0.002761309988861141 0.9999330440581623 0.9731223629698138
0.9998776233284437 0.008649718801635254 0.01303536465602699 176.05565339778636 -0.008612991788863064 0.999958786011866 -0.0028710015882905423 0.2351840460050723 -0.013059660773080498 0.002758376755924938 0.9999109143409549 0.968353122873874
0.9998583161034984 0.008078115785557151 0.014767930255521967 177.43469963280273 -0.008007920312033952 0.9999563858366948 -0.00480620814066171 0.22528437067126683 -0.014806111270449873 0.004687266769705048 0.9998793970270998 0.9701996347694227
0.9998698182648749 0.006819480815185534 0.01462331030845815 178.8608931499436 -0.006706129981064881 0.9999471980647708 -0.007786456388564988 0.23474373382688116 -0.014675637759334505 0.0076873769144798825 0.9998627555282432 0.963242953958501
0.999931815210259 0.004571977047813495 0.010745322526142884 180.19765325359998 -0.00448553625655375 0.9999574985052353 -0.00805488346553904 0.21394328198537005 -0.010781692576201051 0.008006135711224178 0.9999098243822618 0.9639917944235592
0.9999762896585043 0.0028271961634046524 0.006279098873626453 181.61549385007126 -0.002782819182317904 0.9999711708542749 -0.007064940037179749 0.21918058644859023 -0.006298891823937802 0.007047298928245622 0.9999553287720438 0.962927979139497
0.9999793917691664 0.0023112633378600633 0.005989499040071482 183.01120935598786 -0.0022982408503345007 0.9999949824150223 -0.0021801912239989025 0.23945605974491693 -0.005994507983296628 0.0021663809827479653 0.9999796861274112 0.9686835584682517
0.9999713875287692 0.002202123376290934 0.007237041966401305 184.34328405693466 -0.0022103540075165498 0.9999969192882073 0.0011294907063644497 0.24721361461081168 -0.007234532393272989 -0.001145454813557109 0.9999731743773533 0.9724493962397509
0.9999493269631157 0.0022538647216011685 0.009811401522137896 185.7937378519652 -0.002279477781608925 0.9999940216062871 0.002600140905371371 0.23630412495326317 -0.009805482499858912 -0.002622374020111526 0.9999484865069018 0.9616013772602744
0.9999135191526751 0.003117490150200025 0.012776363757985952 187.15885422213898 -0.003166043930241695 0.9999878369312002 0.0037818190717130457 0.2557790753933945 -0.012764418574488647 -0.003821942545721826 0.9999112272465155 0.9836780463127378
0.9999079914601164 0.003282946646161583 0.013161720081901272 188.60376935953832 -0.0033128679632742106 0.9999919762147833 0.0022522015696130474 0.25146439441938934 -0.013154220617496812 -0.002295597388636017 0.9999108443819256 0.9671450228579117
0.9998973597835532 0.0029337367701679114 0.014023661663157995 190.01129799283257 -0.00293776300934709 0.9999956492505315 0.0002665117421894199 0.24704763312761296 -0.014022818774421728 -0.0003076825818561404 0.9999016281040093 0.9663756696888884
0.999883142568296 0.003620329608819652 0.014852421394237142 191.3797317310364 -0.0035895980349026297 0.9999913622858371 -0.0020952660125822357 0.2651014785905781 -0.014859878656850217 0.0020417069425269696 0.9998875013915638 0.9714960300554912
0.9998827770453445 0.004020611535094297 0.014773857010742322 192.83171806457298 -0.0039648066005489885 0.9999849024510978 -0.0038046259327895473 0.2520891786962503 -0.014788930884625724 0.0037456044575045885 0.9998836222133742 0.9693734839610727
0.9998644182910342 0.00402193766801001 0.015967750402815728 194.20377405360645 -0.003909540205507941 0.9999674070583766 -0.0070640155951389606 0.24140779633424606 -0.015995640997268492 0.007000631281641086 0.9998475536954347 0.9686330090960038
0.9998398262175204 0.004721809151228739 0.017263441941223624 195.64581198767516 -0.004517715890778548 0.9999196727308031 -0.01184222652434207 0.2380275837531632 -0.01731797194964911 0.011762338384139289 0.9997808436068818 0.9581688571551817
0.999831699405081 0.004611280718386558 0.017756941033971536 197.05582384893705 -0.004341532169409231 0.999875049842317 -0.015199861882463521 0.2316740642557924 -0.017824813131410117 0.015120211405936725 0.999726790300165 0.9637941641450872
0.9998996973589481 0.00508092268787048 0.013220417774177925 198.49670227374298 -0.00489451221421591 0.9998886875135465 -0.014094549748828856 0.21896570847904379 -0.013290559494197671 0.014028428531991863 0.9998132646755864 0.9522225107079225
0.9999498520679494 0.00544158735957941 0.008407287094793499 199.9264627208864 -0.005388584103972375 0.9999655458970005 -0.0063142838286131455 0.23585371184987441 -0.008441357156324566 0.006268663806740224 0.9999447221438981 0.9659334501275186
0.9999500057880917 0.006296651785323293 0.007767760339374079 201.35146411118416 -0.006312797816281221 0.9999779608289592 0.0020558307535442633 0.25304134503630776 -0.007754644293990728 -0.0021047642744137195 0.9999677172085221 0.9637965486437237
0.999901527778151 0.007431911414796806 0.011903841381764388 202.7778207086567 -0.007547259588046664 0.9999247180152167 0.009674563292468968 0.25174177152245064 -0.011831044739592149 -0.009763451997729248 0.9998823437712347 0.971915817640587
0.9998547854784623 0.008398007023126654 0.014828399571688603 204.2353525625782 -0.008581643923109707 0.9998867340321749 0.012364242558588487 0.25616180368136793 -0.014722885022817154 -0.01248969913609499 0.9998136046644368 0.9741328764209191
0.9998557799598872 0.007812579554183133 0.01507922018922048 205.68581242051528 -0.007959825143346195 0.9999209848123441 0.0097296102490782 0.24527528646466948 -0.01500201534770541 -0.009848235000302007 0.9998389629349749 0.9623266527321702
0.999863327566171 0.006584936558953155 0.015164590295103775 207.11724259164018 -0.006700272772367533 0.9999489189387929 0.007567420823213844 0.23711046578634767 -0.01511398468570296 -0.00766799345685052 0.9998563743574704 0.9673220506217739
0.9998745049218859 0.005650638413853621 0.014800158537306134 208.56297594593534 -0.005725193879506904 0.9999711108523075 0.00499996158428452 0.22957256648731308 -0.014771477998344325 -0.005084067890788449 0.9998779704001016 0.9623757037044627
0.9998873897141457 0.0051825630180680066 0.014083640551926931 210.0425653943004 -0.005264837816757511 0.9999692559041702 0.005811086750638329 0.2253051194902456 -0.014053091239843527 -0.0058845804458736205 0.9998839344341826 0.9527666403852163
0.9998855223634207 0.004680587940645244 0.014388685296414776 211.47935689991988 -0.004783545058445122 0.999963144332873 0.007129352887005935 0.22954458545391915 -0.014354785428671574 -0.007197365659984278 0.9998710607187575 0.9579923376336512
0.9998711036893729 0.004881580088700909 0.015295299370488404 212.94384394092057 -0.004994866246135641 0.9999603135269823 0.007377173049500111 0.23390921017388924 -0.015258680092933302 -0.007452620133661366 0.9998558051714082 0.9467760171149248
0.9998703686584091 0.004696463357906109 0.015400945127652978 214.4043234011293 -0.0048086072681603025 0.9999621371257411 0.00725269681299372 0.23408258463147302 -0.015366299978775913 -0.00732581373285307 0.9998550941402028 0.9523975547195461
0.9998943814800452 0.004198475572041111 0.013913974540326678 215.8526294097086 -0.00428770614210745 0.9999703951081852 0.006389403979936977 0.22752492558411733 -0.013886736862086031 -0.006448388174642909 0.999882781544553 0.9432487752036582
0.9998934871638626 0.004025163109700167 0.014028983898727464 217.32991444378004 -0.0041219412484027294 0.9999678620635818 0.006876368251776622 0.22778101778898624 -0.014000854532319152 -0.006933462477697143 0.9998779441364007 0.94556396479035
0.9998907975263416 0.0033152132210692905 0.014401471571862202 218.8195323980105 -0.003408502406537364 0.9999733375236306 0.006458045617344458 0.21841575363580487 -0.014379677794753846 -0.006506427833298417 0.9998754378738228 0.9434721692682946
0.9998988645964333 0.0031911300727759037 0.013859194335243246 220.30389666415743 -0.00328490807442128 0.9999718298051794 0.006748998075565024 0.22483425718078795 -0.013837266988318725 -0.006793841692297795 0.9998811798195593 0.9370735555782418
0.9999016723596263 0.003242484906098016 0.01364301667727058 221.7900759091169 -0.0033281876617616093 0.9999748436975647 0.006263795887415706 0.231994790954389 -0.013622363205797091 -0.006308586502920813 0.9998873101290088 0.9299723046258652
0.9999012869708674 0.002674358153885492 0.013793626153682891 223.27417357161062 -0.002786326774440634 0.9999632752663827 0.008104597561536373 0.2330341945900217 -0.013771444989864125 -0.008142231082029805 0.9998720174981885 0.9387337826908283
0.9999044739867033 0.0023072156271966775 0.013627899963813458 224.7637879359652 -0.0024108621644555934 0.999968259397375 0.007593941098550005 0.234164477437714 -0.013609946546481507 -0.007626070668035396 0.9998782987949925 0.9331346801044933
