1.0 -2.1684043449710093e-19 -2.5135375298442207e-37 0.0 2.1684043449710093e-19 1.0 2.3183291766350204e-18 -8.673617379884035e-19 -2.51353752984422e-37 -2.3183291766350204e-18 1.0 0.0
0.9999996051917989 -0.0005752605321510217 0.000677267721610383 1.3273296131564947 0.0005753941083097035 0.9999998150465057 -0.00019704967556571635 -0.005147294397329037 -0.0006771542414461252 0.00019743929362565135 0.9999997512398984 0.014190926913472833
0.9999991949433092 -0.0005967494779263065 0.0011198226618697432 2.628292109638085 0.0005974884623972986 0.9999996039058764 -0.0006596935863360372 0.0026109771196390695 -0.0011194285465113297 0.0006603621363656997 0.9999991554004325 0.02238872817330788
0.9999988872748349 -0.001117982926636402 0.0009877060635002097 3.952068913162743 0.0011192782555432775 0.999998513100449 -0.0013118738802854152 0.0010290909243763538 -0.0009862379422804482 0.0013129779384500793 0.9999986517109183 0.04942137746404745
0.9999992821443365 -0.0005474306212199864 0.0010658473279201277 5.267740877157508 0.0005495005897131223 0.9999979618565761 -0.0019427639577488751 0.012071868060146682 -0.0010647816270901312 0.0019433482468600017 0.999997544815825 0.054373423007450884
0.9999984227272785 -0.0009066756234279397 0.0015272466301206708 6.589238739993435 0.0009101348451881187 0.9999970188182309 -0.002265835213452324 0.00541542470836749 -0.001525187699566118 0.002267221639987519 0.9999962667472896 0.06502565319406606
0.9999967102503768 -0.0006760305557410519 0.002474362768808948 7.92429047642065 0.0006848693568307137 0.9999933821118684 -0.003573050017964958 0.011495240015391416 -0.002471930902763611 0.0035747328787630477 0.9999905553766284 0.09339318125345765
0.9999957501914396 -0.0004940095026026021 0.0028732479306749947 9.23996116783227 0.0005043316540459898 0.9999934183791634 -0.00359288852292595 0.028083378439690235 -0.002871454098974428 0.0035943223237189107 0.9999894177432033 0.10374599477524664
0.9999967710920995 -0.001050772799946953 0.0023138024760362193 10.571777577076865 0.0010581512604536342 0.9999943521629684 -0.003189977754666479 0.023908076781415367 -0.002310437466199872 0.003192415807528563 0.9999922351498669 0.11967969255779266
0.9999995872641368 -0.0009084353337945112 -1.4724136773324488e-05 11.892859175313017 0.0009084254017602859 0.9999993688767297 -0.0006610668889360453 0.042682065634874936 1.5324664000490253e-05 0.0006610532403101685 0.9999997813868602 0.1271993531067222
0.9999992906587156 -0.0009340600094961055 -0.0007390628960228111 13.230849534657908 0.0009355724504711779 0.9999974636847216 0.0020487382247571183 0.04035277485823076 0.0007371473770806247 -0.002049428218387199 0.9999976282260484 0.14481480017451084
0.9999994118431507 -0.0007583566762018895 -0.0007753763630937784 14.571397515910515 0.0007628831606788417 0.999982572694851 0.005854256218350656 0.06544860567825117 0.0007709232360859109 -0.005854844296700356 0.9999825630857898 0.15853183525748013
0.9999999311385702 -0.0003683740130843195 4.498267905040197e-05 15.921907774167018 0.0003681019745967298 0.9999824983760678 0.005904866001356052 0.08356940574770096 -4.715709096611445e-05 -0.005904849036525556 0.9999825651150448 0.17749313634226052
0.9999956490329759 -0.00018187752289538616 0.002944288655026634 17.264332554541774 0.000169140866762547 0.99999063043078 0.004325556844907025 0.0710074450507958 -0.0029450477898743713 -0.00432504002501672 0.9999863102674443 0.19611911832655723
0.9999871383518112 -6.860453690939706e-05 0.00507133358920913 18.630105867856077 6.944594584306229e-05 0.9999999838539516 -0.00016573882140632267 0.08055141777584456 -0.005071322136892043 0.00016608887328969886 0.9999871269702776 0.21620745490234897
0.9999941863052064 -0.0003990678101602103 0.003386458425974027 19.966107793563296 0.0004060366336693148 0.9999978010924901 -0.002057412072685395 0.06911912671011312 -0.003385629932534718 0.0020587751376988828 0.9999921494466305 0.2406822703190863
0.9999995781150841 -0.0002491052254052581 0.0008841471825797383 21.321684503130996 0.0002517384447500832 0.9999955298965914 -0.002979398360580251 0.0753828605236007 -0.0008834010466502192 0.002979619677453697 0.9999951707229233 0.23118856066333168
0.9999999806034399 4.748789669790651e-05 -0.00019114920784131823 22.674251956683484 -4.764976195837087e-05 0.999999640257483 -0.0008468851190466476 0.08692210981123831 0.0001911089222837728 0.0008468942108342415 0.9999996231237167 0.279663608018173
0.9999991276723311 0.0007927548289436133 0.0010565009977036145 24.040783997246745 -0.0007941296154895817 0.9999988377529822 0.0013014802491020281 0.09566000513849797 -0.00105546801503623 -0.001302318112515867 0.9999985949764145 0.2582577573356817
0.9999822746909584 0.0016209671330970734 0.005729115939668353 25.430249274441437 -0.0016314682947453502 0.9999969969908844 0.001828748319630713 0.10691347692216918 -0.0057261343941601315 -0.0018380627755140771 0.9999819162915564 0.2761796420056776
0.9999768196765362 0.0017222377285344035 0.006587412755166199 26.803970505378444 -0.001724440536544941 0.9999984591191008 0.0003287312887183664 0.09798259232728414 -0.006586836451319728 -0.00034008327020672297 0.9999782487279075 0.2946092384774968
0.9999812792490302 0.0017178267560108065 0.00587283770499831 28.171444600814592 -0.0016933249367123617 0.9999898530999053 -0.004174487739641999 0.0951530196990137 -0.0058799491606326415 0.004164464967561461 0.9999740413777761 0.3095356039713456
0.9999920244322482 0.0016252747805776695 0.0036482261143446627 29.533960088660812 -0.0016110207156091365 0.9999910712453923 -0.003906666321386661 0.10405160325697946 -0.003654542946477216 0.0039007577956592953 0.9999857141001925 0.3105681796121181
0.999995546656688 0.002373376334120395 0.0018093511456836085 30.920110153933106 -0.002365854678214434 0.9999885984790007 -0.0041479686167391686 0.10461071895841673 -0.001819175206878169 0.004143669482538323 0.9999897602499669 0.347102615143106
0.9999958521176205 0.0028087852411092834 0.0006375523690037769 32.30564065323883 -0.002807638178655593 0.9999944511684091 -0.0017929864053799604 0.117121123635437 -0.0006425849450859918 0.0017911889519111356 0.9999981893617242 0.3324994283097048
0.9999931839702447 0.0034190620331048757 -0.0013935665991037691 33.68414403917392 -0.00341923679516321 0.999994146822932 -0.0001230431428210371 0.11706900673532748 0.0013931377501736552 0.00012780723834748052 0.9999990214157806 0.3720454124589204
0.9999928659480736 0.0035990513462572362 -0.0011466832017194635 35.08120151808956 -0.003598947807424659 0.9999935195025571 9.234483413596479e-05 0.12833026626420943 0.0011470081244415239 -8.821732234848398e-05 0.9999993382948144 0.3600142237919701
0.9999952058545791 0.003042060568831257 0.0005780444218942735 36.47411455583329 -0.003042160773733004 0.9999953577311363 0.00017255145086641536 0.12093318162521467 -0.0005775168264918767 -0.00017430912769542925 0.999999818045305 0.3973170984295633
0.9999941597495396 0.002888651095609943 0.001826516263291441 37.87615253623601 -0.0028909927317958407 0.9999950009906479 0.0012806852614009258 0.13604496358069712 -0.0018228076796360819 -0.0012859582271199208 0.9999975118387051 0.40264401938321637
0.9999940034516385 0.002456110960609376 0.002441429850230311 39.26849690829363 -0.0024639644725534334 0.9999917834850816 0.0032189814233428136 0.13231615245709882 -0.0024335036146296537 -0.003224977716978233 0.9999918387561384 0.412588340371958
0.999992073151824 0.0029453168123040746 0.0026793175235525907 40.668352356849184 -0.0029609709557417976 0.9999784609200979 0.005857503467469504 0.14617558985929194 -0.0026620076100775008 -0.005865390417297277 0.9999792552401957 0.4373527269163985
0.9999913588248215 0.002839612186289029 0.003036260581456875 42.08825436726318 -0.002866122049011688 0.9999574994852926 0.008762680384524645 0.15112666374954517 -0.0030112489248149254 -0.008771306958067469 0.9999569973524662 0.4552069046656079
0.9999918457882814 0.002572169749286602 0.0031132458507100416 43.475833353320176 -0.002600957839193333 0.9999535709928233 0.009278516962288928 0.15734374977066598 -0.003089235385147454 -0.009286538724497922 0.9999521072647697 0.4582077598887175
0.9999920614930546 0.0023274562109752406 0.0032341766273436853 44.90410055417192 -0.002355701513257359 0.9999588802834207 0.008757192056112702 0.16868631869931483 -0.0032136616578756997 -0.008764741291857916 0.9999564248950228 0.47826719617931135
0.9999952502236327 0.0013724394518651343 0.002759699281649368 46.30755050054737 -0.0013957997481827194 0.9999630635061768 0.008480764494121308 0.15362846155610296 -0.0027479580122601885 -0.008484576199948923 0.9999602295558909 0.5019400979587796
0.999994369483938 0.0003883169110578743 0.0033331982235701623 47.73662894472126 -0.0004150404007214976 0.9999677497186672 0.008020427921917685 0.15965323028294223 -0.0033299762591937135 -0.008021766174695842 0.9999622805513975 0.5171916864760173
0.9999907887867185 -0.0005614874892521589 0.004255240711883759 49.13394303565611 0.0005260380380783175 0.9999651889077849 0.008327319893015352 0.1687771932734288 -0.004259768268245869 -0.008325004769820123 0.999956273378933 0.5293698196924742
0.9999894879808422 -0.0015189269419043539 0.004326290415386084 50.56519151837807 0.0014788624701807778 0.9999561345271183 0.009248891143162893 0.17840585880104612 -0.004340149030551279 -0.00924239593011159 0.9999478692531244 0.5488689881102244
0.9999863144760273 -0.0027135210298449104 0.00447299276463999 52.014693263709546 0.0026724444306200526 0.9999544404999426 0.009163785528493376 0.1831871942980609 -0.0044976551020704265 -0.009151706292684778 0.999948007333639 0.553026316676292
0.9999761024112034 -0.003777842960397785 0.005789862611940859 53.42473141318576 0.0037193453332204007 0.9999422668969487 0.010081137995473067 0.19660763005707532 -0.005827613301415027 -0.01005936258209694 0.9999324217904184 0.5781823769199708
0.9999681953436839 -0.004550274447780487 0.006550061339118593 54.87972844866961 0.00449434095849506 0.9999535281040447 0.008528923239334407 0.20872291758955974 -0.006588565886832564 -0.008499213770904979 0.9999421754105742 0.5860897125869166
0.9999610402432096 -0.004979330726668311 0.007288639189359526 56.27113986344794 0.0049381568208781736 0.9999718106612683 0.0056561904173477034 0.21460633332054943 -0.007316597770181508 -0.005619977610216827 0.9999574407187188 0.5831284771998779
0.9999610884563723 -0.005354998069579517 0.007010390062030413 57.70299932536427 0.005325024940811031 0.9999766315858485 0.004287235892750422 0.2321104142801651 -0.00703318438026159 -0.004249738567858813 0.9999662364498003 0.6017005124331928
0.9999600373089573 -0.005313434187934232 0.007189659393822787 59.15340546736417 0.005290958636423438 0.9999810681511703 0.0031415117304018523 0.24713629939232276 -0.007206215496108119 -0.0031033459966764735 0.999969219377201 0.6160213125040354
0.9999550198167636 -0.00513639470394244 0.007973442964074736 60.55527433787225 0.005110368635700449 0.9999815592723342 0.0032810436873485166 0.24650637413344675 -0.007990148663403578 -0.0032401488725600992 0.9999628287889607 0.6401656711531138
0.9999502478344306 -0.004564959622874382 0.008869216397293567 62.0118323329137 0.004557341182077347 0.9999892289453637 0.0008789963635288191 0.2614844456578922 -0.008873133449387333 -0.0008385325864160644 0.9999602813941616 0.6381071213202667
0.9999552998688349 -0.004140493603208832 0.008500269228103237 63.4121346811161 0.004155371891392524 0.999989864023753 -0.0017334169147496473 0.2706481224464418 -0.008493005867929034 0.0017686612106059233 0.9999623696364026 0.6444303781345585
0.9999639725634375 -0.0036581668212837047 0.007659725233729961 64.82828009975951 0.0036753028906259424 0.999990772309268 -0.0022242852729946238 0.2846669817976951 -0.007651517745567674 0.0022523569479909822 0.9999681900762484 0.6600168587002825
0.9999664942587654 -0.0028248904982829046 0.007683121338837551 66.28019160118149 0.0028432520561253723 0.9999931257715715 -0.0023799847367955615 0.2935281931815475 -0.007676345327037391 0.0024017500441869386 0.9999676521363805 0.6718615823965003
0.9999690545752333 -0.002337620282497551 0.007511685784750696 67.65046817874156 0.002341795735895503 0.9999971083255594 -0.0005471135626244606 0.3019340210358148 -0.007510385119640088 0.0005646874657029857 0.9999716372194867 0.6827803490210065
0.9999580143375897 -0.0016765289778461834 0.009008818602411256 69.12423425207554 0.0016563124790614741 0.9999960946459312 0.0022510712688351927 0.32062021109198646 -0.009012557405998272 -0.0022360553374440634 0.9999568860033574 0.6931879803172855
0.9999482877728811 -0.0008911127956232233 0.010130532960752626 70.48075161267501 0.000832088356949092 0.9999826643859298 0.005829112847022787 0.3328298042318667 -0.010135551738788006 -0.005820381912089008 0.999931694539856 0.7047538277966443
0.9999363571610985 -5.660980544253442e-06 0.011281914524819952 71.93800473824903 -0.00010487626821854453 0.9999520015406297 0.009797122835654036 0.3545897732982914 -0.011281428471625774 -0.009797682524037432 0.9998883611627839 0.7192583988382681
0.9999417893096394 0.0003815520192086328 0.010782968528809105 73.29206742797774 -0.0005230067386541172 0.9999138110381591 0.013118573058676138 0.3605279830411428 -0.01077703373790637 -0.01312344898268511 0.9998558049191948 0.711895833349952
0.9999458460615458 0.0010687094692684398 0.0103519468859615 74.6857497235812 -0.0012426982460609277 0.9998578368222787 0.016815523962785264 0.3747111921379662 -0.010332504310606847 -0.01682747768217401 0.9998050186659033 0.7201020957992328
0.9999447677605755 0.0017716723507829842 0.010359662413908089 76.14250689204212 -0.001957560357187775 0.9998367733296436 0.01796092022182438 0.3822253094417804 -0.010326150574954625 -0.017980207864433717 0.9997850182611535 0.7214867836329772
0.9999386335118847 0.0022195377720964126 0.010853702707512946 77.4995181535008 -0.002420912961987291 0.9998245242074528 0.01857578999049383 0.39220759374530456 -0.010810568477897842 -0.01860092592906832 0.9997685417954327 0.7300509515500611
0.9999354555273523 0.002198406375468269 0.011146828639332884 78.9282388793666 -0.002397986370239663 0.9998364944025883 0.017923005387247292 0.3856128265099888 -0.011105604021146086 -0.01794857849946483 0.9997772322318477 0.7497922316480309
0.9999481134742287 0.001966764912210372 0.009995108559252005 80.26469212874825 -0.0021359160004779643 0.9998542097940949 0.016940986389964486 0.38996706842294476 -0.009960332432707091 -0.01696145609333579 0.999806531677516 0.7465141393523315
0.9999468520287113 0.0017525683538351443 0.010159804232158428 81.66436906393899 -0.0019228653523401507 0.9998574177479725 0.016776375150584933 0.39568196456961546 -0.010128953880209865 -0.016795019455824674 0.9998076473076064 0.7651047255782372
0.9999410432425409 0.0013852076228114871 0.010769922880907522 83.06749140553455 -0.0015574845760814963 0.9998707112257949 0.016004220525176117 0.40496047351790837 -0.010746361282511335 -0.016020050957000893 0.9998139195302898 0.7672861761844133
0.9999484669804654 0.0011106253378660325 0.010091079960846698 84.4252073512098 -0.001275382287926308 0.9998657574851603 0.016335250492305733 0.41681409020232446 -0.010071582965798163 -0.016347278672171124 0.9998156478554322 0.7732175028459
0.9999446643490388 0.00031816718541644755 0.010515084856056092 85.82686920220594 -0.000495593933554356 0.9998574800324188 0.016875248438887856 0.41975335558882054 -0.010508217096204288 -0.01687952584829583 0.9998023099496199 0.7797404888780326
0.9999368269913738 -0.0008000807920299157 0.011211685740772179 87.17906637816957 0.0006185057390305727 0.9998687537212224 0.016189279867253388 0.4285651582497549 -0.011223166980598467 -0.016181322649761805 0.99980608385838 0.7888037804261488
0.9999215582743092 -0.001981053830843397 0.012367405710036547 88.56726779458276 0.0018028690032884519 0.9998946579397757 0.014402176462461592 0.43082496479424065 -0.012394634388892864 -0.014378749918480456 0.9998197960578433 0.7902826965304053
0.999909843700683 -0.0030220599955304694 0.013083257387176004 89.96079955665616 0.0028616798576915356 0.9999207504182821 0.012259839775939961 0.4319276907985976 -0.013119270515839044 -0.012221294380017667 0.9998392494320321 0.8028403956894721
0.9999037022866564 -0.003946465844056849 0.013304569169252432 91.32895746032507 0.0037978521140185017 0.9999303236477884 0.01117694810532213 0.4413927050182308 -0.013347751599343422 -0.011125343004631876 0.9998490207377669 0.8075019302409867
0.9999079685767788 -0.004261838780676855 0.012879872160359839 92.70037731286827 0.004129022310917601 0.9999382121746446 0.010320998388314176 0.4544401029574076 -0.012923062772254813 -0.010266867252631543 0.9998637836652557 0.8132696003997932
0.9999064636505454 -0.004490986928642031 0.012918784241076856 94.02668474957098 0.004376696280421475 0.9999511573839266 0.008861567367844506 0.4622649664500023 -0.012957950437074301 -0.008804196894246982 0.9998772812888179 0.826410345735844
0.999911063333458 -0.004736618212369143 0.012467151690077304 95.41711800558848 0.004632930653657004 0.9999545504777253 0.008332642584956116 0.4807687182408008 -0.01250605361061393 -0.008274142058272373 0.9998875622770231 0.8237106103795454
0.9999186027640572 -0.004701520015003195 0.011861009903208864 96.75847648128251 0.004607296241294613 0.99995771387856 0.007958848918585547 0.4864804594715031 -0.011897927034590814 -0.007903553903937276 0.9998979813800841 0.8209302867168579
0.999927976947877 -0.0043505124280101 0.011185435107298525 98.10052304071166 0.0042470050814852525 0.9999480978008055 0.009260920709554803 0.5048536584087717 -0.011225144309259243 -0.00921274911004051 0.9998945551352261 0.8284085332268175
0.9999255034304889 -0.0040991916454914635 0.011497139519756082 99.47159051681929 0.003974184016379004 0.999932970206189 0.010874785332704239 0.5221247359062442 -0.011540946698046993 -0.010828283450389291 0.9998747695720853 0.8309260920089051
0.9999098851310577 -0.004015833540207787 0.012809945283741206 100.80782257415046 0.0038758883007933907 0.9999327440295441 0.010930915214481394 0.5292877528871043 -0.01285298047438314 -0.010880280259430365 0.999858200143601 0.833025294523504
0.9998899381122882 -0.003951486441237803 0.014300259323144517 102.142038473724 0.003789764074390018 0.99992876169528 0.011318534481303707 0.5475005320261656 -0.014343965632450833 -0.01126309413299525 0.999833682849546 0.8332475085898075
0.9999011338924465 -0.003760513067062906 0.013549205957255714 103.47976519763957 0.0036127040594767477 0.9999338808627919 0.010917063343892584 0.5576704737361502 -0.013589363854806625 -0.010867034744969395 0.9998486069130033 0.8453509888600179
0.9999304709386453 -0.003587505151815187 0.011233124908270218 104.80602805160223 0.0034667444340323005 0.9999361915238278 0.010751491238509058 0.5677537350933057 -0.011270979169895017 -0.010711801324162546 0.9998791038625338 0.8472098443314573
0.9999417868562607 -0.0037029215143514526 0.01013465692398751 106.14242460646624 0.0036049707250409174 0.9999467829974117 0.009666196728756103 0.5792094597665124 -0.010169910755752617 -0.009629098887537211 0.9999019218752577 0.851388797746852
0.9999323398736507 -0.003379241299512771 0.011130876113106238 107.48086084893892 0.003284440300035932 0.9999582740494645 0.008524236736000937 0.5862961383862674 -0.011159217119545244 -0.008487101286985757 0.9999017156626062 0.8571325720656939
0.9999078502545093 -0.0028436452923314 0.013274211119953964 108.81308432542006 0.002775941095103504 0.9999830598326599 0.005116072590115198 0.5929270450824929 -0.013288534548332391 -0.005078752717175147 0.9998988054400283 0.8533107346844135
0.9998956281725804 -0.0020153429307818178 0.014306332661871717 110.16339071749387 0.001957694592257502 0.999989913047833 0.004042429278387137 0.608548687746934 -0.014314335235847854 -0.004013999932568954 0.9998894876991643 0.8624701728075477
0.9999136871926041 -0.0013114869101966864 0.013072802567756423 111.46895727940009 0.0012643808729010688 0.9999926810713887 0.003610975583440362 0.6145004310787907 -0.013077442636058402 -0.003594134908478434 0.9999080271146744 0.86603858048988
0.9999392235625106 -0.0005413288149400875 0.011011636768316305 112.8113028392549 0.0004903476439298991 0.9999891523457206 0.00463192725281662 0.6233688007673155 -0.011014024713578248 -0.004626246210634328 0.999928642006822 0.8704916270105164
0.9999592659773339 0.0005010778182698182 0.009011953566876268 114.15995872382902 -0.000572680931277146 0.999968277784942 0.00794452392328751 0.6265946932041351 -0.009007686863032455 -0.007949361284831254 0.9999278320121612 0.880125426223445
0.9999580360904027 0.001902091107378193 0.008961479099127902 115.46010139154036 -0.0019919506508151593 0.9999477234800834 0.010029079698722672 0.6379914122388667 -0.008941934400877167 -0.010046509663452625 0.9999095506358325 0.8807219726064464
0.9999356159141543 0.003361763470747492 0.010838015166425073 116.83152679538158 -0.0034834789999746893 0.9999308606158461 0.011231178126539785 0.6489725665447748 -0.010799509268371756 -0.011268209015636787 0.9998781916139297 0.8859705314759408
0.9999048701380179 0.00411126456572768 0.013166175524585154 118.13117851155641 -0.004262595856213611 0.9999249415202197 0.011486583580503218 0.6542728471005275 -0.013117962907409965 -0.011541612948625836 0.999847343457842 0.8835926314153857
0.9998869521541336 0.005076835280352131 0.014153044034894357 119.50086907476673 -0.005231833843195853 0.9999265112649529 0.010936177766352013 0.6521267442673999 -0.014096482772474746 -0.011008987829779516 0.9998400328854656 0.8901866397893139
0.9998903042909797 0.006077146697381164 0.013507319234790118 120.82167146039767 -0.006231860572248702 0.9999151226269494 0.011441654414505164 0.6512956534413642 -0.013436640156678826 -0.011524575044287864 0.9998433081595078 0.8909782267228638
0.9998834299361384 0.007475129390878415 0.013313488638714717 122.1311639755722 -0.007649195010873717 0.9998853022814086 0.013071805433898897 0.6463850427661189 -0.013214248174950583 -0.01317211912357726 0.9998259243103097 0.8894799133715136
0.999878853355363 0.008561600622693474 0.012999138723080958 123.49629405200551 -0.008753510973059556 0.9998524691741026 0.01477890158619977 0.6488065345500603 -0.012870689896386055 -0.014890899275313995 0.999806284467328 0.8880523608548452
0.9998754805438904 0.009752773589382313 0.012405918524582631 124.82347836049715 -0.009944972325983506 0.9998300008863312 0.015526327739495046 0.6496524295367494 -0.012252384770311363 -0.015647770926014926 0.9998024936618668 0.8907824236308468
0.9998710524243086 0.010854123519353632 0.011834970491385809 126.15354543669055 -0.011049783336802078 0.9998012471008728 0.016594233448672557 0.6399079476441615 -0.011652502397128681 -0.01672286752222615 0.9997922608670857 0.8857456832861719
0.9998673139134916 0.011652329706975158 0.011383223612801915 127.49287152350529 -0.011836106125574055 0.9997985057221095 0.016212789631057566 0.6325415014284191 -0.011192013188129079 -0.016345371462182304 0.9998037645821104 0.8959438275987273
0.9998413655051386 0.0126896544464539 0.012498659722122678 128.8226945358388 -0.012884496723856104 0.9997947644927264 0.015633893856191097 0.627210400549113 -0.012297705842666765 -0.015792452721578785 0.9997996623664382 0.8978296486530561
0.9998173197683153 0.013558193561429926 0.013472285576440663 130.19441369647166 -0.013763793258955244 0.9997884066617589 0.015287246314036808 0.6171548363635838 -0.01326216748601484 -0.01546988338973807 0.9997923772571388 0.9020511301517767
0.9998072753105794 0.013939004162201878 0.013824485487764559 131.5188692897125 -0.014136360020147364 0.9997980684971259 0.014282351164884638 0.5995788255995551 -0.013622612136300198 -0.014475026507140531 0.9998024295060507 0.897554515227424
0.9998020384292728 0.013921054859527923 0.014215772376794139 132.8630689127838 -0.014095968499618146 0.9998252492791941 0.01227902992321008 0.5860688771968282 -0.01404235111114169 -0.012476984226780508 0.9998235530531755 0.905087500679702
0.9997920238143234 0.013784722105929313 0.01502965580849229 134.20040421248768 -0.01394283547604714 0.9998480127498445 0.010466553352216875 0.5742404318408563 -0.014883092963067978 -0.010673932576572925 0.9998322662863024 0.8942765923406765
0.9997965014066181 0.013260369171001797 0.015202578219992045 135.5367885425772 -0.01339248693382383 0.9998731443302913 0.008621864113056796 0.554188228423186 -0.015086320585669302 -0.008823709906009137 0.99984726087272 0.9054411903407323
0.9998166739690799 0.012118092741642227 0.014824651149737814 136.87765177783874 -0.012247443076676762 0.9998874447823357 0.008665904726861105 0.5454505010721302 -0.01471796832073052 -0.008845880112031202 0.9998525550367681 0.9067244992695649
0.999810351625223 0.011144632247431889 0.015970533964693733 138.21835503673003 -0.011261391675882249 0.9999103795967185 0.007239739792880331 0.5344988868409232 -0.015888418441440448 -0.0074182172262442 0.9998462522871274 0.9079672568433124
0.9998166029774336 0.010054489368480031 0.016299314531725815 139.56076744649977 -0.010157921185506265 0.9999287151090089 0.00627545517358151 0.5129932336698516 -0.016235056139541043 -0.006439871426178473 0.9998474638704448 0.9088249957888553
0.9998250242364651 0.008748614062808396 0.016534287481830102 140.9168699215191 -0.008832107632939073 0.9999485781559078 0.004983464531682469 0.5100097981171885 -0.016489838850393655 -0.00512862515284447 0.9998508800909912 0.9079551171760298
0.9998424926577967 0.007621317320046362 0.016028268719700006 142.24308557714534 -0.007692049608910832 0.9999609282251166 0.0043559609705885885 0.5104238325072306 -0.015994444306002227 -0.004478565112890256 0.9998620505879158 0.8959327145177642
0.9998556053612506 0.006571352053200287 0.015671176084771987 143.59758849062914 -0.006644065462164026 0.999967382574828 0.004592404662296587 0.5012651644862517 -0.015640486623551973 -0.004695861863460707 0.9998666531390763 0.892020137547445
0.9998938890026272 0.0058317659386961235 0.013349203767947663 144.94542442400729 -0.0058699197191924195 0.9999787935186832 0.0028207366784098165 0.4867131560252583 -0.013332470802224182 -0.002898796121660538 0.9999069167694326 0.893068402558109
0.9999103503618665 0.004717869493414058 0.012531278731746153 146.25464241012403 -0.00471294836837786 0.9999888048658417 -0.00042220926397892254 0.49862385656389097 -0.012533130370605938 0.000363112143418719 0.999921391306679 0.9100758677231298
0.9998699547433407 0.0038178360119019593 0.01566836716878654 147.6459063888905 -0.0036669695477862083 0.9999467507632508 -0.009646189525043638 0.4864203341229554 -0.015704360409940037 0.009587479658579597 0.9998307123197961 0.9025014379127285
0.9998492720662195 0.0023849444754445908 0.017197243630884654 148.95793960535292 -0.002097092215228621 0.9998577285897156 -0.01673692874023326 0.47135160081074956 -0.01723471360051521 0.0166983418118047 0.999712023548704 0.9038336509077753
0.9998968293450268 0.00151617398145005 0.014283972914443376 150.25325636984266 -0.0012487605378592704 0.9998241432911525 -0.018711576342790394 0.4410922644079549 -0.01430983098718023 0.01869180859550412 0.9997228841176676 0.909643105441131
0.9999373160725682 0.001520275045301897 0.011092911672558704 151.65367494125468 -0.0013168926009717004 0.9998313298896938 -0.018318776293291456 0.4629486794661165 -0.011118890208382437 0.018303019827142823 0.9997706585741257 0.9075583173517424
0.9999574692367612 0.002540089642409948 0.008866096222154804 152.96738735609546 -0.0024070008414955146 0.999884753829457 -0.014989509877089448 0.4663382815648175 -0.00890314913730113 0.014967531660726292 0.9998483419656324 0.9073481356272726
0.9999526042558836 0.0033950774555607218 0.009124839228549467 154.33687904989893 -0.0032571650881729774 0.999880886348618 -0.015086549979712356 0.4676121682575935 -0.009174972341348992 0.015056113833679496 0.9998445545777417 0.9154967919061808
0.9999211074917661 0.003943889194056902 0.011925792655621973 155.66240479529515 -0.003726516348946708 0.9998275175473345 -0.01819473085911941 0.4721178734953157 -0.011995493668078802 0.01814885376985997 0.9997633356142339 0.9054005077574251
0.9998752394328578 0.004507557752883568 0.01513893959924786 156.99394407657337 -0.0041181933622527036 0.9996624295626175 -0.02565282449158246 0.4670400833036121 -0.015249460728706228 0.02558727895008092 0.9995562741053725 0.90749291883663
0.9998583980387041 0.004533973233322067 0.0162057692873864 158.35231283162017 -0.004080488672649962 0.9996021879612296 -0.027907264920001673 0.4478930393568827 -0.01632585322942886 0.027837185738545836 0.9994791431573191 0.9092631697196494
0.9998504601473747 0.0044431349054113835 0.0167127464916933 159.68274380207632 -0.003959071762214019 0.9995748687741673 -0.028886111989809077 0.44244157074171836 -0.0168339862737538 0.028815625402174895 0.9994429831855425 0.9246618664121836
0.9998422967396992 0.00547915262365588 0.01689261781992445 161.0486903909129 -0.00500373795677919 0.9995937650050206 -0.028058288785090247 0.44194530572421725 -0.017039491094021305 0.027969337668495457 0.9994635420532569 0.9040215014228072
0.9998405103177936 0.006682817414801937 0.016561819913724525 162.3930813658114 -0.006250046975861007 0.9996412064910721 -0.026046020768504773 0.4448920428929632 -0.0167299384414215 0.025938354544463128 0.999523541955502 0.8872036938548185
0.9998596396489069 0.007497225305848656 0.014983077583438493 163.740304398852 -0.007151449049696614 0.9997098951038786 -0.022999617559468388 0.4449404660544451 -0.015151164234064256 0.02288923860912712 0.9996231914967993 0.8882983770432562
0.999861424850742 0.00823321571262209 0.014468768243136663 165.08875023430443 -0.007918483554543844 0.9997336713253708 -0.02167680872480705 0.4480034137884535 -0.014643384637459537 0.021559234154414787 0.99966032766587 0.8752267209343682
0.9998392796606389 0.008459015499537518 0.015806957470473313 166.4310880672299 -0.008151826256812133 0.9997786041596003 -0.01939820593147567 0.4436747976427662 -0.015967547600477548 0.01926623267428725 0.9996868758277098 0.8828406502138135
0.9998410646336191 0.008240168994370427 0.01580965171201572 167.76334523087706 -0.007938727434641479 0.9997872834943249 -0.01903587060675006 0.4365692049501714 -0.01596314752890219 0.01890733661790249 0.9996937983917814 0.867544184071954
0.9998794212154933 0.007770936090776315 0.013444537256566014 169.1547813721445 -0.007561638695914219 0.999850515757486 -0.015548882909129442 0.434000440010518 -0.013563356885468072 0.015445345310559912 0.999788716008655 0.8736845314412234
0.9999184684790329 0.007033874981446359 0.010657438589572327 170.55857131547828 -0.006913472452338678 0.9999123373397578 -0.01129254330932337 0.437333039011211 -0.010735934668014547 0.011217942702990275 0.9998794414669784 0.8772982171818196
0.9999341245666518 0.006749738566600574 0.009283725351725914 171.9186003779119 -0.006679123162203676 0.9999486881661784 -0.007616452489385505 0.43839592398952126 -0.009334658049861706 0.007553943607248941 0.9999278984482185 0.8607745431084589
0.999919733722253 0.007113510875185207 0.010484468314961283 173.25886086386674 -0.007072557418245168 0.9999672349191857 -0.003938022301096198 0.44125652698227474 -0.010512137954975216 0.0038635542065470676 0.9999372819854796 0.8728200667096663
0.9998875038243458 0.007746230879388378 0.01284428289482268 174.65210157140461 -0.007750179808457646 0.999969933699987 0.0002576993989370237 0.4478961200616527 -0.012841900515718065 -0.00035721591068574754 0.9999174755888296 0.8827553574903642
0.999852866885926 0.007748475450108026 0.015303780846368081 176.03247859465876 -0.007789408346282766 0.9999662379134383 0.0026168971817399135 0.44694757410319 -0.015282987195226255 -0.0027357195477627346 0.9998794658062273 0.884437256086796
0.9998375469017741 0.0069288284658121525 0.01663944534935431 177.41041294229444 -0.0069336422531825915 0.9999759351875747 0.00023162651043088232 0.4449779708143947 -0.016637440023864206 -0.00034696084333043717 0.9998615280165677 0.8810063493892335
0.9998493430359404 0.0055259419955457755 0.01645464055092585 178.8097930808512 -0.005470301378677797 0.9999791739271647 -0.0034245459219422515 0.4368707231691275 -0.016473221707509 0.0033340181473589924 0.9998587486688149 0.8644649197740807
0.9999120264579374 0.0033587414390007456 0.012831921162739622 180.14681101700614 -0.0032868042492761834 0.9999787886412507 -0.005623093935173697 0.42998893585400627 -0.012850535498871858 0.005580423238678801 0.9999018564908605 0.8591524911093168
0.9999601094745145 0.001682055316347021 0.008772123439036165 181.56455983903547 -0.0016626925533896025 0.9999961665288007 -0.002214132149583334 0.44190904879207454 -0.008775814104106907 0.002199458482368893 0.9999590728970834 0.8726616421351147
0.9999676730993001 0.0012423752565844026 0.007944133690538476 182.95877647141387 -0.001252179181288052 0.9999984604897401 0.001229254020823243 0.4677601516938179 -0.007942594265683627 -0.0012391617616712381 0.9999676893152395 0.8670859137045144
0.9999583066597019 0.0008215626912728164 0.009094502570564872 184.28864511210656 -0.0008602399231040538 0.9999905998899447 0.004249719875850233 0.4834949284757492 -0.009090925669941453 -0.004257366145025251 0.9999496136825948 0.8643769100151801
0.9999234523858851 0.0011294280982891785 0.012321272696577287 185.73682851792665 -0.001219364131834329 0.9999726536713232 0.007294179915933516 0.4791165230977046 -0.012312697503253376 -0.007308645681848781 0.9998974853346169 0.8702593855410788
0.9998873655470595 0.0015177948742187983 0.014931594626187405 187.10069162299044 -0.0016586640534759596 0.9999541944195621 0.009426446641354093 0.48560998830996205 -0.014916603263434346 -0.009450151397961003 0.9998440826377064 0.8853284112907653
0.9998784128180493 0.0016565539122596284 0.015505334875271544 188.55078910436018 -0.0017569847207742884 0.9999775529772003 0.006465798204530083 0.4898313647396184 -0.015494275883354483 -0.006492254682813672 0.9998588790644327 0.8635606891925797
0.9998661707232503 0.0015287812992154533 0.016288138965615165 189.9732858662166 -0.00163203857042993 0.9999786461434128 0.006328009741761949 0.485756218709575 -0.016278117008077162 -0.006353745739827351 0.9998473147544804 0.8691706389099867
0.9998542361671643 0.0016469253093298983 0.016993941732334282 191.3292809820772 -0.0017013067061717525 0.999993477186234 0.003186085447120994 0.48772487552099036 -0.01698858363925666 -0.003214532938127992 0.999850516229262 0.8683217759372206
0.9998500265489723 0.002083065812471869 0.017192592789931755 192.78120812791636 -0.002108388595233718 0.9999967189838445 0.0014548948681752025 0.49608463980177747 -0.01718950573899642 -0.0014909253391317294 0.9998511379370841 0.8595389588408571
0.9998323973637316 0.0024883867188486754 0.018137946781005544 194.14109025305493 -0.002457439164011608 0.999995486939115 -0.0017283211962825804 0.4909808851041347 -0.018142165654858124 0.0016834586243193637 0.9998340001182257 0.8534142782149612
0.9998016804408628 0.0028680593934857107 0.01970720738568566 195.59024543976778 -0.0027348746161658085 0.999973263420813 -0.006781806865647879 0.4884387811652166 -0.01972613110726067 0.006726565159465504 0.9997827929468954 0.8406003906272971
0.9997900825842809 0.00322163445168255 0.02023392788304959 197.01050281304106 -0.003009310856818346 0.9999401861408584 -0.010515140928781325 0.47905543716675736 -0.020266593554017776 0.010452043438717095 0.9997399761806424 0.8327288032604212
0.9998679312134346 0.0034518853954557593 0.015880951425620668 198.4198109495292 -0.003305714074640756 0.9999520192184517 -0.009221253461315259 0.4878631137985226 -0.01591202015531045 0.009167537736913652 0.9998313677147858 0.8231412430930014
0.9999265515247869 0.0036321936752630336 0.011562816475801381 199.8649565868557 -0.003606377400435755 0.9999909595026197 -0.002252766094272282 0.4989031741458828 -0.011570894424948786 0.00221090075201393 0.9999306107526019 0.8272279336142002
0.9999318770163771 0.004911303531121099 0.010588693221082001 201.3113685579397 -0.004990036164270589 0.9999600060410647 0.007421984736781787 0.5140521315112757 -0.010551818117474457 -0.007474317091142679 0.9999163933641837 0.8172902900957832
0.9998725827373275 0.006086286195330896 0.014757215541382417 202.73467169862963 -0.006293475248412604 0.9998817083738318 0.014034294735578962 0.5318584937500602 -0.014670053152047955 -0.014125380694905394 0.9997926100750796 0.8162490387582954
0.9998324893300381 0.0070176638177158095 0.016904013566038826 204.1742385584252 -0.007287672279080397 0.9998459963479664 0.015964755547612057 0.5265278365862389 -0.016789374998850477 -0.01608527219178492 0.9997296539093278 0.8066634392010481
0.9998250926093948 0.006615659964245349 0.017493348217326354 205.6372772994663 -0.006884052514777324 0.9998588348777668 0.015327104679238578 0.5236096039653237 -0.01738947985389275 -0.01544484898314096 0.9997294947285986 0.8050668668347899
0.9998269668922559 0.00532193244919389 0.01782451430019556 207.0795953633972 -0.005533863160386357 0.9999143345237332 0.011861701921807475 0.5121342506426942 -0.017759860178328476 -0.011958287877698443 0.9997707670848754 0.8015425248224654
0.9998408834309881 0.004292377638093363 0.017314251764174088 208.51107685349777 -0.004463411727669214 0.9999415091926945 0.009851707932416425 0.5056256729327182 -0.017270951788784385 -0.009927420996831342 0.9998015605792288 0.7910550144174204
0.9998523411170266 0.0038065059635358778 0.01675728125773223 209.98901315465702 -0.003975597313615014 0.999941404238478 0.010068898429360177 0.5097547190237814 -0.016717972030158297 -0.010134031869417056 0.9998088871425722 0.7790447701287728
0.9998500327380184 0.003663925739651055 0.016925947003273586 211.45684441664866 -0.0038593046979929916 0.9999261378368001 0.011524957181210178 0.5113113659802329 -0.016882470228949106 -0.011588551201724973 0.999790321857545 0.7818947779195684
0.9998364698895138 0.0034422860373596884 0.017753426309093302 212.89215993925205 -0.0036628227464878898 0.9999163502523151 0.012404685712158067 0.5159653308910775 -0.017709240763037207 -0.012467684826246056 0.9997654423046789 0.7667920510766495
0.9998362805794043 0.0030873479709988675 0.017829198513917493 214.33342410218242 -0.003301983591193649 0.999922286364963 0.012021569574232645 0.526051197256927 -0.017790698173657957 -0.012078473130764392 0.9997687740399394 0.7688150546032091
0.9998489595305831 0.002829193626281805 0.017147996647874718 215.8141719950384 -0.0030453297407367795 0.9999160905339771 0.012591181756186107 0.5226491197422958 -0.01711093487746068 -0.012641501282368964 0.9997736785657777 0.7648241495215086
0.9998574152082627 0.002539002769039721 0.01669439181253673 217.28073298854426 -0.0027425377469909775 0.9999220569859864 0.012180247929336224 0.5275789516942321 -0.01666216491810156 -0.012224296210930852 0.9997864466186714 0.7537980515339351
0.9998574314330139 0.001942496895726034 0.01677329764792968 218.74628793712895 -0.0021410072330811498 0.9999277893337954 0.01182506685209932 0.5228774450959429 -0.016749116281280122 -0.011859292720850541 0.9997893899616845 0.752035357509029
0.999862018757831 0.0017748542236555955 0.01651645658123246 220.22516770190845 -0.002009260800711437 0.9998973470717295 0.014186549614054375 0.5312004135457652 -0.01648958206109814 -0.014217778005091858 0.9997629461387576 0.7523533466862301
0.9998631986813791 0.0017390001023936282 0.016448702115514705 221.7217062067349 -0.0019379344891778667 0.9999250833030694 0.012086032900239635 0.5358206076291917 -0.01642645222063236 -0.012116256022133853 0.9997916623014264 0.7351477532915105
0.9998669063167629 0.0012141693749551726 0.016269463582882105 223.19469762120488 -0.0014455109282179809 0.9998979145763605 0.014215165282250499 0.5382815510883762 -0.016250543089454225 -0.014236791020950561 0.9997665895751485 0.7372324734181577
0.999865845127658 0.0008961264946711581 0.01635508191540538 224.69043446422748 -0.001105932577595488 0.9999171619444055 0.012823656349858803 0.5431284590856827 -0.016342235474006758 -0.01284002361177772 0.9997840092406765 0.7202688802764767
