1.0 8.809142651444726e-20 8.673617379884037e-19 -5.551115123125783e-17 -8.809142651444726e-20 1.0 1.7347234759768075e-18 0.0 -8.673617379884037e-19 -1.7347234759768075e-18 1.0 -5.204170427930421e-18
0.9999993011580781 -0.0003480319849955573 0.0011298482609536818 1.3160940844717768 0.0003481171165631284 0.9999999365833229 -7.515200288644408e-05 -0.058402083065748844 -0.0011298220340017183 7.554526988583102e-05 0.9999993588973364 0.018140396604628333
0.9999976844684006 0.0012037922336848642 0.001783799903291163 2.5652097675998258 -0.0012028053760217308 0.9999991230587825 -0.0005542029350592417 -0.11574037075546209 -0.001784465484192614 0.0005520560876714074 0.9999982554569841 0.031373844761168695
0.9999981629457256 0.00037319281012367425 0.0018801149700229942 3.8941615772535947 -0.00037198965147013 0.9999997258531089 -0.0006402479254022666 -0.11524219660065144 -0.0018803533905177776 0.0006395473659196559 0.9999980276232017 0.046140762227165066
0.9999978031584753 0.000650272822865618 0.0019926925199526603 5.223635419768845 -0.0006483497971882339 0.9999993236941374 -0.0009655329141619431 -0.10488854688967163 -0.001993319032096688 0.000964238831247974 0.9999975484583513 0.051455598618415366
0.9999970357129879 0.0003571241736907337 0.0024085322421971388 6.554352389819133 -0.0003543073963686217 0.9999992529877918 -0.0011698248275213024 -0.10870217898469303 -0.0024089482157190418 0.001168967999036957 0.9999964152347303 0.06259808921859437
0.9999947218634625 0.0005344933244962701 0.0032047717707233987 7.893711846160068 -0.0005270156301299373 0.9999971380668324 -0.0023336907828929495 -0.09652370109842281 -0.003206009941025668 0.0023319895005401905 0.9999921416317368 0.07658288002266302
0.9999944271938789 0.000573407637652095 0.0032888880897598643 9.220041747323034 -0.0005651896499071917 0.9999967175283233 -0.0024990984851400726 -0.08395536372547258 -0.0032903102962364857 0.002497225712640702 0.9999914688245568 0.08066132117405635
0.9999951846188105 -6.946015454500555e-05 0.003102565789438355 10.540562302951471 7.751310411687272e-05 0.999996628595567 -0.0025955325499977173 -0.09729363746941666 -0.00310237504334225 0.0025957605410241655 0.9999918186146844 0.09144848589390896
0.9999998292431501 0.0001317538528328118 0.0005693457587378801 11.870449810801208 -0.00013217415175012788 0.9999997187663422 0.0007382392769975232 -0.07294389312455565 -0.0005692483327496329 -0.0007383144037308234 0.999999565423994 0.12358037842919041
0.999999941524349 0.0001786797217962578 0.00029159021855210875 13.20411891984903 -0.00017915761271504316 0.9999986396252522 0.0016397103996936468 -0.07223909623298588 -0.00029129683888209505 -0.0016397625444179607 0.9999986131615132 0.12096019558930503
0.9999999734898157 0.00021362639758303598 8.593096132179082e-05 14.534027094388787 -0.00021384107765335753 0.999996836904975 0.0025060830070797006 -0.05925335054359094 -8.539532402914807e-05 -0.0025061013162123507 0.9999968560769736 0.12825980860754976
0.9999993768521096 0.000686748385350127 0.0008801545589759379 15.890555975787324 -0.0006889885221923864 0.999996518038201 0.0025473920566490295 -0.044291466466081314 -0.0008784020769296288 -0.002547996885635933 0.9999963680542355 0.14397183717544207
0.9999939287692768 0.001065901175036363 0.003317571291077272 17.21757689020047 -0.0010716426428798507 0.9999979305019411 0.0017293275805686558 -0.04795116462515172 -0.003315721133069774 -0.0017328723322882307 0.9999930015489346 0.1615807236928101
0.999981259121945 0.000932347043026649 0.006050796136106209 18.588701475946507 -0.0009150137715061881 0.9999954721997334 -0.002866762953270444 -0.06109023067312851 -0.006053441557272391 0.0028611726658224106 0.9999775845169175 0.1858679316278847
0.9999882562205848 0.0010221285315557365 0.004737369964318406 19.916203842488756 -0.0010009318999842595 0.9999894881728726 -0.004474559094213419 -0.0631965947435395 -0.0047418937404206316 0.004469764761259124 0.9999787675979592 0.20358281786512675
0.9999962639710052 0.0015067935171787644 0.0022807054453015917 21.270962960317767 -0.0014942672408240383 0.9999838460126156 -0.005484056822314732 -0.09183780740595213 -0.0022889319440823046 0.005480628350286551 0.9999823615961639 0.20034630487320002
0.9999973879929679 0.0018840996466967272 0.0012938994408030592 22.616091379930268 -0.0018796673685688634 0.9999923912316174 -0.0034182348449600416 -0.07012590148369925 -0.0013003298908856194 0.0034157938159495023 0.9999933207250845 0.2358793334796153
0.9999929041188568 0.0027592741375305056 0.00256478423439312 23.97885883756511 -0.0027560126974117984 0.9999953902798361 -0.0012742892488894827 -0.05479931810719113 -0.002568288524823713 0.0012672116287683213 0.9999958990259616 0.2197725827531323
0.9999717982318673 0.0033154796510080145 0.0067387191371415635 25.370011345478503 -0.0033062335115851753 0.9999935783646536 -0.0013827687521580493 -0.05079600681885897 -0.006743260405204394 0.0013604499765979424 0.9999763385275517 0.22311336490108982
0.9999638636201714 0.0029282497707574066 0.007981027947529912 26.761195203360135 -0.0029111816337165962 0.9999934525984251 -0.002149367762109458 -0.05925953955775282 -0.00798726957819163 0.0021260558697605873 0.9999658411221475 0.23921504312772188
0.9999632455888796 0.003159686000257062 0.007970185426576062 28.123088798530418 -0.00310656671782567 0.9999729408280719 -0.006668347237916633 -0.06732885543273714 -0.007991039643370801 0.006643342233959656 0.9999460031868624 0.2736178306263849
0.9999807496492495 0.003289154747480978 0.005261348873819522 29.470639286600306 -0.003254706177368829 0.9999732996562065 -0.006542695344989734 -0.06726801757169794 -0.005282728331451069 0.0065254452511285775 0.9999647550517221 0.26607180531247093
0.9999873251517971 0.00368297532957188 0.0034329620556731825 30.8782653403589 -0.003659464425683421 0.9999699800681283 -0.006829881599574401 -0.06076743072730578 -0.0034580132838212827 0.006817232229344425 0.9999707833176228 0.29344650403008327
0.9999886542806332 0.004274065680261398 0.0021032528542547155 32.255638349603345 -0.004263405465680484 0.9999781748957615 -0.005047088861620159 -0.04198333037705217 -0.002124778539830612 0.005038064579051778 0.9999850514989982 0.26953804346022053
0.9999871115097029 0.005056830998552675 0.00045307254732082793 33.63448970958738 -0.005054999524232241 0.9999793975456021 -0.003956193137958054 -0.057227930084717375 -0.0004730690130106204 0.003953851867090033 0.9999920715991313 0.2991829744507279
0.9999853832909087 0.005336277404240411 0.0008702574329715269 35.02451460923383 -0.005333078728275534 0.9999791637234376 -0.0036373603412867706 -0.04724427442634773 -0.0008896492638472618 0.0036326660236448973 0.9999930061064167 0.30761165288271003
0.9999871835111596 0.00464547921382276 0.0020130415525819578 36.42062109874046 -0.004638201260515934 0.9999827449782195 -0.003605112327262573 -0.05435390913390252 -0.0020297542918859173 0.0035957292305140052 0.9999914753780731 0.3266282614304433
0.9999855411872641 0.004430334385094543 0.003047876908715193 37.826673553444394 -0.004421804350614092 0.9999863044300691 -0.002799749734879917 -0.03932241662741694 -0.0030602389938239475 0.0027862321384477 0.9999914358872136 0.3188705620163744
0.999985595047326 0.004053840195826247 0.00351796496742055 39.21913093493058 -0.00404893354962438 0.9999908219860038 -0.001400742969759175 -0.04471456912348706 -0.0035236110676436713 0.0013864787857399952 0.9999928308951124 0.3223074746650289
0.9999817699347947 0.004533227519330564 0.0039886898015906195 40.617802511984685 -0.004536157392222348 0.999989448185715 0.0007258053059134838 -0.03002611992998793 -0.00398535747309015 -0.0007438853991641978 0.9999917817463925 0.34656846023049115
0.9999821116422575 0.004386466095071824 0.0040663633246742345 42.04114783295501 -0.004407011098592163 0.9999775006788566 0.005057310475383654 -0.028136910821290374 -0.004044088113327384 -0.005075140516707403 0.9999789439283546 0.36359664604943065
0.9999814757543395 0.004157475612657485 0.004445620845678446 43.433558461036895 -0.004179780821180869 0.9999786648929152 0.005019879607082737 -0.023036989136887436 -0.004424655970836721 -0.005038368338348718 0.9999775183793018 0.365947204971297
0.9999824180493307 0.003937432163335121 0.004433984683390469 44.86176851831541 -0.003959146298978908 0.9999801616784052 0.0048991234127967204 -0.010769402819217575 -0.00441460675447868 -0.004916592070699529 0.9999781689465094 0.3821144838004188
0.9999890650439487 0.0029712197000435177 0.0036113219218685947 46.26425393556453 -0.0029880246478336506 0.9999846921309764 0.004656953126248767 -0.021335985760550798 -0.003597429809354724 -0.004667692921584804 0.999982635420014 0.40061287865002276
0.9999898050977257 0.002065076507168043 0.0040156144775217685 47.69298498373811 -0.002080490692220733 0.9999904699173136 0.0038381809532618935 -0.017246554142155826 -0.0040076500710669195 -0.003846496271926195 0.9999845714846495 0.40430866410881744
0.9999893749653035 0.0006982171275424036 0.004556583077771545 49.09992293357928 -0.0007175610470215618 0.9999907324315035 0.004245015577034442 -0.0359797777001666 -0.004553576906743191 -0.004248240100120775 0.9999806085086881 0.41766630816688444
0.9999884306592434 -0.00017476689117637434 0.004807078551194003 50.5187881895293 0.0001491008903309205 0.9999857360550141 0.005339050050007028 -0.026713894050804956 -0.00480794307246908 -0.005338271541025809 0.9999741929371808 0.4357696087289405
0.9999883394623299 -0.001188581667794169 0.00468062100484437 51.96900233765164 0.001166161329049927 0.9999878486066702 0.004789854565408092 -0.013578564623566889 -0.004686257262105357 -0.00478434035391671 0.9999775742886694 0.4266118979481447
0.9999808195237296 -0.002172344481368017 0.005800129662696889 53.38501312016145 0.0021377331405006343 0.9999799129874215 0.005966885174794797 -0.003914641552979158 -0.005812975285499818 -0.005954371597696146 0.99996537678922 0.4523656167462232
0.999974014465489 -0.0033423011027950826 0.006387442141596178 54.84692320313271 0.0033091346076686403 0.9999810254936764 0.0051959869864727035 -0.01134040134438401 -0.0064046874960698675 -0.005174715060128311 0.9999661005764765 0.45833686221210845
0.9999669108669405 -0.003288633150919661 0.00744056874350522 56.22296598530534 0.0032838116328280666 0.9999943903902817 0.0006601281155367525 0.013016928268378962 -0.007442697924023096 -0.0006356728462749219 0.9999721006946365 0.4563989054204815
0.9999636031200416 -0.003963143622373119 0.007555523000574789 57.66458353914521 0.003957431220316913 0.9999918722256913 0.0007708571157703469 0.020994600966978808 -0.007558516608451184 -0.000740928596368142 0.9999711595098605 0.48062247468537544
0.999960013191113 -0.0035325154225089406 0.008215433866735575 59.10337862250965 0.003528212107245673 0.9999936309866962 0.000538242853697015 0.0502595251224277 -0.00821728289370972 -0.0005092355378479969 0.9999661078961686 0.496431229323059
0.999955987837432 -0.003901920930711531 0.008532139304772172 60.530415319189174 0.003898321778255398 0.9999923054058563 0.00043842490100280836 0.019990064302383353 -0.008533784352720813 -0.0004051445805078893 0.9999635045252852 0.5083621797454949
0.9999530275298752 -0.002811792529417022 0.009275589286294563 61.9691184254472 0.002831492171939351 0.9999937623698847 -0.002111367661736728 0.06164684348594515 -0.009269594700781368 0.0021375322440365823 0.999954751761293 0.5031887413012057
0.9999572281618871 -0.0027481054433601123 0.008831181306479138 63.38406718683384 0.0027904348609516945 0.9999846612070253 -0.0047844355944673235 0.050687396472440416 -0.008817897713316794 0.004808873791543599 0.9999495584342114 0.512890895223326
0.99996344643526 -0.0023318990155319257 0.008226058612626775 64.79447969348007 0.0023671541002568863 0.9999880447914374 -0.00427865115006105 0.05273848705869838 -0.00821598288597578 0.004297967098483069 0.9999570116280189 0.5333735803789086
0.9999677449276171 -0.001298809352627803 0.007926045586654953 66.23105632005301 0.0013345942451957618 0.9999889337678621 -0.004511230432484466 0.07536535827366767 -0.007920098646916987 0.004521662977247439 0.9999584124359089 0.5356036262983322
0.9999690028407082 -0.0009474531192645398 0.007816373222068278 67.61417954542918 0.0009690467862506347 0.9999957236100703 -0.0027592951813745813 0.07047121667099246 -0.007813725493381978 0.002766784082413292 0.9999656447097348 0.5448192406361165
0.9999589245239622 -0.00012547384924690278 0.009062754614024934 69.0724551408791 0.00012812386057037183 0.9999999492106875 -0.00029182682973033025 0.0988276839549806 -0.00906271753709822 0.00029297599791292927 0.99995888981293 0.5534367988528944
0.999949211543376 0.0006635280039148771 0.010056543360852894 70.44312043436162 -0.0006930579179129049 0.9999954580302702 0.0029331876094683177 0.10777798554171714 -0.010054551432217746 -0.0029400084043997173 0.9999451296676627 0.55950881912733
0.9999386662704165 0.0015584883070147422 0.010965163543580271 71.87577942171585 -0.0016280158797795916 0.9999786103213871 0.006334703150305261 0.12089564413117485 -0.010955056441467976 -0.006352166079708577 0.9999198151474247 0.5653017803963478
0.9999376250556322 0.002070288805103138 0.010975422650870318 73.25265922160385 -0.0021812216187881593 0.9999465635116483 0.01010506771351712 0.12887965276691554 -0.010953915754263577 -0.010128377239642073 0.9998887076590774 0.5723593717470962
0.9999426900651024 0.002661055791502091 0.010369926105869709 74.64682273243461 -0.0027984134124793307 0.9999082480181566 0.013253845767678492 0.13862565704969657 -0.010333705421558169 -0.01328210553094149 0.9998583900757774 0.5733575304002709
0.9999382369421074 0.003450765729559279 0.010564777185991362 76.10226029994607 -0.003596835629155278 0.9998977743356939 0.013838484453958157 0.14839319735192957 -0.010515943826722522 -0.013875629513838342 0.9998484294286949 0.5730996144506064
0.9999333875188677 0.003796867976085102 0.010899739382852878 77.46751827403934 -0.003955249212319288 0.9998863763907163 0.014546144228319582 0.1477742473750097 -0.010843271125927928 -0.014588286459170142 0.9998347890374064 0.5760117032732632
0.9999284573192692 0.003944995951618368 0.011292353609783635 78.88624061522725 -0.004102169736142037 0.999894565795816 0.013929447061976487 0.1449396234753488 -0.011236211397199644 -0.013974773663220443 0.9998392137011327 0.5946848901697894
0.9999461769123325 0.003206875610521503 0.009867077947849577 80.2536527856452 -0.003337230349406188 0.999907001944213 0.013223099354189988 0.12515406038953109 -0.00982375549396967 -0.013255316358141731 0.9998638859446021 0.5903843946072153
0.9999442047195625 0.0032186685037190305 0.010061193807137598 81.65570003120195 -0.0033491837816501152 0.9999101170312293 0.012982327471983548 0.1457630426486188 -0.010018503668629797 -0.013015299906504423 0.9998651066781886 0.609738755273806
0.9999418148879773 0.0030012869685547647 0.010361424374600765 83.02183797564818 -0.003141156143109075 0.9999038119970336 0.01350925208460733 0.1614887369475151 -0.01031988258764583 -0.013541012899087079 0.9998550599927191 0.6070642624923286
0.9999519909472311 0.0028967454101475414 0.009360804810341142 84.3983829312869 -0.003018008168781443 0.9999113800101375 0.012966254390355963 0.1727179276639727 -0.009322415318021677 -0.0129938828781487 0.9998721176132411 0.604339566158808
0.9999514986577704 0.002088692729320489 0.009624847778607877 85.78309956896746 -0.0022143534091222886 0.9999122136377374 0.013063753559338306 0.1780034759544658 -0.009596716681157039 -0.013084432764246964 0.99986834165713 0.6067195649102731
0.9999430633791472 0.0008559859425008122 0.010636601336574113 87.15047784652181 -0.0009908869840141595 0.9999190647604146 0.012683929660902586 0.17925248395380253 -0.010624883195211161 -0.012693747150627118 0.9998629809330697 0.6241284828132956
0.9999339713882935 -0.00023545891236886253 0.011489013131507514 88.54263412373749 0.00010094318323838914 0.9999314611693252 0.011707381186755515 0.18701031575021898 -0.011490982295222794 -0.011705448427071274 0.9998654608511147 0.6250378723285649
0.9999263599003663 -0.0016151463151106342 0.012027721263154838 89.88803954223425 0.0014858673194828277 0.9999411173096754 0.010749609843472634 0.167260896799446 -0.01204437523129595 -0.010730946643179966 0.9998698814392947 0.6370312145433488
0.9999166962616164 -0.00271204594227544 0.01261924498777537 91.26879456939334 0.002589082892873641 0.9999491133971514 0.009750244408455703 0.1641984914560693 -0.012645045948051574 -0.009716759905327494 0.9998728356095659 0.6471675658611477
0.9999205146709124 -0.002577107288662106 0.012341914692646413 92.64866336831716 0.0024666533334791025 0.9999568485560992 0.008956374662047262 0.1922169280468623 -0.012364463659628474 -0.008925219536641686 0.9998837234872026 0.6552352097155236
0.9999228992317221 -0.0027645778505935407 0.012105895313251243 93.99277644110224 0.0026669833121687617 0.9999638766817407 0.008070472826131074 0.20740686558110114 -0.012127769458560965 -0.008037564365696508 0.9998941517815909 0.6650839617133824
0.9999250788361264 -0.002834891209371698 0.011907984984778488 95.35025943606148 0.0027476349357033946 0.999969305158507 0.007337522952116006 0.23279311402862093 -0.011928420550382395 -0.007304254420798475 0.9999021755404522 0.6618589902885419
0.9999314927970413 -0.0026894456968201436 0.01139195306014719 96.72522709502097 0.002609379965445156 0.9999718332839901 0.007037313042060124 0.23561421182424352 -0.011410558657518692 -0.0070071050013448275 0.9999103457963736 0.661933561942534
0.9999407674338057 -0.0022371172077532155 0.010651616332291365 98.0739196784119 0.002147974991377943 0.9999626389322014 0.008372988903861017 0.25022050581272387 -0.010669949734088566 -0.00834961354474201 0.9999082138508141 0.6706738860667519
0.9999388474904823 -0.0022600010679471967 0.010825602735127825 99.40029337576033 0.0021482424557077145 0.9999443977315475 0.010324073791102272 0.256625570639596 -0.010848333224851844 -0.010300186428677272 0.9998881036524924 0.6714653257762496
0.9999271478152058 -0.001955889884125858 0.011911068671985036 100.76642699411335 0.0018334309770561181 0.9999454440619074 0.010283356975578617 0.2621735309180355 -0.01193053196634334 -0.010260769688282866 0.9998761818407338 0.6750526248507909
0.9999071010423428 -0.002029240662197475 0.013478555836335828 102.0648828132863 0.0018851830362200416 0.9999410615260078 0.01069203250840825 0.28737359018533687 -0.013499458137950813 -0.010665629684917575 0.999851993533746 0.6804581431569099
0.9999192022562705 -0.0022047924626701406 0.012519099383748317 103.4413225865995 0.0020723276346342532 0.9999418389148761 0.010584150684428799 0.263792603111761 -0.012541707114996177 -0.01055735183332053 0.99986561492278 0.6908916546844078
0.9999438784756917 -0.0017917574625852923 0.010441719407572835 104.755903815702 0.0016802195265655095 0.9999415453628863 0.010680951250962564 0.2614305411889326 -0.010460246714765444 -0.010662807438857775 0.9998884376650168 0.6911042180333306
0.9999579034765087 -0.0018378487169462532 0.008989637754605982 106.04967925901617 0.0017584417284038356 0.9999594411901981 0.008833111415274212 0.29698575817423295 -0.009005507068079309 -0.008816931817841083 0.9999205781239661 0.6913503505819625
0.9999467041268095 -0.0015332064078277742 0.010209710281971403 107.43594295624612 0.0014480800385756238 0.9999641733904424 0.008339964014970072 0.28962434720449703 -0.01022213138893624 -0.008324735051646553 0.9999130996322567 0.6978892122268953
0.9999240185197033 -0.0017745451513874776 0.01219869570544138 108.749677784898 0.001717604642987557 0.9999875893274832 0.004676646800778215 0.2636615280382021 -0.01220684323232892 -0.004655338925849408 0.9999146567571588 0.6948499405527219
0.9999113327122789 -0.00024013140984248271 0.013314242391518944 110.11225020028093 0.00019877934156910997 0.9999951532321172 0.0031070885162486723 0.30000261263904615 -0.013314923970022449 -0.0031041664228011498 0.9999065341073095 0.7166515455742839
0.9999218802316048 0.00014335534560829726 0.012498515245300374 111.41566975634484 -0.00018252244789064537 0.9999950765636758 0.0031326560558167203 0.29602129234210545 -0.012498004626664864 -0.003134692593048749 0.999916983345467 0.7105191772615626
0.9999508746440228 0.002063103590628686 0.009694942095145216 112.78014316073391 -0.0021062428109458044 0.9999879180655821 0.004441560996336264 0.31474930321634637 -0.0096856615610511 -0.004461762705161659 0.9999431387002401 0.7166404037623183
0.9999618571404227 0.0026906936001215263 0.008309297938275796 114.10696659861775 -0.0027527767466575133 0.9999683165022314 0.0074691506797319365 0.30689838475434816 -0.00828893747472081 -0.0074917394271119325 0.999937581729928 0.7261930741657777
0.9999633519895362 0.004034526649727024 0.007550978252084965 115.40383864062203 -0.0041131438352214455 0.9999371975286202 0.010425116133637866 0.31984131400468196 -0.007508443623121738 -0.010455792333520168 0.9999171464081594 0.7229243903557898
0.9999345424423004 0.005868165132221547 0.009822192661933904 116.7815037637482 -0.005976458776805534 0.9999212786648356 0.011032606843776195 0.34403306021630226 -0.00975667828701516 -0.011090586605819033 0.9998908971070507 0.732577267114414
0.9999115447958692 0.005911430944297899 0.011914594753044495 118.07112600198714 -0.006046951230320519 0.9999170689069449 0.011370562403080181 0.3385497581916503 -0.011846390368234675 -0.011441603591062426 0.9998643671731223 0.727255216207023
0.9998967424115229 0.006768146316839074 0.012676620616645769 119.44183168015701 -0.006913255168864847 0.9999106816253341 0.011438342298153893 0.32450599230296967 -0.012598071987200041 -0.011524797915513774 0.9998542231821655 0.7349302830254604
0.9998963308071005 0.007918181681854668 0.012026222904574285 120.76089441528812 -0.008056376667741815 0.9999015727667143 0.011486495272207492 0.3288464368570377 -0.011934087040273808 -0.011582192258122853 0.9998617056318394 0.7371234741877664
0.999887042436677 0.009081915035883696 0.011975858487639079 122.0822086955291 -0.009240440704954509 0.9998695321203763 0.013248886479927429 0.319254054519775 -0.011853970761444753 -0.013358052128239865 0.9998405101917636 0.7376436915126697
0.9998818394453602 0.01013607096278833 0.01155712822461568 123.43818009851402 -0.010306270391145117 0.9998378954173224 0.014763592993724902 0.30808753451958115 -0.011405609934917755 -0.014880959407816311 0.9998242191050962 0.7309662434213259
0.9998731694842117 0.011479268339338827 0.011039535497051209 124.77478297409102 -0.0116555530894969 0.9998034301960551 0.016038985328877382 0.31847434278294773 -0.01085324964124201 -0.016165622988164662 0.999810421832874 0.7357278342090412
0.9998634425361292 0.012787077443605153 0.010468377632261923 126.11985015568796 -0.012960714334884913 0.9997766987384317 0.016690492611453032 0.3146749025734744 -0.010252617408735494 -0.016823891052152703 0.9998059014259395 0.7367541588638443
0.9998505742393563 0.014016778976250277 0.01011726743545196 127.45697462730877 -0.014183297441474075 0.9997619545117576 0.016579155120718843 0.3234280113423369 -0.009882472712645526 -0.016720173981186057 0.9998113684666337 0.7442566479055156
0.9998372246899488 0.014468880921862255 0.010778478982190306 128.74925127135077 -0.014635862210667374 0.9997715363880159 0.015577758686557319 0.2902072286821887 -0.010550623756485036 -0.015732975345281123 0.999820562813715 0.7367715235589338
0.9998153063916883 0.015382298694830532 0.01152119749668391 130.1273583960961 -0.01556657120166765 0.9997495413912748 0.016079065549936288 0.28212197164053243 -0.011270978924565161 -0.016255441390462193 0.9998043436889456 0.7542178364369924
0.9998161295228171 0.015468310406937694 0.011333071921063963 131.44947223789916 -0.015633097530360577 0.9997712114110112 0.01459901008169363 0.24319352076367984 -0.011104657023952583 -0.014773496773404098 0.999829200606517 0.7443243456668901
0.9998068974415153 0.01577902210124255 0.011712825871649473 132.79647922388767 -0.015931354777095556 0.9997882052437322 0.013028299600599248 0.24270947578954247 -0.011504771329209316 -0.01321238498701726 0.9998465247824875 0.7511920075473102
0.999798782821038 0.015733982051406734 0.012443298532828717 134.12097364546543 -0.01588458699567779 0.9998006329482881 0.012098522727145324 0.24228564349286047 -0.012250459809649214 -0.012293744954590466 0.9998493836920858 0.7510432026345273
0.9998099159430681 0.014936271479475786 0.012531551229049271 135.45965162236837 -0.01507302332542169 0.9998270903444122 0.010890058827107873 0.20157620828212705 -0.012366727527773132 -0.011076877164524965 0.9998621739232542 0.7633748660064258
0.9998330157713698 0.013823927091449481 0.011951552756785196 136.79409366101993 -0.013957101772845421 0.9998406238351719 0.011132216266179464 0.18845653897557038 -0.011795757018113164 -0.011297166399803292 0.9998666081771632 0.7602105319427577
0.9998115327621119 0.014169119277982062 0.013271586746237254 138.12927238807973 -0.014263003863183113 0.9998737308033184 0.007006366408617069 0.25366470505578176 -0.013170636912291178 -0.007194338631124556 0.9998873815660367 0.753996141628388
0.9998380615344247 0.01226877845475336 0.013165400955236536 139.47486595215338 -0.012357238690286675 0.9999014735759608 0.006658963325736841 0.18243536414078518 -0.01308240646957758 -0.006820572985490734 0.999891159289407 0.7513249946029619
0.9998469581643733 0.01112799730910738 0.013499182395174758 140.83772478884978 -0.011201189504355634 0.999922906757796 0.005358534755627813 0.19004774299890775 -0.013438511939095428 -0.0055089215757947564 0.9998945235273241 0.7596519022061738
0.9998676318261398 0.009572218618949095 0.013156422655789273 142.16878696097365 -0.009649262695634141 0.9999365945248623 0.005805054646749231 0.16355300974426315 -0.013100021214386042 -0.005931236020606986 0.9998965995959034 0.7545907030662928
0.9998840001470685 0.008433702683488645 0.012683016555368758 143.520987552832 -0.008507023817889075 0.9999473501146817 0.005738252729549343 0.1481308824151086 -0.01263395407855789 -0.005845481816995834 0.9999031020787305 0.7580713231101185
0.9999094515805641 0.008332562656279782 0.010566789457293517 144.86648174974798 -0.008374030330466761 0.9999573856806032 0.0038861856412149404 0.13486866161278507 -0.010533957275403225 -0.0039743203686585255 0.9999366182522407 0.757456085654779
0.9999270232992643 0.007041711865176706 0.009816433664028054 146.1721468672784 -0.00705269304366786 0.9999745413832165 0.0010844843279909908 0.1256774745331244 -0.009808547125045208 -0.001153637479318652 0.9999512295726537 0.7808997343763293
0.9998989652127739 0.006541497610706991 0.012620149580446402 147.57371364040128 -0.0064361357734740495 0.9999442469637196 -0.008371327282161778 0.12905172185931105 -0.012674206986203687 0.00828925649070972 0.9998853197762742 0.7752647123763952
0.9998872729665329 0.005067758192119056 0.014133619014829488 148.8856768153691 -0.0048518850176804225 0.9998716894737602 -0.015266427239656091 0.1129762059193774 -0.01420917208444418 0.015196131606258068 0.9997835650844036 0.7789121867069982
0.9999280305516675 0.004130594662625559 0.011263742930153288 150.17708971194216 -0.003941042314886557 0.999851117732314 -0.016799123635310245 0.06527484714786874 -0.011331456328988016 0.016753523724138002 0.9997954378473073 0.7868394169512772
0.9999602062116165 0.0037330193125595396 0.008102503318931288 151.60181659057017 -0.0036007340710139855 0.9998609868160787 -0.016280103111678983 0.09269816224913657 -0.00816215090347355 0.016250280304939916 0.9998346401693831 0.7907673462590846
0.9999739421134968 0.004546543509048704 0.005607498204482462 152.9016719117286 -0.004481903172173192 0.9999239815412695 -0.011486674131806643 0.06284753840471086 -0.005659296594826145 0.011461242549365189 0.9999183028034222 0.800806016550627
0.9999645812312971 0.005773777902906542 0.006123705711772215 154.27611369683393 -0.00569401694885202 0.9998997595799327 -0.012963370047135398 0.08233039301724478 -0.006197939488464649 0.012928042416417476 0.9998972203508601 0.8009433257239389
0.9999527495388321 0.005852161974171279 0.0077621446751452335 155.59721133825377 -0.005741948978372758 0.9998834554399879 -0.014145867216949 0.06452010795526965 -0.007844023945628022 0.014100628979511944 0.9998698133010729 0.7923954963571457
0.9999190748349427 0.006526099827715094 0.010920338926563048 156.91468610097135 -0.006264475417316782 0.9996965733385911 -0.023822627957993905 0.07132349802136295 -0.01107249425279349 0.023752289913140084 0.999656555320328 0.792541152614566
0.9999026539817436 0.006654784255322677 0.012263621275162782 158.27033708237033 -0.006325808763891248 0.9996242338270127 -0.026671619546635574 0.0556627505073775 -0.012436506894952157 0.026591445847732795 0.9995690212806612 0.7982278167202141
0.9999057991906779 0.006076878357260459 0.012307083094007631 159.60954813455166 -0.005737434869371523 0.9996072304518238 -0.02743112592574743 0.0261140984235439 -0.012468944861994891 0.027357930803800796 0.9995479323354948 0.8043469104810658
0.9998957286073887 0.007485947434583864 0.01234878551541637 160.9738088954095 -0.00715513439453703 0.9996200390298909 -0.02661919648816248 0.036834137454476605 -0.012543363364553509 0.02652806364750235 0.9995693702163041 0.7913860253147951
0.9998932241633198 0.008527236146998018 0.01186703484339741 162.31472483099367 -0.00823132614555857 0.9996594171168632 -0.024764794355264574 0.035280750707070936 -0.012074168384055348 0.024664468639450366 0.9996228681080516 0.7858580733067188
0.9998915435152438 0.00994222719462132 0.010865234701277563 163.6581034891891 -0.009696202105197445 0.9997005833802578 -0.02246613571372419 0.05089619351696762 -0.011085344894881641 0.022358347604034632 0.9996885612134305 0.7951666207249181
0.9998918796153389 0.010521607643249475 0.010272528992716495 165.01689780462962 -0.010298459564787399 0.9997149607830319 -0.02153924133235755 0.05956813655265735 -0.010496228365328457 0.021431121276839788 0.9997152275677911 0.7883675828025053
0.9998712110664283 0.011255146345061818 0.011440409140642012 166.3703462357643 -0.011001250403777542 0.9996970290410526 -0.022018687882026447 0.07227565257782669 -0.011684766583352369 0.021889993313017605 0.9996920998100609 0.7797409035332249
0.9998785830292785 0.010622732991858544 0.011400734324862565 167.6910175609644 -0.010371595165047025 0.9997071160676194 -0.02186577456884401 0.037502232838732635 -0.011629669517866476 0.02174487589173165 0.9996959093441158 0.7746752064913136
0.9998990096688181 0.010586545221582502 0.009481324991177752 169.07708157295443 -0.010394777590299007 0.9997449060969307 -0.020051716437440047 0.04453776248449555 -0.009691184765814792 0.019951135143411625 0.9997539863107945 0.7764134844074735
0.9999259290405457 0.00974736949741577 0.007288704979796748 170.49153827380806 -0.009624837911096211 0.999814863254807 -0.01666138379477497 0.0378367638048296 -0.007449760236866044 0.016589997066079113 0.9998346228600811 0.78866204895724
0.9999403154082085 0.009381096818571823 0.005600057482998499 171.8366194054037 -0.009315199318058603 0.9998884005303174 -0.011679620995061415 0.024581851019670874 -0.0057090001749121 0.01162675825000333 0.9999161093859817 0.7766720117860322
0.9999356396985188 0.009319324562316152 0.006470444375479644 173.2049317902687 -0.009257685944680783 0.9999120979582281 -0.009491659903539723 0.0029051288297424734 -0.006558331469484076 0.009431147675496057 0.9999340186941633 0.7810417919589832
0.9999103877655411 0.01028286222358893 0.008571999944935663 174.59092614295483 -0.010245371161456154 0.999937807103018 -0.00440616565411663 0.008554761662510938 -0.008616774821781747 0.004317947486735121 0.9999535521818864 0.7993752670568431
0.9998790659127383 0.010211237372822616 0.011729628331107265 175.96641529292967 -0.010192887289327579 0.9999467338128173 -0.0016231407165882119 0.004670660532397572 -0.011745577813675571 0.0015033856440224741 0.999929888158879 0.8130495197952664
0.9998808932307192 0.009187396876784512 0.0124012535966178 177.3934679078169 -0.009122606425712962 0.9999444957363031 -0.0052710054707070944 -0.0011102894100895669 -0.012448992093367087 0.005157245902527215 0.9999092085837394 0.8027308883639841
0.9998903674701016 0.00814193717562534 0.012367776660879258 178.78037489562848 -0.00806274404347492 0.9999467604050541 -0.00643960510642536 0.0026322511677124598 -0.012419549065671803 0.006339180898622464 0.9999027800674124 0.8004436474276202
0.9999449963816448 0.006228310312652106 0.0084387417285813 180.11739163986792 -0.0061538164517835475 0.9999421233120916 -0.008824996837586509 -0.006087673059487226 -0.008493218140972598 0.008772580963146773 0.9999254507556325 0.7956944178666697
0.9999790849594667 0.0043376337289738436 0.0047973510670670585 181.53544893651303 -0.004304494781185649 0.9999669532536417 -0.006896645946240706 0.005906369424837451 -0.004827107654296359 0.006875851529979493 0.9999647102260317 0.8098230994183216
0.9999879254431089 0.002646279419476383 0.004140793791216222 182.92641984896954 -0.0026350085038403318 0.9999928154893435 -0.0027250137394878096 -0.03187511201645224 -0.0041479751894157 0.0027140698093018794 0.999987713987976 0.8186182861257788
0.9999803993583485 0.00282198386175702 0.005589034460611364 184.25497723400971 -0.0028239781733369845 0.9999959516767406 0.000348966196649486 0.005527619951737538 -0.005588027057417916 -0.0003647426680149117 0.99998432033527 0.8248747927139146
0.9999614677325414 0.0038782495186456545 0.007875419408051563 185.70711411712134 -0.003898311946027542 0.9999891916465586 0.002533723353765315 0.02138231826713813 -0.007865507876357982 -0.0025643265652177663 0.9999657784219987 0.8189319213494279
0.9999394603826384 0.004074249189213038 0.010221353297006318 187.0766243296838 -0.004134725515360523 0.9999740317735628 0.005902526868929229 0.030631267404136985 -0.010197039501279362 -0.005944432022489763 0.9999303396303861 0.8371865667711195
0.9999326013459906 0.004451705288464709 0.010722643585652964 188.52839207127852 -0.0044859653995070175 0.9999849033808136 0.003173188443701044 0.033644109089447954 -0.010708355610209962 -0.0032210759831875057 0.9999374759401889 0.8273213198415637
0.9999279662129491 0.0037149919606792358 0.011413203755631166 189.9318037030118 -0.0037356689324468595 0.9999914187140968 0.001790886873925202 0.00022203904110104286 -0.011406452685327546 -0.0018333938202510904 0.99993326352524 0.8264552273481635
0.9999164535811845 0.004543677837756085 0.012101274698701403 191.29905461793874 -0.004528960496097885 0.9999889712904573 -0.001243307796912587 0.03188695653468493 -0.012106790427339994 0.001188397727935822 0.9999260039304851 0.8275966460734658
0.9999115874901835 0.005154134263589704 0.012257736449031097 192.75399073528192 -0.005111759919310975 0.9999808594800998 -0.0034857687772126933 0.04379811972535226 -0.012275467949872247 0.0034228019857648257 0.9999187953594921 0.8261736504921349
0.9999059650636477 0.005012646814978571 0.01276457606204381 194.10543372755336 -0.004945254195001644 0.9999736963322297 -0.0053057614537874 0.013947760250296037 -0.01279083621512821 0.005242138453528553 0.9999044526820309 0.8239584493851821
0.9998806861959822 0.005847132557023611 0.014297706568271177 195.5683877889783 -0.005702354305346687 0.9999322699997432 -0.01014586460273845 0.022990466148778917 -0.01435606239983946 0.010063123472431483 0.9998463066983598 0.8214486360249439
0.9998668006781694 0.006194038961086854 0.015100158375011519 196.987810610363 -0.005987485201773686 0.9998884160620668 -0.013685957980713318 0.0030828743785078225 -0.015183244796828954 0.013593723045576865 0.9997923183197598 0.8235054926206158
0.9999001261601242 0.006261636503771904 0.012670028147649792 198.4012556869844 -0.006127702276219256 0.9999252302962187 -0.010582300405298319 0.0039241642547629685 -0.012735343331909987 0.010503605350002007 0.9998637333681375 0.8438948064853615
0.999954478427413 0.006524184014548547 0.0069624777130403515 199.84506611638835 -0.006486764259438833 0.9999644687118324 -0.005383605047283813 0.018983459886763192 -0.006997353957228502 0.005338196025529784 0.9999612696003731 0.8301279853313211
0.9999466421240917 0.008050215086521281 0.006473557122212787 201.30269815069056 -0.008083683459112269 0.9999540102101035 0.0051605742379121616 0.019278758859206314 -0.0064317156720957004 -0.00521262906726281 0.9999657301786499 0.8287290951279024
0.999917850728512 0.008523584295674456 0.009572894297316547 202.74112369466667 -0.008638743279635768 0.9998900369384254 0.012053470281334402 0.03065212347037454 -0.009469102862553123 -0.012135177873809496 0.9998815297568754 0.826186111185782
0.9998863799778355 0.00929119466217972 0.011870165818941748 204.15406766555387 -0.009442114859101182 0.9998744893453152 0.012722107664727717 -0.013600231060975257 -0.0117504724078324 -0.012832741647631894 0.9998486121108525 0.8180768084212251
0.9998790123655174 0.009599253827987469 0.0122398920298943 205.61295564938942 -0.009730233097048704 0.9998955525295323 0.01068674859525681 0.01984408239283699 -0.012136028791771222 -0.01080455263335754 0.9998679805092062 0.8133793714010082
0.9998877841074236 0.008249170058881462 0.012504814516248342 207.05995716491833 -0.008356852024484053 0.9999282399603479 0.008583586315861653 0.005195196272704866 -0.012433109707028182 -0.00868712398556762 0.9998849692138952 0.8264789815481253
0.9999049451084889 0.006797652949053538 0.01199552674850418 208.48604618417966 -0.00688466632246008 0.9999501811053874 0.007227494512724326 -0.021162537191804467 -0.011945799145232585 -0.007309392703043117 0.9999019305217359 0.8231664150027955
0.999912370060901 0.006520350396496528 0.011521164433293497 209.98982760230524 -0.006603134059737987 0.9999525511655661 0.007161985623077096 -0.0023670620281901313 -0.01147391911167268 -0.007237433811990438 0.99990798013219 0.8159253923114108
0.9999093606193405 0.006765033678042992 0.011640655701307533 211.46121574241755 -0.006864608033970135 0.999940010007569 0.008535428671295253 0.00942778608233946 -0.011582214916042272 -0.0086145635639747 0.9998958153689017 0.8245027000585835
0.9999093997134508 0.006121327904330146 0.011988398949573981 212.90320227056642 -0.00623332919343547 0.9999370697160476 0.009327497780794426 -0.012293699554947246 -0.011930547843780791 -0.00940138034397763 0.9998846313829287 0.8072182208212025
0.999913339363367 0.005350222726904036 0.01202866908566335 214.35369179087394 -0.005462289074136964 0.9999418058444879 0.009303135091733535 -0.016571769412778863 -0.011978195242624725 -0.00936803294384683 0.9998843747141428 0.8182334679881016
0.9999196463913959 0.00557323148002712 0.01138594973535944 215.80972081126635 -0.005688959124990349 0.9999322322607473 0.01015709752405794 0.007336844323537844 -0.011328570279619843 -0.01022105556726259 0.9998835899836095 0.822091932350041
0.9999247256198108 0.005403338418351008 0.011015762709988504 217.29777932393958 -0.0055064347650801175 0.9999411244008449 0.009350235727076724 0.00711456251467622 -0.010964591662434051 -0.0094101894726279 0.9998956075829943 0.8219741742958622
0.9999292915075427 0.0045337000360679254 0.010993523057089645 218.77465606357512 -0.004645328008897956 0.9999376993948946 0.01014979096016049 -0.01919360029366673 -0.010946822046308789 -0.010200141804316505 0.9998880558313807 0.8288792237868843
0.9999330567035061 0.004731141414917165 0.010559280870153865 220.26201654718795 -0.0048410958590749875 0.9999340758074011 0.010411908090349028 -0.003070450320620564 -0.010509324548513513 -0.010462329573793979 0.9998900408332024 0.8168816053370896
0.9999319946929737 0.004578435533103027 0.010725852758642894 221.74501263856274 -0.00468346524177608 0.9999411319445736 0.009787634991863482 -0.009140910976136481 -0.010680409292716414 -0.00983720353932431 0.9998945735845685 0.8244895316946568
0.9999386273936133 0.004054350408500288 0.0103103680313459 223.23521850404424 -0.004173564264095231 0.999924385304214 0.011567412646017078 -0.011298152408708979 -0.010262690071817097 -0.011609733707319136 0.9998799384304773 0.827830901540839
