1.0 -2.1684043449710093e-19 -2.5135375298442207e-37 0.0 2.1684043449710093e-19 1.0 2.3183291766350204e-18 -8.673617379884035e-19 -2.51353752984422e-37 -2.3183291766350204e-18 1.0 0.0
0.9999996051914599 -0.0005752610969017927 0.0006772677421528302 1.3273295959154128 0.0005753946731389207 0.999999815046159 -0.00019704978524805178 -0.005147312860110633 -0.0006771542618139539 0.00019743940370223732 0.9999997512398627 0.01419092852461359
0.9999989870489915 -0.0003116580437744001 0.001388801733450739 2.6156968326063668 0.00031237629526809264 0.9999998175729212 -0.0005169866291077949 -0.030369658819690833 -0.00138864035705421 0.0005174199341660247 0.9999989019766825 0.02452026401403039
0.9999987182181015 -0.000821181246218535 0.0013744902745351994 3.9356760005367635 0.0008230091464430435 0.9999987770925387 -0.0013298380998538327 -0.0372737238552458 -0.0013733965555526805 0.001330967613359068 0.9999981711518843 0.05154337187462612
0.9999987923756629 0.0011276827682290297 0.0010693824339467934 5.187390656489748 -0.0011249050943286723 0.9999960015453073 -0.002594509958827179 -0.09572128694573745 -0.0010723039422421503 0.002593303871886078 0.9999960624618897 0.06678771504264813
0.999998073346254 0.001109543266369232 0.0016193262550354228 6.501210388053126 -0.0011052974157218013 0.9999959555624373 -0.0026205297920525294 -0.111839884452807 -0.0016222272969565821 0.0026187349060740875 0.9999952552917883 0.07240682268548378
0.9999959662411224 0.0012239888636193445 0.0025630748615053643 7.851583125729613 -0.001214214318303923 0.9999919983159253 -0.003811690925512673 -0.09725900684360522 -0.0025677198198344495 0.0038085634278748393 0.9999894507741283 0.10257653095808593
0.9999945977076315 0.001237038450619498 0.0030453721322064994 9.164029902247515 -0.001225461762233769 0.999992027801339 -0.0038003390947792047 -0.08867829874580406 -0.0030500490194804992 0.0037965865771365246 0.9999881414953584 0.10718178596227551
0.9999965842047238 0.0007872039618573471 0.0024923661061883157 10.492558515175578 -0.0007784212626653571 0.9999934917688624 -0.003522851154381098 -0.09328670750369983 -0.00249512308767938 0.0035208990102713624 0.9999906887721188 0.12317785908540299
0.9999997156388872 0.0007269001108309987 -0.00020084415252801896 11.831292132304984 -0.0007269573333733026 0.9999996951584698 -0.00028498421551889777 -0.06966750151596415 0.0002006369362445344 0.0002851301396100145 0.9999999392228098 0.14174266673351107
0.9999994399811986 0.0007514093032466635 -0.0007452659580772342 13.165575478924993 -0.0007498965756323376 0.9999976624552679 0.0020279889363903586 -0.06742875475907781 0.0007467880657384048 -0.0020274289282885276 0.9999976659170389 0.15324430672250355
0.9999993751865477 0.0006630318634838858 -0.0009000084790357665 14.518779802734128 -0.0006578834193558628 0.9999834886451805 0.005708732470591257 -0.05626598547546274 0.0009037786902045355 -0.0057081368030427754 0.999983300039714 0.17361364695748197
0.9999992555958988 0.0012088068494173119 -0.00016611336234494825 15.876185089866564 -0.001207852879741484 0.9999834346237689 0.005627749947488892 -0.03530925671907299 0.00017291347329793648 -0.005627545117665678 0.999984150292833 0.18983828558766577
0.9999953594553554 0.001427410109541628 0.00269138777096137 17.20580634906907 -0.0014378580200316421 0.9999914233292367 0.003884048439626722 -0.049397146813640436 -0.0026858205578058902 -0.003887900249018028 0.9999888352374664 0.2031318971444242
0.9999886445314733 0.0014450331786455858 0.004541220895238643 18.579068703223918 -0.0014444036710351512 0.9999989467810232 -0.00014189742568362034 -0.03985220669918419 -0.004541421158826696 0.00013533645823980472 0.9999896785356844 0.23083449411438584
0.9999948782373077 0.0010248238979240726 0.003032034816789768 19.91740190199362 -0.0010173658738473763 0.9999964560302365 -0.002460262922133571 -0.051772555445441695 -0.0030345454075878346 0.0024571656324998046 0.9999923769065561 0.25643823942172717
0.9999992734637739 0.0011284362637218204 0.00042391452312357257 21.275659959734575 -0.001127180066801694 0.9999950076610601 -0.0029519685047760254 -0.04603078305962529 -0.00042724351510874564 0.002951488532063476 0.9999955530793244 0.24704449359394828
0.9999983089448141 0.0016116204870753536 -0.00088588199984621 22.626149696701873 -0.001612570470019218 0.9999981244722929 -0.0010726921161631612 -0.031642311651946364 0.000884151565759241 0.0010741188493344688 0.9999990322718849 0.3011694174325385
0.9999974230503362 0.002236158806782594 0.0003917735030962139 23.995253351365157 -0.0022366995951681565 0.9999965389111553 0.0013854026964676806 -0.03000790282920309 -0.00038867416669266606 -0.0013862754059904407 0.9999989635859085 0.2797700593020125
0.9999832968555443 0.003012559768097146 0.00493259501278381 25.384802428271236 -0.0030214653226222814 0.9999938171634152 0.0017989947877606303 -0.018500457760004484 -0.004927144936034283 -0.0018138684036724812 0.999986216467104 0.3007356210845249
0.9999774260186896 0.0032908863575960377 0.005858115739529115 26.74374650210375 -0.00329250622486204 0.9999945440702379 0.0002668942039313999 -0.02994028296096014 -0.005857205459566463 -0.00028617606160499044 0.9999828054759073 0.32069590201739173
0.9999812383848615 0.0031963531782314017 0.005225533909442333 28.123001206800158 -0.0031763277487904047 0.9999875977754225 -0.003836044495588623 -0.03113386743937991 -0.005237730454212563 0.0038193745168393356 0.9999789890582647 0.3494811808821203
0.9999918491166784 0.0031966522038633476 0.002466397148472268 29.475543872745554 -0.003187427164127407 0.9999879442288931 -0.0037351981132804466 -0.03208067513736626 -0.0024783075434334717 0.0037273062068478753 0.9999899825399056 0.34035615706307837
0.999991434912535 0.004100240522612999 0.0005640294550737119 30.86009689571326 -0.004097634643720568 0.999981270634134 -0.004546182054148305 -0.01462550365381338 -0.0005826593310412834 0.00454383192906619 0.9999895069947007 0.3771753774341899
0.9999902205211673 0.004369959179313338 -0.000679940290218268 32.2518175894841 -0.004371289225236053 0.9999885111302151 -0.00196708873335355 -0.020945696556908873 0.0006713363810059701 0.0019700417119153553 0.999997834119213 0.3743186268427255
0.9999841354235317 0.0049179359622510575 -0.00274641714295958 33.63179525644892 -0.004919011127723399 0.9999878275314008 -0.000384861734474168 -0.022159877748577875 0.0027444909869186822 0.0003983652852933402 0.9999961545297673 0.40751181803162556
0.9999838231934254 0.00510052627117255 -0.002517535147175788 35.02736200834192 -0.005100511317790002 0.9999869922311619 1.2360066120263499e-05 -0.010318334262021294 0.002517565442502512 4.808503372396041e-07 0.9999968309269843 0.4076739366471161
0.9999891819775854 0.004549338361806823 -0.0009692513965192063 36.4107373309231 -0.004549190204877869 0.9999896403670029 0.00015500694174059554 -0.016133412154261315 0.0009699465344568634 -0.000150595955912916 0.9999995182621731 0.4471785044207736
0.999989946826717 0.004483898710779165 2.9964165831123376e-05 37.81466420912143 -0.0044839455073248284 0.9999883168724342 0.0018056442960036505 -0.00949561516370898 -2.1867489624975044e-05 -0.0018057605012354145 0.9999983693740832 0.46541205986007445
0.9999923428589224 0.0038633005086607724 0.0006238050201042589 39.21457080633064 -0.0038654123482163693 0.9999866794160502 0.003420464564898364 -0.025081794530404197 -0.0006105824281636924 -0.0034228496375462297 0.9999939556264613 0.4748800152040112
0.999989465929612 0.004549180294732711 0.0006107278077652442 40.60709486958665 -0.004552834257656183 0.9999709009542211 0.006121188203741741 -0.0048406271819089785 -0.0005828636474119953 -0.006123904265199642 0.9999810788542548 0.5008909597967904
0.9999893796899832 0.004497357700315833 0.0010071151661534476 42.0299221432504 -0.0045062162634744805 0.9999495829841147 0.008973600441411411 -0.0036861181956288815 -0.000966706899367378 -0.008978043417733669 0.999959229275954 0.5344928703756252
0.9999906637260206 0.004199200974110919 0.0010193978476151356 43.422533692771204 -0.004208686664442927 0.9999461255593042 0.009488568674824739 0.0051037939485132165 -0.0009794985213040066 -0.009492770413074938 0.9999544629094524 0.5358613082901368
0.999992431261851 0.0038170980406783688 0.0007531145729526944 44.85224587694768 -0.0038236845425836143 0.9999526625659978 0.00894718188540757 0.004410712423863924 -0.0007189266519969191 -0.008949993839082102 0.9999596895649092 0.5572649132148753
0.9999956286571268 0.0029494539717295613 0.0002082976390460674 46.24545429447804 -0.0029510750206517577 0.9999614828451576 0.00826583222282823 -0.008292742514029413 -0.00018390992433438006 -0.0082664107920009 0.9999658157305967 0.5766687137867184
0.9999975772306009 0.0021184317942559215 0.000598146856069182 47.669490563038764 -0.002123181579912101 0.9999653029652343 0.008055120460042836 -0.000635822115696628 -0.0005810618788578059 -0.008056370918730368 0.999967378095262 0.6057507509611787
0.9999986246842498 0.001006524951095724 0.0013181567174484511 49.07429881045269 -0.001017063322275508 0.9999673327899561 0.008018661680099695 -0.003299637248995878 -0.0013100426738906757 -0.008019991300758318 0.9999669812187442 0.6202159961095444
0.9999989973042729 0.00014466686836086577 0.0014087093192138515 50.498929762609656 -0.00015706252690687522 0.9999612390079892 0.008803170620276864 0.008937997437826271 -0.0014073811891179022 -0.00880338304882065 0.9999602590728714 0.638851214437132
0.9999982677085619 -0.0009769700964436501 0.0015843324480436622 51.950400967197304 0.0009624810184705566 0.99995794557957 0.0091203455293616 0.012068444103449935 -0.001593176124712211 -0.009118804840356938 0.9999571536761559 0.6559781492912026
0.9999943067069913 -0.0019070300894738523 0.0027838444355962086 53.340295483987404 0.0018781755238573951 0.9999448690914651 0.010331080986729274 0.033684962431378696 -0.002803392642021738 -0.010325793620376958 0.9999427578495701 0.6915554781012562
0.999990369718788 -0.002835604811357328 0.0033495992350347564 54.80937506652667 0.0028122963783786597 0.9999719431180404 0.006942907590533104 0.030005951542321694 -0.0033691925978929322 -0.0069334206625828705 0.9999702876681656 0.6917272972955419
0.9999864087413214 -0.0033644026637816393 0.003982854171430765 56.21074779827971 0.0033473980300789087 0.9999852875046986 0.004268454119867518 0.03157860407731121 -0.003997156372118594 -0.004255063907995879 0.9999829584408305 0.6840294881780724
0.9999865547196042 -0.0036918782160204953 0.00364148530878183 57.644644823866294 0.003678157725068373 0.999986138996042 0.0037673560407965622 0.04883992408844905 -0.0036553434538385615 -0.0037539114303190234 0.9999862732123915 0.7234777799813521
0.9999858211950533 -0.0038348695466705112 0.003694750927313907 59.09125888570044 0.0038260469981584192 0.9999898198543422 0.002391976598557112 0.0510973270766239 -0.0037038862324254534 -0.002377806392493092 0.9999903135848552 0.7427954323964684
0.9999863386797009 -0.0034365890011100824 0.003938566998792194 60.48952573293708 0.0034297335797050443 0.9999925941396989 0.001746022144111069 0.05942205386018065 -0.0039445381908113615 -0.0017324900556516334 0.9999907195052704 0.7635509212890055
0.9999835199958007 -0.002792385159917617 0.0050162059294787485 61.94140219769642 0.0027930461301946476 0.9999960916556797 -0.0001247665021242388 0.07269626977615226 -0.005015837928289807 0.00013877494053134992 0.9999874109764548 0.7809945729784853
0.9999846535992006 -0.002585037244936637 0.00490001515600205 63.350780603669484 0.0025937286733080244 0.999995072952536 -0.0017682313823439964 0.07387752290741757 -0.004895420069413776 0.0017809135561662633 0.9999864315125728 0.8019285662550064
0.999991888233936 -0.0020491555790959795 0.0034676256631715734 64.76062612424927 0.002058315241535358 0.9999943969176623 -0.0026399756906611083 0.08061180337787639 -0.0034621965128642704 0.002647091742550336 0.99999050300521 0.8227782532735212
0.9999945976423585 -0.0011382732002946606 0.003083669927044854 66.25534244855064 0.0011484950320029344 0.9999938455613756 -0.0033150865046400226 0.08854912749593098 -0.0030798774746626594 0.0033186101749486598 0.9999897505380981 0.8379754537467146
0.9999954513789321 -0.0004242575861928708 0.002986172625058425 67.58504211280214 0.00042886751982739336 0.9999987171651542 -0.0015432889218892328 0.10568649338898196 -0.002985514042259327 0.0015445625745002139 0.99999435050022 0.8508434461836386
0.9999897545259141 0.00018444501923992995 0.004522921979982097 69.06611376097521 -0.00019363117112713212 0.9999979194455688 0.002030667748107962 0.12344283119965678 -0.0045225380232448605 -0.0020315227216340724 0.9999877097071043 0.8758842181846734
0.9999841006705277 0.0009709066980195427 0.005554794896270349 70.40806213408817 -0.000999989434596381 0.9999857960938693 0.005235229855646901 0.14178299012640916 -0.005549633076752546 -0.005240701355210182 0.9999708678866694 0.8930395786677823
0.9999756772637932 0.0018888865233145833 0.006713939865694693 71.86475358062633 -0.0019515771947136017 0.999954447549113 0.009343135084189227 0.15267631724228325 -0.00669598590733267 -0.009356010605507798 0.9999338122287287 0.9126611654265065
0.9999793899525456 0.00220855700754579 0.006028428159887764 73.23657809897749 -0.002284546383507958 0.9999176598043901 0.012627527831438445 0.15166328685728622 -0.006000043162853755 -0.012641039801241517 0.9999020970048954 0.9269254688474357
0.9999819359560084 0.002809820980626319 0.0053134421734364265 74.62783425260997 -0.002893570827524846 0.9998706620972153 0.015820440105829562 0.1658691639246976 -0.005268302339437046 -0.01583552914597032 0.9998607308056094 0.9391254564745277
0.9999794927092388 0.003579862572508096 0.005310249046463201 76.06482751207305 -0.0036733757725524647 0.9998364887450885 0.0177059900690702 0.17207684399751408 -0.005245995749820257 -0.017725133507377137 0.999829134987943 0.9438759753487712
0.9999748862518653 0.003929284064716767 0.005898100737364523 77.43217538590815 -0.004034314207735915 0.9998315989092209 0.01790246160459766 0.1741725882666289 -0.005826763633664676 -0.017925806798289336 0.9998223413567972 0.9669525593458516
0.9999761344197857 0.003961166913046563 0.005660366379449814 78.83096035586273 -0.004054356605595084 0.9998548519844923 0.016548025730687782 0.17599235894465337 -0.005593995296502147 -0.01657057994627293 0.9998470498515595 0.9920558436924535
0.9999825409807258 0.0037705838813039154 0.004549772623461019 80.20518184471861 -0.0038416320974536747 0.9998692195285943 0.015709414441908303 0.17790406090243485 -0.00448994393717315 -0.01572661872348518 0.9998662479886833 0.9933035378529826
0.9999837533615523 0.003419644986522201 0.004560596573732544 81.59773490642856 -0.003489971029973111 0.9998737367279955 0.015502603129971962 0.17403895617559506 -0.004507007338815399 -0.015518267614705632 0.9998694266028372 1.0214199472891827
0.9999844046394272 0.0030361647973521414 0.004687449333456367 83.00337024836152 -0.003104595315473408 0.9998877008365222 0.0146610778519367 0.1802086681016804 -0.004642409488352086 -0.014675401840383379 0.9998815332903023 1.0341392108401621
0.9999897546923598 0.00272649008411522 0.0036134141936741628 84.35887232658003 -0.002780744508295053 0.9998821861413957 0.015095737712445738 0.1910561189429572 -0.0035718301042198825 -0.015105631033644073 0.999879523713123 1.0477223608754753
0.9999899545870621 0.0018189948411931809 0.004096581835280783 85.75743129300076 -0.0018817096978211146 0.9998802943576326 0.015357608013854227 0.18777252143417392 -0.004068156041570412 -0.015365162318107356 0.9998736729674202 1.0621950280740093
0.9999890335779269 0.0006381061075471297 0.004639562962082039 87.12836610473744 -0.0007071764342976625 0.9998887256298293 0.014900881176848891 0.19410383404716705 -0.004629538354348785 -0.01490399875708887 0.9998782116816398 1.084471374342642
0.9999810824596473 -0.00029069170149924247 0.006144120861981387 88.50879906780828 0.0002103955933640118 0.9999146221537261 0.01306537932345732 0.19982187678277727 -0.006147394287521211 -0.01306383946266229 0.9998957673887652 1.1054626137258081
0.9999744942489314 -0.0015147184727529281 0.006979719159260296 89.93257061284777 0.0014395149699852753 0.9999409976883161 0.010767030172981725 0.1989561665209592 -0.0069956163591947005 -0.010756708141574336 0.9999176739020628 1.1235135363682156
0.9999727675443664 -0.0023274136070304875 0.007003378867551106 91.27425295289979 0.002257552521871855 0.9999477821627092 0.00996676499623558 0.20693690746780133 -0.007026209950723227 -0.009950683081125945 0.9999258053875534 1.148632766409066
0.9999753311648713 -0.0026722251767793016 0.006495865940012294 92.63602770780447 0.0026202952725808922 0.9999646486782849 0.007989708780606257 0.2173787372900948 -0.0065169866035243 -0.007972490596983687 0.99994698273423 1.1599447417448456
0.9999778366444054 -0.0028744960335807543 0.006005288713110194 93.9876335606318 0.0028369878474904806 0.9999764750314653 0.006245068742513256 0.22201217584023208 -0.0060230988642119695 -0.006227893399734238 0.9999624671075777 1.173620091776212
0.9999791187454384 -0.0031545632859549225 0.005640106698574938 95.34850916188157 0.0031218575049559655 0.9999783171007278 0.005798218184508579 0.23809789729109623 -0.005658275250918315 -0.005780489501012966 0.9999672843960014 1.1849587903119128
0.9999850292451757 -0.0029774812432104645 0.004590848611234506 96.71539969218061 0.002949975370854769 0.9999777286905541 0.0059866324583904805 0.24180390118322498 -0.004608571452879319 -0.005972999943649259 0.9999715417654829 1.1920384474856003
0.999987795304766 -0.0025920876069617203 0.004205986608509186 98.02975283869749 0.0025575479789356134 0.9999631357007488 0.008196718115259913 0.25542212256396496 -0.004227078169204528 -0.008185861064263377 0.999957560843853 1.2197844258970423
0.9999892009771985 -0.002422836426015482 0.003965828114891689 99.39045182259882 0.002385696929892035 0.9999535075936871 0.00934297068607427 0.27151481401870753 -0.003988280223705019 -0.00933340852716262 0.9999484892263811 1.2276051653826066
0.999982170897344 -0.002345036578912088 0.00549169289733307 100.743634348326 0.0022978912491755975 0.9999605896773364 0.008575475961174302 0.27302190040604135 -0.005511586272754551 -0.008562703755081126 0.9999481499163647 1.2429508408707544
0.9999742258300588 -0.0023525822068732926 0.006783290686268921 102.08748454346458 0.002290354078617968 0.9999553595843619 0.009166957876198107 0.29449407026977 -0.006804553899343994 -0.009151185467978216 0.9999349748112433 1.2564547722183728
0.9999812678758206 -0.0020519453938075464 0.005766577630375979 103.44544305361353 0.0019998196022405837 0.9999572238561764 0.0090305691629801 0.29633962723859003 -0.005784861193219328 -0.00901886788625406 0.9999425960539062 1.278552792756086
0.9999927976710242 -0.0019505256561807665 0.003255772679806867 104.75745276977386 0.0019228209967341143 0.9999621025839388 0.00849094549050082 0.304772179708273 -0.003272211101459474 -0.008484624067848756 0.999958651039599 1.296778268233493
0.9999962898711677 -0.0021027891031718997 0.0017316240606024152 106.09028203127312 0.002089388628095626 0.9999681373756383 0.007704459011338327 0.315135294644978 -0.0017477697389703135 -0.007700812391182452 0.9999688209086598 1.306875888825025
0.9999932733548379 -0.001987170944550302 0.0030829201600867037 107.45583598120908 0.001966344036055942 0.99997532591334 0.00674396438611575 0.3270774488932161 -0.0030962455019266795 -0.006737856940189917 0.9999725068958873 1.3326440881053092
0.9999889718562819 -0.0012545147232348509 0.004525743985860407 108.8127473266101 0.0012374415275742704 0.9999921154739645 0.0037732914506309933 0.3273996483891154 -0.004530441952193992 -0.0037676494946793115 0.9999826398058134 1.3350180831553062
0.9999825565599366 -0.000544643116359772 0.005881321257071634 110.13776879554867 0.0005311427877011717 0.9999972213487454 0.0022967764643807187 0.34144874456980995 -0.005882555838422087 -0.0022936125793302765 0.9999800672404144 1.3554067936914633
0.9999887792686472 0.00013716959259522541 0.004735242475701855 111.431893500306 -0.0001459378343772328 0.9999982755035708 0.001851402720395393 0.34372358115299007 -0.004734980353636228 -0.0018520729973349965 0.9999870748098013 1.3753707387472618
0.999996873932794 0.000994980338691996 0.0022939352137911722 112.79284596795142 -0.0010017414648728338 0.9999951525118161 0.0029481293911319904 0.3524904508945078 -0.002290990763187233 -0.0029504181051027683 0.9999930231728259 1.390840601946533
0.9999976825919512 0.0021229076022036024 0.00035787433499632386 114.12854529436197 -0.0021250176170160132 0.9999797271603422 0.00600246353215491 0.34767127594272834 -0.0003451244044029513 -0.0060032101112641525 0.9999819210153279 1.4177387533582149
0.9999944218202604 0.0033361881242250347 -0.00016179358109431828 115.4291213695716 -0.0033347687591666463 0.99996165783409 0.008097047549658242 0.3671598706398631 0.000188800651454444 -0.008096462838691983 0.9999672052841612 1.4338437482456288
0.999986826731562 0.0048291184641633894 0.0017395339030694275 116.80426834306012 -0.004845543828888951 0.9999425112768867 0.009565293841577008 0.37497282216650196 -0.0016932419623810198 -0.009573596823162707 0.9999527384709361 1.443526335506399
0.9999755056445615 0.0057611415982512385 0.003974589084242818 118.1072754664406 -0.005800078083176976 0.9999346130692239 0.009855388390655601 0.37607225613401657 -0.003917550910037175 -0.009878199916306524 0.9999435353865141 1.455303456338594
0.9999650710148578 0.006816216240407801 0.004836935642984269 119.49484719791657 -0.006859859870678972 0.9999353864199988 0.00906450813018764 0.3666472458915688 -0.0047748374637278474 -0.009097372216832204 0.9999472179800009 1.4813045336373833
0.9999607185876449 0.007755741541087242 0.0042906590203210145 120.80180226496564 -0.0077967136697647795 0.9999233661898335 0.009616288449491965 0.3649175862438616 -0.00421574876297336 -0.009649363747936093 0.9999445570838552 1.4906239223990554
0.9999501718881307 0.009158485384327758 0.0039718870027691125 122.10815890236479 -0.009204530345793263 0.9998887926306455 0.011733669193534598 0.35788958492983775 -0.003863982661850638 -0.011769643881400439 0.9999232696166711 1.5098559691900668
0.9999418734337583 0.010262689175195565 0.003305595964254087 123.46488703951538 -0.010305469530199677 0.9998598245455339 0.013195778019360574 0.35827485321142843 -0.003169708432599941 -0.013229076712584192 0.999907467957803 1.5179681498147632
0.9999309847578229 0.011405588491435142 0.0028174939954935716 124.81589168147353 -0.01144321769170402 0.9998403747398108 0.013721436113436715 0.3585761047862697 -0.002660543198460083 -0.013752730322335831 0.9999018871462191 1.5374309550536303
0.9999193633985947 0.012535629146605293 0.0020309363476334118 126.12161117958078 -0.012564261058052514 0.999812144773883 0.01475854012810876 0.3465911484678952 -0.0018455472398353338 -0.01478286726405508 0.9998890242376095 1.5511206283394263
0.9999094399780776 0.013369457599242724 0.0015393005650385545 127.47734072586263 -0.013389983332004241 0.9998094977702526 0.014201285672917 0.3400025858136071 -0.0013491438381898664 -0.014220610813083944 0.999897971814628 1.5733020334009826
0.9998940240631679 0.014399287010492375 0.0021450352805285774 128.81474621783303 -0.014428128387117017 0.9997965051119696 0.014098846659783558 0.33214600843776504 -0.0019415854372431998 -0.014128301365722896 0.9998983055023692 1.5854700048169221
0.9998778009363924 0.015255463026679447 0.0034138017583778667 130.17111144924 -0.015300768043212686 0.9997895715708307 0.01366378701175711 0.31894356127949136 -0.0032046359998740724 -0.01371435109862939 0.9999008185225432 1.609025582526824
0.9998712897424967 0.015556255777074994 0.0039251566687757465 131.4960306007877 -0.015600119556326453 0.9998132807618881 0.011403503057321946 0.2993953270531078 -0.0037470279561987252 -0.011463268222817211 0.9999272739870372 1.6211855623078588
0.9998709903962756 0.015535249972058063 0.0040814914279896225 132.8197383875997 -0.015577315395975391 0.9998236894621373 0.010485095868616633 0.28055753227163893 -0.003917883232740719 -0.010547321869813372 0.9999367000927354 1.64143565685013
0.9998729940668513 0.01533095427322996 0.004354029956549601 134.15906770958986 -0.015367049608720576 0.9998467920190656 0.008381305119506405 0.2701130108339353 -0.00422486947887389 -0.008447149238368853 0.9999553970791053 1.6434613578705761
0.9998815491237637 0.014752125817054854 0.004388907123678225 135.49455332077946 -0.014781338765672235 0.9998683035445598 0.00669982023778034 0.24782257373427258 -0.004289492529067395 -0.0067639005612087095 0.9999679244370997 1.675130119322245
0.9999003909615117 0.01359031280073532 0.00380940323334111 136.83664092964815 -0.013616722072045517 0.9998828231002485 0.00699463716643999 0.24048292914018587 -0.0037138975522607548 -0.0070458120224460245 0.9999682812459182 1.6920415067490546
0.9999073002625475 0.012521305302407876 0.005348625541923172 138.1796431404791 -0.01255504340548808 0.9999011998519551 0.00632150454455755 0.22881710954740989 -0.00526894360855483 -0.006388070768584511 0.9999657148048154 1.717972428515259
0.9999202421158822 0.011457866254257485 0.005312881310086869 139.51655399237166 -0.011471783328330622 0.9999308258925975 0.0025964624040244397 0.2047015358593123 -0.005282763877304989 -0.002657203538915357 0.9999825156847341 1.715774162120289
0.9999362296047308 0.010021445977043927 0.005206471396649786 140.88858398272785 -0.01002712213378043 0.9999491597351046 0.0010652543229753807 0.20326600934005898 -0.005195531309615299 -0.0011173923158663843 0.999985878844708 1.7366695040659237
0.9999483620865325 0.008950891795622855 0.004811932722320026 142.19891420539255 -0.008954532014978653 0.9999596368933721 0.0007354865520068676 0.19665658095616315 -0.004805155237222319 -0.0007785371786318766 0.9999881521113176 1.7393049005790298
0.999959685303362 0.007927994308572321 0.00421600216368914 143.54091456643965 -0.007929327171452677 0.9999685175328833 0.00029952244614432844 0.1846595983116142 -0.004213494821291336 -0.0003329404314992195 0.9999910677661377 1.7476378483587334
0.999973246303916 0.0070112874664725626 0.0020853116002423283 144.893002217758 -0.007008465325757525 0.9999745188638931 -0.0013575848788403104 0.17699203711727346 -0.002094776881979303 0.0013429337243833553 0.9999969042146213 1.766003545030033
0.999981046498631 0.006048817526615126 0.0011482377943845983 146.18794859588434 -0.006044718614834819 0.9999754636541874 -0.0035402636145046313 0.18098430637310225 -0.0011696240294252539 0.0035332557397433936 0.999993074017769 1.8086659409219008
0.9999783791656557 0.00496895255847397 0.004307053714522343 147.57787472832857 -0.004911978709443105 0.9999016123291022 -0.013139182882489553 0.1633924288355449 -0.004371917929939144 0.013117742646246868 0.999904401011157 1.8148310350162216
0.9999806431621497 0.003640719064095071 0.005045638285648354 148.89370567451115 -0.003530879290270577 0.9997602459378379 -0.02160980179806243 0.13806541874609551 -0.00512310379075069 0.02159156796090406 0.9997537486804132 1.823747199574985
0.9999948397135622 0.0025269513897367593 0.0019836993020480305 150.20739179353728 -0.002479088804107548 0.9997143670492352 -0.023770537100543797 0.11509053489159139 -0.002043199683923965 0.023765496671033157 0.9997154727736441 1.8469767583569285
0.9999955866157468 0.002861649127425419 -0.0007985695336550499 151.59744245046159 -0.00287886763622041 0.9997434852176288 -0.022464992455861657 0.12338990968009701 0.000734077762705981 0.022467192285203413 0.999747311274533 1.8752568638661173
0.9999867482215379 0.0036634808107067905 -0.003616944796963273 152.93916308080026 -0.0037376164579108104 0.9997785940490387 -0.020707320071445198 0.13974209561212647 0.0035402831141380232 0.02072056441502755 0.9997790378907704 1.8822935924190594
0.9999841997121471 0.004359261861333281 -0.003549248100805258 154.3201508940982 -0.004427773807657868 0.9997994705332296 -0.019529811585929136 0.14073264208090125 0.003463400809170602 0.019545218277061988 0.9998029752392903 1.9095921073829951
0.9999874745418782 0.005004722855293238 5.923257758485224e-05 155.62923843574865 -0.0050025252646236865 0.9997859675625174 -0.02007470562817084 0.13580072015520586 -0.0001596882379624838 0.02007415787082033 0.999798481037776 1.9446667947359706
0.9999800002994491 0.005469961178152969 0.00317466940380301 156.9847375911236 -0.005377228711075768 0.9995788079051174 -0.028518278320636515 0.12704139886648344 -0.003329326133427905 0.028500637040143568 0.9995882298605778 1.9530953241702635
0.9999778665784946 0.005616894985254119 0.0035660684018852407 158.31652745925658 -0.005502744057911182 0.9994964125375565 -0.03125125809287726 0.10150777731746295 -0.0037398076094126 0.03123094323390074 0.9995051985976688 1.969385761664855
0.9999791491012735 0.005419638022658808 0.0035112514003628323 159.64359565032294 -0.005298396105643983 0.999419146895137 -0.033664459272419935 0.09636461360069219 -0.0036916610625700326 0.03364515333744334 0.9994270234967129 1.9911696510385803
0.9999728820527586 0.006435780585705218 0.0035799284004851936 161.00142991773646 -0.006316906072367916 0.9994588742508467 -0.03228088256078361 0.09316726097294514 -0.003785743886321687 0.03225739309806175 0.999472425199287 1.990732718478007
0.9999649500494618 0.007705240934469603 0.0032753526098951097 162.3265240765732 -0.007601646355903754 0.9995045095586129 -0.030544235866630205 0.09443403982668508 -0.003509080400496388 0.03051826722044254 0.9995280494916612 1.9927764432300212
0.9999616740509003 0.008558774906544449 0.0018433126213627665 163.6801663172168 -0.00850323943977014 0.999563876289003 -0.028279889270161514 0.09866924492406791 -0.002084549915667124 0.028263131287983006 0.9995983443671 2.017208925784838
0.9999571620998035 0.009230045077314548 0.0006929885845051704 165.04146140358245 -0.009209825425026715 0.9996446733005272 -0.025014121162312584 0.09529357907428573 -0.0009236238130562186 0.025006667306001897 0.9996868577256074 2.026810044030948
0.9999523379542478 0.009490487976298768 0.0022918241218817877 166.37073415739647 -0.009437014893705579 0.9997064944160692 -0.02231295077370822 0.0894358114920733 -0.002502912249738252 0.022290259314455625 0.9997484082357743 2.0552765667482773
0.9999545514853674 0.009302174795539162 0.0020891404383193354 167.7173031020313 -0.009252491284370975 0.9997006367886335 -0.022650126035708224 0.08431458623946027 -0.0022992104580538747 0.02262976686742628 0.9997412701708355 2.055649511946467
0.9999603791124281 0.008895290896257391 -0.0003376465610763268 169.0879070580536 -0.008900065095767937 0.9997838382300546 -0.018790041385561913 0.076220983650193 0.00017043069072078014 0.018792301983817643 0.9998233945750263 2.0839769608057908
0.9999622821519651 0.008228127306984922 -0.0027806823719664425 170.51298068594247 -0.008271077828133874 0.999840888306215 -0.015804662052703165 0.07721427781408804 0.002650197161470845 0.01582706517517547 0.9998712319408666 2.1062028901751333
0.9999585612656062 0.007951582164340266 -0.004432616913584295 171.8574618756844 -0.008001105527659008 0.9999044911749725 -0.011269021184408966 0.0772666478442965 0.004342587011691563 0.011304020046122501 0.9999266778463523 2.1095340699673404
0.9999585139486796 0.00838709253516018 -0.0035534575211875748 173.231112503478 -0.008408364968938308 0.9999465619731254 -0.006014365858145377 0.07407673934199367 0.0035028245884364865 0.00604399511359449 0.9999755998738017 2.1490865996944866
0.9999575437926871 0.00919028719222438 -0.0006702487752830104 174.58333111961085 -0.009189575214828652 0.9999572155603897 0.0010577126657090859 0.08346606168472152 0.0006799407822294803 -0.001051508457707763 0.9999992160049407 2.203821815182726
0.9999565445186601 0.009173192613961738 0.0016618097268573347 176.01052964630836 -0.009172871113755797 0.9999579081348866 -0.0002009826660032562 0.07922111506413694 -0.0016635834308937833 0.00018573036576471596 0.9999985989962185 2.205674458466174
0.999962935052714 0.008334865666817327 0.00215836398168924 177.38835703676276 -0.008331118253282428 0.9999637827563592 -0.0017394379099501453 0.0744779033185412 -0.0021727837930102536 0.0017213918522106274 0.9999961579029591 2.2258859355608025
0.9999742211689947 0.006867026840038669 0.002097841710112622 178.82170455136801 -0.006856722030906713 0.999964582786436 -0.004880423725461949 0.0608546431667577 -0.0021312814111182597 0.004865913596372412 0.9999858901626659 2.2310273022620226
0.9999871720224781 0.004662214362391903 -0.0019797847675650988 180.09934311385112 -0.004674803956098997 0.9999685747813009 -0.006402785161629898 0.054648275169032604 0.0019498713954559403 0.006411958132509404 0.9999775421450463 2.253286795990821
0.9999801825772862 0.003093907388363782 -0.005482899759224466 181.51396967852457 -0.00311286245053164 0.999989196942281 -0.0034519684378831257 0.0670858708137827 0.005472160456487534 0.0034689675415459156 0.9999790106417905 2.2896287081643742
0.9999716289827704 0.002535474850335635 -0.007093137305027089 182.89917231078388 -0.002533451088343161 0.9999967475061674 0.0002942833151078411 0.08749106691306291 0.007093860382586079 -0.00027630484956564944 0.9999748000827334 2.312022558632508
0.9999789173923532 0.0023664795337828125 -0.006046862445374473 184.23085743831658 -0.0023426131087864906 0.9999894510244459 0.00395094971490332 0.09715640758262788 0.006056148498809682 -0.003936700959349086 0.9999739123851766 2.327525461172801
0.9999926348423294 0.0026858874389686367 -0.0027415816166593034 185.68991471584184 -0.0026663284066785462 0.9999711467579161 0.007113110746081989 0.08897234089263069 0.0027606075279461195 -0.007105748399956089 0.9999709432707299 2.361078434856382
0.999995446367886 0.0030100989704817337 -0.00021574911436929875 187.05176517965188 -0.003008441461859312 0.9999687550347611 0.007310145976673851 0.09886100993038585 0.00023774663617417714 -0.007309463620377345 0.9999732572514722 2.393778017358118
0.9999947367585645 0.0032278164662003384 -0.00032810978299128453 188.50580001893016 -0.0032258087067683124 0.999977120346104 0.005945834045854734 0.0992931326831295 0.0003472943369915143 -0.005944744332099866 0.9999822695435501 2.3999194162111044
0.9999953421711573 0.0030329412247023877 0.0003419115637397311 189.92106788965265 -0.003034897180336595 0.9999781475333815 0.005873146925745699 0.09352388147492254 -0.0003240911826988698 -0.005874157236073269 0.9999826944710949 2.4311078255664578
0.9999947646075389 0.003136888654842759 0.000794158095041247 191.27490056764205 -0.0031382989195122162 0.999993489851113 0.001780824327005813 0.09499535144355181 -0.000788566677326156 -0.001783307309183147 0.9999980989870113 2.4366452477771534
0.9999933434914179 0.00347588390480296 0.0011095962939069192 192.73961295663284 -0.003476203246290915 0.99999391708872 0.00028600095941959153 0.100234168973524 -0.001108595438199502 -0.00028985623789070227 0.9999993434995424 2.4696892980547887
0.999990961254251 0.0039052672740597775 0.0016811595156560964 194.12170334459591 -0.0038998850447704058 0.9999872978726336 -0.0031929594464038947 0.08874107928915201 -0.0016936075213872463 0.003186374257202291 0.9999934893351339 2.4780140930575545
0.9999862386254206 0.004203111448079398 0.0031394926243473423 195.56114691604236 -0.004176501168195165 0.9999557029634446 -0.008434983632198334 0.08357322287053422 -0.003174806730396651 0.008421755460615873 0.9999594964983263 2.489283240160434
0.9999839283485968 0.004399545293509765 0.003575897889838638 196.98081631705102 -0.004356577710064974 0.9999192710958625 -0.011936143505131055 0.07675849865286277 -0.00362812281550134 0.011920372994553206 0.9999223677028665 2.5150785092369965
0.9999887617651858 0.004732223838829273 0.0002870555170382503 198.39912421334284 -0.0047291322769149585 0.9999392749627488 -0.009953978846661696 0.07741557930893153 -0.00033414254157065974 0.009952509457999189 0.9999504167228745 2.535313753590159
0.999976118980027 0.004883389481067163 -0.0048901918999975005 199.83556832601047 -0.004899036386628459 0.9999829025890338 -0.003192800039682365 0.0923972702524163 0.004874516604247947 0.0032166810204165316 0.9999829458801224 2.5665326359779095
0.9999597936284885 0.006557226188767532 -0.0061166911954027795 201.3021310750232 -0.006515442013566407 0.9999554745482943 0.006826268106631513 0.10247417195454205 0.006161180230964712 -0.006786140700361442 0.9999579931939924 2.5765492553374187
0.9999673116711709 0.007712201820747247 -0.0024284835200651393 202.71670035905427 -0.007680448194337612 0.999888270902429 0.012824056584586015 0.12382711701323766 0.0025271139003339867 -0.012804985545740794 0.999914819392386 2.597958587201009
0.9999627475787137 0.008625836940431977 0.00031367484217465413 204.1729695650535 -0.008629649097822783 0.9998438114132737 0.01542342163808358 0.11065349324996171 -0.00018058592963072413 -0.015425553982101825 0.9998810027563616 2.6186569534415614
0.9999674611143022 0.008045632512115975 0.0005869498245755027 205.66089483135704 -0.008053469229175717 0.9998570902637804 0.014864073554086065 0.10725635953821827 -0.00046727507028166033 -0.014868316876046972 0.9998893512820717 2.6441641085578134
0.9999770966542001 0.0067410084721064596 0.000604128972474456 207.08276852416935 -0.006747595064733075 0.9999092612244596 0.011659300081811213 0.09486906331181225 -0.0005254787139209043 -0.011663109462502786 0.999931845552379 2.672003554700164
0.999983937922325 0.005667774926272899 1.4991495445485046e-05 208.52426874205963 -0.005667678816516602 0.9999430671137032 0.009041014770087355 0.08412180263328863 3.6251794885584616e-05 -0.009040954519587021 0.999959129078375 2.685003116804272
0.9999865098040286 0.0051395129692469585 -0.0007520747280629946 209.99182540793961 -0.005131073731046715 0.9999282638839293 0.010823084977839136 0.08875042963612229 0.0008076461627538746 -0.010819080021420822 0.9999411458756791 2.706008374764904
0.9999860188811117 0.005233738532839282 -0.0007549988575159239 211.47679708308786 -0.005225020165836101 0.9999245087799778 0.011120966926780926 0.08284298602999707 0.0008131460948581793 -0.011116866558964465 0.999937875105918 2.725682578116432
0.999987692143975 0.0049613742720971505 1.8052662886867084e-05 212.8929104375334 -0.004961211688633757 0.9999093886414423 0.0125140275402241 0.08726291513168302 4.403574716782574e-05 -0.01251396308245697 0.9999216963286794 2.744008478381459
0.9999901692911791 0.004428612032008915 -0.00022071807562238106 214.35649339276534 -0.004425632030221192 0.9999176484768004 0.01204616311358345 0.09720679116927089 0.00027404768205701343 -0.012045067874276349 0.9999274179848117 2.775642437166561
0.9999901581917323 0.004324845398435159 -0.0009895614958077956 215.84036949678529 -0.004311684264011254 0.9999070238580124 0.012936499457724742 0.09199516647393514 0.0010454178503492555 -0.012932105462447677 0.9999158303326467 2.8023692138860468
0.9999909203421462 0.003967536666895881 -0.0015549553253966656 217.30561736945273 -0.003949632615378338 0.9999277532832439 0.011352912231122728 0.09443547817586471 0.0015998860805327335 -0.011346667648295386 0.999934344593588 2.817698972151922
0.9999928997342737 0.0034613958334143817 -0.0014897046429762728 218.75327641367298 -0.0034434504336201934 0.999923444023571 0.0118848113637319 0.0851769681933391 0.0015307286337180768 -0.011879597254314289 0.9999282634463961 2.83913405949836
0.9999922051873149 0.0033100699454249897 -0.0021524408394777523 220.25700660716208 -0.0032809579668228632 0.9999049560905404 0.013390821498118793 0.08684388914758975 0.0021965608188709617 -0.013383655051253118 0.9999080222190629 2.867912628538314
0.999993690352066 0.00307961189876497 -0.0017706627599221939 221.74309530675467 -0.0030608142416531066 0.9999399509571412 0.010522637312393295 0.09277825002966598 0.0018029620723918694 -0.010517151248463781 0.999943067808054 2.88346359072392
0.9999930137454469 0.002622839961301128 -0.002663300740800881 223.23462780654592 -0.002585705805012963 0.9999007143857171 0.013851913096115933 0.09541605046858573 0.0026993676645597742 -0.013844929810939011 0.9999005107173121 2.910607351829691
