1.0 -2.1684043449710093e-19 -2.5135375298442207e-37 0.0 2.1684043449710093e-19 1.0 2.3183291766350204e-18 -8.673617379884035e-19 -2.51353752984422e-37 -2.3183291766350204e-18 1.0 0.0
0.9999996144572926 -0.0005723897269502802 0.0006659243699802237 1.3271307127150507 0.0005725266515208768 0.9999998150031163 -0.00020544334102258209 -0.005205242904773986 -0.0006658066531284189 0.00020582452126511109 0.999999757168854 0.013546002618737998
0.9999992686506489 -0.0006310930990495225 0.0010317071617683797 2.620400249204164 0.0006317219644781507 0.9999996148242213 -0.0006093264874477984 0.0032616480561835828 -0.0010313222226384742 0.0006099777938922657 0.9999992821505244 0.023155165917102573
0.9999991639575837 -0.0008551953100190437 0.0009699098491139878 3.9413289267319627 0.0008559994161672708 0.9999992900610052 -0.0008289405800344141 0.016376335037490905 -0.0009692002544408344 0.0008297701292695049 0.9999991860658684 0.045058962823039984
0.9999992608095861 -0.00044391347215893786 0.0011319545532621994 5.259560611432063 0.00044531254724632335 0.9999991369637407 -0.0012360293317515653 0.02066726656892158 -0.0011314048862720281 0.0012365324916560122 0.9999985954542038 0.046347289417656944
0.9999986239897656 -0.000737155576048974 0.0014861427361156762 6.582642654399949 0.0007391076357214959 0.9999988643672713 -0.0013133864893426054 0.016240903659928807 -0.0014851728782292195 0.0013144831015533898 0.9999980331959146 0.053969306488427723
0.9999971700735164 -0.00039417621633702624 0.002346160708322689 7.916951137928845 0.0004005465760226995 0.9999962331378258 -0.0027153770639793844 0.020786398868191332 -0.0023450815336016543 0.002716309126300436 0.9999935611079359 0.07705748134629377
0.9999961737381151 -0.0003979074728996156 0.002737549775350674 9.23666252624951 0.0004052774137161891 0.9999962940618232 -0.0026921390821480957 0.03386970553889902 -0.0027364684079015785 0.00269323824841181 0.9999926290770297 0.08825669189468258
0.9999968933453065 -0.0009166576670038767 0.0023179815480514855 10.569616341477595 0.0009222412271116639 0.9999966733733935 -0.0024088821609595033 0.03104532166108281 -0.002315765716690642 0.002411012415541729 0.9999944121085264 0.10212027567676676
0.999999619505129 -0.0008723471755342204 5.2019636327020166e-08 11.893633854465614 0.0008723471458061233 0.9999995978398214 0.00020816016111215718 0.0439408702542239 -2.3360754401173251e-07 -0.00020816003652910224 0.999999978334672 0.11572951518667071
0.9999994780005558 -0.0007911764475136365 -0.000646558925987744 13.223641433636294 0.0007927925484990186 0.999996552929915 0.002503119706072085 0.04734231789412585 0.0006445762878970605 -0.002503630986543678 0.9999966581710622 0.13142479487167094
0.999999369758607 -0.0006333870990332607 -0.0009269860686354353 14.569317775494296 0.0006394897702569442 0.9999780289793612 0.006597924778727782 0.07292218724106099 0.0009227866613701512 -0.006598513418550541 0.9999778037963857 0.13920267810641312
0.9999999898146573 -0.00013199321219215546 -5.4299883593066955e-05 15.916199911496069 0.00013234902745907871 0.9999781726076212 0.006605815018408013 0.09656295245446737 5.342677562477479e-05 -0.0066058221376623085 0.999978179891674 0.16134451238736192
0.9999964537321718 -3.399148471207427e-05 0.0026629621963793026 17.261509022822747 1.949464294168351e-05 0.9999851826837266 0.0054437149955588226 0.07973268423020524 -0.0026631077783812627 -0.005443643777190282 0.9999816371310964 0.1853234082830776
0.9999877813487648 4.2613804383990324e-05 0.004943211227388413 18.624672772690722 -4.5556023386613706e-05 0.9999998218945221 0.0005950929110444043 0.08632013559128154 -0.004943184987802514 -0.0005953108328579516 0.9999876051867785 0.2037417318590748
0.9999942179253907 -0.0001992538711776146 0.003394762684049894 19.967867245115084 0.00020310766201809432 0.999999335363475 -0.0011349096378155293 0.07676705427189277 -0.003394534292627849 0.0011355925779951922 0.9999935937626966 0.22840703738884954
0.9999996222407814 -6.658610459208811e-05 0.0008666513630292748 21.320051756784775 6.844583309296115e-05 0.9999976949416963 -0.002146025736555713 0.08251113873324492 -0.0008665064698532024 0.0021460842445492514 0.99999732174089 0.21890001826366554
0.999999968634838 0.0001749801376904862 -0.00017919898025386318 22.670731000986944 -0.00017501149395602385 0.9999999693765882 -0.0001749794263236276 0.0977505732244549 0.0001791683568420679 0.0001750107827166192 0.9999999686349624 0.26304357053228344
0.9999988731709875 0.0009664019433918037 0.0011487924264221823 24.03444919735628 -0.000968724092976649 0.9999974854329967 0.0020225482231870434 0.09900833594507565 -0.0011468349431731618 -0.0020236588070223307 0.9999972947836638 0.2446827025135355
0.9999815529288616 0.0016748551497525654 0.0058385496666475585 25.432710821246012 -0.0016907467094103136 0.9999948770185241 0.0027179610504095377 0.11136067827513804 -0.005833967564803665 -0.0027277824206253017 0.9999792617977228 0.2615693666756847
0.9999768036928204 0.0018048086966208571 0.006567704458881192 26.801004296563 -0.001812488086916358 0.9999976805730141 0.0011635014082796715 0.10122943948450229 -0.00656558932811004 -0.0011753783054337108 0.9999777555138982 0.2806621280731665
0.9999795993242808 0.0018197040617879507 0.006122876152463392 28.172039449027675 -0.0018008829027567003 0.9999936412906124 -0.0030780186991819832 0.0990806633060938 -0.006128438302002483 0.0030669293225419757 0.9999765178185481 0.3021784848762138
0.9999912509677574 0.0017642826466069542 0.0037927951015901064 29.529078606768554 -0.0017521847702905544 0.9999933747485493 -0.0031906594205979473 0.10637536103413432 -0.003798399198415851 0.003183985827601962 0.9999877171234551 0.2959824225296337
0.999995331429006 0.002417539246787242 0.00186885638368955 30.923882063471392 -0.002411230564391039 0.9999914124540753 -0.0033706060684735918 0.10632789260506269 -0.0018769889072555227 0.0033660840889270585 0.9999925731676953 0.33492879900595246
0.9999954096498884 0.0029699063876587515 0.000600279268588532 32.299243113680646 -0.0029693917300855715 0.9999952245967515 -0.0008564440705017155 0.11668318901531845 -0.0006028199607286182 0.0008546576748276924 0.9999994530840274 0.31914643981084667
0.9999929216722786 0.0035470534324767 -0.0012549969271728743 33.68239101440705 -0.0035462415217508143 0.9999935017381716 0.0006485772881264618 0.12062537045383755 0.0012572893101703232 -0.0006441221750710537 0.9999990021646092 0.3575711305384471
0.9999923780413561 0.0037852299989599666 -0.0009570230135794769 35.076173053904434 -0.0037844018743454365 0.999992464449316 0.0008656483332640246 0.13467845783371624 0.000960292479923673 -0.0008620199756418464 0.9999991673796107 0.3491078332129503
0.9999947296739081 0.003192133540265623 0.0005923747702326874 36.47306837936264 -0.0031927313229862596 0.9999943922153391 0.001010942418612335 0.1264091915140144 -0.0005891443851208077 -0.0010128283840999974 0.9999993135435433 0.38255442708859466
0.9999943673884577 0.0029547863007078185 0.0015919890940506904 37.8766015381595 -0.0029572532501577447 0.9999944268625038 0.001549482864348453 0.1370082563807547 -0.0015874018309358184 -0.001554182051635984 0.9999975323337441 0.3738122814938761
0.9999945245258274 0.0024528455362772443 0.0022213660526227224 39.268655023481756 -0.0024609189150486322 0.9999903506971688 0.003639009569476728 0.1289882556608283 -0.002212418689610021 -0.0036444562459099624 0.9999909115298067 0.3882899217479875
0.9999917225421355 0.003121957918722394 0.00260925774241105 40.666040324270774 -0.0031387498517823037 0.9999742312684247 0.0064563959366830525 0.1490344284583785 -0.00258903390872774 -0.006464532301489985 0.9999757530688144 0.41795842556082696
0.9999911077574697 0.0029257526812132436 0.0030371659877446834 42.089691545861854 -0.0029543653673945436 0.9999508935339623 0.009459505584657925 0.15293265575260273 -0.0030093406694289915 -0.00946839436644927 0.9999506454704936 0.4369219193236837
0.9999915857178001 0.002658452271629733 0.003124279936085679 43.4745564686375 -0.0026891272334858152 0.999947818391055 0.009855409159040802 0.1581641511699524 -0.003097916771265126 -0.009863727819108105 0.9999465534643284 0.44022172476251537
0.9999929006318231 0.002323657735136878 0.002966361522606498 44.90262126156348 -0.002350435039216882 0.9999562344264381 0.00905564392104865 0.16739055459508817 -0.002945189481049279 -0.009062551871760093 0.9999545969755289 0.450899571267737
0.999995593856346 0.0014277219223131027 0.0026026674790435196 46.3078651557442 -0.001450978554866883 0.9999588432022924 0.008955811675463762 0.15417272649547364 -0.0025897739529234173 -0.008959548629568524 0.9999565088338728 0.4766030549243744
0.9999943456020023 0.000534898650837154 0.0033200372673574626 47.73417950797521 -0.0005640524471999733 0.999961239323202 0.00878644956980697 0.16545835321572752 -0.003315208720445447 -0.008788272562869563 0.9999558868552656 0.5001026079747298
0.9999918047978068 -0.00047257460392039293 0.004020822113538434 49.1313582390807 0.00043693966993973787 0.999960664011964 0.008858866320073034 0.1695399193954302 -0.004024850425770273 -0.008857036863185163 0.9999526756187286 0.5064459749236061
0.9999902713894169 -0.001468458833411581 0.004159417648536861 50.56220174649101 0.001427810827890995 0.9999513634614092 0.00975869191584432 0.1775010841046286 -0.004173545586206247 -0.009752658115774568 0.9999437320054148 0.5261114349200735
0.9999870207063488 -0.0027262071174155187 0.004304208823150853 52.01534403638253 0.002684435429585057 0.9999495349604628 0.009680978193274438 0.17940721035448323 -0.004330383962736465 -0.009669298170354439 0.9999438746487866 0.5289964559357022
0.9999780374530186 -0.003715912319377336 0.005487859987658467 53.42672195985985 0.0036584603211204446 0.9999387870391144 0.01044211869416971 0.1974160464982302 -0.005526326056995763 -0.010421812240634591 0.9999304203543028 0.5513435580375128
0.9999704986205058 -0.004810692414551382 0.005988249088808077 54.88417619572511 0.004757344279110143 0.9999491541048664 0.008891393612480827 0.19452276580888325 -0.006030718370729227 -0.008862643141559105 0.9999425403454332 0.5563463521882638
0.9999615336770697 -0.004942740263032456 0.007245721833945705 56.269682283801245 0.0048986927043922985 0.9999694915420989 0.006084307259201409 0.2138413732591608 -0.007275573928608885 -0.006048578653587563 0.9999552393583829 0.5670256724375646
0.9999612808735435 -0.005246045721632407 0.007065108493771443 57.696753133086446 0.005210074817296361 0.9999734213783551 0.005100162474382852 0.2330261217219596 -0.007091676398454271 -0.005063155256702192 0.9999620355717042 0.584905457893488
0.9999589276488933 -0.005104641335246121 0.007489035459523513 59.148910244529546 0.005073980074350353 0.999978691535672 0.004107456732625643 0.25277216661514074 -0.0075098429730986686 -0.004069288813022839 0.9999635209081758 0.6043873199531344
0.9999552218821623 -0.005022088238981938 0.008020776790012363 60.55036058150423 0.004991761264473599 0.9999803338569533 0.0037966062233116362 0.24749984628760438 -0.008039685943730803 -0.0037563984155394134 0.9999606256852667 0.619813424192801
0.9999524975980206 -0.004425404413056491 0.008684373510020245 62.00939418313569 0.004410451439167908 0.9999887597095233 0.0017402220295155188 0.2644564170483036 -0.008691977081388502 -0.0017018373571435989 0.9999607758727471 0.6179249487655294
0.9999542516679741 -0.004310465439450812 0.00853899636004779 63.41601508009593 0.004318031354371597 0.9999903007131299 -0.0008678046361747394 0.2566242319849112 -0.008535172895980088 0.0009046365895776615 0.9999631655497498 0.6266292006886823
0.9999635677313687 -0.003742674070177682 0.007671740399460613 64.82918613220528 0.003751978085450589 0.999992242821858 -0.0011987312278627495 0.2772717313334136 -0.00766719442812004 0.0012274717572206813 0.9999698532669306 0.6461249947380945
0.9999664313381125 -0.0028638291851540666 0.007676892556125258 66.2779702378093 0.0028758490535634364 0.9999946555030286 -0.001555139093581891 0.29174458909467404 -0.007672397874273067 0.0015771644738353113 0.9999693229610003 0.6530101960929124
0.9999699325184395 -0.0024123979469394497 0.007369830066783612 67.65386446120976 0.0024118751376991654 0.999997088238827 7.982598235063644e-05 0.2948435755404979 -0.007370001179634509 -6.204847227724089e-05 0.9999728392474464 0.6618751860793133
0.999959547207814 -0.0017700945992845552 0.008818770495562924 69.11937481854753 0.0017463486151377862 0.9999948310998537 0.0026996370292351702 0.3146782589063944 -0.008823503525144296 -0.002684127173737304 0.9999574697190161 0.6727065957699383
0.9999493249706769 -0.0009549343793684459 0.010021755885004481 70.48433904086838 0.0008936322637781779 0.9999808757752899 0.006119600073630932 0.3268973924221295 -0.010027408043191244 -0.006110334198319207 0.9999310550752587 0.6818715553038288
0.999937422517821 3.5910003436538814e-05 0.011187035303789223 71.93435576068055 -0.0001527851809223623 0.9999454200919198 0.010446697750116956 0.35343232285393 -0.011186049575478547 -0.010447753235287542 0.9998828515117305 0.7021795565010667
0.9999420213208773 0.0002803294962419586 0.010764544211989548 73.30359459932312 -0.0004289689632228756 0.9999045672064175 0.013808420089764493 0.35353678340098316 -0.010759646014016095 -0.0138122371511771 0.9998467143130154 0.6957780914176938
0.9999454791622415 0.0010493430469104318 0.010389301331908905 74.68662686842524 -0.0012327926523311799 0.9998431677684588 0.017666920756309885 0.37034459566935096 -0.010369133294140917 -0.01767876539533447 0.999789949103723 0.7086905412927764
0.9999434756750776 0.0019380861204864762 0.010454151186730433 76.13139986044112 -0.0021366367335379655 0.9998169173635931 0.019014903024490725 0.38520068972087324 -0.010415384693535609 -0.019036164943377325 0.999764544373291 0.7073086048797435
0.9999386020338127 0.002216925057081697 0.010857136176521493 77.50215440362486 -0.002427678091350887 0.999808137788881 0.019436923373173726 0.38803909589854424 -0.010811962899909681 -0.01946208761724023 0.9997521335830345 0.7129945065370784
0.9999356228837233 0.0021792378337227095 0.011135574103047444 78.90415403317614 -0.0023891509924752717 0.9998190481021495 0.018872281516736936 0.38294550177450126 -0.011092431909889903 -0.018897671141595403 0.9997598891632673 0.7362483697303477
0.9999483101111306 0.001874814197481944 0.009993106504935696 80.29004603525064 -0.002053868145844874 0.9998369969188116 0.01793770381102508 0.384724280939451 -0.00995784773600961 -0.01795730113623704 0.9997891660767129 0.7314802403274224
0.9999466535618262 0.0017077544042494155 0.010186933071341475 81.67773641370829 -0.001887258222520511 0.9998426664033149 0.017637479862820514 0.3904388766250742 -0.010155209840606576 -0.017655764339292626 0.9997925513318694 0.749516931538737
0.9999419705499453 0.0013327001766839602 0.01069015635674097 83.06112273042596 -0.0015124992276713501 0.9998572432553743 0.016828709274616313 0.3998582991155785 -0.010666202640996297 -0.016843901567105232 0.9998012377974028 0.7499397369566665
0.9999501050536248 0.0012468450906064892 0.009911245157134312 84.43244876598463 -0.0014175340354979898 0.9998504887673058 0.01723341837935882 0.4180156613594255 -0.009888275911552662 -0.01724660804621732 0.9998023687261384 0.7550029976148108
0.9999496559103378 0.000448853061969518 0.0100241795537479 85.83603003861371 -0.0006156675007275707 0.9998612840712894 0.01664432542463374 0.4199037646703009 -0.010015318183940273 -0.016649659042794893 0.9998112233093971 0.7486021164073987
0.9999440339107072 -0.0008460415336761128 0.010545769773037846 87.18474868576095 0.0006680125688439451 0.9998574065485611 0.01687365784865197 0.4223175792353088 -0.010558541830692826 -0.016865668789253586 0.9998020136060443 0.7588753751672005
0.9999306121967292 -0.0019297689524198408 0.011620963112618505 88.57752338975395 0.0017474499469068738 0.99987555665164 0.015678572296496513 0.42826783525396 -0.011649772983093647 -0.01565717734343228 0.999809549657873 0.7593051608825645
0.9999177006872746 -0.002976119425830777 0.01247936558632338 89.96065739011563 0.002812533597652182 0.9999101620427816 0.013105628498477963 0.431990262383366 -0.012517248381173768 -0.013069451279270786 0.9998362405595341 0.7761577891889742
0.9999090251307168 -0.003979829181321105 0.012888072851559195 91.34115701142714 0.0038223633388703437 0.9999180318444598 0.012219620730919213 0.4367629453615393 -0.012935648443168675 -0.012169246155344036 0.9998422767853764 0.7831174726592176
0.9999148633174048 -0.004326299870464921 0.012310533959452783 92.71140062738225 0.004185993505341859 0.9999262526700399 0.011400292962244221 0.4455706247221539 -0.012358947176408706 -0.01134779056391924 0.9998592321292075 0.7860184282090183
0.9999124755880695 -0.0044149823691743105 0.012471932248778623 94.03193353876864 0.004294291039792409 0.9999438560957654 0.00968729687770042 0.45970486421524964 -0.012514001270728832 -0.009632890895833177 0.9998752958170259 0.8027776367353398
0.9999165880351215 -0.004799884364369536 0.011990749863529077 95.41110865352009 0.004688899319846026 0.9999460677798473 0.009266917221467622 0.4751701202101511 -0.012034583306844869 -0.009209920830814268 0.9998851664880927 0.795941779012447
0.9999254725109126 -0.004523443244316251 0.011339659829281883 96.76444119744863 0.0044224073565124 0.9999504433780879 0.0089192545169725 0.4810549117576216 -0.011379443615636248 -0.008868441192279454 0.9998959240910115 0.7995244995738485
0.9999319197312347 -0.004327150225323281 0.010836589571213518 98.10312332327565 0.00421866133137902 0.9999409568303868 0.010014277293025039 0.4984407331474424 -0.010879283026862401 -0.009967879616947336 0.9998911353626271 0.8074820615799497
0.9999312975433892 -0.00401853721995326 0.011011428236418376 99.47517057498321 0.003888353778928984 0.9999225978420802 0.011818588309747222 0.516984019097424 -0.011058069365121125 -0.01177496001510219 0.9998695261975729 0.8087384874582616
0.9999169095558454 -0.004057875262797669 0.012235507044608544 100.82782535877818 0.003911881864001802 0.9999211548545847 0.011932361650397362 0.5183898799851318 -0.012282962369444284 -0.011883506327063347 0.9998539448903552 0.810589337665462
0.9998927862645124 -0.003843599908266773 0.01412949807796509 102.1360573557352 0.0036715590195182776 0.9999190578211423 0.01218184963153321 0.546441798787263 -0.014175176561730774 -0.012128666283819646 0.9998259647676787 0.8168221618098612
0.9999062002849145 -0.0037245780064933997 0.013180218149102819 103.48619553944216 0.003570740398561653 0.9999254552768533 0.011676202395627226 0.5509543119450577 -0.013222724560032 -0.011628044033762379 0.999844962055197 0.8281262155919819
0.9999337918501828 -0.003640476976236932 0.010915990266610776 104.81162335749157 0.0035135931646239483 0.9999263077767232 0.011620399265236845 0.5577596215065945 -0.010957489638998534 -0.01158127555131549 0.9998728956609514 0.8295351192333917
0.9999453998754712 -0.003827042709043612 0.009723734467116378 106.14904526203787 0.00372605087062391 0.9999391521382055 0.010383090389482584 0.5702628381389133 -0.009762879329037808 -0.010346292342177411 0.9998988150917956 0.8352823610554941
0.9999360677071197 -0.0034173573172226685 0.010778783205393671 107.48811931331974 0.0033168368569990616 0.9999509745723608 0.009329900591635371 0.575899070255861 -0.010810138374993382 -0.00929355264428895 0.9998983802304918 0.8412730231565739
0.9999147315868786 -0.0028172184470560673 0.01275118958223877 108.80835931633855 0.0027396196731520627 0.9999776481387915 0.0060989922821548595 0.5879067257678806 -0.012768086762984724 -0.006063538820925726 0.9999000997386589 0.8337425073061335
0.9998984749246628 -0.002078074886369874 0.014096859511959074 110.16954263106103 0.002012751176870176 0.9999871792363607 0.004646525110933635 0.6011620229945956 -0.014106334606597134 -0.004617679901548823 0.9998898381103257 0.8529724409623927
0.9999151201100187 -0.0014762341623116137 0.012945010933359584 111.47545607034655 0.0014218990830344924 0.9999901456197446 0.004205575632367834 0.6009537443779782 -0.012951091782720123 -0.004186812164394835 0.9999073656222038 0.854922082927047
0.999941669174527 -0.0005467946815156011 0.010786995134754018 112.813446927385 0.000489579405756731 0.9999858031022736 0.005306025434012287 0.616919787938257 -0.010789743299374618 -0.005300434838500766 0.9999277408043326 0.8590804012528026
0.9999612681443777 0.0004119191543558613 0.008791617240193747 114.16511356907746 -0.0004872343918121524 0.9999631899754207 0.00856628839277244 0.6176565096973361 -0.008787765002276324 -0.008570240182806263 0.9999246602466976 0.8687045056313147
0.99996511895825 0.0018144212860294125 0.008152836451793571 115.47215031835914 -0.001908604622864457 0.9999313672543496 0.011559325639533036 0.6295303416572614 -0.00813130341375053 -0.011574482979554152 0.9998999516194356 0.8620608110495712
0.9999393574760893 0.003347249577319603 0.01049177251815538 116.84241983903924 -0.003473704037371489 0.999921268729063 0.012057766108271405 0.6407365403828551 -0.010450586135061314 -0.012093480207457376 0.9998722583339862 0.8755560417056683
0.9999132231650699 0.004002262082970651 0.012551017403390478 118.13532029351482 -0.004160681694033587 0.9999116900033385 0.012621446926108917 0.6420979989470994 -0.012499394684620892 -0.012672572465244213 0.9998415729702537 0.8669406077291527
0.9998944459705126 0.005107780376761305 0.013601746099107949 119.50999587687869 -0.005274960341255645 0.9999106389061357 0.012283688197030719 0.6435620926692294 -0.013537788250671017 -0.012354140275489178 0.999832037647991 0.8752577633133823
0.9998971735385654 0.0060526291976872055 0.013000308818760147 120.82779265725019 -0.006214237231282941 0.9999034732879 0.012426880639451512 0.6441702095910916 -0.01292383864109907 -0.012506389830368404 0.9998382692256731 0.8807609541469686
0.9998880094841298 0.00735984111375929 0.013030780047449793 122.13288678110186 -0.007542097634536239 0.9998736461013745 0.013993162445082214 0.6359784706100939 -0.012926146105313837 -0.014089874758973369 0.9998171783761972 0.8812837084013815
0.9998853680471682 0.00856333723370047 0.012486793847941666 123.51065515956273 -0.008760548510840373 0.9998363919234582 0.015825364933239983 0.6430393928743688 -0.012349232970848317 -0.015932942004003164 0.9997967982565902 0.8766914888062055
0.9998811619625616 0.00980241703471095 0.011898511363828277 124.84532447758224 -0.009997842262245248 0.9998142500699414 0.01647751520041898 0.6458154277869053 -0.011734781740484349 -0.016594516484621794 0.9997934371259619 0.8799080903371318
0.9998777360512303 0.01076107859657283 0.011345137130263814 126.17415710424314 -0.010955403070433554 0.9997919146490483 0.017207746684399797 0.6319072290939595 -0.011157602458881727 -0.017329933347492114 0.9997875680951134 0.8765927584354622
0.9998694925824233 0.011794954896825157 0.011039784506471004 127.50896008684671 -0.011979724227107181 0.9997867147878795 0.016822934972881468 0.6351125729111515 -0.010839004124453417 -0.01695299302899631 0.9997975355125401 0.8872215396024579
0.9998518539431668 0.012617932208179574 0.011707175287063592 128.8373219389487 -0.012814489348894738 0.9997755847282422 0.016869174373047798 0.620360577044466 -0.011491693919492953 -0.01701669674440412 0.9997891642755334 0.8848949603737329
0.9998270245707621 0.013439560737630639 0.01285687151511668 130.2075246461346 -0.013649902368263422 0.9997720905654768 0.01641484363839147 0.6092412839477486 -0.012633333024723062 -0.0165874993147099 0.9997826032509122 0.8926979732341846
0.9998127457316938 0.01382399480472203 0.013541441580960057 131.53414333479668 -0.014020201933420618 0.9997965244388967 0.014503229214514309 0.589968953045468 -0.013338193663223087 -0.014690367168374347 0.9998031234709465 0.8870810721365091
0.9998090586701424 0.013861662898420182 0.013773180562755241 132.87979696606942 -0.014046916640661154 0.999810928427359 0.013445874092554972 0.5780264358590341 -0.013584194271800373 -0.013636777438716437 0.9998147368223139 0.8988135110052148
0.9998013723375708 0.013784723916969983 0.014394348142343704 134.2125260047439 -0.013941325001576535 0.9998440951914439 0.010836270945451892 0.56874641502424 -0.014242728990979744 -0.0110347948479228 0.9998376758122058 0.8790047999633639
0.9998065080951558 0.013203404209228229 0.014581374690300143 135.54819756534815 -0.013346529747627607 0.9998632740816413 0.009762340213101486 0.5477598518521166 -0.014450484914593095 -0.00995506203036331 0.9998460282592039 0.8979519775767705
0.9998293356956582 0.012019558101604594 0.014029601042825553 136.89169327723187 -0.012153207186651489 0.9998812060353097 0.00948015677363783 0.5385650489357496 -0.013913987115741593 -0.009649043497496526 0.9998566381847581 0.8968903858730213
0.9998243005663833 0.011044761543996178 0.015145337215752792 138.23448401592782 -0.011162781454751573 0.9999078137538759 0.007730220186877857 0.5267619545798488 -0.015058562585321938 -0.007897926080967255 0.9998554207766659 0.8952154751810952
0.9998283430122109 0.00987452938466288 0.015677314147781216 139.57584646569077 -0.009985432596557002 0.9999255610217223 0.007011672500467993 0.5006700926685493 -0.015606910178392408 -0.007167013661604917 0.9998525182594971 0.9012909035075919
0.9998347305030026 0.008691983160274272 0.01596750164332478 140.93145612406494 -0.008783501933155975 0.9999453468171613 0.0056704032041278345 0.5072011137923689 -0.015917341919375744 -0.00580971664099433 0.9998564324035591 0.9028454799707462
0.9998513800483702 0.007410441342328167 0.015566090532998957 142.25518180031438 -0.007487801191063894 0.9999598753076375 0.004917378169024556 0.4972038649426144 -0.015529026005925432 -0.005033203139752127 0.999866749230847 0.8926806912684162
0.9998649735336486 0.006384535366928389 0.015141743912270111 143.60564211511578 -0.0064552821132966235 0.9999684548170332 0.00462803453667548 0.48909028513416014 -0.015111718413009192 -0.0047251538581668355 0.9998746465870723 0.8828921283433331
0.9998987993467037 0.005892873388151648 0.012948556222669272 144.9542397433189 -0.005926374192936916 0.999979186615949 0.0025503771937477647 0.48806312254982626 -0.012933257669500918 -0.0026268570833434253 0.9999129114417504 0.8884210758704647
0.9999191397260985 0.004604142699807041 0.011853939405074024 146.26867171109325 -0.004600257569609804 0.99998935574743 -0.00035499596233536855 0.4927976351322779 -0.011855447680817493 0.00030043608278673245 0.9999296765765319 0.8994929230233598
0.9998817040359808 0.003813649024567416 0.014900805858098939 147.66461011515872 -0.00365610700203014 0.9999372860262078 -0.010585692992498548 0.4852929865339017 -0.014940241487106085 0.010529961807107502 0.9998329405899006 0.87908757297673
0.9998590463132843 0.0023449276942273615 0.016624945702121512 148.96980689414903 -0.002071003491218179 0.9998621362705393 -0.016474810986857998 0.46923635943894454 -0.016661285965645183 0.01643805848092105 0.9997260583696661 0.900612916840337
0.9999075528853673 0.0015079751236044031 0.013513389427643482 150.26763576706222 -0.0012500638861001607 0.9998172976152361 -0.019073770724397743 0.4408198866470603 -0.013539683270934537 0.019055114809226805 0.9997267524561548 0.8962128090124812
0.9999424287318974 0.0014146783425821436 0.010636630431742785 151.66660944753687 -0.0012251581045083452 0.9998407607860764 -0.017803147427887706 0.4566961863976597 -0.010660122390170066 0.017789090924135956 0.9997849318902139 0.9065628307998382
0.9999624505250122 0.0024719489656205742 0.008305841819100086 152.9800063324658 -0.0023490225341154863 0.9998880505069146 -0.01477729835308166 0.4629534635146956 -0.008341440711697358 0.014757232863688899 0.999856311899395 0.9035299573319509
0.9999571374797006 0.0034147400792435374 0.008605971972654378 154.35397261887977 -0.0032853897837753204 0.9998820980191772 -0.014999875824062384 0.46794380763053167 -0.008656177988671998 0.014970958919181973 0.9998504593046245 0.9128164459747298
0.9999273412231777 0.0037275020875441427 0.011463769124242938 155.67555685296927 -0.003517291531944658 0.9998263036545163 -0.01830276429466999 0.46590096833840705 -0.0115300015015568 0.018261113020139007 0.9997667682097859 0.907258425136451
0.9998760079860827 0.00429748949009718 0.015149265259334941 157.02266629838078 -0.003923426619111055 0.9996887973812737 -0.0246356472199763 0.4651578245203015 -0.015250422203324046 0.02457315556588489 0.9995817048386566 0.9093966936651569
0.9998627256977434 0.004414086557650814 0.015970147154635086 158.36822204463326 -0.003956503639424211 0.9995839240544241 -0.028571399176639405 0.4451464641985183 -0.01608961898959561 0.028504291112413482 0.9994641712182325 0.9005992118072631
0.9998582357723299 0.00411560255901779 0.01632697687326172 159.7006010636011 -0.003640730681577032 0.9995725212003508 -0.029008963119674276 0.4304439289728416 -0.01643938679963582 0.028945408560782225 0.9994458013743924 0.9188751082117279
0.9998508991711099 0.005284003612283201 0.016439547820682104 161.06587191396937 -0.004815438469663192 0.9995846845450297 -0.028412496816693153 0.4365919686784817 -0.01658285195821284 0.028329096858867364 0.9994610904342864 0.8983224004240317
0.9998487799145972 0.006469668630168186 0.016141892426454436 162.40647332833714 -0.006046877927382518 0.9996409210667875 -0.026104869202431255 0.4371462222155851 -0.016304986066315526 0.026003313568861323 0.9995288765777688 0.886058863144403
0.9998660738950194 0.007580412289349286 0.014504193299974323 163.75688302556148 -0.007237446381305284 0.9996963652948172 -0.023554120365854497 0.44912174398232074 -0.014678339267003905 0.023445992532945006 0.9996173426819425 0.8795643122438415
0.9998719333918139 0.00808525092385754 0.013811065593012341 165.10455986234382 -0.007778877006017359 0.9997256184692768 -0.022094724455110803 0.4449693433976838 -0.013985917483007074 0.021984460278120947 0.9996604811727021 0.8618131037670872
0.9998540579138371 0.008425170266396487 0.014862011277598307 166.446616944441 -0.008100386169890571 0.9997299760799351 -0.021779776654296527 0.4465105359650354 -0.015041496505729618 0.02165621003764562 0.9996523205343313 0.8599227882413499
0.9998541065763971 0.008082804542412126 0.015047718532854516 167.77879816464613 -0.007769463418246093 0.9997541649082131 -0.020766443770517642 0.4333376265450006 -0.015211870381625891 0.020646501384270828 0.9996711064045425 0.8492202900950332
0.9998879090345794 0.007666726689818938 0.012860430331843663 169.1682840440403 -0.0074288303347894834 0.9998022740772283 -0.018445195305547384 0.43224210835303717 -0.012999301762537021 0.01834758981083057 0.9997471600868992 0.8520106935991454
0.9999242766377581 0.0068117201442266205 0.010248973564850225 170.58364599801803 -0.006661408021158986 0.9998707946557114 -0.01462941002678085 0.43589548347908547 -0.01034730078966975 0.014560029643952468 0.9998404567245394 0.8548153736197271
0.9999393075816296 0.006658708209391019 0.008777400421146487 171.95158902790217 -0.006578271846610911 0.9999363967512881 -0.009161265827534121 0.4427223216656482 -0.00883784434593867 0.009102969682078856 0.9999195109859013 0.8530458483196398
0.999924514940518 0.0070315652136683695 0.010075788386792395 173.28664336232927 -0.0069780292218623256 0.9999614021020636 -0.005338671581370578 0.44373286253121397 -0.010112938699919381 0.005267959445632365 0.9999349864236828 0.8599767168966821
0.9998938336416309 0.00768008733588843 0.012382960225873787 174.66705364967802 -0.007670358626535131 0.9999702354492622 -0.0008329550332667233 0.451529809089637 -0.012388988820028216 0.0007378848556735837 0.9999229812750364 0.8786571122245771
0.999861288076793 0.0076060350408569365 0.014817315423978395 176.04284162272626 -0.007622467962447084 0.9999703942802637 0.0010528747006336137 0.4486765524722507 -0.01480886854482406 -0.0011656731664677412 0.9998896632221432 0.8757688563537568
0.9998481400352663 0.006634403068740198 0.016114638188300532 177.4479475273241 -0.006600925497805482 0.9999759456513658 -0.0021297655338326986 0.4349996786498806 -0.016128380284168794 0.002023070581608777 0.9998678825399039 0.8753331575268448
0.9998563898430424 0.00538551475471562 0.016068475996959666 178.84111012523658 -0.005319739104996203 0.9999773074407772 -0.0041333980389496126 0.4364978620977624 -0.016090371838242357 0.004047324340889751 0.9998623500761427 0.8652916348691864
0.9999196266580703 0.0032868055715093505 0.012244881915333758 180.18022050719551 -0.0032001409616092885 0.9999697414804614 -0.007090502191324821 0.43299286733531095 -0.012267816505442319 0.007050746955780416 0.9998998888116521 0.8493801292393801
0.9999637415786929 0.0016991529043679785 0.008344363807296307 181.59929251865293 -0.0016626946547781205 0.9999890508421906 -0.004374201895170026 0.44714453845432034 -0.008351704881394632 0.004360169164414913 0.9999556179903344 0.8632991766402067
0.999970029527748 0.0008989433248052795 0.007689729980531857 182.99043658556957 -0.0008968222612454449 0.9999995588577066 -0.0002792744595775439 0.4606193924404788 -0.007689977640177966 0.00027236976856059495 0.9999703945910612 0.8676248261485876
0.9999610807284717 0.000477814168629841 0.008809581259470171 184.31480071477097 -0.0004978096531545441 0.9999973048805414 0.0022676898383144637 0.4774016504681929 -0.008808473982261492 -0.002271987076069118 0.9999586235744107 0.8616245503720857
0.9999288532332635 0.0011760872416081607 0.011870353424002436 185.77129661165313 -0.0012385735475234183 0.9999854091243099 0.00525808653923666 0.4833932562469477 -0.011863996256657159 -0.005272414749130896 0.999915720066214 0.8654641093596157
0.9998949250421345 0.001488787532863686 0.014419514092579319 187.13040822566492 -0.0016065867773017626 0.9999654054571532 0.008161296945838297 0.49370412834488847 -0.014406864818936252 -0.008183605598581839 0.9998627260006725 0.8845461291195116
0.9998852852927697 0.001713294602126254 0.015049281597572897 188.5849541326151 -0.0018013741616220115 0.9999813179073196 0.005841137515090276 0.4987777356774609 -0.015038992856124435 -0.0058675768377311815 0.9998696916278275 0.8686159639818324
0.9998756798743943 0.0015280638498207776 0.015693623437199312 189.99971627717267 -0.0015975910400952808 0.9999889613268022 0.0044187020053522595 0.49076131176314935 -0.015686698141621387 -0.004443224663953839 0.9998670837946408 0.8622814105282781
0.9998626246603425 0.001946542915696472 0.01646033954718095 191.3583711845888 -0.0019700295272253466 0.9999970643567376 0.001410766305425859 0.5044761813053945 -0.016457545108338533 -0.0014429998558615751 0.999863524167385 0.8628241519591773
0.9998612551415688 0.002121918392375798 0.01652174110264795 192.81139918888522 -0.002119762752976051 0.9999977423507397 -0.00014798410289430913 0.5003972417876438 -0.01652201781254108 0.00011294139945719638 0.9998634957691187 0.8535370765992348
0.9998476027117301 0.002438685849792289 0.01728653125795294 194.17152507343442 -0.0023892682444411066 0.9999930018976142 -0.0028788110487131674 0.49277791724221515 -0.017293430800806024 0.0028370701655247373 0.9998464323504953 0.8451153244020655
0.9998167075196014 0.0029773720098115655 0.018912604806819295 195.62567748802013 -0.002828241079803002 0.9999647385879906 -0.007907125460379808 0.49437722840827125 -0.018935480375692836 0.007852186737900627 0.9997898732965718 0.8365576765435322
0.9997994276533384 0.0031524815447058607 0.01977792517346736 197.03472238013472 -0.002929599173724361 0.9999319955899221 -0.011288119605909213 0.4777833616287581 -0.019812165776065437 0.011227914128024288 0.9997406723903931 0.8408654485362259
0.9998642532458124 0.0031537320099344363 0.016171859992077625 198.46007871981902 -0.003002056767336099 0.9999513626831555 -0.009394675261337188 0.4803589780689533 -0.01620070172429385 0.009344851122934187 0.9998250902138487 0.8350049152077967
0.9999334574343001 0.0034728458834638195 0.01100091109665783 199.89544871800115 -0.003437848750037575 0.9999889749888108 -0.003198608572386993 0.5019841819003018 -0.011011898086103325 0.0031605762603029975 0.999934372275623 0.8300978366230357
0.9999374608119219 0.004584931794427958 0.010200630639645934 201.34438575749826 -0.004655865198089715 0.9999650722495199 0.006940979777365041 0.5061100388309709 -0.010168450435698488 -0.006988038455318994 0.9999238820701722 0.8192639389635681
0.9998874712901396 0.005728147909706901 0.013864814406794422 202.77306699823137 -0.005909622361383144 0.9998969443874414 0.01308346162923898 0.5212980182174285 -0.013788441556469463 -0.013163925181436152 0.9998182784652725 0.8068651678340704
0.9998488002088298 0.006623444004289989 0.01607814387563567 204.19259426057863 -0.006864769927287416 0.9998639121754777 0.015001068728391437 0.5158034303114432 -0.01597659709728628 -0.015109173328496438 0.9997582013799738 0.8043343338716166
0.9998444612376394 0.00613111352014103 0.016536710054237586 205.6910940843493 -0.006381513541879564 0.9998651396076278 0.015132048187004596 0.5120437742186664 -0.01644170360180436 -0.015235223806106861 0.9997487476052412 0.8031883101018479
0.9998441239278066 0.0049796288445309814 0.016939041992020357 207.11726992727506 -0.00516540418992511 0.9999268008906562 0.010941273240912973 0.5050831437010307 -0.016883318589407063 -0.011027064756694287 0.9997966580241505 0.8000227758943448
0.9998511514185482 0.003980466608040844 0.016787819768684396 208.547158078748 -0.004126422371517635 0.9999539139248305 0.00866848688208381 0.5000720825228144 -0.016752541461384225 -0.008736470225170583 0.999821497289686 0.7960589356600992
0.9998634479574073 0.0034560804993554704 0.016159856011335818 210.04226214995077 -0.003604415412784145 0.9999515581355463 0.009159125057857662 0.5029573546688793 -0.016127418524277702 -0.00921612119469828 0.9998274698576087 0.7860132186406092
0.999864639154373 0.003223689241697891 0.016134162400586852 211.50316287590587 -0.0033855512391903313 0.9999441171992564 0.010015014798132053 0.5065896554283831 -0.01610097548294407 -0.010068282190768614 0.9998196778830795 0.7799410325601865
0.9998552652344099 0.002991517887269569 0.01674811642418725 212.94043969819214 -0.0031798743709150943 0.999931872888561 0.011231116621250205 0.5076750138788922 -0.01671337733712674 -0.011282747994397086 0.9997966606343921 0.765065235951524
0.999853921732194 0.0026584063565071804 0.01688395902610787 214.38120709284732 -0.002845016573670832 0.9999350306713876 0.011038130136342427 0.5220228427108298 -0.016853518251307216 -0.011084552848670751 0.9997965251043324 0.7712174525852529
0.9998631734391976 0.0024385305949833993 0.01636117259350275 215.84931546442635 -0.002628174198431719 0.9999295002396257 0.011579604955051073 0.5218080290447437 -0.016331781913794752 -0.011621020569195955 0.9997990922082549 0.7698267260868438
0.9998700836839025 0.0020632987510058876 0.015986198804273072 217.30662180913643 -0.0022430624118860445 0.9999343676533419 0.011235170525072192 0.5259170546864661 -0.015961968079219686 -0.01126956893475365 0.9998090879718301 0.7621527646855841
0.9998703771349746 0.001465096473393003 0.016033789953946342 218.7792454112225 -0.0016382093031151838 0.999940455667967 0.010788947530592742 0.5230308165081041 -0.01601702838365488 -0.010813815740169968 0.9998132406559211 0.7584054925491281
0.9998752573949419 0.0013179747488856182 0.01573952324436751 220.2656738788421 -0.0015216327324409488 0.9999151904713264 0.012934314768044427 0.5305834101983375 -0.015721141282561184 -0.012956651081687264 0.9997924639191482 0.7599289108986977
0.999877603146462 0.0013093357788564724 0.015590521668773167 221.76156069359715 -0.0014765565958050455 0.9999414583624535 0.010719124432025443 0.5400446054185287 -0.015575574040967604 -0.010740832732524349 0.999821001982608 0.7439351195400223
0.9998795858114077 0.0007500743218765952 0.015500040842511283 223.23924619507864 -0.0009533767940349954 0.9999135660201567 0.0131130302196811 0.538997861303397 -0.015488865365043757 -0.013126228604033056 0.9997938773428943 0.748444568994909
0.9998781634308288 0.0004604692310808073 0.015602764571703327 224.7240933424994 -0.0006449890688617998 0.9999298963197074 0.01182313136019531 0.5463169597438664 -0.015596226572277713 -0.011831754483026298 0.9998083652893487 0.734299720803708
