1.0 -2.1684043449710093e-19 -2.5135375298442207e-37 0.0 2.1684043449710093e-19 1.0 2.3183291766350204e-18 -8.673617379884035e-19 -2.51353752984422e-37 -2.3183291766350204e-18 1.0 0.0
0.9999996055934253 -0.0005539032154784376 0.0006942652389157101 1.3264143034846672 0.0005540439532687527 0.9999998260066514 -0.0002025387983302251 -0.004842370698951037 -0.0006941529312265221 0.00020292337190517734 0.9999997384868725 0.014300324240515423
0.999999199506168 -0.0005493826924944496 0.001139809493046516 2.6273271596139227 0.0005501366911685322 0.9999996300126829 -0.0006613048604010518 0.0042992675183424565 -0.0011394457618866928 0.0006619313820536571 0.9999991317547237 0.02258744480528959
0.9999989039009973 -0.0010851623324079679 0.0010072832354124798 3.9512126480099217 0.0010864810283077728 0.9999985523331772 -0.0013095382869139569 0.003067042395556406 -0.0010058607155801534 0.0013106312456557547 0.9999986352440482 0.049103325638846146
0.9999993030027841 -0.00048315924490129807 0.001077288768190016 5.265603313723967 0.0004852699411899933 0.9999979617148322 -0.0019598671549943348 0.0143089996676486 -0.0010763396444335843 0.001960388564829568 0.9999974991816953 0.055057016652734415
0.9999984159625204 -0.0008548534034468271 0.0015611848412339336 6.587800111809998 0.0008584427669886867 0.9999969867478342 -0.002299906795388844 0.00733198536056708 -0.001559214053838681 0.0023012433400851707 0.9999961365578488 0.06549545598075504
0.9999965144664242 -0.0006903201546365711 0.002548433457401242 7.924486758138219 0.0006992805016412732 0.9999935715187461 -0.0035168065005500115 0.010995164371467046 -0.002545989352437248 0.003518576312429365 0.9999905687350011 0.09427052785567293
0.9999955916877762 -0.0004716296846306598 0.0029315815620342555 9.23925153027729 0.0004820873392781354 0.9999935200418794 -0.003567557434531169 0.02915955315997772 -0.0029298799995207568 0.0035689549859792397 0.9999893391249212 0.10364742559853589
0.9999967239230703 -0.0010240138108993662 0.002345962242224902 10.570919023579476 0.0010314265890767086 0.9999944728146805 -0.0031607751075991455 0.025123070987466162 -0.002342712598293508 0.0031631844404903364 0.9999922529509303 0.11935411174386404
0.999999602494169 -0.0008896794848573687 5.900778099968037e-05 11.891994980394132 0.0008897186905601919 0.9999993812542648 -0.0006677512554282752 0.04328366447986224 -5.8413659895925255e-05 0.0006678034903189013 0.999999775313146 0.12765714085136548
0.9999992727496784 -0.0009496150433159856 -0.0007434590666264133 13.23193939283925 0.00095123881976039 0.9999971565548788 0.002186784595022916 0.041329790812013836 0.000741380349093432 -0.0021874902118081936 0.999997332617318 0.1465634872632038
0.9999993741190863 -0.0007443764998406497 -0.0008352634686911921 14.570973799282536 0.000749125581651758 0.9999834748687632 0.005699894758373933 0.06562979803984388 0.0008310067981430563 -0.00570051690815041 0.9999834066296708 0.15816772752096583
0.9999999437758565 -0.00033167688906544874 4.9383449545183405e-05 15.920380139223283 0.0003313814667488014 0.9999827362084691 0.005866640550350955 0.08400815972669486 -5.132842608661099e-05 -0.005866623855744171 0.9999827898968701 0.1778797123081984
0.9999956927106779 -0.00014540377102003276 0.0029314531950459578 17.26313961242853 0.0001328552150552598 0.999990830216778 0.004280400898355646 0.07248365962525118 -0.0029320487006877327 -0.004279993002585911 0.9999865422846022 0.1963950950829333
0.9999870847612302 -3.0939538248844234e-05 0.0050822586987546384 18.62919117707416 3.1858133789795525e-05 0.9999999831726675 -0.0001806646730520688 0.08190248214340347 -0.005082253023552219 0.00018082425100225837 0.9999870689197911 0.21647823576803263
0.9999940381272484 -0.00037949596445725086 0.003432155703382122 19.965944420876998 0.00038662611773943495 0.999997768227884 -0.0020770314143832382 0.06936237670314048 -0.003431359818552916 0.0020783459924213206 0.9999919530914894 0.24021149228877683
0.9999995955042672 -0.000238267816034113 0.0008673060300223786 21.32111537958728 0.00024087541366822504 0.9999954478894754 -0.0030076867128444127 0.07667428045029569 -0.000866585447005087 0.0030078944089467308 0.9999951007884427 0.2319185187996789
0.9999999854636176 7.018170530409709e-05 -0.00015539399232164142 22.67349720382726 -7.031534722813422e-05 0.9999996275716881 -0.0008601815138625324 0.08789696920354766 0.00015533356544300526 0.0008601924279411323 0.9999996179701621 0.2795588067447938
0.9999989518847845 0.0007906108700257583 0.001212915407050227 24.040788512834975 -0.0007923165813117476 0.999998697058503 0.001406455022930441 0.09498356194336988 -0.0012118018680630795 -0.001407414561792266 0.9999982753587547 0.2592598769756397
0.9999822758992557 0.0016155149006615846 0.00573044491732861 25.43082011245376 -0.0016260914262873757 0.9999969823587946 0.0018414939527564248 0.10550474682697829 -0.005727452663981746 -0.001850779541280966 0.9999818852864643 0.27599694729827595
0.9999765803883924 0.0017521252259411662 0.006615794126905915 26.803620804171782 -0.0017540133503571903 0.9999984226278301 0.00027960511205311623 0.09826203564107072 -0.006615293788166246 -0.0002912027550317961 0.9999780763042017 0.2938639159342521
0.9999803016156851 0.0017353231300218843 0.006032000848636893 28.171979113740733 -0.0017108546405703241 0.9999902977164825 -0.004059242453904556 0.09560052287265564 -0.006038986421775109 0.004048842616742856 0.9999735684089167 0.3127434012540129
0.9999916041375467 0.0016543914935845422 0.003748952280555329 29.532725072472342 -0.0016399716162870252 0.9999912586177043 -0.00384619048898272 0.10373282106717303 -0.0037552826143579143 0.0038400100215654803 0.9999855759837342 0.3117343990889144
0.9999954284617871 0.0024263270034870802 0.0018044369755737713 30.919203978044898 -0.0024188042415941645 0.9999884235011509 -0.004159597303078784 0.10604336574672217 -0.0018145086297712922 0.004155213707510557 0.9999897208259079 0.3462072044781508
0.9999958302566466 0.002788498606749319 0.0007508294349028867 32.30491718584948 -0.0027871410039645825 0.9999944902267122 -0.0018031531388365443 0.11581393938246232 -0.0007558533880183239 0.001801052952645727 0.9999980924451394 0.3328866761260492
0.9999933924760569 0.0033804171035689582 -0.001337080563323648 33.68473812565852 -0.0033805882611702867 0.9999942778862001 -0.00012576909680807192 0.11614423707788493 0.0013366477603905546 0.00013028838464236434 0.9999990981984441 0.3705778622034986
0.9999929864759158 0.0035902899717384414 -0.0010662161589571769 35.07916528382015 -0.003590176502943447 0.999993549429265 0.0001083168398568124 0.1276752610813505 0.001066598170118333 -0.00010448817597310068 0.9999994257251175 0.36053986848910435
0.9999951433555104 0.0030427301149339625 0.0006745804918901764 36.47169608515883 -0.003042847634725004 0.9999953555199036 0.00017325384102485797 0.12156652443771215 -0.0006740501941348941 -0.0001753056452467253 0.9999997574621038 0.39856711889064816
0.9999939736979288 0.0028339916941295383 0.002005257814834878 37.874575963634044 -0.002836913516933605 0.9999949163586767 0.0014557398464943123 0.13500271227164998 -0.002001122066189608 -0.0014614198167661018 0.9999969298765848 0.4034906802516209
0.9999939449956504 0.002394872073390173 0.0025247890581571075 39.26695424164509 -0.0024033822206892207 0.9999914232468903 0.0033730085324300435 0.12913149973225335 -0.0025166894797270787 -0.0033790561419820737 0.9999911240874351 0.4127564672747314
0.9999918756042382 0.0029326158462849093 0.002765590319613072 40.6684943400241 -0.002949104201227902 0.9999777897541035 0.005976853930663795 0.14665225374672516 -0.0027480010786240295 -0.0059849613863674975 0.9999783141284994 0.43881948763061185
0.9999905804951124 0.0028604170443400764 0.0032644961909512197 42.094635314950644 -0.002889537628870062 0.9999557657814491 0.008950812964600102 0.15163912778022778 -0.0032387487305486078 -0.008960161536956689 0.9999546119759097 0.4584470424173267
0.9999914761810954 0.002496175462243929 0.003288871115657889 43.48228782351995 -0.002526985301953274 0.9999526514799932 0.009397294473149012 0.15170838713877785 -0.003265258096602714 -0.009405525301282015 0.999950435863383 0.4594441661293799
0.9999927804766027 0.0021079054718083053 0.0031616023145107836 44.909653095894036 -0.0021351948366850394 0.9999602815815263 0.008653103628410657 0.15815931885458673 -0.0031432368161805574 -0.008659791794064146 0.9999575631337566 0.4736027150234573
0.9999954372705837 0.0012820830405196953 0.0027352698388263485 46.30644908883904 -0.0013048847432564588 0.999964280518825 0.008350746210689012 0.1499670483903193 -0.002724465786314424 -0.008354277320375005 0.9999613909229863 0.4951756819415004
0.9999940126582127 0.0004522842228232096 0.003430755996547342 47.737347414248624 -0.00047992073153686066 0.9999674107725713 0.008058974431707016 0.16426238375770472 -0.003426999243872322 -0.008060572670800226 0.9999616406864821 0.515673469230556
0.9999903852160955 -0.0006369819716858389 0.004338632196056716 49.135131513221175 0.0006005698953219588 0.9999646341991394 0.008388662991336187 0.16634642652601656 -0.004343822183946492 -0.008385976684270451 0.9999554023074655 0.5276409247971806
0.999989126116878 -0.0015427644045517836 0.0044008551435825724 50.56394954480646 0.0015029726702715407 0.9999580916146601 0.009030840908770934 0.1780562479383658 -0.004414603170746612 -0.00902412834345577 0.9999495369199817 0.5437541248788991
0.9999856589037356 -0.002762299677656991 0.004588211781560872 52.014583268394944 0.002720760745506223 0.9999554811757794 0.009035105283355986 0.18230144803109746 -0.004612965188178893 -0.00902249228353402 0.999948656274494 0.5472678515218989
0.9999748677073456 -0.0037501512636355064 0.006016670107008118 53.42318319854036 0.0036883860580689087 0.9999407249421065 0.010244140302686484 0.19850545381917994 -0.006054730544240178 -0.010221691041815714 0.9999294261448066 0.580102608433505
0.9999651971032514 -0.004608088310111019 0.006954861923997431 54.87752226997837 0.004556358074311295 0.9999619749864738 0.007435602346119412 0.20488070773610143 -0.006988861377528484 -0.00740365472433557 0.9999481695134845 0.5760483265993926
0.9999585195171841 -0.00516909598225366 0.007499312750365769 56.27636685022831 0.005127737785951296 0.9999715970257288 0.005523716775149742 0.20767389340319348 -0.007527652369768201 -0.005485033139352252 0.9999566234898692 0.579556032126474
0.9999592722978157 -0.005417366183560649 0.007218440915880951 57.702119733237744 0.005388826229771482 0.9999776100635513 0.003967357237959909 0.23017773457951876 -0.007239771922386614 -0.003928296732870308 0.9999660765182439 0.5949861942962897
0.9999575324332808 -0.005409124464413519 0.007461548262437312 59.15224650975401 0.0053874889616996975 0.9999812338569762 0.0029166584590729857 0.24379732551100763 -0.007477184806580751 -0.002876335586784207 0.999967908685554 0.6104564433023432
0.9999521832882381 -0.005236230891511226 0.008259117576145602 60.557370829932296 0.0052141699568279505 0.9999827870074034 0.0026903755439666873 0.24316254262754064 -0.008273062839548992 -0.0026471824563193223 0.9999622737165117 0.6306687793786581
0.9999482603794639 -0.004602877052208036 0.00907138836815413 62.0121481432488 0.004594881728879398 0.9999890366484175 0.0009020226534461986 0.26005990207876434 -0.00907544081470623 -0.000860294026467994 0.9999584472707888 0.6337108558908217
0.9999524967714559 -0.004209750983846013 0.008791029358703286 63.41147111911903 0.004224972434993398 0.9999896064989793 -0.001713622461338361 0.26714037292615367 -0.008783724065288115 0.0017506829154546807 0.9999598898460249 0.6411782504115467
0.999960534508034 -0.0037655506029515224 0.008046741891200101 64.82553482794725 0.0037821189310939846 0.9999907571695358 -0.0020447865144020035 0.27784751101681543 -0.0080389677694368 0.002075139550736582 0.999965533802564 0.6586610171050145
0.99996338299757 -0.002995532698965203 0.00801619909337075 66.28309666168198 0.0030151691601873506 0.9999924808804317 -0.0024386343585681117 0.2859233120274996 -0.008008833809649374 0.0024627152593761316 0.9999648961911416 0.6667853440745167
0.9999661090463894 -0.0024501668147438736 0.007859862670824377 67.64314150594932 0.002457336175597373 0.999996573381476 -0.000902620754494346 0.295259196957223 -0.007857624166654392 0.0009219044886924718 0.999968703427547 0.6755585897579629
0.9999542734946888 -0.001810352321904545 0.009390076899553599 69.12336968412579 0.0017897862253180973 0.9999959824241055 0.0021981357819250086 0.31573313195273084 -0.009394018574423669 -0.0021812290385680036 0.9999534962461528 0.6888359957150127
0.9999449271978688 -0.0010162027604140372 0.010445568591449454 70.48260768229368 0.0009604683980523753 0.9999852844367537 0.005339326774165575 0.328400763254455 -0.01045084071763086 -0.005329000083946851 0.9999311884756871 0.6943543247033568
0.9999334945891865 -0.00015164993247416105 0.011531842912366539 71.93550480045592 4.2797525436257326e-05 0.9999554511961141 0.009438950765196982 0.34899355832266027 -0.011532760598804362 -0.009437829489558324 0.9998889552382788 0.7098459313548142
0.9999396861505835 0.00017571293725822677 0.010981492887420589 73.30142912814765 -0.00032095054986283714 0.9999124902736882 0.0132253085187435 0.3542961818776836 -0.01097820804217754 -0.013228035365657543 0.9998522380974839 0.706039726596264
0.9999416094889111 0.0008992235877999938 0.010768890827986263 74.6934632167524 -0.0010884345443920882 0.9998449167984086 0.01757719154546381 0.36787156676382693 -0.01075141492867411 -0.01758788643704793 0.9997875140887232 0.7227880125527582
0.9999402678850038 0.0017593175602933068 0.010787282502506454 76.14331095806031 -0.001960952945188017 0.9998230304151181 0.018709957644968578 0.3833122914427842 -0.010752456724562844 -0.018729993413020823 0.999766758809841 0.7212389167081551
0.999935024440303 0.0020586284646989905 0.011212000107695061 77.51051818297425 -0.002270551127580589 0.9998183923110852 0.01892160125502217 0.38481364251179917 -0.011171011375326115 -0.018945829232877222 0.9997581027726312 0.7264222015889719
0.9999323173729514 0.0020886352987311 0.011445447817720972 78.92054251349623 -0.0022947037956387024 0.9998349762046008 0.018020951485294236 0.38430526632730017 -0.011405919851093144 -0.018045995692505905 0.999772097546144 0.7431672410169655
0.9999444831940922 0.0018112223775823301 0.010380269900096313 80.28632985197311 -0.0019882435040394046 0.9998523415013592 0.017068745765820376 0.3860987320076746 -0.01034782187073906 -0.017088436667773644 0.9998004340441061 0.7410124222330946
0.999942428200732 0.0016278404470089702 0.010606150079221768 81.67670608712639 -0.0018061928624302137 0.9998567657231399 0.016828122444472907 0.3918865788582219 -0.010577237416622566 -0.01684631037175643 0.9998021423639234 0.757905105146776
0.9999386491440505 0.0012007841916492218 0.011011633180257283 83.07898315160703 -0.0013779532307395456 0.9998695044967998 0.016095813810367295 0.39884518399821234 -0.01099086861286915 -0.01610999983392928 0.9998098162713174 0.7581046541946928
0.9999465224058557 0.001012094947301938 0.010292132541560688 84.44079064561417 -0.0011797439638276134 0.9998665146968668 0.016296042222576253 0.41374293527068234 -0.010274265551134002 -0.01630731283068494 0.9998142382541004 0.7610224498397772
0.9999436042553482 0.00012306750696467419 0.010619470947845882 85.84449485248328 -0.0002939405172986837 0.9998704966616812 0.01609047869068321 0.4133199818094933 -0.010616115475808626 -0.016092692748939492 0.9998141443949933 0.760108256563867
0.9999351846323201 -0.0009968370705272923 0.011341642305357585 87.20639264417053 0.0008145723198591284 0.9998706388439561 0.01606368730132532 0.4218023184236198 -0.011356188016388847 -0.0160534075396429 0.9998066438567521 0.7723021567148782
0.9999163366546344 -0.002066312174955658 0.012769105104556892 88.58914382772822 0.0018793796070815545 0.9998911490023363 0.01463414087263083 0.4284285452879266 -0.012797953878182123 -0.01460891853571469 0.999811378148773 0.7825271373276276
0.9999056533263395 -0.003141242312476174 0.013372248979153815 89.96730169810226 0.002978026861918592 0.9999210449427648 0.012207998876927459 0.42706722896776544 -0.013409541455093167 -0.012167024176177186 0.9998360604222376 0.7918828977390185
0.9998961174436906 -0.004134904690799886 0.013807855888267483 91.34088122637529 0.003980555391987851 0.9999294983449025 0.011187203336078297 0.4358767777548865 -0.013853140431125297 -0.011131078245589959 0.9998420823296477 0.7997758451921179
0.999900218995063 -0.004441664679115501 0.01340983476793517 92.71701508055372 0.004303545611447334 0.9999375775826059 0.010311180019769581 0.4508197438618809 -0.013454796497725912 -0.010252441324299342 0.9998569177127778 0.8056566515921
0.9999001205386815 -0.004690466608514962 0.013332234236036352 94.05204363429323 0.004575355720429892 0.9999521080685356 0.008651455907716477 0.4589104045035852 -0.013372175094638235 -0.008589592090782834 0.9998736939438663 0.8176948739242365
0.999904984366835 -0.0049349000769841654 0.012871247009897157 95.43451388014367 0.004828560649685132 0.9999540637897208 0.008279813553173943 0.47729597249936034 -0.012911515806128926 -0.008216877244622334 0.9998828809855357 0.8118867021716795
0.9999131144628852 -0.004708819042312507 0.012312211351326333 96.78789357031256 0.004612506717193525 0.9999586347418418 0.007839233828360803 0.4824123369936709 -0.012348615587053411 -0.007781762554757559 0.9998934722582323 0.8151828680991967
0.9999209762684415 -0.004553219849949528 0.011717909684102162 98.1081162929211 0.004448212603757388 0.9999498590652762 0.008971775742068264 0.4984798057182903 -0.011758172604555675 -0.008918943005323905 0.9998910929859658 0.8206433930379248
0.9999213911317621 -0.004246942172944397 0.01179724710690083 99.4769906626419 0.0041198442139560336 0.9999334391764912 0.010777017227734813 0.5179116689893076 -0.011842231241381274 -0.010727567238373585 0.9998723322806626 0.8181044586563853
0.9999021430633528 -0.004212019744608403 0.013340284366730104 100.81010136854937 0.00406639978939514 0.9999320609911779 0.010924183936940215 0.5236513238804812 -0.01338539091946895 -0.010868868000225433 0.9998513384590364 0.8233025560130872
0.9998818401220881 -0.004123554958176311 0.014808851696667777 102.15072323363205 0.003958909435435327 0.9999302203430905 0.011130205779790318 0.543226850188889 -0.014853714355305936 -0.011070263733324343 0.9998283934909659 0.8230200435105808
0.9998945804276475 -0.003928508400332112 0.013978370905345733 103.49006499101776 0.003779501899277858 0.9999359281190958 0.01067028687504522 0.5540772158306743 -0.01401939359645242 -0.01061633073858041 0.9998453631061339 0.8339241719689565
0.9999249204246493 -0.003781876964425409 0.011655510301339796 104.81681158854022 0.003657618171535761 0.9999364496332714 0.010663888789705176 0.5627930024809136 -0.011695099104750719 -0.010620456743186556 0.999875207491163 0.8333707822098295
0.9999377625582889 -0.003979987697550052 0.01042260561712519 106.14907503828307 0.003881549323764193 0.9999478334812999 0.009447956969723267 0.5779079909755326 -0.01045966465858084 -0.009406913095267064 0.9999010478048556 0.836974029378695
0.9999250683691058 -0.003594692178866236 0.011701958604364914 107.50640263612135 0.0034974086589265718 0.999959244452915 0.008323314593823593 0.5846434390561306 -0.01173140143851269 -0.008281764382937326 0.999896887983453 0.8459748006810042
0.9999050150669238 -0.003034133171466788 0.01344451114443111 108.82759319353765 0.0029636559089328395 0.9999817801348988 0.005258910713486385 0.5901768378480332 -0.013460222422693277 -0.005218566291308305 0.9998957890591375 0.8342790474912222
0.9998931816658201 -0.002168980863718459 0.0144540921616081 110.1762353639828 0.0021087072491015038 0.9999890239390946 0.004183940137530339 0.6031037267192869 -0.014463008398705448 -0.004153013767094175 0.9998867805230296 0.8454166694028036
0.9999050711550664 -0.001528886890407749 0.013693472286378268 111.48136023851497 0.001483670498422152 0.9999934160243454 0.003311590224147786 0.6101105606861261 -0.01369844517577021 -0.003290959257860654 0.9999007561687958 0.8526669704614005
0.9999328385379547 -0.0007861473449669817 0.011562888297511181 112.82635383650813 0.0007380985451489545 0.9999910784553903 0.004159112905829598 0.6214195562967498 -0.01156605481425575 -0.004150299022695919 0.9999244978467404 0.8561452181410172
0.9999537636649845 0.0002093425105917405 0.00961388100330949 114.17197496872022 -0.00028200449710968065 0.9999714034745468 0.00755729492667505 0.623903386467259 -0.00961202401662344 -0.00755965666273262 0.9999252274972592 0.8668352364961738
0.9999579634197934 0.0016831921174027269 0.009013226815904956 115.47840941062098 -0.0017779605891124748 0.9999431172338802 0.0105167082651377 0.6377061221608161 -0.008995012478179099 -0.010532291340746614 0.9999040756940792 0.8581996428978395
0.9999296416564664 0.0031184020582705166 0.011444968561506874 116.853202476211 -0.0032452891603019754 0.9999332938811843 0.011084939611521537 0.6496458015019069 -0.011409637813573794 -0.011121301925944954 0.9998730603473799 0.8660584597382768
0.9999029096116273 0.004010909039198793 0.013344810185276515 118.14663586886134 -0.004168588907258049 0.9999215814060975 0.011809060286543435 0.6535724727220313 -0.013296398637378151 -0.011863542768001707 0.9998412184623455 0.8572435505290718
0.9998817935097865 0.004991189539886806 0.01454259380679732 119.51598635547377 -0.005151235301724647 0.9999263537346619 0.010988716111088363 0.6494554471865532 -0.01448667603416467 -0.011062329496121136 0.9998338667416705 0.869984420665446
0.9998850347702369 0.005891721338686197 0.013971573361266759 120.83936664929206 -0.006049004405125821 0.9999185107131638 0.011241951737798883 0.6505103476512258 -0.013904200380775502 -0.011325173413043203 0.999839193900167 0.8706029336236811
0.9998765680483824 0.0073015250957588615 0.013911736019072236 122.14365556825707 -0.0074836183998922695 0.9998864166609007 0.013082401639919718 0.6453612485020802 -0.013814634393755854 -0.013184896977200234 0.9998176405566505 0.8717251056805935
0.9998762807095329 0.008355083079587102 0.013327260078666586 123.51327528428878 -0.00855216801406208 0.9998538949435337 0.014800310419182805 0.6480178004939853 -0.013201655075424302 -0.014912456302638911 0.9998016478033488 0.866003514224078
0.9998735711596264 0.009546837325490047 0.012716115506554838 124.8463786338804 -0.009745069559507833 0.9998305195161696 0.015619406624657254 0.6490256513803058 -0.012564844438980063 -0.01574135131132849 0.9997971466968275 0.8685580487802136
0.9998698151043974 0.010649552816535495 0.012121875593570603 126.18332930291109 -0.010848078265751149 0.9998061477333875 0.016431255352651615 0.6401843861069387 -0.011944540218791148 -0.016560615306555664 0.9997915152568709 0.8642925108286246
0.9998642537245186 0.011475619764761642 0.011823040003570331 127.51762196906778 -0.011665385498222432 0.9998021970249774 0.01610855689395745 0.6350757046218636 -0.011635845697209731 -0.016244290536758268 0.9998003451289003 0.8721940631996502
0.9998403771175862 0.01250121999329376 0.012764786878055738 128.8442862280961 -0.0127026693929686 0.9997940931408916 0.015824459260113718 0.6294759723125777 -0.012564333474396894 -0.015984080181897627 0.9997933019905079 0.8722512652509095
0.9998165570863009 0.013373464586435724 0.01371140478036151 130.22217530395207 -0.01358197697345256 0.9997917882757972 0.015228591457398235 0.6202341611887282 -0.013504890876574133 -0.015412025864210312 0.9997900216451316 0.8750484689923774
0.9998043464434219 0.013735787227379843 0.01423365666602253 131.54381480065044 -0.013931808371207813 0.9998081927963174 0.013765258183917784 0.6006374672801721 -0.014041849890594997 -0.013960865539289472 0.9998039411229802 0.8703610226330817
0.9997996281295888 0.013733617552920425 0.014563356098302692 132.88733427920107 -0.013918578915819348 0.9998227793003479 0.012676085874264548 0.5879623105396161 -0.014386686654680543 -0.012876247164361835 0.9998135953796898 0.8793876529757352
0.9997897600716076 0.01360406500383738 0.01534161240967456 134.20949599553487 -0.0137728892050268 0.9998451588266465 0.010952894314472664 0.5738823967588135 -0.015190233010173665 -0.011161889906701212 0.9998223187320872 0.86897715351746
0.9997978771073393 0.013019737377474253 0.015319640017945606 135.54902062829694 -0.01316472680209998 0.9998691394323318 0.009401807223850228 0.5542658331047542 -0.015195226220228212 -0.009601585778920677 0.9998384442751971 0.8797071508812633
0.99981683105772 0.011894809767971939 0.014993926579862515 136.89383773745283 -0.012033055237692977 0.9998856081976746 0.009163847489620762 0.5465738054444773 -0.014883209174945363 -0.009342591704134273 0.9998455911113999 0.8801685771203351
0.9998076611501336 0.01088742466006325 0.01631271558542739 138.22916512099277 -0.011009560048016663 0.9999118914759033 0.007416122479467778 0.5335113426963567 -0.01623053582136814 -0.007594291892783589 0.9998394353282923 0.8817362064599535
0.9998130010638338 0.009828048309754719 0.016654499997034774 139.56758464834033 -0.0099360536612699 0.9999300603732773 0.006414764183857383 0.514708200035314 -0.016590290575227092 -0.0065790446354514025 0.9998407265311382 0.881555387359115
0.9998195110682717 0.008535513042680257 0.01697322315590717 140.92588987648307 -0.008621791261873197 0.9999502483174415 0.005016533197717436 0.5130552227146973 -0.01692956002495857 -0.0051619673560910255 0.9998433597771084 0.8820147083493849
0.9998361786770815 0.00736774887127928 0.016532757936317925 142.24917897687496 -0.007432719707868898 0.9999648812078955 0.0038718249732831926 0.5095944166526097 -0.016503650691752345 -0.003994074041532656 0.9998558280504222 0.867493837174181
0.9998509889279146 0.0063221159026979196 0.016063336838410477 143.60171750705615 -0.0063822278214567514 0.9999728115880008 0.0036936774119593727 0.5003984957794757 -0.01603954824508485 -0.0037956468884038134 0.9998641537512944 0.8571670126487645
0.9998876314749663 0.0055259671861438596 0.013935139397932164 144.9581818187399 -0.005547804712431986 0.9999834420056863 0.0015289137754748976 0.4921218236207253 -0.013926459932619536 -0.0016060514057092883 0.999901732328046 0.8618373135531414
0.9999056069919441 0.004498090691939809 0.012982460714322838 146.25530400652517 -0.00447854207051881 0.9999887939966705 -0.001534451695855522 0.5022115901462874 -0.01298921733571521 0.0014761643578562811 0.9999145469347839 0.8748702904807105
0.999865292341739 0.003541832646939832 0.01602662134917552 147.6483499833372 -0.0033759152606313873 0.999940553678944 -0.010367849555239108 0.48732974264215534 -0.01606238981353066 0.010312348410915276 0.9998178109554411 0.8664769034401226
0.9998438244878993 0.002158532218891341 0.017540449597164984 148.9633471283868 -0.0018495257017445523 0.9998431515054026 -0.017613961576632822 0.4746390149125251 -0.017575718707616584 0.01757876919481336 0.9996909927500128 0.8663617121759924
0.9998926051426175 0.0013228175796156133 0.014595490219949133 150.2598758089697 -0.0010347911309399722 0.9998049300721349 -0.01972386906184628 0.4448203508904132 -0.014618734159457818 0.01970664753591003 0.9996989250041588 0.8709222564276947
0.9999317749431695 0.001299419901494947 0.01160848684893297 151.6598377981206 -0.0010820228576439131 0.9998242901484592 -0.018714113809240877 0.46368931722568596 -0.0116307646153547 0.018700276389649505 0.9997574830814786 0.8740669726207243
0.999953818431859 0.0023094342697351907 0.009328853997049965 152.97299213927707 -0.002164326045788184 0.9998769816238805 -0.015535034968923363 0.4697435938430841 -0.009363583518718958 0.015514126854964205 0.9998358041056621 0.8733328000526458
0.9999497399036289 0.0032033834373641776 0.009500315848340107 154.34410703266556 -0.0030517821018111115 0.9998684634046997 -0.01592929737080853 0.47273472555956986 -0.009550093856505636 0.015899503868920032 0.9998279859476099 0.8751543338908354
0.9999157489354125 0.003633754830401057 0.01246157521206176 155.67119508179374 -0.0033964869388261477 0.9998135519676247 -0.01900855539898551 0.4750525599018322 -0.012528324205883182 0.018964628330511903 0.9997416586123026 0.8697362035104867
0.9998722054619099 0.0041818608741005245 0.01542999625294729 157.0111956251908 -0.003754492804802127 0.99961136156773 -0.02762299057828058 0.47047350837488955 -0.01553951506691857 0.027561528701049144 0.9994993174620713 0.8582333319571821
0.9998506824958256 0.004235085268151273 0.01675341056033421 158.35231629918678 -0.003718310161721533 0.9995199521627256 -0.030757753464194106 0.45340964629683894 -0.016875629830405386 0.03069086641648284 0.9993864536986844 0.8597234269022118
0.9998468841404876 0.004152690383691294 0.016998924587615653 159.69019993808703 -0.0036150285717898452 0.9994959969838264 -0.03153860462563313 0.44451551899108505 -0.017121327138495693 0.031472323967004126 0.999357970389556 0.8713192573257509
0.9998382287825701 0.0051936978701546095 0.017220388130543062 161.0567733348134 -0.004666300413859898 0.9995230705867916 -0.030526332979893347 0.44595608166888334 -0.017370719771518044 0.030441039193583135 0.9993856118773343 0.8528477954781181
0.9998370043836808 0.006402367918871342 0.016881183314525122 162.39654677261836 -0.005918958916415251 0.9995753534276269 -0.02853206521407701 0.4472948729495983 -0.01705668755687876 0.028427495582023433 0.9994503223795173 0.836753518723681
0.9998558479094782 0.007251915296282682 0.015352300340791691 163.74651762115096 -0.0068566215561064025 0.9996475705156761 -0.025646081629417544 0.4517385153559888 -0.015532872949157488 0.025537119779684477 0.9995531928673448 0.8351722185520295
0.999859664199822 0.007912437359048268 0.014766355043084177 165.09433043459654 -0.007551520923076372 0.9996752276685597 -0.024339550479862766 0.45206918635539683 -0.014954144508049267 0.024224626330504775 0.999594688381836 0.8190863622233037
0.9998370321980021 0.008171028332617989 0.016097929726484085 166.44320590445614 -0.007790775810285863 0.999692445413662 -0.023543967276702153 0.4508460138639249 -0.01628535715804632 0.023414715006595987 0.999593186383038 0.8130863593554856
0.9998386570385874 0.007940512005426429 0.01611236048397562 167.77546573024074 -0.007582705793883155 0.9997259509371578 -0.022147812434615603 0.4429156135939869 -0.016283809877215807 0.022022063751773617 0.9996248627580225 0.8048645493675416
0.999875818511806 0.007437096374786524 0.013893781085735028 169.16545352494478 -0.0071738596206851035 0.9997956213492382 -0.01890109174184214 0.43892815260622786 -0.014031510734375505 0.018799072541031553 0.9997248179264673 0.8143605512071527
0.9999123097289365 0.006820322977195833 0.011351477746530607 170.568506815795 -0.006642962227109147 0.9998564088618698 -0.015589506428836502 0.4413503439941999 -0.011456173243821258 0.01551273194289994 0.9998140383302663 0.8120077874320364
0.9999321879589463 0.006446853674335713 0.009698327759780538 171.93699957094634 -0.0063476444512629935 0.9999275680616442 -0.010225753773984504 0.4449234785425734 -0.009763549229392753 0.010163498808358876 0.9999006832673021 0.8078885380634306
0.9999161634506178 0.006750459378760997 0.011049767797250651 173.2864989720277 -0.006695598825279433 0.999965112116143 -0.004994347496973384 0.44699198509541727 -0.011083096434136828 0.00491994397582994 0.9999264768595271 0.8243001449489412
0.9998788484533087 0.007449697321424001 0.013667129380549557 174.65337487782304 -0.007451028682136976 0.9999722396195421 4.649575473664137e-05 0.4545840614718549 -0.013666403596538665 -0.00014832429472099216 0.9999065993444789 0.8386699939992281
0.9998499701814628 0.0074428060553708465 0.015641028295802405 176.05838889085467 -0.0074329814917146785 0.9999721395917174 -0.0006861679873035588 0.45221661831992904 -0.015645699545619028 0.0005698055678108526 0.9998774361927281 0.8224337810029572
0.9998326472718397 0.006565923210721618 0.017075306784237385 177.45762563840728 -0.006517898804578462 0.9999746493660752 -0.002866639211394198 0.4492271440856464 -0.017093696047320802 0.0027548643498247287 0.9998500969034588 0.8191924591570378
0.9998419177132054 0.00520484689592768 0.017001445596470703 178.8664144511645 -0.0051189229323622505 0.999973925923231 -0.005093535284372755 0.44312710516102904 -0.0170275133707872 0.005005700996920049 0.999842490968421 0.8094262252383628
0.9999052099990403 0.003033442914562422 0.013430161609569185 180.20453503402118 -0.0029397993065698167 0.9999712700306821 -0.006986894393212197 0.43798192226755434 -0.013450970106730091 0.006946750125699027 0.9998854004664129 0.806360537938004
0.999956465310397 0.0013780896035736226 0.009228670163216919 181.61940782052858 -0.0013364479652080345 0.9999889059186782 -0.004516851381354691 0.44871708920028713 -0.00923479240552917 0.004504321104170614 0.9999472134570991 0.8138402359380509
0.9999623390959286 0.0008499643677809763 0.008637010499746715 183.0160280546773 -0.0008443044780869785 0.9999994264793568 -0.0006589316398318701 0.4767042955951864 -0.008637565614657557 0.0006516145572283723 0.9999624832256065 0.8122594907549445
0.9999511825067235 0.0004893559644874383 0.00986879598254811 184.3402782000328 -0.0005137508370782332 0.9999968187203538 0.002469536241708486 0.491164245726959 -0.009867556104858921 -0.0024744857873365994 0.9999482527894159 0.8057984340159703
0.9999169724738435 0.0007799497507912193 0.012862341821353753 185.79029512102102 -0.0008469203474335784 0.9999861103751309 0.005202094072747386 0.48354604392315703 -0.012858105796275283 -0.005212555534749843 0.9999037445575093 0.8113531104873861
0.9998809139292065 0.0011229577585307017 0.015391456265315184 187.15254024965125 -0.0012296179307778046 0.9999752858474136 0.0069221191934017426 0.4949266908361639 -0.015383302631062815 -0.006940220476030051 0.999857583528727 0.8209011703838188
0.9998716933596891 0.0012927454445837805 0.01596639055151004 188.60681954283802 -0.001367409146117288 0.9999881779744975 0.004666272974426696 0.49819323762381285 -0.01596016949330288 -0.00468750684908919 0.9998616405629754 0.8028789259848249
0.9998589390035049 0.0011463828305152614 0.016756727042934128 190.02376118700107 -0.001215946816505807 0.9999906834071132 0.0041418078557479325 0.4939467907282016 -0.016751822829917034 -0.004161598897107423 0.9998510176653793 0.8054509619609881
0.9998472928232006 0.0013405547534463917 0.01742394751684752 191.3738003762178 -0.0013595511281437186 0.9999984942867481 0.00107844562523629 0.4983610928510591 -0.017422475565969597 -0.0011019696863527753 0.9998476098926093 0.8023093111022813
0.9998443018449736 0.001705249024333256 0.01756314874680279 192.8343312236008 -0.0017018277792028782 0.9999985298944131 -0.00020974084617517367 0.5044372245328367 -0.017563480587492998 0.00017981873548480933 0.9998457340084395 0.7964669859089992
0.9998271691190436 0.0021308950618295543 0.018468653920491098 194.1996800363626 -0.002071353288797127 0.9999925979254992 -0.003242466617215651 0.4998634318691356 -0.018475426570241624 0.00320365111181586 0.9998241821603443 0.7868406814318764
0.999796430705758 0.0025253918747916494 0.020017980515160586 195.648009887059 -0.0023614958806376183 0.9999635347816502 -0.008206853489204573 0.49747388153748084 -0.02003797607624942 0.008157910447306592 0.9997659366131161 0.774263663745732
0.9997803951178831 0.002895808885550871 0.02075513981711249 197.05861224296473 -0.0026507621699290813 0.9999265763068805 -0.011824358549989021 0.48898753023318775 -0.020787856980650905 0.011766744923664755 0.9997146636496103 0.7733504252125176
0.9998489398099657 0.003028417997823065 0.017115088235767874 198.47744797376512 -0.002855904076892644 0.9999449647884254 -0.010095108032026897 0.49479580312693283 -0.01714471851011986 0.010044704012820253 0.999802561783327 0.7667998779497395
0.9999207720513167 0.003215522287851463 0.012170046701440297 199.91589656898333 -0.0031722227586296193 0.999988576299937 -0.003575510088754548 0.5106927261086007 -0.012181404806857853 0.003536620709304825 0.9999195496093124 0.7646483993543575
0.9999260260036982 0.004527948096779239 0.011288941778762893 201.36225991360394 -0.00460271014238906 0.9999675911543239 0.006605429612379498 0.521311185867317 -0.011258666874749156 -0.006656900709175732 0.9999144603880631 0.7512529197245782
0.9998698473043287 0.005694728258480326 0.015094983328258045 202.7932300426297 -0.0058855136132720965 0.999902982299577 0.012624845263194863 0.5421665467624832 -0.015021623784608359 -0.012712043835422005 0.9998063586317102 0.7414397746813616
0.9998284638483285 0.006561971340111013 0.017320029180784378 204.2220733550857 -0.006813273978033865 0.9998717947112717 0.014490460260488752 0.5363736526146512 -0.017222722676508127 -0.014605980726815945 0.9997449890600183 0.7340524870355246
0.9998194618352059 0.0061296634415651495 0.017985298486610977 205.70494877967064 -0.006382182836410994 0.9998813931675877 0.014016680758532058 0.5326791547545803 -0.017897247771709826 -0.014128935676020384 0.9997399970486631 0.7353636547394506
0.9998206400962109 0.004847491954861584 0.018308180121214674 207.13244671922982 -0.0050445912967650225 0.9999296550883904 0.010734848553251443 0.5219624296168022 -0.01825485514190377 -0.010825280437946828 0.9997747614173844 0.7334991788229951
0.9998322955780141 0.0037181733780179034 0.01793197997795381 208.5662401810747 -0.003870856075033073 0.9999564895805686 0.00848736819943061 0.5151974127290294 -0.017899642243495172 -0.008555356943887576 0.9998031849694806 0.7226027401996533
0.9998432769159389 0.0033039462569588516 0.017392686541423116 210.06043280278678 -0.0034634651611723383 0.9999521444759553 0.009149489986634977 0.5218677546215843 -0.017361624782099707 -0.009208295014242095 0.9998068719947149 0.712625353579176
0.9998427170299369 0.0030645915406523907 0.017468528297559786 211.51625008359107 -0.0032395809578930064 0.9999447717216174 0.009997930876920613 0.526173190516468 -0.017436923966426595 -0.010052949084292995 0.9997974254304207 0.7089523529893723
0.9998318607780303 0.0029203521336728737 0.018103085829683837 212.9594207194576 -0.0031229544237854332 0.99993269843241 0.0111734399960883 0.5279705197535937 -0.01806923708429624 -0.011228096414556611 0.9997736906530883 0.691070804781674
0.9998301705827501 0.002530260622563738 0.018254527483627738 214.39605420888535 -0.0027225591242555783 0.9999409869614719 0.010517141547604282 0.5391084666299538 -0.018226839119374203 -0.010565054457943644 0.9997780563505168 0.6933325884071875
0.9998421255384092 0.0022992808262267397 0.017619231155701583 215.87595596294267 -0.002499880363053713 0.9999322151469984 0.011371706529237106 0.5372536378308813 -0.017591890091923544 -0.011413957197169677 0.9997800993138916 0.6888365640096328
0.999850141598216 0.002019673360764811 0.017193465780448954 217.3481497228488 -0.0022016919401671685 0.9999416681509684 0.010574159449300326 0.5430358794127851 -0.01717110650564649 -0.010610429537697398 0.9997962651892621 0.6764611122199015
0.9998493224732835 0.0014072196546373017 0.017301794200590442 218.81496228796536 -0.0015880709146539821 0.9999442045943282 0.010443453882045569 0.5373322657181161 -0.017286132606399055 -0.010469356764385531 0.9997957702393294 0.6723873960723368
0.9998534215793446 0.0012071299292060246 0.01707858874178909 220.2903513898503 -0.0014223410610203853 0.9999196720775747 0.012594694842729771 0.54651166040862 -0.01706201342114363 -0.012617140310282814 0.9997748223817237 0.674656720728309
0.9998538860963259 0.0011097316639144227 0.017057987973662016 221.79300827575167 -0.0012861737180142473 0.9999457531644516 0.010336173641369158 0.5527395873813971 -0.017045592252620083 -0.01035660291850329 0.9998010744946946 0.6580642734806088
0.9998571220443878 0.0006666068825732394 0.01689056341210412 223.26710850728227 -0.0008772811361882095 0.9999218796567818 0.0124685589165884 0.5561142549234231 -0.01688093228830365 -0.012481595207041995 0.9997795976644879 0.6570425354459019
0.9998570247142428 0.0003300813119201873 0.016906246653525157 224.75216884304348 -0.0005160016770381778 0.999939431469863 0.010993958977399519 0.56191710863083 -0.01690159376661276 -0.01100111076459876 0.999796635166419 0.638635439246333
