1.0 -2.1684043449710093e-19 -2.5135375298442207e-37 0.0 2.1684043449710093e-19 1.0 2.3183291766350204e-18 -8.673617379884035e-19 -2.51353752984422e-37 -2.3183291766350204e-18 1.0 0.0
0.9999995143627741 -0.00037225909652733365 0.0009125225372576573 1.319952510875006 0.00037243003319044625 0.9999999131334133 -0.00018716045591025786 0.006244847736237923 -0.0009124527858077164 0.00018750021581701113 0.9999995661366973 0.017301936975066722
0.9999987479510688 -0.00026166583768403944 0.0015606496352525096 2.6137876835698224 0.0002637328520721204 0.9999990882057619 -0.0013243989684552655 0.011448793462726306 -0.0015603016622956556 0.0013248089048223432 0.99999790516785 0.02177716897191691
0.999998325771797 -0.0008486935062932559 0.0016211640680040907 3.9410626966276294 0.0008521688921730471 0.9999973379470886 -0.0021442730505970343 0.002761560046300959 -0.0016193399217658022 0.0021456509661824798 0.9999963869535475 0.04489645632464459
0.9999992424757588 -0.0002209095731139786 0.0012108868109864434 5.258519803377615 0.0002253146265210149 0.9999933536328172 -0.0036389453844099056 0.005161662028812863 -0.0012100748851166254 0.0036392154583301415 0.9999926458877687 0.05891797124995034
0.9999986155931834 -0.0007245045442991031 0.0014979669162097128 6.583862870040269 0.0007298278654941052 0.999993410338844 -0.0035562100859089308 -0.006311476205897267 -0.0014953805547475887 0.0035572984206644846 0.9999925547047552 0.06754304431443771
0.9999962139543837 -0.00037687847362221467 0.002725809882318113 7.913900564169187 0.00039005813717410935 0.9999882293343689 -0.004836222426958093 -0.0023954181031908468 -0.0027239551295950458 0.0048372673411243615 0.9999845903378324 0.09089410719888644
0.9999950819616581 -0.00027409608163303604 0.0031242477230266743 9.230194289432854 0.00028970132353464564 0.9999874803373813 -0.004995522158767897 0.00604853011387637 -0.0031228393554498146 0.004996402689298793 0.9999826417666091 0.09711004475458093
0.9999965580066139 -0.0009096327569499086 0.0024610045047553436 10.567904560417691 0.0009210630476709045 0.9999887764867326 -0.004647423310803975 -0.005210037143238836 -0.002456749435159713 0.004649674054713159 0.9999861723610971 0.1063228922423191
0.9999996506758319 -0.0008352464857197518 -3.1804440117324986e-05 11.893947509624029 0.0008351926645140206 0.9999982796464536 -0.001656247972481124 0.01123735297288132 3.3187760700938966e-05 0.0016562208310785939 0.9999986279146243 0.11352336936008682
0.9999994991090313 -0.0007069747259773323 -0.0007084972996074544 13.222680909371642 0.0007076471744036272 0.9999992990147425 0.0009493184398151056 -9.163492032017983e-05 0.0007078256588174389 -0.0009498193304222123 0.9999992984127921 0.12947287936674726
0.999999610317992 -0.0005410439476312425 -0.0006975925105300794 14.56849742169426 0.0005436893300663235 0.9999926414294867 0.003797563533412466 0.016086724281736447 0.0006955327284809032 -0.0037979413271749924 0.9999925459101677 0.13678202683554141
0.9999999979694207 -2.6464985460890197e-05 -5.797208820078621e-05 15.918937727313523 2.673564664366659e-05 0.999989077359561 0.0046738043154409 0.031529543521324005 5.784776282925612e-05 -0.004673805855871635 0.9999890760365625 0.15065947203570088
0.999996706998816 5.617260258925343e-05 0.00256570383383093 17.261572409110176 -6.608348748586187e-05 0.9999925367465067 0.003862911370865383 0.017500766598667988 -0.0025654676955475563 -0.0038630682009508604 0.9999892474819806 0.1782938134605887
0.999988323063937 0.000323814731527368 0.004821709219211857 18.62430697745509 -0.0003183144804086189 0.9999992978834793 -0.0011414501477987743 0.01720752352791027 -0.004822075452183318 0.0011399019992935843 0.9999877240305329 0.18088422213213745
0.9999945384737237 -3.4880272223689274e-05 0.0033048155910761815 19.960432857507506 4.81328431701404e-05 0.9999919584219095 -0.004010084131738416 0.007526809821044297 -0.003304649142317376 0.004010221300729111 0.999986498618439 0.2030438452816601
0.9999997112207311 0.00021106290740870615 0.0007300759575571695 21.313517889906322 -0.00020765280456566126 0.9999890841361749 -0.004667814135828999 0.001060384523668523 -0.0007310531905701864 0.004667661185540913 0.999988839187863 0.18116938009146397
0.9999996542182115 0.00037974812585338095 -0.0007398343182616843 22.675714298884472 -0.00038148330267880303 0.9999971738927953 -0.0023466309706164927 -0.005570479156267794 0.0007389410986974261 0.002346912393633404 0.9999969729795533 0.23112559149895606
0.9999993217810598 0.0010975506553955686 0.0003896408338085888 24.043710198793505 -0.0010976461654704042 0.999999367575166 0.0002449942111411288 -0.00015901879828024497 -0.0003893716938330431 -0.0002454217327485552 0.9999998940789231 0.2000581104421323
0.9999841616383487 0.0020953442540598706 0.005223600760587988 25.440736649362265 -0.002098876109110035 0.9999975724078276 0.0006707440122590582 0.011823618666738122 -0.005222182640203638 -0.0006816970796127436 0.9999861319526206 0.2271941675599638
0.9999789484103188 0.0023233016347367053 0.006058465623164397 26.799302893404164 -0.0023164221211370724 0.9999966646746826 -0.001142290710445314 -0.007998959621277274 -0.006061099302085541 0.0011282326996203344 0.999980994902516 0.226939439721357
0.9999825685847727 0.002167366130772995 0.005492271902926355 28.18552915097837 -0.0021421935989210223 0.9999871942654491 -0.0045850094547085435 -0.0021819085612455563 -0.005502138964551694 0.004573164021790935 0.9999744059912957 0.2761135153588708
0.9999930497285601 0.002363251448709499 0.002883667311571453 29.537187897823348 -0.0023491593310079393 0.9999853309099157 -0.004880513848354841 -0.011369455187237835 -0.002895158892218457 0.004873705733486327 0.9999839323946221 0.25072293834538045
0.9999953790153252 0.002942560499716361 0.0007637314329517581 30.921504146048694 -0.00293825990030834 0.9999801574989959 -0.005572363685324082 -0.010985597021964081 -0.0007801132958805215 0.005570093894072843 0.9999841826135336 0.2910402074400265
0.9999938335429516 0.0034961548062483806 -0.0003313270925200978 32.30633697038929 -0.0034971565411725416 0.9999891642912294 -0.003072652966930412 -0.0045716439970233036 0.00032058103191794833 0.0030737927222567415 0.9999952245016486 0.2881031712919448
0.999988927317331 0.003982626799901224 -0.0025067761181241342 33.69858781118978 -0.003987329460082501 0.9999902950185021 -0.0018737856296435344 -0.019501525220102966 0.0024992892010424006 0.0018837602240754955 0.999995102488461 0.3136796486278255
0.9999875323384819 0.004396416925948745 -0.0023678441263760355 35.09158369052489 -0.004399821424681025 0.9999892918038487 -0.001434520501153773 -0.015888647391233156 0.002361512020824781 0.0014449207073552585 0.9999961677252194 0.3114032372889881
0.9999929462512321 0.0036573935411091884 -0.000854938749698003 36.4922585180423 -0.0036584068243422064 0.9999926039123517 -0.001186667646005578 -0.02692935197481568 0.0008505923159121322 0.0011897869893064217 0.999998930449244 0.3501950128436262
0.9999933906559034 0.003616573366909878 0.00037288281193834224 37.885140951475265 -0.0036167816219687646 0.9999933029886081 0.0005593466123542304 -0.022771631892803953 -0.0003708573966767913 -0.0005606915511413668 0.9999997740448623 0.3637386830372979
0.9999948708732774 0.003136085979551808 0.0006505319869248118 39.278513572651775 -0.0031374747748529265 0.9999927777147416 0.0021449406501046005 -0.033110684961218245 -0.0006438005702974688 -0.002146970676131405 0.9999974880157158 0.37266484857073934
0.9999930586549779 0.0036792085535442887 0.0005882739850228471 40.67268313087875 -0.003681829176425163 0.9999830178730101 0.0045175324573020394 -0.028155439114246283 -0.0005716430508215089 -0.004519667023872394 0.9999896228632654 0.3894149252067176
0.999991544540535 0.0039098637803485015 0.0012742890780158137 42.093053628160504 -0.0039198070609337485 0.9999611416514542 0.007896220597561397 -0.019202100636494232 -0.001243366414330625 -0.007901148798713885 0.9999680124322079 0.4272215937183414
0.9999921917154545 0.0036226413133773564 0.0015789167287314448 43.481235939929164 -0.003636784033294244 0.999952449508497 0.00904834370764647 -0.024990856881401124 -0.0015460627467319935 -0.009054015234753087 0.9999578163593262 0.43454519700812394
0.999994367661227 0.0031850863670422995 0.0010582394139798915 44.91452621940893 -0.0031930856763237024 0.9999656755324365 0.007645388206064943 -0.023608024393662996 -0.0010338518687295684 -0.007648724193763416 0.999970213640647 0.4461145455596174
0.9999966266065149 0.002522754634007977 0.0006184534315751698 46.305376354675765 -0.002527153303401197 0.9999707575028622 0.0072178691684597375 -0.03322438073820178 -0.0006002264335600721 -0.007219407746379514 0.9999737595957305 0.46710517915100336
0.999998677900878 0.001431952566306245 0.0007705247197725602 47.740729616346776 -0.0014368903914860093 0.9999781890035467 0.006446461292053825 -0.04685607534896247 -0.0007612768870698796 -0.006447559928759255 0.9999789244921445 0.4830000545767463
0.9999976855163966 0.0004803184873553599 0.0020972019456336763 49.14406295560892 -0.0004960556791259489 0.9999716777281094 0.007509838240154484 -0.04619152917482473 -0.0020935354339661682 -0.007510861187692418 0.9999696015747708 0.5085288767748556
0.999997903246657 -0.0001146668181443306 0.002044591355283357 50.566457004231545 9.951600455556693e-05 0.9999725498527179 0.007408754120518697 -0.027927185091434752 -0.0020453847692109366 -0.007408535116626102 0.9999704645681149 0.5205202633635736
0.9999969508366767 -0.001251650349296592 0.0021287763508879448 52.00644282579668 0.0012354749446904683 0.9999704864181341 0.00758286847710766 -0.031142711355423455 -0.0021382046230508807 -0.007580215305858844 0.9999689837274488 0.5273503366693262
0.9999912996061316 -0.0028069066262258412 0.00308577174002098 53.42502757002324 0.002781590717272054 0.9999626909825452 0.008177982393514423 -0.04319688569746871 -0.0031086114458787834 -0.008169327887818887 0.9999617985786956 0.5458602821100275
0.9999858554040147 -0.00332864026237559 0.004148390760834235 54.87546846640522 0.003304284865121785 0.9999773465455172 0.0058641365363268855 -0.03144464649415786 -0.004167816386431843 -0.005850346125679142 0.9999742010455963 0.5563195175223178
0.9999809482032527 -0.003666967174069227 0.004965539474020591 56.27439961753718 0.003645912670364979 0.9999843538871935 0.004242558380526199 -0.03462068243029831 -0.004981019104945297 -0.004224373628882715 0.9999786718306145 0.566030928103244
0.9999810450740353 -0.004304551238224699 0.0044023097661922824 57.69684419965064 0.004291652351685059 0.9999864828095176 0.0029352884598080734 -0.03190199146205766 -0.004414885358906826 -0.002916339638571708 0.999986001777215 0.593116019979622
0.9999805038209653 -0.004179119903183916 0.004639712793197829 59.15424470415149 0.0041757585637453324 0.9999910121587164 0.0007339224776468714 -0.018931750357910393 -0.004642738242229371 -0.000714533848533335 0.9999889671506349 0.5924854014849039
0.9999785339326188 -0.00395738860886689 0.005222140305342234 60.549429385265924 0.0039578875279249635 0.9999921639022358 -8.520821650212321e-05 -0.02771413618671925 -0.0052217621821148965 0.00010587503140039464 0.999986360902083 0.6102947286174621
0.9999758717471968 -0.0030529826042693746 0.00623980934419302 62.00963617951815 0.0030597999298491037 0.9999947320296529 -0.0010832992808689926 -0.006075408094508742 -0.006236469179202713 0.001102365710943716 0.9999799454199151 0.6251632199906063
0.9999790727567867 -0.0027477502505593556 0.005856954587317268 63.39919517640544 0.0027650582807836914 0.9999918286614071 -0.002949078350763175 -0.009788620737131092 -0.005848803397380983 0.0029652114554651085 0.9999784992787811 0.6395856573852339
0.9999867021096156 -0.002250866298092738 0.004639957418243488 64.82996964695492 0.0022750814093125617 0.9999837868006952 -0.0052201666949124835 0.0009716565098070909 -0.004628132292405095 0.0052306535585702335 0.9999756100299818 0.6379086497104799
0.9999888872651194 -0.0018655360669096596 0.00432956365600426 66.27644015510089 0.0018869994816184607 0.9999859255148874 -0.004958629356025278 -0.016199142285014696 -0.004320252217718938 0.004966744136466387 0.9999783332020039 0.6513622624014039
0.9999932427428643 -0.0015438644410028768 0.0033363080191304165 67.64892492522112 0.001555185931624681 0.9999930327763403 -0.003393493111101312 -0.039082659178074415 -0.0033310456809812327 0.0033986587596906907 0.999988676562543 0.6551696626517666
0.9999852677763984 -0.0010194605683147898 0.005331503569751633 69.1202884664653 0.0010112010856807786 0.9999982849247124 0.001551650733166395 -0.01690369747283724 -0.005333076272559876 -0.0015462366517027986 0.9999845836060113 0.6902766479420348
0.9999771364404041 -0.0005798895617268107 0.006737234191094927 70.4790607870349 0.0005501440561518108 0.9999900976248369 0.004416106179260685 -0.014636833084296533 -0.006739728330351237 -0.004412298762008739 0.9999675533144402 0.7065858590683459
0.9999691410356805 0.0008232824673952727 0.007812757665647938 71.92836948024208 -0.0008902409042494852 0.9999628737983295 0.008570793202412164 0.00027786434188240244 -0.007805411423856024 -0.008577483953059488 0.9999327488994144 0.7258014112677158
0.9999784191333774 0.0012006210340643664 0.0064590848147479925 73.29835689026626 -0.001268001416745736 0.9999447195060727 0.010437916666113671 -0.00880677495655185 -0.006446195771047968 -0.010445881535522263 0.9999246622216231 0.7015943139418194
0.9999803141240207 0.0022943176665252045 0.005840160175056395 74.69940056200568 -0.002366573227814294 0.9999203723725248 0.012395492953032121 0.020096330470401342 -0.00581125593849015 -0.012409070103611577 0.9999061177348506 0.7010916243965808
0.9999774944675457 0.0024779678020302323 0.006234599745095279 76.15559241295612 -0.0025767891042174996 0.9998703830446246 0.015892679701920088 -0.009991299978499657 -0.006194410086668999 -0.01590838727739359 0.9998542656297019 0.7259748645485344
0.999978461647404 0.0025566151531421655 0.006044829215958251 77.52197446775828 -0.002656165835083982 0.9998600327116997 0.016518467508083442 -0.031707425069820196 -0.006001751773266801 -0.016534167796348254 0.9998452881675917 0.7302013724402382
0.9999717677833431 0.003219224005009517 0.006789715241544516 78.92109603503229 -0.0033226872385055195 0.9998776965100165 0.015282400705990351 -0.005073908581304458 -0.006739687364467583 -0.01530452935012875 0.9998601642207776 0.7605123129511957
0.9999796113662104 0.003004050504017495 0.0056349385491056714 80.29811838062119 -0.003083443277441162 0.9998953556308481 0.014134007408191962 0.0028349600641341217 -0.005591889612437624 -0.014151094248478971 0.9998842319499458 0.7630686180994554
0.9999837037392914 0.0022725182407980853 0.005237166857614153 81.69435445899718 -0.0023442864040822144 0.9999028746134767 0.013738473749337184 -0.029008436726634477 -0.0052054372635627275 -0.01375052728264744 0.9998919073691637 0.7695894380897494
0.9999816791633551 0.0023754314605331744 0.005567644296561876 83.09588730162474 -0.0024466966174836046 0.9999147217298715 0.012828208898195909 -0.014358463371656712 -0.005536696966488507 -0.01284159621114399 0.9999022144157154 0.7838827272873864
0.9999864427050374 0.0015440957092458043 0.00497294425520834 84.4587852924794 -0.0016130396312961088 0.9999022315130749 0.013889763076482209 -0.03165919524066927 -0.004951010934404109 -0.0138975963250351 0.9998911662311623 0.7970964541675841
0.9999904398600223 0.00041573126515578353 0.004352856082419991 85.87092687221255 -0.0004762463464389144 0.9999031296327573 0.013910590930463604 -0.06499240654957952 -0.0043466513520861476 -0.013912530975072963 0.99989376840937 0.7879129890349333
0.9999820208045459 -0.0005343990738502364 0.005972644748083824 87.21615780706156 0.0004635652310334164 0.9999296218197526 0.011854809770008006 -0.046869988998353936 -0.005978559603576953 -0.011851827919623553 0.9999118916184716 0.8158282805295629
0.9999770376335186 -0.001649847921675013 0.006572838620246899 88.61284401749954 0.0016011032808643767 0.999971230833429 0.007414443590802782 -0.043966005689116155 -0.0065848822295064505 -0.007403749544152326 0.9999509107044761 0.8073132043776116
0.9999713094453426 -0.002369692273198102 0.007194778988769899 90.00582135330636 0.0023055530162590715 0.9999576478081055 0.008909939133923786 -0.03334442673384226 -0.007215588088029852 -0.008893095558429194 0.9999344219197239 0.8272077384701181
0.9999682281820584 -0.003268572117383127 0.007270423835528338 91.36133639816398 0.0032152986075457794 0.9999679873110907 0.007327087270572036 -0.03223441871874344 -0.007294140202866077 -0.00730347789205459 0.9999467259456281 0.8427918263598945
0.999966169462415 -0.004020733158759903 0.00717590659991996 92.72673572101822 0.003985799965879837 0.9999801697781867 0.004875802397653477 -0.026987834900119117 -0.007195368600476178 -0.0048470357183560886 0.9999623657495558 0.8527397097179202
0.9999693917108116 -0.003929255493672448 0.006765840138152081 94.08844459868195 0.003906617732223761 0.9999867381754237 0.003355862209761316 -0.0063251226800920225 -0.0067789364507907695 -0.003329327941503227 0.999971480391343 0.8635061594793865
0.9999722873529372 -0.004478096439732183 0.0059473673512926125 95.47017301677518 0.0044494781117991895 0.9999785016119136 0.004816477813186147 0.001156124027475258 -0.005968808144628479 -0.004789881654984019 0.999970714752719 0.8719906265348051
0.9999793304601404 -0.004220878697546601 0.004850034588531997 96.81180675015612 0.0042008994516699715 0.9999826796720832 0.004122232360863301 0.01308514274221579 -0.00486735002710082 -0.004101772648573663 0.9999797419772328 0.8680550129385851
0.9999809730611336 -0.004153633857828598 0.004560793953192126 98.17419532615084 0.004129515173422248 0.999977507645751 0.005285007760125025 0.01996049795789716 -0.004582643357370217 -0.005266073334772904 0.999975633628886 0.8898505735916069
0.9999830909276761 -0.0036972621858583714 0.004488664730185857 99.51490594183093 0.0036623302076042425 0.9999631399413829 0.007765699969787338 0.04734624480525007 -0.004517211106585805 -0.0077491296865717365 0.9999597720873172 0.898883910053355
0.9999758503596786 -0.003639849482589617 0.005920320361410025 100.87428371164924 0.003594352445028278 0.9999640679350105 0.007677465035201046 0.0478584658713954 -0.005948052449210016 -0.00765599990921548 0.9999530020643228 0.9136056212065852
0.9999642925729555 -0.0036185774350720812 0.007636718956135781 102.20536715875221 0.003565798149418391 0.9999697432380024 0.006913587497196335 0.07171468279873898 -0.007661505245460632 -0.006886109632453745 0.9999469400080704 0.925250556804459
0.9999722870578142 -0.003496282083259037 0.006572756496233384 103.54906601939899 0.0034505745470920007 0.999969876888986 0.006952614610449176 0.077758812118605 -0.006596866806254097 -0.006929742146772299 0.999954228963566 0.9384755126541287
0.9999867238685669 -0.0033685038404049723 0.0038993933486657487 104.87919213878196 0.0033400826495768106 0.9999679780327576 0.007272328167273611 0.08966363625421626 -0.003923765347779819 -0.007259207322821285 0.9999659534076847 0.9457043390227369
0.9999898850971571 -0.0035698584477255276 0.002736021571108243 106.20614352439104 0.0035533071840028814 0.9999755028517083 0.006030564196584802 0.10590648620855891 -0.002757482806923816 -0.0060207812729096595 0.9999780730003199 0.9607554097169808
0.999987960739518 -0.0033452018041733905 0.003589986199056829 107.55190180002126 0.0033265401521829405 0.9999809900425961 0.005191693754961298 0.11306071627276987 -0.0036072852168879165 -0.005179689017570895 0.9999800789590987 0.9716043134439416
0.9999757573149713 -0.0027265141819835816 0.006407097842630038 108.90250065647888 0.0027252259961576286 0.9999962645612627 0.0002097779568424349 0.1209726599256375 -0.00640764587188296 -0.00019231208166084035 0.9999794523341186 0.9914980043313462
0.9999743083519852 -0.0019876633108437737 0.006887077067337868 110.26354217437917 0.001987640631647831 0.999998024589023 1.0137610894323085e-05 0.13526061242871903 -0.006887083612687465 3.5516837699384576e-06 0.9999762837521184 1.0050214039053542
0.999984408902693 -0.00138568812320393 0.00540941955821073 111.56322766020612 0.001384966386502138 0.9999990315263446 0.0001371658894385816 0.14161705699633884 -0.0054096043884743 -0.00012967188661324304 0.99998535957561 1.00809298116481
0.9999949719569279 -0.0005392039825861258 0.003124951188078413 112.89774338386367 0.0005338832441329324 0.9999984069578294 0.001703247041669926 0.15405455508116803 -0.003125864607487586 -0.00170157011859239 0.9999936667947388 1.0208330272357564
0.9999992845921438 0.00044910448130600544 0.0011086570097561905 114.24022711051715 -0.00045392476511346594 0.9999904294043094 0.004351442530085882 0.15762117894814023 -0.0011066921469077835 -0.004351942663902456 0.9999899178629462 1.043711195083049
0.9999983672691727 0.0017249858479039014 0.0005384076645988114 115.54270596404795 -0.0017282031613068513 0.9999803050980083 0.006033467487883178 0.17469047841026492 -0.0005279894146822388 -0.006034388114682847 0.9999816535253331 1.0514653651088546
0.9999925971142513 0.0031686788243234236 0.0021829317907533434 116.9072371774082 -0.0031874246033238595 0.9999576104080032 0.008638154404398083 0.18423358405601287 -0.002155467720222924 -0.008645048387625172 0.9999603077609045 1.0551428076518774
0.9999799416863324 0.004154496563308687 0.004780835000774869 118.21249814768603 -0.004195522200336282 0.9999541878310929 0.008603477931975887 0.18301589790526898 -0.0047448728608534005 -0.008623363460098793 0.9999515607189028 1.0673492778256792
0.9999722673296795 0.0050995087174033945 0.005427668226879904 119.57244413991292 -0.005145939906694796 0.9999499911224414 0.008575229250940198 0.18256445826264608 -0.005383667338965214 -0.00860292189146346 0.9999485016044141 1.090283236907203
0.9999693601424158 0.006038126149372135 0.004981948310825225 120.89334780687808 -0.0060792519226004135 0.9999472280945966 0.008281528964776972 0.18088133976412685 -0.004931680487321239 -0.008311561738755791 0.9999532971439384 1.1003340071660788
0.9999637772945584 0.007451104961392029 0.004114016729784979 122.22386425777385 -0.007495072152073311 0.9999138338187952 0.010777236716062557 0.17968697883886953 -0.004033359918708811 -0.010807681187616092 0.9999334608038242 1.1013973324660384
0.9999544431844025 0.008535653747532507 0.0042724900086199185 123.60363412755365 -0.00858855328527649 0.9998847348959574 0.012520130770364877 0.18244006038349828 -0.004165130038484891 -0.01255625490117596 0.9999124922485063 1.11324006467662
0.999948199479392 0.00959307048658506 0.003401669672649065 124.93507505884679 -0.009638188672036642 0.9998623512800918 0.013504955082055606 0.1872307286415588 -0.00327164745115275 -0.013537041452456502 0.9999030177130529 1.135415847017653
0.9999399792838768 0.010622771398750995 0.0026822672443352295 126.27345760495135 -0.010660751321605686 0.9998370718482468 0.014566335818687591 0.18056514673594834 -0.0025270953719712446 -0.014594056520850407 0.9998903076354162 1.1436449624255876
0.9999332527664904 0.011360813434427896 0.00210283854213481 127.63872846291235 -0.011387013676756604 0.9998519815497078 0.01289770951170452 0.17803792269412586 -0.0019559988117386668 -0.0129207936765153 0.999914609933977 1.157626791857913
0.9999169574548401 0.012513180012165923 0.0030819669431365994 128.98069497654905 -0.012551246427178735 0.999841104388883 0.012658285331872118 0.18270707233280828 -0.002923081829112652 -0.012695916682224527 0.9999151310447394 1.1797544000858098
0.999904812925151 0.013227537696000899 0.003923943885911643 130.35110530283566 -0.013276598996994213 0.9998305418532957 0.012752234957776018 0.16604617819193596 -0.003754598273040721 -0.012803117739292555 0.9999109876223793 1.2016310828620498
0.9998989956856693 0.013474417405824644 0.00452089619030375 131.6810544060401 -0.013523866710893727 0.9998470276010678 0.011091727840860866 0.1535288628482349 -0.004370750047288629 -0.011151747525987011 0.9999282649626126 1.2241280436244664
0.9998989839003305 0.013376293921357774 0.004805908448585665 133.08814159301798 -0.013425435139851734 0.9998563827449723 0.010342706388804218 0.14624535310584044 -0.004666871156607415 -0.010406183021109345 0.9999349637194105 1.242484737277342
0.9999009494866602 0.013147950698684102 0.005022211475094187 134.4194275802283 -0.0131832740797819 0.9998881280803296 0.007066300910083354 0.14094925270126876 -0.004928742254667634 -0.007131810179713589 0.9999624216856089 1.244518406330465
0.9999117698191604 0.012369832810995277 0.004841468097826165 135.76229379381726 -0.012396929770156818 0.999907432109435 0.005607436543516942 0.12448291272861386 -0.004771656880795541 -0.005666961138369866 0.9999725580445036 1.269579266771068
0.9999277002503627 0.01121142922481983 0.004347197575178659 137.13967840852277 -0.011239187257152871 0.9999162652080844 0.006414299814816369 0.13107071091581596 -0.004274920095093697 -0.006462695030136934 0.9999699788649298 1.3118471346785037
0.9999315709060281 0.010200972061281486 0.005726576150530407 138.51783177968667 -0.010227782936267452 0.999936779339949 0.0046722349532875 0.12586437091874975 -0.00567855277438411 -0.004730485414318454 0.9999726879000914 1.3224977885879152
0.999942210852435 0.008954748472378475 0.005948733927559883 139.83441706104614 -0.008967194158709588 0.9999576538727066 0.0020687895766034105 0.10696474199829459 -0.00592995653141499 -0.00212201347514422 0.9999801661404824 1.329411921025849
0.9999570892613685 0.0074290687536679705 0.0055343087540005295 141.22308358726522 -0.007429347818694768 0.999972401568619 2.9867662957755158e-05 0.12193159663479652 -0.005533934126838518 -7.098268598379363e-05 0.9999846851499966 1.3615667857570246
0.9999692552847899 0.006170780791851448 0.004838382953166969 142.56368256424688 -0.006180669780083608 0.9999788357766467 0.002031580628911004 0.12297271554714827 -0.0048257441138274985 -0.0020614226158462523 0.9999862312704844 1.3882718018584497
0.9999770859618285 0.005095904328293596 0.004456378615712993 143.90515362456424 -0.005100959500363219 0.9999863586190771 0.0011237383743273692 0.1174361482766695 -0.004450591361309156 -0.0011464444317804022 0.9999894388950813 1.39390947694264
0.9999877478147732 0.00425759441395541 0.002525294070755418 145.26820847710107 -0.004256840543294517 0.9999908934571937 -0.0003038277018160848 0.10562054502849315 -0.002526564649182921 0.0002930742050786722 0.9999967652840602 1.421987355329147
0.9999943408191586 0.0030511351997850188 0.001417357981998411 146.5870750370084 -0.0030439734804573793 0.9999827273919645 -0.0050278368289322735 0.11496073207994571 -0.0014326741104570724 0.0050234939753849 0.9999863558835054 1.4363109870109385
0.9999918694475973 0.001888521323538778 0.003562937820110593 147.975549860089 -0.0018456990667150169 0.9999264852538466 -0.011984051186644638 0.12042443513966292 -0.0035853080278495453 0.011977377638679126 0.9999218409412037 1.4581623305528681
0.9999834346120144 0.00042392497645848937 0.00574027779582959 149.289739636209 -0.000311134147861581 0.9998071531335782 -0.019635675146830706 0.119270003056801 -0.00574749485436864 0.019633563877813048 0.9997907228377121 1.4919948437861168
0.9999970060219048 -0.0006061445818174281 0.00237076695870827 150.64427108676585 0.0006546716678893605 0.9997891869828606 -0.0205220125026222 0.09629476974540961 -0.0023578278634863166 0.020523503134125334 0.9997865904616193 1.530283762782012
0.9999996966910462 -0.0004399307947408523 -0.0006427119973112557 151.99083784111917 0.0004273589616949373 0.9998110992075093 -0.019431501892283466 0.11811300423943388 0.0006511391045761009 0.019431221329803114 0.9998109839642184 1.5533175822072818
0.9999909470311888 0.00014463179225902622 -0.004252638864370442 153.33470208349624 -0.00022586123185460908 0.9998174252564559 -0.01910667789687897 0.1311561179500764 0.004249099006852053 0.019107465430972425 0.999808406607203 1.5435603407261558
0.9999928940174224 0.001046312589962379 -0.003621759879424312 154.71078197844665 -0.0011150210194339758 0.9998184576146794 -0.019021265497585146 0.15070181451676257 0.003601200186929603 0.019025168671196815 0.9998125195826696 1.5851141997906286
0.9999987543921612 0.0015598632095150055 -0.0002409167775270922 156.03831356982505 -0.0015644513337157143 0.9997908701750564 -0.02039039986433913 0.14841892045481495 0.00020906016006789967 0.02039075136847114 0.9997920651577901 1.613583471354658
0.9999951747329008 0.002045709274473312 0.002337858952030092 157.38702712345852 -0.001986611208223688 0.9996852913292474 -0.025007432412482804 0.13064372470564764 -0.0023882811439638724 0.0250026673281446 0.9996845316096752 1.6277369982885623
0.9999937901412844 0.0018678696659867615 0.0029884346704886875 158.71459374320858 -0.001770791136675657 0.9994810343939589 -0.03216405113682646 0.12715851198039899 -0.003046962031132528 0.03215855950898615 0.9994781353649954 1.6280505162737282
0.9999909414731764 0.0018858490627080497 0.00381582820669677 160.08003605932882 -0.0017577264904095158 0.9994436613009523 -0.03330582956379089 0.1199332640089465 -0.0038765150812620558 0.03329882067971864 0.9994379226205921 1.6799754700217666
0.9999861544354399 0.003188436054651795 0.004186264796436015 161.45365919422332 -0.003045260876860023 0.9994248828215117 -0.033773213992738985 0.13465808314389816 -0.0042915409368138036 0.03375999811511948 0.9994207548393492 1.6740145102005657
0.9999833419941454 0.004274292428015263 0.0038789378004546477 162.7872883707679 -0.004148432207416853 0.9994826226299529 -0.031894789088055826 0.1300453122045915 -0.004013258581309093 0.03187816627397049 0.9994837048549459 1.6809777802093109
0.9999852377631334 0.005100388023298972 0.0018735788804438722 164.12705116260358 -0.005046681836139862 0.9996054587293192 -0.027630741593235038 0.13205939235000355 -0.002013767179748666 0.027620878345178332 0.9996164423523588 1.6983655645173854
0.9999828258250167 0.005779235812158174 0.0009739037126514209 165.48411835491333 -0.005751329206991746 0.9996305797851519 -0.02656362495507579 0.13332169172132496 -0.0011270613855737645 0.026557567505865257 0.9996466502423766 1.699584964116005
0.9999797823954782 0.005949477640405388 0.0022446639165247867 166.83270446680075 -0.00589359386361359 0.9996914211544857 -0.024131473670195157 0.13077326246692886 -0.002387540923755715 0.02411775665211966 0.9997062735936023 1.7224139264810108
0.9999783738087433 0.006054901772240214 0.0025671149856853074 168.17030917203618 -0.005994441524389833 0.9997188884293461 -0.022939284827631076 0.11461416699155873 -0.002705288456316379 0.022923400317602028 0.9997335640720717 1.7420892832583355
0.9999848903051297 0.005496510426687296 8.680188349962993e-05 169.57388066914356 -0.005493916852802054 0.999809127197403 -0.01874902798498867 0.11654396989808913 -0.00018983954319059775 0.01874826781056609 0.9998242177578273 1.7816766842575524
0.9999840072736589 0.004877006990620787 -0.0028635641652414523 170.98162263456268 -0.004920620816183726 0.9998688980805812 -0.01542641053219148 0.12935856371051627 0.0027879540344773264 0.015440254335269377 0.9998769053530359 1.7954820101923545
0.999978755978062 0.005018329355093207 -0.004159803246704018 172.30856013652985 -0.005061434595202378 0.9999329276501066 -0.010417393192409797 0.12612683268954578 0.004107246328864149 0.010438226457142383 0.999937084998863 1.8080955798548357
0.9999779310501186 0.00561338365852809 -0.003553496394598166 173.66924016535108 -0.005635127185949608 0.9999652798775653 -0.006138760541063986 0.11625975053620247 0.0035189137986634486 0.006158649469203645 0.9999748438247799 1.8356754490357006
0.9999811436519574 0.006068980779730661 -0.000937983378643895 175.07651437165507 -0.0060714216230185305 0.9999781321282767 -0.0026216606795005128 0.13744129671802646 0.0009220520586688279 0.002627306137121421 0.999996123533718 1.8599225725059514
0.9999796988908268 0.006173508125248942 0.0015778477869577254 176.40766011177627 -0.0061720119829751915 0.9999805004257729 -0.0009513339596587306 0.11721444874412779 -0.001583690087527463 0.0009415761510757414 0.9999983026785888 1.8827092527186402
0.9999750194226702 0.006669406785779984 0.002340842531285975 177.85448504285802 -0.006659205332611154 0.9999684131204266 -0.004339095038591825 0.11333285849462839 -0.0023697077812693673 0.004323398494425529 0.9999878462813886 1.8888528702841139
0.9999857034469545 0.004673027813201752 0.0025991753993722115 179.19603096093132 -0.0046574051763830105 0.9999712465459628 -0.005984534930661543 0.05760120770489318 -0.00262706656228189 0.005972343959481091 0.9999787145879191 1.9012670689164493
0.9999970925745286 0.002143082150245397 -0.0011054598079212371 180.51287121332314 -0.0021519724807299236 0.9999648407878587 -0.008104702496354602 0.07803012294995114 0.00108805189757235 0.008107057851621325 0.9999665453184214 1.906921102425257
0.9999854046379035 0.0009842665064623381 -0.005312412880447795 181.9691036924116 -0.0010170316514632406 0.9999804575323751 -0.0061684844136701425 0.08665730617426884 0.005306237630187059 0.006173797274451596 0.9999668634856986 1.9341657316670695
0.9999809896005301 0.0008089081044981848 -0.006112782118083685 183.3485362439394 -0.0008182696486379063 0.9999984961053621 -0.0015291245195433046 0.08509261736685401 0.006111536003886789 0.0015340973543513132 0.9999801476394322 1.9528901324267591
0.9999842096730609 0.0004910232695366678 -0.00559815154248122 184.676639140542 -0.0004824820992922042 0.9999987177997075 0.0015269610226709145 0.08555141125215611 0.005598894137923482 -0.0015242359035487713 0.9999831644029528 1.9592548267438754
0.9999976886797132 0.0012421900966624226 -0.0017548786269449062 186.12402944967482 -0.0012347462077531683 0.9999902634342899 0.004236559738980845 0.07605697255163961 0.0017601241530055224 -0.0042343831172046865 0.9999894859260186 1.986064779985143
0.9999984197333954 0.0016063390472320117 0.0007617122667850015 187.48701764077813 -0.001610403625723271 0.9999843069459072 0.005365860795442344 0.07276663055083041 -0.0007530809214754652 -0.005367078980147912 0.9999853135583275 2.0130523891929637
0.9999975463967024 0.0020855170026619465 0.0007468730860881458 188.96856857311383 -0.0020876808077329033 0.9999935919975762 0.002908187172505405 0.06218597348284796 -0.0007408032263284164 -0.0029097392695754073 0.9999954923038219 2.005305582248498
0.999997418680578 0.0018346190532011577 0.0013404495926246105 190.3591933837376 -0.0018378326871509073 0.9999954308284575 0.002400144416776821 0.05438574561464803 -0.0013360401172030248 -0.002402601743314226 0.9999962212436946 2.0211422186763692
0.9999957182976671 0.0021293344169402303 0.0020073169340859057 191.71098167597407 -0.0021285678929082864 0.9999976608977988 -0.00038392402422784836 0.03980477060134783 -0.002008129741404725 0.00037964967000267175 0.9999979116383543 2.036990576482927
0.9999952545165413 0.00245161827420414 0.0018656130990571675 193.16597655346868 -0.0024469873181116124 0.9999939296245122 -0.0024805175248984518 0.041437706272503934 -0.0018716830561786657 0.0024759406220496724 0.9999951832486861 2.0452702680785846
0.9999915881686995 0.0029142164055177586 0.002886335840478808 194.53470757822936 -0.0028969686707262326 0.9999780313436746 -0.005961912658695273 0.031595975532339414 -0.0029036467352369223 0.005953500883588698 0.9999780620907971 2.0686181900534018
0.9999860610736976 0.0031289010673982856 0.0042529561979484445 195.99427224577772 -0.0030769707367911295 0.9999212987045754 -0.012162592159586188 0.014337165917071341 -0.004290677032376741 0.012149336404344489 0.9999169884123071 2.060429028191592
0.9999805947399352 0.0035894311350809223 0.005091770585180672 197.3914372611301 -0.0035201382304511307 0.9999019562035246 -0.01355310323147626 0.0009009013912138959 -0.005139919299377747 0.013534916493685788 0.9998951881397894 2.103138486495342
0.9999929085096771 0.0036071212735068617 0.0010824077209986138 198.81809504215366 -0.00359520039276181 0.9999349964662185 -0.010820229953167927 0.017414146963043567 -0.0011213672423200647 0.01081626174894826 0.999940873760687 2.123406098340921
0.9999823737268275 0.004375769940883272 -0.004013087724421641 200.26157299932612 -0.0043961377104120404 0.9999774302959338 -0.005080636965180457 0.03364665646220152 0.003990765451706533 0.00509818949876594 0.9999790409078303 2.146598262335188
0.9999667840403221 0.006050653932832495 -0.005460806079766957 201.66867614746377 -0.006023090783698658 0.9999691101667615 0.005049860365056608 0.05256391251457284 0.00549119235385589 -0.005016801698327734 0.9999723388710572 2.158423722458624
0.9999709641642337 0.007355077571567455 -0.001993404717877089 203.1474798294302 -0.00733457580766041 0.9999220532304399 0.01010403192508437 0.07948333048459569 0.002067565277013494 -0.010089117768054198 0.999946966031943 2.17165881116897
0.9999663780797713 0.00811580091654622 0.0011732371911587717 204.5736261690559 -0.008131717962703972 0.9998651623531323 0.014266473829208742 0.062755538530616 -0.0010572951332377231 -0.01427553459690557 0.999897540370499 2.225826821806832
0.9999687206021081 0.007736579328977327 0.0016441282399895314 206.00881448516657 -0.007756319873128237 0.99989352748497 0.012360145455828858 0.07431488236017679 -0.0015483279396840694 -0.012372511222462947 0.9999222588014736 2.2519346061892063
0.9999798584520027 0.0062477041463954094 0.0011175344343530443 207.46324792182415 -0.00625744293955809 0.9999405091616949 0.008934346383970903 0.03572151807341917 -0.0010616487983442417 -0.008941159340360341 0.9999594634641343 2.259473654627223
0.9999896009130729 0.004541683783756375 0.00041373194431399573 208.87708828211353 -0.004544433067958238 0.999965827132274 0.006905989846365274 -0.0022349602934138985 -0.0003823529838109653 -0.006907798207505555 0.9999760677786845 2.2858845517952626
0.9999929096727131 0.0037505579655179866 -0.00033751925640864604 210.37530352272756 -0.0037477843711496463 0.999961977874893 0.007873812090677843 -0.006398719612034735 0.00036703761186493645 -0.007872491313378993 0.9999689440997217 2.301907979061618
0.9999924920166583 0.0038651105415600136 -0.00027718372082104496 211.81823357859068 -0.003862443330922522 0.9999515715057874 0.00905186028513215 -0.0033215326059233647 0.00031215673783961803 -0.009050721717501993 0.9999589926564806 2.326806854084878
0.9999940119128227 0.003431789330344507 0.00044604987360975107 213.27056670626334 -0.0034361300934381343 0.9999428345119086 0.010125251516431783 -0.0088934081582143 -0.0004112766448298678 -0.010126723570936894 0.9999486388416353 2.3436790956851077
0.9999955781177525 0.002971446664206643 0.00011937195473202463 214.70767495139253 -0.002972480421871583 0.9999468417737263 0.009873094089093152 -0.00029975735319254964 -9.002823663421007e-05 -0.009873405262232033 0.9999512526935722 2.3721604420923708
0.9999959386280569 0.002809316066807967 -0.0004800735651724543 216.2021191008315 -0.0028045134861834605 0.9999487522096866 0.00972767487103645 -0.004841987642180805 0.0005073770757709382 -0.00972628899054277 0.9999525698106763 2.3996594017985013
0.999996364858006 0.0024987450854935473 -0.001013184964057745 217.65483813087877 -0.0024900756176795043 0.9999610329477897 0.008469481058932256 0.0005996767259833043 0.0010343085573990397 -0.008466927363990791 0.9999636200116586 2.413906236955689
0.999997710820874 0.001956937557719697 -0.0008653024944314962 219.13364939840454 -0.001948264994304097 0.9999489736402877 0.009912334702140523 -0.014758579301657906 0.0008846561612584623 -0.009910626172471447 0.9999504972109099 2.43725323757249
0.999996757908586 0.002043576881159451 -0.0015191990809396924 220.63573708015116 -0.0020259615932259104 0.9999317328909215 0.01150760780447334 -0.008891257733982973 0.0015426120508769939 -0.011504492656766434 0.9999326312291098 2.467158930592736
0.9999972530698221 0.001765830239279305 -0.0015413294184127876 222.093828067519 -0.0017529656868628869 0.9999639496194339 0.008308223203713496 0.0032405167543673096 0.0015559447646684758 -0.008305498484021824 0.9999642982281023 2.473621150126662
