1.0 -2.1684043449710093e-19 -2.5135375298442207e-37 0.0 2.1684043449710093e-19 1.0 2.3183291766350204e-18 -8.673617379884035e-19 -2.51353752984422e-37 -2.3183291766350204e-18 1.0 0.0
0.9999996051917989 -0.0005752605321510217 0.000677267721610383 1.3273296131564947 0.0005753941083097035 0.9999998150465057 -0.00019704967556571635 -0.005147294397329037 -0.0006771542414461252 0.00019743929362565135 0.9999997512398984 0.014190926913472833
0.9999991949433092 -0.0005967494779263065 0.0011198226618697432 2.628292109638085 0.0005974884623972986 0.9999996039058764 -0.0006596935863360372 0.0026109771196390695 -0.0011194285465113297 0.0006603621363656997 0.9999991554004325 0.02238872817330788
0.9999988872748349 -0.001117982926636402 0.0009877060635002097 3.952068913162743 0.0011192782555432775 0.999998513100449 -0.0013118738802854152 0.0010290909243763538 -0.0009862379422804482 0.0013129779384500793 0.9999986517109183 0.04942137746404745
0.9999992821443365 -0.0005474306212199864 0.0010658473279201277 5.267740877157508 0.0005495005897131223 0.9999979618565761 -0.0019427639577488751 0.012071868060146682 -0.0010647816270901312 0.0019433482468600017 0.999997544815825 0.054373423007450884
0.9999984227272785 -0.0009066756234279397 0.0015272466301206708 6.589238739993435 0.0009101348451881187 0.9999970188182309 -0.002265835213452324 0.00541542470836749 -0.001525187699566118 0.002267221639987519 0.9999962667472896 0.06502565319406606
0.9999970475948089 -0.0005905823859052088 0.002357119876222218 7.920775061315334 0.0005988699117136926 0.9999936367211789 -0.003516798541244278 0.013577481692179802 -0.0023550279179379947 0.0035181997664021805 0.9999910380167961 0.090940119791897
0.9999961046970504 -0.0004906541744459825 0.0027476988930758054 9.239079783195322 0.0005004189332612517 0.9999935584732235 -0.003554235916655746 0.027581497891148728 -0.0027459372930103386 0.003555597072379092 0.999989908728004 0.09902563036548327
0.9999969530961345 -0.0009577345507185819 0.0022752017444456827 10.568429688630458 0.0009649506006874181 0.9999945016259676 -0.0031726311117361086 0.026577161345867902 -0.002272150696103098 0.0031748169023240974 0.999992378905385 0.11299674330914768
0.9999995206632363 -0.0009785905501926793 -3.215326974313432e-05 11.89857908952736 0.000978572845402004 0.999999372076703 -0.000546114810451095 0.04162990845179047 3.2687672346174877e-05 0.0005460830843615277 0.9999998503623794 0.12354452192215967
0.9999993457237145 -0.0009115041556731173 -0.0006911673583012701 13.22712833457208 0.0009126695527938156 0.9999981593630386 0.0016876921586107406 0.04077303361299697 0.0006896277476970133 -0.0016883218617975905 0.9999983369900476 0.14106585802134874
0.9999993929209029 -0.0005586990309994293 -0.0009497437645551531 14.568942767309869 0.0005643617853567348 0.9999820044456004 0.0059726276239621704 0.07652681142694977 0.0009463897721235442 -0.005973159997191381 0.9999817126858107 0.14710560006268358
0.9999999693797429 -0.00018917347062725982 -0.00015954282010978378 15.919080389049071 0.00019010443062300662 0.999982838426966 0.00585548562066058 0.0931230410726308 0.00015843237956695604 -0.005855515771161081 0.9999828437699493 0.16869803522198967
0.999996517815501 9.830946484999823e-05 0.0026371750267457313 17.25736433464965 -0.00011098115024456234 0.9999884482890768 0.004805306607153706 0.08079762644039264 -0.0026366721557411787 -0.004805582550907391 0.9999849770553004 0.19419727019192964
0.9999875161372028 7.743659255740063e-05 0.004996155854413035 18.623599088635622 -7.683219621941697e-05 0.9999999897080377 -0.00012116409520541126 0.0809428344737817 -0.004996165185527461 0.00012077871698252174 0.9999875117949926 0.21318191332448863
0.9999940387960731 -0.00020874613382163988 0.0034465631242525364 19.969497059911465 0.00021491910099705506 0.9999983734626638 -0.0017907768724083229 0.07388233203868506 -0.0034461837005402805 0.0017915069294703928 0.9999924571319644 0.23625045829675842
0.9999994635680357 -0.0001494574609411085 0.001024951759005837 21.326501434589755 0.00015244128014165313 0.9999957493145832 -0.0029117201825319627 0.0731612821290175 -0.0010245122239528899 0.002911874865550412 0.9999952356683858 0.22746558789086307
0.9999999529672989 0.0001898631651049679 -0.00024086796937463568 22.67105638117331 -0.00019007803848710374 0.999999583772535 -0.0008923704927402691 0.09224451389253338 0.00024069844083257337 0.0008924162344808275 0.9999995728286714 0.27228321318036336
0.9999994487658624 0.0007472962328376971 0.0007375746142846061 24.04160779896988 -0.0007481847845660304 0.9999989939109258 0.0012051542077218902 0.09082462850523568 -0.0007366732650194262 -0.0012057053855036397 0.9999990017930137 0.2521912541469075
0.9999822063975604 0.0017655353061483978 0.0056982254561902005 25.431850903247582 -0.0017754575263307234 0.999996915817606 0.001736693941990462 0.10714941910916148 -0.005695141687353012 -0.0017467799972218211 0.9999822569029925 0.27492397285442527
0.9999778177463094 0.001836602721240061 0.00640241405823518 26.80409032633252 -0.001838816481496347 0.9999982516093487 0.00033990026915421933 0.09258407303935064 -0.006401778602555017 -0.00035166559389186616 0.9999794465697951 0.28691962097535084
0.9999798774027989 0.0018346996270281126 0.0060727808096323775 28.17086287073777 -0.001810649386559847 0.9999905061999895 -0.0039634654896530475 0.09488034225897826 -0.006079994924521468 0.003952390057585805 0.9999737057915826 0.3127852749350711
0.9999916800498182 0.001673969196354385 0.0037199003039928204 29.530474225629035 -0.0016582759942182909 0.9999897300757482 -0.004217803191141036 0.0998680185422496 -0.00372692257351673 0.004211599477853613 0.999984186113945 0.30244610270383254
0.9999957073649228 0.002313088333385744 0.0017985755723259596 30.92995056165291 -0.002305491586482697 0.9999884616165189 -0.0042144207635835835 0.10053393302380362 -0.00180830314717151 0.004210256071763533 0.9999895018366634 0.3446541822232951
0.9999957423032749 0.002875252945284573 0.0004982929088202155 32.304351553376634 -0.0028744008197260818 0.9999944197249558 -0.0017024508440247692 0.11474014324649608 -0.0005031851050122162 0.0017010113019598095 0.9999984266814127 0.3284987509174078
0.9999930525726197 0.0034858206764317766 -0.0013205531815911663 33.6881066257261 -0.0034860821357560368 0.999993904439579 -0.00019574225100060135 0.11550647697102857 0.0013198628096936697 0.00020034444795118806 0.9999991089117358 0.36681981840960015
0.9999928057294736 0.00367496149085954 -0.0009397591903937356 35.08206190992008 -0.003674967487406602 0.9999932472733526 -4.6542212234980535e-06 0.12890210004910035 0.0009397357403730423 8.10777221046001e-06 0.9999995584154036 0.3575130922346035
0.9999949732832258 0.0031246028033224396 0.0005387630291825759 36.47587663817418 -0.0031246998443777525 0.9999951020265241 0.00017937068917113074 0.12243742881394634 -0.0005381999281773313 -0.00018105326027892198 0.999999838780264 0.3921483394923023
0.9999946416479961 0.0028794254535865157 0.001557428763429362 37.88218982555431 -0.0028805587619925217 0.9999955876964917 0.0007259261442765402 0.1333178511558486 -0.0015553316413637113 -0.000730408519579406 0.9999985237223503 0.3851863266141002
0.9999949235497142 0.0023775244108128826 0.002121379852126271 39.273316691313504 -0.002383148434585172 0.9999936423017001 0.002652538353752284 0.12457935612100525 -0.0021150598903465286 -0.002657580451346955 0.9999942318772668 0.395140218391916
0.9999920903536591 0.003045170749053277 0.0025585474841228594 40.66984700361786 -0.003059476638048039 0.9999796047054419 0.005606226525004784 0.1451732661828498 -0.002541423384766768 -0.005614009997990674 0.999981011849186 0.4277614931602783
0.9999918304061307 0.0028090732718112246 0.0029065836216920628 42.09366771732271 -0.0028333766766167226 0.9999607770420875 0.008391445286300016 0.147342698885166 -0.002882897432219388 -0.008399612177842387 0.999960566931345 0.4415419950546068
0.9999921953903786 0.0025417995202533634 0.003024634445588194 43.480057766809026 -0.002568673663113285 0.9999569647609592 0.008914625155451184 0.15232359425569295 -0.003001845089778453 -0.008922324879122855 0.9999556895406958 0.4494649327689589
0.9999930080142975 0.002255595212023535 0.0029826519670916006 44.907849645937056 -0.002280398259493022 0.9999626323768096 0.008338682978713543 0.16318207129884016 -0.002963731819075418 -0.008345426309115805 0.9999607843077766 0.46335728329900283
0.9999959897463075 0.0014546304458007272 0.0024299262476041414 46.30680183919109 -0.001473955198171529 0.9999671523764597 0.007970045431994123 0.15603955052281696 -0.0024182529595617353 -0.00797359507251383 0.9999652863146016 0.4839108276422094
0.9999947346194938 0.0004914086348184088 0.003207686213102781 47.736486592498515 -0.0005166847054300938 0.999968789050172 0.007883778437259892 0.1630215229773036 -0.0032037119413702553 -0.007885394288572723 0.9999637777373291 0.5086146622573966
0.9999918780213334 -0.0004968231375532355 0.003999632250174649 49.134198901133146 0.00046465053044445956 0.9999675642450231 0.008040805790460069 0.16847652930394114 -0.004003497377444258 -0.00803888205196035 0.9999596733789335 0.5172969915639242
0.9999904773194179 -0.0014936624032391205 0.0041005174195380386 50.565442734833496 0.001457295590667001 0.99995970929941 0.008857542966361357 0.176312817842549 -0.004113582385732353 -0.008851482952854 0.9999523637101375 0.5357726270107299
0.999987398418189 -0.002750595308578141 0.004199670257390655 52.017948576217385 0.0027137980825493835 0.9999580999597425 0.008742632605152342 0.1776490633581839 -0.004223541735266157 -0.00873112537706048 0.9999529634662125 0.5384107570744341
0.99997667747967 -0.003705501853170747 0.0057370508744750085 53.4253524432333 0.0036480670400423285 0.9999434490173804 0.009989513206203627 0.19685571036048893 -0.00577374259830858 -0.00996835107937657 0.9999336457351392 0.5713135900343123
0.9999700630655509 -0.004607508250735997 0.006216417006400825 54.8769805879678 0.004555734091479361 0.9999550334878904 0.008317228451809306 0.20383857530087562 -0.006254459174525197 -0.008288659116603436 0.9999460884820155 0.5727075525448602
0.9999611720370583 -0.0049771151825754945 0.007272052167858817 56.27251658420032 0.004939039445726136 0.9999740501624926 0.005244510556214941 0.21254927723726022 -0.0072979659924012315 -0.005208389970044984 0.9999598053753429 0.5757812546048922
0.9999609045744314 -0.005306760027241145 0.007073020620491747 57.69885828944422 0.0052767108297778345 0.999977002661348 0.004260336987285102 0.23064408830731553 -0.007095466545867947 -0.004222848143090128 0.9999659103729771 0.5971849757963169
0.9999588085990795 -0.005129531834081875 0.007487924163126872 59.150225447063576 0.005105155935304359 0.9999816192812631 0.0032708534818128867 0.2520615463189598 -0.007504564476758482 -0.0032324917302912685 0.9999666156973581 0.6155831386869108
0.999954891654221 -0.005049753064489702 0.008044541676372922 60.55626366728755 0.005025360072870007 0.9999827227755841 0.003049574801090069 0.24693805501035682 -0.00805980228871825 -0.0030090105212704794 0.9999629920365801 0.6323573269047646
0.9999517118099787 -0.0044928795368343235 0.008740027560656847 62.01084712607106 0.004485744071875802 0.9999895896781336 0.0008358441718709652 0.2613256016048475 -0.0087436919213326 -0.000796598283650518 0.9999614558985558 0.6308340108134911
0.9999539320550493 -0.004341357024007943 0.008560746862027395 63.41865101100254 0.0043547792043604336 0.9999893168617162 -0.001549858225584445 0.2552231868461377 -0.008553926918490998 0.0015870669892095782 0.9999621550602027 0.6402475482975637
0.9999630749903522 -0.003760232651231071 0.007727179708528734 64.82717466386424 0.003775800670080713 0.9999908694039161 -0.0020011092173674214 0.27623323808219835 -0.007719584518554122 0.002030211616711561 0.9999681426203798 0.6583761230240311
0.9999660108046708 -0.002848460511585018 0.0077371511622049425 66.27910779772394 0.0028676458729298294 0.9999928386170659 -0.00246968049156644 0.28946494019975755 -0.007730060966146191 0.0024917839587123426 0.9999670180411766 0.6657450798559641
0.9999690677272672 -0.002387581396398629 0.007494200673567479 67.65010670268693 0.002393386293617764 0.9999968426882705 -0.0007657124395579715 0.296361233459946 -0.007492348811264108 0.0007836252715056936 0.9999716249177895 0.6763856716359372
0.999958738485571 -0.0017065291700804352 0.008922392310195483 69.12207259203733 0.001687763564884599 0.9999963490161079 0.0021103100728371454 0.3163972968771109 -0.008925961040382093 -0.002095164109594871 0.9999579678700797 0.6874467963283992
0.9999489839265578 -0.0009715783783096933 0.010054132468753148 70.48377515601439 0.0009186694625066658 0.999985714197505 0.005265685836098828 0.3253834266674082 -0.010059104863907764 -0.005256180777012451 0.9999355914122551 0.6942126275840341
0.9999369659810577 -4.465710068061828e-05 0.011227736652606818 71.93471296436392 -6.316738611725748e-05 0.9999538894280918 0.009602865588602637 0.3489560056724034 -0.011227647771383945 -0.009602969508167584 0.999890855494812 0.7129301981026455
0.9999419203380795 0.00033545775412531883 0.010772345087730159 73.29977487327402 -0.00047802090010333313 0.9999123081211404 0.013234332770203 0.3546627384406442 -0.010766960881001254 -0.013238713530725022 0.9998543939081521 0.7084076447789658
0.9999459175724557 0.0009808677064113748 0.01035373501313834 74.6946998033588 -0.0011551120887160937 0.9998575873234932 0.016836590738804863 0.36780708395609846 -0.010335746041881515 -0.016847639899583176 0.9998046456101171 0.7164388052975208
0.9999445281890974 0.0018154920305446848 0.010375188353486935 76.14501302045812 -0.002001428753836493 0.9998370783155404 0.017939094413801926 0.3813293623340892 -0.010340929727380353 -0.01795886450004598 0.999785249120151 0.7164403956561805
0.9999392524905145 0.0020915158015916225 0.010822055736443993 77.5092804638935 -0.002292129776877082 0.9998251499991059 0.018558436635428815 0.3834887698152075 -0.010781348236512965 -0.018582114812823795 0.9997692071369703 0.7244342994598131
0.9999346348988002 0.002234154674002318 0.011213138842257992 78.91287312396432 -0.002434502449833368 0.9998370777030743 0.017885503850841148 0.38560316643037096 -0.01117135298989682 -0.017911633177053726 0.999777162306334 0.7473464901216794
0.9999486371307335 0.0017885869007694597 0.009976174481580665 80.28645553784881 -0.0019579678794203904 0.9998536624628463 0.016994705687815213 0.381101498904592 -0.009944318084801158 -0.017013365820163176 0.999805809105597 0.7425067176142126
0.9999464503387665 0.0017216738123654865 0.010204523221819835 81.67914148755358 -0.001893255893212747 0.9998565970300425 0.01682857562677159 0.3911442198118941 -0.0101740865449268 -0.016846994235974872 0.9998063146170809 0.7609469004295479
0.9999425461023788 0.0013303962875979884 0.010636472159984752 83.07307410508722 -0.00150019372584165 0.9998713189787702 0.0159716906568857 0.40043026444112795 -0.010613854769928339 -0.015986729789805358 0.9998158683265387 0.7595851437059247
0.9999500189247029 0.0011194726613895838 0.009935111144152613 84.43792997744382 -0.0012808744479027659 0.9998670724946602 0.01625412875568825 0.4125795368892728 -0.00991559444183625 -0.016266041986856643 0.99981853196715 0.7648092674407292
0.9999479346936212 0.00026540561318470654 0.010200855935740223 85.8419444280617 -0.0004273311670872091 0.9998738957540738 0.015874822129553712 0.4139981718173013 -0.010195356297593154 -0.015878354745748138 0.9998219504294418 0.7632878956476129
0.9999405842840633 -0.0008373869899430302 0.010868610061788199 87.19786030067739 0.0006636198508824529 0.9998720634139028 0.015981752504589643 0.4226632368407449 -0.010880602480545103 -0.015973590311934155 0.9998132110060393 0.7744193915859364
0.9999240347650299 -0.0020144169120918103 0.012160050317642671 88.58415909248806 0.0018341487514068324 0.999888530875758 0.014817615242543599 0.42488358484912153 -0.012188543702224474 -0.014794186277812853 0.9998162688488301 0.7821363639375845
0.9999145776848188 -0.003095733468207331 0.012698573450749427 89.96676288730568 0.0029431881514680484 0.999923498515555 0.012013940232824096 0.42567080120299555 -0.012734793947893909 -0.011975539683314168 0.9998471940613715 0.7936041143015273
0.9999037235769523 -0.00402241671973245 0.013280201078233918 91.33898776746776 0.003874800469915132 0.9999306345062345 0.011122593999482826 0.4347117708604107 -0.01332401959859914 -0.011070065026539037 0.9998499508236445 0.8022075799872711
0.9999071815101572 -0.004351896173028893 0.012910823525738366 92.7132963517476 0.004221998090669909 0.9999403687390174 0.010071429799206394 0.44784975482356126 -0.0129538834538513 -0.01001598551202723 0.9998659294813914 0.8103023171558124
0.999906125037138 -0.004615766021787591 0.012901000629689805 94.06099451511744 0.004508486757828605 0.999955121932875 0.008332326647686175 0.45799988956816856 -0.01293888172794039 -0.008273380460329875 0.9998820613029265 0.8205581545534628
0.9999104561460774 -0.004837329748069666 0.01247717638937562 95.4357540767356 0.004738419079509441 0.9999572132861455 0.007944745536078221 0.4755518021034451 -0.01251507388592225 -0.007884912042282664 0.9998905945590824 0.8210147338129893
0.9999192410066389 -0.004584630292482585 0.011852958693446752 96.79163388187781 0.004494371775120947 0.9999607887528259 0.00763030662381278 0.48103711378259906 -0.011887476059042138 -0.0075764188049273025 0.9999006379591114 0.8203275244161335
0.9999263789698066 -0.00448147903354874 0.011276213282940272 98.11792364208114 0.004381981672355416 0.9999513875252922 0.008832939650303238 0.4971058615323827 -0.011315249752154692 -0.008782877200247131 0.9998974078329894 0.8270099304365193
0.9999267263359465 -0.004188891756268143 0.011357602957118122 99.47536760941755 0.004068391857977246 0.99993541419543 0.010612050956514841 0.5161564632179553 -0.011401322149961994 -0.010565066193261257 0.9998791873169303 0.8252737713502772
0.999909493569232 -0.004166999313067914 0.012792215869307044 100.80593523443541 0.0040289814836112475 0.9999336037619767 0.010796081501681702 0.5203955708029837 -0.012836353778498672 -0.01074356478600691 0.9998598921035697 0.8301138545109699
0.9998899185243817 -0.0040256285582845755 0.014280936524475938 102.14333903586287 0.0038681179817356918 0.9999315761572849 0.011039957739372653 0.5427767205491717 -0.014324402137079239 -0.010983502097167587 0.9998370738200784 0.830275064329126
0.9999010986126251 -0.003832395712445805 0.013531656822745588 103.49199922347901 0.0036901066488793546 0.9999378057151396 0.010524628948877818 0.5505378682095533 -0.013571149773885285 -0.0104736547916612 0.9998530524277655 0.8443246492232807
0.9999296976453096 -0.0037192450852177933 0.011259084463489147 104.81193154623143 0.0036020380074297405 0.9999393013517205 0.010412441328825076 0.5605138726949354 -0.011297127473518699 -0.010371153659515233 0.9998824001264438 0.8448730375567837
0.9999425678790558 -0.0037502808708117464 0.010039737886515751 106.1478599990895 0.003657645147341625 0.9999507184932557 0.009229421260192194 0.5687235609331449 -0.010073856035106146 -0.009192169396392936 0.9999070063992811 0.8475452395575533
0.999931375668443 -0.0034416052136338545 0.011198183217308465 107.4931710088251 0.0033507610393051744 0.9999614095122084 0.008121076702930326 0.5788741158074914 -0.011225700613876856 -0.008082996963434508 0.9999043198255604 0.8575017227018409
0.9999108338290792 -0.002926844893373506 0.013029120085633358 108.8177192783738 0.0028609163437113973 0.9999830252672413 0.005075858060502002 0.5846170793465635 -0.013043755169045691 -0.005038130243077442 0.9999022340682833 0.846232602818074
0.999900643796478 -0.00198547764724948 0.013955658848693977 110.17537328625848 0.001931275716459506 0.9999905445749748 0.0038962719042943687 0.5969761184423545 -0.013963262852781641 -0.003868932560468393 0.9998950238156737 0.8596187635610115
0.9999117047567879 -0.0013989901911001888 0.013214594841292683 111.48254721699102 0.0013565191562486718 0.9999938880885229 0.0032223658044417927 0.6047298130069312 -0.013219022133011356 -0.0032041554338250924 0.9999074911419571 0.8638789070015241
0.9999385904727383 -0.0006472164202142737 0.011063290392052148 112.8234719910365 0.0006033098812506165 0.9999919313875517 0.003971545918324396 0.6165279049389633 -0.011065771576381545 -0.003964627435154383 0.9999309128278413 0.8709141262543829
0.9999590728058322 0.0003426555205306102 0.00904075773896112 114.17031396375181 -0.00041070457322015734 0.9999715938917764 0.007526136544982983 0.6183653123544683 -0.009037922053982957 -0.0075295416018800404 0.9999308085903802 0.881068253564203
0.9999620851869352 0.001816738054242268 0.00851631677656174 115.47900615184756 -0.001905356657195386 0.9999440074681311 0.01040920480072002 0.6325195198678562 -0.008496929127947351 -0.010425036758530855 0.9999095563119585 0.8738288133543863
0.9999340514940938 0.003271963276818929 0.0110084930359272 116.84990083049692 -0.0033921197338324226 0.9999346871689363 0.010913978196455119 0.6434174458877056 -0.010972063904218475 -0.010950600562366495 0.9998798418615135 0.8827422651874358
0.9999083226261253 0.0041145457025639435 0.012900265759668421 118.14856340840788 -0.004262262393639651 0.9999254293295542 0.011444164425346596 0.6475775137788681 -0.012852216240646051 -0.011498099572021282 0.9998512960655377 0.8749048112931009
0.9998878843521357 0.005104020807798702 0.01407720488604081 119.51347518981231 -0.005255324668152554 0.9999285983924242 0.010732179629248327 0.6440634193283951 -0.014021422482841054 -0.010804956666072445 0.9998433140362553 0.8873788882361875
0.9998907870981685 0.006008740363061526 0.013502181877548083 120.83671534269664 -0.006159222227654771 0.9999190769454238 0.011131196798273587 0.6430506203375083 -0.013434204768256143 -0.011213144066712422 0.9998468820486384 0.8900546120146302
0.9998823798305447 0.0074233841984004695 0.013420874466644812 122.1412428584047 -0.0075978584041188745 0.9998866778810408 0.012996305001296215 0.6392394187880549 -0.013322877019527753 -0.01309674627755669 0.9998254728625711 0.8910809000426111
0.9998811806010031 0.00848895615840133 0.012867101588355441 123.51549153368023 -0.008677316595507457 0.999854964771672 0.014654473656187529 0.6416707254649614 -0.012740834220946832 -0.014764384334583804 0.9998098239658255 0.8859443756989037
0.9998769073861763 0.00970701394907102 0.012326554914020335 124.85041185443633 -0.009895388585773915 0.9998337658342914 0.015314110563666883 0.6415547933431247 -0.012175851534589008 -0.015434201560567328 0.9998067483576991 0.8873644716334634
0.9998739812518963 0.010778674753546838 0.01165511844811786 126.18281398185047 -0.010965548621116655 0.9998104098926065 0.01609040129443573 0.6332952048079894 -0.011479475550752828 -0.01621617837023583 0.9998026091184921 0.8830553303677875
0.999868776046254 0.011605872298465167 0.011301965136987467 127.51413637957381 -0.01178471060439426 0.999804330877449 0.015887748571375735 0.6278549391368072 -0.0111153625103565 -0.016018854106592425 0.9998099044465278 0.8937659386059323
0.9998465246909017 0.012583021279781366 0.012189940073630381 128.84088006658857 -0.012773022597211716 0.9997961567473049 0.015636330997052795 0.6206512937824706 -0.011990702950921996 -0.015789633586338996 0.9998034359382608 0.8929261747299289
0.9998232061777892 0.0134488770371262 0.013140932037189345 130.21680000713482 -0.01364878410887315 0.999790656285582 0.015243172123760616 0.6110598539489716 -0.01293317751811756 -0.015419834969463213 0.9997974602932332 0.8974949200507981
0.9998087568190814 0.013869192863769279 0.013787504385873905 131.5396531626461 -0.014053793403228263 0.9998116688857974 0.013383484253956674 0.5938768209068714 -0.013599289645503497 -0.013574691492041348 0.9998153764930972 0.8929851685531175
0.9998051284325501 0.013864503840349849 0.014052782401817258 132.88577220710036 -0.014041123774726036 0.999822674461379 0.012548564700314742 0.5817181683248006 -0.013876310861130342 -0.012743436198925553 0.9998225106641323 0.904112843860746
0.9997955826632744 0.013737127216838674 0.014835235853601844 134.20748897784833 -0.013892930302217887 0.9998488728480582 0.010450739308065764 0.5674068892153793 -0.01468943071127399 -0.010654707893500651 0.9998353353553188 0.8908348393087715
0.9998019598669303 0.013155704665690894 0.014932129151399862 135.54120559330414 -0.013289374766335085 0.9998721880553012 0.008888198457740675 0.5470387167993941 -0.014813290133014443 -0.009084876898087624 0.9998490043237437 0.9040393068988127
0.9998232318593376 0.011964075790370827 0.014503996857118557 136.88076057968198 -0.012095328320345327 0.9998863836465143 0.008995711818339512 0.5370316137997958 -0.014394723587901734 -0.009169552267031556 0.9998543450143377 0.9058076097054254
0.999814072929949 0.011015405687718718 0.015826572868492886 138.21817277517218 -0.011133771355844823 0.9999105587434824 0.007410374396249392 0.5264193007876549 -0.015743529039656586 -0.007585206050714332 0.999847291311301 0.9098662759968861
0.9998199317780835 0.009936773925337329 0.016166772814179085 139.5603201972868 -0.010041095227677772 0.9999292048028735 0.006384495980237962 0.5055785744911518 -0.016102186991127955 -0.006545678440750373 0.9998489254221625 0.910090203803322
0.9998275340265986 0.008627100788555365 0.0164461343261848 140.91854875838206 -0.008710734997069489 0.9999494575236398 0.005020507343784366 0.5040481587044567 -0.016401990674964895 -0.005162899394939955 0.9998521486558581 0.9109502664396464
0.9998443243562646 0.0074156625556514415 0.016010465371924416 142.23729503102146 -0.007477041386132405 0.9999649126189414 0.00377721896415835 0.4999895853527436 -0.015981893025387977 -0.0038963418553616936 0.9998646896532907 0.8961691502236793
0.9998574327649693 0.006414667982429168 0.015619416740713276 143.58826762496815 -0.00646818308767845 0.9999733752145696 0.003378086666444244 0.4922524405619767 -0.015597331572712893 -0.0034786343091701985 0.9998723030223179 0.8853293126794524
0.9998921953054258 0.005712465213146881 0.013526474355306534 144.94009432315985 -0.005730489238506735 0.9999827432291968 0.0012941162612542072 0.47866682164127533 -0.013518848337914627 -0.0013714900651739406 0.9999076756154128 0.8919116854453794
0.999910743313164 0.004605200221575365 0.012541831518361331 146.24603735850854 -0.004586896489011836 0.9999883733644437 -0.0014877891426814153 0.4908561747385655 -0.012548537265946593 0.0014301282645944795 0.9999202412920902 0.9071916344951864
0.9998708883053646 0.0037130700391121508 0.015633932017434144 147.62618448839316 -0.003543283400606729 0.9999345999511599 -0.010873866067625677 0.47929501446228284 -0.015673284983821662 0.010817066672546859 0.9998186531598706 0.8955937108507922
0.999851263617344 0.0022774027933908053 0.01709573278093809 148.94896352296095 -0.0019669460567351004 0.9998332533476174 -0.018154796157740846 0.46457629576651 -0.01713422790820992 0.018118469494852022 0.9996890212946993 0.8945474815662813
0.9998988595197604 0.0014183531572008017 0.014151289884808543 150.25054565475986 -0.0011342066937468792 0.9997979931095865 -0.020067051333438696 0.43472762463927006 -0.014176893392358069 0.020048971254517337 0.999698481766066 0.9006724407499617
0.9999364806193417 0.0014258262021567356 0.011180417981717048 151.6461920689698 -0.0012107957091253099 0.999814622178153 -0.019216015521120074 0.45388513286465376 -0.011205744078615323 0.019201257729596966 0.9997528409568268 0.9056911803281736
0.9999574465762276 0.002452805429368826 0.008893187408154677 152.95708509913578 -0.002310246718647063 0.999869241325649 -0.016005093282134075 0.4603997852618345 -0.008931281926458406 0.015983866753589124 0.9998323600518007 0.9050320960391375
0.9999528922937311 0.003321765830439664 0.00912025576228049 154.33114696732326 -0.003174389764473543 0.9998649220877274 -0.01612640158640875 0.4626640777965965 -0.009172591946930408 0.01609669066207848 0.9998283653241212 0.910878345767749
0.9999215285135513 0.003743346095051932 0.01195508992588189 155.65561983668024 -0.003503587194156456 0.9997935745262786 -0.020013325879008847 0.463053298902516 -0.01202753889605875 0.01996986970360903 0.9997282343777856 0.8976296338901554
0.9998800932974298 0.0042941727416110145 0.014878141953491958 156.9940795481165 -0.00386954120255622 0.9995876473708699 -0.02845280081909387 0.45944323042345153 -0.014994188154240707 0.028391817554262247 0.9994844065904983 0.8879082806033649
0.9998617178064934 0.004375360331143421 0.016043736691333996 158.35065465800193 -0.003888990020562247 0.9995356406390133 -0.0302221582448553 0.43950315190907946 -0.01616851946432225 0.03015558512663557 0.9994144383908019 0.8967756368060663
0.9998551274450886 0.0042839899694227255 0.016473358847167358 159.67739546294357 -0.003764042065967014 0.9994977527133597 -0.03146544625886028 0.43249297807841075 -0.016599882803540883 0.03139888136360083 0.9993690780387511 0.908830804670701
0.9998457290775616 0.0053425519250029545 0.016732459003023493 161.04342574092476 -0.0048294280314668805 0.9995213260368264 -0.030558066405992318 0.434937752579946 -0.01688770766706058 0.030472543978355363 0.9993929304298881 0.890896885842095
0.9998441093044151 0.006525158813188702 0.016406687408594488 162.38475516165906 -0.006054696365767977 0.9995736566994053 -0.028563009023865375 0.4353075083160509 -0.016586070697396153 0.028459218805893544 0.9994573403221266 0.8743219212322199
0.9998623814118143 0.007420071222340345 0.014837815895580718 163.735072275295 -0.007039905470310745 0.9996497390517612 -0.025511545321962995 0.4410377346344491 -0.015021916271396272 0.025403577637822587 0.999564405265981 0.8737254374587301
0.9998656759677459 0.008018471382978605 0.014294549249384671 165.08282690403223 -0.007670330125083953 0.9996766086436721 -0.024245497859575676 0.43971727733088184 -0.014484338346467892 0.024132597194807117 0.9996038323732549 0.8592354073011355
0.99984376549017 0.008338345167673731 0.015585782312824707 166.4274486038904 -0.007972315721532171 0.9996943655497919 -0.02340123223326692 0.43924632416940407 -0.015776146312526336 0.023273321375854628 0.9996046547108821 0.8543801639381826
0.999846678530192 0.008092192180868535 0.015528549766505854 167.76183830335683 -0.007745122761957687 0.9997217270295152 -0.0222818665853114 0.4309973984337337 -0.015704537737391822 0.02215817977251972 0.9996311232467823 0.8430132165796685
0.9998812202743874 0.007581168174520066 0.013419062251574904 169.1491353610413 -0.007323591251099815 0.9997899711058461 -0.019141021063623257 0.4261035383876011 -0.013561355160484985 0.019040471771489775 0.999726737704324 0.8554219451468567
0.9999172248202713 0.00695237464973964 0.01082626410432871 170.5571142722211 -0.006779247797559027 0.9998498595539953 -0.015946791186790737 0.42863570364869436 -0.010935506710999257 0.015872077261199092 0.9998142286727011 0.8502794935272074
0.9999350951787215 0.006573274390387007 0.00930577743716439 171.91524700238077 -0.006475314622776826 0.9999237175652937 -0.010518048818050045 0.430593747561264 -0.009374205590737174 0.010457108309256133 0.9999013817148925 0.8485844467509812
0.9999211277000806 0.006963170950732823 0.010452398256370066 173.26265168898155 -0.006889534413642486 0.9999513124308298 -0.007064494562537855 0.43345505322147304 -0.01050108063782644 0.006991925212111582 0.9999204169769043 0.8532709672498971
0.9998879162304662 0.007524315407991157 0.012943710980133485 174.6300187974532 -0.00749116402338277 0.9999685404856143 -0.002607776954639164 0.4412040172336983 -0.012962925513592096 0.002510521203144544 0.9999128261230664 0.8720977734936257
0.9998558659427543 0.0075777665440900244 0.015192919208242046 176.05396993253228 -0.0075709476416341405 0.9999712117980571 -0.000506287401235483 0.4391869607612764 -0.015196318359146555 0.00039118963212903245 0.9998844527639177 0.8695744181432384
0.9998405000788932 0.006668606278951433 0.016568165024674248 177.45480595190205 -0.006610516476249348 0.9999718190135708 -0.0035584056271573423 0.4343314981793919 -0.01659142772354885 0.003448313933863718 0.99985640651901 0.8597755111492802
0.9998505254165502 0.005342569017498803 0.016443350648260815 178.8544418519759 -0.00525112745496697 0.9999705370611514 -0.005599166909834562 0.43014206461799037 -0.016472780114482485 0.0055119838466523175 0.9998491213925099 0.8517761522235417
0.9999127916249484 0.003222010501495199 0.012807333568340974 180.19231298890878 -0.003115475480142063 0.9999604554367068 -0.008329548327902458 0.42486791883405056 -0.012833665000113273 0.008288920987829702 0.9998832886049863 0.8435397589860187
0.9999603579186024 0.0015422908419756535 0.008769488597366655 181.60799241886622 -0.0014966871402132438 0.999985336674636 -0.005204456102164494 0.4340526638852721 -0.008777386792485908 0.005191124605882137 0.9999480035013927 0.8573023470054691
0.9999667798779085 0.000926175131638552 0.008098230685277426 183.00292026500244 -0.0009139567917811677 0.9999984387583486 -0.0015123372136912714 0.45753704480099733 -0.008099618731100352 0.0015048855407281691 0.9999660651721737 0.8558748054158932
0.9999565370988635 0.0005430866096834907 0.009307468516391986 184.32886149924877 -0.0005572274797850337 0.9999986944406654 0.0015167776700623185 0.47475192278258893 -0.009306632623297105 -0.0015218981237289661 0.9999555342190551 0.8495903457802577
0.9999245063765565 0.0009024917748088047 0.012254266856741441 185.77763582313008 -0.0009568768410244257 0.999989716778111 0.004432913798428657 0.4697892065034417 -0.01225014017515475 -0.004444304965862549 0.9999150875044637 0.8559139818381125
0.9998881865589169 0.0012966348544802332 0.01489741984287641 187.143734655348 -0.001388652162602933 0.999980013234238 0.006168044846167482 0.4813568052503588 -0.014889124389704016 -0.00618804251013049 0.9998700026027387 0.8670314727533406
0.9998805194549815 0.0014863065698094253 0.01538628308647228 188.59541375723774 -0.001548074074894321 0.999990788401019 0.0040033210922095965 0.4851561973200427 -0.015380191191762269 -0.004026661879178768 0.9998736098692753 0.8505802260680094
0.9998684661287013 0.0013165268129794678 0.016165308490362528 190.01540299177216 -0.001375517749955421 0.9999924340439796 0.003638654382642654 0.47989320276167924 -0.016160395798291524 -0.0036604114451073864 0.9998627120738601 0.8532293931328301
0.9998573975153032 0.0015022251488368723 0.016820462345821147 191.3606103678604 -0.0015090939927711604 0.9999987830367416 0.00039567708647100656 0.4830482989911727 -0.016819847479866368 -0.0004210043206170504 0.9998584477245348 0.8491482595946985
0.9998531132697597 0.0018820458622217553 0.017035544844287345 192.82459233290814 -0.001866937773853995 0.9999978498206853 -0.0009027166525876336 0.49108375854251224 -0.017037207168951966 0.0008707797533222178 0.99985447706879 0.8458925517766374
0.9998381141518121 0.0022753708354794435 0.01784847827992793 194.19249827043436 -0.0022080993590680898 0.9999903882606334 -0.0037878336246500188 0.4830097205429614 -0.01785692545116579 0.0037478092145406482 0.9998335282133336 0.8364079320784636
0.9998076535767985 0.0026771179510243163 0.01942907328548939 195.6372921741285 -0.0025051229076648533 0.9999575103785773 -0.008871403310363696 0.4825902202032225 -0.019451997544573843 0.00882102471110599 0.9997718786376081 0.8243694717161107
0.9997921889625273 0.0031005541070256055 0.020148584410511983 197.05015709572388 -0.002850131233726263 0.999918487828629 -0.012445659904494904 0.47502079097703687 -0.020185530497578156 0.012385647449254349 0.9997195307163875 0.82419051226685
0.9998561562342962 0.003250141592845493 0.016646423640078886 198.46591043969477 -0.003073742143805365 0.9999389724080406 -0.01061148287399466 0.47935938537228734 -0.016679896570779937 0.010558789664452216 0.9998051275179629 0.8194047218410242
0.9999267722735207 0.0033625108319946355 0.01162512845362693 199.90543974107888 -0.003313515707226352 0.9999855583256159 -0.004231282768172902 0.4941860982142169 -0.011639188301448344 0.004192452875226081 0.999923473389125 0.8177073153640877
0.9999312798093504 0.004540803841385462 0.010808180203375345 201.35287950452815 -0.0046063082649584 0.9999711287452163 0.006043475836478769 0.49959212566271805 -0.010780425919357343 -0.006092846337467067 0.999923326880869 0.8056863796189561
0.9998769862892519 0.005843674437772183 0.014555540463637018 202.7829183652219 -0.006018794795640131 0.9999096839407364 0.012016574834146657 0.5242815243422145 -0.01448400491339401 -0.012102703441876092 0.9998218532173953 0.795893152374767
0.9998372747776324 0.006710445847434926 0.016744965863385156 204.21514187258586 -0.006941143455222306 0.9998812721335507 0.013757258597776632 0.5176717247738296 -0.016650660430484895 -0.013871249155022696 0.9997651443984772 0.788134605305469
0.9998298270152233 0.006216553643316276 0.017368692279746523 205.6899021490471 -0.0064474977591928 0.9998911310533921 0.013272370301245496 0.5130672204363377 -0.017284292966562424 -0.013382096306930045 0.9997610578108541 0.7895183547312584
0.9998322494278357 0.004898721791110398 0.01764866932342663 207.11330075990756 -0.005070606786310841 0.9999400228328708 0.009707712594455175 0.49999867481962357 -0.017600055423008718 -0.009795573582553771 0.9997971218138688 0.7847341589000251
0.9998433370744657 0.0038225582770523418 0.017282631628745975 208.55065991663844 -0.003953820170825574 0.9999635514359941 0.0075672389661267615 0.4960085931023406 -0.017253075489696467 -0.007634385877870794 0.9998220079286185 0.7765927910644678
0.9998522559662899 0.0034481974636360047 0.016839720109681995 210.04637353048426 -0.0035864738553904054 0.999960045814817 0.008188038795308848 0.5025614914791152 -0.016810813317780168 -0.00824722427733452 0.999824674554151 0.7702453746208989
0.9998532412835541 0.0032223986152908886 0.016825933612588634 211.50645228470813 -0.003376711572264379 0.9999524292436982 0.009150796062892807 0.5070579500019571 -0.01679564567763932 -0.009206269428551938 0.99981655861937 0.7646460719327063
0.9998437668723116 0.0030491496591058182 0.017411046290881325 212.95234059449305 -0.003230958295692719 0.9999404531790251 0.01042357926133703 0.5083450207851234 -0.01737822646527349 -0.010478205117397535 0.9997940810299085 0.7473376365831579
0.9998410208533535 0.0026424810754005538 0.017633783277849643 214.3885115112202 -0.002816550684946012 0.9999474829864516 0.009853847537855545 0.5196703773666821 -0.017606818598575665 -0.009901947425952209 0.9997959548707979 0.7536585921412708
0.9998523064167738 0.002472380934937016 0.017007430304730974 215.86609006559 -0.002652509073853449 0.9999405464892713 0.010576751975469121 0.518340862289852 -0.016980269393353176 -0.010620302220277199 0.9997994196998111 0.7505521710902773
0.9998599916876095 0.002095753799019516 0.016601350501303357 217.3339157165733 -0.0022598608488299306 0.999948711294317 0.009872578679285617 0.5226044328136266 -0.016579808545250322 -0.009908713178241386 0.9998134462747309 0.7388301731647658
0.9998582890047245 0.0015464030440703034 0.016763369177172135 218.80233542946624 -0.0017079268585726835 0.99995221530255 0.009625492058524858 0.5193139744201216 -0.01674768325442778 -0.009652758628923088 0.9998131522221846 0.73677333736079
0.9998632957781485 0.0012847476572481055 0.016484513311474765 220.27878778143935 -0.001482033882061424 0.9999273622663295 0.01196134468499114 0.5258351079558327 -0.01646794860422558 -0.01198414012593058 0.9997925720139206 0.739435512016482
0.9998654970841513 0.0012043871286859023 0.01635656419628289 221.78058588837382 -0.0013627479087468721 0.9999522762582612 0.0096740955163383 0.5318607995227361 -0.016344132243715895 -0.009695084195935923 0.9998194210374359 0.7212424960504149
0.9998679979881779 0.0007875373922336314 0.016228566910510927 223.2564504362201 -0.0009769510071908978 0.9999314610315408 0.011666996445429902 0.5364470421927957 -0.016218266425319476 -0.011681310893215672 0.999800237452449 0.7215989978183929
0.9998670653809448 0.0004099873783297217 0.016299799902056152 224.7235362718491 -0.0005843012850992762 0.9999426798488721 0.010690912433674144 0.5406743762564072 -0.016294482455901774 -0.010699015235332053 0.9998099924058014 0.7069475836455553
