1.0 -2.1684043449710093e-19 -2.5135375298442207e-37 0.0 2.1684043449710093e-19 1.0 2.3183291766350204e-18 -8.673617379884035e-19 -2.51353752984422e-37 -2.3183291766350204e-18 1.0 0.0
0.9999993580502884 -0.00028438434848944384 0.0010968247596149297 1.3132890579853387 0.0002845995957688249 0.9999999402749598 -0.00019609473959613885 0.003618716421412904 -0.0010967689278322647 0.00019640676959639298 0.9999993792609572 0.017494526834586348
0.999998710862178 -0.00023870119348461864 0.0015878588484330367 2.617054755640388 0.00024032690970947563 0.9999994471100064 -0.001023729777652118 0.019927579164358375 -0.001587613605002037 0.001024110063133441 0.9999982153392174 0.02708298769014558
0.999998741701045 -0.0009205346093274738 0.001291980015220934 3.9435929859083485 0.0009229422962357741 0.9999978364539894 -0.001864206227325534 0.009814364269225368 -0.0012902611536115495 0.001865396304598725 0.999997427758083 0.05095060973842442
0.9999988564443604 -0.0002984159486752814 0.0014825848687969759 5.255284612444118 0.0003022730843091141 0.999996568882887 -0.0026020863621393038 0.019665816671990327 -0.0014818032778043683 0.0026025315320098103 0.9999955155342801 0.05918832727876844
0.9999981148947235 -0.0006003397862136601 0.0018465641447096778 6.578248147368513 0.0006058552962095702 0.9999953529952628 -0.0029877963852656974 0.017073377733009907 -0.0018447618706741696 0.0029889095036218297 0.9999938316177853 0.07270315246530362
0.9999952195708623 -0.0004451557809906185 0.0030598483219588437 7.91058633951907 0.00045704472987127245 0.999992345534659 -0.003885869555976957 0.01953939300749366 -0.003058095083158896 0.003887249467402663 0.9999877685982167 0.09655673691976106
0.9999940119520374 -0.00023705054152777953 0.0034525160549052675 9.231536154604798 0.0002508440425102635 0.9999919872249481 -0.003995317655190452 0.037883930370744535 -0.003451541298457017 0.003996159774120751 0.9999860586876823 0.10660315663945447
0.9999957993797035 -0.000907220943244105 0.002752848181037715 10.56394755160264 0.0009172381483039325 0.9999929553376398 -0.003639773244632453 0.02692980050775417 -0.0027495267096355612 0.0036422829726952236 0.9999895868845934 0.12181649686931231
0.9999997295923042 -0.0007286800786155164 9.920010834455038e-05 11.884096296529306 0.000728698361841168 0.9999997174984966 -0.00018439529482113944 0.048117272648098175 -9.906571514244402e-05 0.00018446753191567777 0.9999999780788567 0.13609666891435784
0.9999994770371312 -0.0009011056537743829 -0.00048366730800437213 13.227272541780097 0.000902110425566215 0.9999974273560015 0.002081220353266786 0.03744225531793214 0.00048179066427349575 -0.0020816555861868755 0.9999977172912828 0.14393580627715763
0.9999997155796294 -0.0006350580837915953 -0.00040686839473559415 14.566874633432178 0.0006373343795088672 0.9999840091436716 0.005619186937474993 0.06752505031251542 0.0004032933784725696 -0.005619444650479662 0.9999841294721987 0.16680009948541974
0.9999998266663791 -0.0002377015871715696 0.0005386698127199114 15.915588231540237 0.00023441906864468115 0.9999814548404158 0.006085640717779419 0.08676716694085593 -0.0005401063894598434 -0.006085513388457473 0.9999813372317939 0.1848086577846262
0.9999951131628083 7.943394410389924e-05 0.003125274508057731 17.25494372019497 -9.434149867918105e-05 0.9999886183662072 0.004770140220759288 0.08323654632979856 -0.0031248600262761147 -0.004770411752941522 0.999983739078553 0.20628084969369093
0.9999853574527938 6.411835057305869e-05 0.005411170746276727 18.62523815544902 -6.314114616868184e-05 0.9999999816693569 -0.00018076084125282714 0.08769355104791035 -0.005411182237173476 0.0001804165269306417 0.9999853431709251 0.21772834286682988
0.9999916022586895 -0.0003386601961175215 0.004084203884536817 19.96238081037565 0.0003475116495390383 0.9999975922642721 -0.002166725942928521 0.06614063404652346 -0.00408346026702044 0.002168127055753531 0.9999893122315446 0.24187928548516088
0.999999137391953 3.604281699100824e-05 0.0013129799180705904 21.309472183805845 -3.207809870421366e-05 0.99999544069583 -0.0030195295243211013 0.08667221154625578 -0.001313082764145819 0.003019484801751227 0.9999945792479009 0.239063185216037
0.9999998887215056 0.00026740889998356506 0.0003886508157555876 22.665537633063487 -0.0002670607874078712 0.9999995634049942 -0.000895471025190816 0.08870611803142674 -0.0003888901029943958 0.0008953671321512663 0.9999995235409798 0.27852879583435664
0.9999980618381832 0.0009786178704337004 0.0017083989407827658 24.03320511265838 -0.0009817726173559516 0.999997812817431 0.001846749274237773 0.09905882342030854 -0.0017065879423604022 -0.0018484229542384248 0.9999968354400813 0.2621834641880535
0.9999773892828 0.0017374917863397473 0.006496310140996746 25.429181324740387 -0.0017504827480015024 0.99999647869657 0.001994593845726569 0.11161785362628256 -0.00649282167509353 -0.002005920425356676 0.9999769095083859 0.2783625589843503
0.9999712592224036 0.0018158661950241118 0.007360934663643549 26.795661844173 -0.0018147942168195395 0.9999983416608146 -0.0001523074895653992 0.09126432947539999 -0.0073611990267387056 0.00013894453047174854 0.9999728963543494 0.285585578776906
0.9999780794894988 0.0018174869627053556 0.006366889478696048 28.165606399022913 -0.0017904912016316723 0.9999893948083368 -0.004243160627757474 0.10114774330394727 -0.0063745338457344425 0.004231667755917008 0.9999707287247227 0.3030040004254834
0.9999883038336718 0.001911870867897671 0.0044426282356984275 29.522203706366373 -0.0018936553823351901 0.9999897988859926 -0.004100755204254826 0.10551026654720953 -0.004450423030352696 0.004092294434269641 0.9999817232635375 0.30176878253177986
0.9999936394981409 0.0025586351535645873 0.0024848238193176035 30.91409176270145 -0.002548054338951175 0.9999877136862304 -0.004252046057074089 0.10991105865528124 -0.0024956727245087026 0.004245687545812897 0.9999878728039233 0.3462157637270372
0.9999952090517183 0.0027909257627453314 0.0013388827420048562 32.29527369128399 -0.002788784193074076 0.9999948333605474 -0.001598729162594754 0.10869224454887749 -0.0013433377588879972 0.0015949876481387367 0.9999978257266702 0.32858233357545874
0.9999937695205272 0.0034567150931365037 -0.0007155703260167096 33.67695955988525 -0.003456839023488024 0.9999940103174492 -0.00017202671567660195 0.11812089687217872 0.000714971392633112 0.00017449925529470576 0.9999997291829221 0.36474229844630773
0.999993129641786 0.003683198132020032 -0.0004179961083134712 35.07443637552663 -0.003683438478707129 0.9999930504058894 -0.0005756916692503698 0.13336904838205674 0.0004158728169293761 0.0005772273769916929 0.9999997469291457 0.3424543065292577
0.999994061394696 0.00320986294692306 0.0012545737136095264 36.46885600584018 -0.0032098070997136083 0.9999948474735907 -4.652582999378549e-05 0.1277514000610963 -0.0012547165909231064 4.249861408218679e-05 0.9999992119397616 0.390459617326824
0.9999923638807863 0.0030485222006023317 0.002445136501241992 37.867529392009054 -0.0030524179644694123 0.9999940755164304 0.0015911243226406553 0.14170643290050755 -0.0024402714372494766 -0.0015985757512076144 0.9999957448063868 0.3921800654676766
0.9999921557167164 0.002514082332833695 0.0030607017264316716 39.26392959132228 -0.0025251490864645534 0.9999902694134944 0.00361727803990228 0.1320171028546503 -0.0030515778091956894 -0.003624978393117059 0.9999887736392463 0.40402464242531627
0.9999901407487235 0.00309311018349203 0.003186075131060502 40.65501094470087 -0.0031138358456694144 0.9999738913371748 0.006520787553209677 0.14695922733924935 -0.0031658224325139487 -0.006530644178076762 0.9999736637806743 0.4313026652880635
0.9999885295765726 0.002927905292590094 0.003790525805451778 42.085777801707266 -0.002958960223408197 0.9999618927512899 0.008213257554359171 0.1511283912170723 -0.0037663337186793536 -0.008224379359901439 0.9999590863202674 0.4382414094690906
0.9999890179111285 0.0026602419483379314 0.0038583895491583822 43.47479550783746 -0.0026964873883936185 0.9999520012642531 0.009419348352157937 0.1560143797992492 -0.0038331466057255855 -0.009429649006796038 0.9999481930113718 0.44453125054819265
0.999990773580361 0.0022561113143443074 0.003655504874617874 44.901287348584916 -0.002284857832869607 0.9999663506203694 0.007878899140364114 0.16219145313368996 -0.003637606195651453 -0.007887178755280215 0.9999622794048021 0.44989929378379634
0.9999944048113714 0.0014381119600100447 0.0030202946779175656 46.29114220405819 -0.001462026269411794 0.9999674831272016 0.007930647352986334 0.1538336996369114 -0.003008791308570758 -0.007935018729678927 0.9999639906779749 0.47239973260962875
0.9999923408290314 0.0005691888957580056 0.0038722483488562278 47.72663305710387 -0.0005980697634419371 0.9999719848289882 0.007461358437443437 0.164233364549283 -0.0038678929447866707 -0.007463617164277495 0.9999646662872608 0.49247803635008397
0.9999904119211082 -0.0004859859418761715 0.004351997646687975 49.12535779587833 0.0004547013227440421 0.9999740721622419 0.007186671689363802 0.16345648336771879 -0.0043553774302089775 -0.007184623923902146 0.9999647053103987 0.4907824759197852
0.9999872994993259 -0.001454921136232175 0.0048253543427323325 50.554974723387566 0.00141573841159422 0.9999660814070614 0.008113674886031007 0.17617689307109569 -0.004836995430586799 -0.008106740398805087 0.9999554411249088 0.5163195071738599
0.999983027376038 -0.0026825766389316215 0.005171918641125583 52.00419202061816 0.0026384840263330546 0.9999602790471617 0.008513444071895224 0.1812457503473978 -0.005194551173773273 -0.008499653551690267 0.9999503850329797 0.5294941631917286
0.9999715027427448 -0.0037561079389489818 0.006548691133929019 53.413546494873465 0.003697992806111993 0.9999538765560093 0.008863950011998896 0.1956121224764797 -0.006581683038750807 -0.008839480401032388 0.999939270673283 0.5446750278452079
0.9999619022907318 -0.0047326708580448145 0.0073345615854345245 54.872105511055324 0.00467436797000356 0.9999575053971138 0.007945922480250528 0.19681220533375168 -0.007371855341915172 -0.007911335319057035 0.9999415315518639 0.5576202303636031
0.999954396443804 -0.004645450394098447 0.008344149048498306 56.25369364062396 0.0045984859763959895 0.9999735284686491 0.005638819795389357 0.22771761393517884 -0.008370123023735913 -0.005600192192769461 0.9999492881581403 0.5623887252198648
0.9999575424660373 -0.005347485970406969 0.007504509249750803 57.69215350034844 0.005317775789916736 0.9999779665822223 0.0039733626479285305 0.22743049213276156 -0.007525591400778424 -0.003933286651145429 0.9999639467151745 0.5810984221407659
0.9999551497806023 -0.005395160835061549 0.0077840006948229025 59.146571131042975 0.005381273375844659 0.9999838937087012 0.0018039456864078329 0.23646971463309735 -0.007793607900556127 -0.0017619769433514093 0.9999680770470343 0.5798986445310949
0.9999506776451222 -0.004981275345239281 0.008592390412209909 60.53835500904561 0.004965752409362296 0.9999860016248688 0.0018269803821220122 0.2468386845687504 -0.008601370825039346 -0.0017842225877556376 0.9999614157404711 0.5997911510981642
0.9999393444031841 -0.004554760784934061 0.010028044112510438 62.001148457021024 0.004550212575705259 0.9999895342886518 0.00047631783655857797 0.2556993215608166 -0.010030108675698488 -0.0004306592127854554 0.9999496044564428 0.6142335817842857
0.9999472604653874 -0.004052857173641006 0.009436664479406338 63.39179440029281 0.004068350236666987 0.9999904068648601 -0.001623177317351333 0.26538131056946845 -0.009429995446373997 0.0016614833679031618 0.9999541562786264 0.619876066360538
0.999958752369837 -0.003458025276521557 0.008398548692819358 64.79838994401356 0.003483648003219019 0.9999893168902066 -0.0030381412158174913 0.2826423300225582 -0.008387953001083632 0.003067273487075917 0.9999601162435464 0.6227260482608022
0.999959389131311 -0.0027663455360020517 0.008577145242501572 66.2493270645204 0.0027912406065876377 0.9999919229754304 -0.0028918782437989637 0.28401698984668955 -0.008569076030218318 0.00291570167820081 0.9999590339707483 0.6380803665273448
0.9999605462987411 -0.002229475999704976 0.008598562827006693 67.62231216968492 0.0022405356470444936 0.9999966748826614 -0.0012768021128204768 0.29206148149473216 -0.008595687636109442 0.0012960171247786108 0.9999622165330422 0.6473061212792263
0.9999488402486806 -0.001629811463870816 0.009983015572001703 69.1001986848204 0.0016134178610887394 0.9999973372160693 0.0016499829018643227 0.31419059182714004 -0.009985678150436907 -0.0016337917135179876 0.9999488071679034 0.659007442401267
0.9999367106018509 -0.0009107552498252979 0.011213621878107807 70.4643776039222 0.0008518069179995626 0.9999858006570838 0.005260504651220107 0.32628425816637835 -0.011218253684273257 -0.005250619876355168 0.9999232879452249 0.6693038326651466
0.9999248570953205 -3.52126937827714e-05 0.01225883040786928 71.92246145411806 -7.436756814252774e-05 0.9999600497143253 0.008938313307825912 0.3462933825720639 -0.012258655406181892 -0.008938553316406734 0.999884907192944 0.6785626346340268
0.9999310112942789 0.00022021285205125254 0.01174411164373666 73.28620402801849 -0.00036887921081418855 0.9999198145395184 0.012658136489348038 0.3500994684053425 -0.011740382452398586 -0.012661595379529652 0.9998509125976315 0.6730408570651664
0.9999357125201719 0.0010059140301626928 0.011294200447137439 74.68439546272018 -0.0011958982524786794 0.9998576963911466 0.016827263436435758 0.36882070690345103 -0.011275666461274746 -0.016839688368654904 0.9997946210304898 0.6866238244138985
0.9999362194568262 0.0016358563244091415 0.011175016441851503 76.1488785090351 -0.0018297608788475984 0.9998475691016196 0.017363482850744547 0.3722237825760179 -0.011144908860820696 -0.017382823006282716 0.9997867915064773 0.6718182660438606
0.9999271312112299 0.0021462013105961924 0.011879650146957375 77.49642909017263 -0.002365400380113293 0.9998266455383427 0.018468452901825944 0.383466408311702 -0.011837953738778889 -0.018495207257005757 0.9997588660070982 0.6919912160776537
0.9999240539878201 0.0023611224373152207 0.012095923172661418 78.89502707411414 -0.002571154356360893 0.9998456880408635 0.017377838512545818 0.38873229605678983 -0.012053025422635066 -0.017407619220570082 0.9997758245583022 0.7057162969247688
0.9999378597677827 0.0019127243046451765 0.010982626678562432 80.29291242477377 -0.0020916351823755674 0.9998649250881111 0.016302044068459334 0.3824059600673463 -0.010949961885326378 -0.01632400270401108 0.9998067939709299 0.7041399422035615
0.9999352612085266 0.0018060189849932377 0.01123439750327093 81.66546839735354 -0.0019863266285685306 0.9998690696186909 0.016059206903771762 0.38980328797502733 -0.011203923346769902 -0.01608048243304146 0.9998079266470937 0.7140251039416066
0.9999282972740772 0.0013222126082380087 0.011901767279825143 83.08296484699879 -0.0015074721072399818 0.9998776403244357 0.015570225017130814 0.39651205056905575 -0.01187972383561139 -0.015587050171755056 0.999807939570662 0.7211752198610585
0.9999382131097267 0.0010125656286370033 0.011069989782040872 84.42638727850063 -0.001181650985690216 0.9998825808809643 0.015278355663153801 0.40336650253142514 -0.01105321961578633 -0.015290492525406414 0.9998219977448264 0.7282899066561788
0.9999369599281807 6.439404421314379e-05 0.011228179861184451 85.85118167070078 -0.00023969433632878976 0.9998780983962283 0.015611883107672319 0.4032826604432101 -0.01122580581576085 -0.015613590264559982 0.9998150814439823 0.7205294549818358
0.9999260517554026 -0.0009960020082891486 0.012120189802613887 87.1973329295577 0.0008070474552448614 0.9998782210891047 0.015584982069039304 0.41646930607910054 -0.012134236492539793 -0.015574048018635933 0.9998050856707302 0.7309402617452538
0.9999116491481321 -0.0020581626379243185 0.013132321364430722 88.55749844548815 0.0018702162823798446 0.9998958862352884 0.014308004081784176 0.41688068623820324 -0.013160402308438466 -0.014282179676193819 0.9998113937912375 0.731289473547757
0.9998950416903682 -0.0032823101358355664 0.014111415350309582 89.96463691444744 0.003127342130730778 0.9999347196158727 0.010989824289919733 0.41814062106713035 -0.01414656616335279 -0.010944539592789848 0.9998400330647337 0.7443294422777516
0.9998905670505723 -0.00393164344524328 0.014261700568454582 91.31939961451201 0.0037854287889165046 0.9999401503452202 0.010264806693872575 0.4321930509164908 -0.01430120457055364 -0.010209696733890026 0.9998456069016022 0.7518874644192072
0.9998924454175171 -0.0044789866453728245 0.01396553885849772 92.72295710721477 0.004340666966840699 0.9999413844353845 0.009918987031426242 0.4417335641083563 -0.014009147271001755 -0.009857300445720214 0.9998532779466507 0.7545261331724835
0.9998884245939402 -0.0046286498399031985 0.014202604117129555 94.0161477277035 0.004523520310900169 0.9999622002696502 0.007425348199033015 0.4505356378508504 -0.014236436599276342 -0.007360273944601064 0.9998715668726735 0.7686736920279773
0.9999017932904648 -0.004754774941857458 0.01318316690954471 95.43171676177282 0.004653830482277097 0.9999597003768543 0.0076772054859734805 0.4663630896912961 -0.013219139017154586 -0.007615099308867691 0.9998836255415734 0.7566608302740286
0.9999034747367469 -0.004701085582955343 0.013074440856927015 96.77089089140654 0.004620958076014172 0.9999703991807944 0.006152032888573872 0.4755835502120807 -0.01310297507588534 -0.0060910226189125755 0.9998956002941589 0.7515132629999699
0.9999138586825832 -0.00452813568163062 0.01231954551741823 98.11789073065944 0.004425936774874413 0.9999556737947226 0.008310326672708772 0.4842610540854824 -0.0123566297254474 -0.008255085280665741 0.9998895775378585 0.7580574932121681
0.9999144710117809 -0.004237395432797304 0.01237316213328201 99.4782125887402 0.004122179902249511 0.9999480486013778 0.009322431611444883 0.5089967944480412 -0.012412022159336709 -0.009270629873028326 0.9998799913628003 0.7533461178952466
0.9998972333134949 -0.004063491694917036 0.013748121590376139 100.81750610573675 0.003915427642830806 0.9999342327163016 0.010779595003289056 0.5171461821767819 -0.013791020208533619 -0.010724657444716745 0.999847383096191 0.7585380994704268
0.999867927735468 -0.004099645187973346 0.01572641075750266 102.16814622382913 0.00394085214187561 0.9999410769343862 0.010114956435689243 0.5359999640307151 -0.01576695184164786 -0.010051645070969418 0.9998251685474768 0.7680407574377653
0.9998863938456993 -0.0038959117476996927 0.014560950308860919 103.50713889050394 0.003751655761691275 0.9999437452165795 0.009921264097183238 0.5463086629690307 -0.014598783555103146 -0.009865509307401418 0.9998447615729237 0.769763386674241
0.9999142067634296 -0.0037634968427762944 0.012546521596673053 104.82764661078271 0.0036424118801094093 0.9999467091240115 0.009659800606377559 0.5566768515016091 -0.012582207610630511 -0.009613272261501141 0.9998746286650487 0.7766277669758528
0.9999322642688813 -0.003716966419979 0.011029552789710488 106.16825018369819 0.0036127843762528626 0.9999488151380316 0.009450655696696246 0.5622443986491983 -0.011064116013444775 -0.009410168153627357 0.999894511472166 0.7720400129472385
0.999917395420095 -0.003430340028929333 0.012386892410102403 107.51028079587225 0.0033344099217240512 0.9999643558547608 0.0077568505494988805 0.5734338644422229 -0.012413059524848643 -0.007714906821166279 0.9998931923790527 0.7843987929753239
0.9998892048701564 -0.002956255992961535 0.014588986758181923 108.81712884283576 0.0029013936266455015 0.999988645685017 0.0037802666663591883 0.580248823110204 -0.014599996546218404 -0.003737519438023641 0.999886429075473 0.7812169442249338
0.9998823633679343 -0.0020614789024950586 0.015199004259772674 110.13335030470978 0.0020090361575757372 0.9999919791988879 0.003464868194932064 0.5907052319805997 -0.015206025104266186 -0.0034339252503900295 0.9998784850960155 0.7859006476508675
0.9998905201593814 -0.0012993187792257335 0.014739724085326882 111.4778401265861 0.0012690627510832237 0.9999970691149331 0.002061853844773134 0.5983458292778914 -0.014742359890310206 -0.002042922478544897 0.999889238512252 0.7874603470799184
0.9999265773511666 -0.0006007148760246356 0.01210285290413265 112.81206285894463 0.000552107468752857 0.9999917708312817 0.004019135113498649 0.6050061479469678 -0.012105167661965559 -0.004012157942471008 0.9999186804458252 0.7853194324484174
0.9999441255298135 0.00043468747560704356 0.010562048343726368 114.15186386186336 -0.0005003299826191807 0.9999805733796983 0.0062130936833816935 0.6105371222979923 -0.010559142404814646 -0.006218031039528155 0.999924917482141 0.8055102506870532
0.9999431613352838 0.0019516061973770802 0.010481666472890413 115.47786885871766 -0.002039485382734508 0.9999628077711733 0.008379950701829132 0.6205734390804004 -0.010464922272629065 -0.00840085160217901 0.9999099514927262 0.796782441934256
0.9999217781386749 0.0032864423650672756 0.012068011458879152 116.8297128596718 -0.003416283952749248 0.9999363344768641 0.010754347815050521 0.6352537975240248 -0.01203189959834836 -0.010794734343835653 0.9998693450158881 0.7921133345009463
0.9998848072386478 0.004123766319703999 0.014607080634837913 118.14881634086483 -0.0042702700800317335 0.999940753658403 0.010012690273285635 0.6397438593935258 -0.014564925223830282 -0.010073913063236049 0.9998431773177324 0.798817357804755
0.9998650005896211 0.005057663036856288 0.015633318282518127 119.50541651241167 -0.00520155263770048 0.9999443606340077 0.009177117543257186 0.6370547636739275 -0.015586033686417115 -0.009257196165748311 0.9998356764354204 0.8024957630879104
0.9998723971249287 0.006043392276453331 0.014787389135404888 120.82621901209114 -0.006191402645168419 0.9999309907000581 0.009984005753499165 0.6352483147101697 -0.014726031404773922 -0.01007428644586837 0.999840813705698 0.7976141153768863
0.9998667285421382 0.007407507536570326 0.014548332775193695 122.17118360915306 -0.00758071322498744 0.9999006146968819 0.011886694906424347 0.6319347404094667 -0.014458836102626717 -0.011995397487935437 0.999823510674591 0.7957364396505924
0.9998615549606178 0.008525214189568444 0.014289563840700386 123.50244793781505 -0.008725265690611383 0.9998639753066408 0.013996450358203336 0.6341745207308628 -0.01416829736996337 -0.014119192860195346 0.9997999338580759 0.7934487857064274
0.9998575188649756 0.009729409776245129 0.013794221782359239 124.84095423282852 -0.009933073067069743 0.9998415253093914 0.014773568507101237 0.632051554229651 -0.013648297645467072 -0.014908482565159522 0.9997957096922276 0.7889176049234667
0.9998538035808365 0.010838417963670863 0.01322498245664826 126.16995362200221 -0.011046108278879533 0.999815199474033 0.015733734222712906 0.6228217566336681 -0.013052009685299293 -0.015877518595311894 0.9997887524104431 0.7893952264922773
0.9998484128046783 0.011703925705674974 0.012890676283329034 127.51891396665883 -0.011891542092074103 0.9998230611955915 0.014575236812794382 0.614358258470529 -0.01271780793367988 -0.01472631741314329 0.9998106785470984 0.7914260233838353
0.9998232172059013 0.012773412727557273 0.013797618031111939 128.85286433560853 -0.012981535095118723 0.9998016972337505 0.015101190518837307 0.6152273557943877 -0.01360198818611413 -0.015277635150883092 0.9997907680017761 0.8002710598260817
0.9997978179522081 0.013590879584098818 0.014819285074990337 130.19835843699008 -0.013801539853101931 0.9998038215189164 0.014206898811983679 0.6037655092556166 -0.014623293599136434 -0.014408555385646058 0.9997892542011102 0.7870006559226987
0.9997901066519875 0.013873915894350752 0.015075048874345812 131.53496539787358 -0.014085597007533087 0.9998023921579051 0.014027565443507339 0.5839365000804259 -0.014877452663302555 -0.014236962214144838 0.9997879626746684 0.7938473721531598
0.9997862419881989 0.013882282792948439 0.015321636843735028 132.87760227428737 -0.014078434509596317 0.9998193520398037 0.012769532820982516 0.5666018113641111 -0.015141598755537621 -0.012982507891919414 0.9998010734520956 0.79840323549917
0.9997718149500834 0.013768296562449036 0.016332545459438824 134.21701043490114 -0.013952139861270065 0.9998399783656322 0.01119622503809062 0.5553914754744986 -0.016175778952116672 -0.01142154418546207 0.9998039270295511 0.7873163612145254
0.999776843094799 0.013191119455156613 0.01650025390464055 135.5503864254218 -0.013344740400823769 0.9998683074991702 0.009235018266326923 0.537877721002391 -0.01637626071581785 -0.009453149013136243 0.9998212120467854 0.7986751569398968
0.999794779788432 0.01208945021009646 0.016255568320369382 136.8946351251842 -0.01223014361462341 0.9998883654988124 0.008583712907523616 0.5253285042542993 -0.01614998126829515 -0.008780759291240135 0.9998310239091919 0.7929457813722169
0.999783561774222 0.011031501474270188 0.017639035724028383 138.2437362153949 -0.0111462467007938 0.999917267950086 0.0064201588548255415 0.5139517459702047 -0.01756675241857237 -0.006615378330777926 0.9998238074675984 0.7936205593055174
0.999792192718598 0.010014436191054238 0.017756194601126474 139.56755255571795 -0.010121262830773192 0.9999311555781366 0.005936677764779067 0.49809334742859684 -0.017695519705512436 -0.006115159192344566 0.9998247213438984 0.7908246231498258
0.9997946476210409 0.008734454144976948 0.01828583875866801 140.91959531453006 -0.008809929767020407 0.9999529858990779 0.00405106517090417 0.4954549842698397 -0.018249595223425587 -0.004211330230228931 0.9998245931021467 0.790770569255503
0.9998210102967987 0.007533780114529548 0.017354812769792782 142.2268245208457 -0.007610803332303378 0.9999614607293066 0.00437638306692857 0.489506063612366 -0.017321173220242424 -0.004507683806282165 0.9998398160430384 0.7800069551726521
0.9998290404565485 0.006509212551918711 0.017306646459996505 143.57609498138353 -0.006573753481955784 0.9999716397185704 0.0036749862193063533 0.48198449399861715 -0.017282234372205458 -0.0037881275727674906 0.9998434749822577 0.7721934825501774
0.9998681446088012 0.00581786125446426 0.015160669080790086 144.94876216588952 -0.0058335736289490785 0.9999824921536227 0.0009923733901716185 0.4649089682284806 -0.015154630159428202 -0.0010806834197369629 0.9998845779929187 0.7687696429565213
0.9998902840716813 0.004586456600495886 0.014084893854913325 146.25924408747085 -0.004523882899285231 0.9999797709411323 -0.004471262912643164 0.482901401077279 -0.014105116184064634 0.0044070539334334575 0.999890805824847 0.761427155901074
0.9998483014184055 0.003660122669100722 0.017028730216205237 147.64980132457728 -0.003454710397990171 0.9999211083561884 -0.012076507764984477 0.4674871127213724 -0.01707158829152065 0.012015846444543421 0.9997820664061874 0.7647874151180564
0.9998187369112668 0.002343603476981787 0.01889446595969113 148.93776227020783 -0.00199138542849132 0.9998243022097885 -0.018638645197136507 0.45807481419053153 -0.018934827837465026 0.018597640534547016 0.9996477379863936 0.7675610305869965
0.9998743387766054 0.0015172502935424952 0.015779879834554363 150.25573191063205 -0.0011884552187707543 0.9997824320305532 -0.020824893211378065 0.42403236226313135 -0.0158080432134786 0.020803522649279108 0.9996586013310453 0.7657991086840983
0.9999246422964635 0.0013263619213012218 0.012204527534614056 151.65566593538978 -0.0010640543765595375 0.999768838899647 -0.021474090284235896 0.44763471300722246 -0.01223018873824746 0.021459485765169494 0.9996949099370874 0.7491362874097643
0.9999438415380812 0.0023914741922880798 0.010324467117108545 152.96827742258262 -0.002215057295617453 0.9998519284372221 -0.01706501454864024 0.4482450507825159 -0.010363748899011758 0.017041186917459455 0.9998010755431316 0.7590205195865074
0.9999405658203029 0.0032268515484033637 0.010414041293225124 154.3419446044023 -0.0030473530437844913 0.9998473170849611 -0.01720628249890261 0.4544867029020341 -0.010467973366366986 0.017173524597183642 0.9997977253357356 0.7588481395819977
0.9999080186193198 0.003772204847246171 0.013027845999106984 155.64353655973576 -0.003492857786257778 0.9997649159125764 -0.021398898448378365 0.4520629413538265 -0.013105504388271889 0.0213514257348179 0.9996861319303272 0.7406881713634087
0.999851700571142 0.00425149896727005 0.016688367850893532 157.01033996418036 -0.003795507689681254 0.9996211412347221 -0.027261109991515618 0.44608629190106563 -0.016797945897430597 0.027193726355967545 0.9994890345874254 0.750803585210969
0.9998366184158985 0.004384198712669088 0.017536113489268187 158.34910575134782 -0.003847187945343279 0.999526126057858 -0.03054050544251458 0.43064665231760746 -0.01766169922668451 0.03046805096193204 0.9993796887324692 0.7371769991041784
0.9998314340889969 0.004242194863975055 0.01786357159909444 159.67958611642806 -0.0036790340182129688 0.9994988273000428 -0.0314413570720497 0.42118566656954515 -0.017987999228172697 0.03137033644345183 0.9993459530488888 0.746055055086972
0.9998161209083382 0.005337646809036357 0.018418303351432748 161.04593919370382 -0.004769859260668488 0.9995161942700874 -0.03073476589262373 0.42736527445440603 -0.018573443795829293 0.030641261696982315 0.9993578639642459 0.7323416620039944
0.9998162934042026 0.006494460415194804 0.018033342102808315 162.3870904848252 -0.00598918555388873 0.9995918566893566 -0.027932950018323712 0.42723858091481726 -0.018207391353034126 0.02781981351915479 0.9994471216006763 0.7195035884361431
0.9998325197287891 0.0074028958754047735 0.01673707338331882 163.75026760571106 -0.006977181994646082 0.999654231002946 -0.025352265565867366 0.4332991485852083 -0.016918966404431177 0.02523124195450142 0.9995384599930306 0.7237995216745474
0.999840104030454 0.007956575021952728 0.016014346264862672 165.08052206579222 -0.007570638026877551 0.9996828727300037 -0.02401748134491409 0.4300385694815028 -0.016200364571110078 0.023892402227640035 0.9995832638172548 0.7035216517665328
0.999816763472938 0.0082421979684874 0.017277316086346018 166.4365630403902 -0.007825115921760857 0.9996796355410064 -0.024070601268183615 0.4295207404050707 -0.017470175709198045 0.023930993653610375 0.9995609538709687 0.686154727441959
0.999818413776015 0.0079690983762088 0.017309908881430757 167.7628333199415 -0.007573368041584472 0.9997111785586658 -0.022807971443120797 0.4173632516259354 -0.01748666837679025 0.022672735518984317 0.9995899976956384 0.6846281625555214
0.9998554850019395 0.007506999915931453 0.015253001796318218 169.1522138934689 -0.007189071124874845 0.9997579616311932 -0.020792676869581625 0.41387264206392005 -0.015405400608155971 0.020680017101142572 0.9996674499676373 0.683649993006011
0.9998987367421991 0.0068406033548068556 0.012478878439043781 170.57108753284868 -0.006620837879014053 0.9998237475586236 -0.017568105293670117 0.42155821444752767 -0.01259685544626274 0.017483705659037858 0.999767792674526 0.6792540094370275
0.9999178329871984 0.006501906681433832 0.01104773658679571 171.929163403813 -0.006406259509536064 0.9999418845062729 -0.008671069665295496 0.42373174622006 -0.01110347302792136 0.008599582521835293 0.9999013751701556 0.700585990155158
0.9999019519970562 0.006842262360079541 0.012217603622337082 173.27979919149155 -0.006761129425966946 0.999954900363216 -0.006669660296905778 0.42375521363691016 -0.012262688178455378 0.006586401550667569 0.9999031182035845 0.6828489530372918
0.9998646050766572 0.00745633161974907 0.014668832048820142 174.69223228868663 -0.00744050166276921 0.9999716767283491 -0.0011334355298909448 0.4332639531384683 -0.014676867850685695 0.0010241385992241327 0.9998917644876485 0.7082450478752418
0.999825247008975 0.007388569294672726 0.017172201001030778 176.01240414886692 -0.007368868682156278 0.9999721171689 -0.0012102310081369653 0.43177204069407615 -0.01718066406711683 0.0010834798224882737 0.9998518144473646 0.6966591015438297
0.9998163178495703 0.006566484524583486 0.01800588355831306 177.42099659888814 -0.006474604398785172 0.9999657452399795 -0.005156340226527308 0.42516883462744237 -0.01803912579939379 0.0050388121259754845 0.9998245847711251 0.6788670120629261
0.9998119304793779 0.005294430784129603 0.018656705866036828 178.86063680040587 -0.005176560207253559 0.9999663730269027 -0.0063605062567435025 0.42301657673219273 -0.018689753757618936 0.006262732478196322 0.9998057167702065 0.6788343072192667
0.9998852339547566 0.0030906540140321083 0.01483127698504568 180.1910553182534 -0.002985653926876281 0.9999703618708156 -0.00709656611178338 0.4155602217695133 -0.014852770444281658 0.0070514706065849305 0.9998648268503167 0.6799321193916612
0.9999431151087987 0.0013498627245780248 0.010580378874893775 181.60918264259269 -0.0012950938151445781 0.9999857367573223 -0.005181603412585226 0.4224502123858746 -0.010587222417682457 0.0051676060743960925 0.99993060087635 0.6780102207211561
0.9999509019554815 0.0008533060721595848 0.009872464087867478 183.00430429210707 -0.0008448896538043362 0.9999992761526734 -0.0008566537235783609 0.4542320819136574 -0.009873187929534809 0.0008482705207903096 0.9999508990931663 0.675384402260621
0.9999397800310061 0.0004677823089263389 0.01096437372833102 184.33319352784267 -0.0004835103539983637 0.9999988579948408 0.001431861289326806 0.4653606233803063 -0.01096369140757967 -0.0014370764509071146 0.9999388642722081 0.6621655433774738
0.999904605152727 0.000782076559662923 0.013790175873568566 185.7828504504112 -0.0008369360295512943 0.9999917580310087 0.003972833766349294 0.46219655384677955 -0.01378695515520253 -0.003983996273521351 0.9998970185180277 0.6596789326978417
0.999872615794594 0.0011294597041621175 0.01592094547610118 187.13343417118958 -0.0012354852990447414 0.9999771170170927 0.0066512418584421225 0.4732728905090848 -0.015913068847716236 -0.0066700646893656365 0.9998511311574776 0.6692086710858728
0.9998518826976588 0.0013651704486896954 0.017156601516415577 188.59512647174748 -0.0014107982745979457 0.9999954997378165 0.002647669228381316 0.4738119106555688 -0.017152909787422087 -0.00267148156657504 0.9998493090821556 0.6464024290733202
0.9998374121593182 0.001235426164229322 0.017989523861138716 190.00523575235312 -0.0012624589453764312 0.9999980909347589 0.0014914168595833398 0.4730978447173982 -0.017987646982553902 -0.001513885408658141 0.9998370630792802 0.6442393485280952
0.9998269725701168 0.001424765493286613 0.0185471012442444 191.36284809594352 -0.0013929478554182964 0.9999975363168762 -0.0017283102875683826 0.46970520418598694 -0.018549517986923485 0.0017021760975788874 0.999826493937316 0.6306940670061391
0.9998226411372747 0.0018947119856429428 0.01873756483046365 192.81442976848217 -0.0018386226401858783 0.9999937790882114 -0.0030101913002953252 0.47718220250774773 -0.018743151711261456 0.0029752061052704783 0.9998199049891734 0.6308838233825966
0.9998062526447499 0.002237646816086272 0.01955633169050568 194.16783271903367 -0.0021332309805648262 0.9999833679487546 -0.005358465400565324 0.4729871918607958 -0.019567996781637516 0.005315709039437377 0.9997943972334321 0.623011892669317
0.9997743319661107 0.0026734882200546996 0.021074572414506575 195.62679348594745 -0.002451664418756848 0.999941399929745 -0.010544479509178719 0.4681816719628481 -0.02110152798483689 0.010490432177890337 0.9997222996159615 0.6049242690598456
0.9997552535325958 0.0029794133568278106 0.021921590499426394 197.04330157430041 -0.002665954635016852 0.9998939890866839 -0.014314442853370815 0.462713070604044 -0.021961915213829092 0.014252497478250704 0.9996572115459244 0.602938521696081
0.9998221258082772 0.0029992386553792166 0.018620454121894 198.47420930098178 -0.0028460394561271485 0.9999619302339807 -0.008248523634313415 0.4703300879942834 -0.018644484536496246 0.00819406188771714 0.9997925987654382 0.6273682787237731
0.9999127343202885 0.003173819629205767 0.012823829891472401 199.9291535530782 -0.003156582046756488 0.9999940874555665 -0.001364200751696341 0.4855615960663387 -0.01282808379713227 0.0013236022325844 0.9999168407138784 0.612476556826723
0.9999078510748682 0.0045832469126739096 0.012778231746864615 201.35169041067923 -0.004670379820713697 0.9999659910572246 0.006797373115622459 0.4998174226027551 -0.012746643133365895 -0.006856425940691095 0.9998952507698746 0.5934816945267067
0.9998511960406218 0.005663535284315342 0.016294482017584783 202.76408957131355 -0.005867003947102141 0.999905079303538 0.01246638069649516 0.5158254441682295 -0.01622233154706088 -0.012560125440001561 0.999789517452603 0.5817927215722578
0.9997932048511189 0.0066926471521186835 0.01920302079428645 204.23314026795404 -0.006992176268231543 0.9998542770076718 0.015573510217676351 0.508720831324101 -0.01909599446382774 -0.015704560597588454 0.9996943081621873 0.5875498861154433
0.9997921380854372 0.006183234367537607 0.019428027056451965 205.68572680143316 -0.0064405179325711225 0.999892023583611 0.013208364873506535 0.5022156180460469 -0.01934425887208806 -0.013330745914147239 0.9997240073450583 0.566327083778114
0.9997991349314856 0.004796767119276038 0.019459722902865437 207.11939094487047 -0.004983540549238071 0.9999418756799239 0.009560836015200464 0.489046131891782 -0.01941273071587234 -0.009655893895382583 0.9997649271699993 0.5563989183350424
0.9998113213096861 0.0037198647616770667 0.019065266510975246 208.54299053748449 -0.003851327168052455 0.9999690306080555 0.006863315804361206 0.4909687563818604 -0.01903914546465524 -0.006935447421803908 0.999794684177224 0.5428751508512704
0.9998236935784779 0.0032057859139784047 0.01850147820482538 210.01915429552528 -0.0033423102270341183 0.9999673813435611 0.007352904952958441 0.4934345000577474 -0.01847730287233919 -0.00741344626841763 0.9998017954039636 0.5339485538028649
0.9998228641287848 0.0029930828944947975 0.01858176041445378 211.49910655179002 -0.003158680412837438 0.9999555042164752 0.008888887738316188 0.49394515663351835 -0.01855432842662423 -0.0089460070400997 0.9997878304193722 0.5219072145324927
0.9998039724220669 0.0028522670551397126 0.019592889059587414 212.91445804918877 -0.003042165836454516 0.9999486238843729 0.00966927188430813 0.49846653616632547 -0.019564303107410815 -0.009726981258094791 0.9997612834469668 0.5069027630294761
0.9998063658370537 0.002476510269392327 0.01952172452907515 214.3587591530185 -0.002669830971686717 0.999947597630242 0.009883015536279861 0.5062177889388936 -0.0194962261549799 -0.00993322155160757 0.9997605854780036 0.5109310860631937
0.9998181021757601 0.002250111148302099 0.01893936539279117 215.79893033395834 -0.002451345997299232 0.9999407212726881 0.010608715448059499 0.5114298877640924 -0.01891437190241575 -0.010653212683348522 0.9997643500320765 0.5097152491473533
0.9998257192459169 0.0019327004284792572 0.018568678020760985 217.2880789856715 -0.002104248182874347 0.9999552489335294 0.009223463008451938 0.5155987526934409 -0.018550020861708108 -0.009260928643347132 0.9997850428600605 0.48816007135386036
0.99982325923696 0.001407808955745231 0.018747489504646758 218.7695613591017 -0.0016120475106225995 0.9999394732151214 0.010883529257052037 0.5175204191829058 -0.0187310328494243 -0.010911827537572966 0.9997650126045541 0.49489685119482024
0.9998310502827793 0.0011409398626710525 0.018345820959120848 220.23966639093862 -0.0013548575778552809 0.9999311941117899 0.011652098657048303 0.5198632888983024 -0.01833126431477321 -0.011674986012823609 0.9997638018303234 0.48394228761795816
0.9998335099977147 0.001085385437842266 0.01821467057349691 221.72245841917132 -0.0012532319957907437 0.9999568383040595 0.009206027292685106 0.5216121949922898 -0.0182038923094601 -0.009227321789135602 0.9997917157275236 0.4632370893995804
0.9998331117905734 0.0006452536403862474 0.018257387954423932 223.23587932335332 -0.0008317033171196069 0.9999475660598244 0.010206537151532477 0.523254645710522 -0.0182498448423834 -0.010220018530946444 0.9997812232605973 0.4544857692705708
0.9998360582852424 0.0003116343836932405 0.018104127613346094 224.71362314849443 -0.0005134316272920336 0.9999377841632984 0.011142898660447811 0.535798095929236 -0.01809952873954227 -0.01115036710623527 0.9997740126512605 0.4496249314691642
