1.0 -2.1684043449710093e-19 -2.5135375298442207e-37 0.0 2.1684043449710093e-19 1.0 2.3183291766350204e-18 -8.673617379884035e-19 -2.51353752984422e-37 -2.3183291766350204e-18 1.0 0.0
0.9999995506700009 -0.0002533761659304806 0.0009134879938876744 1.3122471554045878 0.0002536512184159052 0.9999999225306018 -0.0003009980898071464 0.0034631458481981592 -0.0009134116573783612 0.0003012296619023328 0.9999995374698105 0.015845416755276457
0.9999984988523839 -6.85264400134235e-05 0.001731357012826358 2.6082698223017777 7.130288720472841e-05 0.9999987116681006 -0.0016036140549729842 0.006990422477466685 -0.0017312448923015463 0.0016037350984653652 0.9999972154085516 0.023116788124418183
0.9999983972946789 -0.000868460765769539 0.0015656257445048661 3.9452080560142275 0.0008721391035342288 0.9999968577586724 -0.002350286400777829 0.005037187576652826 -0.0015635796934035508 0.002351648077394591 0.9999960124769811 0.04685385439598669
0.9999992943008231 -0.00012295898307645078 0.0011816424773116703 5.2541595362109605 0.00012705584555168243 0.9999939796398044 -0.0034676419882227042 0.0039638232287416185 -0.0011812089856657897 0.0034677896756947018 0.9999932895675337 0.05779090473136347
0.9999985115795913 -0.0007112552560072883 0.001571927022101433 6.5840867635427225 0.0007171285073895713 0.9999927530065543 -0.0037389384959476447 0.004000586775880612 -0.0015692562906994758 0.003740060204514365 0.9999917746583522 0.06622043359993712
0.9999958593701588 -0.0004702671700928456 0.0028390299974764385 7.9159585165589545 0.00048433565657706986 0.9999875980322784 -0.004956732856054388 -0.003014407533973689 -0.002836663799184926 0.0049580873755162794 0.9999836852209475 0.08622020193088023
0.9999942590531536 -0.00014509148903113083 0.0033853816910468567 9.228619854406427 0.00016304479570526003 0.9999859229882929 -0.005303512199140284 -0.00034185961663632904 -0.003384564540507091 0.005304033720824851 0.9999802057786742 0.0893115435161792
0.9999965651216973 -0.0010434952901583314 0.0024043424020565307 10.575609330204436 0.0010540335158333843 0.9999898263663384 -0.004385906652891572 -0.002694144719412843 -0.0023997412682223683 0.004388425845311279 0.9999874914019904 0.10242128454233715
0.9999998033602473 -0.0006269617522060346 1.4086440455950777e-05 11.892028983453121 0.0006269842570312116 0.9999984275387594 -0.001658858266964933 -0.00030409189408669513 -1.3046377619851343e-05 0.0016588667727438571 0.9999986239944644 0.10738390784568363
0.9999991136203461 -0.0009727339147099167 -0.0009091464421193743 13.24531174059998 0.0009739253241091469 0.9999986664420629 0.0013109475805601271 -0.0012050769681565246 0.0009078700265479027 -0.0013118318593061684 0.9999987274337843 0.12095338760967614
0.9999989669493158 -0.0007751166204251825 -0.0012104935052094756 14.586006720014188 0.0007798840965248747 0.9999919223777429 0.003942963360494488 -7.579280539151872e-05 0.001207427470865749 -0.003943903331847149 0.9999914938365284 0.1249938153964655
0.9999998428835113 -4.054144216149815e-05 -0.0005590969006138378 15.922830067957634 4.321019625976374e-05 0.999988602773841 0.004774144457402381 -0.0025357120845659886 0.0005588969777586263 -0.004774167865992371 0.9999884474109466 0.13280814405773764
0.9999978405545062 -0.00037442656587640056 0.002044184695924269 17.2872751905594 0.00036839107267373517 0.9999955746954882 0.00295209712878094 -0.007592206144111464 -0.002045280993374574 -0.0029513376944952235 0.999993553194955 0.1421616318529135
0.9999913453867728 0.0004251100333312865 0.0041386511101582065 18.62875767830226 -0.00041922867806567897 0.9999989013028013 -0.001421844051078328 -0.018249318888519807 -0.004139251003205772 0.00142009670433411 0.9999904249174003 0.15422929919283443
0.9999974522447342 -0.00011044356891875267 0.00225461887213931 19.98383510586017 0.00011868427545297284 0.9999933125941352 -0.0036552265389685513 -0.022006081847629932 -0.002254200098323671 0.0036554848141531517 0.9999907779638221 0.16819635539113265
0.9999999432947652 0.0002627070872487899 0.00021070228429325582 21.32748617951972 -0.0002618353291469711 0.9999914504311629 -0.004126803465101024 -0.023473666050248775 -0.00021178462339753703 0.004126748061787705 0.9999914625124096 0.16684720169985698
0.9999992794473215 0.0002353397924048103 -0.0011771660970399903 22.69821943105729 -0.00023844702427152801 0.9999964863875476 -0.002640143097661143 -0.02542464025546362 0.0011765406302060104 0.0026404218870518747 0.9999958219534739 0.19484668758464438
0.9999993684467584 0.0011230358799156944 -4.354878627749544e-05 24.063369596690592 -0.0011230348767650386 0.9999993691304201 2.305271592374268e-05 -0.01921112250813996 4.35746478310028e-05 -2.3003794558894797e-05 0.9999999987860378 0.1853095214705464
0.999988856412548 0.002064428694804378 0.004245607717217195 25.451156304295484 -0.0020653403431951313 0.999997845057847 0.00021035429411321208 -0.02813948534493474 -0.004245164306737317 -0.00021912057491148897 0.9999909652422777 0.19797950417077353
0.9999823509226697 0.002202667974081774 0.005517798199154342 26.816935202538808 -0.002193389320642986 0.9999961714056667 -0.0016870735895753632 -0.03682294497139796 -0.005521493136709101 0.0016749411346396305 0.9999833537043188 0.20326893557383277
0.9999848085261658 0.002288444954958208 0.00501455248009063 28.189016051891315 -0.002264605142591278 0.9999861323016144 -0.004754657506717398 -0.036211357207468715 -0.005025363711773099 0.004743229295128088 0.9999761234626646 0.24064907509258898
0.9999956631499212 0.002043636848483477 0.002120667296166139 29.564327711922655 -0.002032595832084533 0.9999844373008251 -0.0051955471642165805 -0.035666054878054174 -0.0021312521044917856 0.005191214172400026 0.9999842544059798 0.23338002433150026
0.9999962596653643 0.0027269644829928624 0.0002105231340827031 30.944418755054723 -0.0027257027824391785 0.9999795964515613 -0.005777302563865107 -0.04657129868094307 -0.0002262733375629031 0.0057767071313278885 0.9999832890879204 0.26757203429290716
0.9999943154899077 0.003145946845229507 -0.0012132626747796739 32.32772672561576 -0.003148761910134376 0.9999923389810373 -0.0023253553851899644 -0.038600668146133665 0.0012059379355132398 0.002329162441981143 0.9999965603520917 0.275034990531856
0.9999888986784362 0.0035159344047384932 -0.0031369930108066098 33.71777190586443 -0.0035210815880881235 0.9999924614225129 -0.0016367903329493501 -0.04920756319525958 0.0031312145148967613 0.0016478177707458439 0.9999937400765347 0.29867129995799513
0.9999879751279145 0.003843750955306887 -0.0030455177174241845 35.116579474232985 -0.00384811573147765 0.9999915754909033 -0.0014286191018748236 -0.052730297200056786 0.0030400008043948686 0.0014403214275517783 0.9999943419186403 0.30665725120391746
0.9999931295559502 0.003395959212201373 -0.0014860356408219093 36.50210286294992 -0.003398246719383662 0.9999930408630145 -0.0015395274519966332 -0.0652988197740407 0.0014807971268632747 0.0015445667905007211 0.9999977107740291 0.34037839503110445
0.9999952999461337 0.0030637654894567113 -0.000115873498528762 37.91022721428295 -0.003063776813021256 0.9999953018548173 -9.767258008264194e-05 -0.06766318839993135 0.00011557370825811967 9.802713155429037e-05 0.9999999885166996 0.3508262426575076
0.9999957823472697 0.0029033211634855176 7.75492984022357e-05 39.29733708541675 -0.002903462345698209 0.9999940043515927 0.0018871055280567648 -0.06931393759100622 -7.206996002657052e-05 -0.0018873227303688282 0.9999982164078256 0.3665987206936935
0.9999945554089995 0.0032911817563244677 0.00023932196779505977 40.694459861809435 -0.003292256034482106 0.9999838328782573 0.0046362735373459895 -0.07030076063307966 -0.00022405927976422768 -0.004637036203925469 0.999989223788278 0.387670152718888
0.9999946387569577 0.0032585765401137627 0.0003227015244969479 42.1204792154816 -0.003260711983485368 0.9999711941307314 0.006854098490654171 -0.07124579816999574 -0.0003003576242537457 -0.0068551139808943435 0.9999764583216979 0.4000500553162446
0.999995873916696 0.002815898955064828 0.0005682100479278588 43.50972145955834 -0.0028205363456246394 0.9999613047274598 0.008332683990129933 -0.07989648189102175 -0.0005447240647445019 -0.008334252265873773 0.9999651211491639 0.4166190053977203
0.9999967189804462 0.0025094686841384264 0.0005143882441136301 44.940819462320654 -0.0025131315358929273 0.9999705725409442 0.007248325463132768 -0.08057737857152464 -0.0004961836612124628 -0.007249594406553167 0.9999735982428309 0.43398900265579865
0.9999985237351141 0.0016948933459996856 -0.0002826024383807954 46.33474315599687 -0.0016928667559858227 0.9999739020427141 0.007023491696801002 -0.09426910773876264 0.00029449913237702166 -0.007023002919993737 0.999975295044956 0.453478522940223
0.9999996424371078 0.0008407103996522907 9.127804012148785e-05 47.77085811063692 -0.0008412802214772467 0.9999789524466298 0.006433265992464131 -0.09920194087215103 -8.586760531847286e-05 -0.006433340482576746 0.9999793021642946 0.4679071800119889
0.9999996191190491 -0.0001550241432302032 0.0008589116786134677 49.1633991819399 0.00014927471170763653 0.9999776113487301 0.006689881788841567 -0.1033991769340628 -0.00085992954193205 -0.006689751026999822 0.9999772536174908 0.4805020283270673
0.9999987048050201 -0.001224635238073489 0.001044345161303598 50.59404081783681 0.0012173018513370504 0.9999748010619157 0.006993955775146622 -0.10601030554588874 -0.001052883889610312 -0.006992675433311924 0.999974996650316 0.4942994639844821
0.9999961532532128 -0.0025513927455874806 0.0010880596651213507 52.0511320172348 0.0025437089757733436 0.9999722240336287 0.00700576233428887 -0.10876545777410526 -0.0011059038944096972 -0.0070029676777587715 0.9999748673943164 0.5020947044734465
0.9999912898768145 -0.003589857713975457 0.002129105938661692 53.44553026842007 0.003573909699709187 0.9999658798826457 0.0074475660443132094 -0.10662300320464556 -0.0021557689957317247 -0.007439891942729641 0.9999699998839553 0.5176738222766949
0.999986611824693 -0.00424058455346021 0.002965402842091013 54.90587655866738 0.004222699270910851 0.9999730132358834 0.006011789318929901 -0.10041386812741332 -0.0029908163163885142 -0.005999186827621336 0.999977532135182 0.5282869405157028
0.9999834632130431 -0.004787714593223736 0.0031860774350570137 56.30292843068883 0.004772724929159344 0.9999775848956047 0.004695828266038508 -0.10061914002654318 -0.003208488304315281 -0.004680544340926358 0.9999838989241144 0.5395062557172949
0.9999824822869328 -0.005308768594327819 0.0026176507169803653 57.72798724561181 0.005302429202126048 0.9999830069771959 0.0024228085772358085 -0.09858216653415681 -0.002630468365266936 -0.002408886227567653 0.9999936389314293 0.5529258416261204
0.9999810114917934 -0.005471334553772108 0.002835692869503155 59.19223421909903 0.0054669531340107045 0.9999838539758914 0.001550551822282322 -0.09838910889971773 -0.0028441306721003873 -0.0015350197795962978 0.9999947773038598 0.5630880801117152
0.9999798587951855 -0.005218669111340392 0.0036121318728874817 60.589655546383874 0.005216623376440293 0.999986227701568 0.0005755412550544329 -0.10369721426767965 -0.0036150856848994072 -0.0005566865313932458 0.9999933106054243 0.5767202137444414
0.9999793105283419 -0.004561158682306213 0.004535895362207385 62.04503664750656 0.004570621854903337 0.9999873953528058 -0.0020781124538987476 -0.09199181621476404 -0.004526359588184724 0.00209880132132409 0.999987553473488 0.577637414963568
0.9999820268563494 -0.004341514439820823 0.004134878067869727 63.43606000602636 0.0043559390942355045 0.9999844368914842 -0.0034859388159376005 -0.09759667515083315 -0.004119679462607933 0.0035038874396842354 0.9999853754000282 0.5921887091097314
0.9999876704790647 -0.0039641959868990375 0.00299065879546745 64.86457652270471 0.003977791176550625 0.9999817202583257 -0.004553715686733361 -0.10045798319425081 -0.002972552305546405 0.004565555757769153 0.9999851597065896 0.6020922059073717
0.9999907577449396 -0.0032489310182662397 0.002815825268043752 66.32409863953016 0.0032623730151071593 0.9999832428407647 -0.004782359248158976 -0.09913708361253297 -0.0028002405275095203 0.004791501320744737 0.9999845999654602 0.616403534703203
0.99999293077088 -0.0026044925016218373 0.002712015316135274 67.69186266283006 0.0026131502670220146 0.9999914857036316 -0.003193738549974622 -0.09488272730939314 -0.002703674157127567 0.00320080287625259 0.9999912224649772 0.6277669803726398
0.999991297926243 -0.0020495458390827215 0.0036336529335660593 69.15316697349104 0.0020532173731323115 0.9999973851385905 -0.0010069828202607417 -0.0914745293211922 -0.003631579574617934 0.0010144347367530987 0.999992891250712 0.6370662467583901
0.9999865928424783 -0.001386809564337444 0.004989077522340718 70.51588430327695 0.0013743657610273854 0.99999593861181 0.0024967736461386173 -0.08141884374531766 -0.00499251980933264 -0.002489883354175231 0.9999844374923222 0.6484893941715032
0.9999834969267647 -0.0005683345550125036 0.00571689338301887 71.963887863888 0.000533908342843166 0.999981727688421 0.006021563846896836 -0.08123845107436492 -0.005720211184971116 -0.006018412175515342 0.9999655283552954 0.6612299088425475
0.9999843965911633 9.845609677739967e-05 0.005585416779798421 73.32464844574194 -0.00015766845573996537 0.9999437869814638 0.010601793142054545 -0.07334267497033783 -0.005584058995489838 -0.010602508361980083 0.9999281999731626 0.6699378377982231
0.9999867125425275 0.000854742028360872 0.005083714631387207 74.7298030119239 -0.0009275996223645525 0.9998966531498409 0.014346517998704964 -0.06585091534133977 -0.005070926673598817 -0.014351043021729463 0.9998841599239681 0.6823516110848876
0.9999857005255461 0.0015433682748997191 0.0051202303464681735 76.1710624054702 -0.001624545990991659 0.9998724545569571 0.015888217916710985 -0.06527853406700904 -0.005095055912942807 -0.015896308773227074 0.9998606641790796 0.6920435097837161
0.9999845535782955 0.0016587375636264636 0.005304827472405836 77.53248789389583 -0.0017463107803341706 0.999861573761129 0.016546410927359742 -0.0722204733962603 -0.005276646991742559 -0.016555419221921736 0.9998490261489036 0.7052464288474041
0.9999854915078255 0.0018031356337320924 0.005075970423386164 78.9559798509871 -0.0018799468788098885 0.9998831851412551 0.015168449871740201 -0.07549423572211432 -0.005048026702145949 -0.015177772355158313 0.9998720681430947 0.7187602829626091
0.999990306378274 0.0017891425116879315 0.00402319755402739 80.32385406431582 -0.0018479337143150825 0.9998908708587486 0.014657131858612369 -0.07795072188003153 -0.003996534808225575 -0.014664424380319981 0.9998844845116462 0.7285597006640271
0.9999909029126475 0.001386396064923004 0.004033856454946971 81.71219706570207 -0.0014437790088470143 0.9998973162285364 0.014257366557108613 -0.09174336768538012 -0.004013675886461695 -0.014263060853873981 0.9998902217248437 0.743468920721431
0.9999900361273549 0.0011788006190490232 0.004305586500353124 83.12018503327118 -0.001236838490362396 0.9999080792809162 0.01350197094123273 -0.09005253985406979 -0.004289274596042026 -0.013507161724421034 0.9998995743101355 0.7518675941273129
0.9999929563172677 0.0008795873719633998 0.003648786360719178 84.47398794470459 -0.0009289154801540074 0.9999079059289725 0.013539452602221284 -0.09042640267110674 -0.003636541197596699 -0.013542746648747033 0.9999016799572477 0.7643211516829301
0.9999927334900394 8.609009691246197e-05 0.003811240692264809 85.87687182283435 -0.00013846689738989879 0.9999055291222517 0.01374458648588778 -0.09061942398651798 -0.003809697368228709 -0.013745014341387037 0.9998982752193932 0.772821386452944
0.9999892545485063 -0.0009149303728986641 0.004544633091413906 87.24204527416441 0.0008574259754388625 0.9999197554309746 0.012639126534568737 -0.08780464085174969 -0.004555832330043493 -0.012635094034986218 0.9999097953268123 0.7859217330933881
0.9999815435141701 -0.0020985233817413904 0.0057016515707331425 88.62408154625103 0.002034170608335137 0.9999344321443246 0.011269142032257594 -0.08628494322967224 -0.005724926283712699 -0.011257335911453208 0.9999202456232311 0.7994906443462998
0.9999750203869991 -0.0032133639730863787 0.0062954661461360265 90.0024983808989 0.0031561226195142 0.9999537824176584 0.009081405102125505 -0.08069335745678691 -0.0063243570448912115 -0.009061308989036343 0.999938945729875 0.8111092582081321
0.9999718816929084 -0.003940892592405406 0.006380061842906704 91.37189628658942 0.003893347504154204 0.9999646877989127 0.007447482825433517 -0.07238534750586773 -0.006409186278778774 -0.0074224336169719405 0.9999519137490791 0.8228236849351147
0.9999720499504339 -0.004395492781005333 0.006048054326729307 92.74285905162131 0.004359199943711743 0.9999724929084893 0.006000900118493347 -0.06060550203056497 -0.006074264875495852 -0.00597436771495695 0.9999637044596312 0.831041365938504
0.9999724014427279 -0.004585485631744822 0.005845483246494898 94.10065825909945 0.004557392005105097 0.9999780451883233 0.00481033465066524 -0.04546989989238435 -0.005867412630435572 -0.004783561733755334 0.9999713450925299 0.8432431075561804
0.999976399972832 -0.004729728899655175 0.004982886905242699 95.47637025242192 0.00470741697925632 0.9999788848575947 0.0044799625383259165 -0.028516681188944057 -0.005003970699162998 -0.0044564002846648465 0.9999775501348742 0.845947871651981
0.9999785831437439 -0.0047338153375511656 0.004519319216474185 96.81330683349837 0.004713780534155198 0.9999790617226552 0.004433552678601291 -0.013200926328559993 -0.004540212209384825 -0.004412154646890621 0.9999799594814217 0.8589169554350997
0.9999820357407904 -0.004483589062253238 0.003978143389269782 98.17768176976705 0.004459676039777934 0.9999720567762065 0.005999746359944416 0.006274040874610874 -0.004004932624274513 -0.005981897348189685 0.9999740883736892 0.8761100355806426
0.9999831788843027 -0.0041880920574634975 0.004012708980589432 99.52542485691878 0.004161447290879617 0.9999693914703015 0.006625592725192424 0.02817034226740837 -0.004040334749735795 -0.0066087825984142675 0.9999699993938204 0.8807189830764918
0.9999796325486425 -0.003851090321563457 0.005089557074740077 100.87094348431226 0.0038120296774214993 0.9999633788149785 0.007662209777218622 0.045389530185137375 -0.005118878551043601 -0.0076426521749198536 0.9999576925800976 0.8953423886069617
0.9999731817970421 -0.00383170367840173 0.006241292624189901 102.20982499139309 0.0037813453143831083 0.9999603641487166 0.00806049373050942 0.06417015543941786 -0.006271930668720559 -0.008036677079932442 0.9999480360034714 0.9016299919941325
0.9999776191077991 -0.003620777069581209 0.005625944979274825 103.5535113626327 0.0035776503997636587 0.9999642853381834 0.007656922731313088 0.0765548495163471 -0.005653468060801584 -0.007636623698246697 0.999954859119839 0.9170688982610283
0.9999897419720953 -0.0033816518351591786 0.0030133671279543605 104.88869892331053 0.0033579536396087318 0.9999636676794056 0.007835015539576351 0.0931670705908144 -0.0030397529400117084 -0.00782481642065352 0.9999647654542868 0.9274841072397804
0.9999919138672472 -0.0035767753825797165 0.001838172457267666 106.20777174152919 0.0035630851518004387 0.9999662878039023 0.007397815886080076 0.10824896390906569 -0.0018645708141835132 -0.007391206501369801 0.9999709462990077 0.9377779768108481
0.9999897813924138 -0.003459982856246894 0.002909575465105577 107.55861586460756 0.0034434343428722002 0.9999779767892438 0.005673508298826134 0.12205901382027724 -0.002929141628360611 -0.005663431391391468 0.999979672630497 0.952682949875311
0.9999839519084653 -0.0028168125777984043 0.004915434103881698 108.89571901225683 0.00280450771231937 0.9999929212782437 0.0025084118274104074 0.1278587703859641 -0.004922465034877113 -0.002494586199334061 0.9999847730729077 0.9582118777832789
0.9999823550253765 -0.0019064555497840187 0.005626283421480588 110.23617194799165 0.0018989445004045048 0.9999972991566155 0.001340033305181721 0.1410018099535301 -0.005628822939701788 -0.0013293256603671185 0.9999832744829297 0.9760068379740326
0.9999889839649889 -0.0010888344675484708 0.004565784507766392 111.57878462884182 0.0010850009994089862 0.9999990569033961 0.0008420006826544898 0.15123498298600438 -0.0045666970011555025 -0.0008370375263914777 0.9999892222652598 0.9923546336903856
0.9999974342345406 -0.0005012787779762154 0.0022091274119874385 112.8938407839018 0.0004960710404139544 0.9999970985423801 0.002357290890880236 0.1676390346058691 -0.0022103026621949906 -0.0023561889584910187 0.99999478145425 1.0034777911422603
0.9999998288376876 0.0005118401262456209 0.0002834506672957909 114.25518458076371 -0.0005133883703975625 0.9999848020982096 0.005489262699629574 0.1846974840113758 -0.0002806367345272132 -0.0054894072803508475 0.9999848937112669 1.0255749972400598
0.9999978546305779 0.0020610144072871137 -0.00020725311732752762 115.55699936304644 -0.0020594549497516997 0.9999715077641832 0.007262389767564182 0.203947570098339 0.00022221510216511925 -0.007261947358596911 0.99997360702221 1.0342746743159195
0.9999923032021082 0.003570664272711326 0.001626005287371974 116.91998356615657 -0.0035850096751254084 0.999953907877829 0.008906729225013515 0.2169800302934337 -0.0015941274015071477 -0.008912489916405827 0.9999590123006631 1.050460672434859
0.9999822503708269 0.004479189499147083 0.0039288426702620526 118.22752232300547 -0.00451152365641083 0.9999557078083753 0.008260059064491693 0.21817124155110718 -0.0038916702833856317 -0.008277637518155554 0.9999581669347589 1.0601090269696105
0.9999753487663406 0.005345527824516364 0.004552712588382777 119.59238565118613 -0.005384651569979496 0.9999483057472726 0.008625042645043428 0.21508463606455788 -0.004506371833860919 -0.008649344798088566 0.9999524395927332 1.0741716475021
0.9999714520188802 0.00640639356630609 0.004006653057874218 120.9144836123921 -0.006441870932124611 0.9999395971853025 0.008905295042234092 0.20953077163379372 -0.003949360219887379 -0.008930851155907988 0.9999523200890554 1.0799287495936585
0.9999632761020888 0.0076779285102024355 0.003807343032890118 122.22869909136466 -0.0077167351637721674 0.9999173334563907 0.010284855461962962 0.20659753702551475 -0.003728061908026537 -0.01031385801984339 0.9999398611352367 1.0869047710190125
0.999955690256009 0.008742636849524829 0.0034905337050015663 123.60189633202853 -0.008784251493757847 0.9998883239980034 0.012090345659166597 0.20890434754636783 -0.003384442394669235 -0.01212047166495785 0.9999208167231524 1.0967880170246098
0.9999468112788634 0.009963136122712551 0.00266655804990397 124.92688049068674 -0.009997605101278041 0.9998623486439125 0.013241286059821968 0.21057461263398344 -0.0025342662591185325 -0.013267240967112815 0.9999087747448007 1.115201373239226
0.9999392739648026 0.010880924491163216 0.0017475311045006493 126.3091716797863 -0.010904710913122 0.9998392343142027 0.014233509963813656 0.20981271540766855 -0.0015923764143037065 -0.014251701940692878 0.9998971713777117 1.1346065149480722
0.9999289336681263 0.011829890184633653 0.0014769263838744623 127.66865464231023 -0.011848970639342824 0.9998365117430159 0.013658392304586776 0.20862761567170346 -0.001315107642692362 -0.013674921710105396 0.9999056290511174 1.1603271292826713
0.99991604625948 0.012733542010580167 0.0023994459097878835 129.00589774461167 -0.012764060739560407 0.9998318703686996 0.013164716041925022 0.20951215940092222 -0.002231409027054535 -0.013194237488104244 0.9999104624469439 1.1828556869402158
0.9999036353701877 0.013505436623728858 0.0032129667108613375 130.3868210524348 -0.013540842688791497 0.9998448519499982 0.011265771538752259 0.2029644364603029 -0.0030603190618074 -0.011308192193644474 0.9999313772637357 1.2037037501309429
0.9998975719940706 0.013771556405536888 0.003897403562822501 131.71765652597253 -0.013813393492163924 0.9998449665495144 0.01091938761245529 0.19816974469621113 -0.003746422372481373 -0.010972105530367204 0.9999327863509814 1.22924595613167
0.9998968769790908 0.01380283827762379 0.003964475115657993 133.1053934337983 -0.013840654623232921 0.9998574027048337 0.009675253792244492 0.19280105807826656 -0.003830363828840429 -0.009729126981683598 0.9999453347064093 1.2539296516335061
0.9998978848392421 0.013520102506855107 0.004628900756523531 134.4467204337095 -0.013553755200098386 0.999881366973442 0.007317629349511297 0.18864326675609183 -0.004529416517104584 -0.007379621096313376 0.9999625120865729 1.2692735152910306
0.9999064978445459 0.012900860233386328 0.004534685600325144 135.782121938704 -0.01292660889443771 0.9999002272449945 0.005695466433794774 0.18068961566496913 -0.004460756745823386 -0.00575355200262154 0.9999734987931469 1.2953071218855352
0.9999227230560129 0.011693882910972352 0.00421912534922409 137.15129020347996 -0.011716679684935028 0.9999166704368673 0.005419557141493311 0.1815910584128594 -0.004155398104709991 -0.005468572474947102 0.9999764134126752 1.3202200311676977
0.999930943118239 0.010641074708196366 0.004987637088175069 138.50316444109154 -0.010653973091401168 0.9999399507162008 0.00256667470658147 0.17612125228427833 -0.004960025406835704 -0.002619635611356831 0.999984267704861 1.33730680101759
0.9999403883578458 0.009548571006808162 0.005295707930808539 139.8564913595743 -0.00955968046872482 0.9999521491982305 0.0020764929991517874 0.1771095750761987 -0.005275626986090572 -0.002126994491668408 0.9999838216962993 1.3635633537367973
0.9999510165759035 0.008271702415347531 0.0054353829643671815 141.20927663748625 -0.008275533698642172 0.9999655240921169 0.0006827658313478647 0.1762207220045491 -0.0054295479388285165 -0.0007277130820262351 0.9999849951088517 1.3793672449950558
0.999962819716538 0.007063785623770248 0.004945919248411672 142.55321431212275 -0.007066379123646098 0.9999749042565055 0.0005070929635384956 0.1802733808405813 -0.0049422131309051105 -0.0005420238502025854 0.9999876402933761 1.4017592839318018
0.9999717319195564 0.006046726104616319 0.004469056412558301 143.90824132935467 -0.0060482540961255 0.9999816551970978 0.0003284686607032827 0.18287884481188282 -0.004466988268574031 -0.0003554893642778304 0.999989959771157 1.4176767238286783
0.9999848339206038 0.005080374504165909 0.0021264344993149713 145.25866988571642 -0.005078004003524535 0.9999864811063185 -0.0011186956434575505 0.1819797169055275 -0.0021320891450979976 0.0011078806343298474 0.9999971133940224 1.4455496535647352
0.999990299144159 0.004157301772381417 0.001455492888486884 146.59095918076173 -0.004148408033225152 0.999973026699215 -0.006061071258530792 0.18766334427452905 -0.0014806513313250324 0.006054974482561371 0.9999805722891073 1.469478844502807
0.9999875423909715 0.0030292619456615062 0.003967194843902934 147.96437467538897 -0.0029708239318698274 0.9998882069346194 -0.014654277131186546 0.1800351931355491 -0.004011142983085053 0.014642308736546794 0.9998847501221493 1.483620994016452
0.9999832984142847 0.001476758756926332 0.005587671792575261 149.28693524458996 -0.0013524037059678428 0.9997527691151193 -0.022193955277663293 0.1729260643206861 -0.00561906546534068 0.022186027815376853 0.9997380688325676 1.50391383191395
0.9999973551218143 0.00030163212491722096 0.0022800805769261946 150.63815578909347 -0.00024757160595132295 0.9997197216494198 -0.02367312513181038 0.16808555941792755 -0.0022865820947398433 0.023672498036068003 0.9997171521880858 1.5365052828237038
0.9999995752015522 0.0006259502422558275 -0.0006765966371270952 152.00500273158195 -0.0006414341328019094 0.9997322065313173 -0.023132310439660575 0.18123440068056143 0.0006619357736430974 0.0231327346052682 0.9997321833524785 1.557892259525925
0.9999925470330904 0.0013624758316038016 -0.003612414411556115 153.34342848443538 -0.0014373112839936616 0.9997827239057466 -0.020795170494092675 0.2000478637306642 0.0035832966030496663 0.0208002076723713 0.9997772308600755 1.5758103791961342
0.9999913421521128 0.0022774331132270915 -0.003482659792565181 154.6964046214054 -0.0023482229306929286 0.9997879308469828 -0.020459207750462505 0.21249083517522258 0.0034353267506514284 0.020467208679338614 0.9997846227558177 1.6082875560975447
0.9999959264142041 0.0028070549887440244 -0.0005172980648264507 156.04090940079337 -0.0028185308315090006 0.9997149315217223 -0.023708892350125823 0.21529886304579982 0.00045059843490527886 0.023710253790463497 0.9997187708682088 1.6271760643849325
0.9999907093290031 0.0033523886700092985 0.0027097501513138884 157.37643128783992 -0.0032680899819034514 0.9995282935977104 -0.03053702483084223 0.2058421443998347 -0.0028108439208776163 0.03052788541406833 0.9995299632170104 1.6465249803819857
0.9999857321295935 0.003309411654864779 0.0041932483517885975 158.7301501136056 -0.003163979290932835 0.9994090795504577 -0.03422690384994838 0.19394178265522727 -0.0043040413900984715 0.03421314815397303 0.9994052910211686 1.662999824835961
0.9999862729552325 0.0033398385427961742 0.004037249015278518 160.08189519083516 -0.0031966346993340757 0.9993832056408076 -0.03497127120512088 0.18589576885150258 -0.00415155726232068 0.03495788554262338 0.9993801633065801 1.683369386939462
0.9999808060298506 0.0043400363173014865 0.0044217255291116985 161.4435597778396 -0.0041873530757634584 0.9994139716754225 -0.03397321436333303 0.18473236229122147 -0.004566579256860464 0.03395404695647615 0.9994129622179053 1.689691304696113
0.9999780592973625 0.005399385760412045 0.003837649969833068 162.79468996791985 -0.00527811239443158 0.9995073690783368 -0.030938013634577866 0.18731702179311105 -0.004002805695065381 0.03091707928494925 0.9995139377492721 1.7014083080653768
0.9999782902008519 0.006314859955202086 0.0018819327105045211 164.14205364491013 -0.0062625892224209 0.9996266838535031 -0.026594602916376497 0.18526846411223277 -0.0020491713476181958 0.026582239781378636 0.9996445295328702 1.7175442130840024
0.9999750498890896 0.007015099472856473 0.0008294448134483444 165.49354962743766 -0.0069925640421047005 0.9996726472596458 -0.02461102129146557 0.17878698763962314 -0.001001822054903909 0.024604607297777303 0.9996967588485483 1.7312442522023512
0.9999714563270763 0.007334142811306924 0.0018157313484223948 166.84716213757304 -0.0072895053403753225 0.9996977864142171 -0.02347762659228403 0.16478696222637795 -0.0019873708760391184 0.02346372067122854 0.9997227136407693 1.7456976284351338
0.9999720159710701 0.007122723114927327 0.002287813406269315 168.18989646963723 -0.007071972449186592 0.9997443993812649 -0.021473777298648064 0.1494668622884476 -0.0024401804096770043 0.02145699702246489 0.9997667942067021 1.7659287506318089
0.9999776823322747 0.006680596822712472 -6.680916656899347e-05 169.56999357097826 -0.006680690713257812 0.9998069474797994 -0.0184779907652186 0.14484247510840867 -5.6647737505214974e-05 0.018478024710939126 0.9998292651217084 1.7881799730982488
0.9999771085629398 0.006201797795544227 -0.002705559869149689 170.955517309936 -0.00624238010116819 0.9998640992900509 -0.015258297466217326 0.13336017386812038 0.0026105633060529176 0.015274837314950931 0.9998799249431037 1.8034710279562594
0.9999725548949429 0.005911782198281227 -0.004465454973509603 172.30470968645608 -0.005951427677568751 0.9999425252527606 -0.00891777437091802 0.1246875048868954 0.00441247838283941 0.008944105453985817 0.9999502652693028 1.8292804552949633
0.9999746804015649 0.006169949136931271 -0.0035454595521070744 173.67856478832198 -0.006189889617289976 0.999964931275953 -0.005641053519005148 0.11809884725740484 0.003510530204073453 0.005662856693065405 0.9999778038695458 1.8449579963623521
0.9999759974293081 0.006794633671533623 -0.0013555510061020889 175.05635949706874 -0.006798641350067568 0.9999724661536286 -0.0029741234714478703 0.10494842482467084 0.0013353056030865399 0.0029832679899612115 0.9999946585212576 1.8587918248905095
0.9999738425238847 0.007177131756837011 0.0008961293222620834 176.41631952927776 -0.007174763582118613 0.9999708326983019 -0.002618495790573929 0.08213272549212282 -0.0009148964738814527 0.0026119977813065937 0.9999961702086825 1.8733332296845322
0.9999769646219133 0.006458905781217988 0.0020863273123372704 177.81719584637705 -0.006450200525647258 0.9999705747795463 -0.00415264834086153 0.05057961406428672 -0.0021130874860723218 0.0041390954535102265 0.9999892013167457 1.886189206987814
0.9999872332995278 0.004565884146509792 0.0021647031935738384 179.1888709394507 -0.004551202245533038 0.9999669322888072 -0.0067395019869801445 0.03108938453317523 -0.0021954033970715387 0.00672956394374144 0.9999749462726809 1.8899085810478156
0.9999963145200096 0.00229436922724119 -0.0014514875980313994 180.51571471215559 -0.0023063692377210334 0.9999627246699327 -0.00832045260930115 0.005888225903975652 0.001432343302928595 0.008323769610784579 0.9999643309899254 1.898431622024574
0.9999820931286806 0.0008743983800105137 -0.005920206876109727 181.9659334812907 -0.00090836608359278 0.9999831288065154 -0.00573733155660739 0.0006080107653725198 0.00591509028173537 0.0057426065340836 0.9999660165111381 1.9124583179017889
0.9999742288594458 0.0004367426794435683 -0.007165952329510761 183.33949103646745 -0.00044756527983993614 0.9999987616835858 -0.001508746703454658 -0.0012681424374179574 0.0071652845217165 0.0015119150527909797 0.9999731860458039 1.9237106211068622
0.9999814161525926 6.43263888758915e-05 -0.0060961636765290116 184.68362939440806 -5.2136069391112157e-05 0.9999979990219866 0.001999808454091381 -0.003505765666032419 0.006096280118695824 -0.0019994534599437667 0.9999794185654902 1.9343428245563155
0.9999953703242694 0.00013400932770411827 -0.0030399624220084397 186.12909561610743 -0.00012092048726189282 0.9999907245488187 0.004305368110190858 -0.0048653491859032534 0.003040511184471367 -0.00430498058399528 0.9999861111205037 1.948836228723792
0.9999996558006793 0.0007109893850437182 -0.00042765946429081716 187.49998778376377 -0.0007091357876453143 0.9999904219362395 0.0043189306797184294 -0.01083922484929989 0.00043072608200921987 -0.004318625924514369 0.9999905819282332 1.964348202775882
0.9999994590371334 0.0010375078707125487 -7.418125680790052e-05 188.94597664136393 -0.0010372365957468984 0.9999930969562391 0.0035679377957198105 -0.02130451578691115 7.788250827671063e-05 -0.0035678589220836726 0.9999936321382387 1.9713824903458337
0.9999996597886854 0.0007563244469989956 0.00032923524148255627 190.3338126738877 -0.0007573711578509131 0.9999946226123151 0.0031907891473489415 -0.03204391965816376 -0.0003268201992196642 -0.0031910374150824184 0.9999948552211521 1.9904752494582594
0.9999989203213875 0.0007708005501417842 0.001251088554551693 191.72117299962505 -0.0007708109033375198 0.9999997028948646 7.793194538639036e-06 -0.04233742753120047 -0.0012510821758482207 -8.75753882338279e-06 0.9999992173580411 2.0081889424049986
0.9999987539601465 0.0011323657435266682 0.0010999208959697718 193.15710668881476 -0.0011306802949160933 0.9999981876484038 -0.0015317512782915999 -0.05142729640089734 -0.001101653405201521 0.001530505710785422 0.9999982219544414 2.0282827174619227
0.9999970145523829 0.001461623563383204 0.0019581988867716526 194.54614162759003 -0.0014521456336750315 0.9999872674019089 -0.0048328363433519555 -0.061378645802490216 -0.0019652377412896632 0.004829978325208918 0.99998640448258 2.0438394274438005
0.9999920679064009 0.0019550947103729086 0.003470119443705728 195.99842539961094 -0.0019212588084765155 0.9999508425954647 -0.009727340706019294 -0.07060586445741726 -0.003488966734000781 0.009720596550294659 0.9999466671347205 2.057890014586386
0.9999887782196746 0.002255913198288545 0.004165848096645932 197.40222767573297 -0.002202878264074295 0.9999170282115947 -0.012691887954395823 -0.08133937814144808 -0.004194134246326649 0.012682568672593748 0.9999107768645105 2.0860130752214534
0.9999972219255197 0.0023501154414709226 -0.00018193035665795863 198.82820751645923 -0.0023519199726202526 0.9999405062111416 -0.010651408857428827 -0.07914572499621467 0.00015688749250246907 0.01065180715266115 0.9999432555853843 2.105783177026685
0.999980447434453 0.002745309428324564 -0.005618542954716743 200.24717457514387 -0.0027649912383888994 0.9999900585032204 -0.0034982450139052312 -0.06737161553311741 0.005608883332970789 0.0035137118362826006 0.9999780968885712 2.133782760501448
0.999973409505671 0.004034577104795374 -0.00607474025692844 201.67906066914318 -0.003999085794688229 0.99997493128746 0.005843296111491149 -0.0549869724905685 0.006098163199719145 -0.00581884732789113 0.9999644760797076 2.169345658946658
0.999983355836365 0.00530720596026589 -0.0022630985699159272 203.1230751898677 -0.00527874522844136 0.9999091610042173 0.012401797799332962 -0.037928417631499296 0.002328711887513111 -0.012389645061003585 0.9999205337406605 2.2042901705988087
0.9999816746555636 0.006053064324194396 0.00010375616423302414 204.55344952729803 -0.006053934027657761 0.9998750599418806 0.01460186251851231 -0.036021197405486115 -1.535718785423643e-05 -0.014602223067325474 0.9998933817390977 2.2422050432651783
0.9999838500063933 0.00566023743425647 0.0005113106482586273 206.00283096611744 -0.005666418619287605 0.9998990891980898 0.01302701504034416 -0.04476443183514457 -0.0004375230533031083 -0.013029701954312075 0.999915014108979 2.264431391451688
0.9999904366338653 0.004346315380816599 0.00048598705937350785 207.44109616803257 -0.004350653040502191 0.9999471752696466 0.00931227621883297 -0.04977696978545888 -0.00044548729787781475 -0.009314301523203452 0.9999565217189207 2.2862903420414304
0.9999950032489321 0.0031608024382260296 -5.296333317099244e-05 208.8722694397076 -0.0031603308448001012 0.9999682889257879 0.007309818861173754 -0.06027132936534086 7.606654692619236e-05 -0.00730961495417309 0.9999732815146123 2.3090929708376278
0.999995931398391 0.00278136058670977 -0.0006334192538203739 210.34727559129027 -0.0027762334984818737 0.9999644948151615 0.00795623256452279 -0.05738946025380404 0.0006555259158263473 -0.007954441674031138 0.9999681480644412 2.31969352520491
0.9999966721188244 0.0025630923141210307 -0.00029378404590135396 211.79217954240764 -0.002560460176580262 0.9999594430546341 0.008634598401204716 -0.05593492119675264 0.0003159034037155045 -0.008633817443937193 0.9999626780042264 2.3359372801850102
0.9999968536322169 0.0025063550693456183 0.000104450624641633 213.26286939183527 -0.0025072585836700347 0.9999488053570882 0.00980307703360246 -0.04973010957922 -7.987528551084743e-05 -0.009803308074241908 0.9999519432306436 2.352275917613836
0.999997432257409 0.0022637674514797835 0.00010409377628862725 214.72849784903818 -0.0022646695023345455 0.9999505271081452 0.009685794143367878 -0.049307065120743614 -8.216224094500045e-05 -0.009686005010742273 0.9999530861776956 2.3786610766551273
0.9999980082104466 0.001863817652950172 -0.000713974016457141 216.18614053201603 -0.0018567744279137472 0.9999508253079856 0.009741629976664914 -0.049857918398427875 0.0007320955289237921 -0.009740284884692139 0.9999522943053342 2.3988033455731887
0.9999977746981867 0.0016977669002604609 -0.0012522724252420376 217.66877050938638 -0.0016867363179172913 0.9999602294933992 0.008757531164773211 -0.050939619559125626 0.0012670908682728352 -0.008755399423243649 0.9999608679651775 2.4221099508936623
0.9999986488711584 0.0011265430796570427 -0.0011971451654937534 219.1369659299725 -0.0011156158505338848 0.999958066966201 0.009089538519237415 -0.054301922352500316 0.0012073347222811893 -0.00908819068397775 0.9999579726833324 2.4435810812210224
0.9999984596315578 0.0009545956427946141 -0.0014729160432642714 220.62808613563644 -0.0009401103916701942 0.9999514981731511 0.009803952964093695 -0.049366831352635254 0.001482203414927065 -0.00980255315871561 0.9999508553047032 2.4688938348521914
0.9999985194909228 0.0007800076757242749 -0.0015338200639356584 222.11593024114737 -0.000766099183808233 0.9999587756889032 0.009047652446367974 -0.05120217864067358 0.0015408140716156287 -0.009046463992937308 0.9999578928041026 2.4913707303704244
