1.0 -2.1684043449710093e-19 -2.5135375298442207e-37 0.0 2.1684043449710093e-19 1.0 2.3183291766350204e-18 -8.673617379884035e-19 -2.51353752984422e-37 -2.3183291766350204e-18 1.0 0.0
0.9999995295397155 -0.00043795438269228005 0.0008655150527340376 1.3229969388795335 0.0004380674950230034 0.9999998955329614 -0.00013050262823914883 -9.86459097629952e-05 -0.000865457808118253 0.00013088172085390113 0.9999996169263053 0.01638626271902344
0.9999991195464726 -0.00047845781741076945 0.0012377335724627666 2.622665709844006 0.0004794223443770867 0.999999581586909 -0.000779089354681296 0.007719467432239884 -0.0012373602931866278 0.0007796820658603499 0.9999989305171186 0.02559352705217282
0.9999991095313371 -0.000862290471686638 0.001018524263468968 3.947026358032867 0.0008639818478427944 0.9999982467350887 -0.0016613434669291362 0.012107230776847038 -0.0010170899170843838 0.0016622219740300651 0.9999981012713022 0.057196606946866874
0.999999438836951 -0.0003709653728523718 0.0009923257908444592 5.260530144320671 0.00037395725644744516 0.9999953803195131 -0.003016537021602634 0.015449890903091752 -0.0009912021758354248 0.003016906416263768 0.9999949578842496 0.06948332622234014
0.9999987627134198 -0.0007574538502263751 0.0013787078350575674 6.58487826552109 0.0007622770291398609 0.9999935803306382 -0.003501175694283935 0.012070609581524833 -0.0013760470051991656 0.0035022223196387926 0.9999929204416715 0.07885273068577339
0.9999964302098705 -0.0005175050558183555 0.0026214034471873805 7.912631513926172 0.0005281469887914297 0.9999916163902239 -0.004060567697441809 0.01471014024317769 -0.0026192801060508945 0.004061937688404362 0.999988319948759 0.10766289622897948
0.9999958277852735 -0.00038618533197424604 0.0028627387122866625 9.235313677723813 0.00039844247069770937 0.9999907516192419 -0.00428227971777442 0.034555657969321835 -0.002861058482974625 0.004283402487869403 0.9999867333157395 0.11108317890465633
0.9999967571893692 -0.0009327648597874615 0.002369717380199282 10.562191799067968 0.0009421484051092884 0.9999917084183403 -0.003961748471531941 0.025691180632541756 -0.0023660023517365525 0.003963968249782197 0.9999893444375226 0.13086211096871475
0.9999997648770593 -0.0006783902609262917 0.00010016226765490956 11.883549882591167 0.0006785301307437765 0.9999987855018402 -0.0014030651112340708 0.04108188356168734 -9.921032030111314e-05 0.0014031327444578433 0.9999990106874175 0.14171698485870896
0.9999992052876265 -0.0009514519580300831 -0.0008271416366408987 13.238835843271431 0.0009534734909967382 0.9999965514129734 0.002447049337974004 0.045290586596715816 0.0008248105342869698 -0.002447836050897453 0.9999966638875604 0.15787596854114314
0.9999991495377962 -0.0007299332104834733 -0.0010807965547388735 14.576947249216976 0.0007352725769333275 0.9999874878318868 0.004948085883426008 0.06997467322527759 0.001077171259416047 -0.004948876355333926 0.9999871740801968 0.1726242285635846
0.9999999249415383 -0.00015327769576514637 0.0003558410683425604 15.917503632307014 0.00015111667717194706 0.9999815957393692 0.006065092439092067 0.0854673474155592 -0.0003567641627444621 -0.006065038210335708 0.9999815438451048 0.19579467074161302
0.9999970657335957 -0.00013927084158346778 0.002418497019088282 17.271945616016396 0.0001278411844582178 0.9999888268477322 0.004725445622145692 0.06790160585795688 -0.0024191281136414816 -0.004725122572905829 0.9999859104186622 0.21544749306041344
0.9999883797586262 0.00016099091366965655 0.004818135494488278 18.626762437314184 -0.000158128273421811 0.9999998107744723 -0.000594513640439738 0.08342102676515556 -0.00481823029406821 0.0005937448486008803 0.9999882159925126 0.2290951250082927
0.9999932551287007 -7.499534585217684e-05 0.00367206655757695 19.961254449004727 8.336893883336872e-05 0.9999973967537922 -0.00228024894660513 0.07345443648462374 -0.0036718859902252305 0.002280539702911686 0.999990658152334 0.25184607652857044
0.9999994312446023 3.7253179538603694e-05 0.001065890553783545 21.316983812307093 -3.3985447158516467e-05 0.99999530050994 -0.003065583635156566 0.07373458068768043 -0.0010659997473790334 0.003065545666822234 0.9999947330232811 0.2489603890421412
0.9999999626462279 0.0002658750321781553 6.338777671512328e-05 22.669766016084235 -0.0002658067109577573 0.9999993864170924 -0.0010754125864430302 0.08642958809496716 -6.367366317749228e-05 0.0010753956973758698 0.9999994197347111 0.2944910899800649
0.9999990493721743 0.0009673751806771556 0.0009825680676096011 24.037811609343375 -0.0009686497855487928 0.999998689012115 0.0012975714409706556 0.09610970638331783 -0.0009813115410676177 -0.001298521971811115 0.9999986754332967 0.2809242912404254
0.9999824583637088 0.0016170974257033962 0.005698066407914586 25.439001943960474 -0.0016233727235406936 0.999998080788575 0.0010968501115729374 0.10593355871636626 -0.005696281758628627 -0.0011060809566107463 0.9999831643378021 0.2893372217536008
0.9999763138625584 0.0018951198508116848 0.0066166634039513455 26.79709045776899 -0.0018944490972165689 0.9999981997365621 -0.00010763945788831435 0.09497517680551602 -0.006616855481887513 9.510197631311912e-05 0.9999781038498522 0.3085836461170574
0.9999789363137723 0.00210246253424221 0.00614056838320638 28.162526520541036 -0.0020772312623981754 0.9999893864225967 -0.004112438746189494 0.09727926680663752 -0.0061491494581967735 0.0040995967424556235 0.9999726902608341 0.333768342342296
0.9999911462568641 0.001873567726100638 0.0037679108082232186 29.530969790198593 -0.0018574688306412352 0.9999891515536866 -0.004271602097718122 0.102671164512546 -0.0037758730680741304 0.00426456550116746 0.9999837780002534 0.3237349421325809
0.9999944385659153 0.002656133294173426 0.002016877081893451 30.912810168208694 -0.002647220872819095 0.999986777232796 -0.004408807232894419 0.10288743561670799 -0.0020285607928762013 0.004403443594494502 0.9999882472437462 0.35804526275747567
0.9999949772134085 0.0030547956610820215 0.000844849941492923 32.29424187440339 -0.0030532455734909973 0.9999936643886582 -0.0018299928993102106 0.10539297661077907 -0.0008504348432206753 0.0018274041733022859 0.9999979686752193 0.35227586502826835
0.9999931214092861 0.0035279015084491304 -0.0011450087596054012 33.68308923733845 -0.0035288555719919404 0.9999934272151351 -0.0008322889403999072 0.11053365302181513 0.0011420650003008536 0.0008363237859662435 0.9999989981245282 0.38207829782451647
0.9999926088920208 0.0037907358011480445 -0.0006422487180089354 35.07455542370317 -0.0037906070348787046 0.9999927953036105 0.0002015916125186069 0.12719346624584943 0.0006430082713447011 -0.00019915561002460457 0.9999997734386773 0.37880518546728326
0.9999945866485351 0.0032002921077633295 0.0007647248201021616 36.472231494108925 -0.003200076626800902 0.9999948397440909 -0.0002828334715671226 0.11861929632922504 -0.0007656260236532573 0.00028038476246739153 0.9999996676005333 0.4095816318156234
0.9999927685521581 0.003067085479277018 0.002248517300936844 37.871393411789526 -0.0030693077230832164 0.9999948040253224 0.0009855315611978779 0.12829118186637825 -0.0022454829081571667 -0.0009924258258950482 0.9999969864442039 0.4197973966825855
0.999992765631079 0.00261826563077085 0.0027592336966366852 39.265955917125396 -0.002627836632070149 0.9999905238991866 0.003470819278695152 0.12531225037861263 -0.0027501200230319843 -0.003478044984892496 0.9999901699731564 0.4304163787915279
0.9999914346536233 0.0031139779984236293 0.002726492327837126 40.661839596533525 -0.003130931805963895 0.9999756535781206 0.006236146008313342 0.14036051308164366 -0.0027070067260398165 -0.006244629055110666 0.9999768380930376 0.4546385557614356
0.9999897336749509 0.003209531269321055 0.003198664366874851 42.081295399936955 -0.003236769580474919 0.9999582348004453 0.008547044954858094 0.14346585444734475 -0.0031710987659763503 -0.008557310547637227 0.9999583574173515 0.47213181181493086
0.999990055026045 0.0028880736661077173 0.0033983642398119425 43.47246350017457 -0.0029187057443773308 0.9999548461750759 0.00904360369310842 0.14681287340449198 -0.003372092196995249 -0.009053432579933459 0.999953331087374 0.4695826374020659
0.9999914602793206 0.0025466448244217416 0.0032548377179618545 44.89794070212615 -0.0025735443740314487 0.9999623489732865 0.008287189220850385 0.15456058794938796 -0.0032336106424417045 -0.008295494919866668 0.9999603634775969 0.48562748019422763
0.9999942501524384 0.0016079368791965703 0.0029856659315913602 46.299047151163606 -0.0016315927011902745 0.9999671650947135 0.00793767205793611 0.145127260322615 -0.0029728046218963555 -0.00794249780827396 0.9999640389340236 0.5088169305522497
0.9999937663400383 0.0007690783349933132 0.0034461282012529775 47.72527690432114 -0.0007928163626925505 0.9999759338420519 0.006892254996105141 0.1533813840257981 -0.003440744582190623 -0.006894944178957014 0.9999703100699986 0.5175827938220035
0.9999902334801841 -0.0002949597835051835 0.004409755432329473 49.128036858540156 0.00026173915347736947 0.999971598923655 0.007532120464006594 0.1568844555856113 -0.004411851863150176 -0.007530892695748926 0.9999619098837428 0.5366871111188752
0.999988927382984 -0.0011010317033184325 0.004575242137594398 50.55214608846751 0.0010617562009362512 0.99996264515426 0.008577935058353359 0.17438287780906953 -0.004584515808578379 -0.008572982286453293 0.9999527419780982 0.5557295781879182
0.9999859569298646 -0.002364377832517903 0.004742959047713114 52.00496222781712 0.002323955110027677 0.999961087423301 0.008510162857201173 0.17941328755114092 -0.004762895727366073 -0.00849902092447172 0.9999525396075635 0.560327785241328
0.9999760040901048 -0.0034396242307829245 0.006013337603843382 53.41006659869863 0.0033828937269890277 0.9999499183088632 0.009418965130512732 0.1950329346799249 -0.006045434146418616 -0.009398396631815844 0.9999375594839571 0.5841991430574186
0.99996798811254 -0.004326777286322537 0.0067306573582184915 54.866732112747734 0.004277914381536623 0.9999645149862993 0.007257287148740435 0.19531235261297253 -0.006761819185945412 -0.007228261653371047 0.9999510138175604 0.588371705071769
0.9999589895181439 -0.004785886272726421 0.0076886002911560536 56.269839012373176 0.004746599056912611 0.9999756276684373 0.005119947900859537 0.2037862245728085 -0.0077129163904163045 -0.0050832432264380665 0.999957334869371 0.5869995010894828
0.9999581197559434 -0.005306886614133914 0.007456251646976619 57.697252006403424 0.005278591513216803 0.999978812306491 0.0038093844300987867 0.21031312694759158 -0.007476309637442178 -0.0037698663854850096 0.9999649458364231 0.6121246795573774
0.9999574126665316 -0.0052074889006607575 0.0076193774421134015 59.14759030525754 0.00518902386665485 0.9999835571611772 0.0024411961392303487 0.22623468160830398 -0.007631964659717567 -0.0024015550438001272 0.9999679923121562 0.6201640740864052
0.9999561948154129 -0.0047886325384826735 0.008042229087236077 60.5424906914094 0.004781203606028734 0.9999881256218707 0.0009427127534826185 0.23422166044872714 -0.008046647895732662 -0.000904219923064037 0.9999672163846036 0.6293130248973914
0.9999493891584279 -0.004294545077797793 0.009098131910541318 62.000055596863625 0.004292139243234812 0.9999907484163377 0.00028394092595582525 0.2470672395148993 -0.009099267135518726 -0.00024487610645324454 0.9999585708284563 0.6443919853772079
0.9999524835733699 -0.003850576080788246 0.008955649574181813 63.398735811769654 0.0038671096927436668 0.9999908490038718 -0.0018295822310285936 0.2610452620265401 -0.008948522675490598 0.001864127775091883 0.9999582236121489 0.6538091183959618
0.9999612208437042 -0.003300409305794976 0.008164809072036839 64.80743410565921 0.003325513107514101 0.9999897795335931 -0.003062970931513116 0.26508948273534094 -0.008154616566114256 0.0030900043316740423 0.9999619763280452 0.6612930482707801
0.9999645514269963 -0.002654851293478499 0.007990472702882568 66.26107732104403 0.0026822436738441723 0.9999905566999994 -0.003419368318766953 0.2713749610733465 -0.00798131933204773 0.00344067950189781 0.9999622294198341 0.6710379775712638
0.9999664185981374 -0.002038713022129768 0.007937589383942442 67.62941125236172 0.002051291245890358 0.9999966529133552 -0.001576821585073898 0.27735731365942673 -0.007934348129443958 0.0015930509408113372 0.9999672536180675 0.6836345451832914
0.9999556835283251 -0.0014192860635525763 0.009306804310290786 69.10174190929965 0.0014082366639928629 0.9999982959918116 0.0011936846198202348 0.3008406394522527 -0.00930848263136522 -0.0011805255368752335 0.9999559782863235 0.696445513749529
0.9999446023088889 -0.0007057502543809431 0.010502105974343598 70.46744189910054 0.0006520641456921925 0.9999867083455333 0.005114483807302696 0.31261326449721183 -0.010505575932227847 -0.005107352429948417 0.999931771585186 0.7103132045107116
0.9999327094894787 0.00016350637224056804 0.011599558556091894 71.9203107485022 -0.00026419131908492785 0.9999623012983286 0.00867906591158159 0.33148890194937064 -0.011597702185212728 -0.008681546395481288 0.9998950565215363 0.7172072689992441
0.9999361362994904 0.0005500126393042213 0.011288082589335717 73.29048323914651 -0.0006917915310260383 0.9999208808818532 0.012559992075500867 0.336324861725982 -0.011280281331804592 -0.01256699894786538 0.999857402728269 0.7160857719617313
0.9999411917857017 0.0012588297422357246 0.0107716441581762 74.68391788461145 -0.001442277219217036 0.9998537717183805 0.017039806834341465 0.3512348088538733 -0.010748618823515712 -0.017054340450712403 0.9997967876849665 0.7309868919648904
0.99994102875238 0.0020057716199288946 0.010673139080922168 76.12919813290974 -0.0021893058807538807 0.999849464013283 0.01721209609870824 0.3598163996180046 -0.010637008855524975 -0.01723444784608311 0.9997948928905609 0.7174937783076386
0.9999332320389802 0.002377421746578581 0.011308374326929714 77.49778267267297 -0.0025856699704235094 0.9998266886074585 0.0184365685269367 0.3664585501618626 -0.011262582957879505 -0.018464577278759404 0.9997660794461041 0.736911216601051
0.9999296416674243 0.002468344046352884 0.011602542502635869 78.92455816251476 -0.0026719638280703803 0.9998421186599421 0.017566967948387847 0.36610744379176474 -0.0115573493569296 -0.017596733539695278 0.9997783667616412 0.7519613010257705
0.9999430128452989 0.0022397533505642284 0.010438130426234917 80.28832560474963 -0.0024080763787572234 0.9998668223414793 0.016141212745847226 0.37011937035774145 -0.010400587965135738 -0.01616542871937722 0.9998152362733318 0.7535483596979393
0.9999419368038045 0.001980569281146179 0.010592467435812037 81.66394118307193 -0.002150700765072768 0.9998684861542301 0.01607435478851984 0.37032300708341925 -0.010559238006374974 -0.016096202687922247 0.9998146902060171 0.7640805490049923
0.999937044820779 0.0015354425966984224 0.011115251284590356 83.08207892154178 -0.0017072601731786248 0.9998789541497731 0.015464873457509982 0.3773487008591286 -0.011090160404088917 -0.015482876489462888 0.9998186279910091 0.7684104773602833
0.9999456711787517 0.0013529681043307528 0.010335577786682227 84.42591938960445 -0.001514077847868766 0.99987722876064 0.015595992248439883 0.3890676600191543 -0.010313207994920325 -0.015610793805936567 0.999824955108444 0.7695161803512038
0.9999443319922564 0.00046580048531749056 0.010541154892515094 85.84348309350742 -0.000630168636281681 0.9998781912746961 0.015595047314194758 0.3902250672431435 -0.010532606707266906 -0.01560082187418356 0.9998228235806582 0.7693224797117911
0.9999323429470747 -0.0007007219969361992 0.011611137629746552 87.19712094960713 0.0005241196869762432 0.9998842477422191 0.015205802035092118 0.39950864661024027 -0.01162044865431755 -0.015198687629519115 0.999816965782944 0.7836743013884464
0.9999166075728727 -0.0017840180580888816 0.012790433125032292 88.57680067428832 0.0016085935556969847 0.9999046855679605 0.013712483582870852 0.4022227109292343 -0.01281367733049653 -0.013690765457283436 0.9998241708492867 0.7894534875821524
0.9999068572133871 -0.002856288731861459 0.013346104762345117 89.9547279132115 0.002696299111725882 0.9999244773667333 0.01199039340328582 0.4021059051337751 -0.013379344854938002 -0.01195329149421594 0.9998390430232794 0.79284089543541
0.9998988449129889 -0.0037053905697531095 0.013732080046231377 91.31906768604561 0.0035572169548762195 0.999935360870603 0.01079908737406982 0.41169850124892954 -0.013771207253050198 -0.010749147003480683 0.9998473932003279 0.8064401462951734
0.9999052541476554 -0.004155930397551515 0.013122917756475772 92.70688846316224 0.004024319190199489 0.9999415035175023 0.010039641338834946 0.42591544731237996 -0.01316387416256749 -0.00998587931470027 0.9998634879979088 0.8064101436016112
0.9999011465864561 -0.004274653122719108 0.013394939185028052 94.01988607401826 0.004157802551948286 0.9999531682111933 0.008739225499769514 0.4342305189469312 -0.0134316690336378 -0.008682668085170432 0.9998720925907941 0.8264929526173032
0.9999096270718826 -0.004572395845928494 0.012642424023773068 95.4281875992159 0.004470524992816112 0.9999574082437221 0.008074410491593615 0.45051089256537014 -0.012678804961720368 -0.008017162510906613 0.9998874801746527 0.8144032741317415
0.9999131022983694 -0.004470075937061134 0.012401865713173794 96.75990957611542 0.0043791179680055595 0.9999633872187921 0.007351703730596542 0.4580539576294576 -0.01243427432032041 -0.007296755651457933 0.9998960676885823 0.8152367242779492
0.999922426521187 -0.004253281534070249 0.011706858510005197 98.10296889605205 0.004155313394708875 0.9999562528567709 0.00838008014504065 0.46824476532480386 -0.011741989208524126 -0.00833078440709448 0.9998963564893061 0.8231826465737957
0.9999221146478134 -0.00387509585185977 0.011863737622864787 99.4715218442015 0.00374934514270801 0.999936751658613 0.010603541550925378 0.4912853236928487 -0.011904077001016504 -0.010558234443326608 0.9998734003043553 0.8251474636922493
0.9999043303527804 -0.0038274317440488087 0.01329213707431945 100.80999653694869 0.0036845597526854114 0.9999353586052612 0.010756515718238139 0.49640786129702935 -0.01333244768175525 -0.010706510972882846 0.9998537975432212 0.82885173788037
0.999882033446133 -0.0037818367087036338 0.014886802972262544 102.15454676329469 0.003620898862646312 0.9999348746119895 0.010822921330738547 0.5149696108100782 -0.014926763984626739 -0.01076774098005568 0.9998306093889773 0.8314383237953585
0.9998949185825683 -0.003574647603215261 0.014048974598594768 103.49341273616432 0.003428667523334058 0.9999400279916953 0.010401185460419743 0.5254265613678134 -0.014085312626050155 -0.010351923226166244 0.9998472091543518 0.838018428711235
0.9999255900154577 -0.0034190033552922074 0.011710031951073646 104.82014118551977 0.003296982705663038 0.9999402365956818 0.010423681787670466 0.5359226938156233 -0.011744970722706118 -0.01038429838884432 0.9998771034530665 0.8416293587643162
0.9999365657897062 -0.003591902644189649 0.01067532819556296 106.14751181967965 0.003498771894216977 0.9999557733262608 0.008729833143412564 0.5452930521310525 -0.010706212772056954 -0.008691928835088939 0.9999049091694695 0.8489340742381584
0.9999263969712734 -0.0031716039038596077 0.011710745865422926 107.50009418124138 0.0030788420714549436 0.9999638122115817 0.00793063671967246 0.5534807666055999 -0.011735474917809534 -0.00789399746373158 0.9998999767139192 0.8526823859712465
0.9999014497619384 -0.002656300405678308 0.013785312188281232 108.82839953575396 0.002599260119308856 0.9999879938832373 0.00415402650575055 0.5588802960019591 -0.013796181022505915 -0.004117785513246272 0.999896349244091 0.8474285530363477
0.9998849773626458 -0.0018266786064103967 0.015056403613419084 110.1725590986023 0.0017802236757648495 0.9999936159011275 0.003098218948474983 0.5728584147002797 -0.015061966942120905 -0.0030710588169759485 0.9998818458945922 0.8601805458592268
0.9999066218394752 -0.001139863119230255 0.013617940873644752 111.48076564872436 0.0011042405142309205 0.9999959500145877 0.0026230911743388447 0.5787809739653538 -0.013620875686070876 -0.0026078087528770165 0.99990383091528 0.858996088592762
0.9999317487532936 -0.00036429734985922126 0.011677547799983633 112.82287907567104 0.00032125292339196424 0.9999931486312373 0.0036877482483406174 0.5866863540229112 -0.011678811229711232 -0.003683745108556335 0.9999250148837341 0.8625628649759632
0.9999528484916341 0.0007152235622979661 0.009684484948767667 114.17522608970324 -0.0007830326045838769 0.9999751942295259 0.0069998418240770945 0.5878001896074947 -0.00967923826585193 -0.007007095038450253 0.9999286039341584 0.8721929569395681
0.9999570564344945 0.0020929514665278754 0.00902800315795694 115.48341495637469 -0.0021811396498713316 0.999949898168667 0.009769533371690741 0.6037152566699205 -0.009007103679267872 -0.00978880516874142 0.9999115217741414 0.8639410734356276
0.9999288043859441 0.0035348771472268246 0.011396964633200272 116.85188331904953 -0.0036553101892639038 0.9999375219523426 0.010563659367314416 0.613617757454336 -0.011358911335012161 -0.010604566722049501 0.9998792518589037 0.8720675969114722
0.9998976539957403 0.004338641249009099 0.013632964678573426 118.15558326392512 -0.004484755129258333 0.9999326377910542 0.010705458965166203 0.6194051445958607 -0.013585599186102354 -0.010765503812486582 0.999849756424643 0.8699393642875635
0.9998790864470042 0.005309129424388461 0.014615937556634992 119.52586187630956 -0.005458553172180316 0.9999330543161756 0.010202503770668047 0.6157280290267346 -0.014560792669729242 -0.010281052022001842 0.9998411290230814 0.8780001272284648
0.9998821842518925 0.006253189585476454 0.014018389196784305 120.8324211009276 -0.006402856081950381 0.9999227117933087 0.01065710438671792 0.6140028978292328 -0.013950664846460225 -0.010745606540519719 0.9998449434239381 0.8790339517322953
0.9998744121763696 0.007653909472102762 0.013877231163028437 122.15212456079877 -0.00782840431216512 0.9998904278795274 0.012563770167464041 0.6104105006190222 -0.013779548645893541 -0.012670828887189683 0.9998247717147376 0.8808465786486348
0.9998728398121152 0.008711651429228945 0.01335707061566656 123.52197360783651 -0.008901012276364827 0.9998597898536271 0.014183533209915713 0.6102839914309852 -0.013231635821480745 -0.014300621078694191 0.9998101900112099 0.8741837697203867
0.9998684926308373 0.009942965618723657 0.012811513526588228 124.84184255051177 -0.010136664172644956 0.9998339409676285 0.015143927119209326 0.6115755437197193 -0.012658810512370033 -0.015271801591357412 0.9998032439398095 0.8791447690488225
0.9998639853417353 0.011060034270886532 0.012234641738492218 126.17684490713378 -0.011247490539032758 0.9998187570907036 0.015360563992743218 0.6018706070914874 -0.012062535932249447 -0.015496083748083136 0.9998071647149542 0.8718611603649088
0.9998604365656214 0.011875962509752569 0.011750272561599532 127.5218182091354 -0.01205578372606037 0.9998094540359348 0.015352970367857545 0.5939348732213116 -0.011565702294084235 -0.015492486399310001 0.9998130912303619 0.880455861839222
0.9998342695599479 0.012907438073629499 0.012838670332276196 128.84642100535703 -0.013100838573406999 0.9998002249675401 0.015095634585193841 0.5910111413152915 -0.012641259517903295 -0.015261330126551512 0.9998036258988909 0.8822516987130135
0.9998113638438264 0.01376999685287259 0.013697587941674317 130.21892386594834 -0.013975258727955868 0.9997897617659806 0.015004146473906882 0.5784525281409533 -0.013488101135249397 -0.015192743484823204 0.9997936045370412 0.8854874358333472
0.999796483564534 0.01408320471122285 0.014444888267285173 131.54504582516026 -0.014273642832403177 0.9998114352614401 0.01316651209515796 0.5590113360530522 -0.014256737785536627 -0.013370013669430032 0.9998089758359813 0.884387873363792
0.9997926408841822 0.014122648484762232 0.014670583955948932 132.89623543447857 -0.014294714763050291 0.9998294790354108 0.011690764800576042 0.5457834513016987 -0.014502977752025107 -0.011898052426981432 0.9998240345104579 0.8921047901396685
0.9997828555621441 0.013962198263067003 0.015469283877017534 134.22444692173963 -0.014111635258854501 0.9998544020185498 0.009593566305042859 0.5315636711302001 -0.015333084305709671 -0.009809780007268665 0.999834318645786 0.8756458413014361
0.9997877696866208 0.013431979960574231 0.015620419309073777 135.56017944333354 -0.01356817125252643 0.9998705695015501 0.008645748869129928 0.5125085927057123 -0.015502268024862296 -0.008855854503359819 0.9998406140616117 0.8931867980817029
0.9998130783449154 0.012268491756234698 0.014942974285309427 136.91127770719845 -0.012391672777943763 0.9998897699373044 0.008178900934050774 0.504214709764513 -0.014840984341632633 -0.008362540568024192 0.9998548960219276 0.886918210773173
0.9998034500498649 0.011275887759670084 0.016306919501194207 138.2311275176973 -0.01133533938827955 0.9999294229841824 0.003557967323163656 0.4887753365758186 -0.016265649367290063 -0.003742112471787096 0.9998607029206162 0.8691308555754925
0.9998103310384379 0.010229266724562456 0.01657299161548636 139.56434953320166 -0.01028988294870113 0.9999406620994911 0.0035763932856271606 0.4714650102887239 -0.01653542432812813 -0.0037462490986596977 0.9998562623497337 0.8715567096667993
0.9998169203148031 0.008918089688568725 0.016929073469313046 140.9313666709742 -0.00895186457810095 0.9999580873076326 0.0019203511752661758 0.4695556095443877 -0.016911238062250093 -0.0020715463711075523 0.9998548488269856 0.8737336584757889
0.9998328560925377 0.007747755410497514 0.016559956640578053 142.2616101766111 -0.007779845119739818 0.9999679800926685 0.0018742463288676464 0.4657001016752202 -0.01654490519016592 -0.0020027669578659966 0.999861117874258 0.8665825142177668
0.999847372163352 0.006722188716704522 0.016125897088121673 143.60404735268406 -0.00675959473209785 0.999974585694743 0.0022662399883296687 0.4560225725786153 -0.016110253166771643 -0.0023748986260301442 0.999867401008463 0.8606974202081331
0.999883409776009 0.00597362314302656 0.014052853135460161 144.965087261573 -0.005973425562771387 0.9999821573644366 -5.6034037444560526e-05 0.4404929093917347 -0.014052937121745913 -2.7916167725646016e-05 0.9999012522139074 0.8647893835390362
0.999901660308433 0.00489403641243672 0.013142226601027287 146.2714699639558 -0.004837278789676263 0.9999788517536207 -0.004347042606338221 0.4550445577450006 -0.013163223250782988 0.004283042505522816 0.9999041879602995 0.8727797954906259
0.9998656472027386 0.0039219808637707375 0.015915577587787895 147.66541083044186 -0.0037255352632529306 0.9999167471760178 -0.012353910471340688 0.4392434745087359 -0.015962704371469738 0.012292956643373404 0.999797017042016 0.869658547105589
0.9998373686689487 0.002552516168072225 0.017852755371773187 148.96443014656157 -0.0022044883443373886 0.9998076813452784 -0.019486932906895606 0.42823657683610494 -0.017899062665188002 0.01944440752992747 0.9996507082834072 0.8710119375401285
0.99989111169522 0.0016624964673015842 0.014662907569555333 150.27089773937345 -0.0013457655505563291 0.999766126040439 -0.02158430302733745 0.39812755884771917 -0.014695362124835479 0.02156221991329284 0.9996595005322715 0.8672447586721868
0.9999304507631891 0.0017798304778325026 0.011658723772163277 151.66260712552526 -0.001549356545519399 0.9998037955204598 -0.01974765700475123 0.4112635437383232 -0.011691583760136296 0.01972822005028894 0.9997370175215214 0.8802553180356062
0.9999512676938105 0.002610008394511919 0.009521034277953467 152.98713176170997 -0.0024520234652082628 0.9998597453266019 -0.01656735514042426 0.41896649024097915 -0.009562939844391768 0.016543201975538213 0.9998174196571737 0.8787999064235518
0.99994712360688 0.003520751458570021 0.00966200287175934 154.35361693198922 -0.0033553378021742874 0.9998484423035577 -0.017083153437890623 0.4230747096031068 -0.009720684058244505 0.017049830858873384 0.9998073872347231 0.8809196923068481
0.9999128060501474 0.0039079157002040255 0.01261382145903042 155.6906854477002 -0.0036584273498053697 0.9997984182437489 -0.01974180302362922 0.4269782542491289 -0.012688428044734048 0.019693934908435098 0.9997255386962843 0.8771106302435274
0.999868731299837 0.004552339585986626 0.015549802993869204 157.0178000527979 -0.0041103600977749205 0.9995899435997148 -0.028338129687506035 0.4199260744570745 -0.015672431487197647 0.02827049448830264 0.9994774404821081 0.8709335984868997
0.999849636131701 0.004647753656119923 0.01670639138944656 158.35781243957396 -0.004105222397898394 0.9994677388574479 -0.032363345504508034 0.40321915726583235 -0.01684791608387054 0.03228989577456686 0.9993365350844021 0.8568844840219918
0.999844280153435 0.004532813937474901 0.017054883238173474 159.69733692708277 -0.003969510413388788 0.9994501409179732 -0.03291897334549521 0.3933522283654888 -0.017194721036919883 0.03284614767140371 0.9993124997475068 0.873159831058937
0.9998348072660216 0.005589703622960613 0.017294894990287066 161.05613510243498 -0.005036701225708634 0.9994798139564613 -0.03185487614668426 0.3937936520982008 -0.01746395774389473 0.03176250473380696 0.9993428608205265 0.8542835528696455
0.9998334747011396 0.006781732936799903 0.016941988236907547 162.40983691426047 -0.006281626650046643 0.9995480013630195 -0.029399560163760687 0.39612521987278454 -0.017133710446806734 0.029288241148404316 0.9994241516477166 0.8418411521926916
0.9998491567029822 0.007668873139579297 0.015583716665293752 163.7579752954038 -0.007242128135784072 0.9996021873981557 -0.027258366218234468 0.39716998651039453 -0.015786558218940563 0.02714139520348098 0.9995069430704363 0.8404701993126938
0.9998603955514431 0.008277591281542807 0.014514506201980493 165.1101102076467 -0.007935390228858157 0.9996928675124903 -0.023477653770560086 0.39618406760306585 -0.014704386747747973 0.02335919791496014 0.999618991857969 0.8325093151473867
0.9998390802912318 0.008376456908302595 0.01586343254302269 166.44535706265185 -0.008050153198848808 0.9997569735358133 -0.020522887223449127 0.3982573250790808 -0.016031486389563067 0.020391881624183112 0.9996635246961683 0.8419319053596874
0.9998374579637467 0.008302364284712142 0.01600401199315671 167.77295828212837 -0.007968554924833799 0.9997516927623015 -0.020809972400816012 0.38995216960494594 -0.016172810052772976 0.02067906105694244 0.9996553489322209 0.8263823490252918
0.999874142129457 0.007777479478101101 0.013827896219248625 169.15853303348922 -0.007523569949492474 0.9998038623275535 -0.018320283025148633 0.3851765555786669 -0.013967669673130447 0.0182139421288795 0.9997365435533644 0.8271561650408674
0.9999091015292417 0.007164803024221505 0.0114216582249994 170.57675324777023 -0.006993828226010109 0.9998639372415358 -0.014939657646652161 0.3901514824378439 -0.01152714386696264 0.014858418538936588 0.9998231605402988 0.8301235125362827
0.9999271316861926 0.006835973256339164 0.009949913942442486 171.91071678688175 -0.006741383799176585 0.9999320616024813 -0.009509254643966283 0.3894597883035004 -0.01001424297166766 0.009441485531960031 0.9999052821585924 0.8255651066652111
0.9999144193300024 0.007119409527480596 0.010975792633082253 173.27594577479528 -0.007059952813090031 0.9999602464384542 -0.005446339047757148 0.39307961434524286 -0.01101413102434079 0.005368384368336584 0.9999249318659139 0.8350618360503672
0.9998798316233592 0.007785246579992671 0.013405679711656793 174.68382928637942 -0.007781659967728752 0.9999696713246526 -0.00031968580377612975 0.40020874811599344 -0.013407761967959522 0.00021532894649966172 0.9999100887342098 0.8490791579676144
0.9998439054666549 0.007777261897035681 0.015864390898226596 176.01991705048502 -0.0077850301641779395 0.9999696046122184 0.000427968487822864 0.39711435530796263 -0.015860580270899847 -0.0005514064459604749 0.9998740610418902 0.8482404513528111
0.999829060044645 0.006985024212737236 0.017118999006632094 177.45813455157992 -0.0069287752068692785 0.9999704081853616 -0.0033428771640541923 0.39167581521188033 -0.017141842502317817 0.0032236920368974393 0.9998478709510147 0.8307322398310061
0.9998357639831887 0.0055828609397074805 0.01724171464446573 178.85556035317504 -0.005499862850048034 0.9999730778982514 -0.004857467172127366 0.38524690496153663 -0.01726836902501093 0.004761842335222999 0.9998395512724982 0.8305762065289536
0.9999025698471239 0.00340696791252738 0.013536741955155456 180.19203997884782 -0.0033192270848179718 0.9999733733661019 -0.006498868392102148 0.3802457566012611 -0.013558522953362875 0.006453303685823439 0.9998872543076353 0.8267373068640346
0.9999559073368858 0.0016920005850614922 0.009236910527101192 181.59821294197275 -0.0016644464641570667 0.9999941449873283 -0.002989917896870943 0.3898650638488699 -0.009241915387703801 0.0029744117203618086 0.9999528688267684 0.8419765319752054
0.9999643421068045 0.0011612025282345744 0.008364575517861546 182.99399161572705 -0.001172316283346726 0.9999984364951896 0.0013238888578889314 0.4195049071952622 -0.008363025136718607 -0.0013336475788843067 0.9999641399543775 0.834999651470481
0.9999569465756725 0.0007845874782657116 0.009246048753208669 184.32601958463414 -0.0008464545725782123 0.9999772689332433 0.006689180179100278 0.43267512946584424 -0.00924059033364884 -0.006696718547233058 0.9999348806052246 0.8412696488702882
0.9999171256996987 0.0010728650890844457 0.01282929043063653 185.7730614509441 -0.0011624240414346658 0.9999749959641436 0.0069754008385832 0.42554499416446434 -0.012821485982556502 -0.0069897358327505 0.999893370860207 0.8356200052083911
0.9998840122442996 0.0014660601875626847 0.015159575382177187 187.1387757325959 -0.0016077487346668423 0.9999551026525962 0.009338512892431532 0.43855239668507856 -0.015145203935492122 -0.009361802527418342 0.9998414771608497 0.8543118662727027
0.999868798448136 0.0016186440601550962 0.016117254148499124 188.59732313046436 -0.0017075696976090534 0.9999833884257157 0.005505186495680022 0.43621500066206614 -0.016108075478113295 -0.00553198554146113 0.9998549530008642 0.8259303752794083
0.9998572611112386 0.0014983825059492165 0.016828911224388555 190.01246060164107 -0.0015831065420231032 0.9999861353408306 0.005022240514618232 0.43418238623341576 -0.016821152659942464 -0.005048165605042537 0.9998457705302427 0.8307201249655523
0.9998459107898051 0.001641547432995776 0.017477413965752312 191.36967138828814 -0.0016770206972518212 0.9999965632781681 0.0020152005938774407 0.4364457502150955 -0.017474045853380325 -0.0020442000581645504 0.9998452275065556 0.8224275227055718
0.9998478863570629 0.0020573774862999343 0.017319680862901442 192.81845506061418 -0.0020718102673429185 0.9999975213471126 0.0008154151379683822 0.43999870996500473 -0.017317960316677615 -0.0008511741948401016 0.9998496705770124 0.8149312384492647
0.9998270048766389 0.002488623559681532 0.018432771690329676 194.18654788997196 -0.00243374119495445 0.9999925406191236 -0.002999268228518601 0.439415772883898 -0.018440098242840323 0.00295388877394147 0.9998256034518748 0.8033319394964509
0.9997962240911376 0.002851616989187809 0.019984458302662936 195.63918054885383 -0.002701968215798625 0.9999681396427952 -0.007511262682671118 0.4342450466060603 -0.020005240834959026 0.007455734697147503 0.9997720752047744 0.795152738364971
0.9997811206611567 0.0032257485469701238 0.02067136463403943 197.0564481995472 -0.002990914975283116 0.9999307589973978 -0.011381196707661476 0.4271770427960697 -0.020706646206769534 0.01131687930480737 0.999721542753615 0.7949127559313185
0.9998514526156096 0.003379062526300663 0.016901320625875706 198.47367609745123 -0.0032462691289664954 0.9999636967410459 -0.007878257213612823 0.43344299943004333 -0.016927328176579437 0.007822220683723641 0.9998261240957738 0.7987661730398167
0.9999217718766624 0.0035734596161740937 0.011986680666791828 199.89895535508248 -0.003548853874809377 0.9999915532896944 -0.002073399488653282 0.4480477539230297 -0.011993988628113609 0.0020306983123719088 0.9999260075131323 0.7881896662151914
0.9999233180787499 0.004896584526886731 0.01137459548089988 201.34901711276822 -0.004988742125177668 0.9999548484638072 0.008087860392760564 0.45558260765046144 -0.011334479008385535 -0.008143985123719263 0.9999025978023625 0.7795880453668007
0.9998691248468434 0.0060017528132675305 0.015023719285704477 202.79857986835106 -0.006209696559532366 0.9998850392074086 0.013832860797302756 0.4791372164326927 -0.014938970735821972 -0.013924343157487137 0.999791448163559 0.7672009206972971
0.9998245442061231 0.006917381467571807 0.017407775178065927 204.23692125335265 -0.007182537662858366 0.9998584335041841 0.015215916117023597 0.46827791955749204 -0.017300056524173997 -0.015338278397224752 0.9997326869018885 0.7607134609443593
0.9998173552512316 0.006491126123443412 0.01797557843526113 205.70068471680068 -0.006749402568670738 0.9998743255337915 0.014344988787435616 0.46612184478861546 -0.017880204232577863 -0.014463693165826743 0.9997355149621355 0.7569927572463477
0.9998203077301046 0.005172103184192615 0.01823736820736366 207.14136224407173 -0.005378108787501022 0.9999220859211958 0.011264902701518259 0.45436707928409814 -0.018177684020487826 -0.011360961035798586 0.9997702237854428 0.7528137522186221
0.9998327258781883 0.004076066836004956 0.01782991705364959 208.5692182480953 -0.004236637772910636 0.99995072899642 0.008977220054632177 0.4472856357885763 -0.017792446806798406 -0.009051257298108583 0.9998007319350944 0.7431419236009464
0.9998392572129233 0.0035588755531289636 0.017572539392680116 210.04305257582018 -0.0037086508261361347 0.9999570137010904 0.008498038541179627 0.4538126320857519 -0.017541540552635425 -0.008561842955515805 0.9998094764505112 0.7352236742868765
0.9998397487608532 0.0032670186946434088 0.017601232533055657 211.5091512868817 -0.0034425776574402165 0.9999445397601402 0.009953193605775418 0.45842218794343015 -0.01756773909489607 -0.010012192204028332 0.9997955443741302 0.7280968421554856
0.9998261280679577 0.0031540157005792136 0.018378406285541663 212.95078135277126 -0.003369860062671469 0.9999255773856902 0.011725345754054114 0.46142606367045236 -0.018340056591896036 -0.01178523970289119 0.999762346985198 0.7176982856611983
0.9998300127614874 0.0027454467997060296 0.01823206250630769 214.39886114077535 -0.0029561835064408994 0.9999290225117189 0.011541703419968219 0.4714082325140791 -0.018199081307587302 -0.011593638800145672 0.9997671633830207 0.7165706440666515
0.9998385655955457 0.0025515786746506557 0.017785730069602455 215.850862928965 -0.0027679345791924172 0.9999223477763789 0.012150594863608097 0.47123890535368906 -0.01775334576937553 -0.01219786307683836 0.9997679885105102 0.7149003179110316
0.9998496066657974 0.002297370186571277 0.01718971030808862 217.33665397396334 -0.002482913831298998 0.9999388079007435 0.010780333619431726 0.47285038955732955 -0.017163892016570682 -0.010821392898594863 0.9997941279416367 0.6970215887893839
0.9998458031266123 0.0017157659593847253 0.01747644464049018 218.7924631145601 -0.001928186461134743 0.9999243866375981 0.01214508560671028 0.47029057491580284 -0.017454285063290272 -0.012176910716427264 0.9997735097402479 0.6993394059275532
0.9998526790825284 0.001462835758098264 0.017102053766585464 220.2736350223999 -0.001693052386806043 0.999908049095849 0.013454624742028869 0.47552716229482833 -0.017080799311094356 -0.01348159726731644 0.9997632183822407 0.6967719366963971
0.9998540839461049 0.00146973469152567 0.017019127363996727 221.778820724039 -0.0016564858248316158 0.999938520154599 0.010964121749709253 0.47778921021335585 -0.017001966680579874 -0.010990713851558575 0.9997950476662831 0.6778398367274051
0.9998581183617881 0.0010277599625505797 0.016813294010511813 223.26553682251512 -0.0012463912972848505 0.9999147433586749 0.012998173821323782 0.4839802281602205 -0.016798501562895037 -0.013017285562461643 0.9997741548078879 0.6783995766790469
0.9998575332742274 0.0006437456632832344 0.016867090629334374 224.74625935481146 -0.0008572804380466164 0.9999195462323207 0.0126556759124242 0.49122808951463814 -0.01685758657185892 -0.012668332726557806 0.9997776428390972 0.665228967380786
