1.0 -2.1684043449710093e-19 -2.5135375298442207e-37 0.0 2.1684043449710093e-19 1.0 2.3183291766350204e-18 -8.673617379884035e-19 -2.51353752984422e-37 -2.3183291766350204e-18 1.0 0.0
0.9999996051917989 -0.0005752605321510217 0.000677267721610383 1.3273296131564947 0.0005753941083097035 0.9999998150465057 -0.00019704967556571635 -0.005147294397329037 -0.0006771542414461252 0.00019743929362565135 0.9999997512398984 0.014190926913472833
0.9999991949433092 -0.0005967494779263065 0.0011198226618697432 2.628292109638085 0.0005974884623972986 0.9999996039058764 -0.0006596935863360372 0.0026109771196390695 -0.0011194285465113297 0.0006603621363656997 0.9999991554004325 0.02238872817330788
0.9999988872748349 -0.001117982926636402 0.0009877060635002097 3.952068913162743 0.0011192782555432775 0.999998513100449 -0.0013118738802854152 0.0010290909243763538 -0.0009862379422804482 0.0013129779384500793 0.9999986517109183 0.04942137746404745
0.9999992821443365 -0.0005474306212199864 0.0010658473279201277 5.267740877157508 0.0005495005897131223 0.9999979618565761 -0.0019427639577488751 0.012071868060146682 -0.0010647816270901312 0.0019433482468600017 0.999997544815825 0.054373423007450884
0.9999984227272785 -0.0009066756234279397 0.0015272466301206708 6.589238739993435 0.0009101348451881187 0.9999970188182309 -0.002265835213452324 0.00541542470836749 -0.001525187699566118 0.002267221639987519 0.9999962667472896 0.06502565319406606
0.9999968208444292 -0.0006711126919678838 0.0024306190135880237 7.923967060680146 0.0006795355269096645 0.9999937620399028 -0.0034661380165793604 0.011500919980915741 -0.0024282776822685667 0.003467778689159491 0.9999910389490803 0.09231269608296742
0.9999959472548501 -0.0005407644787296406 0.002795182937417305 9.242249687693581 0.000550545472066882 0.9999937246630669 -0.0034996477207655326 0.02556759289470427 -0.002793272911527126 0.0035011724128949993 0.9999899696587846 0.09987046594250332
0.9999965857926756 -0.0010376807212186543 0.002398253888340113 10.572038511425495 0.0010452232090331348 0.9999945054562184 -0.0031458807695795158 0.022197731504419532 -0.0023949762912032794 0.0031483767395155977 0.9999921758756268 0.11398205879716766
0.9999994319014929 -0.0010632977202384626 -7.47973898746068e-05 11.9026049875494 0.001063269558906645 0.9999993642139162 -0.0003755390906038326 0.03650180264541523 7.51966521783667e-05 0.0003754593474728965 0.9999999266878682 0.12480438614988401
0.9999991975547736 -0.0009578033630807627 -0.0008291577211041106 13.23207867561151 0.0009595502063537322 0.9999973158133094 0.00210894039218221 0.03959200062856348 0.0008271355452898223 -0.0021097343183354446 0.9999974324306516 0.1432874037740273
0.9999993202601257 -0.0008438258464705975 -0.0008046348409265068 14.573893437909325 0.0008485977089616686 0.9999819463469782 0.005948685740357375 0.06262787171601646 0.0007996006595480349 -0.0059493645080810394 0.9999819826880558 0.1570775320075522
0.9999999286913752 -0.00036199609424978935 -0.00010759215657609219 15.919980946861992 0.0003626387503526901 0.999981727611377 0.006034313258560852 0.07841811881874924 0.0001054057927793157 -0.006034351845347481 0.9999817875778665 0.17403854873314428
0.9999963346237856 -0.00020045310349537076 0.002700103247482651 17.263209521989722 0.0001882260267668611 0.9999897314431547 0.004527866960280606 0.07186950753832742 -0.0027009831463033684 -0.004527342134238614 0.9999861038350697 0.189333718889649
0.9999883648282153 -8.20760611083239e-05 0.00482322212971038 18.624611055423266 8.354807987846767e-05 0.9999999499993797 -0.00030499337127241053 0.07659996249866131 -0.004823196855891703 0.0003053927935699072 0.999988321685474 0.2139996820686752
0.9999944912100301 -0.00026633099288628573 0.003308567272278768 19.964916095700126 0.0002733519268642631 0.9999977116707137 -0.0021217756856429892 0.06929927121772801 -0.003307994606562344 0.002122668400465411 0.9999922756954398 0.23480914764411107
0.9999993752837386 -0.00017976114601760186 0.001103230738853124 21.320172251440148 0.00018287259426388172 0.9999960046638012 -0.0028208534256808624 0.06913486069989093 -0.0011027192512308695 0.002821053414115142 0.9999954128234227 0.23269671376271733
0.999999988100145 0.00012640896242545696 -8.843350123509534e-05 22.672973006938502 -0.00012648293162829046 0.9999996417719271 -0.0008369337401583338 0.07949556953989713 8.832767363002035e-05 0.000836944915527434 0.9999996458606525 0.2729285559906447
0.9999984900868844 0.0008315555252484927 0.0015258896944778564 24.041760498553202 -0.0008342870635064517 0.9999980492758328 0.0017903657796011733 0.08896759773721948 -0.0015243979293317097 -0.0017916361063368418 0.99999723312168 0.2632808592382844
0.999982302090338 0.001499852920505874 0.005757251716279255 25.435778088766888 -0.00150791972742009 0.9999978871832746 0.0013970708938599442 0.09535254341365437 -0.005755144151401227 -0.0014057276420641742 0.9999824509688122 0.27174339102650513
0.9999753550142234 0.0016580552964972272 0.006822039050863504 26.80173750893034 -0.0016587574739029406 0.9999986195300493 9.727095402533113e-05 0.09197555512396503 -0.006821868352623075 -0.00010858466504693026 0.9999767248899096 0.28574511213146714
0.9999792802687659 0.0017947445560630958 0.006182064795791568 28.16936603086216 -0.0017687844318622595 0.9999896065086619 -0.00420217518499038 0.09301914638776637 -0.006189542373591546 0.004191153377082388 0.999972061509008 0.30748198445319774
0.9999908324862715 0.0017351218613418618 0.003914625849267246 29.534631344520818 -0.0017186695699243429 0.9999896936589833 -0.004202231635972562 0.09719497012053277 -0.003921876887776289 0.004195465163631575 0.9999835083408816 0.302904034841645
0.9999951945135013 0.00220328559159242 0.0021809361537417074 30.924621300401903 -0.0021943772238752325 0.9999892745919271 -0.004078652928458272 0.09869601134139551 -0.0021898991995418556 0.004073847531924194 0.999989303996689 0.3428069902653638
0.9999958287431606 0.0027964308087349505 0.0007228215626941428 32.311143331500624 -0.0027952846058731736 0.9999948419591703 -0.0015819099298264576 0.10870975601787954 -0.0007272415360154203 0.0015798828392868513 0.9999984875438376 0.3279033150552401
0.9999943391851038 0.0032587568179321116 -0.0008379151204294715 33.684339130161604 -0.003258924490213263 0.9999946699268627 -0.00019881909392320445 0.10775592201992672 0.0008372627512027394 0.0002015486705518035 0.9999996291845407 0.3632557203040541
0.9999934652760741 0.0035811258799067097 -0.0004949167418880152 35.08367470646392 -0.0035812399999280288 0.9999935609144214 -0.0002298907533051031 0.11984512489999799 0.0004940902873505476 0.00023166166666518056 0.9999998511038191 0.36074115821090885
0.9999948456856522 0.0030107235622933767 0.0011154128204441355 36.479529867261824 -0.0030105709084524805 0.9999954586282546 -0.0001385123534295704 0.11242259620527215 -0.0011158247773460073 0.0001351536101052157 0.9999993683340844 0.39288180468640727
0.9999933915278882 0.0027748335028288332 0.002348871980990298 37.87758881618836 -0.002777566327818975 0.999995468590369 0.0011610013018400038 0.12393301028152058 -0.002345639751980008 -0.0011675177771180351 0.9999965674323057 0.39910072418465403
0.9999932484536262 0.0025032085768447432 0.0026901661630891775 39.27455077049922 -0.0025093678421823796 0.9999942326358916 0.0022886170468046415 0.12753126342749427 -0.002684421762100728 -0.0022953522115603015 0.9999937625995615 0.3979097628226892
0.9999909513172737 0.002927889421083987 0.0030862189021364705 40.66601985978895 -0.002941459736480873 0.9999859861560859 0.004401738981288643 0.1374511099114855 -0.003073287847348802 -0.004410777139987757 0.9999855498690112 0.41773460417030567
0.9999903973707382 0.00278667023747807 0.0033822529918259344 42.09209219241732 -0.002813546774600335 0.9999642986757359 0.007967768099716964 0.1434433660973733 -0.003359928698692521 -0.007977207715189892 0.9999625368163592 0.4388740114326636
0.999989936233844 0.002631782422848852 0.003633339003098201 43.47829816052397 -0.0026639230678393256 0.9999571148694687 0.00886972016564238 0.15250617136768824 -0.0036098400132532635 -0.008879309838436397 0.9999540624008044 0.4499562137564144
0.9999903932687915 0.002293347930565997 0.003735495334884553 44.9068906042906 -0.00232428229034253 0.9999628696679501 0.008298011645741477 0.1635167884586244 -0.003716326406866825 -0.008306614274626561 0.9999585936814235 0.4641920444938458
0.9999936986165121 0.0013233712187385492 0.0032941487345891692 46.31863743902737 -0.001349790623252104 0.9999668412902015 0.008030839642918126 0.1527258304637643 -0.003283411722821504 -0.008035235448591353 0.9999623263897216 0.4877267349258297
0.9999928593597331 0.0005822561223158268 0.003733926532871707 47.74391100603248 -0.0006114627717093475 0.9999691925628811 0.007825601473265699 0.163718021340334 -0.0037292549957962263 -0.007827828750527855 0.9999624081705415 0.5053819602666745
0.9999894052654738 -0.0004191832672605965 0.004584063938523977 49.142288134371285 0.00038091566326460243 0.9999651018733633 0.00834565387800782 0.1695116423619492 -0.004587402321740149 -0.008343819316264944 0.9999546671820457 0.5199697460483396
0.9999878401825232 -0.0014468046927789899 0.00471447168550977 50.57161935139931 0.0014041803894866078 0.999958225080871 0.009031963825652398 0.17836223873258342 -0.0047273422264843355 -0.009025234029933238 0.9999480973461465 0.5326074300939069
0.9999849463003241 -0.0026667720632419754 0.004795362290886079 52.021983047684934 0.002624152353768267 0.9999571986626654 0.008872128670097163 0.18339791309145223 -0.004818816987845929 -0.008859411350493878 0.9999491436234947 0.5384170928252365
0.9999756679049511 -0.0036579579737312366 0.005939944571235398 53.425390751569054 0.0036002380841860314 0.9999464820801519 0.009699034037760419 0.19849413844274738 -0.005975105336653849 -0.009677412825279013 0.9999353208069135 0.5590952369860763
0.999969631827241 -0.0044572432915684565 0.006392840177254292 54.88760042883422 0.004402159621296024 0.9999532880614155 0.00860480597296265 0.21108399067901182 -0.006430895268994789 -0.008576402357834597 0.9999425428036532 0.5706890073236408
0.9999640384793159 -0.004916954383875348 0.006909797951031137 56.28124820502593 0.004871151949164632 0.9999661576392108 0.006629891021808003 0.2163258752790447 -0.006942162978880193 -0.00659599392508739 0.9999541485674805 0.5761771077450981
0.9999626710069626 -0.005422385663113663 0.00672713359030018 57.71709544857996 0.005379625804518929 0.9999653157234942 0.006358221151865939 0.22874997782529374 -0.0067613769917554255 -0.006321794344420005 0.9999571584310212 0.6126916650014925
0.999961866537953 -0.005148743125602128 0.007053787221017362 59.16624564621085 0.00510897161867425 0.9999710169925708 0.005644783772935341 0.25220541997187856 -0.007082646322696343 -0.005608530919071228 0.9999591894182468 0.620865204699765
0.9999578667844038 -0.005034391259854171 0.007675907804778778 60.56859293144507 0.004995332528948724 0.9999745221177055 0.005099192915729567 0.24516775954687878 -0.007701383571150484 -0.005060634358388658 0.9999575384339981 0.6380090049170049
0.9999524330935439 -0.004377000069327522 0.008716273326071888 62.02445158945562 0.004356294362738778 0.9999876478253051 0.002393093445486844 0.2667344622968414 -0.008726640231317877 -0.0023550089610803243 0.9999591490071313 0.634414341673457
0.9999565348068151 -0.003989522697966174 0.008426874022382453 63.42392433291042 0.0039771823324880875 0.9999909947975744 0.0014806567635735803 0.27366190983491984 -0.00843270525044224 -0.0014470771920613889 0.9999633970549918 0.6579150849937659
0.9999663216169199 -0.00332350585313713 0.007503994987411537 64.83193806776072 0.003320530353983733 0.9999944034049971 0.00040894602616154817 0.28442473218492154 -0.0075053121251022524 -0.00038401501038877814 0.9999717610124682 0.667466180444578
0.9999693743688729 -0.0025953656601044994 0.007383386852620921 66.2927492783081 0.0025956440763616547 0.9999966309146959 -2.8126255820595283e-05 0.29835051949227204 -0.007383288979442277 4.729003878375155e-05 0.9999727420322508 0.6732698612010316
0.9999706688107568 -0.0020177889055241543 0.007388507704576595 67.65925012135258 0.0020054093874288938 0.9999965736980801 0.0016825353752844847 0.3051586441775653 -0.007391877390531862 -0.0016676690418111352 0.9999712891021474 0.6822684504201031
0.9999596230949217 -0.0014815395568479072 0.008863251119302692 69.1314887101701 0.0014419729116731904 0.9999889749892382 0.004468849303195084 0.3216304796870738 -0.008869774178879993 -0.004455888296867568 0.9999507348692241 0.6964791518047131
0.9999501140198863 -0.000661454196724563 0.009966541524617678 70.48758355452625 0.0005878189146651322 0.9999725254848533 0.007389366980196932 0.342169454998981 -0.009971155426521789 -0.00738313983276074 0.9999230296906207 0.7036365879806346
0.999940946570042 0.0002937280867771938 0.010863567389180357 71.93562104546307 -0.000412077919473475 0.9999405784769354 0.010893562640378511 0.3550378561479781 -0.010859722114147633 -0.010897395974387929 0.9998816495948811 0.7118662048185467
0.999941893138999 0.0007666586611521896 0.010752794059782569 73.28409872214166 -0.0009305656189284075 0.9998833325426196 0.015246486516374022 0.3617235656576733 -0.010739850707699962 -0.015255606771360711 0.9998259458869899 0.7112995567941928
0.999945420435387 0.001668377400782782 0.010313712578189011 74.6901752438163 -0.0018630605934438296 0.9998197291889456 0.018895452621427732 0.3879080040652201 -0.010280328570726409 -0.018913636387327022 0.9997682677516254 0.7211900930838521
0.999942842049311 0.00224451994844433 0.01045345706201867 76.14178530867942 -0.0024521901174112464 0.9997990495678902 0.019895910302659345 0.3950436752784606 -0.010406699667738238 -0.01992040695729962 0.9997474070927521 0.7221898968909527
0.9999369515455909 0.0025991215334966265 0.010924170493211515 77.5040899131613 -0.002822208025831222 0.9997867747593374 0.02045580988816501 0.3964188628031513 -0.01086867404836362 -0.020485350462609367 0.9997310750101022 0.7288442694018091
0.9999335105149779 0.0025889947858818377 0.011237066129157694 78.92849512717044 -0.0028109686718980286 0.9998003439642393 0.019783090358034692 0.3950610443818245 -0.011183604263295186 -0.01981336203139775 0.9997411453374793 0.7485330339195742
0.9999451879059199 0.002585059553870948 0.010145868661555818 80.26834643495532 -0.002776269640100138 0.999817949797506 0.01887748896429696 0.39805495786482614 -0.010095222170911255 -0.018904621916733373 0.999770324504336 0.7492374303649979
0.9999448904245373 0.0021955903713273576 0.010266230894619116 81.66855854415867 -0.002383531436514031 0.9998291417146734 0.01833047069746538 0.39449083174842986 -0.010224230619046442 -0.018353930397079044 0.99977927481381 0.7640369975311017
0.99994011721223 0.0020511593773515457 0.01074963882186233 83.07733280437674 -0.0022439869288428064 0.9998362456085655 0.017956795093546585 0.40665037933303677 -0.010711046272655605 -0.01797984183960301 0.9997809754016966 0.767091203099031
0.9999480693379371 0.0017302841584581684 0.010043144132352506 84.42203370162224 -0.001910436491123226 0.9998369518797241 0.01795605436268718 0.4174476748834547 -0.010010437540167894 -0.017974308681932148 0.9997883352828544 0.7714352298216713
0.9999449951434879 0.0008961742508601542 0.010450050679402264 85.83437377002393 -0.0010849240195742792 0.9998361277510701 0.018070433963180033 0.41713178623251856 -0.010432143948476327 -0.01808077751254063 0.999782104189298 0.7746413589707971
0.9999366272692654 -0.0001140830097903925 0.011257372270351276 87.17495606676161 -8.322343435246578e-05 0.999846424732841 0.017524840165181754 0.4275625559889569 -0.01125764270290949 -0.01752466644538692 0.9997830522402106 0.7857200858970596
0.9999214570260461 -0.0013406187814567925 0.01246124071639587 88.56451131710119 0.0011331920546776143 0.9998609378433567 0.016637934089615516 0.43128639160462895 -0.012481812956312574 -0.016622506317820425 0.9997839249703097 0.7953441472838755
0.9999067133561262 -0.0023935054690902157 0.013447517128413673 89.95426317731129 0.002203959897419119 0.9998982683562383 0.014092391527579405 0.4371230223569966 -0.013479879306585509 -0.014061439107198764 0.9998102663926364 0.8006161113824231
0.9999044603360614 -0.0031707857237769045 0.013454230485008762 91.30005795881321 0.0029931112494244938 0.9999083239141687 0.013205493258727285 0.44449168978321046 -0.01349486884332023 -0.013163961601722172 0.9998222835233519 0.8071655918631748
0.9999097762275448 -0.0035446240953965896 0.012956660241111018 92.68287813481452 0.003378331565139405 0.9999119343774371 0.012833953615628996 0.4563294929771431 -0.013001010745985708 -0.012789023793646945 0.9998336934660625 0.8109381434697174
0.999910272903322 -0.0036704401770963984 0.012883090130499052 94.01125879429884 0.0035191658077677475 0.999924830270178 0.011745181189461136 0.46479404183478296 -0.012925231697019746 -0.011698789598167407 0.9998480268058323 0.8219187434756331
0.9999131302055958 -0.003907246573560675 0.012588306743186568 95.39696440570249 0.003768031169004829 0.9999316936294131 0.011063906024673359 0.4807217314381173 -0.01263067629054621 -0.01101551177325837 0.9998595523956436 0.8161519504755901
0.9999177912313438 -0.0038594264297726008 0.012227657447928687 96.7459790743539 0.003727279714632973 0.9999346060256039 0.010811616824011288 0.4868382484346227 -0.012268584472529775 -0.010765152114741858 0.9998667877947476 0.8198505516906001
0.9999263464610505 -0.003596120909178139 0.011591788794735776 98.10579259962316 0.0034483029783627917 0.9999128101799984 0.012746813111829732 0.5004540266278249 -0.011636617189914102 -0.012705902264108278 0.9998515635773294 0.8309707338744138
0.9999221109949283 -0.0033341626947980675 0.012027273280790944 99.45403800026077 0.0031674435212911286 0.9998990080745708 0.013854275622664922 0.5208210632956352 -0.012072251032249195 -0.013815100818088644 0.9998316877076863 0.8282636400423193
0.9999072088834062 -0.0030754146799714726 0.013270849541103562 100.78741909375 0.002885743110580051 0.9998937585210388 0.014287902483224865 0.5286458034797185 -0.013313380851464156 -0.014248280430164878 0.9998098521194354 0.8328529734846591
0.9998890217700358 -0.0030075968250949806 0.014591041946983388 102.13768332313309 0.0027992056182893203 0.9998940946524116 0.014281593998597082 0.5443495659347007 -0.014632449954381791 -0.014239165725979358 0.9997915470575657 0.83240180720108
0.9998977538186398 -0.0030274654513818746 0.013975563007602637 103.45653705666166 0.002836158996451276 0.9999022895995378 0.013688223250255423 0.5505550226872743 -0.01401563807272543 -0.013647186762943995 0.9998086397820694 0.8374008064517728
0.9999314727439199 -0.0025558424867963276 0.011424424946491566 104.78976644810479 0.0023969767797254234 0.9999005461752588 0.013897922892873388 0.558636454682253 -0.011458809645542998 -0.01386958642503387 0.99983815202957 0.8399695897648216
0.9999414400777086 -0.0027900629294931754 0.010456192622928885 106.11672719853556 0.00265817396943055 0.99991700522341 0.012606219742467324 0.5721178316250178 -0.010490496959942667 -0.012577687144169196 0.9998658666339385 0.8438095082606322
0.9999293844084646 -0.002545756285361909 0.011607985244852587 107.44699423319078 0.0024106370276785016 0.9999293544474879 0.011639370401824634 0.5808123052479645 -0.011636796192679514 -0.01161056584175062 0.9998648807389948 0.8489070683867999
0.9999068841100944 -0.0018843519705232209 0.013515632685650914 108.8012321006648 0.0017722146158641256 0.9999639503815829 0.008304046761333646 0.5827558672006917 -0.013530793199127969 -0.008279320920841484 0.9998741773245733 0.8424629275677507
0.9998952640740453 -0.0010454961430446338 0.01443495133729722 110.13386119800701 0.0009412352761242149 0.9999734367722355 0.007227712368302687 0.5944199449766995 -0.014442124443801174 -0.0072133686817474575 0.9998696876862558 0.8532261889766773
0.9999070162627007 -0.0003254857468246692 0.01363278722975638 111.46275458628767 0.0002352984721513762 0.9999780827094544 0.006616550109580547 0.600108179331542 -0.013634642028751537 -0.006612727104017004 0.9998851775964057 0.8549126595472006
0.9999382739458135 0.0004671197740891358 0.011100905250651109 112.77798458511673 -0.0005568920017101856 0.9999671590544117 0.008085213908568034 0.6084829566104758 -0.011096763923131359 -0.008090896845562034 0.9999056951626332 0.8572731241344572
0.9999524018178523 0.0014540327704178821 0.009647791841190405 114.1399646997853 -0.0015597234239634458 0.9999387599605514 0.010956440635343113 0.6077181644783305 -0.009631269986306529 -0.010970967015610289 0.9998934325822894 0.8675244459752682
0.9999534330771059 0.002813126124014939 0.009231359527188312 115.44406078187133 -0.0029362173010165074 0.999906604749915 0.013347674159140234 0.6247720705157501 -0.009192948671184729 -0.013374157876582485 0.9998683021257456 0.8658834102821223
0.9999276080547242 0.004299306540535542 0.011238087614371756 116.80078295185932 -0.004462238642629157 0.9998847157846164 0.014513564917453021 0.6335497112378468 -0.011174393775682627 -0.014562661281077862 0.9998315167167708 0.871489498142874
0.9998945502904908 0.005133112397681534 0.013584530043026994 118.11611070124849 -0.005331967908414751 0.9998785708025527 0.014642874310335499 0.634310160332853 -0.013507716964786094 -0.014713762501733408 0.9998005034882917 0.8721322958887836
0.9998791953245021 0.005940052329458216 0.01436351403902548 119.47246885144759 -0.006144857654008559 0.9998794838128248 0.014256878150949514 0.6337197436703688 -0.014277096400807711 -0.014343417602592041 0.9997951944722677 0.8789083341299405
0.9998792559638694 0.006987171216788875 0.013879947100990307 120.79953912849528 -0.007188261320892676 0.9998691592007742 0.014491148274703151 0.6300098600611761 -0.013776878903495176 -0.01458917124185438 0.9997986565754898 0.8783810760108725
0.9998718624902603 0.008349112677195916 0.013658364388225873 122.11499582232862 -0.008570025128323198 0.9998321018173326 0.016196383696207017 0.6266895200030609 -0.013520845741224152 -0.016311360857952286 0.9997755379270907 0.8767028673052965
0.9998649037113753 0.009496674503417695 0.013415941995192634 123.46636439709044 -0.009738760156491659 0.9997888225876704 0.018096043196622252 0.6274053564624583 -0.013241256619240018 -0.018224253129712185 0.9997462406636034 0.8740122040116107
0.9998603878159393 0.010674552551623345 0.012855302578387138 124.80639442318007 -0.010919444687712436 0.9997573210956242 0.019132815877780797 0.6279102748991628 -0.01264794861909409 -0.019270517469017374 0.999734302978649 0.8743224808272847
0.9998562367177204 0.01177737107555891 0.012198337068081613 126.13037282086812 -0.012020242186786007 0.9997270787254053 0.02003202039081483 0.6183839749318495 -0.011959083344845271 -0.020175767487647142 0.9997249215318359 0.8758210901669101
0.9998456351283285 0.01260988841675871 0.012235057374053783 127.47763101175684 -0.012849616950000715 0.9997230269188735 0.01971691640200388 0.6091370877631306 -0.011983040476763305 -0.019871088603351596 0.9997307370380536 0.8837955874887241
0.9998233165893665 0.013590872175512872 0.012985522621297596 128.78286202119014 -0.013838168983555731 0.9997208930663597 0.019147873139932513 0.6039922264014832 -0.012721661975619287 -0.019324185884773075 0.9997323317550898 0.8819408218696837
0.9997989423113048 0.014434621401108757 0.013918213182834711 130.15400445662223 -0.01468023117611473 0.9997354062193459 0.017708991051308454 0.5925038443370791 -0.013658907928967455 -0.01790975310958102 0.9997463053083727 0.8836793481302756
0.999785374741491 0.014801088613282002 0.014495938357977202 131.48016050074122 -0.015046065538665488 0.9997433098543532 0.016939017482401054 0.5743100176027781 -0.014241501494669852 -0.01715348877997358 0.9997514378373519 0.8825253905415644
0.9997810100492871 0.01479202178223344 0.014802973904634517 132.84515924328156 -0.015031170334457377 0.999756158858445 0.016176734620571974 0.5561999942387604 -0.014560077719706289 -0.016395698100471808 0.9997595637054913 0.8908807278688479
0.999776608613011 0.014650929752696738 0.015234274766064697 134.16762475992914 -0.014863765511047023 0.9997921728836713 0.013952760134825893 0.5462760436355901 -0.015026687762079141 -0.014176081896240695 0.9997865959078328 0.8823943055122156
0.9997807254257514 0.014146270135506366 0.015439692626847959 135.4935429151994 -0.014332072450885911 0.999825394531478 0.011990502459725414 0.5236210317848704 -0.015267375885227285 -0.012209156040750924 0.9998089036122613 0.8892198424850148
0.999801941950339 0.013016493499546854 0.015054825449249234 136.83500489555405 -0.013204947147943012 0.9998348397020497 0.012486900688190108 0.513634074635003 -0.014889803328155132 -0.012683225731372337 0.9998086964724282 0.8907654903040636
0.999794149121834 0.011984347310413503 0.01637176842285514 138.17556826175752 -0.012139435229064247 0.9998820682336836 0.00940657945539208 0.5020088410848096 -0.01625710595609089 -0.009603387125105138 0.9998217248398126 0.8859931294457378
0.9998022185187909 0.011036985117937 0.01654414713457011 139.51322870138299 -0.011184848333962714 0.9998980902566336 0.00887176808101124 0.48198867276090834 -0.0164445435525015 -0.009055057186094164 0.9998237759358929 0.8876634908774182
0.9998143069564333 0.009738516949472973 0.016628676822036576 140.8783550025475 -0.009872419170598072 0.9999193485577016 0.007989475556089044 0.4764371379180037 -0.016549530052146995 -0.008152157233896087 0.9998298132119721 0.8852528191612968
0.9998291985870726 0.008557763509589098 0.01638103587829165 142.20853653123623 -0.008694174513468862 0.999927970630283 0.00827435077411868 0.47136552887873123 -0.01630904602548173 -0.008415357087952666 0.9998315842094713 0.8878737106431583
0.9998419298278249 0.007616379943391496 0.016065681271848258 143.56171321293442 -0.007743241142368248 0.9999392155434886 0.007849040379793424 0.46358107413451205 -0.016004923454420134 -0.007972200124833533 0.9998401304460568 0.8778516036042326
0.9998813374626065 0.006885926204939397 0.013780239993893415 144.90942849218195 -0.006973272147429699 0.9999558375330605 0.006300512607197061 0.4523131130116636 -0.013736246559633816 -0.006395858336118524 0.9998851976735116 0.8770846757204411
0.9998987946104517 0.005819339345414022 0.01298213488408312 146.2243708841414 -0.0058703434714638195 0.9999751870147289 0.003894152332020049 0.4545504378979699 -0.012959151364678696 -0.003969967813578767 0.9999081456571232 0.9028484317108232
0.9998632419713473 0.004893903507830414 0.015797058682015284 147.59754986313763 -0.004830942824282064 0.9999802453827843 -0.004021297752559936 0.4429612861303703 -0.015816426460345173 0.003944433120522027 0.9998671322237682 0.9005170164214732
0.9998411066151482 0.003504327647662566 0.017478020778498277 148.93442147014932 -0.003285734761239086 0.9999162257176922 -0.012519804054527874 0.4301918076307594 -0.017520430065343 0.012460386600054399 0.9997688599351865 0.8933252739823505
0.9998905150203712 0.002461651974126595 0.014591032926257344 150.22498876075326 -0.002236885187919138 0.9998788985171739 -0.015400800133076004 0.40411409496258593 -0.014627177340584727 0.015366475511357981 0.9997749332291773 0.8892795682810071
0.9999295311719235 0.0026453086996511624 0.011573030380192324 151.6250429915607 -0.0024874994200583863 0.999904024562559 -0.013629160290816728 0.4198895276547378 -0.011607972989825303 0.01359941195350432 0.9998401427016153 0.9002764598324456
0.9999522487589764 0.0035605812854160824 0.009100684742158168 152.94246257250063 -0.0034764594834936686 0.9999512428806806 -0.009242623590825783 0.42115506792820645 -0.009133150131571946 0.009210544082300843 0.9999158721844463 0.9089751049945354
0.9999444576822433 0.004440185938618966 0.009558572037430563 154.30867264568957 -0.004353829342423046 0.9999496925917664 -0.009036396167108508 0.4254190594655603 -0.009598214449641932 0.008994277873312992 0.9999134848800252 0.9174826624978758
0.9999076078680181 0.00505176641876522 0.012619642772601677 155.6436438379564 -0.0048992522322092716 0.9999149438780313 -0.01208727996526957 0.4247227810946794 -0.012679631509749573 0.012024336382680363 0.9998473094824696 0.9176996320532602
0.9998632234532038 0.005578210478320938 0.015569776929297336 156.96128519301928 -0.005254725606974577 0.999771081320007 -0.020740607874874455 0.414271314439671 -0.015681908192689265 0.02065595614062562 0.9996636480493589 0.9027514440160403
0.9998437916796415 0.005594466843742448 0.016765863545068597 158.31424067352174 -0.005218437360027987 0.9997357217406297 -0.022388715623312204 0.396615320231092 -0.016886685619062668 0.022297726710952988 0.9996087490775212 0.9085550205363244
0.9998395741051644 0.005566404394563962 0.01702472306146335 159.65719664422056 -0.005165251716991645 0.9997100973028785 -0.02351683493519339 0.38705795188983655 -0.017150691761659585 0.023425125245880682 0.9995784697957991 0.9176071498753547
0.9998267447597592 0.006602705161836186 0.01740358433338729 161.011900866679 -0.006205992555404107 0.9997218966981051 -0.022751152031174064 0.39031449416700836 -0.017548963488073322 0.0226392037600528 0.9995896659797985 0.902822970816466
0.9998248782075195 0.007714687104760735 0.01704982463823138 162.35677366324123 -0.007362191658974162 0.9997598369030641 -0.020641381967668886 0.38924844596043756 -0.01720497170283446 0.020512243135120872 0.9996415541734299 0.8918191091345159
0.9998470848596598 0.008543552823671653 0.015258263426397505 163.70457874471947 -0.008275063270284693 0.9998113277122198 -0.017573625300461623 0.3878873655686659 -0.0154055258109872 0.01744467493183441 0.9997291398628978 0.8835650958600849
0.999852733360777 0.009229267167388594 0.014468317750730217 165.05780936564153 -0.0089957706143467 0.9998295749962695 -0.016121323575733926 0.38954553336889086 -0.014614639989995938 0.01598879577493005 0.9997653578253402 0.867397041022083
0.9998324230524898 0.00954488443668773 0.015621171341399938 166.39861828366503 -0.00930478823699764 0.9998385620940855 -0.015371098382875883 0.38543783500398127 -0.01576536484994016 0.01522317084978342 0.9997598253282768 0.8704721865265255
0.9998307598571333 0.009357050905406053 0.01583973616765821 167.72615144079424 -0.00910740016094534 0.999834317602144 -0.015760476114744185 0.3768221153840077 -0.015984583379487643 0.015613549993792216 0.9997503239063118 0.8494490620298277
0.9998682856687505 0.008913941804838094 0.01356292576599541 169.11155786360263 -0.008730639420122201 0.9998705564207382 -0.013514671220534557 0.37166528306025587 -0.013681639125110364 0.0133944781303079 0.9998166835507732 0.8503789468889773
0.9999056842098205 0.008134584465075588 0.011065767956692677 170.52737306632588 -0.008029336528383267 0.9999224225261217 -0.009522535608026128 0.37258345889143574 -0.011142371372593251 0.00943278670768646 0.9998934293689116 0.8515078368886216
0.999922162968885 0.007880993868608441 0.00967253530722078 171.8508596720394 -0.007841642348787172 0.9999608502701852 -0.004099581954540191 0.3721179606049714 -0.009704465410324468 0.0040234142927667955 0.9999448162216396 0.8522857859408598
0.9999098906766228 0.008158420520373013 0.010660708310283188 173.20783258465468 -0.008147903940606313 0.9999662752841746 -0.0010295414849226393 0.37482600587441284 -0.010668748213302092 0.0009425862863850334 0.9999426430264158 0.8563308722387811
0.9998813221172812 0.00887348780306906 0.012593764139715252 174.6096459457717 -0.008902651840684802 0.9999578131279192 0.0022615823294438253 0.3791742295949275 -0.01257316472498252 -0.0023734318271409587 0.9999181378243723 0.8591433718132075
0.9998453256035895 0.00894071500028963 0.01514557638175081 175.95675203283704 -0.008956777295634299 0.999959394195175 0.0009930263313783789 0.3754747536115151 -0.015136083018015657 -0.001128528290295314 0.9998848060725644 0.8477136817679098
0.9998297818160813 0.008200884762178492 0.016527337436043992 177.37235448469062 -0.008206069730930117 0.999966299401836 0.00024592716174648877 0.3763265880706731 -0.016524763634572965 -0.0003815097839384287 0.9998633839865856 0.8533455167403774
0.9998404178868436 0.006669855920176711 0.016572621454250955 178.76737437890804 -0.006646619920143787 0.9999768498841289 -0.0014567564832380817 0.3662663527911281 -0.016581954151997983 0.0013463720950733058 0.9998616034625405 0.8494979753444174
0.9999060070345602 0.004627066356486412 0.01290609751763415 180.1092701844429 -0.004566962375686042 0.999978607766321 -0.0046826129873722335 0.3563666141484366 -0.012927488188394481 0.004623231192911573 0.9999057484495606 0.8359710508991993
0.9999581188760753 0.002942762852352925 0.008666062578553737 181.5280139803162 -0.0029382610536447446 0.9999955417036238 -0.0005321605553532935 0.36381743752210344 -0.008667589964992128 0.0005066751137081145 0.9999623073718968 0.8491165670602719
0.99996499166292 0.0024404819452173328 0.008003717664399243 182.9211639089186 -0.002460230960413097 0.9999939513462398 0.0024585635146562846 0.38801377318270475 -0.007997669172813608 -0.002478168438432391 0.9999649473701531 0.8463434582029085
0.999955656775842 0.00213332645776365 0.009172426081413425 184.25499301403184 -0.0021856421914710628 0.9999813814041348 0.005697351427540698 0.3977491518788218 -0.009160100993179566 -0.0057171464300509265 0.9999417016938997 0.838354275680074
0.9999226602451289 0.0023208066971292037 0.01221832167603493 185.7015896471554 -0.0024144304918625476 0.9999677974182065 0.0076534078671259284 0.4009988540674997 -0.012200166134297892 -0.007682316242851561 0.9998960635803305 0.838023011984009
0.9998795498302695 0.0028344210820782072 0.01525948519272906 187.0647153879135 -0.002941125240071861 0.9999713509082462 0.006974750537433 0.4025411170115951 -0.015239278642372121 -0.0070187904845977755 0.9998592405766891 0.8400957663984369
0.9998755532938576 0.002955620971154792 0.015496523157697555 188.5160807866411 -0.003063451688054273 0.999971230504613 0.006939267025065322 0.4044218462735607 -0.015475567487402328 -0.006985876306167431 0.9998558417807928 0.8360789011284833
0.9998651894281799 0.0028208256038499773 0.016175472563808684 189.92363661858062 -0.0029246794757644794 0.9999752402811505 0.006400396442357881 0.40652731430636574 -0.016157017661496353 -0.006446841673871774 0.9998486830579506 0.8369764973289474
0.9998518813535437 0.0029903981220411706 0.016949126020261284 191.2908261983079 -0.0030452799333851527 0.9999902009267603 0.0032131480801594597 0.3995701126309707 -0.016939351342549314 -0.003264286986372881 0.9998511903311234 0.8338764196958192
0.999849797382177 0.0033957760794570114 0.016995628250749264 192.74144531824533 -0.003421241405976328 0.9999930678221193 0.0014694947935601605 0.40532518637950127 -0.016990520358762178 -0.001527420218687335 0.999854484015256 0.8278473000089239
0.999836183002881 0.0037719707236629446 0.017702525104892126 194.11379868656607 -0.0037567217858141804 0.9999925433611957 -0.0008945744414216157 0.3991835809620251 -0.01770576741215967 0.0008279244331974517 0.9998428978301938 0.82687262457384
0.9998047328097832 0.004203507160457948 0.01930872286584418 195.5724133128711 -0.004089321438149134 0.9999739408972741 -0.005949367743748452 0.39248868686365296 -0.01933322790776256 0.005869246453066988 0.9997958682874918 0.8140230370572
0.9997884113621202 0.004657938884642906 0.020035870616345212 196.99198984410754 -0.004472318024105297 0.9999467594687715 -0.009299279509413907 0.3835203831489992 -0.020078119371576032 0.009207705102243125 0.9997560138800121 0.8112638283317696
0.9998503543048555 0.005042082039057997 0.016548305205258695 198.4121676002266 -0.00492902078358847 0.9999642815480974 -0.006865885384453874 0.38235771552047504 -0.016582332482794337 0.006783290993972849 0.9998394937252284 0.8004806610025241
0.9999257178851928 0.005220407625442731 0.011013902850765315 199.83901233312912 -0.005222128453736134 0.9999863564675163 0.0001274881727310424 0.39804279328632786 -0.011013087041994917 -0.0001849947181036261 0.9999393370053804 0.7950255863380042
0.9999216055765789 0.0064189131413137975 0.010750825793431423 201.28923370223546 -0.006528435239364002 0.9999268362939936 0.010183397881362181 0.408881967936923 -0.010684672876689847 -0.010252785629718908 0.9998903530649493 0.7950117215833588
0.9998653844826774 0.007442464613603557 0.014622675329199853 202.7159695179424 -0.007674405604692815 0.9998446084742866 0.01587017339273127 0.4282257528212637 -0.014502289885483279 -0.01598025736263202 0.9997671303672179 0.7876685114444376
0.9998212259545425 0.008284882379892573 0.016996377693704604 204.16745922634064 -0.008577055939308473 0.9998154505173837 0.01719008487864329 0.42519224561469365 -0.016850823189674954 -0.017332790619872297 0.9997077693642067 0.7789909545011283
0.9998171470079631 0.007878753480317845 0.0174240578641535 205.62476493955876 -0.008171091624891545 0.9998259718416846 0.01677078687743886 0.4209426178821154 -0.017288892691974728 -0.01691009386216492 0.9997075286877949 0.7764721666939493
0.9998200996849521 0.00677448830888113 0.017716505697381753 207.0803943655361 -0.007009401613957608 0.9998878946844781 0.013231264204760052 0.40586238394093777 -0.017624884538253737 -0.01335306599979005 0.9997554996464978 0.773188766022422
0.9998387550406376 0.005709351637565848 0.017025487442847362 208.50460306992628 -0.005898194693010824 0.9999214155696868 0.011062277544741294 0.397889377813746 -0.016960991072200587 -0.011160913447929462 0.999793858149197 0.7648674934163605
0.9998495999086437 0.005316405673645988 0.016507979683725194 210.00558708837707 -0.005511695083014938 0.9999151028918042 0.011807126076414074 0.39867545577661717 -0.016443806731925793 -0.011896337234026827 0.9997940179759917 0.7525166291959203
0.9998467408670634 0.005054975363526719 0.016761324577299334 211.45803874015584 -0.0052754080648856295 0.9998998390146238 0.013133240585567812 0.398920649331073 -0.01669325753891015 -0.013219650623356269 0.9997732622900735 0.7534795564205091
0.9998348113374119 0.005053983922107725 0.017458730893078905 212.91164769408016 -0.005307376185384676 0.9998808117444232 0.014498071021345935 0.40680437794960034 -0.01738337699955572 -0.01458833615695278 0.9997424661642932 0.7428745409270654
0.9998391880877004 0.004662615474052072 0.017316407856981447 214.35357174157173 -0.004907302806099987 0.9998883382026637 0.014114868241857136 0.41014513131416036 -0.01724866207267804 -0.014197575259771443 0.9997504251129108 0.7428199280651808
0.9998523877286093 0.004458232928311798 0.016592977808571784 215.8271610645731 -0.004711234715137382 0.9998727683650749 0.015239794927101083 0.4062389362802959 -0.016522924101312203 -0.015315718759435612 0.9997461786563748 0.7406988679426244
0.9998591272724238 0.004169178269672993 0.016258645779487293 217.2912451447899 -0.00439718225051404 0.9998921429332052 0.014013111314001668 0.4067551715340528 -0.016198469010462617 -0.01408262947742799 0.9997696180364346 0.7312388582431931
0.9998604050732388 0.003608496220393927 0.016314077412048565 218.75898886900055 -0.0038418831851523582 0.9998904085682699 0.014297230038365489 0.4029516226311106 -0.016260698028392077 -0.014357910997276017 0.9997646923608694 0.7292572589880585
0.9998652593300671 0.0035263129752548185 0.016032102220804582 220.24265433974415 -0.003779323024736865 0.9998683667269169 0.015778654452214033 0.4074747042421045 -0.015974351388787947 -0.015837118918800522 0.9997469708691591 0.7258199732391433
0.999864174111229 0.003362908856492354 0.016134564539927433 221.7159297044418 -0.0036011849491988904 0.9998845537191018 0.014761798701865387 0.40957122000928864 -0.016083059280865123 -0.01481789721841991 0.9997608539676839 0.7194247138855353
0.9998722644049352 0.002941348013623768 0.01570997599012201 223.20058137973433 -0.0031986715518852672 0.9998607273598998 0.016379694247305752 0.4131042669701384 -0.015659609639151875 -0.016427853030594495 0.999742417961124 0.7134941979393716
0.9998730836229244 0.002586811266064048 0.015720211635287393 224.68518541018273 -0.0028425045090375066 0.9998636799483154 0.01626473757330965 0.4132666440882376 -0.015675994848830567 -0.016307358084199093 0.9997441338951747 0.7075432822873826
