1.0 8.809142651444726e-20 8.673617379884037e-19 -5.551115123125783e-17 -8.809142651444726e-20 1.0 1.7347234759768075e-18 0.0 -8.673617379884037e-19 -1.7347234759768075e-18 1.0 -5.204170427930421e-18
0.9999993011580781 -0.0003480319849955573 0.0011298482609536818 1.3160940844717768 0.0003481171165631284 0.9999999365833229 -7.515200288644408e-05 -0.058402083065748844 -0.0011298220340017183 7.554526988583102e-05 0.9999993588973364 0.018140396604628333
0.9999976844684006 0.0012037922336848642 0.001783799903291163 2.5652097675998258 -0.0012028053760217308 0.9999991230587825 -0.0005542029350592417 -0.11574037075546209 -0.001784465484192614 0.0005520560876714074 0.9999982554569841 0.031373844761168695
0.9999988092346775 -0.0007763274671776836 0.0013337334406326351 3.9381521034201987 0.0007783114815647339 0.9999985905039367 -0.0014876899467225451 -0.026589023442927132 -0.0013325766261723163 0.0014887262352831375 0.9999980039648738 0.05244536287281657
0.9999987805022387 9.449764796641106e-06 0.0015616993108001937 5.243737651434018 -6.351803863369781e-06 0.9999980324359474 -0.001983704586945774 -0.018331455193953898 -0.0015617149835985419 0.001983692248214755 0.9999968130006086 0.061166456481743375
0.99999792748172 -0.0006579036921830275 0.001926705736910402 6.57675313889493 0.0006628161777794594 0.9999965286894886 -0.002550153659514286 -0.021817020704840602 -0.0019250212932082967 0.002551425426006454 0.9999948922476135 0.06693013071825973
0.9999950705827582 -0.0005079951538619305 0.003098507884170468 7.9115233231844 0.0005189087089829444 0.9999936616585314 -0.0035224106112443725 -0.026382442556778154 -0.0030966988772490314 0.0035240010905387207 0.9999889958756434 0.09443814784008779
0.9999940361563197 -0.00022129911095980756 0.003446545879118932 9.228296771982764 0.00023381230607469919 0.9999933817673906 -0.0036306684265114387 -0.00585122291929845 -0.0034457196053816284 0.0036314526186124766 0.9999874697056358 0.1069742268547745
0.9999951169604594 -0.0007596171563993532 0.0030313424440174797 10.558028804377194 0.0007701965143889638 0.9999936121028477 -0.0034903511039236137 -0.009501623671416276 -0.003028671749533316 0.003492668789785464 0.9999893141489855 0.11281997298944003
0.9999997596354154 -0.0003938259378674061 0.0005706402036834738 11.869761451156194 0.00039416343581229093 0.9999997474135712 -0.0005914456690272685 0.007468328378396758 -0.0005704071329022005 0.0005916704523679725 0.9999996622808321 0.13494870875347958
0.9999997812508621 -0.0006141929875442565 -0.00024548971896287697 13.217647592347966 0.0006148951834303197 0.9999956907081913 0.0028706217028529055 0.002037767035985545 0.0002437255453562573 -0.002870772025352654 0.9999958496243057 0.15275405661112013
0.999999869272082 -0.00045877423182044734 -0.00022579199133094063 14.559422549214501 0.0004599898230174903 0.9999852416593256 0.005413397537848507 0.020383923675004318 0.0002233051317188459 -0.005413500692184448 0.9999853219648146 0.1608359385453124
0.9999997806167757 5.194360078020393e-05 0.0006603546491403931 15.907117976629307 -5.5778444112865556e-05 0.9999831286362975 0.005808556750801373 0.03979423191718685 -0.0006600417907039619 -0.005808592310056357 0.9999829121541077 0.18017840796821086
0.999994361940146 0.00016099723868807122 0.003354126981674221 17.252891274784236 -0.00017552437818244397 0.9999906045590091 0.004331279822395685 0.03881981528518232 -0.0033533981440806984 -0.004331844133433606 0.9999849948110675 0.19650362652057124
0.9999841180118605 0.00029432331436421194 0.0056282410954124635 18.61696539515774 -0.0002924930514311263 0.9999999040816469 -0.0003260130549040161 0.03624037395354893 -0.005628336508803692 0.00032436165575635753 0.999984108182555 0.2127029964004575
0.9999921071424072 -0.000155983258681258 0.00397005316231601 19.954379152851914 0.00016539665725756134 0.9999971757736281 -0.0023708835300792204 0.029550264606159067 -0.003969672131848196 0.00237152145055533 0.9999893087374361 0.2365141579353216
0.9999991054051512 7.910600777162103e-05 0.0013352644444576936 21.30500628719817 -7.469168074657973e-05 0.999994533424521 -0.003305683322275917 0.038058666651903585 -0.001335518644544406 0.0033055806318830483 0.9999936447431235 0.23322210506600743
0.9999996983407318 0.0004756128145352811 0.0006140935566183479 22.659672551832806 -0.00047503264063941675 0.9999994410701972 -0.0009445651292627107 0.054435723667281555 -0.000614542460662798 0.0009442731298420849 0.9999993653427087 0.27618430483905587
0.9999970177738959 0.001258236417732941 0.002093151793743639 24.02286573260796 -0.0012618052178905283 0.9999977511882813 0.0017045427458216081 0.053464238489888065 -0.002091002368880981 -0.0017071788123449185 0.9999963566181609 0.26011379278605207
0.9999773930444051 0.001958465340164681 0.0064325588708257974 25.42038031804219 -0.001971113648538882 0.9999961354812339 0.0019605442056245216 0.06697398350431025 -0.006428694354206751 -0.001973179188274038 0.9999773889707663 0.27060293728185775
0.9999686504112144 0.002041358518306516 0.00765055881451193 26.786988156910674 -0.002037670259920635 0.9999978039691517 -0.0004898538414242976 0.051829706873287605 -0.007651541980960683 0.00047424916853969917 0.9999706140647533 0.2761147401556622
0.9999728053251884 0.002200694888273567 0.0070388601407940805 28.151426908153145 -0.0021712687378328704 0.999988883775981 -0.004185441020462038 0.05601865102439146 -0.007047992773906817 0.004170043941780859 0.9999664677034839 0.30237378256583186
0.9999878770179255 0.002093610380245251 0.004456749124423384 29.512150686477952 -0.0020751565504436983 0.9999892718163651 -0.004141253127633457 0.05843528218861338 -0.004465371482135598 0.004131954471156793 0.9999814935336429 0.3004139634787657
0.9999930289367083 0.0028524503545276055 0.002409482301781226 30.902537372729835 -0.002842360050411865 0.999987220690955 -0.004180842513550066 0.062406996954451746 -0.002421377155972253 0.004173964752395534 0.9999883574076822 0.33667945495053
0.9999938560353988 0.0029591802302228604 0.0018791337948705978 32.29095296304182 -0.002956255237737433 0.9999944174541184 -0.001557438784583324 0.0710469425933773 -0.0018837320465810916 0.0015518740166110675 0.9999970216158711 0.32248658928933166
0.9999931346684118 0.0036956783132384547 -0.0002694027630354443 33.66667191081558 -0.003695683846067849 0.9999931707362852 -2.0042467607123306e-05 0.07015137842980997 0.00026932685270005067 2.1037957448373472e-05 0.9999999635102247 0.35401569591795895
0.9999921665557114 0.003958019683277169 3.0123099626678228e-05 35.061485331758135 -0.003958033031789258 0.9999920626299829 0.0004567839224497167 0.08907127564526258 -2.8314900772429896e-05 -0.00045689957248165055 0.999999895220518 0.3591404858904394
0.9999933731068841 0.0033109314835367528 0.001513761879371243 36.45713135592715 -0.0033111984902329332 0.9999945028441232 0.00017391404008157535 0.07553265690961852 -0.0015131777405154965 -0.0001789252536213666 0.9999988391387659 0.380327390813434
0.999989502651296 0.0032490920330131142 0.003230787547105224 37.856916767147105 -0.003253256977718774 0.9999938828833654 0.001284723661691246 0.08465138665144577 -0.0032265935985871523 -0.001295220757630128 0.9999939557302027 0.3878263551638037
0.9999892865104079 0.0028253420474028943 0.0036666478860784323 39.25061262628836 -0.0028386849661037245 0.9999893500495131 0.003638908519840182 0.08604915619393043 -0.003656327675212235 -0.003649277992661835 0.9999866569300131 0.4029264075620161
0.9999884450877958 0.003097613266225565 0.003676204965073442 40.6538243310688 -0.0031222416898527413 0.9999725953038608 0.006712693058014737 0.09556273458482907 -0.003655310892724822 -0.006724093493838194 0.9999707122055943 0.42670665911006267
0.9999864809199315 0.003165284810931605 0.00412540294241534 42.073396016111076 -0.003201898321748843 0.9999552772032999 0.008898957265264991 0.10094310219435454 -0.004097050708593367 -0.008912046080307053 0.9999518936479663 0.4352185969145211
0.999986122242329 0.002844797379813898 0.004434236193282276 43.4630218883959 -0.002887279416660467 0.9999497151389546 0.009603687369643756 0.10751303583140896 -0.004406692673665739 -0.009616356970887165 0.9999440518040439 0.44347055626938775
0.9999868554607588 0.002544686604723927 0.004451233063666821 44.88698757128115 -0.002584296274120346 0.9999569159731049 0.008915582444487655 0.10934866022868849 -0.00442835392340199 -0.00892696855828603 0.9999503482242947 0.4559141469072543
0.9999913413572479 0.0015057979988434768 0.003879404969712774 46.28565332779968 -0.0015383393734000083 0.9999635448669504 0.008398955238300834 0.10333621008763752 -0.00386661641549824 -0.008404850356158206 0.9999572029682001 0.473990599963894
0.9999905347326266 0.0006969686922433578 0.0042947269759285 47.71965275004127 -0.0007285042380123453 0.9999727548491162 0.007345668182306964 0.11005428566236418 -0.0042894902646973595 -0.007348727380396651 0.9999637975842713 0.4764827560636916
0.9999841331215338 -0.00022396135083916813 0.005628796184613634 49.11718143593221 0.00017924017761199068 0.9999684273447985 0.007944317876887704 0.12146908862218687 -0.005630397688735703 -0.007943182918933582 0.9999526011101642 0.49172265612710225
0.9999837276331527 -0.0013185162660189229 0.0055503138434680015 50.54994457992703 0.0012710445422584968 0.9999626587768378 0.008547835850615719 0.12755030162935185 -0.005561377048568449 -0.008540642060976445 0.9999480629105244 0.5072942315645491
0.9999822936327983 -0.0025745085675261815 0.00536510265731418 51.99641230786689 0.002529108555630751 0.9999610848520586 0.008451768537291623 0.13113361718102254 -0.005386653024060555 -0.008438049960141946 0.9999498903855475 0.5101941364922196
0.9999697837618168 -0.0034652437589093206 0.006958710299804568 53.40238916338985 0.0034009483765345544 0.9999516170437149 0.009230228697041746 0.14867242712191092 -0.006990358609214063 -0.009206283579756055 0.9999331873826189 0.5297031741451151
0.9999553677375538 -0.004412430764334932 0.008354219748345553 54.85948599736929 0.004352760460401025 0.9999649842124769 0.007147294964902154 0.14772929512890595 -0.008385464162946834 -0.0071106120475594 0.9999395597670296 0.5353693969914904
0.9999510006025468 -0.004775214346602106 0.008671431364515191 56.25323900228724 0.0047217514321289105 0.9999697839847924 0.006175449847658526 0.16249641102365944 -0.008700658445122468 -0.006134202910872981 0.9999433334430855 0.5470986108662794
0.9999532776948151 -0.005251497967884814 0.008115675972404283 57.68477510163431 0.005219295576218125 0.9999784430233708 0.0039840233738300005 0.17188582126771956 -0.00813642311361869 -0.0039414791193732755 0.9999591308454899 0.5599026356811126
0.9999517010241095 -0.0053675302508173536 0.008233179094175062 59.13622011572545 0.00535187371017508 0.9999838306007602 0.001922494426631919 0.18219669656291074 -0.008243365015607249 -0.0018783386373746789 0.9999642587498729 0.5585736790838954
0.9999429648872036 -0.004982629778533886 0.00944671228940281 60.532725403859885 0.004964291809057189 0.9999857498269842 0.001963657250827057 0.19183530441362864 -0.00945636184921106 -0.0019166490169734605 0.9999534507551452 0.5796928500031764
0.9999355324230863 -0.004253482217973275 0.010528004881278726 61.98306998525754 0.004253634620096231 0.9999909532240061 7.915943637723687e-06 0.20941414205239198 -0.010527943307102406 3.686685272753093e-05 0.9999445789895346 0.5840127575251587
0.9999395361132816 -0.0037831539577725865 0.01032530211117234 63.39525697352153 0.0038010462751414038 0.999991307451549 -0.0017137877803453986 0.2225737383529369 -0.01031872883495947 0.0017529311092045698 0.9999452240336753 0.5974156778869267
0.9999522656127333 -0.0033606231074484677 0.009174568561601627 64.79846272932093 0.0033900482696729226 0.999989154226492 -0.0031935876556849346 0.22485075302322535 -0.009163736611837617 0.003224537442012261 0.999952813031492 0.5978664928506059
0.9999553737532899 -0.00279703820101635 0.009023695430383259 66.25335429279367 0.0028336067307038696 0.9999878153138524 -0.004042263811817193 0.23569593374772205 -0.009012279113186309 0.004067653024862415 0.9999511153171716 0.5963327275038487
0.9999542921021096 -0.0022035703283430656 0.009303654356051235 67.62092227109243 0.0022166626308354333 0.999996567191358 -0.00139714433071045 0.24427341751942555 -0.009300543712594594 0.001417703533121312 0.9999557440223753 0.6210283772660905
0.999944298466734 -0.0017181190077312906 0.010413838434814334 69.0961066347191 0.0017115780101491925 0.9999983323733463 0.0006369860606191182 0.26194604163969215 -0.010414915486278204 -0.000619126482652598 0.9999455716276822 0.618699109409981
0.9999338108174038 -0.0010178253245259723 0.011460279917756286 70.46367265206337 0.0009679126158599775 0.9999900267979543 0.004359982774577556 0.2753661443687955 -0.01146460332295163 -0.004348601641367889 0.9999248234414485 0.6242808656747978
0.9999188454032273 1.997198910762037e-05 0.012739788404706619 71.90904277448745 -0.000121002878100439 0.9999685527379387 0.007929621270639918 0.296635965431761 -0.012739229402932406 -0.007930519296486499 0.999887403109924 0.6377526307561345
0.9999225194890411 0.00024982399815860344 0.012445585830255285 73.27771733233978 -0.00041100873645280643 0.9999160570921137 0.012950283440120978 0.30151678562906437 -0.012441305820004045 -0.012954395290049483 0.99983868576494 0.6412523192881798
0.9999281038240121 0.0010042523229657886 0.011949002476669048 74.67016964025248 -0.0012040140584897133 0.9998594455120381 0.016722427171512642 0.31522698310664155 -0.011930529454411668 -0.01673561165991261 0.9997887685752956 0.6484908457451266
0.9999275711409117 0.0018224951457173728 0.011896679523330723 76.11622772442314 -0.002036483527619763 0.9998359133630452 0.01799997456460915 0.3247327599872968 -0.011861922570929776 -0.01802289823887045 0.9997672078699084 0.6448972245630828
0.9999205571037144 0.002214837983413934 0.012408624988467676 77.48085811911483 -0.0024389039588559517 0.9998337253677645 0.01807134097672562 0.3335101144729836 -0.012366536656504694 -0.018100168781666995 0.9997596974579434 0.649848900123162
0.999918400570438 0.002173297738520075 0.012588446194696182 78.89845164631586 -0.002383962467240299 0.9998569672200043 0.016744008617116377 0.33177844834745757 -0.012550255918179789 -0.01677265269881367 0.9997805605220744 0.6579239673249412
0.9999287615299032 0.0022177223181326774 0.011728323537215615 80.26239817918405 -0.0024034195095099116 0.9998716047185908 0.0158429054195083 0.3411660908887669 -0.011691682510881688 -0.015869964876767517 0.9998057055122634 0.6598389673233498
0.9999284815920705 0.0017322569324259422 0.01183346892911752 81.64839686551218 -0.0019163616363064694 0.9998770311833767 0.015564384664851124 0.3384587569972632 -0.01180505226821213 -0.015585948730719676 0.9998088412007108 0.670576013815037
0.9999242688333727 0.001413781162703825 0.012225294306023428 83.06484186965382 -0.0015996716300282622 0.9998830566559743 0.015209012557755064 0.3435190290051172 -0.0122023624237681 -0.015227417217960906 0.9998095959312199 0.6756154969168142
0.999931105229758 0.001122495963346892 0.011684382602714519 84.4124815729453 -0.0012967965284276777 0.9998878418404381 0.014920524737248144 0.35356968061277233 -0.011666323875077605 -0.014934649057920505 0.9998204104461753 0.6774061541415572
0.9999272137409645 0.0004013080867878955 0.012058448160985369 85.82287427559888 -0.0005792689322549694 0.9998909222459662 0.014758321639520119 0.35486123867475244 -0.012051210218721476 -0.0147642325208892 0.9998183763915991 0.6779316381401115
0.9999080121759669 -0.0007411474715543548 0.013543185988959407 87.17341817342393 0.0005444624945202162 0.9998944205528129 0.014520719952769117 0.3663637786203102 -0.013552518101747683 -0.01451201046650997 0.9998028459678047 0.6936169911720487
0.9998938582080487 -0.0019203150574861976 0.014442461975114526 88.54461654566732 0.0017225842400055565 0.9999047909534883 0.013690936118353139 0.36781060187438763 -0.01446737783285975 -0.013664604580474833 0.9998019671716497 0.6991286481222878
0.9998789916771039 -0.0031394693878578337 0.015236329437906575 89.94918878014327 0.0029723995354456276 0.9999353493612063 0.010975515426801172 0.3681073478523484 -0.015269801694173949 -0.010928898839543327 0.9998236806189257 0.7005135546396054
0.9998730469017532 -0.003873817899164334 0.015455860192450963 91.31193759339074 0.0037315063912701277 0.9999504785798904 0.009225846730791416 0.3778560353481198 -0.015490834046505905 -0.009167001839874284 0.9998379869447906 0.7026700866002572
0.9998733326675255 -0.004374719033395954 0.015302955718252879 92.6801062065652 0.004259419125635596 0.9999623588610995 0.0075589820516917625 0.3860929795624366 -0.015335448120225734 -0.007492842873333971 0.9998543300584478 0.7089988572088347
0.9998842938878991 -0.004447527636826857 0.014547107417524891 94.00210337752237 0.004353424755236251 0.9999694365791721 0.006494120451103632 0.393992295907103 -0.014575545588342228 -0.006430039304126185 0.9998730959803597 0.7033690455242888
0.9998909830774656 -0.004709005360719616 0.013994542825405 95.40796339685888 0.004623594584890279 0.9999705269058777 0.006129248950390564 0.41301805618174514 -0.014022993029091681 -0.006063875666106988 0.9998832857280954 0.6970674388910847
0.9998953553248868 -0.00485779250421704 0.013626454113386798 96.74833349775311 0.004772749446790635 0.9999689746980517 0.006266618230382218 0.42835292797120034 -0.013656473279599787 -0.006200926810822058 0.9998875182960583 0.7029124214036513
0.9999051418627644 -0.0047160742361783605 0.012940862421183317 98.0835618619927 0.004620058576605712 0.9999616539893481 0.0074394629937998644 0.4376556877333791 -0.01297545125049113 -0.007378969757780577 0.9998885880287663 0.7051486565676817
0.9999044245540244 -0.0042795492902349425 0.013146376502965127 99.47074311317017 0.004165880374913482 0.9999538095074233 0.008661656440523286 0.45946118798117935 -0.013182837251031157 -0.00860606236697117 0.9998760665665263 0.7019999821587941
0.9998801471485267 -0.0042410479356960705 0.014889756567782693 100.79325801976587 0.004100634670763277 0.999946957774031 0.009448091540487367 0.4665865701568554 -0.01492903659107425 -0.009385901707754184 0.9998445022680251 0.7088446769438582
0.9998523818310547 -0.004125560242258671 0.016679157636228386 102.13882437053223 0.003964886845743376 0.9999455307488783 0.009654802309974375 0.4838010968637417 -0.016718080603559497 -0.009587246113025886 0.99981427800012 0.7155295827500843
0.9998708627616354 -0.003857333936491768 0.015600601757787526 103.47388144407054 0.0037169834829461974 0.9999524513712545 0.009015488362050041 0.4945372193858081 -0.015634635719779324 -0.00895633694772274 0.9998376579197188 0.7166353702088283
0.9999075212766174 -0.003885694913280272 0.013032661642651744 104.80785683200939 0.003764104314794147 0.99994928479424 0.009341271765420999 0.5111976770825294 -0.0130682980207174 -0.009291351598611006 0.9998714369219238 0.711287640162711
0.9999190465091922 -0.003814907486988433 0.012138653509093095 106.13184489770052 0.0037096643734435635 0.9999554399093771 0.008680817120560498 0.5161588542503895 -0.012171229123819093 -0.008635084047647264 0.9998886420522565 0.7182118159641994
0.9999069679868249 -0.0036778673259856742 0.01313501668545689 107.48374663168744 0.003580393587096179 0.9999659373457778 0.007436728443444991 0.5307101289602547 -0.013161920572479703 -0.007389008060119449 0.999886076714108 0.7177726586278051
0.9998776078556927 -0.003102466905486049 0.015334406016468615 108.80753098802764 0.003044303690774903 0.9999880893961882 0.00381487624957924 0.535057967750378 -0.015346058901746706 -0.0037677267498630105 0.9998751435610961 0.716322870135329
0.9998624371387099 -0.002164243493757172 0.016444538580915116 110.1516896383275 0.0021257932058626697 0.999994966769448 0.0023553001966797452 0.5480581881510496 -0.016449553254887627 -0.002320018506456637 0.9998620053346583 0.7281174734586867
0.999878244857806 -0.0016772812960093822 0.015513935268894262 111.47624375183086 0.0016422500775923712 0.9999960738858851 0.002270512606919365 0.5608554612901175 -0.015517682647741966 -0.0022447583989349514 0.999877073737054 0.7236950120293099
0.9999151832463838 -0.000778704809347064 0.013000766599341322 112.79825920808848 0.0007355842385811926 0.9999942141774785 0.0033212237797856574 0.562674278377205 -0.01300327763214337 -0.003311378925366675 0.9999099707175813 0.7225206676103821
0.9999405107103299 0.00018818488579600993 0.010905944563107863 114.15794993772833 -0.0002595904429670072 0.999978538713249 0.006546352092348342 0.5695901326818134 -0.010904478582983426 -0.006548793733492548 0.9999190995512934 0.729273114712766
0.9999394162107268 0.0018282481339477862 0.010854557425875992 115.45760245320882 -0.0019315316955035415 0.9999528908013054 0.009512379482649672 0.576657600910515 -0.010836655086334916 -0.00953276910836435 0.999895841185304 0.7219337103354333
0.9999083042801791 0.0030964991144703607 0.013183122724561984 116.8149663743597 -0.003232404622650097 0.9999417264332391 0.010300257184588572 0.5931214891380728 -0.013150459759728882 -0.01034192588192753 0.9998600451949065 0.7231118596979352
0.9998745155444286 0.004141159671949553 0.015290649474942184 118.11834249579036 -0.004294142606009148 0.99994092073176 0.009985759129842052 0.5912012294721302 -0.015248393491557986 -0.01005016630167808 0.9998332264199041 0.7224571427339254
0.9998539285884964 0.005063490938048641 0.016324293113955887 119.49087707900551 -0.005216236530672565 0.9999428881130875 0.009327989521506926 0.588350283821398 -0.016276128612361274 -0.009411778342989452 0.9998232374104017 0.726390045847484
0.9998544785213137 0.005959096009586877 0.015984710057437297 120.81160723453634 -0.006119921192500385 0.9999309582831605 0.010031212863747857 0.5890885281800999 -0.015923829485064073 -0.010127578272655391 0.9998219160494841 0.7214467343533401
0.9998467757767453 0.007400394857047025 0.015863767673740866 122.1150974285862 -0.007585931446319667 0.9999031565521351 0.011667525923177349 0.5833444995895507 -0.015775887072946873 -0.011786079629633807 0.9998060860557038 0.7178750305660104
0.999845036964939 0.008384183295473873 0.015479261191916624 123.47952773457793 -0.008595870543577253 0.9998697487380782 0.013660035433719193 0.5874610613342135 -0.01536271675771379 -0.013790976358485278 0.9997868752413696 0.7125392372939339
0.9998457772620446 0.009590849452022286 0.014711808116158926 124.79537995534008 -0.009803212397905905 0.999847805500524 0.014431315340876423 0.5866692646192967 -0.014571160487057295 -0.014573312683632196 0.9997876273686754 0.710743447490242
0.9998406293663503 0.010895549375029179 0.014142237168027642 126.14766686574458 -0.011118599839274988 0.9998135038605437 0.015790320950399568 0.5707537082880931 -0.013967555473829893 -0.01594504631284759 0.9997753062024319 0.7087133111015228
0.9998290154703575 0.011704611327361376 0.014315791883482922 127.4962026630991 -0.011914933496315462 0.9998210201787062 0.014695644544882477 0.5626611809292691 -0.01414122283800703 -0.014863703525250965 0.9997895259174099 0.7106572578614133
0.9998063141405661 0.012702738945091465 0.015032452492809868 128.822751450915 -0.01291878991772882 0.9998133792379367 0.01436354983558352 0.5671710431100526 -0.01484719070118375 -0.014554968914791943 0.9997838335401169 0.7103535167656296
0.9997813445608833 0.013583185145943831 0.015898432291374134 130.1884262967056 -0.013798059715078635 0.9998138707265183 0.013484711749091364 0.5514617065052788 -0.01571230779139465 -0.01370113076165502 0.9997826775853443 0.7074585336025214
0.999764345129642 0.013931385789061869 0.016648444296528744 131.50427668608188 -0.01413574170697162 0.9998254012906294 0.012220791317499664 0.5300925537594561 -0.016475284941149835 -0.012453249536904699 0.9997867180364418 0.7064222277610988
0.9997494104070603 0.01384805207008084 0.017588287142284765 132.86175319628393 -0.014014490906527323 0.999857838718122 0.00937530791797938 0.5212506023993482 -0.01745595701661736 -0.00961944945360147 0.9998013581491293 0.7001505150342247
0.9997413092328434 0.013768391432856771 0.018103756813208007 134.19558798218213 -0.01390558522133853 0.9998753772156691 0.007474271702019971 0.5017244155914627 -0.017998591974158155 -0.0077240815101318906 0.9998081762277066 0.687523916261445
0.9997502199126819 0.013243888866594925 0.018002699581830674 135.5364246278857 -0.013368126749932095 0.9998875316169943 0.006798330976946712 0.4827607499933291 -0.017910638507381955 -0.007037295259092534 0.9998148256070692 0.6950957340212003
0.9997618964563757 0.012246768364484177 0.018060095752180063 136.88836881309692 -0.012360907597356629 0.9999042431501005 0.006221936498734966 0.46751988005181117 -0.017982167759223414 -0.006443694208398521 0.9998175435786412 0.6923355479076595
0.9997519560033428 0.011181364921876576 0.019261452332934907 138.2039257428358 -0.011265653570122767 0.9999274102402756 0.004273090194867423 0.4569553143597694 -0.019212275167925213 -0.0044890231297376884 0.9998053496327235 0.6887860133432439
0.9997613588148406 0.010209270086673786 0.019313110184560504 139.5653601321117 -0.010273443932587575 0.9999420212846141 0.0032265180930059582 0.4396716383226796 -0.019279050040590856 -0.0034241602675492734 0.999808278299392 0.6835186079428452
0.9997673292378241 0.00886371527421957 0.01966524701614304 140.90484827411754 -0.00889727098889864 0.9999591070437525 0.00161950894141094 0.43946495151744763 -0.01965008797991649 -0.0017940991607974463 0.9998053086729349 0.6793180369166266
0.999783332096541 0.007613205372941397 0.01937338292314963 142.2438008908748 -0.0076322360876450515 0.9999704613065523 0.000908562966071966 0.4390075786770681 -0.019365893582275466 -0.0010562283419247758 0.9998119055839702 0.6666623372170399
0.999803006317632 0.006429731107254359 0.018777835767563606 143.58919099572802 -0.006452800699344837 0.9999784980789663 0.0011682220976475355 0.4381346713464059 -0.018769920654060322 -0.001289161597047813 0.9998229984057263 0.6547489270766387
0.9998472666884071 0.005539163721944316 0.01657591508734589 144.94642494676899 -0.0055282217834294635 0.9999844701428675 -0.0007058590522554417 0.42853275984227973 -0.016579567534607806 0.0006141159091987301 0.9998623609287507 0.6492282743867402
0.9998684650193178 0.004429492356572096 0.01560231576966229 146.25729518877006 -0.004358913340782419 0.9999801269564544 -0.004554730139191606 0.44400223336311584 -0.015622180846499386 0.004486121890495254 0.9998679023630985 0.6543452417119792
0.9998168555235821 0.0034958291551661154 0.018815806904151404 147.63131531070528 -0.0032319500066537903 0.9998962599553641 -0.014036517603357989 0.42311513686486985 -0.018862924218978127 0.013973135145441724 0.9997244328234237 0.638065407812459
0.9997916176619737 0.002311271400358814 0.020282486962096932 148.9488199957275 -0.0018849343007966931 0.9997774054378618 -0.021013961992427 0.4069906470784675 -0.020326541160153852 0.020971351898515504 0.9995734260793517 0.6400120335467961
0.9998470612695576 0.0013005750314777193 0.017440257315104825 150.26384917136593 -0.0008980665954101539 0.9997335116612681 -0.023067274174020255 0.38691020505161877 -0.017465610410740847 0.023048083781883257 0.9995817816902045 0.6379691062344389
0.9998936698717512 0.0015195504949058458 0.014503100244251822 151.64188903470563 -0.0012058642883257104 0.9997656803459855 -0.02161319721020174 0.3966945912258269 -0.014532544227337709 0.021593410305515957 0.9996612075046516 0.6396550905039343
0.9999267753498692 0.002266504513528123 0.011887257703204479 152.96946148119645 -0.002041983699526495 0.9998199403623238 -0.01886576678670356 0.40741111468610336 -0.011927876633462708 0.018840111761069138 0.9997513570622684 0.6332568660910991
0.9999209567693037 0.0032694126981338335 0.012140475862565413 154.32233423195504 -0.0030281612115831296 0.9997986384762263 -0.01983715556124046 0.4079348308638709 -0.012202887086133164 0.019798824250279894 0.9997295114705125 0.6255279834739637
0.9998784906163495 0.0036886667973119206 0.015145881949528739 155.66853321515867 -0.003347816122794614 0.999741945517033 -0.02246852244866025 0.4126096571504836 -0.015224852379534203 0.0224150866845614 0.9996328164675993 0.62503128450551
0.9998075173004327 0.004349915358196384 0.019131298594749033 157.01439565136914 -0.003799625261945951 0.9995806548462287 -0.028706746681804455 0.4048147449304782 -0.019248147895673008 0.028628529364272907 0.999404780911631 0.6284690565566428
0.999790076224429 0.00437587866593375 0.020016372524798844 158.34385968110934 -0.0037299156351490435 0.9994746148393623 -0.03219599386667797 0.3942349204946764 -0.02014674198239425 0.032114575781248 0.9992811230128813 0.6142240026325482
0.9997832593070289 0.004398523971886547 0.020349137482531036 159.6957805499112 -0.0037009207844329994 0.9994083874835324 -0.034193248060295736 0.3788896345340338 -0.020487498499366923 0.03411052644616183 0.9992080536058565 0.6126513100383703
0.9997774813965348 0.005354253752758732 0.020403912839272294 161.0607028887911 -0.0046756982068418915 0.9994391202384103 -0.03315995752939333 0.3853617073200392 -0.020570015524546577 0.03305717628327778 0.999241761315797 0.5875466766159159
0.9997723355402344 0.00652689686001079 0.020314445741979725 162.4088799657526 -0.005948709804138169 0.9995791278036392 -0.028393311025348103 0.3877118825510767 -0.020491216169159096 0.028266002134981608 0.9993903857768565 0.5913653569112093
0.9997999920393398 0.007367590782192448 0.01859286218424869 163.7498314092645 -0.006910456420350565 0.9996751564339951 -0.02453216665380392 0.3854237075227346 -0.018767565377500295 0.024398774861327077 0.9995261268596572 0.5850069945004913
0.9998052145367416 0.007979752471723951 0.01805149676979344 165.10009928523394 -0.007548090277338793 0.9996869129734473 -0.023855866422841505 0.3893513533596163 -0.018236208989397745 0.02371496531958941 0.9995524203870378 0.5706393577377173
0.9997823963982068 0.008314622636020735 0.019131829569583512 166.45012174471697 -0.007883257806841737 0.9997154695167138 -0.0225129797078805 0.3817240484705787 -0.019313572911553348 0.022357259657595382 0.9995634741435848 0.5487857418122846
0.9997790708689753 0.008095015038273562 0.019397942774911175 167.78881744843218 -0.007677743345003172 0.9997395843071537 -0.021489900569517884 0.375071407080035 -0.019566852314484903 0.021336220398412424 0.9995808641573795 0.5451616949095786
0.9998207221133328 0.007427818841684312 0.017416978498829238 169.16369137275726 -0.007109316873607863 0.9998076672849592 -0.018278021003352657 0.377227734575696 -0.017549394472864153 0.018150921339245726 0.9996812305971201 0.5496922287427908
0.9998725924207114 0.006872543223281554 0.014407188328401857 170.5593414865406 -0.006667555493553421 0.9998765429922432 -0.014228228196837346 0.3701907169560085 -0.014503193773314122 0.014130354685039526 0.9997949742056361 0.5415119832034889
0.9998919913130688 0.006452684809083686 0.013204869054272763 171.91118480737507 -0.006323543657445797 0.999932000668293 -0.009798307768033731 0.3741310892886989 -0.013267196523691313 0.009713747899722009 0.9998648031599784 0.5298668626558084
0.9998779899820888 0.006646469959496464 0.014136109311103566 173.29233263419044 -0.006591032613837249 0.9999704194301945 -0.003964663123668996 0.38358484245992497 -0.0141620421712863 0.0038710078375480132 0.999892220121679 0.5297685349725237
0.9998319245504367 0.007383112726696444 0.01678130794171316 174.69949804283036 -0.0073788776229099405 0.999972726326165 -0.00031427510717094625 0.3918512275212636 -0.016783170582337272 0.00019039506758675382 0.9998591345459231 0.5334730053160516
0.9997980448884731 0.007444028972334303 0.018666972701688676 176.04969543542325 -0.0074257688659658564 0.9999718801344766 -0.0010473285393791203 0.38692053334255355 -0.018674244132917264 0.0009085004013171104 0.9998252083404804 0.5185403474549279
0.9997735399265415 0.006852094742930971 0.020147398352787036 177.4156780306999 -0.006799556665153547 0.999973304753228 -0.002675034591341023 0.3821891988628179 -0.020165190103476685 0.0025374354260557673 0.9997934419316568 0.5148416346176211
0.9997775542456177 0.00515650437286955 0.02045122219583858 178.8309666815461 -0.005067470262433641 0.999977467253044 -0.004402923043462735 0.3782666483653814 -0.020473465065550926 0.004298307671617009 0.9997811569435432 0.5138005784848293
0.9998527259108745 0.0030334092792626255 0.016891563478206046 180.1642994639832 -0.002948306781142301 0.9999828477921253 -0.005060791309208752 0.3763178990804249 -0.016906625201915708 0.005010244474631543 0.9998445196502237 0.507705639152689
0.9999230581757343 0.0012800599169839621 0.012338524024202973 181.5814701258464 -0.001234740782935013 0.9999924668592011 -0.0036798967442648223 0.38216082789603284 -0.012343141564685222 0.0036643787274823025 0.9999171061567332 0.5067022178645592
0.9999331554249409 0.0009715984894521169 0.011521314087216138 182.98186695877686 -0.0009825091151278557 0.9999990742462774 0.0009413726290475083 0.4055028272191914 -0.011520388785092341 -0.0009526294995030882 0.9999331843374721 0.49213020541018254
0.9999192760130335 0.0005673357571184999 0.012693289081614755 184.31063341742117 -0.0006230536224165668 0.9999901872277001 0.004386029239876993 0.41589387969020525 -0.01269067617403971 -0.00439358378185248 0.9999098175134582 0.49189699376604124
0.9998731771162646 0.0007713686941560066 0.01590706364370087 185.7603095148726 -0.0008762668284020729 0.999977911521896 0.0065885221979343446 0.4160990262077231 -0.015901630101109638 -0.006601625454757903 0.9998517673642842 0.4865353595951127
0.9998262890733168 0.000987099092581832 0.018612289307379393 187.11755332678504 -0.0011201326459402885 0.9999738928677363 0.007138549278428191 0.431955240489173 -0.01860475693836563 -0.007158157467286743 0.9998012921580657 0.48497244489262725
0.9998059433759092 0.001266534976625742 0.01965887787645437 188.5798729496801 -0.001369177507823896 0.9999854978224361 0.005208598445538251 0.4304982389981494 -0.019651995907806225 -0.005234504175925163 0.9997931781237918 0.46455428429043044
0.9997948449705706 0.0008825975155377544 0.020235834351428617 189.9815469441043 -0.0009656990838551584 0.9999911399450416 0.004097249894224214 0.4363694928893377 -0.020232038838246952 -0.004115951049495803 0.9997868390569091 0.460493765060532
0.9997827038076265 0.0011026928154347444 0.02081656157165712 191.34375554756136 -0.0011271187324697974 0.9999986900361213 0.0011616924740739864 0.4397628113829152 -0.020815253312768477 -0.0011849027792156868 0.9997826369941264 0.4498087243588181
0.9997816073749796 0.001590279489107414 0.020837671795299117 192.79963929014207 -0.0015948338999893967 0.9999987078596994 0.00020194990235228403 0.43835899715165466 -0.02083732371331608 -0.00023513842335898263 0.9997828517485126 0.44196776421879796
0.9997555219953234 0.002010462985541811 0.022019406859460522 194.17179943040813 -0.0019307019256127067 0.9999915005523672 -0.0036429676226349458 0.4385261000671207 -0.022026543758227848 0.0035995640859550516 0.999750906230376 0.42761944759552106
0.9997226468147656 0.002510677575430132 0.02341636060090591 195.642018517978 -0.002325567815758765 0.9999658605177877 -0.007929031041353894 0.42700633994017684 -0.023435468418910112 0.007872375564763084 0.9996943555522126 0.40979042169061447
0.9997077519737326 0.0028943228722687537 0.02400069871351278 197.02335441495148 -0.0026121751030124354 0.9999272150275007 -0.011778844959401577 0.42042289339453776 -0.024033043603691857 0.011712708587576144 0.999642548750645 0.3988976666658818
0.9997757253305793 0.002929121308029118 0.020974252980186226 198.4683753074376 -0.002727405556629021 0.9999498197837938 -0.009639459180269672 0.4329997421541034 -0.02100143563291972 0.00958009199962432 0.999733545270256 0.39684428676848515
0.9998736536495358 0.0033260357922136135 0.015543944912311126 199.89397838410213 -0.003299217600722188 0.9999930251887269 -0.0017506390608199585 0.43743208314451765 -0.015549659184404459 0.001699135017324291 0.999877653035331 0.39336616708654043
0.9998766927131191 0.004374312554222329 0.015081934847783682 201.33273480648947 -0.004472108734195426 0.999969155101702 0.006456708810051366 0.4613813123655819 -0.0150532259846304 -0.0065233607033671585 0.9998654140196017 0.3645620831115325
0.9998155895780626 0.005694501572446129 0.018340106011484638 202.79324148292358 -0.005945921097072692 0.9998886977270747 0.013683500281802343 0.47434499277453807 -0.018260144002128578 -0.013790025724998033 0.9997381668874733 0.35172616875170265
0.9997489240378834 0.00649632167877418 0.021444968867788013 204.22506642952084 -0.006827191875046279 0.9998582306643505 0.015391816782158242 0.4738686325300816 -0.021341938435760953 -0.015534361184165723 0.9996515419316894 0.3450616728941888
0.9997435091729597 0.005911152087732378 0.02186261986890124 205.6689030533798 -0.006223967770938882 0.9998788360882814 0.014267984017729442 0.46772734578825725 -0.021775630684843367 -0.014400396652160865 0.9996591671587561 0.33721607004950455
0.9997452208260965 0.00466067074298797 0.022085551467079752 207.1079854059678 -0.004906165888734163 0.999926639488067 0.01107452835897084 0.4556828143329983 -0.022032316529402754 -0.011180062179025839 0.9996947450287118 0.3272570751739879
0.9997575548290316 0.003737499961142873 0.021699369952060874 208.56496679028092 -0.003941529328649133 0.9999483567045727 0.009367404676634203 0.4430620720806127 -0.02166323865047293 -0.0094506622976851 0.9997206555199846 0.3186670696868065
0.9997700529566949 0.003279801400754722 0.021191604793855408 210.02933896732014 -0.003479037304616974 0.999950033216124 0.009371625819760481 0.44711849441009777 -0.02115980884602769 -0.009443197225734789 0.9997315082139581 0.29851139998103804
0.9997695819510221 0.0029138294238014156 0.02126717196920593 211.48191252213323 -0.0031293141557909116 0.9999440361747878 0.010106033415202418 0.455604177889699 -0.021236534519387944 -0.010170256464996856 0.9997227493085485 0.28394940623373005
0.9997550975705382 0.0029453188086892785 0.02193330752163874 212.93051079248073 -0.003171643865703684 0.9999420147060339 0.010291156437786017 0.45644601154211534 -0.021901724975735077 -0.01035820074882803 0.9997064679796437 0.25945266076384416
0.9997505297716521 0.002528994109770006 0.02219194471184531 214.38884505398946 -0.00274640291825313 0.9999484838427211 0.009771741485212832 0.4646003120989309 -0.022166088791472915 -0.009830251748351485 0.9997059721029241 0.25008222547511016
0.9997685241192736 0.002177818402654819 0.021404562302797216 215.83033302565806 -0.0024084828369940873 0.9999392460782418 0.010756549767528345 0.46612584036016425 -0.021379836079661006 -0.010805612406636989 0.9997130294988279 0.23839960314172223
0.9997758598232847 0.0018639910602696883 0.021089230709992402 217.31581518805322 -0.0021032242992850727 0.9999336313587075 0.011327370627612987 0.4765480238029709 -0.021066716928818043 -0.01136918709124128 0.9997134264491627 0.23590567921705025
0.9997735431947898 0.001192680714327977 0.021247113696910753 218.7964393895199 -0.0013962545201635897 0.999953241374825 0.009568988310998304 0.4736828097970763 -0.021234707463271187 -0.009596487727016042 0.9997284604442621 0.21224460005657514
0.9997822484711832 0.0008593491227872601 0.020849871965804217 220.27457236936092 -0.0011003932874009393 0.9999326653468329 0.01155222519654881 0.48166303406183913 -0.020838540652317925 -0.011572652741005366 0.9997158741022459 0.20653300756588022
0.9997803152253949 0.0009216226611243356 0.020939720616106123 221.75742579920262 -0.001134266469188226 0.9999478903986458 0.010145438722631803 0.4890293238373863 -0.020929279189378525 -0.010166961147181769 0.9997292624374085 0.1929231211559179
0.9997848206374649 0.00048304902177925775 0.020738348211822806 223.24311840930687 -0.0007436356781079245 0.9999208488870089 0.012559576707112418 0.49017788686729447 -0.020730639857237908 -0.012572295921038208 0.9997060457686466 0.18169394423391275
0.9997902251267061 0.00017537825482505582 0.020481088436845738 224.74964982911536 -0.000387341172326951 0.9999464068609981 0.010345693432314996 0.4926618703838187 -0.02047817638136712 -0.010351456334591756 0.999736711161417 0.1542454753592266
