1.0 -2.1684043449710093e-19 -2.5135375298442207e-37 0.0 2.1684043449710093e-19 1.0 2.3183291766350204e-18 -8.673617379884035e-19 -2.51353752984422e-37 -2.3183291766350204e-18 1.0 0.0
0.9999995428144973 -0.00027016809243965293 0.0009172676807461274 1.312229946372557 0.0002704634076992144 0.9999999116335562 -0.0003218422360263234 0.0029944246144840516 -0.0009171806481874707 0.0003220901762274259 0.9999995275186769 0.016024781564121973
0.9999985134462549 -4.7676542908190554e-05 0.0017236102307581632 2.6075817920307416 5.0466679664655605e-05 0.9999986885215523 -0.0016187675217990494 0.006653416708472454 -0.001723530793041282 0.00161885210029951 0.9999972043758336 0.02300829163030963
0.9999984163994685 -0.0008802946734285053 0.001546699661577017 3.9447800616571205 0.0008839350063361332 0.999996837469974 -0.0023545082193303043 0.004833386018094368 -0.001544622109048876 0.0023558716727049927 0.9999960319977285 0.046853058591016086
0.9999992986448645 -0.0001275768816156543 0.0011774692855103215 5.253602648932348 0.00013166512346630114 0.999993961720537 -0.0034726339801962663 0.004194277914982729 -0.0011770191478075306 0.003472786576285445 0.9999932771670623 0.057777011969177165
0.9999985305831196 -0.0007131588929881325 0.0015589214203307977 6.584600078937111 0.0007189948215190265 0.9999927244192509 -0.0037462187617128186 0.004484806420758859 -0.0015562384290471283 0.003747334113384106 0.9999917677706125 0.0659972740930522
0.9999958948545219 -0.0004699274102161819 0.0028265601591488704 7.915967468352679 0.0004839507341447463 0.9999875689585829 -0.004962632365029783 -0.002390046825239605 -0.00282419294508731 0.004963979908566094 0.9999836912858511 0.0866252566040104
0.9999942382959098 -0.00013534145077124596 0.003391910623055309 9.229074698927263 0.00015336555779313566 0.9999858680223195 -0.005314154180469892 -0.00018861310800748776 -0.0033911434633136827 0.0053146437641507045 0.9999801271563707 0.08944158979365907
0.9999966146661605 -0.001045564729595982 0.00238274014841153 10.57570571617841 0.001055966379791942 0.9999899011913634 -0.004368346402481693 -0.0021701035012484707 -0.0023781486966496478 0.004370847707659297 0.999987619972914 0.10247901177153287
0.9999998100775529 -0.0006155425299586992 3.0858581989186026e-05 11.89166872502911 0.0006155925923200356 0.9999984501934455 -0.0016494412591613876 -0.0006616301594382935 -2.984323291867093e-05 0.0016494599422099496 0.9999986391947143 0.10730711381360819
0.9999990795447765 -0.0009874391943013852 -0.0009305232063113878 13.246160133082345 0.0009886081579574206 0.9999987217768185 0.001256621915745434 -0.0009233111102934378 0.0009292811791630295 -0.001257540681914156 0.9999987775132144 0.12095154303114869
0.9999989757576443 -0.000756700308310069 -0.0012148614348307335 14.585942085224325 0.0007614896546990905 0.9999919218606401 0.00394668810132716 0.00017098691820601492 0.0012118651609076823 -0.003947609163376558 0.9999914738460148 0.1250301662926766
0.9999998329166488 -3.367582623558548e-05 -0.0005770897791265874 15.922390768294239 3.642723500400025e-05 0.9999886305298274 0.0047683838076234076 -0.0025596989661404897 0.0005769226386570266 -0.004768404032690863 0.9999884646750932 0.13269418039277656
0.9999978414158084 -0.0003912210372447079 0.0020406150601610857 17.287986466421184 0.0003851785920492221 0.9999955431048559 0.0029606431525049386 -0.007516694882708541 -0.0020417642312387674 -0.0029598507604716453 0.9999935352202531 0.14218752269179102
0.9999913857855094 0.00044297554106833425 0.004126999811785035 18.628328430179792 -0.00043707904255073376 0.9999988826681603 -0.0014295538959558083 -0.018414945738574287 -0.004127628457967291 0.0014277377563455807 0.9999904620786201 0.15424556583408902
0.9999974546786724 -0.00011229307217505354 0.0022534476791463936 19.98395207383199 0.00012051220238467426 0.999993340392434 -0.0036475536446661074 -0.022327718699076477 -0.002253023077064497 0.003647815928412794 0.9999908086207426 0.16851039575317833
0.9999999285883622 0.00030042840908146693 0.00022927285433888743 21.326886796627104 -0.00029948830815195354 0.9999915933735238 -0.004089436273428954 -0.024762907544302663 -0.00023049950976130614 0.004089367316856361 0.9999916119372823 0.16730035309413555
0.9999992769603487 0.00021387491630919876 -0.0011833580606986113 22.698997521761175 -0.00021696861105358094 0.9999965578018801 -0.002614824853165233 -0.02515646648540728 0.0011827947418990858 0.0026150797140979923 0.9999958811688614 0.19551763644128325
0.999999362904049 0.0011277827274388064 -4.7933452250000277e-05 24.063731287262616 -0.0011277818954823536 0.999999363902764 1.7379976138538e-05 -0.019272565549418245 4.795302259655613e-05 -1.7325906586190055e-05 0.9999999987001603 0.1853453423781424
0.9999888939900223 0.0020847518876742216 0.0042267843780844005 25.449994649101143 -0.002085549204400655 0.9999978082684929 0.00018423551875389497 -0.027383497326852156 -0.004226391028762407 -0.0001930486394292725 0.9999910501354974 0.19762408824781955
0.999982407602869 0.002192818556130356 0.005511445504537681 26.817196579089085 -0.002183706166127249 0.9999962398450826 -0.0016588318407929248 -0.03586487792656976 -0.005515062297890756 0.0016467672804318745 0.999983435985504 0.2029154715344569
0.9999843938081854 0.002307622041546431 0.005087928909622917 28.18930938247322 -0.002283505311013083 0.9999861555178405 -0.004740714729216594 -0.03599696733749734 -0.005098798247683723 0.004729022432026012 0.9999758190092732 0.24154668447502914
0.9999956024316581 0.0020412841753808214 0.0021513428970541108 29.56505079965179 -0.002030230228278603 0.9999847913858781 -0.00512788086462978 -0.034915259321025696 -0.0021617776401723528 0.005123490593042236 0.9999845381612545 0.2339029046805045
0.9999961936973734 0.0027513875868135753 0.00020605123714781984 30.944209753485165 -0.0027501604916881656 0.9999797676424877 -0.0057359326134662145 -0.0454048006459841 -0.00022182884203701412 0.005735344106799174 0.9999835281743101 0.2685585762677015
0.999994418409367 0.003119355336407299 -0.0011969847104894003 32.328329568357915 -0.0031221055769663957 0.9999924750043424 -0.002302692219090518 -0.03852492972158276 0.0011897927879229281 0.0023064164790453597 0.9999966324124032 0.27516481155955486
0.9999889715828527 0.0035123012129881274 -0.0031177640799103777 33.71750946347918 -0.0035174870632441514 0.9999924368072368 -0.0016594014235499414 -0.048331471309815195 0.003111912182026882 0.0016703498177961598 0.9999937629475784 0.29859045584982197
0.9999879827708783 0.003835397729549608 -0.003053528792366775 35.11665025890213 -0.00383982335744288 0.999991584108121 -0.001444807777752813 -0.052652388029418656 0.0030479616817281796 0.0014565154263462654 0.9999942942299219 0.30628185562023263
0.9999931522800936 0.003390917244638718 -0.001482252732060582 36.50181390747125 -0.0033931796975111726 0.9999930780093493 -0.0015265205297430777 -0.06492062224326887 0.0014770661671324279 0.001531539626435067 0.9999977363283932 0.34086500087044963
0.9999952228238861 0.0030881263616774975 -0.00013343530458233068 37.90988644039217 -0.003088142670436259 0.9999952242108784 -0.0001221895336866349 -0.06751961186613958 0.00013305733060335585 0.00012260101722353658 0.9999999836323685 0.3505382459642308
0.9999957256797611 0.002921938995377684 0.00010437775350080099 39.296771984144165 -0.0029221332992993773 0.9999939015256235 0.0019126025574235377 -0.06898134793090231 -9.878860896055087e-05 -0.001912899388056928 0.9999981655266883 0.36668082482023884
0.9999945753595021 0.00328575203801201 0.00023040207018414454 40.69498235801588 -0.003286780042060945 0.9999839577107349 0.004613176576965848 -0.07075338592600025 -0.00021524061966801255 -0.004613908833067295 0.9999893327014824 0.38741756461791893
0.9999945823631836 0.0032772215209510703 0.0003083235063198155 42.11944826277208 -0.0032792606477619456 0.9999710690883882 0.006863485690966326 -0.07120997162737508 -0.0002858214232245317 -0.006864459580234612 0.9999763984718766 0.4001659020337192
0.9999958902259013 0.0028107972794834536 0.0005647565500503022 43.51067723146468 -0.0028154083489553045 0.9999612839973084 0.008336904838305022 -0.08013664339825652 -0.0005413013354953702 -0.008338460595815592 0.9999650879244516 0.41686159848149545
0.9999967203531086 0.002508396418869011 0.0005169433551227544 44.9405246008754 -0.0025120835417297557 0.9999704919832395 0.007259793321928843 -0.0807140001947324 -0.0004987176615791118 -0.007261068117264654 0.9999735137344842 0.43396716752981873
0.9999985865350425 0.0016618382566294977 -0.00025538505413819697 46.33622285884385 -0.0016599857417663414 0.9999734845788791 0.007090457426077806 -0.09548762643708326 0.0002671614759035974 -0.007090023468416173 0.9999748297792115 0.45417291129879833
0.9999996544763917 0.0008266609605014978 8.762849667355457e-05 47.77173104579071 -0.0008272115351688615 0.9999786549399169 0.006481156195515012 -0.09950633903457627 -8.226890743228341e-05 -0.006481226443425796 0.9999789932471661 0.46849243031335364
0.9999996213124512 -0.0001730150586960021 0.0008529013681017853 49.16484427361074 0.000167268220781402 0.9999773160168123 0.006733459226465473 -0.10397166136965251 -0.0008540470107447847 -0.0067333140132939595 0.9999769662777748 0.4810271086619021
0.999998698366158 -0.0012361592735089047 0.0010369070547886301 50.59488624353892 0.0012288679328017952 0.9999747220471216 0.0070032242849506765 -0.10584836843726968 -0.0010455379445452647 -0.0070019409474880185 0.9999749395226735 0.4948628349993709
0.9999961344046165 -0.0025622414313100244 0.0010798586351111565 52.05044552424875 0.0025545808413345353 0.999971978916948 0.007036724923413479 -0.1093623948578476 -0.0010978581644421597 -0.007033939136101496 0.999974658882754 0.502990743810481
0.9999912165748691 -0.0036099785953493317 0.002129513478291556 53.44577596341798 0.0035939513648322917 0.9999655460822777 0.007482657412930539 -0.10708901525722596 -0.0021564523413063977 -0.007474938321697638 0.99996973704727 0.5184468833447736
0.9999865993889744 -0.004241941911282071 0.002967654173945519 54.905090890016645 0.004223727572572547 0.9999723696158556 0.006117199542539429 -0.10079112951886691 -0.002993520981639859 -0.00610458300556744 0.999976886182106 0.5294497601923763
0.9999831785037 -0.004811575288214814 0.0032390512319444313 56.302649414281575 0.004795818483008298 0.999976714512099 0.004854951973632368 -0.10132363639676571 -0.003262335775997958 -0.004839336404310136 0.9999829688491952 0.5409377444339374
0.9999821632932312 -0.005359222690266229 0.002636631856333184 57.73067123177419 0.005352494751022065 0.9999824184075509 0.0025521903781040066 -0.09997212629420844 -0.002650263256730662 -0.002538032297261213 0.9999932672256989 0.5543527295023435
0.9999810945809696 -0.0054631643954764384 0.0028221118748025546 59.191659347290276 0.0054588246431662634 0.9999839097721953 0.0015431883323599011 -0.09781762772810272 -0.0028304971579324618 -0.0015277537438898908 0.9999948271137892 0.5630344492078891
0.9999797416078798 -0.005243350515576978 0.00360882934046119 60.59085019754812 0.005241233486207329 0.9999860871307251 0.0005958326314883283 -0.10396235934702903 -0.0036119032906258533 -0.0005769058436920089 0.9999933106447595 0.5770309491478885
0.9999791910066268 -0.004583428908878452 0.004539794397269282 62.046819496868544 0.004592550837897366 0.9999874522712671 -0.002000943982626406 -0.09191324739742245 -0.004530566248665666 0.0020217515815593922 0.9999876931692754 0.5782741211332558
0.9999818879260478 -0.004361079550600853 0.004147867525674397 63.43722231007155 0.004375215374679987 0.9999846315209606 -0.003405027505567871 -0.09793515018103852 -0.004132954183435505 0.0034231136472283466 0.9999856003876634 0.5928741890081699
0.9999876861816787 -0.003965116606534258 0.002984180843905675 64.86546346574814 0.003978511859980164 0.9999819772737689 -0.004496284135108422 -0.10009897525776758 -0.0029662987699394863 0.004508101367562266 0.9999854389408214 0.6030879453863379
0.9999906493305085 -0.0032631718588341176 0.0028377739458131097 66.32543497195157 0.003276429554542135 0.9999836819542023 -0.004679832763132122 -0.09869582713118022 -0.002822456540311196 0.004689086769987851 0.9999850229900153 0.6171686224777446
0.999992904338525 -0.0025985488760291078 0.0027274193554941923 67.69234707412198 0.0026070788899224175 0.9999917073982386 -0.0031286218079609055 -0.09462109208781505 -0.0027192668614090436 0.003135710205745347 0.999991386417524 0.6288012700916797
0.9999912256725215 -0.002063434847205692 0.003645656950354636 69.15538742277322 0.0020669651322636224 0.9999973983550903 -0.0009648513838904841 -0.09175479181534932 -0.0036436565576818936 0.0009723783637690512 0.9999928890983212 0.6377862757028563
0.9999864025454568 -0.0013950018718868781 0.005024807854327958 70.51636357782579 0.0013821075341295035 0.9999957457846339 0.0025686944929102715 -0.08186893408625398 -0.005028369811339088 -0.002561714740410649 0.9999840764305346 0.6494362030556843
0.9999835100339824 -0.0005784696347106739 0.005713583201266783 71.96497131416933 0.0005440814576496665 0.9999817412962686 0.006018392596865136 -0.08145342358072451 -0.005716960336010921 -0.006015184699099186 0.9999655663659386 0.6613427568782633
0.9999844584786091 0.00011014141959211657 0.005574107113296246 73.32367498150599 -0.00016921500240506563 0.9999438200677123 0.010598493981384773 -0.07314171688257616 -0.005572626627163409 -0.010599272487212432 0.9999282980570237 0.6699481024850326
0.9999867089484564 0.0008608184652131095 0.005083396306107808 74.72905428342995 -0.0009335527762152048 0.9998969816752824 0.014323215975255897 -0.06644847163560584 -0.005070542934343743 -0.014327771223388271 0.9998844956124288 0.6827987294399617
0.9999855789871793 0.0015428696006032855 0.005144061728952341 76.17246301170732 -0.0016251559547264254 0.9998701783848991 0.016030759329265745 -0.06555911757452278 -0.0051186605473067985 -0.016038888052030218 0.9998582666479564 0.6933831072322739
0.9999844995944522 0.0016525731716148931 0.005316913836571634 77.53219544976442 -0.0017404231958303563 0.9998613463147273 0.016560769088427862 -0.07257440963486604 -0.005288808744177071 -0.01656976606996221 0.9998487242350487 0.7053926186341573
0.9999853664361007 0.0017897271477241522 0.005105270844362346 78.95700937575808 -0.00186677147017111 0.9998838453033123 0.01512650209863778 -0.07598730127433467 -0.005077605531719872 -0.015135811117962496 0.9998725544507489 0.718876284412645
0.9999900833231046 0.0017954890996451423 0.004075472284696218 80.32456743219913 -0.0018549038726746602 0.999891372820008 0.014621966069677998 -0.07801715483934772 -0.004048775996941309 -0.014629380677688772 0.9998847876800175 0.7287685489745562
0.9999908246844175 0.0014042029256390353 0.0040470682132009396 81.71271170632677 -0.0014619127939488742 0.9998967930483798 0.014292167874349615 -0.09095900778568071 -0.004026581423684769 -0.014297953199997871 0.9998896715019758 0.7440720310463323
0.9999900074481559 0.0011621482372828713 0.004316759816293608 83.11992075393451 -0.0012207795434582744 0.9999067087612192 0.013604538640199766 -0.09004348509078049 -0.004300546609823072 -0.013609672508219844 0.9998981358683873 0.7527168523221445
0.9999929032646094 0.0008671042156710563 0.0036662720434594985 84.47463816244547 -0.0009170280449285165 0.9999065861900205 0.013637373404875974 -0.08978218612166135 -0.003654104539049449 -0.013640638698329688 0.9999002852764467 0.764642941810962
0.9999927314057577 7.941843538991468e-05 0.0038119323661577444 85.87536738055405 -0.00013171873062888144 0.9999058421229167 0.013721863526387858 -0.0902897338931423 -0.003810483673766662 -0.01372226589062215 0.9998985846739654 0.7727256120005995
0.9999893739166341 -0.000916129862964648 0.004518048239251403 87.24225093177034 0.0008589273084710045 0.999919659284577 0.012646628803521734 -0.08819464433835722 -0.004529271210336281 -0.012642613744376087 0.9999098209438758 0.7858593904063672
0.9999816099981643 -0.0021167535976593307 0.005683222649702008 88.62345067727149 0.0020524854054040746 0.9999341535278172 0.0112905231175674 -0.08651951924954354 -0.005706747684968462 -0.011278650753282368 0.9999201093427643 0.7993547710513178
0.9999747781209706 -0.003220262957100333 0.006330326089778615 90.00164962131839 0.00316223277575164 0.9999530851946656 0.009155746476481359 -0.08029320161392449 -0.0063595130149852255 -0.009135497586709012 0.9999380477199852 0.8115576052909009
0.9999717661095575 -0.003933343996306622 0.0064027953847549685 91.37242369887807 0.0038856535799611618 0.9999647447704931 0.00744385063922191 -0.07209535770624442 -0.006431848877955381 -0.00741876142554996 0.9999517954876235 0.823470711177483
0.99997204899461 -0.004407905444701812 0.006039172055155522 92.74517741219307 0.00437061383048794 0.9999713874719538 0.006174299325453399 -0.06049515858723307 -0.006066214986789604 -0.006147731858670715 0.9999627025188128 0.831722705187372
0.9999720414271732 -0.004604875589430779 0.005891645337055748 94.10188995149342 0.0045758951662070455 0.9999774125589784 0.004922962043178963 -0.04556396766344697 -0.005914181887604506 -0.004895864852767317 0.9999705260456149 0.8440429792520824
0.9999762929989529 -0.004731486227810457 0.005002647114132282 95.47824643268417 0.004708521081121431 0.9999783693639874 0.004592453959411379 -0.028532787050421053 -0.005024268036354265 -0.004568790016702251 0.9999769411783864 0.8462074177876242
0.9999786137407628 -0.004723231545661147 0.004523620769718334 96.81459168114186 0.004702807442441528 0.9999787488064751 0.004515034617359522 -0.01372162478103805 -0.004544850191312387 -0.004493664340236116 0.9999795754501868 0.8591416004403092
0.9999820360815938 -0.004487072837492067 0.00397412776102807 98.1777470231881 0.004463172442401415 0.9999720241385781 0.006002585438314767 0.006200887746800298 -0.004000950619455542 -0.005984740390854124 0.9999740873025633 0.876153877476397
0.9999830081852107 -0.004195959383227314 0.004046883456591963 99.52712606733778 0.004169048855568861 0.9999692950400001 0.006635360490969915 0.027532887576766966 -0.004074600900310485 -0.006618376089310067 0.9999697969066085 0.8812026232690029
0.9999795831778785 -0.00386556861892811 0.005088281305987257 100.87072864760951 0.0038262384332631077 0.9999629052703336 0.007716733944202518 0.04546664582550445 -0.005117922122143072 -0.007697107415525997 0.9999572797927847 0.8957728182896867
0.9999731084702133 -0.003834373328540308 0.006251393252435431 102.20892927884591 0.0037838716011017364 0.9999602747989387 0.008070386591559781 0.06378057654427689 -0.006282089789679252 -0.008046515097123154 0.9999478931137693 0.901407762928216
0.999977518462861 -0.003621008976088613 0.0056436568688817265 103.55421262406064 0.003577880634482526 0.9999644646081102 0.007633366962294494 0.07612026385855178 -0.005671096809611446 -0.007613003021852799 0.9999549394077543 0.9173129861273953
0.9999896525688643 -0.003386100683610606 0.003037939657473256 104.88695203638959 0.0033622671748941434 0.9999637989533039 0.0078163893404318 0.09267102577419473 -0.003064296762166858 -0.007806094096091741 0.9999648368719354 0.9277329784503404
0.9999919118820797 -0.0035761331662925414 0.001840500475405195 106.2109751770001 0.0035625067586232528 0.9999666099648828 0.007354420502965846 0.1076854404491242 -0.0018667394081092064 -0.007347804224162702 0.9999712621155998 0.9381018246801679
0.9999897298328628 -0.003458207831313698 0.002929339071075158 107.55902122145038 0.003441515780548928 0.999977922486015 0.005684233429888002 0.12125971342287382 -0.0029489316591131036 -0.005674093685220947 0.9999795540224415 0.9530589386325128
0.9999839112208136 -0.0028185879992618655 0.0049226884132999756 108.8982165151742 0.002806546646184252 0.9999930572119071 0.002451290253325599 0.12768973823042118 -0.004929563413408207 -0.0024374350604014347 0.9999848790431181 0.958359378701512
0.9999822273184005 -0.0019082759459123344 0.005648321011162551 110.23536506797788 0.0019005789697522433 0.9999972585182572 0.0013677556615570472 0.14064394818813067 -0.005650915581622456 -0.001356996272742943 0.9999831127145123 0.9756474423510639
0.999989006004796 -0.001095987593412681 0.0045592412455757216 111.57771237277248 0.0010921083363236608 0.9999990396242302 0.0008532584597664004 0.15148992743194212 -0.004560172027676778 -0.000848269893675382 0.9999892425767717 0.9922607712750257
0.9999974194702099 -0.0005178090130706683 0.002211996100122034 112.89081161116744 0.000512629304702909 0.9999971271265288 0.002341569961578469 0.16711649192042044 -0.0022132022313679604 -0.002340429985064617 0.9999948120482266 1.0036388225509285
0.9999998394701387 0.0005005194183349978 0.0002655936907703208 114.25516141769953 -0.0005019613484746135 0.9999849840577258 0.0054570774114375995 0.1845098384828379 -0.00026285832941901 -0.005457209853180885 0.9999850747716773 1.0259986650197332
0.9999979240774468 0.002028256466775886 -0.00019497820862802848 115.55585809268405 -0.0020267920773605216 0.9999717496418711 0.007238234042231241 0.20344384026789505 0.0002096536954280003 -0.007237823835929442 0.9999737846321012 1.0348255509129962
0.9999923501386144 0.003569479486963578 0.0015995250679778934 116.92111943904736 -0.0035836131245128777 0.9999537753042584 0.00892216183077371 0.21672009425061778 -0.0015676036567839789 -0.008927825656499038 0.9999589174300224 1.0510373615266835
0.9999822710436859 0.004468973835267953 0.003935209164997702 118.22524918400575 -0.004501485375382828 0.999955488907035 0.008291974077866852 0.21791697089074594 -0.0038979773893400146 -0.008309541356325976 0.9999578777602184 1.0595978024231605
0.9999753400895433 0.0053622419501819455 0.004534928232071001 119.59162095320168 -0.005401731401800219 0.9999472076339935 0.008740894853619547 0.2147208167919453 -0.004487818029413751 -0.008765175768171235 0.9999515144161182 1.0742321430996449
0.9999715471190959 0.006392046802363165 0.004005831988288445 120.91338340747653 -0.0064276299673681255 0.9999394342993736 0.008933829305036622 0.20914216003006847 -0.003948483917225363 -0.008959323117587552 0.9999520688533177 1.080305934906965
0.9999631695021161 0.007684925185722875 0.003821199310695845 122.22840847250727 -0.007723924364523954 0.9999171406117741 0.010298199026263331 0.20651720308846863 -0.0037417417993941544 -0.010327334392923472 0.9999396709465243 1.0869281759494365
0.9999558175451618 0.008731853335897691 0.003481047961081309 123.6005166264353 -0.008773309947834327 0.9998885768336837 0.012077373475635885 0.20842220693935642 -0.0033752022378232727 -0.012107380180333577 0.9999210065575294 1.0966580253836598
0.9999468886315258 0.009964258970507234 0.002633146273862954 124.92863897599015 -0.009998644720360212 0.9998604203624163 0.013385323920186602 0.20917745844538999 -0.0024994039063154783 -0.013410940901404825 0.9999069454925553 1.1156448346649128
0.9999393067121869 0.010872218391250967 0.0017826270512661725 126.30644558905006 -0.01089646581784006 0.999839674145307 0.014208906984253459 0.209341754776344 -0.0016278589102268043 -0.014227468933702431 0.9998974593442614 1.1346243373043952
0.9999288183331004 0.011838454011972189 0.001486362531727986 127.66766127171745 -0.01185771304963867 0.9998358881627735 0.013696400366168917 0.2078659719044334 -0.0013239743961776698 -0.013713050293949296 0.9999050951682533 1.1606540531555365
0.9999160336033877 0.012736970372392062 0.002386488760020572 129.00579868070548 -0.012767349559268809 0.999831640098834 0.013179007644998636 0.20914098945497292 -0.0022182263410969257 -0.01320837018743421 0.9999103051918663 1.1830335038950759
0.9999036777022157 0.01350426694091945 0.003204698421368452 130.38603435955153 -0.013539325968947207 0.999845805056562 0.01118269927620923 0.20262942824937408 -0.003053190116930677 -0.011225011589478593 0.9999323362832736 1.2030439641808293
0.999897972237185 0.013748237141901569 0.00387699515805033 131.71813543422334 -0.013789745023056573 0.9998456047045167 0.010890807374040237 0.19862568649238385 -0.00372666716579224 -0.010943158984013754 0.9999331773790117 1.2286877076954532
0.9998969458873492 0.013805991462163754 0.003936013833561059 133.10590307749263 -0.013843642603656019 0.999857076292469 0.009704666266187262 0.19243855209542635 -0.003801468744256943 -0.009758154929211494 0.9999451621202855 1.2549817113323956
0.9998978720946695 0.013525610853482974 0.0046155423941524765 134.44639508916597 -0.013558803605826973 0.9998818806960184 0.007237644684015618 0.18822048903076333 -0.0045171036440056055 -0.007299486751381195 0.999963155955176 1.2683452472404895
0.9999068705030448 0.012876789909583393 0.004520907257591823 135.78128760780876 -0.012902543225423235 0.9999004305914488 0.00571430497534927 0.181033366487272 -0.0044468752088832105 -0.005772104006310675 0.9999734537057556 1.2953821098649922
0.9999227785688751 0.011696826791505466 0.004197754412770868 137.14813339897287 -0.011719707818671514 0.9999163700448934 0.00546821404929115 0.18105184196440804 -0.004133442602164345 -0.0055169882411887795 0.9999762384641953 1.3204103534552882
0.9999312118715532 0.01062482506980679 0.004968361633670342 138.50586297652984 -0.01063736360802568 0.9999402862124777 0.002504097597697497 0.17597497894679714 -0.004941459355046155 -0.0025567756147438186 0.9999845223191698 1.3368620922268686
0.9999404324346701 0.00955551133413519 0.005274825637713902 139.8522093975019 -0.009566884824722946 0.9999519567103075 0.002135178207525019 0.17668824325301505 -0.005254169498175308 -0.002185514669504156 0.9999838084831744 1.3635821108413615
0.9999507897513046 0.0082734519804267 0.005474309825901403 141.21227652252048 -0.008277647398591003 0.9999654627861517 0.000744169619015886 0.17534707393053578 -0.005467963906884055 -0.0007894474047333166 0.9999847389553044 1.37985562063142
0.999962563786472 0.007062720619718106 0.004998900182413709 142.54970606989392 -0.007065679515775497 0.9999748727477009 0.00057449647491488 0.1798375076081146 -0.004994717065688271 -0.0006097955945624609 0.9999873403952505 1.4022337499213189
0.9999718242875055 0.006036729237398658 0.004461897716487733 143.90864247381162 -0.006038268046958542 0.9999817145504818 0.000331487061590365 0.18237916022168527 -0.00445981503104576 -0.0003584198561164872 0.9999899907424552 1.4170214660844973
0.9999849201869286 0.005066710200527158 0.0021184537959939758 145.26072032531164 -0.005064315287671558 0.9999865329004913 -0.0011343404786854942 0.18231112906557811 -0.0021241726410401274 0.0011235948550978384 0.9999971127084281 1.4455778869286506
0.9999903020443079 0.004156863391737459 0.0014547522387510295 146.59032776099514 -0.004148212711576375 0.999973991806351 -0.005899834079970999 0.18757599944210207 -0.0014792392075774496 0.00589374224191252 0.9999815376564473 1.4707758407736262
0.9999875144392231 0.0030364889191819558 0.003968715246574755 147.96541038298696 -0.002978106257204447 0.9998884711441138 -0.014634758495017735 0.17954913676597106 -0.004012710902308992 0.014622756516142203 0.9998850299624874 1.4834236554420563
0.9999832343805928 0.0014761147612638319 0.005599289503168669 149.2870114816375 -0.0013514900544957464 0.9997527228708107 -0.022196093958906836 0.17176398943962762 -0.005630668908869967 0.022188154443567414 0.9997379563515768 1.5031574254202693
0.9999973105698581 0.00028285367222638476 0.0023019224250139113 150.6370127437901 -0.00022852525779384954 0.9997222227834536 -0.02356745741732061 0.16820184487088546 -0.0023079491452855138 0.023566867986874667 0.9997195987395826 1.5368967674467897
0.9999996272594311 0.0005985587956015652 -0.0006222606905108425 152.00783951238785 -0.0006127562596250337 0.9997336226633728 -0.02307180630412747 0.18153752622375827 0.0006082851017716654 0.023072178998462492 0.9997336167927424 1.5578923090057168
0.999992718976981 0.0013330432097871127 -0.0035756102731591636 153.34025882950738 -0.0014065602751861068 0.9997860324187933 -0.02063761053222879 0.20015405150706697 0.003547334381891459 0.02064248958068122 0.9997806279593011 1.576542947855871
0.9999913908854084 0.0022572053108668813 -0.0034818356151433963 154.6975082427829 -0.002327992105172416 0.9997879201947015 -0.02046204011117449 0.21178938039921003 0.0034349101625139418 0.02046996963694996 0.9997845676620728 1.6085126113105865
0.9999959142265044 0.0028110549273546127 -0.0005191343691885349 156.04042462677563 -0.002822530802820917 0.9997171366492472 -0.02361524951588929 0.21516799930914776 0.000452603761589026 0.023616618302076564 0.9997209863205878 1.627839055583268
0.9999908243453401 0.0033457466911139488 0.0026752951624061704 157.37554027479396 -0.0032623710038241975 0.9995268601378119 -0.03058451893491764 0.20537370314226935 -0.00277635742664753 0.03057551049656945 0.9995286038915113 1.6465644099192895
0.9999859496761908 0.003296834356178218 0.004151064132809101 158.7300662385412 -0.0031530810593177415 0.9994109480681694 -0.03417330773155952 0.19407879535579217 -0.0042612826754561735 0.03415973894382709 0.999407301206695 1.6633581991633501
0.9999863369026138 0.0033309395642588837 0.004028752872945937 160.0831640687466 -0.0031885414652420086 0.9993874734842961 -0.034849835666751504 0.18594435056960998 -0.004142367851416343 0.0348365136644643 0.9993844395948384 1.68431568182145
0.9999809037136932 0.00432937338653452 0.0044100718843966 161.44391107521838 -0.004177150541557701 0.999414451806324 -0.03396034354976603 0.18457508434574244 -0.004554516582332636 0.0339412734991623 0.9994134511461992 1.6898559569264273
0.9999781021149311 0.0054006243579531165 0.0038247283778974944 162.79423235801096 -0.005280025403934563 0.9995094928647991 -0.030868997471343536 0.18666452129097047 -0.003989564180987262 0.03084812684258627 0.9995161211546063 1.7015646418450792
0.9999782918734528 0.006315173100656401 0.0018799921703135138 164.14241609880492 -0.006262961384560595 0.9996267795002917 -0.02659091988951958 0.18497776656325016 -0.002047216780704265 0.02657856833209966 0.9996446311609285 1.717853896767101
0.9999750136848348 0.007022477917965034 0.0008104380953704966 165.49437997700244 -0.007000649923167517 0.9996786249562916 -0.02436468153191222 0.1784391170411606 -0.0009812780788282778 0.02435839915491047 0.9997028085806011 1.7323617424271505
0.9999714512401994 0.007336401813819128 0.0018093957543379472 166.8476160467363 -0.00729201922755381 0.9996990329965108 -0.023423703409714326 0.16462748014747106 -0.0019806968861010273 0.02340984054340115 0.9997239900120323 1.7459977331232701
0.9999719975810789 0.007125388242327033 0.0022875524262533434 168.19087171503529 -0.007074830196516291 0.9997460276940293 -0.021396889673487584 0.14976017012731072 -0.0024394325973904566 0.021380106463837967 0.999768443298846 1.766959464610113
0.9999777042091521 0.006677283197951091 -7.052437743178017e-05 169.56940928765573 -0.006677448536975346 0.9998077507213554 -0.018435652376300127 0.1443654194527274 -5.25892526844439e-05 0.018435712261751506 0.9998300464317785 1.7889731425654667
0.9999771310670503 0.0061902788820614955 -0.00272356205609634 170.958833704234 -0.0062310146017646945 0.9998648822545874 -0.015211564385451659 0.13343764764516966 0.0026290302287534486 0.015228187068146017 0.9998805881297396 1.8040851710086467
0.9999726272701048 0.0059013822823981675 -0.004463003213209327 172.30629699218693 -0.005940841632633077 0.9999429201638155 -0.00888047380252479 0.12492698891918297 0.004410341394959505 0.00890674471500966 0.9999506081739046 1.8296394739180162
0.999974783980366 0.006169214101803069 -0.0035174139344892955 173.67898288576183 -0.0061882354317099805 0.9999661490902091 -0.005422768291152838 0.11837150529833855 0.0034838406482149108 0.005444398136058534 0.9999791104734508 1.846306054680081
0.9999760314668403 0.006791698289555079 -0.0013451119554090145 175.05798371278524 -0.006795674274281884 0.9999724875834939 -0.0029736992513241132 0.10526488460841772 0.0013248784800097802 0.0029827689188264023 0.9999946738791113 1.8592457722034126
0.9999738118735125 0.007182073371658375 0.0008907239982172616 176.41719888767517 -0.007179750684484495 0.9999708866772469 -0.00258398491278307 0.08116561543302878 -0.0009092564355168837 0.0025775220668234453 0.9999962648093889 1.873534165556532
0.9999770795701646 0.0064429888846910645 0.002080439510406582 177.81709537946418 -0.006434299358665038 0.9999706599831847 -0.0041567973918688605 0.050632241346097444 -0.0021071606696680873 0.00414331594567835 0.9999891963450839 1.886653805335316
0.9999872392612276 0.004560636415644907 0.0021729956724436685 179.18820057556945 -0.004545961013417506 0.9999671459574951 -0.0067112773811063686 0.0308631739429327 -0.002203531976771251 0.006701313386639626 0.9999751181133065 1.8904923779268104
0.9999963605730159 0.0022776672018776757 -0.0014460542314280495 180.51457631282094 -0.00228957269004799 0.9999630533459172 -0.008285517485796734 0.006651420989807152 0.0014271291531345925 0.008288798177537424 0.9999646289380202 1.8998426715849732
0.9999820934970602 0.0008688855843506396 -0.005920956263806298 181.96672800297242 -0.0009021322040574134 0.9999838304042158 -0.005614720616281025 0.0006877028826214487 0.005915981974533213 0.005619961561594199 0.9999667080404843 1.9132864005566022
0.9999741454807284 0.00042804725727906364 -0.007178101812640404 183.33920986683313 -0.0004390485232689843 0.9999987314697294 -0.001531109181673048 -0.0014094611415048249 0.0071774373199151595 0.001534221130581918 0.9999730649167712 1.9238980672167199
0.9999813457831891 5.89973643021534e-05 -0.006107749581718707 184.68410782705405 -4.6404718217456765e-05 0.9999978732668796 0.0020618701026015023 -0.003159874823715435 0.0061078582370669675 -0.0020615482116312905 0.9999792218274973 1.9338012991627518
0.9999954073582723 0.0001312109346847723 -0.003027878143777358 186.1288837259781 -0.00011815370073926823 0.999990695812939 0.004312114012537907 -0.004967749790558615 0.0030284157683427627 -0.004311736453535084 0.9999861187169996 1.9490374116875144
0.999999598185395 0.000727058047248309 -0.0005244193403178456 187.49771359289474 -0.0007247681756194972 0.9999902606429034 0.00435354228529041 -0.011717819767687898 0.000527579510763178 -0.0043531604535249945 0.9999903857807462 1.9653683499737808
0.9999994526721863 0.001043739782746881 -7.254373677449263e-05 188.94685127588593 -0.0010434741428204683 0.9999930826167511 0.003570137302818166 -0.02144176734978966 7.626952929448302e-05 -0.003570059651269174 0.9999936244081986 1.971735509589224
0.9999996608547609 0.0007521329198035815 0.0003355390203443294 190.33396391458717 -0.0007531530437915119 0.9999950634134045 0.00305055885274074 -0.03140484524131164 -0.00033324293818995463 -0.0030508105303927112 0.9999952907410373 1.9890680618930927
0.9999989438276796 0.0007853519506085906 0.0012229332928647028 191.72168599629748 -0.0007854446764650917 0.9999996886999172 7.534407006450226e-05 -0.041849583603695825 -0.0012228737405530756 -7.630453693273347e-05 0.9999992493784345 2.0086648618583087
0.9999987609768924 0.001130694496765795 0.0010952509460765716 193.15774985438551 -0.0011290962014262915 0.999998298496269 -0.0014588167584847853 -0.05098607596163414 -0.0010968985585836089 0.0014575783072942883 0.9999983361381309 2.0281167510695335
0.9999970239760853 0.0014705659034081953 0.0019466573649524184 194.54800516507882 -0.0014611093958215192 0.9999871695043382 -0.00485035937177735 -0.06093286822810975 -0.001953765161484955 0.004847500657625486 0.9999863421762659 2.0434008021327985
0.9999921063609943 0.0019551091769879777 0.003459011969891066 195.99709535838377 -0.0019212325154363235 0.9999504257455352 -0.009770103220774519 -0.07028766440288281 -0.0034779421104185297 0.009763380532838808 0.9999462887171728 2.0572498088503255
0.9999888071648203 0.002255412547528207 0.004159165700003221 197.40512109303225 -0.0022022874705706313 0.9999164984472158 -0.012733658663400432 -0.08152025722279446 -0.004187538056734358 0.012724356459148635 0.9999102736134498 2.085425688033868
0.9999972022900289 0.0023597946166879057 -0.00016365048768061816 198.82583702416306 -0.002361417973733365 0.9999393942894212 -0.01075320665005754 -0.07909353055885136 0.00013826521036158733 0.010753563012907095 0.9999421692104294 2.105248294987773
0.9999805260404896 0.0027395799621915875 -0.00560733817568563 200.24907847706794 -0.002758991136354569 0.9999902187124594 -0.0034569419024352167 -0.06742434790729555 0.005597812759932226 0.003472345178413838 0.9999783034202625 2.134383766379762
0.9999735693209023 0.004020623106441536 -0.0060576603941246985 201.68128987842235 -0.003984687460168608 0.999974462337166 0.0059327008470258435 -0.05508381723707655 0.006081358849745149 -0.005908406158303145 0.9999640532595204 2.169592563014369
0.9999834611629621 0.005300926454528504 -0.0022310489161807548 203.11965903808422 -0.005272869572588464 0.9999092259956522 0.012399057030515125 -0.03869435636935595 0.0022965728843610026 -0.012387087934586387 0.9999206397537195 2.204107333272674
0.9999817641458222 0.006037900003528512 0.00012304209198626986 204.55435292180402 -0.0060390543388510074 0.9998745621209797 0.014642057439839882 -0.0364983880620211 -3.4619379179546995e-05 -0.014642533487295018 0.9998927917604827 2.2419425863971116
0.9999838884452944 0.005652421472957865 0.0005224761440816069 206.0001470690055 -0.005658767151541352 0.9998985989708954 0.01306790458969278 -0.04510709056293736 -0.0004485578599535702 -0.013070650616274687 0.9999144747868758 2.2645814553020776
0.9999904099132223 0.004350892093626263 0.0004998195425233508 207.44026747109993 -0.004355395483910153 0.9999463990670397 0.009393057172142248 -0.05014284143483367 -0.0004589245735443066 -0.009395144003687137 0.9999557593500753 2.2866755374129246
0.9999949353154778 0.0031819835679603174 -6.575687450889236e-05 208.87369776787887 -0.003181412890821622 0.9999678101239114 0.007365957372070657 -0.060421939307933076 8.919311312347493e-05 -0.007365710866052141 0.9999728688059624 2.30936891808919
0.9999959259260744 0.0027801159092112403 -0.0006473691252024232 210.34625652973963 -0.0027748616234924985 0.9999643049362034 0.007980538605036861 -0.057365839591592825 0.0006695328396601363 -0.007978709731990863 0.9999679454446474 2.319976677365568
0.9999966886854117 0.0025540693765066023 -0.0003151949109765855 211.79381987589102 -0.0025512360134396284 0.999959037781893 0.008684120745039572 -0.056224754614195155 0.00033736184675068714 -0.008683287852575725 0.9999622426367176 2.336542245156846
0.9999968393404082 0.002512569752959702 9.111767337351522e-05 213.26500218257692 -0.0025133428593783237 0.9999487019213779 0.009812065706196308 -0.05067312736823038 -6.645949970450062e-05 -0.009812263703550454 0.9999518563731691 2.3524806588186387
0.9999974223058663 0.0022683040662375763 0.00010088749077352097 214.72962728255263 -0.002269176103264646 0.9999503626826067 0.009701701435093326 -0.050012683083793315 -7.887607417447531e-05 -0.009701905358557632 0.999952932297805 2.3788318943941658
0.9999979901220558 0.0018748189288828783 -0.000710496891312213 216.1873283101214 -0.0018678419961005944 0.9999512440849897 0.00969642300845912 -0.050443472451751084 0.0007286412877848797 -0.009695076423900688 0.9999527361705695 2.3988823425794057
0.999997791074931 0.0016976413345914042 -0.0012392978486128678 217.66500310875418 -0.0016867311951350378 0.9999602772530579 0.008752077117051248 -0.05161129803263789 0.0012541065081754794 -0.00874996742202738 0.9999609318803308 2.4223818797049024
0.9999986369504122 0.0011116627679081182 -0.001220779754195764 219.1371611721816 -0.0011004710528421326 0.9999577115075389 0.009130397585405244 -0.05404446589875642 0.001230878052312225 -0.00912904170743919 0.9999575718682889 2.4437959532029168
0.9999984773970394 0.0009323426004702958 -0.0014751070734400804 220.62917929937714 -0.0009178001022476748 0.9999512754111289 0.009828756107899008 -0.048514008232359004 0.0014841989674834134 -0.00982738728918303 0.9999506085864908 2.4690805881878055
0.9999985047989272 0.0007743906213139163 -0.0015461950315339295 222.11700135193146 -0.0007606597392254247 0.9999604480658141 0.008861359984625457 -0.05114760235690377 0.0015529960305939844 -0.008860170606801023 0.9999595419716476 2.490546119484881
