1.0 8.809142651444726e-20 8.673617379884037e-19 -5.551115123125783e-17 -8.809142651444726e-20 1.0 1.7347234759768075e-18 0.0 -8.673617379884037e-19 -1.7347234759768075e-18 1.0 -5.204170427930421e-18
0.9999993011580781 -0.0003480319849955573 0.0011298482609536818 1.3160940844717768 0.0003481171165631284 0.9999999365833229 -7.515200288644408e-05 -0.058402083065748844 -0.0011298220340017183 7.554526988583102e-05 0.9999993588973364 0.018140396604628333
0.9999976844684006 0.0012037922336848642 0.001783799903291163 2.5652097675998258 -0.0012028053760217308 0.9999991230587825 -0.0005542029350592417 -0.11574037075546209 -0.001784465484192614 0.0005520560876714074 0.9999982554569841 0.031373844761168695
0.9999987993235505 -0.0005497998452954062 0.0014488173064288153 3.9290465120377114 0.0005519414828088098 0.9999987551240495 -0.0014782120791666778 -0.04885091160184255 -0.0014480027820585539 0.0014790099666846762 0.9999978579064365 0.053031815257091726
0.9999989280427802 0.00018075700284761874 0.0014530107350551001 5.238226447334527 -0.00017762320919014762 0.9999976587635703 -0.002156598565635368 -0.04571843740310781 -0.0014533971535065045 0.0021563381654242176 0.9999966189154993 0.06369385174961599
0.9999982530641692 -0.0002174896201544455 0.001856493165838173 6.567575905294547 0.0002222193665573006 0.9999967295294776 -0.0025478518210097973 -0.04096795080320723 -0.001855932962907238 0.00254825991881149 0.9999950309297659 0.07268652043971432
0.9999950991555063 -8.729417062631338e-05 0.0031295438480427266 7.90098981767731 9.871507234095077e-05 0.9999933359959129 -0.00364941352819562 -0.03597086690112565 -0.003129204420222516 0.003649704576134779 0.9999884438013289 0.0945012779759657
0.9999933952263078 0.00023788795648165781 0.003626694511746236 9.214848215764407 -0.00022378172325618977 0.9999924109582088 -0.0038894662524722365 -0.027655290776895353 -0.0036275922457886275 0.003888628975480293 0.9999858594696173 0.10357696660031666
0.9999960177699263 -0.00048439884225418467 0.002780252155967706 10.55712643818481 0.000493239009267017 0.9999948227060006 -0.003179823340073335 -0.0214829987239722 -0.0027786974590403983 0.0031811820061041227 0.9999910794209491 0.12277578962073367
0.9999998232995779 -0.00011267277184127595 0.0005836999737234062 11.873529163163955 0.00011277957221848483 0.9999999769065554 -0.00018294167521048924 -0.010382137915366811 -0.000583679347698132 0.00018300747231795848 0.9999998129133245 0.1342338846380152
0.9999998999802845 -0.0004391299347996413 -8.48782731893955e-05 13.22472656488247 0.0004393578927315101 0.9999962460225936 0.0027046081717388305 -0.003793458859238145 8.369028014816139e-05 -0.002704645193163938 0.9999963389384563 0.15177855913853242
0.9999999033262009 -0.00039205731298493595 -0.0001990945811154632 14.562759868021368 0.00039313902027481864 0.9999850033006961 0.00546247337913279 0.01011997043908446 0.0001969499927186226 -0.005462551122903298 0.9999850607613746 0.16458681607140352
0.9999995933023804 0.0002634138072707919 0.0008625591225319634 15.899823645129874 -0.0002687679825929578 0.9999806624343999 0.0062130927105772645 0.020170297119618763 -0.0008609058283325279 -0.006213322012002479 0.9999803265418424 0.1836251383003595
0.9999942183986138 0.00011741346878477808 0.0033984383800081926 17.26158715760721 -0.00013203309636064184 0.9999907378035414 0.004301961690919437 0.017512437560776833 -0.0033979017947595547 -0.004302385525033865 0.9999849717581695 0.1966360632250022
0.9999837620333987 0.0006813554655552785 0.005657863930913348 18.610119959164308 -0.0006814457898461948 0.9999997677172775 1.4036616117395383e-05 0.020164313202137803 -0.005657853052764201 -1.7891915746535217e-05 0.9999839940612614 0.2124190753230636
0.9999923675198041 0.0001528135003830747 0.003904042798308915 19.959919715295086 -0.00014409242323863383 0.9999974941446238 -0.0022340415945885923 0.019139153534399465 -0.0039043744070583514 0.0022334620003231294 0.9999898837028215 0.23249061976990718
0.9999979135331737 0.0006090316349488802 0.0019498742951429252 21.304154461927546 -0.0006031906119475522 0.9999953337235774 -0.0029947774803313326 0.0244019412879614 -0.0019516891107156289 0.00299359508595816 0.9999936146286518 0.23721479275124702
0.9999993732076973 0.0007028160741507179 0.0008715697209494749 22.668976274062327 -0.0007019508576910242 0.9999992609855501 -0.0009926194371589364 0.030629415504242318 -0.0008722667057428068 0.0009920070158795555 0.9999991275360567 0.2698826972472184
0.999997026603073 0.0013819548761248098 0.0020092251574437836 24.03244525539803 -0.001384903219255425 0.9999979653372499 0.0014667530240846745 0.04003592319752749 -0.0020071940828544944 -0.001469531245234493 0.9999969058201296 0.26187278829717003
0.9999743316275009 0.0023856811014773853 0.00675607961874181 25.414862136843237 -0.0023986452838370047 0.9999952964397678 0.0019114390241808485 0.041490560841677314 -0.006751487757157776 -0.0019275953991666891 0.9999753505907243 0.2728286870705491
0.9999669816549009 0.0025129855886634957 0.007727904206056092 26.785708947349566 -0.002512827201204995 0.9999968423885703 -3.020506154876112e-05 0.036327347024558906 -0.00772795570922182 1.0785176330330929e-05 0.999970138846274 0.2782644876344743
0.9999712519920474 0.0025898186985244594 0.007126572006651808 28.154043096798073 -0.0025618598589991193 0.9999889978199548 -0.003929518177210124 0.04489413766629335 -0.007136670338475018 0.003911147932634208 0.9999668848808589 0.30219362926019466
0.9999871830514526 0.0023622131025230354 0.0044781337718770116 29.523887076267698 -0.0023448569959798726 0.9999897350430539 -0.003877041938289204 0.04678592868381571 -0.0044872462032923026 0.0038664916631382454 0.9999824572779914 0.29968660597973545
0.9999914907238402 0.0030980541731600816 0.002724066858925871 30.90575738701639 -0.0030868479611972834 0.999986796098072 -0.004108405916844994 0.050010400937230845 -0.0027367589547099376 0.00409996217705483 0.999987850156476 0.3273558777897674
0.9999929217923826 0.0034205303545822466 0.0015672706298603466 32.29029556187273 -0.003418241107912048 0.9999930905060335 -0.0014610160574522995 0.05568755359069945 -0.0015722572505864332 0.001455648407183101 0.9999977045447919 0.3215662989390883
0.9999924328491784 0.0038817058640351725 -0.0002580774428624261 33.67176268723938 -0.0038817513148360324 0.9999924505139587 -0.00017584600553339222 0.05875745399244906 0.0002573929120395275 0.00017684646733330772 0.9999999512371067 0.3473305925492652
0.9999918902775071 0.00402596560961378 0.00010478610771995285 35.06940001583165 -0.004025988972464516 0.9999918706503153 0.00022370980447738181 0.06528957804852072 -0.00010388460789768175 -0.0002241298579670966 0.9999999694868971 0.3542269008652098
0.9999918137614797 0.0036667968093447214 0.0017108510119418496 36.45572131754306 -0.00366674270328542 0.9999932768722172 -3.476079784019302e-05 0.05967166238025209 -0.0017109669704544897 2.8487262815564494e-05 0.9999985358891791 0.3754566248877925
0.9999887542692497 0.0034470533164439516 0.0032571703160594414 37.86100818521158 -0.003450651843796795 0.9999934416679112 0.001099828631622129 0.06778001667530663 -0.003253357786522685 -0.001111055624002137 0.9999940905917961 0.38193200663737226
0.9999887736511043 0.0032394817437399084 0.0034580818082537903 39.25017789225358 -0.0032508582658284622 0.9999893061550416 0.003289300243798285 0.06874082610302627 -0.003447389199973616 -0.0033005050507963984 0.9999886110222023 0.391562390704298
0.9999867190347324 0.003541191402812827 0.0037445583985213117 40.64555230783229 -0.003564922381992203 0.9999734847694008 0.006349888703850844 0.07420358757819345 -0.003721972939404988 -0.0063631534312450794 0.9999728282287719 0.41498465328693185
0.999984849989801 0.003469476686169071 0.004273467257312131 42.06992355028408 -0.003503951519616972 0.999961166392695 0.008086286558695135 0.07910896117469132 -0.004245246120469754 -0.008101138073461592 0.9999581738489323 0.4219780025776796
0.9999848261982451 0.0031642269395248525 0.00450943911597767 43.45985054782066 -0.0032058953590909443 0.9999519566131508 0.009263190620846013 0.08247459737631897 -0.004479911629941312 -0.00927750685296193 0.9999469277208572 0.43396073699569976
0.9999866144394631 0.0028003991789805607 0.004350713313814239 44.886550127654495 -0.0028363113456017384 0.9999617788989766 0.00827019220724989 0.08723162470599341 -0.004327387185293955 -0.008282421483624878 0.9999563366540142 0.44223936895805166
0.9999907657411986 0.001958699635080293 0.0038251703322643854 46.2839659497514 -0.0019891600114752763 0.9999662156340509 0.00797563997204696 0.082407160030326 -0.0038094192182072818 -0.007983175198785374 0.9999608778542116 0.4600043162488253
0.9999897216729559 0.0011158673772048563 0.004394472487180811 47.71633050026823 -0.001148436160852984 0.9999718433258756 0.007415770346690586 0.0906527499223839 -0.004386073737244326 -0.007420740896089832 0.9999628467906817 0.470016154482625
0.9999865853518041 7.571502433372152e-05 0.005179129625154908 49.116849762378074 -0.00011627825514664559 0.9999693210683035 0.007832202855105233 0.09456035375906803 -0.005178377719561129 -0.007832700009015325 0.9999559156356657 0.48023280095947474
0.9999847407944543 -0.0008831106788638737 0.005453282844030923 50.538258766998354 0.0008360200018850201 0.9999623980895812 0.00863153969407412 0.10266143728274998 -0.005460700395056807 -0.008626848930102203 0.9999478777560021 0.4956592548752875
0.9999831092818928 -0.00202896297071641 0.0054465089902874545 51.9858344080611 0.0019831614004590823 0.999962739281613 0.008401614087342033 0.1125100856792616 -0.005463352613327242 -0.008390670871650047 0.9999498729539127 0.4999031387909006
0.9999728641713947 -0.003105179440245372 0.00668047764020174 53.38957740335799 0.0030467328660894323 0.9999571524438223 0.008741321140703478 0.1230546344775538 -0.0067073347687474525 -0.00872073030692364 0.9999394784301767 0.5126139052305945
0.9999624177070298 -0.003950672108430024 0.00771721215227551 54.84973067667667 0.0038931066626755853 0.999964594005193 0.0074601914548207745 0.12793527528999957 -0.0077464116870062305 -0.007429867153672601 0.9999423934307686 0.5226008729906491
0.9999526766713885 -0.004403547169180358 0.008674859656166281 56.24921530963739 0.004357585547355195 0.9999764071263506 0.005310050741081115 0.13747765517226795 -0.008698038050207576 -0.0052719980087419065 0.9999482737477339 0.5312687714899363
0.9999574965108545 -0.0049591102910332184 0.007772541210302005 57.67565956756 0.004935262056393338 0.9999830645345461 0.0030844501183644978 0.14609058394584978 -0.0077877057070230085 -0.003045959490755415 0.9999650362740697 0.5366014727835123
0.9999557736787521 -0.004936068439113011 0.008005367879905443 59.13308689524065 0.004914667277148398 0.9999843026325673 0.002690824039773036 0.15981653589413747 -0.008018524308322327 -0.0026513613149637258 0.9999643361395918 0.5471202416555788
0.9999508537026173 -0.004569928290318842 0.008798064265968353 60.531596964024665 0.004555199072770913 0.9999881911166292 0.0016934546640713338 0.16439677349446943 -0.008805699337031259 -0.0016532945028582913 0.9999598623327202 0.5562022102447387
0.9999413786804255 -0.003939921144961284 0.010085446150820961 61.98584595152846 0.003939715424046737 0.9999922384804252 4.026519504344664e-05 0.18062996185466038 -0.0100855265141266 -5.290468857981422e-07 0.9999491397839456 0.5674887039861889
0.9999467533596749 -0.0036157700027632305 0.009665229057429281 63.38063096499831 0.003633301191769288 0.9999917851062105 -0.0017968980339370918 0.18278749014210458 -0.00965865248858999 0.001831919043406859 0.9999516760847612 0.5742100412332236
0.9999572266419464 -0.0031441240605807755 0.008698239502265531 64.79657033936286 0.003170117358121883 0.9999905463444859 -0.002976168273510561 0.19108559834764757 -0.008688799829828616 0.0030036154128306037 0.9999577406330575 0.5777176297572367
0.9999601290821961 -0.002547598362410595 0.008558620712568235 66.25427628918035 0.002570295875832226 0.9999932065411057 -0.0026420542667094267 0.2001919936111265 -0.008551831676806962 0.0026639471131012513 0.9999598839757273 0.5892982699372231
0.9999620958078542 -0.0019694727042848035 0.008481045031769925 67.63378168151704 0.00197821907370947 0.9999975200375588 -0.0010230190754352774 0.21180822548715733 -0.00847900919095175 0.0010397576637705094 0.9999635119878827 0.5977067150379973
0.9999504899431717 -0.0012605951915521196 0.009870590771267758 69.0892364275579 0.0012415313875095324 0.9999973528014567 0.0019372635062578174 0.2282959993610286 -0.009873006746915007 -0.0019249129439757404 0.9999494079441886 0.606395065720248
0.9999380501530886 -0.0005912659658700488 0.011115136553229696 70.45521669339821 0.000536805532684208 0.9999878410000551 0.004902008962519968 0.23930132145977795 -0.011117899795348885 -0.004895738617016867 0.9999262093012335 0.608317705798387
0.9999270436930824 0.0003430127452453902 0.01207433780665164 71.90111000602775 -0.0004501311691398742 0.9999605596569996 0.008869978150526906 0.25735126033890476 -0.012070819075071364 -0.008874766065472103 0.9998877606282318 0.6201157938235002
0.9999291761504516 0.0007318145508846426 0.011878852240099724 73.27395251243107 -0.000885240877499793 0.9999161956309673 0.012915806729811305 0.2679336947784599 -0.011868404765081619 -0.012925407628239393 0.9998460255489222 0.6204054391714263
0.9999348053772408 0.0014728949977308523 0.011323231672323693 74.66988974849156 -0.0016603625373612413 0.9998614210548848 0.016564476519068012 0.2813587049692782 -0.011297264776218284 -0.016582197273940738 0.9997986810064035 0.6273230774189212
0.9999295255855261 0.002318289501966616 0.01164342716256321 76.09676301949895 -0.0025321543270042718 0.9998277414985945 0.018386830185864747 0.2944722595281727 -0.01159879548785463 -0.01841501733924421 0.9997631494907313 0.635577282206494
0.9999246221780613 0.002504749590595537 0.01201982493840101 77.46872421083266 -0.002727014681939734 0.9998249392922446 0.01851092002532578 0.29536427286685835 -0.011971355519985214 -0.018542302951573556 0.9997564051549088 0.6377528387203997
0.9999236307707393 0.0025856456765169615 0.012084993284971417 78.88475808084226 -0.002798085006374991 0.9998412799081409 0.01759504793820673 0.2972658195677974 -0.012037580594097576 -0.017627519056469705 0.9997721576566105 0.6480773827685915
0.9999357654285527 0.0023058399218051297 0.011097212220617903 80.26639516912807 -0.002488343385644806 0.9998614241528366 0.016460274549845607 0.29952228598811037 -0.011057719656852373 -0.01648683090579226 0.9998029362042673 0.6501085646354589
0.9999330549782597 0.002026956530887125 0.01139197125465209 81.64171581513507 -0.002213766701708444 0.9998628996008487 0.016409790942410584 0.2984391290321123 -0.011357147477924745 -0.016433911555229556 0.9998004509661713 0.6625997922918536
0.9999281930738799 0.0016667556132095862 0.01186720783214152 83.04716914206632 -0.001855818841648689 0.9998712530443344 0.015938421251155844 0.30287762485851344 -0.011839114512174821 -0.01595930015001124 0.999802548559609 0.6643721871906432
0.9999393821215754 0.001274513855405355 0.010936530380084497 84.41476143044416 -0.0014484883128464713 0.999872307152268 0.0159144987859481 0.30849899295081534 -0.010914850614171434 -0.015929375519234148 0.9998135431327371 0.6669698122539767
0.9999350834443522 0.00047206987159827325 0.011384465168505288 85.80460187508888 -0.0006570256408785205 0.9998677755995425 0.0162480655750209 0.3151418619688277 -0.011375289642194131 -0.016254490692091228 0.9998031777894573 0.6697096436426941
0.9999257199678019 -0.0005520554152957289 0.012175786697024066 87.17310151603928 0.00036253043384720416 0.9998788320875781 0.015562445658227885 0.32194429126891094 -0.012182902714768766 -0.015556875586029608 0.9998047611926257 0.6751376607482465
0.9999087549048655 -0.0017304832449844734 0.01339728675293433 88.54230934026334 0.0015479791813273012 0.9999060334152333 0.013620870026115051 0.32344672067529917 -0.013419598543015323 -0.01359888846755389 0.9998174756461258 0.6783686318620389
0.9998973415576052 -0.0027867115550911383 0.014054913188719542 89.92645454606598 0.0026227434687794457 0.9999284493951147 0.011671217030728303 0.33270892377729705 -0.014086431866540789 -0.0116331564499971 0.9998331071275242 0.6829913121304193
0.9998929089901111 -0.0035730862528254386 0.014191673823883557 91.29611665480407 0.0034301143561415305 0.9999432523863323 0.010085946784880133 0.33724146234088986 -0.014226906438063886 -0.010036187606532273 0.999848423548054 0.6872394125321716
0.9998952371832204 -0.0040617014647768195 0.013893064439588928 92.67139811733396 0.00393356306869389 0.9999495908769486 0.009238115966361078 0.3486942974631896 -0.013929886571546377 -0.009182498910120154 0.9998608103000485 0.6902693298871332
0.9998962540685863 -0.004321593171950856 0.013740630701147984 94.02858649823308 0.00421081707163116 0.999958485009364 0.008080673076343026 0.35791156579600225 -0.013774981640584584 -0.008021975457056896 0.9998729408232667 0.6963949460722224
0.9999032946692574 -0.004451082437477307 0.01317532446275426 95.40133371735958 0.004348585684898948 0.9999601404826806 0.007797900255755581 0.3735796349885688 -0.013209508397558243 -0.0077398521298796185 0.9998827949199358 0.6916873883765581
0.9999094640620724 -0.004363930399306557 0.012728699484601093 96.75232759332172 0.004265733869858955 0.9999610125544414 0.007731551309279586 0.3837209290035302 -0.012761943176915267 -0.007676554081519445 0.9998890955119886 0.6948626961136998
0.9999159191016086 -0.0042338171674964195 0.012256815221640785 98.09588446408087 0.004129239036547764 0.9999549650506987 0.008545013483609615 0.3971947198855989 -0.012292441261372076 -0.008493683691322196 0.999888370382008 0.70236606117948
0.9999171749767862 -0.0039013767646588794 0.012264682865176596 99.44744802183553 0.0037800694549647647 0.9999438642755297 0.00989845304260206 0.4143947618401244 -0.012302611973025037 -0.00985127184992554 0.999875791376899 0.6965525042439055
0.9998993678957311 -0.00371401944555687 0.013691608425437438 100.78512597514603 0.003567962098301589 0.9999366369545303 0.010676690616903187 0.42410047015742147 -0.013730394319995596 -0.010626765059133033 0.9998492627072321 0.701563809517525
0.9998750263759365 -0.0037398392281527996 0.015360508854458634 102.12049242924566 0.003567469201987757 0.9999305356260506 0.011233747642364613 0.4391639727738182 -0.0154014542564396 -0.011177545577944792 0.9998189124444685 0.7035010025390004
0.9998894381231334 -0.0035765713715873067 0.01443328330729758 103.47172942659822 0.0034225335552237356 0.9999370776073391 0.01068302813614783 0.44857573438935217 -0.01447058374317154 -0.0106324486040752 0.9998387636228221 0.7084216174853286
0.999919082848813 -0.003401719567015239 0.012257897812261338 104.80220520772322 0.003271593126410607 0.9999382522874031 0.010620183182461102 0.46130207808480317 -0.012293267800047249 -0.010579220973266057 0.9998684691750186 0.7098932497393131
0.9999337728738845 -0.003533935562452888 0.010952678468722605 106.12050703082365 0.003425682136265818 0.9999452565375562 0.009886790679597789 0.47279366188098026 -0.010987018162361353 -0.009848615510890009 0.9998911391768699 0.7095888558918481
0.999920096515136 -0.003408359458247482 0.012173071550119687 107.4708854756115 0.0033067535056296744 0.9999596106720826 0.008357176903118898 0.4848488541318735 -0.01220106415088308 -0.008316255788538075 0.9998909810190537 0.7169952774596975
0.999892623026004 -0.0028049452143450136 0.014383139452919157 108.79887575882383 0.002733732304473071 0.9999839206706858 0.004968410990564319 0.48836088746328504 -0.014396844302314202 -0.0049285578446643975 0.9998842133925842 0.7123425994725773
0.9998807732573822 -0.0018891956821119255 0.015325475845601393 110.13595865596349 0.0018313142084429052 0.9999911411721694 0.0037899690569273216 0.49740538508389087 -0.015332500073027137 -0.0037614514295948435 0.9998753751966558 0.7193905242144256
0.9998994192336412 -0.0012203893681487347 0.014130182801974946 111.47199156264121 0.0011705022983843252 0.9999930552801506 0.0035382645236089307 0.5048370505832404 -0.014134402732220278 -0.0035213692308052632 0.9998939036808574 0.7210121406411201
0.9999299771552206 -0.000501993617858045 0.011823230893776451 112.78822889684703 0.0004419525611279695 0.9999869975662874 0.0050802929340185935 0.5126598910263751 -0.011825627437630215 -0.00507471189028073 0.9999171974893406 0.7175257169811028
0.9999462699462017 0.0004977874973549491 0.010354198582470003 114.13284038884524 -0.0005769559671389677 0.9999706143623269 0.007644444626154622 0.5192683011410265 -0.010350089008782941 -0.007650007806390699 0.9999171730888876 0.7305906300417693
0.9999477980390917 0.001989436992446338 0.01002214234707493 115.43771497486432 -0.002088518870735852 0.9999489556787965 0.00988555136605502 0.5301927254478265 -0.010001964092043462 -0.00990596675430612 0.9999009113592027 0.7248739568008948
0.9999219652473554 0.0034351942918115943 0.012010947341655843 116.79432623644284 -0.003573653522841671 0.9999271949177472 0.011525357453217372 0.5390380328849748 -0.011970481041512318 -0.011567381039079543 0.9998614420406117 0.7270441907965092
0.999891442627694 0.004277594006889489 0.014099827992610527 118.11456857658656 -0.004443832128626824 0.9999207398562243 0.011779913471393361 0.5406997283414565 -0.01404832075094971 -0.011841291943582589 0.9998311999978723 0.7228411244125773
0.9998777067730921 0.005126370511566363 0.014774702147947651 119.46972223277012 -0.005302132590366921 0.9999153535074312 0.011881633309568044 0.5384198214885442 -0.014712541866604666 -0.011958517696061278 0.9998202513283757 0.7266597336596659
0.9998756148134751 0.0061470167884056836 0.014524774902845126 120.800583501243 -0.006323550923378886 0.9999063182862182 0.012139495665777423 0.536579238456761 -0.014448792513379622 -0.012229833846093474 0.999820815725999 0.727266586581013
0.9998700199653335 0.007486019700795874 0.014279449693977403 122.11089248432523 -0.007682489469305029 0.9998758950451814 0.013754048972992483 0.5371316155401502 -0.014174714461940765 -0.013861962943131622 0.9998034424091997 0.7267478286218256
0.9998649414379728 0.008542804269643033 0.01403992088474106 123.477089718549 -0.008757563815508181 0.9998444925054691 0.015306726707496549 0.5377826620370664 -0.013906975201549805 -0.015427614906110897 0.9997842690996154 0.7186440049277266
0.9998630069206176 0.009838433450233938 0.013310620530479166 124.79462230642507 -0.010056007041710956 0.9998152871803481 0.0163788962648599 0.5352018698757914 -0.013147019207339556 -0.01651050416320773 0.9997772547613986 0.7223545853117169
0.9998624233047644 0.010788421718881863 0.012599381728471633 126.14809315201533 -0.011007759071230267 0.9997867746492396 0.01747096095526384 0.529484111169903 -0.01240821112626371 -0.0176072483167065 0.9997679836358833 0.7188882661509571
0.9998534623634168 0.01175310572532725 0.012446618243387908 127.49422430840461 -0.011963565333626079 0.9997843936416979 0.016971721627770504 0.5206026987913195 -0.012244464234723265 -0.0171181405623319 0.999778496647779 0.7224400528973128
0.9998275323654038 0.012716348259391589 0.013535139860874672 128.81453952487496 -0.012939417645972107 0.9997797600287206 0.016522799638587563 0.5143432489160727 -0.013322049207636022 -0.016695086817973492 0.9997718725194511 0.7223026978794705
0.9998021998967884 0.013543123236139397 0.014565194628060142 130.17157828298113 -0.013765447472925173 0.999788590759405 0.015273710852097578 0.502276240147587 -0.014355261662981584 -0.0154711861321001 0.9997772596244893 0.7193995950730027
0.9997874995786106 0.013850046254803206 0.015268657606009694 131.492493442946 -0.01406250137073158 0.9998045540671968 0.013896032588184584 0.4877181866283497 -0.015073212714876626 -0.014107795193917694 0.9997868614725933 0.7188180325329648
0.99978558641181 0.013889514334581918 0.01535781868439478 132.84825981284052 -0.014089333909952413 0.9998164857026627 0.012980199811688251 0.47364701958836447 -0.015174711633740094 -0.013193798116044146 0.9997978054677387 0.719995784645878
0.9997769634639921 0.013682822448556701 0.016087376932263236 134.19297610242847 -0.013858111878818 0.9998452596396772 0.01083556695427257 0.46081305877464873 -0.01593662642699533 -0.011056090896317428 0.9998118757007334 0.7114902991367001
0.9997856121801049 0.013118453176422441 0.016019858423557295 135.51592833624053 -0.013268675974173394 0.9998686497858502 0.00930727743827849 0.4462376817605996 -0.015895657128448683 -0.009517844381933654 0.9998283546303215 0.7144141726630272
0.9998040707635947 0.011919559863327192 0.015803296403266442 136.85998935043503 -0.012062119115750721 0.9998871374048393 0.0089564353843192 0.4342844844885407 -0.01569475603449686 -0.00914530180041115 0.9998350054323948 0.7114303120225912
0.9997985484728485 0.010929939573426445 0.01683445551558595 138.19212779000236 -0.01104068473842724 0.999917925546224 0.00649965013233927 0.42040253460518767 -0.016762033053650007 -0.006684204683984822 0.9998371645701368 0.7022122557750076
0.9998065197677364 0.00988495463623203 0.017006195981661698 139.53340339320025 -0.00997774632650505 0.9999357470769464 0.005380176197228011 0.4092316312655837 -0.016951920486215317 -0.005548818748971601 0.9998409088461625 0.6994781196203033
0.999810951666338 0.00859649171043265 0.01744021956066035 140.8830069182079 -0.008677437247088622 0.9999519030469194 0.004570960037809801 0.4012779837632318 -0.01740008651916467 -0.004721432316244495 0.9998374593232686 0.6992080258368517
0.9998311816816157 0.007334848000984887 0.016846606244182404 142.21217667115326 -0.0074055740408989126 0.9999640095475738 0.004139695962792772 0.39758117555961775 -0.016815635886544455 -0.004263755896160874 0.9998495160649872 0.6906796791018724
0.9998421462443383 0.0063818257505635105 0.01658176388701046 143.55336692952795 -0.006449212464249421 0.9999711488633363 0.004013614272749212 0.39321883427686155 -0.016555671297355773 -0.00411992002700183 0.9998544574121101 0.6833709778216273
0.9998800346879994 0.005536062652536465 0.014466106685365816 144.9051726301302 -0.005568097730279708 0.9999821323358652 0.0021751544043095736 0.38330058681602835 -0.014453806418769019 -0.0022554421570335804 0.9998929945052546 0.6827945123772382
0.9998984514846494 0.0045347383673407255 0.01351010238821479 146.22472896066446 -0.0045004881833836255 0.9999865844383289 -0.00256447840235976 0.38359633013740224 -0.013521550381206414 0.0025034159272308877 0.9999054458217457 0.6858075553800672
0.9998575505005645 0.003651915094855449 0.016478538258936345 147.59522265305282 -0.00347461811977771 0.9999359100810589 -0.01077509903834657 0.37072970978141495 -0.016516831897581765 0.010716307503260239 0.9998061587215606 0.678170457353288
0.999829563510327 0.002248814994233323 0.018324485309841744 148.9143832052816 -0.0019153371008466924 0.9998326089224653 -0.018195758271829884 0.35576885855757995 -0.018362336848533594 0.018157559484095236 0.9996665082011312 0.6770393509156178
0.9998836460125802 0.001037759419916149 0.015218984590824849 150.2458007008617 -0.0007213815916943371 0.9997838300826957 -0.020779141314665864 0.343517753944934 -0.015237258453821456 0.020765744883390638 0.9996682498680496 0.6728501643979433
0.9999243002450859 0.0014374179004605337 0.012219967641310038 151.61232959207206 -0.0011928559968260404 0.9997993266762467 -0.019997086595165164 0.34927589471445775 -0.012246259590016248 0.019980996158928958 0.9997253567448166 0.6752592619782772
0.9999498173246373 0.0022018829477293464 0.009773154245636757 152.9539811665815 -0.00203888898544156 0.9998591925778173 -0.01665646869358498 0.35888686288403976 -0.009808453707366627 0.01663570645087939 0.999813506363437 0.6716485739111099
0.9999446495324701 0.0030454821076557536 0.010070894206446981 154.31126600960397 -0.002876696599701177 0.9998558726821613 -0.01673195982743406 0.36347701671258587 -0.010120399599757236 0.016702062798515285 0.9998092911201694 0.6738878917969573
0.9999095767640787 0.0036163900762123955 0.012952220593308852 155.64388517131775 -0.0033574576735790423 0.9997951897381155 -0.019957606432029158 0.36004489324011724 -0.013021742335462893 0.019912315268253437 0.9997169268984127 0.6698865634840853
0.9998592653892134 0.004284055035742891 0.016220243148396648 156.9810443613251 -0.003849498991406737 0.9996353297514137 -0.026728053993841948 0.34842762160308627 -0.016328832562603517 0.026661852621925917 0.9995111379278918 0.669500196434986
0.9998369014572717 0.004331315424488225 0.017533116979462988 158.3300080345922 -0.0038030729074621777 0.9995411528585804 -0.0300502974794027 0.33527570302622534 -0.017655229275839783 0.029978716597507296 0.9993946014614967 0.664835588689766
0.9998356379546606 0.004287036672926795 0.017615856276717832 159.67085810402023 -0.003731067873600035 0.9994976304315817 -0.03147325680917131 0.3264663087958804 -0.017741933612760136 0.031402357844888644 0.9993493461815353 0.6611459227200074
0.9998206343261012 0.005296595293570388 0.01818365348461068 161.03226755687905 -0.004744615121502875 0.9995306210634756 -0.030265924466491106 0.32807676035301664 -0.01833542481376072 0.030174221361265754 0.9993764698861687 0.6495235032858261
0.9998244175340179 0.006316193358027632 0.01764198980347166 162.3792139285371 -0.005833956494823106 0.9996115279639606 -0.02725358899617395 0.33341707438065293 -0.01780727532157297 0.027145881142815576 0.9994728621041202 0.6399795145912451
0.9998501316910784 0.007136350633658412 0.015772972356744533 163.72527455560592 -0.006763900345706154 0.9996999735435477 -0.023541719332779258 0.33576712056243135 -0.01593624201141851 0.023431504361937153 0.9995984197636019 0.6354241300984341
0.9998588036801024 0.007750258427829151 0.014909936206981476 165.08288308073347 -0.007435540779123839 0.9997507994863104 -0.02104879235978068 0.33473436570458637 -0.015069354223601634 0.02093495690908005 0.9996672657151972 0.6250994965309064
0.9998343245268613 0.008100270180802175 0.01630058652052247 166.43151076265642 -0.007776865854895007 0.9997735844070647 -0.019806571619666022 0.3331708934756171 -0.01645733439503494 0.019676522681815464 0.9996709411600209 0.6198547747383282
0.9998337531948999 0.007889787645320221 0.016438285285023856 167.76850319048341 -0.007580664521318862 0.9997948401395494 -0.01878326797306335 0.3289527601793474 -0.01658310880430135 0.018655532188721995 0.9996884372749043 0.6117377904331978
0.9998722595836446 0.007354150220741002 0.014190876985853598 169.1431108260609 -0.007124638715237439 0.9998440912146282 -0.01615650910226544 0.32672238445478113 -0.014307481898440203 0.01605334039148928 0.9997687663775063 0.6103402875553379
0.9999116848409669 0.006720824375152232 0.011465297127288077 170.5258695953259 -0.006587387497070093 0.9999105932456359 -0.011636659362711086 0.327107477499649 -0.011542479996174358 0.011560105314342364 0.9998665586570336 0.6124283379553619
0.9999279593234238 0.00638939210510667 0.010161290854045367 171.89082288393112 -0.006319330755396548 0.9999561431497748 -0.006912151317143184 0.32834756128828685 -0.010205009656889343 0.0068474408032772015 0.9999244823147139 0.6059476474344536
0.9999156720013371 0.0065902504103542816 0.011190061914179301 173.26378206663847 -0.006560665962105595 0.9999748914200751 -0.002678468133588591 0.3349144904642073 -0.011207432723331866 0.002604828005417193 0.9999338019703176 0.6053613726848557
0.9998803343069143 0.00728251065442584 0.013648520244392373 174.62393665396277 -0.007282679297663948 0.9999734802421252 -3.734567551384019e-05 0.3403176909168336 -0.01364843025921997 -6.205658930988757e-05 0.9999068539121226 0.6031700708959713
0.9998426282943129 0.0074210002833099385 0.01611357813509265 176.019971713311 -0.0074334267393551985 0.999972118634199 0.000711421915578698 0.3387838462301409 -0.01610784940428924 -0.000831089060474467 0.9998699147781887 0.601052470791055
0.9998299016478422 0.006640706477044391 0.01720664953882872 177.41836150777053 -0.006615915407282171 0.999976993601972 -0.0014973076121808022 0.3302049096313372 -0.017216196856159036 0.0013832151848316551 0.9998508335154612 0.5959176934716122
0.999841004741585 0.0050977542589449205 0.01708736781523705 178.7975336559832 -0.005034391443446475 0.999980299254756 -0.003749133921718522 0.3286475516921394 -0.017106143344773624 0.0036625133288817535 0.999846971219088 0.5843825587661505
0.9999034897540784 0.0030171788687595774 0.013561261345816526 180.13315470056122 -0.0029475636421848702 0.9999823922221696 -0.0051504479613199644 0.3249247605209384 -0.01357656238489319 0.005109978209435516 0.9998947770023144 0.5847790689969737
0.9999539332065299 0.001385869430189165 0.009497938234854491 181.5493589530799 -0.0013571879518640563 0.9999945020629462 -0.0030255387525938747 0.3343819334842761 -0.00950207901745501 0.00301250888838513 0.9999503164080421 0.5865958772581324
0.9999631889583975 0.0007319580393524194 0.008548974533870001 182.9376966348765 -0.0007385753330337628 0.9999994300989739 0.0007709138764607959 0.3512589588121985 -0.008548405385191117 -0.0007771995600314677 0.9999631596845027 0.5788513515571527
0.9999517012742813 0.00043139353969998183 0.009818809412765403 184.28520869231488 -0.00048044162413018386 0.9999874169453401 0.004993508469236629 0.3628958894840862 -0.009816531694855801 -0.004997984653881994 0.9999393260867798 0.5844463926969364
0.9999142780431536 0.000608087812158016 0.013079250538600103 185.72626404837064 -0.0006961666532465403 0.9999771059571362 0.006730743909931682 0.36770705057389286 -0.013074858218339262 -0.0067392722754671215 0.9998918092932692 0.5821331271075142
0.9998771484480689 0.0011003121370573043 0.015635770673669506 187.09619349940883 -0.0012114226426312934 0.9999740716803645 0.007098480272161591 0.3768196002178507 -0.01562755472041161 -0.007116549739472876 0.9998525562568044 0.5783146609082365
0.9998673239834055 0.001257215112330777 0.01624050000538517 188.5413099233586 -0.0013605355075383115 0.9999788976532658 0.0063524161775173225 0.3812326677781444 -0.016232170939104725 -0.0063736691411606415 0.9998479349222474 0.5684643134315799
0.9998565456254501 0.0010796678758407683 0.016903327696639853 189.9379741073541 -0.0011675252837343181 0.999985857377942 0.005188634580890919 0.38060244440440916 -0.016897486637188253 -0.005207625311027422 0.9998436655717562 0.5645541619819202
0.9998429642333885 0.0011399737286173304 0.01768466377653774 191.3145114502929 -0.0011801017443564517 0.9999967525500488 0.0022588158909553446 0.38040536043375867 -0.017682031355703752 -0.0022793308786413237 0.9998410625783888 0.5585928421046532
0.9998417457840121 0.0015526421138603507 0.017722096096265173 192.75840752211033 -0.001559623760406358 0.9999987115338436 0.0003801373156307837 0.3824390068339006 -0.017721483044738834 -0.00040771695945387076 0.999842879059293 0.5515005856789119
0.9998252362868485 0.002002201332839596 0.01858730948174483 194.15187999575093 -0.0019521057520848727 0.999994414706454 -0.0027129023257381197 0.3818947433172342 -0.018592637442817604 0.002676143815099161 0.999823560478148 0.5400577811891182
0.999792915512318 0.00245953432627179 0.020200910431879448 195.60324637797504 -0.002308166456822283 0.9999691129560169 -0.007513022132570731 0.37660884835942393 -0.02021876502129953 0.007464839238375329 0.9997677118791938 0.5260966027839903
0.9997784835720654 0.0028397709196691027 0.02085472338500821 197.0085169162013 -0.002610831935847454 0.999936124557576 -0.010996834152545066 0.37194003010660465 -0.020884619770160186 0.01093994999529816 0.9997220364437088 0.521961714469206
0.9998588736939534 0.0028699604725061236 0.01655282520734971 198.4320852434033 -0.00271192932191611 0.999950609037855 -0.009561638153355497 0.37238615225869726 -0.01657944917093904 0.009515398662642798 0.9998172728321307 0.5071575879530705
0.9999293848450541 0.003116007050495147 0.011468034855762891 199.86276542603946 -0.0030880305836061945 0.9999922150121305 -0.002456416546017577 0.3881332911528979 -0.011475599788526997 0.0024208294434141103 0.9999312227319934 0.5017369267640684
0.9999263828038404 0.004269808292749587 0.011357715878241427 201.29188244135136 -0.0043467666871428385 0.9999677045991253 0.006759835658060502 0.3994722146831836 -0.011328485873903707 -0.00680870735893443 0.99991264964091 0.49575220401061637
0.9998742652250479 0.00544051941551873 0.014894780601274565 202.74674498858803 -0.005650637805558673 0.9998846052082301 0.014101296393330317 0.4181717359555564 -0.01481634344435672 -0.01418368838037283 0.9997896273471072 0.48661800134700073
0.9998286415846512 0.006292216881245679 0.017409637380211552 204.17011354109349 -0.006562798558187423 0.9998578824391181 0.015528831232496229 0.4187996498291355 -0.017309452390984113 -0.01564042617968143 0.9997278429286853 0.48182081016191775
0.9998197089748228 0.005853611835190236 0.018063354449920393 205.6308230056374 -0.006107464067728602 0.9998829162249107 0.014030421384608941 0.41278750324148517 -0.017979110883520968 -0.014138213113799378 0.9997383970328372 0.47364451271721897
0.9998240470194832 0.0046251781680535 0.018179183933716408 207.06756913987272 -0.004820969024293807 0.9999306918673514 0.01074102971538509 0.4049791929827172 -0.018128244792282873 -0.010826781081824234 0.9997770489224871 0.46476333550202314
0.9998316686626085 0.003512411167338015 0.018008256637871818 208.50530136708923 -0.003676191314461555 0.9999521119096825 0.009069702574251281 0.3986188777668849 -0.01797553773224525 -0.009134377655727954 0.9997967009287834 0.46407237894062464
0.9998439073447766 0.003043599783268567 0.017403949146356908 209.97383943042757 -0.0032064219230840407 0.9999512849606521 0.009335232401603723 0.40147516745503314 -0.01737468860097515 -0.009389579644482149 0.9998049589745587 0.4518215383409172
0.9998413064003989 0.002888005022331079 0.017579005732251896 211.4360052226048 -0.0030772403775868565 0.9999375107247119 0.010747336289769371 0.4061983804238807 -0.017546868871741863 -0.01079972558252454 0.9997877141274242 0.44243940469223225
0.9998314318455102 0.0027500038399400394 0.018153384605557894 212.90194733981104 -0.002968349858913005 0.999923448963145 0.01201187382400913 0.40893514149724713 -0.018118962246003012 -0.012063734601239351 0.9997630566862324 0.4284054304329653
0.9998318444366762 0.002495899307682915 0.01816737011788037 214.36476393677702 -0.0027076159169236724 0.9999286054375491 0.011638421016802883 0.41292354232185197 -0.018137024739481564 -0.011685654212060421 0.9997672198163108 0.42324693220473375
0.9998453978233725 0.0021661563028954607 0.01744959077724852 215.81594021265585 -0.002365287525318022 0.999932228896072 0.011399255671145872 0.41668094121070853 -0.01742371562969808 -0.011438766620794509 0.9997827607794857 0.41647071614151804
0.9998534414804338 0.0018401864563023095 0.01702084820268287 217.30030639509516 -0.0020245751229265555 0.9999393884113084 0.0108222270901312 0.42041919311519954 -0.016999901626314134 -0.01085510098639272 0.9997965643706078 0.4078443919132519
0.999852347170932 0.0012327186830812416 0.017139552544525084 218.75819631637046 -0.001423883852416175 0.9999368706851741 0.011145725598461888 0.42176320991118227 -0.017124730992134803 -0.011168484632651045 0.9997909824255553 0.399595791629141
0.9998570092951723 0.0010233354027894275 0.016879388258083373 220.2469477275729 -0.0012309813520051157 0.9999236442678128 0.012295947262727135 0.42799129805655084 -0.01686551654188927 -0.012314967268740469 0.9997819241879426 0.39377045614459555
0.9998561782430427 0.0009161612504844493 0.01693468268907915 221.72560143337776 -0.001111671311823505 0.9999328039142606 0.011539143948282319 0.4315628092660715 -0.016922973028140026 -0.011556310169246176 0.9997900102917417 0.3867434528880345
0.999863284327085 0.00037498700674676235 0.016530941878780393 223.21788747922756 -0.000580248902331798 0.999922777670852 0.01241378291332401 0.43963305961828014 -0.016525010313648433 -0.012421677815519267 0.9997862901412388 0.3734809711914632
0.9998597887683848 4.1042387356637384e-05 0.016745181980601292 224.69816881451112 -0.00024725904803930376 0.9999241603364796 0.012313100273661892 0.44534927528702406 -0.016743406672603305 -0.01231551423646329 0.9997839698865387 0.3693810960280684
