1.0 8.809142651444726e-20 8.673617379884037e-19 -5.551115123125783e-17 -8.809142651444726e-20 1.0 1.7347234759768075e-18 0.0 -8.673617379884037e-19 -1.7347234759768075e-18 1.0 -5.204170427930421e-18
0.9999993011580781 -0.0003480319849955573 0.0011298482609536818 1.3160940844717768 0.0003481171165631284 0.9999999365833229 -7.515200288644408e-05 -0.058402083065748844 -0.0011298220340017183 7.554526988583102e-05 0.9999993588973364 0.018140396604628333
0.9999976844684006 0.0012037922336848642 0.001783799903291163 2.5652097675998258 -0.0012028053760217308 0.9999991230587825 -0.0005542029350592417 -0.11574037075546209 -0.001784465484192614 0.0005520560876714074 0.9999982554569841 0.031373844761168695
0.9999982119502098 0.0003431259195369208 0.0018596669020737252 3.897904511191714 -0.0003415164148868455 0.9999995669402265 -0.0008657285359012434 -0.11645746637214584 -0.0018599631506267481 0.0008650918811622364 0.9999978960743444 0.04725980861818404
0.9999976397461885 0.0006564705677178128 0.002071122508695698 5.227563230197647 -0.0006538030525849039 0.9999989563209748 -0.0012883704939183097 -0.10463433246180077 -0.0020719661244181504 0.0012870133468184783 0.9999970252720878 0.05730323042287988
0.9999969329289061 0.00032705246914997395 0.0024550294220716416 6.557070779722327 -0.0003233143927287767 0.999998788178395 -0.0015228622869303443 -0.1083554824656155 -0.002455524502885063 0.0015220638698567157 0.9999958268517883 0.06338230260465995
0.9999946762746403 0.0004931566858210766 0.003225557139520826 7.893003209599182 -0.0004837854241878101 0.9999956621439234 -0.0029054509115481585 -0.09440382823842551 -0.003226975990060543 0.0029038749661964747 0.9999905770236739 0.08264079920950167
0.9999944085278434 0.0005042466154466539 0.00330585063176884 9.22176426547211 -0.0004946542400401965 0.9999956673931888 -0.0029018118536149333 -0.08146958644563368 -0.0033072995376237243 0.002900160375182806 0.999990325372984 0.08680937965799904
0.9999945557178661 -0.00011534948749241676 0.003297761228962444 10.546118302991795 0.00012433571790101174 0.9999962797952426 -0.0027248736308318876 -0.09397210177388865 -0.0032974346478386336 0.002725268825360932 0.999990849875424 0.10280785579166463
0.9999998221303799 0.0001366603051871143 0.0005805714166201769 11.873856126107114 -0.0001368722560805389 0.9999999240026548 0.0003650488600740485 -0.06926896547549377 -0.0005805214848096646 -0.0003651282592625551 0.9999997648380523 0.12565458621751488
0.9999999677306171 0.0002521640041951383 -3.08557909908411e-05 13.195626154243996 -0.00025208859399533933 0.9999970399505133 0.002420029246158532 -0.0685042176573529 3.14659439211535e-05 -0.0024200213896727147 0.9999970712488951 0.13441870030323838
0.9999999840863772 0.0001494255596644753 -9.74640822470952e-05 14.54716540838209 -0.0001487893580344375 0.9999788947878244 0.006495216751432967 -0.06312033321079413 9.843257664518483e-05 -0.00649520214645231 0.9999789011074707 0.14390886060144473
0.9999994153073362 0.0008725047358940986 0.0006388430728843167 15.889168146901394 -0.0008765900596886114 0.9999789895786575 0.0064227712955151235 -0.04209071215937334 -0.000633225752149282 -0.006423327543655257 0.9999791697272568 0.16369137077866597
0.9999934391699271 0.001342701587873261 0.003364337906215528 17.21129801430428 -0.0013605268664977346 0.9999850207460386 0.005301627126698516 -0.047399743908470286 -0.0033571690077822884 -0.00530616961573321 0.999980286795826 0.18498774368078044
0.9999839103043137 0.001397165861066606 0.005497914154569536 18.579353436952264 -0.0013998724769716396 0.9999989008709481 0.000488481262704977 -0.045392949674479134 -0.005497225622308341 -0.0004961697818958464 0.9999847670469811 0.20237034127898398
0.9999880418488332 0.0012518396193089984 0.004727478916281103 19.91978389423131 -0.0012450580344788866 0.9999981921788952 -0.0014371741134195817 -0.05527906252240678 -0.00472926948133997 0.0014312709418667349 0.9999877926623224 0.22713345638198604
0.9999975492941684 0.0012275736636110457 0.001842408358007176 21.293995229835875 -0.0012230664607893046 0.999996261809908 -0.002445500898083111 -0.06548509062524963 -0.0018454035032313305 0.0024432415170100425 0.9999953125174137 0.21638512509647698
0.9999989556823604 0.0013492775375219136 0.0005177685926095807 22.634435872594814 -0.0013491153153627 0.9999990407924337 -0.0003135316224849831 -0.03910889232095344 -0.0005181911371375509 0.0003128327655202757 0.9999998168067863 0.2596190536831052
0.9999948238677976 0.00246241690103241 0.0020709274777250307 23.994189231649617 -0.0024664268593786298 0.9999950843272964 0.0019359906483435683 -0.04083236317822098 -0.002066150081630636 -0.0019410884185549163 0.999995981591722 0.23760363181355013
0.9999718624763809 0.0029103104996173724 0.0069140688681663485 25.382542356892706 -0.002929140474677922 0.9999920247890508 0.0027148654431034436 -0.03351919511374424 -0.006906112625604494 -0.0027350413324793723 0.9999724121981127 0.2553633289066565
0.9999662908059458 0.0027427315750435297 0.007739165026393715 26.771941283419277 -0.0027523504381892334 0.9999954527395507 0.0012325044772868914 -0.05482220210356208 -0.007735749405448441 -0.0012537638248059076 0.9999692926572333 0.2691107319878913
0.99996536388057 0.0028961120834922038 0.0078027927051207945 28.152433616832568 -0.002872996301100969 0.9999914562706887 -0.0029720830878060423 -0.05717632306810915 -0.007811333525915789 0.002949562751801188 0.9999651409664839 0.30314208402845
0.9999823589206341 0.003051945676629902 0.005095829187766906 29.49136076012049 -0.0030365777467383655 0.9999908269264381 -0.003020804291345229 -0.047675079487872155 -0.005105001773947823 0.0030052771195842234 0.999982453479221 0.29714601410466995
0.9999884438485681 0.003431749350602335 0.0033667886351466704 30.89105327680808 -0.0034209894414005473 0.999989039654207 -0.0031964672215880376 -0.052507430447623765 -0.0033777212082909233 0.0031849125343565137 0.9999892236077285 0.3293192200133772
0.9999894474726677 0.004135169603067116 0.0020013284744415287 32.2633657712287 -0.004132698277501329 0.9999906947714994 -0.0012374067080431462 -0.025994723313408827 -0.0020064267382285004 0.0012291227635359994 0.9999972317506566 0.3061248183921309
0.999988309862464 0.0048249832515033595 0.000315713534113068 33.644942750745315 -0.004825032185662153 0.9999883475418878 0.00015441778349638513 -0.03366741923521589 -0.00031496479205523194 -0.0001559393062948027 0.9999999382400543 0.3356283127173247
0.999986373776023 0.005203524991971561 0.00041903453078744003 35.03334023030641 -0.0052036256888395496 0.9999864323494227 0.00023957621710193216 -0.02453137212656221 -0.0004177822046401746 -0.0002417534514316547 0.9999998835066423 0.3298318745289062
0.9999880893883897 0.004492695722686637 0.0019070308076446483 36.42511446916976 -0.004493601022596011 0.999989792944534 0.0004706979896159588 -0.030717039591790368 -0.001904896639630795 -0.00047926181890237286 0.9999980708365899 0.3608537170422885
0.9999869240727713 0.00423708189800437 0.002863358249888771 37.83668316863295 -0.004240207268343646 0.9999904202325024 0.0010863174236661103 -0.016842741276272298 -0.002858728003691172 -0.0010984444515215813 0.9999953105359983 0.35075177967835297
0.9999873927596776 0.003757451235053674 0.003331048171131938 39.23320415585701 -0.0037683980570595104 0.9999875001619307 0.0032861369381436255 -0.03229971823932256 -0.0033186590342724146 -0.0032986482244815795 0.9999890526511305 0.36007987012717885
0.9999827758267402 0.0043538714500477365 0.003935969161950453 40.624452738005424 -0.0043780352342966886 0.9999714949442305 0.006151593816867483 -0.008534198940540376 -0.0039090737182384365 -0.006168719672421882 0.9999733326645608 0.3937769599686547
0.9999841354793001 0.0040255654653436525 0.0039400015737421305 42.05895176651533 -0.004061301868390794 0.9999503050755945 0.009104570630158673 -0.018610152612111346 -0.0039031547305562165 -0.009120427726262348 0.9999507903798264 0.39910343005982163
0.9999840896098072 0.0037596618795957626 0.004205409587195027 43.44900009942288 -0.0037998248944595497 0.9999468579466926 0.009583455186337034 -0.014733654413031684 -0.00416915555195568 -0.009599282529866447 0.9999452344588154 0.40471935929266456
0.9999846726751415 0.0035190474252939866 0.004274426278312361 44.88290619839708 -0.0035578417575840094 0.9999522422071817 0.009102475864158478 -0.001469113952353306 -0.004242190096894177 -0.009117544079856587 0.9999494358281991 0.42321887610129477
0.9999895297187441 0.00265359264859018 0.003728122709952054 46.27900676861816 -0.002686360816290744 0.9999575641418554 0.008812115583205589 -0.009257856089033949 -0.0037045807387354676 -0.008822038400643313 0.9999542228122283 0.44199137283776657
0.999989511168235 0.001716517059593295 0.004246306948255236 47.70832002359848 -0.0017527512931181358 0.9999619618399758 0.0085441638591167 -0.005133483849189464 -0.004231479223527891 -0.00855151696081394 0.9999544820346824 0.45661106308110744
0.9999885617144869 0.000603082831480443 0.004744758296295787 49.10925162581212 -0.0006438979617150583 0.9999627661353823 0.008605331968598832 -0.011202139807717672 -0.004739391902638287 -0.008608288678550654 0.9999517165995666 0.46168174094439923
0.9999878823217462 -0.0003555213518101984 0.0049100727324525185 50.5348820128724 0.0003108896911896442 0.9999586586689989 0.009087590467042592 -0.0029790037796819284 -0.004913100575957986 -0.0090859538555497 0.9999466520196292 0.47588466310216926
0.9999872130804254 -0.0015849016232403169 0.004802266390845503 51.99197476823999 0.0015430835479872448 0.9999609705126394 0.008699215170583263 -0.0033749952901876196 -0.004815866361094875 -0.008691693636157748 0.9999506297277517 0.47196097840778845
0.9999810568801017 -0.0023793799188242155 0.005676656776361186 53.398516313208226 0.0023262074216232327 0.9999535338404666 0.009355154675076435 0.01471160642392363 -0.005698652471093169 -0.009341772378136578 0.9999401265320084 0.48846334609638326
0.9999742742416942 -0.003208096853610934 0.0064155256507046916 54.84842920931178 0.0031563854504334738 0.999962582047522 0.008054299208575179 0.03141753720293003 -0.006441124566819842 -0.008033842133799648 0.9999469832420536 0.49713735473445897
0.9999657392961848 -0.0033679970349915294 0.0075615362068061995 56.2310830257834 0.0033177628601795068 0.9999724103492809 0.00664612592817458 0.04443084957436419 -0.007583711719083626 -0.006620810843229792 0.9999493248061825 0.5165377296326259
0.9999683494993069 -0.0039943947860752085 0.0068807564936593036 57.67211686052616 0.003962090405140589 0.9999810956866773 0.004702138757413825 0.055868825364082976 -0.006899408616218666 -0.004674727753084189 0.9999652719375715 0.5199484135796751
0.9999638104844788 -0.003800554714899577 0.007611406257739254 59.114426281399695 0.0037675310949056356 0.9999834486425307 0.004348350312487377 0.07164819542914765 -0.007627806421915596 -0.00431951673804426 0.9999615784340614 0.5433754439567947
0.9999597192448743 -0.0038206473987002954 0.008121732645623153 60.523687104652495 0.0037923753752493535 0.9999867062755015 0.0034935885972735134 0.05754909388033825 -0.008134972447733216 -0.003462647213997097 0.9999609153849695 0.5516134056142313
0.9999539503536659 -0.0031316489292434525 0.00907138066020748 61.975929387186 0.003123659083074568 0.9999947210210056 0.0008948095069607878 0.0790750047881421 -0.009074135001813876 -0.0008664324007041718 0.9999584538213895 0.5531439640743036
0.9999569590606558 -0.002943483317088928 0.008798632401002359 63.38639281175207 0.0029548865750001854 0.9999948108701333 -0.0012833074982562173 0.07361696997113781 -0.00879480934954437 0.0013092512242561087 0.9999604678134716 0.5628535134712088
0.9999664476521137 -0.0024203284435356277 0.007825955547910832 64.79083272099828 0.0024363869032011693 0.999994944936168 -0.0020430665599199056 0.08214532628222768 -0.00782097109509898 0.0020620650658418967 0.9999672896144122 0.5746625300519376
0.9999696993866074 -0.0014349746313177072 0.007651219279676111 66.23161840490945 0.0014537690912567066 0.9999959385760104 -0.0024514050896459563 0.10029373063923169 -0.007647670500715852 0.0024624539166672866 0.999967724207447 0.5842464444878838
0.9999703317440626 -0.0008789519270001423 0.007652651513002239 67.60333982736385 0.0008835588839267855 0.9999994304720248 -0.0005986479137938756 0.10324587566336568 -0.007652120971865694 0.0006053917211842618 0.999970538838768 0.5952492158158948
0.9999561623866458 -0.00039715982525987797 0.009354975630395937 69.08232467589708 0.00037094558219823897 0.9999960007136853 0.0028037396473349135 0.12222804615873645 -0.009356051749918333 -0.00280014655119864 0.9999523106003328 0.6112510020047052
0.9999468294807113 0.0004317824574033417 0.010302998368565566 70.44254821061455 -0.0004894792232779853 0.9999842105325122 0.005598133238689824 0.1320763775084708 -0.010300418513981127 -0.005602878686677356 0.9999312522012997 0.611880933788966
0.9999350086800916 0.0013928944719447888 0.011315399283060955 71.88913332533897 -0.0014997219735846817 0.9999543373720218 0.009437902567988784 0.1497472091286995 -0.011301736589879362 -0.009454259139188416 0.9998914379742344 0.6244902393235832
0.9999352317350967 0.002103358160023804 0.011185178555988013 73.2540804831965 -0.0022495616842240548 0.9999119918768814 0.013074707378613 0.1619608941397931 -0.011156693376961825 -0.013099022301612724 0.9998519609460365 0.6236598965358812
0.9999414504617742 0.0022768673358049647 0.010578824298486821 74.65177402291323 -0.0024525470835767256 0.9998588113233497 0.01662355051910119 0.15546340903857545 -0.010539481069101556 -0.01664852228257555 0.9998058541759999 0.6307800676608967
0.9999363305911547 0.003371050542322147 0.010768973123659428 76.10172747927442 -0.003559732255098458 0.9998396498238518 0.017550012717649416 0.1798572413187946 -0.01070808433703252 -0.01758722997969703 0.9997879906617563 0.6286122009835626
0.9999303364378869 0.003566042556099817 0.011251915912509068 77.468018367572 -0.00377467633058523 0.9998203326024642 0.01857563816661602 0.17103730610499807 -0.011183652793850913 -0.018616816462161494 0.9997641422130525 0.6366868300972272
0.999925757055496 0.0037625549724967493 0.011589804013539486 78.88569937460089 -0.0039726544145312175 0.9998272267781592 0.01815859603599254 0.17239922165130744 -0.011519478889950778 -0.018203290174432712 0.9997679439914692 0.6560426945679537
0.9999425422892989 0.003136847735181976 0.010250478344936394 80.24153136331705 -0.003312462529785887 0.9998472603233262 0.01716052493159088 0.15657238955620284 -0.01019508273642204 -0.017193493252543865 0.9998002020792817 0.6527095950086285
0.9999397980720299 0.0031774131761982865 0.010502584309387627 81.64732925243952 -0.003351905006684369 0.9998559513703283 0.016638546876509556 0.17510298205983532 -0.010448203888431635 -0.01667274886883873 0.999806408501497 0.6726644660871164
0.9999368445723594 0.0030625173452178958 0.010813318370570259 82.98381614839876 -0.0032408966587252177 0.9998583250748301 0.016517456444704388 0.19049069326814824 -0.010761201397638483 -0.016551458125056002 0.9998051038969615 0.6648282538470959
0.9999455510382592 0.0026987469908230904 0.010080264057632439 84.38259590954023 -0.002868116465177154 0.9998543260114477 0.016825595506122636 0.20066624876178288 -0.01003338760012055 -0.016853590741233687 0.9998076253021841 0.6692865775576495
0.9999448415930954 0.00201207350838524 0.010308507726928458 85.76874700994244 -0.0021799938425173387 0.9998647006385113 0.0163042339257882 0.2097396090441762 -0.010274307675258509 -0.0163258070935893 0.9998139360023629 0.6676360606672431
0.9999389569557929 0.0009353604017308455 0.01100942610129123 87.15380408621535 -0.001115616191505642 0.99986524716938 0.016378122707680045 0.2139327527114407 -0.010992623102525129 -0.016389405231229354 0.999805255854105 0.6821148198269034
0.9999265436545937 -0.00036754261382955706 0.012114958002604785 88.5469964689885 0.00018130257605961813 0.9998818542945086 0.015370249898773381 0.212568288550683 -0.01211917589416758 -0.015366924383293111 0.9998084732640768 0.6861413161841314
0.9999144150884424 -0.0012544102711413321 0.013022632345637938 89.92387202853357 0.0010901739898238991 0.9999198832436321 0.012611051292933583 0.21619414917280194 -0.01303740844684678 -0.012595775042161776 0.9998356727143103 0.6974651368539315
0.9999101787613384 -0.0023673350274702023 0.013192048147882773 91.30128778023466 0.002205063877969638 0.9999219001615388 0.012301677553551691 0.21721737766614319 -0.01322014004322262 -0.012271483292788881 0.9998373060628576 0.7023421790379379
0.9999173388298658 -0.0023035768713403743 0.012649468012412138 92.66597957214175 0.002161251578912411 0.9999343400161402 0.011253650434354766 0.2330386981455712 -0.012674561097405338 -0.011225381511727353 0.9998566628826875 0.7068235284884145
0.9999132057373263 -0.002799157912104615 0.012874226465552257 93.99742891170915 0.002668981053713562 0.9999452546456389 0.010117522018927856 0.23198801470939848 -0.01290184220327245 -0.010082282809546364 0.9998659360339817 0.7243159587318463
0.9999200926658187 -0.0031413513690792946 0.012245006931659983 95.382344870843 0.003027191553792084 0.9999518888964074 0.009330380689111043 0.24583494125510175 -0.012273727815014769 -0.009292567141703633 0.999881494878988 0.7093458201142074
0.9999255552587296 -0.002869351065973965 0.01185962752288385 96.7482401833193 0.002762405625142037 0.9999554657376976 0.009024170680272866 0.2549341537924734 -0.011884992876881908 -0.00899073777644009 0.9998889506232939 0.7147034719053847
0.9999340498176347 -0.0021954065384939122 0.011272808231963668 98.08610859605685 0.00207449387341293 0.9999403169158019 0.010726559629933529 0.28132917758381926 -0.011295684595147916 -0.010702466839756414 0.9998789250269609 0.722826623939177
0.9999326121962421 -0.002156216665132377 0.011407094112551098 99.42528639036068 0.0020163737050789775 0.9999228516975284 0.012256626377758177 0.2921536974602297 -0.011432642016658206 -0.01223279946600519 0.9998598168312113 0.7197940589035127
0.9999215253187217 -0.002033943324542751 0.012361483682545379 100.81415592893777 0.0018840507991943224 0.9999247103596736 0.012125343900643754 0.29159981885993047 -0.01238521525316952 -0.012101102704934433 0.9998500736392718 0.7205971621100614
0.9999040464089087 -0.0021417844700215927 0.013686151189241129 102.09686435431213 0.001967948513393649 0.9999173838810976 0.012702463974759548 0.3168308727817779 -0.013712226432619313 -0.012674311486838516 0.9998256531388836 0.7190350532901821
0.9999127831706456 -0.002504232389943605 0.012967454340407985 103.46709092292423 0.0023445965296293903 0.9999214667051999 0.01231110430608186 0.28458892584484363 -0.012997265829652724 -0.012279627122153783 0.9998401281398412 0.7332415446443977
0.9999403623156372 -0.002025762782395315 0.010731640006142613 104.7686047701926 0.0018925322703816385 0.9999211972759674 0.012410381130389687 0.2854176080138901 -0.010755934811886076 -0.01238933102897127 0.9998653981126545 0.7324584559093272
0.9999547285617852 -0.001897127694685715 0.009324255114296567 106.08006974673408 0.001798149543112016 0.999942073619829 0.01061207157425895 0.3326391838280765 -0.009343847448831518 -0.010594824745442712 0.9999002161233221 0.7326609041258859
0.9999432627139644 -0.0016497526391214183 0.010523766872251752 107.45627354097752 0.0015437129183836758 0.99994804030099 0.010076390655154326 0.31938394116835933 -0.010539843612568779 -0.010059573273224764 0.9998938527074678 0.738922049338274
0.9999209041103413 -0.0013947493985320407 0.012499607884765958 108.77649266538445 0.001315516011479642 0.9999790059173249 0.006344851631238827 0.32433344746380977 -0.012508194944961063 -0.006327906345244675 0.9999017465033775 0.7356457752514755
0.9999041583939963 -0.0005547921560077814 0.013833518426548732 110.12314013417513 0.0004848549988118267 0.999987088305868 0.005058471822815408 0.3324576356352322 -0.013836146212878722 -0.005051279760191717 0.999891516931092 0.7542582430830848
0.9999194612602521 2.5744800435763206e-05 0.012691348636469896 111.43533492064788 -8.978988295846875e-05 0.9999872657706647 0.005045813540640007 0.3280839400556673 -0.012691057118463146 -0.005046546711885095 0.9999067303681382 0.7493611278550462
0.9999478410472605 0.0019974981205392083 0.010016246112237405 112.78633979896665 -0.0020608785491885192 0.9999778958502604 0.006321438957322072 0.35501765587194906 -0.010003397649197157 -0.006341751504442356 0.999929854651479 0.7552100448231616
0.9999597517021677 0.002330205543651765 0.00866401280375009 114.13544333513116 -0.0024090364745832362 0.99995569786955 0.00909938687415141 0.3230100099630257 -0.008642425527786657 -0.009119892562178896 0.9999210649049509 0.7664658166029482
0.999961918262065 0.003752454651007534 0.007879156664468883 115.42501393834162 -0.0038483048026468954 0.999918351022366 0.012185312423498742 0.3439557116695482 -0.007832788507105073 -0.012215169782057056 0.9998947129830212 0.7608050298487911
0.999931889574119 0.005458203093164073 0.010316212082233883 116.79880664393923 -0.005590011886393083 0.9999025598050776 0.012791507431233117 0.3601252450917903 -0.01024538822309034 -0.012848303944376556 0.999864967436059 0.7703263691718677
0.9999097559811972 0.005704008474386303 0.012163230695280807 118.10075059918175 -0.005866851572901559 0.9998930745140989 0.01339475984719398 0.36686703222737954 -0.012085526312247826 -0.013464910919370647 0.9998363047157717 0.7643687256601951
0.9998929063995238 0.006709542718110721 0.013006066600897719 119.46313848301561 -0.006882435953680619 0.999887939021973 0.01329441513322251 0.36136018577003476 -0.012915409682105488 -0.013382504806829653 0.9998270354205464 0.77043107532104
0.9998920277493991 0.007900018579767621 0.012390421689125512 120.79040761212876 -0.0080670260885885 0.9998765015956772 0.013487203078312195 0.3678182057126865 -0.012282342336910255 -0.013585700689656305 0.9998322723354603 0.7737858799523711
0.9998834222021395 0.008842495930221125 0.01244798261012283 122.10491603085322 -0.009033226828545899 0.9998413716896437 0.015350318264976058 0.34614432373152204 -0.012310272880888389 -0.015460974209151305 0.9998046886557904 0.7758330670101523
0.9998778420930596 0.010121034906367864 0.011910732292800787 123.46385387573318 -0.010322328405373336 0.9998028534163913 0.016961834710130103 0.347570283337774 -0.011736712811443714 -0.017082709178178817 0.9997851922385705 0.7667698361293931
0.9998696077788252 0.011439725391020675 0.011397373521850294 124.79997511650308 -0.011644322290103239 0.9997692844570011 0.01804958766123087 0.35529158612142847 -0.011188261644363802 -0.018179948825953546 0.9997721301687016 0.7706239587085584
0.9998662259769641 0.012355745070796823 0.010717542364186369 126.13168530076351 -0.012557233919675292 0.9997417456668276 0.01894090407902457 0.3325125019065007 -0.010480745530219014 -0.0190729529645971 0.9997631601726187 0.7716372247248324
0.999850553643796 0.013910731596669999 0.01026459568808466 127.4772302896111 -0.014096692564119126 0.9997336651812978 0.0182724372189768 0.3583524514337378 -0.010007678899082833 -0.01841440331952537 0.9997803539345224 0.7752309097117416
0.9998378748300736 0.014308296265785211 0.010931455221181914 128.7832475810854 -0.014508583045201317 0.999724180712534 0.018467905042890063 0.324996559685819 -0.010664195858229782 -0.018623510856528216 0.9997696933644639 0.7750718688094732
0.9998169080404521 0.015150674492625645 0.01168791935498206 130.15505463916753 -0.015361849958110027 0.9997164418665844 0.018194763737973674 0.3138101437907391 -0.011408942207521984 -0.0183709804864811 0.9997661442125706 0.7863357053378184
0.9998125702872959 0.01540287174017819 0.011729272682766786 131.47404959328318 -0.01559592187072355 0.9997414123003074 0.016549191907433668 0.28120247531401793 -0.011471334556770886 -0.016729018917509813 0.999794253038866 0.7804490003222004
0.9998038968297512 0.01566539799353456 0.01211458582653355 132.82565241334402 -0.01585468033003631 0.999751204872677 0.01568940621129766 0.279376232726836 -0.01186579098402816 -0.01587840235461078 0.9998035203693717 0.7920007586846586
0.999798098195268 0.015532217076353369 0.01274806172789335 134.15349481817196 -0.01570594065411678 0.9997835809379534 0.013642386706597774 0.2733888855915481 -0.012533406292564851 -0.013839852585054173 0.9998256709082487 0.7841179888157371
0.9998071389941974 0.014726750232248722 0.012992599579556667 135.48481687627765 -0.014892593485120684 0.9998076603341112 0.012761386935497918 0.2307330812697942 -0.012802166829278348 -0.012952419265431388 0.9998341559276958 0.8013013611918657
0.9998283951452746 0.013700695567427939 0.012468809173027244 136.8226189223676 -0.013858523513801695 0.9998238086329532 0.01266068784519319 0.21985894060567102 -0.012293152046652373 -0.012831314494808297 0.9998421054251982 0.7999276602800519
0.9998102404377663 0.013822838305026227 0.013726334433092844 138.16427519650205 -0.013955354192841154 0.9998564786257483 0.009605739923121068 0.2748963407166882 -0.013591585820954134 -0.009795473000901528 0.9998596489025648 0.7953128479539187
0.9998343475531541 0.011985785379965135 0.013697386677177207 139.51153289570505 -0.012109453304253687 0.9998863396571155 0.008981587151930828 0.20700655522864309 -0.01358817845153636 -0.009145967194400136 0.999865847346757 0.7939796101233503
0.9998422520295793 0.01098922271338797 0.01395378230355178 140.87206009218278 -0.011100333529136468 0.999907099390523 0.00791044777321343 0.22275162944472407 -0.013865556316328803 -0.008064091553694473 0.9998713501123294 0.8009522914965217
0.9998625410625468 0.009353816348744283 0.013689598228611863 142.20361314266094 -0.009454178140217555 0.9999287712320857 0.007284983046252176 0.19507864423868174 -0.01362048074187844 -0.0074134055605445765 0.9998797547317152 0.7899137199597557
0.9998774499004662 0.008351728226023453 0.013241367609852462 143.55402395877383 -0.008450266168457187 0.9999368902965837 0.007403271282350004 0.18595939967395594 -0.013178701841336068 -0.007514257091455118 0.9998849222576269 0.7951052197469668
0.9999040565610999 0.008237965109763308 0.011136139524408575 144.8987871372757 -0.008300757577606751 0.9999498438769268 0.005604208610272767 0.17260675721310714 -0.011089413703824767 -0.005696109317768904 0.9999222866014865 0.7951715205508554
0.9999232322094719 0.006875211015422453 0.010308305450268724 146.21043855250468 -0.006903266288195258 0.9999725580347923 0.002688511095021027 0.16265482386302033 -0.010289538489013634 -0.0027594656814677113 0.9999432537633504 0.8149472190926036
0.9998940332762715 0.0063761283473126144 0.013086909711972683 147.61346255730697 -0.006285923947331166 0.9999562833784458 -0.00692231840454552 0.1650056354240902 -0.013130475187101837 0.0068393215499885345 0.9998904011450939 0.8066182734940249
0.999881312854374 0.0048917155679441176 0.01460928894285463 148.92346562708013 -0.004690079697264655 0.9998937150670387 -0.013804409508165813 0.1473676976418707 -0.014675263440456093 0.01373425237274188 0.9997979830719379 0.8093500986104039
0.9999225857590734 0.0037660346780988966 0.011859151390031695 150.21516922601776 -0.0035855366272036296 0.9998779715031054 -0.015204802857320905 0.11076351989324908 -0.011914966050447453 0.015161104367372755 0.9998140699642 0.8205151669915036
0.9999564007875034 0.0036022453533376274 0.008615123476558354 151.6328630668112 -0.0034733051466626524 0.9998824318648593 -0.0149351464463305 0.1326447137740631 -0.008667910674444917 0.014904572332996652 0.999851349475566 0.8224736600505821
0.9999710989489504 0.004409247862923318 0.006193528890028786 152.9478362658468 -0.004341977229296671 0.9999318920476679 -0.010833212806508244 0.11684187761058916 -0.006240873381874068 0.010806007553862396 0.999922137818829 0.8304181901193763
0.9999634101466554 0.005424075216806567 0.006614966055397795 154.31474284815448 -0.005347029907266604 0.9999183085830082 -0.011609712815850434 0.12351223078725629 -0.0066773976250060745 0.011573917596827365 0.9999107244111443 0.8343264036360316
0.99994896710253 0.005527925081744234 0.008456076801566044 155.63610279639022 -0.005421064647787996 0.999905817427843 -0.012608264434158358 0.10833882832282962 -0.008524977927705362 0.012561780058884264 0.9998847565760187 0.8284387763169451
0.9999131872252252 0.006293977155917397 0.011576003829163597 156.96293770388158 -0.006029692756186462 0.9997235639332438 -0.022725283757953997 0.11629845708381326 -0.01171583622103061 0.022653511166579127 0.9996747259051154 0.8223779113073078
0.9998966297013049 0.0062971991450520995 0.012925757033886662 158.31106749643064 -0.005959441430193348 0.9996440532616587 -0.026004842557527837 0.09625678987361763 -0.01308491382515034 0.02592512413720079 0.9995782475467636 0.8282224786787111
0.9998989965117525 0.005869041466265074 0.012944154165401947 159.65148487821295 -0.0055232264045879 0.9996311178896956 -0.026591767836704378 0.06894030879602557 -0.01309544748659222 0.0265175884813228 0.999562567704624 0.8325336745444641
0.999892041346046 0.007262012730441043 0.012773755279472433 161.023521573577 -0.006931946176305032 0.9996457531018481 -0.02569662288410031 0.08025671349979939 -0.012955839418800609 0.025605301727215986 0.9995881725732916 0.8166777438282422
0.9998898918226777 0.008264754940038933 0.012324692962289467 162.3560235419054 -0.007967386858060537 0.9996805738815675 -0.02398480665908245 0.07346457156780264 -0.012518984682777184 0.023883970139000416 0.9996363493755674 0.8108795832184972
0.9998900922504728 0.009622554193631767 0.011278735307278461 163.70358088320393 -0.00937715110422115 0.999722443541539 -0.021612610127025405 0.0864995494500162 -0.011483573333663791 0.02150447232844407 0.9997027984422998 0.8156196685368216
0.9998919551474791 0.010454509242346567 0.010333502206582757 165.0574265933948 -0.010244207703516863 0.9997434947702836 -0.020199031487357674 0.10829355694430641 -0.01054202257059651 0.020090990543070574 0.9997425757959492 0.8040465685899972
0.9998734103017671 0.01088911841915565 0.011601313355286661 166.40904578244673 -0.010646214388822092 0.9997270221333595 -0.020797580040776583 0.10314726913249465 -0.011824613765412592 0.02067143721222296 0.999716394880508 0.7966892431494735
0.9998799258174911 0.010269974608996368 0.011604377137050675 167.7282799273555 -0.01002947576777376 0.9997375653562239 -0.020596359664596407 0.07211987947626956 -0.011812855837263634 0.020477500754250866 0.999720525146817 0.7851470339633682
0.9999005465700193 0.010291266212129297 0.009642966801150605 169.11379093126953 -0.01010909767680264 0.9997730328407636 -0.018753371657977556 0.08106070104751771 -0.009833774104476386 0.018654024877555467 0.9997776373988017 0.786956778940102
0.9999234170583344 0.009675798684219196 0.007716147886525165 170.52256231831223 -0.009554355165353036 0.9998322975710686 -0.01562341291562994 0.07562944222723463 -0.007866022867914668 0.015548493611293755 0.9998481734896859 0.7995584041318783
0.9999431097353825 0.009002301244103242 0.005721526460939654 171.88719020877238 -0.008946444713885393 0.9999127932711903 -0.00971426680645387 0.05984454394062553 -0.00580847826149049 0.009662526839082856 0.9999364465581648 0.7933853683680967
0.9999347247122096 0.009393543595037019 0.006504433368541756 173.2439694055291 -0.009343816590546922 0.9999272069188272 -0.007633737946465176 0.06004544078476371 -0.0065756677409887845 0.007572463419602716 0.9999497079311134 0.7899138507729903
0.9999139755152517 0.00991789373395628 0.008583528013970405 174.63741263422074 -0.009896068366894236 0.999947700598872 -0.002581452673718709 0.04880096225488691 -0.008608681673892888 0.002496287425527147 0.9999598287675995 0.8077593258487885
0.9998824624262302 0.010142163782212825 0.011497732223048918 176.02780214573085 -0.010133614891603188 0.9999483323526757 -0.000801544965330904 0.05128844655634721 -0.011505267562592583 0.0006849371632052573 0.9999335776337324 0.8145705718238613
0.99988007277693 0.009196674438575277 0.012460386947125932 177.43919014915232 -0.009149847411884307 0.9999508813363083 -0.003809882817058867 0.0487333644447842 -0.012494813161487617 0.0036954152691331577 0.9999151081717129 0.8112054475602838
0.9998878911881166 0.008044135262397183 0.012629209922288349 178.8285434529545 -0.007970874915134844 0.9999511755251425 -0.005840523861172137 0.052032575337771815 -0.012675575271688557 0.005739203234413745 0.99990319098289 0.8082226630709067
0.9999455291059125 0.0059419645380461945 0.008580901964552572 180.16424496255178 -0.005871768409549114 0.9999492819187407 -0.008182660077227018 0.03407475473368389 -0.008629087833675225 0.0081318292913357 0.9999297036269775 0.8020471219004063
0.9999798596262974 0.004076016425389696 0.004864815707729103 181.58370889215627 -0.004048351556403394 0.9999756563797969 -0.005683088726218084 0.053568896095285354 -0.004887861643498168 0.0056632797824453535 0.9999720176438237 0.8153380053630765
0.9999855267233853 0.003009802882470825 0.004459532527321827 182.97623725770558 -0.0030006481556978685 0.9999933801144367 -0.002058115144772778 0.04560641577674617 -0.004465697526622026 0.0020447038690496002 0.9999879382931018 0.826349446152854
0.9999791374201124 0.0027189738232293132 0.005859343468047343 184.3048067656116 -0.0027271912181056467 0.999995308316451 0.00139490972683282 0.05267495553270807 -0.005855523254828959 -0.0014108601754671314 0.999981860995977 0.8302831481199107
0.9999600370270589 0.003611136239767515 0.008178266558427454 185.7559641144957 -0.0036390418628011777 0.9999875990795352 0.0033998619776965384 0.06460151627186521 -0.008165887775596455 -0.0034294871634755852 0.9999607776781207 0.8268550030083658
0.9999368766969405 0.00355697258768953 0.010657887575774669 187.12570767845904 -0.0036233415039422577 0.9999741260641349 0.006214386423069413 0.05719714581577434 -0.010635507412118909 -0.0062526113168695574 0.9999238925207293 0.8444439256359596
0.9999305560024473 0.004057101839437409 0.011064497155366134 188.5741577641372 -0.004096876685071375 0.9999852190808197 0.003574523928065477 0.06932648082795122 -0.011049831404324244 -0.0036196055792624224 0.999932397555648 0.832804410470376
0.9999235401385788 0.0037804689559817603 0.011773781516776074 189.98345436180182 -0.0038108967406415453 0.9999894539774713 0.0025630060223970157 0.06015054520684138 -0.011763967985509285 -0.002607678720919029 0.99992740189922 0.8360606720081036
0.9999141111388908 0.004077150897407918 0.012455809322630901 191.34688858236387 -0.004068023480623047 0.9999914382492627 -0.0007580324083582661 0.0673474853084356 -0.012458793291610253 0.0007072967770234025 0.9999221360690973 0.8333749740971041
0.9999059787656983 0.004910221912262732 0.012803255421302293 192.8048233573155 -0.00487164539282676 0.9999835050774027 -0.003042473381706949 0.09249290826459308 -0.012817983452061461 0.0029798144043178994 0.9999134062539308 0.8358980065206857
0.9998989780094762 0.0049384187634682756 0.013328383087293378 194.1552795303762 -0.004870473402326024 0.9999750038195621 -0.005125448751453233 0.06541915261863647 -0.013353361540910158 0.005060015433095359 0.9998980367914393 0.8330085394438245
0.9998735083175235 0.005637586096067008 0.014872289259443762 195.6091120460268 -0.0054856072558128076 0.9999325229288987 -0.010240004984494532 0.0717177686295783 -0.014929014630648208 0.010157126171163324 0.9998369653649043 0.8275106098286632
0.9998597085459603 0.006045834913132347 0.015620854861063458 197.0299292662861 -0.0058333353998255705 0.9998903161813233 -0.013613515524148568 0.05225190349267896 -0.015701446573497674 0.013520483978624516 0.9997853074978065 0.8322787224628592
0.9998980330394417 0.0059210690479294895 0.012994786076936464 198.45478384749555 -0.0057807463461809734 0.9999248659078179 -0.010809510206931062 0.050398407590966386 -0.013057813581791007 0.010733288431896483 0.9998571348067188 0.8424016119327018
0.9999547027945246 0.006307821502893178 0.00712767472614692 199.88826925356008 -0.006268711655235643 0.9999652473298423 -0.00549612470300277 0.07138250798704929 -0.007162095594002354 0.005451194406282253 0.99995949361274 0.8244146600905308
0.9999483191153268 0.007724651056113673 0.006609755252188886 201.34722446413372 -0.007757023642454771 0.9999579761334109 0.004886159164752775 0.06726820421075998 -0.006571733610163634 -0.004937178671486555 0.9999662177214402 0.8270005959227457
0.9999170745660901 0.008211099224310221 0.009920778231604192 202.77918771843005 -0.008325768067885876 0.9998983687399324 0.011572976164404546 0.07767790061577184 -0.00982474311480516 -0.011654614568943754 0.9998838154415629 0.8248776973786126
0.9998874869755019 0.009069748475255263 0.0119479308840991 204.1903477461626 -0.00922238566490683 0.9998757679218574 0.012782657209030865 0.04269231683831774 -0.011830511082084548 -0.012891407420117969 0.9998469135934087 0.8175418955806518
0.9998714616045944 0.009964703115024783 0.012560452241917345 205.64482435861794 -0.01010318742647546 0.9998883397276725 0.011010616715881055 0.10109485931062913 -0.012449332211712372 -0.011136102032037356 0.9998604909481195 0.8199593526820519
0.9998870262024582 0.008077027301250947 0.012676610823860306 207.1072009144282 -0.008183905445474964 0.9999312124845345 0.008402023022355784 0.06274961994638022 -0.012607875461959904 -0.00850481799825947 0.9998843480858934 0.8227719647868404
0.9999032877188769 0.006635981753818769 0.012222068366022857 208.527795113496 -0.006718563331917581 0.9999547954978848 0.006728139976122477 0.035137377598865704 -0.012176868059388866 -0.006809604022721822 0.9999026718522749 0.8214239867798802
0.9999110770756698 0.006262108356540307 0.011773866837408036 210.02428687721235 -0.006337664739036219 0.9999594939105658 0.006390973617601563 0.04276424508018831 -0.01173336895480772 -0.006465024134235718 0.9999102617314787 0.8141074263744998
0.9999071145739515 0.006551935397332507 0.011951333270547215 211.50682366643835 -0.006646002450613912 0.9999471169574672 0.00784818067300505 0.05535359857482042 -0.011899280474925418 -0.007926880281603694 0.9998977806221895 0.8201244722237113
0.9999042940573922 0.006039954083819552 0.012446753803842853 212.9368847087682 -0.006149305638879381 0.9999426692512778 0.008766085260195412 0.044818194416566294 -0.012393093469661694 -0.008841785187094319 0.9998841103192696 0.8083464032030425
0.9999094363705989 0.005369428362109499 0.012340514417784854 214.38234962467476 -0.00547895816664915 0.9999457478841912 0.008859023971846297 0.045878711967664784 -0.01229227702419248 -0.008925834828732427 0.9998846080414333 0.8178003457849579
0.9999162789032069 0.005369515701261639 0.011772998152465115 215.8495415062758 -0.00548292965514129 0.9999386717966967 0.009622376414127932 0.059663754922317985 -0.01172060863440182 -0.009686121338920859 0.9998843965112402 0.8208543034820458
0.9999197655391159 0.00522734738907043 0.011538514786289186 217.33636040774 -0.005320957914160261 0.9999530607644221 0.00809713991108834 0.062414373784304394 -0.011495646614052247 -0.008157886193002633 0.9999006445651423 0.8196788781572508
0.9999242136296945 0.0043279357595139 0.01152544875909103 218.80809260567398 -0.00443246900187537 0.9999491359586851 0.00905973035065074 0.036592392308474345 -0.011485652597233042 -0.009110129940928892 0.9998925368842768 0.8263981837589256
0.999929872651549 0.004544661193424537 0.010935988007212183 220.2926524564462 -0.0046513056822964 0.9999416876717034 0.009746107516096853 0.051452907996309846 -0.010891057547673909 -0.009796290670578502 0.9998927030209745 0.8158195161390861
0.9999281636924046 0.004411348517614554 0.011144840016431916 221.77616478966524 -0.004510499342685693 0.9999503357239379 0.00888715259595482 0.05061933288266045 -0.01110508218859069 -0.008936782969295745 0.9998984003686296 0.8213960002885206
0.9999343741278355 0.003859423899810226 0.010786671624528357 223.26516615687547 -0.003971590302888061 0.9999380665934526 0.01039660751466109 0.048336496690778635 -0.010745878653690314 -0.010438765468649804 0.9998877728362573 0.8220981281225151
0.9999385381819513 0.003251291124594123 0.010599479447842708 224.7609260266147 -0.003356438308613969 0.9999451884137945 0.009917383222473233 0.03367232707216481 -0.010566654173510794 -0.0099523501809402 0.9998946427226487 0.8181733658717418
