1.0 -2.1684043449710093e-19 -2.5135375298442207e-37 0.0 2.1684043449710093e-19 1.0 2.3183291766350204e-18 -8.673617379884035e-19 -2.51353752984422e-37 -2.3183291766350204e-18 1.0 0.0
0.9999996051917989 -0.0005752605321510217 0.000677267721610383 1.3273296131564947 0.0005753941083097035 0.9999998150465057 -0.00019704967556571635 -0.005147294397329037 -0.0006771542414461252 0.00019743929362565135 0.9999997512398984 0.014190926913472833
0.9999991949433092 -0.0005967494779263065 0.0011198226618697432 2.628292109638085 0.0005974884623972986 0.9999996039058764 -0.0006596935863360372 0.0026109771196390695 -0.0011194285465113297 0.0006603621363656997 0.9999991554004325 0.02238872817330788
0.9999991297251735 -0.0011131932896795331 0.0007080604462187886 3.9562097944440935 0.0011146090694200458 0.9999973742646027 -0.00200227633515423 0.00047344728201316797 -0.0007058296664590338 0.0020030638032185926 0.999997744767398 0.05173028230973858
0.9999997321472955 -0.0004019622202480786 0.0006116630695024149 5.269661313684543 0.0004035526934455498 0.9999965324643295 -0.002602345968709053 0.008632677858433855 -0.0006106149037754672 0.0026025921099428265 0.9999964268254905 0.0662616457459084
0.9999985038916515 -0.0008597247720540486 0.0015010289054512847 6.580579439084477 0.000863581871582406 0.9999963223874748 -0.0025708827037806956 0.008729084419205337 -0.0014988131337020957 0.002572175118813088 0.9999955687273561 0.07085359399947619
0.9999964900971859 -0.0006070835720191764 0.0025790003577271566 7.92489072903354 0.0006172318577707727 0.9999920634450221 -0.0039359969258992945 0.007700790296875754 -0.0025765904102757983 0.003937574952114601 0.9999889282813856 0.10436197621018756
0.9999946530359479 -0.0003002937303535154 0.0032563358533157175 9.23771670313304 0.0003122171991025528 0.9999932470990477 -0.003661731383319628 0.030567778691384134 -0.003255214268625583 0.0036627284882330123 0.9999879939279706 0.1170095919605191
0.9999974831206085 -0.0008194521085712286 0.0020886001747588263 10.586512267128885 0.0008267465806389794 0.9999935540316226 -0.003494049984718331 0.029535136963533378 -0.0020857235050807162 0.003495767933668736 0.9999917146476835 0.12563495697994462
0.9999998041518986 -0.0006061619998657432 -0.0001557683998266499 11.882218015638424 0.0006061120230979568 0.9999997648938797 -0.00032068738803747645 0.04995906275122657 0.00015596275171301027 0.0003205929121315067 0.9999999364479004 0.1387498668963663
0.9999991106704826 -0.0010042356868028624 -0.0008775926897908217 13.243110630837233 0.0010064491382075315 0.9999963047159184 0.0025253939574389093 0.04455893204815281 0.0008750533561012286 -0.0025262749639378573 0.9999964261018289 0.1534660070297247
0.9999992475541469 -0.0007316236605829313 -0.0009846918093064669 14.580183485773466 0.0007376865764252538 0.9999806873705266 0.006170956529096878 0.06341608445850568 0.0009801579745132923 -0.00617167827971587 0.9999804746481586 0.1841006018595595
0.9999999509333252 -0.0003074359143085847 6.013739278321939e-05 15.925485037941801 0.0003070649626963537 0.9999815053177272 0.006074103522413519 0.08377790940798156 -6.200367813126534e-05 -0.006074084758291184 0.9999815506547572 0.18967508498053048
0.999996967448865 -1.75721766439573e-05 0.0024626782762282263 17.26417811282287 4.8380005944193486e-06 0.9999866314407481 0.005170775220318463 0.07706019286400988 -0.0024627362155433302 -0.005170747625239235 0.9999835990151682 0.21756697247993978
0.9999874433604193 -7.494728884571998e-05 0.00501073890717661 18.637799452085822 7.690623231513588e-05 0.9999999206970068 -0.00039075748415372995 0.08614294447873559 -0.005010709223595983 0.0003911379346033039 0.9999873698223357 0.21589679719806568
0.9999960204643646 -0.0003242687532456138 0.0028024819731404535 19.96498819573427 0.0003300678414306204 0.9999978050330541 -0.0020690539611096116 0.07450989760863481 -0.002801804892236789 0.0020699707364111642 0.999993932536841 0.2530371930355379
0.9999997912742271 -0.00022097889904070005 0.0006071406990388546 21.32862394399132 0.0002228264556216756 0.999995340172058 -0.00304466460233371 0.08597232934111591 -0.0006064650632358886 0.003044799253843768 0.9999951806872025 0.24556980533786044
0.999999925073556 0.00023061715482710574 -0.00031091576126677904 22.672749198533666 -0.0002308018840727183 0.9999997968041944 -0.0005942407426817518 0.08277173621856795 0.00031077865598064084 0.0005943124581008942 0.9999997751046393 0.293494415246884
0.9999991471984832 0.0007998541817306499 0.001032393139491211 24.049310295927835 -0.0008019260382159785 0.9999976624286242 0.002007996991193174 0.10031676830583945 -0.0010307846214082511 -0.0020088231817105276 0.9999974510529959 0.280043025937074
0.9999831274714984 0.0016361719684221995 0.005573841907559796 25.44386076273651 -0.0016503040893199499 0.9999954332798104 0.002531781178685572 0.11113198195650549 -0.00556967402398868 -0.0025409369952287437 0.9999812610096515 0.2902704870939612
0.9999780840921995 0.0018953276637403015 0.00634342717632209 26.805690989962898 -0.001897508738694978 0.9999981426635034 0.00033783151122947946 0.10613040567221463 -0.006342775093034367 -0.00034986081584557357 0.9999798231972127 0.3149250915672316
0.9999826568615897 0.0018155573533356686 0.005602653615276477 28.176645015326184 -0.0017933853597584804 0.9999905514400356 -0.003959898938726157 0.1073718946829659 -0.005609790101904505 0.003949782544681337 0.9999764644594703 0.32469610929105897
0.9999938892715323 0.0014969936360498405 0.00315918180037827 29.546942021173965 -0.001484290731356215 0.9999908203333967 -0.004019468866035212 0.11500752250709692 -0.0031651699194553584 0.004014755159887417 0.9999869316348025 0.32646575557942303
0.9999954360155251 0.002715886483941931 0.001323596889588566 30.918879277386495 -0.002710597689936625 0.99998840080752 -0.003981320205910737 0.10800391531664637 -0.0013343943506689557 0.003977714296555803 0.9999911985516132 0.364779826287229
0.9999955012253985 0.0029204364004058246 0.0006845291777441014 32.304229656573774 -0.002919428301081203 0.9999946593397621 -0.0014690916744650737 0.11704677560973413 -0.0006888159107079811 0.0014670866314983393 0.9999986865938659 0.34971988872004
0.9999932858243689 0.003183267586528292 -0.001815244791942728 33.68773167789339 -0.003182344324506465 0.999994805626485 0.0005112774672693432 0.12074429612713941 0.0018168628958725385 -0.000505497300501403 0.9999982217392672 0.3873811521347644
0.9999934565760892 0.0033675908292806964 -0.0013214147766180196 35.083448242423216 -0.0033652255474109667 0.999992738913672 0.0017881210662416187 0.13684289996473292 0.0013274268418155706 -0.0017836625070424771 0.9999975282399655 0.39597832403342864
0.9999950426728769 0.0030842558887764064 0.0006340309798881887 36.47719082881926 -0.0030836988705462884 0.9999948602588036 -0.0008776430092014465 0.11949008555636222 -0.0006367345967524146 0.0008756834978213801 0.9999994138735606 0.4009029090605135
0.999994115975999 0.002796982307259145 0.0019861780769821194 37.870029994694335 -0.002802494318113505 0.9999922147693616 0.0027778456155683313 0.13469163224320535 -0.001978393029088659 -0.002783395523433562 0.9999941693181928 0.4372378950136233
0.9999936487846152 0.002517337901497802 0.0025229744987354612 39.26518169603165 -0.002527483290356757 0.9999887010587781 0.004026112640564531 0.13221106551719206 -0.0025128109058491035 -0.004032463845743538 0.9999887124446376 0.4407513246601509
0.9999922851538566 0.00291142623624267 0.002636897805925606 40.67500413037969 -0.0029288738454087684 0.9999736842617015 0.00663720438713498 0.15113322675566976 -0.0026175046830250156 -0.006644876323141102 0.9999744968187361 0.4549625263371619
0.999991120385623 0.0029290765666761115 0.003029795434199149 42.09910993706773 -0.0029570830629710096 0.9999525592511709 0.009280889331972917 0.15341733474010355 -0.0030024672629747552 -0.00928976627801731 0.9999523415807547 0.48724770624465535
0.9999926186483422 0.002414193363145692 0.002989033160838319 43.48694517692808 -0.0024456930586990075 0.9999410393024611 0.010580004923269895 0.15564544006534925 -0.0029633147476903826 -0.0105872370861867 0.9999395627619636 0.4898938384605503
0.9999941255740784 0.0020681092068984717 0.0027334486720527653 44.90668141557827 -0.0020919021419912183 0.9999597015775822 0.008730358887288788 0.1562910579343237 -0.0027152831827891924 -0.008736025708574326 0.9999581536704706 0.501066322129943
0.9999952011251 0.0011912849080451544 0.002859819406667345 46.307365525377435 -0.0012150520563451997 0.9999646215814135 0.008323414806496971 0.1512868487056918 -0.0028498026723369142 -0.00832684969292142 0.9999612703494672 0.5244962871303513
0.9999942185790933 0.000506828552457749 0.003362429658305393 47.740449315959175 -0.0005351017143548051 0.9999644670257222 0.008412987110336135 0.16911616085864792 -0.003358046239099856 -0.008414737713191123 0.9999589570150739 0.5360655150885544
0.999990149415971 -0.0006603596109648759 0.004389190837533834 49.141590322147515 0.0006243212686510931 0.9999661270483866 0.00820700790808881 0.17630743172826585 -0.0043944617392343436 -0.008204186799075745 0.999956689074576 0.5454660695701308
0.9999893865945048 -0.0013480264676443028 0.004405624018087758 50.55793890534245 0.0013094339021009456 0.9999608517767089 0.008751016904049341 0.1846670709524276 -0.004417248148140422 -0.008745155152509248 0.9999520039382672 0.5601734159812284
0.9999856559161937 -0.002699055041201893 0.004626344533694416 52.012775269275 0.0026562859483537913 0.9999539111853785 0.009226031109020417 0.19237263529531162 -0.004651032876733915 -0.009213609876079892 0.9999467372246539 0.5744003768596556
0.99997387522652 -0.0038112071672167093 0.00614195118709657 53.417549034748674 0.003751873942790412 0.9999464659720598 0.00964306133474828 0.19589700488228554 -0.006178374088183015 -0.009619765585338499 0.9999346417660054 0.5964252537325555
0.9999645844087159 -0.004596093757994888 0.007050237618113212 54.884811098090864 0.004541200070645069 0.9999594048662575 0.007782423879401744 0.20863075841832027 -0.007085720162588375 -0.0077501317206889915 0.9999448624939725 0.5953897956982437
0.9999578914492379 -0.0053678483212815 0.0074432205928540275 56.28248240482969 0.005325756179510308 0.999969780462239 0.005663433889230043 0.2138711449812176 -0.007473396116263252 -0.00562355463216878 0.9999562610353456 0.6009556066142963
0.9999618600623141 -0.0056090846904133 0.0066945193742925894 57.70915013613552 0.0055927028215185 0.999981326804134 0.002463273877162902 0.2334557513697561 -0.006708211078013775 -0.0024257394706574073 0.9999745575224169 0.605347228618659
0.9999606272947561 -0.005621325208941375 0.006866189858512707 59.152882657786485 0.005604280999692151 0.999981173184886 0.002499061875117041 0.23841784554999632 -0.006880108629543002 -0.0024604834229261037 0.9999733047069663 0.6308202560412297
0.9999536843728064 -0.005246471493023902 0.008068683047601668 60.566267227808524 0.00522285347413613 0.9999820230107319 0.002945412866044514 0.24927849810959204 -0.008083991021610002 -0.0029031348981134095 0.9999631097680183 0.6641079293610823
0.9999483622749369 -0.004587235509102858 0.009068078851418217 62.01032974688989 0.0045669495017938225 0.9999870254568133 0.0022565217221689506 0.26246827392436556 -0.009078312393808534 -0.0022149917423279508 0.999956338074649 0.6792711243481078
0.9999564362949518 -0.004120085723199351 0.00837558391596674 63.399397968167044 0.004134861685936996 0.9999899243192523 -0.0017476209011814657 0.27059667269196264 -0.008368299178332607 0.0017821766493714716 0.9999633970377377 0.6643440746680608
0.9999611342433947 -0.0037798690327609003 0.007965085860090093 64.82877816850066 0.003800411276691932 0.9999894875362746 -0.002565480669811058 0.2805025787334727 -0.007955304946475953 0.0025956515625862753 0.9999649872451406 0.6753198613884365
0.999960292420239 -0.002995301003971233 0.008392958639571114 66.27185432944849 0.003020532184584202 0.9999909526285479 -0.0029951705078827755 0.2880848818811866 -0.008383911268127393 0.0030204027786056445 0.9999602928111211 0.6863579590794907
0.9999665490752955 -0.002474924617386319 0.007795862914588779 67.62576538247792 0.002482255340776638 0.9999964860040366 -0.0009307996572583316 0.29964168420862425 -0.0077935318609723605 0.0009501198435047821 0.999969178591728 0.7025358360716288
0.9999557979429479 -0.0018174862997223156 0.009224906711323587 69.09827070119786 0.0018031959450271143 0.9999971618230769 0.0015571866217283705 0.3180888520527895 -0.009227710694757342 -0.001540483476501364 0.9999562371754038 0.706965044729245
0.9999429623162063 -0.0009609943815126322 0.010637133264604883 70.46239171825007 0.0009044098153449819 0.9999854234088081 0.005323064229616411 0.3363279667722752 -0.010642093646278925 -0.005313140286630427 0.9999292556891806 0.7146140044167489
0.9999330821233534 -0.0004602806261381092 0.011559386533726316 71.95321969125126 0.0003533425860369145 0.9999571412950566 0.009251525389622928 0.35526967591287023 -0.01156314941128861 -0.009246821873657286 0.9998903889231705 0.7301184695182987
0.999942435629464 -8.718780506391396e-05 0.010729297539996815 73.30082238841773 -5.2626472067174787e-05 0.9999151032270589 0.013030102412287322 0.3627505346407802 -0.010729522723288828 -0.013029916987721228 0.9998575391551656 0.7284045095764256
0.9999434144444873 0.0007660425544054815 0.010610423549742646 74.67770292319251 -0.0009569529603956631 0.999837540657841 0.0179993481079655 0.3797074482398339 -0.010594911520710466 -0.018008483281080925 0.9997816973618707 0.755079880800521
0.9999443211391271 0.0014125147725502815 0.010457505612122931 76.15003956921763 -0.00162596752413958 0.999789939976785 0.02043115637518437 0.3928893427751523 -0.010426449598051042 -0.020447022356179904 0.9997365695149625 0.7630151352129779
0.9999365157605562 0.0017977029252591024 0.011123520703062101 77.52807577268955 -0.0020132450540535436 0.9998098453435569 0.01939639137688815 0.39717902160363555 -0.011086536564286669 -0.019417554384772738 0.9997499923924597 0.7594385064267917
0.9999349932261614 0.001829825773801727 0.011254379566823059 78.89679745589584 -0.0020305085631776004 0.9998386851521123 0.0178460278008899 0.3969843972575413 -0.011219908946665115 -0.017867719802280416 0.9997774043417343 0.7696199711251297
0.9999444958241667 0.0017656469355978978 0.010386903381282389 80.28878066890569 -0.0019401242602668323 0.9998567894648465 0.016811795826277724 0.39947075228456985 -0.010355732171508002 -0.01683101458464518 0.9998047188122506 0.7672762746311491
0.9999426557027258 0.0015106601749117726 0.010602038106697236 81.65237309549983 -0.001686079750735896 0.9998615109833747 0.01655644856594745 0.40239316767171857 -0.010575558673379063 -0.01657337502980731 0.999806721721187 0.7756166461368109
0.9999407317409365 0.0009689026951764006 0.010844087465898027 83.11822403383258 -0.0011401427103674897 0.9998745842708849 0.01579606924918261 0.40845936089780455 -0.010827422592693179 -0.015807496850932995 0.9998164281323382 0.7819332422062487
0.9999473813484712 0.0007726500990212471 0.010229249540394888 84.44633820012946 -0.0009400486325260445 0.999865560460592 0.016370012626591365 0.41547438889700683 -0.010215226032921272 -0.01637876725064366 0.9998136752117595 0.7967777376332077
0.9999412887008933 8.452908179367016e-05 0.010835682075028826 85.86687229864975 -0.0002634134980817065 0.9998636913163818 0.016508464510920293 0.4146626040110837 -0.010832809632122142 -0.01651034954244208 0.999805010286236 0.7955322476160563
0.9999305525500245 -0.0012367147963056424 0.011720094432866007 87.2089934654633 0.0010303676083546587 0.9998446477419397 0.01759598603057572 0.42714616970067504 -0.01174003490601078 -0.01758268802854561 0.9997764853516492 0.8154054374063672
0.9999151135264197 -0.0022069975301716423 0.012841141045439831 88.57330749084466 0.0020371299761209765 0.9999104514120555 0.013226460539381306 0.4259239305005813 -0.012869181905134943 -0.013199178718436906 0.999830068480765 0.811907341245324
0.9999042623915364 -0.003452745707296555 0.013399425298054274 89.97252969355019 0.0032913888336267407 0.9999220332991803 0.01204550050345369 0.43225786233840974 -0.013439970639226445 -0.012000244577239713 0.9998376674837286 0.8280767309865864
0.9998967283094278 -0.00429108031242151 0.013715660605845567 91.34347265296049 0.00414703062690698 0.9999361289048058 0.010513812241580604 0.4436044019547212 -0.013759900184299702 -0.010455847197815353 0.9998506590517877 0.8353382374003107
0.9999000950577188 -0.005217045704785047 0.01313705970448339 92.7643871481764 0.005122511346876558 0.9999608192888735 0.007219401957644621 0.455243646377755 -0.013174208935116304 -0.0071513859663079275 0.9998876426367589 0.8148361924342434
0.9999054748091519 -0.005085699588019 0.012774079473094627 94.11687119938873 0.004990392993362793 0.9999595587791563 0.007481763426274891 0.4635725379452397 -0.012811612874900244 -0.007417308534459951 0.9998904170506128 0.8462932087406435
0.9999058557942788 -0.0051073022676345415 0.012735580546560307 95.42380725568005 0.005000861711342867 0.9999524190768262 0.008375617263666714 0.4858446414114199 -0.01277775138492431 -0.008311139870704984 0.9998838202629318 0.8416471206325651
0.9999158133205488 -0.004778591475794647 0.012063636889968617 96.7830081839685 0.004687710326091892 0.999960506518617 0.007550547988691191 0.48672323779510285 -0.01209924143920603 -0.0074933614979086575 0.9998987238165962 0.8461424068999855
0.9999239786607136 -0.004463980583447628 0.011493901716972423 98.14092951106905 0.0043746325406138304 0.9999601121287869 0.007786959709569055 0.48926852582471964 -0.011528204086648607 -0.00773608613799328 0.9999036220965509 0.8445753090137635
0.9999163492074441 -0.004657153856211279 0.012066710637795923 99.46223013390755 0.004546228588042459 0.9999473091028914 0.009203848299040647 0.5325180125065242 -0.01210893856958513 -0.009148220364970684 0.9998848352039709 0.8494173489316892
0.9999001051929335 -0.004641906471618482 0.013350368514365213 100.74649194467301 0.004532057478515308 0.9999557253902175 0.008246678988258786 0.5386639637673845 -0.013388057744573746 -0.00818535055038585 0.9998768723928938 0.8458148998245083
0.9998777374964902 -0.0043363234133564875 0.015023526821440923 102.17102593470237 0.004170288325594556 0.9999300800490961 0.011065428518126506 0.5468321600384896 -0.015070459653945137 -0.011001423192620758 0.9998259098130812 0.8558091979698673
0.9998932823939882 -0.004255457617767007 0.013975510861483836 103.49523458570411 0.004084996793703482 0.9999171952901469 0.012203088309179457 0.5685345081866232 -0.014026283348467483 -0.012144696107749622 0.9998278700515798 0.879149692795654
0.9999221274686726 -0.004256778267699204 0.011731105544801996 104.83603981241616 0.004137521341542692 0.999939709332627 0.010171460904386182 0.5842730777445778 -0.011773695922348221 -0.010122131127426753 0.9998794540072155 0.8676458177117407
0.9999379960742965 -0.0037136214175424696 0.010498239037459946 106.15693642244855 0.003607682684556368 0.999942565561149 0.010092086237983971 0.5776849194566135 -0.010535114264592967 -0.010053586173824899 0.9998939627642911 0.8654220492669547
0.9999215106467602 -0.003901024143143714 0.011906072254768906 107.52190058537523 0.0038071534638662143 0.9999615725119484 0.007896776680005019 0.598702184224614 -0.011936420250801308 -0.00785082862288494 0.9998979379724364 0.8834216357377656
0.9999065426540107 -0.0031945434631288103 0.013292887186957173 108.89373419832606 0.0031203004491467943 0.9999794395247165 0.005602165022647196 0.5990397584065628 -0.013310510238531185 -0.005560163657312465 0.9998959520356574 0.8719519503901703
0.9998872805092909 -0.0023197752820944897 0.014833911095028445 110.2104272472928 0.0022840134090244433 0.999994445718771 0.0024273059871611903 0.6147073145228873 -0.014839459507745595 -0.0023931515306172004 0.9998870252519879 0.8823200493587702
0.9999085838279024 -0.0015233392657449196 0.01343515629830615 111.49250066627961 0.0014869771557427113 0.9999952059368751 0.0027160637336078246 0.6181215659068423 -0.013439229375852435 -0.0026958376709587113 0.9999060553737211 0.8862567658735049
0.999932050979863 -0.001092534076676197 0.011606023974464625 112.7463175326206 0.0010574006841289544 0.9999948417767663 0.0030328738274544836 0.6370575951975646 -0.011609277626008864 -0.003020395528959093 0.9999280483534057 0.8838168229549722
0.999954684816593 -0.0003551377911408309 0.009513263924525311 114.18494284349175 0.0002698995594087363 0.9999598244662365 0.008959721406453592 0.6538093871765321 -0.009516063659738835 -0.008956747769293014 0.9999146069549245 0.9159883654124028
0.9999534976650575 0.0015743323922335843 0.00951440933199394 115.4815395792234 -0.0016868049790403042 0.9999286612684168 0.011824849382318531 0.647763781509683 -0.009495114342684565 -0.011840348452245741 0.9998848178426097 0.896571812216802
0.9999282415865826 0.003149776694137443 0.011558139311413328 116.85781786660009 -0.003274913299598232 0.9999360580876934 0.010823801500640927 0.6540195756284464 -0.01152330770417436 -0.010860876705967653 0.9998746195082325 0.8927563214126485
0.9998948485527719 0.004007639263683428 0.01393666621403617 118.15306695819048 -0.004152087793045388 0.9999378045015487 0.010351197784864052 0.6608465006046701 -0.013894315549465464 -0.010407975603099476 0.9998492996643329 0.9010352442075962
0.9998736990325702 0.004821351878939524 0.015143993825430269 119.44098849212888 -0.004967556836571677 0.9999412762412484 0.009631585959682087 0.6574230494099843 -0.01509666724812645 -0.009705598131118012 0.9998389330301739 0.901342803578134
0.9998768312742609 0.005978220544382965 0.014511483730680647 120.75892605977563 -0.00614505744203741 0.9999152243017448 0.011479654987207533 0.6533662036001211 -0.014441625600227707 -0.011567414953825059 0.9998288025263669 0.9025105423479507
0.9998802668061203 0.0074079646296080276 0.013585805525181705 122.15115627072643 -0.007596743001792046 0.999874577695677 0.0138967036975157 0.6459580621278215 -0.01348115527268731 -0.013998247673844727 0.9998111359224678 0.9093196743057005
0.9998732109036893 0.008373559552608318 0.013544209743107908 123.53992706607683 -0.008566633418454537 0.9998616166613138 0.014260445971204074 0.6521554543991583 -0.013422924756557163 -0.014374666181958264 0.9998065783255965 0.9034643969650481
0.9998744600997604 0.009354584463576256 0.01278889321741315 124.84316129020125 -0.009548274856351138 0.9998393533181419 0.015168981627906048 0.6600846560579763 -0.012644939204288448 -0.015289189183014132 0.9998031537290958 0.9061332504726821
0.9998657727762104 0.010727973565276543 0.012383336134274878 126.15473301714432 -0.010914524172533314 0.9998264666763048 0.015096678298989818 0.6396602739467951 -0.012219230447082015 -0.015229810135347448 0.999809353472212 0.901542136946284
0.9998631037005018 0.011339455442600534 0.012049506573509011 127.47755458276642 -0.011539524766562096 0.9997945172092391 0.016666215122419316 0.646975929519345 -0.011858044803493522 -0.016802979158772276 0.9997885009664935 0.923265124936391
0.9998368408347884 0.012526829822969552 0.013014232366764732 128.88779132747857 -0.012727930928969273 0.999799067953303 0.015486235629550035 0.6399257624338117 -0.012817623952089307 -0.015649353158930186 0.9997953821967422 0.9108788743167646
0.9998086864517874 0.013484404365248354 0.01416902729426996 130.26842968304575 -0.013687866699820615 0.9998031659475318 0.014362160927241779 0.6195241910909646 -0.013972573161706399 -0.014553357008144877 0.9997964627858184 0.9108010010057845
0.9997995444703962 0.013917218187267322 0.014393815154996195 131.53908002287946 -0.014123490556397628 0.999797573466721 0.014329658215036178 0.6004018797624971 -0.014191472484966087 -0.014530076668221762 0.9997937182142744 0.9096047335752215
0.9997863087218681 0.013781034100251645 0.015408438967947854 132.84291265062322 -0.013964562781631629 0.9998320631760748 0.011867452607509814 0.5880731861371827 -0.01524230555457872 -0.012080088749728794 0.9998108539004662 0.9198982148225983
0.9997713587267355 0.013531875258105024 0.01655652806889817 134.16393649374876 -0.013684008301330031 0.9998648671579421 0.009110177827015144 0.5814593489101956 -0.016431012948271283 -0.009334654531893116 0.9998214270749872 0.8917418807350191
0.9997872595237769 0.013227689635445891 0.015826051966438593 135.46169059165226 -0.013385279395100242 0.9998614671350409 0.009893474317883228 0.5512686952147883 -0.015692991730425477 -0.010103205702737495 0.9998258124518875 0.9191756214745553
0.9998032964416421 0.011854567780113668 0.01590086938417577 136.7678861791515 -0.01196573524874271 0.9999045011784425 0.006914456091925265 0.5514345955960558 -0.015817382981483493 -0.007103361587083759 0.9998496650245877 0.9207413511885151
0.9997921022230737 0.010853748775819254 0.01726118390720428 138.11101509368447 -0.010908697229552358 0.9999357166649663 0.0030923878272665095 0.5383447172961413 -0.017226510300141544 -0.0032800419557791403 0.9998462325116034 0.8885648080885297
0.9997964079885795 0.00973020866473003 0.017676696876814658 139.36355657044024 -0.009798760730148936 0.9999447871846803 0.0037956383307368477 0.5266876429822973 -0.01763878854364062 -0.003968075292289745 0.999836550400708 0.9096928395441136
0.9998066138717778 0.008590828272584315 0.017689899034216524 140.61794551160415 -0.00864830555615792 0.9999575614792328 0.0031752246398821255 0.5132916999421745 -0.017661870491460886 -0.003327598247588271 0.9998384796659137 0.9017334632634824
0.9998198056422051 0.007654668430673593 0.017371306709618825 141.9545055359039 -0.00768691574955472 0.9999688525133635 0.001790343365455811 0.5067937543950202 -0.01735706115223561 -0.0019235525268193549 0.9998475045594873 0.9048092483352254
0.9998435865363938 0.0062703197226873795 0.01653739860485618 143.34572487698398 -0.0063355836181068406 0.9999723364695918 0.0038970085659772087 0.5109911994020466 -0.016512505632356275 -0.004001173093056731 0.9998556534678497 0.8971868579364247
0.9998750623232278 0.005322263567172421 0.014883993235788045 144.67732819696607 -0.005323765967542076 0.9999858267774147 6.13205763888376e-05 0.5018173867981841 -0.014883455917369327 -0.00014055181178830012 0.9998892253570613 0.8944946653616523
0.9998970136710978 0.004634040588854002 0.013582625646067036 146.11788261949627 -0.004600059337847976 0.9999862141383155 -0.0025319927739687826 0.4981423826936574 -0.013594171755153822 0.0024692511293925006 0.9999045460908512 0.9035466459166502
0.9998587138614758 0.003152527781042996 0.01651102310170881 147.45746072772832 -0.0029439562951744306 0.9999157609651964 -0.012641364432857361 0.5085407345553927 -0.016549484481623973 0.012590970652890918 0.9997837676324869 0.8880807045682806
0.9998258501165452 0.002235442181783901 0.018527607427278638 148.83376694926935 -0.001812449514336223 0.9997380421871159 -0.02281582851071281 0.47658565943156694 -0.01857375744122421 0.022778274783753365 0.9995679895496805 0.8688605225113482
0.9998754539923397 0.0012795713987080464 0.015730200273616716 150.13589340272887 -0.0009355876928034597 0.999760698605005 -0.021855667468675483 0.4540246719332061 -0.01575440190174028 0.02183822845076618 0.9996373795526308 0.8940112629816442
0.9999242824593798 0.001425533362734228 0.012222814844629646 151.55634834613375 -0.001144424982492101 0.9997353873644573 -0.022974889394683243 0.46690523805403467 -0.012252332004717108 0.022959161697897686 0.9996613212756488 0.8727942986564191
0.9999429337624124 0.002158089531011013 0.01046288049228889 152.87661081231397 -0.001941927934626994 0.9997853718303247 -0.020626177299638365 0.48149448603856804 -0.010505148000694426 0.020604682081399418 0.9997325086951049 0.8739371656211594
0.9999434818952083 0.002863497622312644 0.010238818127795916 154.2597465303796 -0.002681386600442028 0.9998387536461727 -0.01775603765391143 0.49323659324836666 -0.010288011527308977 0.017727579886582388 0.9997899227988741 0.8942373238265826
0.9999019525477896 0.0036027329567216147 0.013531652018902779 155.5594939381489 -0.0032791683531120663 0.999709973961897 -0.023858227428193688 0.48561367207453016 -0.013613682309723258 0.023811515624714383 0.9996237689138969 0.8756437739090243
0.9998527646734089 0.004086019188557248 0.01666593598126403 156.90402825983162 -0.003562237867088642 0.9995025040128738 -0.03133775571692327 0.47622169630485406 -0.01678569141617732 0.03127377366398272 0.9993698973075459 0.8684535475801908
0.9998235448864167 0.0042561961446511715 0.018296553914267794 158.18085993069818 -0.003629796481791846 0.9994106786598159 -0.03413385355079012 0.45641693299698755 -0.018431051740479248 0.03406141769075786 0.9992497766607884 0.8741124808187729
0.9998249732159479 0.004091526453751982 0.018256022157291718 159.57738700844988 -0.0034583122621163567 0.9993958464182693 -0.034582976132901025 0.4584507261045016 -0.018386489877814473 0.034513788160521496 0.9992350751533813 0.8807213990909426
0.9998059619359161 0.005364532365124089 0.018954162337094224 160.96890685250486 -0.00473077489696682 0.9994333919941983 -0.03332438650365934 0.44541014868987505 -0.01912219250691755 0.033228252428838034 0.999264842268682 0.8595310060640954
0.9998039577704355 0.006629239604721639 0.018657416992615264 162.34192085365942 -0.00608742118592411 0.9995623582195796 -0.028948839939068268 0.4482150275368399 -0.018841160523659393 0.02882958918846784 0.999406756759902 0.8642910039175768
0.9998372032571321 0.007206672497240273 0.016541791150716714 163.65047606901 -0.006792041818689348 0.9996647173041379 -0.024986419214672106 0.46084908464765223 -0.016716313914544204 0.024869998969756328 0.9995509231651756 0.8615595703895322
0.9998441118659839 0.007840905165368487 0.01581999282900562 164.98781371095137 -0.0074977899763999266 0.9997378710212228 -0.021632669539904673 0.4643765826936295 -0.015985465660777236 0.02151068227975627 0.9996408132101587 0.857557503249972
0.9998190927729944 0.0082662053306792 0.017130428366428415 166.30606210044022 -0.00796903307110394 0.9998178256456494 -0.0173438759542805 0.4510074824655292 -0.017270675681568922 0.01720422537160184 0.9997028250389539 0.8622630882728686
0.9998142887581288 0.008001714460140875 0.017531701593834527 167.6384157706879 -0.007632334532468652 0.9997495896325083 -0.02103581467915199 0.4485657677787436 -0.01769563405649468 0.020898100280396598 0.9996249966562506 0.8301483725831404
0.9998591193298241 0.007428312365755252 0.015051965598727238 169.0387740039577 -0.0071593895987771055 0.999815184411484 -0.017842089586228134 0.4463154405311835 -0.01518172037555108 0.017731813094741207 0.99972751196054 0.8371480676100996
0.9999009471617838 0.00669409066679748 0.012380832569433021 170.4579439529195 -0.00654734086619189 0.9999082822561899 -0.011855775093084584 0.45702651910874575 -0.012459060660801527 0.011773539213873033 0.9998530669962612 0.8445710315048319
0.9999173309847814 0.006365419073153808 0.01117195758558797 171.83202060882118 -0.006294430358981203 0.9999598505360591 -0.006377888550178112 0.45471894641602784 -0.011212106970903489 0.00630704018741652 0.9999172515270188 0.8444187372589623
0.9999166363392633 0.0065789073712851295 0.011110281264373386 173.20456416220563 -0.006602604346012804 0.99997600265003 0.0020975557006224013 0.4589197903157391 -0.011096215022405112 -0.0021707376320621746 0.9999360789122019 0.8664320811037172
0.9998688935321773 0.007343818552561172 0.014431357379212455 174.6041391206407 -0.007370065637970795 0.9999712805469738 0.0017664126747272528 0.46606610538659676 -0.014417970704349956 -0.001872541137730562 0.9998943022692228 0.8596157727438766
0.9998399574511997 0.007426119989370575 0.016276124412366037 176.04233068640235 -0.007469004637084418 0.9999687895965701 0.002575616916743336 0.4625470434171323 -0.01625648958768646 -0.0026967711571569716 0.9998642177673984 0.8576617390994326
0.9998104985071087 0.006523901563806987 0.018341368088352922 177.33889813934917 -0.006477451285935171 0.9999756648674287 -0.002590810255935487 0.4600337730961309 -0.018357823939809177 0.002471513975214477 0.9998284262406552 0.824812247267522
0.9998252086473753 0.005036701707154632 0.01800510453026246 178.5983840503746 -0.004926847616697854 0.9999690101350752 -0.0061404350041112145 0.4511489142866979 -0.01803547409397299 0.006050653302827822 0.9998190392610129 0.7998523158607803
0.9998859368040118 0.002817795131443461 0.014838241545435346 179.93294200670474 -0.002748332195463998 0.9999851798329891 -0.004699657916022836 0.45151267833906317 -0.014851264313412717 0.0046583414410574925 0.9998788625645166 0.8349016005147184
0.9999466100292301 0.0013361846184201198 0.01024654584317995 181.2350625792798 -0.0013369470678459973 0.9999991040036219 6.756101892069064e-05 0.4529238736692445 -0.010246446388317699 -8.12565012604543e-05 0.9999475004887968 0.8582230599410291
0.9999556708729703 0.0008168321479724202 0.009380249156061454 182.718057543268 -0.0008055224513250015 0.9999989442331514 -0.001209407360235769 0.48472208730917143 -0.009381227135517199 0.0012017977469690366 0.9999552731295571 0.811245947286358
0.9999438266313644 0.0006134139046472643 0.010581460447657698 184.20543115732582 -0.0006871940878559048 0.999975470596188 0.006970363707735345 0.4921477606622709 -0.01057692517272268 -0.00697724367598578 0.9999197201398604 0.8340068551208178
0.9999021778711331 0.00044300165499099313 0.013979929831670512 185.64248266872997 -0.0005589965361301168 0.9999654444049763 0.00829442697423461 0.49995222899520897 -0.013975772302000002 -0.008301430328081507 0.9998678732928019 0.8308046383658012
0.9998630713722141 0.0008673245461501492 0.016525321608198543 187.00718765632774 -0.000991600630414826 0.9999712806053457 0.00751363378763993 0.510458825332996 -0.016518330251950684 -0.007528991475400201 0.9998352159496338 0.8206714607833789
0.9998489562641167 0.0010944330120543494 0.017345514519278467 188.3589193074276 -0.0012351776156223156 0.9999663866841857 0.008105543660445025 0.5162956797718596 -0.01733606050445833 -0.008125744160114851 0.9998166998445416 0.8192255172971629
0.9998363287670335 0.0011090430970298955 0.01805784320092802 189.73725673288808 -0.0012271505545599823 0.9999779215189971 0.006530740850971333 0.5058702262101038 -0.018050201638120704 -0.006551831648862246 0.9998156148624946 0.8169420623765935
0.9998289432333352 0.0011116540067598487 0.018462082717870865 191.0660196204898 -0.0011540341489070763 0.9999967234203383 0.0022850281771930776 0.5069249411104118 -0.018459482064657383 -0.002305943181577719 0.9998269501008402 0.8048466502085582
0.9998276763437939 0.001588016616267076 0.018495832508870207 192.60272582192667 -0.0015877023797359272 0.9999987390981676 -3.167377715222756e-05 0.5166405147414632 -0.018495859485925525 2.302441721612476e-06 0.9998289369570055 0.7935712982811888
0.9998072472072859 0.0022049691892354365 0.019509139977554626 194.08713737159533 -0.0021672267954387574 0.9999957395031303 -0.0019555315402682506 0.5052971758630396 -0.019513368745719687 0.0019128738751873014 0.9998077661999487 0.7813106543441625
0.9997603152990269 0.0023334027909644945 0.0217684906368228 195.5561421148241 -0.002133746775756173 0.9999554898133814 -0.009190512323997252 0.5088127459192636 -0.021788966884349354 0.009141861052089686 0.9997207946715008 0.7640610126692378
0.9997559084002774 0.00270564516075432 0.02192722287477696 196.88082905792535 -0.002421325625197864 0.9999127895127239 -0.01298270199535194 0.5017250605003042 -0.021960437175812673 0.01292644008021705 0.999675270448309 0.754840241808308
0.9998278429118324 0.0029882934504662393 0.018312690695968973 198.25427222513255 -0.0027708629641722596 0.9999255067356446 -0.011887106371951294 0.5054750451762666 -0.0183468486859762 0.011834317965907757 0.9997616426236684 0.7581910772695862
0.9999075178381803 0.0032864136384205813 0.013196789612868314 199.7400003250347 -0.0032734824538857453 0.9999941407835173 -0.0010013547118312262 0.5141915425466502 -0.013200003155802957 0.0009580626451373818 0.9999124171809523 0.7738192156139131
0.999912010813023 0.004492699062088977 0.012481437697419977 201.14922327847603 -0.004618239557120289 0.9999388566517209 0.010047627652446236 0.5317601770096123 -0.012435533573197455 -0.010104385839162006 0.9998716212052241 0.7535476283692928
0.9998380301967026 0.005631153425633753 0.01709396043854271 202.56775885111156 -0.005929773366802764 0.9998298179339464 0.01746920026760564 0.5537491775817351 -0.016992679606108237 -0.017567734096016186 0.9997012671586126 0.7623268296156466
0.9997981517428419 0.006390496336368998 0.01904776438777607 204.07811291720472 -0.006719218608589162 0.9998287328535967 0.01724404423738963 0.5522371846074927 -0.01893430413000079 -0.017368549650040317 0.9996698583083151 0.7280108574485249
0.9997913501416732 0.005972290475917599 0.019534275731685185 205.49542575396347 -0.006262213204526187 0.9998706507112459 0.014814402858384257 0.5424504140219122 -0.019443273069915435 -0.014933639634754471 0.9996994275979095 0.7209992745108642
0.9997988680212776 0.004577345700889123 0.019526172428470403 206.90578889594056 -0.0047950124682731915 0.9999267271684624 0.011115221527097792 0.5340987015035418 -0.019473863479055987 -0.01120661414085028 0.9997475583569571 0.716262353184107
0.9998091385155538 0.003489480197739135 0.01922264468630155 208.37565171871103 -0.0036313621158868673 0.9999663872629385 0.0073510239756342435 0.532848876895739 -0.019196347308004 -0.0074194253319670445 0.9997882037600634 0.6968231528036309
0.9998187015390635 0.0030883908765942034 0.018788983328919984 209.88255001377712 -0.003258062858791851 0.9999541329510003 0.009006498799267819 0.5354139083766098 -0.01876030594497927 -0.009066081623635498 0.9997829049772976 0.6916453288354526
0.9998178644833952 0.002883323136739677 0.01886595631163518 211.41810383787717 -0.003053700755713555 0.9999547608976858 0.009008388854094444 0.5384950317046119 -0.018839128736699583 -0.009064359091582824 0.9997814384267698 0.6740345346369521
0.9997976059333954 0.0026953120195428956 0.01993696223019455 212.75506258414063 -0.0029051277014376705 0.9999406272148033 0.010502489148007305 0.544715933775127 -0.01990747103198284 -0.010558282927776625 0.9997460753905103 0.6646301896699279
0.9997900230430479 0.0026239755030231207 0.020323006080333463 214.15116373787356 -0.002836673444714594 0.9999414350726249 0.010444123164134369 0.5416217689076048 -0.02029441074162508 -0.010499579870599185 0.999738913774587 0.6725678170894601
0.9998061615033758 0.002123204814929631 0.019573743157596957 215.6814914680033 -0.002323944785993765 0.9999448842860628 0.010238538507235266 0.5478452312221767 -0.019550925822512 -0.010282042182676874 0.9997559906837449 0.6557465576237874
0.9998251082712716 0.0017330837566911282 0.01862120541298165 217.1389138266472 -0.001915787117741296 0.9999501610732328 0.0097982207229455 0.5567035361709525 -0.01860329621490934 -0.009832181360631805 0.9997785982804553 0.6331250079201236
0.9998182774509305 0.0012834446731241804 0.019020116845721368 218.60793534089578 -0.0014783782995772643 0.9999464943841715 0.010238298999799212 0.5506182869178157 -0.019005958872343263 -0.010264557398006973 0.9997666789750325 0.6339355052724799
0.9998131800847562 0.000936797012278696 0.019306147729800535 220.08834531394322 -0.0011390578223487234 0.9999445584927138 0.010468165459576545 0.5619398893372853 -0.019295270821743933 -0.010488200616383676 0.9997588160010124 0.6342649556126546
0.9998217840566821 0.000979785933097315 0.018853120305100307 221.55941134640312 -0.001148279272742164 0.9999594816494636 0.008928410499529634 0.5614677443260943 -0.018843608476750717 -0.008948467961702993 0.9997823979950404 0.6167258952488601
0.9998230804558648 0.0006736964547706942 0.018797710521025326 223.00838772493142 -0.0008867580780760851 0.9999354382722394 0.01132841327880765 0.5652795213332809 -0.018788864996492034 -0.011343078082748441 0.999759127556109 0.6111414546184116
0.9998300074651325 0.00019212396029506804 0.018436899431760807 224.32895843430606 -0.0003699149172746213 0.9999534629250146 0.009640287714866195 0.5710076046690037 -0.01843418930213529 -0.009645469022048795 0.9997835493706214 0.5920919308084686
