1.0 8.809142651444726e-20 8.673617379884037e-19 -5.551115123125783e-17 -8.809142651444726e-20 1.0 1.7347234759768075e-18 0.0 -8.673617379884037e-19 -1.7347234759768075e-18 1.0 -5.204170427930421e-18
0.9999993011580781 -0.0003480319849955573 0.0011298482609536818 1.3160940844717768 0.0003481171165631284 0.9999999365833229 -7.515200288644408e-05 -0.058402083065748844 -0.0011298220340017183 7.554526988583102e-05 0.9999993588973364 0.018140396604628333
0.9999976844684006 0.0012037922336848642 0.001783799903291163 2.5652097675998258 -0.0012028053760217308 0.9999991230587825 -0.0005542029350592417 -0.11574037075546209 -0.001784465484192614 0.0005520560876714074 0.9999982554569841 0.031373844761168695
0.9999981331375649 0.00029904491160375 0.0019090032806951646 3.9010749105908404 -0.00029811383149731775 0.9999998364935545 -0.0004879969341047312 -0.11712050708773238 -0.001909148901560846 0.00048742692279923753 0.9999980587808491 0.04751045509032144
0.9999978715011919 0.0006386372307646675 0.0019619213982609547 5.225250474146194 -0.0006369399533684589 0.9999994225108033 -0.0008656128209539917 -0.10424887149201478 -0.0019624730778474305 0.0008643613523742133 0.9999977007867924 0.04484619599532771
0.9999976309403059 0.00014025718077100314 0.0021721974355309 6.561110756889158 -0.00013766347281322976 0.9999992775252577 -0.00119415146894954 -0.11267542610802198 -0.0021723633544915655 0.001193849607690815 0.9999969277755658 0.04454631528587809
0.999995680226049 0.00031553854794975304 0.002922321793752876 7.901439617845838 -0.000308668151873827 0.9999971883844413 -0.002351158689698445 -0.10068411087891552 -0.0029230554585064003 0.0023502465055571242 0.9999929660193364 0.060199532125115265
0.9999954723864429 0.0004762586828899766 0.0029712597129785 9.21508968882502 -0.0004685883829244068 0.9999965577225458 -0.0025816599284985142 -0.08910240871656044 -0.002972479023035396 0.0025802559419558693 0.9999922532938601 0.05919404356680728
0.9999956374285348 -0.00019003664642303438 0.002947712667729817 10.548026471280705 0.0001982311674127875 0.999996116377598 -0.002779916208389069 -0.10168264681464834 -0.002947172933973287 0.0027804884093292634 0.9999917914942617 0.0555720710089962
0.9999972761057765 9.824683135110065e-05 0.0023319795427152925 11.869928225679825 -9.40204064770773e-05 0.9999983531511815 -0.0018124169190035287 -0.05068106999619783 -0.002332153766516917 0.00181219272850705 0.9999956384986507 0.05513715160870327
0.9999975978749764 -0.00011832760032907113 0.0021886623439940677 13.209808609706409 0.00011973571375992649 0.9999997859481133 -0.0006432472979719877 -0.07571220273381299 -0.0021885857615975765 0.0006435078138594945 0.9999973979916436 0.0698978156777778
0.9999977562646198 -8.898633784192876e-06 0.002118345236347968 14.543826730200715 9.011960181289105e-06 0.9999999985289058 -5.348806596246556e-05 -0.06437584779755118 -0.0021183447572609712 5.350703639231972e-05 0.9999977548737229 0.0651458167022321
0.9999967228153135 0.0006437065472345025 0.002477902442383539 15.888570253988776 -0.000643252792107866 0.9999997762008536 -0.0001839132631154201 -0.040365247721001175 -0.0024780202740026774 0.00018231874273305648 0.9999969130829344 0.07972687641473092
0.9999874098517603 0.0006592730315941645 0.004974484600197314 17.23599771735882 -0.0006538230283554465 0.9999991844012355 -0.001097138237211779 -0.04427931213868736 -0.004975203856665544 0.0010938719914929246 0.9999870253111542 0.08889497775529767
0.999976745376677 0.0008026876174356774 0.006772325926680231 18.586630142257803 -0.0007601026493391909 0.9999799394467076 -0.00628831838582711 -0.05569366851093522 -0.006777237625377862 0.006283024490472655 0.9999572954148698 0.11567820615449444
0.9999813036267188 0.0006316612595429851 0.00608222007668034 19.935076458013782 -0.0005865606992069652 0.999972343310664 -0.007414078521669671 -0.062068302935607264 -0.006086735048786557 0.007410372314029186 0.9999540179621328 0.12833842059130776
0.9999904601521038 0.0005571608701558983 0.004332340770122382 21.299205615478208 -0.0005222648288135354 0.9999674478213583 -0.008051741245698102 -0.06115457737629817 -0.00433668585815042 0.008049401804100648 0.9999581992695313 0.11598359950233077
0.9999947346899312 0.0010736417233041572 0.003062333401851885 22.641631959361746 -0.0010549658377197464 0.9999808768149091 -0.006093689487231435 -0.04648580199324813 -0.003068817279565783 0.00609042674494416 0.9999767442608698 0.15451314399772278
0.9999881703373236 0.0019858585291304236 0.004440219737133395 24.009678609469084 -0.0019680514564630537 0.9999900185438635 -0.004011182632129316 -0.029359540625119536 -0.004448141058516766 0.004002396600271163 0.9999820972710349 0.14184862927822756
0.9999590230836459 0.002850309684977816 0.00859231565413117 25.391838160085598 -0.002814929466923838 0.9999875221776969 -0.004126943300608311 -0.03394276307501896 -0.008603971507202343 0.004102587428673959 0.9999545691933676 0.13592147194168056
0.9999495027562134 0.00247144645289983 0.00974083620805003 26.780432925080575 -0.0024242709375813776 0.9999852908711128 -0.004851901878354216 -0.05343445672712893 -0.009752684144521854 0.00482804244455532 0.9999407858259062 0.15192145120574668
0.9999499910231072 0.0026724013432222753 0.009637101428773782 28.14711686834612 -0.0025765967945178864 0.9999472776752518 -0.009939970765116391 -0.056066211117989824 -0.00966315692960691 0.009914642752698263 0.9999041570356832 0.179728796043544
0.9999714425185641 0.002662081324588164 0.007073009993172966 29.500398825141833 -0.0025962012727888915 0.9999533167943284 -0.009307199953410806 -0.04332229618029826 -0.007097456325572919 0.00928857120567419 0.9999316719449703 0.18111898336385263
0.9999815400572587 0.0030698853055957692 0.005243600759384054 30.89064749311216 -0.003020034107411157 0.9999504211307381 -0.009488660308482591 -0.04904265871887028 -0.005272469886438343 0.009472649295217617 0.9999412332615485 0.20447160136063935
0.9999856811968165 0.0037288080678171006 0.0038384100526505155 32.26822081676765 -0.0036988336252390197 0.9999628416642744 -0.007786778571531214 -0.025639145202049605 -0.0038673028264809574 0.007772469434011216 0.9999623156338171 0.17105585354518266
0.999987872954994 0.004434278841740089 0.0021426885215386753 33.65217416273505 -0.004419443156382187 0.9999665686243968 -0.006879691543728183 -0.03807870817851509 -0.0021731233591639632 0.006870138623276433 0.9999740390280953 0.20392459059077878
0.9999854409304185 0.004751513924052695 0.0025575462118881823 35.048764217657755 -0.004734164493636564 0.9999660291534659 -0.006747460677687996 -0.019798431236676763 -0.002589519983240347 0.0067352545964713345 0.9999739650269786 0.19923183321315735
0.9999843662029216 0.0041725929999139495 0.0037224746336607228 36.44219475542934 -0.004148148195006966 0.9999699411697929 -0.0065505437509530435 -0.024671212801453037 -0.0037496954934286165 0.006534999964648709 0.9999716163767692 0.22718757834096365
0.9999814180674905 0.003983720700829972 0.004614486873815956 37.84456439714075 -0.003956266008487329 0.9999745104642502 -0.005943600007838391 -0.01029512298326182 -0.004638046895076499 0.005925233426698693 0.9999716896641816 0.2083911653159823
0.9999816583160894 0.0034737256226761715 0.00496147777402286 39.24091412896918 -0.0034498380862740007 0.9999824566965798 -0.004815071780503909 -0.021368311498943082 -0.004978116971531819 0.004797867168990278 0.9999760991253973 0.1994022556638032
0.9999761200821309 0.003996525738099695 0.0056380003114971265 40.636465799753736 -0.003983933381679643 0.9999895486821102 -0.002242944796450466 -0.006507113108375498 -0.005646905373571759 0.002220429817466048 0.9999815909061164 0.23487610745016027
0.9999767233332527 0.003850914104980582 0.005632339855460236 42.056807741113985 -0.003861269344547291 0.999990872975116 0.0018288153307777293 -0.0027690692685777064 -0.005625245838201525 -0.0018505207432746933 0.9999824659373976 0.24384205325316657
0.9999772314630843 0.0036107387418561226 0.005700800045885749 43.449600527970766 -0.0036182711805652036 0.999992593967741 0.001311534724171339 0.003205903786288542 -0.0056960222163368514 -0.0013321319029567487 0.99998289023138 0.23563453749830485
0.999977088706218 0.0033454797805901634 0.005884711350113356 44.87512218706754 -0.0033549772541845847 0.9999930843598095 0.0016047928772520135 0.013396021647386064 -0.005879301851444151 -0.0016244991820980159 0.999981397233042 0.2545724977584039
0.9999847097519001 0.002359573864385694 0.005001267198055836 46.27039313339212 -0.002366024793015027 0.9999963761986689 0.001284334928684701 0.0018783607713564444 -0.0049982185913262644 -0.0012961484130720913 0.999986668816242 0.2706651619863455
0.9999846716997348 0.0012535443780803798 0.0053930503489177896 47.71128817811145 -0.0012570039492885794 0.9999990063554107 0.0006381451737251996 0.0026031555014719796 -0.005392245046847568 -0.0006449144776316658 0.9999852537806102 0.2751461998723321
0.9999821468114981 -1.1248216184679365e-05 0.005975444062571903 49.11498162516831 4.189960000288707e-06 0.9999993023488346 0.0011812215238388895 -0.01385246587108601 -0.005975453180431451 -0.001181175398396756 0.9999814492199176 0.2920506907677653
0.999981079057152 -0.0008247222600948959 0.0060960118838417 50.53818852889941 0.0008122789707314973 0.9999975823319764 0.0020434121160035805 -0.0004952728777755883 -0.006097682393167311 -0.002038421790461144 0.9999793313394214 0.30301324467180046
0.9999798675976697 -0.0019189633597522773 0.006048303809414656 51.98502971272031 0.0019088312421896368 0.9999967660899967 0.0016805275473368514 0.008047962484172437 -0.006051509120532857 -0.001668948523006476 0.9999802967299863 0.2951749553004809
0.9999712223733361 -0.002796957182778639 0.007052053296288994 53.3925367181691 0.002778914118032784 0.9999928439027478 0.0025670566061647476 0.02046565980963501 -0.007059182778522991 -0.002547385681901933 0.9999718389858222 0.31550174142668785
0.999962867241976 -0.003830614264766606 0.0077194903692432044 54.851211391985075 0.00381693529746193 0.9999911206396744 0.001785958214298014 0.029427363965912008 -0.0077262631421186525 -0.0017564271014750197 0.9999686094181636 0.32411841877300657
0.9999533281553223 -0.0038279893930251306 0.008870626150458763 56.23217358537162 0.0038481464579151275 0.9999900501970777 -0.0022563855354484244 0.04818920775567616 -0.008861900469580497 0.0022904156943735574 0.9999581094805993 0.32879001616468834
0.9999489167528979 -0.004596824129893035 0.00900183829142512 57.675480522047366 0.004616206173365249 0.9999870692660696 -0.0021335278817026385 0.05292320148580813 -0.008991914438600878 0.0021749732356631706 0.9999572065674376 0.3475633669955469
0.999947345832537 -0.00398419060326818 0.009456838145038993 59.10974515171358 0.004006915403715719 0.9999891274924566 -0.002385272693609945 0.09212266528690932 -0.00944723194444281 0.0024230398494958943 0.999952438212176 0.35787074666808244
0.9999414335454707 -0.004455920955249403 0.009862770780548896 60.53609175817508 0.004480274989509828 0.9999869657267322 -0.002448573597390202 0.056163383279123374 -0.009851731576096283 0.00249261811837131 0.9999483637867851 0.36648526953218846
0.9999367835925809 -0.003597239523601007 0.01065310688644898 61.98105880161944 0.003655417509576687 0.9999784854496517 -0.005446701814074634 0.08657510378934384 -0.010633284598605646 0.005485299046597782 0.9999284198146458 0.3552838254547653
0.9999413230140803 -0.003402618829257527 0.010284586231517028 63.395172144286036 0.0034791703241715878 0.9999663103391915 -0.00743461905407906 0.0820651363736709 -0.010258942572513566 0.007469964640254584 0.9999194736205347 0.3730756606820126
0.9999530957722693 -0.0028271314571055198 0.009263562121507916 64.80111354380787 0.002899930402363124 0.9999649468343736 -0.007854648699325376 0.09906965788622046 -0.009241031279908203 0.007881143968524377 0.9999262427352485 0.37279540337529843
0.9999579879044634 -0.0019146436387563175 0.008964182382882345 66.23962860701512 0.0019882803008428964 0.9999642972780974 -0.008212850331402033 0.11317477792713225 -0.008948137655528569 0.008230328599594331 0.9999260935307371 0.3764573049201197
0.999959358272725 -0.0015963906285874519 0.008873180926886048 67.61778711694318 0.0016527965595840685 0.9999784522786663 -0.006353207213344702 0.10454623000296288 -0.008862847529599234 0.006367614570938339 0.9999404499360665 0.3821631858640233
0.9999478832019691 -0.0007154422559132622 0.010184253643719526 69.07890933420926 0.0007515691189609973 0.9999934377934034 -0.0035439404608608484 0.13908837390924675 -0.010181651327784943 0.0035514099325699012 0.9999418590416796 0.3993786594536309
0.9999381502148199 6.824645396981397e-05 0.011121649490337036 70.43393302463011 -6.491187997699408e-05 0.9999999528368094 -0.000300187985858779 0.14513236173316266 -0.01112166945257012 0.000299447492119477 0.9999381074845518 0.40493784515542014
0.9999262510893367 0.0011515302174750991 0.012089928063592012 71.89095380470106 -0.0011885309036682283 0.9999946310897478 0.0030537167468567437 0.16744433948391646 -0.01208634670674367 -0.003067860791699894 0.9999222512042859 0.4162000990339975
0.9999265288006087 0.0016906295293577602 0.012003281741249426 73.24681008855012 -0.00176807443768992 0.9999776722030409 0.006444300440741191 0.1738227763659749 -0.011992118809790692 -0.006465049665873666 0.9999071918029542 0.41435628993611956
0.9999333407109938 0.002124913207627002 0.011348959353684136 74.65133124823758 -0.002230375210043401 0.9999543772699222 0.009288100190276226 0.1839918627806391 -0.011328705176406797 -0.009312793489723569 0.9998924603758366 0.4104604629383162
0.9999298071528071 0.002909775843529826 0.011485380789966599 76.10348768276238 -0.0030278548713567146 0.9999426076155852 0.010276846297465819 0.19135049384230823 -0.011454818297473116 -0.010310901002538323 0.9998812291758895 0.4109284622368793
0.9999239724126612 0.0032337860873143435 0.0118992445989206 77.46479953917488 -0.003361416771372076 0.9999368717991723 0.010721627384623386 0.18990869744251596 -0.011863821971548097 -0.010760810565522458 0.9998717191141073 0.41497918936924055
0.9999218643839242 0.003030531285354853 0.012127695869604787 78.88000454327239 -0.003159102104702719 0.999938866907068 0.010596344770769536 0.1739280791138797 -0.012094841911707916 -0.010633829448389583 0.999870309825426 0.4309365422876003
0.9999380978145692 0.002890118087629103 0.0107446617639075 80.25471718487013 -0.002994153608940812 0.999948673842935 0.009679086936365402 0.1849646532295352 -0.010716136577483671 -0.009710658947528318 0.9998954282922077 0.41801680054651674
0.9999369634507713 0.0027696687768114505 0.01088108724887253 81.6508281294929 -0.0028733423213964985 0.9999505191995371 0.009523815227121363 0.19327358943477202 -0.010854171030294868 -0.009554479967168945 0.9998954439759199 0.442377165948719
0.9999356238051201 0.0025267527936891 0.011061815664021625 83.03428125034374 -0.0026421817905861724 0.999942086550024 0.01043275713173261 0.21091698492848734 -0.011034814037885038 -0.010461312838444663 0.9998843902236126 0.4332370240803765
0.9999456612533917 0.0024153007572325566 0.010141048405827824 84.39462098321938 -0.0025146354516578993 0.9999488756781981 0.009794010335539451 0.22224258844816577 -0.010116874471025945 -0.009818979181131822 0.9999006133105319 0.43141492586162394
0.9999479743302307 0.0016209698993404475 0.010070803813692311 85.80476545144037 -0.0017197850903055611 0.9999503906396137 0.00981114666731028 0.22820158101067334 -0.01005440063413081 -0.009827955854079888 0.9999011552706691 0.4255223861173104
0.9999399609631071 0.0004943831855837158 0.010946691480341284 87.16297879659272 -0.0005982333504096422 0.9999548311787841 0.009485658599580355 0.23862995078124655 -0.010941507481075084 -0.009491637765693927 0.9998950906102932 0.4416858300240806
0.9999286382375424 -0.00045487707960022454 0.011937818865123078 88.52088191814539 0.00034895169506925173 0.9999605672666918 0.008873677050157309 0.24171588465351473 -0.01194138455659738 -0.008868878086795115 0.9998893670483515 0.4415296598443106
0.9999217475143474 -0.0013481478230678281 0.012437095533156 89.91496683129691 0.0012617985114979418 0.9999750654340922 0.006948120220567894 0.24803061505660187 -0.0124461525127275 -0.006931883404258928 0.9998985159905477 0.4557173388857349
0.9999114060259912 -0.002442245758027244 0.013084935413781534 91.26526825008567 0.0023610726759953227 0.9999778967444488 0.006215412968370049 0.2520228725632514 -0.013099825760066599 -0.006183967836762432 0.9998950710483825 0.45936678299799216
0.9999164390247091 -0.002614984424275793 0.012660048365079933 92.64910328206086 0.002547953349888041 0.9999826667531959 0.005307930566016093 0.25697414733391927 -0.012673709081092338 -0.00527522981751967 0.9999057700846117 0.4724548924490515
0.999914964339557 -0.002983115172317702 0.012695082264058412 94.00701265970777 0.002923461853666903 0.999984611437893 0.004714897474643784 0.2622277875902029 -0.012708951987189071 -0.0046773829514949695 0.9999082981094379 0.47738030326932546
0.999920311488829 -0.0034065554155164393 0.012155906065954687 95.39639567919808 0.0033616850304158115 0.9999874682716694 0.003709767293695776 0.27295162288851904 -0.012168391259306901 -0.0036686073404102893 0.9999192325254787 0.4680907245027967
0.9999267768013479 -0.0028336357081677017 0.011764843574851774 96.75985291306107 0.0027908813613345485 0.9999894481787576 0.0036489056401729806 0.29313312440608486 -0.011775059103643156 -0.0036158041729783567 0.9999241340938263 0.47483403781732525
0.9999345324844982 -0.002769034828030071 0.011102395738285947 98.09046857854274 0.0027125814537729944 0.9999833329908283 0.005096630495834961 0.29172859460222295 -0.011116323441902914 -0.005066180679326845 0.9999253777989933 0.4799386495876417
0.999930669733023 -0.0024619268000408835 0.011514974758939308 99.42073268937276 0.0023828924074788755 0.9999735462421682 0.006872309628989311 0.3173210439687122 -0.011531589267839384 -0.006844394224002599 0.999910084315917 0.47395407168143305
0.9999223636497747 -0.002376565515310491 0.012231868598012898 100.7440950153135 0.002289208767258676 0.9999718124884781 0.007150786790807493 0.3180252135095054 -0.012248518125370231 -0.00712223032898529 0.9998996187812421 0.47793602175938676
0.9999035976320357 -0.0019315612148374088 0.013750073228364515 102.10070606042852 0.0018312463732269128 0.9999716454314338 0.0073044417905432065 0.3548424630301296 -0.01376379232742902 -0.007278557853326892 0.9998787829613863 0.4825974758413978
0.9999167328456859 -0.00226160283231481 0.012704823014818047 103.45827460205534 0.0021647512953594465 0.9999685342702572 0.007631796723097197 0.3324941165074529 -0.01272168334137524 -0.007603658463023122 0.9998901655436658 0.4845254975905982
0.9999430325781804 -0.0017804315364448153 0.010524336648752734 104.7594965746994 0.0017013255680691194 0.9999702721386327 0.00752066023035053 0.3145094566999738 -0.010537413803380859 -0.007502326474699335 0.9999163355040277 0.48891222078306723
0.9999535263726932 -0.00180910952048949 0.009469541570660928 106.09282504794444 0.0017572667745264787 0.999983439879317 0.005480144214474293 0.35824996944476883 -0.009479298934981768 -0.005463249021522362 0.9999401461096709 0.4991988236139845
0.9999456484656282 -0.0012913889810771463 0.010345647836364128 107.44883568709173 0.0012374954627172704 0.999985641287476 0.0052140026711825745 0.3582513876233645 -0.010352232591777843 -0.0052009165898808055 0.999932888621527 0.49655898814468835
0.9999278802229808 -0.0014439956326974068 0.01192263516966557 108.77176507222717 0.0014178988031422234 0.9999965813486461 0.002197010242309683 0.33875072773680076 -0.01192576688352759 -0.0021799467042835285 0.9999265092578586 0.4846391159432161
0.9999096180909182 -0.0004508599070483426 0.013436977882630805 110.11813761703658 0.000444636327251254 0.9999997925004305 0.0004661519412079047 0.36079767597236134 -0.013437185263684563 -0.00046013524101044687 0.9999096110787961 0.5109007042264029
0.9999201814248536 5.18933205582235e-05 0.012634400910657966 111.43859541589288 -6.279819745484042e-05 0.9999996258897653 0.00086271473612982 0.3515070984698086 -0.012634351414866922 -0.0008634392930719355 0.9999198106032868 0.4876314831854229
0.999952010809287 0.001874147006015483 0.009615802174722096 112.78720600239303 -0.0018922998022740493 0.9999964441648302 0.0018790580496554827 0.38649538380497944 -0.009612246351496646 -0.00189716385573431 0.9999520015927679 0.5098346162915132
0.9999626090447816 0.0022264688155169657 0.008356036678162149 114.12089003972912 -0.002266880268198233 0.999985766812919 0.0048298473503985495 0.3527352771888841 -0.008345164240619481 -0.004848608892458625 0.9999534235281187 0.5173612008866856
0.9999645427607611 0.003825667462717893 0.007501832424604503 115.41515823880711 -0.0038861908959505853 0.9999598862437076 0.008069908536754962 0.381384950332987 -0.007470658711410704 -0.008098775952948781 0.9999392977008562 0.5085091653839829
0.9999382083646877 0.005570582995090249 0.009620190097563156 116.78658788281274 -0.005647844696095377 0.9999518671247618 0.008022797765838603 0.39584558537251036 -0.009575035389345994 -0.008076635363662822 0.9999215402512815 0.5312643491673217
0.9999137188484645 0.005512054611659245 0.01192359478480122 118.0749252225883 -0.005614230191264411 0.9999476639798568 0.00855276099205058 0.38851755054987785 -0.01187582746563573 -0.008618964855812612 0.9998923332873498 0.5204926448862911
0.999899189565735 0.006413635621576061 0.012667911583994298 119.44959395114861 -0.006524722030763352 0.99994045423307 0.008747341915285907 0.3797649638280484 -0.012611054999781645 -0.008829114693744613 0.999881496991277 0.5268783076146519
0.999898852983174 0.0076031789240350945 0.012019795055741389 120.78320272947366 -0.007707398660396175 0.999932899536792 0.008648261665418103 0.3826103614017754 -0.011953234241101436 -0.008740028271860774 0.9998903600380316 0.5335320357252455
0.9998903868936244 0.008701992614161307 0.01197871121035364 122.09391851051345 -0.008827469928404465 0.9999063034764579 0.010462315360803044 0.3714301765088469 -0.01188654585575998 -0.010566910266906903 0.999873517218568 0.5300486606614268
0.9998818138883784 0.010172425666311527 0.011527359253079373 123.44900604449275 -0.010308315485714226 0.9998773478548869 0.01179100837607207 0.3842743517896075 -0.011406002241503042 -0.011908442498537914 0.9998640368120687 0.5231031643623675
0.9998699527598525 0.011759919586606476 0.011035481834829072 124.79532741705553 -0.01190464301255007 0.9998427761816497 0.013141628214008817 0.40175140520097113 -0.010879202303203842 -0.013271292653243663 0.9998527470325608 0.5243081502470605
0.9998676364491853 0.012493717530314932 0.010421928986158902 126.11637759966996 -0.012634971817998143 0.9998276885243829 0.013599659817368003 0.3697433023032572 -0.01025022285992995 -0.013729540497133999 0.9998532055502245 0.5267824096953729
0.9998550770958415 0.013680660928916052 0.01013234041161844 127.45676453061688 -0.013812474624263988 0.999819367971562 0.013055534217350995 0.37506286631551916 -0.009951901849543626 -0.01319359486623676 0.9998634350270454 0.5343470036229309
0.9998405256900539 0.014282081475978195 0.010721256295324276 128.77454748048967 -0.014420148831181279 0.9998126392806652 0.012913002838876982 0.35244641496551893 -0.010534822994388232 -0.013065545658095737 0.9998591445904433 0.527497248544123
0.9998213921099767 0.015111311909327813 0.011350424293711787 130.13938716716592 -0.015258267171604693 0.9997994092710978 0.012974070451629814 0.33998287393779564 -0.01115209227850119 -0.013144940986665963 0.9998514096425873 0.5432218760754354
0.9998157137819607 0.015357568325311304 0.011518835436015368 131.46407010739338 -0.015487053169324798 0.9998169185527565 0.011237462338142427 0.3115290691182192 -0.011344146455292048 -0.011413784245554044 0.9998705095513103 0.5330052061256969
0.9998080940027374 0.015584163282737888 0.011870510578331165 132.81324260720368 -0.015710179825328224 0.9998204232821423 0.010597709081384776 0.30381499399168155 -0.01170322248225496 -0.010782163173258858 0.9998733817543279 0.5505053080927229
0.9998043862691878 0.015394741960263579 0.01241737157652622 134.13980642152913 -0.015490324543025537 0.9998508413005511 0.00763838962949722 0.2962549935360776 -0.012297928380193229 -0.007829244571296128 0.9998937262964491 0.5283495632478578
0.9998139370220714 0.014603670769544256 0.012602544841428018 135.47233747980476 -0.01469892075892276 0.9998638459215458 0.007498756396785948 0.25710745850387057 -0.012491319583949279 -0.007682604963824922 0.9998924664762814 0.551126079779689
0.9998354209871757 0.01358014265665185 0.012029574590242965 136.8222427878372 -0.013680968217254843 0.9998716360958009 0.008339210978555204 0.24886818627078242 -0.01191478275235001 -0.00850241474708083 0.9998928677090525 0.5522980509089682
0.9998191064648717 0.01328562959556473 0.013610525119735699 138.15020661136614 -0.013370904751027347 0.999891422848274 0.006193659709167068 0.27682648719208247 -0.013526760658947737 -0.006374524351154346 0.9998881898419304 0.5677171077577141
0.9998425003529328 0.011749136503771032 0.01330158935659134 139.50365266283265 -0.01182503224758931 0.9999141669997462 0.0056415641046720436 0.22812352883759818 -0.013234164134508154 -0.005797967283402534 0.9998956147893846 0.568146512331867
0.9998544363723629 0.01066795705242713 0.01331543310719073 140.8624635539693 -0.010732557829450345 0.9999309336881695 0.004789577846001168 0.24014904447311067 -0.013263418448575195 -0.004931789313522156 0.9998998745800626 0.569496729247801
0.999877497790567 0.009174681017785485 0.012681271241346303 142.1951055731456 -0.009250915595300984 0.9999394115207438 0.005966058011569857 0.2221091097829751 -0.012625766223216995 -0.006082640526176647 0.9999017909332427 0.5584562655887185
0.999890316017777 0.008139533407673613 0.01237351727583664 143.54129028943905 -0.008207894163857064 0.9999512766121027 0.00548405645676287 0.20857721023687129 -0.012328276735415367 -0.00558501546384668 0.9999084064028082 0.5670349129813563
0.9999138454182326 0.007946810905344867 0.010447484738332615 144.8872927203048 -0.007983545826049437 0.9999620785066486 0.0034791586204909355 0.19811260032877603 -0.01041944033844283 -0.0035622668482105145 0.9999393709210254 0.5670531933206648
0.9999363547621236 0.006421156735621075 0.009276592651015325 146.19411887971208 -0.006429521068921518 0.9999789501123867 0.0008721186576330673 0.1784500004338678 -0.009270797369189865 -0.0009317071993311515 0.9999565911767541 0.5946297761444108
0.9999045832751811 0.0061656518539593775 0.012361597085415853 147.55212446422811 -0.006057862657719386 0.9999434710780452 -0.008738246300648438 0.19517143332907677 -0.012414775282162923 0.008662527668432257 0.9998854104191576 0.5850364145472712
0.9998934496837293 0.004741990973523 0.01380589733334137 148.88715337540583 -0.004513182875040135 0.9998527299649249 -0.01655746242705597 0.18699291735551646 -0.013882379475730391 0.016493389684778325 0.9997675968127783 0.5822820850414632
0.9999364051835324 0.0035441502422657767 0.010706287297408319 150.2115388851876 -0.003364272086228727 0.9998536681791454 -0.016772713019578424 0.12750354088739133 -0.01076416564180529 0.01673562749847047 0.9998020061543526 0.6042987841046431
0.9999562885575697 0.003615486803710056 0.00862259991781362 151.59519232866498 -0.003484169086727957 0.9998784609330522 -0.015196181360005704 0.15979238378567695 -0.008676493528238828 0.015165474516918156 0.9998473517706247 0.6167141982226296
0.9999788065298798 0.003662881933931343 0.005382358870920494 152.91019257351053 -0.003610600395970417 0.9999465195030863 -0.009691320779145888 0.1094778867041205 -0.005417569183491376 0.00967168183935793 0.9999385523693646 0.6242790484307502
0.9999697499141841 0.0050578404142873215 0.005909103731330229 154.27877718592063 -0.004992988004412018 0.999927705067311 -0.010938679518503155 0.1277512773779481 -0.005964002628421342 0.01090884453846165 0.9999227109049397 0.6279864254087381
0.999958125869043 0.006089659820056125 0.006830999322722704 155.6144792348115 -0.006005095613772742 0.9999059206948832 -0.01233242011882933 0.1572599455268954 -0.006905456910334857 0.012290882905383691 0.9999006194928902 0.6045618222244212
0.9999373761328434 0.005924659606801984 0.009494325732136074 156.95186536885393 -0.005704389323276728 0.9997177688988891 -0.02306171048027121 0.12251816278138992 -0.009628278922676613 0.02300610693643958 0.9996889592711405 0.5919836206159602
0.9999133192275323 0.006580429325182793 0.011404033552880886 158.2955164753902 -0.0062698562412542335 0.9996141848074203 -0.027058648054004337 0.13187748320568896 -0.011577691224633868 0.026984800938542088 0.9995687958235863 0.6084751696156805
0.9999212855459648 0.005900829058848009 0.011072620670978252 159.63529673095857 -0.005596973489078347 0.9996122925478836 -0.027275235561342648 0.09880647444310228 -0.011229274236016953 0.027211115441716668 0.9995666353958348 0.6125379415965078
0.9999132959533102 0.0073067146523167915 0.010955021532482909 161.00542947952565 -0.007016051155959164 0.9996284170724681 -0.026340136813777962 0.11157835320670738 -0.011143410697111958 0.026260992025839314 0.9995930095273047 0.6015503208545224
0.9999110839871013 0.008352782046651474 0.010394957999981769 162.34395919115366 -0.008092926642800997 0.9996598208908996 -0.024794092738570864 0.11164790395314794 -0.010598521505119946 0.024707762514152257 0.9996385335777377 0.5995700476910336
0.99990865109023 0.009678664294559103 0.009434666522453129 163.68709079929013 -0.009466315377101716 0.9997065526740244 -0.022297923979582464 0.12250858117491024 -0.009647712065454622 0.022206575559757472 0.9997068518589891 0.6142307281986805
0.9999098514748528 0.01025717523698431 0.008664830044237069 165.03963996191234 -0.010068818533200108 0.9997179522470678 -0.021508948097819253 0.13497653777067506 -0.008883007198196088 0.02141976449653433 0.9997311067842342 0.6045602103916313
0.9998953820839638 0.010726291119765015 0.009704203521062764 166.38914771395065 -0.01051061972521684 0.9997025204102519 -0.022009033563102704 0.13942380996111864 -0.009937392019843005 0.02190473383093136 0.9997106735829322 0.6005182878914735
0.9998998210372275 0.010364112055140788 0.009640180030935672 167.7128511710655 -0.010146754777660572 0.9996991831834945 -0.022329050802396645 0.11019402728932606 -0.009868700887269197 0.022228997358461164 0.9997041964597503 0.5994063507989413
0.9999174265718354 0.010207272781641245 0.007807151869893822 169.09182802671558 -0.010042920511440291 0.9997330335909148 -0.020808683156500498 0.1151750810701591 -0.008017467527799077 0.020728558306546588 0.9997529930362664 0.5928610110555362
0.9999429557092463 0.009053230729482682 0.005667833873282151 170.52094114911446 -0.008953034960303287 0.9998074677884607 -0.017460541784998933 0.09523249874401968 -0.005824816946133259 0.017408801445959948 0.9998314883717953 0.6066018381288045
0.9999529181350233 0.008777401373488664 0.00413747971355316 171.83189522263643 -0.008725312001189579 0.9998845024006114 -0.012443905719813533 0.09018749004316583 -0.004246226999735379 0.012407219036125308 0.9999140115390205 0.6062109734730895
0.9999463625071495 0.009056072776072167 0.005025898386839964 173.20149746082453 -0.009003676099332874 0.9999058822288717 -0.01035183562466554 0.08690536235975226 -0.005119172337268785 0.010306028816972965 0.9999337877302702 0.6059989969309701
0.9999244376851519 0.010107836262182953 0.006996468118245757 174.57826950922285 -0.010065705028383928 0.9999311517546141 -0.006031030838289271 0.09309882529506097 -0.007056947095897522 0.0059601507353194555 0.9999573371403891 0.6153901693133145
0.9999055108290292 0.0101229847975187 0.00930024690679673 175.97518925403668 -0.010074141675977711 0.9999352948310307 -0.005283731699476173 0.09550204680293858 -0.009353132268417134 0.005189540439087613 0.9999427921570317 0.6180372180744135
0.9999030857503609 0.009016038188665454 0.010608023486350118 177.39160614466712 -0.008937455305258279 0.9999324405805994 -0.007432103820084308 0.08518135952143287 -0.010674314946306399 0.007336574807532961 0.9999161133167724 0.6279949581474076
0.9999147734874765 0.007868851410552819 0.010417626359555931 178.78247409126053 -0.0077790014864759505 0.999932438890757 -0.00863740643108904 0.08474908818271178 -0.010484889000942193 0.008555631564125133 0.9999084299430507 0.6231008815392277
0.9999608446454277 0.0059114275250223385 0.00658515000736169 180.12084661315967 -0.005837845149835934 0.9999209322562905 -0.011137719682116192 0.06857577583310209 -0.006650469157103464 0.011098840494721493 0.9999162899961492 0.6192795427616773
0.9999878647707975 0.003922111912168441 0.0029811657601843686 181.5402497416532 -0.003894979992617045 0.9999514343365149 -0.009053071258070243 0.08459630744603669 -0.003016528136514253 0.009041349815984947 0.9999545762440946 0.6438879070977387
0.999993914730646 0.0025926663436174847 0.0023342199785190997 182.9307150824453 -0.0025800653156942 0.9999821706799262 -0.005385311989991849 0.05998986194049173 -0.0023481406781103117 0.005379256778912058 0.9999827747675768 0.651052916174362
0.9999900526464007 0.0023517967738043376 0.0037899419762663276 184.25963072632206 -0.002343298953499961 0.999994734255395 -0.0022450860777727543 0.07701321089456521 -0.0037952020055944317 0.002236182778040867 0.9999902979170947 0.6562324664607408
0.9999766481707068 0.003397816937313863 0.0059294142492340345 185.71164865619548 -0.0033981605751637416 0.9999942250893795 4.7881065717488564e-05 0.08601481848765867 -0.005929217316300643 -6.802904934257677e-05 0.9999824197224991 0.6532413408470568
0.9999602000533614 0.003827699555821202 0.008058971730424856 187.08463032011338 -0.003853362596969593 0.9999875471780334 0.003171290834446901 0.11450641532008723 -0.00804673262496627 -0.0032022187574769693 0.9999624972413174 0.6699041322450536
0.9999548816552406 0.004130476624495984 0.00855416955106327 188.53644844118185 -0.004141580613962622 0.9999906034224475 0.0012807719654349653 0.1083890152740336 -0.008548798972481148 -0.0013161419619051036 0.9999625922035605 0.6702531273725282
0.9999506667471204 0.0034538488942420574 0.009313162717625455 189.93487399064833 -0.0034468188871210237 0.9999937626405301 -0.0007707915376725901 0.07878313199356678 -0.009315766825581866 0.0007386527268648019 0.9999563344869618 0.6671814221182439
0.9999431909634584 0.003935432799120293 0.009905918155331253 191.29794217596586 -0.003901288403233541 0.9999863908052558 -0.00346383502395263 0.09446981703208732 -0.00991941503372596 0.003424992403199406 0.9999449358001803 0.6757786335923792
0.9999353243769593 0.00497780256751744 0.010225876233547595 192.76305036272396 -0.004912585833534876 0.9999674983446762 -0.006392867487903321 0.13216441414996816 -0.010257366307837953 0.006342218530495118 0.9999272787060758 0.674501158830873
0.9999317077224533 0.004734597929134624 0.010684730867342913 194.12803493724047 -0.004648825781899555 0.9999568873256287 -0.008038153325821069 0.09484045137582535 -0.010722327644110784 0.007987932929694418 0.9999106083132646 0.6765496263356905
0.9999206502857565 0.00507004478050806 0.011532032693048757 195.5807322015357 -0.0049486861998912 0.9999323345294485 -0.010527908974806871 0.07987299782778746 -0.011584629342577552 0.010470005177193353 0.999878080245079 0.6780202463280692
0.9999130832848848 0.005464098891901557 0.011998729058298147 196.98005412644716 -0.005299629463491233 0.9998921538863119 -0.013696515036370717 0.062326391497167934 -0.012072274154633161 0.013631735762233426 0.9998342042443057 0.6781472048863746
0.9999354841604186 0.0057876356607571445 0.009773985386090246 198.40473440589736 -0.0056837718077312315 0.9999274407198132 -0.01062111263295802 0.08086231572759804 -0.0098347473229775 0.010564874300372578 0.9998958251618567 0.7101061776682451
0.9999745146558254 0.006044482704808502 0.0037992456722138923 199.8488658258695 -0.006021755858770056 0.9999640769096729 -0.005965177831643382 0.0999889287748132 -0.0038351656058029098 0.00594214767714772 0.9999749908801516 0.6899368515821375
0.9999644239682983 0.007550797090177674 0.0037598219442010025 201.28309008113865 -0.007568269288642721 0.9999605265539919 0.004654743154833694 0.09959949072324768 -0.0037245265100034467 -0.004683032902494716 0.9999820983923213 0.7022470558401633
0.9999431338842647 0.00825998518454343 0.00674549052824178 202.73885250967342 -0.008337608456663967 0.9998984022371413 0.01156155218105486 0.11701914096533811 -0.006649306951768888 -0.011617135979363069 0.9999104104212028 0.700486197436252
0.9999175254156365 0.008713126072005195 0.009435242483542662 204.15042533985815 -0.008828013614659324 0.9998865575934871 0.012204020627048983 0.062462169924983824 -0.00932783695662047 -0.012286308554622533 0.9998810119608289 0.7056313163872362
0.9999124342007001 0.0091181356396932 0.0095908046214495 205.61387183638251 -0.009215911514475318 0.9999055044578871 0.010200447528209691 0.09965116932898496 -0.009496889269019707 -0.010287942324612566 0.9999019788643971 0.6992753343278052
0.9999186634075792 0.007940863625817907 0.009980443581146725 207.04898644872694 -0.008016672714096128 0.9999391451480176 0.007578849467227302 0.09567184646644648 -0.00991965361267002 -0.007658242979168723 0.9999214728100786 0.7163300150808214
0.9999352027904603 0.006448276536265779 0.00938136184745449 208.48146124475497 -0.006509283043243491 0.9999577730578921 0.006487012822867529 0.06592045656638816 -0.009339135648654712 -0.006547658422134526 0.9999349522416561 0.7145366056539549
0.9999424770205043 0.006020847418591279 0.008876488408147018 209.98282350284214 -0.006077724362487279 0.9999610843874391 0.006394605325620686 0.0783685499561988 -0.008837642031195551 -0.006448186338721189 0.9999401566975243 0.7101573709766156
0.999940134575595 0.0063247652592155834 0.008928863833462097 211.44190308320242 -0.006391814022149552 0.9999514404967338 0.007500757429303337 0.09310179671677993 -0.008880989722262951 -0.007557380030329061 0.9999320047026348 0.7212810237899383
0.9999406226498644 0.0055767709907000515 0.009362200591676065 212.87583834650954 -0.0056532628786047775 0.9999506952435889 0.008163804302440077 0.06937861793690502 -0.00931621132364882 -0.008216246538440547 0.9999228477734634 0.7127137938196058
0.9999444471231227 0.005183393621327313 0.009177968086605752 214.32996625192038 -0.0052631822153277495 0.9999483832413144 0.008690786273377512 0.08513922265200058 -0.009132446583508059 -0.008738608793603971 0.9999201143770196 0.7232485699362998
0.9999490067810584 0.005185258148022993 0.008665848805118127 215.78512358661652 -0.005266708923285643 0.99994192275753 0.00940281282867884 0.09988167295068393 -0.008616589504681622 -0.009447973852215361 0.9999182417454918 0.7319768715586003
0.9999525634726176 0.0051091378945252435 0.008292618073643492 217.2749405802439 -0.00517979872728862 0.9999502718803255 0.008521939427606746 0.10318772807847659 -0.008248665933675079 -0.008564489268937487 0.9999293020178361 0.7344783506125653
0.9999581924614367 0.0041925541536362325 0.008126242608057055 218.7406157890968 -0.00426504036925741 0.9999510908135544 0.008923307202562972 0.07261941821354634 -0.008088433711465958 -0.008957592893826733 0.9999271667324794 0.7446087282344808
0.999961636354267 0.004353799016091115 0.007600674563757063 220.22918856976307 -0.004427071273852118 0.9999436360220313 0.009650171966129582 0.08593028004614232 -0.007558231250292157 -0.009683450478374118 0.9999245491171822 0.7364220250981515
0.9999624959858593 0.004045612947185494 0.007657652225833627 221.69520086866578 -0.004110613632374453 0.9999554958623339 0.008491710680375164 0.08864481029176598 -0.007622957253952491 -0.008522869856769222 0.9999346234690091 0.7453410526583352
0.9999667240776624 0.0035978313310454624 0.007321635548260625 223.19696347115465 -0.0036721439899768445 0.9999416255935374 0.010161730358094125 0.08938943594754759 -0.007284647960271173 -0.010188278317119262 0.9999215633683614 0.7539931233188668
