1.0 -2.1684043449710093e-19 -2.5135375298442207e-37 0.0 2.1684043449710093e-19 1.0 2.3183291766350204e-18 -8.673617379884035e-19 -2.51353752984422e-37 -2.3183291766350204e-18 1.0 0.0
0.9999996051914599 -0.0005752610969017927 0.0006772677421528302 1.3273295959154128 0.0005753946731389207 0.999999815046159 -0.00019704978524805178 -0.005147312860110633 -0.0006771542618139539 0.00019743940370223732 0.9999997512398627 0.01419092852461359
0.9999989964575571 -0.000256753136105596 0.0013932557934933718 2.6196409972641304 0.00025829910646080786 0.999999351097314 -0.0011095433847212802 0.02032841627822153 -0.0013929700106622728 0.0011099021479739318 0.9999984138746277 0.022673697798380337
0.9999993227608226 -0.0008135858848409478 0.0008321994377205927 3.9466004929209526 0.0008154597174902545 0.9999971276846683 -0.0022538074147064025 0.014169055977151854 -0.0008303633814816335 0.0022544845134581026 0.999997113893952 0.05656655771680532
0.9999994573478985 -0.00037898569222183473 0.0009703987600016305 5.265254660607167 0.00038182839038046604 0.9999956319925651 -0.00293090478698616 0.01998478887254379 -0.0009692837503130999 0.002931273722321077 0.999995234050331 0.05921678562165938
0.999998001713527 -0.0005378686812768376 0.0019254262474713178 6.577818705000465 0.0005431701612261865 0.999996060375156 -0.0027539426906361955 0.028821219069179293 -0.0019239374024909136 0.002754983021555037 0.9999943542507738 0.07738554995415296
0.9999949841940983 -0.000466488463376816 0.0031327264736644668 7.917826801180758 0.00047896036022363527 0.9999919587198656 -0.003981594225952594 0.022752877977589556 -0.0031308439147610524 0.003983074706849086 0.9999871663837797 0.10537356517612365
0.9999944388604558 -0.00037875754331807344 0.003313425853325701 9.24245239659178 0.00039262135269783346 0.999991167940019 -0.004184482098204821 0.042393872127656426 -0.003311811684790247 0.004185759749456549 0.99998575555789 0.10596808667083996
0.9999962486431029 -0.001037223109309164 0.002535126810041253 10.572226609636724 0.0010457837983043276 0.9999937482502435 -0.0033778390541658104 0.030010687722309092 -0.0025316073883363275 0.0033804775772305657 0.9999910816279219 0.12673256714226577
0.9999995813955964 -0.0007116794999405482 0.0005750834038003171 11.886204560175146 0.0007123307521856548 0.9999991044043212 -0.0011330381525461002 0.05434215937873922 -0.000574276528732288 0.0011334473278449388 0.999999192751486 0.140574716749517
0.999999763374827 -0.0006790199563201816 -0.00011037295365500927 13.22765100681822 0.0006791374841327029 0.9999991987558323 0.0010682976976839908 0.056377302216202504 0.00010964746976330557 -0.001068372403307925 0.9999994232787538 0.15357651741299672
0.999999507359795 -0.000624277737531762 -0.0007717237029469313 14.57592845379182 0.0006286703263021319 0.9999835296448925 0.005704841151441229 0.07606125533937574 0.0007681495870564992 -0.005705323500799261 0.9999834294776905 0.18154865366179343
0.9999997130735644 -0.00027295547955478994 0.0007066456643910343 15.921202392957573 0.0002690199401965634 0.9999844877486077 0.0055634423180524065 0.096842419386467 -0.0007081532747917425 -0.005563250619979358 0.9999842742570898 0.18627923451733008
0.9999953029675788 -0.00018391469645266635 0.0030594473626571824 17.265441212571908 0.0001707552274554367 0.999990736240721 0.004300962147348356 0.07621881982288507 -0.003060210030821072 -0.004300419528959409 0.9999860706562078 0.20830224819394697
0.999985926836521 0.00010831365027876361 0.005304186747963972 18.624860819062263 -0.00010347550395927411 0.9999995784065351 -0.0009124031850317791 0.09518931868305333 -0.005304283337472999 0.0009118414912357576 0.9999855164567988 0.21614086239483096
0.9999932772908229 -0.000304356373149145 0.0036541401666696817 19.974841987743687 0.00031397671118352146 0.9999964858386685 -0.002632437831858862 0.08206678868047582 -0.0036533261262005623 0.002633567449656626 0.9999898587139291 0.2450189561796051
0.9999985111451046 -8.930106056439369e-05 0.0017232912971208315 21.3245528277548 9.45798149844799e-05 0.9999953034799299 -0.0030633433926746862 0.09717151061366468 -0.0017230096438348292 0.0030635018203729256 0.9999938230781048 0.24083387785613367
0.9999998546571022 0.00011149125229237869 0.0005274992656126676 22.674840523956007 -0.0001106774516358152 0.9999988041752039 -0.0015425299555553752 0.09240106226343946 -0.0005276706134124092 0.001542471349085144 0.9999986711720477 0.27228970355771187
0.9999975711034725 0.000806695246099889 0.0020511045646766646 24.049651677278618 -0.000809181000594295 0.999998938904726 0.0012113692791612682 0.10428550110197117 -0.0020501251824205334 -0.0012130260517146012 0.9999971627732422 0.27630674402254624
0.9999801835611684 0.0015122216978296953 0.00611111041537258 25.440939464059166 -0.0015182344371535588 0.999998367884627 0.0009793836205663014 0.1190202286212627 -0.006109619396173805 -0.0009886423109525578 0.9999808473851961 0.2836014026782965
0.9999735407570979 0.0016544576025695383 0.0070838235264568125 26.808549106325927 -0.00164965309082761 0.9999984053750328 -0.0006840263674363872 0.10792648309757792 -0.0070849439230389185 0.000672322417241283 0.9999746754554211 0.28916247839200365
0.9999768284636151 0.0018201382344407528 0.00655969760408996 28.17698759016164 -0.0017915244481625106 0.999988867244349 -0.004365298101563094 0.10725777411260098 -0.006567570022558775 0.004353445092269022 0.9999689567880733 0.31316450017882846
0.9999897816718923 0.0017594227255882547 0.004164250649727896 29.538769331060923 -0.0017409111311158672 0.9999886063445308 -0.004444818281623103 0.11280345022807362 -0.004172023517986504 0.004437523272702655 0.9999814511314544 0.31142848994755123
0.9999944626674968 0.0025463026141276214 0.002142656608448945 30.919176739159425 -0.0025361272696232517 0.9999855580389285 -0.004738330090350716 0.11849812177519951 -0.0021546908865812753 0.004732869802787369 0.9999864785338916 0.346639822447524
0.9999948903385375 0.0029182275302614166 0.0013050842493625135 32.30592832308992 -0.002915783873767182 0.9999939998634486 -0.001870412121094646 0.12120200459779569 -0.0013105347068235191 0.001866597220313713 0.9999973991534175 0.33761104554752813
0.999994075990974 0.0033548099304375064 -0.000770216390884901 33.69113267236744 -0.0033554355217907416 0.9999940405297156 -0.000812377690754253 0.12667927159779072 0.0007674864280589989 0.0008149572896589212 0.9999993734044031 0.3661256097841235
0.9999935434425787 0.0035887773258706243 -0.00018371298433020488 35.0818622196298 -0.003588946220882485 0.9999931296559236 -0.0009274189854744738 0.1434689318515496 0.0001803834219321385 0.0009280723335613795 0.9999995530716824 0.36040964359815464
0.999993852427603 0.0033114819811655193 0.0011529068001065778 36.481267040696274 -0.0033103584409545383 0.9999940453587914 -0.0009750763825713653 0.13231700804316268 -0.0011561288828313813 0.0009712538534613441 0.9999988600153293 0.3938513407310647
0.9999925639373273 0.002973777187779574 0.002455345044534781 37.87652887536641 -0.0029747943947966405 0.9999954909375257 0.00041073461706653833 0.1404840054880254 -0.0024541125399961156 -0.00041803570949395776 0.9999969012840922 0.3995146909551793
0.9999920137701729 0.002604459214085158 0.0030313673608604865 39.275111942052156 -0.0026149264414358506 0.999990615473387 0.0034541460395565845 0.14195812073468586 -0.003022342730433296 -0.003462045256618076 0.9999894397877714 0.4171061794384666
0.9999912611069016 0.00296243577567985 0.0029498617092514035 40.6759986189573 -0.0029802687294542374 0.9999772004524723 0.0060594202310444815 0.15760169741062874 -0.0029318438104668386 -0.006068158659027141 0.999977290613322 0.4390469607936148
0.9999895180986833 0.0029738523657648797 0.003481363938128054 42.10533480321982 -0.002999657721419192 0.9999678919483892 0.007430822689927163 0.16221271481267882 -0.0034591539886790327 -0.0074411877009951015 0.9999663309228372 0.44478303178948697
0.9999898910532085 0.0025571339844367223 0.0036984939066946367 43.48789322552333 -0.0025893392625740523 0.9999585468377639 0.00872925702972686 0.16627654430200348 -0.0036760187126170948 -0.008738745441617011 0.9999550595974456 0.4530997679721301
0.9999894028408962 0.00225098981499073 0.004015874843722826 44.90907823817359 -0.0022815904231692744 0.9999682754571223 0.007631672454291931 0.17208125895723178 -0.003998568624963199 -0.00764075416182879 0.9999628144710131 0.46528109705756876
0.9999926771143404 0.0014100490010490153 0.0035577351657034113 46.30419608445733 -0.0014376868659817363 0.999968718750472 0.007777825982548778 0.1603160676416467 -0.0035466567595449122 -0.0077828839355388 0.9999634233028106 0.4938289266970097
0.9999918458343255 0.0007734632751618505 0.0039635866863695435 47.74019900626258 -0.0008020281259061656 0.9999736837862663 0.007210304141257917 0.18191657507903114 -0.003957905474319143 -0.007213424255245321 0.9999661501744797 0.5064348215319033
0.9999884839097619 -0.0004730386420288886 0.004775801744098112 49.14605996164919 0.00043577742131808804 0.999969483684846 0.007800115197969309 0.17165321373074985 -0.004779345760127892 -0.007797944184570052 0.9999581740855962 0.5210224862987999
0.9999860611525337 -0.0012940135584851823 0.0051188894842181575 50.57208025264807 0.0012505164213574029 0.9999631648841663 0.008491471222444775 0.1916354613605005 -0.005129689008224397 -0.008484951605763512 0.9999508447353433 0.5362634604053249
0.9999837616385011 -0.002727736951626429 0.005003589754984045 52.023929720634065 0.002683774626921314 0.9999579244231638 0.008771928925282377 0.18468738750823738 -0.005027306740725386 -0.008758357976301496 0.9999490073761229 0.5385740335367363
0.9999691420112474 -0.0036719714492009004 0.006944901076765812 53.42270117745651 0.0036102882284784767 0.9999541116571078 0.00887357870037786 0.20776162322796468 -0.006977165914403873 -0.008848231784980733 0.9999365119596755 0.5561985217540486
0.999959844118291 -0.004587266116721039 0.007698515473618451 54.88131579514406 0.004533725293937445 0.9999655166158589 0.0069577952066336626 0.21160736366135113 -0.007730167260950533 -0.006922612855903877 0.999946159523284 0.5583337929336437
0.9999528145486789 -0.00505822357144486 0.008293554755141283 56.289270644023894 0.005022991294591122 0.9999782958615572 0.004263492027753666 0.21581322487505886 -0.008314940446552144 -0.004221632399621843 0.9999565188473211 0.5565254659232713
0.999954481460348 -0.00536949656652586 0.007886920437573774 57.706987737462896 0.005349470988610213 0.9999824197634773 0.002557992205322427 0.2368518667776928 -0.007900516914010726 -0.0025156849171825216 0.9999656259901581 0.5733998528018005
0.9999508187967117 -0.005382153432240675 0.008330210814728458 59.16493969511207 0.0053598912277384395 0.9999820108761951 0.002692487702499042 0.2491741165630389 -0.008344552343464061 -0.002647706258842919 0.9999616783146013 0.5963581904453281
0.9999470593728618 -0.005101905279784874 0.008935827554423905 60.564446486291025 0.005083370044527182 0.999984883483615 0.00209574646634677 0.2503964781870635 -0.008946384775802011 -0.0020502113981013 0.9999578785292241 0.616155126000379
0.9999379899162676 -0.00438287336008869 0.010237516462692959 62.01972240961275 0.00438350133826559 0.9999903916551309 -3.8902897210048526e-05 0.26796167878786364 -0.010237247590632367 8.377665195286568e-05 0.9999475944984522 0.6125937630387471
0.9999470398059097 -0.00401729580803698 0.00947517376036847 63.42304206867492 0.004037680043950205 0.9999895732790899 -0.002133183762937237 0.2771983047899238 -0.009466505335187475 0.002171328509116322 0.9999528341923155 0.6240403353377005
0.9999581605375981 -0.003541405310790367 0.008434193659604308 64.82071182916454 0.0035740543306680837 0.9999861666108449 -0.0038591090408130455 0.28727386199155636 -0.00842041031686915 0.0038890918441402303 0.9999569849022124 0.6282965163074483
0.9999542784763281 -0.0027480028063342427 0.009159117722921235 66.2776127645102 0.0027762577711535007 0.999991422605303 -0.0030736149092288867 0.30137491808182754 -0.009150592859157298 0.0030989024506272262 0.999953330637949 0.6412619646883353
0.9999572747524854 -0.002307840265690611 0.008951119644505859 67.65019912297538 0.0023236931047154975 0.999995749567843 -0.0017610498581587253 0.3042779497948714 -0.008947017376606532 0.0017817742718650718 0.9999583872144414 0.6472350911926326
0.9999456207035465 -0.0015235962495959018 0.010316699582093287 69.11702405294352 0.0015095166040937137 0.9999979189470403 0.0013723925133183109 0.32901685092189015 -0.010318769084581353 -0.0013567446542603623 0.9999458396575898 0.6572633466790994
0.9999341101282699 -0.0007933893309297344 0.011451896583297923 70.49423686569139 0.0007506669771886625 0.9999927453200144 0.0037344084445002173 0.34263285457878007 -0.011454776343270183 -0.00372556582421556 0.999927451497465 0.653306848575322
0.9999258342890437 6.406575375219172e-05 0.012178744473023678 71.94195191060138 -0.00014930281692844365 0.9999755021467724 0.006998057943403021 0.3574913214633898 -0.012177997784072135 -0.006999357248316809 0.9999013478179143 0.6597588171543821
0.9999271430077968 0.0003227347049050637 0.012066669738382925 73.29321004237553 -0.0004625400591006034 0.9999327837168832 0.011585081134746517 0.36300641913751575 -0.012062119753952188 -0.01158981839871455 0.9998600808995858 0.660188828180666
0.9999305784314714 0.0010313926267355392 0.011737740283060884 74.69019378929758 -0.0012244389659500604 0.9998639176324853 0.016451351489697917 0.37628230579439986 -0.01171917518094758 -0.016464581557647868 0.9997957683883294 0.6817136033307871
0.9999297972201304 0.0018082988930545715 0.011710281227290946 76.14769762023897 -0.002013180923190875 0.9998446995623005 0.01750782281563772 0.393850023481185 -0.011676803238873448 -0.01753016863257858 0.9997781481177881 0.6775384783656723
0.9999211100714975 0.0022554087379419744 0.012356648607488937 77.50673019977295 -0.002478510307747372 0.9998336572229147 0.018069722491099675 0.40033809819809063 -0.012313838558245489 -0.018098923052927166 0.9997603704709873 0.6865831718930716
0.9999219441325817 0.002181705776886847 0.012302268165717537 78.93421451591703 -0.002388555933670728 0.9998556061281698 0.016824437423637335 0.39266683030752847 -0.012263785821264774 -0.016852508833205243 0.9997827726578193 0.6942205682367402
0.9999339089016099 0.0020571519183041373 0.011311319760835832 80.27817966588366 -0.0022413742631337296 0.9998646655177108 0.0162980640129008 0.39716412406671264 -0.011276261355583213 -0.01632233975694257 0.9998031942110904 0.7001780247449099
0.9999312887562173 0.0017218671462858836 0.011595384420580116 81.68108532216756 -0.0019029114736688892 0.99987618034051 0.01562059267747157 0.4003347294423959 -0.01156705209869265 -0.0156415843571756 0.9998107541652788 0.7100451959566348
0.9999298867384101 0.001352855530206462 0.011763986961268446 83.09665880281098 -0.0015268756098398692 0.9998893639398075 0.01479623367344008 0.4044700229559097 -0.011742668273547557 -0.014813158406003625 0.9998213240773854 0.7142768956105704
0.9999348607062634 0.0011036589293403239 0.011360294068075172 84.46274876155269 -0.0012765746371496804 0.999883276850455 0.015225079047152897 0.4214196902039622 -0.011342164764331487 -0.01523858955953455 0.9998195540629792 0.717913558937474
0.9999324756800801 0.00022477110147662722 0.011618672826869625 85.87965673932452 -0.00041462544957882454 0.999866397097977 0.01634062544846557 0.4164880530919484 -0.011613447638081432 -0.016344339456289454 0.9997989749953213 0.7254975422643407
0.9999195443906882 -0.0007849926114257247 0.01266051073687535 87.20383004624681 0.0005984912832095599 0.9998913577839994 0.014728015380696548 0.42657066631477336 -0.012670696654188008 -0.01471925322392814 0.9998113807267986 0.7313972493046275
0.9999044300628699 -0.0019836506209632595 0.013681954204757825 88.58029800271706 0.001802255655176359 0.9999104901704591 0.013257583551517071 0.43287106333773323 -0.01370702794921361 -0.013231658145751168 0.9998185038333275 0.7307793602424502
0.9998875234607496 -0.0031753613040339896 0.014658018560421242 89.988267488994 0.003010446487588882 0.9999320813595102 0.01125921311564042 0.43527553946649156 -0.01469277507736962 -0.011213819537824257 0.9998291717147979 0.7434980451893686
0.9998852955534421 -0.003942967483621535 0.01462356808131565 91.33510516031382 0.0038032643574394615 0.9999469849937813 0.009568823442510537 0.44180813661620366 -0.014660522372453215 -0.009512108560651097 0.9998472827759733 0.7505924876203698
0.9998861250743124 -0.004250920312466685 0.014479867415603491 92.70842993328338 0.004131693984298846 0.9999574000085367 0.008253924702062746 0.4541728011411294 -0.014514337349548767 -0.008193158405906174 0.9998610934358028 0.7561389596892859
0.9998885198655455 -0.004653878972460637 0.014187644328722137 94.07612892406567 0.004555160281765207 0.9999652472273558 0.006982467496574347 0.4629749390402375 -0.014219646827402621 -0.006917062096220998 0.9998749701317965 0.7595865259253178
0.9998930187785426 -0.004731691332324403 0.013840595907283959 95.4204208187296 0.004641742009747733 0.9999679461692267 0.006523868883839442 0.4762967930776789 -0.01387102119701583 -0.006458926476914838 0.9998829316673616 0.7524661401367948
0.9998993389650996 -0.004654257739043803 0.013403351150188125 96.7711781488965 0.004566430548792316 0.9999679527993955 0.006575795482584521 0.4858738984260548 -0.013433527057320233 -0.006513928084057542 0.9998885483351211 0.7521790950713015
0.9999078924552088 -0.004439429223321002 0.012825680253058837 98.12571855189954 0.004335263333847557 0.9999574876328384 0.00813808447042231 0.497636965851448 -0.012861263453050671 -0.008081732190109698 0.9998846300984922 0.7706484762744856
0.9999075341950878 -0.0040359999425077266 0.01298590637434973 99.49556010523617 0.003919429784298575 0.9999519111610221 0.008989629335245379 0.5161547484347081 -0.01302156404066933 -0.008937900753713294 0.9998752686210673 0.7550652602791178
0.9998847809010039 -0.004039928411527243 0.014632289669810332 100.83705724503362 0.0039040706315193823 0.9999491189943137 0.009301486709135474 0.5219063297787526 -0.014669122504622115 -0.009243289507845732 0.999849677923646 0.7658835632519829
0.9998657992601742 -0.003918370565328494 0.015906911765826832 102.17633698910326 0.0037571271190543144 0.9999413889243102 0.010153950557919322 0.5456004733026871 -0.015945766385605287 -0.010092823600666502 0.9998219178664476 0.7643383391180147
0.9998785386793043 -0.0037189475553352433 0.015135300380887659 103.48125560559792 0.0035820221750929374 0.9999525068976596 0.009063832866035529 0.5521962111459269 -0.015168289477596825 -0.009008516979334023 0.99984437269815 0.7766487028976854
0.999911931359513 -0.00352376891070395 0.012795021592500063 104.8085810073715 0.003407632734771638 0.9999529047287983 0.009087153766914588 0.5618020620152362 -0.012826440037418774 -0.009042752739215726 0.9998768479462177 0.7754440128308818
0.9999282795277402 -0.003574021632204925 0.011430755445988433 106.14450157689839 0.0034817084794688345 0.9999612497432333 0.008085587054441503 0.5760353107258831 -0.011459210564321512 -0.008045208594156427 0.999901975751583 0.7707653680535814
0.9999114845801783 -0.003287232158638848 0.012892521452337227 107.50212427194144 0.0031900640393610407 0.9999664090350349 0.00755011874093795 0.5836336296680981 -0.01291690737322756 -0.007508322469946101 0.9998883830696299 0.7804832045597444
0.9998890745660095 -0.002727683427943371 0.014642346350438491 108.8449467105165 0.00266397945717165 0.9999869100191906 0.00436840974762959 0.594330013480305 -0.014654070321280832 -0.004328918270000125 0.9998832525298295 0.7692924045229435
0.9998721607759145 -0.0018849504944195982 0.015877942780394 110.1844647774638 0.0018471879996817848 0.9999954316010075 0.0023926290161092544 0.6050816954567674 -0.015882380230863073 -0.0023629935989087324 0.9998710748188758 0.7864018193984985
0.999892225221356 -0.0011890821809913952 0.014632977326979312 111.4728628352955 0.0011573668544777183 0.9999969634881393 0.0021756646030869037 0.6073513761966153 -0.014635519937781448 -0.0021584943983753327 0.9998905652410583 0.7890734319759453
0.9999197218997151 -0.0004970977671376077 0.012661068272714493 112.82558666159584 0.00044556222736796553 0.9999916064861233 0.0040728898344966884 0.6144849108335334 -0.012662986626304776 -0.004066921576857657 0.9999115505476421 0.7848618587499747
0.999947011303002 0.00043624324910249645 0.010285148420012933 114.13788192806994 -0.0005048366862322704 0.9999776444045951 0.006667520600452596 0.6267344823089497 -0.010282009828545975 -0.0066723596174695365 0.9999248771237872 0.8005333256454984
0.9999434498970885 0.0018605732220935954 0.010470686471951925 115.44424140876036 -0.001961923652091069 0.9999512471225821 0.00967751174507064 0.6392153353827437 -0.010452170276648505 -0.00969750716822848 0.9998983500792619 0.7923116991990291
0.9999153587799783 0.003397446907762477 0.01255916519583726 116.81249986709798 -0.003523564782074941 0.9999434555986658 0.010033448889876428 0.6449865147651728 -0.0125243669354549 -0.010076852678697675 0.9998707902889041 0.7997433035102703
0.999885040362276 0.004268451762786445 0.014549446012771519 118.10987368339184 -0.004420995846497887 0.9999354301459352 0.010468540231996207 0.653972094987575 -0.014503822098158684 -0.010531659812794945 0.9998393487386524 0.793062313052715
0.9998588141325183 0.00535091269559832 0.015928576045532855 119.48309798532166 -0.005495780468248442 0.9999438095217884 0.009064998405865212 0.6423693392593152 -0.015879174996172103 -0.00915125851331961 0.9998320390290878 0.7939880021304029
0.999860735578811 0.006275758146370359 0.015463644702562675 120.80619375255732 -0.006432567688653835 0.9999281847790433 0.010111743539968666 0.64285777950387 -0.0153990753206066 -0.010209806275119889 0.9998292995982337 0.7902938246889621
0.999857843784382 0.007572091632217313 0.015065047333471363 122.11169018516583 -0.007757650587694473 0.9998942943636218 0.01229711171106811 0.640052082007781 -0.014970340016368086 -0.012412232973504382 0.9998108948158176 0.7959481050903989
0.9998577598906867 0.008687946225660284 0.014456125924947539 123.47934258829189 -0.00888586871256769 0.9998668883426195 0.013683820127101906 0.64061730667741 -0.014335317352640495 -0.013810328976092634 0.999801867116666 0.7837941757342336
0.9998533005654374 0.009756291081757622 0.014078072763312946 124.82695202947787 -0.009963659829801224 0.9998417792998937 0.014735733752307637 0.645156426745966 -0.013932079212993392 -0.014873841156571147 0.9997923114417574 0.7864427440850508
0.9998464785708584 0.0109183572328396 0.013704333795923243 126.16227142777805 -0.011134964691986207 0.9998126902285591 0.01583025644894746 0.63324119011765 -0.013528926445295108 -0.015980423438298537 0.9997807730777635 0.7828031830926806
0.9998414680431169 0.01183812333655743 0.013300286359823235 127.4757608302223 -0.012031526647046376 0.9998216577396176 0.014556616411257304 0.6231120972326052 -0.013125591336250669 -0.014714331472123589 0.9998055847520568 0.7911434222879551
0.9998170959652243 0.012883386108470255 0.014134814397283401 128.80302030965964 -0.013095239599709254 0.9998017480342087 0.014999310903060392 0.6230402061039209 -0.013938770228817931 -0.015181666249807213 0.9997875912884635 0.7876230525021047
0.9997896960760747 0.01370400196971975 0.015256603492399271 130.20466801329675 -0.013906206294626196 0.9998158107984548 0.013227316580461994 0.6116311460529426 -0.015072526218310955 -0.013436696299402737 0.9997961162886941 0.7852778417548356
0.9997784830359251 0.013986612039852108 0.01572766804174413 131.51262385302692 -0.01417385951581708 0.9998292320731885 0.011857841218543726 0.5928655267255926 -0.015559131235725122 -0.012078136262891595 0.9998059972112613 0.7824569669365532
0.9997791138074602 0.013983915954130906 0.01568992316607354 132.8546712215224 -0.014160757841126661 0.9998368110911328 0.011217135306280766 0.5780148036269941 -0.015530503267262713 -0.01143683879847241 0.9998139837922669 0.7907698162023946
0.9997561791381832 0.013898695520376664 0.017158337269472662 134.18615571036455 -0.014033918599276312 0.9998712069342353 0.007785799421018633 0.5637450453593266 -0.017047914939076845 -0.008024699789232577 0.9998224706364239 0.7722523144712989
0.9997714079239705 0.013290823752198755 0.016747713327792263 135.53863779931282 -0.013401124435160658 0.9998891316967464 0.006491084547284799 0.5444176367928153 -0.016659584676553648 -0.0067140389271025955 0.9998386769472813 0.7823063764687082
0.9997879645084394 0.012221605734439964 0.01657282044020604 136.8641801768519 -0.012340699875569818 0.9998986222356804 0.007102983723018583 0.5307163110362472 -0.016484330458120464 -0.007305997841517617 0.99983743140817 0.7854016714359087
0.9997640348820012 0.011113986098719018 0.01866424039327859 138.21855739955905 -0.011210491122426482 0.9999242871515521 0.00507393863326916 0.5245419459828424 -0.018606435587038395 -0.0052819766619765255 0.9998129331416391 0.7792745352150612
0.999786773471005 0.010068864374621183 0.018028465343526034 139.53122705344765 -0.010107506166406705 0.9999468092317401 0.0020535399577839837 0.505788019950348 -0.01800682958028107 -0.002235324913217172 0.9998353651531832 0.7719644861250723
0.9997938213972035 0.008867546141187095 0.01826694614353119 140.89274916281113 -0.00889543436536342 0.9999593893182412 0.0014460158164577616 0.4989006447833679 -0.018253381698421327 -0.0016082100994125126 0.9998320997631791 0.7683233943985404
0.9998075410015854 0.007754032962564438 0.018020985799297506 142.21374887762184 -0.007787543375213733 0.9999680743637779 0.0017900897679008797 0.49756629850835393 -0.018006530052794262 -0.0019300844575932175 0.9998360063777681 0.7658115441192698
0.999826883472795 0.006681938535986086 0.01736533277767226 143.56343562909595 -0.006719561563471933 0.9999751992564035 0.002109114627223721 0.490524274401306 -0.017350809130202115 -0.0022254369272937244 0.9998469867199731 0.7576458692472596
0.9998636379846779 0.005830260330598303 0.015450355999862431 144.9379132642231 -0.00582857712800702 0.9999830018464411 -0.00015397026803474855 0.47683810138833277 -0.01545099105908442 6.389568073833542e-05 0.9998806242710346 0.7541324294513115
0.9998856694073607 0.004830927654292739 0.014328651429677626 146.22149402717844 -0.0047849120561453025 0.9999832904477707 -0.0032439854907987745 0.48946845705902375 -0.014344083463545808 0.0031750532670409303 0.9998920773295198 0.7708599244305787
0.9998341394422322 0.003970549238537263 0.01777437325351402 147.62253378313463 -0.0037388900551194597 0.9999078856899978 -0.013047637185096895 0.46683894900763995 -0.017824542265276046 0.01297901666932228 0.9997568858574223 0.7517317993809027
0.9998052209897517 0.0026395600467458754 0.019558957139722888 148.9457611066335 -0.0022480801586657944 0.9997972444327573 -0.020010401301965356 0.45231202909210605 -0.019607810108069366 0.01996253359233508 0.9996084388576063 0.7503699307822324
0.999864312505826 0.001654270359825707 0.016389629856365582 150.23439035444994 -0.0012804639236300356 0.9997394132736254 -0.022791795880256604 0.4303035998143762 -0.016423062728746732 0.02276771698883316 0.999605879371327 0.7486127884662469
0.9999125178144128 0.0017515418157609995 0.013110637639309837 151.6330481987651 -0.0014665463194583016 0.9997631071188465 -0.02171586714738764 0.44482081760320424 -0.013145568071959858 0.021694740038491984 0.9996782143743694 0.7432979865130114
0.9999343826252056 0.0028327577012315936 0.011099816564017814 152.95620825708207 -0.002629586991162449 0.9998295218752646 -0.018276007740629936 0.4455820729769484 -0.01114969578978011 0.018245620583739245 0.9997713646695976 0.7526052702464843
0.999933632540215 0.003459302126589148 0.010989255831371492 154.3294964873346 -0.0032599166092868253 0.9998306848777412 -0.01811006683056361 0.45396730513551065 -0.01105004337687651 0.01807304085382314 0.9997756056914296 0.7463361805254236
0.9998906030817979 0.0039589515691775936 0.014251616441355548 155.66206574994158 -0.0036501720065805557 0.9997594353217858 -0.021627476260218784 0.4578286163763828 -0.014333810136910046 0.021573089429584667 0.9996645155748113 0.7458976049616638
0.9998431575478465 0.004608423181118669 0.017100372526230624 156.9922351262032 -0.004075061528628328 0.9995081301530124 -0.031094881115167432 0.45260613432032637 -0.017235259739557987 0.031020319047557057 0.999370144454945 0.7269556992756047
0.9998148176042108 0.004626915423604262 0.018679458041431618 158.342368398498 -0.004022899770798938 0.9994719020761839 -0.032244894753266626 0.43876397121611777 -0.01881878785928831 0.032163777978930726 0.9993054310918306 0.7345860789291104
0.9998114814565018 0.004536525745320088 0.018879128208614537 159.70025226841693 -0.003863317729435228 0.9993606522437042 -0.03554379725296017 0.42539213544821336 -0.01902830323167803 0.03546416051734702 0.9991897802694557 0.7306725714139407
0.9998029941818742 0.005639094356786719 0.019030854941241803 161.06777960068365 -0.004978574463307533 0.9993895840976129 -0.03457850479002425 0.42560522102851833 -0.019214229655977192 0.03447694609497315 0.9992207731861322 0.7146744832414578
0.9997984794367736 0.006814116836706654 0.018883016910740742 162.3899257508218 -0.006215178003314236 0.9994813485363669 -0.03159755513188641 0.43108400687274645 -0.01908853263880513 0.03147382626343981 0.9993222834411509 0.7052419298593585
0.9998215979356259 0.007577281663999243 0.017301939314319833 163.75081935435594 -0.007105882848679087 0.9996062163319003 -0.02714624650965902 0.4350905898884945 -0.01750082084911544 0.027018458009419172 0.9994817277951611 0.7030644912833358
0.9998266178351841 0.00823862443553822 0.016699081880953034 165.09421312104192 -0.007805667256521113 0.9996359157239983 -0.0258284252970198 0.4342391878884187 -0.016905792703600014 0.025693599632075896 0.9995269046458978 0.6875815435105059
0.9998093942451117 0.008476436109618285 0.017587643676803696 166.45769192407238 -0.008053495014856998 0.9996799830617368 -0.023980673129235738 0.42932089509646876 -0.017785285976568588 0.02383446027425699 0.9995577032398711 0.6810630825928464
0.9997994465783092 0.00814786032136472 0.018294233897329214 167.79883863818856 -0.007767891652008265 0.9997546072956247 -0.020745723666671965 0.42697745923424246 -0.018458777884500347 0.02059945541403421 0.9996173947844524 0.686400231990391
0.9998419099280853 0.0076433093269102186 0.016054126382081778 169.12394631372453 -0.007342447676779356 0.9997978696306158 -0.01871652596493301 0.42654130700558185 -0.016193937553061154 0.01859569048504038 0.9996959321123159 0.6772243668775546
0.9998892404100008 0.00707161596781278 0.013095768779096517 170.56321025619005 -0.006872760744051615 0.9998613396946597 -0.015167944612083888 0.42024262115551203 -0.013201214795116654 0.015076260531179369 0.9997991969872397 0.6797291423551965
0.9999024785394146 0.0067480114081256174 0.012226927364272307 171.8856992075437 -0.006629308986778446 0.9999307559681336 -0.009722938411544998 0.42718602922652527 -0.012291691221845875 0.009640934136933267 0.9998779759129982 0.6709787298669453
0.9998897222345025 0.006924765743372567 0.013137388979885789 173.25671149253563 -0.006838206988293558 0.999954691322937 -0.006622252368722904 0.4315890436919937 -0.013182651288517947 0.006531685896398934 0.9998917715354778 0.6683645192766582
0.9998547154217623 0.007594960384588594 0.01525990254304145 174.65236722233647 -0.0075761043941864606 0.9999704648495029 -0.0012930857965896723 0.44060508242130025 -0.015269272774922243 0.0011772873164538962 0.9998827247750105 0.6817181071864148
0.999820256549753 0.007540741448494189 0.017395166316914755 176.04007261131972 -0.007519533936992722 0.9999709032364066 -0.0012842468360065161 0.44072060585831907 -0.017404344347219134 0.0011532124575895704 0.9998478678773443 0.6702637514841454
0.9998034940034218 0.0067332684220743925 0.01864501206505846 177.45766239386163 -0.00667678311792385 0.9999729355338263 -0.0030901079363522157 0.43371133252426547 -0.018665313973948758 0.0029650120098231795 0.9998213914285069 0.6630300499358384
0.9998059597317529 0.00536471799912509 0.018954226063291762 178.79649302716476 -0.0052660551042334365 0.9999723453098618 -0.005251407347911084 0.42743176574482145 -0.018981874209563248 0.005150574364513228 0.9998065613083403 0.6605057618128382
0.9998751349055609 0.0032590625949458266 0.015462635887478279 180.20461776412978 -0.0031375916499974256 0.9999640808105968 -0.007873538420319078 0.42289545839910475 -0.015487740836686694 0.007824039852953152 0.9998494458087953 0.6514469858544994
0.9999391505580317 0.0015952539310276504 0.01091560104517926 181.6227815652661 -0.001541488476963731 0.9999866485072114 -0.004932202407668992 0.43046054463543987 -0.010923323420890082 0.004915076012674535 0.9999282589432266 0.6581762807980351
0.9999461608326028 0.001107523053519431 0.01031740417084047 183.01575686117656 -0.0010978635785068313 0.9999989538085975 -0.0009418477973315707 0.4585124413665753 -0.010318436495009384 0.0009304699867664472 0.9999463306067492 0.6429335188880376
0.9999327274375602 0.0008007357488906527 0.011571491759588364 184.34677930634993 -0.0008225125605355308 0.9999978996067747 0.0018772999565275616 0.4632370536548398 -0.011569964233718883 -0.0018866913630654128 0.9999312858008449 0.6390265915975769
0.9998926103000759 0.0008306013155082421 0.014631403512829445 185.78321511179655 -0.0008957809052629529 0.9999897028984508 0.004448783388491343 0.4663839792920008 -0.014627557686446776 -0.0044614121668622156 0.9998830583411277 0.6351514537516139
0.9998467070328836 0.0012455771223627724 0.01746456335358579 187.13814987500783 -0.0013068683252358759 0.9999930263161156 0.0034984874327509416 0.47621262410715376 -0.017460083925332673 -0.003520775023892832 0.9998413622233037 0.6337551203736853
0.9998328899764647 0.0014361913919760257 0.01822441976020729 188.60879913183192 -0.0015211598179168586 0.9999880348128349 0.004649333712762649 0.48640261349976643 -0.018217524368557197 -0.004676279017540563 0.9998231114654388 0.6378751402443895
0.9998262717812595 0.0013111970346638244 0.018593198173612133 190.0188540284475 -0.0013869077808510066 0.9999907978241708 0.004059649465880639 0.48050538571061274 -0.018587704075391877 -0.004084731241428109 0.9998188897134777 0.6329341628189232
0.9998106618322455 0.0013559073258193547 0.01941138845860423 191.3663076429709 -0.0013493085575820277 0.9999990273654153 -0.00035303631471858993 0.4823283142733391 -0.01941184826294189 0.0003267775189078667 0.9998115189191759 0.6163916267476511
0.9998081386745904 0.0019039479630529883 0.01949514868383886 192.82866416620942 -0.001879049489842904 0.9999973955514861 -0.001295400810264578 0.4849879357236612 -0.019497564285461885 0.0012585199237594052 0.9998091123382181 0.6115333038840777
0.9997894708125767 0.002203451962891288 0.02039997185671994 194.20431485453648 -0.002134191794899927 0.9999918871646674 -0.003416259684194185 0.4868067292572347 -0.02040733391921436 0.0033720030092660434 0.9997860622743324 0.6134606017254799
0.9997544036156518 0.002679729151980759 0.021998897762942143 195.67255680456816 -0.0024697402623105593 0.9999511847413527 -0.009567053747200842 0.4781223324794677 -0.02202346099388283 0.009510372549860074 0.9997122185808344 0.5859116658371728
0.9997361558541487 0.003017791104363734 0.0227708501119296 197.06533716779305 -0.0027236096764072858 0.999912575918425 -0.012939183533385466 0.46981499593660647 -0.02280790714423666 0.012873750697853214 0.9996569741239589 0.5799736754263883
0.9997978380457532 0.0032011839330883017 0.019850326457378505 198.47639985679956 -0.002996237295161469 0.9999419922464378 -0.010345757792249093 0.4769317576740422 -0.01988229365815341 0.01028418998518292 0.9997494335258409 0.574036903887178
0.9998951281285383 0.003431095335907525 0.01406983758291841 199.92506106893782 -0.0033869633083657568 0.9999892736874466 -0.0031592704222457137 0.49287792414252685 -0.014080526423453558 0.0031112850799960693 0.9998960239348836 0.5680757940690866
0.999896555946144 0.004732362363312649 0.013582420752647286 201.35932389315602 -0.004842298737130268 0.9999556918331781 0.008072577863997713 0.5039372404648156 -0.01354361657682424 -0.008137512942676109 0.999875167875034 0.5573391761893642
0.9998430100869092 0.0057045461926627655 0.01677537877618283 202.81142927835603 -0.005942984769314825 0.9998815380116486 0.014198270158430823 0.524501260097202 -0.01669239684348298 -0.014295736993798954 0.999758468727034 0.5525536860884975
0.9997795259708481 0.00678636744006159 0.019870698691153973 204.2512670167858 -0.007085263607333934 0.9998622325742179 0.015010493373473767 0.5119644670389958 -0.0197660944326578 -0.01514797308780889 0.9996898721214545 0.5367479370564772
0.9997738236393143 0.006177319039882784 0.020350486360399503 205.66144777730008 -0.006471698664589184 0.9998749162720199 0.014431525436213375 0.5155066820907707 -0.020258792708847662 -0.014559963581713407 0.9996887459496977 0.5361157263030512
0.9997760668200684 0.004968355995178152 0.020570164133994207 207.12108133919844 -0.0051907461122602805 0.9999285069371114 0.01077205501828837 0.5043713816442575 -0.020515174105825647 -0.010876417297260813 0.9997303792414151 0.5256924057920949
0.9997883425788201 0.0038707866916614414 0.020206114269785812 208.5722938140413 -0.004050726596452363 0.9999524393666763 0.008871900510836158 0.49553452999282244 -0.020170812019767045 -0.008951872151736647 0.9997564715106585 0.5196521226591424
0.9998030641783014 0.003344424240888644 0.019561382522102398 210.04020377438837 -0.0035020470225312988 0.9999616334138544 0.008029157299997975 0.5017918212724587 -0.019533779110326718 -0.008096080952725676 0.999776417478866 0.49560350754324106
0.9997991230644978 0.003098070969721744 0.019801905860996952 211.5195102380293 -0.0032907890209687273 0.9999474697506014 0.009707133819496068 0.5036249952006391 -0.01977079227245812 -0.009770347774603524 0.9997567984651481 0.4898825969611664
0.9997854759800414 0.0029616592667701196 0.02049952667135302 212.93929446679243 -0.0031920212063161935 0.9999320280471004 0.011213843508422595 0.5092298309139087 -0.020464921694948818 -0.011276872793488385 0.9997269722879438 0.4746130743502177
0.9997890167043575 0.0026496762802105498 0.020369125973986074 214.3712742209166 -0.002865339823170386 0.9999400741836284 0.010565882326511244 0.5150771096207991 -0.02033990916970325 -0.010622017569653064 0.9997366957542962 0.4756798162043913
0.9998000049868419 0.0023784324829491336 0.01985681462961473 215.84184377726757 -0.0025990155255896435 0.9999351233423713 0.011090276127054405 0.5172474377031981 -0.019829148912864948 -0.011139666296645574 0.9997413228871711 0.47021762074711754
0.9998085850082946 0.0021349529625498418 0.019448272919711417 217.31050500979805 -0.0023307371867553354 0.9999467829440741 0.010049823081171076 0.5231976530927755 -0.019425782040323542 -0.01009322820728149 0.9997603541531729 0.45233779733068524
0.9998067455997726 0.0014540031534063594 0.019605033231844936 218.80956057529784 -0.001671614891442333 0.9999371292880347 0.01108797433523729 0.5223156226594036 -0.019587678699799226 -0.011118603600904968 0.9997463175711724 0.45235211100014405
0.9998152901324299 0.0013125432201884378 0.019174536440297794 220.2790370561213 -0.0015358312207015255 0.999931132247641 0.01163494668712238 0.5300164563530729 -0.019157944562679188 -0.011662246449368105 0.9997484509454804 0.4389139321368732
0.9998204642983095 0.0011899345864683866 0.018910928744848073 221.7680839549887 -0.0013812531288686558 0.9999479691443026 0.010106984910373259 0.5370093165450254 -0.018897918142133683 -0.010131291125244033 0.9997700863848792 0.4179983535671002
0.9998146708929552 0.000675875734036886 0.019239726068833708 223.2205663187707 -0.000944027568239461 0.9999025030264347 0.013931735477726104 0.5404807641450197 -0.01922843413182735 -0.013947316353444787 0.9997178300337425 0.42740315046493194
0.9998112802860798 0.0004192083724548156 0.019422360233778125 224.7250526172738 -0.0006459616781555858 0.9999316939286349 0.011670056149019333 0.54342483433423 -0.01941614138340923 -0.01168039987977181 0.9997432578979607 0.4095148662818241
