1.0 -2.1684043449710093e-19 -2.5135375298442207e-37 0.0 2.1684043449710093e-19 1.0 2.3183291766350204e-18 -8.673617379884035e-19 -2.51353752984422e-37 -2.3183291766350204e-18 1.0 0.0
0.9999996144572926 -0.0005723897269502802 0.0006659243699802237 1.3271307127150507 0.0005725266515208768 0.9999998150031163 -0.00020544334102258209 -0.005205242904773986 -0.0006658066531284189 0.00020582452126511109 0.999999757168854 0.013546002618737998
0.9999992686506489 -0.0006310930990495225 0.0010317071617683797 2.620400249204164 0.0006317219644781507 0.9999996148242213 -0.0006093264874477984 0.0032616480561835828 -0.0010313222226384742 0.0006099777938922657 0.9999992821505244 0.023155165917102573
0.9999984080806568 -0.0013145955684215954 0.0012065134246878437 3.944431469168364 0.0013152995039614583 0.9999989651428909 -0.0005828381958469084 0.0014968510495183922 -0.0012057459796094815 0.0005844241945245251 0.9999991023120939 0.042724277089956374
0.9999985763318838 -0.0008800205240788166 0.0014397562580511227 5.276348118827755 0.000881273383638691 0.9999992334146602 -0.0008697857869248605 0.012604385612162781 -0.0014389897250110366 0.0008710533675077156 0.9999985852863005 0.04177979977458566
0.999997786687794 -0.0012070478149658944 0.0017232687212533166 6.606972188827152 0.0012091179588218897 0.9999985481118654 -0.0012007530649974663 0.008382052461006931 -0.0017218168528964884 0.0012028340425147947 0.9999977942660631 0.04278872157354516
0.9999964081120559 -0.000986173758902221 0.0024922327948558114 7.943019822803461 0.0009920092959691928 0.9999967670190932 -0.0023413391292012157 0.022067641778480897 -0.0024899157703048617 0.002343803037473641 0.999994153436298 0.060583319494180304
0.9999961720534721 -0.0009846201646706463 0.0025858077140055967 9.265081513067313 0.0009909427966165486 0.9999965200304826 -0.002444986564074536 0.026986099074174857 -0.0025833913324002375 0.002447539592324337 0.9999936677995355 0.059698913751514426
0.9999952226997121 -0.0014686485938407937 0.002719861956242218 10.59505563734172 0.00147483793973391 0.9999963245971722 -0.0022750044392495427 0.02784763063667413 -0.0027165107775832067 0.002279004926474085 0.999993713333109 0.06666392849684022
0.9999972185222566 -0.0014886489236473736 0.0018294458538383475 11.915622494397427 0.0014908277049430784 0.9999981804678302 -0.0011901654436300235 0.05121974310583501 -0.0018276707865961413 0.0011928895217749268 0.9999976183142062 0.05955911594811831
0.9999980814621166 -0.0013673589943011958 0.001402640890253317 13.248638614201843 0.001367187821943881 0.9999990578353423 0.0001229873468149658 0.05576856954411901 -0.0014028077365894952 -0.00012106943731536686 0.9999990087358315 0.06403073483859278
0.9999980701645039 -0.0013759563964308896 0.0014022878674366922 14.589582816318641 0.0013749342365049896 0.999998788599722 0.0007296265713999767 0.06686804255060017 -0.0014032901030527037 -0.0007276971097423461 0.9999987506161211 0.061112554238327066
0.9999978855034685 -0.0008488327809888866 0.0018730914290898079 15.939158307186709 0.0008477025064167278 0.9999994582082589 0.0006041387665352652 0.08073272627511922 -0.0018736032270536428 -0.0006025496647867517 0.9999980632705491 0.07242699296921143
0.9999923677490501 -0.00039635882338265554 0.0038868166063992784 17.263686578382863 0.0003981579462946113 0.9999998139597864 -0.00046211539960875286 0.07846551689708503 -0.0038866327197790303 0.00046365943954568295 0.9999923395236714 0.08545089956228742
0.9999875173734009 -0.0003680719770276206 0.004982932911645614 18.61329322590732 0.00038287643147437173 0.9999955150415611 -0.0029704044170754747 0.08695178489814313 -0.004981817240772238 0.0029722751861977746 0.9999831733970311 0.10989845590026187
0.9999917235291399 -0.0004671917700356347 0.00404160921790218 19.957593557986982 0.0004838638288320488 0.9999913746332071 -0.00412511029964631 0.08297269152669619 -0.004039647139957757 0.004127031746801937 0.9999833242909332 0.11761041717930229
0.9999945865869483 -0.00029083177718786546 0.003277531643752884 21.32477393843988 0.0003057658212168012 0.9999895704774925 -0.004556911618925797 0.09466556036589215 -0.0032761721659582163 0.00455788910763558 0.9999842460473173 0.11104178110464662
0.9999954312728704 6.4831881274376465e-06 0.0030228118291377648 22.67629241797306 7.958001833200634e-07 0.999997100735604 -0.002408011576613283 0.09585543485690746 -0.0030228186767991168 0.002408002980619672 0.9999925320165609 0.15767042321669603
0.9999915603408761 0.0005423537530989712 0.004072480745975417 24.047901783138087 -0.0005314082590396811 0.9999962453880027 -0.0026882736392953694 0.11596356206199024 -0.0040739234506879775 0.0026860868012790304 0.9999880939718302 0.11973316924069391
0.9999666139093838 0.0012246498349720682 0.008079065501837172 25.43151965233121 -0.0012024127353122702 0.9999954773446644 -0.002756717945430986 0.11450819897173245 -0.008082404977185412 0.002746911538147026 0.9999635639396 0.1283183785564928
0.9999558099017115 0.0014516253691438084 0.009288219829429057 26.794770444326893 -0.0014207252454633338 0.9999934378312814 -0.003332541695454965 0.10673746978101425 -0.009292996480632294 0.00331919842171281 0.9999513103837848 0.14219359675119667
0.999957252502918 0.0015752853737648032 0.009111072538765407 28.169554147392738 -0.001531313736266069 0.9999871574999433 -0.004831139971548232 0.12474079272747884 -0.009118565953951604 0.004816981541875667 0.9999468228079774 0.1861082885003889
0.9999675360394434 0.001772881563117413 0.007860264510020688 29.524676546863997 -0.001741230625969353 0.9999903566374968 -0.004031717738052211 0.12375815836676766 -0.007867336468686132 0.00401790031923352 0.9999609799856758 0.1833205145408374
0.9999738455655381 0.0023965087503784463 0.006823850136003731 30.899609843501477 -0.0023701474144969107 0.9999897081630721 -0.0038685874899588085 0.12022042247533991 -0.006833051009822202 0.0038523127784840785 0.9999692340768059 0.22290711469626612
0.9999785713712367 0.00246154838731499 0.006066100714408413 32.2904677856339 -0.0024395392011316614 0.9999904250841378 -0.003632958647089183 0.10744336527660711 -0.006074985335503386 0.0036180823072762096 0.9999750017043382 0.17693506351524668
0.9999842257517351 0.0030889349138146526 0.004691132997582729 33.66265601424648 -0.0030756480167274465 0.9999912460964453 -0.002836920822993458 0.12130552586378185 -0.004699854995634778 0.0028224477987998683 0.9999849724628082 0.19606977610618762
0.9999810474895664 0.003321349925080054 0.005183946020608485 35.06862295270555 -0.0033067088150171143 0.9999905273873684 -0.0028303378500997723 0.1304046596284077 -0.005193297457502307 0.002813142408089219 0.9999825577935396 0.19541748202054884
0.9999740806173862 0.00302272261355013 0.006534618689323295 36.456406730186586 -0.0030057655898973073 0.999992094284393 -0.002603217611403529 0.12442093452504764 -0.006542435833228318 0.0025835086056107638 0.99997526070231 0.2204925106387923
0.9999681992506048 0.002817408897065914 0.007460743569487243 37.85562446477295 -0.00280846379164149 0.9999953252185447 -0.0012091617709096274 0.13633880745392898 -0.007464115395272913 0.0011881700904855456 0.9999714372086846 0.2208944534291803
0.9999693982633184 0.0025606453440717015 0.007392268414958832 39.244525032683484 -0.002553367474406674 0.9999962463365184 -0.0009937944526400642 0.1485778492545127 -0.007394785422008951 0.0009748888630710691 0.9999721829832403 0.1955235528564449
0.9999668088355399 0.0028484541186912147 0.007633317522574768 40.64389871387317 -0.0028421826010675702 0.9999956146112817 -0.0008323198106767423 0.15173564803909362 -0.007635654872303011 0.0008105969027619365 0.9999705194191139 0.17308818016032254
0.9999618667052357 0.002884977860228781 0.008242696047190651 42.061471430023026 -0.0028799875122914294 0.9999956623387716 -0.0006172321852387394 0.16982405483834118 -0.008244440994356625 0.0005934697864583587 0.9999658379096273 0.16276644185218658
0.9999604354637268 0.0026760863104718893 0.008483281750164062 43.44652843450982 -0.0026712672469809537 0.9999962643378693 -0.0005793458394141337 0.1783009776444676 -0.008484800438959567 0.0005566618051785309 0.999963848491107 0.15760377402298237
0.9999577761205365 0.0025220105549711175 0.008836596563815262 44.87422030630397 -0.0025165290329031455 0.999996634211882 -0.0006313846165854008 0.1860532455472823 -0.008838159180370817 0.0006091204052725617 0.9999607571873179 0.16890368827074054
0.9999608109668172 0.0014882049154989988 0.008727071485591363 46.28480685156974 -0.0014888892561482597 0.9999988890175731 7.191941642065157e-05 0.1678973463901086 -0.008726954759139267 -8.491024094078979e-05 0.9999619158002384 0.18398099531254292
0.9999552713526186 0.0006571159710397857 0.009435226161122346 47.72283967624485 -0.0006609721577325071 0.9999996993068139 0.00040558857064947734 0.17927368838709135 -0.009434956805286684 -0.00041180685101573 0.9999554050082433 0.19414357224993709
0.9999495839441335 -0.0003382365111463868 0.010035694595634404 49.119074731106515 0.00032670077465124243 0.999999284131517 0.001151087771425189 0.18659677263273336 -0.010036076751308768 -0.0011477510689212407 0.9999489786138719 0.21300752680743776
0.9999466305801555 -0.0013961029645670029 0.010236546678753443 50.54725248282248 0.0013765457106878981 0.9999972144813307 0.0019173292586002716 0.1901167818686939 -0.010239194953723543 -0.001903135857427195 0.9999457670096954 0.2199056104301435
0.9999445125361304 -0.0027980079489065717 0.010155934245483085 52.00925269926012 0.002780937685778428 0.9999946974296686 0.0016945495370083614 0.20458782602514075 -0.010160621756001832 -0.0016662124904745998 0.9999469913457754 0.20846230197096596
0.99993046495905 -0.003568280648689211 0.01123977846712912 53.40319717681933 0.0035407944151958845 0.9999906947260709 0.0024643936737807634 0.2185167892275167 -0.011248467526168485 -0.0024244245672412905 0.9999337948803563 0.22022832532382056
0.9999180081620314 -0.004465554210145949 0.012001490693736896 54.86897363838851 0.004436233931690971 0.9999871129234786 0.002468565467899813 0.21774843448807812 -0.012012359542526156 -0.0024151216454335253 0.999924932385256 0.22928733854491434
0.9999154416657231 -0.004724906077055885 0.012115476920248669 56.26346340847062 0.004696246635352184 0.9999861095929958 0.002392882906625107 0.2356387038776454 -0.012126614778330394 -0.002335783300709998 0.9999237417575354 0.24407235912653552
0.9999145167734997 -0.005340302102266841 0.011934836365655609 57.70680710012403 0.005313957734944287 0.9999833765257907 0.002237973473839876 0.2395003858249706 -0.011946589421658261 -0.0021743609486259406 0.9999262728599821 0.2586109912445547
0.9999102839187302 -0.004907477898656051 0.012463577906784802 59.15177415711023 0.004875637352083713 0.9999847759809795 0.0025837892099071407 0.27440218299774816 -0.01247606804948009 -0.0025227895164814758 0.9999189883480963 0.2749270264105479
0.9999024665787695 -0.00509076626309008 0.013005438421961368 60.56346864017596 0.005051381078057037 0.9999825615994731 0.0030594192521223693 0.25519683179923003 -0.013020786416230492 -0.0029934254309391998 0.9999107452794436 0.28789081434730907
0.9998955176739499 -0.0047775034582728994 0.013642917439100075 62.02367627714309 0.004740119059104536 0.9999849256686335 0.0027712283924568814 0.26182616857347896 -0.013655951334470418 -0.0027062697950935534 0.9999030908527821 0.2975973839214407
0.999899914287421 -0.0043538378074158375 0.013461259389626204 63.426240488389666 0.004319784070356305 0.9999873984807907 0.002557800853475156 0.27727499422849405 -0.013472226007367123 -0.0024993951202758593 0.999906121668649 0.3133629628945843
0.9999050200160331 -0.003930765185349965 0.013209846017039206 64.84515653095023 0.003896112140950083 0.9999889041796705 0.0026479855979538443 0.28802429019193054 -0.013220108052560967 -0.0025962670508771386 0.9999092399515462 0.3168227436402843
0.9999122033096886 -0.003051030444534009 0.012894839494565267 66.29890282949246 0.003025254178090669 0.9999933877482603 0.002017993289263486 0.30572779032423814 -0.012900911189602793 -0.0019788059490748757 0.9999148217810824 0.31222168627175106
0.9999143378506857 -0.002555975769278643 0.012836820030348526 67.66887698601501 0.0025133224005171053 0.9999912712123538 0.0033377701556359073 0.3114808976693428 -0.012845239240113654 -0.0033052211677367764 0.9999120338019223 0.3095216199838148
0.9998986091608227 -0.0020025193924864404 0.01409827345226409 69.1331238060352 0.001924081224482353 0.999982608274315 0.005575039043770799 0.33189559324027446 -0.014109192382758595 -0.005547347562636586 0.9998850722084641 0.30805464338446087
0.9998866709047531 -0.001209363509985525 0.015006091660074118 70.47059285209644 0.00109083055902413 0.9999681627029705 0.007904661228481828 0.3430030736030153 -0.015015173515525206 -0.007887396297022245 0.9998561564264893 0.3028028789862611
0.9998808292340656 -0.00012716197682554562 0.015437330080977973 71.93531061494002 -2.888717418582038e-05 0.9999489133102979 0.010107914477550339 0.36690193793189235 -0.015437826781272847 -0.010107155850483064 0.9998297449590532 0.2935049920649014
0.9998810599749686 5.041933728748972e-05 0.01542281949656865 73.2908342310633 -0.00026847747732483145 0.9999000326342857 0.014136925330436936 0.373158271041881 -0.015420564943525249 -0.014139384563855942 0.9997811180358318 0.2876861432723914
0.9998779936762432 0.0008513334350542321 0.015597211076114543 74.71189243880538 -0.0011120334561711858 0.9998597015227249 0.016713487143023446 0.3976827391298935 -0.01558079406072962 -0.01672879261243957 0.9997386590275316 0.2852174493819617
0.9998745700183321 0.0014200154401936387 0.015774276110329558 76.17428387516668 -0.0016998230673925634 0.99984120660609 0.017739001494379823 0.41094573877875 -0.015746581603473888 -0.017763589970151338 0.999718210316876 0.2735215203563918
0.9998635475235822 0.0018769944824289955 0.01641228884921492 77.51163183775809 -0.002177232652178969 0.9998302654258866 0.01829480790769152 0.41291350581814495 -0.01637516386285704 -0.01832804490702643 0.999697922763847 0.2738283538763476
0.9998596175790746 0.00213870431156854 0.016618395785825104 78.95058997071558 -0.002429913100929677 0.9998435096399709 0.017522892259762442 0.41304821174068357 -0.016578318881858373 -0.017560813611361813 0.9997083460531668 0.28036410189222405
0.9998715051807954 0.001425142641128077 0.015966906273387663 80.26070410520192 -0.001715850524288047 0.9998327479291078 0.01820802091133166 0.39755456013960555 -0.015938286748236403 -0.018233078099477038 0.9997067199326758 0.27150217716130226
0.9998676416372351 0.0011597723585215064 0.01622818951300501 81.65895386519483 -0.001438694104124425 0.9998512682054048 0.01718637912180364 0.40504478734023674 -0.01620584357780717 -0.0172074517613742 0.9997205980861911 0.2728347985845551
0.9998633953209443 0.0009627484631420504 0.01650041856044595 83.06508506392856 -0.0012528590511684948 0.9998446625115289 0.017580705088387247 0.41971268118975963 -0.016480929630063246 -0.0175989761805526 0.9997092852404269 0.2667473794156555
0.9998722401386115 0.0008848913290045691 0.01595996138875727 84.40913306187781 -0.0011633963695575477 0.9998470708017403 0.01744939878812831 0.442201775212632 -0.015942079822973874 -0.017465737216495785 0.9997203599579246 0.25616886135121447
0.9998673626473119 1.2934481170230648e-05 0.01628671069946424 85.83313039569995 -0.0003169009094622205 0.9998258177671293 0.018661020875203695 0.4446597278747406 -0.01628363247320536 -0.01866370700022916 0.9996932076164604 0.2557589185100974
0.999853796330765 -0.0012287688897373342 0.017055089855313843 87.16125272558585 0.0009222687180325691 0.999838147343614 0.017967429891376244 0.44219112689822077 -0.017074407262594918 -0.017949073611342608 0.9996931005929397 0.2503140773458878
0.9998354310822479 -0.0020025923233863343 0.018030540107321365 88.54721333842956 0.001681322251249869 0.9998398747608259 0.017815667086675934 0.4594143436492865 -0.018063330480918027 -0.017782420033339956 0.9996786991977448 0.24833789303818424
0.9998171214044365 -0.0033656434037497925 0.018825413435701918 89.9503140152022 0.003043942637889041 0.9998493000856014 0.017091270624224983 0.4674540943481297 -0.01888009956974676 -0.017030841518024004 0.999676693875287 0.2549110947659814
0.9998027275577827 -0.004112370694794024 0.01943178775323556 91.29173711542609 0.0038006424874602427 0.9998639354744665 0.01605196729981449 0.4775995730939193 -0.019495155416172198 -0.015974947410880607 0.9996823195248172 0.24930944510413539
0.9998017750016007 -0.004363164160744273 0.019426103627718516 92.6684146173325 0.0040614929524121395 0.9998709726696088 0.015541630793712659 0.4884281048872236 -0.01949140781590617 -0.015459651070996647 0.9996904942081409 0.23507617732031968
0.9997988813801248 -0.004614254592355869 0.019516799061526934 93.98581365848723 0.004320383906776157 0.9998770652947132 0.015072776138779892 0.501111504955362 -0.019583949396104083 -0.014985424658267969 0.999695906750579 0.22954033713060384
0.9997979263795248 -0.004795733938882342 0.01952197078139365 95.3714137355379 0.004507608314818255 0.9998806628155471 0.014776386392567937 0.5170516677266386 -0.019590504702082505 -0.014685403076856203 0.9997002306001475 0.21625097647353236
0.999806066423821 -0.005002124081166371 0.019047527314653968 96.72995874144611 0.004713393283858632 0.9998737697834049 0.015173279898365914 0.5236666289632741 -0.019121021569925335 -0.015080558802613856 0.9997034376655525 0.2072988714961673
0.9998124999889509 -0.004317881740720502 0.018876460555861254 98.0659728104842 0.003997303169875291 0.9998477056668171 0.016987849780646207 0.545354593115753 -0.018946937304270002 -0.016909209623008663 0.9996774940933266 0.1964276405253238
0.9998023258976327 -0.00421076924130739 0.019431380601499793 99.42329395523959 0.0038604832452069377 0.999830006871548 0.018029254791967476 0.565410958586257 -0.019503994431842916 -0.017950676355966796 0.9996486219765254 0.19088012686818567
0.9997791706099075 -0.004275324356740108 0.02057502408772287 100.77426364297153 0.0038932226955257165 0.9998198806135634 0.018575498564584424 0.5651925228800848 -0.02065073440846003 -0.018491293397826434 0.9996157357889415 0.18198088899048226
0.9997611846787583 -0.0039235060176402246 0.021498365292628115 102.1185077967603 0.0035252853001201926 0.9998220900179288 0.01852999394855363 0.5897101564870919 -0.02156724306160833 -0.018449780830953482 0.9995971486624056 0.1606843796144641
0.9997638674791499 -0.0041891329103666075 0.021322768314458097 103.42881651342746 0.0037821416824986996 0.9998105806470974 0.019091836747880026 0.5906045865126388 -0.021398707611121767 -0.019006682813512716 0.9995903367485103 0.1362982926870353
0.9998118870562434 -0.0036405837870290463 0.019050896323355063 104.77152607715641 0.003275351806849259 0.9998109199219984 0.01916758918770291 0.5971316488808799 -0.01911707539282543 -0.019101585128381296 0.9996347667393367 0.13510133823883522
0.9998347587558197 -0.0035460964739647237 0.017829200304251787 106.09953767028044 0.003237297331218337 0.9998447743043333 0.01731898387049189 0.5990018989339135 -0.017887847541867178 -0.017258403637486482 0.9996910384784914 0.14395878703992432
0.9998140045992102 -0.003454964501393775 0.018974177915907452 107.43501803992818 0.003138785531918703 0.9998561488899063 0.01666821983386514 0.6176147838900747 -0.019029036567178567 -0.01660556374651419 0.9996810246373516 0.1373322157038098
0.999784751465193 -0.00309342459955866 0.02051539572928298 108.77680854568054 0.0028137807309344086 0.9999029324977018 0.013645813295467464 0.6249247836013363 -0.020555616645590063 -0.013585150228958814 0.9996964090750633 0.11067176760792914
0.99977044599272 -0.002143155623645249 0.021318119135851108 110.11897333273977 0.0018535973557022487 0.9999058897224644 0.0135932290192529 0.6390079307040978 -0.021345245286958806 -0.013550593429800898 0.9996803298661726 0.10575078297228822
0.9997799625923915 -0.0015007058026648076 0.020923056202427195 111.46014565222237 0.0011974729573810442 0.9998941848463629 0.014497764273974692 0.6428533328181345 -0.020942599104992198 -0.014469519429519557 0.9996759677766623 0.09465545130511854
0.999816249496425 -0.0008432729384599087 0.01915087814315285 112.76765117891128 0.0005203519709131806 0.9998577134334204 0.01686066788471338 0.6574504867351262 -0.019162371375406415 -0.016847604531312444 0.9996744278738091 0.0804125248017104
0.999832865023902 -3.772859398990398e-05 0.01828224807426212 114.11869256344632 -0.000315003475505492 0.9998138727491019 0.01929042848806224 0.6628603717161571 -0.01827957305043214 -0.019292963354441413 0.9996467569967394 0.07980040606857533
0.9998317877565231 0.0015352068095194774 0.01827674291679538 115.42392925562572 -0.0019177692163785639 0.9997790506373981 0.02093255999192196 0.6803908353747095 -0.018240568873457208 -0.020964089453985504 0.9996138197326695 0.06717358422248847
0.9997939697092456 0.0026990588985459233 0.020117982356347753 116.78027641584428 -0.0031261139732326557 0.9997698072211806 0.021226398195403985 0.6967609235905735 -0.02005606004315152 -0.02128491602016954 0.9995722619228485 0.061419008352974036
0.9997544315537598 0.0036958855927190816 0.021849874560378162 118.11235755975186 -0.004186020178749851 0.999739676848465 0.02242890478801315 0.6944794087034157 -0.021761291866105478 -0.022514860972526383 0.9995096433810461 0.050932921472805426
0.9997376481757707 0.0045998968553844334 0.022438265728409405 119.44967087550737 -0.005102286188539483 0.9997364218539622 0.022384224227941583 0.696768579394411 -0.02232938636929208 -0.022492838139202265 0.9994976091701343 0.039870560074853165
0.9997368750763393 0.005517084350523296 0.022265273249278024 120.76556677193932 -0.005991821442932676 0.9997549230230797 0.02131178000337579 0.6906227745025284 -0.022142237655481362 -0.02143958188457711 0.9995249199695937 0.017768598727960546
0.9997373192833762 0.006825406021546409 0.021879357045623153 122.1103912954605 -0.007334685448229573 0.9997020403524176 0.02328160012947452 0.6996098315727644 -0.021713931506393558 -0.023435962703807513 0.999489500110272 0.012230673871924823
0.9997300151169791 0.00815612741385426 0.021757170308055886 123.44943955446503 -0.008699991748666185 0.999649078082944 0.025020608135959507 0.698802726931795 -0.021545463972212665 -0.025203140152153216 0.9994501461847375 -0.005590850416661429
0.9997240121392107 0.009244416975377472 0.02159722915248168 124.8275781158736 -0.009831973345714182 0.9995800435416388 0.027259289305203972 0.7031027092937243 -0.02133616301982663 -0.02746410945363047 0.9993950624450325 -0.008352304122064261
0.9997132685000606 0.01027255836525392 0.021629963697571735 126.13786004332067 -0.01088674202285848 0.9995353209143716 0.028471408337696787 0.696916713933017 -0.021327438501928607 -0.02869872452281799 0.9993605573454007 -0.030587981264567812
0.9997040831211872 0.01112648722515906 0.02163209358464298 127.4855771551524 -0.011721183242833976 0.999551380343789 0.027561783618149406 0.6826632575012151 -0.021315723168925983 -0.027807181353998345 0.9993860118147199 -0.038404380331155966
0.9996789211154185 0.012042940601299694 0.02229399603450796 128.7941269334133 -0.012644497019606977 0.9995543370282636 0.027041524053014264 0.6731120839812927 -0.02195840095804427 -0.027314737957047402 0.9993856781631922 -0.059325175818570636
0.9996562154848195 0.01293571121379468 0.02280610045495572 130.13622634256902 -0.01349422597941826 0.9996085472561423 0.02450832751701053 0.6669503881855605 -0.02248014029726279 -0.024807652606765696 0.999439454726677 -0.0715180578246059
0.9996505894927096 0.013350777642997759 0.022813497390917977 131.4720153278428 -0.01392399510784377 0.999586590829234 0.025154915913716876 0.6521614941619867 -0.022468228392886987 -0.02546378154785057 0.9994232209340388 -0.0829178639406489
0.9996489810388168 0.013292320984917368 0.02291787317551474 132.82438050208359 -0.013873468008500986 0.9995813978952676 0.025388104835922035 0.63793092665734 -0.022570812866889674 -0.025697143510059507 0.9994149364613034 -0.08395475741895206
0.9996447967089328 0.013200242204528971 0.023152408481581403 134.1375720057411 -0.013786584993309587 0.9995835346140738 0.025351280098974416 0.6255055340250251 -0.02280812326734669 -0.025661467888181643 0.9994104655139675 -0.10040738927127801
0.9996459789985609 0.012769288254802783 0.023342278155195222 135.48290282417776 -0.013332008201413208 0.9996203427294353 0.024112817313693333 0.6035714489369303 -0.023025512574668113 -0.024415480313765153 0.9994366963903827 -0.10738903154288354
0.9996736464412191 0.011581918739115177 0.022769711663454706 136.8061119481103 -0.012153725678637374 0.9996101401495058 0.025136719404366674 0.601738745792343 -0.02246970322556048 -0.025405252775872283 0.9994246772860621 -0.11242464204851124
0.999674825520233 0.010635822789331124 0.023175903319732828 138.15807203569412 -0.011242323014571197 0.9995935490805372 0.026198221500925784 0.5948054473833284 -0.022887843811239653 -0.026450253499153312 0.99938807812356 -0.11360852212880296
0.9996775147206532 0.009524393471059357 0.023540443728750613 139.48409362390328 -0.010140808251332048 0.9996051216704763 0.026206196560394204 0.5790194902110086 -0.02328154999023364 -0.02643646457378034 0.9993793487814782 -0.11863317840523961
0.9996875227017087 0.008373128466982436 0.02355308205301115 140.86841506159416 -0.008966507210841941 0.9996421790581052 0.02520149988395803 0.5667751094397838 -0.023333638870917394 -0.02540481386742728 0.9994048912875116 -0.13547722898033837
0.9997031259991143 0.0070528337655803046 0.023322036863751856 142.18300382012876 -0.007640890795626572 0.9996526626730122 0.025222426501157417 0.5646686335566202 -0.023136046668530457 -0.025393139755297476 0.9994097817201509 -0.14545147413583434
0.9997077580932187 0.006056026157283469 0.02340348169424464 143.53082551350462 -0.006649240915591157 0.9996564434830927 0.025353157554445345 0.5610441799392987 -0.023241901890270818 -0.025501363687387365 0.999404569954834 -0.1655301829523747
0.9997626437805763 0.005530415075335353 0.02107298293946635 144.89035521155867 -0.006010440637071823 0.9997223350939288 0.022784365641610047 0.5376209331574785 -0.02094112471241151 -0.022905615543723078 0.9995182850115062 -0.1835306967640784
0.9997742207590902 0.0045192527464276 0.020762559094874015 146.19665889756763 -0.004962025058115831 0.9997603096909365 0.021323730302304892 0.5432069880979734 -0.020661215183934843 -0.021421940185163246 0.9995570092124944 -0.1711539994569292
0.9997166333174178 0.0036654342930220224 0.02352057949819879 147.61400510305808 -0.0040121130851999915 0.9998837650391417 0.014709159042656428 0.5283475264362918 -0.023463930128584984 -0.014799358181831148 0.9996151374305647 -0.17992952380130922
0.9996749181389455 0.002374999118891647 0.02538537813541103 148.92469096791314 -0.002600583393761952 0.9999573937339706 0.00885706964953476 0.5157130730666929 -0.025363261026623334 -0.008920207169672918 0.9996385021067092 -0.18518558775865773
0.9997583931740299 0.0016867501810600236 0.021915979373702887 150.25082561994097 -0.0018401280517514641 0.999973945248113 0.006980168599469452 0.47971434741296864 -0.021903634557648963 -0.007018810351516555 0.9997354485534733 -0.18893141497810292
0.9998343459198515 0.0022869917940972094 0.01805686538567199 151.62374852461178 -0.002377720909211436 0.9999846492743831 0.005004763617465323 0.5060497555459467 -0.018045142346361415 -0.0050468687443342404 0.9998244355653532 -0.21374460627585887
0.9998661809392689 0.0027553611760498756 0.016125389877790608 152.95652489708615 -0.0029037434032286704 0.9999535953619896 0.009185608138748934 0.4936933575388145 -0.016099331916866636 -0.009231202923777687 0.999827783372922 -0.20912551830248657
0.9998538759555434 0.0036286684160019866 0.016705074145404012 154.32123550777797 -0.0038055452963204426 0.9999369089602261 0.010568629242530382 0.5033707267995647 -0.016665670153773876 -0.01063065682801983 0.99980460319691 -0.1866896291175041
0.9998242976046909 0.004543514659132499 0.01818599444156492 155.65899920103243 -0.00467758470152065 0.9999621478276016 0.007336423745245819 0.513386076305148 -0.01815197291333595 -0.0074202012474025815 0.9998077047576707 -0.22598810870500183
0.9997736396818976 0.004695746200993609 0.020751370191561754 156.9956057682532 -0.004646016851035282 0.9999862206042465 -0.0024439985792358418 0.49352383343321643 -0.020762560647263135 0.002347034139347937 0.9997816799212303 -0.2448810238799645
0.9997536350208464 0.0049471918678990244 0.021637803844812564 158.33476884238092 -0.00485434306064943 0.9999787932795285 -0.004341468031377701 0.4791431029627254 -0.021658823053294387 0.004235361122754895 0.9997564488914817 -0.2525269879616909
0.9997547454625162 0.004756381523727927 0.02162928015399873 159.66427262373446 -0.004655641358989274 0.9999780911361829 -0.004705555352148914 0.47223181543530857 -0.02165118769758122 0.0046037031220972965 0.9997549859784884 -0.2607910612604805
0.9997460320956255 0.0057621965743331624 0.021786885956724726 161.03776736893278 -0.005685199693223007 0.9999773792048691 -0.0035943821457334445 0.4742528650800786 -0.021807104656527947 0.0034696064906749157 0.9997561762836473 -0.27509301412835746
0.999752398408141 0.006728225011498946 0.02121020663181606 162.38543058841307 -0.006676944589588328 0.9999746147669296 -0.002487615862286892 0.47360575857916126 -0.02122640544504088 0.0023453805502251014 0.9997719434460828 -0.2980578050840207
0.9997728969616487 0.00767768231501482 0.01987983136704711 163.72358760101085 -0.00765985322365443 0.999970189676129 -0.0009728348670238482 0.4837802577570865 -0.019886707859889538 0.0008203373428871509 0.9998019033274238 -0.31925848528283
0.9997732662415942 0.008383203236606712 0.01957391151783516 165.06326143779043 -0.008372274331057692 0.9999647469477532 -0.0006402220251883783 0.4863903357615211 -0.01957858858906345 0.0004761987082832273 0.9998082076596743 -0.3392382857551173
0.9997478921942924 0.008614190020279298 0.020735182260206892 166.41702663460094 -0.008588618060105881 0.9999622432610965 -0.0013220030457970315 0.48988354697902387 -0.020745787352788064 0.0011435831976704168 0.999784128962139 -0.35274136318687693
0.9997523415531747 0.008440787303551469 0.020591470774094938 167.74497362091572 -0.008400787308505379 0.9999626557254221 -0.0020282818241836365 0.47584623177168106 -0.02060782209602598 0.001854794936714859 0.9997859157860752 -0.37829480410817024
0.9997938577489475 0.008096150460484022 0.01861973026654151 169.10833143501986 -0.00808582299004635 0.9999671108238231 -0.0006298708039117057 0.4757042694120796 -0.01862421740775154 0.0004791851178686518 0.9998264393921436 -0.39422295348945763
0.9998391605522877 0.007494778886910029 0.01629359737850543 170.53051346123127 -0.007542878092208678 0.9999673684450572 0.0028925827824458654 0.47085222618782063 -0.01627138642472084 -0.0030150181597382725 0.9998630664492584 -0.39926055562965573
0.9998586391687087 0.007292467220183202 0.015149970347850995 171.8287331541443 -0.007405297965079011 0.9999451630999627 0.007404887240020017 0.47859177393035784 -0.015095139672974461 -0.0075160305235920976 0.9998578129131271 -0.4132885608235647
0.9998462418068834 0.007515233622587177 0.015843421608015672 173.18704757445306 -0.007650182605636027 0.9999348280391113 0.008474336581322076 0.48414821474644004 -0.015778702441957216 -0.008594238651040868 0.9998385727762543 -0.4270692887736897
0.9998162165888616 0.008135120132920027 0.017359518033564374 174.60770022708257 -0.008352852333824027 0.9998868947704255 0.012507098954003829 0.4886766524097085 -0.01725580782878675 -0.012649801847415335 0.9997710836033402 -0.42390519035835844
0.999780291082877 0.008080151568976743 0.019341166274553432 175.9758378457541 -0.00827480896726051 0.9999157039407003 0.01000562588392553 0.48371122760310997 -0.019258688916769632 -0.010163472014823387 0.9997628752548331 -0.443343410857672
0.9997685070047209 0.007263711997746679 0.020252676108730282 177.3869767874741 -0.007444836668857923 0.999932837871907 0.008882238029249086 0.4851865973194066 -0.020186797876963352 -0.009030959719099691 0.9997554375736231 -0.44727775656955315
0.999775401675694 0.005879767932927756 0.020361103439148254 178.7813050786099 -0.006038734797329534 0.9999516978622878 0.007754716266614429 0.4865144595568984 -0.020314524022292568 -0.00787592987418549 0.9997626167457776 -0.46005222754400066
0.999853484118841 0.00414454424939357 0.016608222312433685 180.12091481236675 -0.00423965497485352 0.9999747923359085 0.005695613966097542 0.46353125065999085 -0.016584197933834522 -0.00576519260054894 0.9998458515857181 -0.47538249871262234
0.9999225833679435 0.0027407787062773783 0.012137355678297506 181.54752261779444 -0.0028552244635324654 0.9999515361123391 0.00942194883430487 0.45275767979911363 -0.012110943978118715 -0.009455874293613976 0.9998819487706047 -0.48827190286478034
0.9999196488129264 0.0020499833518427945 0.012509735652323129 182.9346676028032 -0.002204898884689516 0.9999209042061808 0.012382396876285985 0.47283524844885544 -0.012483362477398946 -0.012408984638185726 0.9998450793805543 -0.4696411229544393
0.9999030035728578 0.0017185692448095028 0.013821359040574232 184.26513129388007 -0.001928108966773515 0.9998831978483892 0.015161565100321258 0.4942683377656183 -0.013793688476615516 -0.01518674356897577 0.9997895263394092 -0.4805163605792276
0.9998645151874438 0.0017353854403265878 0.016368863929776226 185.70298839274258 -0.002040631466241164 0.9998239961021462 0.01864973569664377 0.5098021689170036 -0.016333618466127253 -0.01868061175950041 0.9996920764175806 -0.4821759004879423
0.9998476809180042 0.002024943725629643 0.017335355946640117 187.06195635040623 -0.0023921864571068703 0.9997726015993534 0.02119015184501717 0.5233239566974942 -0.017288505049399508 -0.021228393584265468 0.9996251611974302 -0.4762467459967159
0.9998417033613 0.0023238775903049085 0.017639949334382295 188.51537088739767 -0.0026880851466265544 0.9997831276633441 0.020651194588834316 0.5242895694686518 -0.017588132869033636 -0.02069534325993876 0.9996311121356389 -0.4772378940635445
0.9998406465645391 0.0022978892133001297 0.01770314047189651 189.93751189469003 -0.002668863673074968 0.9997767477099812 0.02096024582745031 0.5200761222964874 -0.017651023882450618 -0.021004153008774392 0.9996235626035859 -0.47875548714616073
0.9998312509213264 0.002007514591320153 0.01826032766029485 191.30967664247106 -0.0023366259685188963 0.9998348988139532 0.01801985828955662 0.5190275373951637 -0.01822113773009072 -0.018059485010877136 0.9996708684066786 -0.4898366144449686
0.9998255198132066 0.0026193445163040876 0.018495106502972314 192.71223902642456 -0.002914513566819817 0.9998685360783627 0.015950428557899955 0.5328237075563113 -0.018450895396164502 -0.01600154976296843 0.9997017129445478 -0.5059654967685376
0.9998177181847104 0.0028590175728404866 0.0188774050768917 194.10196735000778 -0.003123387832397735 0.9998972570669336 0.013989987793804975 0.5281972861368528 -0.018835467935979112 -0.01404639913075845 0.999723923800512 -0.5147611752882524
0.9998065758665587 0.003247629453782477 0.01939751934959512 195.54367698979797 -0.00349230580695943 0.999914603031599 0.012593269802175585 0.5257474880897427 -0.01935496458631919 -0.012658576029342108 0.9997325371311927 -0.5222459171685545
0.9997952057300487 0.003545249680413078 0.019924301842550597 196.94813585076656 -0.003744553859318294 0.9999432404230665 0.009974680376446573 0.5070955371986734 -0.019887808215190494 -0.010047245240419627 0.9997517331555242 -0.5250740503713252
0.9998658128672299 0.0038605053378436734 0.01592019968122852 198.37692595784935 -0.004046173744452488 0.9999239877214967 0.011646770246285706 0.49434324716975825 -0.0158740271318721 -0.011709623293536954 0.9998054310639346 -0.5363590440262089
0.9999254753003287 0.004525297315009759 0.011338674068097208 199.80727207188588 -0.004727381580507495 0.9998293285307969 0.017859610103470733 0.5196164119268581 -0.011255918834286834 -0.01791188136032843 0.999776209357539 -0.5412532470967905
0.9999222444541536 0.005731113337962461 0.011075169780886622 201.26880718810617 -0.0060480544173766365 0.9995669281984941 0.02879890778469085 0.5331129196966433 -0.010905323632634037 -0.028863651739412754 0.999523868411722 -0.5504890797841965
0.9998715193404815 0.006753525879427247 0.014537355328714073 202.72461204557897 -0.007244549125500639 0.9993958029404736 0.033993316592154266 0.5534407838480132 -0.014298997158038495 -0.034094265693253 0.9993163261585956 -0.5595634669570742
0.9998466136939006 0.007480436612463661 0.015836418563763367 204.15396855701624 -0.008028586702264428 0.9993607423899047 0.03483745635752852 0.5486503537893088 -0.015565695628657866 -0.03495925682827647 0.9992675114710827 -0.5708801996729088
0.9998441057679368 0.0072494144035899506 0.016100004718010617 205.61387384807912 -0.0078093589515588055 0.999357043702089 0.03499304381997501 0.5464158688059244 -0.015835974042686794 -0.03511331932224587 0.9992578629824702 -0.566267092164661
0.9998487504817029 0.0059835809308842695 0.016330123068156628 207.08307432585875 -0.006509720460398347 0.9994551332020906 0.032358310455261344 0.5327302747035464 -0.01612760675689528 -0.03245972081264968 0.9993429175338462 -0.5645152553046449
0.9998581061828199 0.0048576117562203905 0.01612982047422885 208.4931343512135 -0.005365213548885751 0.9994869191986552 0.03157709350709786 0.5313089364395057 -0.015968155312367033 -0.0316591528441141 0.9993711603088781 -0.5592712294561395
0.999873292529576 0.004520448468708445 0.015263172399822871 210.00294474205003 -0.005018686719255559 0.9994505075937951 0.03276424353039906 0.5340731778863145 -0.01510667632799919 -0.03283669313659767 0.9993465564628589 -0.5728037068361344
0.9998677767714055 0.004096548555628253 0.015736812388106782 211.4810820752467 -0.004640355552983909 0.9993878081074716 0.03467673725259229 0.5323788419732846 -0.015585123501242535 -0.034745176587187045 0.9992746752667038 -0.5636710593278867
0.9998542298628823 0.004135087559846329 0.016565629362471492 212.94680516946073 -0.00474194713522625 0.9993127440309528 0.03676348126461953 0.5415577005317972 -0.016402224320777137 -0.03683667558561326 0.9991866824418403 -0.5704055246757053
0.9998606407116484 0.0035033750620396893 0.016322546335262894 214.36875880824107 -0.004101669820332316 0.9993154696610947 0.036766403151660874 0.5498251978370601 -0.0161825665571658 -0.03682822910757673 0.9991905754561653 -0.5766965427117047
0.9998690242188735 0.0033205327822350777 0.015840090581808252 215.8464428896181 -0.0039235110495615885 0.9992628437304 0.038188678962201864 0.5496773621632336 -0.0157016071993206 -0.038245825940568384 0.9991449926459534 -0.5748084341779804
0.9998738045906569 0.0029107195914917033 0.015617381498333098 217.31166948252138 -0.0035089318558369663 0.999255725080332 0.03841462340582035 0.5517790062522008 -0.015493943676025905 -0.03846457598413915 0.999139837111765 -0.575498168463325
0.9998738276203708 0.0023964661620612406 0.015703050331808487 218.7595618284437 -0.0030094942751230608 0.99922951024491 0.03913219646180456 0.5501742059699083 -0.015597172307736318 -0.0391745172995324 0.9991106472310018 -0.5785152425097527
0.9998802720807702 0.0022504060228891757 0.015309381973708394 220.2760351421481 -0.002863092888221954 0.9991908913179568 0.040116896768575626 0.5624296166570896 -0.015206715713729125 -0.04015592583865157 0.9990777033931058 -0.5905126531899615
0.9998760727406889 0.0021230409884151168 0.015599097974498604 221.74379843681743 -0.0027498304919263195 0.9991850423298995 0.040270207554254846 0.565554125052203 -0.015500890068707968 -0.040308111853057584 0.9990670540689044 -0.5839444944732951
0.999885964676311 0.0019114711313583449 0.014980117537489263 223.25943154878388 -0.0025371078495689107 0.9991203736842972 0.04185740045332434 0.5696416788644766 -0.014886931419290731 -0.041890633404906695 0.9990112882774914 -0.586654760682038
0.9998854348077554 0.0014858644672375472 0.01506351440039854 224.73915997811162 -0.002112433643717188 0.9991294053271048 0.041664961716129115 0.5704172130693933 -0.01498849169886367 -0.04169200903639226 0.999018078664797 -0.5962853786516881
