1.0 8.809142651444726e-20 8.673617379884037e-19 -5.551115123125783e-17 -8.809142651444726e-20 1.0 1.7347234759768075e-18 0.0 -8.673617379884037e-19 -1.7347234759768075e-18 1.0 -5.204170427930421e-18
0.9999993011580781 -0.0003480319849955573 0.0011298482609536818 1.3160940844717768 0.0003481171165631284 0.9999999365833229 -7.515200288644408e-05 -0.058402083065748844 -0.0011298220340017183 7.554526988583102e-05 0.9999993588973364 0.018140396604628333
0.9999991000974933 -0.0003937861959991279 0.0012824728595234 2.619035962833671 0.0003944905151293518 0.9999997714981468 -0.000548981682433145 -0.02804387889472942 -0.0012822563850675764 0.0005494871117821457 0.999999026940765 0.022592338423464045
0.9999988843036549 -0.0010449490197909337 0.001067461002268898 3.9481847995317656 0.0010463351333869601 0.9999986091725841 -0.0012987823859988913 -0.029408637726858276 -0.0010661023562336992 0.0012998978589023246 0.9999985868446628 0.05087054983712354
0.999999415469568 -0.0004464560607413465 0.0009847525109573073 5.262397455903052 0.0004484582257259551 0.9999978311006954 -0.0020338827706272164 -0.018956359743972986 -0.0009838423358384872 0.0020343232021246853 0.9999974467884243 0.05758863878890358
0.9999988353030961 -0.0007896864590424142 0.00130605809499673 6.585639964011233 0.0007925757256691387 0.999997236852499 -0.00221316765882762 -0.024457309776990392 -0.0013043067776338018 0.002214200231100508 0.9999966980451317 0.06370601493715118
0.999997308021353 -0.0005378258297042704 0.002257142756697142 7.92159727715837 0.0005454531051912952 0.9999941392978262 -0.0033799187726546126 -0.01928515235418365 -0.002255311720637446 0.0033811408395109485 0.999991740693725 0.09432396194594611
0.9999969358107014 -0.0003869211242533141 0.002445130109345231 9.239049751190084 0.0003956032185331319 0.999993615918515 -0.0035512843179457006 -0.003941155944138687 -0.0024437404325145288 0.0035522407374792863 0.9999907048160205 0.10390467256853565
0.9999980004792166 -0.0009470033998284046 0.001761312615453749 10.571918825743658 0.0009526686405978515 0.9999943670331486 -0.003218435090808377 -0.0055945091700710025 -0.0017582548250650487 0.003220106602775555 0.99999326970407 0.11726173934179782
0.999999425113209 -0.0008253830876767738 -0.000684482293353668 11.891967347830771 0.0008248913242646253 0.9999994017153732 -0.000718417148313394 0.014675262219946784 0.0006850748532025493 0.0007178521117994647 0.9999995076802743 0.12674903503535306
0.9999982560947502 -0.0009230246962743016 -0.0016235248283657483 13.233639171578547 0.0009273207578423277 0.9999960657384114 0.0026473730207272504 0.00895422757935233 0.0016210748503159961 -0.0026488739322337576 0.9999951777799835 0.1515694395882854
0.9999984725261544 -0.0007030552552649259 -0.0016002058199796679 14.57192230325449 0.0007118498613420173 0.9999846104938507 0.00550200374745062 0.03284570141567978 0.001596312980953228 -0.005503134449574868 0.9999835835132979 0.16101576326974246
0.9999994261840284 -0.0002930572632412918 -0.0010304120799718498 15.919028151296159 0.0002990219673957957 0.9999831741170341 0.005793277887716271 0.04880189974356949 0.0010286969802158152 -0.005793582679288273 0.9999826879412769 0.1830065514296439
0.9999987045637424 -0.00028177601528112887 0.0015847627943272144 17.26837565975523 0.000275250559805819 0.999991489976562 0.004116334727015174 0.03356848598015559 -0.0015859091923556329 -0.004115893187719623 0.9999902721103345 0.2032846239067101
0.9999932579154619 6.373262864103794e-05 0.0036715203625747542 18.627087467570746 -6.25179865653462e-05 0.9999999432844751 -0.0003309419103318649 0.05078146383203352 -0.0036715412461404222 0.00033071014303282637 0.9999932051847549 0.2236243074406309
0.9999983541520014 -0.00039048193030558125 0.001771783607106003 19.96741347847922 0.0003945363951422926 0.999997303367739 -0.0022885799708739617 0.03653046152175662 -0.001770885180132483 0.002289275237336517 0.9999958115835118 0.25153578282079087
0.9999997332393681 -9.577965857871068e-05 -0.0007241183946890533 21.317072854305497 9.360832261029705e-05 0.9999955015108658 -0.0029980319400776567 0.04837698696991261 0.0007244022877259518 0.002997963356812464 0.9999952437172072 0.24204023329670504
0.9999985069814167 0.00017308578762130117 -0.0017193243578559666 22.670001581674402 -0.00017485964942036986 0.9999994525883381 -0.001031623539465897 0.053858498769275544 0.0017191448573049052 0.0010319226396872361 0.9999979898362923 0.2909581366198596
0.9999995192958092 0.0007606019316870812 -0.0006187833642990883 24.03842649590054 -0.0007597774373478006 0.999998824802533 0.001331589951433981 0.0582899180340958 0.0006197954469957217 -0.0013311191736943104 0.9999989219870936 0.280277027572994
0.9999924109335994 0.0016377939766816475 0.0035349266042324352 25.43207655506834 -0.001642696254104258 0.9999976925537579 0.0013843540647660395 0.06876220844791385 -0.003532651160830458 -0.0013901503695024262 0.9999927939028992 0.29514569600627377
0.9999885436235526 0.001841062093126781 0.0044184965786583045 26.80122090381991 -0.0018396927948126978 0.9999982584827224 -0.00031394576439058717 0.06145005737566801 -0.004419066877416289 0.00030581349139006405 0.999990189114894 0.31070786877366924
0.9999918930518 0.0017913760591290256 0.0036062171998057224 28.172040825601957 -0.0017773478014810329 0.9999908564726941 -0.003889473717611065 0.062494989649418665 -0.003613151736360626 0.003883032683637373 0.9999859334969206 0.33480037856189276
0.9999979753687561 0.0017006757140839762 0.0010756209853410106 29.52888490223879 -0.0016957861458338408 0.9999882993638104 -0.00453050160823787 0.07443603832979771 -0.0010833133139489315 0.004528668412477654 0.9999891587385704 0.33766087466732225
0.9999967214042135 0.002429734035580912 -0.000808438828958881 30.918783895310817 -0.002433294112489666 0.9999872172864207 -0.004432193985282542 0.07405598433712832 0.0007976594423385458 0.00443414662335283 0.9999898509900671 0.37681782158541965
0.9999937717005353 0.0028093553580377808 -0.002136371365189025 32.3047164801622 -0.0028135586897282097 0.9999941072711248 -0.0019670563097137625 0.0809633016522339 0.0021308326159485366 0.001973054864517016 0.9999957832945419 0.36858274216161746
0.9999862884567294 0.0033112290644123753 -0.004056927484885612 33.68609279529301 -0.003311883441741068 0.9999945037496968 -0.00015459128654872847 0.07959030202922208 0.004056393299835568 0.0001680252378251506 0.9999917586864986 0.4065976978804503
0.9999858192536942 0.0035616343482841083 -0.003959299469233346 35.079094681595826 -0.0035605644462835847 0.9999936227388021 0.000277240960841801 0.09414155573472215 0.003960261650675354 -0.000263139688435728 0.9999921235115616 0.4136604307493906
0.99999253853755 0.003054832724718557 -0.0023645012688781352 36.46986417279074 -0.0030549312563629143 0.999995332962313 -3.8060630433624106e-05 0.08880887050554746 0.00236437396480223 4.528373527766489e-05 0.9999972038386598 0.44863084420192906
0.9999947741258829 0.002956596117775467 -0.0013077692154287721 37.87101974881825 -0.0029548888689182903 0.9999947821661015 0.0013054778219628027 0.10179624344029746 0.0013116221623664856 -0.0013016066870022579 0.9999982927322103 0.46024538770160417
0.9999967092263167 0.0024295048267799248 -0.0008240405535945102 39.26876859882026 -0.002426751501401144 0.9999915244223484 0.0033259525881188224 0.09554322597421132 0.000832113987241286 -0.0033239419015109223 0.9999941294810424 0.4766565527402299
0.9999951764724727 0.0029640498751846095 -0.0009281379883360259 40.66502014049119 -0.002959472025240285 0.9999836380490882 0.0048954222945785195 0.11022190561157137 0.0009426330780290425 -0.004892651882962281 0.9999875866231702 0.4914554945805833
0.9999953470623506 0.0030065855635811553 -0.0005160396282551643 42.09038344807408 -0.0030021249191725585 0.9999598978015936 0.008437418716439696 0.12149213401904088 0.0005413867552383433 -0.008435830242229221 0.9999642711959792 0.5208123168076217
0.9999963328148308 0.002668469982772654 -0.0004621956740517979 43.48081587029626 -0.002663985653784682 0.9999518432441935 0.009445336043595556 0.12078655312076846 0.00048737801191712306 -0.009444070123154385 0.9999552850013756 0.5383924078954258
0.9999973816606326 0.002216333254071837 -0.0005696830575303084 44.90855841601463 -0.002211328032053311 0.9999602176019291 0.008641368053557329 0.12796592558376146 0.0005888125455499127 -0.008640085671408664 0.9999625004065786 0.5577539710006264
0.9999984676156422 0.0013210551650997657 -0.001148729567018596 46.30336868473233 -0.0013116887247385687 0.9999661994291893 0.008116617018944606 0.11569083418020756 0.0011594132381395371 -0.008115097805546813 0.9999663999097917 0.5836686025394336
0.9999995985942739 0.0004781411819031062 -0.0007577547764859565 47.73821587856028 -0.0004722834767974699 0.9999701524040795 0.007711760452685432 0.12779498686302646 0.0007614194695849816 -0.007711399482080229 0.9999699768285142 0.6053022639511245
0.9999998188907027 -0.0006009104983375202 -3.354303245578782e-05 49.13752234481005 0.0006011542926282503 0.9999692802180178 0.007815192497689357 0.12837162038935523 2.884577080275359e-05 -0.007815211246823283 0.9999694603542095 0.6230550199579469
0.9999987551863768 -0.0015772127148467303 -4.500832197654238e-05 50.56278047837331 0.0015775434797412587 0.9999612198673158 0.00866430135897619 0.13851377061828016 3.134113027920319e-05 -0.00866436157612069 0.999962463223601 0.643465356662812
0.9999964195847181 -0.0026672196953374987 0.00021623330288578593 52.01325552533544 0.0026652383660071047 0.9999586305241376 0.008696766338332901 0.14772269622010217 -0.00023942054389073126 -0.00869615888700294 0.9999621590332382 0.656299755735005
0.9999923413839069 -0.003741378127515258 0.0011485918503589762 53.42056474701989 0.0037308834923794284 0.9999524758195575 0.009007031181456022 0.16084978556072269 -0.0011822359739287723 -0.00900267693768808 0.9999587762133285 0.6822007953024108
0.9999880400387651 -0.0045260333066315175 0.0018533218653273436 54.87564309749963 0.00451131059194803 0.9999588347315342 0.007872542098648135 0.17230592216033266 -0.0018888769605815447 -0.007864087032788474 0.9999672936046301 0.7028210556197618
0.9999839705164184 -0.005099854344254548 0.0024597145944401004 56.2731282478502 0.005087561843353177 0.9999746669889292 0.004978161796301142 0.17290275608858532 -0.002485040182526317 -0.004965568048822149 0.9999845837357912 0.7074007840277924
0.99998313683367 -0.005458073791077021 0.001983804119571873 57.70517858200695 0.005451290291103159 0.9999793311624884 0.0034089121409318214 0.19306538097423362 -0.0020023692106593744 -0.003398040363742912 0.9999922218893658 0.7297812145681345
0.999983474259213 -0.005385358907269555 0.0020122420117547465 59.15128533513216 0.005381280313396566 0.9999834667408919 0.002026836711748574 0.20897718055056985 -0.0020231239859753746 -0.0020159747784468125 0.9999959213991975 0.7446144927398332
0.999983382389303 -0.005187228256562318 0.0025154737652448894 60.55508891717884 0.005182968886720868 0.9999851286725635 0.001696840368500751 0.20954161198337598 -0.0025242382551172306 -0.001683774548807465 0.9999953965516543 0.770928483353462
0.9999835616668481 -0.0045708923779174465 0.003461695965054888 62.010979351338754 0.004572156044062992 0.9999894838373576 -0.0003572167461905723 0.2271705774460533 -0.003460026761994674 0.0003730382882720252 0.9999939445102864 0.784377236488185
0.9999866190119385 -0.00421985898248562 0.0029924216347658253 63.41318905714791 0.004227911632511641 0.9999874447529795 -0.0026898140520523073 0.23414562732837876 -0.002981033428184242 0.0027024297539215954 0.9999919051237991 0.7981051432619906
0.9999907243697215 -0.0038741981094097553 0.0018819573664026232 64.82773966925846 0.0038804956264761313 0.9999868454167931 -0.00335421333008388 0.240714982336132 -0.001868937723095887 0.0033614851449706947 0.9999926037173512 0.8217848562736403
0.999993618003373 -0.003052805364807806 0.0018558911413630314 66.28426399192514 0.0030587146639707483 0.9999902352452948 -0.0031896204577371665 0.25027772601639453 -0.0018461357285961956 0.0031952767430389844 0.9999931909715221 0.8442305250675637
0.9999955814836278 -0.0024429514327924296 0.0016938127163733058 67.64693920240795 0.0024451236580422795 0.9999961894740184 -0.0012815645672382412 0.2622514009751013 -0.0016906754620601915 0.001285700486169316 0.9999977442928268 0.8658285875033108
0.9999941152031924 -0.0018435734944065355 0.002893232751636318 69.11831184482848 0.0018396303792578281 0.9999973763389252 0.0013649451760979648 0.2785632044207001 -0.00289574153752214 -0.001359614664808776 0.999994883051364 0.8832978782012203
0.9999913897130274 -0.0009861372371555252 0.004030884910012367 70.47495459543073 0.0009674929989114082 0.9999888380739133 0.004624682138461802 0.29280549600980127 -0.004035400488839683 -0.004620742465691579 0.999981181963921 0.9020921455308951
0.9999883900141886 -0.00013270878846256012 0.00481686881785778 71.93118757096325 9.041097147444597e-05 0.9999614479763208 0.008780340936223445 0.3118083503497718 -0.0048178483462249875 -0.008779803498800469 0.9999498504364283 0.9235623791983565
0.9999908944201594 0.0002886591073329057 0.00425766986616138 73.29167285961073 -0.0003413981539559787 0.9999231664625301 0.012391312232676576 0.3169970750181697 -0.004253765869196417 -0.012392652963226173 0.9999141601299899 0.9287584451583568
0.9999925874355369 0.00095819018047747 0.003729201731993314 74.69363076271011 -0.0010183324362531274 0.999868915659706 0.016159037611597142 0.32956891272520955 -0.003713229460879054 -0.01616271539877421 0.999862479823055 0.9452035775263327
0.9999914922520848 0.0017392592645923887 0.0037403744009246957 76.13489852499426 -0.001806831581802148 0.9998338457108633 0.01813880731086598 0.3424996874167175 -0.0037082048330109247 -0.01814541121706125 0.9998284819251151 0.9644678221230553
0.9999894310183877 0.002080661992539355 0.004099841118149868 77.5095614177111 -0.0021543817405452904 0.9998345926294856 0.01805951330315487 0.345257644320505 -0.004061587231277354 -0.018068155055334916 0.9998285079362657 0.9795800416706627
0.9999895701254485 0.0021157167304271364 0.004047639193072468 78.91660779771752 -0.0021844908962724697 0.9998520318680931 0.01706289450150976 0.3479372012792628 -0.004010940020096079 -0.017071558568629287 0.9998462253007675 1.0049313943812401
0.9999938204165175 0.0019493285126358753 0.002925619101583889 80.29617210699114 -0.001996314904302985 0.9998676798489395 0.016144272058583656 0.3507538154104001 -0.002893761493382874 -0.016150012750723516 0.9998653925567036 1.017214505654169
0.9999943082273054 0.001680580485474372 0.0029256045912738164 81.6738792472366 -0.0017267469972069517 0.9998728927444394 0.015849817023372407 0.3533940484618049 -0.002898595832515545 -0.01585477858875966 0.9998701036325174 1.044300611409396
0.9999939633820848 0.001270795690258523 0.0032339260510225692 83.08171882814842 -0.0013196822996671238 0.9998842122160201 0.015159835084092955 0.3596451529531857 -0.0032142865488016706 -0.015164011324928861 0.9998798533436504 1.0535984243458212
0.9999964634976087 0.0010527396516175167 0.0024422799801952907 84.43762217469668 -0.0010895376533324728 0.9998851684064312 0.015114989531747359 0.37338169096296836 -0.0024260873804793693 -0.01511759703354914 0.9998827793096317 1.0728400574899988
0.9999963571263966 0.00023286938139048175 0.00268914592158499 85.85112868928972 -0.00027478545792159983 0.9998783169821381 0.015597298545554746 0.3753345683193886 -0.002685186564930115 -0.01559798066476107 0.9998747385409301 1.0858651519265894
0.9999938130518701 -0.0009538580710851247 0.0033858548051786857 87.20342256655226 0.0009048061833337782 0.999895048254616 0.014459384553637877 0.3871009581409483 -0.0033992916544666758 -0.014456231551812056 0.9998897250124976 1.1105494144352726
0.9999870336148747 -0.002113362296127484 0.004633174066319738 88.58976783003273 0.0020516052427231543 0.9999095288989361 0.013293793026662367 0.3892933592810619 -0.0046608494989156075 -0.013284115210017296 0.9999008994720604 1.1317011028345796
0.9999825820672481 -0.0032068300058508614 0.004954977642041704 89.96498755209875 0.003150720864928915 0.9999312975001502 0.01129040467376264 0.39062057103755077 -0.004990843631177017 -0.011274596266811253 0.9999239845902635 1.1480131379678942
0.9999777699442185 -0.004118287253057346 0.005243980119033475 91.33659792933398 0.004068793259964903 0.9999474075433735 0.009414195063527763 0.40098942893532263 -0.005282474684764437 -0.00939264911448265 0.9999419351161432 1.1643049320421792
0.999979552499387 -0.004504206548851372 0.004539461035318214 92.71891438719416 0.004464184862311583 0.999951417246324 0.008788299072255836 0.41355100181405674 -0.004578824810035432 -0.008767854380268248 0.9999510783497988 1.1803017637521445
0.9999787457610669 -0.0048050387237337615 0.004406770811679039 94.0607555423241 0.004772705056476146 0.9999618284652939 0.007318667828914572 0.42266751457212715 -0.004441769080798138 -0.007297480058864233 0.9999635080702812 1.2004782332070405
0.9999805252522849 -0.00487378773271551 0.0038981161220395747 95.44018669518618 0.004845771168110562 0.9999625924817128 0.007164645074138647 0.44358995414283187 -0.003932889262461051 -0.007145616165769234 0.9999667357225743 1.2126171671068695
0.9999847327512275 -0.004665956524924301 0.0029602557598688516 96.79602395509629 0.004647111830446878 0.9999690965570409 0.006341157822568287 0.4469742977541088 -0.0029897518444916196 -0.006327304370971468 0.9999755130018462 1.2220158108164052
0.9999864251202358 -0.004622613484688039 0.002404375141716119 98.12360352328594 0.004604331074469297 0.9999608635985848 0.007554561968056368 0.4646268319395099 -0.002439202863149869 -0.007543388876606296 0.9999685732930055 1.24267987726182
0.999987747870353 -0.00429650786958681 0.0024584810972789104 99.4829664633814 0.004274938970735321 0.999952909514629 0.008712270084451702 0.48378002516168495 -0.0024957976631905772 -0.008701653483937534 0.9999590252708708 1.2531953623450571
0.9999830076998791 -0.004301797709861468 0.003934316709030455 100.80359575286003 0.00426695573122994 0.9999519829346104 0.008821843000671964 0.48655243219123595 -0.003972077578704822 -0.008804905542038005 0.9999533470308025 1.277577132739926
0.9999775375253414 -0.004142294864918986 0.005269329939062295 102.14489207000183 0.004094325679915662 0.9999503764416953 0.00908191341837366 0.5081811365208714 -0.005306688419477405 -0.009060135063238196 0.9999448749859435 1.2921433529465105
0.9999832683793809 -0.0039296242807890115 0.0042451165240815075 103.50882593231616 0.0038906170075650036 0.9999504935753355 0.009158247525784449 0.5200700148538109 -0.004280894835386914 -0.009141578170913624 0.9999490514460992 1.3083355469640456
0.9999915440104221 -0.0037538220558203535 0.0016795021956147148 104.82470459490874 0.0037383095648020484 0.9999511859323039 0.009146080809646871 0.5279130540292168 -0.0017137529721484102 -0.009139724971360895 0.9999567633043932 1.3216397411211087
0.9999917680836077 -0.004047368384652519 0.00028735723280551 106.1400728664372 0.00404497629091759 0.9999607157288534 0.007887025158145893 0.5485094827030036 -0.00031926764046009927 -0.007885797879620486 0.9999688556450024 1.3372047696296148
0.9999922656171649 -0.0035808519655411543 0.0016267160325046373 107.50999877750395 0.0035699996656348805 0.9999716757566646 0.006625917807789262 0.5501614322562772 -0.0016503963878094312 -0.006620059184712178 0.9999767252332196 1.3619156098478056
0.9999894595017398 -0.003153971275099097 0.003336667591173304 108.83940775555867 0.003142633224835339 0.9999892892824936 0.0033978194047371586 0.5555570386483929 -0.0033473484778698383 -0.0033872976675953827 0.9999886606720492 1.3694609466222327
0.9999888040697916 -0.002303837883250389 0.00413328756265168 110.16843461901065 0.002294377436787132 0.9999947409801648 0.0022921265651567376 0.5701842753985941 -0.0041385465136244155 -0.002282617580944184 0.9999888309824934 1.3925569580534332
0.9999937153989549 -0.0017038548305342406 0.0031090257815640436 111.49387265553784 0.0016984983417928077 0.9999970702332365 0.0017247110848778479 0.5795908349060891 -0.0031119553301568875 -0.0017194195706221836 0.9999936796452081 1.410160594052318
0.9999993300109815 -0.0009675420481613294 0.000635484046327339 112.81564806152075 0.0009656316379910765 0.9999950347054835 0.0029996866367247555 0.5919885202627106 -0.0006383832139142272 -0.0029990709834670773 0.9999952990090044 1.4233535403765112
0.9999991469239213 0.0002576666338356546 -0.0012805308803425794 114.17398406975204 -0.0002501057654439314 0.9999825568667153 0.005901136281469654 0.591161976659972 0.0012820290697932103 -0.005900810979195452 0.9999817682494276 1.449941201579629
0.9999970545722826 0.001591687158694136 -0.001832315133381442 115.48196104030124 -0.0015758030070749584 0.9999614506458157 0.008637943458880868 0.6081778393815194 0.0018459934024974145 -0.008635030648745691 0.9999610135170537 1.462975040715649
0.9999954061184155 0.0030310915327744175 -1.5039449578260236e-05 116.8476139619174 -0.0030307997275210636 0.9999476346340793 0.009774571229540716 0.6187084025370622 4.4666282122341116e-05 -0.009774480744758264 0.9999522276244468 1.4798663917183268
0.9999890957436197 0.003907024262374613 0.00255803738653618 118.1381767839905 -0.003930567331500005 0.9999493617570371 0.009264154691437035 0.624395835371901 -0.002521712574867656 -0.009274108210903407 0.9999538148747582 1.4985167820085368
0.9999827891730845 0.004822483319383288 0.0033414087227856535 119.51213567198847 -0.004852425610016895 0.9999476213249967 0.009011579893675686 0.6213367683684025 -0.003297775510505569 -0.009027638734193879 0.9999538121411244 1.519731925619168
0.9999800493365802 0.005839419976612261 0.0024087555184138893 120.84030594184551 -0.00586247747796206 0.9999359717706937 0.009679034911546647 0.6189881877008191 -0.0023520813402464003 -0.009692963083355516 0.9999502558527766 1.5342486394666166
0.9999715365017909 0.0071963299240678305 0.002266941082481982 122.13968287298215 -0.0072216176712912965 0.9999094899793504 0.01135165571381579 0.6149066126492803 -0.002185045641896747 -0.011367703587764738 0.9999329982007212 1.5508714111594923
0.9999641116919122 0.00832043000262318 0.001595547798221558 123.51055353629528 -0.00834052579732735 0.9998803003370393 0.013031524367316326 0.6204841277638561 -0.0014869289253621396 -0.013044364395526914 0.9999138130858517 1.5611452773683603
0.9999542859379914 0.009525664584697016 0.0008293060119392161 124.83681543808984 -0.009536252196038836 0.9998583576629844 0.013868111101849732 0.6189111932220183 -0.0006970855723180504 -0.013875385605436425 0.9999034892158369 1.5787072287323705
0.9999433293185389 0.010645616204177208 -9.490516051467902e-05 126.1586525577931 -0.01064305134912641 0.9998341563116425 0.01477786623859774 0.6111153315328707 0.00025220891338559445 -0.014776018686350801 0.9998907968685603 1.5967572766499345
0.9999342323986974 0.01146481582463896 -0.00029811966535137166 127.50073532560799 -0.01145930036556012 0.9998295704844096 0.014474612951396194 0.6042162351386913 0.00046401762858190907 -0.014470244748032456 0.9998951928600178 1.6173724251376274
0.9999217833470608 0.012497311977534932 0.00049434944079755 128.832118202262 -0.012502981207604623 0.9998250376536709 0.013912927145567645 0.6028816987877104 -0.00032038875720060816 -0.013918019764742013 0.9999030883425016 1.6393255524760644
0.9999102826294466 0.013308424517963706 0.0015207000854563842 130.19980617622178 -0.01332665941874702 0.9998307134041028 0.012686397541441869 0.59274131427283 -0.0013516066872303774 -0.012705525203329595 0.9999183680624487 1.6564881279158459
0.9999049370346688 0.013660681663579342 0.001871542193335308 131.52411884783993 -0.013680992168453653 0.999842476917365 0.011307157248179888 0.5746356237546787 -0.001716783906552313 -0.011331686910372361 0.9999343206055004 1.6696771618616473
0.9999052606663954 0.01361916354723599 0.001997016760468105 132.86465195974912 -0.013639042386384812 0.9998538952545099 0.01030362398218765 0.559625571711479 -0.0018563982466999404 -0.01032988521996021 0.9999449221116592 1.6943462727241108
0.999905292736776 0.013474794673077974 0.0027991901508812845 134.1980064811152 -0.01349785683704434 0.9998736984007881 0.008390179207656208 0.5474044965409182 -0.0026857806665952343 -0.008427167664661752 0.9999608839486487 1.7023542499226212
0.9999140963522337 0.012852881934949541 0.0025696968813561454 135.53801278749356 -0.012871040303805273 0.9998913910530858 0.007179304940090377 0.5299835349255717 -0.0024771430305139913 -0.007211762883736095 0.9999709266966291 1.7276359672031236
0.9999289332322036 0.011721294025319436 0.002177097030322897 136.88492818854712 -0.01173405484168547 0.9999134858262978 0.005944141626380303 0.5203343553159426 -0.002107235648841305 -0.005969265371397071 0.9999799635136926 1.7444009430266896
0.9999383166681179 0.010658281781212201 0.00312472213213425 138.20961080344733 -0.010666824126270279 0.99993938116076 0.002729993936904416 0.5084056191240389 -0.0030954356704651245 -0.0027631564032093102 0.9999913915852984 1.7504791496346424
0.9999484264507668 0.009559999067676135 0.003427952225698963 139.56030329621538 -0.009567274071302373 0.9999520018320113 0.0021121787324907145 0.49093300165933124 -0.0034075952635587996 -0.0021448659583834574 0.9999918938894157 1.7704806347561999
0.9999597582566896 0.00828528913475357 0.0034403271902967857 140.9277911570135 -0.008288874163512655 0.9999651171376063 0.0010291127609690011 0.49027270390051747 -0.0034316806850599245 -0.001057587786839118 0.9999935525170894 1.7845069620671692
0.9999701517735646 0.007116204238748398 0.003009185801276972 142.23971341353595 -0.0071177524574545185 0.9999745414167763 0.0005041014404177578 0.48734912269586317 -0.0030055219028627548 -0.0005255050335157942 0.9999953453304425 1.7972823334694068
0.9999790289298078 0.006070194303623024 0.0022570869976239146 143.59485229854204 -0.006070532841028337 0.9999815638970343 0.0001431679693974883 0.47998202218098845 -0.002256176328343326 -0.0001568666877560868 0.9999974425273386 1.8080426042080924
0.9999861866032091 0.005255650625261726 6.88424063765439e-05 144.93757534045494 -0.0052555475385465756 0.9999851804523523 -0.0014205969683478963 0.46948195661263026 -7.630754750816496e-05 0.001420215540538913 0.9999989885819768 1.8276451038623127
0.9999907785381034 0.004193079228031301 -0.0009278606282064705 146.24349072201613 -0.00419709796006234 0.9999816327632144 -0.0043724712611282746 0.47897196090665295 0.0009095094675504074 0.0043763252625010135 0.9999900102349649 1.865937921855768
0.999993491842443 0.0030784802896434266 0.0018812846313856408 147.62187361429085 -0.003052047983965791 0.9998988005505647 -0.01389509484119058 0.46746543068340424 -0.0019238700220080447 0.013889262638757597 0.9999016887211912 1.8684967069117655
0.999992584419605 0.001569521978626473 0.003516775022359289 148.93660480767377 -0.0014900511371871092 0.9997460152110261 -0.022487436876692437 0.4579787390420767 -0.003551176341418311 0.022482029944675103 0.9997409401820849 1.8792245474922555
0.9999995051408138 0.0007270037714533376 0.0006791050315815133 150.26180186900913 -0.0007115739200002382 0.9997476852577608 -0.022451269102339414 0.4261292508338477 -0.000695255840681831 0.02245077475869324 0.9997477078403583 1.9138076699321325
0.9999950729909987 0.0006996372901523356 -0.00306014728230375 151.64438372105022 -0.0007699448191237804 0.9997343695670282 -0.02303470189501164 0.44777835736095123 0.0030432184776429017 0.023036944547373827 0.9997299825488973 1.9253010106671868
0.9999843614928354 0.0017690118871361651 -0.005305409193406484 152.96645603699716 -0.001870177717918739 0.9998153612316083 -0.01912448379988139 0.4516132167308005 0.005270598170009867 0.01913410677956242 0.9998030339785324 1.9524043060425862
0.999982447938917 0.002555797628967659 -0.005345251403896282 154.33647114751585 -0.0026572867747221914 0.9998146833175722 -0.019066668549586985 0.45388614996507437 0.005295530293368022 0.019080537756119093 0.9998039259964172 1.9758855366408636
0.9999933233741053 0.003025045868840104 -0.002049952366136584 155.66113671836888 -0.0030728182466583953 0.9997140099158967 -0.0237161583293211 0.45595920972032844 0.0019776236333081143 0.02372229911643972 0.9997166306155936 1.9895086034599103
0.9999940333046196 0.0034325207293713746 0.0003887886338958671 156.99495906509426 -0.003418974440466197 0.9995232396822334 -0.03068556580719798 0.454920387099866 -0.0004939321156289234 0.030684053457372202 0.9995290115321768 2.008610955244012
0.9999927088853546 0.0034883591927589892 0.001553552790454805 158.3496105998091 -0.003436263085498583 0.9994703582312849 -0.03236039420393941 0.4330599209131566 -0.0016656146426096928 0.03235481984449008 0.9994750578982414 2.0344919392775163
0.9999924136155133 0.0034052208031010666 0.0018913441523392268 159.6822764250542 -0.0033376064001106806 0.9993932300024572 -0.03467033615028275 0.43174381984386057 -0.0020082566913620092 0.03466376056543476 0.9993970135079071 2.0551966907735766
0.9999882994886684 0.004456313381120402 0.0018820618508413754 161.05007974117527 -0.0043906015033132045 0.9994262658693152 -0.0335836524064318 0.43350978556634145 -0.0020306413273271664 0.03357499607693463 0.9994341379671967 2.063028964255514
0.9999825576325716 0.005690090377773525 0.0015834462773442956 162.39636388335433 -0.005638326932624422 0.9995043670843298 -0.030971429556190016 0.4375238129697068 -0.0017588917025526157 0.030961961353344003 0.999519015951739 2.0700915977313987
0.9999783104287683 0.006578818842506274 -0.0003127533590074834 163.7400849396259 -0.006584919103945465 0.9996027148513734 -0.02740531521727843 0.4407853945965202 0.00013233450260651138 0.02740678026331045 0.9996243548869636 2.0923761705839015
0.9999725050174566 0.007296532239758941 -0.001322810034317443 165.0978138284384 -0.007326403745067198 0.9996804843996492 -0.02419200112944278 0.43902276762067133 0.0011458696596899141 0.024201027411183473 0.9997064555433091 2.1059464830144705
0.9999718729156382 0.00750005966804147 -4.9825360279285793e-05 166.43736481989527 -0.007499061068707896 0.9996775669081535 -0.024259561077695786 0.4328525619499028 -0.00013213886066889625 0.024259252370394276 0.9997056922983638 2.123107429742177
0.999972316460535 0.007438313554483646 -0.00019443255172289366 167.7682857765502 -0.007440821663128314 0.9997038658756024 -0.023169262533650876 0.42960036587220024 2.20347340579894e-05 0.023170067864400023 0.9997315376988113 2.1357264833449268
0.9999731382677443 0.006911024326964481 -0.0024414105986061635 169.15597508360625 -0.0069575335528216315 0.9997839853950318 -0.019585077852495664 0.4259461220530243 0.0023055302687760497 0.019601537959534197 0.9998052131489418 2.1648218730323756
0.9999648899555854 0.006240564229295766 -0.005592335309497501 170.54221359654906 -0.006322580215999539 0.9998709258512738 -0.01477012581966659 0.4297251519509997 0.005499439564725627 0.014804965228482118 0.9998752768065912 2.188143751521362
0.9999582428437099 0.006081949762297744 -0.006820737204202073 171.91054129299502 -0.006152693869247867 0.9999269963364247 -0.01039934400657614 0.4339409198023763 0.006756990977589033 0.010440875667523188 0.9999226626035755 2.206653478557928
0.9999634343501833 0.0064494628904308415 -0.005615549039179878 173.29504281705528 -0.006473296183585903 0.9999700743143682 -0.004236379614286185 0.4329636082305372 0.005588058616912566 0.00427257582047678 0.9999752590423185 2.2435979557823997
0.9999688879205737 0.007188947058356113 -0.0032468802077236054 174.65436333306386 -0.007193427641824838 0.999973187938976 -0.0013704021026787918 0.43734328284221974 0.003236941404008521 0.0013937156644556602 0.9999937898642139 2.2700044628503755
0.9999735556077154 0.007146815626772195 -0.0013457754866066718 176.0559097414443 -0.00714909979987931 0.9999729994818068 -0.001700199814642891 0.43805515023245944 0.0013335881353672367 0.0017097759371540126 0.9999976491017016 2.2861503292856837
0.9999801103634415 0.006289044746488666 -0.00047622861742479855 177.48089845423837 -0.006290594021629013 0.9999746868273539 -0.0033247753894498425 0.43416999451909627 0.00045530690137131244 0.003327705021769409 0.9999943595215492 2.3094396798962893
0.9999882716696437 0.004817230454924353 -0.0005008132417517388 178.88326009432288 -0.004819917193022619 0.9999732059850059 -0.005509601648158258 0.4303069832844189 0.00047425880210022063 0.005511950908084409 0.9999846966207911 2.3251892897699222
0.9999880066838169 0.0026551055346523324 -0.004115446892672048 180.21825217293502 -0.0026824871038331286 0.9999742094356988 -0.006662186306823878 0.4263228123719991 0.004097651945238202 0.006673146038333132 0.9999693387151861 2.3483645444305834
0.9999628211976341 0.0011418900076708254 -0.008547064389533301 181.6310817102751 -0.0011776082202886837 0.9999905906857138 -0.004175138191334369 0.4362670892876389 0.008542216418936906 0.004185048057981153 0.9999547569322347 2.3799152434292528
0.9999530456234214 0.0006440838512904655 -0.009669110839996872 183.03115501073108 -0.0006431950144231023 0.9999997886342622 9.50347520295755e-05 0.4616403064846666 0.00966917000662722 -8.881116584585029e-05 0.9999532485391303 2.402740551366033
0.9999645022614295 0.0003187503139994353 -0.008419775251676271 184.36291021799536 -0.0002954558179980651 0.9999961261529182 0.0027677400557863394 0.4774910885150555 0.008420624852766333 -0.0027651541356890643 0.9999607227284955 2.421450375104205
0.9999856763472685 0.0005703197903068678 -0.005321826343732328 185.8008010406033 -0.0005405447613992414 0.9999842037194618 0.005594651277326181 0.471092189844241 0.005324933019013752 -0.005591694456132949 0.9999701885763657 2.4522106216740345
0.9999956270122796 0.000961860525667835 -0.0027965658666754233 187.1743811293471 -0.0009473509089251152 0.9999861086759834 0.0051850729329070535 0.4810851634838537 0.0028015143356497083 -0.005182400929431125 0.999982646968453 2.474849991603634
0.999996275577769 0.00115600856685056 -0.0024723419634032997 188.62614296643972 -0.0011424135013280209 0.9999842595755731 0.005493222413537833 0.48716939448935925 0.002478653259861133 -0.0054903775176192654 0.9999818558517607 2.502516733376159
0.9999979513168434 0.0009805001731646354 -0.0017708702737694103 190.03733954542963 -0.000973968978346379 0.9999927351999738 0.0036852315672579725 0.4821391477062467 0.0017744707789408472 -0.003683499244674805 0.9999916415084524 2.524782948086405
0.9999986024488948 0.0010893503608967682 -0.0012682334360485524 191.38968337387243 -0.0010886069170454819 0.9999992353311401 0.0005867470622020114 0.4879950273480479 0.001268871639393902 -0.0005853656345020954 0.9999990236554417 2.5415591824399026
0.999998399090658 0.0014864611226968433 -0.0009961171877926217 192.85103108661022 -0.0014877776649148558 0.9999980190989157 -0.0013222389588701893 0.492422046583706 0.0009941497577757286 0.0013237188429891232 0.9999986297164031 2.5671667120310544
0.9999982365187396 0.001855108930756406 -0.00029245557919855213 194.2230574747507 -0.001856395876274682 0.9999883158446728 -0.004463403240278258 0.4906457194260447 0.0002841720628895312 0.004463938282481504 0.9999899962005865 2.587445860152454
0.9999971296972243 0.002095706276244343 0.0011612977724858688 195.68935546821086 -0.0020845730045290466 0.9999526383881837 -0.009506604856572386 0.48473296622780543 -0.001181165823015259 0.009504156759751336 0.9999541368740792 2.6013846963111624
0.9999959533304443 0.002341447815407118 0.0016158418436628046 197.07965031398524 -0.0023193550561123348 0.9999056177899047 -0.013541643338704883 0.477926564852258 -0.001647396388150868 0.013537840829199073 0.999907002151112 2.623126860258772
0.9999924701039775 0.0026561417981522113 -0.0028292483266396267 198.49787146097623 -0.0026883573926499644 0.9999308974485556 -0.011444346300920994 0.4874677812126838 0.0027986550117991816 0.011451866156837867 0.9999305087313072 2.643451686810413
0.9999663598850642 0.00288603273685891 -0.007677884686282286 199.93090630448665 -0.002911639863263183 0.9999902296740311 -0.003326095276065317 0.502761357105628 0.007668210450993511 0.0033483386209560606 0.9999649929757335 2.6681214312564436
0.9999539302966183 0.0042541357779251315 -0.008604627425329478 201.35348184732558 -0.004207865731967894 0.999976629667159 0.005388319356839903 0.5189925565433972 0.008627348974481395 -0.005351864001686013 0.9999484618726007 2.6863655254337653
0.9999744690062147 0.005720432272761908 -0.004282287980963123 202.81808880635654 -0.00566683219509815 0.999906737735145 0.012425894122057328 0.534893025023785 0.0043529700908409965 -0.012401309869232515 0.999913625852211 2.71321557910754
0.9999751244340656 0.006624772153442511 -0.0024213440462128783 204.25266685769853 -0.006591460664880118 0.9998869315060513 0.013515800002816786 0.525524504921461 0.0025106093639784013 -0.013499503595605906 0.999905725677823 2.7321507575888195
0.9999792355939775 0.006162676278484434 -0.0018840918160109477 205.71423411413065 -0.0061380495412329756 0.999899127204588 0.012808581628459033 0.5196613149685025 0.0019628369045653895 -0.012796751016962617 0.9999161917054329 2.761645818459598
0.9999868121189779 0.004795323904722379 -0.0018386018527311843 207.15033626829108 -0.004778232595505337 0.9999463531631753 0.009190173498340368 0.5145577088759403 0.0018825730762227428 -0.009181267032122823 0.9999560791626289 2.780901920545794
0.9999909180984237 0.0035794407395757194 -0.002313293034506148 208.58101946021893 -0.003561726689971154 0.9999646487088424 0.007616786434408752 0.5090035412811471 0.002340475092278523 -0.007608477941961303 0.9999683161179403 2.807483618019122
0.9999904107782265 0.0031717524154848734 -0.0030196586245552553 210.0558646435011 -0.003148504138076697 0.9999656065710922 0.007672848011025887 0.5139131746552782 0.003043891142353645 -0.007663267026709683 0.9999660039547299 2.82444337356914
0.9999906537982074 0.0030680975536527583 -0.0030461604742764944 211.5420038088583 -0.0030396163813066765 0.9999520330359424 0.009310873188914617 0.5186949563362162 0.003074581026459791 -0.009301527008337229 0.9999520131220423 2.8523908471322694
0.9999932034415066 0.002871478659921625 -0.0023125053728184543 212.98149525718244 -0.002847493660527387 0.9999428042918593 0.010309215527158265 0.5223628164925831 0.0023419757998228447 -0.010302560615582877 0.9999441846393804 2.8718962441976057
0.9999936880440672 0.002502276442020587 -0.0025223966049313508 214.42154956244568 -0.0024764904381494065 0.9999451705084919 0.01017462391702814 0.534265432300473 0.002547718024942119 -0.01016831300417701 0.9999450557623225 2.899109572036107
0.9999922415628706 0.0022420608792820254 -0.0032388234096873787 215.89102034967934 -0.002209905257321658 0.9999485728863164 0.009897873578336895 0.533089617684403 0.0032608484814857564 -0.00989063929342642 0.9999457695903053 2.9228211303533214
0.9999903992588683 0.0020014250467623633 -0.0038981646798494883 217.36957987817064 -0.0019656639142825766 0.9999561494385237 0.00915616543411509 0.5366737499811294 0.003916319121971688 -0.009148415046497889 0.9999504832473816 2.9451851261635977
0.9999912768050566 0.0013676352565508139 -0.00394662990381991 218.83967998750288 -0.001327256789580475 0.999946937813405 0.010215671637681199 0.5348578685480244 0.003960391799708571 -0.010210344333050219 0.9999400302845133 2.972704103504132
0.9999894456749009 0.0012326816255892232 -0.00442595015950992 220.31551708534275 -0.0011839687460541532 0.9999388852186731 0.010991999165105014 0.5414149770148143 0.004439229303933074 -0.01098664296531188 0.9999297909951178 2.9999391541513636
0.9999890629263247 0.0011538213845543241 -0.0045324081836885495 221.81019278147653 -0.0011067890081355443 0.9999456617042022 0.010365744403404225 0.548629184409071 0.0045441221179114595 -0.010360614612935895 0.9999360022616547 3.0246283933976983
0.9999880213220202 0.0006906568876174987 -0.004845637784046504 223.27853236741188 -0.0006351212290485061 0.9999342087979319 0.01145315225944836 0.5526602737428977 0.004853229182204826 -0.011449937498400667 0.9999226695588953 3.049846294650571
