1.0 8.809142651444726e-20 8.673617379884037e-19 -5.551115123125783e-17 -8.809142651444726e-20 1.0 1.7347234759768075e-18 0.0 -8.673617379884037e-19 -1.7347234759768075e-18 1.0 -5.204170427930421e-18
0.9999993011580781 -0.0003480319849955573 0.0011298482609536818 1.3160940844717768 0.0003481171165631284 0.9999999365833229 -7.515200288644408e-05 -0.058402083065748844 -0.0011298220340017183 7.554526988583102e-05 0.9999993588973364 0.018140396604628333
0.9999976844684006 0.0012037922336848642 0.001783799903291163 2.5652097675998258 -0.0012028053760217308 0.9999991230587825 -0.0005542029350592417 -0.11574037075546209 -0.001784465484192614 0.0005520560876714074 0.9999982554569841 0.031373844761168695
0.9999977740855996 0.000524772451577396 0.002043633460321463 3.887726314469235 -0.000524021637610596 0.9999997950218212 -0.00036790982424485193 -0.11198949554042617 -0.0020438261103616264 0.0003668380971565226 0.9999978440999967 0.04606006571296445
0.9999973109515453 0.0007666445543503979 0.002188685862712523 5.214823907935908 -0.0007652210066844645 0.99999949520358 -0.000651175395771991 -0.1037680146958797 -0.0021891839779428304 0.0006494988163306183 0.9999973928090006 0.046069946158149196
0.9999968049262671 0.0005705663593185325 0.0024626390898903933 6.546108272289044 -0.0005682936883272437 0.9999994121308011 -0.0009234610635688435 -0.10154508447692007 -0.002463164537997737 0.0009220586107912432 0.9999965413082073 0.04758372686631042
0.9999952289694776 0.0007326464057136283 0.0030008777926554056 7.885314479024573 -0.0007280313498360996 0.9999985511764617 -0.0015387057324571759 -0.10206642805773716 -0.0030020007721373596 0.0015365136581350814 0.9999943135424033 0.06424076271779548
0.9999951910427278 0.0004716659739649298 0.00306519536529078 9.209819482585328 -0.0004663280883639084 0.9999983741045412 -0.0017419317978126698 -0.10507516066758124 -0.0030660119915615507 0.0017404940342419252 0.9999937851061798 0.061042801766930305
0.9999953008265215 -2.2988875231344418e-05 0.0030655825525206072 10.54108895260118 2.8146171904772035e-05 0.9999985845541279 -0.0016822893726842335 -0.10426312826240795 -0.0030655395394139466 0.001682367751728142 0.9999938860343498 0.059006764954492315
0.9999954429920632 0.000142503539080814 0.0030155742154127437 11.871598376817003 -0.00013844452722662923 0.9999990843129121 -0.0013461821757179933 -0.0603409171580943 -0.003015763289814659 0.0013457585514085645 0.9999945470379832 0.05513164785116815
0.9999952360349605 -0.00012111238088996729 0.0030843539314987555 13.211026201525602 0.00012242119263007283 0.999999902553313 -0.00042415376473618283 -0.09986282981884888 -0.0030843022606663727 0.00042452933436926366 0.99999515341546 0.07002919509320243
0.9999955194650414 0.00029536580071028043 0.002978893903065404 14.53312009533639 -0.00029625438555255063 0.9999999117573567 0.0002978567068417683 -0.05792797148327031 -0.0029788056635152186 -0.0002987378826672596 0.9999955187262073 0.06820395600959932
0.9999937763389176 0.0005041992020887702 0.0034918571842758404 15.903502769010702 -0.000505234268213625 0.9999998286951232 0.00029554704998582533 -0.05180613380066921 -0.0034917075715168925 -0.00029730941651035637 0.9999938597738217 0.07895344535480292
0.9999880972035914 0.0010367140531466058 0.004767669778052206 17.232511218345284 -0.001034897494030263 0.9999993909697823 -0.00038346739297017297 -0.054668446822675125 -0.004768064420432459 0.0003785287791301951 0.9999885610733984 0.08546588164803214
0.999978040586301 0.0010074646851324527 0.006550065655438983 18.590290077843445 -0.0009926934280816034 0.9999969580128769 -0.002257991308779107 -0.05603262483428102 -0.006552320576726533 0.002251439517484171 0.99997599876955 0.0841238297006339
0.9999853430333133 0.0009225880101799912 0.005335030450712055 19.931002633174927 -0.0008883512496136384 0.9999790216200956 -0.0064161633219324676 -0.0625120063993079 -0.005340838005768629 0.006411329899472786 0.9999651845431001 0.13136678516478587
0.9999927882058613 0.0008836490814769473 0.0036936026543379226 21.298547040034016 -0.0008603648282925647 0.9999797797459246 -0.006300783415924603 -0.06083147173595895 -0.003699095650231865 0.006297560130158215 0.9999733283582005 0.10819838330712067
0.9999965490042197 0.0009992474431326176 0.0024297086653314046 22.653269073811693 -0.0009888375104253923 0.9999903438488295 -0.004281869857641777 -0.04582645487682891 -0.0024339638512043066 0.004279452493859281 0.9999878809797266 0.16644286967709043
0.9999913406368449 0.0020028229951464553 0.003647924255787833 24.013989157204538 -0.0019905176971197155 0.9999923278103482 -0.003373745654110519 -0.035861720256030974 -0.003654653283596935 0.0033664551818328088 0.9999876551682453 0.14720434911547486
0.9999616540178836 0.0027650216219426466 0.008309341083898272 25.379626201392927 -0.0027401428217920165 0.9999917338543677 -0.003003970747480343 -0.034782859953670524 -0.00831757844174323 0.002981086775946917 0.9999609647433743 0.15081802526810129
0.9999561776424264 0.0021176219920314814 0.00911912670417627 26.786936723968655 -0.002081573977198651 0.9999899899409145 -0.003960690311954162 -0.06583737760475897 -0.009127422666087372 0.003941534608324884 0.9999505760088375 0.15732998819312308
0.9999577700921073 0.0026581552916873394 0.008797286107969066 28.136901905936362 -0.002575853919269538 0.9999529377865335 -0.009353458647349686 -0.05945741857993973 -0.008821735033811359 0.009330403127752383 0.9999175568857999 0.17871869293631873
0.9999712180636776 0.0028099745631654446 0.007047488006329147 29.487474779039502 -0.0027508622947437175 0.9999610747402059 -0.008383421798260692 -0.045263883888149004 -0.007070770883033005 0.008363793838119062 0.9999400237773028 0.18630919527244227
0.9999851099862924 0.0029757812533992723 0.004574334009967919 30.90035875015191 -0.0029357788835685018 0.9999576099586227 -0.008726940367961454 -0.060971541647165284 -0.004600109569306475 0.008713381190506898 0.9999514568118691 0.21177729808380877
0.9999870507443209 0.003636666229099616 0.0035599160682677476 32.26046631624761 -0.003608898212871526 0.9999632558777516 -0.007775779578629046 -0.045580102194434556 -0.003588063177275064 0.007762831513334434 0.9999634314561365 0.16789280716489324
0.9999903253463149 0.004142363416427844 0.0014798780684662713 33.644253886074935 -0.004132571488514843 0.9999699462657577 -0.006559605030021528 -0.054765711844879 -0.0015070058605066677 0.006553425866202329 0.9999773905157818 0.20776481170813593
0.9999876807545819 0.004528781136198776 0.0020318662585768975 35.037689086878814 -0.004515733776861626 0.9999694472737335 -0.006380647891901341 -0.044258343591899875 -0.0020607007373328583 0.006371393920040113 0.9999775791746467 0.21012629490407994
0.9999858882845698 0.0042338619706701955 0.0032089943180583524 36.423160110117045 -0.004213892559219336 0.9999718740417433 -0.006204372244106605 -0.03439782929649909 -0.0032351725177143208 0.0061907623324916295 0.9999756037626735 0.23451942090287023
0.9999839437634984 0.003940173485694107 0.004072744541823608 37.83882925884013 -0.00391596048001498 0.9999747136221997 -0.005936107286646113 -0.02752609784436652 -0.004096030849405519 0.005920063268432643 0.9999740873553566 0.2139157227291817
0.999983866164015 0.0033598720692127196 0.004580247957032487 39.230265165712055 -0.0033406599425627715 0.9999856176177123 -0.004195777504905394 -0.03907771268071612 -0.004594279357802759 0.004180408760042237 0.999980708203804 0.22094351786927593
0.9999808131312361 0.0037408722280089066 0.004937534239436482 40.62906021231236 -0.0037268368171230093 0.9999889976190658 -0.002848741503641363 -0.032759760607236135 -0.004948136692779653 0.002830285460822653 0.9999837525817507 0.23415864168870737
0.9999786275556101 0.0038569214003977116 0.0052790708755898474 42.048951937663816 -0.003867660427986304 0.9999904690896088 0.002025569736688889 -0.018586910786666605 -0.0052712080979729495 -0.002045944098834388 0.9999840141111919 0.2579564305352219
0.999978847226299 0.0035512049045044645 0.005449224136356254 43.44413680172905 -0.003560281439228377 0.999992289574354 0.0016568608616132298 -0.014220732878341576 -0.00544329826810088 -0.0016762265859612345 0.9999837802526584 0.252383591345871
0.9999784335860196 0.0034342793659940044 0.005598043237318027 44.874278746847864 -0.0034438930375394936 0.9999926101278896 0.001708593092686741 0.006202397665570965 -0.005592134082491341 -0.0017278353065896246 0.9999828711640798 0.2743840997058476
0.9999819673158953 0.0026954937104906617 0.005366503208632082 46.26859752262206 -0.002704634484971008 0.9999949029425904 0.001696773745071738 0.003409440517625183 -0.005361902212299172 -0.00171125757732857 0.9999841606756428 0.29037407739088383
0.9999838737812853 0.0018796531857015319 0.005359018685915555 47.70629887009218 -0.001887582808807303 0.9999971306922723 0.0014750045296053845 0.014761454335170513 -0.00535623081227883 -0.0014850963349033461 0.9999845525208684 0.3011217008859271
0.9999844221240949 0.0007810793583570754 0.005526791490169046 49.10221126663849 -0.0007894009207374741 0.9999985579318121 0.0015036557060807076 0.011675812873397794 -0.0055256090457247616 -0.0015079951366097778 0.9999835966631361 0.3047551963869524
0.9999828714175297 -0.00043073714020010515 0.005837065792689909 50.5197628564671 0.00041738854591523634 0.9999972956638348 0.0022878924403590636 0.005792090524429241 -0.0058380354875486335 -0.0022854169276010938 0.9999803469124346 0.3155138185475915
0.9999818538285586 -0.0014514856060302787 0.005846811364741676 51.97654229878495 0.001440008171970081 0.9999970291188434 0.0019667562003918464 0.024542449340446762 -0.005849648712875405 -0.0019583010551514554 0.9999809731524463 0.30032314214885786
0.9999734706042328 -0.002472188993156328 0.006851742063720723 53.37884241203856 0.0024517286295216737 0.999992515618237 0.0029929474164164926 0.02697517841268794 -0.006859089914327336 -0.0029760694031502498 0.9999720475575579 0.3294340709335445
0.9999654168336455 -0.003931569081164588 0.0073285674776031855 54.857784072028494 0.00391481144170475 0.9999896930772493 0.002299563142164856 0.012670305251541083 -0.00733753283397424 -0.0022707936561775412 0.9999705016189635 0.32728544842798285
0.9999581121459199 -0.0038665712528658993 0.008295997849232378 56.237009264366165 0.0038819127015017703 0.9999907836405793 -0.0018339541101591566 0.0350546822761711 -0.00828883027609303 0.001866081629179567 0.9999639058646104 0.32885362619894765
0.999955244380887 -0.004478175475900214 0.008333977415837317 57.678750582337386 0.0044974765475664594 0.9999872443725861 -0.002298651088299354 0.04528276870847274 -0.008323577347795251 0.002336030078722449 0.9999626298135378 0.3460992202823603
0.9999544792669475 -0.004205505592544969 0.008564643406416285 59.12729639249764 0.004224945601004259 0.999988536912286 -0.002252971081488184 0.06679765022816979 -0.008555070346674638 0.0022890536770771176 0.9999607847333949 0.3625573198923894
0.999946854733008 -0.004370122442872717 0.009337544612940857 60.53904286293355 0.004390322296839519 0.9999880643268588 -0.0021438922435216626 0.049373297318118355 -0.009328064091451902 0.0021847731361079063 0.9999541059401923 0.3779596183512455
0.9999351464140054 -0.0035726756244777434 0.010813831646734487 61.9791047604687 0.0036297821713244583 0.9999795474472968 -0.005265868255885252 0.07765855650629583 -0.010794797237113294 0.005304778598760503 0.9999276632220092 0.38436468199881413
0.9999404683734056 -0.00342355666696043 0.010360452158211199 63.40181917181262 0.003480101324255928 0.999979122163721 -0.005444642453546654 0.06741202026017373 -0.010341595812416208 0.005480373748400849 0.9999315061041083 0.394965652306486
0.9999590952731271 -0.002604930665857145 0.008661530856327902 64.79926425135658 0.002669784239692571 0.9999684272897437 -0.007484428888697174 0.0872459435098856 -0.008641760969995206 0.007507247158749518 0.9999344784571812 0.3836909483951122
0.9999620005233746 -0.0019353787174548212 0.008500106970544569 66.25917742400112 0.001999615914004396 0.9999694595013987 -0.007555236639367838 0.09377294978065825 -0.008485225128842358 0.007571946493498802 0.9999353311993794 0.38471590793948623
0.9999646155715735 -0.0011964463604014174 0.008326831384276465 67.61386905932565 0.0012507554419862294 0.999977962166216 -0.006520030116970511 0.10312650405137615 -0.008318847012647314 0.006530214239099883 0.9999440749793819 0.39351461722667885
0.9999530379453361 -0.0008173601009750914 0.009656802077223947 69.07573221787487 0.0008505783275910645 0.9999937342543967 -0.0034362724652688545 0.11415502377641785 -0.0096539328981496 0.003444324957414223 0.9999474677227728 0.40594294500322947
0.9999416949027075 3.894065034541596e-05 0.010798392413991845 70.44421801560239 -3.4664261100296574e-05 0.9999999209088821 -0.00039620779689689486 0.1283524462942287 -0.010798406988524202 0.00039581037766864665 0.9999416171660499 0.41598157971322086
0.9999298890737883 0.0012230870278703493 0.011777987731503663 71.89784847102169 -0.001260913047830066 0.9999940699936278 0.003204695908365603 0.1551632801274705 -0.011773998265967575 -0.0032193222425750765 0.9999255016895666 0.4242264950548053
0.9999290820839477 0.0019068400425775694 0.011755626899733747 73.25660544222278 -0.0019920494673429058 0.9999717997813867 0.00724095165664269 0.16555848137639165 -0.011741488051919985 -0.007263855933744862 0.9999046823849262 0.43200309391764585
0.9999358458187652 0.0021842740463938006 0.011114548735822917 74.65964675474152 -0.002294042776379166 0.9999486294551523 0.009872984275421827 0.16574957310858446 -0.011092412472085363 -0.009897848132439423 0.9998894893876505 0.42503701535476024
0.9999321726271504 0.002934235248187243 0.011271220371144018 76.081138798518 -0.003052134900538635 0.9999406627185813 0.010457318703832005 0.17909004847555005 -0.01123986733442661 -0.010491010696443705 0.999881795052231 0.41797664029000553
0.999925031486167 0.0033100631581479897 0.01178876114259669 77.48155353947735 -0.0034560285717921096 0.9999173555419059 0.01238297026536721 0.17770889309315208 -0.011746798453156621 -0.012422784227824422 0.999853832896654 0.433540515287718
0.9999215217576682 0.003524888202485864 0.012021875435586145 78.88315196198931 -0.003665299235507391 0.9999250960742447 0.01167766339755581 0.18420046224545855 -0.011979812491978433 -0.011720810725901249 0.9998595434802753 0.4555891916711373
0.9999375797703898 0.0030055047493326016 0.010761203656523135 80.26204595176921 -0.0031215794814375745 0.9999369579750292 0.01078590826892252 0.1719820840177122 -0.010728108149925393 -0.010818826962581593 0.9998839236024736 0.4419437608162587
0.9999397948289247 0.0028844091827991375 0.010587110141782806 81.65227058466785 -0.0029966636889711953 0.999939302325934 0.010602437015126427 0.1822835766803335 -0.010555885762135639 -0.010633524702125134 0.9998877444134346 0.45608158576332564
0.9999376897620145 0.002648966155834007 0.010844333622240118 83.01774090674068 -0.0027752106873783545 0.9999283659673489 0.011643072597389675 0.19949559502916092 -0.01081271469363094 -0.011672442425331187 0.9998734116320832 0.45635331333536977
0.9999444366518698 0.002319939093455956 0.010283068198606842 84.38590697188901 -0.002435098057109758 0.9999343067804434 0.011200554493701826 0.21022583341629555 -0.010256408066511633 -0.011224972432784796 0.9998843963616276 0.4506581032743146
0.999946368299214 0.0014090641358057482 0.010260363710599175 85.78380921416974 -0.0015267217746183152 0.9999330700966256 0.011468410864623598 0.20781485291044313 -0.010243517259003411 -0.011483460514936091 0.9998815932343021 0.45315801798244537
0.9999402719542967 0.0005258957191882147 0.010916774141638027 87.15702998010904 -0.0006425196770152213 0.9999427367265262 0.01068224865511978 0.2208215880807294 -0.010910531262575868 -0.010688624867479426 0.999883349999394 0.46332335203101
0.9999263999173984 -0.00023685054396243785 0.01213007213707648 88.51929626991983 0.00010433409757070172 0.9999403249130577 0.010924089305957663 0.22846372522990718 -0.012131935650461497 -0.01092201971195251 0.9998667539341354 0.47757626469095643
0.9999241871665348 -0.002103651470499027 0.012132376924386522 89.87189738917827 0.002026162170952525 0.999977494316052 0.006395742978495893 0.20476707293762234 -0.012145558291067572 -0.006370675935930649 0.9999059455278368 0.4619604836449888
0.9999139334033371 -0.002692906720434627 0.012840328627483754 91.25215394797611 0.002617332864259484 0.9999791764103948 0.005898840078017204 0.2297619843929404 -0.012855946271838883 -0.005864724970822825 0.9999001598392072 0.4863959956493941
0.9999111206183263 -0.002950170636636028 0.013001821296169688 92.60885218595025 0.002885151972699944 0.9999832543796311 0.005016658092444554 0.24097685185916434 -0.01301640357000453 -0.0049786999846138935 0.99990288817693 0.501545249881352
0.999916059193634 -0.0032335003737535314 0.012546674539725125 93.95359448775967 0.003178324596440336 0.9999852024988002 0.004415091866905667 0.2489929350890722 -0.012560765081495366 -0.00437484385624104 0.999911540048319 0.5002442161753379
0.9999213790374005 -0.0035228675499643946 0.012034332061594082 95.34240993447335 0.00347595218698477 0.9999862867352364 0.003917154307343482 0.2635973250574997 -0.01204796664740981 -0.003875015574052789 0.9999199121699516 0.4936672134412773
0.9999266047389824 -0.003429090335386164 0.011620089269987149 96.7150015933254 0.0033852623435364475 0.9999870904595708 0.0037893156463471326 0.25815795509452694 -0.011632933165635543 -0.003749700477901972 0.9999253045164372 0.4927130615163738
0.9999360562188722 -0.0030123529722499067 0.010899963441181165 98.09383223315452 0.0029575380780231314 0.9999829177981961 0.005041535512433081 0.27847686900400026 -0.01091496413029159 -0.005008976080663373 0.9999278842579888 0.4977181395730881
0.9999347725717155 -0.0029894438179373637 0.011023331057853612 99.42949427045865 0.0029127467917892903 0.9999714865923586 0.0069672023363234505 0.28687846666586747 -0.011043844805074234 -0.00693463971145912 0.9999149685168203 0.4977879589339977
0.9999240090281885 -0.0024496276142866626 0.012082031846783465 100.78257852679263 0.002367449229366179 0.9999740002057115 0.006811321217961472 0.3098585406581572 -0.012098402916986153 -0.006782200022057953 0.9999038105786572 0.4978297001921738
0.9999043525578349 -0.002924136515143395 0.013517957003106006 102.06260300949853 0.002822115662200576 0.999967440603309 0.007559986538139293 0.3175406668391637 -0.013539623299271657 -0.007521114206584698 0.9998800485268248 0.5009358273416346
0.9999084560614507 -0.0033289640052656345 0.013114781563473338 103.41018974138592 0.003243009122292465 0.9999731594899225 0.006569869981595372 0.2827590645577887 -0.013136300416734623 -0.006526737193574282 0.9998924138690959 0.5200865212694552
0.9999383864132093 -0.0028828462070840722 0.010719728312483905 104.73972269645704 0.0028143655227326906 0.9999755728617138 0.006397892355438539 0.2887349310051711 -0.010737910599908234 -0.006367328924566903 0.9999220741629393 0.5238764897798024
0.9999510477340632 -0.0027799778253161105 0.009495991724940677 106.0369377391821 0.0027336218717683367 0.9999843019560172 0.004891130032943349 0.30821450445631976 -0.00950943988947724 -0.004864932150371816 0.9999429498667215 0.5260439055277407
0.9999402235703001 -0.0021174309785956798 0.010726871502414251 107.40461372467286 0.0020719449737044973 0.9999888234025546 0.004249719284911664 0.34348032356705976 -0.010735750099753827 -0.004227239764372583 0.9999334348414249 0.5273616551970953
0.9999359172294765 -0.0012903599820591391 0.011247062085823432 108.75291990091873 0.0012590975320039667 0.9999953257366241 0.0027862480701049816 0.3565944084820447 -0.01125060477710279 -0.002771908371494728 0.999932867954709 0.4911171573133237
0.9999148393270736 -0.0011893257859782163 0.012996137798882179 110.09633944275168 0.001179690597160917 0.99999902364196 0.0007490295197887598 0.3367539442104825 -0.012997015950120896 -0.0007336343103700639 0.9999152660886276 0.5252553983922174
0.999928430317019 0.00010419742836358895 0.011963418685243138 111.46916914782057 -0.0001045706389604936 0.9999999940652144 3.057045293128969e-05 0.36010693023836565 -0.011963415428880235 -3.181928734973259e-05 0.9999284352786497 0.5219514630840874
0.9999559630193797 0.0010366583759587006 0.009327237608013019 112.73686225608803 -0.001054582076328473 0.9999976065988455 0.0019169385031327952 0.37313347286613746 -0.009325228073836291 -0.0019266904245521502 0.999954662964966 0.5287760619338622
0.9999638676759108 0.0013315019616756247 0.008395858810124543 114.0992131684221 -0.001367180967626642 0.9999900541180631 0.00424528928994551 0.3525435742429068 -0.008390122694886613 -0.004256614556149115 0.999955742557482 0.5450548690908416
0.9999671711379373 0.003486849248324246 0.007314268843209182 115.41176328592297 -0.0035412502354932804 0.9999660677669782 0.007437933948140232 0.3889130859713284 -0.007288085699338252 -0.007463591425496093 0.9999455878245939 0.5410381739181123
0.9999417466090903 0.004907007751526449 0.009613774663891642 116.77373998004585 -0.004980764312291443 0.9999582335336613 0.007663104795378772 0.3947241338898992 -0.009575770215864072 -0.007710542339291869 0.999924423224879 0.5574976776752694
0.9999162524823418 0.005332027159152099 0.011792264754649616 118.0612494593024 -0.005428872210770114 0.9999516762298556 0.008195886262086685 0.3951513709297299 -0.011747994219815363 -0.008259218575385788 0.9998968796532647 0.5470779510095868
0.9999054880982913 0.006071949014818889 0.012334760073850313 119.43793837110942 -0.0061760629773308625 0.9999454766383896 0.008420213567583832 0.3830515180216371 -0.012282960433790176 -0.008495598012213132 0.9998884706292982 0.5512392202756887
0.9999052311171975 0.007230201334409643 0.011715501403173635 120.75448182626384 -0.00733386111332775 0.999934125773299 0.008829416467616369 0.38701880339782646 -0.011650891194852067 -0.008914499573845807 0.9998923884257314 0.5595551327831544
0.9998952268426604 0.00847090932425952 0.011737931354579758 122.0726428686889 -0.008592755036898648 0.9999093174593836 0.010369253530779353 0.37963544817488304 -0.011649029922723453 -0.010469028280117514 0.9998773422519033 0.5569331071507336
0.9998902532316678 0.009613872585236596 0.011271865250526944 123.42954971590751 -0.009746268196186009 0.999883465081599 0.011750170750367077 0.3790603133508551 -0.011157587040180944 -0.01185873982890278 0.9998674304832172 0.5494945182244252
0.9998793936084188 0.01107088337712404 0.010891913445806877 124.7704747930423 -0.011214908628057556 0.999849291984647 0.013252137271574656 0.39359119839543427 -0.010743559080916818 -0.013372690793197027 0.9998528627149219 0.5572355753369331
0.9998774520406327 0.011881046340869372 0.010194196318415822 126.12215996673051 -0.012025449326938078 0.9998265349078562 0.014222821894215733 0.3651939168447201 -0.010023445975189008 -0.01434366870767212 0.9998468831270052 0.5566111528594946
0.9998655977411914 0.01312891784788521 0.009819265236944886 127.44918515702595 -0.01326173827267112 0.9998197573869457 0.013585986776676402 0.372613525439393 -0.009639126082646868 -0.013714381314967775 0.9998594916254536 0.5641096504350606
0.9998493342579753 0.013680240268079022 0.01068455942429657 128.7442200381633 -0.01381818697845742 0.9998207192868753 0.012945539513804998 0.34796506790880416 -0.010505545797914797 -0.013091230304395608 0.9998591166742468 0.5594985809383635
0.9998298355636374 0.014546132935828085 0.01134504003532469 130.1279665525854 -0.014694137895580252 0.9998065655337969 0.013073401509141998 0.34175733145225856 -0.01115267807728597 -0.01323788246385279 0.9998501768963076 0.5705582173412749
0.9998240039612978 0.014951578125519125 0.011331876029827315 131.4440274093529 -0.015084586718825744 0.9998172452987545 0.011744413426498715 0.32104555781016403 -0.01115420756132424 -0.011913283122917681 0.9998668198009734 0.5631519841190686
0.9998201749142137 0.015100219036030762 0.011471757475419278 132.79949936844628 -0.015220844363483883 0.9998290079497404 0.010501464616924926 0.3106616241397808 -0.01131122148017378 -0.010674186025258298 0.9998790516964162 0.574036412378273
0.9998200203277738 0.014564835344910746 0.012156994823779634 134.1375266539059 -0.014692085709939729 0.9998375152462596 0.010444411121613255 0.28394026153125257 -0.01200289836920862 -0.010621142949849255 0.9998715526272248 0.5854653105713085
0.9998158219860453 0.01459625295303952 0.012460798774529729 135.46906322607242 -0.01469627945622386 0.9998602089923869 0.007973822411155934 0.291861956069 -0.01234266893799753 -0.008155481189418883 0.9998905673372741 0.5827599632278374
0.9998387517567914 0.013168966720462926 0.012208554416335176 136.8156102000999 -0.01327265551967444 0.9998761978565422 0.008451365298033664 0.26243700531563574 -0.012095747222777634 -0.00861204246738786 0.9998897567350425 0.5894311263504552
0.999834701954106 0.012273854178754054 0.013413473522653417 138.16170229057778 -0.012413890008548383 0.9998687859855004 0.010407023913559434 0.2566082013913352 -0.01328397919299429 -0.010571817037785746 0.9998558759047824 0.6302495403645614
0.9998512235979103 0.011021041848899482 0.01326903562156585 139.48548086868814 -0.011163761206644512 0.999880109135949 0.010730227863546864 0.23164083516412165 -0.01314918649508768 -0.010876763803973344 0.9998543868502403 0.6382862409054023
0.9998600431814642 0.010063214775386017 0.013365094745084368 140.85440762685374 -0.010188042613588091 0.9999048074598004 0.009304827052838523 0.24093558844339516 -0.01327018601468504 -0.009439688933644745 0.9998673884250711 0.6337986399045992
0.999884029438175 0.008386140957439189 0.012712211228610657 142.1943201286281 -0.008512076691747673 0.9999149105275748 0.009885153262650048 0.22831636715008755 -0.012628231264617382 -0.00999221419277208 0.9998703333086012 0.625133723200973
0.9998904065431905 0.007856014420746432 0.012548224588124815 143.531834610196 -0.007978447472024466 0.9999207651839546 0.009736926099705744 0.23094405430015288 -0.012470736900004845 -0.0098359743470593 0.9998738592091578 0.6277421495046897
0.9999180038567811 0.007361749982669659 0.010478081898073177 144.89022506663974 -0.007444201163468352 0.9999414649129756 0.00785179067029048 0.21838098962090038 -0.010419665642806487 -0.007929147803194708 0.9999142759171944 0.6283698622404327
0.9999412025166047 0.005639463264808498 0.009262179210727067 146.19331298650638 -0.005678465480476934 0.9999750990493285 0.004190025187621127 0.20758301535459014 -0.009238319080535216 -0.004242373789606836 0.9999483265275239 0.6535447347355272
0.9999123027468925 0.005245170337320535 0.012160386652548566 147.59386139018758 -0.005186664983270969 0.9999748472751575 -0.004837698148587497 0.21211962659218253 -0.012185455336518996 0.004774202044114693 0.9999143571691946 0.6482693700212004
0.9998960701027164 0.003843338297289532 0.013895241771060734 148.91168940361362 -0.0036878031113259185 0.999930457905009 -0.01120176156196099 0.2027167238767109 -0.013937327626045758 0.011149354448196515 0.9998407087101588 0.6596496902917971
0.9999396832887242 0.002827671684812685 0.010612919357499941 150.21885971139778 -0.0026922844797850542 0.9999150972000197 -0.012749509628016234 0.14610889567725371 -0.010648069718300913 0.012720167621453686 0.9998623985063927 0.6651998126897922
0.9999583974230896 0.002581190085526634 0.008748764529275317 151.62769341919136 -0.0024929921670074676 0.9999461166389667 -0.010077142884031899 0.17446673703956325 -0.00877430413774029 0.010054913047477552 0.9999109511904077 0.689145389335077
0.9999633533477189 0.003946434280133812 0.007597211202653652 152.93719464501436 -0.0038882019636523085 0.9999630677484852 -0.007664530287522413 0.21313973140287237 -0.007627178185606506 0.007634709916629629 0.9999417669831648 0.7265683241350168
0.9999740652967458 0.0038846756193858614 0.006064489197906115 154.30021826499012 -0.003850792104173787 0.9999769674533193 -0.005588914298297169 0.1656104826158087 -0.006086060636389001 0.0055654162643441855 0.9999659924256098 0.7028777744457306
0.9999636534724716 0.00432157759629687 0.007349537472928653 155.59533481568332 -0.004254332205821951 0.9999491722821159 -0.009140760897964938 0.15570855757226235 -0.007388666420221152 0.009109161289078354 0.9999312130287465 0.6619323543864689
0.9999350773406005 0.005116439801498568 0.010181510084701952 156.9402212208865 -0.004911282498960713 0.9997864344494136 -0.02007398304133608 0.16815954276817374 -0.01028204299070221 0.020022675512680308 0.9997466539365117 0.6533982064323454
0.9999140144948685 0.005888676423574612 0.011716958083664523 158.30314044593558 -0.005589126442083996 0.9996608266644895 -0.025436062943859587 0.18215230579178052 -0.011862768748075313 0.025368388250892604 0.9996077828804564 0.6486508381987615
0.9999220497566353 0.005088096247187847 0.011402003642712126 159.63493905429303 -0.004794830365235753 0.9996607177444112 -0.025601933530440702 0.14185488399522597 -0.011528400247114982 0.02554526718020079 0.9996071905065681 0.6519842284359442
0.9999154185348269 0.006198559605010463 0.011433881018489385 161.00761474974584 -0.005912413266876203 0.9996726510396133 -0.024892451321492787 0.1488434228731814 -0.011584435492655896 0.024822744051662668 0.9996247457081393 0.6377526340596947
0.9999169860904034 0.006951338146962404 0.010848955058013586 162.33312788176787 -0.006693889919296203 0.9996993348514754 -0.02358880529543533 0.13181959297187676 -0.01100966691742116 0.023514225385587305 0.9996628773936158 0.636005229516431
0.9999113375500672 0.008988972805012705 0.009824225503626225 163.68138562534938 -0.008770648057722923 0.9997185138519723 -0.022044699912937595 0.1843499631340268 -0.010019619328243915 0.02195658055150327 0.9997087154761644 0.6359860115329581
0.999910960956631 0.009579399220479413 0.009290062936349265 165.03323781500492 -0.00937972090864148 0.9997290381772538 -0.021304249830936924 0.1891948240612386 -0.00949162759818598 0.021215214723345612 0.9997298753512269 0.6294514168436118
0.9998998305411946 0.009952484690630353 0.010063644080211003 166.3979273031227 -0.00973862462568115 0.9997303387520529 -0.021081009679464854 0.18953750199485783 -0.010270738731487341 0.020980891954070557 0.9997271198175637 0.6355766777107682
0.9999046511629772 0.009425038004396286 0.010092434852914688 167.7187957350061 -0.009204930498197024 0.9997234969609171 -0.021637903751480426 0.15597210568463243 -0.010293582329199283 0.021542940441143455 0.999714931307911 0.6334460647680941
0.9999255200826281 0.008965989103956108 0.008280418278898437 169.10670000987537 -0.008800665526729047 0.9997654096679548 -0.019790753339709446 0.1508699392352274 -0.008455919451627833 0.01971640613434198 0.9997698538940717 0.6275097180460684
0.9999435254357605 0.008083511695513435 0.006899476630238072 170.513029757999 -0.007960325473948692 0.9998116726165897 -0.017698941153815085 0.12844942184136432 -0.007041246867672466 0.017643019534249325 0.9998195560721258 0.6421872392574147
0.9999545334314655 0.00815009962930715 0.004950449059703112 171.78922054094488 -0.008090626590107008 0.999896255968652 -0.011917175053326037 0.14392737526438712 -0.005047061644145176 0.011876580985474332 0.9999167335297753 0.6434238332567894
0.9999472508726629 0.008464025324198123 0.005818569198278825 173.15926629973018 -0.008400366842958272 0.9999055327594957 -0.01087931035741876 0.15801798185861776 -0.005910102292477982 0.010829858367524694 0.9999238895329142 0.6278441511076813
0.9999279888796099 0.009320570513685096 0.007559366407195222 174.55649470692705 -0.009270713513317519 0.9999352195229111 -0.0066038343878071495 0.15050564676070743 -0.007620428211905128 0.00653327811799071 0.9999496214064487 0.6356030656644115
0.9998956051183219 0.009187715262272512 0.011151894606943174 175.96017572433306 -0.00913396639636202 0.9999464687059012 -0.004861108975163745 0.13745710390173851 -0.011195960116715892 0.004758740469671868 0.999925999695081 0.6583582165118349
0.999902428986496 0.008045285471937258 0.011419539770962684 177.37933992102526 -0.007958850192077318 0.9999394887660905 -0.0075944394019248325 0.1304738543719797 -0.011479948193508279 0.00750281199847583 0.9999059548785525 0.6464323513840307
0.9999139566316849 0.006774845776944095 0.0112330226505376 178.77755483143432 -0.00668037986126884 0.999942186161255 -0.008425963443983726 0.122204550390615 -0.011289457829232621 0.00835019758741188 0.9999014063107288 0.6417923050815384
0.9999588719744745 0.005345203119114747 0.007326879496198909 180.1155888518284 -0.005268095299489931 0.9999309629017604 -0.01050317105799871 0.13114476079133508 -0.007382515252399152 0.010464140383877484 0.9999179967550212 0.6386588161079023
0.9999860408560213 0.0032029837954521845 0.004202259857015175 181.53399488887848 -0.0031651796535582693 0.9999547399456049 -0.008972162397017844 0.14357788937425806 -0.0042308073532732774 0.008958736245912756 0.9999509194525579 0.6695555311915031
0.9999937967006284 0.0019738470809321372 0.002917274063850533 182.92362168924814 -0.001959482924282847 0.9999859842359058 -0.00491851180910308 0.13287582748872048 -0.0029269415662023838 0.004912764949388297 0.9999836487431283 0.6593692817984572
0.9999885560498768 0.0017521633031372895 0.004451706756020048 184.2533565547014 -0.0017431435248987594 0.9999964218680512 -0.0020292120999156056 0.15283835295250264 -0.004455246338201631 0.0020214289139070403 0.9999880322309922 0.6707732071624165
0.9999750190247988 0.0023853747617348627 0.006653669183177999 185.70911529361362 -0.0023919672273884406 0.999996656076846 0.000983019790948103 0.13797581998441888 -0.0066513020632199445 -0.0009989105927831294 0.9999773809234344 0.6728262345365206
0.9999547313086186 0.0031571211890547377 0.008975963419380659 187.083158056273 -0.0031833304273020907 0.9999907074003292 0.0029071498722525796 0.18502555609582425 -0.008966701784884496 -0.0029355917268494777 0.9999554892895555 0.6795144907972079
0.9999493711782798 0.003288298787833491 0.00951010889763665 188.5301331112139 -0.003294324414998004 0.9999943827314302 0.0006180066623534222 0.17685713463822078 -0.009508023286242154 -0.000649304757335066 0.999954586917086 0.6815441345463529
0.9999452014712119 0.002433385011703791 0.010181978790110478 189.93579695810234 -0.0024178116333095304 0.9999958889213773 -0.0015415340574854708 0.13222282696716295 -0.010185688077065653 0.0015168314769182039 0.9999469740844598 0.6729159560731603
0.9999383034161701 0.0029924981051462395 0.010697397640651397 191.29658179166708 -0.002953846106309102 0.9999890590808445 -0.0036271906191244797 0.1549136859062303 -0.010708134962343373 0.0035953683674859013 0.9999362025509079 0.6875653188626463
0.9999324916383524 0.0038151213159074095 0.010975291124207424 192.73929435915895 -0.003743277866146002 0.9999714830360119 -0.006559038464263566 0.1827776965379129 -0.011000001669682546 0.006517512109983106 0.9999182576586764 0.6790043069476487
0.9999259715132558 0.003794389429062892 0.011560886736406512 194.10515145846784 -0.0037003429792937447 0.9999599788228439 -0.008145441329535064 0.15430585691878723 -0.011591331032586194 0.008102059088770104 0.9998999938410915 0.6836401106466444
0.9999136151409083 0.004089186042352695 0.012491629731567167 195.5598615218721 -0.003953619770224288 0.9999332335529951 -0.010858053553189428 0.1394408952824359 -0.01253519631086951 0.01080772842749418 0.9998630215482947 0.6827582604880525
0.9999035007761092 0.004846602368900366 0.01301920048079208 196.9618057798602 -0.004653738441503441 0.9998795926354934 -0.014803477618384775 0.14193270464767366 -0.013089379442867428 0.014741461140528614 0.9998056598505747 0.6782488398935511
0.9999340681290898 0.004701111730155952 0.01047659025204631 198.40675021740327 -0.004574428309697391 0.9999165297863506 -0.012083379728450389 0.15292191759367332 -0.010532521087001 0.012034658637579913 0.9998721083173732 0.6950735876605771
0.999974485584986 0.005194911877405321 0.004903169345283848 199.8386201886342 -0.0051620964457854464 0.9999643525772879 -0.006681791299499108 0.17306348943776245 -0.004937705876917678 0.006656310184452481 0.9999656557079355 0.6953645274868255
0.9999638432885697 0.007188927789883018 0.004542183702207487 201.31732232097426 -0.0072036801585495394 0.9999688045705994 0.0032398885505175 0.18847362850667793 -0.00451875068199954 -0.0032724918454141915 0.9999844357235744 0.6918572856794422
0.999951115780478 0.006327744741209057 0.007597742813966572 202.74503341707333 -0.006404269589562273 0.9999285827909911 0.010090324505395343 0.14920462403873896 -0.007533351206553925 -0.010138489241009975 0.9999202266458603 0.6943778521198843
0.9999155653832283 0.007667254547656102 0.010491678228010053 204.16145227509062 -0.007777647609943079 0.9999143949175651 0.01052193111055669 0.11411693398903201 -0.010410105762872924 -0.010602643271430047 0.9998896007328333 0.6983194314102713
0.9999065543893831 0.008477066261091423 0.010724823390471051 205.60994513972622 -0.008566240113437441 0.9999288930945727 0.008296281394797687 0.17912700356676925 -0.01065373265436414 -0.008387377556053887 0.999908070713634 0.6915334634641377
0.9999152983220271 0.007143883238537659 0.010879389405915742 207.05177580129637 -0.007209945805906148 0.9999557351333817 0.00604520101684788 0.16642799680692338 -0.01083572162097695 -0.006123128786196072 0.9999225442157108 0.6979994883576316
0.9999302356846879 0.005731677986156374 0.010328195923177656 208.47330417777906 -0.0057828537569759595 0.9999711169445341 0.004931924485045441 0.14722185811753694 -0.010299629410321625 -0.004991306859307703 0.9999345000998047 0.6968352501528287
0.9999386581280052 0.005460751821881221 0.009636398222582238 209.98959413222454 -0.005515257953065699 0.9999688924698645 0.005638796175071842 0.1646597648960184 -0.009605306391547889 -0.00569159750269467 0.999937669960979 0.6948087169334529
0.9999335557574119 0.005830313663814298 0.009944421195836519 211.43710221954817 -0.005894243442086428 0.999962074173231 0.006411560606836364 0.18742468489064382 -0.009906662636028515 -0.00646974943496694 0.9999299977386741 0.7070627866727356
0.9999345639114698 0.005087486951607407 0.010246236952944559 212.87818974540943 -0.005158438206052483 0.9999628195966325 0.006910133112097075 0.16049464910893696 -0.010210700781679986 -0.0069625355201813335 0.9999236294281065 0.6918322343631486
0.9999406651889033 0.004137430589950947 0.010077091330677754 214.32911511065151 -0.0042154036014396224 0.9999612477187493 0.007728740727898838 0.1500970597289895 -0.01004472369209091 -0.007770761151615108 0.9999193561468215 0.7043778556024735
0.9999468379024934 0.00401408914227093 0.009497813283201576 215.78525363502223 -0.004093547951707808 0.9999566638768626 0.008361413362730061 0.16028382250044235 -0.009463838226202226 -0.008399848606568732 0.9999199359495814 0.7100688126124753
0.9999524200775006 0.003830913277780309 0.008971158487516024 217.3032515336657 -0.0039035402356376466 0.9999596390284792 0.00809213739765915 0.16586439605292652 -0.008939796126241482 -0.008126771652505216 0.9999270151504706 0.7131136649393197
0.9999548614959307 0.002994526400856788 0.009017082803683239 218.77301209917738 -0.0030789910681128453 0.9999513797932694 0.009367916712860403 0.14596123635683037 -0.008988591917335531 -0.009395257376526715 0.9999154636038851 0.7287973188397492
0.9999580442310635 0.0034569788614948515 0.008482869487238967 220.26860257563055 -0.0035353132945249574 0.9999510896723462 0.009236873009667548 0.1757876859514119 -0.00845052291257217 -0.009266475070831816 0.9999213574588082 0.7165386416570372
0.9999583068581638 0.0033383935359079294 0.008499392563802702 221.75723939144822 -0.003415499490448443 0.9999530005781111 0.009073643042502084 0.16494155283982068 -0.008468701705985572 -0.009102294404786533 0.9999227116772494 0.7268330096328394
0.9999602335488749 0.003166764388583755 0.00833684137949626 223.2298614249769 -0.0032578010740892094 0.999934970086007 0.010928967529378346 0.1973269158863758 -0.008301689770242354 -0.010955692693925875 0.9999055229093171 0.7363771427973377
