1.0 0.0 0.0 0.0 0.0 1.0 0.0 0.0 0.0 0.0 1.0 0.0
0.9999991026986411 -0.00021369547900763092 0.0013224734987388111 1.3108280526873803 0.00021489548040893325 0.9999995652986385 -0.0009073160786629824 -0.003942406356058893 -0.0013222790345137395 0.0009075994581048717 0.9999987139198623 0.010135860520850082
0.9999989017485615 -0.00030942884523319105 0.0014493983098788652 2.615771081182229 0.00031108345611736906 0.9999993001040354 -0.0011414983673212035 0.008371357042842056 -0.0014490440829292013 0.0011419479975045073 0.9999982981115602 0.01953446971705331
0.9999988335132859 -0.0009091853718664415 0.0012273361507565005 3.9427644089015663 0.0009115294270710837 0.9999977592326693 -0.0019106657854976528 0.005079049115186801 -0.00122559625119905 0.0019117823097497219 0.9999974214977903 0.0475292394475727
0.9999993245727211 -0.00033144765646127874 0.0011140002480364 5.2577205895574295 0.00033441763569727167 0.9999963878422156 -0.0026669209523681784 0.01559820611270134 -0.0011131122793921022 0.002667291692386131 0.9999958232593181 0.05296394312958689
0.9999987549579582 -0.0006577977413736685 0.0014343586249140337 6.581177610842535 0.0006617550645279031 0.9999959716175847 -0.0027602226064274704 0.010211482539124047 -0.0014325371785727755 0.0027611683639186665 0.9999951618815452 0.0592565915172484
0.9999970396605081 -0.00047412860171543506 0.0023866026668190542 7.919021171128186 0.0004835781742656723 0.9999920406378265 -0.003960405679310718 0.013382939316278113 -0.0023847059293771074 0.0039615480641257 0.9999893096001407 0.08921232141365523
0.9999966300010297 -0.0002615027582432603 0.0025829446163630337 9.234508928160848 0.00027218766006510805 0.9999914045898596 -0.004137228574502138 0.0306312040145776 -0.0025818405182109704 0.004137917677697308 0.9999881057976796 0.09922001542441586
0.9999978664180322 -0.0008728452063467932 0.0018722448101900879 10.569653103883022 0.0008799954604380045 0.9999923102207577 -0.0038216629026136604 0.025485697765926088 -0.0018688946928959907 0.0038233023157164007 0.999990944755016 0.11222540527053403
0.999999576730565 -0.0007401870403139165 -0.000546499621141203 11.886033478471308 0.0007394913934580955 0.9999989175577431 -0.0012720203698274811 0.04092565711040919 0.0005474405625796814 0.0012716156996537761 0.9999990416507122 0.12261445625880611
0.9999984560666868 -0.0008266098600265062 -0.0015506709456890406 13.229272194657804 0.0008299832992429363 0.9999972878761886 0.002176090069418131 0.03961885317732305 0.0015488679625697583 -0.0021773737406677236 0.9999964300194416 0.14697543660536025
0.9999986798448058 -0.0006051624662557456 -0.0015080076376115929 14.567455588843984 0.0006124904238620218 0.9999879848137123 0.004863649215493689 0.06430596608373484 0.0015050462206646527 -0.0048645664349590625 0.9999870353305955 0.15577574997471313
0.9999995185124456 -0.00019570818632731486 -0.0009615992838349653 15.915136191093012 0.0002006795467194775 0.9999866023233317 0.0051725140462083215 0.08034384824543024 0.0009605740972959402 -0.005172704529015589 0.9999861601168584 0.17739307145779074
0.999998559319662 -0.00018142415166870994 0.0016877333550576884 17.264639975700923 0.000175540467570571 0.9999939097286809 0.0034856407002340213 0.06458975498963349 -0.0016883554557107037 -0.003485339413037718 0.9999925009043973 0.1960361721962221
0.9999927986277553 0.00014818809386378168 0.0037921936815753093 18.623473375377973 -0.00014468280619879065 0.9999995620901796 -0.0009246006351811117 0.08155400696316623 -0.0037923290357421684 0.0009240453115642605 0.9999923821613578 0.21759417586252958
0.999998195811509 -0.0002963587973522299 0.001876311591954932 19.962933927661165 0.0003017421544741624 0.9999958374976167 -0.0028694841195329853 0.06613996804691209 -0.0018754533849407726 0.002870045104744983 0.9999941227405776 0.2447037286575526
0.9999998277098137 1.5665670844822175e-06 -0.0005870075713650875 21.31349800186876 -3.699090474961304e-06 0.999993401031739 -0.0036328885604138945 0.07923415781031191 0.0005869980065571147 0.0036328901058969637 0.9999932287484844 0.23551555691578277
0.9999985350792888 0.00027227823172785065 -0.0016898827890909492 22.665977519369115 -0.00027505003755494336 0.9999986170120455 -0.0016402199466164476 0.08509080256572903 0.0016894338558166978 0.0016406823461488798 0.9999972269834981 0.2837696201067433
0.9999995088555544 0.0008731874719414047 -0.00046886276095878466 24.034486674830067 -0.0008728555212680879 0.9999993686208195 0.0007077296102356103 0.089727218709991 0.00046948044555777864 -0.0007073200131885235 0.99999963964319 0.27307782688648335
0.9999917705881695 0.0017407772985521756 0.0036644850026710052 25.429201828732275 -0.0017436567194258272 0.9999981735067692 0.0007827160215631737 0.10069263009327259 -0.003663115775232403 -0.0007890991841688283 0.9999929794280032 0.2890451350720584
0.9999877465998716 0.001950871984692794 0.0045498075355352215 26.79642895282275 -0.0019467376621399917 0.9999976883807175 -0.0009129324707875854 0.09230636013214016 -0.004551578032493567 0.0009040640025758159 0.999989232844881 0.303224995451988
0.9999912701245363 0.0019081026833481297 0.003717367195541996 28.16689176219919 -0.0018915296699978123 0.9999882799343588 -0.004456692656012305 0.09433930073132343 -0.003725827454970246 0.004449622239295794 0.9999831593940487 0.3286300588305217
0.9999976814302403 0.001802124441134626 0.0011787627590774206 29.52527904522861 -0.0017960789508715256 0.9999853320052084 -0.005109782268859476 0.10413213988823895 -0.001187953932506998 0.005107653270493179 0.9999862502272332 0.3308218098466039
0.9999965397113437 0.002531431112269767 -0.0007158364775659501 30.914889818801267 -0.002535001125372368 0.9999841310025743 -0.005031054792028755 0.10320490469233991 0.0007030893493306551 0.005032852029403141 0.9999870879495479 0.368187802629753
0.9999937347739544 0.0029159588064590998 -0.002006887410226309 32.29898439858748 -0.002921135904556892 0.9999924011579453 -0.0025815869914020137 0.10844500270396219 0.0019993443588836378 0.002587433208046371 0.9999946538914738 0.3616365538436806
0.999986483626374 0.00346476459982834 -0.0038765926827056423 33.68109655628542 -0.0034682443984628834 0.9999935884285338 -0.0008912814463810469 0.11105104660349764 0.003873479747250707 0.0009047143703449275 0.9999920887919842 0.39819416391101475
0.9999858174384669 0.003714882484041725 -0.0038163555980581174 35.07758618735606 -0.0037164396819106414 0.9999930136042847 -0.0004010220835532169 0.12482328286544599 0.0038148391855738137 0.00041519965141774575 0.999992637278514 0.4049136724482802
0.9999925262259286 0.003151713652707235 -0.0022392394550163003 36.466745035174306 -0.00315334068945566 0.9999947665221148 -0.0007234437623963616 0.11676936832953068 0.002236947648423222 0.0007304994404280653 0.9999972312140597 0.43975241407874244
0.999994588914633 0.0030689520763313924 -0.0011847677440512741 37.86790211205623 -0.003068130076095073 0.9999950517626125 0.0006950022490130277 0.13076785711585054 0.001186894810134391 -0.000691363466747817 0.9999990566481883 0.45233049982760526
0.9999965302530002 0.0025405658782592555 -0.0006964244243295578 39.26320908484959 -0.002538606941781236 0.9999928592600843 0.0027994470233306547 0.12421370007929396 0.000703531630929341 -0.0027976693620797156 0.9999958390360357 0.46933314358998884
0.9999949802864111 0.0030658633511888933 -0.0007999274291341553 40.66110054838726 -0.0030623854337683523 0.9999860081671812 0.0043133821209212775 0.13775382515934403 0.0008131404768475057 -0.00431091078287138 0.9999903773790961 0.48215558171408907
0.9999950871144376 0.0031110250429862026 -0.0003837579576770478 42.08698875494423 -0.003107959960382198 0.9999651807515209 0.007744538040633801 0.14987884495433712 0.0004078380473041346 -0.007743307288237735 0.999969936978291 0.5110022175764968
0.9999960807508367 0.0027770127461851798 -0.00035592579763978825 43.475871235897785 -0.002773785899241529 0.9999577240894627 0.008766763690602503 0.14867296096900454 0.000380256165064206 -0.008765742069512574 0.9999615078447868 0.5280727374004704
0.9999972014192826 0.0023183258320848303 -0.00047171913169661553 44.90370479805743 -0.0023145077967388307 0.9999658028024521 0.007939538985750498 0.15541836314838564 0.0004901094385497918 -0.007938424968701605 0.999968370100652 0.5475372822623489
0.9999984703382023 0.0014126881168196406 -0.0010313261076282674 46.29943870244619 -0.0014049121704907829 0.9999708731232124 0.007501941548254573 0.14335103791318232 0.0010418939719980976 -0.007500481150220824 0.9999713282086974 0.5741485006855326
0.9999996385917372 0.0005831510989648054 -0.0006186688862321996 47.73419179626059 -0.0005787347827051111 0.9999745224471654 0.007114739813568486 0.15513971030266618 0.0006228020924040946 -0.00711437919703929 0.999974498537935 0.5955551419973906
0.9999998820359582 -0.0004831575625654414 4.9868220402610636e-05 49.133822290821485 0.0004827867875335601 0.9999740708707772 0.007185019348886686 0.1563332352965361 -5.333842379867332e-05 -0.0071849944255948355 0.9999741861718816 0.6119206979662163
0.9999989699852311 -0.0014328082059091153 8.419692325626155e-05 50.557111962386784 0.001432082618525137 0.9999664564205598 0.008064438795247694 0.16794792496654326 -9.574889307196041e-05 -0.008064309911806304 0.9999674783400688 0.6338732056701305
0.9999966829116368 -0.002554445756502691 0.0003301099823050329 52.008175876938104 0.002551709458799936 0.9999644275867645 0.008039424103258226 0.17500993922740568 -0.00035063451228162267 -0.008038555091013795 0.9999676288197972 0.6457929812401189
0.9999925751018257 -0.003638291885989796 0.0012698713996659344 53.415830605476934 0.003627527893819102 0.9999583221811434 0.008378242181498359 0.1878460002315486 -0.0013003009647435712 -0.00837357347997943 0.9999640955977251 0.6713591159795462
0.9999882209569441 -0.004445868936751598 0.001947356352423647 54.87174393954196 0.004431843220156924 0.9999646282877198 0.007148492083942019 0.19783821246766467 -0.0019790687299956547 -0.007139777503498259 0.9999725530554138 0.6909386821574888
0.9999842380369907 -0.004986190047009725 0.0025810049194671158 56.26845330855981 0.004974945821047987 0.9999781862052621 0.004344770156365322 0.1998655943690391 -0.0026026124676657987 -0.004331861314620626 0.9999872306114184 0.6970344877598512
0.9999834734640609 -0.005354064304218225 0.0020944675165748294 57.70074524576115 0.00534824416612452 0.9999818487305988 0.0027746159506226924 0.21921230705797848 -0.0021092849715498275 -0.002763368372155809 0.9999939573378174 0.7187457717348374
0.999983292132806 -0.005384703066772837 0.002102481419118268 59.149008851974855 0.0053816604163498 0.9999844672678432 0.0014501566160589458 0.23077838189790006 -0.0021102574246153133 -0.0014388175460054143 0.9999967383035162 0.7333671351115689
0.9999834349738483 -0.005111579209455283 0.002646041550805392 60.551010581114845 0.005108828624564879 0.9999864035930336 0.001045226843909169 0.23444761118467136 -0.002651348333952108 -0.0010316913568826224 0.9999959529742889 0.7593181239215776
0.9999835345824865 -0.004503870246263776 0.003556081652896769 62.007317248137944 0.004507190012524815 0.9999894137466784 -0.0009260846427252408 0.25165758589033693 -0.0035518730422476673 0.0009420973300646045 0.9999932483024635 0.7731528160073419
0.9999867156583683 -0.004120014707038368 0.0030974159558732053 63.40873274658761 0.004130256581844322 0.9999860006340444 -0.0033074939904971967 0.2603987907464985 -0.0030837456701294326 0.0033202431752555367 0.999989733196246 0.7867514770194887
0.9999910917458485 -0.0037168566045651854 0.002000351450857857 64.82264365776321 0.0037250090993374042 0.9999847088009725 -0.004087355067049056 0.26524966683330387 -0.0019851287504095328 0.00409476998320763 0.9999896460077119 0.8083889471544178
0.9999936813911043 -0.002952534532509501 0.0019798276947390744 66.27998478270587 0.0029601431877742364 0.9999882026981218 -0.003851235761123625 0.274323670355626 -0.00196843343153654 0.003857072000134634 0.999990624088752 0.8314624126933645
0.999995622465536 -0.0023572574631480535 0.00178840348287634 67.64689921674353 0.002360752801511919 0.9999953026749471 -0.0019548591384036668 0.2866738233088867 -0.0017837869758704503 0.0019590725594728505 0.9999964900632059 0.852706355721081
0.9999940748229009 -0.0017476175163029166 0.002965830761742882 69.11887448293099 0.0017458021048278357 0.9999982872271667 0.0006145874584077022 0.3033291119417087 -0.0029668997457561377 -0.0006094060632817543 0.9999954130545543 0.8715394703794233
0.9999911232651172 -0.0009159709626504726 0.004112710561765161 70.47768535609961 0.0008991087328444777 0.999991190734409 0.004100006959188104 0.31657913377808633 -0.004116429819126804 -0.0040962727905315644 0.9999831376352152 0.8905722881015605
0.999987847278447 1.1276291676592335e-06 0.00493003997407125 71.92851988859636 -4.115146883119465e-05 0.9999670454875023 0.008118266166635406 0.33731923228986294 -0.004929868352613589 -0.008118370385993518 0.9999548932128398 0.9109156506961552
0.9999903983552453 0.0004079299388482613 0.00436311706041664 73.29125016601824 -0.000459395111931844 0.9999302600652984 0.011801015290040635 0.34232596372352353 -0.004357998789472137 -0.011802906375534416 0.9999208464911817 0.9165070576680862
0.99999200916702 0.0011197823830749567 0.003837667197820925 74.68800826088837 -0.001179368855345288 0.9998782432205174 0.015559814374049092 0.35277384179235677 -0.0038197763298022155 -0.015564216063341518 0.9998715739969427 0.9324104390952994
0.9999908626451703 0.0018752325978948724 0.00384163101716785 76.13066079605836 -0.0019419506278562934 0.9998460670715006 0.017437631416322253 0.3671813792888935 -0.003808340048793199 -0.017444932340262394 0.9998405727323314 0.9507481124517403
0.9999887326335768 0.0022169258368745872 0.004197599996019144 77.5032773140791 -0.0022899150069790324 0.9998448688129108 0.017464094530033638 0.36956568701032383 -0.004158232214967583 -0.0174735099029055 0.9998386797661508 0.9661766875037837
0.9999888254759434 0.002243918141348431 0.0041609800069571596 78.91439669421399 -0.002312043980839647 0.9998621699774645 0.016440666062740476 0.3718266793658204 -0.004123514990154996 -0.016450102714901528 0.999856185031025 0.9914545068704234
0.9999932715709889 0.002054583821277347 0.0030389962276386588 80.29208171653893 -0.00210142272890644 0.9998778054442129 0.015490584320134537 0.37418266092910474 -0.0030067981749183027 -0.01549686630858342 0.9998753953865197 1.003326859567362
0.9999937334603457 0.0017830833001803567 0.003058374402143173 81.66512302926404 -0.0018292130086371987 0.9998836014550603 0.015147195153795184 0.3763615040845669 -0.0030310097010895778 -0.015152694651537783 0.9998805972839903 1.030323435492293
0.9999934576332009 0.0013715825809178868 0.0033471558104297768 83.07925653005715 -0.0014200871871336326 0.9998933935869628 0.014532199197912779 0.38182827751504095 -0.0033268668708726647 -0.01453685737601496 0.9998887996844713 1.0400270370618
0.9999959700487806 0.0012110701062950772 0.0025677218299396264 84.43112761848708 -0.0012480771349382945 0.99989466808319 0.01446011902691404 0.3976543230806933 -0.0025499391489904794 -0.014463265468244562 0.9998921500653616 1.0590371578090045
0.9999960279601433 0.0003338369029854173 0.002798681271312019 85.84968724134323 -0.00037456241675982717 0.99989387197464 0.014563807557035579 0.3991246356285043 -0.0027935223163845662 -0.014564797989832219 0.9998900253990852 1.070124294808647
0.9999933649330474 -0.0008922145087114526 0.003531861145580276 87.201152046462 0.0008436041879599752 0.9999052318990433 0.01374101717102922 0.40832465002591517 -0.003543786372691112 -0.013737946505606587 0.9998993501367794 1.0977911392901671
0.9999866919554249 -0.0020620936482177096 0.004729025463239594 88.58221826861067 0.0020031440450048264 0.9999206569691644 0.01243652605391522 0.4099686314417781 -0.004754295529408114 -0.01242688762887677 0.9999114806511016 1.1160631339401719
0.9999823247003453 -0.0031002372901105415 0.005073343634934618 89.96170044798694 0.003046314543766936 0.9999391561549565 0.010602073184704493 0.41314625930070636 -0.005105903895840344 -0.010586430789383365 0.9999309262286811 1.1333250492215392
0.9999773464863179 -0.004043185587672789 0.005381371989208723 91.34033318147097 0.003996256140251045 0.9999541420297703 0.008703089932177074 0.4222053605516763 -0.005416313418194245 -0.008681387435755366 0.9999476471601633 1.150081410990054
0.9999795056249997 -0.004399032433712513 0.004651542069923001 92.71264803517363 0.0043615273446980145 0.9999581461858795 0.008042571461963001 0.4354717244726447 -0.004686726917857458 -0.00802211880655451 0.9999568391688968 1.165245819956816
0.9999793871600919 -0.004615743286527815 0.00446320163557139 94.03197413515272 0.004585801905095795 0.9999670689976585 0.006695621040598045 0.4454657556362655 -0.004493959925735153 -0.006675015666270221 0.9999676237209087 1.1849045246527588
0.9999809394230319 -0.004768363043262759 0.0039221810919709155 95.42567209385454 0.00474319369192223 0.9999682600226936 0.00640164516258178 0.46514706469066636 -0.003952581970241401 -0.006382919478917423 0.9999718173202153 1.196397875826727
0.9999849285700626 -0.004547400474808814 0.0030763259984364216 96.77214380144952 0.004530635333512749 0.9999749671728274 0.005434921450910291 0.46913322556385567 -0.003100963753685794 -0.005420901827606507 0.9999804987334372 1.2060111832713316
0.9999870875201752 -0.004463832229812045 0.0024287846223335365 98.11510551033061 0.0044472576144444585 0.999967076172516 0.006787375833151641 0.48385259336385594 -0.0024590023644475044 -0.006776486760392613 0.9999740159296929 1.2268752175956952
0.9999881738309875 -0.004142751831635055 0.0025475096522866473 99.49419262874395 0.00412258837147478 0.9999605334795248 0.007869926839784068 0.502996550421623 -0.0025800122647751437 -0.007859331435030406 0.9999657866377769 1.2375130442897793
0.9999832715437372 -0.004170953864398936 0.004007465102191081 100.81935870738243 0.004139406706075863 0.9999606331550365 0.007848404442944159 0.5083442735212655 -0.004040042673774371 -0.007831684623335328 0.9999611706317173 1.2615343265464334
0.9999774427394268 -0.00404767841166305 0.005360066398093197 102.15157175322989 0.00400323093956736 0.9999577296394587 0.008277262611727348 0.5284473816092522 -0.005393343523335181 -0.008255618315714803 0.9999513771238402 1.276469019341537
0.999983366964659 -0.0038352341299288445 0.004307757327538748 103.51065077435614 0.0037989993978804768 0.9999576000504468 0.008388426844514399 0.5391013134314653 -0.004339746259775865 -0.008371922152020702 0.9999555377724958 1.2915598772255525
0.9999920457028622 -0.0035958494555412336 0.001725803493465654 104.83236158046998 0.003581336459816832 0.9999588075933973 0.008340092658518837 0.5477462159111923 -0.001755722121111733 -0.008333845635970045 0.9999637315706752 1.30523539267939
0.9999923850062893 -0.003890386854617757 0.0003079278401044684 106.1427994985336 0.00388807944936374 0.9999667414944452 0.007169291678877765 0.5662055992663877 -0.00033580891698911436 -0.007168039836859723 0.9999742528871773 1.32000693335814
0.9999926902468187 -0.0034442464200588273 0.0016603070583261455 107.51307400619238 0.0034346128362419477 0.9999774513460172 0.005770635509968644 0.5692160030706992 -0.001680145111333456 -0.005764890816112736 0.9999819714106265 1.346506068002505
0.999989841465694 -0.002950636250539946 0.0034074493588458353 108.842285926347 0.002941832963572149 0.9999923299349209 0.002585670153524401 0.5753731426966063 -0.003415052595574427 -0.002575619740059887 0.9999908517575169 1.3530363580904634
0.9999885607798208 -0.002146859453307965 0.0042742606367053996 110.17683412153937 0.0021407382680567653 0.9999966773304368 0.0014361642503307383 0.5894644202225208 -0.004277329677547003 -0.0014269977484190214 0.9999898340124541 1.3763579851496521
0.9999936933067157 -0.0015523663812268204 0.003194292631023038 111.5019654285814 0.0015494780253936084 0.999998388686417 0.0009065000929190354 0.5984570472515774 -0.00319569470428476 -0.0009015448896625404 0.9999944873608899 1.3938363930736086
0.9999993492158321 -0.0008402578338477781 0.0007717089379749948 112.82075185082533 0.0008385461808281916 0.9999971938524513 0.0022156551007314514 0.6106340880586827 -0.0007735684940013447 -0.0022150065452355406 0.9999972476651071 1.406430265052435
0.9999992053324581 0.0004694825617866284 -0.0011700087933137694 114.17063267564757 -0.00046351657975410494 0.9999869172738085 0.005094156810066444 0.6077710495530801 0.0011723851041984177 -0.0050936104434312155 0.9999863402296144 1.4324757260542902
0.9999969990036123 0.001769814311470914 -0.0016940310128339459 115.48225688386094 -0.0017565582780434182 0.9999680764913332 0.007794902259753558 0.6254849122517393 0.0017077724629960545 -0.007791903203081177 0.9999681843727272 1.4449782411309426
0.9999949542484139 0.003175657859194033 8.16999016071414e-05 116.84864748040111 -0.003176260713436822 0.9999551004738977 0.008927956323674591 0.6352793820164497 -5.3344098654458344e-05 -0.008928170775612579 0.999960141666161 1.4632607177247752
0.9999883045054816 0.004041099215530321 0.002657135559656776 118.14354432690698 -0.0040632935315427915 0.9999564549435888 0.008401063166469052 0.6413274130998273 -0.0026230703247672998 -0.008411761633612827 0.9999611801306542 1.4817259685224997
0.9999816418295093 0.004965563781230561 0.003472633049089185 119.5154261382192 -0.004993774201706195 0.9999542151560503 0.008162708549849709 0.6380740346087057 -0.0034319416051950633 -0.008179900242787018 0.9999606547303932 1.5026731096157115
0.9999788766075481 0.005977266087530982 0.0025531605560361378 120.83439224746554 -0.00599964231768875 0.99994285451266 0.008848276732399062 0.6358126957503405 -0.0025001261499862475 -0.00886340787689297 0.9999575937858776 1.5176812430519113
0.9999699702632409 0.007358319541499493 0.0024318111066248963 122.1400900333809 -0.0073835266285395985 0.9999173563023462 0.010524452472809769 0.6320841290404421 -0.0023541678484687908 -0.01054209176833382 0.9999416593956316 1.5323547368319836
0.9999625921890908 0.008466943926209378 0.0017677904356551094 123.51348229206386 -0.00848786414183593 0.999889765741508 0.012182468046405753 0.6371675324773018 -0.0016644472907555111 -0.012197017091993743 0.9999242283239634 1.5436277966227714
0.9999527041377413 0.009678561035023117 0.0009565270044161289 124.83809454403193 -0.009690200412241605 0.9998682507379612 0.013022333975921353 0.634584378939101 -0.0008303635284847667 -0.013030987011779854 0.9999147483030287 1.5602283768948093
0.9999416972841304 0.010798115066478257 5.237884662790776e-05 126.15918621989807 -0.010797788459284002 0.999843462746782 0.0140163392835914 0.6262859467283418 9.897939700788947e-05 -0.014016087668650246 0.9999017649197063 1.5790315037521816
0.9999324186902792 0.0116246145078133 -0.00016244923179670076 127.50341184447883 -0.011621313009925603 0.9998392407719663 0.013654218998661255 0.6195485004876004 0.00032114814884830005 -0.01365140835528718 0.9999067636103798 1.5981151172194965
0.9999197897642361 0.012649676513818622 0.0006322356693855934 128.83267511140872 -0.01265685221061807 0.9998347278093892 0.013050714863305312 0.6177550547579168 -0.0004670438571166349 -0.013057670175818934 0.9999146359162941 1.6206608288751532
0.9999081289726813 0.013453093924281513 0.0016576725298564588 130.20273662782293 -0.013472006335035765 0.9998374613759385 0.011981480485624155 0.6074424103116952 -0.0014962151117192634 -0.01200271190952678 0.9999268454477839 1.6372845672372356
0.999902155391479 0.013836100853335236 0.002059601090203958 131.52650496445418 -0.013857059695972956 0.9998484782938195 0.010535765283825322 0.5894102837205187 -0.0019135151048986433 -0.010563274431252505 0.9999423761863647 1.6500667416988992
0.9999026898439751 0.013790148251757455 0.0021077604175605102 132.86887581039323 -0.013809556576978337 0.9998596182845082 0.009488934139563905 0.5738354651108635 -0.0019766107180014983 -0.009517118006639291 0.9999527576215375 1.6750703078769527
0.9999028401995558 0.013619858501373757 0.002968099604814265 134.2064759970747 -0.013642174701145334 0.9998778081115518 0.007632818317122651 0.5617330810980651 -0.0028637790216725465 -0.007672568047357409 0.9999664646723277 1.6827836111220906
0.9999118869354099 0.013000464916070658 0.0026844510117056677 135.55002359262713 -0.013017081498149773 0.9998956276001151 0.0062681333299917895 0.5439207608196474 -0.002602682181665391 -0.006302524743151987 0.9999767518434232 1.707174864702105
0.9999267968616121 0.011882619430971833 0.002281287692288204 136.8945270684768 -0.011894072906592544 0.9999163868760678 0.0050744740025506305 0.5345586663935488 -0.0022207989033129942 -0.005101236337260964 0.9999845226002564 1.7244056190119021
0.9999362155225646 0.010813592158558654 0.003260538458531346 138.22081653223842 -0.010819765564831068 0.99993969409682 0.0018817126985801694 0.5219335112247164 -0.0032399937551327246 -0.001916870936255432 0.9999929139980345 1.7302697881783053
0.9999463637422089 0.009725423057303588 0.003561710977964585 139.5718916299258 -0.00973008551015121 0.9999518242512431 0.0012940682270823867 0.5044714986580912 -0.0035489540288979743 -0.0013286545704833993 0.9999928197753888 1.749749244024102
0.999957989337359 0.008444339227875049 0.0035654866976189 140.93652502993965 -0.008444936347191992 0.9999643292683759 0.0001524497914231629 0.5028623188211921 -0.003564072176345804 -0.00018255369511455713 0.9999936320115594 1.763748955244548
0.9999684864116869 0.007279819195623734 0.0031670832005185425 142.25540207596057 -0.007279487214737185 0.9999734974145785 -0.00011633720883022577 0.5001177297969436 -0.0031678461784714926 9.327880096113755e-05 0.9999949780122173 1.7780978288863623
0.9999775873110894 0.006250089908089389 0.0024002607427728922 143.60533931504986 -0.006248577374212263 0.9999802744740572 -0.0006371370243521368 0.4924170129831053 -0.002404195560053314 0.000622124529428716 0.9999969163976352 1.7879914641390227
0.9999856675558928 0.005350064505426251 0.0002036972830438668 144.9598005796262 -0.005349648365664677 0.9999837076106968 -0.0019914255015411582 0.48383551921031137 -0.0002143482192194275 0.001990307250709138 0.999997996363937 1.8075871042352563
0.9999903461013181 0.004321609125167173 -0.0007946060251794024 146.26585073704655 -0.004325559237983858 0.9999779511685307 -0.005038523004443081 0.4942395003693374 0.0007728139780517028 0.005041911478485262 0.9999869908589804 1.8453647963030428
0.9999928599619954 0.003195943967572736 0.0020164243564549534 147.659485553761 -0.003165915811765756 0.9998865949795446 -0.014723252265893562 0.48132395713919035 -0.002063250373071797 0.014716763311559501 0.9998895738407965 1.8455698861259238
0.9999918076707282 0.001686977045377712 0.0036794972316663297 148.96129187496604 -0.0016016878820238846 0.9997327854198199 -0.02306062342299063 0.47110229759756217 -0.0037174167587249807 0.023054541096642435 0.9997272972903486 1.8602985992231005
0.9999992869460327 0.0008433952286492826 0.0008454536737398781 150.2796874136664 -0.0008236554772255764 0.9997332201179789 -0.023082681477495152 0.4405645251335401 -0.0008646959471310941 0.023081968655748433 0.9997332019213396 1.8930092132305127
0.9999955174337305 0.0008537151910844422 -0.0028698924749997793 151.66011453151472 -0.0009224250305394725 0.9997109044779114 -0.024026164904519295 0.46189418930523696 0.0028485512999738933 0.024028704466296808 0.999707210695793 1.9014068574327119
0.9999846596231078 0.0018767570149937265 -0.0052113627357869875 152.99706387215724 -0.0019804841497913 0.999798603503565 -0.019970731455147744 0.4642797967791021 0.005172832975237344 0.01998074611789745 0.9997869831036921 1.9294355104858762
0.9999828028133628 0.0026875469698543603 -0.005212597127710402 154.36306411600106 -0.002790938989150583 0.9997974775900027 -0.0199302399440336 0.46697355771563187 0.005157978004007697 0.019944445240536023 0.9997877846658046 1.9523968521060444
0.999993237332307 0.003148691401488244 -0.001900271588601775 155.68014273173685 -0.00319407920133696 0.9996978007643239 -0.024374269322987883 0.46956009203260657 0.0018229502757452721 0.024380174105862244 0.999701097310021 1.9682943344753823
0.999993401393799 0.0035868059622925982 0.0005761873387490877 157.01409396727118 -0.003566907035155542 0.99949876794203 -0.031456160868211056 0.46671393333745315 -0.0006887256805364447 0.031453898094720746 0.9995049664466825 1.9868266475295047
0.999992020084933 0.0036173877868236506 0.0016953678228004121 158.36867684349022 -0.003559507888142708 0.9994495946313601 -0.032982384613673504 0.4458820774963003 -0.001813744758530746 0.032976086741907024 0.9994544952288429 2.0124334545162643
0.9999915924376143 0.0035503329958911202 0.00205187468008261 159.70142381867063 -0.003475361626494746 0.9993652679237107 -0.03545395787969494 0.4441301677400705 -0.00217644564590185 0.0354465287918067 0.9993692043889295 2.0313007358030015
0.9999872213022671 0.00459434311644122 0.002109322995410753 161.06435535681518 -0.004519423303814295 0.9994032172651468 -0.03424593600815557 0.4454961340789818 -0.002265401768230019 0.03423596546619001 0.9994112099748663 2.03940247821674
0.9999814882551069 0.005826329367605629 0.0017541474286890952 162.41267740944383 -0.005767576354317312 0.9994770485525714 -0.031817675585091756 0.44867510117801773 -0.0019386103524226274 0.031806969405166544 0.999492150287915 2.0461479811000323
0.9999775065653139 0.006705068875983622 -0.00016856685887737564 163.7602394714013 -0.006707156296175078 0.9995804118317948 -0.02817825999947963 0.45188894153517883 -2.0441043884045946e-05 0.02817875677789761 0.9996028997800156 2.0676148095935813
0.9999719058009495 0.007420340282670415 -0.001061206344879684 165.11647330987975 -0.007444629828231254 0.9996575800957807 -0.02508585345903906 0.44977836117530207 0.0008746973977574389 0.025093048980487632 0.9996847372033472 2.0821441400895107
0.9999708285592289 0.007637077199843873 0.00013069970438941378 166.45125444697968 -0.007631384578065579 0.999655339850895 -0.025118986385067838 0.44340267678065154 -0.0003224902956144012 0.025117256208335843 0.9996844599375215 2.099437759673874
0.999971361097898 0.0075679384468028185 -5.737318769457971e-05 167.78410095809508 -0.007567148925375209 0.9996859152248166 -0.02389161271789266 0.44009782241718726 -0.000123455086794042 0.023891362639790584 0.9997145530350429 2.1112162844957805
0.9999727014516634 0.0070334829606241754 -0.002264170688149466 169.17456809179365 -0.00707814382141303 0.9997676265097386 -0.02036155355387397 0.43601383096750274 0.002120431914931104 0.020377023838787017 0.9997901183088216 2.139795741450393
0.999965065548754 0.006400039693567764 -0.0053765392211943255 170.5614744573265 -0.006482625838913627 0.9998590681348712 -0.015486104439123335 0.4384428102553743 0.00527666981238482 0.015520417532642062 0.9998656276696902 2.1643354384493203
0.9999588766955597 0.006208966127005264 -0.0066101178044008 171.9109720462384 -0.006281297995003501 0.9999200039317786 -0.010978662603875807 0.4435861015078394 0.006541422876738683 0.01101973124470272 0.9999178842835256 2.184589189253114
0.9999636068583521 0.006579349556351463 -0.005431124952577173 173.3084635276677 -0.006606644203210007 0.9999655600260297 -0.0050230482977115165 0.442150528694753 0.005397889514186096 0.005058747003388167 0.9999726355593679 2.218132621027376
0.9999681852839681 0.007297338239212139 -0.0032213777347858603 174.69749915538605 -0.007302932103062091 0.9999718399475953 -0.0017281477133241875 0.4471905148990365 0.0032086761422285854 0.0017516182356708838 0.9999933180931614 2.248221834790722
0.9999731117559136 0.007245523965024789 -0.0011305519303933323 176.04638664741321 -0.007248205749621302 0.9999708840829526 -0.002386315102678861 0.4474035552524602 0.0011132289100725487 0.002394445411858036 0.9999965136702046 2.2601009834060375
0.9999792316719675 0.0064370607263135385 -0.0003169762568152397 177.46027126338916 -0.006438317862584016 0.9999707077538216 -0.0041390454722779685 0.4429041147786912 0.000290323684814666 0.004141000305120127 0.9999913838771968 2.284986513703571
0.999987733542237 0.004948769935490282 -0.00020601258573273807 178.8638638580191 -0.004949965523057345 0.9999680533952352 -0.006276147724904531 0.4400838821096936 0.0001749467931583818 0.006277090494000242 0.9999802835699061 2.298939666413682
0.9999881206947794 0.0027901232257652466 -0.003996708859595062 180.19942443403508 -0.0028192606557772212 0.9999693558146359 -0.007303369155196542 0.4342737487626872 0.00397620908380167 0.007314550160285661 0.9999653429580819 2.321558886561835
0.9999647083223427 0.001170293123823596 -0.008319406458162013 181.6143496056988 -0.0012079481959625465 0.9999890434606566 -0.004522589943460822 0.4473648719319704 0.008314022550345137 0.004532479745696978 0.9999551658231418 2.353842223954286
0.9999547929488902 0.0007471144437116952 -0.009479128575456096 183.01583274489747 -0.000751726367753667 0.999999600818334 -0.00048298099425371667 0.4710176208194514 0.009478763949484914 0.000490084871000722 0.9999549554108971 2.3763514873451728
0.99996599963224 0.00040398444392785154 -0.008236284117507296 184.3465159785628 -0.00038727298982983206 0.9999978635464695 0.00203049800000916 0.4858379999500853 0.008237086810674445 -0.002027239271955149 0.999964019703613 2.3952139306034037
0.9999866284576887 0.0006994357094720243 -0.005123836015393961 185.79165100565288 -0.0006740630761061808 0.9999875119025833 0.004951936777695366 0.48051420040785925 0.005127235589844022 -0.00494841677399722 0.999974611991043 2.424713904657224
0.9999958960888521 0.0010996753182075617 -0.0026454715361018564 187.14816180137737 -0.0010855136800772352 0.9999851066627766 0.00534865522216851 0.4901760222530313 0.0026513139203355753 -0.005345761576220024 0.9999821965253511 2.453477224811742
0.9999968303109237 0.0012680013451952191 -0.002175210494249732 188.60729674711712 -0.0012587602398193485 0.9999901998471747 0.00424449434750991 0.49640683974830857 0.0021805712013967774 -0.004241742825299143 0.9999886262988393 2.470906032985746
0.9999981952167076 0.0010819394846610189 -0.0015617202947581833 190.0174461525669 -0.0010776445965924417 0.9999956426799084 0.0027483273677700337 0.49229168232893356 0.0015646870137389305 -0.0027466394281976834 0.9999950038507195 2.493507997841555
0.9999987446572345 0.0012213872505350929 -0.0010094043487854107 191.37950578751912 -0.001221483165004575 0.9999992495325485 -9.44098377620418e-05 0.4951893709595091 0.001009288280288134 9.564268966405875e-05 0.9999994860946896 2.514757416730941
0.9999983653555968 0.0016040649307252563 -0.0008344230535624459 192.83223416692354 -0.0016057084106688012 0.99999676512492 -0.001972673362657047 0.5017356266433275 0.0008312560581472894 0.001974009978152737 0.9999977061463551 2.537883373920309
0.9999981508020775 0.0019216592914494254 -7.495327148631552e-05 194.19668367966815 -0.0019220165267680245 0.9999851509247648 -0.005099390399467869 0.4986338878591581 6.515286755768266e-05 0.005099525031112268 0.9999869952152183 2.5584369394007873
0.9999966210163903 0.0021945649601813237 0.0013934993495641243 195.65925005400655 -0.002180201694932417 0.9999453309489069 -0.010226526001050982 0.4925046480770583 -0.0014158659439032746 0.010223453336143433 0.999946736744269 2.5722396262410183
0.9999953762515995 0.0024518958450537157 0.0017988002075992595 197.0588307674377 -0.00242601322114473 0.9998954834826775 -0.014252598738239612 0.4856919067059209 -0.00183355809089371 0.01424816892472316 0.9998968085492722 2.5925827366888425
0.999992707845026 0.002757285391040188 -0.0026422781921454216 198.4822987448124 -0.0027888930326992376 0.9999236971919695 -0.012034195843288235 0.4944751758163948 0.002608894866508148 0.012041477119307687 0.9999240953674237 2.613776388156264
0.9999662144219369 0.0030016908253186337 -0.007652441888061308 199.92196705368428 -0.0030328305161089622 0.9999871554437878 -0.004060897253358184 0.5106153801932107 0.007640154037813349 0.004083968612877888 0.9999624739192203 2.6352461205812117
0.9999552320564401 0.004371072350289013 -0.008392115910749329 201.34562731022882 -0.004332348997343006 0.9999799110658736 0.004626901431039525 0.5258902285686871 0.008412171842998348 -0.004590336719225883 0.9999540810325682 2.6555031715372257
0.9999749088551466 0.005795924444375977 -0.00407294978808667 202.80753241764543 -0.005747739224578829 0.9999145137409814 0.011744305170719612 0.5403829661375327 0.004140670712267301 -0.011720600239400646 0.9999227382033478 2.6816237846730577
0.9999745907040927 0.006760175316928545 -0.0022622943811392124 204.24433001500918 -0.006730884250618691 0.9998965207802152 0.012713887242918583 0.5326471753347303 0.002348008387403519 -0.01269833695037522 0.999916616071214 2.7004364359446136
0.9999789217506383 0.006271034405884388 -0.00168231445066102 205.70186001951726 -0.006250387494244242 0.9999083470500817 0.012009585993913807 0.5256572625288894 0.0017574727885471876 -0.011998817735661698 0.9999264671276302 2.7292957219503378
0.9999866535966896 0.0048984691299109335 -0.0016424459436069818 207.14717370721755 -0.004884317880372879 0.9999518432626986 0.008512026455258146 0.5199432211213468 0.0016840627475932107 -0.00850389062223018 0.999962423182465 2.7494618068059324
0.9999910402275111 0.0036795961700370177 -0.002092853727779925 208.57702839796008 -0.0036650786759324454 0.9999694868187043 0.006898741177649223 0.513706140276711 0.002118174449770059 -0.00689100889292828 0.9999740133290654 2.7756055157543167
0.999990578942643 0.0032743427423080865 -0.0028496851691892896 210.058633274377 -0.0032539653264737037 0.9999693136021818 0.007126258740419015 0.5204246438129523 0.002872931536203032 -0.007116918826794772 0.9999705474316736 2.792544410734348
0.9999909269362253 0.0031771108992689387 -0.002837606661009169 211.5380579652697 -0.003152323178601614 0.9999572064084924 0.008697597961582326 0.5251479573533614 0.0028651184629100617 -0.00868857399447208 0.9999581490133155 2.820560757677094
0.9999934822501267 0.0029688269789992514 -0.00205463467167445 212.96764281519822 -0.0029488449512707045 0.9999489835686686 0.009660982012178802 0.528133845425626 0.0020832116355871946 -0.009654860245236246 0.9999512207617561 2.839761295781121
0.999993841133786 0.0026029703526841206 -0.002354196219420221 214.41039114835985 -0.002580334197226498 0.9999508993045804 0.009567698542054656 0.539798307574447 0.0023789850623970807 -0.009561565002867407 0.9999514572741863 2.8660482856399554
0.9999925415012982 0.0023557557127883814 -0.003060613794008203 215.88681390742127 -0.0023274613618670965 0.9999548270964654 0.009215567811425343 0.5377337499897696 0.0030821851637148835 -0.009208375616775634 0.9999528518650852 2.8881856174478253
0.9999909539650653 0.0020830996642315 -0.003708461113140902 217.35428972803064 -0.002051200397677087 0.9999610454890638 0.008584875150343145 0.541625412855236 0.003726199802395063 -0.008577190694352579 0.9999562726613725 2.9121277788499036
0.999991801024775 0.0014941837706160623 -0.0037636814539243747 218.83140459517608 -0.0014585588299358986 0.9999542795013165 0.00945047687382521 0.5402142573831206 0.003777630125700867 -0.00944490983878177 0.9999482602558848 2.937972767184405
0.9999901906452765 0.0013509610465969077 -0.004218236298992557 220.30673509594604 -0.0013072514924699799 0.999945606985759 0.010347664635930471 0.5468022111611233 0.004231986148251863 -0.01034204883632005 0.9999375642104402 2.9662572387521022
0.9999897477563854 0.0012705032809904092 -0.004346286177142736 221.80278871461582 -0.00122821643550556 0.9999520219847347 0.00971829270131377 0.5534902429555667 0.004358424773720825 -0.009712854886893304 0.9999433306860134 2.989609760061861
0.9999886220286449 0.000784399943388694 -0.004705372459312054 223.27138696672733 -0.0007342351636761115 0.9999429809208004 0.010653441037922718 0.5566681675915901 0.004713460721854173 -0.010649864973457934 0.9999321795322275 3.0133663763840444
0.999988339682109 0.00042170776895245245 -0.004810682111371443 224.77226137638826 -0.0003729495492100741 0.9999486023958872 0.010131805127698271 0.5627602822174301 0.004814707514772631 -0.010129892845904842 0.9999370999530308 3.037222044350719
