1.0 0.0 0.0 0.0 0.0 1.0 0.0 0.0 0.0 0.0 1.0 0.0
0.9999991569421728 -0.00024568350936842874 0.0012750508056134226 1.27804118475376 0.0002461819240250169 0.9999998933522335 -0.00039075565490745873 0.007722327420083974 -0.001274954667411499 0.00039106921993840095 0.9999991107773353 0.01617775387862542
0.999998460753386 0.00021713292482424185 0.00174107557319456 2.5995649339167666 -0.00021526587356884513 0.9999994017333228 -0.0010724707922035869 -0.0044621502126406115 -0.0017413074002869619 0.0010720943472523382 0.9999979092289385 0.02598735692190312
0.9999981314608367 -0.0006120426568969908 0.0018337062526953235 3.916514696523918 0.0006155489672579103 0.9999979823120512 -0.0019121901828639458 0.011354836468828173 -0.0018325322108883033 0.0019133153458518023 0.9999964905188835 0.04254067755575126
0.9999984106583393 -6.861395972526782e-05 0.001781564739189569 5.233856909171022 7.317903141599943e-05 0.9999967142272463 -0.0025624557635802554 0.012713844312239148 -0.00178138306513613 0.0025625820641445754 0.999995129911911 0.05482045788683201
0.9999968219571805 -0.00039993053297559026 0.002489202906079809 6.5528645230931915 0.00040752040667339367 0.9999952676597745 -0.0030493581577099643 0.02057943624926442 -0.0024879715948915213 0.003050362867699746 0.9999922526118481 0.06375604794310914
0.9999913723794165 -0.00016330446332044746 0.004150722633880989 7.879843416028882 0.0001810261949111809 0.9999908691030404 -0.004269536281942712 0.020822095391147728 -0.004149987499729161 0.004270250835528146 0.9999822711236204 0.08174760268129773
0.9999872883397576 -8.746667666704757e-05 0.005041379620596466 9.214385410976545 0.00010844062977923068 0.9999913402984738 -0.0041602366148679095 0.024084426263517117 -0.005040972081682821 0.004160730421734547 0.9999786382332521 0.09237327921584013
0.9999929286881208 -0.0006773274688150783 0.0036991622368857647 10.536882546700108 0.0006900789246621598 0.9999938212059122 -0.0034469321252258754 0.029274716730550883 -0.0036968046787124484 0.0034494604647923727 0.9999872173471365 0.10297984648740696
0.9999905967607181 0.0022081661573688112 0.003732344084417898 11.834594135395863 -0.0022087807721878927 0.9999975477512048 0.0001605586420233718 0.03117979310440625 -0.003731980391622024 -0.00016880106210089352 0.999993021889932 0.11566590182586653
0.9999994964516836 0.00010107319914359002 0.0009984390756317158 13.205200958065499 -0.00010365534659763676 0.9999966497056172 0.002586471169419027 0.04826970043756372 -0.0009981743076513032 -0.0025865733605542653 0.9999961566357652 0.1257337457168824
0.9999998779011874 -0.00014500032009818873 0.0004724113857113142 14.545643736738482 0.00014267051699562048 0.9999878469999811 0.004928031804463583 0.06165249313140711 -0.00047312021068483606 -0.004927963803580117 0.9999877455899231 0.13934349253458633
0.9999981739272971 0.0009047357383173618 0.001683328641509425 15.88766235920841 -0.000914511384514833 0.9999826707766957 0.005815652606051767 0.0691072090893747 -0.0016780378419771682 -0.005817181409453832 0.9999816721267697 0.15276798434876723
0.9999913529795855 0.0006117411591576747 0.004113361011668166 17.2487073536479 -0.0006279014198323653 0.9999920859636552 0.003928581151574777 0.06671352592437377 -0.004110925183592111 -0.003931129966272868 0.999983823124816 0.16570337952483777
0.9999788301925268 0.0012871296839036509 0.006378280643136972 18.595992306983412 -0.00128489798359969 0.9999991118686906 -0.00035397599024656256 0.06785794784451891 -0.006378730591390668 0.00034577305670579925 0.9999795959103545 0.18007172535301894
0.9999860015664831 0.000549515696050166 0.005262575755035105 19.950362644764574 -0.0005378839342916865 0.999997410104665 -0.0022114395392220025 0.06625699566210781 -0.005263777346252376 0.00220857792758101 0.9999837072830672 0.19568544651065273
0.9999958890060745 0.0009135146471689504 0.0027179885834828685 21.304101178998277 -0.0009046314776689664 0.9999942517933469 -0.0032677243081498573 0.06501649110126691 -0.0027209580739412146 0.0032652520965265135 0.9999909672171574 0.19771767096130777
0.9999974236155842 0.0011270539135275013 0.0019704090107608083 22.650208299285993 -0.0011242556741339943 0.9999983588822094 -0.0014206625450803138 0.07375080185789866 -0.001972006940368761 0.00141844364139676 0.9999970495987792 0.22074054144749403
0.9999929506780776 0.001778734666998902 0.0033067653585383367 24.011353570395226 -0.0017834220706908132 0.9999974084293052 0.0014151114412050312 0.08326631359183927 -0.003304239681044001 -0.0014209988239519392 0.9999935313603147 0.22031447823681935
0.9999647198082353 0.0029404656576226124 0.00786846875533203 25.375551465422827 -0.0029531456284635246 0.9999943588758784 0.0016003584966958115 0.08839213719984566 -0.007863718569123716 -0.0016235387698486665 0.9999677625064363 0.2328373178272413
0.9999494707381354 0.002972577297573023 0.009603111721353618 26.760802276394376 -0.002971959429326764 0.9999955806290305 -7.86101695580865e-05 0.08056051190218534 -0.009603302956445845 5.006613901308843e-05 0.9999538859696024 0.23229246902202974
0.9999462837244134 0.003406885218074758 0.0097889120358631 28.14602636402293 -0.0033712000725203512 0.9999876208840401 -0.0036596569167376956 0.0917302165260329 -0.009801258888838746 0.0036264599526330066 0.9999453905651078 0.24358043648511418
0.9999762516634267 0.0032047323608663347 0.006101294916502693 29.526131107719827 -0.003173049265536929 0.9999814692793915 -0.0051954649636068275 0.088457877261188 -0.0061178319298098634 0.0051759818706025845 0.9999678901565558 0.24386339631376894
0.9999830480352652 0.003887451471066993 0.004334900594094084 30.89784615586097 -0.0038679202847434705 0.9999823724462794 -0.004504885057514245 0.08216949726274317 -0.004352336702444809 0.0044880416409213714 0.9999804571327671 0.26284390124083046
0.9999863972005312 0.004115614149050872 0.003204236894777483 32.28312640208625 -0.004108273056016525 0.9999889291267673 -0.002294279058566407 0.0973211308485575 -0.00321364378843232 0.0022810839698485393 0.9999922345446106 0.2646672001792272
0.9999877675466503 0.004721414514235056 0.001474110596684268 33.64889064361433 -0.004721092245846693 0.9999888309347208 -0.0002220221079995922 0.09705964987818887 -0.0014751423906499753 0.00021505998001698694 0.9999988888514488 0.2813748882406263
0.9999872777262871 0.004795921803578665 0.0015631761332510208 35.05395622922953 -0.004796512550140584 0.9999884265847585 0.0003743846892485436 0.09139085111298172 -0.0015613625222704417 -0.0003818777201652718 0.9999987081574061 0.29334427792770246
0.999985442705594 0.00438031596987307 0.00315074735598118 36.43490032271808 -0.004380808507086676 0.9999903930461891 0.0001494394613194988 0.09711914836575582 -0.003150062494837914 -0.00016324010670602774 0.9999950252170988 0.31183199622683666
0.9999765726167498 0.004089847501438994 0.005488840048064005 37.84615196777631 -0.004097784020110155 0.9999905737502632 0.0014354709135962751 0.09061325922579348 -0.005482917451757587 -0.001457929365306935 0.9999839058995814 0.3311475024534586
0.999977254918927 0.003877986093362537 0.005518230573936607 39.23769710322602 -0.003897839429089585 0.9999859536120869 0.0035915771341309484 0.10169816878607994 -0.005504224976549973 -0.00361300462012775 0.9999783246176001 0.33156177517104574
0.9999765955369738 0.00433815525660431 0.005290443011036597 40.651893599063605 -0.004368252441727346 0.9999742665410463 0.005690749186353555 0.1170346017003769 -0.005265619516141728 -0.005713725988025412 0.9999698128375901 0.3368732868545221
0.9999714357427977 0.004711231381318124 0.005910329716668136 42.041195349429366 -0.004759326656478049 0.9999554622055618 0.008149994787628562 0.11390012722140205 -0.005871669972417098 -0.008177891178850363 0.9999493215096463 0.34700506359120786
0.9999748880593439 0.003812232883037203 0.005974121788873137 43.455185348091135 -0.0038669326852284564 0.9999504641667694 0.009171479938946216 0.11539645291661645 -0.005938862038363136 -0.009194351152097189 0.9999400951179932 0.3541974024766493
0.9999699407805509 0.0037730676311048435 0.006773588118011084 44.8674235856645 -0.0038332564958202166 0.9999530920366194 0.00889493513419071 0.11470509701162594 -0.006739709190952097 -0.008920632660036905 0.9999374973631933 0.37074862456225566
0.9999768758387052 0.0026442748545640114 0.006265428824622555 46.25214088774861 -0.002688515529224801 0.9999714410856358 0.00706320730023466 0.11290024325274418 -0.006246572829320713 -0.007079888672182041 0.9999554267587518 0.3733399168582782
0.9999721315300568 0.0019855835814785233 0.007196778520675563 47.689670565948475 -0.0020432134499300506 0.999965838057342 0.008009244475951006 0.11562572646846739 -0.007180629640408922 -0.008023725825231674 0.9999420275105196 0.39084571429835546
0.999970927339065 0.0010124625428061995 0.0075577375086657884 49.09464805043667 -0.0010675658572681295 0.9999728540142282 0.007290510117920761 0.12702981909828384 -0.007550150978018566 -0.007298366545914505 0.9999448630129416 0.390191865290965
0.9999677483488518 4.2999314517903854e-05 0.008031214925921307 50.53582016225617 -0.00010559783569925251 0.9999696196458326 0.007794141034522606 0.13398709722740912 -0.008030635792045722 -0.0077947377395191746 0.9999373735151356 0.4023817452792166
0.999964705096087 -0.0007293163593276464 0.008369985647755356 51.9414878791838 0.0006635471360653903 0.9999689065837692 0.007857834998221154 0.13942316009701292 -0.008375456243920864 -0.007852003776684451 0.9999340967130769 0.40436366104013854
0.9999480294688844 -0.0024570893351888528 0.009894497121838748 53.378161613748766 0.0023704183384481445 0.9999588057020403 0.00876173589248831 0.14455765684066657 -0.009915617892795325 -0.008737826442993155 0.9999126616414337 0.4138492933110548
0.9999360528133387 -0.0027688367749773572 0.0109646626484096 54.82460494088255 0.0026945233657041804 0.9999733409899212 0.006786519968775298 0.1583684239924341 -0.010983161107421207 -0.006756541450212871 0.9999168562034145 0.41677978239539476
0.9999346653771032 -0.0033603595482810823 0.010925793375637162 56.244973480715586 0.0033103124637412864 0.9999839614837187 0.004595498527998804 0.16420282742499773 -0.010941060669479894 -0.004559030492847821 0.9999297517487876 0.41960492865787985
0.9999357322753815 -0.0043840583339549875 0.010455206904748788 57.67670509805353 0.004368037206709266 0.9999892515188578 0.001554701809137201 0.16499380902479957 -0.010461910430577698 -0.001508933159225681 0.9999441342149388 0.4175012128731301
0.9999275182834111 -0.004183548796632805 0.011289645656296046 59.113180800336615 0.004168403946555948 0.9999903809837188 0.0013646789275232381 0.1798680875380064 -0.0112952462618957 -0.001317520209743056 0.9999353386856472 0.4279495651629597
0.999921284944078 -0.003640453132625539 0.012007123584491346 60.52689726603762 0.0036289396051959162 0.9999929346448914 0.0009805394636440879 0.18742055502731733 -0.012010608357861476 -0.0009368891541051307 0.999927431129673 0.4388101924461993
0.9999088785010795 -0.0032724006001580725 0.013096796899452638 61.955377507557024 0.003286497974534789 0.9999940429129744 -0.0010550211503098882 0.18972140155768075 -0.0130932664288483 0.0010979676116842237 0.9999136766948169 0.44289768579577105
0.9999153911301351 -0.0026598589667622195 0.012733252975814265 63.379936956810454 0.002694887200888597 0.9999926298589872 -0.0027345585898350656 0.2015785190538963 -0.01272588558975897 0.002768641902393399 0.9999151896325872 0.44561902718236707
0.9999268350067141 -0.002281453643260867 0.011879377202917336 64.80289879197424 0.002321219454887653 0.99999174564087 -0.0033347549187120492 0.21532478292100757 -0.011871671057512983 0.0033620855728661724 0.9999238770060964 0.447514255372289
0.9999266468332433 -0.001557274122191093 0.012011488256441572 66.2440194595457 0.0016038843802797405 0.9999912182556898 -0.003871816937294478 0.22324144882512909 -0.012005353294300612 0.0038907979656594457 0.9999203634207423 0.45560768755279085
0.9999288912378468 -0.0009685481796283192 0.01188589004972015 67.63882962445214 0.0009936945524372097 0.9999972803883543 -0.0021099258355336695 0.22923636945414386 -0.011883814159887995 0.002121586745512544 0.9999271342606392 0.46060597758902194
0.9999127338140218 -0.0002530003260646241 0.013208358997405708 69.06792604881147 0.00024727330446166806 0.9999998747188511 0.00043522200646486497 0.24781293844206337 -0.013208467453956863 -0.0004319179517245025 0.9999126711040324 0.4618836417167309
0.999891671054673 0.00015604857230185033 0.014718077467411226 70.45976495953497 -0.00021973034186662337 0.9999906219023483 0.004325254435457788 0.2602587230304985 -0.014717264490063997 -0.004328019893400058 0.9998823282615469 0.4637464508132282
0.9998797180217674 0.0010550922441861525 0.01547372835056244 71.8833862755331 -0.0011771429562572578 0.999968254555017 0.007880622859455925 0.26512252368270317 -0.01546492234611204 -0.007897889752883589 0.999849218389593 0.47148016411103955
0.9998811113047305 0.0015566962814474975 0.015340793744280084 73.27401771471078 -0.001752366447196197 0.9999171835594145 0.012749715073001834 0.27873428260610666 -0.015319675840302773 -0.01277508196824258 0.9998010326124157 0.4682806278565068
0.9998886034179926 0.0022028773215643153 0.014762387554945355 74.679082765979 -0.0024388806729051518 0.9998692106821663 0.015987913900353045 0.29538915586327336 -0.014725237379397238 -0.016022136603084807 0.9997632012245662 0.47205831552330935
0.999889355855314 0.0032721833611447293 0.014510991120395467 76.09367785123905 -0.0035241395790235786 0.9998428901369797 0.01737168623821409 0.30342974199262024 -0.014451867957904542 -0.017420902920986758 0.999743795006473 0.46762233301643996
0.999876335114267 0.0033230548487732216 0.015371134796565577 77.48511582154205 -0.0035926830117953925 0.9998395852555364 0.01754697651488368 0.3081796312497057 -0.015310359474515974 -0.01760003018489364 0.9997278788901768 0.469023554996152
0.9998713539817528 0.0031772523892477974 0.015721976782557694 78.86174687080427 -0.003423665859520843 0.9998713381450977 0.01567117315372484 0.3050658008627101 -0.01567016269151713 -0.015722983914851968 0.999753586529218 0.4699578830689355
0.9998809895725553 0.0032380236217863846 0.01508382890490169 80.26485184469053 -0.0034704381370117663 0.9998752734251726 0.01540758423872786 0.30877872143903684 -0.015032057428867436 -0.01545809807062545 0.9997675152021565 0.474596382905597
0.9998852651063305 0.003158504923422415 0.014814873266144677 81.65012704812322 -0.003384846560477847 0.999877556939061 0.015277890670403556 0.3068293768936871 -0.014764803994812569 -0.015326283836060819 0.9997735271484094 0.4804349732595567
0.9998814369028551 0.002812651492664771 0.015139389969965382 83.04576073273518 -0.003041559970310945 0.9998810854025524 0.015118332155392355 0.31002122650392216 -0.015095067075998036 -0.01516258704161592 0.999771091252481 0.475958672220966
0.9998844845241232 0.002090541720065371 0.015054807977700955 84.42620131058628 -0.002313590391766612 0.9998875954687667 0.014813633152847155 0.3148835419838018 -0.015022147230935643 -0.014846752608051138 0.9997769296345898 0.4779874091671379
0.9998810419330294 0.0013572245965475932 0.015364241742246277 85.81130221536372 -0.001582868353197989 0.9998909362052242 0.01468367196640513 0.3190154602775144 -0.01534263701897757 -0.01470624479719666 0.9997741394201337 0.4728871675868715
0.9998659204815762 0.00026308118662878786 0.016372899798741184 87.1797563386227 -0.0004896328444510259 0.9999041785610824 0.013834520438555398 0.3251106560002272 -0.0163676913218698 -0.01384068222221774 0.9997702407035406 0.4753257659884559
0.9998422337521262 -0.0010217179718476268 0.017733124314255964 88.55681839555126 0.0007999178396659527 0.9999214236381885 0.012510263019950433 0.33028338351258796 -0.01774451287042382 -0.012494104280201873 0.9997644870774451 0.4773853396746163
0.999832782822428 -0.0017008614359248849 0.01820751119553012 89.94435007868461 0.0015180865974988346 0.9999483697467507 0.01004754964645725 0.3316292497118558 -0.018223660626835253 -0.01001822894484411 0.999783743257594 0.47708903782833445
0.9998271472765581 -0.002908696848142735 0.018363416116440504 91.31011693675327 0.0027576919165855814 0.9999622223943373 0.008243113457376086 0.3396051894650988 -0.018386699108680186 -0.008191047968580133 0.9997973974906432 0.4707050478002055
0.9998300147033392 -0.0034463234248648454 0.018112552364918894 92.66547175237854 0.0033207994805903107 0.9999702946015764 0.006955731826784238 0.3495274756318157 -0.01813598602586615 -0.00689440130016058 0.9998117589034358 0.467745968771765
0.9998327451088488 -0.0035340577428145 0.017944142330422384 94.01602576316262 0.0034243324311061005 0.9999752753570184 0.006141874474190516 0.3599756591626791 -0.01796540440695056 -0.006079400507113421 0.9998201263897266 0.46545085019468957
0.9998399995640327 -0.003656170124662048 0.01751021678377192 95.3730875070605 0.003548523395610388 0.9999746397024272 0.0061747820780759756 0.373686464196401 -0.01753234877322388 -0.006111658696332056 0.9998276173293442 0.4604714317528445
0.9998436988204913 -0.003559443301133988 0.017317860501362997 96.73008350073088 0.003450121173295026 0.9999739599071711 0.006338467595646467 0.3825001476743626 -0.017339970958690724 -0.006277728168493068 0.9998299433084579 0.4587335647080911
0.9998561641628342 -0.0033551642768420036 0.016625097240590754 98.09053510808519 0.0032360716455835923 0.9999689502047439 0.007185155998798351 0.3972942135250682 -0.016648688413456028 -0.00713032251008475 0.9998359763856339 0.45843351817907585
0.9998532709709496 -0.0030462841532789345 0.016856947575120955 99.44101161670574 0.0029199888716944385 0.9999675232806725 0.007511727424953526 0.40551529151138116 -0.016879282972984227 -0.007461403137151881 0.9998296941327273 0.4526091457794519
0.999827256937688 -0.002879939213631991 0.01836197795947273 100.79544741620981 0.002713230489595064 0.9999549361494916 0.00909747495607267 0.41736015692062467 -0.018387350672913957 -0.009046083151940538 0.9997900148105299 0.4591485991313067
0.9998020031452982 -0.0028775709515392136 0.019689441131423426 102.1244097085152 0.0026968453827076948 0.9999540497212891 0.009199210345214277 0.4344960715125869 -0.019715007776582263 -0.00914428955209681 0.999763822328532 0.45048205563907034
0.999809526256805 -0.002567339538861539 0.019347350563718228 103.47514774383151 0.0024073590930223585 0.9999627593440163 0.008287614089599023 0.43978180279068374 -0.019367907175026743 -0.008239459496415762 0.9997784732023721 0.44928406331221155
0.9998543144798686 -0.0027912669824677865 0.0168391996432286 104.81665121521101 0.0026382448536607017 0.9999550898207812 0.009102637288467113 0.45534783496941783 -0.016863851282671406 -0.009056885234220664 0.9998167748891643 0.4425161661317525
0.9998653428488729 -0.002634179020401166 0.016197446422020697 106.1437454468392 0.0024889941033938733 0.999956607528952 0.008977080123436525 0.46341726585036375 -0.016220390810921397 -0.008935555946767216 0.9998285126769806 0.43814222374511974
0.9998544958495682 -0.0026428850897893207 0.016852367424431906 107.49036792593449 0.002527687641562409 0.9999733210193619 0.0068533236239660435 0.47518673125866984 -0.016870030367268963 -0.006809728916064699 0.9998345011388121 0.4384137447659745
0.9998029684574121 -0.0018171588818297728 0.019766694143059715 108.81854440322557 0.0017316505000696677 0.9999890735517885 0.004342138134771418 0.4801631634660121 -0.019774368518177578 -0.00430705359079904 0.9997951908461419 0.4323691445216051
0.9997981484611731 -0.0011189827613307959 0.020060164784715128 110.15658575698528 0.001076653696837094 0.9999971715476036 0.002120781367764986 0.4836007184813429 -0.02006248116328505 -0.002098755434207762 0.9997965253366308 0.4338620708072529
0.9998135175632569 -4.645985795702337e-05 0.0193113422440974 111.50814596742575 1.716070159174476e-05 0.9999988486578895 0.0015173623186390953 0.4870227689975313 -0.019311390506573652 -0.001516747961034906 0.999812367233135 0.42424525139825114
0.9998585485815851 0.0007216007375402227 0.016803634151617987 112.82334858269017 -0.0007747359683536077 0.9999947202390649 0.003155832405815807 0.4959371614811734 -0.016801268181455237 -0.0031684043886220387 0.9998538286175259 0.4193089201036471
0.9998851930769687 0.001296433509046276 0.015097017109004435 114.15131468688944 -0.0013889061409201311 0.9999803303933447 0.006116352356489011 0.5051915643565323 -0.015088790712468148 -0.00613661849666706 0.9998673263529825 0.41842713239114787
0.9998877077579347 0.0026844123247631033 0.014743330866993075 115.46297230126515 -0.0028105712494648325 0.9999595583307372 0.008542973267460405 0.5138896645247124 -0.01471980175935303 -0.008583451139694418 0.9998548153620594 0.4100071698197863
0.9998437757143963 0.004296096097793102 0.01714548697175203 116.82330632170874 -0.004470455543666128 0.9999385545431992 0.010144070449741702 0.5194279849771427 -0.017100853557998105 -0.010219133836864302 0.9998015453634848 0.410984512494075
0.9997944809294983 0.004990047525170149 0.019649308603901385 118.12835573495033 -0.005176460525956289 0.9999419719225107 0.009447594622131662 0.521963111523477 -0.019601024446136126 -0.009547366831616876 0.9997622955619222 0.40173692311661136
0.9997713054599552 0.005953638329560243 0.020539984652815375 119.487682161578 -0.006144372401031056 0.9999384750501972 0.009235410228218588 0.5173769166013764 -0.02048373663896673 -0.00935950345514268 0.9997463759516103 0.40276725221604054
0.9997725562573657 0.006786261574403772 0.02021836809577416 120.82889810065772 -0.0069829824764406035 0.9999288121699533 0.009675151064448986 0.5176950288455506 -0.020151270688127117 -0.009814135021995353 0.9997487729642002 0.38831996143070596
0.9997592840829046 0.00866839193034236 0.020155219457501324 122.14349281559318 -0.008886380488682772 0.9999027172624492 0.010751197746344537 0.5160644711724739 -0.02006006310679063 -0.01092771671085141 0.9997390553917751 0.3777138769026319
0.9997561258937554 0.009653429698391388 0.019862024895958987 123.5099409344533 -0.009915567557511397 0.9998644746593519 0.013142063543854445 0.5172613346065416 -0.019732467101756607 -0.013335801784538333 0.9997163528385647 0.3676523024919087
0.9997645952833818 0.010575136232500101 0.018945197584613254 124.823966592854 -0.01083236826827219 0.9998498298820057 0.013526916966733981 0.5099608364605851 -0.018799303592327614 -0.01372895402383042 0.999729014286299 0.3650943674066615
0.9997661342455553 0.011772767739198995 0.01814052798176602 126.16779866057485 -0.012050714084631613 0.9998104881427617 0.015289476439136425 0.5024469841028633 -0.017957090681645003 -0.015504507070246443 0.9997185369666604 0.35622571510753137
0.9997541402371712 0.01264953965727375 0.018211211521855612 127.51922768585099 -0.012912164787350324 0.9998132794856938 0.014376444781868801 0.497115961016045 -0.01802595570667526 -0.0146080563567119 0.9997307985704652 0.34897846940051247
0.9997206436646614 0.013563647920347048 0.01935618985771751 128.83899494156051 -0.013828096624132877 0.9998119701130092 0.0135944165927331 0.4866964300004856 -0.01916816043517964 -0.013858278169960268 0.9997202257390291 0.3441588821993133
0.999692772558705 0.014301204867812941 0.020244407455346624 130.20122149479175 -0.014549905203278523 0.9998198191777318 0.012191367354949158 0.4744557520776837 -0.02006640855920309 -0.012482176041722649 0.9997207282680491 0.3337112626848583
0.9996585456205883 0.015012567305354592 0.021387262345438807 131.53878915551874 -0.015249839849125115 0.999823485354054 0.010974539582501126 0.458869569503241 -0.02121873116627057 -0.011296944603477818 0.9997110304934719 0.3266176246140669
0.9996648958859095 0.014669823546953793 0.021328202233547876 132.88018704525084 -0.014874112538570926 0.9998447032188204 0.00945146663004957 0.4425461780666812 -0.021186238684669907 -0.00976553748496484 0.9997278517516783 0.31547261352810896
0.9996493606589911 0.014446544816125914 0.022191283805714866 134.21993087662182 -0.014622633789250014 0.9998627115018002 0.007793377273912839 0.42816275220666317 -0.022075649823631492 -0.008115139625645564 0.999723366833906 0.3063749327850986
0.9996569906566621 0.013932631023374593 0.022176176948081074 135.54605088883844 -0.014064507411886728 0.9998842568925591 0.005801934994075576 0.4123353135005423 -0.02209277398895589 -0.006111841881216767 0.999737242842484 0.29748773321760746
0.9996686773067165 0.012948529490444664 0.022245700615514268 136.90378097312004 -0.013065966627013731 0.9999014159612831 0.005141874631212745 0.40041541434990596 -0.02217692782920507 -0.005430832593298253 0.9997393109853198 0.28822954980201027
0.9996641803101923 0.012033567319962786 0.02295037826065736 138.2435019806938 -0.012116483736311924 0.9999205467167736 0.003477222382366992 0.3858813358915791 -0.022906711388128567 -0.0037541325475626145 0.9997305582316649 0.27525600678939044
0.999661251397361 0.010802614692897377 0.02367880846788909 139.59165799287445 -0.010852850852862873 0.9999391177815973 0.0019940808725879998 0.372475544600563 -0.023655825562167387 -0.002250387957154368 0.9997176289688076 0.262582221592718
0.9996710204147782 0.009584779366167277 0.023790396116460936 140.9184052070545 -0.009611578409985088 0.9999532952429645 0.001012370093074649 0.3632729239155218 -0.023779581647811514 -0.0012407003016593073 0.9997164558810746 0.24848943806234297
0.9996725500730326 0.008391391314047 0.02417389464473727 142.25038719721053 -0.008412210287325934 0.9999643281877129 0.0007596513528486288 0.3544070255403427 -0.024166657786341254 -0.0009627584902838098 0.9997074800898147 0.23756264643236966
0.9996974179684456 0.007175825851016217 0.023528281505009793 143.61971039473934 -0.007177732683109483 0.9999742397391643 -3.407375855000148e-06 0.35417497174551343 -0.023527699861076952 -0.00016547337029161748 0.999723171661941 0.218729901681617
0.9997508082558066 0.006279361113711105 0.021421741662734785 144.9491166424242 -0.0062513021006473995 0.9999795129535206 -0.0013765519554344834 0.3515217885271554 -0.021429946661337632 0.0012422951513959561 0.999769580497851 0.20998957269615082
0.9997698632184437 0.005406454153418828 0.020760319209039445 146.29023596611896 -0.0052927635831836175 0.9999707168962716 -0.005527386688931102 0.34413292186427674 -0.020789594845180538 0.0054162351724632235 0.9997692019374921 0.20371186416031925
0.9997107176552109 0.00448409691033695 0.02362993610236187 147.63000577318735 -0.00412955145579007 0.9998784918650695 -0.0150315771098091 0.3315674148965944 -0.02369446792137313 0.014929647702905164 0.9996077619793627 0.1902599813121095
0.9996874538003057 0.0032295075645553508 0.024790421439583515 148.99639903895036 -0.0026584613572435086 0.9997311602942509 -0.023033447851393465 0.31146069082491035 -0.024858143484052166 0.022960344457374743 0.9994272836404483 0.17443817985168972
0.9997536240937586 0.0020059800083810204 0.022105817234424542 150.33891681067453 -0.0014342778985926166 0.9996648650172477 -0.02584764006553751 0.30480480504854346 -0.022150258650982253 0.025809565944702493 0.9994214488129823 0.16541314726770917
0.9998035881179451 0.0022926089543300224 0.019685759590752326 151.66704867749303 -0.0018197022969458744 0.9997101300615278 -0.02400717675850053 0.3058356442382766 -0.019735092349235695 0.023966639241786155 0.9995179469791532 0.153697631943351
0.9998463347974329 0.0029645624048198664 0.01727767813936962 153.00229608258243 -0.0026013626295277995 0.9997759648063103 -0.021006025518435566 0.31648880399212115 -0.0173360810049278 0.020957852117032386 0.9996300459320094 0.1430144774239684
0.9998421864321726 0.004118853676648713 0.017281124816490332 154.35124185879627 -0.003776711907615694 0.9997971300977135 -0.019784718738021397 0.31806185858735647 -0.01735910935790297 0.01971633061109745 0.9996549042692354 0.14479890390768868
0.9997865773083002 0.004965597546978551 0.020053495335119742 155.69854666581188 -0.0044924345884231375 0.9997120586029721 -0.023571548851884103 0.31518399613505516 -0.020164767928815053 0.023476429132418326 0.9995210049866724 0.13592619165118863
0.9996963530730442 0.005271274156264439 0.024071047364521158 157.05572702034127 -0.004549810908046741 0.9995416641043862 -0.02992926561303584 0.29875647022890145 -0.024217780103810944 0.02981065896963919 0.999262139650372 0.12327743960144998
0.9996645249688171 0.005446996856212459 0.025321290332794143 158.40883388367408 -0.004580780383138318 0.9994064928258611 -0.03414203492168344 0.287035396236411 -0.02549223352220628 0.03401458985142123 0.999096168397862 0.11062476275504196
0.9996435294196289 0.0052979070667980846 0.02616765694858898 159.75268124265241 -0.004373395858746674 0.9993685319062028 -0.035262031199340585 0.276895006018405 -0.026337947872417163 0.03513501980008183 0.9990354562704556 0.0927212155525907
0.9996368564677511 0.006209258119278275 0.026222133873521816 161.0989507764592 -0.00532759667513471 0.9994225105275285 -0.03355982962589606 0.2765678447684832 -0.02641537251185031 0.03340794163758452 0.9990926571297579 0.08084618034950501
0.9996533350271462 0.007256897733796734 0.02530903404686887 162.45111557663293 -0.006462944783716659 0.9994887552757988 -0.031312272705075805 0.27889993968231674 -0.025523324897571267 0.031137846947334385 0.9991891684629379 0.05460588342349124
0.9996735806160093 0.008287511608089425 0.024167113392230963 163.7929797648908 -0.00761941241224008 0.9995898088058931 -0.027607221625695063 0.28074891605749464 -0.024385995424820534 0.02741407088966953 0.9993266692850726 0.04089385733607375
0.9996955416618859 0.008873553630722853 0.023023553750701895 165.14707827868676 -0.008319961223725704 0.99967661645647 -0.024029996990834943 0.2837251979857932 -0.02322933977934962 0.02383112578344802 0.9994460841972963 0.024222703589870193
0.9996644880190719 0.009248687735249957 0.024194486329382387 166.50939335511333 -0.008692413587530423 0.9996977494863727 -0.022996774076053574 0.28149250352539473 -0.024399863515809892 0.02277874990111552 0.9994427323330498 0.008755975187711202
0.999657548030902 0.008967420386571027 0.024583979264055013 167.88382533174845 -0.008434169041883483 0.9997287432880675 -0.02170955172808071 0.26756652849958096 -0.024771989371423338 0.021494771812507994 0.9994620169507745 -0.004605105871719961
0.999689105993262 0.008240053142742836 0.023532804392960915 169.2363519374792 -0.007799141402471311 0.999793469622672 -0.018766765657499896 0.2638052927162215 -0.02368258330032525 0.018577395513473722 0.9995469051646145 -0.019550750763070043
0.9997702885671849 0.007872389464278972 0.019934783229581098 170.6164547569021 -0.007559392718516221 0.9998477310218272 -0.015728011706220905 0.27435635322123175 -0.020055564814158745 0.015573703946925643 0.999677565050531 -0.0347276155420766
0.9997999148370225 0.007508080422687626 0.01854073947417611 171.98689798799643 -0.007328481606083224 0.9999257516813324 -0.00973573222063456 0.2789597811801704 -0.01861245951592957 0.009597908776866807 0.9997807042036163 -0.043868848956880466
0.9997787766571333 0.007452203845576601 0.019668818058282096 173.343916100869 -0.007327471365902396 0.9999526338720045 -0.0064061045747624175 0.27955802495949056 -0.019715626019675636 0.00626056469377043 0.9997860268179224 -0.05745068376920337
0.9997034748959384 0.007851516056808753 0.023050292332106245 174.75149548781962 -0.00781210980249537 0.9999678665217421 -0.0017991287861994362 0.2784856137129697 -0.02306367753459186 0.0016185238846708572 0.9997326878516153 -0.06558960736865616
0.9996665901031664 0.008216008111066264 0.02447868138252001 176.11137525025663 -0.008161253603786093 0.9999639681291551 -0.0023358901962732374 0.280481918549899 -0.024496991062633117 0.00213533466071486 0.9996976231715088 -0.08538205808790339
0.9996251932269453 0.007417828250131391 0.02635239818391885 177.50233370165273 -0.007304152886415603 0.999963611839176 -0.004407306225077764 0.2704940013717344 -0.026384131909238998 0.0042131723915946355 0.9996429996562746 -0.10313872155495266
0.9996361187520959 0.005749973265414378 0.026354656015449326 178.88705606386986 -0.005548072627690563 0.999954750211821 -0.0077276399328968706 0.26609603515781244 -0.026397897195866 0.0075786104439832195 0.9996227866987502 -0.12411542191164363
0.9997032999784452 0.0042928828182283415 0.023976721404638707 180.2330259916445 -0.004106005406470321 0.9999608531030512 -0.00783791943184388 0.26099539744785183 -0.024009430060056333 0.007737145373262629 0.9996817912964425 -0.1361305206499689
0.9998131128228958 0.002239419783537732 0.01920219847894497 181.6487251361017 -0.0021095325000144603 0.9999747783621593 -0.006781777951376044 0.2693984704890326 -0.019216901415761063 0.006740002862275901 0.9997926200274703 -0.15412215352795014
0.9998393563505068 0.0017295325438543376 0.017840129197512263 183.05978005351332 -0.0016896932024486214 0.9999960457929817 -0.0022479624735088992 0.27635454735498605 -0.01784394657820348 0.0022174570075773896 0.9998383251580897 -0.1662156013641075
0.9998229785669724 0.0014179828551834535 0.018761685800852017 184.40826621404997 -0.0014488857866845446 0.9999976159733861 0.001633639348672605 0.29090084117273807 -0.01875932459990577 -0.0016605336993851484 0.9998226494575869 -0.17521586399051944
0.9997579875140687 0.0014144818710399882 0.021953715923631555 185.84905433704887 -0.001502621462956672 0.9999908757627176 0.003998814830920933 0.29991060186150253 -0.021947859361634257 -0.0040308351925414255 0.9997509909157842 -0.18704019107151493
0.9996756201723311 0.0015927188736414354 0.025418844970903597 187.2063015096103 -0.0016792379615064748 0.9999928685374211 0.003382755410717636 0.30264303243226837 -0.025413275918974323 -0.0034243424025132505 0.9996711655770494 -0.20235264450903395
0.9996517619763147 0.001496385542049782 0.026346073862324633 188.64200489317943 -0.001571071225627877 0.9999948056484231 0.0028143225430656616 0.3079661098207076 -0.026341725699990215 -0.0028547340474986164 0.9996489203618761 -0.22218009714375936
0.9996442232526763 0.0016152099561263233 0.026623636384821032 190.06706457109547 -0.0016533348676773638 0.9999976391266555 0.0014100443009774425 0.3078516996090708 -0.02662129601219404 -0.0014535604263418466 0.9996445337022146 -0.24329901733359657
0.9996164624272544 0.0015996221355601512 0.027647228675672663 191.47928434447536 -0.0015535838503153716 0.9999973708679605 -0.001686604395434738 0.30669466681910174 -0.02764985391718282 0.0016430052313022299 0.9996163194507022 -0.263638064063856
0.9996097882113005 0.001963172920799519 0.027864265004517347 192.8798520364091 -0.0018500966872818513 0.9999899518096617 -0.004083310171707665 0.30816665187306114 -0.02787200126303526 0.004030165231563348 0.9996033760016019 -0.28180939983193437
0.9995778855235 0.002636097565100832 0.02893271093410038 194.29798158685173 -0.002442722654108681 0.9999744577236342 -0.00671691940988981 0.30825423943840996 -0.028949678381703075 0.006643409512525905 0.9995587932841394 -0.30370707330397434
0.9995284418084879 0.003164932752247101 0.03054303875795978 195.73403444336003 -0.0028326001463044445 0.9999363854787966 -0.010917938084217158 0.305907390994265 -0.030575650317002837 0.010826273425024742 0.9994738222742099 -0.3283303028775205
0.9995020875735292 0.00329213967918964 0.031380547358038385 197.14755878453695 -0.0028348260193367184 0.9998893004825163 -0.014606523954192423 0.30135389263621204 -0.0314251602636721 0.014510292792256489 0.9994007758179326 -0.34794118368038934
0.9996174089099189 0.0034085859043818693 0.027448448887910922 198.58894104098167 -0.003057660660932263 0.9999131873919056 -0.012816723100795643 0.3063563526028886 -0.027489752918176555 0.01272789149436507 0.9995410518145842 -0.37321109582486084
0.9997462690427186 0.004237777603324093 0.022123263234634004 199.99356414761206 -0.004129029436816818 0.9999791798737818 -0.004958924769406879 0.31209554811187395 -0.022143817445825463 0.0048663189315438 0.9997429521076818 -0.3938460608268383
0.9997391080848325 0.005242972243625558 0.02223121696615005 201.42099586730055 -0.005318651016211669 0.9999802565618165 0.003346406719346467 0.31844799703728555 -0.022213232927946722 -0.0034637737535971637 0.999747255337204 -0.41852417971800326
0.999652863703924 0.005826104125807435 0.02569452469416844 202.86510187608766 -0.006108743352623655 0.9999215488426109 0.010935237301767244 0.3399682788260112 -0.025628799097807107 -0.01108840254091792 0.9996100299546293 -0.43719138057183604
0.999566863280528 0.006508293531265592 0.028700661087108024 204.3044265103463 -0.006863611287706123 0.9999008073635234 0.012299035485162797 0.3444529507110798 -0.028617768459777284 -0.012490698502682187 0.9995123840049696 -0.45526697313409675
0.9995529705837609 0.006574469797105247 0.029165653499729112 205.7537829901179 -0.006890896239665444 0.999918343345376 0.010762071847602826 0.3320604951528842 -0.02909251701371806 -0.010958238376935936 0.9995166544212661 -0.4810651391920561
0.999560373344423 0.005088190271726865 0.029209080083361802 207.20957045503033 -0.005311358090570576 0.9999572575568659 0.007567861956016968 0.3322235614142825 -0.029169324894334964 -0.0077196748059942645 0.9995446748925725 -0.5035104579465274
0.999563517190614 0.003840471245456836 0.029292078829304548 208.6331989015964 -0.003997757477210357 0.9999778952180955 0.005312909780995883 0.3258378504630763 -0.029271027257046875 -0.0054276934143715466 0.9995567753297042 -0.5251540554691526
0.9995792206929619 0.0033578837612597873 0.028811563225497928 210.1053608249767 -0.003506562534194764 0.9999807885545227 0.005111412825119486 0.32869573394251095 -0.028793846183599342 -0.005210291596531061 0.9995717919606546 -0.5540011779744108
0.9995712309475372 0.0036214201424576886 0.029055801110571985 211.56149666170452 -0.0038082055165838498 0.9999724233382693 0.006375745739327801 0.33133942079716006 -0.029031910594529853 -0.006483662478946449 0.99955745722199 -0.5711420235157272
0.9995280489493018 0.0031205697673654586 0.030560454969277492 213.0305957029833 -0.0033655591750925166 0.9999625881469115 0.007968394943095047 0.3358682953675839 -0.030534445713672014 -0.008067487270346127 0.9995011572149887 -0.6030258526789255
0.9995431970265943 0.002928144870123305 0.03008028000990659 214.49708618960764 -0.003125798711119461 0.9999738202887626 0.0065259573638662876 0.33785796960622033 -0.03006038356828435 -0.006617001187623233 0.9995261820657879 -0.6265236940879859
0.9995704252820731 0.002798032361313595 0.029174233774351886 215.95486083091086 -0.002983386943547816 0.9999756301561107 0.006311774412502559 0.3411712832497016 -0.02915586225376572 -0.006396101061920103 0.999554413520067 -0.6509062812699966
0.9995846388786567 0.0022361230315754168 0.028732376713615292 217.43405640358947 -0.00241557232682932 0.9999777856004737 0.006212351882097383 0.3366777955322697 -0.028717846857995825 -0.0062791766467268995 0.9995678352230426 -0.6745690983922529
0.999594328208085 0.0018359734035357648 0.02842196713615421 218.88812125325336 -0.0020137297939299315 0.9999785855030907 0.006226831261157858 0.34453826078924765 -0.02840992619744303 -0.006281539373386363 0.9995766195527767 -0.7034465985828838
0.9995840328243024 0.0015021324587179267 0.028801127074828573 220.38574574339825 -0.0016966298753750347 0.9999759148554963 0.006729870428104747 0.34700531811269164 -0.028790324238708087 -0.006775935875549584 0.9995625062612346 -0.725118363150979
0.9995896547084605 0.0018777399337231474 0.02858314700242282 221.85451290382863 -0.002056284758778245 0.9999785513950696 0.0062183955172326645 0.34863384132392333 -0.028570857404208706 -0.006274618917450237 0.9995720760728709 -0.7465443838997269
0.9995723606685367 0.0006862018620360682 0.02923396850469294 223.33486952290505 -0.0009191658767186331 0.9999679260438004 0.00795625651620545 0.3571390576357701 -0.02922757125763132 -0.00797972497427849 0.9995409311617584 -0.7697363330455006
0.9995854385004311 0.00041852673712980295 0.028788469449959657 224.8250576772798 -0.0006356543412086206 0.9999714212461743 0.007533434440183913 0.3625581402811041 -0.0287844937676426 -0.007548610883888105 0.9995571376325939 -0.7975484341518109
