1.0 -2.1684043449710093e-19 -2.5135375298442207e-37 0.0 2.1684043449710093e-19 1.0 2.3183291766350204e-18 -8.673617379884035e-19 -2.51353752984422e-37 -2.3183291766350204e-18 1.0 0.0
0.9999996040533672 -0.0003461269778219735 0.0008198104805868954 1.321669339459153 0.00034617184171178967 0.99999993859285 -5.458344333468033e-05 0.003308394169381078 -0.0008197915374423896 5.486721702646913e-05 0.999999662465655 0.010423064793896392
0.9999986363754948 -0.00023422411048850422 0.0016347434713042757 2.6117327042740497 0.00023610172762302721 0.999999312634434 -0.0011484714335710507 0.010094717915621068 -0.0016344733479379547 0.0011488558332450557 0.9999980043115833 0.026648921940198318
0.9999978870987992 -0.0011289079228299426 0.0017179536777896334 3.950989411741175 0.0011324190349246378 0.9999972694794189 -0.0020441773005150736 -0.00718611133811509 -0.001715641298931538 0.0020461184248162486 0.9999964349808078 0.04084421176211545
0.9999992959266606 -0.00020683388233662555 0.0011684887368778568 5.260100039174956 0.00021114644154888532 0.9999931629980603 -0.0036917982494727238 0.007739440270264372 -0.0011677171589533546 0.003692042372414784 0.999992502601773 0.05801204116641287
0.9999987592052763 -0.0006546259743541447 0.0014328477733667104 6.582443796839237 0.0006594902515908291 0.9999940127269601 -0.0033969961496123236 -0.0024213280771830806 -0.0014306154326015493 0.0033979368837759732 0.9999932036591138 0.06922977948554612
0.9999965307674533 -0.0003058337149804656 0.002616279571546101 7.912640763167889 0.00031832580202166474 0.9999885457605532 -0.004775669207318273 -0.001823692660618182 -0.0026147890433982366 0.004776485468704153 0.9999851739225066 0.09615367327452104
0.9999954642105267 -0.00028871137226102266 0.0029980333748791496 9.231073020889777 0.0003035570536163673 0.9999876900604219 -0.004952532759780497 0.005551467466337216 -0.0029965666167402084 0.00495342037031246 0.9999832419671574 0.09696978607364047
0.9999966843572757 -0.0008959827824464894 0.0024142264410545304 10.566263499710509 0.0009076680001488482 0.9999878586892565 -0.004843409220484374 -0.004385569725623764 -0.0024098575179112075 0.004845584477555489 0.9999853563416887 0.10339662652665135
0.9999997057909007 -0.0007660039447805265 4.069482385160102e-05 11.891361076559575 0.0007660800155227059 0.9999978951318071 -0.0019033794590023359 0.01490762751813684 -3.923674202035067e-05 0.0019034100745020676 0.9999981877436411 0.1148085009362416
0.9999994115544684 -0.0007747469858512796 -0.0007593798948198854 13.226711936409718 0.0007756062505393404 0.9999990586249156 0.0011318940880591568 -0.0008873351350290347 0.0007585022484255463 -0.001132482401794095 0.9999990710785429 0.12731344639730702
0.9999995733086464 -0.0005173880052526245 -0.0007653052836440218 14.566940721834708 0.0005204248805902666 0.9999919708866637 0.003973326081455339 0.017124281789760366 0.0007632433876656601 -0.003973722669982311 0.999991813460327 0.13866224478698547
0.9999999921710574 -3.48681671862879e-05 -0.00012017527239486324 15.92087324935466 3.542050768449402e-05 0.9999894230382534 0.0045991909080551705 0.03256307740851204 0.0001200136359481005 -0.004599195128717528 0.9999894164444418 0.15509704165368904
0.9999967609301719 9.676130539875167e-05 0.002543376970585158 17.260853664082244 -0.00010664004411556536 0.9999924505684056 0.003884254638370617 0.024523516914822525 -0.00254298192398539 -0.0038845132828309588 0.9999892218416605 0.1877853270247441
0.9999885746055325 0.0003346466092157837 0.004768508156903476 18.624464834503193 -0.00032913567160498396 0.999999277166915 -0.0011564321671667576 0.016424064457404183 -0.004768891706171544 0.0011548494683382964 0.9999879619248425 0.18549730683208715
0.9999946525819261 -1.5017300666129284e-05 0.003270257181525645 19.95975779361654 2.7679129008892403e-05 0.9999925041580267 -0.0038718034073069608 0.005039551928497549 -0.003270174524158713 0.003871873221025862 0.9999871571957021 0.20580619247152068
0.9999996144940076 0.00032482491958765725 0.0008157822060587125 21.31066472130853 -0.00032102895945931284 0.9999891418938003 -0.004648982136766427 0.005563107221335944 -0.000817283453457623 0.004648718454843198 0.9999888606701999 0.1869159725153508
0.9999996352734077 0.00041989891823250184 -0.0007437324450498132 22.673096735009274 -0.000421613473880039 0.9999972507199779 -0.002306684756080346 -0.0004070624164395917 0.0007427618258872789 0.00230699748239087 0.9999970630294301 0.24142040825659508
0.999999272995862 0.0011429306927864763 0.0003843399264308308 24.045775991484852 -0.0011429101851745224 0.9999993454428852 -5.357340613166754e-05 -0.004657809532602604 -0.0003844009055485825 5.313410116709257e-05 0.9999999247063527 0.2012993417177928
0.9999831088122167 0.002162382454424198 0.005395015512034862 25.4416530385355 -0.0021673066953629186 0.9999972400084597 0.0009070596184033798 0.014092882450044027 -0.005393039212033736 -0.0009187369503298546 0.9999850354132672 0.23628685489847662
0.9999784797564133 0.002272738163738119 0.006154241244194473 26.8026916332931 -0.0022659858413679916 0.9999968233155118 -0.001103932539488374 -0.0030467828206803015 -0.0061567306437244635 0.0010899633590675131 0.9999804531327883 0.23504396262306676
0.9999839587229946 0.002086649174926011 0.005265756537187781 28.183438642502505 -0.0020621532104351296 0.9999870480736077 -0.004653085983409833 -0.0009825940967088495 -0.005275397693524853 0.004642152545220111 0.9999753099946629 0.2809127773198254
0.9999919976256503 0.0024897908231263036 0.0031313936703348862 29.533169807459664 -0.00247429353150364 0.999984721291376 -0.0049431827125003824 -0.00682280142248883 -0.0031436533176380293 0.004935395168198737 0.9999828795126205 0.25685098208866713
0.999995285717126 0.00295501625754475 0.0008345192873375729 30.92085293010365 -0.002950289297137819 0.9999799126052318 -0.005609828793844218 -0.010143777926341295 -0.0008510796593070587 0.005607340274202723 0.999983916569893 0.2943668791681557
0.9999939293370202 0.0034744506874772882 -0.0002635934880768126 32.30832001085992 -0.0034752330875533932 0.9999893763145041 -0.0030282029516458847 -0.007997864098647538 0.00025306934591532966 0.0030291006172577586 0.9999953802420072 0.3003365257672004
0.9999887814953704 0.004022800819289422 -0.002500791269290412 33.69623349088705 -0.004027595621723854 0.9999900551077577 -0.0019152438725211106 -0.01775680573639081 0.0024930617545712024 0.0019252945623158995 0.9999950389296619 0.3185919071481571
0.9999872134828962 0.004469014607879681 -0.0023665965323620137 35.091838048659056 -0.004472630259984678 0.9999888353668082 -0.0015247033455693788 -0.01097465209006169 0.0023597561886557843 0.0015352687611877897 0.9999960372424287 0.31261296238667813
0.9999926223878471 0.0037140861631108466 -0.000980170316593384 36.49340060938195 -0.0037152805318247297 0.9999923546805349 -0.0012195372274411763 -0.025858038744287114 0.0009756333565363454 0.0012231698378636182 0.9999987759968015 0.34945191631268957
0.9999930560682277 0.00369733403680926 0.0004664079186192014 37.883333104678805 -0.0036976974863329147 0.9999928586574713 0.0007808119863669093 -0.018778102820633576 -0.00046351766510695344 -0.0007825311998500332 0.9999995863980622 0.37459837012628605
0.9999947272136137 0.003194239325687359 0.0005851325494960558 39.28185169615388 -0.0031956053796916573 0.9999921357308328 0.0023487406721462395 -0.03142095176013823 -0.0005776255080353771 -0.002350598140461401 0.9999970705142863 0.3772477955943153
0.9999928584512906 0.0037452783358803764 0.0005059017728454531 40.675828743095636 -0.003747693758900914 0.9999811623422297 0.004861044350023626 -0.029551887030597496 -0.0004876862787470936 -0.004862905599555331 0.9999880570842951 0.39882637315646025
0.9999913761311924 0.003948045920777357 0.001288641397554922 42.09208028896131 -0.003958678180176622 0.9999572587850453 0.008355206171218179 -0.018998510186435953 -0.001255599581814418 -0.008360235433598871 0.9999642643280734 0.4376920876878518
0.9999919606519551 0.0036242095091223846 0.0017157321739547466 43.480230622304255 -0.003639166716346239 0.9999546893959594 0.008796341321308061 -0.0218014462948047 -0.001683774649231402 -0.008802514439880277 0.9999598395148008 0.4343138134802073
0.9999941618340704 0.0032289930461065317 0.0011179900192143867 44.91210347910037 -0.0032376922806536612 0.9999637991187031 0.007868786487484642 -0.02209712529614505 -0.0010925412901410252 -0.007872360255858522 0.9999684156499801 0.45578856214805386
0.9999965721990681 0.0025286184579440233 0.0006794695047756322 46.30608032085063 -0.002533494735284766 0.9999703331395307 0.007274217844011048 -0.031313337006545705 -0.0006610556255411689 -0.007275914341853479 0.9999733116818418 0.4698871762975617
0.9999986886209277 0.0014447340987769055 0.0007317785243946835 47.741729504039036 -0.001449723605286575 0.9999753894111594 0.0068643188641218525 -0.045080752107335254 -0.000721843399366423 -0.006865370738998406 0.9999761725294873 0.4941212375363262
0.9999981680529614 0.0003949440682149075 0.0018729415111816536 49.14566748945653 -0.00040907858711059484 0.9999713970996099 0.007552326619265183 -0.04867695641033501 -0.0018699051930226721 -0.007553078964069932 0.9999697267681316 0.5116585705101864
0.9999971965746481 3.867959500989081e-05 0.002367561347345444 50.56165116791696 -5.737097737254676e-05 0.9999688305875922 0.007895223990124047 -0.017781745766117515 -0.002367182167782957 -0.007895337685761443 0.9999660294687077 0.5352196552817287
0.9999960369469661 -0.0010757893837235026 0.0026016855236166156 52.002008410582725 0.0010527551055453796 0.9999603826977594 0.008838820149680923 -0.021296965498804225 -0.0026110911607365593 -0.008836046183249902 0.9999575523444971 0.5543446664638465
0.9999913345959539 -0.002694343267800581 0.003173522862404318 53.4228471664528 0.002666933320850336 0.9999593780097487 0.008609866260227413 -0.036187766466022044 -0.003196591882784445 -0.008601328078391259 0.9999578985915472 0.5576134010077659
0.9999868613958133 -0.003180928131512119 0.004019792528583649 54.86940098457029 0.003157464568279177 0.9999780208892202 0.005829936189918256 -0.02297096710604539 -0.004038248785149783 -0.0058171672402133855 0.9999749262416776 0.5588841648116234
0.999980743446043 -0.0036359100238017323 0.005029204250956201 56.272793460901546 0.003613602388504521 0.9999836245833708 0.00443761680207657 -0.030942502819853463 -0.005045256671053739 -0.004419357804375648 0.9999775070778943 0.5743050416609239
0.9999800181680485 -0.004250408584740225 0.004679454187437816 57.70193887427688 0.004231972149001465 0.9999832724428961 0.003942746013472738 -0.02583740886051245 -0.004696134193103795 -0.003922863910390703 0.9999812785559442 0.6133007937549383
0.9999805772861945 -0.004191355802692582 0.0046127634780251 59.151655417730815 0.004184748872059716 0.9999902055981725 0.0014410359476024783 -0.017348394469586116 -0.004618758193146934 -0.001421704702011941 0.9999883228460688 0.6021521093964529
0.9999806824502832 -0.003912638968103827 0.004829697979301958 60.55006665931142 0.0039125083107814426 0.9999923454439085 3.6500808643350746e-05 -0.026837047894324624 -0.004829803824594135 -1.760387005458182e-05 0.9999883362745385 0.6049984350473514
0.9999772137281397 -0.0029709875185002462 0.00606178667319728 62.007505243828554 0.0029779568080620287 0.999994914925266 -0.0011410069497352954 -0.00024369190580293714 -0.0060583659311528384 0.0011590326893332116 0.999980976241783 0.6259622925477136
0.9999786796206543 -0.0024283302726995984 0.006061643029688581 63.40638508392974 0.0024418228355320717 0.9999945556800396 -0.0022194845167234794 0.006284640564538015 -0.006056220386722694 0.0022342386548423686 0.999979164969081 0.6575107014690653
0.9999866757832003 -0.0022151982346830914 0.004662740915562809 64.816401229246 0.002238963991492581 0.9999844990255747 -0.005097916124763672 0.0011738802185523233 -0.004651375743734986 0.005108287908035603 0.9999761347643948 0.6422482453466029
0.9999885712137139 -0.0019950976763150425 0.004344770099456285 66.28067509500748 0.002015779180610971 0.9999866350175639 -0.004760926437618457 -0.023493215254654122 -0.004335213518407418 0.004769630123118702 0.9999792280603825 0.6555083701158656
0.9999926345961441 -0.001294642433410644 0.0036131225321702778 67.63450303581016 0.0013054846249275058 0.9999946477262237 -0.0030000381331121134 -0.030316574772239247 -0.00360921921708032 0.003004732912533407 0.9999889724975808 0.6682143728210191
0.9999837950466566 -0.000479599039485919 0.00567270912770796 69.09580568932014 0.00047002284263042855 0.9999984626205989 0.001689329738631191 0.013792272478452057 -0.0056735106075218224 -0.001686636060251974 0.9999824831146726 0.7018611529596587
0.9999763010406538 -0.00041790268437036387 0.0068718785203281535 70.451421299406 0.0003819007198205957 0.9999862007693581 0.005239505960031818 -0.010472030745042686 -0.00687397329729698 -0.005236757413839644 0.9999626617343753 0.7247347580015836
0.999970213120309 0.0007108276467470542 0.007685544624845864 71.90106810889517 -0.000779147764413298 0.9999601787845209 0.008890094149675641 0.00665411345758662 -0.007678919252413511 -0.008895817516423508 0.9999309469307516 0.7250217096151655
0.9999779368622805 0.0011792056624736888 0.006537221325785396 73.29039122511429 -0.0012496662475855412 0.9999410616571692 0.010784783085565967 -0.007834419968939903 -0.0065241185555106876 -0.010792714484255308 0.99992047343333 0.7131729162966256
0.9999802095096595 0.0021626701108341186 0.0059079139304174045 74.6960518893781 -0.0022359742718144017 0.9999202508684591 0.012429494044950565 0.01141914055764626 -0.005880561884148431 -0.01244245800271724 0.9999052976311193 0.7129350862606747
0.9999784239865812 0.002536410088716613 0.0060595532158039984 76.14707240326864 -0.0026289315437944636 0.9998793415243273 0.015309837093040611 -0.006725539825654269 -0.006019990054090328 -0.01532543691838038 0.9998644361627277 0.7264786252778132
0.9999772511743067 0.0029040745995453456 0.006087978695575131 77.51757292257508 -0.003001739044102948 0.9998659628848188 0.01609490065596382 -0.017571109982261517 -0.006040421888296301 -0.01611280903922442 0.9998519343824248 0.735023165434826
0.9999647119290614 0.003913366128632436 0.007433738102217088 78.88467907079942 -0.004019969433509361 0.9998885204366842 0.014380074571852013 0.030027703164030337 -0.007376634895582956 -0.014409450526708048 0.9998689679118639 0.7813179095240866
0.9999780776994205 0.003117724480557433 0.005841567823381439 80.30552538901777 -0.003199029899092936 0.9998974207545653 0.013961166716022495 0.0077230555884378015 -0.0057974415285142735 -0.01397954800525388 0.9998854743965891 0.772851171261733
0.9999840292231886 0.0022616458905991206 0.005179406956625094 81.68670779285416 -0.00233153019515269 0.9999057921339337 0.013526670838005886 -0.025527301892961637 -0.0051483264762339585 -0.013538530750277286 0.9998950959573799 0.7750294104464519
0.9999811644125747 0.0024061002923369884 0.005646370644436598 83.08830525892033 -0.0024771025551795583 0.9999175267683608 0.012601731007102017 -0.011041242833000325 -0.00561558394134238 -0.012615480285246748 0.9999046528915495 0.792972843329579
0.9999843648560212 0.001843910537259323 0.005279208030623409 84.47746557152918 -0.001913681825824245 0.9999104917795142 0.013241837150470349 -0.013462191643702853 -0.005254318735052589 -0.013251732836902905 0.9998983866930928 0.8101861749313336
0.9999866008060814 0.0007257350709082269 0.005125574787850434 85.85834106847628 -0.0007922290543393686 0.9999154049220187 0.01298288768960474 -0.05006126802848885 -0.005115719052533548 -0.012986774358642088 0.9999025818100148 0.803144819337305
0.9999827841011976 -0.0007576230700051933 0.005818720520998746 87.20846407261213 0.0006849997714170364 0.9999219764557493 0.012472841542373317 -0.05726474138406548 -0.0058277162363017145 -0.01246864098896872 0.999905280871822 0.8175200907061201
0.9999796883889095 -0.0018144489762875944 0.006109875983350217 88.6169311064609 0.0017429975100127434 0.9999302730800698 0.011679509308925478 -0.05235870576092726 -0.006130641834225863 -0.011668622580649202 0.999913125465293 0.8097188670847948
0.9999724110411885 -0.002622891365047433 0.006949647283112132 89.97992601870851 0.0025553369422344195 0.9999495756116624 0.009711667579146578 -0.044977365745851684 -0.006974769500432273 -0.00969364095391171 0.9999286904152078 0.8238839333721075
0.999967690064259 -0.003390739326627323 0.007288464472645163 91.37351628640873 0.0033374796548554728 0.9999677326808465 0.00730717638220012 -0.03571091150353152 -0.007313006023761614 -0.007282615185908173 0.999946740311178 0.8485087149325463
0.9999655707984875 -0.00399951576646909 0.007270563340544756 92.71735859821383 0.003966011986657809 0.9999814780923576 0.004616732734910041 -0.028338611448824436 -0.0072888933712049 -0.004587738643130026 0.9999629116560101 0.8576602281878503
0.9999698049924983 -0.003932212188975007 0.006702746494208776 94.0686866486317 0.003910137096956501 0.9999868992054657 0.003303368783625926 -0.006090342833460901 -0.006715648229899795 -0.003277060380662223 0.9999720800822959 0.8610015115458753
0.9999725164378971 -0.00449368625007503 0.005896876524537219 95.46138706730434 0.004467559947156826 0.9999801800972486 0.004436250758538868 0.0015574350013493284 -0.005916694768053498 -0.00440978418519129 0.9999727728925731 0.8717812795916644
0.9999788409889845 -0.004195951207198637 0.004971073102879512 96.81671658139248 0.0041759796849946546 0.9999831956796357 0.004021138149072948 0.014194424134709236 -0.004987862066845452 -0.0040002939654763085 0.9999795592311833 0.8709796439597771
0.999982186959594 -0.0041303627821409105 0.00430881268977884 98.17455875481117 0.004107822303876204 0.999977901631071 0.005227049400927046 0.01707494265602347 -0.004330307082352377 -0.005209256454414564 0.9999770557806638 0.8834465416461924
0.9999836272222885 -0.0037471136710220316 0.004324861441904636 99.5246975654638 0.0037125699757587375 0.9999613646033858 0.007967818064532596 0.047215415397435234 -0.004354550669165353 -0.007951631258480049 0.9999589038799539 0.8958812105008402
0.9999768005251484 -0.003676299797120301 0.005734390228193019 100.86816096220427 0.003627852589113901 0.9999578338743521 0.008436181535797997 0.05040728295474372 -0.005765162363642669 -0.008415182298380276 0.9999479724514699 0.9146048931842189
0.9999646113032872 -0.0036009998788402303 0.007603219116815432 102.20313528421765 0.0035505616570730247 0.9999716720835206 0.006636907593710543 0.06970930737389935 -0.007626903236900141 -0.006609677023934108 0.9999490699613927 0.9282602291823338
0.9999699061567934 -0.003460377239294411 0.006943527211403672 103.55165002666591 0.003418591301195563 0.999976031064792 0.006020841255284513 0.07796331461260095 -0.006964195164491019 -0.0059969229833072854 0.999957767558432 0.9525661429548877
0.9999856583429533 -0.0033841420645085163 0.004150986737808859 104.87010708464983 0.003354320356178922 0.9999686672444121 0.007170290397337399 0.08930271735419948 -0.004175121957304326 -0.007156263824178734 0.9999656775333443 0.957771247299229
0.9999894681860911 -0.003696190890016803 0.0027206046760370095 106.19924404240956 0.0036806461173959754 0.999976999847201 0.005696720174770766 0.10099959782590877 -0.0027415982669267173 -0.00568664659493617 0.9999800726461738 0.9653676161008029
0.9999867106386404 -0.0033742599693387127 0.0038978090988694776 107.55052431999889 0.003355868469620791 0.9999832516104449 0.004715362702497042 0.11348422952768208 -0.0039136546764522275 -0.00470221950368265 0.9999812860443001 0.9819510477397464
0.9999769985192366 -0.002763700224593768 0.006193899702712887 108.887957878128 0.002761569043556768 0.9999961246960674 0.00035260355199598684 0.11864469542281161 -0.006194850189984855 -0.00033549055991426114 0.9999807554534277 0.9900361787387316
0.999970609043533 -0.002010915455107424 0.007398463903973137 110.24653899804397 0.0020152772260878652 0.9999977998811681 -0.0005821430453785516 0.13344951672459457 -0.007397276986026339 0.0005970358914513574 0.9999724615414848 1.0177122155492369
0.9999815528119209 -0.0013991631753246271 0.005910700319622713 111.54825200186262 0.0014059951160126625 0.9999983481936728 -0.0011518626914099209 0.13904425067750198 -0.005909078912429675 0.0011601518585638152 0.9999818682526558 1.0245100817245079
0.9999932499362244 -0.0005701680097415326 0.0036297369641049063 112.9022110626127 0.0005687794090612332 0.9999997646769619 0.00038358311295978264 0.1498932500886018 -0.0036299548167642638 -0.0003815160041038156 0.9999933389145984 1.0319933691926
0.999998594415804 0.0002974976638627482 0.0016500489557203582 114.26072088452337 -0.00030313109761058834 0.9999941232596123 0.0034149023085418505 0.15487093949868813 -0.0016490233333519078 -0.0034153976897601935 0.99999280786447 1.0544190744664648
0.9999984011935424 0.0016801215569005792 0.0006122106767365909 115.52998572602716 -0.0016834544477987668 0.999983541350415 0.005484798027714835 0.17465812407497366 -0.000602985473173981 -0.005485819887371073 0.9999847709783796 1.058277431986806
0.9999935361214652 0.003122318839469584 0.001782930271306357 116.92108638072158 -0.00313814359998459 0.9999550865720183 0.008942980123727138 0.18203073387705687 -0.0017549273584747049 -0.00894851740861 0.9999584212686816 1.0522748935733517
0.9999798917664113 0.0042041684859106246 0.0047477394808798255 118.21987810960766 -0.004243813912729847 0.9999559538077134 0.008371408960276222 0.18000203512644766 -0.004712335547300261 -0.008391389148892358 0.9999536881685278 1.0710491483695606
0.9999714418216856 0.005076367676949792 0.0055987527421493604 119.56769728551492 -0.0051232224557568795 0.9999517089296182 0.008386441462567128 0.1828881272941287 -0.005555909712021432 -0.008414885616849227 0.9999491594912849 1.0988175359003007
0.9999695301467604 0.006037707907048998 0.004948217992023578 120.87824275242242 -0.006077690971761219 0.999948680032201 0.00810549038063756 0.18181703915401265 -0.004899025466273881 -0.008135317147351655 0.99995490706551 1.1003466883484159
0.9999639615849629 0.0074408000026863095 0.0040877899440492265 122.22631936090355 -0.007484397155955038 0.9999141477930911 0.010755502890534376 0.1797727136810978 -0.004007409452324369 -0.010785709922688657 0.9999338023744097 1.1041569803171698
0.9999544016562741 0.008548308914948618 0.004256879483533861 123.59804658227691 -0.008600036726415482 0.999887549395359 0.012285272990366115 0.18205183684426132 -0.00415138248623593 -0.012321322122163851 0.9999154719498118 1.1158279960475614
0.9999474355869306 0.0096143488510178 0.003562353055542195 124.94658693826467 -0.009661568170989471 0.9998624102251579 0.013483868851899979 0.18362911180703778 -0.0034322242931838364 -0.013517577997143128 0.999902742731258 1.14122843847902
0.9999392856831986 0.010626546699012753 0.002915725060474733 126.2587606164121 -0.010663991278612941 0.9998567701381949 0.013142241012345889 0.17972255655769828 -0.0027756508037298853 -0.01317253635677732 0.9999093859188167 1.1406409943333364
0.9999334894458358 0.011344619744137368 0.0020775676969524864 127.61909754370113 -0.01137119003696185 0.9998474475312484 0.01325811835784658 0.1781687727420492 -0.0019268424475787813 -0.013280860970144127 0.9999099489504412 1.1595939254808652
0.9999180704060444 0.012486193617850009 0.002819121208875181 128.9785146673594 -0.012521480483955818 0.9998388136196755 0.012866985120445268 0.18494819085921652 -0.0026580071374399518 -0.012901230504777754 0.9999132428613594 1.1830912220595244
0.9999047494047594 0.01321723335846756 0.003974526406162606 130.35429923848386 -0.013267424781548723 0.9998290408114334 0.01287884271799013 0.1668480720888284 -0.0038036242547625967 -0.012930347730691273 0.999909165149561 1.2033067404561768
0.9998996663099631 0.013467819412603726 0.004390347764594316 131.6986924622367 -0.013515822129538202 0.9998471133011326 0.011093807982605678 0.1556094447568352 -0.004240267136309872 -0.011152034059387295 0.9999288236024358 1.2276383926510188
0.9999005505163153 0.013338996475905392 0.004578236580285798 133.08840979777992 -0.013385516595200984 0.9998575076402514 0.010285541352023884 0.1453571664799789 -0.00444038541670456 -0.010345800521969182 0.99993662168605 1.250311331375797
0.9999001417417955 0.013182881257292962 0.005090990718272421 134.3962735048407 -0.013226842847482453 0.999874670118442 0.008700269181161437 0.13356983680012047 -0.00497565804948695 -0.008766738121603676 0.9999491922741285 1.2463301735595238
0.9999122549222813 0.0123471704343833 0.004798941394007485 135.7600010899194 -0.012374977883055789 0.9999065553744423 0.0058086523059272975 0.12353657993660518 -0.004726772538710491 -0.005867529418892196 0.9999716144570733 1.2758326300939058
0.9999278223360802 0.01123133989291777 0.004266980482036969 137.14910723092834 -0.011260136165150156 0.9999135785130074 0.006785634742161101 0.1290355712911058 -0.00419039995306034 -0.006833191752138973 0.9999678735033 1.314987226904328
0.9999301804681588 0.01017652766441544 0.006006036431023136 138.51056099130622 -0.01021142615448041 0.9999309899753516 0.005808791854172568 0.11963193881648859 -0.005946508623300172 -0.005869716484541259 0.9999650921225122 1.3242253999837206
0.9999424485840672 0.008951453637375142 0.005913628114606739 139.83858459824935 -0.00896634202779771 0.9999566865497111 0.002495943742016936 0.100514681406187 -0.005891029650281208 -0.0025488237092212594 0.9999793994214875 1.3244886262548288
0.9999583108682187 0.007396328920770751 0.005354516231618607 141.22513457766797 -0.007396250026629043 0.9999726467723025 -3.453606388712595e-05 0.12015846593526773 -0.005354625208405051 -5.06871671208741e-06 0.9999856638788307 1.3586064196448846
0.9999691998159445 0.006146038032844611 0.004881151089495369 142.5667534019104 -0.006155316984774611 0.9999792731078432 0.001888233970319548 0.12236747306486666 -0.004869444760606642 -0.0019182208445721442 0.9999863043744723 1.387006558083442
0.9999767367521853 0.005103318879277345 0.004525714404044114 143.9029418226081 -0.00510358863992192 0.9999869754518259 4.805937813872508e-05 0.1133096789115063 -0.004525410196327055 -7.115564474151217e-05 0.9999897577472627 1.3759307934326352
0.9999886683454559 0.004132762834890882 0.002362932930134314 145.27829848409343 -0.004131825096836122 0.9999913833333068 -0.00040159744587817424 0.1059882079850506 -0.002364572276527749 0.0003918296695317823 0.9999971276296042 1.4121608070203033
0.9999943743477118 0.002994896654282741 0.0015105849723824976 146.59546502480356 -0.0029874739863491877 0.9999835699571799 -0.004892322033029126 0.11451752354731524 -0.0015252121522951105 0.004887781677217323 0.9999868915731678 1.4367205560514094
0.9999924711830777 0.0017870931561014632 0.003444397656068546 147.96009652149456 -0.0017436981802573261 0.9999195896299488 -0.012560803753387773 0.12170917070844364 -0.00346656801720123 0.012554703195470945 0.9999151775695055 1.4611150939243884
0.9999836473616829 0.0003097642270911382 0.005710433901992294 149.28975611168795 -0.0001981497452531371 0.9998091360023285 -0.019535923396552798 0.11333616034787264 -0.005715395515960765 0.019534472411640337 0.9997928478648439 1.4939138327520673
0.999997049144597 -0.0007081121782747861 0.0023238500901385595 150.64651721877203 0.0007562506249304127 0.9997837890459479 -0.02077987598423164 0.09401339320789931 -0.002308633165046022 0.02078157207890523 0.9997813743388294 1.5284548580266473
0.999999726645825 -0.0004851278043018444 -0.0005579957782694187 152.0077492317201 0.00047457387062404177 0.9998238821372641 -0.018761116374341774 0.11301016422358169 0.0005669990444384699 0.018760846435696 0.9998238390602115 1.5681101338882326
0.9999908931288599 0.00012439406246084374 -0.004265933129143839 153.33089265056702 -0.00020481582839222025 0.9998221729939956 -0.018856840669665285 0.12711724599090612 0.004262828852011592 0.018857542673474906 0.9998130932201761 1.545239154333904
0.9999918464551423 0.0009022340350589361 -0.003936114452242801 154.71472840788562 -0.0009804898378640116 0.9998009953052955 -0.019925070293931833 0.14359358529240915 0.003917354070417784 0.019928767154198494 0.9997937280143344 1.5631036599597192
0.9999971279913047 0.0014530930995702187 -0.0019059196169099902 156.04222363637243 -0.001497652610934998 0.9997205882841538 -0.023590303038376628 0.14747681620955927 0.0018711081740777288 0.023593089692311674 0.9997198933066058 1.574475370059813
0.9999980239625655 0.0018008168923134913 0.0008420982630681056 157.37150283108997 -0.001776600998808814 0.999608483488573 -0.02792352818979505 0.13315265153664452 -0.0008920537289510454 0.027921976939242782 0.9996097075578794 1.591549184949401
0.9999941428423404 0.0018070061887138903 0.0029067180198363092 158.71697631286844 -0.001712802289067951 0.9994834717546331 -0.03209136951929582 0.1250126085104089 -0.0029632059212034187 0.032086202921806986 0.9994807126666972 1.6231194566404463
0.9999912366660564 0.0018094871060695434 0.0037752281393669857 160.08258475682044 -0.001682365841512519 0.9994403761005716 -0.033408146687948885 0.11532645185015164 -0.003833567042143924 0.03340150260633743 0.9994346618900969 1.6788696803209633
0.9999866775885877 0.003088611665108822 0.004135834053734638 161.463385752 -0.0029489530902170017 0.9994390978919475 -0.03335855633270057 0.12535439263085235 -0.004236545881915711 0.033345915535675605 0.9994348911240182 1.6864049985040919
0.9999831792391962 0.004194012573571062 0.004006431979005331 162.79018752456201 -0.004064323259753187 0.9994844705648448 -0.03184767457997585 0.12464201707007057 -0.004137936093017625 0.03183085544317869 0.9994847042984928 1.6923119395620005
0.9999857386906716 0.005020073064613438 0.001822438393346983 164.13337343043258 -0.004967502610665504 0.9996015122337923 -0.027787419054825926 0.12746327624840598 -0.001961207047874825 0.02777796980237062 0.9996121938334754 1.6939098874596372
0.9999828625403554 0.005766035020219985 0.0010136398484741887 165.48695322544117 -0.005737000049152342 0.9996288901388474 -0.026630223998537064 0.12963500882601064 -0.00116681448090263 0.026623952372287443 0.9996448387822774 1.7012655445180227
0.9999805233302039 0.005943090547996637 0.0019059472684290779 166.82990170469162 -0.005895256602626723 0.999689978879529 -0.02419074363131668 0.12541049442724475 -0.002049124164345649 0.02417903642797238 0.9997055442917049 1.7267668356200823
0.9999786325881803 0.00603852657396735 0.002504109400284278 168.1701216048989 -0.005979670664678899 0.9997203277149586 -0.02288033855164612 0.11139830147787945 -0.0026415726026517913 0.02286487590850769 0.999735074679224 1.7487670379471458
0.9999851432947088 0.005450559317702466 6.777156482553846e-05 169.57610435524245 -0.005448286359233788 0.9998044819920627 -0.019008260423583924 0.1146442015833368 -0.00017136396522926935 0.01900760878456853 0.9998193243995058 1.7787008844951853
0.9999840210784724 0.004803270478766439 -0.002980969714233333 170.98709572902433 -0.004848946631309517 0.9998679653439954 -0.015509338974487044 0.12861698876479796 0.0029060805728812183 0.015523545715030491 0.9998752793344464 1.7961024592245916
0.9999802016590617 0.004761003483387201 -0.004114503096814359 172.29052973119929 -0.004805751643936365 0.9999286612102115 -0.01093513792738936 0.11889419336121641 0.00406214734337923 0.010954694709821963 0.9999317444819799 1.8050894817333287
0.9999776607755331 0.005555988656827546 -0.003716038204589489 173.66617712974912 -0.005583492030122008 0.999956791841855 -0.007432298843191993 0.10787040396838972 0.003674583873356145 0.007452881281098784 0.9999654754010097 1.8196842298295675
0.9999812083439948 0.006054772839553535 -0.0009605648054461647 175.07820664353804 -0.006056884670465971 0.999979212442869 -0.002211069928359623 0.13102607405065494 0.0009471573115018082 0.0022168464089392216 0.9999970942382915 1.8670350881135969
0.9999801785351566 0.006100141309381041 0.0015591064113139542 176.3977002037154 -0.0060983764121569735 0.9999807614547491 -0.0011342510814349063 0.11653116760493536 -0.0015659955082517804 0.0011247205811541724 0.9999981413291139 1.8827676775746465
0.9999750841358201 0.00664310797999082 0.0023875141728820675 177.8588860266231 -0.006632083721961521 0.9999674451680179 -0.00459609286807769 0.1159513712726543 -0.00241796878896802 0.004580144158570108 0.9999865877632672 1.891482635348569
0.9999860566942146 0.004655181793877567 0.002493130486125937 179.2082528911058 -0.004641378120799962 0.9999740255904206 -0.005514141241275116 0.05750574701654594 -0.0025187350584488085 0.005502492794627042 0.9999816891057307 1.9060481045118993
0.9999974380802907 0.001989821506637916 -0.0010790937063020214 180.51204530711155 -0.0019977467299324785 0.9999706708809576 -0.007393672016699358 0.07917158580181391 0.001064349969842396 0.00739580883062835 0.9999720841957952 1.9131553237905512
0.9999850743431781 0.0010356237656845915 -0.005364566551425888 181.97171778329317 -0.001067868687356612 0.9999813614919477 -0.006011349696796331 0.08067657920202756 0.005358241067299179 0.006016988626095228 0.999967542023509 1.9329232476310874
0.9999802249423347 0.0007250522496174569 -0.006246921122671811 183.34853089335823 -0.0007342585792722154 0.9999986476701338 -0.001471571351439148 0.08011529363655297 0.006245845708654971 0.0014761291064591734 0.9999794050150457 1.9491158981089145
0.9999839581688008 0.0005172167390074937 -0.005640557765233175 184.66862708789228 -0.0005095217682325547 0.9999989377980087 0.001365573294180926 0.08558631533261694 0.005641258071187577 -0.0013626774009182913 0.9999831595170368 1.9576676600119642
0.9999975173741495 0.0012993454474664115 -0.0018102339477659676 186.12688903952778 -0.0012917451379813216 0.999990373411437 0.004193385142459564 0.07591795584214754 0.0018156651772828782 -0.004191036370952573 0.9999895692326501 1.9868493844110227
0.9999984531676273 0.0016195152253021747 0.0006861725641109446 187.49312959391915 -0.0016232042536103418 0.9999840471670465 0.005410232838360241 0.07523849914073955 -0.0006773996632604977 -0.005411338267861718 0.9999851291633526 2.0206580667511886
0.9999973600146151 0.0020764122195630983 0.0009841118304262711 188.97248901378086 -0.0020792745276739656 0.9999935853728105 0.002916475727702426 0.06433813302306797 -0.0009780497118767055 -0.0029185142669105177 0.9999952628353971 2.0172283086123812
0.9999973359537118 0.001822209638711823 0.001416911257565614 190.35396077396175 -0.0018251388351476108 0.999996194514815 0.0020687735788540826 0.058469381151528506 -0.001413136126375115 -0.0020713541273076497 0.9999968562642422 2.026290381264461
0.9999959281795745 0.0020715960934943253 0.001962680283851166 191.704976236927 -0.0020712936069149355 0.999997842679338 -0.000156139245128689 0.03974721854780691 -0.001962999507170687 0.00015207332223336257 0.9999980617514413 2.040986025101352
0.9999953041579671 0.002455444626365081 0.0018336994578977747 193.165834718592 -0.002451696675601503 0.999994906863525 -0.002043386997336133 0.04198096924084217 -0.0018387075422383746 0.0020388817270486008 0.9999962310508362 2.049651678370937
0.9999914571291858 0.002919306199242046 0.0029263150826358527 194.52205836966877 -0.002902372274469431 0.9999791159754958 -0.005774413220940756 0.033310701103344484 -0.0029431112497128376 0.005765870635112378 0.9999790461964645 2.075285286537962
0.9999847986900776 0.003255014059141258 0.0044505361744295755 195.98886083802745 -0.003200816130841193 0.9999212911690125 -0.012131209461195369 0.020078433814043607 -0.004489673135280597 0.01211677970294261 0.999916509757074 2.070295294591356
0.9999806524833572 0.0037054787267772156 0.0049964073457221736 197.39131265184267 -0.0036389605788806198 0.99990549782713 -0.013257201099198914 0.007233866714919281 -0.0050450594510211486 0.013238762875912899 0.9998996362298823 2.1110074964723453
0.9999926031943949 0.0037036822095755945 0.0010374461856799719 198.8268999702163 -0.003692362188413192 0.9999358428866869 -0.010708714766981188 0.023361996942617615 -0.0010770413024973687 0.010704804929631256 0.9999421218917879 2.1256776696413784
0.9999828434530228 0.004390518526624581 -0.0038776470539026134 200.25675954902886 -0.004408800501481758 0.9999791474268196 -0.004718812315504627 0.04138297934537823 0.0038568481620887673 0.004735827129255275 0.9999813481578826 2.161148612156241
0.9999665867911858 0.006144462562983023 -0.0053917419261233085 201.6886064691342 -0.0061152202819683785 0.999966595068375 0.005423359499720662 0.06304123689620762 0.00542488544476456 -0.0053902065982954555 0.9999707577178139 2.1647469177118976
0.9999711841410656 0.00735142279670286 -0.001894061873084311 203.1273587226197 -0.007333226803398552 0.9999285423366187 0.00944108072283137 0.07725430952233615 0.001963331903899895 -0.009426919084686075 0.999953638187494 2.1695543818198404
0.9999632845800447 0.008495030492514884 0.0011242547842343052 204.58980892184886 -0.008509394884709124 0.9998732458297185 0.013456688769512006 0.08797362278650674 -0.0010097972988266574 -0.013465761429442698 0.9999088226326142 2.2184568812544647
0.9999677855048343 0.007883640840826055 0.0015086946843039242 206.0155159086292 -0.007901581012486645 0.999893382600029 0.012279594870160778 0.07952413523948139 -0.0014117259155721359 -0.012291120362482331 0.9999234647662661 2.253832133884526
0.9999805094509896 0.006140554119434905 0.001128854838157002 207.47182857105508 -0.0061493401444194734 0.9999494760538145 0.00795178945207473 0.029096143305358486 -0.0010799694104790913 -0.007958576179706196 0.9999677468454992 2.2545019232307464
0.9999900345202204 0.004446086430777933 0.0004039501189616484 208.87738316261172 -0.004448281437747808 0.9999743926466206 0.005605964972512358 -0.0073483358285713896 -0.00037901517007250086 -0.00560770599019773 0.999984204865771 2.270418831541756
0.9999930309298712 0.0037281216191619583 -0.00019799212694295061 210.37881932822228 -0.0037264533697116266 0.9999622715680936 0.007846590703062546 -0.007598600938976529 0.000227237701447274 -0.007845798211193043 0.9999691954322675 2.3023178092869325
0.999991797686657 0.004043070221556219 -0.0002411277496976282 211.8382701292895 -0.0040407544499198355 0.9999519166150134 0.00893514193714382 0.000957729121392883 0.00027724156175065284 -0.008934094310282296 0.9999600517500544 2.327638553481141
0.9999938349124823 0.0034813073111642913 0.0004589514486240017 213.25385050156868 -0.003485798057301522 0.9999421385903339 0.01017687001456838 -0.00459630947232666 -0.00042349608105973037 -0.010178407085342095 0.9999481089937989 2.346835503722978
0.9999953570585984 0.0030466240964334185 6.27922073331527e-05 214.71891182709632 -0.0030470884896233396 0.9999487073791323 0.009659081868311051 0.0015546051166999237 -3.336139498684894e-05 -0.009659228355172148 0.999953348009096 2.3735761309576113
0.9999960977231739 0.002771718277192057 -0.00034945130747996594 216.18906106266365 -0.0027682148769884326 0.9999495464576594 0.009656165155791966 -0.00031352270849053176 0.0003761978458735217 -0.0096551601184543 0.9999533170894868 2.401632883760403
0.9999961538495499 0.002569327992679844 -0.0010444327520123487 217.6516575797842 -0.0025605049164755663 0.999961750822825 0.008363056015787188 0.0008142126404964508 0.0010658802372446813 -0.008360349575019072 0.9999644835964442 2.415027291555477
0.9999976952919174 0.001999115521324726 -0.0007829099475869497 219.14303709606705 -0.001991063366774505 0.9999464638824013 0.010154064986548252 -0.008389539781126689 0.000803167182547075 -0.010152482761076482 0.9999481396633843 2.435800224322573
0.9999968098183611 0.002059026793711573 -0.0014631342259648272 220.6326940550804 -0.002040980310114992 0.9999231230188194 0.012230390495185777 -0.007181675372118684 0.001488204446349616 -0.012227365249872335 0.999924135515576 2.472107025299581
0.9999973603389614 0.001801374601302052 -0.0014263115562143155 222.1056992870939 -0.0017896281487912431 0.9999648236522561 0.008194430376864119 0.0018156459513286201 0.0014410226225360441 -0.00819185617903557 0.9999654078747642 2.472017642773805
0.9999975460934686 0.0012187408838355872 -0.0018499939727094855 223.61667420929243 -0.0012014400430916817 0.9999558058631202 0.009324315656428247 -0.000498238187408029 0.0018612761385269061 -0.009322070118590866 0.9999548163091372 2.494753381161255
