1.0 8.809142651444726e-20 8.673617379884037e-19 -5.551115123125783e-17 -8.809142651444726e-20 1.0 1.7347234759768075e-18 0.0 -8.673617379884037e-19 -1.7347234759768075e-18 1.0 -5.204170427930421e-18
0.9999993011580781 -0.0003480319849955573 0.0011298482609536818 1.3160940844717768 0.0003481171165631284 0.9999999365833229 -7.515200288644408e-05 -0.058402083065748844 -0.0011298220340017183 7.554526988583102e-05 0.9999993588973364 0.018140396604628333
0.9999976844684006 0.0012037922336848642 0.001783799903291163 2.5652097675998258 -0.0012028053760217308 0.9999991230587825 -0.0005542029350592417 -0.11574037075546209 -0.001784465484192614 0.0005520560876714074 0.9999982554569841 0.031373844761168695
0.9999982386434 0.000351790599774838 0.0018436250897418496 3.895042479329421 -0.0003510322554273897 0.9999998536641257 -0.00041164072080914356 -0.11625312552918651 -0.0018437696312894251 0.0004109928238896285 0.999998215797631 0.045447603971653476
0.9999980316245557 0.0006847405230580402 0.0018622237862829048 5.217004769513229 -0.0006833890881926759 0.9999995027702041 -0.0007262497494855211 -0.10302145649913116 -0.001862720152963085 0.0007249756965380292 0.9999980023399403 0.04542199262029609
0.9999977109302121 0.00037169682544807385 0.002107125009621475 6.554145674234887 -0.00036979443973643726 0.9999995237837173 -0.0009031524850904074 -0.10629366612234602 -0.0021074597050858386 0.0009023712145989521 0.9999973721664386 0.048549772328660715
0.999995953765674 0.0005394001956442019 0.0027931164868331875 7.893163724035299 -0.0005339755575504545 0.9999979707274868 -0.0019425269656900652 -0.09295577952852364 -0.002794158618264012 0.0019410276498374173 0.9999942125278919 0.06306068875520948
0.9999962818098946 0.00035065658198441983 0.0027043310350908074 9.221273908925214 -0.000345143121935293 0.9999978617789254 -0.002038949190770618 -0.09166948072672086 -0.0027050402235872712 0.002038008228313714 0.9999942646234777 0.05982575703053459
0.9999978403645056 -0.00040044238456843893 0.002039341124391733 10.553597942249533 0.00040538839716545137 0.9999969763884501 -0.0024254637092826757 -0.1077438155533198 -0.0020383636997449257 0.0024262851963948494 0.9999949790941819 0.052848713167698604
0.9999991694498772 8.952863660245243e-05 0.0012857232125164544 11.868996673412209 -8.770318035388449e-05 0.9999989882721139 -0.0014197756516070926 -0.04981372007176745 -0.0012858490222927962 0.001419661710397458 0.9999981655747774 0.05279252920884323
0.9999996240510373 -2.2973528063639628e-05 0.0008668160134663823 13.200508610834493 2.2886337475679964e-05 0.999999994678232 0.00010059697610569577 -0.06556122447884696 -0.0008668183199208421 -0.00010057710004255343 0.9999996192550511 0.06434654624995276
0.9999995458857494 -2.2582933704249496e-06 0.0009530074476035471 14.53619550903824 1.9479463478118973e-06 0.9999999469738284 0.00032565095712001364 -0.05821677679076808 -0.0009530081324846082 -0.0003256489528298963 0.9999994928640009 0.07370046789913479
0.9999991442084338 0.0005378020472110045 0.0011926237285869803 15.888253836595753 -0.0005381069581058026 0.9999998226166293 0.00025535781088509307 -0.04033251237247202 -0.001192486185081898 -0.00025599935147878686 0.9999992562202387 0.0859458359361549
0.9999962770725066 0.001133271381589938 0.0024822443679513246 17.211136410797742 -0.001131381397130805 0.9999990691523208 -0.0007626733416940244 -0.044349192232765615 -0.0024831063732315586 0.0007598621372154394 0.999996628390452 0.08707449797314325
0.9999887428784984 0.0010172002652664926 0.004634589507275582 18.57120200766699 -0.0009893600281654185 0.999981478036034 -0.006005393542786849 -0.04847945611898974 -0.004640612353480483 0.006000740661736619 0.9999712275003193 0.1217774929475093
0.9999924363369943 0.0011079974672859514 0.0037282181286475684 19.91788531699153 -0.0010808232504046218 0.9999728949930277 -0.007282932126865077 -0.05517396186550715 -0.003736186545620179 0.007278847496384754 0.9999665290844592 0.14189592430971787
0.9999981260208133 0.0005370058920670037 0.0018599944982460928 21.31164254670787 -0.0005225201972995479 0.9999696005305314 -0.007779780681531498 -0.0844158121641908 -0.0018641157434651035 0.007778794217692224 0.9999680072047374 0.13672616762896014
0.9999989954243641 0.0012047187151151752 0.0007468621560641379 22.64511185189029 -0.0012004282205871138 0.9999829271781423 -0.005718769476152312 -0.05566747467004624 -0.0007537389136349453 0.005717867176806802 0.9999833687980008 0.17687318515653278
0.9999959557193288 0.002035251138954284 0.0019865290805178987 24.00758908558939 -0.002027159744125452 0.9999896763074172 -0.004066681934809164 -0.0437280098718508 -0.0019947852912419496 0.004062638476223459 0.9999897578476759 0.16528735015557577
0.9999772704909327 0.002656441608767118 0.0061969201611189895 25.390167296449714 -0.0026310704404363624 0.9999881388962321 -0.004098723604666704 -0.04812474689268653 -0.00620773467873219 0.0040823259092337034 0.9999723989417554 0.1651632559777717
0.9999773822061221 0.002782969050692836 0.006122920827049862 26.772527246110688 -0.0027551163901523906 0.9999858412137835 -0.004552659183193041 -0.04231802127834721 -0.006135504043528031 0.004535686852559828 0.9999708911437909 0.17115782717804698
0.9999802524396516 0.00276403974442354 0.005644007000511651 28.136876257015384 -0.0027235012756187 0.9999705313893742 -0.007177666309766131 -0.05279673370671999 -0.0056636800344193865 0.007162153108102024 0.9999583122767288 0.20574629639943642
0.9999895357575528 0.0029523356032059495 0.003494580072069379 29.48150723718014 -0.002923847091748178 0.9999626810809823 -0.00812942578033577 -0.04340693219828039 -0.0035184504512835732 0.008119123094272849 0.9999608494069164 0.20932985075708635
0.9999936714982388 0.003185040650728326 0.0015850802899747252 30.89950076108809 -0.003172290948235988 0.9999631105707918 -0.007982109227906672 -0.04753495208750231 -0.001610445159637015 0.007977030377258252 0.9999668861781114 0.2515879822233067
0.9999926523359426 0.0038323509359881338 9.143538763145166e-05 32.2707572166971 -0.003831694475574584 0.9999725741526744 -0.0063379065881410766 -0.02829920808127412 -0.00011572196218373813 0.0063375096668629805 0.9999799110880427 0.2228498797736053
0.999989994171116 0.004358298316387679 -0.001008361758901309 33.65514698393515 -0.0043626291900112964 0.9999810944494748 -0.004333383225720911 -0.04352669098451459 0.0009894565184502063 0.0043377389750733405 0.9999901024492103 0.27299973918683923
0.9999889295550216 0.004649061467737539 -0.0007259441239638677 35.051077449270736 -0.004652124274211502 0.9999800367069415 -0.004275970921467022 -0.02813902388422964 0.0007060503800804184 0.004279300766847021 0.999990594494672 0.2795481784792934
0.9999916987542424 0.004065817767530503 0.0002674854868840628 36.436527560170674 -0.004064686402287422 0.9999833245571258 -0.004102308146499403 -0.03130166842469058 -0.000284160263795029 0.004101186847609959 0.9999915497239892 0.3123330626237238
0.9999921046502157 0.003885694053353685 0.0008318767673185403 37.84100353525165 -0.00388275416156725 0.999986312615506 -0.0035069647509656334 -0.017742027509133798 -0.0008454923731795223 0.0035037070892720255 0.9999935045685445 0.29546023852910397
0.9999934564818422 0.003455331908350896 0.0010712958980392633 39.243830576987925 -0.00345256922999919 0.9999907373079892 -0.002570031894018171 -0.026405770815903527 -0.0010801662881641876 0.0025663163537140115 0.9999961236230681 0.2947013358446479
0.9999917652797943 0.0039192394632704824 0.0010530596518308832 40.63116443120696 -0.0039176332748879295 0.9999911662458637 -0.0015230166646599448 -0.01503350171223912 -0.0010590194163761818 0.0015188786215113883 0.9999982857413351 0.30339644074512184
0.999991031044829 0.003965803578189544 0.0014866848621444052 42.05096458241559 -0.003972248585229378 0.9999826162991247 0.004357561328856959 -0.004443944498090186 -0.0014693777857493044 -0.004363427727925081 0.99998940065752 0.354031218086989
0.9999919237794 0.0037280390747198794 0.001501366255102522 43.44724561423351 -0.0037333545521504264 0.9999867178843297 0.003553325022251384 0.0010557550169506323 -0.0014880993792541256 -0.0035589014573575726 0.9999925598626492 0.3476037950713608
0.9999925705644963 0.003463332867803434 0.0016923773981381996 44.87549440450683 -0.003470266855952582 0.999985526000315 0.004111573643002646 0.005661714277552647 -0.0016781131545320666 -0.0041174160975239685 0.9999901153616072 0.375151964434911
0.9999969592538989 0.002389734080634493 0.00060881358400362 46.28910157038069 -0.0023919186685394493 0.9999906118019009 0.0036131749394921328 -0.00271174798037086 -0.0006001733410488891 -0.0036146201853217612 0.999993287133907 0.3993289347288946
0.9999987126423655 0.001338846740517276 0.0008844224200127559 47.71835316835053 -0.0013413846408852374 0.9999949668759274 0.002875223479664536 -0.0013962035181727369 -0.0008805684850209758 -0.0028764061288738983 0.9999954754332265 0.4105342758694416
0.999999077077811 0.00011002358331361979 0.0013541559501337465 49.11723092423808 -0.00011470166248939079 0.9999940248354955 0.003455016184516385 -0.012687783201986685 -0.0013537677255681525 -0.0034551683197440353 0.9999931145387089 0.43429263492688575
0.9999986966699141 -0.0008302964328305851 0.0013846538580628395 50.53579945092777 0.000824247748788937 0.9999901413414445 0.004363236822203579 -0.0035593195185901743 -0.0013882629872023057 -0.004362089837640397 0.9999895223941733 0.45339849561058826
0.999997123379855 -0.001777318349991216 0.0016107052795672904 51.98583541739197 0.0017707769006760532 0.9999902162915475 0.004053599678308526 0.015256902912647863 -0.0016178940579882083 -0.004050735817939178 0.9999904869338261 0.4485425729563535
0.9999935701753753 -0.0028362309811880313 0.002194402362411321 53.39699484478377 0.0028254447187643712 0.999983988903184 0.004902937835444805 0.01938952409722194 -0.0022082730918103703 -0.0048967061478486585 0.9999855727953547 0.4749912691043424
0.9999892251024813 -0.0038175491576744247 0.002641211344743091 54.857018840003974 0.0038075900128548075 0.99998566159917 0.003765481956444917 0.02459426882434569 -0.002655548386467218 -0.003755384733824645 0.9999894225181926 0.48319035466269333
0.9999857276316232 -0.0037565503542374267 0.00379906073774964 56.234823297968056 0.003756700048057752 0.9999929430568751 -3.226760086655306e-05 0.05002630315789464 -0.003798912713126621 4.6539071987545254e-05 0.9999927830221139 0.5041437834711323
0.9999820475698561 -0.004385197477901403 0.0040834521030524915 57.672644086889264 0.004383437885184832 0.9999902959953724 0.0004397583360985057 0.060840642355675094 -0.004085340904360733 -0.0004218508827168387 0.9999915659801976 0.5411574162219485
0.9999820771997927 -0.0040777741699250525 0.004383724102511204 59.11968418931707 0.0040749439147899245 0.9999914832823051 0.0006543660646199524 0.08306314436182054 -0.004386355124606553 -0.0006364909066920678 0.9999901773357809 0.5693562506391677
0.9999782609561394 -0.004512165589534948 0.004808115725301658 60.54810028468447 0.004508802194188578 0.9999895831514807 0.0007101347065382991 0.05119016189788417 -0.004811269885275261 -0.000688440426156614 0.9999881887961831 0.5829661615875862
0.9999789402944584 -0.00353681241857448 0.005441500297502461 61.991907384322104 0.0035505623550564237 0.9999905233148142 -0.0025192831374801403 0.08985289205007992 -0.005432538498230659 0.00253855046823043 0.9999820214818792 0.5807077572654694
0.999982741965812 -0.0034598761654794966 0.004748160428598197 63.40749232342059 0.003481102807057257 0.9999839524444344 -0.00446953877415332 0.07848315367733584 -0.0047326201815545066 0.0044859904732967035 0.9999787388718275 0.6028770320136406
0.9999893663923571 -0.002925902996839818 0.0035645748505616164 64.81141375986303 0.002943704391865704 0.9999831721322876 -0.004999005571205436 0.09115163768814524 -0.003549888260985571 0.00500944546838432 0.9999811516970877 0.6117768536883058
0.9999929724772813 -0.0020467594540250302 0.0031409826151699385 66.25652094741112 0.0020645833373115928 0.9999817265388692 -0.005681908480928329 0.10601651808390443 -0.0031292957186459624 0.005688353371557459 0.9999789248500318 0.6146565695799528
0.9999943567848091 -0.001786499433739647 0.002845139418226137 67.64371105151366 0.0017966883162521667 0.9999919682915623 -0.0035826335929263348 0.09651134010951887 -0.002838716194010806 0.0035877252041048554 0.9999895349043556 0.6328153238863066
0.999991837208979 -0.0009208323097752586 0.003934155979111463 69.10188311052147 0.0009261297280601161 0.999998666749362 -0.0013449101178974 0.12843022154770461 -0.00393291229720519 0.001348542678484246 0.9999913567794008 0.6502402466055122
0.9999891844213904 -4.2694056952651526e-05 0.004650722251429222 70.4630550732557 3.4680462706093486e-05 0.9999985147694267 0.0017231529840009687 0.1380999315686197 -0.004650788912425983 -0.001722973057904817 0.9999877006875304 0.663290789664482
0.999984446279448 0.0008898399424546222 0.005505940797213915 71.91131071035211 -0.0009201836597691813 0.9999843908937357 0.005511009972470616 0.15319236506206507 -0.005500950937602157 -0.005515990732514798 0.9999696562321384 0.683845331644504
0.9999843184798192 0.0017020391257345907 0.005335340407714782 73.2586857727486 -0.0017496771014345247 0.999958534850765 0.008936845592938036 0.17275447759681808 -0.005319908316168727 -0.008946040572553254 0.9999458319997047 0.6968332389343203
0.9999861225447564 0.0023699972090598835 0.004705085666853607 74.65730764065839 -0.0024252450718181035 0.9999277737129679 0.011771386654476315 0.18900832234415943 -0.004676847682467849 -0.011782634283410883 0.9999196450840929 0.7057991152552269
0.9999840237848837 0.0030274953478867557 0.004773515152560671 76.0987330554632 -0.0030896987358967508 0.9999097075290756 0.013077864919006301 0.19227671451240477 -0.0047334909648799675 -0.013092404707955743 0.9999030868050406 0.7163402187767027
0.9999818861646732 0.0033322266811961665 0.005012345547512913 77.47501512141534 -0.0034001968689771674 0.9999015478161752 0.013613718671582547 0.1890743743828891 -0.004966488074559932 -0.013630515036561229 0.9998947659909233 0.7322040874600643
0.9999807602202264 0.0035564753121103713 0.005082388486977628 78.90077398015575 -0.0036222664918156497 0.9999090017625744 0.012994898215626128 0.1890107639009151 -0.005035709963896138 -0.013013057962161045 0.9999026462349386 0.7575812913515699
0.9999904418904237 0.0025199891253020537 0.003572923537322632 80.25805192909732 -0.002564303961433484 0.9999191688969142 0.012453112771420683 0.15851558640708752 -0.0035412530252117284 -0.012462155805184904 0.9999160735780273 0.7607021839695078
0.9999891038362614 0.00270670885084167 0.003803411093678722 81.6637073637517 -0.002751789918024546 0.9999254300402161 0.01189798349032518 0.18715031874368315 -0.003770923096245993 -0.011908320036250596 0.9999219829831306 0.7959838076725108
0.9999873423612147 0.002320443577899351 0.004464376659341948 83.03510535844626 -0.0023715041741225844 0.9999314482147883 0.011466247818192212 0.19501146979542208 -0.004437463837239767 -0.011476689970451592 0.9999242943853375 0.8110167093647381
0.9999929116291675 0.002185802386087025 0.003065772227171666 84.41231844278423 -0.00221939052530941 0.9999370838345062 0.010995575393765849 0.20928875277002865 -0.0030415451856067614 -0.011002301598883683 0.9999348470587527 0.8072381682908263
0.999995507295178 0.0013234977535128126 0.0026895618892241423 85.81171836818015 -0.001351865292000756 0.9999431907901944 0.010572968010781562 0.21349566945545184 -0.0026754157979282604 -0.010576556434925928 0.9999404875312765 0.8035309592431417
0.9999940259097261 0.0003210770262965191 0.0034416644812191493 87.16077698975367 -0.00035775053273351116 0.9999431119700839 0.010660433299847586 0.22713070724237613 -0.003438045871484233 -0.01066160087075834 0.9999372530851414 0.8314402091148559
0.9999897070085534 -0.0009468760363841943 0.0044372629761413014 88.55805900751436 0.000905428530377981 0.9999560320232117 0.009333499856426845 0.23005371517006487 -0.004445905546015409 -0.009329386162297264 0.9999465968129051 0.8489833763612769
0.9999841141170228 -0.0020120812814379526 0.005265267562999731 89.93852443131846 0.001973430451030368 0.9999711465387457 0.00733564327384235 0.22759197972095843 -0.005279875552324714 -0.007325136101330094 0.9999592318166021 0.8760403386545695
0.9999819494727491 -0.0030320631403297563 0.00518722679218587 91.31298946139576 0.0029987897446304345 0.9999749574485495 0.006410283600521429 0.23396120605320403 -0.005206533275416243 -0.006394612489015131 0.99996599989318 0.8864794259277288
0.9999858730580379 -0.0029718028552039566 0.004407048007859468 92.68478854611395 0.0029445114491709634 0.9999765295916986 0.006186284674076241 0.25035975468941457 -0.004425328991100843 -0.0061732206774755 0.9999711534888333 0.897359067667906
0.9999852617506685 -0.0032181191944156023 0.004372641112371587 94.03308505788435 0.0031926996565925783 0.9999780371739013 0.00580791173611718 0.2571775792287416 -0.004391235629052714 -0.005793865607888047 0.9999735737363102 0.9248169838284741
0.9999862624464244 -0.003471189750736924 0.00392756414906171 95.40246486408847 0.0034507721560881853 0.9999805600516706 0.005193427603616951 0.28079029694201013 -0.003945515170086461 -0.005179803129620173 0.9999788010500927 0.9257018759113865
0.99999177962859 -0.0026088769118013813 0.0031039388693531074 96.78565486347115 0.0025933938490764006 0.9999842278143592 0.0049818099986900745 0.3127470001962452 -0.0031168868425376067 -0.004973719310389901 0.9999827734179386 0.9425553373821913
0.9999934022820702 -0.002621869514008943 0.00251419819844476 98.12121473166013 0.002605342959518745 0.999975127087712 0.006554189040424643 0.30680967444219387 -0.002531319891447636 -0.006547595449158943 0.9999753604031658 0.9629409348542686
0.999993722254283 -0.0024358438222788934 0.0025733474109416376 99.48883269929637 0.002415756974489513 0.9999668156800902 0.007780209306991856 0.32353362155848536 -0.0025922133909343868 -0.007773943882860435 0.9999664225493984 0.9787771041279378
0.9999871934171292 -0.003043149255982067 0.004043790837700452 100.79132952012137 0.003013979865547483 0.9999695375106608 0.007199998339254257 0.2899979870416487 -0.004065578323354342 -0.00718771822771354 0.9999659033084957 1.0055451060253984
0.9999816654061539 -0.002527205026125811 0.00550291616242353 102.1151190041686 0.0024883229354912798 0.9999719738521985 0.007061144319925761 0.3392423090086555 -0.005520606896297339 -0.007047321824213524 0.9999599282744297 1.0329660278511268
0.9999848899617829 -0.002828373130522212 0.004713825787575252 103.49809484223982 0.002795349300625334 0.9999716089599715 0.006997663631061745 0.32036499859855155 -0.004733483960949156 -0.00698438110647828 0.9999644056415963 1.0511905465709317
0.9999956338799467 -0.0022811197776420582 0.001878487051715019 104.79623518505588 0.0022672917327389145 0.999970559051905 0.007330785607225874 0.3092496943030354 -0.0018951541473095292 -0.007326494521973418 0.9999713650244078 1.0564137666911808
0.9999973633215022 -0.002083435861838637 0.0009657354985987787 106.09837484080069 0.0020786903467150415 0.9999858876909844 0.004889117028307609 0.3546205552928917 -0.0009759080315904971 -0.00488709667221945 0.9999875818677102 1.0817611569970789
0.999996198471968 -0.0017738925521417895 0.0021110061170067996 107.48158007687724 0.001764538974969742 0.999988655007795 0.00442450651563793 0.3485681313358257 -0.00211883076681385 -0.004420764743182525 0.9999879836254368 1.0942273638284974
0.9999957789339432 -0.0015549463738358349 0.002454435998463133 108.83797618373106 0.0015473613865643087 0.9999940312477756 0.0030891975595504664 0.34046894143507056 -0.0024592248850860937 -0.00308538662035369 0.9999922162708905 1.0645861880832919
0.9999916771890992 -0.0006827373302628436 0.004022365258199065 110.15509907409488 0.0006788277226859268 0.9999992959860883 0.0009732524084253199 0.3577903937242572 -0.004023026902148966 -0.0009705138151815315 0.999991436642074 1.1073249502225648
0.99999542491647 -0.00013358703375209604 0.0030219696611663745 111.47644352712547 0.00013143325415861532 0.9999997372532696 0.0007128945865092642 0.35746677214303757 -0.003022064100626916 -0.0007124941376504472 0.9999951797287203 1.1178425314770954
0.9999987559153354 0.0015763469222836305 5.7429626686590705e-05 112.81973052734637 -0.001576462130380163 0.9999966262404063 0.0020645277806054744 0.3730199998541357 -5.41750209199102e-05 -0.002064615747789756 0.9999978672111661 1.1412653049527284
0.9999972165671154 0.002224384783593691 -0.0007867466912789646 114.17570101302532 -0.0022213304353375612 0.9999900750846775 0.0038620490983569855 0.346344373675322 0.0007953295661325503 -0.003860290724232284 0.999992232773038 1.1789922593743294
0.9999913075525418 0.003831362398556181 -0.0016448348028163247 115.46946441939178 -0.003820392721838642 0.9999707810966305 0.006621295375194514 0.38050702874920744 0.0016701553246774167 -0.006614953905023055 0.9999767262121784 1.1869304375642862
0.9999839920526481 0.005656610839479897 -0.00013561806650148778 116.83914366393601 -0.005655311291787284 0.9999505058778467 0.008185551223416259 0.4028081094502025 0.00018191383198183254 -0.00818465322716037 0.999966488617948 1.196809776272565
0.9999806545691027 0.005825479242601113 0.002180430953485059 118.1350396361441 -0.0058424038574406345 0.9999522158335772 0.007837880241852798 0.39869592487094696 -0.0021346673547545975 -0.007850467572895724 0.9999669061294837 1.215236724146816
0.9999745628552565 0.006460008468737292 0.0030235629681699947 119.51301813999905 -0.006482494785111116 0.9999509578200841 0.007487270267422102 0.37996704112902074 -0.002975046856715651 -0.007506680043818192 0.999967398894044 1.242086328671083
0.9999671465810769 0.007826338455270126 0.002110493990187652 120.83602376316547 -0.007843293943302947 0.999936036241214 0.008148997872657686 0.388770039701061 -0.0020465821796364493 -0.008165283374947388 0.9999645691967234 1.2525723599757048
0.999959818104338 0.008765158264788398 0.0018799407790160616 122.13452499019267 -0.008783233982252588 0.999913084046703 0.009832555772739594 0.3697379214732886 -0.0017935934746756903 -0.00984867264174432 0.9999498920794198 1.2695316598866253
0.9999518395489799 0.009754736200746291 0.0010787512525502266 123.49073264064458 -0.009766616050992168 0.9998848087010008 0.01161819865019799 0.3593286288680658 -0.0009652945268316003 -0.011628174861809143 0.9999319245607972 1.2786502333184542
0.9999344977275062 0.011424701783844554 0.000690248933309125 124.84067091295728 -0.01143254297896257 0.9998541263888142 0.012689480064024834 0.38281256727735363 -0.0005451747186810816 -0.012696540174840117 0.9999192470655391 1.2915412675504185
0.999917770984172 0.012795541611500363 -0.0008516953172056355 126.19505976135957 -0.012783097850223784 0.9998299665476705 0.013290237117360184 0.38040054442017274 0.001021606282572407 -0.013278256969663485 0.9999113181739924 1.3143723735531694
0.9998999005828527 0.014101165486261532 -0.001160149270744266 127.52018112289184 -0.014084778883733275 0.9998150883712443 0.013092290441217326 0.39031364858268347 0.0013445512997588185 -0.013074639464624479 0.9999136192615202 1.3286879483389167
0.9998938470005609 0.014560140006370832 -0.000545026066966052 128.83654396941873 -0.014552292459495776 0.9998176852592581 0.012362322880125079 0.35796656519881226 0.0007249238526185381 -0.012353079203746781 0.9999234350286995 1.3413085674664202
0.9998901031403103 0.01482483323047485 7.721235761755444e-05 130.19638268101332 -0.01482470207888464 0.9998192673033857 0.01190214002577605 0.31873330313983733 9.924883814793931e-05 -0.01190197666816212 0.9999291640416628 1.3678222251534393
0.9998751111478748 0.01580350730448767 0.00010613153272708207 131.5313500924147 -0.015803692342593153 0.9998104546584564 0.011370930656342437 0.3319554102738519 7.358916969686769e-05 -0.011371187823956234 0.9999353432458052 1.3809579013970177
0.999876718272607 0.015701760201837375 5.461653353134316e-05 132.8697142504169 -0.0157013922450341 0.9998144799013627 0.01115670476149991 0.3042561818703687 0.00012057350174111361 -0.011156186899280938 0.9999377605410745 1.4171832813284053
0.9998813005644918 0.015395873372015641 0.0005931817372583261 134.20821071390736 -0.015400745288124625 0.9998377547971626 0.009342436873722711 0.290257213613459 -0.00044925052127316054 -0.009350463372584612 0.9999561825443589 1.4217103857764146
0.9998894599039291 0.01486741540217094 0.00016712955565106023 135.5524950080634 -0.014868315654676318 0.9998494378461348 0.00894621866271969 0.2690000807500687 -3.4097243127879045e-05 -0.008947714681837885 0.9999599678183875 1.4545903165633591
0.9999047507851323 0.013798115113609977 -0.0003183969753137481 136.89145714274036 -0.013794854188699454 0.9998675980665657 0.008630662460623462 0.25051220154303777 0.00043744169307701175 -0.008625448156951725 0.9999627044489493 1.4714041365992727
0.9999130261218669 0.013178873821242063 0.0005074215351562355 138.22986926998112 -0.013182507998683321 0.9998811993009862 0.007988039013797419 0.26878811717121953 -0.00040208789488116925 -0.007994033351511614 0.999967966364973 1.4978741139383678
0.9999324178867215 0.011596321930342136 0.0008276333141739317 139.58965806967575 -0.011601525531782562 0.9999110044896257 0.006586934482971032 0.21611679918278232 -0.0007511754457261304 -0.006596091133043989 0.9999779634158016 1.5278118832744394
0.9999408126505925 0.010826734833595746 0.0010737823408838794 140.9461667039302 -0.010832626827076614 0.9999254074299547 0.005642142506553865 0.2344167843413584 -0.0010126162638875859 -0.005653440446486223 0.9999835064736919 1.543246385690612
0.9999564948865197 0.009308423727036596 0.0006013168747260145 142.2737189703968 -0.009311787695370626 0.9999394892561574 0.005857340356476317 0.21863272271810452 -0.0005467578826430864 -0.005862684867294508 0.9999826648407285 1.5542194980973423
0.9999661720875318 0.008225003697499286 6.320431170425641e-05 143.62200939589195 -0.008225232766671798 0.9999490364072905 0.005854069871915978 0.20379414477709418 -1.5051344243529141e-05 -0.005854391711128392 0.9999828627887327 1.5766941627791629
0.9999647812856406 0.008065175602717387 -0.0023214501627908586 144.96681448823074 -0.008055844123703984 0.9999595454889707 0.004001344892099406 0.19088553522924637 0.0023536277988614623 -0.003982502729224208 0.999989299996853 1.5928827965381775
0.9999734438140538 0.006357704078948295 -0.0035624802464060785 146.28111068479743 -0.0063530387410042225 0.9999789488651396 0.001319365501317502 0.1914702986578394 0.003570793387583323 -0.0012966978889824379 0.9999927839785485 1.6390759427559682
0.9999841294975651 0.005619731125235858 -0.0003992180819312908 147.6925402164805 -0.005622286762249382 0.9999616266032216 -0.006718274525685424 0.1791670357155212 0.0003614478661175581 0.006720412421830499 0.9999773524497045 1.6648971043083232
0.9999910106882517 0.004100505129773183 0.0010790738481242144 148.97690197431317 -0.0040831815322134625 0.9998700629236449 -0.015594386735021434 0.16877237281226362 -0.00114287849922584 0.015589840497808993 0.99987781788676 1.6738624285968562
0.9999946439278187 0.0032318820829768465 0.0005167725582940194 150.25126419791994 -0.0032223648185962786 0.9998423019232666 -0.017463895606627935 0.18177551248219342 -0.0005731323155655067 0.017462136839031434 0.9998473609988495 1.7228126588751118
0.9999848295010254 0.002779514467488196 -0.004755530162901824 151.6781470605613 -0.002855896197309847 0.9998658085667226 -0.016130986210529427 0.1592389456516431 0.0047100557019462514 0.016144322795928083 0.999858578108297 1.7348765204306495
0.9999716487514949 0.004100497354037321 -0.006315664230020416 153.00635404291506 -0.004186713423947143 0.9998973995856794 -0.013698968300644834 0.18473098765346793 0.00625884365698387 0.013725021794003249 0.9998862188533411 1.7636720965168757
0.9999671486150652 0.003924756934242281 -0.0070921064334391395 154.39739386850567 -0.004003792723167158 0.9999296585153812 -0.011164571874601096 0.13521973633765752 0.007047789333260849 0.011192600427082942 0.9999125233545151 1.7930981385711753
0.9999770483188616 0.005013941205688525 -0.004556668638714682 155.70486048720713 -0.005097858942001898 0.9998140951165302 -0.01859534997039321 0.1664738549541176 0.004462585540311637 0.018618152429815644 0.9998167080672314 1.7720985398403934
0.9999816518879209 0.0053292897776306206 -0.002880027425374475 157.0377517734184 -0.005401045205591926 0.999659986604802 -0.025509603916449762 0.1563870225128709 0.0027431001060879683 0.025524691021695804 0.9996704284663296 1.7843584743578509
0.9999842962050453 0.0050939358730669425 -0.0023364846717963544 158.38960178422528 -0.005153462191502503 0.9996428922407868 -0.026220789841562668 0.11807391878362417 0.002202083272996688 0.026232419061072567 0.9996534454597068 1.8114342962632444
0.999985792330509 0.004745983575001585 -0.002427092299400287 159.73175254279295 -0.004811213193149541 0.999607030497004 -0.027615879645085717 0.1021252892500449 0.002295074014940869 0.027627164546286883 0.9996156623494843 1.8342645900995846
0.9999788255815021 0.005976837182432128 -0.0025740640890838675 161.08207045322942 -0.006043966368418246 0.9996195129723295 -0.02691281768043084 0.11157896615756445 0.002412231161693163 0.02692780537395089 0.9996344704133433 1.8428656469911717
0.9999706463566135 0.007005951112899095 -0.0031021080155640805 162.43182918011976 -0.0070811186839588956 0.9996643131973456 -0.024922252664292655 0.11573249629666935 0.0029264625950534942 0.024943487500404225 0.9996845793789143 1.8603916485386085
0.9999531845625061 0.008957959360426778 -0.0036583667666811423 163.7747354736774 -0.009042024566872333 0.9996794537383029 -0.02364807741065612 0.16230760934567243 0.0034453555744932817 0.023680049357745214 0.9997136513959286 1.9024259891821345
0.9999450781400281 0.009630551773832501 -0.00413438944278948 165.13905674308484 -0.009723990759312047 0.9996833462156051 -0.02320886259349371 0.16642669003355198 0.003909566119907852 0.02324779068432932 0.9997220891433036 1.9059914060557737
0.9999398226424082 0.010319096608234758 -0.0037238876270875515 166.49649695833148 -0.010407000822715963 0.9996477794768177 -0.02441334309232684 0.1813009103683455 0.003470652351539565 0.024450628463448365 0.9996950141618178 1.9113356799833565
0.9999444254796593 0.00964909560939809 -0.004247458778445255 167.8146829511169 -0.009746974468173552 0.9996725354802622 -0.02366047960588882 0.14086609026390778 0.004017765656514831 0.023700564558351817 0.9997110286471509 1.9278378189263643
0.9999384994455814 0.009413569836458986 -0.005863619142891088 169.2079355723811 -0.00953768000192916 0.999723125011121 -0.021510601529925278 0.14219520118108606 0.005659504103679916 0.021565203939043393 0.9997514251014439 1.9589619151407447
0.9999370894857168 0.008448859936513661 -0.007377929018815951 170.6036366926782 -0.008588531271511157 0.999780516063184 -0.019109077189437197 0.11714004145548948 0.007214859765219768 0.019171240601660824 0.9997901826545216 1.9931557322892668
0.9999190447558104 0.008026852493936134 -0.009872870589052157 171.98840362436886 -0.008160830023566086 0.9998741351752567 -0.013605684872842217 0.11745179585079184 0.00976241711637247 0.013685154240022888 0.999858695899312 1.9996277207588609
0.9999234175630045 0.008260702561994696 -0.009215194100171327 173.36022017189038 -0.008378251644089736 0.9998830884444891 -0.012791182200960621 0.10016932232610568 0.009108452585916325 0.012867409836175982 0.9998757252056868 2.0115895996086923
0.9999321435794607 0.009428039033887893 -0.006842537289652315 174.71555537234974 -0.009461427094202514 0.9999434116568319 -0.0048636284229524865 0.12114940628722723 0.006796295603186107 0.004928038562242279 0.9999647617801355 2.069347129035207
0.9999449191654323 0.009516293539514675 -0.004427052349683895 176.0810379339047 -0.009536742787884581 0.9999438459041734 -0.00462120929717146 0.11107925222800931 0.004382826968382604 0.0046631744166740945 0.9999795226064007 2.0938050419487713
0.9999543502507086 0.008852476686179191 -0.0035959798670161572 177.47503789569774 -0.008879353324699092 0.9999322395788169 -0.007528169460522696 0.12570837292957593 0.00352909325726692 0.00755975577726194 0.999965197191067 2.117335354566886
0.9999650575418384 0.00740154207144008 -0.003885983828138385 178.88803645490415 -0.007435426200171732 0.9999338216724533 -0.008778764875775289 0.11446618117049402 0.0038207502626644344 0.00880735207012009 0.9999539151465648 2.13182188311417
0.9999581712070079 0.005230739003930771 -0.0075030131153315735 180.2196308098744 -0.005305209901469548 0.9999365221380083 -0.009940142979123474 0.08590090701124282 0.007450542546514969 0.009979532254410802 0.9999224461685745 2.1662493281291084
0.9999294191052154 0.0034124316233118636 -0.011380339112820555 181.63743899214728 -0.003505528913873495 0.9999604751093528 -0.008170647839148906 0.11243254119029941 0.011352007529092335 0.008209965255323127 0.9999018593819925 2.2060104563258283
0.9999314538337402 0.002042750531351962 -0.011528868296997312 183.03197239083383 -0.0021022339515732145 0.999984530165214 -0.00514976141864531 0.08623053429201794 0.011518170269435215 0.005173644800600073 0.9999202793988735 2.242708645990277
0.9999406038271059 0.002574160062221162 -0.01059068070790972 184.36118050164828 -0.0025978198523514185 0.9999941595174152 -0.002220869891073729 0.14581959922124374 0.010584901978646493 0.0022482506604946267 0.9999414508955362 2.26412350495053
0.999953681683659 0.0028090494683715088 -0.009205635685811104 185.81500655226554 -0.002799897968318895 0.999995573396106 0.0010068562758141996 0.11878730559537819 0.009208423245194634 -0.00098103479927292 0.9999571203366971 2.2801886191424123
0.9999715924874417 0.003201286918932868 -0.006823927035969294 187.18131081790705 -0.00317165015905659 0.9999855112616364 0.004349471470453694 0.13741793716726977 0.006837752071998493 -0.004327704803519253 0.9999672575228328 2.3169484046693767
0.999970698959715 0.0034969414952351306 -0.0068097446499732 188.6347229567989 -0.003474350687172169 0.9999884317997054 0.00332643263398487 0.1369819533435058 0.00682129821379202 -0.0033026757250441555 0.9999712806994678 2.337496716542698
0.9999779676027116 0.0031413774099020866 -0.005847739487934456 190.04619109833303 -0.003146280282957545 0.9999947064845315 -0.0008294114158476143 0.12472389202575557 0.005845103038549762 0.0008477917693765453 0.999982557857678 2.357234568558069
0.9999767291027009 0.003451511529995485 -0.005884583351608979 191.40660492377745 -0.003464821517238824 0.9999914591317156 -0.002253147903731478 0.1410981696539108 0.005876756326189151 0.0022734845019746507 0.9999801473045862 2.3810283163020176
0.9999767545335648 0.004137235090038965 -0.00541974891746819 192.85873826622873 -0.0041646261298015465 0.9999785641772547 -0.005052432601712163 0.15784440697417076 0.005398729639241212 0.005074886383518356 0.9999725492464664 2.4127257386029544
0.9999797883082734 0.003879586638126061 -0.005037041041917416 194.2126724772673 -0.00391274458970229 0.9999706324318799 -0.006589742298588644 0.1242395581083683 0.005011327640101195 0.006609317763833618 0.9999656011653503 2.439714013072151
0.9999837535485719 0.0045098221055810015 -0.0034862793182635276 195.6800281995374 -0.004551961846902464 0.9999155162464173 -0.012175385538249555 0.13201964862739368 0.0034310759614563143 0.01219105714188417 0.9999197997057113 2.461977341671187
0.9999855558498687 0.004629142772688841 -0.0027311405710704617 197.08314601648377 -0.004671588042599287 0.9998651245515572 -0.015745125298301722 0.10649319789509105 0.002657885774281465 0.01575765663698255 0.9998723077976116 2.4995598209660517
0.9999726342448532 0.005013643025530916 -0.0054400500936632595 198.5137913026239 -0.005073264242847572 0.9999266085016759 -0.0110017998644925 0.12349177158433836 0.005384491743077029 0.011029097603550716 0.9999246802908308 2.557358641378771
0.9999121259815553 0.005445945069252175 -0.012086438571767005 199.95069631175355 -0.0055261091268319655 0.9999628902291928 -0.006609106021056927 0.15022660440301416 0.012049997218454192 0.006675316230854865 0.9999051143584842 2.549215518246665
0.9998986940704504 0.007000694857665471 -0.01239321861817241 201.38669339044057 -0.006951718007810758 0.9999678739070991 0.0039905852272768974 0.14846018914249154 0.012420757341959411 -0.003904026796288316 0.9999152380886221 2.586002918175687
0.9999345243047081 0.007351801670858909 -0.008769157069495812 202.84826958142344 -0.007257714670678872 0.9999162718353848 0.010713304652805683 0.13477596834198155 0.008847184935116078 -0.0106489591518219 0.9999041589010953 2.6116804156311004
0.9999316639166966 0.008928376778269433 -0.0075466273852435465 204.27421480537987 -0.00884944736653366 0.9999064638165529 0.01042836991976984 0.14615347061976447 0.00763902991834691 -0.010360873803973731 0.9999171453255138 2.619756198491666
0.9999407621827394 0.008468690700039257 -0.006837646029834118 205.72060121845698 -0.008408007466436489 0.9999254411314906 0.008855370598601323 0.14265328718643108 0.00691212961731664 -0.008797355046904333 0.9999374125455713 2.654146050394236
0.9999505995609979 0.007235237817062183 -0.006815406908725305 207.17807646113772 -0.007193509349521122 0.9999553531320838 0.0061274110134598115 0.1399584037937918 0.006859435898038523 -0.006078081623347094 0.9999580016495396 2.6869364145461794
0.9999563087830043 0.005940908801887123 -0.007217071960041188 208.60556700010977 -0.005906660362689887 0.9999712380902771 0.00475755773038375 0.11336755364261238 0.007245128599864934 -0.004714721074015528 0.9999626390604629 2.7188410795241778
0.999954783003363 0.005455322823251608 -0.007789184911874971 210.10447604326387 -0.005419696183884974 0.9999747897932327 0.004587665120123076 0.12211394353593738 0.007814015739148037 -0.0045452426639423045 0.9999591401288126 2.7393850154236277
0.9999530521167227 0.005682879490764441 -0.007848467566607419 211.57713789597247 -0.005633604127197152 0.9999643721868755 0.006286243826462511 0.13586130013100148 0.00788391190898699 -0.006241733541345682 0.9999494410696023 2.777592692032019
0.999956717321028 0.005117450733559643 -0.007770146880428581 213.02385793805195 -0.005059176437861217 0.9999590690897828 0.007500991858768919 0.11881005250385462 0.007808214797534327 -0.007461356651730138 0.9999416782685834 2.785999140557646
0.9999567520920133 0.004283419179915826 -0.008255075149335748 214.4677209000828 -0.004218618534720738 0.9999602794977418 0.007851285528916866 0.11256291820657702 0.008288377600626194 -0.007816120964212232 0.9999351034191281 2.8174978841701726
0.9999548902341885 0.004205379440124238 -0.008516588548039479 215.90899849389928 -0.004137304400961822 0.9999594794503701 0.007995134122616682 0.12896635932973857 0.008549866023850829 -0.007959537744707795 0.9999317704472964 2.8591326305289058
0.9999443508041425 0.004718831215545048 -0.00943546113559333 217.41709547447775 -0.004651528968374182 0.9999636756642085 0.007142172665375443 0.17218360723949486 0.009468821106054879 -0.007097885888407758 0.999929978269867 2.87584786063752
0.9999465613673423 0.0036171996532425783 -0.009684538001198716 218.8911711819718 -0.0035395415812246615 0.9999615433074189 0.008023936168722283 0.13047716102196108 0.009713189745025157 -0.007989228555594701 0.9999209099584145 2.9123815532306754
0.9999416925964976 0.003517766017854895 -0.010209639048238626 220.38411880479353 -0.003418601976974945 0.9999469738924356 0.009714039524511615 0.13306082971116448 0.010243269388955688 -0.00967857043185491 0.999900695422611 2.948294608361668
0.9999392665217405 0.003608341049386445 -0.010413603739106296 221.84029644628984 -0.0035026532697204262 0.9999423582190079 0.010149465970248616 0.159756646285405 0.010449626215130028 -0.010112374314691412 0.9998942670091091 2.988849152837928
0.9999352600050102 0.002986087102485823 -0.010979940005702713 223.33649790330782 -0.002862318530084089 0.9999323865620469 0.01127073364788241 0.15014036796626523 0.011012853006591905 -0.011238575894904982 0.9998761980767967 3.021219524307288
