1.0 0.0 0.0 0.0 0.0 1.0 0.0 0.0 0.0 0.0 1.0 0.0
0.9999991026986411 -0.00021369547900763092 0.0013224734987388111 1.3108280526873803 0.00021489548040893325 0.9999995652986385 -0.0009073160786629824 -0.003942406356058893 -0.0013222790345137395 0.0009075994581048717 0.9999987139198623 0.010135860520850082
0.9999988854841004 -0.0003099003935779353 0.0014604767382728088 2.6144881302228296 0.0003116603113770393 0.9999992254739248 -0.0012049561821494267 0.009866408734648155 -0.0014601021907004004 0.0012054100118416124 0.9999982075425415 0.01765077388978838
0.9999988182405726 -0.0008948878503690508 0.0012500772750346637 3.941630180802383 0.0008974176155418535 0.9999975478271943 -0.002024594088118158 0.005446608950777812 -0.0012482624249777789 0.002025713536902412 0.9999971691587856 0.045879166696029004
0.9999992909818787 -0.0002888714360163154 0.0011552441444908279 5.254950049315245 0.00029206440285830046 0.9999961356242903 -0.002764676268667963 0.01758425751054893 -0.0011544410441895667 0.0027650117141536056 0.9999955109779725 0.052234659685962366
0.9999987099813574 -0.0005902073986299337 0.0014938844827074192 6.577890071623347 0.0005944437915902856 0.9999957991099759 -0.0028369700349728565 0.013631312379572744 -0.0014922038063586664 0.0028378544055847215 0.9999948599418764 0.05807922449231662
0.9999969484396177 -0.00042914046322735014 0.0024328892114842994 7.915982839225054 0.00043894680746984935 0.9999917765679682 -0.004031640130155732 0.015945031193936064 -0.0024311390648722067 0.004032695736314745 0.9999889134025165 0.08824769040691097
0.999996503411555 -0.00019571009563100177 0.0026372072770539557 9.23067319476268 0.00020663233640802898 0.9999914007073787 -0.004141957794599691 0.03493584556721954 -0.002636373975980797 0.004142488244179177 0.9999879445890363 0.09694776512642979
0.999997801333958 -0.0007381848588567459 0.0019627558085590934 10.563194351817371 0.0007455452881673717 0.9999926834336903 -0.0037519649932370256 0.03171170131751442 -0.0019599718041771025 0.0037534200672638984 0.9999910351339782 0.1127080037238577
0.9999996308776465 -0.0006930903215752661 -0.0005078093902170102 11.882647333539609 0.0006924931229920589 0.9999990696051938 -0.0011752625330696273 0.043390437202287 0.0005086234808407715 0.001174910444743439 0.9999991804434649 0.12379156936427639
0.999998627356996 -0.0007475096937456496 -0.0014786863702552116 13.225713643526678 0.0007505456894636577 0.9999976095317334 0.002053682542834292 0.043466497479757844 0.0014771476878937225 -0.002054789545542581 0.9999967979321892 0.14510033657970592
0.9999986126204825 -0.0005552403503468111 -0.0015704984124941378 14.563471052191925 0.0005630506385756257 0.999987455822154 0.004977064628279356 0.06391160919431388 0.00156771524477484 -0.00497794199333587 0.9999863810884738 0.15452688524936925
0.9999995426492729 -0.00018455826114982722 -0.0009384239410434987 15.91404241340911 0.000189477718947475 0.999986227615934 0.0052448714614605286 0.07993099354027873 0.0009374430323516846 -0.005245046873142507 0.9999858052411842 0.17537551657768896
0.9999984463777462 -0.00014155054284509643 0.0017570445462679277 17.262724909048302 0.0001352591393906887 0.999993581642434 0.0035802763722643876 0.06650485644664682 -0.0017575400589918 -0.003580033153534142 0.9999920471761565 0.19490975802223975
0.9999924509141275 0.00032771349809027154 0.0038717849397270575 18.615103948058614 -0.000323918843602173 0.999999466685968 -0.0009806652652885257 0.09173190411060834 -0.003872104252094363 0.0009794037180618732 0.9999920237566988 0.21414739549283013
0.9999981391759614 -0.00021227954730585426 0.0019174415267418426 19.959684575437443 0.00021770730954766732 0.9999959691078671 -0.0028309665390417365 0.07174901587429677 -0.0019168328414465312 0.0028313787121471497 0.9999941545061383 0.24248903828330182
0.9999998661760846 9.950994941855111e-05 -0.0005076865004315514 21.309938215740242 -0.00010130827036651714 0.9999937170328843 -0.003543392638384802 0.08887077819000823 0.0005073307078317485 0.003543443597035373 0.9999935932909907 0.23454681396476132
0.9999986336878282 0.0003457869794799257 -0.0016164943061074341 22.662905484533407 -0.00034831060080632456 0.9999987207466154 -0.0015611485700967789 0.09343347152786668 0.001615952413353049 0.001561709479183446 0.999997474877462 0.28267707476159304
0.9999994978604965 0.0009157224444302897 -0.0004071009210014595 24.03316158099192 -0.000915419728811901 0.9999993048640798 0.0007431541409648833 0.09094460677661956 0.000407781160937539 -0.0007427810995831296 0.9999996409953171 0.27153820990958366
0.9999915437896018 0.0017837128140910199 0.0037054983316473925 25.426004303731002 -0.0017866070351668017 0.9999981014532265 0.0007778979654054187 0.10142296227983662 -0.0037041037500165413 -0.0007845116567246749 0.999992832052745 0.287068811958543
0.9999874913718441 0.002059803723431766 0.004557884209493492 26.792578991132267 -0.002055527289831802 0.9999974430255423 -0.000942735349010823 0.09350623172850019 -0.0045598144048820885 0.0009333547013083853 0.9999891684121357 0.3001636329362897
0.9999911177313756 0.0019548046752180057 0.003734059056299963 28.164211904855268 -0.0019383783096361005 0.9999884517056401 -0.004397629462029248 0.09644538649640201 -0.003742612440919075 0.004390352382021424 0.9999833586905729 0.3271806327115189
0.9999973896995724 0.0019246088635358506 0.0012314522986916672 29.521989730426196 -0.0019181488022354384 0.9999845060578167 -0.005225739132105081 0.11052975215764228 -0.0012414907224931253 0.005223363382604244 0.9999855874840193 0.32744042415980373
0.9999964721523347 0.002573651553942658 -0.0006572674980190761 30.9118558063246 -0.002576908412773825 0.9999841629855665 -0.005003330999261331 0.10481883970461159 0.0006443802582630848 0.005005007066416834 0.9999872672581126 0.36682741567559524
0.9999936819892731 0.002952105264550068 -0.001980165660634273 32.29556315866485 -0.0029570615791832083 0.9999924910051297 -0.002504739541873876 0.10942921709699052 0.001972756536792592 0.0025105791886980617 0.9999949025989002 0.36024027980179757
0.9999863803944385 0.0034921897535736416 -0.0038786126842390444 33.67806538739524 -0.003495333067112475 0.9999935681433717 -0.0008039394491846379 0.114975691933696 0.0038757802284514055 0.0008174855430161871 0.9999921549917318 0.39601883751909905
0.9999857615889818 0.0037559279546622703 -0.0037907287562481008 35.072864859546364 -0.0037572324857200576 0.9999928847670713 -0.00033707458955467475 0.12847648901284825 0.0037894357564563167 0.0003513124393756535 0.9999927583518881 0.4028697642450811
0.9999924272222774 0.0032157182657129284 -0.0021919521285715597 36.464219217878394 -0.0032169525411961043 0.9999946689052505 -0.0005598012380858546 0.12083233761243206 0.0021901402800005945 0.0005668484048056982 0.9999974409809457 0.43855544673282737
0.99999449599057 0.003116061451051252 -0.0011393636816652685 37.86493680117516 -0.0031152094747243257 0.9999948673885463 0.0007487766639272309 0.13358271528836033 0.0011416910678520964 -0.0007452231861171312 0.9999990705915223 0.4500867293020053
0.9999965253146046 0.0025530719164032593 -0.0006566448865365913 39.26369836808458 -0.002551202123485076 0.9999927334440413 0.0028327419296684466 0.12592007113548195 0.0006638723088568325 -0.0028310568529525265 0.9999957721863892 0.4667466401019043
0.9999948708529943 0.003104902154146257 -0.0007860345516830096 40.65881666797289 -0.003101489368246328 0.9999859177924814 0.004306388327495647 0.1387371950306783 0.0007993943969759677 -0.004303928361591733 0.999990418538726 0.4790150404749161
0.9999948148898408 0.0031989359785613127 -0.00037013786361949475 42.081418806195 -0.003195989901301949 0.9999652196069644 0.007703585200813105 0.15389937908968768 0.0003947682659419142 -0.007702362300001001 0.9999702584442278 0.5077386268691204
0.9999958045546956 0.0028798237215373226 -0.00031223122834361414 43.472757377955155 -0.0028769638525345835 0.9999571177581209 0.008802597563380728 0.15377377954428822 0.00033756776844272855 -0.008801662354606537 0.999961207641475 0.5257413499635188
0.9999970628789132 0.0023819855818937074 -0.00044763627477948086 44.90165472717442 -0.002378358154570724 0.9999656772558332 0.00793648050280264 0.15735299450752976 0.00046652549280279827 -0.007935392553013999 0.9999684054503893 0.5446360308127152
0.9999984086068411 0.0014826636125790929 -0.0009922159025090077 46.29508683784834 -0.001475167718475191 0.9999706869406237 0.007513264250609118 0.14545663948785692 0.001003326461141413 -0.007511788609182649 0.9999712827716121 0.5715182403460624
0.9999994956956253 0.0008488792933869962 -0.0005366679052603759 47.7279222572949 -0.0008450869796100017 0.9999749491834568 0.007027576647758638 0.16724351613329425 0.0005426200255901089 -0.007027119572661881 0.9999751622685532 0.5921321159008873
0.9999999302431498 -0.0003562955560294608 0.00011210340018425682 49.129805116881585 0.0003554748168706193 0.9999737419002228 0.007238034796901993 0.1613100006086202 -0.00011467933619451219 -0.007237994442063833 0.9999737987993017 0.6093984414359244
0.9999992722736503 -0.0011944706692972053 0.00016938710122710638 50.55122740246874 0.0011930714801559326 0.9999670240561633 0.008032893669374108 0.1791165117497436 -0.00017897657140522027 -0.00803268573270614 0.9999677214427005 0.6304558587449913
0.9999972774145646 -0.002297772456566328 0.00040670037644469786 51.99876313670963 0.002294493056435036 0.9999662556890595 0.007888142038295947 0.18620512556761568 -0.00042481180812981495 -0.007887187390965519 0.9999688054184428 0.640693655620224
0.9999934682926377 -0.0033406742454666176 0.0013795896662748598 53.4032949960819 0.003329041897511055 0.9999595993778202 0.008349676173003848 0.20048537287906926 -0.0014074274781431296 -0.008345028923562113 0.9999641891788719 0.6682015692544694
0.9999892157009971 -0.004170900746317856 0.002042564238690537 54.85980513855587 0.004156800427485955 0.9999678335685326 0.006859507158793481 0.2083997770516225 -0.0020711088602159197 -0.006850942651916711 0.9999743872184274 0.6842369085467658
0.999984395556013 -0.004913026791982571 0.0026590998884258453 56.26644791174367 0.004901330616833208 0.9999783638959118 0.004387333841859132 0.20188472422885737 -0.0026805974445743043 -0.004374232252257585 0.999986840158181 0.6936034152524928
0.999984012197946 -0.005232870533609414 0.00214299194508105 57.69516903842667 0.005227054866135958 0.9999826654597228 0.0027104755107847578 0.2236067018561505 -0.0021571383647333194 -0.002699230639764193 0.9999940304361965 0.7147774435895913
0.9999845230895409 -0.005110291088963339 0.002199660512362389 59.13930372602732 0.005107403161848422 0.9999860905100705 0.001316517879743991 0.24069299454998308 -0.00220635770579596 -0.0013052629510588156 0.999996714131753 0.7280929722344426
0.9999845166129656 -0.004838515414880919 0.0027486911273085822 60.54040711673548 0.004835489282828395 0.9999876967565156 0.0011065166038921018 0.244808685847305 -0.002754011207137133 -0.0010932082047793578 0.9999956101494105 0.7550885331326507
0.9999841149519445 -0.004340650408936374 0.0035956359386777347 62.000714464674545 0.00434404489067002 0.9999901258054402 -0.0009367847178923134 0.25673211700719883 -0.003591534179700106 0.0009523894409501747 0.999993096894468 0.7687264586113911
0.9999872507594422 -0.003946644501374877 0.003149970754203821 63.39734646099965 0.00395708106278997 0.9999866797057018 -0.0033138981017631556 0.2652072473592852 -0.0031368500179449034 0.0033263205416988744 0.9999895478271854 0.7821101861058559
0.9999916614174007 -0.0035444746963829094 0.0020282491941218317 64.81774300959904 0.003552815876258484 0.9999851858401296 -0.0041237846246798045 0.27250882625795 -0.0020136024970585026 0.0041309562340989744 0.9999894402470337 0.8035765351511286
0.9999942853461692 -0.002716085048660477 0.002012997022580139 66.27124709451165 0.0027239469537993976 0.9999886335198316 -0.003913175709405996 0.28212420916365016 -0.002002345623852304 0.0039186366440691015 0.9999903174025508 0.8260751030275306
0.9999960647650793 -0.0021062828191905137 0.0018531127976772232 67.64030619096137 0.0021100154624384454 0.9999957445779077 -0.00201461182963127 0.2955761449897105 -0.0018488615696159944 0.002018513998317188 0.9999962536490499 0.8482738301126123
0.999994161296967 -0.0015157961674794052 0.003062635132354582 69.11124119041719 0.001513943891726658 0.999998669745844 0.0006070258934039324 0.3105819525566798 -0.0030635511857942514 -0.0006023856914087919 0.9999951258809269 0.8658461151185973
0.9999910790480648 -0.0007258344341895396 0.004161128291841814 70.46776986883765 0.0007091407629169381 0.9999917009092836 0.00401188633144958 0.3211568259589142 -0.004164005723506056 -0.004008899715912975 0.9999832947501684 0.8845606370227613
0.9999878722074509 0.00021004684109120057 0.004920499805838285 71.92347113191144 -0.00024918586177039703 0.9999683273172298 0.007955015322890538 0.34221144084184624 -0.004918673034569461 -0.007956144965099436 0.9999562522495037 0.9049876950368735
0.9999900294242416 0.0006000313925123873 0.0044250440034505276 73.2849147896192 -0.0006508559419057079 0.999933739427721 0.011493178004250308 0.34646595383776574 -0.004417854529900216 -0.011495943476831152 0.9999241600466158 0.9095201735892473
0.9999913952858479 0.001311943157861398 0.00393549989373671 74.68460933380611 -0.001372803388187142 0.9998788976089924 0.01550179109275984 0.3591113956860609 -0.003914685826531025 -0.015507060371866974 0.9998720949769039 0.9272318502072
0.9999899778749304 0.002059448774399254 0.003975276146603681 76.12161724473161 -0.0021296119271216733 0.9998405947292953 0.0177270946409417 0.37050394128199415 -0.003938134423301459 -0.017735382773277502 0.9998349600284786 0.9488284458099601
0.999987931862026 0.0024267093919642223 0.004271675530164755 77.4928266488353 -0.002501064418192418 0.9998439430993857 0.01748811379904494 0.37382518299159534 -0.004228570335717206 -0.017498586485749267 0.9998379462012414 0.9605163592413071
0.9999880295538043 0.00243017339182259 0.004246764225339516 78.90945649295334 -0.0024998818345964035 0.999860954967166 0.016487004669132024 0.37428524518572065 -0.004206107453810586 -0.016497423721072445 0.9998550613317184 0.9866159938996937
0.9999925356481251 0.002279429306280761 0.0031197516040492113 80.28089584435749 -0.002327388838375943 0.9998778315136905 0.01545656199402336 0.3779409821974053 -0.0030841383283345607 -0.01546370749586763 0.9998756731920494 0.9979571188689481
0.9999930599733823 0.001999458619918297 0.0031435919421237126 81.65601773613078 -0.002046824684355502 0.9998833312591382 0.015137185301110608 0.3798206957450158 -0.0031129590075784355 -0.01514351463022638 0.9998804845834632 1.0247624180006636
0.9999928245145563 0.0015753180913500035 0.0034451839299193274 83.07698170157248 -0.0016253151713424058 0.9998927080664948 0.014557840019917287 0.384046987947046 -0.0034218810607198496 -0.014563335070057495 0.9998880937393162 1.035280050942378
0.9999955948809689 0.001375535376215781 0.0026302321353549756 84.42646739893561 -0.0014133162701317943 0.9998950766451185 0.014416595921837985 0.39863028204524387 -0.00261012562488012 -0.014420249764888047 0.9998926160548145 1.0531829463103815
0.9999956268482538 0.0005635635463626199 0.002903218988832914 85.841857629917 -0.0006061617862447794 0.9998918706911933 0.014692838172214558 0.4019677441551843 -0.0028946247177838716 -0.01469453373861178 0.999887839622999 1.0654628239588784
0.9999932174564832 -0.0006681800236669836 0.003621957548967102 87.18560046005481 0.0006185448587263914 0.9999061263409046 0.013687801437207832 0.41014023976810393 -0.0036307634580471557 -0.013685468255878496 0.9998997577334084 1.0908907018037772
0.9999867675526921 -0.0018661661211364492 0.004793969495787811 88.57611358011003 0.00180628113066729 0.9999206669785249 0.012465837224160045 0.4110903006612775 -0.004816852498802179 -0.01245701301398459 0.9999108064016381 1.1101101595857745
0.9999825575976288 -0.0028976914096079625 0.005146638223114234 89.95786426277866 0.002843033704974547 0.9999398209417424 0.010595831932811415 0.4139582879268207 -0.005177031954442133 -0.010581015050111761 0.9999306178233827 1.1272252279118071
0.9999776463935177 -0.0038740710104121444 0.005449613480510356 91.32986662662613 0.0038269044328126645 0.9999553602849123 0.00863899530809888 0.4214206334279963 -0.005482838292599441 -0.008617947045411679 0.9999478333758114 1.143492764634846
0.9999801986892255 -0.0041899678221330285 0.0046953593159939355 92.70470350864221 0.004153066709325119 0.9999606311256398 0.00784144347170823 0.43541606330928045 -0.004728029860808481 -0.007821788060385554 0.999958231810296 1.1575150850581302
0.9999801644127625 -0.00437614865610039 0.004529912136448177 94.02598877263941 0.00434554830066896 0.9999678227560025 0.006743119647948896 0.44682719272307064 -0.004559275270345371 -0.006723300942224145 0.9999670045723756 1.178909950488171
0.9999815373183816 -0.004548529071907482 0.004029380305771525 95.42385434734696 0.004522639837209657 0.9999692213258028 0.006411094288080001 0.46487801035720155 -0.004058417335539949 -0.006392752486197183 0.9999713305712224 1.1900181667814518
0.9999857112771967 -0.00434236552145037 0.0031178683610954667 96.7681700637618 0.004325142829766671 0.9999754688439121 0.005509523563799862 0.4673197145003575 -0.0031417162413431027 -0.005495959613758732 0.9999799618227271 1.2003699864628492
0.9999879792931693 -0.004224523076185396 0.0024889101917746517 98.10409065820919 0.004207813861539684 0.9999688295731584 0.006680882022182091 0.4823758494517087 -0.0025170561516535844 -0.006670328842452855 0.9999745852477767 1.2201049987086383
0.9999889111337749 -0.0038987132068978624 0.002641523200276228 99.49235402399219 0.003878126708194364 0.9999624153409433 0.007754227153101187 0.5013688181836345 -0.0026716554273384374 -0.007743897005840301 0.9999664465953048 1.2307922378713916
0.9999839382183403 -0.003943940001831625 0.004070459752978048 100.81284966707705 0.003912368100977997 0.9999624279198387 0.00773538134185012 0.5063910971490472 -0.00410081469724146 -0.007719331960950086 0.9999617968867088 1.2544274953217467
0.9999778847264069 -0.0038314155494871974 0.005436019958400671 102.14510752598267 0.0037868114731186204 0.9999592749000878 0.008191983896320145 0.5266881992163753 -0.0054671854704262494 -0.008171217545608433 0.9999516693755025 1.2691317435654903
0.9999837989908626 -0.003641220147063342 0.004375302462975769 103.50369862418776 0.0036046614853317274 0.999958768565298 0.00833472164796213 0.5372966577260441 -0.00440547061936269 -0.00831881513278559 0.9999556935901753 1.2841325361620493
0.999992630664074 -0.0033859920225372702 0.0018093301435671819 104.82649484628121 0.0033709573743355573 0.9999602950589717 0.008248936413558082 0.5450574971168292 -0.0018371891371112554 -0.008242776449584552 0.9999643400504223 1.2981569910138016
0.9999931574457901 -0.003676051279608976 0.0004143773510885868 106.14013460553252 0.0036730313154466226 0.9999682811031005 0.007067222132231462 0.564619111620329 -0.0004403436784585805 -0.007065651753393949 0.999974941017396 1.313084276742463
0.9999931784787717 -0.0032393762370436594 0.0017746654666494837 107.50824384010245 0.003229191557652966 0.9999784721946324 0.005712045970810092 0.5671133900511913 -0.0017931307279794684 -0.005706276271224682 0.9999821113866532 1.3384742352405006
0.9999901750913789 -0.0027254733130566 0.0034959284794201725 108.85541315550927 0.0027169432654811144 0.9999933263609024 0.0024424276754520468 0.5721465481631477 -0.0035025619203037056 -0.0024329054394845577 0.9999909064742124 1.3469843508312662
0.9999886761594375 -0.001957553764551271 0.004337687881182521 110.18318581773727 0.0019515045087945837 0.9999971180850903 0.0013983746515131804 0.5877681246397402 -0.004340412773898465 -0.0013898937990837086 0.99998961445216 1.368354290840496
0.999993789031002 -0.0013279700244204213 0.0032647197481772746 111.49993221863049 0.0013251693052765592 0.9999987522588412 0.0008598878259136371 0.5945849613090811 -0.00326585757990925 -0.0008555561787763939 0.9999943010827075 1.3860599649286287
0.9999995465386988 -0.0005272158775895435 0.000793073650565124 112.82234866275151 0.0005255188146836574 0.9999975752270099 0.0021385439149354513 0.6033081134966841 -0.0007941992018484334 -0.0021381261700637428 0.9999973988286713 1.399928009156508
0.9999990487242936 0.0007796089772213017 -0.001137875366854521 114.17619378693718 -0.000773845936595875 0.9999869167986073 0.0050564210744055114 0.5999409050518985 0.001141802511064154 -0.005055535724125989 0.9999865688325859 1.4249243747873228
0.9999966349027158 0.0020103884179309404 -0.0016396712029159337 115.48308352837634 -0.001997515768242514 0.9999674676175466 0.00781496239955534 0.6200810357410134 0.0016553289703998945 -0.007811660832364035 0.9999681184123022 1.437086577739691
0.9999940851524024 0.0034346928287231496 0.00018040338717654572 116.8495170795914 -0.003436149757765 0.9999552389592138 0.008815495043609374 0.6287539329286841 -0.00015011679452524475 -0.00881606279435484 0.9999611264953023 1.4566337663061568
0.9999871838138051 0.004263903653400311 0.002729713129547228 118.14227189399048 -0.004286678703518195 0.9999555931321327 0.008392624706097505 0.6354316783147244 -0.0026938065683910217 -0.008404218547795753 0.9999610555000495 1.4730347610043646
0.9999803972221941 0.0051824360663270145 0.003513904916374823 119.51906561963992 -0.005210965783134278 0.9999531360492906 0.008159138483692534 0.6326344616506484 -0.0034714560273599792 -0.008177289380198167 0.9999605396871631 1.4945398491519108
0.9999772968511976 0.006204733365578822 0.0026281297596648357 120.83536619841612 -0.006227648391003116 0.9999418636795913 0.008802593737276366 0.6296395559143305 -0.0025733592228057386 -0.008818760958750027 0.9999578027484273 1.509772082727201
0.9999682241206438 0.007569681709082724 0.0025001335622311604 122.14197879677185 -0.00759551175791498 0.9999161428456735 0.010488826329288731 0.6260390195716075 -0.0024205268313306333 -0.010507482831476988 0.9999418652373772 1.5246171950678364
0.9999605718280943 0.008689707634414715 0.0018285979490254751 123.51508357651677 -0.008711271558216502 0.999888421519614 0.012135001394890557 0.629952860248864 -0.0017229443025802717 -0.012150452347274241 0.9999246961500086 1.535731601874586
0.9999505153172933 0.009901780876798534 0.0009600271598263523 124.8379030288777 -0.009913388404517547 0.9998669784532588 0.01295183883051981 0.6275824517835594 -0.0008316531854772208 -0.012960715034999055 0.9999156605528092 1.55341288381288
0.9999390671386674 0.011038484709303145 0.0001177504736029718 126.16411241965493 -0.011039053406269215 0.9998418375283191 0.013944146724978873 0.6178284042613558 3.6190400510933653e-05 -0.013944596921986796 0.999902768726509 1.569711382165621
0.9999294457098968 0.011878157759426328 -0.00011388828166824329 127.50790247224482 -0.011875497913471913 0.9998363698860679 0.013645732019832804 0.611356661144384 0.0002759558037901677 -0.013643416774845887 0.9999068861784592 1.5897023024660317
0.9999167305659626 0.012884378628445804 0.0007243767218256939 128.8363925835019 -0.012892683957016678 0.9998329669137684 0.012954419045081074 0.6088687468166145 -0.0005573460870578793 -0.012962679498079223 0.9999158256101207 1.6120858569757608
0.9999046665209574 0.013698255489263187 0.0017365673507992467 130.20619589257427 -0.013717975416346147 0.9998350447914262 0.011903795924135199 0.5985838338063586 -0.0015732196571088392 -0.011926483282083032 0.9999276393701859 1.6287651852063245
0.9998988006806525 0.01406457023836684 0.002139219811699972 131.53113390727236 -0.0140862484739763 0.9998458533980051 0.010480794184811178 0.5810167453560375 -0.0019914821922689344 -0.010509867117381513 0.9999427867092462 1.641371425244755
0.9998991599942418 0.014032109248742087 0.0021839763828698025 132.87166033142157 -0.014052076560459587 0.9998569583199247 0.009412865853043738 0.5645481414517832 -0.002051581621225088 -0.009442606062935236 0.9999533130119583 1.666326329190093
0.9998993490231677 0.013862085280140083 0.0030223194291067474 134.2084443524182 -0.013884620476335076 0.9998749685911411 0.007567331041563728 0.5517571433047705 -0.002917042556009297 -0.007608533140533782 0.9999667999919677 1.6738424646641752
0.9999086782780819 0.013234254355482745 0.0027367162501112396 135.55436385564613 -0.0132505882340528 0.9998939705673021 0.006039001126593015 0.5338214424196507 -0.002656504400677406 -0.0060747127347551355 0.9999780201832236 1.6972903104125847
0.9999236054646695 0.012132775504980497 0.0023619892213277757 136.89627343677793 -0.012144448603549421 0.9999137919678613 0.004992093806019856 0.5244694503203863 -0.0023012176454368302 -0.005020397494033772 0.9999847498868921 1.7152408876082772
0.9999332621822904 0.011058962312677795 0.0033422348884748687 138.22335114249893 -0.011064698377451826 0.999937334759425 0.0017026461856889362 0.5110101258932632 -0.0033231959465221655 -0.0017395133757457423 0.9999929652062142 1.7206369754874526
0.9999436247361594 0.00997243309100896 0.00364663238567765 139.5722047910045 -0.0099766894315981 0.9999495693054893 0.0011508752111673525 0.49332222945178716 -0.0036349714574343485 -0.001187191649056789 0.9999926887525188 1.7402505851278716
0.9999558586479051 0.008681228946971943 0.003594025556522093 140.94152828775864 -0.008681611418078846 0.9999623099761927 9.083095295240616e-05 0.490909926648392 -0.0035931015733152525 -0.00012202887685970017 0.9999935373441355 1.754596103773086
0.9999667410781817 0.007502920286272335 0.0031973308647070616 142.2584714960845 -0.0075019885998913564 0.9999718136942238 -0.00030328885840518686 0.4885810446149134 -0.0031995162958899695 0.0002792924316476436 0.9999948425323052 1.7683102447706698
0.9999758437439709 0.006502584444187487 0.002455264564102765 143.60582967958985 -0.00650076800080693 0.9999785907194636 -0.0007470730319699911 0.47895353078965686 -0.002460069904131281 0.000731093880170724 0.9999967067734798 1.778225024092492
0.9999841860419206 0.005617127190104715 0.0002748603419432278 144.95736123938207 -0.0056164810888040765 0.9999815880936213 -0.0022975234358110367 0.4709655156267009 -0.0002877607626015417 0.00229594335495915 0.9999973229153437 1.7966261291577237
0.9999893112449959 0.004565841261844211 -0.0007283469849794906 146.26774630962635 -0.004569482069863983 0.9999766669155202 -0.005077938374961507 0.48090129073203824 0.0007051449298402581 0.005081212266610794 0.9999868419396974 1.8362088178123772
0.9999919221076421 0.003447791870566824 0.0020660229139161917 147.66186157489955 -0.003416998533678627 0.9998857092107847 -0.014727275276403877 0.46806788130467103 -0.002116563366500408 0.01472009671379207 0.9998894133414216 1.8366587655017905
0.9999911796017358 0.001936632294125102 0.0037269523858277217 148.96329098196242 -0.001850082604007478 0.999731733425681 -0.023087623871707257 0.45734209353480565 -0.0037706648070630878 0.02308052505989475 0.9997264983233526 1.8510203253981248
0.9999989890692852 0.0011168221709268766 0.0008800958163198903 150.28126950764567 -0.0010961543475248585 0.9997315364039775 -0.023144190739554326 0.4259049849848934 -0.0009057074879782915 0.023143202621525746 0.999731749954139 1.8833640773211517
0.9999954658948853 0.0011017362520228582 -0.002802564343988749 151.66210315120878 -0.0011689732972664675 0.9997087765018396 -0.02410385211174969 0.44733855857828786 0.0027751920837117607 0.024107018945232542 0.9997055316174221 1.8917003914111163
0.9999843520268237 0.0021248469263321257 -0.00517500985828564 152.99939529767866 -0.002227936121975635 0.9997975583565207 -0.019996964894096598 0.4488592098023853 0.005131471731393716 0.020008181573521185 0.9997866475743666 1.9197944444166892
0.9999822223602473 0.002943639827420071 -0.005185551853700182 154.361542797522 -0.00304613100176 0.9997979513591858 -0.01986900963549284 0.45146521062070116 0.005126016911901839 0.019884452281660085 0.9997891440239173 1.943289092516174
0.9999924488908605 0.0034125818749758527 -0.0018591520127532138 155.68062815131947 -0.003456852128028481 0.9996974352095243 -0.024353402408371617 0.4540374602405399 0.0017754815191612103 0.02435964532676373 0.9997016831760009 1.958775281511335
0.9999924239932384 0.003842315045494801 0.0006233548095797906 157.0153935072057 -0.003820795263246885 0.999497369378243 -0.031470782156290206 0.4509887244017175 -0.0007439621521368794 0.03146816202232803 0.9995044778785398 1.9770422885500658
0.9999909694525618 0.003873673693200962 0.0017480461790866724 158.3695174290154 -0.003813854770531056 0.999447549224428 -0.033015918298203946 0.4298086286166748 -0.0018749733637879256 0.03300895335212833 0.9994532972948171 2.002285417006456
0.9999905735779712 0.003803237809680672 0.0020947881428116746 159.70312896330597 -0.003726529403890127 0.9993634473414639 -0.035479756148922265 0.42740469620458665 -0.0022283926499141295 0.03547161541215822 0.9993681997973769 2.0212258021265623
0.9999859866750671 0.004844404112442959 0.0021349946810074825 161.06577280618345 -0.004768427408340555 0.9994015839938029 -0.03425983086253192 0.42843027444900444 -0.0022996855315392715 0.03424917020123632 0.9994106792440147 2.029112632974563
0.9999799147599505 0.006078195937816884 0.0017959985589534125 162.41462146377387 -0.006017959867751455 0.9994751743286979 -0.03183017530032092 0.43143243088554434 -0.001988526015014462 0.031818727736358875 0.9994916779691201 2.0360459428700652
0.9999757606471833 0.00696119930228565 -0.00014079190663556125 163.76177388324405 -0.006962401870809728 0.9995784223802036 -0.028186920230717494 0.434295636058987 -5.548221752497666e-05 0.028187217247847358 0.9996026599132007 2.0574094954056594
0.9999700757450694 0.007674178533722748 -0.0009770354306094416 165.11694145923278 -0.007696360395986324 0.9996529727332722 -0.02519325588697883 0.4319465722747461 0.0007833588291520238 0.02520002161436075 0.9996821221066127 2.072129737812386
0.9999687967013604 0.00789797175288225 0.0001663304660995756 166.45241967538416 -0.007891281589430619 0.9996519235450062 -0.025174578996385946 0.42510755977419323 -0.00036510068418473717 0.025172480905934505 0.9996830562265877 2.0886179245467127
0.9999694289995538 0.007819274793172463 2.8311578265684245e-06 167.78527941527096 -0.007816956237094929 0.9996816066357941 -0.02399125985156016 0.4213428588933519 -0.0001904245098184583 0.023990504283707696 0.9997121682978154 2.1005251666076
0.9999709725677383 0.007285867259554308 -0.0022293856121967104 169.1769263437454 -0.007329855086815688 0.9997649548480624 -0.020403634040481913 0.4172365963166887 0.0020802034366852896 0.02041938284884694 0.9997893385897523 2.1291936231860413
0.9999636815909579 0.0066349401046358085 -0.005349118512904829 170.56299299650811 -0.006717066327848378 0.9998575483814456 -0.015484313500852043 0.41914798931917024 0.005245619029675268 0.015519681519067288 0.9998658024787838 2.1539786993375123
0.9999575910558585 0.006464857444682255 -0.006559093533743817 171.9097136009944 -0.0065364305232104335 0.9999186838186715 -0.010949923577393335 0.42388683419809464 0.006487770478346664 0.010992332261874543 0.9999185354145931 2.174868195073463
0.9999622734360033 0.006824649072604456 -0.0053736272419725095 173.30639579154482 -0.0068524357788615885 0.9999631588938419 -0.005169620773875261 0.4228479238203551 0.005338148423980689 0.005206248177421454 0.9999721991892168 2.2064290145876653
0.9999664992111971 0.007549037397272793 -0.003164251835383393 174.69524681918386 -0.007554686387006816 0.999969883828555 -0.0017771183135676149 0.4270010411333405 0.003150741007624122 0.0018009637089681462 0.9999934146587276 2.237260140214644
0.9999712903346014 0.007500284321513616 -0.0010790003005904222 176.04627489191873 -0.007502938679350294 0.9999687837908684 -0.0024773685606497083 0.42652567339871716 0.0010603856497173342 0.002485393109317594 0.9999963491950188 2.248889324690955
0.999977601961245 0.006688114151018595 -0.000254371658742542 177.46063101078553 -0.006689120573316996 0.999968865555414 -0.004186118222624556 0.42171633292709004 0.00022636650249965658 0.004187725984482136 0.9999912058159739 2.2739892651360756
0.9999864374617115 0.005205956990103403 -0.00015134216781806842 178.8644642427186 -0.005206814595472441 0.9999662023223742 -0.006362648405890862 0.41875598740718195 0.00011821337886005151 0.006363350122836547 0.9999797466953074 2.2876760320507543
0.9999875807906761 0.0030441431686996146 -0.003946068521913966 180.20005595423436 -0.003073142443863305 0.999968164688521 -0.007363790124015789 0.412712948808851 0.003923526466191693 0.007375825502225907 0.9999651009601433 2.3102804806820503
0.999964769883056 0.001418359608915583 -0.008273285245083185 181.61484007866602 -0.0014566642084084776 0.9999882403195346 -0.004625727188726398 0.42528953829190114 0.00826662700928595 0.004637615622319055 0.9999550766905626 2.3423838039993923
0.9999550032324555 0.0009974452950636656 -0.00943380163367211 183.01620660400624 -0.0010024051411361323 0.9999993618509967 -0.0005210388972481507 0.4490449417416178 0.009433275905704393 0.0005304719434400609 0.9999553649564584 2.365175219316503
0.9999662495476055 0.0006565623937379143 -0.008189547699303301 184.34716623112786 -0.0006403621996073216 0.9999978335374404 0.001980620276265293 0.46316382669628864 0.008190830357744504 -0.001975309152656432 0.9999645035959036 2.3837821027336292
0.9999867161485775 0.0009709360928134295 -0.005062095365375711 185.79360481447446 -0.000946280169198883 0.9999876897708209 0.004870817247447775 0.45712965020439844 0.005066762302088682 -0.004865962383776306 0.9999753248604957 2.413115989299614
0.9999958807824953 0.001348997461341674 -0.0025335003237657687 187.15083124235187 -0.0013365502986350639 0.9999870609628563 0.004908313373038523 0.4667952587885184 0.0025400888449906745 -0.004904907004013838 0.9999847448016103 2.439774082800721
0.9999966290489494 0.0015211576928195413 -0.0021042742244527556 188.60914621451178 -0.0015126508904199543 0.9999907018385785 0.004038331793058111 0.4725417195888378 0.0021103975980445093 -0.004035135147760004 0.9999896318994099 2.458402712231805
0.9999979693762973 0.001338363579091717 -0.0015066606161540598 190.01989043666597 -0.0013345053121656839 0.9999958355385616 0.002558906232298982 0.4681341706627969 0.001510079088627643 -0.002556890389527445 0.9999955909766213 2.4810456502009006
0.9999984582292182 0.0014741443316377133 -0.0009541685783621798 191.38157707884284 -0.0014743634451654883 0.9999988869107007 -0.0002289755254255041 0.47074873533634604 0.0009538299733144556 0.000230381963670192 0.9999995185661505 2.502611967309293
0.9999979777283793 0.0018579792858810968 -0.0007697091172767992 192.83414634609525 -0.0018595855152005584 0.9999960840545982 -0.002091367299356376 0.4768496687723058 0.0007658203860165473 0.0020927944099690433 0.999997516862264 2.5259935086201426
0.9999976035222472 0.0021892458868156 -1.2337323939536529e-05 194.19817879926518 -0.0021892804359588012 0.9999841166871226 -0.005193594578700376 0.4731066656187469 9.670724127527293e-07 0.005193609142228444 0.9999865131206233 2.546379988019806
0.9999959484326716 0.002452442117670814 0.0014452148286783328 195.66052329259338 -0.0024373771582736885 0.9999436199596344 -0.010335187207328997 0.46678590681536014 -0.0014704797958092213 0.010331622800009954 0.9999455461471332 2.5599053875865745
0.9999946026462904 0.002710892063929242 0.001856271129286513 197.0600318055591 -0.002683929540967491 0.9998930476382606 -0.014376710572670802 0.45974515824213086 -0.0018950463073020677 0.014371650875558724 0.9998949267051035 2.5800608095830433
0.999992112236544 0.0030114587242713237 -0.0025897067492540084 198.4838130588549 -0.0030426774416137657 0.9999217184122167 -0.012136686596674915 0.467963969179238 0.0025529548921624803 0.01214447050766825 0.9999229941637541 2.601300814269586
0.9999657493035885 0.003249083835993021 -0.007612074220569922 199.922274267428 -0.003280827258373449 0.9999859594802792 -0.004161371745705895 0.48358005629837275 0.007598446697417181 0.004186203116421185 0.9999623689475792 2.622539549279724
0.9999546148757109 0.00462289894121954 -0.008330485829038274 201.34700734359905 -0.0045852936646184304 0.999979237586674 0.004527634877419053 0.49854053633480094 0.008351243666529336 -0.004489231666252323 0.999955050753917 2.6428855121613073
0.9999736765390669 0.006050237485652424 -0.004005103657693779 202.80747143975836 -0.006003270580115777 0.9999142701383579 0.011636714141756533 0.5129142250996969 0.004075165184821619 -0.011612364102207886 0.9999242701468317 2.6690122560342835
0.9999730238389684 0.007008966309958339 -0.0021968126036955955 204.24585356466986 -0.006980619029668786 0.9998955395675247 0.012656259752826563 0.5046498040263746 0.0022852904219185896 -0.012640583223659439 0.9999174931480362 2.687957976878619
0.9999773798848156 0.006528255185234826 -0.0016191364784080833 205.70151832258284 -0.006508499882103503 0.9999077699215247 0.011920196300727272 0.4974047041508307 0.0016968052286328572 -0.0119093885149351 0.9999276410406986 2.716586483476571
0.9999854821891507 0.00514935165263986 -0.001587321167567134 207.14650300354813 -0.005135822969180478 0.9999514265519716 0.008412363467306014 0.491724817444359 0.0016305622836278765 -0.008404089137692543 0.9999633556047965 2.73646654887255
0.9999901643898333 0.003940484396782331 -0.002035609567859557 208.57776536664423 -0.003926440660312165 0.9999687779440503 0.006857565225642259 0.4849964661426486 0.002062568140715298 -0.006849505077128243 0.9999744147191283 2.7630537782309608
0.9999899177040161 0.0035218829147168214 -0.0027858268162438094 210.06009531832058 -0.0035021497676262173 0.99996896742166 0.00705685061937662 0.49120481361307955 0.002810593766482984 -0.007047023087382807 0.9999712195999871 2.7796486839215695
0.9999902404373032 0.0034281617435095663 -0.002786886650892844 211.53911061680506 -0.003403986680522059 0.9999569366311588 0.008633525230607796 0.49549753029583954 0.0028163637590722726 -0.00862395444613725 0.9999588469056552 2.8075187985166057
0.9999928139706693 0.003222554694184316 -0.001996784481470882 212.9682829467289 -0.0032032887869414394 0.9999490020977857 0.009577689940174222 0.49825917363111283 0.002027547279327303 -0.009571224837273956 0.9999521392082446 2.826667614556279
0.9999933174141333 0.0028483165997862485 -0.002291772157941581 214.41251185748249 -0.0028264747946423383 0.9999510882447705 0.009477982819893963 0.5088697268298754 0.002318656359141143 -0.00947144184622044 0.9999524566808373 2.852772728092636
0.9999920563064569 0.0026114468796520182 -0.0030112570761232187 215.88817899339995 -0.002583817574069055 0.9999548635913513 0.009143011907792306 0.50681837919683 0.0030349976487105096 -0.009135158739554323 0.9999536677586994 2.8748893151456767
0.9999906038236633 0.0023346774074781904 -0.0036526080802808053 217.35502566367202 -0.0023035219616712147 0.9999611299222376 0.008510724482314169 0.5104318475359255 0.00367233589929082 -0.008502230651115876 0.9999571120918127 2.8987743192960815
0.9999916174037293 0.0017492405610425679 -0.003702064252956602 218.83226626666809 -0.0017144987035893535 0.9999546596782748 0.009366914214453877 0.5086276670732535 0.003718281386448055 -0.009360488511031415 0.9999492765327479 2.9246064694215463
0.999990058917363 0.001606053579414032 -0.004159646421156484 220.30796150793944 -0.0015633580084007074 0.9999462737212242 0.010247223173908774 0.5149127757877567 0.0041758805282907634 -0.010240618288871774 0.9999388440094099 2.95254275498749
0.9999896564343893 0.0015229645704866032 -0.004285744176817072 221.80388428188007 -0.0014816484799536963 0.9999525609752424 0.009627072080128056 0.5211466667176102 0.004300202554988519 -0.009620622535531306 0.9999444743984612 2.9760558263207844
0.9999886527977674 0.0010408755191758628 -0.004648747558201745 223.27534179005295 -0.0009918013679102611 0.9999438945501364 0.010546282850000055 0.5238217377427881 0.00465946410576556 -0.01054155254500846 0.9999335803263074 2.9995551022976086
0.9999884540349536 0.0006718711974085126 -0.004758191450277415 224.77800979814583 -0.00062402145444589 0.9999492963051576 0.010050642568736674 0.5297654550054403 0.0047647029296475005 -0.01004755731081955 0.9999381701875761 3.023698757140297
