1.0 -2.1684043449710093e-19 -2.5135375298442207e-37 0.0 2.1684043449710093e-19 1.0 2.3183291766350204e-18 -8.673617379884035e-19 -2.51353752984422e-37 -2.3183291766350204e-18 1.0 0.0
0.9999996051917989 -0.0005752605321510217 0.000677267721610383 1.3273296131564947 0.0005753941083097035 0.9999998150465057 -0.00019704967556571635 -0.005147294397329037 -0.0006771542414461252 0.00019743929362565135 0.9999997512398984 0.014190926913472833
0.9999992601539638 -0.0006470405596256914 0.0010300631238006621 2.623440015128795 0.0006476885246415298 0.9999995925270339 -0.00062884444906315 0.0025565359774911375 -0.0010296558162135466 0.0006295111438800191 0.9999992717620447 0.02334949003255532
0.9999983865324534 -0.0013303332004357654 0.0012071230532606607 3.9461945310002564 0.0013310064323033728 0.9999989590390047 -0.000557084180507161 0.0020274243918167096 -0.0012063806891118795 0.0005586899702183868 0.9999991162551846 0.04234461964541795
0.9999985941994876 -0.0008635833129860243 0.0014372970848619692 5.279320172421826 0.0008648361681006644 0.9999992464633675 -0.000871281297626511 0.013000389035556727 -0.0014365435778164169 0.0008725230992821107 0.9999985875219977 0.04301812525486972
0.9999977931357295 -0.001191163591171408 0.001730564350120825 6.609836906458676 0.0011932121504741368 0.9999985881374855 -0.0011832023493067736 0.008000341498876518 -0.0017291525192424078 0.0011852646685495255 0.9999978025872011 0.044665623117091435
0.9999967474933951 -0.0008686532023628613 0.0023980083913875756 7.943066977960599 0.0008741740284179276 0.9999969679180314 -0.002302167350958461 0.022704755649917287 -0.002396001335387786 0.0023042561397996256 0.9999944747753575 0.06369782393350688
0.9999967051155134 -0.0008573013915610714 0.0024196678368933995 9.264881023014711 0.0008631309300304756 0.9999967253368087 -0.0024092157762811454 0.027271826302346622 -0.0024175944892586222 0.002411296328343882 0.9999941704264592 0.059628969725748084
0.9999966932013701 -0.001388564565518156 0.002164595752644232 10.590502214131776 0.0013928691657080026 0.9999970530824077 -0.0019884018676863077 0.025489527825530666 -0.0021618283493834494 0.0019914102911218166 0.9999956803822907 0.08311894186998581
0.9999988012152965 -0.0011323340071721147 0.0010561191534579992 11.913865308699872 0.0011332560998095621 0.9999989768824459 -0.0008729058791814944 0.061431458885494866 -0.0010551296519118961 0.0008741016862280608 0.9999990613233893 0.0837637413770236
0.9999991797354087 -0.0012400573852414094 0.00032060285568737113 13.250943385259164 0.001239720130843708 0.9999986802902917 0.001050005558234377 0.055763324222354145 -0.000321904499731703 -0.0010496072391377954 0.9999993973508867 0.0953432705458397
0.9999989657429947 -0.0011716303521934054 -0.0008341434281329822 14.601867974829789 0.0011769524230243193 0.9999787718314179 0.006408640224167037 0.07602707232843015 0.0008266171633927466 -0.006409615343114881 0.99997911654955 0.1079667225482881
0.999999693471154 -0.0006094530751478779 0.0004915531988750364 15.944028248117013 0.0006065821492481291 0.9999828815846175 0.00581967317133823 0.09694667425232616 -0.000495091601973823 -0.005819373220044684 0.9999829447443749 0.11960584879489024
0.9999946901366118 -0.00041116778809548925 0.0032327449066714047 17.278761493621815 0.0003954306320756675 0.9999880770226364 0.004867180619713146 0.08691231907693758 -0.0032347075906167294 -0.0048658764492871855 0.999982929810896 0.14594095195973286
0.9999862915881542 -0.00039032562130917806 0.005221521012147377 18.649116070794964 0.00039135482067043374 0.9999999041956602 -0.00019608690661258372 0.08878814461398216 -0.005221443974159349 0.00019812768599184615 0.9999863485409413 0.16378775412546992
0.9999899659855712 -0.00063725958602129 0.004434166031626021 19.985011067173065 0.0006451053140115611 0.9999982286956848 -0.001768175507857935 0.07741876263650875 -0.004433031390576444 0.0017710182700295882 0.9999886057985747 0.1874779874508932
0.9999987120152579 -0.00048094919660560825 0.0015312268595604262 21.351796743275735 0.00048512034966941844 0.999996169905911 -0.002724854446502166 0.0785304653876352 -0.00152991047826057 0.0027255937662407476 0.9999951152443445 0.17754763397699064
0.9999999256764095 -0.0002012466905473704 0.000328857028598574 22.689562978322716 0.00020155191807535332 0.9999995487462151 -0.0009283771812709952 0.10631954533291268 -0.0003286700473652846 0.0009284433940355562 0.9999995149843145 0.219343981064466
0.9999981774264747 0.0005610812168582018 0.0018249196138646908 24.06004706320199 -0.0005639351467948596 0.9999986183654761 0.0015637276901889253 0.10119535264639752 -0.001824039714257503 -0.00156475397649057 0.9999971122078873 0.1999008132820517
0.9999796748293558 0.0011851199754534924 0.006264616414410946 25.455037856252744 -0.0011966872624254315 0.9999975856019614 0.001843021932501268 0.10812935341752725 -0.006262417087025958 -0.0018504812594330958 0.9999786786983693 0.21855037223167403
0.9999737266303933 0.0014851953216185954 0.007095085889557759 26.825763027139335 -0.001486736146097385 0.9999988723567041 0.00021189844696246424 0.10982615383173132 -0.007094763178249637 -0.00022244140032791915 0.9999748071102932 0.22592640292842472
0.9999745054726377 0.0013893752436390488 0.007004144572059336 28.198463425454186 -0.0013619924348141094 0.9999914175662679 -0.003912770171350238 0.10301501255350741 -0.007009520765462818 0.003903130825204552 0.9999678155762814 0.2616173516385832
0.9999889957541771 0.0014274797610367613 0.004468855791391974 29.54849790949511 -0.0014101054246636166 0.9999914451171633 -0.0038886109574714917 0.11249654288505861 -0.004474368474294602 0.003882266608447125 0.9999824538624351 0.2530468822033954
0.9999947418719134 0.0018580936389924348 0.002657765330873979 30.94744289216825 -0.0018474570799667824 0.9999902976417199 -0.0039989404549553124 0.11052317401370097 -0.002665169950104576 0.003994009320636776 0.9999884723128982 0.287143985868499
0.9999961284805724 0.0024677534025797565 0.0012857748677846529 32.32139882335011 -0.0024659325569515735 0.9999959573175564 -0.0014158125471567032 0.12690164345817873 -0.0012892635460358293 0.0014126364317035409 0.999998171127238 0.27192861724355605
0.9999948043733616 0.0031917816643564534 -0.00045139349706487165 33.7030855595759 -0.0031918564753231674 0.9999948923823867 -0.00016511020410185567 0.12939969244731145 0.00045086419579744514 0.00016655012950740627 0.999999884491259 0.3078219234591174
0.9999942087920852 0.0033941190105813415 -0.00024967665826206514 35.09753745613753 -0.0033941853275976687 0.999994204446141 -0.00026566913937952854 0.1418983762430091 0.000248773498571052 0.00026651504968442253 0.9999999335407351 0.2922124646417848
0.9999951932110281 0.002834211529491495 0.0012572986298619207 36.49301712769777 -0.002834360191463117 0.9999959764100631 0.00011647312883518378 0.1386667672119005 -0.001256963461523185 -0.00012003620615869432 0.999999202816765 0.331393238685004
0.9999939774270155 0.002634983589863463 0.0022587543422541443 37.8958317374131 -0.002636227529976276 0.9999963750378897 0.0005479192370027898 0.14940415551609912 -0.0022573023961571645 -0.0005538705274996992 0.9999972989030176 0.3161010756543444
0.9999938280322554 0.0020323793754313457 0.00286589104298059 39.29069749730869 -0.0020398700244430848 0.9999945049695097 0.0026132280934837936 0.13739062316512907 -0.002860564223941433 -0.0026190580099561883 0.9999924788254466 0.33066873522634416
0.9999910063688476 0.002690691368228168 0.0032783168517152854 40.686349640232756 -0.002708925640450172 0.9999808160139009 0.005570397297084181 0.1591049596748403 -0.0032632657406055075 -0.00557922791556265 0.9999791114381201 0.36118295247169174
0.9999912241010142 0.002414165824730754 0.003423963248327766 42.11518160939075 -0.0024438937544155443 0.9999591254620348 0.008704871539518705 0.16192606811954816 -0.003402808292032603 -0.008713162948843325 0.999956249886541 0.3733793117976493
0.9999909508607749 0.0023009135067745177 0.0035782668427125283 43.50105517710899 -0.0023311020030990044 0.9999615348050935 0.008455464132316636 0.17061238747948984 -0.003558673912352901 -0.008463728922649159 0.9999578496780299 0.36933023452169383
0.9999911237100887 0.0020047455212609264 0.0037058732343528125 44.92750807048264 -0.0020353306320188076 0.9999637491306844 0.00826788084843345 0.18385419554059315 -0.0036891638961252782 -0.008275350137638344 0.9999589534825152 0.3884505729636936
0.9999944228088645 0.001032383966143388 0.0031762453482595395 46.32355500578222 -0.0010578897351877288 0.9999671272098289 0.008038990547935521 0.1696719495559908 -0.003167841611267008 -0.008042305830299062 0.9999626423504319 0.4146162496212534
0.9999931401073361 4.564034517147223e-05 0.003703735307558561 47.757952708256106 -7.347060721448986e-05 0.9999717644111836 0.007514318495644231 0.17453118433808648 -0.0037032877743214633 -0.007514539063907917 0.9999649080654368 0.428557628279217
0.9999892400780389 -0.0009093909318945811 0.004548926937129704 49.15321707484875 0.0008738427824594126 0.9999691156435205 0.007810515854100014 0.18101755657243834 -0.004555889258739716 -0.007806456766587001 0.9999591507185749 0.43973847793021037
0.9999875796360631 -0.0018651889050345257 0.004621865852331905 50.58458879575119 0.0018255325877994987 0.9999616142296993 0.008569568128267186 0.19099703548490155 -0.004637672301844717 -0.00856102432438238 0.999952599305656 0.4558377937781684
0.9999840363773238 -0.003050648580612479 0.004756104892942368 52.03652741300349 0.0030100866462170225 0.9999592387916653 0.008512351823994938 0.19747159821364038 -0.00478187922236951 -0.00849789964819608 0.9999524585362406 0.4587518431421643
0.9999726390221341 -0.004079560501650883 0.006170769256912762 53.44559234417505 0.004020147751218097 0.9999457412151791 0.009610048786797283 0.21404077762904528 -0.006209639213921027 -0.009584978442313674 0.9999347821578632 0.4866753921190203
0.9999650746869344 -0.005131316302905084 0.0065968931591389645 54.90405552689273 0.005078375165437976 0.9999549677314931 0.008017020318543502 0.21474719981194038 -0.006637733953136173 -0.007983238823210606 0.9999461027404722 0.4883905909981879
0.999955078946542 -0.005260507454757355 0.007884614786611358 56.290334434543844 0.005220767624487678 0.9999736085250215 0.005052310249576949 0.23447659057489068 -0.00791098441572915 -0.005010919552868645 0.9999561525441046 0.49773711763306866
0.9999543811780854 -0.005664492629954229 0.007690844296787013 57.7188494105957 0.0056320701160418206 0.9999751894873348 0.004230862320733503 0.2499804323024208 -0.007714619171431326 -0.004187353939447683 0.9999614746169102 0.5176779402003769
0.9999526349388592 -0.005538824019739952 0.008003081113602342 59.17115980761019 0.005517278865714297 0.9999811030280062 0.0027116822841138743 0.26999652271360536 -0.008017949410571828 -0.0026673986148280176 0.9999642980986267 0.5295158838015229
0.9999483560506975 -0.005445290452181377 0.008581028108501476 60.571986815956016 0.005422774341162328 0.9999817985093319 0.002645027124006947 0.26553984122842367 -0.008595274861942552 -0.002598357545312677 0.9999596840813706 0.5452852297702944
0.9999448502105989 -0.0048710757432866994 0.009304254854974377 62.03415152643936 0.004864088790673304 0.9999878711549238 0.0007734230924401999 0.28226881177005286 -0.009307909407573575 -0.0007281237165738853 0.9999564153793473 0.5437233603205469
0.9999464724575248 -0.004764643101293752 0.009184247158590363 63.44022229714573 0.004780281251684074 0.9999871606269236 -0.0016815149294503754 0.27383773748733325 -0.00917611742010634 0.0017253282065916086 0.9999564101057965 0.5554287314997425
0.9999584369327591 -0.004101766150103514 0.008142476370433327 64.8504507113909 0.004121775421688688 0.9999885234044307 -0.0024421357045137115 0.29771520139460733 -0.00813236585295836 0.0024755956608385464 0.9999638673730954 0.5668758714270747
0.9999615458543285 -0.003226206994642835 0.0081546551766133 66.2987719536196 0.003247184441007845 0.9999914497268492 -0.0025605207283835307 0.31144213448079844 -0.008146324682200253 0.0025869019351577294 0.9999634719991276 0.576297390231228
0.9999643835679916 -0.0028491190334583865 0.007944439326980206 67.67570492665769 0.002856221936943481 0.9999955312584338 -0.0008828699847336133 0.3141279774481259 -0.00794188842365639 0.0009055296219372671 0.9999680527018702 0.586653552796269
0.9999514263250378 -0.0021608456432416264 0.00961643055550003 69.14681922081738 0.0021394652229395194 0.9999952180677038 0.0022330540265368118 0.3366421761344247 -0.009621209855444547 -0.0022123715401540485 0.9999512676791233 0.5992232347300557
0.9999421108692867 -0.0013112470499907726 0.010679678901955137 70.50780969513356 0.0012543493918068002 0.9999849948098607 0.005332613123615922 0.35045398777808445 -0.01068651102456967 -0.005318908374542407 0.9999287513097245 0.6066473944120315
0.9999301376817785 -0.00040300734788935614 0.011813438990281507 71.95874353804304 0.00028993406098406246 0.9999541478979597 0.009571731290939895 0.37389368231952974 -0.011816754797313747 -0.009567637469261876 0.9998844056286291 0.6239991542051608
0.9999350531717708 -2.764224233873456e-05 0.011396871249359052 73.32275265896033 -0.00011896298163108434 0.9999172642139721 0.012862759216226313 0.37693215685440246 -0.011396283875765375 -0.01286327962659803 0.9998523194707661 0.615927039441111
0.9999387633497442 0.0006539480317742623 0.011047257693920644 74.71086743210914 -0.0008382199631086388 0.9998604619290529 0.016683946125375475 0.39090135458213504 -0.011034805747161864 -0.016692184488338358 0.9997997819759362 0.6252658699982112
0.9999383955727071 0.0014660747944999699 0.011002530807837564 76.16309704990039 -0.0016612817832401137 0.9998410070943289 0.017753891839109998 0.4059192068995968 -0.010974752950165092 -0.017771076424771628 0.9997818480250518 0.6238462657144385
0.9999333303151043 0.0017924090738863584 0.011407111582526233 77.53285588702636 -0.0020026305659254133 0.999827883349023 0.018444325648530754 0.4110869922315985 -0.011372088452029184 -0.018465940201475746 0.9997648146722882 0.630449717339111
0.9999295828218793 0.001754017996361676 0.011736814667142357 78.92751956323394 -0.0019641148581041397 0.9998376173874296 0.017913154659413635 0.40628663966944223 -0.01170348881686923 -0.017934945717685828 0.9997706567366423 0.6517018793635153
0.9999430291156522 0.0014553792729201011 0.010574516262493032 80.31676820624409 -0.0016343137038370517 0.9998553009949849 0.0169323976726704 0.40932152788053006 -0.010548343079897689 -0.016948715095840103 0.9998007169005575 0.646255295798277
0.9999410931760954 0.0012911701326546298 0.010776968844904238 81.70633087066919 -0.0014706986294049148 0.9998600098349416 0.01666726667489875 0.4148631860945276 -0.01075393989833319 -0.0166821345324651 0.9998030101795573 0.66479911799509
0.9999358156277021 0.0009560726926862004 0.011289399894087894 83.08906127777013 -0.0011351019359547596 0.9998735394647141 0.015862427995094356 0.4271387434157113 -0.011272806596288421 -0.01587422449478592 0.9998104484491708 0.6635792279139207
0.999944805503205 0.0007287968726531072 0.010481164166063976 84.4570957733383 -0.0008996000164827836 0.9998667295945125 0.016300729118180243 0.43985549463673823 -0.010467887416662288 -0.016309258263095722 0.9998121980791892 0.6671836618667932
0.9999447250316589 -8.765630082597912e-05 0.010513762301530104 85.86101974423747 -7.57820559935551e-05 0.9998791853270262 0.015543777109901596 0.4426595394349331 -0.01051385459477824 -0.015543714682637383 0.9998239103939377 0.6563069570621982
0.9999366771165511 -0.0012473923089955726 0.011184174960082565 87.21886213593737 0.0010698987891320114 0.9998736178131481 0.01586202124029583 0.44969451093701535 -0.011202547642893246 -0.01584905087612633 0.9998116375161047 0.6707779541197801
0.9999192005065475 -0.0023952421379621887 0.012484200953508016 88.60403380280675 0.002213251503124616 0.9998913854888334 0.014571161347162739 0.45362969265790826 -0.012517746447781915 -0.01454235332818121 0.9998158960446405 0.6749938737411717
0.999907363222264 -0.003439010866301133 0.013169592938311032 89.9875957889778 0.0032816999053503883 0.9999232343141677 0.011948051072254032 0.4575069331519298 -0.013209671442945593 -0.011903725591403316 0.9998418904493921 0.6893798553801087
0.9998987378690931 -0.004332366776498773 0.01355524274620937 91.36289478429612 0.004181853684524557 0.9999295109376553 0.01111239199015936 0.46747491530408924 -0.01360243020772393 -0.011054580683844102 0.9998463732685879 0.6918361145895551
0.9999028122712655 -0.004698393846372838 0.013125970717574341 92.73462698278507 0.004565574582920265 0.9999382621380589 0.010130520275196517 0.4778910131073087 -0.013172757522327877 -0.01006960811465576 0.9998625312770126 0.6998836756862309
0.9999018782313367 -0.0048447564451829525 0.013143905219983721 94.05746378551139 0.004732173074111209 0.9999519676116203 0.008583065166104128 0.4907517427598584 -0.01318485674710628 -0.0085200237461988 0.9998767767819805 0.7116092443230222
0.9999041111078905 -0.005228254545832603 0.012823179946621547 95.4336058644948 0.005124928270711686 0.9999542439847295 0.008077440631049527 0.5062315605799171 -0.01286482412470207 -0.00801094821678747 0.999885153909642 0.7083353510262215
0.999913226870351 -0.004957496686273381 0.012204997186700588 96.79000220298514 0.004863007875507244 0.9999580708905725 0.007759356623297834 0.5120471186212742 -0.012242952426785596 -0.0076993303222001 0.9998954097446717 0.7093255985467102
0.9999216778179013 -0.004782314812437786 0.011565798496769485 98.12628740548784 0.0046796562925206335 0.9999495608479069 0.008886876676433675 0.5300233712716997 -0.011607714969666044 -0.008832056675146903 0.9998936222059175 0.7157815503661938
0.9999208201842529 -0.004452431472328865 0.011769843500885861 99.49464838193751 0.004327646082165642 0.9999343855100772 0.01060642041274886 0.5497498854648232 -0.011816295588662554 -0.01055464488122053 0.9998744794372906 0.7163211513672314
0.9999053918507643 -0.004474903915198891 0.013007020516601402 100.84129228958456 0.0043345705442027 0.9999323127308501 0.010797289239924868 0.5530879274290098 -0.013054456938796132 -0.010739887880374017 0.9998571077720807 0.7169699049518367
0.999882220037091 -0.0042965317047215 0.014733834158440885 102.1716577853798 0.00413196285640815 0.9999289450210127 0.011181761583826326 0.5782480655944242 -0.014780830039323904 -0.01111956494088657 0.999828926536372 0.7188209024765808
0.9998949074232713 -0.004150003455382614 0.013890701218013024 103.51178084733439 0.00400320672648388 0.999936025814225 0.010579159454255188 0.5858572112470438 -0.013933716120002963 -0.010522440314576989 0.9998475532824558 0.7318271128289362
0.9999243617388425 -0.004044255432483062 0.011615282999801088 104.83990237352678 0.003922592682664656 0.9999374091881668 0.010478118757800067 0.5935035459650562 -0.011656932178516896 -0.010431764187014924 0.9998776396280356 0.7324336671023367
0.9999358933473415 -0.004149933356440879 0.010535048589887174 106.16893081029276 0.004053446253345596 0.9999497980486131 0.009163566773329052 0.605295559228721 -0.010572547901306616 -0.009120276074501308 0.9999025161460489 0.737355994944876
0.9999263568407375 -0.003776176606707369 0.011533489734036227 107.51805508462881 0.0036822749831940923 0.9999599915708255 0.008152061617961708 0.6136069916486053 -0.011563811921607249 -0.00810899179367309 0.999900256278561 0.7427375026785566
0.9999034485199935 -0.0032368431100691674 0.013513566683363348 108.84196412414283 0.003170023724054401 0.9999826590907904 0.004963110647690931 0.6231385845567118 -0.01352939715633488 -0.004919793125029606 0.9998963701545242 0.7343497216033461
0.9998875947500332 -0.0024376578498812784 0.014793771973376167 110.19897340519654 0.002385385706354463 0.999990853654754 0.0035500058969161813 0.6375573662583877 -0.014802290364171952 -0.003514318005407596 0.9998842641870765 0.7505583847157243
0.9999049198407249 -0.0018083651405083417 0.013670445999745802 111.50023563585393 0.0017656053205670885 0.9999935136191496 0.0031393243667492366 0.6393575820643344 -0.01367603437277623 -0.003114889267096754 0.9999016269357144 0.7519557368705658
0.9999337371797973 -0.0009889224183997555 0.011469231974912656 112.8421531562173 0.0009410445452617248 0.9999908247048723 0.004179107707763829 0.6529699799547968 -0.011473259554625513 -0.004168037730112848 0.9999254931126981 0.7551562895218349
0.9999554121469306 9.893898429507543e-07 0.00944318363070552 114.19358753715947 -7.24475154496651e-05 0.9999713685409579 0.007566825601365167 0.6524591767699779 -0.009442905772039776 -0.00756717234804903 0.9999267820361826 0.7643047167093915
0.9999589921996903 0.0014528199040230844 0.00893886085059443 115.49888561715154 -0.0015452438419442892 0.9999453327363647 0.010341361623597174 0.6697244403074909 -0.008923348051530248 -0.01035475026678816 0.9999065721388493 0.7572047262922793
0.9999310952855496 0.0029175503166802134 0.011370689565314366 116.87116107056751 -0.0030416433113810244 0.9999358423860825 0.010911439758434081 0.680506814599762 -0.011338125374480602 -0.010945273490655412 0.9998758162398005 0.7675179619290101
0.9999047517869077 0.0036343184272409953 0.013314619165849327 118.16531710074241 -0.0037872546211271322 0.9999269398278696 0.011479185899123745 0.6830905984225968 -0.01327192738063831 -0.011528518380143512 0.9998454626628865 0.7580258641917579
0.9998846300635017 0.004671958412199559 0.014453351423423669 119.53602392634285 -0.004830335833341685 0.9999284633030763 0.010942400654593627 0.68133606950201 -0.014401195037615472 -0.011010952771817411 0.9998356687478925 0.7691831221186449
0.9998874803431941 0.005591658265504685 0.013919770500280983 120.85698221033775 -0.0057470762064097385 0.9999213165566189 0.011150417514863419 0.6815213934945581 -0.01385632592054613 -0.011229160855552252 0.999840941439419 0.772621735494955
0.9998802624058265 0.006963020377026204 0.013819450006595771 122.16195101785047 -0.007139146861421546 0.9998933990894638 0.01273668086312894 0.6759994954206837 -0.013729291072256315 -0.012833814886745792 0.9998233842844976 0.7715369252875699
0.9998784570396311 0.008123478679502917 0.013307150040123809 123.53513733093368 -0.00831772013096427 0.999858714816793 0.014607050925294861 0.6833360524056515 -0.013186609870230378 -0.01471596069085764 0.9998047578507894 0.7669131518590295
0.9998748382368108 0.009348715331248307 0.01276359598885883 124.87257798704798 -0.009543653699969575 0.9998374242267775 0.015298489782266016 0.6857331609696193 -0.012618499711399426 -0.015418386336394724 0.9998015037135197 0.7679114073235974
0.9998733323754537 0.0103385752620982 0.012100953101124247 126.20277997557686 -0.010530935775128253 0.9998174588185798 0.015942033535836987 0.673835942187113 -0.011933926265307713 -0.016067448556244344 0.9997996891881826 0.762108746769705
0.9998688217317968 0.01124282500735784 0.011659254458253375 127.53770768626543 -0.011427756011468398 0.9998079953217519 0.015917879357567707 0.671765072305929 -0.01147805389474714 -0.01604903039294466 0.9998053225014536 0.7712790796381989
0.9998447619581415 0.01222748622332656 0.012686235277872819 128.86408255680848 -0.012422106437416397 0.9998045945300864 0.015377386910230531 0.6647085884487232 -0.012495729531511308 -0.015532589519709532 0.9998012779579187 0.7712150997521331
0.999821811518768 0.013065409817701847 0.013624987252274434 130.24014232542117 -0.013272284952200133 0.9997963024191345 0.015205266231604923 0.6546477212866536 -0.013423548840628642 -0.015383391541590664 0.999791558076583 0.7763634853609827
0.9998081141046312 0.013402403330937765 0.014286726549335368 131.56425929881513 -0.013592865922726727 0.9998189059860024 0.013318754782635552 0.6344555679056332 -0.014105635985214925 -0.013510396659908665 0.9998092319115405 0.7707579633827762
0.9998037918313188 0.01343234575740639 0.014558500168981508 132.91307752439863 -0.013613674052998313 0.9998300863803223 0.012428445095661572 0.6234850619833773 -0.014389083309768852 -0.012624201209210834 0.99981677512699 0.7810550281924897
0.9997963059644529 0.013299377745888371 0.015181341554891571 134.23520344308403 -0.013451335447376724 0.999860003176254 0.009951664336352462 0.6100167607154547 -0.015046865272084247 -0.010153846559479427 0.9998352320485262 0.7638349169110069
0.9998000710946091 0.012753375493610672 0.015400300410493327 135.5674150648928 -0.01288738944174228 0.9998796741538757 0.008634373591425718 0.591859040242329 -0.015288329947752297 -0.0088311169994747 0.9998441270217825 0.7790669973406757
0.999822097259194 0.011563930562120519 0.014901320148944375 136.91543582094567 -0.011688388593142914 0.999897304403039 0.00829229881468692 0.5832824804958554 -0.014803898281282778 -0.008464996012451898 0.9998545836461353 0.7768257464594857
0.9998127141176912 0.01061836008835702 0.016179836762150946 138.25474734963345 -0.0107338303572789 0.9999174204411673 0.007066624664097598 0.5728081372246944 -0.01610346467307649 -0.007238972808075831 0.9998441257007049 0.7805572160825531
0.9998167109080562 0.00949003808564964 0.016627801001010516 139.59720865346938 -0.009593929136835872 0.9999348833841405 0.00617944295730012 0.5501174860076572 -0.01656807510586727 -0.006337836277316862 0.9998426529802618 0.7834823658135647
0.9998246705081897 0.008235167057377462 0.016816963659569487 140.95442322459058 -0.008317575588814624 0.9999537131378946 0.004836271090578147 0.5528498415358518 -0.016776357754725867 -0.004975299516038397 0.9998468883860224 0.7816369040234743
0.9998411076190891 0.007042951223818459 0.01637548024004509 142.27924222027363 -0.007109329215471997 0.9999667328668594 0.003998824537905353 0.5493175889955199 -0.01634677194859063 -0.004114607835241617 0.9998579164307413 0.7678149832037509
0.9998546570387851 0.006012609200992637 0.015953473867773803 143.62907110903652 -0.006072957584173568 0.9999745765798206 0.0037370282564499046 0.5402472579527754 -0.01593059898542524 -0.00383336987581618 0.9998657516343686 0.7581833167404612
0.9998896931217875 0.005401509513481151 0.01383565263344697 144.97979586725393 -0.005421804736162907 0.9999842797438646 0.0014297896864135474 0.5340596251996951 -0.013827712110850331 -0.0015046461777526664 0.9999032605295671 0.7627717879384708
0.9999085815746885 0.004193007165710672 0.012854850609893718 146.28095261615803 -0.004173735722377478 0.9999901261603273 -0.0015256185540581029 0.5398097976474519 -0.012861120612689085 0.0014718263352159256 0.9999162091414585 0.7756420668594565
0.9998662152290225 0.0034377631327786 0.015991667462553847 147.65529158381648 -0.0032646588581704055 0.9999359357217916 -0.01083819425572412 0.5357545987147915 -0.01602790211255873 0.010784536931549266 0.9998133826455027 0.7659035431676079
0.9998451513502176 0.0019573284349475124 0.017488344314373322 148.98275250180134 -0.0016412746079896357 0.9998354066311264 -0.018068366401846454 0.5191495297262704 -0.01752083157619798 0.018036865364246396 0.9996837959818647 0.763566907321358
0.999894021280514 0.0010619960993817105 0.014519585798773122 150.2848762543884 -0.0007730251051255698 0.9998018099316535 -0.019893297604384755 0.4881507691115631 -0.014537834765530997 0.01987996533383981 0.9996966731657435 0.7710883685595893
0.9999328092536648 0.001061486740759621 0.011543406081964788 151.68253064554196 -0.000841256269443747 0.999817861687677 -0.019066613180388065 0.507680705301176 -0.011561542542544732 0.0190556211176812 0.9997515761617264 0.7746795928775349
0.9999555471989043 0.0020511964015078273 0.009203054898360031 152.9899053935175 -0.0019048434880761635 0.9998720375900584 -0.01588332511757651 0.5133750742007173 -0.009234457072601565 0.015865088680090775 0.9998314976853585 0.7715475888860628
0.9999504892882566 0.0029502034120853053 0.009503434747698903 154.36443543232343 -0.0027968279623151212 0.9998662815196719 -0.016112008980055863 0.5172720662183715 -0.009549697666715052 0.01608463179098324 0.999825028639823 0.7780143546979962
0.9999174784817154 0.003370326687444671 0.012396657807174609 155.692971736789 -0.0031309419811936623 0.9998092327668222 -0.019279400315588856 0.5188806640822151 -0.012459270808465641 0.019238996133848222 0.9997372792882554 0.7712244891991965
0.9998767557136828 0.003923422029834515 0.015201320437917587 157.03330228719548 -0.00349646662734556 0.9996014657634221 -0.028012218133201493 0.5151954214745055 -0.015305165945010215 0.027955614877766738 0.9994919887083646 0.7551223384672698
0.9998573975614548 0.004034563730595575 0.016398379100958926 158.3832397582753 -0.0035440803596335463 0.9995486956360918 -0.029830262261531994 0.49891711841988073 -0.016511330535104177 0.02976789122008952 0.9994204563727267 0.7624073870119948
0.9998514646356913 0.0037929204959132254 0.01681256732253035 159.71233606703248 -0.003270305309847935 0.999513909658932 -0.031004023956522995 0.48634230132364836 -0.016921990693866795 0.030944436534342527 0.9993778505042668 0.7754092159393949
0.9998428154873016 0.004929350473250587 0.017030731702947444 161.07684543590722 -0.004414041255892842 0.999535221991097 -0.030163823348502098 0.4912679313450504 -0.017171504250274375 0.03008390771027309 0.9993998688906571 0.754698217692848
0.9998416603239623 0.006070231786085782 0.016727419606305898 162.4181464820729 -0.005597791538545944 0.9995881212084388 -0.028146983299715597 0.49011484691350227 -0.016891388649640876 0.028048889907564597 0.9994638266412846 0.7408032257683314
0.9998608251593283 0.007026527502372153 0.015131365535390816 163.76825980224774 -0.006641486758828866 0.9996566216982645 -0.02534816262463662 0.499826841832466 -0.015304279314606947 0.025244140034295717 0.999564161236581 0.7349907573513242
0.9998636881421051 0.007660558091901273 0.014626037897798256 165.11635273549194 -0.007308024435326771 0.9996850948902344 -0.024006329022905143 0.4991589136780883 -0.01480533396178187 0.023896169233245668 0.9996048095033637 0.7227114929478483
0.9998445117996185 0.007932229045670425 0.01574903065428051 166.46349367506312 -0.007563934264186001 0.9996997014753316 -0.023308662951357247 0.5001246546083954 -0.01592919089688857 0.023185914096708015 0.9996042588268973 0.7139191902663444
0.9998436652193003 0.007673380847687148 0.015929982649147627 167.79434323284005 -0.007317360299498034 0.999724805255475 -0.02228833764886822 0.4910550457555531 -0.016096625704883814 0.022168287783881163 0.9996246623896631 0.7049686844059527
0.9998797382495168 0.0072732836596287745 0.01369702094925479 169.18347679075583 -0.0070099599722057565 0.9997915538397165 -0.01917574853697512 0.48918658866423687 -0.013833636516325727 0.0190774268592965 0.9997223025846539 0.7145963392547863
0.9999155988949562 0.006566723953542103 0.011210406908721321 170.59196639005745 -0.00638485902958739 0.9998486720414517 -0.01618229254827393 0.49101229313336364 -0.011314975108829305 0.016109349877124216 0.9998062113153843 0.709910481396488
0.9999346242825867 0.006171204391933728 0.009626182898479007 171.94853829277014 -0.0060704721263590364 0.99992687923773 -0.010458754517497719 0.49238269312689936 -0.009690022136460258 0.010399635293949439 0.9998989704248864 0.7092026480242283
0.999921269011916 0.006510115654681595 0.010727263013567634 173.29778472420847 -0.0064428154881501914 0.9999594218508482 -0.006296410112380869 0.4951409359307285 -0.010767818079129982 0.0062268006135020645 0.9999226375314916 0.7169715285656977
0.9998874443831607 0.007228257229688976 0.013147275852175715 174.68068068053526 -0.007194450278569269 0.9999706954702106 -0.002616884791660081 0.5074131825664863 -0.013165806093853434 0.002522002824161046 0.9999101464890003 0.7273112761583914
0.9998524648354865 0.007220931966632349 0.015585464508170393 176.08651940609596 -0.007212457578371726 0.9999738099586282 -0.0005998770754727195 0.5036362774468539 -0.015589387995760455 0.00048737907090530466 0.9998783593235523 0.7260213598043633
0.9998376560085578 0.006278971448194186 0.016888935575271786 177.48951917110813 -0.006220214190532248 0.9999744260833318 -0.0035293221353719147 0.4979403850911905 -0.016910664171960247 0.0034236963744010826 0.9998511427909652 0.7183504356868823
0.9998466850863136 0.005015230673593373 0.016776584372296555 178.88662177756476 -0.004922011951655405 0.9999722447878252 -0.005593161212183238 0.49690442149079644 -0.01680416972831143 0.00550972914836636 0.9998436191547425 0.7091196031172843
0.9999096956992227 0.0028822100014889948 0.01312605470790875 180.224858973567 -0.0027726579989214174 0.9999612381105686 -0.008356712511488923 0.4933390431051359 -0.013149631717607675 0.008319563803828613 0.9998789286927718 0.7002576177873234
0.9999580778602956 0.0011043577997954428 0.009089714835624204 181.63953253903216 -0.0010547362538592235 0.9999845265321786 -0.0054620717359960165 0.49759795141529894 -0.00909560626773888 0.00545225550248725 0.9999437698473639 0.7099937750863353
0.9999636568459518 0.0004058780074318296 0.00851588223937634 183.03432118271047 -0.00039237653540563747 0.9999986636446022 -0.0015870569190476536 0.5194225245313151 -0.008516515010631127 0.0015836578080245525 0.9999624797961276 0.7137026035125925
0.9999532377602246 0.0001425239680958876 0.00966964217343479 184.36025026507502 -0.00015596356793306807 0.9999990229881042 0.0013891357754618379 0.5410605324026959 -0.009669434740936416 -0.00139057892825563 0.9999522830225626 0.7046608049543982
0.9999218744282619 0.0005145482168162389 0.012489206540199785 185.8112228641569 -0.0005698383163322837 0.9999900522539109 0.004423875847433194 0.5385374676813929 -0.012486806003315557 -0.004430647058030509 0.9999122206686358 0.7078874664282551
0.9998852900471105 0.0009680745209963738 0.015115210191308619 187.17663952259005 -0.0010633458636763878 0.9999796130745119 0.006296247368358532 0.5518680192964418 -0.015108806801989515 -0.006311597822355055 0.9998659348582434 0.7204154675105859
0.9998758687941888 0.001205569892959415 0.015709665951239165 188.6288538109871 -0.0012700540738232195 0.9999908072248517 0.0040954155392496985 0.5568140894283147 -0.015704584226139143 -0.004114859295620285 0.9998682082991044 0.7052230428720979
0.9998642132001091 0.0010405247910595821 0.016446047241998298 190.04901190218018 -0.0010959255378670465 0.9999937547124901 0.003359982623735052 0.553284544828099 -0.016442448386487344 -0.0033775500256163597 0.999859109098318 0.702816846786284
0.9998516931598237 0.001375991288326356 0.017166779937083345 191.39700149055682 -0.001377056801496597 0.9999990505944122 5.0247781135812766e-05 0.5626212799540058 -0.01716669449833745 -7.38799601183226e-05 0.9998526387132017 0.6995403944180354
0.9998479290774716 0.0015734294379669445 0.017367873770124546 192.85501852372403 -0.0015591716608249334 0.9999984363468873 -0.0008344384412756434 0.5615833689684618 -0.01736915954280234 0.0008072320508609226 0.9998488189087351 0.6987803991414889
0.9998341032127069 0.0019821823141473404 0.018106269801254193 194.22505018913355 -0.0019090398811137637 0.9999899521224188 -0.004056010470270633 0.5553031053686617 -0.018114127623891942 0.004020772000015587 0.9998278410671255 0.6836437775188685
0.9998026808338444 0.0024614317789271602 0.01971143706216093 195.6700302604046 -0.002283323162464183 0.9999564119199505 -0.009053214650828645 0.5593281475216395 -0.01973286174870737 0.009006420697253227 0.9997647215987522 0.6736096776868951
0.9997869030376735 0.0028346477719269386 0.02044781862074223 197.08249588040792 -0.0025780623739157494 0.9999177492972559 -0.012563766740374176 0.5499299297494563 -0.0204817506266887 0.012508373688031631 0.9997119777610682 0.6735368002289644
0.9998519746120134 0.002831872459423821 0.01697083860129889 198.49767437927437 -0.002652057436773561 0.9999402094130938 -0.010608684661648325 0.5498391783324729 -0.01699986634682266 0.010562106668264397 0.999799703164048 0.6697970646249409
0.9999242373691584 0.0029912548126053646 0.011940348250904757 199.93628978378527 -0.0029392037064928443 0.9999861126145957 -0.004374432479850058 0.5676881519200291 -0.011953267472894505 0.0043390059455010715 0.9999191429431313 0.6664847411375188
0.9999299947040368 0.004137920803029613 0.011085274133414924 201.38577640071253 -0.004204762600644164 0.9999730798670894 0.006013278024518564 0.5723738907941655 -0.011060093248129845 -0.006059468009304818 0.9999204754303149 0.6546714568025171
0.9998763167910366 0.005308877007949586 0.01480428807153272 202.81393072719123 -0.005486013725521748 0.9999135420427608 0.01195040136997264 0.5920976494162916 -0.014739564911958856 -0.012030139833539809 0.9998189940993277 0.6432598820845078
0.9998365761049188 0.006297803191322522 0.016945759285326392 204.24243522635533 -0.00652920669902884 0.999885720977482 0.01363504474588887 0.5904030137355939 -0.016857951912204953 -0.013743458818812776 0.9997634354171098 0.6357457182507309
0.9998308816154154 0.005716585136328819 0.01747938278430758 205.71895097507272 -0.005958850374044695 0.9998864732884806 0.013839531673593218 0.5830144638939111 -0.01739828354640167 -0.013941348180995513 0.9997514383788279 0.6354868878631199
0.9998288186142167 0.004540601865210349 0.01793645458839172 207.14469059086755 -0.004715577450138165 0.999941591302924 0.00972508672906362 0.5755017636623937 -0.01789124919650773 -0.009808002716032922 0.999791831475388 0.6328240621112383
0.999840677181259 0.003426927623475599 0.017517888593805986 208.58663307542554 -0.0035631551957403993 0.9999636107826906 0.007751195746124779 0.5711088404774988 -0.01749068834473378 -0.007812379759531314 0.9998165044365492 0.6241116631519605
0.9998502008006779 0.0029338053272339893 0.017057805988637296 210.07079378285508 -0.0030706414808393365 0.9999632748357418 0.008001258693150333 0.5747866368445375 -0.017033705402531938 -0.008052438517645349 0.9998224898021544 0.6138486072938472
0.9998502406831126 0.00280055935609425 0.017077853296449688 211.5357435272673 -0.002951619212097315 0.9999566887349963 0.00882658473977617 0.5842612860541698 -0.017052394258544535 -0.008875670196366273 0.9998152020891743 0.6084142629034641
0.9998411595110399 0.002612343531409395 0.017630411478266713 212.98012412215206 -0.002794182737926398 0.9999430783689253 0.010297211511098006 0.5853146371883443 -0.01760250807260628 -0.010344838488401772 0.999791546286626 0.5909783526713676
0.999839918520843 0.0022251312212167086 0.01775348200445004 214.42087694479554 -0.002401829958425605 0.9999477343099206 0.009937799621000469 0.5974539938154548 -0.01773044119825488 -0.009978849608282232 0.9997930055843611 0.595508339318165
0.9998491278071693 0.0019906657350896003 0.017255691037277688 215.89247916563707 -0.0021714179470416 0.9999429085327407 0.010462534070782672 0.5960874387970879 -0.01723387847648088 -0.010498424882531797 0.9997963675207285 0.5935961958875006
0.9998568899107807 0.0016670570760207966 0.01683510079109689 217.36134263153454 -0.0018367060288657217 0.9999476429745168 0.01006666879717764 0.6024260241168191 -0.01681743764384546 -0.010096149286427504 0.9998076022718979 0.5822791596002108
0.9998570565344498 0.001049375143336243 0.01687499066887367 218.81579909861048 -0.0012119669755454108 0.9999529177859132 0.009627738441028174 0.5962564748355277 -0.01686409304754373 -0.009646814150133314 0.9998112528584766 0.5800121253648233
0.9998615024051779 0.000772310962185934 0.016624666728636515 220.30499752161455 -0.0009764300038204789 0.9999242013864602 0.012273470010450751 0.6036849968737991 -0.016613927666514792 -0.01228800298777154 0.9997864683971595 0.5822859762338237
0.9998632691007456 0.000786993400088259 0.016517377048371744 221.80007406467408 -0.0009473374726556304 0.9999524855431594 0.009702020808599119 0.6145212502252008 -0.016508956807828972 -0.00971634177279728 0.9998165066889382 0.5623366725598934
0.9998654860023345 0.00030004466960455867 0.01639877661630894 223.2833323119636 -0.0004925562456197176 0.9999310023230992 0.011736608601597946 0.6165511962155523 -0.016394123631968256 -0.011743107183298797 0.9997966453954631 0.5631629361038655
0.999865675055264 -6.397164595429648e-05 0.016389867415867312 224.76311862796146 -0.00011443636919446409 0.9999407599488872 0.01088409376841666 0.6217327844981302 -0.016389592752676947 -0.010884507360041365 0.9998064356408848 0.5479394399433937
