1.0 -2.1684043449710093e-19 -2.5135375298442207e-37 0.0 2.1684043449710093e-19 1.0 2.3183291766350204e-18 -8.673617379884035e-19 -2.51353752984422e-37 -2.3183291766350204e-18 1.0 0.0
0.9999996051917989 -0.0005752605321510217 0.000677267721610383 1.3273296131564947 0.0005753941083097035 0.9999998150465057 -0.00019704967556571635 -0.005147294397329037 -0.0006771542414461252 0.00019743929362565135 0.9999997512398984 0.014190926913472833
0.9999992601539638 -0.0006470405596256914 0.0010300631238006621 2.623440015128795 0.0006476885246415298 0.9999995925270339 -0.00062884444906315 0.0025565359774911375 -0.0010296558162135466 0.0006295111438800191 0.9999992717620447 0.02334949003255532
0.9999983865324534 -0.0013303332004357654 0.0012071230532606607 3.9461945310002564 0.0013310064323033728 0.9999989590390047 -0.000557084180507161 0.0020274243918167096 -0.0012063806891118795 0.0005586899702183868 0.9999991162551846 0.04234461964541795
0.9999985941994876 -0.0008635833129860243 0.0014372970848619692 5.279320172421826 0.0008648361681006644 0.9999992464633675 -0.000871281297626511 0.013000389035556727 -0.0014365435778164169 0.0008725230992821107 0.9999985875219977 0.04301812525486972
0.9999977931357295 -0.001191163591171408 0.001730564350120825 6.609836906458676 0.0011932121504741368 0.9999985881374855 -0.0011832023493067736 0.008000341498876518 -0.0017291525192424078 0.0011852646685495255 0.9999978025872011 0.044665623117091435
0.9999967474933951 -0.0008686532023628613 0.0023980083913875756 7.943066977960599 0.0008741740284179276 0.9999969679180314 -0.002302167350958461 0.022704755649917287 -0.002396001335387786 0.0023042561397996256 0.9999944747753575 0.06369782393350688
0.9999967051155134 -0.0008573013915610714 0.0024196678368933995 9.264881023014711 0.0008631309300304756 0.9999967253368087 -0.0024092157762811454 0.027271826302346622 -0.0024175944892586222 0.002411296328343882 0.9999941704264592 0.059628969725748084
0.9999966932013701 -0.001388564565518156 0.002164595752644232 10.590502214131776 0.0013928691657080026 0.9999970530824077 -0.0019884018676863077 0.025489527825530666 -0.0021618283493834494 0.0019914102911218166 0.9999956803822907 0.08311894186998581
0.9999988012152965 -0.0011323340071721147 0.0010561191534579992 11.913865308699872 0.0011332560998095621 0.9999989768824459 -0.0008729058791814944 0.061431458885494866 -0.0010551296519118961 0.0008741016862280608 0.9999990613233893 0.0837637413770236
0.9999993587326612 -0.0010738504583779791 0.0003596935630700638 13.24685027502419 0.001073584870579472 0.9999991515673337 0.000737753440309454 0.06600074400381775 -0.0003604854947643412 -0.0007373668056449117 0.9999996631701442 0.09061291485512592
0.9999989162616423 -0.0012502390854850015 -0.000777417371959275 14.609214746497672 0.0012552907594972427 0.9999778793792132 0.006531844866548274 0.07142978191692033 0.0007692338072519137 -0.006532813672580738 0.9999783650783997 0.11286719713464283
0.9999997048459726 -0.0006462934542843261 0.00041546689266893164 15.94978307456147 0.0006438619935926622 0.9999828209041716 0.005826091165509584 0.09511072146632225 -0.00041922511990770146 -0.005825821942573525 0.9999829418790064 0.12142901593848399
0.9999948885535594 -0.0003005668528909554 0.003183162942932279 17.275097715753784 0.00028479957499500476 0.9999876950862039 0.004952632167169952 0.08820778389182354 -0.00318461237145068 -0.004951700288602603 0.9999826693039713 0.1472224557388014
0.9999865020851831 -0.00023686128508228468 0.0051903317978545605 18.646040772978854 0.0002380238063410111 0.99999994672712 -0.00022336164567091 0.08911051674382806 -0.005190278615624206 0.00022459405328514152 0.9999865051916469 0.1658959925891365
0.9999902703925639 -0.0005876458289664868 0.004371932362994689 19.98297274243229 0.0005952402190953915 0.999998316029402 -0.0017359802538989954 0.07444052711409758 -0.004370904859233761 0.0017385657134702272 0.9999889362287823 0.18813738350451611
0.9999993106735375 0.00017488846222683664 0.0011610626492833738 21.33632523371159 -0.00017175831812352567 0.999996352428703 -0.0026954829566358577 0.06539832067351624 -0.0011615298230938248 0.00269528167640025 0.9999956931433029 0.17587607425593935
0.9999999937713181 -4.7678092028918706e-05 0.00010091661528060637 22.690223414444343 4.775773724213667e-05 0.999999687312719 -0.0007893628205986707 0.10110857773066088 -0.00010087894841205963 0.0007893676352311768 0.999999683361037 0.22310386434957305
0.9999980189531511 0.0009278439337155048 0.0017610211264398 24.05849484471345 -0.0009306597043316475 0.9999982888594934 0.001598796609952691 0.09157058030990113 -0.0017595346793494282 -0.0016004323540625592 0.9999971713229954 0.19780974584105523
0.9999808821280383 0.0012402947173604964 0.006057808798949422 25.450576486140495 -0.0012502296093807198 0.9999978793901655 0.0016365027026807048 0.10194611394161754 -0.006055766207043426 -0.0016440450681599835 0.9999803122119253 0.21215301695563576
0.999973287598277 0.0013805639463671947 0.007177613327803288 26.826279330723818 -0.0013845060489444455 0.9999988934493627 0.0005442821424031746 0.10065388972205895 -0.007176853969108233 -0.0005542050523892641 0.9999740924763331 0.22941304982402969
0.9999729629530294 0.0014324665186655318 0.007212586402414175 28.200265898518648 -0.0014049001404481602 0.9999916954877083 -0.0038255994581098945 0.09395084995451988 -0.0072180065485393085 0.0038153630615479087 0.9999666711376805 0.26842784866654507
0.9999879579755656 0.0016488907788786106 0.004622235720701746 29.547419280300538 -0.0016321608844418259 0.9999921126219172 -0.0036208762478484643 0.09943107059188203 -0.0046281696928375665 0.0036132884128262147 0.9999827619474948 0.25834519765308617
0.9999945929899994 0.001970097407517608 0.0026330034125089936 30.93925655667273 -0.001960249101324003 0.9999910934973332 -0.0037376930677455126 0.10045963838164466 -0.00264034358107994 0.0037325115154285622 0.9999895484171627 0.29584769808054323
0.9999959304501937 0.00256853428205238 0.0012416580420165373 32.31938872199572 -0.0025664606085868814 0.9999953141780136 -0.001668802552910824 0.11945707618136205 -0.0012459386003951124 0.0016656090951815475 0.9999978366893332 0.2681731340340727
0.9999941904881311 0.003407415792102519 9.223669153546064e-05 33.6928580068615 -0.0034073696685353004 0.9999940720498881 -0.0004956783484232652 0.1239801023449128 -9.392512699317548e-05 0.0004953611842689529 0.9999998728976758 0.3144670186968665
0.9999937041750444 0.0035422685467134726 0.0002096278053673548 35.093332373821724 -0.003542196923941927 0.9999936682404912 -0.00034105700175723186 0.13665690377987302 -0.00021083459354446588 0.00034031231155470397 0.9999999198681493 0.300677036543719
0.9999946866793038 0.002947726234943749 0.0013919494260999684 36.488140617403545 -0.0029474816953595937 0.9999956403776652 -0.00017770008154013102 0.12951680108334176 -0.0013924671689184687 0.0001735963919083141 0.9999990154492535 0.33329459653720067
0.9999941895097908 0.002563437583406688 0.002247161412253204 37.896876528757446 -0.002563716240090634 0.9999967063376057 0.00012113207903897157 0.13890768952818325 -0.002246843496338202 -0.00012689245940891082 0.9999974677930973 0.30877376548748386
0.9999935798506523 0.0022402317795845667 0.0027967157615702326 39.28797243523705 -0.0022449972169300858 0.9999960316423311 0.0017019656535962378 0.1297092193911892 -0.0027928918656568444 -0.0017082333458238266 0.9999946408325712 0.31654844481674554
0.999990981897831 0.0027148174385982745 0.0032658673100636 40.690923527480635 -0.0027300774253463216 0.9999853350384557 0.004677219823709325 0.14509135643355878 -0.003253121618303525 -0.004686093714680469 0.9999837287303398 0.35294173547760205
0.9999910227772059 0.002605831052551942 0.0033412586735325684 42.11336446590067 -0.0026330339668924345 0.9999632145320367 0.008163131438671794 0.15270043743285786 -0.0033198640223797223 -0.008171855804001755 0.9999610988811473 0.36471693000557076
0.9999904659126176 0.0025668597251010954 0.0035326073964854912 43.49776884944405 -0.0025950250918519466 0.999964699346149 0.007991614751639979 0.16684429045943583 -0.003511969339090088 -0.00800070576372015 0.9999618266607199 0.3652263955709676
0.999991387340951 0.002182307463405705 0.0035302660034466594 44.929883549020275 -0.002210018792829261 0.9999666291780672 0.007864880621420127 0.1772819479839157 -0.003512984607889563 -0.007872614838096178 0.9999628397469357 0.37861222071208395
0.9999947915119818 0.0013138314697073727 0.0029480155659718857 46.323631434759186 -0.0013359450614758956 0.9999708937062076 0.007511790146239493 0.1686937920141009 -0.0029380605338767507 -0.007515689408007035 0.9999674405764528 0.4034756196534013
0.9999939212976666 6.632693489092234e-05 0.0034861107919660246 47.75986090471808 -8.995233825428889e-05 0.9999770298677978 0.006777288938375017 0.160592483871876 -0.003485581198738109 -0.006777561325070084 0.9999709572713559 0.41792057988440456
0.9999909119801912 -0.0010064455114358211 0.004142828074895643 49.15908615505829 0.0009756286582813164 0.999971892135223 0.007433914730702914 0.1577811247559579 -0.004150193458957431 -0.0074298053093423844 0.9999637862879429 0.43519148691562476
0.9999891864502768 -0.0017708293159366213 0.004300133259252916 50.58672313212079 0.0017347907154101666 0.9999634650679564 0.008370127266625628 0.1772299429434819 -0.004314798220918373 -0.008362576924585061 0.9999557239315615 0.4555183759030515
0.9999858672549595 -0.003033730146743721 0.004365978898626774 52.03936453654073 0.002997786177272895 0.9999617556509168 0.008215869617482899 0.17847984602041417 -0.004390736655945958 -0.00820266523349974 0.9999567179206735 0.45339277969954755
0.9999770831936925 -0.004129500379339625 0.005364728702568295 53.45394796594956 0.004078868948920193 0.9999473613502431 0.009414741461347173 0.1951117637917774 -0.005403324488929098 -0.009392643680216382 0.9999412894411172 0.47766333983852655
0.9999709694084424 -0.004864687682137195 0.005864738194934869 54.90837065882493 0.004818520931921871 0.999957496170901 0.007860515736979112 0.20986249121007025 -0.005902727875185848 -0.007832028177804786 0.9999519074126784 0.4815424702524759
0.99996213729848 -0.004998693842739561 0.007122993003107787 56.29113734038617 0.0049671453057380886 0.9999778069484546 0.004439941223819851 0.2243852298403367 -0.007145028829014545 -0.004404392174392335 0.9999647743258793 0.49343244886899174
0.9999592905864985 -0.005453322972919118 0.0071887716822654655 57.72287207818191 0.005424655263139557 0.9999772809773684 0.004001330326945035 0.24213950022026545 -0.0072104289069930905 -0.003962170826992489 0.9999661548859116 0.5124239677286425
0.9999560793587602 -0.005166546099480966 0.007819600684099214 59.164641179380986 0.005137616743240512 0.9999799009937591 0.003715171962557911 0.26735883490793866 -0.007838638125108318 -0.003674834678422916 0.9999625249690259 0.5345519239928939
0.9999506346866234 -0.005344428621541673 0.00837647136498541 60.58032860341476 0.005315666146026582 0.999979912689043 0.003452232877135626 0.2491901067308614 -0.00839475331639717 -0.003407535931319783 0.9999589575655761 0.546800408661232
0.9999467573245279 -0.004490409517911619 0.009290787831136188 62.03216505125292 0.004488621891638316 0.9999899033476853 0.00021325149646663223 0.27900288307288246 -0.00929165161183117 -0.00017153730873700716 0.9999568169602506 0.5415889151164549
0.999950841228042 -0.0044871885912007425 0.008841960522310644 63.44577025866295 0.004500802364616882 0.99998871554511 -0.0015203817006859736 0.26978004225852853 -0.008835038506184402 0.0015601028774153251 0.9999597532769037 0.5612459672413801
0.9999615855776206 -0.003927346028689593 0.00783602719888804 64.85404842741823 0.003943045751968758 0.9999902479105862 -0.0019890887165412477 0.28894913438059644 -0.007828138941578527 0.0020199101206060275 0.9999673195679026 0.5728753570359191
0.9999654383591478 -0.0031767730058450527 0.007683111379304659 66.30846952328824 0.00319630933282425 0.9999916867086668 -0.002531821519062842 0.29504001533584445 -0.007675004485104043 0.0025562916157635977 0.9999672793043424 0.5662768075119261
0.9999690319198903 -0.0025423547123996355 0.007447928149072885 67.67866434049677 0.0025496493846485398 0.9999962790979918 -0.000970091844422911 0.30595527168625863 -0.007445434118489949 0.0009890514079631493 0.9999717932462393 0.5739348058185383
0.9999600444895889 -0.0018588467765576057 0.008743804265921992 69.14450764025528 0.001842698054841551 0.9999965825115831 0.001854569770419224 0.32820663634805325 -0.008747221745111838 -0.0018383834790247238 0.9999600524310588 0.5938253293100673
0.9999502074779845 -0.0011286721134655651 0.009915072566345587 70.50826141698315 0.0010783231097022472 0.9999865056349505 0.005081905870059471 0.3396888738960859 -0.009920674574175678 -0.005070961177266891 0.9999379308580767 0.6012011421126514
0.9999422252589032 -9.574759714284028e-05 0.010748812802842433 71.95195007069924 2.3105715514870433e-06 0.9999622199208473 0.008692452222027715 0.36276854038297335 -0.010749238993257483 -0.008691925181950017 0.9999044475837164 0.6146849478840346
0.9999416903161187 0.00034576829622131114 0.010793350361628509 73.32118716200279 -0.00047967074230977525 0.9999229289254091 0.012405890746333465 0.36327511203741497 -0.010788228942811236 -0.012410344617145751 0.9998647895904532 0.6218539250781808
0.9999453428897466 0.0009471593457371613 0.010412210249551183 74.718125625217 -0.0011131337884485604 0.9998722325283512 0.015946145363056555 0.38192166240869824 -0.010395776367164222 -0.015956863975872534 0.9998186367165693 0.6309002370114611
0.9999443801711903 0.00193693006499319 0.010367490823600027 76.15056025474217 -0.002107667487929795 0.9998619242361293 0.016483027652267338 0.3997495849691541 -0.010334132852563342 -0.016503962092431365 0.9998103944915941 0.6173759307696938
0.9999404667881675 0.0020606962847047367 0.010715241961049499 77.5380948153088 -0.0022429559119984733 0.9998525436788359 0.017025276730158724 0.39794862985972546 -0.010678578006385631 -0.017048296976057673 0.9997976412964664 0.6246653669812031
0.9999356899742273 0.0022506949749376702 0.01111531771456261 78.94600069088018 -0.002436246441673913 0.9998574421791862 0.016708082540224784 0.39789423622546666 -0.01107612834167744 -0.01673408769623619 0.9997986245689345 0.6478739018602202
0.9999524481149478 0.0016229724480645057 0.009616000694441247 80.31428887542103 -0.001774901534726886 0.9998734039777011 0.0158122023319678 0.38482989693323016 -0.009589120578274902 -0.01582851788633059 0.9998287387288173 0.6424093662620369
0.9999510845423872 0.0015522680119406007 0.00976826425332859 81.70621375264099 -0.0017060212446816183 0.9998744823073004 0.015751480000965032 0.39807319022786775 -0.009742587644791611 -0.01576737437645255 0.9998282211916487 0.6625579442515326
0.9999495385342791 0.0014709081938268276 0.009937646309236188 83.07503075864555 -0.0016266947363581528 0.9998756352725604 0.015686550051834555 0.42255041813138294 -0.009913336941557428 -0.015701924002469857 0.9998275728010825 0.6506423783896763
0.9999567066268765 0.001249525194618713 0.009220822019687262 84.4515320472168 -0.0013910826635600475 0.999881037137606 0.01536152536855113 0.4354122779596302 -0.009200530471330395 -0.015373687241956964 0.9998394871076219 0.6541824921132744
0.9999566780756026 0.00040087471186563053 0.009299530712408743 85.85364758468121 -0.0005405646331451257 0.9998869942417841 0.015023532740600228 0.4400256989714345 -0.009292457257530943 -0.015027908889658633 0.9998438939117051 0.6510769731852347
0.9999491302957785 -0.0007812989906830283 0.010056161922089524 87.23339257934451 0.0006305461019375857 0.999887511584099 0.014985546028481843 0.44091028224457796 -0.01006673891235175 -0.01497844284448735 0.999837140247163 0.6659666807221382
0.9999365300283829 -0.0019171928645530555 0.01110226491834153 88.60262631328904 0.001758967681029333 0.9998970036124535 0.014243882881229014 0.44309424383019486 -0.01112842969578478 -0.014223450297209237 0.9998369124583013 0.6686895683134692
0.9999265971292431 -0.0033543563006904063 0.011642536121496481 89.94015015830588 0.0032049831157559415 0.9999126201198132 0.012824983756635181 0.432407937994239 -0.011684538363155434 -0.01278672823431606 0.9998499743182983 0.678457433206296
0.9999168675219406 -0.0038906571762610137 0.012293121322371365 91.31954166616569 0.0037505270613798223 0.9999279655738977 0.01140163190107871 0.45353301960183706 -0.01233659563540892 -0.011354578370976476 0.9998594310992649 0.6937474447915505
0.9999169076301664 -0.004306458486309243 0.012150401253906233 92.69864465761829 0.004178881675667304 0.9999360812967758 0.01050572552413882 0.46083985693579443 -0.012194867086852692 -0.010454077489356244 0.9998709904185542 0.7097589532607381
0.9999207044904865 -0.004262082377166869 0.0118498685671819 94.03324043007702 0.004144800793347773 0.999942361128791 0.009904294349530404 0.47508518650772913 -0.01189139847253912 -0.009854393638825263 0.9998807356721993 0.7184907379786594
0.9999236314520924 -0.004488020948202094 0.011514726728356246 95.40015205503913 0.004384166731650459 0.99994962959795 0.009028695863283106 0.5018588374359488 -0.011554667703110803 -0.008977523873044022 0.9998929411288888 0.7150688449472549
0.9999283426988993 -0.004303697936336655 0.011170839337548371 96.77119045308321 0.004205065370814415 0.9999521025425026 0.00883798880150629 0.504392676520605 -0.011208340316912401 -0.00879038138542036 0.999898546004763 0.71448227230697
0.9999319493806041 -0.004176476152393676 0.010892825843339997 98.12007310442506 0.004048609129426552 0.9999229533699328 0.011734397644035251 0.5095250291981506 -0.010940995019739877 -0.011689498316852738 0.9998718169130872 0.7341732186616589
0.9999327244253978 -0.004072015306309451 0.010861183846453825 99.46142459675983 0.003934620572791561 0.9999123507623494 0.012641580354548012 0.5276775000021314 -0.01091170858066936 -0.012597995247558653 0.999861102919597 0.7292068245523793
0.9999226257357547 -0.0037097123116927927 0.01187352417263949 100.80985758054557 0.0035553197546316084 0.9999092030953634 0.012997894700209598 0.5388537992455222 -0.01192066454339294 -0.01295467482262235 0.9998450250699276 0.7279772421136931
0.9999023357630654 -0.0035565797350004358 0.013515534623344472 102.13166438383732 0.0033784050637849306 0.9999073931920873 0.013182997346181273 0.5821201255602483 -0.013561169374033765 -0.01313604888819368 0.9998217535665124 0.7348130738159062
0.9999143738926556 -0.0036882703728619245 0.012555538400060816 103.49382993095044 0.0035233550338427564 0.9999075673650317 0.01313174380842726 0.559985669185657 -0.012602811280195688 -0.01308638176889784 0.9998349442583183 0.7440506805994552
0.9999414428776477 -0.0036194773021526266 0.010198539102602959 104.81089282007031 0.0034833186397649203 0.9999049898590436 0.013337081623789196 0.5608722476869443 -0.010245843402179534 -0.01330077588131426 0.9998590460929646 0.7432739398657109
0.9999538047221233 -0.003588513770764375 0.008916893554756796 106.13042155810064 0.003485219116881479 0.9999269589506854 0.011572813458350184 0.5971939775007123 -0.008957771455956706 -0.011541201521136425 0.9998932738037551 0.748619506380823
0.9999442321925791 -0.003188205242712018 0.010068160314764119 107.49359996252642 0.003078923378300091 0.9999363847593723 0.010851113545943432 0.5959325960415345 -0.010102115403419458 -0.010819509308963299 0.9998904367392906 0.7549809071555444
0.9999216909112622 -0.002746244407518045 0.012209430241268743 108.81477443091613 0.0026591687534932578 0.9999709573436301 0.007142358910351277 0.6018182464880157 -0.012228690310195814 -0.0071093326633380315 0.9998999532565143 0.7541346414201142
0.9999122168533997 -0.002230273357316891 0.013060798906326465 110.15247803823134 0.0021448129197843115 0.9999762245496273 0.006553633573254205 0.6078460526103282 -0.013075104774302286 -0.006525045304440485 0.9998932270092222 0.7604694142369757
0.9999252209559338 -0.0015837124712963925 0.012126184520908512 111.46578762507144 0.0015076075478658835 0.9999791274800102 0.0062826526085092045 0.6034846979701264 -0.012135881332168617 -0.006263901270442404 0.9999067376136465 0.7591623060333255
0.9999543274366661 8.467880444729036e-05 0.009556980181250006 112.82680086647441 -0.00015283430277164214 0.9999745625314658 0.007130983920852785 0.6357926646376726 -0.009556133232674412 -0.007132118864940631 0.9999289040717524 0.7721870249967785
0.999965802986899 0.0007760282528219835 0.008233506963439212 114.16496264687942 -0.0008575152607140715 0.999950645033419 0.009898088948226942 0.6237199063890411 -0.008225419402305416 -0.009904810821019851 0.99991711516418 0.7837402034167187
0.999972087405253 0.001968341992159488 0.007207637628437529 115.46253780812931 -0.002064353048834983 0.9999089190552596 0.013337617487088605 0.6384042023172178 -0.007180728157417788 -0.013352124308289961 0.999885072355611 0.7737038826201085
0.9999462493442045 0.0038517524543052167 0.009626132426311914 116.83979369036719 -0.00398308169361988 0.9998987473229214 0.013661265032001012 0.6637740557486144 -0.009572537943517912 -0.013698872401894149 0.9998603439542127 0.7922336568520602
0.9999234208702448 0.004015046712648129 0.011706058048831772 118.13129515694371 -0.004181545033535971 0.9998899528733943 0.014233651111843154 0.6562283452581683 -0.011647621056674034 -0.014281510520124146 0.999830171269593 0.7849898140444024
0.999909345158486 0.004997509554543086 0.012503054146094466 119.50257825403668 -0.005172869348997533 0.9998881581746225 0.014032553754009532 0.6562427983822723 -0.012431527960235672 -0.014095958300634112 0.9998233649361075 0.7896504030768655
0.9999093229474609 0.006152373439540931 0.011978905785194734 120.82632627891883 -0.006319421121281806 0.9998826182043739 0.013957604717802198 0.6609016696712029 -0.011891627283178611 -0.014032038833574687 0.9998308312343298 0.7994731803856501
0.9999028590013188 0.007114809510860374 0.01198549317353922 122.12641828721642 -0.007301653334244238 0.9998513675429548 0.01561821632164714 0.641431980699534 -0.011872591106212006 -0.01570421306870917 0.9998061908551664 0.797890550106149
0.9998966692405644 0.008521213940983404 0.011577553912525351 123.49234315822588 -0.008721774006496257 0.9998108358763019 0.017384565640534724 0.6544611055652397 -0.011427226251590856 -0.017483746088937702 0.9997818447655931 0.7961557562034831
0.9998882834871943 0.010039714137841662 0.011073603074999019 124.8479294591974 -0.010244266063928337 0.9997750306265929 0.0185726451645055 0.6682139742206411 -0.010884647805218675 -0.01868401122954077 0.9997661887494149 0.803210113483505
0.9998857053419423 0.010858172579319996 0.010520282367131631 126.16900493306707 -0.011059503049285416 0.9997531075915692 0.019272032931247334 0.6482839675466279 -0.010308425929758816 -0.019386179335752016 0.9997589271447457 0.8037083184994395
0.999875473658563 0.012283747304759477 0.009906903058819841 127.50529392396511 -0.01246845243845061 0.9997454606512846 0.01880296787586841 0.6660429916210306 -0.009673410456200784 -0.018924150160671907 0.9997741253257368 0.8099561749656778
0.9998616770601295 0.012673593385054152 0.010770644234011499 128.82767906959415 -0.012867840025919746 0.999752266473482 0.01816106754029366 0.6329747595391206 -0.01053780999888835 -0.018297150375019652 0.9997770595730736 0.8094029856823998
0.9998419016165427 0.013468882280126398 0.01160865978223964 130.19175215375762 -0.013683649950516909 0.9997329133189972 0.018624171142419807 0.6227588227923602 -0.011354712495145332 -0.018780075527923767 0.9997591606318583 0.8228563468696054
0.999841531652035 0.013697936194143997 0.011370053989930138 131.52222590067686 -0.013889317257366465 0.9997602481939607 0.01692728558495374 0.5958089415373835 -0.011135459121068536 -0.017082525433071084 0.9997920728206398 0.8106931421091287
0.9998294084805316 0.013948706585928153 0.012107333399633862 132.87189403225244 -0.014139767482097582 0.9997745375825661 0.015841116662606132 0.5882897529829015 -0.011883640562656754 -0.01600960918154364 0.9998012159928752 0.8274724563777311
0.9998224794571102 0.01378703693848982 0.012842397933920998 134.19868621961308 -0.013973974655051014 0.9997960242345166 0.014582110862079641 0.5766957865508312 -0.012638734294875137 -0.014758981581081614 0.9998111996062621 0.8226431757874958
0.9998299832752816 0.012971674611915373 0.013104968581142601 135.53210352199423 -0.013138553572549451 0.9998326588244792 0.012729208851839936 0.5432185585265462 -0.012937656425001888 -0.012899225005212608 0.9998330995923737 0.8325959782851907
0.9998526900204171 0.011944573322185988 0.012325803303917054 136.8764350988075 -0.012103103957136898 0.9998439491555423 0.01286826373882673 0.5363777601112811 -0.012170173932145216 -0.013015548593900625 0.9998412285764481 0.8289860584736335
0.9998318873607056 0.011815961245653771 0.014020701714626434 138.20336023236197 -0.011951894429578806 0.9998819951713982 0.009651318646077826 0.5750530036611252 -0.013905007597032212 -0.009817270084149392 0.9998551254915989 0.8396621375601749
0.999855738804073 0.010037179390953846 0.013702430822129533 139.55946686159834 -0.010166686573382641 0.9999039964463347 0.009414689308050986 0.5156850217919613 -0.01360661841458175 -0.009552639453174173 0.9998617939569436 0.8375231170421467
0.9998591755125191 0.008995127726461617 0.014167456391679548 140.91408675671994 -0.009110603434260947 0.9999256304683884 0.00810743100245713 0.5305246676874781 -0.014093475387182995 -0.0082353633544982 0.999866767495515 0.8457591420610384
0.9998767400653261 0.007580486362002081 0.013749214626727476 142.244493512415 -0.00769588492921289 0.9999354422759223 0.00835970308156181 0.5165527497065713 -0.013684956393523153 -0.00846448503874043 0.9998705288493788 0.8366831873659026
0.9998892331768221 0.006554638004975291 0.01336256329042259 143.59704680904056 -0.006664097987387732 0.9999444716832531 0.008163537720529988 0.5076447514915963 -0.013308312255177611 -0.008251682902520839 0.9998773917607073 0.8369001205913895
0.9999198839676139 0.006195734207072639 0.011038048914046018 144.94310713014397 -0.006261673831090188 0.9999626977162024 0.005949337523433843 0.5020480340308141 -0.011000776655609496 -0.006017977548147515 0.9999213803390762 0.8373540692186675
0.9999364178051464 0.004772416617485315 0.010216867750978067 146.2510408760686 -0.004805057811546506 0.9999834226417431 0.00317267412960787 0.49840147786433125 -0.010201557059563089 -0.0032215650442195282 0.9999427732386621 0.8635848460932458
0.9999063396920004 0.00415682588695676 0.013039656525052705 147.6412427349881 -0.004081814509359727 0.9999750000828703 -0.005773906786105097 0.4993167007900772 -0.013063331659917536 0.005720140541016123 0.999898309508589 0.8535484809067257
0.9998896246242712 0.002735501155780606 0.014603273679582326 148.95301559157718 -0.0025501716580325984 0.999916169288083 -0.012694527197198933 0.4879483451994338 -0.014636775370573472 0.012655885179337677 0.9998127791627184 0.8660373712293835
0.9999302931873087 0.0016556651084371626 0.011690489270829083 150.2533535393572 -0.001481948913680917 0.9998885947192196 -0.014852675780522892 0.45687207857726087 -0.01171377794564615 0.014834315739958992 0.9998213492833443 0.8657371819630166
0.9999604229535248 0.0015198135885546948 0.008765996421614596 151.65786525768425 -0.0014024846398746722 0.9999095643588578 -0.013375206185847668 0.4730867298105713 -0.008785531483218931 0.013362382659356326 0.9998721224067718 0.8804695890544296
0.9999774501985661 0.0025128810409529847 0.0062277221556797215 152.97659308752063 -0.0024507250143871477 0.9999473135358842 -0.00996815425602653 0.470222279474323 -0.006252442824863107 0.009952667041657818 0.9999309233029448 0.8797921342990733
0.9999710523604349 0.003597975940599637 0.0067044023070779776 154.35047263538362 -0.0035292016364039803 0.9999413231062747 -0.010241829928403225 0.48189965554540115 -0.0067408587712464215 0.010217872264008722 0.9999250751478446 0.8961901844395566
0.9999471503533447 0.004092970313543966 0.009431017667132606 155.6637874233272 -0.003958992989003304 0.9998916044739014 -0.014181173333700357 0.48269638347122684 -0.009488038508476987 0.014143086530877171 0.9998549645966868 0.8789569281777806
0.9999022925586548 0.004493455409366236 0.01323684986808339 157.0169757038879 -0.004228941179863967 0.9997921582255853 -0.01994383130502643 0.4788433129730713 -0.013323715414380207 0.019885904784800183 0.9997134736505487 0.8924822957030973
0.9998923546764426 0.004595071497570649 0.013934287837245814 158.35956095127673 -0.004283362878318008 0.9997417503500844 -0.02231782716578884 0.45672908344014734 -0.014033241323787249 0.022255739144804627 0.9996538151845701 0.8908677372552752
0.9998880282460948 0.004125542817829214 0.014384396636459365 159.69263235097466 -0.0037911571540097987 0.9997237321529763 -0.02319669152180204 0.43337649436213227 -0.014476121634275045 0.023139560639353123 0.9996274319144346 0.9071819905691936
0.9998872880317717 0.005366830597038864 0.014021710373972674 161.05575852082052 -0.0050476753361342434 0.9997296109262453 -0.022698590506004566 0.4479117890648617 -0.014139738546729478 0.022625255061567505 0.9996440194525396 0.8880868504126145
0.9998895168578446 0.0065882885076653935 0.01332473385572217 162.39401333373738 -0.006312004914112797 0.9997663970457138 -0.020671476294548442 0.4425690944925551 -0.01345781080823625 0.020585086659317867 0.9996975250221829 0.882874765062165
0.9998923873340932 0.008084294423508057 0.01224164756075971 163.74686850430464 -0.007854309930038527 0.9997939144445226 -0.018720001474934304 0.47551188756294044 -0.012390462737554068 0.0186218372716733 0.9997498205099997 0.8792601106672301
0.9998998561196847 0.00856429110449682 0.011266350327917538 165.1003478752166 -0.008366885778440972 0.9998126652791206 -0.017453640589623863 0.47672338166373823 -0.011413717808166328 0.017357628447995998 0.9997841966046757 0.8562610551666241
0.999885528815302 0.00894450938706306 0.012203483829159447 166.44844637362584 -0.00872939818734593 0.9998075652421802 -0.017567871009043466 0.47543382448550364 -0.012358271441855327 0.017459330924418866 0.9997711962697471 0.8619683208023999
0.9998898611385748 0.008528232833524286 0.012146391934183601 167.77152204774927 -0.00831120469652822 0.9998068901116314 -0.01780748050120361 0.4515928210439591 -0.012295912685685816 0.0177045680558871 0.9997676524078885 0.8487737371061147
0.999917769970765 0.007843187964525626 0.010145821762941343 169.17040592993186 -0.007685715885387783 0.9998508265202547 -0.015467853053760715 0.44671357757830427 -0.010265625554312395 0.01538860322825815 0.9998288892718904 0.848358137488693
0.9999438256802078 0.006812494850806985 0.008120061449143831 170.58559168188938 -0.006716538817559144 0.9999079799860418 -0.011786418732841395 0.4476399717336354 -0.008199609157902875 0.011731217930862153 0.9998975672215211 0.8688401016901024
0.9999574991620277 0.006851788820982669 0.006168699990766237 171.93525904918948 -0.006812578917687256 0.9999566004397248 -0.006354998467249255 0.4491270067887754 -0.00621197537935443 0.006312703618982452 0.9999607797983405 0.857986804460537
0.9999495495189239 0.007001714057997184 0.0072023896833871386 173.29541984910088 -0.006973597858604217 0.9999679950039577 -0.003921466647965173 0.44515595044288786 -0.007229616159090853 0.003871042238813357 0.9999663732757105 0.8636664770391347
0.9999233952366712 0.008068547682039951 0.009386277039942619 174.6650132729449 -0.008073596390087362 0.9999672829283056 0.0005001142987513818 0.4637191837021527 -0.009381934752377814 -0.0005758570000399291 0.9999558228686993 0.8822153967433998
0.9998917790281847 0.00791107751265573 0.012403430349726314 176.03621267423162 -0.007950190495157975 0.9999635690068698 0.0031072705279559854 0.45980598652419497 -0.012378396622441 -0.003205543890193505 0.9999182465508996 0.8961581541290465
0.999886100594817 0.006875512083253731 0.013435519003173427 177.45473541880446 -0.00687756074824545 0.9999763436512501 0.00010628278853404434 0.44341860804401984 -0.013434470419253445 -0.00019867428111618052 0.9999097336925389 0.8890432994681488
0.9998950811626378 0.005844231481759704 0.013254117290477456 178.85466401454158 -0.005815551014881665 0.9999806664113435 -0.0022014018076197445 0.4545587216972814 -0.013266726542573852 0.002124090843841525 0.9999097370287638 0.8852011747783384
0.9999479326971135 0.0036888109886396353 0.00951443998663714 180.1928712459025 -0.0036375666126257063 0.9999788165086974 -0.0053976516193440524 0.44608434182993345 -0.009534149354186717 0.00536276116894909 0.9999401686044705 0.8737087156650516
0.9999823604251386 0.002027927466078551 0.005582682935713822 181.61140179862764 -0.002015528199710548 0.9999954918231206 -0.0022257536951205163 0.4535250988625697 -0.005587171435042747 0.0022144623788846133 0.9999819396727763 0.8936915765165503
0.9999846022362954 0.0008634564514570012 0.00548176370107515 183.0036776617609 -0.0008700115290116622 0.999998909288176 0.0011935251976649135 0.45658336560191604 -0.0054807271650187655 -0.0011982760176651973 0.9999842627583336 0.9078535508628993
0.9999758979832993 0.0007884845495837669 0.006897952204033561 184.33193415522496 -0.0008202339475264413 0.9999890784397005 0.004601110473535503 0.47314034378716735 -0.006894248963113311 -0.004606657512060192 0.9999656234280263 0.9071404600830879
0.9999538462092358 0.0016209792300017553 0.009469840425902574 185.7842401445301 -0.0016901006530268558 0.9999719579529421 0.007295674577584335 0.48902827580081065 -0.009457748735232602 -0.007311342838034274 0.9999285450744798 0.9100657712356022
0.9999298938998894 0.001977379260017305 0.011674641605545944 187.15530735349725 -0.0020897192081174177 0.9999515603200084 0.009618216425705131 0.508523479646743 -0.011655057227964009 -0.009641938852872501 0.9998855897832363 0.9207384562373613
0.99992478620036 0.0021679185527574826 0.012071539724199661 188.6101858342674 -0.002252558359720057 0.9999729462368708 0.007002340693539265 0.5077077805657207 -0.012056032639321104 -0.007029005868609769 0.9999026178351064 0.902313854477587
0.9999176932496501 0.0016841475770650405 0.012718898271373277 190.01065701329998 -0.001760177627891131 0.9999806368374736 0.005968896450695178 0.48713730129392646 -0.012708599490783701 -0.00599079269041384 0.9999012960797298 0.9016761407861688
0.9999067178003417 0.002323173702437583 0.013459515656067804 191.38146818105557 -0.00235776561237148 0.9999939570190856 0.002554773302718321 0.5086156142249226 -0.013453499138319015 -0.002586269371018068 0.9999061528821971 0.9014858415387137
0.9999081263668917 0.002478118830232849 0.0133265806760427 192.82881168310973 -0.00249298318002493 0.9999962887258902 0.0010988945855133685 0.5007615482722424 -0.013323808026084065 -0.001132016567548014 0.9999105933423121 0.8970103654210034
0.9998967253741149 0.0027930371457357234 0.014097429894285812 194.1861065187983 -0.0027817328521515658 0.9999957936117775 -0.0008214140798752451 0.4951120942977529 -0.014099664835059858 0.0007821139647756108 0.9999002889034911 0.9036976745889375
0.9998717594114658 0.0034516956962975564 0.01563811140259899 195.6453792056115 -0.0033585818717276083 0.9999764995548349 -0.005976643361477023 0.5007613340761999 -0.015658373454188603 0.005923355035750062 0.9998598547826038 0.8968654570495304
0.9998595839664918 0.003757599987136285 0.016330731541814022 197.0603908286114 -0.003601306359883481 0.9999475354766159 -0.009589415349455805 0.4889263155662971 -0.016365907944760925 0.009529256874425686 0.9998206590786994 0.897000296160004
0.9998954795427879 0.003966054977516021 0.013903251339647375 198.47521695999248 -0.0038766842489931174 0.9999716897285785 -0.0064491131642351205 0.4930507027562398 -0.013928435272193887 0.006394540584500379 0.9998825473732309 0.915980264000326
0.9999596654064029 0.004115484942373061 0.007983128710210143 199.91722565404686 -0.004106956445340064 0.9999909784361694 -0.0010844146018798002 0.5153914856333646 -0.007987519581870241 0.0010515845005471657 0.9999675463238632 0.9009023986399183
0.999961163829143 0.005239168437577658 0.007086744495776277 201.37225574897047 -0.005307382189475533 0.9999394373583461 0.009641229681376625 0.5115440844975311 -0.007035803277562781 -0.009678467314451695 0.9999284098087635 0.8957387400747077
0.9999260012874386 0.006064000094652662 0.010546082313613632 202.7951296722386 -0.00622482288691285 0.9998638137616371 0.015284158794672362 0.5154010948572034 -0.010451962941956296 -0.015348675281152021 0.9998275724532575 0.887115250208723
0.9998944160709339 0.0069996061392311165 0.012734293229777559 204.22415955891165 -0.007213381797147933 0.9998325192434601 0.016819648816916628 0.5010240686271583 -0.012614429563594836 -0.01690973025129225 0.9997774438291822 0.8836526906883573
0.9998865234971072 0.007267109741259662 0.013195804063327387 205.6934028308319 -0.007461449765516705 0.9998635439371447 0.014738394514000533 0.5386364930051046 -0.013086897885515472 -0.014835181881666945 0.9998043060930834 0.8770398617818257
0.9998863507683938 0.006081258021820979 0.01379506607220742 207.14468160094302 -0.00624860615991821 0.9999070195892341 0.012120523801930199 0.5276878375508117 -0.013720075368698325 -0.012205346248548719 0.9998313803111154 0.887053328230974
0.9999005169228472 0.0044655013196815505 0.01337966947972468 208.583932726929 -0.0046152209707736105 0.9999268489314603 0.01118018431829943 0.49361789511786563 -0.013328765614777884 -0.011240822210325156 0.9998479824069367 0.8868719917859855
0.9999081735809005 0.004108073935145785 0.012913873727556197 210.08801486115456 -0.004247944227557703 0.9999324140693853 0.010822303969620332 0.5101294127882527 -0.01286854210652666 -0.010876167611556777 0.9998580447254191 0.8756058558699953
0.9999103870350741 0.004035247070438383 0.012764586967432486 211.5344168958246 -0.004187523897329715 0.9999201205226074 0.01192548605565644 0.5197411165625181 -0.012715445056226753 -0.011977869390458477 0.9998474124094572 0.8802183447402041
0.9999049583636209 0.003736673234800161 0.013270701299553394 212.98261858705203 -0.003907041504490778 0.9999099911549035 0.012835287892489106 0.5157541228727142 -0.01322154554232698 -0.012885917186495462 0.9998295574105294 0.8646425853151437
0.999906233595825 0.0031961993949738655 0.0133157172408842 214.4252771259269 -0.0033650179916514087 0.9999140056651122 0.012675090874069513 0.5234155047953799 -0.013274060046853574 -0.012718710004462976 0.9998310025927856 0.8756362323573303
0.9999126480197446 0.003054714054366231 0.012859434365033598 215.87317178694107 -0.0032234925075875706 0.9999086718721656 0.013124671839535982 0.5261308534860651 -0.012818167817440853 -0.013164977663788094 0.99983117471747 0.879962585480992
0.9999195637908496 0.0028746767870043953 0.012353225558021173 217.36088368164334 -0.003028782288458727 0.9999176048599137 0.012474372491742861 0.5285019945365108 -0.012316347923236342 -0.012510784331283564 0.9998458820484535 0.8705555954879977
0.9999224794827121 0.002037551672859631 0.012283460763386692 218.83350085585704 -0.002200804729884674 0.9999092402216495 0.01329164316043486 0.5127866986291588 -0.012255263509453836 -0.013317646283928872 0.9998362109934656 0.8802175606476975
0.9999273724070402 0.002131128525782117 0.011862048826358737 220.3024167875497 -0.0023001762252246715 0.9998957354240878 0.014255787247825459 0.5258572901180296 -0.011830431120007086 -0.014282036687004748 0.9998280173747812 0.8759971920669999
0.9999241012214165 0.0022655604588458647 0.012110286220796409 221.78122817358076 -0.002420267900157311 0.9999154605472756 0.012775525892162598 0.5424505234588 -0.01208031869752472 -0.012803866382353531 0.9998450514483878 0.8782121522998607
0.9999285781574999 0.0015567100132012842 0.011849693576428238 223.27899136765225 -0.0017353906647351886 0.9998847299305366 0.015083609348521506 0.5355120325788956 -0.011824846855718501 -0.01510309589696279 0.9998160178208618 0.8853527017812138
0.9999298787367343 0.0011443805382554378 0.011786772362421705 224.7677080630364 -0.0013047980286513719 0.9999065109966563 0.013611273584727437 0.5330351051137526 -0.011770093952229667 -0.01362569850237167 0.9998378894744279 0.870750414273174
