1.0 -2.1684043449710093e-19 -2.5135375298442207e-37 0.0 2.1684043449710093e-19 1.0 2.3183291766350204e-18 -8.673617379884035e-19 -2.51353752984422e-37 -2.3183291766350204e-18 1.0 0.0
0.9999996051917989 -0.0005752605321510217 0.000677267721610383 1.3273296131564947 0.0005753941083097035 0.9999998150465057 -0.00019704967556571635 -0.005147294397329037 -0.0006771542414461252 0.00019743929362565135 0.9999997512398984 0.014190926913472833
0.9999992601539638 -0.0006470405596256914 0.0010300631238006621 2.623440015128795 0.0006476885246415298 0.9999995925270339 -0.00062884444906315 0.0025565359774911375 -0.0010296558162135466 0.0006295111438800191 0.9999992717620447 0.02334949003255532
0.9999991428272942 -0.0008799916523039445 0.0009695150173104206 3.943116779875361 0.0008808086549778276 0.9999992571107851 -0.0008425876757628057 0.016170243406201233 -0.000968772826947165 0.0008434409107380258 0.9999991750429796 0.04550310711285168
0.9999993220523697 -0.0005014021039482976 0.0010509475395640829 5.262562200990092 0.0005030186897668796 0.999998689966503 -0.0015385179477898385 0.01742892840313779 -0.0010501747466516184 0.001539045551009607 0.9999982642343902 0.05124841019172648
0.9999988262244227 -0.000779825426571952 0.0013188715179540031 6.582838419328167 0.0007820670499809902 0.9999982491979823 -0.0016999917939267163 0.015482875847241303 -0.0013175435120452207 0.0017010212444752172 0.9999976853002309 0.05855126131576275
0.999997504080069 -0.0004404626173398186 0.0021903941003774486 7.916272577099235 0.00044702307409224564 0.9999954135157674 -0.0029955162828212687 0.020633818640540865 -0.0021890646412272285 0.0029964879629566996 0.9999931145042371 0.08095530651806677
0.9999965423251257 -0.0004018676439786468 0.0025988151511741595 9.23470537083955 0.00040981183507363627 0.9999952432645574 -0.0030570414649845465 0.03470100629418007 -0.0025975742632469425 0.0030580959199352034 0.9999919502962469 0.09234854989119573
0.99999731834013 -0.0008693245795937562 0.0021465291342213505 10.565435753191093 0.0008751448834111487 0.9999959394542584 -0.0027120465387065855 0.033407034420240095 -0.0021441627694245157 0.0027139177899091235 0.9999940185902352 0.11087113348734695
0.9999995823637355 -0.0008712994054286429 -0.000275879866187311 11.894593013018854 0.0008713325238280053 0.9999996131958572 0.00011994902701394826 0.04804931582519615 0.0002757752479599168 -0.000120189360018963 0.999999954751264 0.12365640656191428
0.999999366037123 -0.0008134342874181849 -0.000778620582885827 13.223871307079111 0.0008152181425641111 0.9999970376881785 0.0022934764545706307 0.047874514225124336 0.0007767526839833359 -0.002294109746217042 0.9999970668535685 0.1393222634938822
0.9999991678215502 -0.0006662071934142462 -0.0011047733624871675 14.56680982038415 0.0006731836764699056 0.9999797605748206 0.006326552336146995 0.07113483598076366 0.0011005362078335046 -0.0063272907867203045 0.9999793768930214 0.14647003421180252
0.999999957622047 -0.00021267390350271983 -0.00019881075171642565 15.915951938181207 0.0002139388458773448 0.999979597103466 0.0063843250982407425 0.09380993595911567 0.00019744891606135532 -0.006384367361028884 0.9999796002255871 0.1689020722764299
0.999996376845285 -6.545916920847828e-05 0.0026910985489021167 17.260287991921857 5.232684490380499e-05 0.9999880928586994 0.004879692892223615 0.07839880750279178 -0.002691385926254159 -0.004879534395644915 0.9999844731723976 0.18776309586069176
0.999988099351363 2.244971600482643e-05 0.004878591155103359 18.6247394045028 -2.412647361367166e-05 0.9999999406652403 0.00034363851507718555 0.08683908321200261 -0.004878583151046254 -0.00034375212875673494 0.999988040558942 0.21041866807844378
0.9999949503134753 -0.0002842127130536745 0.0031652125811294763 19.966458805861592 0.0002890214523716637 0.9999988047144532 -0.001518893105084386 0.07545487928742857 -0.0031647771090663915 0.001519800249487604 0.9999938371775356 0.23495457919172483
0.9999997513651693 -0.00018925098338142985 0.0006793038091338136 21.315723301157284 0.0001909227687653546 0.9999969515228624 -0.002461806953950289 0.08109049099586975 -0.0006788358389047516 0.0024619360364234065 0.9999967390211112 0.22502413458499115
0.999999908229094 0.00016206662354857255 -0.00039658065142835207 22.667565732809425 -0.0001622147866104502 0.9999999170555587 -0.00037359769638697866 0.0928187022628637 0.00039652007081697254 0.00037366199334732487 0.9999998515742631 0.2707151651537811
0.9999993975594218 0.0008155442691198776 0.0007346892802879417 24.039158677882714 -0.0008166725547261077 0.9999984857323967 0.0015367429362347698 0.10051785913579121 -0.0007334348858770093 -0.0015373420110099294 0.9999985493253525 0.25269650726097914
0.9999826175808783 0.0017561223008169138 0.0056285495964247 25.426869777938975 -0.001768890132253508 0.9999958721357679 0.0022642303604223806 0.11212508253462901 -0.005624550097106017 -0.0022741472884612824 0.9999815961758073 0.27084595528365746
0.9999777912046737 0.0018400813086413728 0.0064055599442865065 26.798657936608095 -0.0018455453234192333 0.9999979381010684 0.0008472048577161131 0.1004420679547849 -0.006403987810846028 -0.000859007793515888 0.9999791253049881 0.2900794427816778
0.9999808030051347 0.0017947683128220779 0.005930634696991533 28.167892153078764 -0.0017744494252822786 0.9999925446361052 -0.003429577444003374 0.09926692386715548 -0.005936745778874605 0.003418987995093156 0.9999765325099617 0.31237731660304285
0.999991910509106 0.0017213688046531187 0.0036353549739216186 29.526967545097616 -0.0017077458099078388 0.999991521205785 -0.0037471483542364575 0.10627925698457528 -0.0036417743747782865 0.003740909779489725 0.9999863714438436 0.30082851675327305
0.99999579866761 0.0023957066897482655 0.0016319425802836518 30.917169356051794 -0.0023895718479534506 0.9999901104476173 -0.0037508603473980894 0.10689250890589726 -0.0016409124023285917 0.0037469449447396995 0.9999916338700383 0.34531298120833304
0.9999957264785704 0.002871836620637493 0.000547338122821052 32.30132252594821 -0.002871112984479952 0.999995009342536 -0.0013183323752814294 0.12021163468248194 -0.0005511214264374692 0.0013167552717684397 0.9999989812098449 0.3300251582416464
0.999992821869809 0.0034530194671970444 -0.001559764538570652 33.683657376896306 -0.003452507704784359 0.9999939854039317 0.0003306758375453188 0.11876170183376636 0.0015608969873213666 -0.0003252883648240412 0.9999987288932295 0.36781996318150867
0.9999925518720595 0.003672843431514304 -0.0011859264455063455 35.076800867362614 -0.0036721700265306308 0.9999930953893504 0.0005695093692686467 0.13329737716676254 0.0011880099758920844 -0.0005651502039431427 0.9999991346183976 0.359441947046235
0.999995110778668 0.0031001092434838986 0.00040956249589369176 36.46923291800431 -0.0031004138652150886 0.9999949160095998 0.0007452441331319815 0.12523265415811433 -0.00040725007545611977 -0.0007465103027094092 0.9999996384348067 0.3957164076345827
0.9999943316786676 0.002939683778249805 0.0016416058659225149 37.873441454260295 -0.002942183210978162 0.9999945131873366 0.0015222198181382128 0.13993231655089639 -0.00163712201383235 -0.0015270410949249054 0.9999974939853631 0.3937161342574787
0.9999946280338091 0.002479418047294923 0.0021439192313508965 39.26550388448064 -0.002487105765384322 0.9999904608145537 0.0035906245707848874 0.1333167009247738 -0.002134996120745902 -0.0035959374359519 0.9999912554745273 0.40518226686054737
0.9999920440367769 0.0031340499945058387 0.0024677102303013944 40.66406048132468 -0.0031493613095043478 0.9999756625358964 0.006225420406478915 0.15381991507062853 -0.002448139393701524 -0.006233142588385493 0.999977577022096 0.43396230197214364
0.99999140312629 0.0029438761871854605 0.002920148370948345 42.08959730122267 -0.002970784561020611 0.9999527715985821 0.009253594512725657 0.15668525339872194 -0.002892769020476999 -0.00926219009243857 0.9999529207528152 0.4521695114205802
0.9999920800861938 0.0026596716035359996 0.0029607282631970043 43.474880571901124 -0.002688272802641139 0.9999493549119928 0.009698494750639691 0.159557915655418 -0.0029347835057682297 -0.009706377184663181 0.999948585322127 0.4549227654806804
0.9999930055892894 0.0023134192929547947 0.002938854143087541 44.90338065723354 -0.002339807118010092 0.9999566944469831 0.009007470972125666 0.16771155214671588 -0.0029178888172559916 -0.009014284322017013 0.9999551132940978 0.4692434259395011
0.999995996010414 0.0014243656948182885 0.0024452291318809846 46.30467126177662 -0.0014455755620612866 0.9999611595206166 0.008694237256838164 0.15670081817223727 -0.002432750384718049 -0.008697737208679418 0.9999592147147874 0.4914889190326378
0.99999505799151 0.00048548869802903086 0.0031061701950446316 47.73250730370512 -0.0005110500376081853 0.9999659717660812 0.008233719558996622 0.16550481600012804 -0.003102067119770009 -0.008235266276279653 0.9999612780347763 0.511548488022657
0.9999920396447898 -0.0004968692247603853 0.003959010990964116 49.12982418718396 0.0004629251347507882 0.9999631680978447 0.00857018949855768 0.1718184983285616 -0.003963123436470864 -0.008568288551108581 0.9999554380490823 0.5217904769124005
0.9999905159582382 -0.0015358647425226504 0.004075427961472345 50.561572973684356 0.0014974393619331086 0.9999545575367329 0.009414910348698409 0.17728553021330598 -0.004089702792845485 -0.009408718351049247 0.9999473737902694 0.5418590361240033
0.9999872477728067 -0.0027599968605486695 0.0042292681514743665 52.013712108264414 0.0027202335811450057 0.9999523160852999 0.00937901300290219 0.181154631774429 -0.004254952529855643 -0.00936738880234822 0.9999470723023266 0.5448341508235803
0.9999771319454865 -0.003630212585658974 0.005705886667457614 53.418522078949785 0.0035700237366655986 0.9999382527315314 0.01052357613797981 0.20155293265280697 -0.005743737163083941 -0.010502965333425462 0.9999283460341577 0.5770352051709079
0.9999700498487126 -0.004611803148084667 0.006215358178459724 54.87592755735086 0.004556282720890043 0.9999498577172613 0.008917529870784105 0.2055606720832257 -0.006256172418543838 -0.008888943860342705 0.9999409217467385 0.5788638313053305
0.9999616117256923 -0.004986583051861829 0.007204794544104161 56.2688766144885 0.004945928680069695 0.9999718099322599 0.005649524784616765 0.2144576588693778 -0.007232763264999951 -0.00561367350913993 0.999958086024252 0.5778799545532993
0.9999610608032701 -0.005313678057270082 0.007045686815513281 57.6957143250468 0.005279847806054391 0.9999744860466571 0.004811492790091158 0.23317523078611502 -0.007071073775850021 -0.004774105280351806 0.9999636032548528 0.6031782086035729
0.9999594082278378 -0.005179747931677753 0.007372388215282079 59.14646603393982 0.00515171883217831 0.999979449411305 0.0038158286305272258 0.2522109672739337 -0.007392001738820777 -0.0037776932680740473 0.9999655430782932 0.6193221143977603
0.9999552837795492 -0.005072725993883026 0.007981095936785991 60.55192629883798 0.0050439028700790586 0.9999807002574096 0.003627417337171233 0.24868415792360157 -0.007999342797905753 -0.003586999260075986 0.9999615712371701 0.6382283182952389
0.9999519750436979 -0.004436821826154716 0.008738547836500448 62.0074067713469 0.0044242183385894435 0.9999891456956485 0.0014610896549503655 0.26687317598668536 -0.00874493558011369 -0.0014223582425926466 0.9999607507291121 0.6360995022743698
0.9999544911812278 -0.004246944466197333 0.008542776433504214 63.411439319987636 0.004255646755584088 0.999990443937006 -0.0010007523976768979 0.2629608797567353 -0.008538444658337124 0.0010370618934303184 0.9999630090485576 0.6462221072881642
0.9999633587000982 -0.003723420338861801 0.007708268171178225 64.82187275659756 0.00373474931794395 0.9999919660485735 -0.0014558454040863678 0.27995973715117767 -0.007702785518938342 0.0014845805093131428 0.9999692310846171 0.6632450842936937
0.9999663375465428 -0.0028637555761882177 0.007689127242625837 66.27519225006883 0.0028781003833750233 0.9999941374061599 -0.0018551796390267156 0.29113805378731344 -0.007683769383359738 0.001877247269193283 0.999968717326074 0.6710815004119414
0.9999696034290464 -0.002387281143676972 0.007422473084937166 67.64720206289857 0.0023885726597186728 0.9999971337204505 -0.00016514094756102762 0.2989576715661183 -0.007422057572184196 0.0001828650441206764 0.9999724394310928 0.6816387230376653
0.9999593398553962 -0.0017095179007010977 0.008854161987868493 69.11930448055661 0.0016857866297580115 0.9999949690398332 0.0026870092039605374 0.3186419612542689 -0.00885871093326574 -0.002671973721880892 0.9999571909822091 0.6928216018557449
0.9999489085818823 -0.0009368178527344 0.010064919185615617 70.47682335531002 0.0008772886148037637 0.9999821077134214 0.005917315076080167 0.3295439725579198 -0.010070282547600683 -0.005908182913051022 0.9999318390690826 0.7010520133123563
0.9999370195209479 -1.7098019862584645e-05 0.011223043224594451 71.93013375073397 -9.772726789504033e-05 0.9999476614747347 0.010230579680092156 0.3526722169409105 -0.01122263074971766 -0.010231032150634731 0.9998846826210452 0.7196786726714243
0.9999418264290877 0.0003568442803751658 0.01078037197038389 73.29568819286638 -0.0005058442864961665 0.9999043456803569 0.013821852665078434 0.35813279725137986 -0.010774408532169842 -0.013826501788119805 0.9998463581816384 0.7152087383539335
0.9999461319334213 0.0010276252526888118 0.010328466378360157 74.68804192999082 -0.0012065857940233675 0.9998489982270722 0.017335653868310236 0.37229573174317804 -0.010309092205938451 -0.01734718221095965 0.9997963782126985 0.7224057810221512
0.999944956449698 0.001809508865809239 0.010334880186817 76.14002790689229 -0.00200032551067199 0.9998271743443153 0.018482968931245684 0.38336512461001604 -0.010299648958224725 -0.01850262468750302 0.9997757599136973 0.722491275858713
0.9999395815707958 0.002114161106120644 0.010787192908222552 77.50455823227989 -0.0023202026690091375 0.9998144284323044 0.019123947243158378 0.38674500509515575 -0.01074476000646655 -0.019147820278082532 0.9997589264972839 0.7301224681657222
0.9999350197682738 0.0022740707999809083 0.011170713630677847 78.90897046597247 -0.0024806395965554754 0.9998255408947729 0.018513081906226594 0.3895195003322858 -0.011126664738992487 -0.018539589436428406 0.9997662131495116 0.7529477514425325
0.9999493245411923 0.0018148246110025919 0.009902260410853106 80.28214098774652 -0.0019880637350603737 0.9998446555883623 0.01751320341840517 0.38509906799321886 -0.009868938757454484 -0.01753200225360469 0.9997975959886987 0.7477116524022731
0.9999471399668599 0.0017669931435382446 0.01012891935635683 81.6747982730885 -0.0019436974278944526 0.9998456330115233 0.017462307639459853 0.39535477032405764 -0.010096500007709985 -0.017481072135799632 0.9997962156382556 0.7663908936666841
0.9999425036859445 0.0013599716101898784 0.010636719395759725 83.06393865353243 -0.0015357752981450398 0.9998620694973259 0.016537332758278782 0.4040092950369259 -0.010612761964647143 -0.01655271753350218 0.9998066697245711 0.7666520781215607
0.9999502295014847 0.0011274308488515687 0.00991299246489527 84.42765820053268 -0.0012947219890181866 0.9998565871565842 0.01688575774311787 0.41557034171323765 -0.009892533290273293 -0.01689775189985846 0.9998082835053087 0.7710540324983204
0.9999493474714582 0.0002940165384205845 0.010060618553547031 85.83587481513726 -0.00045855492648857554 0.9998661215810817 0.016356302815274948 0.41770996756936896 -0.010054462630306635 -0.01636008767338101 0.9998156106565526 0.7654455731494879
0.9999432738820724 -0.0008363151151484308 0.010618361221539677 87.19210458162854 0.0006610070029187567 0.9998636028223647 0.016502691320586283 0.42514920355271024 -0.010630714357229981 -0.016494736375845347 0.9998074372518672 0.7774077594169317
0.9999277925850164 -0.001973086639907076 0.011853967486360384 88.57344139489942 0.0017907707788288583 0.9998802535523041 0.015371131910098128 0.4281388650019921 -0.011882876590874853 -0.015348794261809769 0.9998115881298009 0.7820251368424961
0.9999164338550034 -0.0030806716610605614 0.012555268567795689 89.9584356582552 0.0029221778595658857 0.9999160626239023 0.012622542662611489 0.42920556092522866 -0.01259310062096714 -0.012584799117551403 0.9998415057637492 0.7969997834159339
0.999907104188885 -0.003994768795610343 0.013031685035634216 91.33530016526382 0.0038418597162471935 0.9999237309913512 0.011737645175094161 0.43848384886105873 -0.013077580300614938 -0.011686488891251817 0.9998461896066193 0.8029909080736396
0.9999125389801364 -0.004312304560786449 0.0125027364873469 92.7066988200362 0.0041768766409015666 0.9999325454550859 0.010837815335162282 0.4508210247230897 -0.012548629081445746 -0.01078464506079863 0.9998631022990541 0.8080805974396487
0.9999110055971003 -0.004512999821831895 0.012554430230149198 94.02975168486648 0.004398115021321552 0.9999483416882491 0.009163544029465197 0.4614655911266278 -0.012595136762050839 -0.009107512697156497 0.9998792005749576 0.8224183708425149
0.9999147063340561 -0.0048437222712624526 0.01212923787536689 95.40949556115993 0.004738915171707384 0.999951317825885 0.00865474790340119 0.47760105599293196 -0.012170568592868624 -0.008596530278835866 0.999888982301181 0.8175226280118963
0.9999235802120923 -0.004606766925725254 0.01147220267966868 96.76276680210925 0.004509822514972213 0.9999540273507721 0.008461955202833826 0.48112244540714 -0.011510657527474401 -0.008409570944070847 0.9998983867772874 0.8183071880848558
0.9999298509071574 -0.004426973280768092 0.010986135460727024 98.09903248787353 0.004322109909492226 0.9999450519542352 0.00955052030896844 0.49934493809842184 -0.011027811692278186 -0.009502367063690757 0.9998940405810339 0.8291030706793314
0.9999295724267078 -0.004084367842160573 0.011143075242997173 99.46776131315434 0.003960313500353736 0.9999301913937755 0.01113230686723857 0.5196816809000347 -0.011187765796623018 -0.01108739277456047 0.9998759441140398 0.8291811273647106
0.9999133157239622 -0.0041003209267563975 0.012511930554851485 100.81405329318362 0.003958192309342637 0.9999276032047277 0.011363144938388553 0.5225494933507143 -0.012557617272161285 -0.011312635305098814 0.9998571550631119 0.8325430987665133
0.9998921721384523 -0.003978760023656944 0.014135542611513034 102.14218117286491 0.003812063625892388 0.9999231093661168 0.011800149427392836 0.5459137058095024 -0.014181405683496242 -0.011744991454692537 0.9998304570818841 0.8337146724890095
0.9999046615865862 -0.003773016716994167 0.01328277389206537 103.4846776339078 0.003624211453819217 0.9999306073081278 0.011209177478154801 0.5545785294664191 -0.013324144578638302 -0.011159969231680245 0.9998489497209043 0.847876594208178
0.9999327033026535 -0.0036754339661446605 0.01100363808056962 104.81158020657995 0.0035527107424945443 0.9999315052629233 0.011151817296067113 0.5616362282428653 -0.011043872157346606 -0.011111974072378312 0.9998772709287811 0.8480643545703179
0.9999435807348137 -0.003755442877625281 0.009936397537935371 106.14223044150752 0.0036584105225075506 0.9999456233925162 0.00976556657857295 0.573646489337548 -0.009972531257800128 -0.00972866419117386 0.9999029461469585 0.8556092023904357
0.9999342217530317 -0.0034008127347006515 0.010953841330891414 107.49275083971436 0.003304869946492674 0.9999561249049992 0.008765049892309074 0.5805147294407579 -0.010983169023356448 -0.008728272321679456 0.9999015887878582 0.8613823428589973
0.9999128684112791 -0.0028669617971195907 0.012885500206893667 108.81487825183723 0.0027945464013564205 0.9999802217740446 0.00563440956477602 0.5890287620175905 -0.01290139899153056 -0.005597909501486285 0.9999011037664047 0.8537654340690544
0.9998997257947752 -0.00195546263606291 0.014025495407018265 110.18002434925933 0.0018958133076550734 0.9999891079588084 0.0042649566995689 0.6016319893066129 -0.014033682604214993 -0.0042379393135864515 0.9998925420378624 0.8709677607648635
0.9999142773958899 -0.00141577405830592 0.013016660234913857 111.48499142875701 0.0013656746108224951 0.9999916293825368 0.003856954461307523 0.6066150110872713 -0.013022011853500767 -0.003838847310726641 0.9999078409826639 0.86946041531005
0.9999413634188522 -0.0006526583369554273 0.010809429269960542 112.82009267275684 0.0006000698893918925 0.9999879732080826 0.0048675820813691255 0.6181246247418312 -0.010812476135230188 -0.004860810249971002 0.9999297289727608 0.8774329007538315
0.9999607613266706 0.00034971033659579755 0.008851751785145023 114.16965119308972 -0.0004224255995310684 0.999966173240748 0.008214251692478702 0.618808503474057 -0.00884857975034417 -0.008217668582694633 0.9999270836213343 0.8871814685317337
0.999964210055892 0.0018056016594957737 0.00826549514204405 115.4778743739161 -0.0018977115319375219 0.999936039868744 0.011149657508410748 0.6342095151865459 -0.008244834639789873 -0.01116494398823993 0.999903678724857 0.8796527960946262
0.9999364229104335 0.0032663500047034498 0.010792640767362843 116.8483194184886 -0.0033919076590391466 0.9999265478734649 0.01163588502382774 0.6445753479968391 -0.010753841151845243 -0.011671752889003474 0.999874054611369 0.8899617612339108
0.9999110982020174 0.004119593134312087 0.012681665696713215 118.14281221117994 -0.004273723005630139 0.9999170439135615 0.012150744126842201 0.6491231234190057 -0.012630557553275771 -0.01220386183028025 0.999845755490476 0.8826916351505443
0.999892634709895 0.005061440221061047 0.013751395412577869 119.51579079785539 -0.005222701200673156 0.9999177214316601 0.011716388483042815 0.6429187383631016 -0.013690962167536996 -0.01178694997892655 0.9998367993653371 0.8933832399034217
0.9998940808267648 0.005989039668159938 0.01326493616465868 120.83759444421298 -0.006146536129616733 0.9999107244332415 0.011864369220388915 0.6439763928593345 -0.013192695752065959 -0.01194464596560327 0.9998416265647024 0.8969835049742593
0.9998859777115521 0.0074060621811659596 0.013159856335930128 122.1423048785304 -0.007583709745017866 0.9998800983636338 0.013500971921807057 0.6396466577986184 -0.013058289410062025 -0.01359923304083009 0.9998222551725803 0.8980236151286707
0.9998835337435278 0.008509588601992952 0.012669090353315128 123.51137350903545 -0.008702950602057297 0.9998452800782395 0.015286417372459584 0.6446129082652127 -0.012537049069608897 -0.015394895488171245 0.9998028903706643 0.8948029414565485
0.9998798274647245 0.009720211814805998 0.012076759142585599 124.84719944396922 -0.009913652352766606 0.9998218446479524 0.016062330521882804 0.6451753495312919 -0.011918478348396834 -0.016180125062589246 0.9997980563227845 0.8971780702577872
0.9998771306555598 0.01071907402982752 0.011437877598031164 126.17727360961358 -0.010910137229305387 0.99979976614252 0.016774877853508827 0.6328656537869111 -0.011255776190125251 -0.01689760554947042 0.9997938679693191 0.8934326080663912
0.9998708634010081 0.01162939320738418 0.011091155726561492 127.51193044091404 -0.011812716793777468 0.9997922776302487 0.016609073209235638 0.6308277294513497 -0.010895698402250258 -0.016737945051522544 0.9998005425842594 0.9026022233440054
0.9998498206090237 0.012526541386700932 0.011975891991433351 128.8368100236891 -0.012720496717455947 0.9997868964103783 0.016258866177100446 0.6205083399138699 -0.01176967252579277 -0.016408763725245634 0.9997960928517599 0.9023930369312096
0.9998256886429582 0.013451410454604032 0.012948045660112947 130.2139810390715 -0.01365747303491919 0.9997793526360468 0.015959933362880645 0.6134307522816785 -0.012730505093477461 -0.016133988949695758 0.9997887920159118 0.9085109112844973
0.9998119316216256 0.013839367559419757 0.013585775376807005 131.53644757095847 -0.01403001488593617 0.9998030087780094 0.014039313399879122 0.5948940783020651 -0.013388803879891024 -0.014227281679748105 0.9998091439803253 0.9032004586734239
0.9998076353878309 0.01382297973013164 0.013914648812480624 132.88429004595295 -0.014007595700608392 0.9998139772514304 0.013258889673142434 0.5811151278540789 -0.013728783008067246 -0.013451249906853846 0.9998152751348925 0.9160899849052521
0.9998008924911247 0.013651802129706937 0.014553476305056932 134.20446613639675 -0.01381296928634233 0.999843739112502 0.011031737715583764 0.5655690445264476 -0.01440059906549335 -0.011230567934979912 0.9998332346398637 0.9001562397991986
0.9998048966144137 0.013141231005533936 0.01474709305255534 135.5388843606408 -0.013281232707724123 0.9998672758839421 0.009436073027908318 0.5489151432526923 -0.014621134142220684 -0.009630091592707384 0.9998467301403308 0.9152741049677651
0.9998272874455623 0.011950080030955127 0.014233441836137298 136.88704104787 -0.012081489218597013 0.9998848530274609 0.009182499905459477 0.5390283584492049 -0.014122071289646576 -0.0093528751465315 0.9998565351234063 0.9143498409558896
0.9998186174470346 0.010995288772260178 0.01555107170309691 138.21996064337793 -0.011116155173557291 0.9999085104704335 0.007707255215466939 0.528043733752684 -0.015464905446126971 -0.007878725380006344 0.999849369848243 0.9177968887631932
0.999823580561337 0.00993098367056934 0.015943127574052526 139.55924895114705 -0.010039749298961292 0.9999267730865867 0.0067566188777778875 0.50758724859285 -0.015874860236286654 -0.006915491882753055 0.9998500711529195 0.9201273592479019
0.9998320631881552 0.00863954968566715 0.01616179452120296 140.9190796461069 -0.00872898888848523 0.9999469314611821 0.005471655540191832 0.5081388226518279 -0.016113664198480704 -0.0056118127725984625 0.9998544180947063 0.9206888614033351
0.999848575045736 0.007406369221823502 0.01574714812153086 142.24161909693052 -0.007477724724892345 0.9999620180469256 0.004477286729538719 0.5018598461138165 -0.01571338957545892 -0.004594361595455385 0.9998659816343288 0.9069037499662184
0.9998608659026332 0.006412721680100514 0.015398890774669388 143.59156960536328 -0.006474627872211529 0.9999711440803745 0.003973688526206411 0.4949073882748027 -0.0153729642669529 -0.004072837738050916 0.9998735339843767 0.898110058003961
0.9998961074368319 0.005728491764000063 0.013227196028688017 144.9451094616674 -0.005750139296831455 0.9999821891627746 0.001599142048681278 0.48351073019967183 -0.013217799769197265 -0.0016750341293864225 0.9999112380756238 0.9021081521784364
0.9999144649850048 0.004606025487473946 0.012241210845350119 146.2475362309221 -0.004593142538275824 0.9999888679022474 -0.0010803301368715937 0.4940529499171614 -0.012246050603139696 0.0010240121045633557 0.9999244899710352 0.9175561517190339
0.9998750079948158 0.0037893864922882944 0.015349558214464917 147.62337506101238 -0.0036299655135419787 0.999939323490175 -0.010400610000451295 0.48567751696393585 -0.015388038787892378 0.010343591640385586 0.9998280944113539 0.9066261572738205
0.9998551687198353 0.002296136031357034 0.016863254239774198 148.9504427612532 -0.002000739480497481 0.9998446303362739 -0.017513201570557777 0.4689185857887365 -0.016900846894784213 0.01747692613262735 0.999704415528507 0.9086797977658211
0.999902527224808 0.0014212234758438948 0.013889426671894474 150.25104813925944 -0.0011517553629466618 0.9998113380989343 -0.01938973100386991 0.4387251534410389 -0.01391436340714684 0.019371843811321128 0.9997155206149017 0.9158311018194579
0.9999392864934266 0.001420385161432394 0.01092729760782653 151.64785344634674 -0.0012176959262449499 0.9998275033655264 -0.018533233136435533 0.45693731179138003 -0.010951737015105649 0.01851880179308176 0.9997685299290533 0.921185115481783
0.9999600155299988 0.002472472481718139 0.00859384786178986 152.95609469579117 -0.0023396222785474715 0.9998781424753636 -0.015434583493254701 0.4645749471303841 -0.008630962219716175 0.015413859991698146 0.9998439475294723 0.9181267736990003
0.9999554150817924 0.003321605053402449 0.008839388466939406 154.33152133937443 -0.0031835100731644403 0.999873382439536 -0.015591162642189644 0.46584601447476726 -0.008890056929756448 0.015562327229253365 0.9998393775297088 0.9244709122487078
0.9999242984706168 0.003758195187721812 0.011716368762365363 155.65368106844713 -0.0035310997705731554 0.9998066605888215 -0.01934354612369256 0.4673139542544799 -0.011786800348483234 0.019300710120618562 0.9997442442576926 0.9138244925025637
0.9998852034463529 0.004322243844305344 0.014522332360741113 156.99586062712964 -0.003915463476633538 0.9996024004121382 -0.027923291998877355 0.46369479048564266 -0.014637249564334577 0.02786322483923539 0.999504573089463 0.8995604680339022
0.9998663698955126 0.004367319593324446 0.015753376512350644 158.34961146069642 -0.0038998234012607856 0.999554644122222 -0.029585550377459125 0.4429030084682986 -0.015875570207368784 0.029520161470899132 0.9994381053058379 0.9124273908403094
0.9998606373297804 0.004159649680769962 0.01616796935358374 159.67720202382094 -0.0036606008242251638 0.9995196501876836 -0.03077448440341844 0.4321357526131367 -0.01628821414676375 0.030711011107155576 0.9993955812773465 0.9248637768378235
0.999851053247131 0.005326647019301134 0.01641639887839261 161.04019766957802 -0.004833653011793261 0.9995404497122846 -0.029925326857451386 0.43827080564015325 -0.016568256370671653 0.029841518401306086 0.9994173185713464 0.9061090104899062
0.9998496435369294 0.006397036131515042 0.01611732756406592 162.3805833295517 -0.005945148560571025 0.9995921749046904 -0.02793096987044263 0.43329466343000916 -0.016289429936865447 0.027830950361835017 0.9994799110909078 0.8916136006621102
0.9998664467973423 0.007429633611875195 0.014556411413897696 163.73279579031583 -0.007062859183652826 0.9996602920585985 -0.025088174534414528 0.44444363710921253 -0.014737862430123568 0.024982014044320947 0.9995792586810113 0.8886201708375239
0.9998704510672187 0.007987759466728944 0.013974146891243315 165.07995838881192 -0.0076545612979756405 0.9996889316142515 -0.023737053298413573 0.44096371379710436 -0.014159405848124298 0.023627012224525453 0.9996205657745193 0.8744689544581641
0.9998486089373964 0.008343852968592462 0.015268900536455843 166.4212828989863 -0.007995818876584647 0.9997100177692569 -0.022714472309189992 0.44287484220744217 -0.015453999043824333 0.022588946177956537 0.999625386544441 0.8729481822227135
0.9998507958924432 0.007985227630172587 0.015317378788234297 167.75557667853852 -0.007654680990986709 0.9997391477161423 -0.02151841961501235 0.4306924640177724 -0.015485212693862115 0.02139795933017562 0.9996511068989671 0.8632933825536413
0.9998848791268982 0.007595468849921293 0.013135347210415418 169.14700401382257 -0.007351412199505648 0.9998012843414783 -0.018529667234018457 0.4296640795188056 -0.013273478521519983 0.018430970730820798 0.9997420237670609 0.8741366669200179
0.9999199565356919 0.00692946601074494 0.010585982357153613 170.55651586699395 -0.00676511665530088 0.999857246391358 -0.015482894927351089 0.43139020174613557 -0.010691759364118123 0.015410040217246485 0.999824092999465 0.8692442290041933
0.9999378373180349 0.006588725642564342 0.008995009401780685 171.90727019373736 -0.0065004533787603475 0.9999307742909391 -0.009807687382531143 0.4344093329132596 -0.009059006877228376 0.009748606071121784 0.9999114456160947 0.869833674914368
0.9999255797407262 0.006909633980846595 0.010054448688187176 173.2587018379574 -0.006845197798311307 0.9999559040866433 -0.006429086199904666 0.43627195295889903 -0.010098427960561627 0.006359783055619163 0.9999287849203116 0.8726857223662793
0.9998922345670226 0.007505398754802563 0.012616982289661502 174.63113155836805 -0.007487846022329874 0.9999709319330373 -0.0014378633171761445 0.4446213224695752 -0.012627407275925748 0.0013432343445617583 0.9999193689028048 0.8964602732369324
0.9998595565130243 0.0076589878809022165 0.014906614445225633 176.05130813502973 -0.007656758242987549 0.9999706652462621 -0.0002066401616003509 0.44574863905819595 -0.014907759817855222 9.247479730698788e-05 0.9998888688977516 0.8878860887427916
0.9998457728094338 0.006658257339362653 0.01625109855699271 177.4548632470681 -0.006607996606434533 0.9999732228922973 -0.003144499839620038 0.43631595249360244 -0.016271600288712138 0.0030366276681285955 0.9998629975733923 0.8797138543679677
0.9998551461988344 0.005384566097513201 0.016145992309209534 178.85243209118312 -0.005303720953587581 0.9999732049640851 -0.005045780207490304 0.4352305976242868 -0.016172729013806484 0.004959415469320584 0.9998569132803197 0.8722849922142398
0.999916232276774 0.003268123623386962 0.012523889068607753 180.19070063332524 -0.0031702397510165073 0.9999643379344093 -0.007827671385495614 0.431406477502259 -0.012549024238625387 0.007787311948322868 0.9998909339339356 0.864647912322728
0.9999629174093594 0.001525009982667531 0.008475738948039865 181.6052672666708 -0.0014827661917311463 0.9999864598670295 -0.004988134623933779 0.4368139066951822 -0.008483231140503875 0.0049753821118173665 0.9999516390117366 0.8753314217555069
0.9999684627206407 0.0007886157645095191 0.007902635591666663 182.99943798176895 -0.0007814418977324065 0.9999992798700077 -0.0009108282090433674 0.45809136184795507 -0.007903348194226167 0.0009046240334458507 0.9999683588707589 0.878640823515855
0.9999589048122155 0.0005340833313063266 0.00905005203022391 184.32530463064427 -0.0005525383585571513 0.9999977729891549 0.0020368402226894717 0.47874715746263097 -0.009048944033248418 -0.0020417570192516696 0.9999569729944171 0.8723667747103938
0.9999302520595009 0.0009000756327929323 0.011776284646613762 185.77579602769958 -0.0009568765057687872 0.9999879327542048 0.004818582086539299 0.47618933340852865 -0.01177180545097167 -0.004829514450466229 0.9999190469165978 0.8762609967785273
0.9998933695727723 0.0013168116414882215 0.014543572171523666 187.1418119101107 -0.0014133604239478892 0.9999770204627866 0.0066303060773996855 0.48662812679946044 -0.014534507102736382 -0.006650154394360063 0.9998722536153365 0.8887067213216943
0.9998847915487962 0.001574308133954735 0.015097191239427337 188.59338357483583 -0.0016418917186185901 0.9999886829484288 0.004465217424827862 0.49180667258411986 -0.015089990755623717 -0.0044894909473144765 0.9998760606445327 0.8743454597101875
0.9998731061006949 0.001377664290408417 0.015870530477947627 190.01354917265797 -0.0014398367074863847 0.9999913321834523 0.003906715784407962 0.48660787624980223 -0.015865010772271978 -0.003929071018358033 0.9998664229956561 0.8746528039245374
0.9998606227838999 0.0017343141811650702 0.016605034191859505 191.35920926162694 -0.0017433384729325671 0.9999983404596192 0.0005290075387584654 0.4961600621955249 -0.01660408916985833 -0.0005578820021114466 0.9998619869714575 0.8725197039397631
0.9998580209621196 0.0019496425242812683 0.01673728806411246 192.8184801126377 -0.001940657067267746 0.9999979639755519 -0.0005530776599820331 0.4973892403279127 -0.0167383322903099 0.0005205177981794798 0.9998597688142877 0.8689638514392661
0.999844368740162 0.0023500757524867267 0.017484720259257118 194.19115455893956 -0.002287451198992042 0.9999909008230838 -0.0036008107489297744 0.48936538256366124 -0.0174930233407245 0.003560254905895402 0.9998406466629599 0.8569644186769377
0.9998135648069346 0.0028472054657800606 0.019097880748532903 195.63427977004412 -0.002682543808136452 0.999959058460212 -0.008642069317204331 0.49296455708289616 -0.019121704598883973 0.008589227229592189 0.9997802686534834 0.8473357393481732
0.9997983667700537 0.0031774095160660596 0.01982750293658375 197.0467444423825 -0.002936837241645461 0.9999218658291785 -0.012150605898892386 0.48117368191955184 -0.019864561181891453 0.012089925783946196 0.9997295798882764 0.8480359725536472
0.9998624709825759 0.0032228758107001798 0.016268134254625144 198.46145944523192 -0.0030579721026802124 0.9999437981129653 -0.01015132612207011 0.4814542815657915 -0.016299936418186847 0.010100182519449689 0.9998161322892509 0.8440835511421799
0.9999310955671352 0.003350567868734956 0.011250680551222495 199.90019799405465 -0.0033069988592365545 0.9999869698684573 -0.003888939681471558 0.4988621916440627 -0.011263564109715156 0.003851465728539834 0.9999291466575461 0.8419397914525607
0.9999350600691496 0.004504480836599722 0.010468299618320397 201.34812623558068 -0.0045725200210701925 0.9999685197035014 0.006484725333042157 0.5022194020942379 -0.010438759752151276 -0.006532170725018777 0.9999241786457891 0.8311485663417005
0.9998834410436849 0.005682993019520434 0.014170671013759413 202.77896590754608 -0.005860341642985468 0.9999046332472961 0.012505231162118118 0.5222065858836972 -0.014098252461479386 -0.012586818538876363 0.999821389687479 0.821988249254433
0.9998444143844191 0.006651569645732897 0.016337185973290178 204.20729281794107 -0.006882506478377557 0.9998766158607415 0.014120345585224445 0.5191025408610502 -0.016241247761579026 -0.014230589450863982 0.9997668289131361 0.8155506442146132
0.9998407142433586 0.006084502584948488 0.016778705838777965 205.68789821990248 -0.0063265352836571025 0.9998761580440109 0.014409841305614613 0.511744152160391 -0.01668895121435521 -0.014513697097642298 0.9997553858339162 0.8143392682319305
0.9998388012173856 0.004918146086389351 0.017267988280462703 207.12261990354006 -0.005095938578093025 0.9999343057080248 0.010267213751481211 0.5058495508090124 -0.01721635821506881 -0.0103535552967681 0.9997981800856246 0.814067138088042
0.9998505038659115 0.003840373536169308 0.01685886859150922 208.55612517641174 -0.003979550476879586 0.9999582172017253 0.008229643294165765 0.5000754968959288 -0.01682655927648469 -0.00829550371285135 0.9998240102743408 0.8054268597643599
0.9998585785088924 0.003361392575861144 0.016477985985190836 210.04367505614664 -0.0035051731438579333 0.9999559716303725 0.008704513885853134 0.5035589623219954 -0.016448001197980778 -0.008761041074460189 0.9998263386288055 0.800530153766138
0.9998596615912022 0.003201237797602313 0.01644412354885401 211.49947683564105 -0.0033599264152525867 0.9999479699819501 0.009631626210623313 0.5105591254132505 -0.01641243483493112 -0.00968552556861425 0.9998183947983998 0.7948947751255301
0.9998499215107511 0.002988018708984752 0.017064764842785254 212.9445705850048 -0.0031732477440095485 0.9999362350105166 0.010837730931704538 0.5119795106970244 -0.01703129336544764 -0.010890255147958845 0.9997956478146484 0.7785274390473043
0.9998500375660498 0.002623343175041393 0.017117840101909195 214.3842622743522 -0.002799361596391101 0.9999433755573164 0.010266900880611694 0.5230842564710608 -0.017089937209399497 -0.01031328025536096 0.9998007653010439 0.7800482031738872
0.999859381719194 0.002396987240225256 0.01659732629917167 215.8572139121704 -0.0025790264349304297 0.9999366632275795 0.010955279820349382 0.5219637192918161 -0.016570015412150595 -0.010996544251010027 0.9998022357465384 0.7801008958466604
0.9998663063976996 0.0020066594627223522 0.01622783560497545 217.32213444127143 -0.002173548155498877 0.9999448689477065 0.010273010930090044 0.5264589015654662 -0.01620632651272859 -0.010306909476399262 0.9998155442870491 0.7695152300656416
0.9998664698932244 0.0014417721347787659 0.016277704886542167 218.78540081869235 -0.0016053813854373764 0.9999482837674326 0.010042536590584048 0.5223140520534404 -0.01626238401555179 -0.010067327534023307 0.9998170751604782 0.7692607748265328
0.9998709975073516 0.0012106206531086615 0.016016327334565872 220.2693483609695 -0.0014113266367131658 0.9999205509086785 0.01252597411819129 0.5301628353242204 -0.015999890648945043 -0.012546962505696783 0.9997932672463355 0.7715255193131926
0.9998723573763002 0.0011864641462799711 0.01593302411941044 221.76466420654833 -0.001347844373250055 0.9999478654167671 0.010121747082229217 0.5381833919148373 -0.015920184367827557 -0.010141930352783421 0.9998218286166859 0.7529635839178895
0.9998753518687641 0.0006802150546448739 0.01577396693272337 223.24836878487233 -0.0008724587404100963 0.9999253950416446 0.012183725479402515 0.5388537517657327 -0.015764502563084502 -0.012195968936111409 0.999801349669347 0.7545399157084995
0.9998742757823355 0.0003527415769184822 0.015852703306696088 224.71656220471468 -0.0005292323092364285 0.9999379157129569 0.011130347379597299 0.5456620326101045 -0.015847792966627253 -0.011137337788159308 0.99981238598303 0.7408204763340761
