1.0 -2.1684043449710093e-19 -2.5135375298442207e-37 0.0 2.1684043449710093e-19 1.0 2.3183291766350204e-18 -8.673617379884035e-19 -2.51353752984422e-37 -2.3183291766350204e-18 1.0 0.0
0.9999995356154003 -0.00019404397260008513 0.0009439893644864587 1.3122057650963286 0.00019433292712057437 0.9999999342940772 -0.0003060172455079553 0.0027257239477112187 -0.000943929921658764 0.0003062005516146306 0.9999995076186413 0.01566757209488284
0.9999990224104697 -6.197118039345222e-05 0.0013969028877939588 2.611764546237429 6.365400497054683e-05 0.9999992723585347 -0.001204670315388811 0.005261557598976615 -0.0013968272165080652 0.0012047580561790861 0.9999982987144295 0.02680047250960219
0.9999989854675391 -0.0006805913988008346 0.0012513429747313793 3.9377960999762904 0.0006829590869010018 0.9999979756911562 -0.0018926649136301317 0.011663927411342612 -0.0012500523101657002 0.0018935176095155617 0.9999974259768294 0.047434534101171016
0.9999990634341778 -1.3329648253653828e-05 0.0013685587630474871 5.246161743652693 1.6809666172021238e-05 0.999996766799984 -0.0025428541078340123 0.014825688846965675 -0.0013685204428724544 0.002542874731299707 0.9999958304612567 0.060027457860762204
0.9999982764137276 -0.0004177138210584782 0.0018090563113603983 6.580273470164521 0.0004227526192841692 0.9999960302009522 -0.002785832471527153 0.023047919821103297 -0.0018078854490438654 0.002786592453198608 0.999994483211134 0.0704134542815881
0.9999955597656626 -0.00022985402272804334 0.0029711304393022393 7.907937970536548 0.00024131159128920734 0.9999925344973903 -0.0038565163297400785 0.023485612156735402 -0.0029702218225280837 0.0038572161741180842 0.9999881497626415 0.09284543863679239
0.9999939040213257 0.00013196787996327028 0.00348919828419289 9.225888075825585 -0.00011787674499758778 0.9999918386840856 -0.004038399471902389 0.028229081365506333 -0.0034897027467601562 0.004037963558568938 0.9999857583111066 0.10195059763646923
0.9999963835207913 -0.0006620777944377422 0.002606645033873869 10.565986947118573 0.0006701663030140517 0.999994959928115 -0.0031033845223887475 0.03846692456680489 -0.002604577214215644 0.0031051201847287664 0.9999917871693614 0.11935693348072808
0.9999999104765785 -0.00022058643508412717 0.0003610934221780232 11.885139886914905 0.00022074749305383987 0.9999998761552039 -0.00044604946042053315 0.04725218775336086 -0.0003609949849981366 0.0004461291309563634 0.9999998353256961 0.12920450974764475
0.9999996236792721 -0.0005900092890474183 -0.0006360270064781318 13.238236113797525 0.0005916840525161877 0.9999963501737623 0.0026361997526864822 0.05918073208778053 0.0006344693027482062 -0.002636575087666575 0.999996322953495 0.14770251655836322
0.9999996574003422 -0.00045939032823819574 -0.0006885925677218418 14.576016670441028 0.0004630143677385995 0.9999859953016863 0.00527207911465812 0.07123299618736158 0.0006861609820356892 -0.005272396136697993 0.9999858654111489 0.1600433913548593
0.9999999449617083 0.00022283527711993453 0.00024580687489747234 15.910257527222676 -0.00022425349677434187 0.9999832428111602 0.005784791028688472 0.07825523724163759 -0.0002445137003532928 -0.005784845833354682 0.9999832377453808 0.1768597206568004
0.9999958865888453 4.0944127391079584e-07 0.0028682407886483716 17.274118649189532 -1.1912030267976573e-05 0.9999919585915887 0.0040103129880154015 0.08061847062412478 -0.0028682160819651094 -0.004010330658520312 0.9999878452183889 0.1918628351487858
0.9999856098918357 0.0006983707470638344 0.005319049497144404 18.615822368576985 -0.0006956685878318472 0.9999996280497145 -0.0005098486525590447 0.07649591304109789 -0.005319403582106802 0.0005061410201295008 0.9999857237814941 0.2121614419957384
0.9999941358276725 2.799108768165669e-05 0.003424547673157093 19.976353535161387 -1.903058658773644e-05 0.9999965766333824 -0.0026165548633007157 0.07982794540257067 -0.0034246091898915104 0.002616474348221075 0.9999907130138167 0.22888098808561183
0.9999987428544004 0.0006262659359794208 0.0014567362823326906 21.31632818416786 -0.0006214597943628953 0.9999943705561889 -0.0032973692021881877 0.07979869256618127 -0.0014587931117273198 0.0032964597538845453 0.9999935026167661 0.234395545599855
0.9999996716536718 0.0006518475404467094 0.00048144296921578326 22.687656422298005 -0.0006511872072873061 0.9999988489014758 -0.0013704564730991884 0.08820360523160052 -0.0004823357437087708 0.0013701425136122458 0.9999989450303048 0.26329629587951786
0.9999978418526394 0.0013482127620574969 0.0015806999752504389 24.05365699767637 -0.0013498459505996293 0.9999985558310008 0.0010325947037948433 0.10086930045470816 -0.0015793055350948487 -0.0010347261767640137 0.9999982175662944 0.2598206592329601
0.9999786025931957 0.002424327870872511 0.00607593532999271 25.425624138307708 -0.002431760851225157 0.9999963036203358 0.0012162585365621099 0.10039043309866233 -0.006072964261560541 -0.0012310077334534758 0.9999808016782313 0.2741901233451029
0.9999719027883968 0.002320710490694598 0.00712796861465965 26.802440459511867 -0.002315880601614148 0.9999970831999032 -0.0006857760020329494 0.09967766005212206 -0.007129539311362289 0.000669249209395903 0.9999743605586613 0.27643148096481945
0.9999738098287025 0.0027042862282852524 0.0067131581737108785 28.16885244721109 -0.002674215480713934 0.9999863696460601 -0.004484316408972291 0.09898510271992465 -0.006725193546096975 0.00446624653244477 0.99996741167584 0.30132990152582
0.9999894546662826 0.002258566608870005 0.0039986789198355535 29.546539774385305 -0.002240152585577419 0.9999868945183289 -0.004603532120213339 0.10511053963696881 -0.004009023899151836 0.004594525923509688 0.9999814088566418 0.2966158247911638
0.9999914877319186 0.0032284164798410675 0.0025693950137616124 30.92436802397498 -0.0032157243946397945 0.9999826837939553 -0.004928613279237519 0.10425570900553885 -0.002585262137921598 0.004920308859334797 0.9999845533709043 0.32104648914405914
0.9999933340899537 0.003471451790200615 0.0011317235203496196 32.308135720013034 -0.00346918224059347 0.9999919799042273 -0.002001225076039532 0.11372360449750239 -0.00113866160019141 0.0019972855809151343 0.999997357146542 0.3241228725230675
0.9999923247979191 0.003909766570927785 -0.0002531217373995309 33.69290853376216 -0.0039099637401283985 0.9999920493601634 -0.0007831985773590972 0.11778445270822877 0.0002500576013036052 0.0007841822629668169 0.9999996612646299 0.3444479230692035
0.9999909609028134 0.004251615447105191 -4.3344641424119314e-05 35.08450850856512 -0.004251624428556477 0.9999909399073246 -0.00020926773292956918 0.12015378593073973 4.245452279174699e-05 0.000209450126474519 0.9999999771641287 0.3565428343177215
0.999991711365819 0.003753609645493543 0.001577217261503494 36.476804594499384 -0.003752818972845581 0.9999928311565678 -0.0005039694727682415 0.11803012979892248 -0.0015790976593539046 0.0004980462846863734 0.9999986291993008 0.37799345870776146
0.9999883275785313 0.00370706356032651 0.0030987717650067703 37.87556699487777 -0.0037093488807484237 0.9999928523761368 0.0007320707062027557 0.11951920126761151 -0.0030960357835132096 -0.0007435565867431507 0.9999949308301666 0.3889629436405502
0.9999886732656282 0.0034009169421509475 0.0033297303796459496 39.268091565336555 -0.0034105298677557408 0.9999900207807786 0.0028855891736361723 0.1263661313549116 -0.003319883502427837 -0.002896912634245453 0.9999902930882478 0.4022483407383439
0.9999865691156428 0.0037104948562660545 0.0036185378604150307 40.666043931182216 -0.0037294600855515437 0.9999792717473025 0.005248542960166951 0.1332210455041238 -0.003598988162791274 -0.0052619676601118855 0.9999796792838082 0.4165840170942293
0.9999847294596994 0.003794749659779737 0.004017551795748233 42.083233919787155 -0.003824667408921743 0.9999648188390748 0.007465453994742501 0.13638908580083126 -0.0039890809246053305 -0.007480705792643265 0.9999640624913582 0.4261949483011362
0.9999851218429932 0.0033254491751413375 0.0043240583295721 43.4768840024021 -0.003362272123491121 0.999957909637109 0.008536631674772133 0.14015822218779705 -0.004295488193626491 -0.008551043326207637 0.999954213171389 0.4369614896327146
0.9999860328487652 0.003024249531541232 0.0043345152161680285 44.90301555776631 -0.0030576056420195067 0.9999656058910833 0.007709609757738526 0.14241143714183258 -0.004311050350681376 -0.007722755314633453 0.9999608861826668 0.45092780547585587
0.9999899587238124 0.0022255769016456353 0.0038896348161402785 46.299872542944996 -0.0022539708880563625 0.9999707352132725 0.007310836632245014 0.14336447398918123 -0.003873250157666506 -0.007319530345755978 0.999965710616486 0.46472017564386486
0.9999892294146806 0.0013961703564720745 0.0044262583486730555 47.731022136938954 -0.0014264855947406247 0.9999754990198194 0.006853210846825335 0.14593867940469896 -0.004416581651173991 -0.006859451027506179 0.9999667203152912 0.47710954916764675
0.9999862057914554 0.000308667512838835 0.005243372118741812 49.13547863149129 -0.00034705173161600283 0.9999731395068147 0.007321189792656317 0.15040887340363085 -0.005240971465736428 -0.0073229085240108386 0.9999594527923841 0.48730609459661733
0.9999853293780857 -0.0007383610243046389 0.005366176627648986 50.55820569606652 0.0006962677676903701 0.9999690100573976 0.007841819688315533 0.1570819291294454 -0.005371800424160777 -0.0078379683481222 0.9999548539871073 0.4988398507525345
0.9999829075551999 -0.0018887480387355573 0.005533283681036267 52.004850768725866 0.0018433474628423141 0.9999646915723318 0.008198638837182144 0.1638344639247839 -0.005548573472513677 -0.008188298937965757 0.9999510813499443 0.5098841892898331
0.9999733740830892 -0.003122307085157314 0.006595629109358009 53.41342862512186 0.00306597872180261 0.9999588915211464 0.008533173048612312 0.17192670736427593 -0.006622001159746797 -0.008512723786549539 0.9999418396258726 0.5209635148067777
0.9999649744714548 -0.0036777808860102516 0.007518228385543707 54.863176981669454 0.0036218501040086123 0.9999657675538915 0.007439483999636291 0.18393839213493401 -0.0075453318102513085 -0.007411993531516957 0.9999440635954403 0.5294634110710572
0.9999609929390638 -0.00433969056625094 0.00769283342539754 56.272388491885074 0.004290207223418592 0.9999700773986886 0.006437268771844243 0.19087535988172916 -0.007720538990371589 -0.006404013823378801 0.9999496896767598 0.5401511882771719
0.9999612465453593 -0.004844806094878069 0.007350732028449578 57.6990984906441 0.004811307238143958 0.9999779917703288 0.004568073734115081 0.19906820904525394 -0.007372701683319738 -0.004532530075262695 0.9999625490192148 0.5516030940914894
0.9999596446371425 -0.00472261739954147 0.007642380653773364 59.15278375907966 0.004693187533881289 0.9999815206507545 0.003864239611672494 0.2116333819038376 -0.007660488752778279 -0.003828216543267332 0.9999633301627446 0.5607025794837135
0.9999554951499033 -0.004429545672245573 0.008329876628683635 60.55713810030791 0.004403656634002603 0.9999854248874731 0.0031237510895572346 0.21950256264003212 -0.008343592017914358 -0.0030869301510069286 0.9999604268842248 0.5713284441975114
0.999950312018712 -0.0038726138794915417 0.009185660314916003 62.00697299047207 0.0038591345268863754 0.9999914513287438 0.0014847054037283734 0.231194301369935 -0.009191331480479136 -0.0014491829328405125 0.9999567087101536 0.5783451132638451
0.9999536958204361 -0.003516420552902424 0.008957734174770832 63.4092206337712 0.0035162744603488404 0.999993817373979 3.205833515231678e-05 0.23776752104688031 -0.008957791523039053 -5.589988160686995e-07 0.9999598781804785 0.5898371348078754
0.9999618295027145 -0.003024957336281808 0.008196900066360082 64.82912449613528 0.0030315882415182234 0.9999950873998577 -0.0007966485328168775 0.24700578184891434 -0.008194449970443869 0.0008214677502042953 0.9999660875151803 0.5988097803328103
0.9999653296255293 -0.0022816941069787517 0.008008334340477081 66.27357896014551 0.0022882607518831437 0.9999970531399672 -0.0008109094356344199 0.2570943467829784 -0.008006460493756105 0.0008292064782598963 0.9999676039787381 0.6107755777502724
0.9999659207258109 -0.0017426288427872204 0.008069735540738652 67.6653256802014 0.001735931681580199 0.99999814311754 0.0008368408862653375 0.2696144636000188 -0.008071178859253498 -0.0008228038577481799 0.9999670889912495 0.6214742888452031
0.9999572725714722 -0.0010973453802536148 0.009178718022628417 69.10299653505018 0.00106807606947533 0.9999943315904576 0.003193117671435807 0.2822807416948862 -0.009182169946820947 -0.0031831776686602883 0.999952776452467 0.6302371447245957
0.9999443867588234 -0.000473546547909299 0.010535613090262854 70.49326980237745 0.00040101056197968787 0.999976211604655 0.006885885224967295 0.2975511705404493 -0.010538623252111044 -0.006881277386445437 0.9999207895835954 0.6385959989163809
0.9999367504066132 0.0003059633110091184 0.01124284540117348 71.92412526592315 -0.00042036551574795 0.999948149035625 0.010174602353927793 0.3095577428655299 -0.0112391493937727 -0.010178684918971575 0.9998850313382157 0.6491414691701869
0.9999373906468357 0.0007492745901556665 0.011164827539453684 73.31031140067164 -0.0009115321027669369 0.9998939469423099 0.01453492268141241 0.32317128808648937 -0.011152752827119484 -0.014544189758029104 0.9998320272169018 0.6538724532532244
0.9999403168683876 0.0014704528842571884 0.01082591656461111 74.70912597698481 -0.0016654239192149156 0.9998361904660336 0.018022724476028203 0.3354325560668305 -0.010797641609075951 -0.018039678563785414 0.9997789660384925 0.6622391612374812
0.9999378644180104 0.002289381540526141 0.010909905375884661 76.12864879803357 -0.0025024353048535624 0.9998056509863553 0.019555001234859114 0.3469861510499219 -0.010863016187683847 -0.0195810875058618 0.9997492565095479 0.6675011242148899
0.9999313071844724 0.0024313103821743906 0.011466021200824406 77.51167467741415 -0.0026604165324259675 0.9997962688240951 0.020008573894503487 0.3523098232514359 -0.0114150381614 -0.0200377038415918 0.9997340583017718 0.6739334974476384
0.9999311343576632 0.0026272251148834478 0.011437842033899345 78.92322133157056 -0.0028416889629111902 0.999819701822122 0.018774681146725935 0.35533211760653477 -0.011386454497989168 -0.018805891005716353 0.9997583143527471 0.6812278802946858
0.9999404987311981 0.0024473968116467586 0.01063058070141511 80.29923005257082 -0.002641348716242901 0.999829616091245 0.01826915607774538 0.3572125444026639 -0.010584057547186715 -0.01829614811046741 0.9997765893889283 0.6873883080812111
0.9999400367197557 0.0021536229442340776 0.010737079356496928 81.69226081433703 -0.002344334022325178 0.9998391556522568 0.017781083278979537 0.3605653534028663 -0.010697058609048217 -0.017805188367335672 0.9997842508283066 0.6959375702886372
0.9999380829336405 0.0018177063199208217 0.010978444458596937 83.08204572871024 -0.002010147245064176 0.9998440810420299 0.017543457848207853 0.3648951864025831 -0.010944843856772867 -0.01756443989864763 0.9997858274870662 0.6995019792665099
0.999941287840512 0.001380475093239594 0.010747797931449659 84.45645668167082 -0.00156951416143208 0.9998438741552438 0.017600111918116824 0.3712481005371752 -0.010721823406277151 -0.017615947398596503 0.9997873378374496 0.7090623175044521
0.9999387025161945 0.0006108631716075644 0.011055227560533393 85.84703662776849 -0.000807083588580473 0.9998420709688348 0.01775335846629147 0.3776799314054638 -0.011042636746296042 -0.017761192722820517 0.9997812761833221 0.7122049194198556
0.9999299798176114 -0.00037774301662628823 0.011827627495171824 87.21689012000725 0.00017541504044550033 0.9998537218192849 0.017102753979632748 0.38572429553434345 -0.011832357817220536 -0.01709948169792431 0.9997837781411276 0.7189728329422965
0.9999142830751127 -0.0015537909344898813 0.013000470611305355 88.59739887915222 0.0013515753659188443 0.9998781960795496 0.015548834320812274 0.3906660027402529 -0.013023046740826761 -0.015529930406725116 0.9997945896608705 0.7251819612338181
0.9999027999288334 -0.0026698270779970217 0.013684396875747204 89.96854811522057 0.0024845377698049756 0.9999052520423616 0.0135393504338921 0.39718426247204386 -0.01371924803149861 -0.013504035007171582 0.9998146944669173 0.7283416324614388
0.9998988618516591 -0.0033988804147209685 0.013809912370578598 91.33571930730822 0.0032337895467593335 0.9999232557580893 0.011959314332769064 0.40430144944862473 -0.013849500818582005 -0.011913446439596383 0.9998331166354747 0.7317731959906052
0.9998997886227099 -0.003895717604305464 0.013610146825352094 92.69862527436688 0.0037492608563373087 0.9999349746469521 0.010769843120043086 0.4148909638278546 -0.0136512180881881 -0.010717735868489533 0.9998493758474634 0.7349309246775194
0.9999007864795584 -0.004115372581771955 0.013471484924603429 94.06292390501645 0.003982551188762731 0.9999433450777551 0.009871470039394014 0.42684007709672234 -0.013511346475814406 -0.009816839777798592 0.9998605268602154 0.7397516617900398
0.9999065148742585 -0.004238305188262666 0.012999933890029689 95.42570027205105 0.004107617055376192 0.9999409273555951 0.0100632639515545 0.44004045984771395 -0.013041817133374448 -0.010008924435893171 0.9998648570869446 0.7403694052589153
0.9999119470421167 -0.004197223121761058 0.012588942787600142 96.7784565834717 0.004071002206389592 0.9999413585820534 0.010035254760743285 0.45265655294564305 -0.012630324757459182 -0.009983121513014054 0.9998703976923097 0.745394309034984
0.9999175167883051 -0.004019022496399421 0.01219865066648772 98.13488844945033 0.0038812539366377533 0.99992866000373 0.011296493749135248 0.46667619343173483 -0.012243181277302883 -0.011248215917128952 0.9998617815232727 0.7527528467450109
0.9999147540943203 -0.003743174769173515 0.012508924299981008 99.48047444169684 0.0035852117878929324 0.999913852935933 0.012626676651171478 0.48206728420215844 -0.012555110550337105 -0.01258075313583047 0.9998420344482444 0.7521121250068893
0.9998966432518229 -0.0035537377797959413 0.013931035910124323 100.83869327757593 0.003367149317158139 0.9999046219513666 0.01339437590075048 0.4955485619836443 -0.013977307294779058 -0.013346083623561437 0.9998132410268932 0.75934034697762
0.9998784736827775 -0.003625982793477151 0.01516212764029896 102.17435638856003 0.0034146071908114136 0.9998969508413703 0.013943749705971726 0.5099812309050192 -0.015211124992312997 -0.01389028246335312 0.9997878183542528 0.7586571228308012
0.9998898706929112 -0.0034492570462801788 0.014434303292571624 103.51945570810497 0.0032525157256165465 0.9999017972436056 0.01363147132418862 0.5221234587816469 -0.014479904252717783 -0.013583022301249678 0.999802897514303 0.7633759029224342
0.9999209845702745 -0.0032837106202301554 0.01213432571573991 104.85953095798186 0.0031168496909935403 0.9999006811069147 0.013744568743031763 0.5351520524839909 -0.012178253734293463 -0.01370566184066862 0.999831908357346 0.7660496942556613
0.9999317849437097 -0.003415239106808849 0.011169673277681492 106.18509362161923 0.0032668354324134454 0.999906511263242 0.013277669962364394 0.5452700284891343 -0.011213975456739531 -0.013240274740928494 0.9998494596084154 0.7693613899855076
0.9999180865781844 -0.0032869314265886107 0.012369972337057146 107.52927870599365 0.0031445799436521115 0.9999288162874176 0.011509733924900558 0.5565690381302336 -0.012406923502651079 -0.01146989275629594 0.9998572447151436 0.7730275077195558
0.9998933728326869 -0.0026868236988229614 0.01435353418795688 108.85190675064625 0.0025644686154145664 0.9999602792926392 0.008536002443039366 0.5630566704188245 -0.014375898789082976 -0.00849828308533339 0.9998605466356834 0.77265191647274
0.9998827563553369 -0.0017951244984988587 0.015206941549463615 110.19737731270531 0.0016844329884634277 0.9999720184091598 0.007288695645895617 0.5725884023723143 -0.015219600151163293 -0.0072622260186537 0.999857801812084 0.7760379587093108
0.9998977525861666 -0.0010426645043713095 0.014261739861044587 111.52910541369702 0.0009462316563683699 0.9999766577724917 0.006766724156441469 0.5798917091467608 -0.014268462383356882 -0.006752537366664939 0.9998753993475018 0.7785331627783699
0.9999263662749657 -0.0003459878640110727 0.012130223433264725 112.84343654186243 0.00024605261864487255 0.9999660281171387 0.008239057576120796 0.5888241415628146 -0.012132661960667394 -0.008235466230380193 0.9998924820248007 0.7793932484621581
0.9999443921599461 0.00062656902774723 0.01052710782357503 114.18915398063865 -0.0007436393106331852 0.999937887600728 0.011120608848858371 0.5965711715654469 -0.010519486130576329 -0.011127818827025088 0.9998827491559705 0.7865875579902089
0.9999438631545374 0.0020640638887317693 0.010392794611791663 115.5008995292143 -0.0022050180359890386 0.99990549830085 0.013569538061030523 0.6080459407702856 -0.010363804081543387 -0.013591692609532725 0.9998539180585169 0.7863741202515585
0.999917713657811 0.003458317519269813 0.0123533782129284 116.85772140800616 -0.003644212005475271 0.9998799901419941 0.015057391291486992 0.6159952251807979 -0.012299822445665323 -0.015101170603026438 0.9998103165171999 0.7894547837033172
0.9998827684335838 0.0043609879182845285 0.014677573844770694 118.17712910834548 -0.004575468642398836 0.9998827835368305 0.01461110103114101 0.6168768460057804 -0.01461213455640706 -0.014676544927753304 0.9997855192753539 0.790167210098538
0.9998672959965909 0.005135199266860593 0.015460275707615365 119.53274682291676 -0.005360024167394834 0.9998799808232417 0.014535958511183588 0.61777293337932 -0.015383775134562733 -0.01461689698272317 0.9997748175390324 0.7921635852058327
0.9998672474637578 0.006173623060079585 0.01507891997328221 120.8638012605197 -0.006400798390027206 0.9998660400978707 0.015064250362145584 0.6177949985300786 -0.01498389899921982 -0.015158767671391755 0.9997728214616889 0.788040214812774
0.9998608787513303 0.007462114943538977 0.014917774069445921 122.18048121788632 -0.007707230719229347 0.9998351206034372 0.016441721398654317 0.619091584946448 -0.014792624420912885 -0.016554408732413615 0.9997535345345181 0.786970969378201
0.9998554157820351 0.008524087474388015 0.014713512974905184 123.53980527543476 -0.008792930280875856 0.9997937863853674 0.018304892304676405 0.6195362185352452 -0.014554446344996374 -0.018431620599912702 0.9997241836895071 0.7830098502914598
0.9998541851374099 0.009777922112326082 0.014000025084675844 124.85919149050706 -0.010047035819401433 0.9997635865082282 0.019282846352343046 0.6173962930599304 -0.013808169120123523 -0.01942069338025009 0.9997160452519407 0.7824735793363294
0.9998521794764768 0.010753530774075207 0.013415691261736865 126.21952707786758 -0.01102800640181846 0.9997278818710313 0.020555906315770783 0.6130027852006549 -0.013190992037776251 -0.02070081606005695 0.9996986915783711 0.7818804105449988
0.9998423825775266 0.011680715859104424 0.013370522753957474 127.55664379649562 -0.011942943240742774 0.9997345343033287 0.01970347756247411 0.6063045267492395 -0.013136822615976236 -0.01986005534547652 0.9997164608493906 0.7831010465398048
0.9998170844757217 0.012643389018706831 0.014350690038777793 128.8847314811071 -0.012919649079920287 0.9997297957755915 0.019324029241999004 0.5974303893529535 -0.014102491202590682 -0.01950590045641475 0.9997102778251633 0.7831288255640082
0.999791914484499 0.01342704647130415 0.01535715320226002 130.2407323555178 -0.01370449053952771 0.9997421490567787 0.018105864751114528 0.5860803168987332 -0.01511008505840526 -0.018312559143688654 0.999718128027664 0.7789574777655116
0.9997786450288966 0.013778388755004013 0.01590021847332687 131.5668474442978 -0.014053253901997784 0.9997514628202533 0.017306606932893983 0.5734121754618676 -0.015657809519518694 -0.017526225836719353 0.9997237940596246 0.7793461228426376
0.9997712793608138 0.013814650389495602 0.016326187548164107 132.92727174944432 -0.014071472352661596 0.9997773827738168 0.01572191336209805 0.5593382065667357 -0.016105360321026663 -0.015948050932733 0.9997431055228022 0.7781520281520172
0.9997640851399495 0.013603857445712627 0.01693248732102293 134.27012615763576 -0.013840562683641809 0.9998070171889643 0.01394156391178035 0.5460322868942795 -0.016739560593995742 -0.014172630041837804 0.9997594328981433 0.7708799598471543
0.9997713661320181 0.013042390975166507 0.016944364849980433 135.59611074595335 -0.013250509664630905 0.9998374268133886 0.012228815838390193 0.5320185047163816 -0.016782117153264074 -0.01245054138712992 0.9997816484428095 0.7708931181002932
0.9997851060520762 0.011887352918542841 0.016983302300463174 136.95243307124338 -0.012086074086646295 0.9998591313099545 0.011646645408674352 0.5211157544716315 -0.01684246210062542 -0.01184940406490172 0.9997879390619271 0.7664197418922349
0.9997821115282046 0.0108600874601438 0.017826608442510196 138.29020158839342 -0.011033759794174787 0.9998923384677492 0.009673035630064789 0.5090440183021252 -0.017719639189582848 -0.009867622502613199 0.9997943010505396 0.7614387466868059
0.999786406811578 0.009794904910136636 0.01819891734678637 139.64332826994684 -0.009956196635820437 0.9999117717343976 0.008793343819434295 0.4992944653847306 -0.018111181721319525 -0.008972657620754661 0.9997957173902466 0.7576721706857675
0.9997940471972121 0.008522576998155175 0.01841816685583329 140.9805467679749 -0.008668641649420813 0.9999314940370139 0.007865232664024807 0.490905974301055 -0.018349873050588834 -0.008023273285625531 0.9997994345091477 0.7513860987958695
0.999809600653892 0.00732234997995098 0.018087167580252656 142.33215322350821 -0.0074687515191200985 0.9999397864531971 0.008039976286039825 0.4870368429698182 -0.018027206967544143 -0.008173534040153831 0.9998040873842454 0.7473498442212849
0.9998255766499976 0.0063289021078249425 0.01757160421274249 143.67770210023392 -0.006467281036101268 0.9999484351141642 0.007829520338700206 0.48307132010774945 -0.017521145867202454 -0.007941795190232765 0.9998149515468633 0.7389755254694172
0.9998646690138489 0.005376392359311053 0.015547927933502579 145.0110877746325 -0.005472661605570016 0.9999660770500938 0.006155869069180106 0.4784181019710742 -0.015514304134493687 -0.006240124537596205 0.99986017383081 0.7356530866323119
0.999878070288955 0.004470694830717958 0.014961866292877513 146.36489663222758 -0.004496475462365647 0.9999884629181018 0.001689893223967788 0.47490403802212927 -0.014954138679699885 -0.0017569628404324124 0.999886636983376 0.7367046455377818
0.9998382937093296 0.0035849417160075323 0.017621992659996998 147.70848933104668 -0.0034747660557364088 0.9999742509061149 -0.006278815621759817 0.4623488217693237 -0.017644048097703122 0.006216567995846426 0.9998250056130217 0.7294504559384873
0.9998154866985448 0.002105040026818155 0.01909349010101528 149.05456497762185 -0.00184811584932599 0.9999076511207643 -0.013463792109338029 0.44902913906918634 -0.019120068659906665 0.013426020878931192 0.9997270452167427 0.7243912122091316
0.9998673575999084 0.0008769120545632852 0.01626340159454534 150.39736906410684 -0.0006133555900742198 0.9998685280390218 -0.016203408036582437 0.4416081870734852 -0.016275472377077816 0.016191283529369164 0.9997364409365974 0.7239031757719938
0.9999066258387199 0.0013735086231509786 0.013596068471744705 151.7404458938049 -0.0011657884730104026 0.9998826643691683 -0.015274109834934822 0.44495200280130837 -0.013615452290042976 0.015256833487837063 0.9997909023845246 0.7242181174951547
0.9999364421469925 0.002033684228641648 0.011089445201293952 153.08704968853624 -0.001903791307300721 0.9999296091470551 -0.011711205304154001 0.4546818245168269 -0.011112481499312989 0.011689348975711727 0.9998699274782953 0.7179805675878075
0.9999312299657237 0.0029672960495691304 0.011345946121384173 154.4358041626819 -0.00283662880920552 0.9999296715469578 -0.01151544601793198 0.45770866345163563 -0.011379317916023191 0.011482469862679007 0.9998693234666313 0.7245919250394615
0.9998888710074629 0.0036110685011513663 0.014463948966348136 155.7809179132112 -0.0034023594934816633 0.9998901178959785 -0.014428308419321056 0.4555638101914033 -0.014514461247261166 0.014377493461863516 0.9997912872677256 0.7214658256886253
0.9998354939514296 0.004227825703821352 0.017638325451101042 157.12916863157307 -0.003869412314560388 0.9997863439895276 -0.02030502451103795 0.4443836424872728 -0.017720403021398237 0.0202334342579808 0.9996382322895054 0.722912859825061
0.999808655525786 0.004272244365781113 0.01908927090800064 158.4731615972708 -0.0038097224990876104 0.9996998675203366 -0.024200431696589485 0.43345331833192796 -0.01918693175575328 0.02412307625284136 0.9995248565402961 0.7171530957751758
0.9998056614178923 0.004242315246214946 0.019252068929925207 159.81829260887835 -0.0037606211135351184 0.9996806783221831 -0.024987979472941547 0.4279102561910659 -0.019351928213263227 0.024910723607543928 0.9995023555368827 0.7161244873876002
0.9997909999212767 0.0052327744141805865 0.01976295899768233 161.17655069911885 -0.004765275056060935 0.9997094439130066 -0.023628793976568307 0.42811740452456326 -0.019880860898207085 0.023529679621221457 0.9995254401699183 0.7051760331220724
0.9997952737379155 0.006222706787887951 0.01925327326868006 162.52522004781986 -0.005826466426189983 0.9997714682691774 -0.020568508061542368 0.4330010273990429 -0.019376865079547254 0.020452118597476046 0.9996030451857196 0.6939313527468772
0.9998205215271543 0.007113040694388322 0.01755931050039157 163.8754096474515 -0.006817399084754269 0.9998349623303724 -0.016839571596151414 0.4344658761977454 -0.017676193110745808 0.016716840428223672 0.9997040059153554 0.688056257685586
0.9998308064043127 0.007773322823824091 0.01667135318978356 165.23020360092326 -0.007541518940960649 0.999874638165526 -0.013922408032426092 0.43560477609066534 -0.01677748661048558 0.013794325124298264 0.9997640884415684 0.6809367682535644
0.9998103925958479 0.008086361906724503 0.01771410761088298 166.5865686131479 -0.007859374673528154 0.9998865952220652 -0.012846280588829464 0.43338830886769536 -0.017815978420439662 0.012704623030192883 0.9997605630682694 0.6725190565701954
0.9998044441191839 0.0078859450267168 0.018135197560695725 167.93948722637637 -0.007672681556727543 0.9999009482323945 -0.011799308525810234 0.4282386681117397 -0.018226449935709276 0.011657855505786886 0.9997659180666979 0.6667267796249999
0.9998458887054047 0.007355955268506713 0.01594016188711484 169.3080719388338 -0.0072122619361523815 0.9999330077271693 -0.009053360451291837 0.42823212662388227 -0.016005690133950104 0.008937000603357705 0.999831959833027 0.6629318894260903
0.9998839829188839 0.006789542353215577 0.013635351733751808 170.678571021679 -0.006713652835294561 0.9999617618203238 -0.005603727580934795 0.4277178551787115 -0.013672877088468902 0.005511534434989944 0.9998913318057595 0.6587495884146133
0.9999044879852794 0.006403008972905149 0.01224811752837531 172.04473100040553 -0.006408590157782944 0.9999793780445075 0.00041648278394999165 0.4307688531480243 -0.012245198205238082 -0.000494936170283915 0.9999249022597156 0.6609675741787822
0.999890250289933 0.006609593414334814 0.013258983748098172 173.41201513676614 -0.006658848286743535 0.999971079839732 0.003674128965404892 0.436194984060042 -0.01323431579755003 -0.0037620152920311745 0.9999053455834274 0.6567126737666942
0.9998527490121909 0.007324028129152914 0.015518985299569398 174.79205826739354 -0.007421759339950821 0.9999529306436137 0.00624931880673299 0.44077008441458404 -0.015472484644191022 -0.006363576762459203 0.9998600437609874 0.6506445658609845
0.9998158274907993 0.007436770432501891 0.01769196270690537 176.1650071302098 -0.00755023063683826 0.999951303031525 0.006354965215157402 0.4394506410114319 -0.01764384074454351 -0.00648737320412332 0.9998232888229257 0.6442407990306331
0.9997939122054607 0.006726089861183785 0.019154446796472106 177.55558884308272 -0.006816978392925251 0.9999657952907667 0.0046837008972531935 0.43584629126280855 -0.019122288631071075 -0.004813311093604984 0.999805566154653 0.6397296485019227
0.9998005281305076 0.005110149478086215 0.019307778802073548 178.93938466614733 -0.005156597137151717 0.9999839277831041 0.002356625010652697 0.4303570208685022 -0.01929542577719663 -0.0024557173671516607 0.9998108101017359 0.6268536899451302
0.9998713302367872 0.0031011183259468484 0.01573867960300318 180.28339401227387 -0.003116037939785368 0.9999947186913325 0.0009235242284852066 0.42889162705006467 -0.01573573252426877 -0.0009724477216064901 0.9998757128100239 0.6224244412369245
0.9999295261962728 0.0015655349454488901 0.01176825140927804 181.69650041832512 -0.0016107945411817303 0.9999913397657063 0.0038374124789957477 0.4355131738980087 -0.011762141890127639 -0.003856098277071201 0.9999233883274428 0.6212592219308523
0.9999430050220107 0.000818209046675575 0.010645057139666474 183.08417746873045 -0.0009007162734733297 0.9999695760433671 0.007748270635653026 0.4505874527097268 -0.01063839356977952 -0.007757417199336443 0.9999133197735941 0.615565017477387
0.9999265679567488 0.0005507308785490169 0.012106006349608272 184.4478751316589 -0.0006903986791247697 0.9999332207582706 0.011535916680323914 0.46324482701563297 -0.012098844734155652 -0.011543427545184549 0.9998601738426268 0.6170936627722855
0.9998840850015867 0.0007346496926166687 0.015207789134809857 185.87839286511465 -0.000934976739207629 0.9999128380212423 0.013169744826760116 0.4718328127610291 -0.015196788444827518 -0.01318243718490524 0.9997976200065837 0.6115614386358553
0.9998416465077561 0.0011141084430303513 0.017760649510543562 187.24936966373656 -0.001349567911605076 0.9999112922238338 0.013250899958674345 0.47745536047766457 -0.017744311063300506 -0.013272770835059209 0.9997544563437809 0.609034947879669
0.99982885932314 0.001264924027009042 0.018456761140418314 188.68772002115375 -0.0015012570885292993 0.9999169950266137 0.012796455919558499 0.48494607690669495 -0.018439042592897845 -0.012821974268924364 0.9997477675314431 0.5956297999194874
0.9998168184580363 0.001153287892297071 0.01910495892399875 190.09267946423796 -0.0013803135676297006 0.9999285470424072 0.011874154458966843 0.4885725444787707 -0.019089899499610152 -0.011898350167055339 0.9997469704882316 0.5885909711633178
0.9997979927679976 0.0012480652032273193 0.020060308829409953 191.48380912251434 -0.0014304686605483724 0.9999577439027952 0.009080978374766787 0.48836919383912447 -0.020048127505929294 -0.00910783959456282 0.9997575305249897 0.5828643620795138
0.9997969137247341 0.0016548005091729975 0.020084644427311008 192.9160846243332 -0.0017985415839921368 0.9999728866539067 0.0071408126445013645 0.48959908556070486 -0.020072283244995458 -0.007175485511661236 0.9997727821125181 0.5725766873060653
0.9997758245115725 0.002078916485120631 0.021070805121147767 194.31610164886106 -0.0021670986876098784 0.9999889861947636 0.004163072476794544 0.4878934341559284 -0.021061918371403227 -0.004207801732113623 0.9997693183925478 0.5602362771580119
0.9997427694172106 0.002531917382408655 0.022538509098312856 195.76004173017785 -0.0025296099424581254 0.9999967919658469 -0.00013088756225863353 0.4845473057867477 -0.02253876819049993 7.384025727143873e-05 0.999745966971646 0.5433102306655785
0.9997290759232742 0.0029047925917292587 0.023094088715410355 197.1651236401216 -0.002827729476135103 0.9999903272638976 -0.003368875873747751 0.4803476331418518 -0.023103651218065208 0.0033026593287770072 0.9997276197753826 0.5357843809938654
0.9998109623978778 0.003064259782945015 0.01920025471216344 198.6052454329104 -0.003043642985567419 0.9999947599025737 -0.0011029074169566226 0.4856261708224406 -0.01920353369580023 0.0010442602054073745 0.9998150498038213 0.5238397850133192
0.9998946469237214 0.0033613193567503773 0.014120785582547354 200.0325387882868 -0.003447132130617648 0.9999757140160593 0.0060571163226642065 0.4968374942601015 -0.01410008274303401 -0.0061051544005173985 0.9998819504103399 0.5173224694829422
0.999894011497888 0.004393325347055532 0.013880362497296435 201.45512918084978 -0.004600409154148546 0.9998780678211585 0.014922658135904876 0.5116064845635673 -0.013813109942220117 -0.014984931852416986 0.9997923033365993 0.5062728092087653
0.9998299197315456 0.005502878566337678 0.017602554845685008 202.90662381793035 -0.0058881862914276105 0.9997425439131439 0.02191289922107323 0.5307174922710154 -0.017477438937345807 -0.02201281939142756 0.9996049094070275 0.4980094862532442
0.9997778119567077 0.006308409385527846 0.020112948318998607 204.33924656212065 -0.0067802775270474356 0.9997013213451724 0.023479692020396924 0.5327176460462647 -0.01995882150113929 -0.023610846485059775 0.9995219724310941 0.4902814407990389
0.9997702240590157 0.005839847166041196 0.020625112607274173 205.80469193293501 -0.006296185205562305 0.9997352717173981 0.022130172525256214 0.529213259786169 -0.020490415731329557 -0.022254947072901054 0.9995423253639335 0.47816680803472433
0.9997702953245828 0.004661794874066271 0.020919470718653344 207.2478290370182 -0.0050599397879805144 0.9998063020280272 0.0190198694628393 0.5219960731318671 -0.020826751929633118 -0.019121351772130667 0.9996002302473064 0.4684166318313267
0.9997810142552395 0.003584503497443641 0.020617343898808555 208.6773329425996 -0.003937894086742494 0.9998455937029989 0.017125470587969933 0.5163306162949302 -0.020552774141865193 -0.017202909270662307 0.9996407571661426 0.46171639866899555
0.9997938968429531 0.003143952012377966 0.02005690408130272 210.15619812539651 -0.003501879875190375 0.9998348017302113 0.01783552876840807 0.5195290438114736 -0.01999751666888791 -0.017902089678382232 0.99963974236333 0.445255421608212
0.999788119896436 0.002886555279130469 0.02038094974651885 211.5955707197132 -0.0032667620562138173 0.9998208034716158 0.018646426227044644 0.5226999784877692 -0.02032347361101651 -0.01870905513362609 0.9996183910254899 0.4342092642171202
0.9997743670461946 0.002751103118826827 0.02106291596646943 213.07523488551243 -0.0031631971228510336 0.9998037464425233 0.019556655732934115 0.5284957979067534 -0.02100497991769948 -0.01961886926211853 0.9995868600514579 0.42053156342366893
0.9997737837474182 0.0024724966543935526 0.021125058382513374 214.53458122179075 -0.0028786183514594227 0.9998112133042428 0.01921591287148656 0.5314437213405363 -0.02107355897225779 -0.01927237690042239 0.9995921571325231 0.41254725973573897
0.9997894746093584 0.002066580468536083 0.020414105552533444 215.98583270276484 -0.002464057251535413 0.9998075070779965 0.0194647684893311 0.5331364272431407 -0.02036995047132092 -0.019510972186161466 0.9996021143845919 0.39975110090294164
0.9997959490904635 0.0018614351505413984 0.0201145529773756 217.47270889921677 -0.0022411068161442703 0.9998194444360121 0.01886944535227861 0.5360238755391945 -0.020075796934068458 -0.01891067388657332 0.9996196020440065 0.3883311722218999
0.9997966724257511 0.0012675824594345834 0.02012478673436569 218.93257793056645 -0.001654098375513946 0.9998142765034153 0.01920094941706002 0.5393669232625993 -0.020096710301919802 -0.01923033371163665 0.9996130833979613 0.3750679697644951
0.999801636842343 0.0010207758958964883 0.01989082662791849 220.4272644764169 -0.0014124129985059511 0.9998052291872589 0.019685242679077574 0.5467944520047159 -0.019866858254218404 -0.01970943191426081 0.9996083464220994 0.3653351533311823
0.9998003409550346 0.0007819229087278518 0.019966642751389718 221.89771984721324 -0.001174405059259773 0.999806176521347 0.019652739313437306 0.5510895861839828 -0.01994740582014619 -0.019672264392538694 0.999607474469212 0.35705957426695073
0.999806107943213 0.0003198420783171545 0.019688682548337978 223.39342364135953 -0.000728513810039177 0.9997843676508177 0.020753011075096188 0.5595995791543046 -0.01967779934527418 -0.020763330708232258 0.9995907504128015 0.342176431848506
0.9998043738800073 -6.422812593887044e-05 0.019779025384341887 224.8812992250151 -0.0003503530427586647 0.9997803277135602 0.020956468445609694 0.5651344992063434 -0.01977602647530671 -0.020959298454725134 0.9995847220646852 0.3346644627795397
