1.0 -2.1684043449710093e-19 -2.5135375298442207e-37 0.0 2.1684043449710093e-19 1.0 2.3183291766350204e-18 -8.673617379884035e-19 -2.51353752984422e-37 -2.3183291766350204e-18 1.0 0.0
0.9999996040533672 -0.0003461269778219735 0.0008198104805868954 1.321669339459153 0.00034617184171178967 0.99999993859285 -5.458344333468033e-05 0.003308394169381078 -0.0008197915374423896 5.486721702646913e-05 0.999999662465655 0.010423064793896392
0.999999098125405 -0.00045464354922665425 0.0012637434944170176 2.620455575069488 0.0004552643840040299 0.9999997758157451 -0.0004910221992519668 0.009357014719175659 -0.0012635199710302068 0.0004915970938150447 0.9999990809243677 0.024747305026448493
0.99999875498462 -0.0010829046320797598 0.001147757277441727 3.9528966423588434 0.001084302768228106 0.9999986701070988 -0.0012182247495938952 0.0026497446454159636 -0.001146436529823222 0.0012194677492785297 0.9999985992898648 0.04717725267086869
0.9999992492674195 -0.00039320911949121 0.0011605391789688297 5.263637167864922 0.00039546038027187707 0.999998039520878 -0.0019402488211947475 0.016842280682126714 -0.0011597739802254232 0.0019407063118517783 0.9999974442883971 0.055488894385145225
0.9999986582090139 -0.0007876079631229961 0.0014364031009537362 6.588861132639483 0.0007908580533357564 0.999997125560087 -0.002263496212281296 0.00991986197288602 -0.0014346162244580404 0.002264629166102707 0.9999964066590582 0.06894883333089963
0.9999969880741485 -0.0004335393427570947 0.0024157579078952166 7.9195176626812005 0.00044155338446593225 0.999994398410696 -0.0033178574168935197 0.016133443858180618 -0.0024143059540876768 0.0033189141098332754 0.9999915779324802 0.09966376574857445
0.9999959940423632 -0.0003136842894532166 0.0028130946291175084 9.2391793026722 0.00032384048408608794 0.9999934293271991 -0.0036105996411596314 0.03297416661988835 -0.0028119435568102055 0.0036114961711768995 0.9999895249795565 0.1092445267815554
0.9999968727837869 -0.0008872541410568476 0.002338205024353925 10.569551005019127 0.0008954961995562587 0.999993381749527 -0.003526264837102593 0.027397291901168488 -0.0023350608564482343 0.003528347663423115 0.999991049086722 0.120634617293965
0.9999997430088311 -0.0007050225339538805 -0.00013009803438325865 11.89067090362601 0.0007049909554057879 0.9999997220627481 -0.00024261529135591808 0.048100128909066626 0.00013026904747165616 0.00024252351106837444 0.9999999621061603 0.13518818988632475
0.9999992482501292 -0.0009156674800328378 -0.0008155073527370397 13.23360464286023 0.0009175391625726344 0.9999969393320914 0.0022977050147149443 0.043817976947839614 0.0008134009229791731 -0.0022984515473489986 0.9999970277452944 0.14229381509475347
0.9999994633682003 -0.0006168957248958983 -0.0008322877964490513 14.569144890893627 0.0006214834588310653 0.9999845536434668 0.005523244769781919 0.07107639831669596 0.000828867674548977 -0.005523759058931618 0.9999844004104448 0.15819720162068607
0.999999963277671 -0.00027090891928215755 -7.2810779892268966e-06 15.9207404976858 0.0002709470263667401 0.999982699051178 0.005876068926614211 0.08628477919831767 5.6890725371327115e-06 -0.005876070683617705 0.9999827357314505 0.18400063099122557
0.999995926390089 -8.283509906625956e-06 0.002854318589617193 17.262802459961506 -4.492537873790545e-06 0.9999899826258705 0.004476005778410777 0.07966100563093734 -0.0028543270738782033 -0.004476000368043643 0.9999859090195523 0.20527252121964568
0.9999877881252613 8.339740404476461e-05 0.004941320190036041 18.627276414330534 -8.297589400591874e-05 0.9999999929016857 -8.550806704265281e-05 0.08153023837024577 -0.004941327286111813 8.509701236851119e-05 0.9999877879470078 0.22037713267336387
0.9999940015817849 -0.00019927462000853964 0.003457902554334627 19.962123805910636 0.00020619832209322115 0.9999979746514409 -0.002002042773818682 0.07425732228375173 -0.003457496594563677 0.0020027437784335056 0.9999920173354668 0.24325073373747544
0.9999995811389976 -0.00021487232726261201 0.0008896919199973138 21.324899863174124 0.00021722708452731365 0.9999964718759545 -0.0026474606771508817 0.07933412706443765 -0.000889119915016822 0.0026476528334147573 0.999996099692519 0.23624882596082258
0.9999999486313053 0.0001640080610920493 -0.00027538834914413504 22.671203075809405 -0.00016422660828520273 0.9999996714861926 -0.0007937613796621167 0.08743720136329143 0.00027525807541041187 0.0007938065649821717 0.9999996470520024 0.2823351248497253
0.9999989202194641 0.0008794146592443011 0.0011773656028758342 24.040263380445445 -0.0008816038982399725 0.9999978811895158 0.0018602126345394834 0.0936745952464773 -0.0011757272100011255 -0.001861248596023237 0.9999975767066596 0.26706140351688173
0.9999797411908506 0.0017565067738819302 0.0061181608210934164 25.43233980688855 -0.001770537061799084 0.9999958138393635 0.0022885589924292057 0.11197095534753171 -0.00611411534011679 -0.002299345059433144 0.9999786650753633 0.2854699107070829
0.9999757036105853 0.0018239908436886666 0.0067279451481854075 26.8028332418268 -0.0018277554444717764 0.9999981765050269 0.000553440743228215 0.09507904497397165 -0.006726923408963078 -0.000565724334991103 0.9999772139691118 0.2965949159451993
0.9999795044601206 0.0018089449340673296 0.0061415289559695095 28.171733789078317 -0.0017865734967333045 0.9999917567159836 -0.0036461836516699275 0.10183676128350738 -0.006148074075047399 0.0036351366283053324 0.9999744931581311 0.323318806075994
0.99999120213483 0.0016754028034044594 0.00384560507383698 29.536551914385324 -0.0016614179153858195 0.9999920062630624 -0.00363690809421076 0.10620081182274582 -0.0038516676190984193 0.0036304869400185405 0.9999859920124532 0.31770606469254575
0.9999954140193014 0.0024751443513609515 0.0017451649796098724 30.91734097314433 -0.002468555616923259 0.9999898559546504 -0.0037675218597547438 0.10535099738856056 -0.0017544724370269775 0.0037631965451593394 0.9999913800519633 0.348979417424983
0.9999955143431948 0.002857955248687514 0.0008963176255116237 32.30511228756016 -0.0028566499076739006 0.9999948623379227 -0.0014542520634554226 0.11590659784244116 -0.0009004692078522169 0.0014516850745175934 0.9999985408817605 0.34282962210314666
0.99999325423106 0.0034224041777086395 -0.0013336573843289049 33.68491391086429 -0.003422485419439636 0.9999941415603478 -5.863903609434555e-05 0.11838791999830707 0.0013334488846954962 6.320306348135088e-05 0.9999991089593253 0.3803966941510748
0.9999928263429553 0.003659138951877418 -0.000978756741524193 35.07709892313595 -0.0036591823128789163 0.9999933042662189 -4.251506124600249e-05 0.13056716477607344 0.0009785946195129687 4.60962056147302e-05 0.9999995201137402 0.3609138548063861
0.9999948838206559 0.0031086498010997206 0.0007540748815035111 36.47486733213227 -0.0031087959455022678 0.9999951491132447 0.00019271156838326914 0.12539493101609267 -0.0007534721507929318 -0.00019505484737054687 0.9999996971166165 0.40499799539467235
0.9999938335571463 0.0028943201722704433 0.0019889088522635884 37.871649318753555 -0.002897172141637338 0.9999947770765165 0.001432554805113345 0.1343743151536902 -0.001984752192074515 -0.0014383081826650386 0.9999969960096419 0.4082671215615747
0.9999936843383896 0.002551170232751939 0.0024744320109602413 39.26748427369083 -0.0025594139729036218 0.9999911664041166 0.0033341436456657977 0.1318121664046442 -0.0024659041848072733 -0.0033404556842066228 0.999991380299037 0.41398303141906934
0.9999918379772479 0.0030245314505903697 0.002678840866867544 40.66555997982755 -0.0030406873936267465 0.999977090436378 0.006047546822490206 0.14537175927969467 -0.0026604885002287316 -0.006055642979928864 0.9999781252552676 0.44120670625405384
0.9999901707252131 0.002986996132983449 0.003276630443094398 42.08980587864204 -0.0030167778526076143 0.9999538415734365 0.009122158402185556 0.1540780165369559 -0.0032492313471169246 -0.00913195360413588 0.9999530238561333 0.4638952112122687
0.9999911916794633 0.0026169530661522404 0.003281481393582803 43.48128857613454 -0.002648474979057804 0.9999500389344418 0.009638735150097045 0.15456833998128436 -0.003256093329770894 -0.009647341170393422 0.9999481619886952 0.46291625129505953
0.9999926402516274 0.0022535862134445235 0.0031049624406884082 44.90724563654802 -0.0022807597165507734 0.9999588885263428 0.008776069295332319 0.16119838423537775 -0.003085057162334626 -0.008783086378926731 0.9999566689691937 0.4788067124900262
0.9999957086452366 0.0013977800526025234 0.002574665422087685 46.30453826853241 -0.0014187996912113719 0.9999655336492961 0.008180374130498602 0.14983203318632152 -0.002563142318983865 -0.00818399196011694 0.9999632256123469 0.493781916259754
0.9999943469625637 0.00045777717716396674 0.0033311383897837604 47.73633980457015 -0.0004838064135282811 0.9999693273246519 0.007817310358268867 0.15913039528252634 -0.0033274576285885677 -0.007818877792838089 0.9999638959361435 0.5163587032680232
0.9999909545998134 -0.0005643436485082865 0.0042157128460508 49.13566832836477 0.0005295616142101281 0.9999658515813583 0.008247134997414496 0.1663366348087711 -0.004220223104377841 -0.00824482791907825 0.9999571053447913 0.5297244402295868
0.9999893155002165 -0.0014159389219078318 0.00440045479216418 50.562736677320245 0.0013751993285325836 0.9999562970109749 0.009247318254802255 0.18129381195725364 -0.004413356116976937 -0.009241167949356942 0.9999475601763907 0.5489037375101661
0.9999857562288975 -0.0026279578049819897 0.004645554551938841 52.01036806951641 0.00258511663004307 0.9999543003062475 0.00920404644989995 0.18339701931355948 -0.004669530097223938 -0.009191906049241111 0.9999468507635058 0.5564000738256094
0.9999759626938436 -0.0036167483573910503 0.005915502162964371 53.41571627881897 0.003557616361051167 0.9999439071427563 0.00997626853620656 0.20010994442362037 -0.005951251998387235 -0.00995498364630666 0.9999327381880511 0.577754129783253
0.999967045618692 -0.004620505850525898 0.006675223015774328 54.87392866410224 0.004562065197745643 0.9999513662789656 0.008743719915549706 0.2000555560796213 -0.006715298783865493 -0.008712978969062103 0.9999394925492883 0.589034289099006
0.9999585251130827 -0.004937455490871598 0.007653076959246076 56.272561190795166 0.004889909091194356 0.9999687057549023 0.006219027250737855 0.21302929784269037 -0.007683543632226998 -0.006181346466687268 0.9999513758744024 0.5925015029549193
0.9999599413216445 -0.0054793822172892834 0.00707757886076272 57.70323745186128 0.005445954577681454 0.9999739664828158 0.004733702077870347 0.22340307467943168 -0.007103332369479255 -0.004694968279025706 0.9999637493139977 0.6113587345076601
0.9999572034516058 -0.005459900951687569 0.007468650938534744 59.153105087183626 0.00543490655587245 0.999979576519236 0.0033627868113252054 0.2378189577266946 -0.007486858885597445 -0.0033220514757073293 0.999966454896373 0.6187249186241442
0.9999529555808722 -0.005118228508622876 0.008239560789987799 60.5538626701434 0.005099505544829124 0.9999843713786088 0.0022917333454640413 0.24257008001999955 -0.0082511616319547 -0.0022496078462645084 0.9999634281293799 0.6314061259939335
0.9999474251412549 -0.004437998191346872 0.009243977792497714 62.008288026395284 0.004428159805862089 0.9999896075785991 0.0010844978253660117 0.26232172128167003 -0.009248694724572567 -0.0010435069971390135 0.9999566854314434 0.6426232624979428
0.9999535200897587 -0.0040957775905281135 0.00872824530071359 63.41114486545314 0.004109796398056806 0.9999902925773103 -0.0015888123589034946 0.26762157929109076 -0.008721653149891966 0.0016246098221458915 0.9999606459302579 0.6447555614086369
0.999962253089947 -0.00368968596042304 0.007866296001945161 64.83018239877944 0.0037082164853830834 0.999990381091101 -0.0023424038447670075 0.2772288099618874 -0.007857577602180869 0.0023714853547730876 0.9999663166984366 0.6580079652178359
0.9999642005815156 -0.0029836736508957505 0.007918033020613882 66.28062168424289 0.003000464435627287 0.9999932734958873 -0.0021095440621623487 0.28163911345413517 -0.007911685568898527 0.0021332263181901307 0.9999664267248848 0.675223165316007
0.9999666039393238 -0.0023428974824495907 0.007829548993544154 67.64863620935581 0.002347133501722262 0.9999971040271725 -0.0005318849439110239 0.2954141894182952 -0.007828280167486974 0.0005502441777952876 0.9999692071563825 0.6844550838524118
0.9999538029549527 -0.0017574035398172034 0.009450052313380945 69.1231055231422 0.0017304503532213484 0.9999944141166446 0.0028595938669385697 0.31510299530186286 -0.009455024986875216 -0.0028431089157882317 0.9999512584292249 0.7014855122928891
0.9999438789585169 -0.0009604743914758152 0.010550659805831145 70.48583549318018 0.0008956423846429892 0.9999807007773598 0.006147836817871665 0.32793506656593363 -0.01055636102612509 -0.006138042176758526 0.9999254410605435 0.7100758154456326
0.9999340893774559 -5.721532865391431e-05 0.011481011596735386 71.93659604448034 -5.5896377237550755e-05 0.9999514711831896 0.009851505172802172 0.3474999643958925 -0.011481018093933008 -0.009851497600918515 0.9998855605610802 0.7206862133053724
0.9999368388905363 0.00033684033994379374 0.011234089557548834 73.30056771478398 -0.0004920844621303427 0.9999043902984671 0.01381912134446347 0.3523835674887138 -0.011228360632067847 -0.013823776634344991 0.9998414009817156 0.7183441030373472
0.999943235989835 0.0009377551125097778 0.010613454363497934 74.70064424177988 -0.0011255483888660564 0.9998426778859293 0.01770176880196742 0.3668217799594977 -0.010595184708225364 -0.017712709935042346 0.9997869782947544 0.7312721202569376
0.9999421301504404 0.001725598607486115 0.01061878804974504 76.14390370033836 -0.0019190067315951085 0.9998319669404531 0.018230614283364126 0.3757862745682172 -0.010585545019679371 -0.018249936806207016 0.9997774182502852 0.7201464795702808
0.9999357428027953 0.002056324161482076 0.011148174575458204 77.51786412648526 -0.002267329505250858 0.999817902240239 0.018947864704038475 0.3830314875708952 -0.011107181565843179 -0.018971923752504203 0.9997583191085696 0.7319557549675683
0.9999318210230592 0.0022061192865216305 0.011466749461039987 78.93485407811866 -0.002414567355422793 0.9998315137334333 0.0181965384070036 0.3858279851826203 -0.011424673736906019 -0.018222985024552586 0.9997686730673252 0.7506580524416316
0.9999452399345015 0.001944159025940054 0.010282868180341112 80.30159488774402 -0.002120011342580295 0.9998512231982669 0.017118324124657264 0.3863570171383376 -0.010248057583744679 -0.017139186521283552 0.9998005929189825 0.7528479593681903
0.9999435087325217 0.0016957244556730046 0.010493038752604772 81.68351599440908 -0.0018747886481292535 0.9998523888529175 0.017078807705424047 0.3889256985185338 -0.010462528911218297 -0.01709751513186751 0.99979908504914 0.7677291908043882
0.999938895346305 0.0012534114493834671 0.010983375316802536 83.09096503571703 -0.0014335736987776567 0.9998643079108268 0.01641068653205348 0.396042340876204 -0.010961315617268107 -0.016425429240714013 0.9998050084062376 0.768138086605382
0.9999473515369957 0.0010527571736920565 0.010207147323387152 84.440465494428 -0.0012240153781663834 0.9998583465658905 0.01678655976898853 0.4079999910738567 -0.010188029274697917 -0.016798169687708597 0.9998069941516917 0.7720202483767741
0.9999441550710618 0.00015690028734639564 0.010567029928990538 85.84732049543825 -0.0003322142504802102 0.9998623056049293 0.016590945243921035 0.4104104391083247 -0.010562971784120651 -0.016593529241690535 0.9998065204900362 0.7740795054554906
0.9999355887348922 -0.0010347041380891825 0.011302555850385048 87.21038827412335 0.0008506108450774432 0.9998671030501257 0.016280439162982947 0.41737089759748075 -0.011317899212958595 -0.01626977644271652 0.9998035804756398 0.7801220072955981
0.9999161732617358 -0.002076510297977264 0.012780240787595643 88.59538146127657 0.0018771890296274232 0.999876732406534 0.015588333887216307 0.42292764353998263 -0.012811034733914954 -0.015563036240229094 0.9997968140037413 0.7971797983698203
0.9999085324558066 -0.0031548138484923834 0.013151953149881532 89.95927897906257 0.0029825331860182224 0.9999097648830456 0.013098342922938797 0.4209305983533645 -0.01319208921549646 -0.013057918712948154 0.9998277149294355 0.793487082367596
0.9998982530526362 -0.004005976797720768 0.013690715546758471 91.33710464482988 0.003843156233257966 0.9999218253471034 0.01189845976097824 0.43149050866230126 -0.013737310233553792 -0.011844633570227945 0.9998354819484724 0.8102847424373156
0.9999056474820813 -0.004423521743211916 0.013004944783700722 92.72145661808433 0.004278136722948013 0.9999282845155189 0.011185855891761092 0.44607344430850987 -0.01305349300453855 -0.011129163546233566 0.999852863194951 0.8083105954303509
0.999898686525055 -0.004586305559149086 0.013475254609395082 94.03204922821178 0.004449190819998919 0.9999382056419365 0.01018771802866041 0.4550529695571837 -0.013521145902516641 -0.010126731896439896 0.9998573037761842 0.8356681902542488
0.9999082715360724 -0.0048810065283408305 0.012634250631297196 95.437766369241 0.00476184132095914 0.9999440580125849 0.009444877583016273 0.47118167255256094 -0.012679644355349464 -0.009383848922188133 0.9998755772587044 0.8213269710337412
0.9999135768373237 -0.0047389046483702285 0.012263019168344077 96.77358899215952 0.004634484752080809 0.9999528836742578 0.008529477277015534 0.47725295082924996 -0.012302861759454572 -0.008471907357263114 0.9998884269648578 0.8180695748659348
0.9999217849320374 -0.004529274264839 0.011658031264411301 98.12250899849768 0.00441634966911725 0.9999432594400378 0.009694006191101383 0.4894662510344118 -0.01170127659395385 -0.009641762031231176 0.999885051668943 0.828958297430434
0.9999225005707951 -0.004197546684606795 0.011720642221257163 99.48272597025706 0.004060054968051268 0.9999229587084422 0.011729987272437084 0.5132099671656314 -0.011768976417028449 -0.011681491753439724 0.9998625075201639 0.8257781293044499
0.9999041651292097 -0.00413233427453679 0.013213037905859948 100.81568380944692 0.003970873465916154 0.9999174144682916 0.01222278229227526 0.5196695874194525 -0.01326245532229558 -0.012169143621889058 0.9998379964885981 0.8348593419587738
0.9998816480599584 -0.004054005507602406 0.014840987576500519 102.1775842826592 0.00388174473403504 0.9999249793741363 0.011617559186556796 0.5363282384771084 -0.01488697184525129 -0.011558575300515557 0.999822372927462 0.8368954633371315
0.9998940224648726 -0.003841473788195121 0.014042325952334726 103.51309120237268 0.003684256435250443 0.9999304376340472 0.011204737725722082 0.5485197520736295 -0.014084391841194963 -0.011151814745480385 0.9998386204454928 0.8430790769821753
0.9999242794890937 -0.0037169589470198135 0.011731133977705527 104.82522325605568 0.003584449909608015 0.9999297692333051 0.0112963852570004 0.560006049563533 -0.011772298291422064 -0.01125348022681136 0.9998673772934701 0.8492530197971578
0.9999383278418884 -0.0038885849292343323 0.01040285633930791 106.18103282936892 0.0037890992108238386 0.9999470659335626 0.009565984425557545 0.5706420035928708 -0.01043950381668982 -0.009525977015907973 0.9999001312740956 0.8456641717748666
0.9999262293044865 -0.0035768398723414674 0.011607849302903385 107.49922625470528 0.003471894533265284 0.9999530343120985 0.009048487076694017 0.5809661070256084 -0.011639669121636102 -0.009007518334971307 0.9998916854920756 0.856676126700301
0.9999039364684622 -0.002967570061637927 0.013539252667812796 108.83466623130136 0.002891874741310785 0.9999800993240336 0.0056069614209819435 0.5845473964590798 -0.013555622278382291 -0.005567268973660375 0.9998926195451294 0.8466347421775015
0.9998920551846329 -0.0021627577025948898 0.014532737449319112 110.17471751703387 0.0020939583739766573 0.9999865375230622 0.004747642674562831 0.5972135098509291 -0.014542809803439936 -0.00471669924387209 0.9998831228855019 0.8569135018682486
0.999904922489772 -0.0014351517259597027 0.01371445661507203 111.48690720178615 0.0013915953805354786 0.9999939597300338 0.003184959300274374 0.6058812657772191 -0.013718944675888536 -0.0031655715078018377 0.9999008799446117 0.8657537784635524
0.9999321029010917 -0.0007956924003482284 0.011625681115716997 112.82866397327709 0.0007410289984794116 0.9999886544900851 0.004705503919081919 0.6182697411133625 -0.011629293350144855 -0.004696569462183091 0.9999213477926467 0.8666163124531145
0.9999533635940571 0.00026758629589245387 0.009653964703989453 114.19215691217515 -0.00034390595809414464 0.999968697983773 0.007904731578608678 0.6183769592329018 -0.009651547317586488 -0.007907682986318838 0.999922155062165 0.8783542763278007
0.9999583797391857 0.0016776221476275063 0.008967963721626155 115.48907598151223 -0.0017736290538080998 0.999941091220378 0.010708329887484904 0.6361680545925427 -0.008949470898444273 -0.010723790045012274 0.9999024488907448 0.8704390456544384
0.9999302001595909 0.0031705249753266143 0.011381677388743277 116.86150191582534 -0.00330208144254419 0.9999277461113372 0.011558495353993205 0.6451120303520029 -0.011344208520095399 -0.011595271798552518 0.999868420645922 0.8760082184072686
0.9998990307847349 0.004112828004296696 0.013601944035863801 118.16141328038539 -0.0042700432597183305 0.9999241847828377 0.01154952020377677 0.6448436095515857 -0.01355341161139261 -0.011606434947234514 0.9998407851760738 0.8749369365122569
0.9998821339173758 0.005005162020863836 0.014514359303122695 119.52580278845822 -0.0051704440040397145 0.9999219644341867 0.011372403038862835 0.6450301086199641 -0.014456305947105983 -0.011446108300297925 0.9998299864592688 0.8826650016323577
0.9998841001936085 0.00595234231129986 0.014012701417898043 120.82735424262812 -0.006116267125971648 0.9999130262276766 0.011684659030263056 0.6430787560403699 -0.013941931590056338 -0.011769010205572044 0.9998335426171295 0.8833512033623029
0.9998774961667175 0.00736536001532823 0.013811014851216398 122.15335888613106 -0.007552839767690496 0.9998793705497144 0.013571991767994625 0.6395691474846027 -0.013709386230590658 -0.013674641529178199 0.999812510878029 0.886465751687189
0.9998768127341998 0.00842660249888738 0.013242043906581269 123.52603730841663 -0.008628083480405615 0.9998467517715368 0.015232502990709626 0.6393973176259572 -0.013111656339045529 -0.015344880000592085 0.9997962888137835 0.8788024276989531
0.9998741532033811 0.009620393045885765 0.012614507262046309 124.84669533719813 -0.009823177595443265 0.9998219172341748 0.01611331747677457 0.6439894548499122 -0.01245724438830385 -0.016235204212501304 0.9997905956781293 0.8889766836086281
0.9998677802040338 0.010741281414843465 0.012208479980124039 126.16766548355244 -0.010936750592770631 0.9998112371614836 0.016058565692338853 0.6330148334013912 -0.012033685899568857 -0.016189963532718954 0.9997965170395823 0.8780637730628741
0.9998649018090012 0.011559606007441908 0.011685616775727086 127.51818096216398 -0.011749252388019563 0.9997982294443015 0.016292804189650754 0.6263447670519554 -0.011494920565147808 -0.016427900322086127 0.9997989752406273 0.8865834517596717
0.9998422751970828 0.012578896983655203 0.012537786064349668 128.84017628562177 -0.012780872294330312 0.999787704477592 0.01616153701920325 0.6235619090747295 -0.012331830039245211 -0.016319231786504147 0.999790782434896 0.884976634389971
0.9998192064446787 0.013420215117045704 0.013470421320247217 130.2156925443516 -0.013636750078340506 0.9997771670432647 0.0161138234520852 0.6118670243086368 -0.013251168689350877 -0.01629460294564764 0.9997794218942546 0.8885749226529706
0.9998058318593421 0.013768760972410005 0.01409680110285624 131.54944182868678 -0.013973638074032319 0.9997966460488347 0.014539738253391015 0.5917268781053254 -0.013893740282040835 -0.014733898696061636 0.9997949170755918 0.8884161760697579
0.9998000952165841 0.01380599949552561 0.01446250264784069 132.90196982842508 -0.013992169081454908 0.9998195132939708 0.012851460656409248 0.5797655601600764 -0.014282465099037689 -0.013051253370339728 0.9998128204699908 0.8986590692948251
0.9997898539403739 0.013654874143358673 0.015290270436284116 134.2247339781088 -0.013820630659181128 0.999846293098566 0.01078797224871162 0.5652275466991628 -0.015140611812875066 -0.010997026379231077 0.9998248983120726 0.881634278594326
0.9997931681282941 0.013132265481447936 0.015529474148001056 135.556835935435 -0.013280689939963517 0.99986674038805 0.009493405105336878 0.5465109691137999 -0.015402734780136094 -0.00969768369768036 0.9998343416247476 0.8984602797730628
0.9998166950797783 0.011942049515586486 0.0149654165701027 136.9096200453369 -0.012082349514531576 0.9998835717110155 0.009319863337579582 0.5401024292306561 -0.01485237590280163 -0.009498972354404554 0.9998445761488393 0.8958561314536131
0.9998021146238436 0.010945765043445264 0.016610894656948646 138.2300850983491 -0.011066504167277134 0.9999128838974524 0.007194240849151917 0.525312530786897 -0.01653070111054553 -0.007376641749038648 0.9998361471147661 0.8992733156535035
0.9998149316244891 0.009919501563674825 0.016483506588297905 139.56768002469374 -0.010028207913565549 0.9999284249503902 0.0065253369471612605 0.5075713334897328 -0.016417598690445238 -0.006689429344864868 0.9998428446452371 0.8922953214378365
0.999819892638031 0.008621590027695362 0.01690711301998551 140.9302800687474 -0.008700530576564025 0.9999515642059862 0.004601087880910712 0.5051229208685094 -0.0168666254171513 -0.004747360044902102 0.9998464779753148 0.8925584440863362
0.9998388090591406 0.007417044953889394 0.016350637398933172 142.26670328557063 -0.007489900081774478 0.9999622740674794 0.004399072465889597 0.5039752101435806 -0.016317392437655075 -0.004520828015651246 0.9998566421333053 0.8829451112508818
0.9998508117080462 0.006413622522573242 0.01603807260549037 143.60374000860057 -0.006487772894235953 0.9999684856223024 0.004575649146487725 0.4935352762116178 -0.016008220689191437 -0.00467901788593267 0.9998609121582809 0.877296830327146
0.9998874673011916 0.005649361502632013 0.013897389993124214 144.96949865881714 -0.005684348072031629 0.9999807704925697 0.00247928055743859 0.4791938655998895 -0.013883116401024664 -0.0025579991593200455 0.9999003528948756 0.8811322583561544
0.9999044447347921 0.004591743802904108 0.013039067775557285 146.27611706888808 -0.0045589192669907835 0.9999863669573648 -0.002546007566287893 0.49300442544592 -0.013050580627855028 0.0024863202245540886 0.999911746384158 0.8818477999845612
0.9998672860207336 0.003596450172448418 0.015889489975750355 147.65724489504592 -0.0034404879461134683 0.9999457470244518 -0.009831889462534715 0.4761463109960999 -0.015923987824192257 0.009775917034628977 0.999825413788781 0.8911128785589025
0.9998397399866239 0.002219334391158785 0.017764259014681497 148.96528798667575 -0.0019076171202659109 0.9998442514959355 -0.017545191576471202 0.4674862174436331 -0.017800430904979275 0.017508492379209224 0.9996882500830968 0.8820840889390744
0.9998921473299065 0.001365396273332651 0.01462290672217896 150.26924974171746 -0.0010821629507583735 0.9998120001077453 -0.019359580674637458 0.43721090681531 -0.014646591116597175 0.019341668324282666 0.9997056452952022 0.8890665097452535
0.9999300108827531 0.0013618600404998482 0.011752390107863595 151.6675252677292 -0.0011501911727549354 0.9998373485235327 -0.017998709889820236 0.4555148854586962 -0.011774990288040027 0.017983932680642627 0.9997689371895161 0.8964386394879629
0.9999535548477014 0.002395598408548769 0.009335376570334944 152.97971113248724 -0.0022571108794568278 0.9998876730909988 -0.014817106706289997 0.4576811502427628 -0.009369823793585324 0.014795347543491672 0.9998466402869715 0.8921936418183429
0.9999497733370977 0.0032519726032867215 0.009480267784958073 154.3503852533899 -0.0031033450307913057 0.9998727098123136 -0.015650348948215865 0.46323490731550737 -0.009529955545903883 0.015620142341493917 0.9998325815357912 0.8882124427300211
0.9999185312838134 0.003747462431844565 0.012201939212419417 155.67563802645876 -0.0035123995993987488 0.9998089330912715 -0.019229153906181552 0.463462798020475 -0.012271668357473177 0.01918472924529787 0.999740642526605 0.8775234114226718
0.9998751335937316 0.00425173499156888 0.015219723074973667 157.01306862028358 -0.0038345855803190473 0.9996190151563304 -0.027333504921896096 0.459172083428899 -0.0153301394104759 0.027271730554726033 0.9995104999639602 0.8766753388068955
0.9998543408055136 0.004324421111021295 0.01651049830945281 158.35176905816266 -0.0037914412787306557 0.9994749883479501 -0.03217720683799233 0.4433837851972488 -0.01664097789800311 0.03210992134714061 0.999345801414945 0.8586118031996609
0.9998493539840511 0.004239850560179235 0.016831310255085913 159.69145617161823 -0.0036989439006443617 0.9994797750854808 -0.0320389920112448 0.43285940637987125 -0.016958394726373668 0.03197190739233538 0.9993448904087119 0.8800396747584369
0.9998432629335395 0.005211970101958657 0.01691995668047706 161.06633170901895 -0.004694153519248062 0.9995237236474331 -0.030500668660004972 0.43505695016030965 -0.017070866678369385 0.03041646320047693 0.9993915270189273 0.8695833807682961
0.9998363558622217 0.006482760333488789 0.016888910995418494 162.40550363532336 -0.0059934015998197995 0.9995653114614526 -0.028866369017119312 0.43824802716607614 -0.01706870333141627 0.028760423178871564 0.9994405922440595 0.8500954320753668
0.9998536019795665 0.00734052900273663 0.015456106962835187 163.75464425986024 -0.006926818197618242 0.9996207646377107 -0.026652318750459078 0.44081078348795394 -0.015645887579289478 0.026541355260779546 0.9995252686464597 0.8474991291896109
0.9998574189186012 0.007983559194965375 0.014879671233370301 165.10073132969904 -0.007602357885480384 0.9996458690934903 -0.025501775602917495 0.44053521944528645 -0.015077996817010476 0.025385018946240075 0.9995640323786592 0.8291678689179809
0.9998382638041065 0.008184155263928523 0.016014550752546125 166.45096999642877 -0.007795659829128496 0.9996774003770988 -0.024172771109537177 0.43861437704082296 -0.01620721817643228 0.024044017507510555 0.9995795172476675 0.823911865458452
0.9998374973568859 0.008041775550408888 0.016134085815936613 167.78128722147423 -0.007671325831298653 0.9997084959816271 -0.02289265869538027 0.43152852220644544 -0.016313480288068855 0.02276516874855018 0.9996077317891958 0.8218678431162016
0.9998717533159412 0.007525490446453966 0.014136616088932763 169.17756083125937 -0.007219938087260256 0.999741866840954 -0.021542334585191936 0.42800377235490716 -0.014295083592678682 0.021437506359289035 0.9996679868367166 0.8151248563873258
0.9999124657510592 0.00693140405191073 0.011270158539527937 170.57867656445868 -0.006739444813890472 0.999833078327862 -0.01698220730741614 0.4302400156006945 -0.01138598784636027 0.016904766171133182 0.9997922725053748 0.8216939442243494
0.999931747431382 0.006566425579450536 0.009663463868218572 171.91433750148016 -0.006472103039147208 0.9999314262180881 -0.00975985367262205 0.43211244631570955 -0.009726888560762358 0.009696644603669372 0.9999056769127559 0.8329058315809222
0.999917449717727 0.006856033163730164 0.010866855996779593 173.26923182189628 -0.006777910476828885 0.999951039041242 -0.007209677517637864 0.4350226842760258 -0.010915753733252032 0.007135427779612923 0.9999149623797201 0.8306329700248659
0.9998783106792248 0.007464070021846132 0.013698594525293676 174.68543874069394 -0.007468059292415303 0.9999720848347993 0.0002400865466909181 0.4457399502027751 -0.013696420103968682 -0.0003423592468597729 0.9999061410284875 0.8550824126531826
0.9998483911444332 0.007471445549026241 0.0157280713152069 176.01398605419917 -0.007462426207922228 0.9999719559505051 -0.0006320661455012518 0.4441154975904193 -0.01573235268418597 0.0005146007470936201 0.9998761064577408 0.8474901345705289
0.9998316111831456 0.0067052383316240525 0.017081834147166925 177.45998947444386 -0.006635039073222324 0.9999693225803926 -0.004162950228794899 0.4363482205684007 -0.017109223694019886 0.004048910597522493 0.9998454284475982 0.8306300853541776
0.9998350779635372 0.005255491036149058 0.017383805326123703 178.85649850779828 -0.005153605511807719 0.9999693114009298 -0.005900559853026093 0.43240408611369097 -0.017414282180907573 0.0058099974457339575 0.9998314791532643 0.827818846249016
0.9998996783439167 0.0031512195377112638 0.013809527984584843 180.19353258078112 -0.003058083527728942 0.9999724730971777 -0.00676026427380349 0.4252753592720363 -0.013830450927909691 0.006717355382840611 0.9998817908951994 0.8312110195094088
0.999957547092117 0.0014200471778757484 0.009104256121675801 181.60769882891663 -0.0013757112564865203 0.9999871746357599 -0.004874216093781274 0.43554457222460136 -0.009111060973083236 0.004861484341505918 0.9999466758472384 0.8270917412871366
0.9999649086344685 0.0009133652787671334 0.0083275004369089 183.0049447543223 -0.0009115554413070918 0.9999995600849805 -0.00022112558216974546 0.46400296515093975 -0.008327698741945382 0.00021352684423536165 0.9999653013179759 0.824898819301395
0.999959265375672 0.0005004689212368898 0.009012054161237768 184.33277480214258 -0.0005526215380390349 0.9999831115943293 0.005785424406104965 0.48091347111058347 -0.009009006536899747 -0.005790168994246679 0.9999426542278493 0.8324324551692996
0.9999190854291284 0.0008262794151026579 0.012694087478173285 185.77993585822196 -0.0009018360179719609 0.9999819065716297 0.005947539084801369 0.47265477260703787 -0.012688943469494483 -0.005958505827531683 0.9999017386333174 0.8284929182170226
0.9998885964583268 0.0011919722698102047 0.01487863820063063 187.16812178786273 -0.001308572631796762 0.9999684928714535 0.007829489259267672 0.4849055019894693 -0.014868836883380424 -0.00784808680518245 0.9998586526220763 0.8397230774179041
0.9998704321374536 0.0013643925026529944 0.016039244694201874 188.6151808161571 -0.0014397567251038565 0.9999879741906981 0.004688131243526459 0.484361609444513 -0.016032655358183708 -0.004710616422795961 0.9998603722795913 0.8228566991444968
0.9998588775668992 0.0012327699724434375 0.016754260021128665 190.02160729559586 -0.0012990828702697942 0.9999913641231379 0.0039476654926673595 0.48196027385040663 -0.016749248769921597 -0.003968873560705461 0.9998518443791071 0.8232771835005637
0.9998478460128658 0.0013640839215221167 0.01739034497897216 191.38071010263855 -0.0013745720704909559 0.9999988805383088 0.0005911630505223077 0.4851485671041291 -0.017389519115134942 -0.0006149773852114221 0.9998486017531655 0.8141754619639552
0.9998483744292149 0.0017841035476304466 0.017321810695992007 192.83157508308554 -0.0017835533698166688 0.9999984083530087 -4.721044830764429e-05 0.48864884512304924 -0.01732186735411244 1.6308916158309658e-05 0.9998499650674525 0.8127515021331647
0.9998329286986459 0.0021877005612169166 0.018147414585629795 194.19173264483703 -0.0021330123050328637 0.9999931274866413 -0.003032365082346362 0.488213697495732 -0.018153923774073093 0.002993149802550193 0.9998307237257038 0.8010860236903025
0.9998001649167054 0.002612864107299832 0.019819262692778176 195.64454554999512 -0.0024495135767530103 0.9999628704866508 -0.008261811625483787 0.4823510522945476 -0.019840113804256956 0.00821161307262225 0.9997694430692406 0.7885932859875021
0.9997827314138373 0.0029851549772028493 0.020629561712482005 197.05325895525942 -0.002737435291181609 0.999923940159019 -0.012025819925863527 0.4756572204604387 -0.02066389156750528 0.01196673500269743 0.9997148597668546 0.7928999314196934
0.9998497685078547 0.0031474005699630796 0.017045066278592955 198.47848969412664 -0.002989689225640701 0.9999525614454539 -0.009270200483797977 0.4811270773893789 -0.017073434719572934 0.009217848356743368 0.9998117468296462 0.7987333273111812
0.9999238402606435 0.0033120179095114223 0.011888827350677759 199.90912834012119 -0.0032785035681042823 0.9999906003531982 -0.002837361380632091 0.49894405852918444 -0.011898112991608183 0.002798167725039109 0.9999252997922503 0.787409862416103
0.9999259629915677 0.0046228251142225295 0.011256021648406266 201.3711978864726 -0.00470305537125307 0.9999636514311657 0.00711175692955146 0.5081595002790068 -0.011222736099588402 -0.007164168089416175 0.9999113585163565 0.7757348391681688
0.9998713386507178 0.005802353465462969 0.014954559140392346 202.78174267116634 -0.005993816915396178 0.999900238069011 0.012790155132751052 0.5285991020518778 -0.014878854243737085 -0.012878144423672121 0.9998063677995838 0.7657470603930819
0.9998180913038708 0.006766430727620303 0.01783254655659126 204.24061847331956 -0.007035818631853279 0.9998614251192168 0.015087339551703938 0.5225757018401034 -0.01772798797563743 -0.015210061596754285 0.9997271490104481 0.7688989621161718
0.9998192032189924 0.006208562103534814 0.01797260780036057 205.71011035741478 -0.006470452175148792 0.9998732024605884 0.01455033504274281 0.514991835408073 -0.01787999225917457 -0.014663995288239438 0.9997326008083353 0.7608972787134796
0.9998212731514335 0.00492706897527769 0.018252280546801457 207.1514868283411 -0.005117726088811287 0.9999326793958182 0.0104137196034655 0.5059160424348271 -0.01819974267747188 -0.010505268564513589 0.9997791799686875 0.7504087308744279
0.9998320017710903 0.003808525649949081 0.017929399509970516 208.57535167174512 -0.00396780208097568 0.9999529096204094 0.008856358637921134 0.49866486587097936 -0.01789482553870409 -0.00892601109404168 0.9998000307785994 0.7445075209409766
0.9998427630209353 0.003369160907067327 0.01740970963124129 210.07507868848043 -0.0035222490606501983 0.9999553386054322 0.008770094415113281 0.5078984473615515 -0.017379384230075453 -0.008830036765356169 0.9998099756726303 0.7303847905252925
0.9998412094790284 0.003189808525541968 0.017532283053954087 211.5321033242695 -0.003368515306884309 0.9999425804412599 0.010172950658564519 0.5086393178672115 -0.017498826593256817 -0.0102303930542615 0.9997945439568143 0.7281342240373465
0.9998273685506994 0.002976835228041421 0.018340434809703664 212.95674599092484 -0.0031903622437895124 0.9999273473632313 0.011624180998473304 0.51373239755973 -0.018304499057261867 -0.011680686930012167 0.9997642256387782 0.7179538110010614
0.9998308324032689 0.002578494400324165 0.01821147831489323 214.40707086595626 -0.002781955198227004 0.9999339040795433 0.011155635235958836 0.521386136348192 -0.01818150986748315 -0.011204411580721477 0.9997719209200008 0.717532566640285
0.9998407863319348 0.002300069176290053 0.017694961681861545 215.86574201167426 -0.0025071149609593893 0.9999285550927931 0.011687561106221812 0.5243942392630111 -0.017666815267919727 -0.011730063589913553 0.9997751193375768 0.7151399274256804
0.9998495898280668 0.002123224557765326 0.01721306591295516 217.35426310171604 -0.0022998837103874506 0.999944824608713 0.010249793811037232 0.5259240162131753 -0.017190353561376538 -0.010287840187686867 0.9997993059052939 0.6985016455625409
0.9998465127521071 0.0015031001299494102 0.017455418283436986 218.8072564525758 -0.0017105939343402949 0.9999279881551739 0.011878231027307761 0.5229809085382118 -0.017436307115963473 -0.011906267002954564 0.9997770831541459 0.6996039446046074
0.9998536283316302 0.0013213067276128575 0.0170580204187359 220.29008353251365 -0.0015555918333352693 0.9999045476435455 0.013728646539430504 0.5280257593598994 -0.017038252437456918 -0.01375317237178832 0.9997602453606511 0.7005740645648465
0.9998550956457743 0.001303209307798445 0.01697319524071411 221.79210990219775 -0.0014884838369301932 0.9999394018674267 0.010907658267483541 0.5310814920633723 -0.01695795173499825 -0.01093134202708304 0.9997964461001251 0.6806380885830002
0.9998590224810002 0.000825166764727533 0.016770636933315198 223.28139549950617 -0.0010406225398119531 0.9999169896960014 0.012842539547003129 0.5375146796036222 -0.016758647560836226 -0.012858180940439947 0.9997768825667228 0.6801720021189204
0.9998589673953105 0.00045784119095091714 0.016787962968363646 224.76051663988008 -0.000656665338906635 0.9999296931828677 0.011839657167698903 0.5447269408930433 -0.0167813619773831 -0.011849011463402085 0.9997889711421727 0.6633550401496714
