1.0 -2.1684043449710093e-19 -2.5135375298442207e-37 0.0 2.1684043449710093e-19 1.0 2.3183291766350204e-18 -8.673617379884035e-19 -2.51353752984422e-37 -2.3183291766350204e-18 1.0 0.0
0.9999996051917989 -0.0005752605321510217 0.000677267721610383 1.3273296131564947 0.0005753941083097035 0.9999998150465057 -0.00019704967556571635 -0.005147294397329037 -0.0006771542414461252 0.00019743929362565135 0.9999997512398984 0.014190926913472833
0.9999991949433092 -0.0005967494779263065 0.0011198226618697432 2.628292109638085 0.0005974884623972986 0.9999996039058764 -0.0006596935863360372 0.0026109771196390695 -0.0011194285465113297 0.0006603621363656997 0.9999991554004325 0.02238872817330788
0.9999988872748349 -0.001117982926636402 0.0009877060635002097 3.952068913162743 0.0011192782555432775 0.999998513100449 -0.0013118738802854152 0.0010290909243763538 -0.0009862379422804482 0.0013129779384500793 0.9999986517109183 0.04942137746404745
0.9999992821443365 -0.0005474306212199864 0.0010658473279201277 5.267740877157508 0.0005495005897131223 0.9999979618565761 -0.0019427639577488751 0.012071868060146682 -0.0010647816270901312 0.0019433482468600017 0.999997544815825 0.054373423007450884
0.9999984227272785 -0.0009066756234279397 0.0015272466301206708 6.589238739993435 0.0009101348451881187 0.9999970188182309 -0.002265835213452324 0.00541542470836749 -0.001525187699566118 0.002267221639987519 0.9999962667472896 0.06502565319406606
0.9999967102503768 -0.0006760305557410519 0.002474362768808948 7.92429047642065 0.0006848693568307137 0.9999933821118684 -0.003573050017964958 0.011495240015391416 -0.002471930902763611 0.0035747328787630477 0.9999905553766284 0.09339318125345765
0.9999957501915141 -0.0004940095815344781 0.0028732478911977985 9.239961185118425 0.0005043317331277911 0.9999934183787582 -0.0035928886246170133 0.028083394056568085 -0.0028714540591624977 0.003594322425617121 0.9999894177429514 0.10374599452366255
0.999997072073362 -0.0010957289969869926 0.0021575965026953458 10.57673999225538 0.0011024474499264432 0.9999945402524296 -0.0031151364258922426 0.022349418712619827 -0.002154171377451662 0.003117505941763687 0.9999928203254159 0.12261756131771416
0.999999559413935 -0.0009372143330517229 -5.2926645354181676e-05 11.890024315674397 0.0009371817949051669 0.9999993738833648 -0.0006114925685202783 0.03863887374733381 5.349971181570041e-05 0.0006114426972166825 0.9999998116377866 0.12648430430868315
0.9999989664326073 -0.0010979486282099314 -0.0009282470183081488 13.237488326000934 0.0011004938647299106 0.9999956243754692 0.002745932112986097 0.037078296187868155 0.0009252280642511142 -0.002746950805028804 0.9999957990983283 0.14955414923522406
0.9999991515863105 -0.0008600004011014705 -0.0009783792563770291 14.577665177271022 0.0008659991818262919 0.9999807287527922 0.006147533525865076 0.05873721514245493 0.0009730735204904879 -0.006148375585849014 0.9999806251150964 0.16341160686393313
0.9999999106685746 -0.00041920028053205575 5.4166110470023546e-05 15.921278212489803 0.00041885188594826465 0.999980196680055 0.006279395736545761 0.0826745725693242 -5.679736225553951e-05 -0.006279372488020864 0.9999802829332267 0.17988790595267126
0.9999958290229948 -0.0002116813777416679 0.002880473504061655 17.267055319952068 0.00019915377612737283 0.9999905243600606 0.004348738652147074 0.07128853519043163 -0.0028813667567212 -0.0043481468564827855 0.9999863955797237 0.19814884122413956
0.9999866992228561 -0.00011030426796127187 0.0051564726650725 18.632561213632687 0.00010998481305727972 0.9999999920150267 6.223574283190606e-05 0.08246998287265343 -0.005156479488766257 -6.166778136605728e-05 0.9999867033697832 0.21438974054278304
0.999995142788272 -0.0005471445468533491 0.003068392528382894 19.96825864125527 0.000553713196251445 0.9999975562443394 -0.0021403053627268185 0.06538147034674498 -0.0030672139735734663 0.0021419939762447543 0.9999930020056371 0.2453293407798337
0.9999995969932942 -0.0003768412390525278 0.0008148643626584498 21.32866226655512 0.00037918966166020426 0.9999957700962658 -0.0028837483899749484 0.07995786162091023 -0.0008137742005442455 0.002884056215946985 0.9999955099855669 0.23486188581989786
0.9999999216563699 9.403892731564499e-06 -0.00039572568924801894 22.67515689209845 -9.69365372078582e-06 0.999999731871614 -0.0007322313388006341 0.0874887126416538 0.00039571869731776373 0.0007322351174627729 0.9999996536191628 0.2820072968585063
0.9999989737226382 0.0006903729978753592 0.001255364008567899 24.04094097462156 -0.0006928766898469515 0.9999977698357706 0.0019950552317912866 0.09608185182867662 -0.0012539838766386935 -0.0019959229967700764 0.9999972219040552 0.2681020172467202
0.9999843411171381 0.0014300031040338898 0.005410416956709719 25.439037282068206 -0.0014416150797509685 0.9999966647825503 0.002142934842080929 0.10771847788970762 -0.0054073345083167565 -0.002150701024787789 0.9999830674659532 0.2819738664220373
0.9999776512978267 0.001788548926414078 0.006441893946652558 26.802796814362058 -0.0017894519238542213 0.9999983898959537 0.00013441470304816517 0.09985591962736864 -0.006441643167260217 -0.0001459391585701013 0.9999792417520813 0.29643900556825553
0.9999815533609042 0.0016888975981366326 0.005834429090840204 28.172506650985497 -0.0016669681853547225 0.9999915363485502 -0.0037614423211105126 0.09928868367020778 -0.005840732401167625 0.003751647127467397 0.9999759052041449 0.3146451721893458
0.9999932063617942 0.0015103576658937047 0.0033624470225179304 29.54229995350842 -0.0014967398526778604 0.9999906834090817 -0.004048810300714733 0.1100260241853427 -0.003368530847649971 0.004043750086101266 0.9999861504466797 0.31993502318289485
0.9999956143148095 0.002525241855146158 0.0015474187279621407 30.92008789512446 -0.0025189081374999175 0.9999884983461808 -0.004081455272966036 0.11624337453796328 -0.0015577075917728193 0.004077539567362106 0.9999904735636911 0.3512710248532285
0.9999959370589783 0.002801203722208686 0.0005283211547868312 32.31542041109654 -0.0028005139011433944 0.999995231030402 -0.0013019363818412217 0.11721458907439862 -0.0005319656242781987 0.0013004515214122396 0.9999990129187204 0.33955705781601697
0.9999937937904886 0.0031606522186526215 -0.0015564890165404082 33.68812265016281 -0.003160439340823351 0.9999949961095531 0.00013920857662484167 0.12423653777954359 0.0015569212179364525 -0.0001342885235458156 0.9999987789807113 0.37729217048207975
0.9999935968954614 0.0033602217918340697 -0.001230884879679821 35.08489637861997 -0.003359762369083749 0.9999942856231906 0.00037512369689103587 0.13645138397140844 0.001232138344760736 -0.00037098581423536734 0.9999991721019699 0.36225455013037394
0.9999955129069502 0.002928799378829938 0.0006295237595973314 36.47847938072171 -0.002928570701347039 0.9999956455266181 -0.0003638700997541661 0.1269960172909781 -0.0006305867208750118 0.00036202486219701194 0.9999997356491583 0.39548693552177255
0.9999939839351122 0.0028093185713001768 0.00203465543703999 37.877898228545824 -0.002812969141133269 0.9999944351548716 0.0017935617916153025 0.14094843243493937 -0.0020296054280476337 -0.0017992744243884161 0.9999963216499109 0.4121836008117221
0.9999935912025849 0.0024072539005044855 0.002650034417884475 39.26673848145434 -0.0024179785746068 0.9999888702872611 0.004051256745732644 0.13144692692313117 -0.002640252520159546 -0.004057638508493298 0.9999882822495292 0.42853861744570226
0.9999925528706298 0.002851867001234745 0.0026002034319916926 40.6717296703153 -0.0028689078378769527 0.9999742779154601 0.006573650072216746 0.1502194317250611 -0.0025813893736205745 -0.0065810608614003405 0.9999750127212381 0.44573127900724097
0.99999072496057 0.0028470652831949273 0.0032317506257320753 42.09949207714449 -0.0028768564358606303 0.9999530669081793 0.009251360871449921 0.15771703524101072 -0.003205259721323803 -0.009260572347299791 0.9999519829021388 0.4688774191034456
0.9999921039374841 0.002458030781355046 0.0031225225958933216 43.48726300335355 -0.0024893708969260376 0.9999461686664166 0.010072874559524169 0.15470295477349422 -0.003097595070613802 -0.010080568140352143 0.999944391979247 0.47243120564557245
0.9999938332103895 0.0019038488516070298 0.0029510846721048437 44.90786169714624 -0.00192848618737838 0.9999631253267519 0.008368328852275408 0.16176395341594432 -0.002935043818546558 -0.008373968372579923 0.9999606303107529 0.47873234716697466
0.9999953259196315 0.001128319809864458 0.0028416603063759235 46.30746421975975 -0.001151335752232511 0.9999664432975781 0.008110900367858088 0.15144210152728776 -0.0028324132600657465 -0.008114134161964338 0.9999630684489932 0.5051325728525693
0.9999943386815967 0.0004054046954959513 0.0033403969508189156 47.741639437399826 -0.00043171556377761687 0.9999688621462982 0.007879616710835804 0.16870139355702274 -0.0033370985044140736 -0.007881014203169572 0.9999633760236928 0.5209742459332214
0.999990036983599 -0.0007149708917589689 0.004406217217091092 49.14035920483977 0.0006802883862185379 0.9999688174206477 0.007867743899176145 0.17327265170701978 -0.004411705027744801 -0.007864668014314695 0.9999593411013133 0.5273050895875847
0.9999892043583393 -0.0014927674667329842 0.004400319541348369 50.566419239779904 0.0014538162238161238 0.9999598531620683 0.008841859673303303 0.18856426414620175 -0.00441334172289862 -0.008835366963815467 0.9999512281633799 0.5489601012544418
0.9999851183171206 -0.0027704860365008145 0.0046997395051229926 52.01225380752599 0.002729188328311383 0.9999578096176202 0.008771004264057565 0.19313496304623223 -0.0047238411661558455 -0.008758047262550087 0.9999504897407591 0.5544796483720648
0.9999726842247215 -0.00385769654299048 0.006304679356434255 53.42023273478785 0.0037959520452281693 0.9999450064582805 0.00977623686392002 0.20162151923086852 -0.00634204639494044 -0.009752037557933212 0.9999323358162757 0.5820117169526131
0.999965321620257 -0.004706424163470306 0.006870598845033593 54.88099899809063 0.004653354188782465 0.999959374111261 0.007719871877746811 0.208532387908525 -0.006906652712393667 -0.007687632835183286 0.9999465977989535 0.5837832437659518
0.9999580118868548 -0.005367187301251836 0.00742750050568047 56.27768241817457 0.005325396662545147 0.9999699438004178 0.00563485990738986 0.21577695798730132 -0.00745752061178215 -0.005595068923850508 0.9999565393506171 0.587625990411396
0.9999603716392764 -0.005519191050307049 0.006985247396495902 57.70196393103744 0.005500619089460307 0.9999812931638827 0.002675165774531954 0.2358387878278033 -0.006999881475618503 -0.0026366365769238775 0.9999720245121303 0.5921194024417882
0.9999585333550358 -0.005546275187568868 0.007222908139336737 59.15299005503546 0.00553286308112558 0.9999829347334983 0.001875544695683169 0.24524083989796724 -0.007233187165493266 -0.0018355035613546614 0.9999721555773966 0.6063754887627691
0.9999536805568953 -0.005360933472251295 0.007993568228567218 60.56103725729304 0.005347177256024644 0.9999841876761031 0.0017412906582991443 0.2479844545432665 -0.008002776775052291 -0.0016984669764592926 0.9999665348269503 0.63130863366014
0.9999469649396703 -0.004577977979615131 0.009225476982795588 62.005549582006466 0.004568490954773947 0.9999890140142246 0.001049162168164628 0.26581495415425777 -0.009230178673139588 -0.0010069600176363669 0.9999568939875282 0.6477056527250065
0.9999528049383811 -0.00423779490455259 0.0087423675403629 63.40777006154742 0.00425272346985445 0.9999895295251617 -0.0016897287162049325 0.27583705868076264 -0.008735115279879933 0.0017268278409750474 0.9999603571275487 0.6503480899976575
0.9999623098659564 -0.0037307826564364046 0.007839649756938023 64.82616295746482 0.0037539522037596 0.9999886238278984 -0.0029427975869200334 0.2864266337665401 -0.007828581633534488 0.00297211634296628 0.9999649393023992 0.6572425542871901
0.9999623718838078 -0.00308937349923561 0.008106206751096065 66.29902980940687 0.0031111428993184204 0.9999915844510456 -0.0026742881196921723 0.29156582929738045 -0.00809787665807002 0.002699407058842153 0.9999635681339403 0.6728803735067113
0.999965384612038 -0.0024922536558602275 0.007938403454978288 67.63676515400705 0.002499625436508768 0.9999964537999875 -0.0009188362893884964 0.30670657076160107 -0.007936085330710491 0.0009386475187151983 0.9999680682354108 0.6855592764890732
0.9999546521328364 -0.001849546419482937 0.00934199421646039 69.11588981677001 0.0018348714403130144 0.9999970697014332 0.001579188191643678 0.3160867763470115 -0.00934488762349367 -0.0015619752204439844 0.999955115647055 0.6900641343114657
0.9999429023127618 -0.001021090574442987 0.010637174830241434 70.48254828337258 0.0009586092097150943 0.9999822689794636 0.005877311891222225 0.3370580858382779 -0.01064298749005126 -0.00586677941654844 0.9999261511314543 0.7060030034483723
0.9999309870675747 -0.0003323973980740668 0.011743534988891262 71.94332414014428 0.00022289026364258758 0.9999564967246984 0.009324965308167673 0.35130630991254125 -0.011746123700861194 -0.009321704245357222 0.9998875608827055 0.7123603787096514
0.9999403308142456 5.809199590945042e-05 0.010923892914934449 73.307196296422 -0.00020219122221016116 0.9999129803946369 0.013190555599522575 0.3576677920049815 -0.010922176056382031 -0.013191977245070067 0.9998533281469631 0.7131349294541225
0.9999424939650624 0.0009785829625528779 0.010679472754611544 74.68443523693907 -0.0011623662841644417 0.9998511109861138 0.017216409743479377 0.37188414918856555 -0.010661035013192986 -0.017227833155081782 0.999794750985035 0.7244595597962539
0.9999410582149182 0.00165158025068478 0.010730907636593326 76.14583918221895 -0.001864176214027212 0.9998015915621185 0.01983185207936475 0.3852419766963042 -0.010696024638743319 -0.019850687457372774 0.9997457403082031 0.7382494493650844
0.9999363673214774 0.0018420646696013653 0.011129604920230188 77.51750056038588 -0.0020497660431773377 0.9998234205084303 0.018679568035448034 0.3935611535796318 -0.011093230687930488 -0.01870119249073976 0.9997635748677428 0.732266004470124
0.9999333320725402 0.0019022752720240068 0.011389150938341659 78.91669129831728 -0.0021026965771890655 0.9998426939840238 0.017611529004436834 0.38954114985376703 -0.01135385738025452 -0.017634302808993852 0.9997800364515335 0.7431410505261715
0.9999442716466317 0.0017565294620204926 0.01041000505938437 80.30589969118732 -0.0019291614797332297 0.9998604074260035 0.016596505592785117 0.39725509972407186 -0.010379399648942501 -0.016615663277621154 0.9998080754808757 0.7497345812623576
0.9999422046754519 0.0015331925892581577 0.010641270097165426 81.65260269694572 -0.0017129633466659879 0.9998556290782458 0.016905228691688545 0.3991147088395568 -0.010613814835843052 -0.016922479754148168 0.9998004684003708 0.7684120128964761
0.9999394260298274 0.001150759717899623 0.010946233288717702 83.09460386817337 -0.001322154356270553 0.9998764451223736 0.015663537190024335 0.40278469767462266 -0.010926855860565141 -0.01567706099741722 0.9998174001183845 0.7648171316189245
0.9999455353404019 0.0008771734940642369 0.010399851895985203 84.44837694417569 -0.0010444298156483275 0.99987003330159 0.01608805991528146 0.4169824859306516 -0.010384388241841725 -0.016098045599973073 0.9998164918667345 0.7743702211724413
0.9999428333394583 0.00015894003969236972 0.010691341876488113 85.86058507052637 -0.0003268759068010355 0.9998765724405566 0.015707738114256554 0.4175282630748252 -0.010687525681733765 -0.015710334897394696 0.9998194647896259 0.7662642988981698
0.9999332155069791 -0.0011393621412285507 0.011500712142487322 87.21307850267152 0.0009609565656389709 0.9998793100133243 0.015506191336288704 0.4228970042221718 -0.011516991289055298 -0.015494104078318778 0.9998136284580532 0.7889922170127538
0.9999143365518366 -0.002223543476410054 0.01289865932990846 88.58216255669475 0.002053446621646327 0.9999109595182237 0.013185461399481227 0.4304476313728606 -0.012926829273745728 -0.013157845178967353 0.9998298696254148 0.7906227230850067
0.9999046662710124 -0.0032338392977810503 0.013423883672450083 89.95794871630194 0.0030861598046016004 0.9999346539736563 0.011007424778060585 0.4279238763921384 -0.013458602717808648 -0.010964947148998377 0.9998493066192043 0.796912759142462
0.9998966776355016 -0.004200191495243805 0.013747452305389983 91.33750410492728 0.004059244479901404 0.9999390795624716 0.010264487225841983 0.43948163085376124 -0.013789727616529657 -0.010207622404868083 0.9998528130965585 0.8100224120138411
0.9999043972248767 -0.004507046795563247 0.013072220145730855 92.70271161342315 0.004400306789431132 0.9999568393633652 0.008182708022896328 0.45520153335918606 -0.01310853578836076 -0.008124403954241117 0.9998810731031333 0.8019706984433231
0.9999001363850288 -0.005060396834764791 0.0131950612380369 94.08653917944156 0.004971203093791467 0.9999646337139151 0.006783690824020932 0.46781585170979934 -0.013228922745300147 -0.006717418050883102 0.9998899298911499 0.8189643610969686
0.9999054315352386 -0.004941336978239405 0.012833985164231206 95.43715915007951 0.004839250689922337 0.9999565032588531 0.00797328308085786 0.4827725564120644 -0.012872825606226048 -0.007910422188157337 0.9998858512758928 0.8243254614870572
0.9999124299710962 -0.004880568023418796 0.01230091236724586 96.78780904152568 0.004801619614231585 0.9999677382776854 0.006439476134812964 0.48950243575295005 -0.012331943819937987 -0.0063798479276062 0.9999036057050913 0.8193822127413436
0.9999198765526115 -0.0048739781404762645 0.011682671445199692 98.11004064570663 0.004781172056459092 0.9999568986681474 0.007958718473917487 0.5057901271337263 -0.011720958526368884 -0.007902223931697983 0.9999000820022752 0.8313660818838806
0.9999216423945141 -0.0042713805943978625 0.011767088802048001 99.46557796577684 0.004159291382540956 0.9999459028369616 0.009533713587528966 0.5229537154682733 -0.011807174355136906 -0.009484023797508906 0.9998853153868976 0.8232611434668997
0.9999008519468985 -0.004319445121736009 0.01340256205757465 100.78304303730405 0.004188040177408457 0.9999430409162934 0.009817089311430315 0.5311946364437441 -0.01344420303845643 -0.009759985497760628 0.9998619885202878 0.8326467233058379
0.9998750442161554 -0.004313234730511653 0.015208285896205452 102.16330233687545 0.004164160363981299 0.9999431095135247 0.009820259919485872 0.5500357347299312 -0.015249777775569738 -0.009755703079877002 0.9998361218395807 0.8380707343788839
0.9998923052772279 -0.004047950597388903 0.014106450416460347 103.48063383483313 0.003912028008868575 0.9999457872169959 0.009649801233202705 0.5606281407218674 -0.014144747585191587 -0.009593577171399182 0.9998539340287699 0.8465239938598926
0.9999244072242813 -0.003905000767719368 0.01165893675142145 104.82058690325837 0.0037895625766660996 0.9999437437962904 0.009906990367234034 0.5731572122651409 -0.01169696766889036 -0.009862059199936253 0.9998829535179055 0.8414285268396308
0.9999408847228252 -0.004102162256970873 0.010069723161592091 106.15421924681478 0.0040053384275556625 0.9999457362222772 0.009616749709167548 0.5893542148226891 -0.010108626208064403 -0.009575848563209 0.9999030547010447 0.8383728490605451
0.9999235201629512 -0.0037495594877309394 0.01178535653173695 107.50856762563474 0.003665085931695025 0.9999674988407472 0.007181114627528989 0.5939455461073216 -0.011811899510471595 -0.007137371072627967 0.9999047639471101 0.8547877678736153
0.9999054614305549 -0.003142563010251147 0.013386280255374363 108.86021895628838 0.003079013366492062 0.999983905485248 0.004765338095003344 0.5975327412610665 -0.013401040184918016 -0.004723671050923014 0.999899044430869 0.8431170349591997
0.9998918904632923 -0.002391240618152029 0.014508251240227513 110.18278322085611 0.0023497051644339366 0.9999930943620584 0.0028792557780536153 0.6150639176036286 -0.014515036044863814 -0.0028448543901793194 0.9998906042823459 0.8540063944436558
0.9999057139083717 -0.0016470296574433504 0.013632702839018612 111.48963315108907 0.0016164922816771963 0.9999961605875043 0.0022507249840048515 0.6204729100946158 -0.013636357508248386 -0.002228475613025107 0.9999045372686081 0.8648262456847012
0.9999321201665285 -0.0008506746691730622 0.011620301712008818 112.8370394037818 0.0008195502786462821 0.9999960650538959 0.0026829487630275223 0.6289044218418031 -0.011622538303299266 -0.002673243223406245 0.9999288826581902 0.8681536468224972
0.9999554178463632 0.0002906834232533031 0.009438104833741355 114.16322350773329 -0.0003541201319881033 0.9999773553942567 0.0067203643978854125 0.6258437119524103 -0.009435937613049747 -0.0067234070124967725 0.9999328771870175 0.8765026472614846
0.9999577239022559 0.0015502594125799823 0.009063503956708907 115.48886561525184 -0.001640610441637326 0.9999489550100228 0.009969742812242537 0.6471497571043772 -0.009047585622604597 -0.009984191009650123 0.9999092244420412 0.867379697819554
0.9999260834226836 0.0030516546685909265 0.011769243593201605 116.85226404861471 -0.003166665937947121 0.9999472976813932 0.009765965723708156 0.6577657902046466 -0.011738820971881942 -0.009802513119749664 0.9998830485705452 0.8734432968133164
0.9998995113734038 0.0039029671039283224 0.013628426285303408 118.16248797216318 -0.004044205763673852 0.9999382445514935 0.010351400051142039 0.663567235775283 -0.013587183481846512 -0.010405476013300378 0.9998535465326747 0.8704198414296711
0.999875632326674 0.004853724766341778 0.015005373545040957 119.51748578683103 -0.004995327506032613 0.9999432122192623 0.009413768625299225 0.6584745641639457 -0.01495882958125697 -0.009487554612005903 0.9998430975533326 0.8830469071864185
0.999880950318741 0.005741159272328976 0.014322160448095941 120.8433984687565 -0.005887827586466047 0.9999304442478408 0.010219596500226616 0.661323475142228 -0.014262491928246695 -0.010302706271904763 0.999845205803114 0.8788998783285892
0.9998754464584633 0.007279347233693704 0.014003666424906141 122.13240809035395 -0.007448262806902921 0.9998996778091166 0.01204814086837525 0.6514800933767115 -0.013914558945508635 -0.012150943217554064 0.9998293552543233 0.8850735261993034
0.9998749301088985 0.008232748017279516 0.013503555080405946 123.51469677883497 -0.00841900576161373 0.9998694022485359 0.0137948827157486 0.6579984521241913 -0.013388221753148992 -0.013906843899293789 0.9998136602442723 0.8794758233895956
0.9998705692279755 0.009462337453070525 0.013011877714180636 124.82255338486668 -0.009645750239929272 0.9998539789480423 0.01410603714998649 0.658079468449008 -0.012876501622470143 -0.014229720717291446 0.9998158384193933 0.8820994108067547
0.9998653194506699 0.01051377025991794 0.012601729830919279 126.13747264887492 -0.010701818033539668 0.9998309847540804 0.014949013896009099 0.6515348496481554 -0.01244242944873793 -0.015081861974163968 0.9998088434239845 0.8738115647530927
0.9998641117122709 0.011296539956461415 0.012006094071082959 127.4744893657109 -0.011477373906204248 0.9998200954133754 0.015101215044027389 0.6468888564633852 -0.011833342640556155 -0.015236961396579308 0.9998138861854992 0.8877622716793993
0.9998338740305256 0.012549174052661717 0.013219023099575164 128.85210647251074 -0.012738636423962597 0.9998159253716136 0.014347212808151173 0.6356667880814507 -0.013036544142110409 -0.014513221692659612 0.999809689347393 0.8864516272501555
0.9998116048316331 0.013340443832917345 0.014099198641597324 130.22205626178317 -0.013538853814737307 0.9998093218103657 0.014071938689455917 0.6275172548543495 -0.013908784324218106 -0.014260174593510795 0.999801576883726 0.886622255403529
0.9997991081437223 0.013672997987025391 0.014655800253287063 131.5345634909165 -0.013858830852787593 0.9998238871086792 0.01265415245225317 0.6092484182965675 -0.01448019897692267 -0.012854722592799964 0.9998125223984 0.8784913084502325
0.9997880668450225 0.01370568094931772 0.015361500708205208 132.87110131370673 -0.01385810063304551 0.9998553557854052 0.009860048381479527 0.5939809260842384 -0.015224140078738877 -0.010070839933006717 0.9998333879911726 0.885846624966839
0.9997792931626608 0.013551030022571985 0.016054113133336094 134.18836290243286 -0.013675374466291442 0.9998771388057083 0.007661033018923744 0.5800095311627397 -0.015948325817379885 -0.007878888185377964 0.9998417744946373 0.8752298848827916
0.9997880684915763 0.012928258945352664 0.016021180434819413 135.5179089341821 -0.01304380692477278 0.9998895134661404 0.007128812057721617 0.5645307510632561 -0.01592724718186985 -0.007336278422127688 0.9998462390868511 0.8902356982155039
0.9998087481955855 0.011722591318229973 0.01565400537760897 136.88078100759282 -0.011816862743943328 0.9999125154439286 0.005943333533129803 0.5570856538731247 -0.015582964623820958 -0.0061271780928075096 0.9998598046237042 0.8838777438308246
0.9997967584399323 0.01082409645129451 0.017008255319597945 138.19088822597544 -0.010856572529026757 0.9999394125522016 0.0018182567695543903 0.5395296098248072 -0.01698754384616975 -0.002002538581681363 0.999853695894206 0.8628719124055517
0.9998048583576717 0.009724647342471414 0.017195244646720384 139.5071702015053 -0.009761928529936011 0.9999501764718238 0.0020855036189720826 0.5276813996906305 -0.01717410713173828 -0.002252955399666844 0.9998499758644767 0.87700986447336
0.999813234403112 0.008351509521394802 0.017428384925228163 140.8848451814267 -0.008374199867886255 0.9999641801031487 0.0012293442195702546 0.5266339261902392 -0.017417493762323044 -0.0013750633991016221 0.9998473584061158 0.8758133610740926
0.9998282444231802 0.007368219917294232 0.01700561639317526 142.17997019724888 -0.007356251145810196 0.9999726488335005 -0.0007662597421803865 0.5171447453545024 -0.01701079724002402 0.0006410305477188704 0.9998551004306052 0.8626006289917562
0.9998403198973862 0.0062581877759522045 0.01673827330561074 143.56458445293578 -0.006237788405758974 0.9999797375072337 -0.0012706576128300598 0.511885495427453 -0.016745886160408997 0.0011660449069338925 0.9998590978912867 0.8493325815806527
0.9998793358129081 0.005396373642288518 0.014566844745883007 144.9076580860237 -0.005370815807219164 0.9999839694876657 -0.0017930714587935084 0.4996233304062558 -0.014576287315457608 0.0017146192592610392 0.999892290163742 0.8546677180807621
0.99989869856727 0.004341432528734949 0.013555241313906495 146.21474330769186 -0.004275126762825962 0.9999787745819304 -0.0049166733451175065 0.5155814858685437 -0.01357629900383623 0.004858224904145734 0.9998960354737583 0.8680542229449387
0.999856545913811 0.0031705809149243855 0.016638359593571014 147.55818948276803 -0.0029213951316076976 0.9998835320705655 -0.014979577583341036 0.5061555241747365 -0.016683915721079336 0.014928821479012725 0.9997493572118262 0.8506321423364983
0.9998299827790746 0.002089914072071528 0.018320420168944602 148.89492268373593 -0.0016668827419880157 0.9997323324653985 -0.023075634882235727 0.48266221654828817 -0.01836374248130749 0.02304117363471638 0.9995658443942627 0.8445990548380578
0.9998779009430533 0.0011542177976345475 0.015583676940608962 150.20834518265065 -0.0007553222218901351 0.9996725267900313 -0.025578676071593743 0.45914471001336743 -0.015608097067059864 0.025563782241875454 0.9995513395236061 0.8487104074262434
0.999921250031583 0.001582474632799514 0.012449478274722635 151.60935318579953 -0.0012924808111301075 0.9997284440111672 -0.02326731029499332 0.459884731574734 -0.01248291747265459 0.023249387283263784 0.9996517607458728 0.8649923776985338
0.9999481570693352 0.002259867631673053 0.00992855336529906 152.91058836108604 -0.0020551734800740348 0.9997861224821011 -0.020578764641534842 0.4807634987008615 -0.00997293515506219 0.020557292878494504 0.9997389350594987 0.854754011959078
0.9999449084330533 0.0030089930319013316 0.010056145372189436 154.29982190912756 -0.0028011551482897694 0.9997834959297701 -0.020618312158916206 0.4881022791911664 -0.010116008533401279 0.02058900744041032 0.9997368449466945 0.8533652399403246
0.9999032514696211 0.003454893440311307 0.013474101520914246 155.62885240360797 -0.003149229709093093 0.9997387020748939 -0.022640890570956494 0.48826971284387716 -0.013548802630460563 0.02259626705725428 0.9996528590777691 0.8563422878553071
0.9998547002118372 0.004197885959766724 0.016521386678056423 156.98392817510032 -0.003675919612114929 0.9994970581369454 -0.03149791089257775 0.4741414620179182 -0.016645302018958252 0.03143260296348829 0.9993672625174578 0.8432853983202663
0.9998350118007319 0.0042676417876150565 0.017656058761880353 158.3170913198213 -0.003674964073640681 0.9994331244138197 -0.033465272499827864 0.457229474426315 -0.01778886776857427 0.0333948657431481 0.9992839131725825 0.8525152550522719
0.9998316111819956 0.004147200611962641 0.0178759617447284 159.6445012313671 -0.0035070333254275912 0.9993565630323719 -0.03569538683610611 0.45337000847683895 -0.018012495620240876 0.035626684538545735 0.9992028269327112 0.8559413335801135
0.99981072495599 0.005209267963633895 0.01874507375981023 160.97375621432363 -0.004542004708614076 0.9993606011589158 -0.035464898766491726 0.4513763494939843 -0.01891783434234997 0.03537304593293651 0.9991951076567688 0.8312291142432137
0.9998125497504753 0.006528065574543399 0.018227718488830025 162.36247168312752 -0.005958075823234927 0.9994969133411028 -0.031151589912760007 0.4538287091433211 -0.01842190798853794 0.031037148410616736 0.9993484521049699 0.829092492566042
0.9998387402116885 0.007276908225726301 0.0164176788425816 163.69793138442571 -0.0068126211440736 0.9995801977682196 -0.028160547274411224 0.4573758166803743 -0.016615708382464945 0.028044158684499432 0.9994685804959691 0.8211201696744781
0.9998487916940225 0.007964595133657156 0.015458297848083254 165.04928516673885 -0.007576019151190334 0.9996578708523253 -0.025034879205155108 0.458194022937051 -0.01565240179090506 0.024913981362938258 0.9995670542043806 0.8139709544773556
0.9998242351476296 0.008092699974742941 0.0169117420325692 166.38495484402563 -0.007709429262752917 0.9997147124410198 -0.022606601456468513 0.4595651656494458 -0.017089865766002413 0.0224722481315909 0.999601387830175 0.8159390619221542
0.9998200227830825 0.007921691334329345 0.017238586033663697 167.73668453359252 -0.007542597189170065 0.9997307044432748 -0.021946020618677717 0.4519106136571112 -0.0174077933603986 0.021812047124401573 0.9996105258202139 0.8126559907168363
0.9998621839788729 0.007462957344747732 0.014829609457735376 169.08619789638954 -0.007177536574762275 0.9997897538420235 -0.0192075787444444 0.44708452050628833 -0.014969836930188267 0.01909849156809402 0.9997055324454831 0.8126288949302273
0.9999021254208948 0.006780679766846553 0.012237726940762 170.52886010725715 -0.006608065997832584 0.9998788841668834 -0.014090793482144103 0.45458811115880904 -0.012331789916531305 0.014008546644374769 0.9998258286213489 0.8143629031278984
0.9999239832462773 0.00633283571337213 0.010579362964095161 171.85725386797552 -0.006228434241366103 0.9999318690541005 -0.009872378481097618 0.45654985687507105 -0.010641162333110427 0.009805735148396553 0.9998953011302733 0.8064771264630461
0.9999082712524133 0.006736544777031993 0.011750235975383671 173.22205686508622 -0.0066824843399919 0.9999669346479859 -0.004634006231792247 0.4565804463276988 -0.011781064640172412 0.004555060392307585 0.9999202257884208 0.8149527487711725
0.9998716898816223 0.007312080673336258 0.014252622547993343 174.6166055969969 -0.007268023293221249 0.9999686559714498 -0.0031405273540377793 0.46737092179425316 -0.014275139602754828 0.003036535999932908 0.9998934942474837 0.8169991562440823
0.9998404792445008 0.00732582023070741 0.016289518779703284 176.0429092303756 -0.007293725181712919 0.9999713423072385 -0.0020288265655620833 0.46407558495383555 -0.016303914778377455 0.0019096916522940606 0.9998652586427296 0.808616471537808
0.9998188900993874 0.006513351789426084 0.017881925201061823 177.37951987582875 -0.006439820839575078 0.9999705839140243 -0.004166535035197081 0.46125667328270886 -0.017908537293239907 0.004050624039889437 0.9998314241595451 0.8034044359555403
0.9998291201435562 0.005236448563532106 0.017728793512356265 178.81995178101835 -0.005098712761165879 0.999956538853694 -0.007805352773572265 0.45102972872956404 -0.01776889532698663 0.007713624970289299 0.9998123655709987 0.7821156834563441
0.9998948510035219 0.0030356925169389795 0.014179968532652567 180.19880813311957 -0.0028936272884901777 0.9999455263509532 -0.010028521916542273 0.4475171135234466 -0.01420963960696123 0.009986435883630577 0.9998491672450313 0.7792034195654873
0.9999485307580573 0.0011891032677841702 0.010075806082934716 181.42578324102607 -0.0011456384708705362 0.9999900191887812 -0.004318452884452596 0.46232934906631534 -0.010080840604652998 0.004306687385882627 0.9999399127429927 0.8133087719846074
0.9999584109110558 0.0007777723696436366 0.009086887166529944 182.84621964692158 -0.000762738951240105 0.9999983350351735 -0.0016577563671597848 0.4862789467516014 -0.00908816139428041 0.001650756499795347 0.9999573392527553 0.7920428266361941
0.9999446436867945 0.0005515234497779436 0.010507396631613273 184.23771066187717 -0.0005509304478551127 0.9999998464777231 -5.933103621932562e-05 0.49911006919931133 -0.010507427740951591 5.353890713985585e-05 0.9999447940240772 0.7803555112607012
0.9999042030400745 0.0008019042278117035 0.013818165305232534 185.69861058143283 -0.0008382974115149507 0.9999961950890264 0.0026281295477160746 0.4891535594958263 -0.01381600522014818 -0.0026394615131023753 0.9999010707278383 0.7782689553833422
0.9998623860042204 0.0009795933574518192 0.01656047858007774 187.11243418908174 -0.0010341940036490396 0.999994057091806 0.0032888027962475934 0.5089576082245235 -0.016557158473300717 -0.0033054769585985455 0.9998574570034301 0.7850090474111021
0.9998486633854063 0.001108633242872165 0.01736148780344324 188.4828459468193 -0.001186147811023176 0.9999893725948015 0.0044550814611770545 0.5173131987200722 -0.01735636424446994 -0.00447500053498514 0.9998393525914175 0.7897784191731265
0.9998368861094665 0.0010756229455970985 0.018028982506084066 189.9345191539525 -0.0011087227373964628 0.9999977181781277 0.0018260264043740934 0.5075159928920526 -0.01802697725125764 -0.0018457176969396776 0.9998357972274077 0.7755573769448563
0.9998328585069436 0.0012222245347741285 0.01824174380427042 191.26921983652346 -0.0012380826463073006 0.9999988654390831 0.0008580628807902451 0.5100503438795657 -0.018240674362395563 -0.0008805042493216645 0.9998332373506453 0.7782078212304154
0.9998344393546893 0.0016356436442341367 0.018122321875607767 192.73907323533788 -0.0015805144862964457 0.9999940815139841 -0.0030559631807705223 0.5166353120652414 -0.018127213085652807 0.0030268146412845433 0.9998311070070158 0.7526833157296016
0.9998044307140344 0.002150328768191838 0.019659003300633485 194.12955318505018 -0.0020301102972049155 0.9999791316532687 -0.006133099555355979 0.5039200479924812 -0.01967178123014828 0.006091990164421779 0.9997879318530853 0.7501343320803352
0.9997692028536529 0.0024266833336341587 0.02134601211864932 195.54609415703152 -0.002175886773660272 0.9999284285179686 -0.011764495668491299 0.5083590018551762 -0.02137303305849387 0.011715333951023438 0.9997029280782849 0.7336584092826545
0.9997585757428838 0.002816482950771777 0.021791228793904747 196.97035200913297 -0.0024994958584173134 0.9998908715802708 -0.014560132241848746 0.4996080089648413 -0.02182985911576266 0.014502149986618558 0.9996565134568731 0.7368046023851971
0.9998364790928391 0.002962467368400972 0.017839250609988803 198.3811378684921 -0.0027053175620175675 0.9998923413686713 -0.014421751945062677 0.5041577807344465 -0.017880054030216627 0.014371132849133337 0.9997368524809462 0.7171150857938944
0.9999108807539868 0.0031726421804354477 0.012967840659935052 199.83326529941175 -0.003116114983704758 0.9999855661262815 -0.004376912897094933 0.5213037962708084 -0.01298153986223798 0.00433611354733096 0.9999063344844406 0.7352847723284984
0.9999166549573261 0.004400085830008796 0.012137643249011194 201.27871253463056 -0.0044618587495572236 0.9999772084490335 0.005066991116747694 0.5318128624747864 -0.012115071417482888 -0.005120725257886446 0.9999134978673818 0.7179615765986753
0.9998427298454768 0.005563798577921082 0.016839231589632173 202.6783390571561 -0.0057838044285978794 0.9998981865396221 0.013044698582439418 0.5538294393770719 -0.016764939053771542 -0.013140041862919949 0.9997731123201723 0.7295981227171354
0.9998068638775608 0.006522639708796476 0.01853888115679739 204.131418147046 -0.006754837842052234 0.9998991806049646 0.012490027672021306 0.547010399797728 -0.01845554412755704 -0.012612842532494816 0.9997501233279276 0.6965896017968493
0.9997917346846238 0.005978836892574712 0.01951257967883005 205.57037093519085 -0.006243049732643894 0.9998892738914875 0.013507934216212936 0.5427021428841804 -0.01942965739138081 -0.013626938987380429 0.999718357812583 0.7070172383517855
0.9998033872698564 0.0046835960542775095 0.019267867856141322 207.0326181853687 -0.0048533876395033424 0.9999497219724237 0.008774859297639931 0.5336305865980191 -0.019225801209366646 -0.008866648480289377 0.9997758504347787 0.6865994790031182
0.9998088346340623 0.0035748066875657646 0.019222771517783236 208.46357197028772 -0.0036954064358928882 0.9999736907389899 0.006241938890795168 0.5257018004576771 -0.01919995205597985 -0.006311781601845463 0.999795740766112 0.6831762379423086
0.9998251636764428 0.003109843168856066 0.01843830130026156 209.94433449653772 -0.0032423866974535856 0.9999690890058955 0.007162957575152083 0.5343978138637296 -0.018415455679354882 -0.007221489332843458 0.9998043414008249 0.6763372156114105
0.9998214497916021 0.0028661104786866054 0.018677632273463758 211.42502025398485 -0.0030098105986921583 0.9999660544385914 0.007670137591728524 0.5394828627657478 -0.018655014789025832 -0.007724984222638227 0.9997961367408764 0.6609400303735611
0.9998086523606013 0.002867504230656745 0.019350351014007137 212.84577688680025 -0.0030271239818888507 0.9999615947569787 0.008224690357587989 0.5379927580034376 -0.019326023524677674 -0.008281692494115749 0.9997789347571575 0.6405023304858438
0.9998057960047088 0.0026062701719978577 0.01953401216291721 214.28783132423524 -0.002768336633633329 0.9999619363573764 0.00827418568132902 0.5467432023758687 -0.019511703863920416 -0.008326655522884368 0.999774954787391 0.6427511030034502
0.9998171692420981 0.0022084371767081517 0.018993443446471532 215.76887441351914 -0.0023595372854804007 0.9999657204542549 0.007936655479566304 0.5459935090835367 -0.018975264754838253 -0.007980020152821383 0.9997881068535693 0.6344789423327369
0.9998283678490446 0.001897089119330256 0.01842921314622624 217.20545645936673 -0.002019232945423753 0.9999761058698151 0.0066113831951166825 0.5531140814972259 -0.018416230413084936 -0.006647461343541211 0.9998083084847107 0.6154153679934418
0.9998251087557628 0.0013023245990541228 0.018656255041291363 218.6910739022415 -0.001445397138168924 0.9999696367010091 0.007657447562004684 0.5510050450527813 -0.01864571609351553 -0.0076830740391185155 0.9997966331432955 0.6188137178672902
0.9998271442290323 0.0012262654536003234 0.0185520332000294 220.18212691578108 -0.0014099478659764478 0.9999500879098 0.00989109378169747 0.5543968822665339 -0.018538978122672113 -0.009915541448676029 0.9997789697367847 0.6196774221543133
0.9998318624138822 0.0009567457824794824 0.018312059946804106 221.70127456917953 -0.0010875261724515748 0.999973967478902 0.0071331375514736275 0.5663047939650694 -0.01830475863844897 -0.007151853047407929 0.9998068747559082 0.5981819097102312
0.9998314737163441 0.0006708710315345328 0.01834595591030144 223.1463334979546 -0.0008339867604732513 0.9999601807597617 0.008884895102827771 0.5659779227830901 -0.01833926476953293 -0.008898698048812834 0.9997922206842524 0.5916644566124765
0.9998357369640442 0.0002742637075909846 0.018122468622827875 224.5914508657605 -0.0004051408986883077 0.9999738639111077 0.007218542480419703 0.5716204826443043 -0.01812001518815292 -0.007224698893940996 0.9998097162837902 0.5652992415343593
