1.0 8.809142651444726e-20 8.673617379884037e-19 -5.551115123125783e-17 -8.809142651444726e-20 1.0 1.7347234759768075e-18 0.0 -8.673617379884037e-19 -1.7347234759768075e-18 1.0 -5.204170427930421e-18
0.9999993011580781 -0.0003480319849955573 0.0011298482609536818 1.3160940844717768 0.0003481171165631284 0.9999999365833229 -7.515200288644408e-05 -0.058402083065748844 -0.0011298220340017183 7.554526988583102e-05 0.9999993588973364 0.018140396604628333
0.9999976844684006 0.0012037922336848642 0.001783799903291163 2.5652097675998258 -0.0012028053760217308 0.9999991230587825 -0.0005542029350592417 -0.11574037075546209 -0.001784465484192614 0.0005520560876714074 0.9999982554569841 0.031373844761168695
0.999998228734017 0.0003413096731282752 0.001850955573634923 3.898234785664562 -0.0003395627001279556 0.9999994967291396 -0.0009440543629769466 -0.11664385328445219 -0.001851276856988962 0.0009434241753331671 0.9999978413600822 0.049327404265007244
0.999997712974624 0.0005625365303916554 0.002063394817593604 5.22928660588426 -0.0005594670255948589 0.9999987366114849 -0.001487875022129571 -0.10789031398035573 -0.002064229194776894 0.0014867172179604126 0.9999967643096378 0.05731416580919266
0.9999972872435994 0.000215464263405326 0.0023192845003078937 6.559937843153489 -0.00021135693087608777 0.9999984093581232 -0.0017710475631944485 -0.11257820840843105 -0.002319662408615503 0.001770552561920022 0.999995742145903 0.05676202007028262
0.9999953947969433 0.0004789168443418866 0.002996835591346897 7.894636763816353 -0.000469722770063712 0.9999951837259625 -0.00306787962566058 -0.10209364156880513 -0.0029982904169945862 0.0030664578155365574 0.9999908035032327 0.08091853646164501
0.9999952074780964 0.0004267357619741591 0.0030664176865218573 9.228495057563554 -0.00041730705167787455 0.9999951856835025 -0.0030748113180712666 -0.08977422931538052 -0.0030677150557673455 0.0030735169442467 0.9999905712645145 0.08234356364592259
0.9999947804593318 -0.00014261471913295232 0.003227803453557169 10.550745240584128 0.00015242383903540124 0.9999953709043216 -0.0030389038980649253 -0.10029968886914824 -0.0032273551193202567 0.0030393800305764857 0.9999901731256982 0.09399268950630328
0.9999999835150633 0.00016906732872860753 6.622772484972668e-05 11.87717179014391 -0.00016907652273113837 0.9999999760678637 0.00013884308238447209 -0.0816883938212897 -6.620424943570456e-05 -0.00013885427764907864 0.9999999881682434 0.12399171094450764
0.9999999153621276 0.00031811849868614207 -0.00026091446586912307 13.199923298911603 -0.00031749939874178986 0.999997142500708 0.002369427051052129 -0.07698817679318705 0.00026166747888244866 -0.002369344010322828 0.9999971588655097 0.13966449233639042
0.9999998358651222 0.00028224639491961025 -0.0004986047544931983 14.53356972368936 -0.0002796487714069726 0.9999864293898327 0.0052021949922930275 -0.062416135499178994 0.000500066288904691 -0.005202054704224376 0.9999863441870398 0.1264449311587556
0.9999995591309927 0.0009096672475357181 0.0002329019515594337 15.881507150247504 -0.0009110064713429681 0.9999826712610179 0.0058161194011236645 -0.041899556379397816 -0.00022760718233534745 -0.0058163290121619375 0.9999830591123996 0.1564499570857592
0.9999956126501097 0.0009799773245241544 0.0027954114142990124 17.230789692039615 -0.0009925984897137129 0.9999893049972858 0.004517149464382336 -0.05914963015024259 -0.002790954813319768 -0.004519904367215092 0.9999858904183305 0.1773415261210608
0.9999854326302027 0.0011748046644677705 0.00526824082467721 18.592182524898448 -0.0011743672112225522 0.9999993067215183 -8.612860250091607e-05 -0.057416769522179854 -0.0052683383566031715 7.994049854838833e-05 0.9999861190138976 0.1977792036638872
0.9999902557312162 0.0010385422983980393 0.004290672734110954 19.93421264590955 -0.0010297442277067911 0.9999973640242551 -0.002052211335875076 -0.06161738208873009 -0.004292792732279256 0.0020477730430952883 0.9999886892140939 0.225141447349351
0.9999983850572629 0.0011538048674353532 0.00137790318754446 21.289174939895943 -0.001149779816523691 0.9999950805486634 -0.002918370237966624 -0.07877114675021638 -0.0013812636388023263 0.0029167812396916413 0.9999947922354195 0.2089494285298582
0.9999993274492335 0.0011320791398517465 0.0002519879005808264 22.64207816432922 -0.001131845577983787 0.999998931558962 -0.0009250981147205099 -0.05032203572956829 -0.0002530349156246036 0.0009248122811540857 0.9999995403476823 0.25116871442966726
0.9999971333315218 0.0021280890958284065 0.0010975270104530812 24.011349954766835 -0.0021293279300577134 0.9999970958597892 0.0011288199828939213 -0.04594607849154386 -0.001095121593584008 -0.0011311537418586097 0.9999987605991857 0.2263903579232352
0.9999743350454632 0.0029726254207526523 0.006518646216177347 25.37886591926115 -0.0029860243474261784 0.9999934472997994 0.0020467085918060555 -0.040780895487331506 -0.006512519403454103 -0.00206612089943686 0.9999766588453196 0.24677170397299517
0.9999702946913386 0.0026541940256986163 0.0072363657308935425 26.78197302011593 -0.002657720595221512 0.9999963541232383 0.0004777671700365732 -0.05891043583647037 -0.0072350712612275 -0.0004969852160528698 0.9999737030290046 0.26649426139129245
0.9999691305214012 0.0029409453063838314 0.007286209232358537 28.14997984469462 -0.0029166309958228395 0.999990150689211 -0.0033454130093478135 -0.0601710913120431 -0.0072959761449070916 0.0033240585545033703 0.9999678591668931 0.3035685937722264
0.9999851475901592 0.0028494638877857867 0.004645982634460832 29.508691822010707 -0.002833128829629567 0.9999897958307512 -0.0035187519672782376 -0.052726934597129516 -0.0046559617827285375 0.0035055370379882423 0.9999830164707564 0.2905315429762149
0.999990946375029 0.0032920648173049706 0.002696196805214419 30.903741492495524 -0.003281103908109861 0.9999863764805388 -0.004059705711804446 -0.05738135032900405 -0.002709524887867215 0.0040508224548768176 0.9999881245856478 0.32244376126980884
0.9999906895871904 0.00400717661448549 0.00160102295918054 32.274314043126935 -0.00400460754609244 0.99999069408413 -0.0016046381341771328 -0.03211616156024103 -0.0016074381286015622 0.001598211725709892 0.9999974309276712 0.30576175823512547
0.9999890080321423 0.004677293618174238 -0.00032670981272506146 33.65476590242953 -0.004677317050321445 0.999989058772649 -7.099438244230548e-05 -0.038494277159536794 0.00032637417654679903 7.252172745190184e-05 0.9999999441102464 0.34074960642395036
0.9999881427310271 0.004869742748295075 -1.70781358107245e-06 35.04662507249087 -0.004869742048770658 0.9999881007319747 0.0002898393286533932 -0.03736335401562359 3.119236228221486e-06 -0.0002898275753389072 0.9999999579951226 0.33640248265055134
0.9999905753892687 0.004094099722707452 0.0014448114409387227 36.44214799294387 -0.004094733051404162 0.9999915216442227 0.00043566146270242293 -0.04831763721614026 -0.0014430155498396508 -0.00044157347392298496 0.9999988613588467 0.37228274636895414
0.9999892723802124 0.003996610362315325 0.0023414162605475213 37.846934102772025 -0.0039988615379421685 0.9999915460495469 0.0009575676672465706 -0.027751094986408813 -0.002337569441468929 -0.0009669203942533314 0.9999968004119101 0.3575417394646704
0.9999902541433251 0.003476339219115141 0.002721522368381445 39.24801939391909 -0.0034836548503160768 0.9999903194734469 0.002687956152470985 -0.04366937485581945 -0.0027121517752197962 -0.00269741080063443 0.999992684077099 0.35678802967918655
0.999985540218054 0.00415410323684834 0.0034150814198899127 40.63689959369395 -0.004175436142443239 0.9999716669957793 0.006263460601177169 -0.01577787095506485 -0.003388965598416407 -0.006277629487292643 0.999974552816317 0.4110762824472543
0.9999864480080215 0.003786620220257947 0.003572857065181632 42.07145938026011 -0.0038158113059765094 0.9999591063116702 0.008199102904771018 -0.028342206007544318 -0.0035416640690311796 -0.00821262513897818 0.9999600039021305 0.4031923194393544
0.9999870870175784 0.0033832577394524435 0.003792013339437164 43.463436652623535 -0.0034163807108099978 0.9999557702266494 0.008762758313879068 -0.03121769091399198 -0.0037621989496622347 -0.008775600121762985 0.9999544163118468 0.40830795644244866
0.9999878759366883 0.0032821632463211963 0.003670883279971954 44.88839611779171 -0.0033122606801390822 0.99996070352878 0.008223157995226202 -0.009015055981637543 -0.0036437492802721657 -0.008235217219487678 0.9999594513221676 0.4238209892815871
0.9999919239062866 0.002473925951603349 0.0031673036781185077 46.287065556566745 -0.002499585917735342 0.9999638809269451 0.008123355942092228 -0.015798991826515653 -0.003147092696966318 -0.008131207284779389 0.999961988915403 0.4489267019311386
0.9999919960299471 0.0014295825217656407 0.003736866314915305 47.7169499634306 -0.0014595466390524346 0.9999667089173374 0.008028124353651005 -0.013575173838970665 -0.0037252650443313742 -0.008033514227454621 0.9999607917561102 0.47025869503352974
0.9999916543185455 0.0004872740124512607 0.004056335451545872 49.110259636448106 -0.0005181784759210411 0.9999708235767034 0.007621252285323412 -0.013003247818185688 -0.004052503464004732 -0.007623290586501661 0.9999627306336513 0.4709195866864883
0.999990720368282 -0.0005745597106439922 0.004269550147677151 50.541314115022956 0.0005384745436306694 0.9999641692030009 0.008448097733679298 -0.010996594137989112 -0.0042742511028818885 -0.008445720294376331 0.9999551992895576 0.48896079403327075
0.9999895581187503 -0.0018464128836530235 0.004180240774103282 52.001847880028805 0.0018120862417773955 0.9999647327022791 0.008200591144046941 -0.014710866194581342 -0.004195235025449297 -0.00819293055765397 0.9999576370486696 0.4884268377998849
0.9999836652896379 -0.0027397284758326375 0.005016277681728245 53.40912087784927 0.0026963468407250634 0.9999590858026118 0.008634606795866303 0.0017643972050748748 -0.0050397289228692735 -0.008620940127585875 0.9999501390187916 0.5029078673829811
0.999976603420165 -0.003638874035687458 0.005792340461534246 54.867508443038325 0.003595134281650297 0.9999650817238709 0.007543894383488455 0.01321878387266644 -0.00581958948439062 -0.007522893640396993 0.9999547682017964 0.5208027310122603
0.9999658962791732 -0.004087658344087223 0.0071761638673997355 56.257973195808326 0.004050995974544284 0.9999787075949029 0.0051160324903043106 0.011889794653128314 -0.007196923662509242 -0.005086787403621013 0.9999611636877236 0.5324796014206071
0.9999691264659746 -0.0041241916779950335 0.006688584146061442 57.67507063726807 0.0041018996681399305 0.9999859988024307 0.003343144959123506 0.05194833811036716 -0.006702278268492101 -0.003315605843334803 0.9999720427211469 0.5383102641807334
0.9999666971910086 -0.004042200797598948 0.007089789955806574 59.12447359537374 0.004026793406310879 0.9999895028730674 0.002186110367370504 0.06262048560860983 -0.007098552230452107 -0.002157488444308335 0.9999724775211787 0.5544138157247472
0.9999633018977347 -0.003949009595773545 0.007602643026751665 60.531216890693834 0.003932899194166434 0.9999899916022574 0.0021328383074354987 0.054480413570757356 -0.007610989535418655 -0.0021028596076837305 0.9999688249239383 0.5694676472114223
0.9999583592921482 -0.003477245701014215 0.008437324462770601 61.99245653816023 0.0034796574802122564 0.9999939092031219 -0.0002711834782269511 0.06713954455742362 -0.008436330101157252 0.0003005311851348175 0.9999643683729091 0.5713433972312759
0.9999596946821506 -0.003239003507141899 0.008373641230722166 63.40174149354056 0.0032577377578091606 0.9999922190805378 -0.0022246175138893095 0.06503011753549033 -0.008366370532164609 0.00225180697718099 0.9999624659003237 0.5896013573734378
0.9999686887093564 -0.002820409187309684 0.007393706303775362 64.8119835151863 0.002841903360456095 0.9999917619831866 -0.002898197897267575 0.07039802297409342 -0.0073854712903224234 0.0029191193497417954 0.9999684662808332 0.6032115456267008
0.9999726777030429 -0.0018373979426694752 0.007160154761357902 66.25225133065813 0.0018597061760012095 0.9999934340647154 -0.003110196199041484 0.08854899256815306 -0.007154393080147695 0.003123427005368161 0.9999695289674565 0.617953004795046
0.9999740697122239 -0.0012517894379268236 0.007091750586101188 67.62604485106841 0.0012605384620857259 0.9999984498634311 -0.0012293549205606303 0.0924328468820013 -0.007090200699414245 0.0012382624674110608 0.9999740975445833 0.6280504397333541
0.999965727654435 -0.0005930758296093223 0.008257831288951556 69.07172889275809 0.0005842264895021162 0.9999992526002742 0.0010740010717458124 0.116190512120531 -0.00825846208112734 -0.0010691398194250994 0.9999653267709342 0.6375319069364102
0.9999557388146216 0.00021601375824035888 0.009406048573142048 70.4412285908127 -0.0002557059833827 0.9999910678619315 0.004218863686333874 0.12728674185433064 -0.009405053224417126 -0.0042210821373263084 0.9999468623079106 0.6475567276154797
0.9999455989344882 0.0012785439188412642 0.010352028641544227 71.88608101328384 -0.0013624305499472331 0.9999662630237725 0.00810040722855391 0.14547324187756544 -0.010341322668997831 -0.008114070477844766 0.9999136057208825 0.664931893321681
0.9999470176978649 0.00174445598883068 0.010144883954434412 73.25826808433698 -0.0018618091197633159 0.9999313343469279 0.011569799392112074 0.15111113825257738 -0.010124004343513201 -0.011588074234970346 0.9998816035269262 0.6607803281434612
0.9999485018492715 0.0023275125844927956 0.00987807342382756 74.63421396040106 -0.00248643850801928 0.9998671808217603 0.01610708971513044 0.15980966492356988 -0.009839271972221293 -0.01613082145194254 0.9998214767278918 0.6809158208881705
0.9999452888434537 0.0032346767481163875 0.00994767239695537 76.08600756530545 -0.003406829518235994 0.9998438838537843 0.017337861252594646 0.17628320907037717 -0.009890037028021104 -0.017370802702113164 0.9998002012307602 0.6757934349999837
0.9999393050705169 0.0034879325605069508 0.010450861282442407 77.45564259378422 -0.0036737097159870043 0.9998346383130546 0.01781010629743606 0.17000628306454085 -0.010387012660729793 -0.017847418744923994 0.9997867670719238 0.6796278557349159
0.9999369700882622 0.0035358204645028236 0.010656163678765119 78.8953834124655 -0.003719236692211496 0.9998444310160662 0.017241839942022857 0.16701334597080777 -0.010593541859696293 -0.01728038598532539 0.9997945614630364 0.7054558079806584
0.9999521587671817 0.0027839331973393672 0.00937709404909811 80.2425986372629 -0.0029364790799169343 0.9998629378434981 0.01629363733432098 0.14577348310537613 -0.009330448406485593 -0.016320393467129404 0.9998232781294962 0.6966194357045931
0.9999499145452952 0.002880503381053283 0.009584941373241411 81.65581637315223 -0.00303270511414343 0.9998689433339407 0.01590279396708147 0.1669467379091537 -0.00953787715099029 -0.015931065769135947 0.9998276001606037 0.7244548495261907
0.9999454295523672 0.0026121611873508046 0.010115064570385133 83.00317645702434 -0.002767555007061289 0.9998779027724184 0.015379212811881237 0.18128104241091705 -0.010073656566245075 -0.01540636755895237 0.9998305682874593 0.7158560152192056
0.9999551049522398 0.002279302712914836 0.009197437637619175 84.38192148221331 -0.0024225340975778057 0.9998755027772742 0.015591993921210138 0.18857597178155147 -0.009160753708132732 -0.015613575024185849 0.9998361350073637 0.7214771032604522
0.9999525355965486 0.0016189875368734252 0.009607571669707977 85.77983984345332 -0.001766584893180985 0.9998802515677042 0.015374059409269572 0.20318724455968354 -0.009581530767487603 -0.015390302279682945 0.9998356529269655 0.7225934398540168
0.999947924922219 0.0005263030479820955 0.01019168528016248 87.15916409327349 -0.0006831531656008001 0.9998812928075944 0.015392647438495966 0.2058857160396371 -0.010182374256553599 -0.015398808347245302 0.999829583457093 0.7327869497334937
0.9999346877418844 -0.0007008925413114891 0.011407409880671458 88.56724537483056 0.0005378459982186374 0.9998977504410609 0.014289835009128811 0.20845591130888977 -0.011416259116816992 -0.014282766277981907 0.9998328218333434 0.7408013606602218
0.999926807354914 -0.0019326249988171774 0.01194340377038671 89.92102053944218 0.001793656748562488 0.9999306983937312 0.011635342938360682 0.195677055038468 -0.011965062827953591 -0.011613068950060982 0.9998609772868847 0.751571315479448
0.9999226922378759 -0.0026885386210953144 0.012140070339212217 91.30949503491722 0.002559438137356801 0.9999401468935426 0.010637288514531332 0.2118217591036902 -0.012167942479284854 -0.010605394410544831 0.9998697249068089 0.7564286764104193
0.9999272060677622 -0.002629469492701919 0.011775757118162566 92.66986678613166 0.0025157400540673554 0.9999501537689834 0.009662351130383788 0.22926623920470976 -0.011800576998577976 -0.009632023026001215 0.9998839785269725 0.7657901733189993
0.999922775235716 -0.003098535487027758 0.012035058900532667 94.00049063259851 0.003001281165672663 0.9999627666402491 0.008090589876121351 0.23029650152974643 -0.012059679774697147 -0.00805384448661932 0.9998948443275009 0.7803698691138118
0.9999249231782545 -0.0034085659215086148 0.011769863436780374 95.37246354580707 0.0033183257932158055 0.9999650172473543 0.007678085401226291 0.2502629507743224 -0.011795622954800144 -0.007638452713552382 0.999901253784218 0.7798834385425943
0.9999327652585416 -0.003261922525431931 0.011127660304145482 96.74765105619136 0.003180626067502101 0.9999681816398133 0.007315690383270636 0.25666933277007997 -0.011151169455492167 -0.007279805588285453 0.9999113239934687 0.7772850010519967
0.9999409024180873 -0.0024611541425242 0.010589352746415936 98.0792645952478 0.0023652586984681504 0.9999561704371562 0.009058849592864609 0.2872283617552319 -0.010611183844916246 -0.00903326767806415 0.9999028967117086 0.78660245879785
0.9999406978108425 -0.002473656383600724 0.010605747765311455 99.4290764836779 0.0023606195137654447 0.9999404220884182 0.010657380032042287 0.29386095532991846 -0.010631478593157554 -0.010631711890942834 0.9998869627938907 0.7820868046137666
0.9999290376032033 -0.002823614787281694 0.011573545587443062 100.81174476668055 0.002698762628307222 0.999938153251507 0.010789177551678792 0.2668733348594627 -0.011603294282557472 -0.010757177673471858 0.9998748155095686 0.7834698548671483
0.9999144480126432 -0.002446931706562477 0.01284948173251951 102.12112064355819 0.0023030401030047433 0.9999346132776115 0.011201123855995893 0.3152664681419187 -0.012876049932137 -0.011170572705856564 0.9998547022660683 0.7808889653882615
0.999923386661472 -0.002606192381647573 0.012100767278250754 103.46605201056255 0.0024741633470134576 0.9999373907447504 0.010912978801062595 0.2984215591388548 -0.012128450980435928 -0.010882203446452772 0.9998672303485925 0.7925583957114659
0.9999494920158403 -0.0022148503594607337 0.009803461386064388 104.78016457060129 0.0021060000116495834 0.9999361788079535 0.01109968805415137 0.2894301709222564 -0.009827419865549187 -0.011078481341489697 0.9998903385221564 0.7945178066961524
0.9999610367275453 -0.0020896155369470805 0.008576627173938998 106.08053799467761 0.002010754322494735 0.9999557195805313 0.00919324454348835 0.3333371180463945 -0.008595457743923137 -0.009175640854434034 0.9999209597368599 0.80125280722214
0.999951933556823 -0.0017709372653610716 0.00964335818961579 107.45735658861322 0.0016864356145631706 0.9999601753316368 0.008763771199669828 0.3274241078199978 -0.009658494235076573 -0.008747087053664483 0.9999150973743653 0.8030544771446259
0.999940898981319 -0.0013183337160188437 0.010791688498322852 108.7886454134764 0.0012480632365652986 0.9999779938593121 0.006515683790901126 0.33076346626939485 -0.010800040860531962 -0.0065018299976764594 0.9999205395050609 0.7815321881064927
0.9999211603454582 -0.0008301909537417981 0.012529320666857096 110.12127195099568 0.0007751002776564435 0.9999900144728561 0.004401156000025145 0.3329116437139698 -0.01253284935488271 -0.00439109753447879 0.9999118190868085 0.814153607645702
0.9999299586417572 -0.00017316319849329314 0.011834180377213784 111.45969924539213 0.00011810889461386536 0.9999891692326035 0.004652683932595758 0.3295898881292531 -0.011834857877590135 -0.004650960330330631 0.9999191490850763 0.7941517114087305
0.9999616893397683 0.0017774512469207603 0.008570911259693583 112.78850733996943 -0.00182702663067405 0.9999816278469786 0.005779787383410054 0.3657133824592311 -0.00856048050330881 -0.005795225239060001 0.9999465653413592 0.8119708789024537
0.9999728156993039 0.0019408868277675246 0.007113425386407775 114.14565486468528 -0.0020034392402257196 0.9999592985044263 0.008797020276569215 0.32187592662907566 -0.007096061838577499 -0.008811032451276334 0.9999360037590034 0.8268842278173035
0.9999728390876441 0.0034498139594796987 0.00651305386447875 115.42777161219009 -0.0035262922266453833 0.9999245419529702 0.011767568282149891 0.35537292589719505 -0.006471966480825046 -0.011790215595473174 0.9999095481422724 0.8201093642075582
0.9999502911975836 0.005107469944117024 0.00856322863397394 116.8106991989039 -0.005212730778051364 0.999910576827958 0.012315266355864754 0.3553535763094904 -0.008499563030140194 -0.012359291984182572 0.9998874963364361 0.8386153803562764
0.9999295809135906 0.0050587918858383246 0.010735075157016234 118.1012010614447 -0.005195737578065661 0.9999049926820887 0.01276753384378792 0.37439321484071536 -0.010669466949706866 -0.012822411399115607 0.9998608644411086 0.8306795697341632
0.9999138538432033 0.006111693169536506 0.011616027678790648 119.46309197694377 -0.006257831152899151 0.9999012075560473 0.012586289255387718 0.3663762043254253 -0.011537956564955272 -0.01265789613482131 0.9998533158537533 0.8403677221339864
0.999911537908574 0.007230039570222163 0.011164357801651306 120.78420803607506 -0.0073727048312763515 0.9998910134297777 0.01279079691977948 0.36757334835003624 -0.011070663068721088 -0.012871976933835285 0.9998558659272013 0.850282701333557
0.9999027152774422 0.008363383745929978 0.011163054829065159 122.1035054505196 -0.008527672439749615 0.9998548235784565 0.01475162938981049 0.3611770842194527 -0.011038060679246854 -0.014845389156647258 0.9998288731764197 0.8476612926575602
0.9998953908528948 0.009773089235051725 0.010662742514967379 123.46589914340636 -0.009946148115880005 0.9998176791823596 0.016299770920393003 0.36977444930254366 -0.010501499359317858 -0.016404119031634367 0.9998102937007611 0.8434799552415074
0.9998885273435072 0.010934738472334702 0.010166827497998715 124.8035206452278 -0.011108804741035363 0.9997899223400465 0.01722514570357985 0.36395598191545964 -0.009976339211252279 -0.017336166872340852 0.9997999449760518 0.8475063418468528
0.9998856525269936 0.011907420421003269 0.009321760004732014 126.11051068201976 -0.01207505245656801 0.9997625742052135 0.0181380353604251 0.3409660210430702 -0.009103569565806475 -0.018248522062961008 0.9997920366074527 0.8506454190882273
0.999869967999877 0.013254305492498755 0.009185340376728237 127.46742992371668 -0.01341140446337013 0.9997611180432754 0.017258072869813814 0.3622527915953376 -0.008954402394617547 -0.01737901708300631 0.9998088759572922 0.857555757403394
0.9998571515540915 0.013672204280305248 0.009937168422452774 128.77738638629756 -0.013843097293216899 0.999753868213431 0.017337002324861347 0.32480424623665693 -0.009697687532041886 -0.017472086950313624 0.9998003205811307 0.8565418254965709
0.999834794680914 0.014693450867535129 0.010699805931794686 130.14968529080534 -0.014879040006001345 0.9997365470572777 0.017477146405847264 0.3243578708745598 -0.010440187444416361 -0.017633461928814195 0.9997900097053034 0.8748540225319232
0.9998307879507056 0.015024587500274597 0.01061401132078745 131.47261448814328 -0.015186831265053215 0.9997664687128418 0.01537427050566066 0.30051345138301794 -0.010380540544596605 -0.015532862192816155 0.9998254720550488 0.8656680838388687
0.9998253869346474 0.015184062362395983 0.010892194047003574 132.8185895564216 -0.015344729781302984 0.9997723980948285 0.014821986225007975 0.29176057536612054 -0.010664656999711886 -0.014986535886935399 0.9998308201056757 0.8839706577823289
0.9998190661050271 0.015137658303643683 0.01151895628750722 134.14512152507442 -0.015282817229277906 0.9998035684122984 0.012619829141907207 0.2899849727384354 -0.011325658939234444 -0.012793587890680686 0.9998540161235917 0.8783533560043195
0.9998269454935351 0.014308764854750229 0.011888579116071786 135.47637669129472 -0.014448406034658641 0.9998266441569388 0.011744155862889492 0.24741895695090432 -0.011718473796756697 -0.011913894502036958 0.9998603584949595 0.8966208643257966
0.9998504373516253 0.013204077693084121 0.011169389421024153 136.81699854315505 -0.013335619410981119 0.9998416173224217 0.01178564911277754 0.23234032049543696 -0.011012001756672194 -0.011932837146255235 0.9998681629169677 0.8989508850318101
0.999835726271287 0.012978754007005525 0.012651972810346942 138.15802557089154 -0.013087338185866087 0.9998779070820203 0.008537710962985645 0.26711309342274975 -0.012539619243696822 -0.008701889088258474 0.9998835107528871 0.8992423887949778
0.9998572037916462 0.011364312132124986 0.012506975482262515 139.49872146786888 -0.011468375173466668 0.9998999509133356 0.00828037042586299 0.21127129862036614 -0.012411623456699458 -0.008422622707478348 0.9998874991867317 0.9049337453911024
0.9998659709884818 0.010349155109650739 0.01268601780610233 140.86418708840273 -0.01044154713323873 0.9999192857697312 0.007238510842341431 0.22981817899191379 -0.012610081392469656 -0.007370002324743893 0.9998933287671283 0.910022884987989
0.9998840226355439 0.008831696154516106 0.012407353513034208 142.19269940652535 -0.008912615813315431 0.9999392737584426 0.006481826502036895 0.20552396302129303 -0.012349354538895409 -0.006591656732003992 0.9999020169516613 0.9000175305051721
0.9998984077076356 0.007768305704855241 0.011951053937234505 143.5417260466595 -0.00784581593082409 0.9999484029863308 0.006452483046566687 0.19242153224176622 -0.011900312437680017 -0.006545593293393437 0.99990776463248 0.9036072494366062
0.999922197092748 0.0076238010945194785 0.009873065283026406 144.8817765690751 -0.007671416484694325 0.9999590831155601 0.0047938986020220195 0.18759742047014058 -0.009836113578546043 -0.0048692660185403825 0.9999397687451532 0.9048753902984205
0.9999399566580901 0.006285536729282446 0.008976363776154215 146.20002441449398 -0.006304864431490719 0.9999778630861795 0.002126504666969632 0.1756546568619794 -0.008962798843973652 -0.0021829717412192363 0.9999574505304012 0.9349465696673642
0.9999133347020036 0.005970705033954864 0.011733446489272662 147.60505182253084 -0.005871304188154101 0.9999467407091548 -0.008487846150144834 0.1904296071871891 -0.011783499999969577 0.008418219914914935 0.9998951358523627 0.9127971812588869
0.9999025163742123 0.004385507177240666 0.013256133497986633 148.9148377500547 -0.004189685364601806 0.9998822282684239 -0.014764014681561034 0.1661864501340747 -0.013319319992541441 0.01470703640337097 0.9998031300186884 0.9264216670102052
0.9999415803197511 0.00304162528155616 0.010372293058200574 150.2109248534763 -0.002870779167826809 0.9998606227913774 -0.01644669019008372 0.135024421034625 -0.010420872065627185 0.016415952816867585 0.999810943087995 0.9385117977969786
0.999967185451168 0.0031929268988121384 0.007445350138723369 151.61090777632631 -0.0030743471309568186 0.9998691131996089 -0.015884107124609307 0.15506923173994924 -0.007495092433567698 0.015860696303962463 0.9998461191114191 0.9472065579404334
0.999980884151076 0.003929379852631623 0.0047740241312655175 152.92460177497736 -0.0038732896795241056 0.9999240273818026 -0.011702012289109123 0.1398901191496983 -0.004819643087477001 0.011683297416812668 0.99992013261159 0.9543370093401435
0.9999733417514992 0.005107689731719983 0.00521797776384417 154.29853131710965 -0.005040681468435752 0.9999056879295066 -0.012775240763058186 0.15928283617441857 -0.005282737611623195 0.012748598033698346 0.9999047784321775 0.9595631126886092
0.999956740105855 0.005337782577724751 0.007617479506022572 155.62724848918467 -0.005221464157453907 0.9998707031642297 -0.01520898635416768 0.1418459452820632 -0.007697676852412028 0.015168554018817108 0.9998553199038619 0.9538973437079561
0.9999261222705927 0.005940210686211712 0.010604899711875537 156.94480166306755 -0.005677533990732879 0.9996805141414198 -0.024629966579973895 0.1473453664592617 -0.01074781878706533 0.024567937295385107 0.9996403857629854 0.9482334731418711
0.999914375395302 0.005919753652143858 0.011670406784733882 158.30247897747125 -0.005611140412230198 0.9996383002185015 -0.026301783961154162 0.12308146917978993 -0.011821885682811785 0.026234047590162648 0.9995859231531523 0.9639598765213903
0.9999139429179661 0.00548585362688672 0.011916885844494438 159.6437587770973 -0.005153887440942585 0.9996026870330167 -0.027711108253173716 0.09693067609359712 -0.012064170194938082 0.027647305227768433 0.9995449376146878 0.9687969799029822
0.9999097240739223 0.006564111048590885 0.011724169418516216 161.03432035848328 -0.0062484759093068675 0.9996223996275918 -0.02675845121799092 0.09561818333078659 -0.011895387813060807 0.02668277738385858 0.9995731734794908 0.9588839053440055
0.9999057852222125 0.007699776582892703 0.011363719449367609 162.35864879459206 -0.007415814598232101 0.999664367305422 -0.02482253882452367 0.09871303428071129 -0.011551033416757402 0.024735928937961366 0.9996272842647809 0.9449595157917274
0.9999026497577598 0.009488351198310969 0.010230454483959131 163.69463179083655 -0.009250636578013132 0.9996917871958334 -0.02303814958068452 0.14297865865122533 -0.010445895381075489 0.02294126859478306 0.9996822402468445 0.9394257010640945
0.9999061779074184 0.010159873013537027 0.00918762009048367 165.04821616411368 -0.009959443638385117 0.9997170001601892 -0.021603913375268267 0.15034168273565363 -0.009404513011958 0.02151038286644538 0.9997243913018962 0.9211317593622225
0.9998939180144468 0.010348761060471166 0.010249676201331638 166.40102844824136 -0.010126005479684655 0.9997164591280548 -0.02155145845389539 0.1320474441750342 -0.010469800893248388 0.021445383955011353 0.9997151988322864 0.926238881306309
0.9998999124273596 0.009987492920537216 0.010020734150783448 167.7235192006102 -0.00976799145851397 0.9997163821199971 -0.021719614724258256 0.11297341547440316 -0.010234816589702855 0.02161955841514893 0.9997138806795217 0.9105201842273485
0.9999153536413948 0.010027721543603117 0.00829037712341429 169.10378529295045 -0.009860339993707804 0.9997515554051202 -0.019990026519525833 0.12145422902128086 -0.00848877184361551 0.019906588499459612 0.9997658068202273 0.9067802718510679
0.9999390013062658 0.009052063910623034 0.006328807595891106 170.5159119702965 -0.008945781312030868 0.9998217790199733 -0.01662477651137994 0.10306614612095323 -0.006478168209079801 0.016567146293010357 0.9998417689816529 0.9282276520092191
0.9999541798715162 0.008472590905228115 0.004455711035952075 171.86385102893516 -0.008424829316997366 0.9999079990896254 -0.010630879905315275 0.09387333898293798 -0.004545372202880747 0.01059285419206836 0.9999335633088845 0.9267894712610085
0.999945539267708 0.008946752428308474 0.00537346439450671 173.22586941677653 -0.008900663019081167 0.9999239139877856 -0.00854075132340826 0.09579086451566267 -0.005449467536671438 0.008492458792016327 0.9999490894276731 0.9210930330987748
0.999923936699313 0.009882244476179915 0.007379841452308117 174.61092548313715 -0.009850420850231401 0.9999420815832469 -0.004336206641336944 0.09871504057278897 -0.007422265477704238 0.004263182271034126 0.9999633669550613 0.9325799164757939
0.9999005137432673 0.009680221152079074 0.0102594314850791 176.00431169470977 -0.009656650732739677 0.999950625006291 -0.0023444927284586047 0.09180715743327517 -0.010281620133814987 0.0022451877370852314 0.9999446221763728 0.9457037449199436
0.9998997627702574 0.008655860810370043 0.011204485066895201 177.42236285219178 -0.008596381537706664 0.9999487607748598 -0.005345844112966768 0.08310002183372171 -0.011250183840318057 0.005248990231793681 0.9999229377632586 0.9435403398389726
0.9999066517883738 0.007586499896893901 0.011363658243643916 178.81277142305254 -0.007508208497769178 0.9999478929223097 -0.006916519745298057 0.09533722761563461 -0.011415538292955536 0.006830553385158484 0.99991151059778 0.94579495315804
0.9999563690281998 0.005848538932529979 0.00728386108414533 180.1535458316536 -0.005773131681412842 0.9999299682620651 -0.010330998113170623 0.09130144920017325 -0.007343772227371504 0.010288496672495392 0.9999201047312193 0.9282430109241634
0.9999869011189756 0.003484263044283698 0.003749333474949617 181.570296500645 -0.003456562095460423 0.9999668706153712 -0.0073695217064536755 0.09933141316261204 -0.003774886613974666 0.007356465369992884 0.9999658157398741 0.9513951883819102
0.9999947049239294 0.001610114980882301 0.0028280123499883746 182.9586756712012 -0.0015996472218620884 0.9999918761812256 -0.0036998243630976205 0.05208454282071518 -0.002833946518362209 0.0036952809501471194 0.9999891567641274 0.9518387599376882
0.9999894992570313 0.0019739975019624455 0.004135784028958294 184.28818736985377 -0.0019698716207169295 0.9999975583571848 -0.0010014416940703089 0.09937947342718603 -0.004137750774253391 0.000993284214600422 0.9999909461615136 0.9550155143807286
0.9999713411967419 0.0035247851530127473 0.0067001996100253675 185.7422054027492 -0.0035379984795138866 0.9999918179976579 0.0019612507483363346 0.11308036836724537 -0.006693231801457395 -0.0019848998372697076 0.9999756301133983 0.9624848313860523
0.9999502970643785 0.0027574826490742704 0.009581215491853133 187.11055146111775 -0.0027897383195780107 0.9999904812237452 0.0033548207121879003 0.09958760829255199 -0.009571873430502004 -0.003381383051755778 0.9999484714162464 0.9773582884813382
0.9999450403476133 0.0032891582643241805 0.009954783881244439 188.55653128825034 -0.003303028155712317 0.9999935966847918 0.0013771689862440478 0.11583970246092713 -0.009950190410872941 -0.0014099742289590675 0.9999495015666847 0.9690224972829589
0.9999438195342623 0.002403047449691213 0.010323910992706188 189.9625016819604 -0.002413244730535772 0.9999966124259377 0.0009753904445692548 0.07117921938007199 -0.010321532110172813 -0.0010002497704814713 0.9999462312921106 0.9736292081166737
0.9999327156009546 0.00343754118852058 0.011079150756157796 191.3291342086686 -0.00341117257681786 0.9999913066151495 -0.0023980399866238003 0.11817895503086875 -0.011087297802062192 0.0023600857407105767 0.9999357488472671 0.9801599777879277
0.999929708311178 0.003959165146690164 0.01117602111951147 192.7889626566029 -0.003911567208798223 0.999983200814118 -0.004277584776776218 0.12433265034029295 -0.011192769036015486 0.0042335683403822615 0.9999283968467011 0.9777887258450203
0.9999240405620702 0.003917517841535995 0.01168615248851061 194.1415892715899 -0.00384560320550139 0.9999735710539771 -0.00616996997907626 0.10170611408799178 -0.011710014603292046 0.006124561006154811 0.999912678842744 0.9809005535107782
0.9999004226746719 0.00493872864796731 0.013219443798977657 195.59824414117944 -0.004789601292965136 0.9999248074387959 -0.011288896666266928 0.12356944717076439 -0.01327420259251035 0.011224456683019132 0.9998488921420596 0.9789141377768436
0.9998880790830467 0.005155177547219098 0.014044694801649662 197.00759731627375 -0.004946893917762057 0.9998778715265406 -0.014824650826280466 0.09625882167737347 -0.014119403251598339 0.014753514022475373 0.9997914663947715 0.9854856016589568
0.9999198577090588 0.005289583536952903 0.011502106985299038 198.43732009951685 -0.005151876513984086 0.9999150948403029 -0.011969180376805518 0.10232792414233359 -0.01156444237654057 0.011908963704430538 0.9998622106350485 1.0012453306241293
0.9999692189257785 0.005553947650700796 0.005542099463346107 199.86859812048223 -0.005516413514460725 0.9999619012089936 -0.006765006462091703 0.12147007007730172 -0.005579460807804027 0.006734225715547598 0.9999617591793729 0.9844962222997488
0.9999610910965938 0.007054570780620715 0.005296161252350425 201.330096544648 -0.007075104002594225 0.9999674889423408 0.00386832802411398 0.11514701210891023 -0.005268699674697806 -0.0039056484033874353 0.9999784931258707 0.9897878889067846
0.9999381738512007 0.007382164800437414 0.008315775248603947 202.7550120458386 -0.0074721477662807395 0.9999133034847822 0.010842164078661598 0.11989489368406067 -0.008235015657846496 -0.010903630450860713 0.9999066433223184 0.9885967155259694
0.9999105321658064 0.008437633102642008 0.01037949957941508 204.17353001658466 -0.00855543266915071 0.9998988985607594 0.011357694696713853 0.09566192148450703 -0.010282618136326312 -0.011445479658159069 0.9998816273737893 0.9810338452141425
0.9999029417347984 0.008996860700636721 0.01063783848484361 205.62900431036607 -0.009101267004595855 0.9999104880775951 0.009807281546725683 0.14502886001949636 -0.01054865152554278 -0.009903147477394741 0.999895321331705 0.979230289403451
0.9999108304184422 0.007479725398844461 0.011062771798211232 207.08511237788971 -0.007559044490152568 0.9999458994380445 0.007145561100164289 0.12539843967335276 -0.011008726461190268 -0.007228547917678075 0.9999132742576751 0.9944753868567318
0.9999254031111136 0.005981341857021319 0.010649495887908863 208.53040793080947 -0.006047024303896491 0.9999628283074299 0.006146177712511395 0.08920995315967888 -0.010612337638109154 -0.006210116987233928 0.9999244035110152 0.9997891216348727
0.9999316678384526 0.005706232690085234 0.010202870296986565 210.0266830943402 -0.005765081710624905 0.999966862702283 0.005747810907064153 0.10863671420564769 -0.010169733854941647 -0.005806238527665744 0.9999314297027969 0.9906615130595336
0.999930420254907 0.005804236684232393 0.010269639008182426 211.4964569400027 -0.005877035269359012 0.9999577170983586 0.007072798023535605 0.11411999927943504 -0.010228152584297979 -0.007132660930706706 0.999922251999004 1.0025274504684925
0.9999288237917117 0.005226645271905064 0.0107251820369427 212.92988984166738 -0.005309525739485604 0.9999561522790125 0.007713783492831087 0.09933260821061532 -0.010684394552131899 -0.007770180085056327 0.9999127301992411 0.9901628352739529
0.9999336251090728 0.0044443829650826095 0.010629808854718273 214.37168804573093 -0.004526189906142562 0.9999602313282789 0.007684358582751048 0.09693207758105203 -0.010595233888956708 -0.0077319610678307235 0.9999139751983087 1.0023748628754938
0.9999383391358693 0.004599137082340418 0.010107713109157581 215.83479761751602 -0.004685074788147276 0.9999529412266241 0.008495022451596205 0.11571317937859885 -0.010068167679804577 -0.008541854033024567 0.9999128305653697 1.0096037031473564
0.9999415508385807 0.004407469461771069 0.00987264500920008 217.31621765011397 -0.004476457082091143 0.9999656436695491 0.006976590323119188 0.1186181532039257 -0.009841556712549283 -0.007020377018935641 0.9999269263641146 1.0073101977465675
0.9999453739565081 0.003523438361605942 0.009840451467858464 218.79115718438226 -0.0035968439911363563 0.9999657655828976 0.007451870604935201 0.09514174794622333 -0.009813858378983286 -0.007486858107459675 0.9999238146675956 1.0166652544795127
0.9999496838731493 0.0036572609939380485 0.00934099373787688 220.277458159207 -0.0037369059554743004 0.9999566942162955 0.008523216874976373 0.10852230824461459 -0.009309417590202759 -0.008557694434844035 0.9999200471088131 1.0131585202360942
0.999947651409383 0.0037339712816582354 0.009526379129919606 221.76966292829295 -0.003807802857871085 0.9999627656744435 0.007743894505575392 0.1094146963325443 -0.009497108941925698 -0.007779763697288208 0.9999246372595085 1.0235989900407678
0.9999533635238479 0.0032023277328390156 0.009111304760298948 223.2464087531985 -0.0032897153877816912 0.9999485809005725 0.009592357770576057 0.11438256352532458 -0.009080118391901534 -0.00962188401628437 0.9999124815692453 1.0283048995207968
