1.0 0.0 0.0 0.0 0.0 1.0 0.0 0.0 0.0 0.0 1.0 0.0
0.9999991026986411 -0.00021369547900763092 0.0013224734987388111 1.3108280526873803 0.00021489548040893325 0.9999995652986385 -0.0009073160786629824 -0.003942406356058893 -0.0013222790345137395 0.0009075994581048717 0.9999987139198623 0.010135860520850082
0.9999981289127055 -0.0005549848028216496 0.0018531494696818569 2.625648856082914 0.0005580488944803312 0.9999984775173484 -0.001653343405562149 -0.005834392940450508 -0.001852229067830006 0.001654374460025172 0.9999969161415581 0.02559831034648724
0.9999986412024472 -0.000823151733961994 0.0014282907554641 3.939778824862697 0.0008263546757385663 0.9999971422313453 -0.0022433606692661696 0.005435398611014062 -0.0014264400475147406 0.002244537895737274 0.9999964636529598 0.04683310483997507
0.9999990421907432 -0.0003463274414305535 0.0013400279473188238 5.258563365841223 0.00035033729574763937 0.999995458730691 -0.00299328945712446 0.013301208544572441 -0.0013389852036118865 0.0029937560518913994 0.999994622257203 0.05369563024124636
0.9999984133903321 -0.0006195336608531383 0.0016701481555561858 6.5803611813214955 0.0006246254278598301 0.9999951539768708 -0.0030498960391347504 0.010092943201153868 -0.0016682505487212477 0.0030509344171464627 0.9999939543513696 0.059433035264934014
0.9999965331425757 -0.0004497585354480196 0.002594498041851872 7.918197932043195 0.0004606586233270109 0.9999910647604563 -0.004202165261104669 0.013406555969932062 -0.0025925848996968272 0.004203345870693019 0.9999878051191571 0.08913653027954437
0.9999960449582068 -0.00022295921397118694 0.002803632845592286 9.232600348854195 0.00023515111747003192 0.9999905152685484 -0.004349031719251738 0.03214093098527172 -0.002802636597193997 0.004349673796046145 0.9999866126933761 0.09748766595483614
0.9999974197393853 -0.000741537306628687 0.00214723938921474 10.564540429740529 0.0007500102207616273 0.9999919259736822 -0.003947843983029906 0.029670747259619344 -0.0021442945787532343 0.0039494442480518975 0.9999899018944597 0.11354435476309532
0.9999996974370815 -0.0007117535557386147 -0.0003138990623645428 11.88472781930247 0.0007113178739540175 0.999998786650269 -0.0013859021869854799 0.0408718260427472 0.0003148851023046928 0.001385678485649192 0.9999989903707437 0.12459890328741936
0.9999988679245141 -0.0007761787987599695 -0.001289067943314431 13.227876144518676 0.0007785589833238692 0.99999799128262 0.001846964167056938 0.040232448440400255 0.0012876317795127105 -0.0018479656915814631 0.9999974635103847 0.1456790142470577
0.999998830307754 -0.00058282869966247 -0.001414105311009122 14.565765763089868 0.0005896061246089616 0.9999883202402167 0.004797056156408613 0.06106519405427442 0.0014112929325969337 -0.004797884310481436 0.9999874942010034 0.15407297266601877
0.9999996915198892 -0.0002205151308331711 -0.0007538787723507697 15.91630441007059 0.00022431747565786802 0.9999872368879407 0.0050473500861121555 0.07663047966199112 0.0007527561334469191 -0.005047517637288208 0.9999869778771646 0.17526939295159355
0.9999981523560547 -0.0001700437615767827 0.001914776643896511 17.2644852837854 0.00016355216034090765 0.9999942408574437 0.0033899118920529907 0.06456466756832843 -0.0019153420497943934 -0.003389592462846128 0.9999924210351637 0.19439199436151886
0.9999919022717253 0.00031369206921998144 0.004012105215718201 18.617007318507586 -0.0003090202336178392 0.9999992736382961 -0.001165001877769281 0.08856716359494222 -0.004012467753328304 0.0011637526222095748 0.9999912728530999 0.21301425627905055
0.9999978426535207 -0.00022489763239583516 0.002064971999672799 19.961288349100492 0.0002311573784795214 0.9999953778002192 -0.003031657049058627 0.0700622305153294 -0.0020642806424671055 0.003032127842238044 0.9999932724504588 0.2414516769035562
0.9999999394520386 8.415823730176461e-05 -0.0003376585708255463 21.311020826406512 -8.542413807083898e-05 0.9999929620970794 -0.003750794452587319 0.08596562633914383 0.0003373405341676936 0.003750823069676736 0.999992908738689 0.2337551181057847
0.9999988879560626 0.00031554934855507427 -0.0014575716952561141 22.665083532404214 -0.0003181056455421336 0.9999984113090362 -0.0017539065545275046 0.09059500779631793 0.001457015935554425 0.001754368265891397 0.9999973996448946 0.2812243020555171
0.9999995623839052 0.0008959359196745938 -0.00026931547658727204 24.034644045729642 -0.0008957874398682625 0.99999944701543 0.000550938922907182 0.08901537595829155 0.00026980893363054843 -0.0005506974323861531 0.9999998119677209 0.2695848033278631
0.9999907829729142 0.0017676895064243797 0.003912702777735757 25.42756110319894 -0.001770061516505478 0.9999982517235343 0.0006028533011865975 0.09933701938247413 -0.003911630279795153 -0.0006097734692837857 0.9999921636317308 0.2850877404006815
0.9999865489095263 0.001977393884011042 0.004794988367343603 26.79622270902311 -0.001972386234829569 0.9999975047951017 -0.0010488546663665324 0.08854708886456866 -0.004797050401667631 0.0010393829890756048 0.9999879539226689 0.2982859136852904
0.9999904469894266 0.001927191103693899 0.003923246657624214 28.166291035172314 -0.0019091974503387865 0.9999876662513041 -0.004585009309272751 0.09417102717335957 -0.0039320344584370505 0.004577475256114553 0.9999817927468966 0.32501529369950893
0.9999971896879973 0.0018959507588045864 0.0014233716407565462 29.52392046846961 -0.0018882394181419734 0.999983639337381 -0.005399593453837242 0.10738509991820806 -0.001433585716759389 0.005396890612856207 0.9999844090803144 0.3249878898501969
0.9999966006160114 0.002564406870645816 -0.0004717773027145802 30.913592701410842 -0.0025668176454901413 0.9999832770024654 -0.005182389659755026 0.10296823530916756 0.0004584796575340703 0.005183583009127942 0.9999864600401303 0.3639838880660105
0.9999940880524738 0.0029376354444987955 -0.001787220774443003 32.297701149326926 -0.002942438963775007 0.9999920501544306 -0.0026910371389795235 0.10721203035829269 0.0017793012802319187 0.0026962800177527555 0.9999947820668967 0.35714473653451084
0.9999870900793082 0.0034765637525128934 -0.003705830432215421 33.68028050319224 -0.003480215709685731 0.9999934643472768 -0.000979469930905809 0.11186102749354167 0.0037024010225362018 0.0009923543753143085 0.9999926537027469 0.39239897428371706
0.9999865733648103 0.0037509926421413066 -0.0035753523327443698 35.075028053752334 -0.0037527831622456175 0.9999928361577688 -0.0004942182500900334 0.12545044855677895 0.0035734729104646384 0.000507629136435304 0.9999934862807947 0.4000317576342424
0.9999929290735684 0.003190117191370705 -0.001991219518393074 36.46776561621451 -0.003191588809600669 0.9999946357867463 -0.000736314201255903 0.11761458207724726 0.0019888599084752654 0.0007426641487647171 0.999997746440574 0.4349697523330082
0.9999947486394309 0.0030979216372621077 -0.0009516170924269964 37.867417637972906 -0.0030973864788185704 0.9999950444173727 0.0005633273449780268 0.13120196642315116 0.0009533575205807342 -0.0005603768608279238 0.999999388543419 0.4460295535376846
0.9999966965944811 0.0025268537379288633 -0.0004709674217620763 39.266223459705785 -0.0025256004226490683 0.9999933178865853 0.0026430143177486355 0.12286516182657356 0.00047764278531255215 -0.0026418161112810954 0.9999963963260086 0.4623031215676146
0.9999950818890069 0.0030783808730828885 -0.0005998074681059104 40.6608908927557 -0.003075853533255046 0.9999865754111931 0.004169906765921773 0.13618919307281638 0.0006126359771680402 -0.00416804133793742 0.9999911260149087 0.47486558452934763
0.999994955896932 0.0031700204738011333 -0.0001978658352284984 42.08378353517007 -0.0031684410945370394 0.9999666414960933 0.007528404615478066 0.15099557304508704 0.0002217244314863853 -0.007527739715185705 0.9999716415844286 0.5028039548212997
0.9999958038204599 0.002894448164624062 -0.00012046283462351508 43.47471088794601 -0.0028933008859947968 0.9999585796693693 0.008629470180767377 0.15304166587519047 0.00014543539913947648 -0.008629085434735015 0.9999627581730756 0.5207286862655022
0.9999971335383031 0.0023783018249620134 -0.00027675911312485476 44.90332671016287 -0.0023760722983954398 0.999966794782954 0.0077951017914048735 0.1559921645112249 0.00029528902809469683 -0.00779442184738214 0.999969579433522 0.5395442957863934
0.9999985953444883 0.0014684684639356812 -0.0008080281064801809 46.29755810577099 -0.0014624923728941885 0.9999719377382612 0.007347438468367874 0.14338815690622123 0.0008187949130654706 -0.007346246412805121 0.9999726807460956 0.5659278552986012
0.9999995901658029 0.0008323731717683355 -0.00035612235140306626 47.73013773040399 -0.0008299130771933139 0.9999761717208459 0.006853264536383245 0.16493547497587333 0.0003618183391593808 -0.006852966177084565 0.9999764526937948 0.5863120170259077
0.9999998978815567 -0.00034956946512575257 0.00028642287840540927 49.13165843558904 0.0003475315297471847 0.9999748438738325 0.0070845494803860294 0.16056796116209376 -0.0002888922152878583 -0.007084449215941779 0.9999748632443691 0.6033791600223136
0.9999992124205832 -0.0012075629212140563 0.00034197953858129145 50.55377352890334 0.0012048380836274988 0.9999683917349786 0.007859000964030341 0.17729495825029057 -0.00035145896736335264 -0.00785858274447104 0.9999690590982516 0.6239553639840083
0.9999971698276573 -0.0023046127260216874 0.0005908441914074396 52.00095346889228 0.002299981057426758 0.9999675288218245 0.0077234311746120264 0.18451050392825669 -0.00060862452377399 -0.0077220503855225985 0.9999699993069955 0.6342077862732717
0.9999931542382031 -0.003354398656518846 0.0015618855215978919 53.405571017578914 0.003341495717435175 0.9999608642549842 0.008191725385741248 0.19853389730020932 -0.0015893027086728764 -0.008186450273359007 0.9999652274698466 0.6614490479523656
0.999988784251646 -0.004181968780661501 0.002223175214114626 54.861943207501895 0.004167036046669035 0.9999690090589022 0.006679575760701869 0.20656244952331795 -0.002251040093121834 -0.006670236793005748 0.9999752200727898 0.6769419883952286
0.999983752898424 -0.004947952416886793 0.0028304957275523705 56.26989959538233 0.004935991630572674 0.9999789254734118 0.0042171786378473 0.1988926355445351 -0.0028513024754284826 -0.004203138817696038 0.9999871017659541 0.6860873463199797
0.9999835106038745 -0.005254340431786445 0.0023174181706970376 57.6978304301273 0.005248461811992707 0.999983012201078 0.002535538969695579 0.22144490146652016 -0.002330701387787977 -0.0025233342794177944 0.9999941002901743 0.7070803462186671
0.999983901466037 -0.005164255385415993 0.002351015754360045 59.14305179875274 0.005161529312093812 0.9999860016166221 0.0011641245471413566 0.2371315688162 -0.002356994680402058 -0.0011519709697134738 0.9999965587635596 0.7203650929323672
0.9999837876860181 -0.004884427722235416 0.002926897837460435 60.54376035867758 0.004881681902045571 0.9999876384326296 0.0009445441968840657 0.24144997317988703 -0.0029314752142757675 -0.0009302406994347092 0.9999952705414707 0.7471916585037135
0.9999833661396513 -0.004369037192346911 0.003765495720877702 62.00369305249541 0.004373434467189236 0.9999897632895497 -0.0011603392054367106 0.25430164834239266 -0.003760387609444014 0.0011767880532881506 0.9999922372973225 0.759614460640935
0.9999865192179762 -0.003979546705732618 0.0033353546037681327 63.39974654133556 0.003991219917042454 0.9999859081516406 -0.0035005230627207567 0.2624460066800507 -0.0033213771074342394 0.0035137880066573373 0.9999883108056586 0.7735001988326666
0.9999911733327737 -0.003574224466684488 0.0022086593228409753 64.82002280652878 0.0035836764190213697 0.9999843744762312 -0.004290462294952121 0.26963573390791784 -0.002193289736074224 0.004298339544802114 0.9999883568108637 0.7948139967797915
0.9999938302173139 -0.0027418104972253264 0.0021959058502463357 66.27367222641706 0.002750806659412852 0.9999877938158059 -0.004104300442193202 0.27981470815984355 -0.002184625832578883 0.004110315631987697 0.999989166299004 0.8167612036434976
0.9999956514032148 -0.002133683583452147 0.0020358214621624296 67.64274218954004 0.0021381327817531614 0.9999953253480184 -0.0021857882602033915 0.29317156458367044 -0.0020311481648778986 0.0021901316116976362 0.999995538870377 0.8390172355531723
0.9999935633037098 -0.0015462043322839484 0.0032376848692005173 69.11441723689563 0.0015448410296007172 0.9999987170426623 0.00042353184357333575 0.30843262596816967 -0.003238335582160351 -0.0004185274090006311 0.9999946689945228 0.8561896578186439
0.9999902888490485 -0.0007585720930211191 0.004341287363924266 70.47053550861217 0.0007419355489978939 0.9999923807214898 0.003832496654690745 0.3188402027869107 -0.004344161511455592 -0.0038292384813135 0.9999832324561326 0.8746172825364354
0.9999869787903344 0.0001765919664514817 0.005100104416256761 71.92682866021096 -0.00021630982539369955 0.9999696484676318 0.00778815469675567 0.33987800030465165 -0.00509857429471956 -0.007789156488256225 0.9999566658517571 0.8948847663105753
0.999989216220777 0.0005734904426768905 0.004608530228622152 73.28855596556726 -0.0006257767433233296 0.9999353667228971 0.01135212668237943 0.344405873391904 -0.004601722028054447 -0.01135488817458955 0.9999249425176466 0.8993703076290007
0.9999907272905183 0.0012773889727700654 0.004112616003511404 74.6880161128045 -0.0013402788652927499 0.9998816565965584 0.01532567957010431 0.35737380038800115 -0.004092552448453441 -0.015331049511840616 0.9998740970418836 0.9166659791936295
0.9999893189173674 0.002025967632209625 0.004154215489461541 76.12662253306321 -0.002098657070949502 0.9998434559124166 0.017568702502287096 0.36860668758350956 -0.004117971548978565 -0.017577233123235128 0.9998370283131413 0.9379993763215376
0.9999872486871997 0.002387150879378767 0.0044501655793525675 77.49625359781535 -0.0024638674893640014 0.9998470652819559 0.01731402333529696 0.371607818231968 -0.004408153808504001 -0.017324767177062838 0.9998401975427178 0.9493361714762066
0.9999873561850511 0.002400536975764121 0.00441869802766577 78.91241643167649 -0.0024722572185782127 0.9998641252308349 0.016297822573046756 0.3723916166466222 -0.004378974112380208 -0.016308540664489685 0.9998574178787283 0.9752300639983544
0.9999920500388734 0.0022571385063885887 0.003287124094745379 80.28261221976673 -0.002307137067640453 0.999880486572759 0.015286912362343134 0.3759536335759661 -0.0032522265607422165 -0.015294374677829028 0.9998777450896743 0.9866383495975686
0.9999925511142018 0.0019725090595174633 0.003317668476595231 81.65896935403248 -0.002021900029158911 0.9998861925961033 0.014950377116993993 0.37809185526132105 -0.003287801147052446 -0.014956973747331775 0.9998827327741684 1.0128521674254556
0.9999923586881388 0.001514755792952315 0.0036038979203389106 83.08275562951279 -0.001566363194560859 0.9998956569823098 0.01436041971036748 0.38074215404917483 -0.0035817693498089486 -0.01436595499098139 0.999890389125489 1.0228703398933405
0.9999951650481788 0.0013384427133828077 0.0028068579174596103 84.42976646840619 -0.0013782401059515112 0.9998978703600258 0.014224953556884686 0.39661095057200557 -0.00278753196863462 -0.01422875330407313 0.9998948805974235 1.040785588549858
0.9999951311969824 0.0005341964972038723 0.0030744457114168793 85.84556737580134 -0.0005787820014086498 0.9998944205415577 0.014519393281310116 0.40027419111510404 -0.0030663649040712565 -0.014521102023086369 0.9998898614359034 1.0531375799361289
0.9999925389802988 -0.0006974985615394056 0.0037994051497923535 87.18905259144478 0.0006461487485259132 0.9999086657740115 0.013499725990946792 0.40851874112532405 -0.003808474173523643 -0.013497170288342533 0.9999016561235795 1.078120672712545
0.9999857710076417 -0.001904912900680531 0.004982879598497259 88.57592979692353 0.0018436830428098761 0.999923095693674 0.012263911742072468 0.4091773149627876 -0.005005858077288512 -0.012254550388345897 0.9999123798511996 1.097003294274634
0.9999815247017512 -0.002932941684256185 0.005324294153929128 89.96071169788287 0.002877457448403727 0.9999417901202224 0.010398875410240295 0.4121370762440005 -0.005354483522566607 -0.010383362858044923 0.9999317553123136 1.113847610225376
0.9999765594148368 -0.003904773644019856 0.005624354510038041 91.33232792491947 0.003857117051726541 0.999956780301052 0.008459324914135709 0.4197705005329623 -0.005657143176100258 -0.008437432828924013 0.9999484018979892 1.1299707096771072
0.9999791576214696 -0.004227426460829427 0.004879875835970934 92.70785344448461 0.0041899667671596265 0.999961874144386 0.007661229414229173 0.43378435052331943 -0.004912077070477593 -0.007640623218405129 0.9999587453368705 1.1436523481121226
0.999979056027202 -0.004448026606181872 0.004701336645720268 94.02975801415391 0.004418504343824696 0.9999705728172745 0.006271388909596845 0.4438081944069182 -0.004729093603355341 -0.00625048468540722 0.9999692830856797 1.162847430385453
0.999980760627361 -0.004574588211716222 0.004189453164537845 95.43164339841871 0.00454858943535403 0.9999704693626469 0.0061944117393334126 0.4629656195241339 -0.004217666330237006 -0.006175236460333553 0.9999720384817696 1.175118506848866
0.9999849511053753 -0.004392027793735668 0.0032874997549903746 96.77292528502697 0.0043745177357708805 0.9999763088823552 0.005314627795042404 0.4662061465050575 -0.003310763863436109 -0.005300166589784199 0.9999804733477354 1.1855343282698132
0.9999873333998518 -0.0042672118021924105 0.002669071615533523 98.10658379083462 0.00424978722793809 0.9999698423726939 0.006500281043682932 0.48117886288100914 -0.0026967291986536596 -0.006488855720759955 0.9999753108967563 1.204994291196163
0.9999882807954643 -0.003941509390508942 0.002811187552672108 99.49403196957425 0.00392025023647494 0.9999639784471787 0.007528176816069114 0.5000375014356663 -0.0028407586689451363 -0.007517068033157087 0.999967711367907 1.2151867207782705
0.9999830558470929 -0.0039778430622624235 0.004250268612888493 100.81492701969454 0.003945669690661573 0.9999637027183014 0.007551485721137538 0.5051821742398803 -0.004280152964776958 -0.007534587611565759 0.999962454435226 1.2388876162510234
0.9999767574741081 -0.0038652590606447134 0.005616429823544729 102.14757021043891 0.0038203618511743315 0.9999608393838093 0.00798276481887495 0.5253861412235065 -0.0056470653347371995 -0.007961122485019291 0.9999523644563694 1.253462347878419
0.9999829354881362 -0.003663433347736518 0.004550603106918152 103.50708734774466 0.0036263206202012373 0.9999603169834317 0.008137214336270345 0.5356879589840787 -0.004580232667616836 -0.008120573532798795 0.9999565379326287 1.2682828860055275
0.9999922029242244 -0.0034155684060785995 0.001981914029522905 104.82866110924513 0.003399504369335489 0.9999617967556719 0.008052850378067201 0.5439513398214104 -0.002009343375307202 -0.008046050063979583 0.99996561121749 1.2819162708641574
0.9999929211359924 -0.003716489333950285 0.0005876945937840257 106.14270159168841 0.0037123589322967917 0.9999694440876589 0.006879628055083562 0.5637206966554714 -0.0006132447005277979 -0.006877397621857441 0.999976162382328 1.2967170672991502
0.9999927268901615 -0.00327429277920893 0.001955805096360228 107.51116727883188 0.003263464246680324 0.9999794705077477 0.0055143779481681065 0.5660688571510857 -0.001973820632572171 -0.005507955141486151 0.9999828830846406 1.3219442357741171
0.9999892418245504 -0.002746288253825949 0.0037381995650029153 108.84751780944107 0.0027381675513578397 0.9999938842699465 0.0021757438189154523 0.5709718293084434 -0.003744151922876712 -0.002165484595132324 0.9999906459576744 1.3304084910219764
0.9999878169470555 -0.001985896015336572 0.004519090005561863 110.183240350635 0.0019805195126147285 0.9999973260743867 0.0011938955300873804 0.5862216997592977 -0.004521448874227278 -0.0011849308388596498 0.9999890761598272 1.3514474351363919
0.9999931143677523 -0.0013624873654834058 0.003451788704736469 111.50200527435787 0.0013602437435959592 0.9999988621511869 0.0006522524735975394 0.5934913122741642 -0.003452673462877171 -0.0006475527084370406 0.9999938298416887 1.3684250351985847
0.9999993000652413 -0.0006219617196774772 0.0010064952294337633 112.82215239110228 0.0006200003813057461 0.9999979107935203 0.001947821378345175 0.6044957446138226 -0.0010077045969915082 -0.001947195987571257 0.9999975964767271 1.3816588605152456
0.9999993496745283 0.0006149020301793809 -0.0009604925890382869 114.17932897429526 -0.0006102741850022075 0.9999882404461672 0.004811084576010699 0.6032036068422216 0.0009634396397471338 -0.004810495283407877 0.9999879653871785 1.4064918668599606
0.999997034978318 0.0019374082919299549 -0.0014752910502293906 115.48638224499996 -0.0019261552786812351 0.9999693309406268 0.007591251807029482 0.6204980150388815 0.0014899531586376454 -0.00758838765915929 0.9999700977590877 1.419414968564766
0.9999943311290326 0.0033501952369757513 0.00033749321897273124 116.85247267092477 -0.0033529948506974857 0.9999568132676068 0.008667700111545332 0.629859253056975 -0.0003084401561141656 -0.008668782588497178 0.9999623778288379 1.4368240401719923
0.999986843378547 0.004221195710177926 0.00291454569112381 118.14296754846949 -0.004245010222945962 0.9999572569187674 0.00821366079780947 0.6351666396430524 -0.0028797496447360077 -0.008225925010037674 0.9999620198786117 1.4547580373524787
0.9999798421531971 0.0051514986223503 0.003711785178414698 119.51957400563714 -0.005180898056696797 0.9999549373606761 0.007954969725424034 0.6318763184691748 -0.003670637899996595 -0.007974039750980714 0.9999614698114407 1.4754950650562086
0.9999770827068101 0.006157093129951638 0.0028150071699379127 120.83756443689963 -0.006181093311809762 0.9999439317099397 0.008598111533241633 0.6292513967606587 -0.0027619099638475073 -0.008615314309789545 0.9999590732688489 1.4904794965368644
0.9999681591542026 0.007521316448673627 0.0026665476996029108 122.14348369243615 -0.007548459411387245 0.9999182611618065 0.010319484273163274 0.6259405922937912 -0.002588713632286386 -0.010339284019134806 0.9999431972705758 1.5056376263354987
0.9999606249792238 0.008639817385344924 0.0020253510086311686 123.51582568908798 -0.008663346844900676 0.9998915218654512 0.01191179764086981 0.6301184028675263 -0.0019222155459836482 -0.01192887493186066 0.9999270008506895 1.5163259155314632
0.9999509133762604 0.009841805465900182 0.0011444226290883046 124.83888083555466 -0.009855604785482303 0.9998701166647649 0.01275213139446722 0.6282090424707774 -0.0010187699912003756 -0.012762784412531437 0.9999180333616071 1.5335934152883595
0.9999397479901624 0.01097363840615795 0.0002822224326307545 126.16286528081272 -0.01097647709701188 0.9998457030250258 0.013714484785457316 0.6189700358735252 -0.0001316810896007665 -0.013716756268253139 0.9999059122025271 1.5497172550472247
0.999930281925062 0.011807940339020575 6.192104811373868e-05 127.50985271782545 -0.011807705480237754 0.9998398846349317 0.013445563747885326 0.6122455872546744 9.685328095701326e-05 -0.01344535749456352 0.9999096024047801 1.5694696290415036
0.9999174044474132 0.012821384792281834 0.0008923985413642312 128.83620136946533 -0.012831741383997619 0.9998360892587076 0.012772667258953565 0.6099722086759564 -0.0007284889859069646 -0.012783063320737547 0.9999180279382583 1.591471248394611
0.9999051644495878 0.013639557904708772 0.0019038296160757905 130.2046604103931 -0.013660834380318844 0.9998388179063629 0.011649884619196287 0.5999866986923479 -0.001744623476985639 -0.011674787697049742 0.9999303253833002 1.6077507796146668
0.9998994227808059 0.01399365368132532 0.0023069415376722902 131.5290957129959 -0.014016623945765194 0.9998491094854204 0.010261214078977995 0.5816920099653958 -0.002163001565905409 -0.010292517566598795 0.9999446912236531 1.6203878132833733
0.9998996329169345 0.013970068018527355 0.002358239202761838 132.87103972641358 -0.013991285219029448 0.9998594785227674 0.009234021122972336 0.5657817387415683 -0.0022289079163329557 -0.009266089128507796 0.9999545847496091 1.6452307913551283
0.9998996850979056 0.013798578467897497 0.0031967129014769955 134.2084820696515 -0.013821813284877155 0.9998773569967574 0.007363996380820163 0.553100895108551 -0.0030947081651081943 -0.00740744203109377 0.999967775772764 1.652277390535974
0.9999089389033775 0.01317397388301332 0.002925801300708774 135.5525649361745 -0.013191187103051167 0.9998953251706167 0.0059440125133522256 0.5350742897665566 -0.0028471887773456063 -0.005982066037438422 0.9999780539601806 1.6763623046335632
0.9999239785239907 0.01206555006402614 0.0025415889530210943 136.89623675052945 -0.01207767971501676 0.9999154814532233 0.004812442505642978 0.5256802020714748 -0.002483309375634199 -0.004842773154002303 0.9999851902516975 1.6934042957243611
0.9999334248673064 0.010990735078012985 0.0035141962927211687 138.22265485671304 -0.010996315831540926 0.9999383019217231 0.0015727008724383664 0.5125580400363653 -0.0034966943349172895 -0.0016112393819978886 0.9999925884907258 1.698284055412269
0.9999437064337404 0.00990254861339445 0.0038109702849647487 139.57415498767105 -0.009906489216330857 0.9999504128383101 0.0010165313080051238 0.4948896086447212 -0.003800715059070474 -0.0010542274198643425 0.9999922215545414 1.717913308089522
0.9999556874176438 0.008615788349276326 0.003793598849077417 140.94091148415018 -0.008615326046353344 0.9999628778414311 -0.00013818899348412935 0.4927463675341849 -0.003794648629619454 0.00010549977899910212 0.9999927947298292 1.7314230207452708
0.9999666145340408 0.007436505367303554 0.0033864738669022415 142.25917041939823 -0.007434910869782104 0.9999722439291184 -0.00048318911629888423 0.49036071155840055 -0.003389973110150332 0.00045799485344182565 0.9999941491443971 1.7453161259021246
0.9999759331033654 0.006418044556583889 0.002634752004137721 143.6083911750071 -0.006415613960153057 0.9999789873412404 -0.0009299319878449258 0.48183961999321906 -0.0026406649859255227 0.0009130060555286099 0.9999960966465693 1.7550174727503791
0.9999844736743245 0.005554171973852162 0.0004512028027700728 144.95694599960638 -0.005553034442177491 0.999981495584129 -0.0024844109588916265 0.4736721272846654 -0.00046499329924517516 0.0024818668404137773 0.9999968120540276 1.7732359089726994
0.9999897524617387 0.004493604021449241 -0.0005499949171981632 146.26863436127184 -0.004496448698849326 0.9999759244704122 -0.00528511387229851 0.48319771356102914 0.0005262324668288832 0.005287532736821698 0.9999858824388212 1.8124428524906566
0.9999917598606017 0.0033762573706886726 0.0022541288923663056 147.66257733672623 -0.0033420335778586454 0.9998816434250378 -0.015017654717366397 0.47045883929770216 -0.0023045655688210477 0.015009997595350981 0.9998846878264146 1.8118284359650692
0.9999906473710686 0.0018682553468813824 0.0039006143554545835 148.96382838967372 -0.0017768766084671488 0.9997269337857699 -0.02330022688347238 0.45976973723335973 -0.003943080002917964 0.02329307805468946 0.9997209033699499 1.8264852707998875
0.9999988867058193 0.0010498986102925553 0.0010603301514676574 150.28230873034659 -0.0010248516413137816 0.9997267703799587 -0.02335239312726949 0.42773728667153665 -0.0010845580829545792 0.02335128044809005 0.999726733380277 1.8589625968285193
0.9999960380201652 0.0010333408309297696 -0.002618425232704142 151.66288817075545 -0.0010967351016383387 0.9997034725864934 -0.024326201319217162 0.44985680806185924 0.0025925115407578634 0.0243289766581618 0.9997006450826555 1.866873249770574
0.999985443103522 0.002055913939015368 -0.004988667049231264 153.0000217001232 -0.002156333324898456 0.9997934655515146 -0.02020832667699648 0.4513929679896474 0.004946090137134161 0.020218789735482127 0.999783344897277 1.894612218970744
0.9999833680034785 0.0028780306725769062 -0.004998065212395293 154.36230958393918 -0.0029778524256773137 0.9997939250261366 -0.02008083354253635 0.4543834298636128 0.004939241981370949 0.020095383058799144 0.9997858668076727 1.9180599670189937
0.9999930171226098 0.003338848149777662 -0.001678630111892587 155.68167024909297 -0.0033791410340304104 0.9996915941519581 -0.024602804469994986 0.4567586533788146 0.0015959673843653956 0.024608304999519975 0.9996958958669174 1.9329340055832138
0.9999925766770045 0.0037689299248853153 0.0008010980630554421 157.01614025371006 -0.003741628442959129 0.9994899464119765 -0.03171509479694342 0.45411445215052926 -0.0009202214299647968 0.03171186195425258 0.99949662881068 1.9511195052586428
0.9999909719238567 0.0037956649342327127 0.0019102351916560913 158.3691506137288 -0.0037302132393590343 0.9994426361447252 -0.03317382349490694 0.43268523191614094 -0.002035087214179232 0.03316639841450026 0.9994477717400951 1.9765551993203934
0.9999904467648277 0.0037340038615618163 0.00227235433903771 159.7035960508859 -0.003650538738162483 0.9993563027579365 -0.035688285261534294 0.43054618918544996 -0.002404151825795769 0.03567964900541081 0.9993603867979005 1.9951285477582679
0.9999858769073138 0.004777989202528985 0.0023274030788110168 161.06644632981326 -0.004694865936976483 0.9993937100696579 -0.03449884790885517 0.431802546571613 -0.0024908271205686863 0.03448743383299227 0.9994020275584149 2.0026230439174233
0.9999799710825427 0.0060099950776717976 0.0019842865024000565 162.41537360564158 -0.005943289209947061 0.9994680836607063 -0.03206597974430601 0.43494679320476337 -0.002175947408411593 0.03205354430888536 0.9994837845358544 2.00928539632991
0.9999762566564357 0.006890881718492275 4.3272668586510525e-05 163.7625590048289 -0.006886871828717231 0.9995727400242241 -0.028406133085645515 0.4376763432468418 -0.00023899748308011176 0.028405160615746092 0.9995964634444224 2.030519533286915
0.9999707473758133 0.007604328356368419 -0.0008237614375352078 165.11852272866994 -0.007622770360300122 0.9996495169775346 -0.025352249971471976 0.4353640971513611 0.0006306858897809852 0.025357787695901274 0.9996782406547009 2.0447235723353763
0.9999693575495598 0.007820848915687734 0.0003439246407574077 166.4532914936915 -0.007809613134661205 0.9996479124994478 -0.02535864701010523 0.4286940018959616 -0.0005421296961625546 0.025355184040629204 0.9996783586422476 2.061443515171357
0.9999699575824549 0.007749301343884935 0.0001796140997915683 167.7859206789428 -0.0077426911988722905 0.9996775318448711 -0.02418435563635454 0.42505931584932594 -0.00036696803959796685 0.024182238383334807 0.9997074995623617 2.0729763508272594
0.9999718977063506 0.00721225616523631 -0.002046254765871929 169.17784198690927 -0.00725292630082114 0.9997611233734156 -0.02061774117600861 0.42111678507764105 0.0018970655325264109 0.020632003105201264 0.9997853377551764 2.1012918896368777
0.9999651102914809 0.00656406769042362 -0.005166354140199082 170.56443383809614 -0.006644530637734498 0.9998544420568336 -0.01571448095936695 0.4231046039712477 0.005062451219579607 0.015748260684076684 0.9998631725756659 2.125716278928032
0.9999592942945837 0.006384096831525669 -0.0063759753389963075 171.9125620118257 -0.0064557458839387925 0.9999155309015293 -0.011280709507600073 0.42785884920885575 0.0063034196242827195 0.011321411994912791 0.9999160427413302 2.1452077332524557
0.9999636636305593 0.006756673663973101 -0.005197959171469832 173.311754721443 -0.0067840928583194245 0.9999630715396286 -0.005275570217646107 0.42640668684646565 0.005162121912488545 0.005310641960270673 0.9999725744135839 2.178744412069174
0.9999675938112444 0.00747586993270328 -0.0029870882309161037 174.69925415665787 -0.007481880048296807 0.9999699983710687 -0.0020059483312481175 0.43122808002871477 0.002972002404587281 0.0020282323619452546 0.9999935267166449 2.20823745717831
0.9999720398613988 0.0074235450316140015 -0.0009002636261383922 176.04886739013097 -0.00742592602656483 0.9999688604227511 -0.002670918844263814 0.4310270949561959 0.0008804079059934828 0.0026775294560948465 0.9999960278510764 2.2197745829743707
0.9999781180489324 0.006614813823010535 -8.75294368329161e-05 177.46194213117576 -0.006615133588107957 0.9999685407563722 -0.004376928738640618 0.42624700701612706 5.8574114500346127e-05 0.004377411981817674 0.9999904173707939 2.244682271912586
0.9999868397326463 0.005130270700152959 2.615449860585049e-05 178.86686535336818 -0.005129991008534401 0.999965572435598 -0.006522049969065566 0.42337221820550053 -5.9613480031395926e-05 0.006521829964801598 0.9999787308638834 2.2584255174525305
0.999988508412549 0.0029653892901013415 -0.0037668964949145243 180.20260013878635 -0.0029937926286883253 0.9999669629979139 -0.007557123687304969 0.41708335351441816 0.003744362234300858 0.007568314150916745 0.9999643495507083 2.2805601887366413
0.9999663514727876 0.0013425552124184236 -0.008092803451400883 181.61696029390734 -0.0013813661917261087 0.9999875639199594 -0.004792059355792209 0.4300007027149443 0.008086269204383071 0.004803077235136621 0.9999557703715838 2.3125217073138176
0.9999567342520908 0.0009268451671254257 -0.009255840422663019 183.0187026371688 -0.0009333130066303615 0.9999993233051873 -0.0006944897402561045 0.45364063263832793 0.009255190474824444 0.0007030982888918435 0.9999569226232052 2.3349816814258206
0.9999677601019294 0.0005813713889384242 -0.008008792920175667 184.34942609232039 -0.0005670518362021466 0.9999982369353708 0.0017901336165438942 0.4679582783922594 0.008009819532623183 -0.0017855345020874158 0.9999663267618548 2.3533407521985197
0.9999876910321771 0.000892566969374975 -0.004880687281535863 185.79581781731326 -0.0008698793427994392 0.9999888168616488 0.004648597806768318 0.46208753406906533 0.004884781884990973 -0.004644294978282621 0.9999772844570475 2.382268239047679
0.9999962540349233 0.0012781589614477178 -0.0024203772000318427 187.15149623753018 -0.0012658382191091356 0.9999862694556286 0.005085130658910377 0.4719558551505624 0.0024268435722571203 -0.005082047804224057 0.9999841414844495 2.4107532417186466
0.999997051908043 0.0014478238616692487 -0.0019493540695392872 188.61076603055824 -0.0014400222079237778 0.999990972537653 0.003997646712690728 0.4778465923025666 0.001955124360119981 -0.0039948278141093635 0.9999901093708238 2.4280626519931667
0.9999983039055367 0.0012612602241867132 -0.001342165674154765 190.0215872186314 -0.0012579338090565975 0.9999961426178091 0.002476358623946185 0.47355858653267985 0.0013452838295420016 -0.0024746660682291592 0.9999960331117663 2.4502448275911513
0.9999987128098238 0.0014003557033330986 -0.0007831874615166954 191.38327861828057 -0.0014006384531464037 0.9999989540919192 -0.0003605925560237022 0.47608192707971314 0.0007826816845321932 0.0003616890543471288 0.9999996282951352 2.471172533411801
0.9999982254364023 0.0017848222724864888 -0.0006029373949015556 192.836291644676 -0.0017861526438278685 0.9999959556976714 -0.002213198371961071 0.48226269219076773 0.0005989847906927385 0.0022142713827217717 0.9999973691062712 2.4944261147018905
0.9999977552029203 0.0021132192820361405 0.00015457485581660355 194.19996385605393 -0.0021123620507045144 0.9999834562892684 -0.005350240586702776 0.47842013877417794 -0.00016587853014625518 0.005349902058438911 0.9999856754135422 2.514325290730046
0.9999958648234779 0.002378956671688309 0.0016158283011358738 195.66291110795615 -0.002361900206722237 0.9999423253301866 -0.010476995784709042 0.4723849427893467 -0.0016406594277934144 0.01047313603528357 0.999943809250414 2.52773515650969
0.9999944713559229 0.002637637243165282 0.002024877122612109 197.06136188915136 -0.0026079990749362895 0.9998914289057675 -0.014502714973672013 0.46535867248819973 -0.0020629101806287887 0.01449735391566014 0.9998927798174316 2.5478493267774542
0.9999927479850742 0.0029435195249207574 -0.002416540929980835 198.4855455830181 -0.002972997495363547 0.9999200944246984 -0.012286824308770853 0.47386673765446685 0.0023801813276354477 0.012293919574669854 0.9999215940654242 2.568688456212778
0.9999672808609008 0.0031778908273864433 -0.007438966161055674 199.92434331390166 -0.00321005424858356 0.9999855350305614 -0.0043157017230984465 0.48948269386066745 0.0074251437277179306 0.004339440001983825 0.9999630175666958 2.589599505073653
0.9999563766194299 0.004548740256280381 -0.008158052477267853 201.34729940253413 -0.004513296025751971 0.9999803194441461 0.004357853068603364 0.5048589069881497 0.008177714663944525 -0.004320843258496955 0.9999572267334291 2.609683426742183
0.9999747493978417 0.005977891295542248 -0.003842574967682815 202.8110062805697 -0.005933515518205114 0.9999167511674569 0.011457928622277553 0.5192694423590803 0.003910749329578854 -0.011434839324479742 0.99992697257815 2.6353292392062264
0.9999739096487917 0.006931007485219371 -0.002034983280034745 204.24718714803365 -0.0069051349099820795 0.999898566538999 0.012456955692702807 0.5108814744372533 0.002121116117786741 -0.012442578852265603 0.9999203383759728 2.653926096228846
0.9999781574433745 0.006449926529082479 -0.0014432892722179911 205.70383028880588 -0.006432464452760141 0.9999097710447783 0.011792928823794482 0.5037735249615913 0.0015192225702110496 -0.011783387329140273 0.999929419382105 2.6830038663278617
0.9999861296283564 0.005073002164106012 -0.0014160508263347793 207.14770027467384 -0.0050611571134850765 0.9999531870877367 0.008246715816021943 0.49845594939373244 0.0014578201440531326 -0.008239434575295976 0.9999649926263953 2.7022507861075553
0.9999908128773911 0.003861138684972059 -0.001861657559817557 208.57975292818907 -0.0038485907349397647 0.9999701666802249 0.006697320275908056 0.4915006339068861 0.0018874613027952199 -0.006690093988769187 0.9999758397742677 2.728729855911026
0.9999906439438137 0.003447649462057017 -0.00261261134187273 210.06178108103003 -0.0034295820951754734 0.9999703917683799 0.006888653950190233 0.49776248893560876 0.002636283651156656 -0.006879629334477087 0.9999728599860752 2.7450293455551575
0.9999909943210804 0.0033529892211143116 -0.0026016802301399387 211.5404228780622 -0.0033309000607122485 0.9999587612139345 0.008448726311062003 0.5022220266668487 0.0026299014282586525 -0.008439984287709042 0.9999609243783983 2.7726675183322493
0.9999933941501797 0.00314362151164696 -0.0018246368939595127 212.9703840955169 -0.0031263312768178334 0.999950906224633 0.009402722652652445 0.5050917177569725 0.001854105916844643 -0.009396956120288277 0.9999541287013732 2.7914049176822466
0.9999939172962122 0.0027727441257901736 -0.0021159538249105737 214.41342644070227 -0.0027529403637075434 0.9999529136468801 0.00930547196379479 0.5162764943652217 0.002141655885086906 -0.00929959026667289 0.9999544644287268 2.817364216862604
0.9999927674069334 0.0025348747202585033 -0.002835408960884324 215.8895322544099 -0.0025093591090103026 0.9999566509833069 0.00896656406383155 0.5140129622494621 0.0028580151652669323 -0.008959384153018706 0.9999557796147356 2.839162954611583
0.9999913971954802 0.0022550357829542976 -0.003481429110142531 217.35663504058354 -0.0022259271217946386 0.9999627234487001 0.008342479338126584 0.5176127344457435 0.0035001119238977415 -0.008334658161928755 0.999959140510173 2.86274347052959
0.9999923794198019 0.001671331440228985 -0.0035281374037607195 218.83402935855673 -0.0016388139412798692 0.9999563410025596 0.009199477030718082 0.5160897803136968 0.0035433587440139424 -0.009193624964601554 0.999951459756333 2.8882903257921146
0.9999908754360987 0.0015275304635057696 -0.0039894479853778975 220.3095823992392 -0.001487173514772491 0.9999478941274814 0.010099373493054932 0.5224439347914459 0.004004667212382716 -0.010093348339293715 0.9999410417418718 2.9161712886739086
0.9999904907100089 0.0014425861506618194 -0.004115511481430917 221.80520502491814 -0.001403525742522349 0.9999540961119621 0.009478174106820489 0.5286987705954114 0.0041289956461527146 -0.009472307749806485 0.9999466119652825 2.9393402747254416
0.9999895190623823 0.0009625973822798322 -0.0044760665393572124 223.27528485742945 -0.0009160118495696868 0.99994551849795 0.010398122818930496 0.5316221440316209 0.0044858318823349985 -0.010393913706864375 0.9999359198819581 2.962701111843997
0.9999893352271294 0.0005965525310472977 -0.004579689627205693 224.77358900739065 -0.000551166158050572 0.9999507900725653 0.009905233420704465 0.5376443120285782 0.004585373253079201 -0.009902603613702914 0.999940454624074 2.9863713831473775
