1.0 -2.1684043449710093e-19 -2.5135375298442207e-37 0.0 2.1684043449710093e-19 1.0 2.3183291766350204e-18 -8.673617379884035e-19 -2.51353752984422e-37 -2.3183291766350204e-18 1.0 0.0
0.9999996051917989 -0.0005752605321510217 0.000677267721610383 1.3273296131564947 0.0005753941083097035 0.9999998150465057 -0.00019704967556571635 -0.005147294397329037 -0.0006771542414461252 0.00019743929362565135 0.9999997512398984 0.014190926913472833
0.9999991949433092 -0.0005967494779263065 0.0011198226618697432 2.628292109638085 0.0005974884623972986 0.9999996039058764 -0.0006596935863360372 0.0026109771196390695 -0.0011194285465113297 0.0006603621363656997 0.9999991554004325 0.02238872817330788
0.9999988872748349 -0.001117982926636402 0.0009877060635002097 3.952068913162743 0.0011192782555432775 0.999998513100449 -0.0013118738802854152 0.0010290909243763538 -0.0009862379422804482 0.0013129779384500793 0.9999986517109183 0.04942137746404745
0.9999992821443365 -0.0005474306212199864 0.0010658473279201277 5.267740877157508 0.0005495005897131223 0.9999979618565761 -0.0019427639577488751 0.012071868060146682 -0.0010647816270901312 0.0019433482468600017 0.999997544815825 0.054373423007450884
0.9999984227272785 -0.0009066756234279397 0.0015272466301206708 6.589238739993435 0.0009101348451881187 0.9999970188182309 -0.002265835213452324 0.00541542470836749 -0.001525187699566118 0.002267221639987519 0.9999962667472896 0.06502565319406606
0.9999967102503768 -0.0006760305557410519 0.002474362768808948 7.92429047642065 0.0006848693568307137 0.9999933821118684 -0.003573050017964958 0.011495240015391416 -0.002471930902763611 0.0035747328787630477 0.9999905553766284 0.09339318125345765
0.9999957501914396 -0.0004940095026026021 0.0028732479306749947 9.23996116783227 0.0005043316540459898 0.9999934183791634 -0.00359288852292595 0.028083378439690235 -0.002871454098974428 0.0035943223237189107 0.9999894177432033 0.10374599477524664
0.9999967710920995 -0.001050772799946953 0.0023138024760362193 10.571777577076865 0.0010581512604536342 0.9999943521629684 -0.003189977754666479 0.023908076781415367 -0.002310437466199872 0.003192415807528563 0.9999922351498669 0.11967969255779266
0.9999995872641368 -0.0009084353337945112 -1.4724136773324488e-05 11.892859175313017 0.0009084254017602859 0.9999993688767297 -0.0006610668889360453 0.042682065634874936 1.5324664000490253e-05 0.0006610532403101685 0.9999997813868602 0.1271993531067222
0.9999992906587156 -0.0009340600094961055 -0.0007390628960228111 13.230849534657908 0.0009355724504711779 0.9999974636847216 0.0020487382247571183 0.04035277485823076 0.0007371473770806247 -0.002049428218387199 0.9999976282260484 0.14481480017451084
0.9999991896364415 -0.0008459131283530116 -0.0009513976243252512 14.574171827160557 0.0008512485217748833 0.9999838363655619 0.005621599733819728 0.061377998543807676 0.0009466268612646625 -0.00562240505410149 0.9999837460974019 0.1549380411168311
0.9999999293105859 -0.00037171485137333624 -5.662943170367469e-05 15.921770607886469 0.0003720394751606011 0.9999828514374879 0.00584452030367648 0.0822047887778605 5.4455965594295534e-05 -0.005844540958914815 0.9999829190418842 0.17537175394421564
0.999996148488617 -0.00018508848474990718 0.0027692508345590087 17.262346958526642 0.00017302936659434722 0.9999905052124629 0.0043542560514266086 0.06977136311204529 -0.0027700304637654693 -0.004353760119242017 0.9999866857633924 0.1946373662054837
0.9999880058659151 3.3493204616775684e-05 0.004897652755760834 18.625350982180233 -3.2080242140008535e-05 0.9999999578473273 -0.0002885761629389344 0.08272045692148237 -0.0048976622146521525 0.0002884155838314199 0.9999879647882179 0.21386057489504123
0.9999952505385321 -0.00041745087047396145 0.0030536265569117843 19.96923295374088 0.00042400381721975053 0.9999976082584805 -0.0021456230054543546 0.06946755974954608 -0.0030527235612350274 0.0021469075642170598 0.9999930358091348 0.2405307658286703
0.9999996650855553 -0.00023991402765837465 0.0007824768601180302 21.320607676147944 0.00024228380100273385 0.9999953805929708 -0.00302986654481092 0.07564887327222997 -0.0007817463380528893 0.0030300551115327147 0.9999951038073557 0.232698429387562
0.9999999706865939 0.00012172672319093439 -0.00020930699043835417 22.674153877100295 -0.00012194856860182614 0.9999994305324158 -0.001060218558023658 0.08300820128790534 0.0002091778143138735 0.001060244051632923 0.999999416063426 0.2774862152831683
0.9999989057804155 0.0008355559358435952 0.0012207719893270383 24.0385697605868 -0.0008373135802470121 0.9999986126806657 0.0014399801083024163 0.09166573507600927 -0.001219567111799466 -0.0014410007016130292 0.9999982180849314 0.2616978056520765
0.9999831678158304 0.0016076802776800892 0.00557489454084553 25.432491521874326 -0.00161597238599775 0.9999975943481578 0.0014832164862107707 0.10222919147398302 -0.005572496591697796 -0.0014922003960705674 0.9999833601714148 0.27169952356658084
0.9999762652642263 0.0017951986629478178 0.0066517794589390925 26.79976433309807 -0.0017960073475130245 0.9999983804954922 0.00011560277102388476 0.09707462893512031 -0.0066515611564122975 -0.00012754667200495063 0.9999778699881459 0.29142213952636664
0.9999811532541326 0.001947838418077232 0.005822290102016918 28.165043101318116 -0.0019220897062679429 0.9999883634411604 -0.0044247659181791 0.09671422981300848 -0.005830841079641994 0.004413491561868325 0.9999732608347771 0.3066735456359567
0.9999915532666508 0.001825878353275765 0.0036823312711105104 29.530970416665557 -0.0018112282190842137 0.999990447786207 -0.0039779126033232535 0.10453443717475076 -0.0036895592812085823 0.003971209460645954 0.9999853082159408 0.3114252775801413
0.9999955503345987 0.0023865447613351013 0.0017898924841747794 30.92038681388524 -0.002379134740388249 0.9999886384908522 -0.004130690874241056 0.10467202546368529 -0.001799730226961562 0.0041264140986581295 0.9999898667875572 0.34744558394599073
0.999995740522659 0.0029037678101099494 0.0002950746413620564 32.299554811269346 -0.0029034520020065993 0.999995217735809 -0.0010651159486142975 0.11117627997870215 -0.0002981660796427862 0.001064254676718845 0.9999993892292995 0.33545008740977217
0.9999931257546504 0.003490006904573635 -0.001252315954598631 33.684081110647405 -0.00349033336056094 0.9999938753330924 -0.00025859105926015935 0.11742672288159423 0.001251405799998267 0.0002629602817960711 0.9999991824173727 0.3690247898987115
0.9999927591571498 0.0036909133233991778 -0.000926710369970925 35.0815408862156 -0.0036910619607942565 0.9999931754093535 -0.000158733486514817 0.12758866368668798 0.0009261181740117547 0.00016215288254585935 0.9999995580056876 0.36137969887621835
0.9999947695244922 0.0031780369830566456 0.0006008365768864716 36.477543611311106 -0.0031780337017581293 0.9999949500175622 -6.415879381531268e-06 0.12186044867385323 -0.0006008539325742638 4.506366932837105e-06 0.9999998194771059 0.3979461344147476
0.9999936692241076 0.0030362344228667226 0.0018554762826713598 37.87856638037952 -0.003038115157129118 0.9999948732112164 0.001011636088434284 0.13464177253228005 -0.001852395205721247 -0.0010172668346110007 0.9999977668976011 0.4014803147572965
0.9999937641951767 0.0025738187880391303 0.0024180627799064267 39.26495605159578 -0.0025819646566714685 0.9999909825149831 0.0033716979744223626 0.1306324121014468 -0.0024093628354673767 -0.0033779203018072016 0.9999913922755344 0.41641073966905046
0.9999918498792254 0.003007636489772327 0.0026933803797450652 40.664383956939666 -0.003022739638820507 0.9999796329122825 0.0056211036009314866 0.13786177556101137 -0.002676419287127663 -0.0056291991758945295 0.9999805742595391 0.43546624427881725
0.9999907826257541 0.002966276559905281 0.00310416927726601 42.08734570526513 -0.0029935854542717283 0.9999565326253685 0.00883013623780521 0.14870460732527563 -0.003077841721034144 -0.008839347443130884 0.9999561954541408 0.4550860548968621
0.9999906747766661 0.002768635603336393 0.0033143651886940514 43.47285443797351 -0.002800195586943475 0.999950422366068 0.009555716330935632 0.15637977060907282 -0.003287744573860797 -0.00956490809252163 0.9999488503262548 0.4615545576270674
0.9999915214118782 0.0024147624327288085 0.003335569928920269 44.90693900312506 -0.002444950038163856 0.9999558234666275 0.009075975677023564 0.16501087291724226 -0.00331350624989875 -0.009084054027389007 0.9999532492265624 0.48373803271964927
0.9999951068569493 0.0014806139230115077 0.002755729407915006 46.31159317735481 -0.001504027588821364 0.9999626261237023 0.008513768660278708 0.1536508578635636 -0.002743020811209297 -0.008517871694247583 0.9999599600477159 0.5022272243097892
0.9999943206222464 0.000665839573729365 0.0033038433549389215 47.743594912914254 -0.000693428645390447 0.9999648434774079 0.008356492441024524 0.16284326704831437 -0.0032981631199305683 -0.008358735960969452 0.9999596260115552 0.5215912847450495
0.9999910463269672 -0.000320743903598608 0.004219524765379736 49.136333977535536 0.0002852216856384521 0.9999645404220172 0.00841644504371402 0.17089881613326038 -0.004222074666250012 -0.008415166185650825 0.9999556785495947 0.5294156934307322
0.9999899826895622 -0.001353139145549043 0.004266560087670878 50.56770575967371 0.0013132268407800316 0.9999554848719987 0.009343645416569192 0.17719199658546808 -0.0042790134135777405 -0.009337948857147504 0.9999472449861281 0.5486074151325943
0.9999868553495609 -0.002478405752170152 0.004488500086227753 52.015755310056434 0.002438090710107911 0.9999568398781641 0.008965160041237966 0.18663507446117822 -0.0045105256662325 -0.008954098826980544 0.99994973837309 0.5502325264393562
0.999977326500934 -0.003529519151273069 0.0057348913333410195 53.42202991115345 0.00347233461112184 0.9999444598546634 0.009950884298083997 0.200440608310747 -0.005769694653345066 -0.009930745215050375 0.9999340432863963 0.5742838114862414
0.9999708911979547 -0.004245285465863471 0.006339898112870209 54.877505977836854 0.0041966486993937095 0.9999618154119024 0.00766523697131373 0.2134712619244945 -0.006372197145578905 -0.007638407520278436 0.9999505236930936 0.574462354803136
0.9999649472331092 -0.004588847390423437 0.00700334096787768 56.26833029878677 0.004547466697547217 0.9999721766983591 0.005913237335027742 0.22352385276518877 -0.007030281055523233 -0.005881182599874876 0.9999579925374402 0.583422109777147
0.9999625174783201 -0.0051278888083090895 0.006976273703775582 57.70460399899163 0.0050962535818345365 0.999976685622033 0.0045449325411231305 0.23371773202225854 -0.006999416965005795 -0.0045092093257399 0.9999653369959414 0.6045990393395215
0.9999626193550168 -0.004852292829252877 0.007156475875225739 59.14833243317172 0.0048294933690581545 0.9999832188219859 0.00319969814491021 0.2559625182336823 -0.007171881653494444 -0.003165016385344575 0.9999692729203377 0.6116024614153651
0.999957843937227 -0.0048438539654905395 0.007800476086334465 60.55658890466846 0.0048188790225316466 0.9999832134263514 0.0032173390362793077 0.24656716639314988 -0.007815929463517356 -0.003179613855354735 0.9999644000174966 0.6349841389109745
0.9999528308455152 -0.00424653001513929 0.008735162669968651 62.017688970169644 0.00423363324561899 0.9999899215355343 0.0014943817776757711 0.2619765574958988 -0.008741420570015057 -0.0014573298138653716 0.9999607311070929 0.6399354596673648
0.9999556026229944 -0.0038953532729545932 0.008580151849652537 63.41842457742282 0.003902530015958594 0.9999920490196559 -0.0008198517821333769 0.26883278828086926 -0.008576890016710961 0.0008532996829994685 0.9999628537287235 0.6520832573993744
0.9999657727113984 -0.0033144002205784525 0.007580775479700086 64.82983921197967 0.003327110585617149 0.9999930795948997 -0.0016646613648506892 0.28128695643616375 -0.0075752056636679424 0.001689826466351428 0.9999698799192238 0.6636850734550722
0.9999684192792572 -0.0024851092413562576 0.0075488195237564506 66.2785343237272 0.0024991386187612342 0.999995166590215 -0.001849622224182611 0.2936107880695053 -0.007544186523935965 0.0018684293581775482 0.9999697966545918 0.6739210155237481
0.9999704742548599 -0.0019462594794500986 0.007433888117893184 67.65234232738537 0.0019488177373682529 0.9999980442998652 -0.00033690632445946525 0.30348916128371684 -0.007433217872309524 0.0003513836700709545 0.9999723115174636 0.6815701464238
0.9999584115363448 -0.001321414981321453 0.009023805192784184 69.12407729363014 0.0012971537324872329 0.9999955301195635 0.0026939066589718 0.32145887539843643 -0.009027324626071339 -0.002682089360945565 0.999955655920179 0.6965749570016266
0.9999482698323546 -0.00045597497916647484 0.010161188222780202 70.47321812786335 0.0003933509671586735 0.999980923735076 0.006164206433983058 0.3367530184415538 -0.010163805109162035 -0.006159890645335916 0.9999293739124481 0.7085966046236707
0.9999378668915724 0.0004117281681122527 0.011139696416308393 71.93768556642827 -0.0005200181108069764 0.9999526250889749 0.009719936153724521 0.3545075201770305 -0.011135166702675083 -0.009725125067762946 0.9998907090302019 0.7149469376429793
0.9999404467196638 0.0008181201336150616 0.010882724545177648 73.2898539685489 -0.0009660107782559183 0.9999071690230935 0.013591179470488693 0.357440581206625 -0.010870595073662332 -0.01360088290037502 0.9998484115840135 0.7138032536175877
0.999944437512033 0.0015091444474776413 0.010432850606636193 74.69244247661011 -0.0016899806301444605 0.9998481131435544 0.01734631398146625 0.3741249673512693 -0.010405087900324453 -0.01736298149254679 0.9997951095196834 0.7224906698739795
0.9999418471886986 0.0021904591023947577 0.010559551589632279 76.14040582285102 -0.0023971218981700317 0.9998050590928766 0.0195984085806723 0.3805537017036724 -0.010514563588598593 -0.019622581410466664 0.9997521684154184 0.7359261057427461
0.9999364041922628 0.0026080765486110606 0.010972032982280389 77.49958556934841 -0.0028205976060239548 0.9998078494982826 0.01939866775746182 0.3863633819382185 -0.010919331490185449 -0.0194283817734798 0.9997516222449812 0.7374168393580818
0.9999339705893435 0.002578782056871732 0.011198408124960448 78.92489158648557 -0.002787120850107283 0.9998225851937593 0.01862874375353086 0.3812303868074889 -0.011148381891419088 -0.01865872502533263 0.9997637548749365 0.7561815842032121
0.9999461424152114 0.002523007587755138 0.010067109895589567 80.27730979263515 -0.002699996158575675 0.9998413535113553 0.01760618724553409 0.3898767935171855 -0.01002109223994191 -0.01763242017685776 0.9997943165816784 0.7526762406960228
0.9999456692634032 0.002137194784264745 0.01020249576420264 81.67336823023574 -0.0023138090336583747 0.9998471368436638 0.017330586639918488 0.38786920832478466 -0.010163897339122534 -0.017353251683245762 0.9997977594728334 0.7730323091578851
0.9999404001567498 0.0019314001739593602 0.010745502674479837 83.07408502508041 -0.002107753558982711 0.999862882473749 0.016424786945969674 0.4012337843192221 -0.0107123064413701 -0.016446456902747465 0.9998073617182723 0.7718455967025777
0.9999485086598449 0.0017366793187135199 0.009998198532547258 84.43763138286172 -0.0019031450513711141 0.9998593312553159 0.01666420536916697 0.41648632433280225 -0.009967851717683156 -0.016682375328959734 0.9998111523110342 0.7771894912848302
0.9999455774244973 0.0007761409507678025 0.010403835562574076 85.84102375417433 -0.0009473373030986915 0.9998640712345278 0.016460303956773125 0.4093818036112573 -0.010389645866086941 -0.016469264086161974 0.9998103913238937 0.7795572433614285
0.9999359455797532 -0.00022604278970167566 0.011316078922577027 87.18205850620514 4.049702889977089e-05 0.9998656053756408 0.01639419247153442 0.42202581255273014 -0.011318263891402182 -0.016392684083465083 0.9998015687180253 0.7936853553826629
0.9999203855763388 -0.0014262324878371088 0.012537478604424777 88.56792914355876 0.0012416949304476833 0.9998909670348987 0.014714354750204337 0.4245046618781804 -0.012557097696739945 -0.014697615551707644 0.999813132237484 0.7987910181906265
0.9999102991091098 -0.0024539909819242655 0.013167067395258266 89.9549413531409 0.0022856833097554883 0.9999156902877008 0.012782330314865312 0.4247266501028407 -0.013197325006915004 -0.01275108798226465 0.9998316060056965 0.8077110445655706
0.9999032626646578 -0.0032737064876378658 0.013518437720579164 91.32543978407955 0.0031136315573386543 0.9999249937131187 0.011845347033523076 0.4334893017223081 -0.013556201942193273 -0.011802109711922137 0.9998384567495143 0.8163857773700868
0.9999093004431595 -0.0036047360481525786 0.012976777924223942 92.70325162115776 0.0034598089835552273 0.9999315904840942 0.011173364477496952 0.44502437767237857 -0.013016167218839312 -0.011127453885450594 0.9998533688301292 0.8209241069312903
0.9999110742078345 -0.0037361112325490576 0.012801763526659843 94.03550449520947 0.0036126287724496274 0.9999468603995488 0.009655324460514524 0.45782365475911485 -0.012837156612231799 -0.009608217833883749 0.9998714365158001 0.8290628633865194
0.9999140794797579 -0.003974390169006817 0.012491512355708438 95.41318319976774 0.003862371774247236 0.999952229325381 0.008978928192066655 0.4747515332392615 -0.012526601391670961 -0.008929909853144827 0.9998816634820287 0.8267595202500758
0.9999200159420019 -0.003955521049688957 0.012013141627909441 96.75665188151562 0.0038502425276105813 0.9999540940606787 0.008774132650350066 0.4787625867745548 -0.012047296419750034 -0.008727177350829292 0.9998893433897882 0.8281549181828742
0.9999284893202833 -0.003643440341016711 0.011390416504131156 98.09607679021772 0.0035315513790748986 0.9999454696795991 0.009827808102682368 0.4947451132847263 -0.011425602413574768 -0.009786879468331417 0.9998868298961434 0.8361881682755103
0.9999265577153531 -0.0034033967303893375 0.011631683722507006 99.4724677794822 0.0032722238638119754 0.9999310507513396 0.011277690113987176 0.5114214694456767 -0.01166926418031397 -0.011238800381606563 0.9998687502064821 0.8378821764438359
0.9999101088628621 -0.0032777379367796267 0.01300117794190553 100.81454583328355 0.003125175459838284 0.9999262292165962 0.011737521161826973 0.519920494987523 -0.013038691353219459 -0.01169583510044952 0.9998465882169617 0.8421397446361546
0.9998920653182678 -0.0031598827021302495 0.014348270100535496 102.14677692244933 0.0029896203901463797 0.9999250515295697 0.011872383649061562 0.5371017089619871 -0.01438471005936386 -0.011828206326255107 0.9998265717871333 0.8400688064456664
0.9999015222025364 -0.0031365911502511993 0.01367873141072716 103.48084569351965 0.002981078920920942 0.9999308643872714 0.011374515998127327 0.5438228319054361 -0.013713462929467846 -0.011332618482971157 0.9998417438238921 0.8492676609009661
0.999932577846448 -0.0028555395714915076 0.011255472229663555 104.81672723510897 0.0027263493778208205 0.9999304241192668 0.011476669365855728 0.5536862635402523 -0.011287461203793234 -0.011445209234381056 0.9998707918552048 0.8526150700590742
0.9999451484785871 -0.002980361327505906 0.010040790830106066 106.1536049573592 0.002875680988116947 0.9999415350602278 0.010423863019526485 0.5641584703448499 -0.010071270674101533 -0.01039441714348507 0.999895257314113 0.8539367887386875
0.999933314743418 -0.002733172977819197 0.011220331176654384 107.4774326202835 0.0026296121329352725 0.9999539067452103 0.009234149934972171 0.571777960602342 -0.01124505252414603 -0.009204029034316757 0.9998944117471927 0.8610463632883506
0.9999101264680972 -0.0021309157472803237 0.013236245110753409 108.81490861670373 0.0020520949190217658 0.9999800997445792 0.005965653465039587 0.5763336553793407 -0.013248694011006359 -0.005937955279353872 0.9998946008425603 0.8547600469570578
0.99989643611816 -0.0012926894378171756 0.014333387325389831 110.16187223839204 0.0012254976726712766 0.9999882248073837 0.00469557259892945 0.5889355680271916 -0.014339288464096371 -0.0046775207743948825 0.999886246332926 0.8682856056241622
0.9999122288161272 -0.0006131667659785424 0.013234753132642428 111.47093979272202 0.0005578980249740718 0.9999911109808863 0.004179319203701439 0.595852466802162 -0.013237198108308992 -0.004171568737273428 0.999903682661741 0.871654253534353
0.99994089975156 0.00015106548878279948 0.01087079496904135 112.82108518157827 -0.000211523606039542 0.9999845174687414 0.0055605827547456224 0.6064137446890545 -0.010869786649466676 -0.005562553552675714 0.9999254500892397 0.8707778173719556
0.999957771068934 0.0011625056970486422 0.009116175697826918 114.17554851866534 -0.001241441277271289 0.9999617484128448 0.008657975206788729 0.6076762120434026 -0.009105762044134895 -0.00866892678655269 0.9999209642796599 0.8816995344407285
0.999956469317363 0.002624326394401771 0.008953903133792478 115.46504974863906 -0.0027218694494630944 0.9999368976974253 0.010899176572060888 0.6193094438667274 -0.008924735125132399 -0.010923073478857848 0.999900512835513 0.8842294166549935
0.9999327222747106 0.004051849033448822 0.010868920999648897 116.83998436858293 -0.004181471673591546 0.9999200932530022 0.01192989537047328 0.6271214796975787 -0.010819714364502441 -0.01197454083953235 0.999869763595616 0.8893592463579081
0.9999005584826407 0.004869795728909201 0.013234735949833511 118.13324680149452 -0.0050318487968526926 0.9999124406353405 0.01223893624308329 0.6297469669658591 -0.01317397600531935 -0.012304314374858247 0.9998375119007967 0.8878747701863833
0.9998849114555228 0.005719743681996209 0.014051632495675386 119.5005073858512 -0.00588481931125855 0.9999138295343586 0.011734666915069965 0.6279131028614213 -0.013983302373012409 -0.011816007707600044 0.9998324105651901 0.8960763379242712
0.9998850344625728 0.006802469999554436 0.013551540860166009 120.8275070209189 -0.006965944758663195 0.9999030989447993 0.012052731400229631 0.6251445257965417 -0.013468239357794315 -0.012145745036513424 0.9998355301778934 0.894071292259015
0.9998771097723536 0.008186080095904732 0.013369870827660453 122.13652372796871 -0.008366552410660318 0.9998738843256497 0.013498749730881518 0.6214358969452167 -0.013257682830893475 -0.013608950591457525 0.9998194988645474 0.8945190634666047
0.9998717311275316 0.00923873821611036 0.013083080990626364 123.48355978010908 -0.009435595528070466 0.9998419833358224 0.015065785612425006 0.6230959940655689 -0.012941824796517827 -0.01518729980158019 0.9998009077289705 0.8915471954823978
0.9998662266481254 0.010422448519102684 0.012605608882808851 124.83032293426204 -0.010628555931342378 0.9998090923896998 0.016395504679610238 0.6240268463587115 -0.01243232107267271 -0.01652729081705313 0.9997861201532029 0.8946869171000761
0.9998644697013849 0.011582420359899826 0.01169999005876448 126.13973228689787 -0.011784716444280037 0.999779644358553 0.017371907915176565 0.6156196320843292 -0.01149620316002311 -0.01750743456055274 0.9997806394644835 0.8944480777225665
0.9998544609065063 0.012358995946994526 0.011760621775297311 127.47457001883761 -0.01256170451564341 0.9997710610607936 0.01732134651337813 0.6047211990648825 -0.01154385485966834 -0.01746655903597001 0.9997808053420619 0.9053135544374062
0.9998311568082463 0.013377450309439494 0.01259768624400584 128.82099874963384 -0.013583579896895738 0.9997728826812409 0.016421614184553585 0.598967805791167 -0.012375145763528883 -0.016589963184412398 0.9997857915017953 0.9033608096446405
0.9998077441504711 0.01423726712871854 0.013482394499921663 130.18255312663962 -0.014452865941629388 0.9997670328667582 0.016031052955804398 0.5874080661370228 -0.01325101516183936 -0.01622283013237907 0.99978059111971 0.912453241789099
0.9997959500414425 0.014583901292775096 0.013977414060266572 131.50792911714157 -0.014794089863553133 0.9997772282434348 0.015054195129069206 0.5688348914589899 -0.013754751391379605 -0.015257906440844677 0.9997889792877315 0.9065310669653925
0.9997917239654686 0.014574566329126156 0.014286031865927975 132.87025821156394 -0.014768838939399388 0.9997985907341278 0.013588942653282088 0.5538681772637928 -0.014085101580694679 -0.013797100505903803 0.999805606071046 0.9166449047869916
0.9997828045157932 0.014469037571555324 0.014999691539774271 134.19567503597057 -0.014640178749501376 0.9998282552509232 0.011363325572984175 0.5418238854966304 -0.014832699036861217 -0.011580455675313827 0.9998229263652809 0.9050679481054306
0.9997874835642131 0.013947108722433705 0.015181102286160594 135.5269791607412 -0.014093863144281467 0.9998545598599526 0.00960323637794221 0.5201169502600091 -0.015044956962667631 -0.009815155910375635 0.9998386429741783 0.9140812316358451
0.9998071877311583 0.012837818352279902 0.014858592836008683 136.8630836044424 -0.012985793603891429 0.9998666148787371 0.00990563553804588 0.5117765573105586 -0.014729444171100132 -0.010096676229796138 0.99984053758763 0.9160464240558507
0.9998009025114514 0.011783343169631097 0.016103048190768084 138.2024601358668 -0.011894369907217503 0.9999060254400963 0.006816469254653098 0.4989640910588551 -0.016021214117468433 -0.007006647724558472 0.9998471021040498 0.9097484688409624
0.9998089494837593 0.01075895492097947 0.016318989588504983 139.5464990491149 -0.010860942728250781 0.9999219581469004 0.006173940291415853 0.47877844475040776 -0.016251290879036623 -0.006350000368239613 0.9998477749338087 0.911540181884232
0.9998198624625245 0.009406385087624024 0.01648522201858286 140.9059557577394 -0.009492294684972041 0.9999417323934852 0.005140832571618126 0.4739663706132314 -0.01643590481331333 -0.005296389100045679 0.9998508935313649 0.9104337055257755
0.9998361625860676 0.008310550006508372 0.016080508193342617 142.23211140697768 -0.008397866965903849 0.9999503176857258 0.005370101548295601 0.4719469146484071 -0.016035080779023728 -0.005504263693297191 0.9998562793049834 0.9087403129588602
0.9998515244968281 0.00732677056102321 0.015596390432240235 143.58098172258815 -0.007405320614310331 0.9999601564768665 0.00498464495825885 0.4607063904395245 -0.015559247667159925 -0.005099401132167241 0.9998659439745536 0.8982580631215242
0.9998873479807351 0.00657397635001518 0.013493486688092294 144.93215707485928 -0.006624525991673179 0.9999711940714333 0.003704953810464745 0.4488020082242382 -0.013468741716950746 -0.0037939243932202764 0.9999020947744136 0.900865842457589
0.999905820251061 0.005486881392123756 0.012579537377887454 146.24350109976442 -0.00550137873326489 0.9999842421733256 0.0011181400059991488 0.45902500590860495 -0.012573204050125101 -0.0011872394992591259 0.9999202493210572 0.9238568543234856
0.9998686374796858 0.004533861123773297 0.015561230279994506 147.6246540749584 -0.004415475325397713 0.9999611144621195 -0.007633684649404372 0.44431813513711493 -0.015595235239248066 0.007563971641015395 0.9998497762018286 0.9161482042947382
0.9998487659777526 0.0031387760531554412 0.017105357571636812 148.95184056392546 -0.0028703039682145283 0.9998726712545473 -0.015697217378443835 0.429334249295177 -0.017152449617925333 0.015645745849406003 0.9997304657300989 0.9099075605678301
0.9998928663691469 0.002221222030431833 0.014467963117969924 150.23454028078555 -0.001957021723890908 0.9998315453121333 -0.018249686702069338 0.40156828080451296 -0.014506062527909936 0.01821941742874869 0.9997287767082096 0.9146270594358362
0.9999360846821835 0.0022931777924690452 0.011071038166177116 151.64414558548108 -0.002102420077361243 0.9998496635925523 -0.01721133474423461 0.4178299258230231 -0.011108842436686727 0.017186958703386587 0.9997905791065672 0.9173715478871729
0.9999563444401953 0.003253748419758245 0.008759128667990114 152.95871910305965 -0.003141010628477718 0.9999124502288832 -0.012854023864257238 0.4192751855187409 -0.008800185568115912 0.012825950198407342 0.9998790185494818 0.9264053566430079
0.9999495102258097 0.004093497823729084 0.009177160493883174 154.3279790808989 -0.003974076806271352 0.9999076831018281 -0.012993536372826315 0.4231642897399488 -0.009229502299757062 0.012956409591442746 0.999873465863455 0.9325719119426651
0.9999169482083302 0.004745449654918194 0.011982378449708035 155.659896049295 -0.0045479641267557915 0.9998542616631801 -0.016455134647847296 0.42643644372652995 -0.012058719170837886 0.01639927259209014 0.9997928041101363 0.9241469318426787
0.9998712033804635 0.005223054729775804 0.015175518106265641 156.97894173671978 -0.004849223550376329 0.99968642305143 -0.0245670632676346 0.4159442515299767 -0.015299074529601627 0.02449030963314372 0.9995829945795449 0.9176214741958614
0.9998487030372769 0.005217777633007015 0.016593547880052566 158.3038216518492 -0.004754377239401888 0.9996009626187917 -0.027844414676026545 0.40200512440128966 -0.016732212398262298 0.027761309914295415 0.9994745333124311 0.9196839611239939
0.9998456639720922 0.0051844422278304395 0.016785999969988127 159.65820829666995 -0.004709079592606312 0.9995902003109605 -0.028235722262489608 0.3914602219650464 -0.01692550754325115 0.028152317863370347 0.999460341481003 0.9331370748575444
0.9998356354899599 0.006222948686769218 0.017028708525012166 161.02491088613505 -0.005764030436316933 0.9996223901693561 -0.026867322628670233 0.38926967115153066 -0.017189472287339035 0.026764752600120942 0.9994939569906048 0.9197126237388488
0.9998345975994688 0.007387139483063387 0.016619494979271964 162.3651414002564 -0.006969927054010269 0.9996625733022708 -0.02502318236243785 0.39123518849733596 -0.016798736856384642 0.02490320680032615 0.9995487145362602 0.907769928109215
0.9998529995502081 0.008176316827196616 0.015070737659216816 163.71150821363025 -0.007839420037799583 0.9997210449806411 -0.022279490934177033 0.38793997797252056 -0.01524869777792782 0.022158069996198487 0.999638183119333 0.8994316099202411
0.9998565895253139 0.008928520531815915 0.014390340646458246 165.06284403021354 -0.008629405137378086 0.9997481670681815 -0.020715593421054977 0.3928993721081898 -0.014571676285972023 0.02058844250846589 0.999681840529922 0.8883502962877998
0.9998373911504796 0.009209670991664625 0.015503974252683074 166.4124172474003 -0.008909295125315886 0.999773404866521 -0.019332961024466144 0.38767002650542587 -0.01567851133789784 0.019191687831683683 0.9996928845402464 0.8891390379753605
0.9998347673105908 0.009014949894483646 0.015785080151099966 167.73941912252744 -0.008705890455458394 0.9997711783723472 -0.01953966139280918 0.3820065109251324 -0.01595761725177852 0.019399009623380994 0.9996844666579939 0.8718716370903046
0.999876262342629 0.008419277026201943 0.013288181895577693 169.13864516541267 -0.008206515108328032 0.999838545641966 -0.015985485864842927 0.37908253323524943 -0.01342062269459485 0.015874458192781805 0.9997839208866959 0.8782611680093695
0.9999122194015416 0.00766560921381315 0.010807031362235044 170.5327166340328 -0.00753287617640911 0.9998963489564636 -0.012269764465746852 0.38246751181712674 -0.010899966421696763 0.012187279389392817 0.9998663215415802 0.8787461671206833
0.9999283713935816 0.007449414585414377 0.009367940249294403 171.8839077332124 -0.00738336366365072 0.999947779762839 -0.007065669704948109 0.3790674330646612 -0.009420086156188634 0.006995996691233838 0.9999311566338487 0.8804404777563984
0.9999141823074964 0.007820651795091001 0.010510253366635379 173.23367638922778 -0.007774108017982032 0.9999598260947877 -0.004461999664566218 0.38528540850292176 -0.010544726874399257 0.004379908901082471 0.999934810441742 0.875958130893137
0.9998847231620512 0.008473673248969747 0.012599097142963917 174.62811828901644 -0.00847189216597415 0.9999640939167862 -0.0001947313756924752 0.38913660045134557 -0.012600294848782426 8.797073529141265e-05 0.9999206092639922 0.8862698774991048
0.999847584902976 0.008559007859501665 0.015216778507530362 175.98838727550455 -0.008569066400436809 0.9999631072991534 0.0005959376198012433 0.3842112184786789 -0.015211116484701383 -0.0007262403753428684 0.9998840405318039 0.885577924641428
0.999832055682852 0.007816367691029547 0.01657603164574797 177.3980375761336 -0.007772716561433214 0.9999661571693836 -0.0026961812162857954 0.3841378490478568 -0.01659654500966483 0.0025668876122767726 0.9998589729465491 0.8781900510923252
0.9998456286855244 0.006266617490325709 0.016414880556332265 178.77770108698564 -0.006192890823638032 0.9999705248951904 -0.004538440710642821 0.3725206599255502 -0.016442837397943548 0.004436084542416225 0.9998549666087765 0.8701658139198758
0.999908933963119 0.004084697886731608 0.012862310209011817 180.1179089871041 -0.0039852605570593405 0.9999620495714122 -0.007747071397163827 0.3674569172398405 -0.012893466524991112 0.007695106244525617 0.9998872655759019 0.8593268007641202
0.9999585980350484 0.002453986200569579 0.008762429315432823 181.53710055382484 -0.002420801460659627 0.9999898659039139 -0.0037957620789763917 0.3748911442601373 -0.008771655263894647 0.003774392825282107 0.9999544049719126 0.8751595351921856
0.9999669846971981 0.0019452463016657955 0.007889583792535522 182.93037587534621 -0.0019416983508530753 0.999998010323932 -0.0004573354256183625 0.40019441668756983 -0.007890457724864769 0.00044200113471192036 0.9999687721683558 0.8700014783366512
0.9999569124188052 0.0015701026499544577 0.009149212180204558 184.26051660156625 -0.0015942954679461134 0.9999952507428232 0.002637558294879454 0.4103177329362367 -0.00914502749097475 -0.0026520311963864453 0.9999546665738015 0.8635472954832432
0.9999248890921308 0.001891790879276289 0.012109388975454018 185.7035052217645 -0.001954297403445488 0.9999848183176174 0.0051520729750862216 0.41140064132959475 -0.012099458489893111 -0.005175351345639696 0.9999134056720614 0.869016176818305
0.9998855470289826 0.00232339562233542 0.014949738303200288 187.06931612587186 -0.002424584732269883 0.9999742516983462 0.006754060201716132 0.41610713622480605 -0.014933661018923157 -0.006789534086700986 0.9998654349438516 0.8828634676047099
0.9998759890593223 0.0024592341900640433 0.015555020727742853 188.5236643071199 -0.002526695020783342 0.999987482018183 0.004318752042678122 0.41779163040732886 -0.015544205187594456 -0.004357519263595725 0.999869686364655 0.8652159799293524
0.9998650208517963 0.002316838098613974 0.016265679766359 189.941156501316 -0.0023921042228849205 0.9999865156975579 0.0046093665990659515 0.4185243958873618 -0.01625478127886641 -0.004647653631945852 0.9998570804876534 0.8735177921007634
0.9998517064333533 0.002439128711253227 0.01704745709604353 191.30410071887448 -0.0024563570988951097 0.9999964933486486 0.0009897475480162513 0.41397208890489673 -0.01704498319489381 -0.0010314754170782526 0.9998541916731407 0.8677597635424362
0.9998468598748778 0.002899136636671061 0.017258383618067946 192.75115610906315 -0.0028904115165986873 0.9999956820464143 -0.0005304807170157207 0.4187198562522289 -0.01725984703325027 0.0004805156483648003 0.9998509222804669 0.8639464721412713
0.9998319415130646 0.0032626378272012256 0.0180400644296042 194.11896856384993 -0.0032010699657134376 0.9999889574301274 -0.0034406640175168313 0.4128530333715925 -0.018051090861506473 0.0033823382763028534 0.9998313447309473 0.857155894744091
0.9997973768450619 0.0037134818639833057 0.019784218614316427 195.57465212954327 -0.0035448989560923766 0.9999571702661909 -0.008549346444201456 0.41020132076051175 -0.019815119104469012 0.00847748109273928 0.9997677197075318 0.8468792830864268
0.9997858147538365 0.00411222212965199 0.020283348987868294 196.98889156491325 -0.003863196050040824 0.9999168733376753 -0.012301306064249139 0.40200670671227956 -0.02033224860378719 0.012220312752290102 0.9997185922163047 0.8387475211067215
0.9998524769674971 0.004361961197005898 0.016613175388114746 198.40910466041566 -0.004195064079674101 0.999940519616311 -0.010067704148864725 0.40940343513315297 -0.016656102164908655 0.009996525595298338 0.9998113040652694 0.8327589003739854
0.9999254207169443 0.004623970133558728 0.01130362350070417 199.84189510891704 -0.0045850265333393396 0.9999834726135544 -0.0034687218719981695 0.41728654098124307 -0.011319475947688078 0.0034166357635342297 0.9999300955888512 0.8255363584199022
0.9999244640141206 0.005830706859516504 0.010819848593769273 201.29699554975434 -0.005899372191575806 0.9999625938594683 0.006325210635973144 0.43113060643085055 -0.010782563415949185 -0.006388563168863003 0.9999214582090028 0.8207156668131812
0.9998669098970984 0.006925507678224368 0.014771588818631698 202.69734221847028 -0.007101521643982111 0.9999040135164213 0.011896728293625345 0.4477226156865047 -0.014687780062620876 -0.01200004571454407 0.9998201178310432 0.8127747484684594
0.9998231114630667 0.007792591182153014 0.0171178651408396 204.15622502684252 -0.008035858876660798 0.9998670423234997 0.01418882121147916 0.44387294248029996 -0.01700502150620611 -0.01432386812019575 0.9997527974682785 0.8083478892434947
0.999817285238557 0.007393449071891634 0.017627621763114686 205.6128871684368 -0.007635202542155471 0.9998771794771086 0.01368684196745139 0.44139769359417647 -0.01752426376035103 -0.013818931641884285 0.9997509376379371 0.8091405449142279
0.9998226549539023 0.006097870671155058 0.0178178173244615 207.06723013212365 -0.006284543173613998 0.999925756990724 0.010439589246071522 0.4281569821185362 -0.01775283521100207 -0.010549714678870581 0.9997867474427561 0.8019966533351814
0.9998351649597584 0.005156960854466438 0.017408292984613584 208.4865347367855 -0.0052842036125071165 0.9999596022353657 0.007271250887624172 0.42006063404662036 -0.017370092172300424 -0.007362041295368381 0.999822024285268 0.7901481166554863
0.9998469649696923 0.004645806805033287 0.016866034508001653 209.98078762735622 -0.004784523100560229 0.9999549857697481 0.008193581202558666 0.42234198779946375 -0.016827209501132437 -0.008273023229329383 0.999824185598174 0.7818307376639116
0.9998440137433291 0.004394157601108112 0.017106710981547465 211.43241492602255 -0.004552665055236911 0.9999469656772763 0.009237915008427695 0.42272788788683885 -0.017065210884263854 -0.009314355145941814 0.9998109928209886 0.7804053643087637
0.9998317374360263 0.004359275421241976 0.017818348224764583 212.88172813105527 -0.004550309325765701 0.9999324562707669 0.010694745501917595 0.43104237932133277 -0.017770523365873758 -0.010774024972715282 0.9997840411234771 0.7687008392662769
0.9998343942756305 0.003992446286037437 0.01775512309549344 214.31780948895968 -0.00417306572848862 0.9999398058892598 0.010147419404710936 0.4373977995619169 -0.017713541314732423 -0.010219832229664839 0.9997908708741488 0.7670562240019857
0.9998455272073844 0.003763371711643174 0.017168539738365546 215.79854997990566 -0.003945632825072193 0.9999360922119722 0.010594502039276435 0.4324910456645058 -0.017127571485693636 -0.010660606230910306 0.9997964781743293 0.7663912098898659
0.9998531879214335 0.0035606018373379113 0.016760808987113168 217.27430624658757 -0.003724182228726936 0.9999456433793704 0.009738621737402435 0.43406067964277195 -0.016725222571726275 -0.009799612297071686 0.9998120996110985 0.7531689042401343
0.999853847320185 0.0029076854008599777 0.01684723611260308 218.71592235125905 -0.003084715433998659 0.9999402045155497 0.010491516767933454 0.4298384426292131 -0.016815722693819084 -0.010541952333899264 0.9998030299570383 0.7545283238108818
0.9998603589787464 0.002790552989424755 0.016476509245154747 220.2086114879675 -0.0029872128867844444 0.9999244534533916 0.011923252287235946 0.43247038987580055 -0.016441992034467303 -0.01197080615285624 0.9997931589573862 0.7488718322027806
0.9998604355943969 0.0026471592792503295 0.016495510926707795 221.69540872663143 -0.0028176412363357228 0.9999427735264093 0.010320395834238159 0.4385132998660517 -0.016467247215189246 -0.010365433906129484 0.9998106758527293 0.7393019566144987
0.9998663187319189 0.002159636559574508 0.01620742531716003 223.16350871454304 -0.0023589363426105006 0.9999217197120166 0.012287793434738448 0.44189551083972667 -0.016179619427300573 -0.012324383071530968 0.999793143353711 0.736111815224387
0.9998654682061393 0.001779591550713754 0.01630578249672598 224.6571663398397 -0.0019680280309781156 0.9999313867191929 0.01154767160518572 0.44344879480765326 -0.016284113564673745 -0.01157820831323035 0.9998003664420555 0.7258208371376709
