1.0 -2.1684043449710093e-19 -2.5135375298442207e-37 0.0 2.1684043449710093e-19 1.0 2.3183291766350204e-18 -8.673617379884035e-19 -2.51353752984422e-37 -2.3183291766350204e-18 1.0 0.0
0.9999996051914599 -0.0005752610969017927 0.0006772677421528302 1.3273295959154128 0.0005753946731389207 0.999999815046159 -0.00019704978524805178 -0.005147312860110633 -0.0006771542618139539 0.00019743940370223732 0.9999997512398627 0.01419092852461359
0.999998737409892 -0.00024649565620821434 0.0015698466527887536 2.614583356824748 0.0002483545330347052 0.9999992681976501 -0.0011840287962602094 0.007548662772950686 -0.0015695536460161802 0.0011844171798495531 0.9999980668267796 0.02075677226295646
0.9999984549055753 -0.0008503928923874015 0.0015385117453926569 3.9392699408905667 0.0008536762703857138 0.9999973570797631 -0.002134729564649967 0.0034481645182932244 -0.0015366923203798827 0.0021360396572599697 0.9999965379496547 0.0474830282191606
0.9999992136870228 -0.0002444310241669303 0.0012299913863230802 5.2602706678912305 0.00024869562585247537 0.9999939547733918 -0.0034682224780700384 0.005877828070602845 -0.0012291362095740704 0.0034685256444393115 0.9999932292540946 0.05768779976213374
0.999998575683397 -0.0006555043834287883 0.0015552958498352336 6.578910113186187 0.0006609307433783899 0.99999368798374 -0.003491011777516316 -0.0028969132436331567 -0.001552997659259777 0.003492034748052485 0.9999926969191268 0.065555727686413
0.9999961651697269 -0.0003617628390605931 0.002745682699921638 7.916070239958025 0.0003752038954536907 0.9999879421382015 -0.004896406870517696 0.0013876189327418085 -0.002743878254808426 0.004897418284473089 0.9999842430889947 0.08947707071680722
0.9999952982577142 -0.0003917046888099878 0.003041386181009751 9.231259425351215 0.0004068395856454519 0.9999875304431474 -0.004977292413238185 -0.00038246343858084963 -0.0030393986274960126 0.0049785063675856465 0.9999829881204636 0.09255559750822213
0.9999966127242651 -0.0008819913310844726 0.0024488020107870543 10.565464982272289 0.0008931962419465979 0.9999891203809805 -0.004578353431776939 -0.003917871908522211 -0.002444737300716655 0.00458052518438476 0.9999865209334403 0.10575092919304012
0.9999996768391325 -0.0008015169944978031 6.238700308337554e-05 11.894171528424941 0.0008016428022714096 0.9999975910065064 -0.0020433673192720037 0.015964496887629624 -6.074905916109309e-05 0.002043416671027625 0.999997910376747 0.11330488868028285
0.9999995957320116 -0.0006381477977168856 -0.0006334849656045416 13.220973786392655 0.0006386894738625303 0.9999994303202545 0.0008552396871703046 0.00023872610514535394 0.0006329388353980998 -0.0008556439416036585 0.9999994336307775 0.1294054421582394
0.9999995115671302 -0.0006477512011999661 -0.0007465144892295473 14.573940930722166 0.0006508352695032296 0.9999912246633857 0.004138479149877289 0.012388481813306741 0.0007438272334731428 -0.004138962986466827 0.9999911578141296 0.13710835095585053
0.9999999995356585 -1.9254183553628987e-05 2.3621161730781053e-05 15.921113516270573 1.9147917550408613e-05 0.9999899172709893 0.0044905444789459705 0.033079636841716414 -2.370738533266176e-05 -0.004490544024564768 0.99998991717533 0.15247626463534983
0.999996968499919 8.518498001903088e-05 0.0024608402002603644 17.260444849659038 -9.412037746533029e-05 0.9999934029323163 0.0036311476423787664 0.018482957803680932 -0.002460514646691642 -0.003631368249762925 0.9999903794698768 0.17723498451105743
0.9999881663048662 0.0004450059698617753 0.0048445040941210386 18.62168135768704 -0.00043949568148270694 0.9999992554032271 -0.0011384360049688672 0.022123320253238862 -0.00484500709773744 0.0011362933944359635 0.9999876172951067 0.18167040438505838
0.999993972270421 -5.551952675430161e-05 0.003471648082206489 19.959967430898214 6.835947489514923e-05 0.9999931581617816 -0.003698507348670573 0.006939319427991819 -0.003471418990374264 0.0036987223751083495 0.999987134268729 0.20071960775774939
0.9999997829933076 0.00017676830077015964 0.000634638720290076 21.314642645138225 -0.00017379262156207777 0.9999890065984798 -0.004685774035309705 0.0013000326939245621 -0.0006354600397658184 0.004685662722938438 0.9999888203151996 0.18233846483766514
0.999999733470505 0.00042063305660098796 -0.0005967635634782179 22.676988841842117 -0.0004220839360239894 0.999996950668572 -0.002433207493968106 0.005620185005610674 0.0005957382562427965 0.0024334587297602903 0.9999968616823457 0.23306871069119942
0.9999990922440436 0.0011756500689655098 0.0006582993272353922 24.043682258941576 -0.0011753780992494645 0.9999992238036335 -0.00041337447259250397 0.0066211424645953205 -0.0006587847999930582 0.00041260034673738105 0.9999996978817249 0.20214792658778807
0.9999858151857605 0.002007184777443326 0.004933623064159447 25.445090674583977 -0.0020104374053524486 0.9999977649441031 0.0006544067830425412 0.010958243253969754 -0.004932298521902945 -0.0006643162407559824 0.9999876154809233 0.23312168516576803
0.9999783744703409 0.0023392914086687133 0.006146406052329885 26.79907358553337 -0.0023307999984994287 0.9999963199564195 -0.0013883245244130404 -0.0020206424751090676 -0.006149631128920153 0.001373968457942314 0.9999801469267552 0.230951458426519
0.9999825294393898 0.0021567544309610428 0.005503564874188015 28.186241338621812 -0.002130848061327434 0.9999866435941843 -0.004708728042424296 -0.0049466456641680465 -0.005513646936411811 0.004696918517763081 0.9999737689829159 0.27529550267235137
0.9999925803202969 0.00249665860006824 0.0029335985050842365 29.53420269564682 -0.0024826942211935844 0.9999856168416278 -0.004754191758129076 -0.005232249475014544 -0.0029454259044116443 0.004746873255493108 0.9999843957085219 0.2600311776312119
0.9999951560760677 0.0029536964658134855 0.000981581167702565 30.923471049876152 -0.002948150632509409 0.9999799509427881 -0.005604116371676129 -0.010744484442829591 -0.0009981143466466027 0.005601195376622295 0.9999838150580758 0.2925510028224018
0.9999938481889639 0.0034893636703708713 -0.0003576666091613386 32.31027348681554 -0.0034903993509998277 0.9999895951240753 -0.0029371339701482506 -0.006079271768198631 0.0003474141591142004 0.0029383643007555695 0.9999956226497385 0.28882036658699006
0.9999882222804318 0.0040643891833576735 -0.002652553672987072 33.69528158288851 -0.0040692158918243584 0.9999900703236488 -0.0018167928141398146 -0.018483709116394943 0.0026451431809254035 0.001827565230023572 0.999994831598085 0.31003332705050446
0.9999868837193829 0.00447727985028227 -0.0024872382957000835 35.09525488300356 -0.004481092127315474 0.9999887904914385 -0.0015292824514566066 -0.010339172572643855 0.0024803633894758164 0.0015404079369044496 0.9999957374613374 0.31158160957773606
0.9999926307107592 0.0037155735984406124 -0.0009659384089155723 36.492500124281676 -0.003716542299446449 0.9999925906178538 -0.0010030068443259911 -0.027844705635874763 0.000962204506158938 0.0010065894038338394 0.9999990304696601 0.34806335536488653
0.9999930549389233 0.003717761029348636 0.0002613940477387257 37.88696676764915 -0.0037178393162627735 0.999993043915436 0.0002996523975950082 -0.018939178420225383 -0.0002602781934534955 -0.00030062213755852524 0.9999999209407932 0.36387117725880697
0.9999948361608609 0.0031662277103305164 0.0005501397089910581 39.277600974324265 -0.0031673670502265173 0.999992815210964 0.0020826215259006327 -0.0322840904265693 -0.0005435417023678711 -0.0020843532659653645 0.999997680014249 0.3736810816094424
0.9999927253834965 0.00376938204587567 0.0005838998880126838 40.67659674407511 -0.0037723227311742985 0.9999797782709455 0.005119827184829246 -0.0222674573770077 -0.0005645894958788719 -0.005121992598870192 0.9999867231271214 0.40189120613833446
0.9999917742370447 0.0038553148346425767 0.0012601610108836632 42.09325904684791 -0.0038651737406079564 0.9999611897483472 0.007917034105304144 -0.022919684075309872 -0.0012295894446851577 -0.00792183972290649 0.9999678657662965 0.4276172443755534
0.999992727770656 0.0035936878791268906 0.0012766413866462877 43.4851397705558 -0.0036047162989014643 0.9999552733320275 0.008743989700051438 -0.02975651259349692 -0.001245161116930582 -0.008748528041767253 0.9999609556532171 0.4302625992396654
0.9999941339120789 0.0032224385899449386 0.0011610473570272432 44.91545460265619 -0.0032314349301139087 0.9999641100843804 0.007831754046556387 -0.022882485001337393 -0.0011357683406689884 -0.007835459953783586 0.9999686573076124 0.44970430304104003
0.9999964182657365 0.002530665437981658 0.00087131403013019 46.30686420208034 -0.0025372098079317887 0.9999679495540285 0.007593578280532749 -0.03312604521982786 -0.0008520692980217906 -0.007595761788856275 0.999970788763731 0.4717403792539375
0.9999985306384969 0.0014936804756309789 0.0008412131025701777 47.740009270591784 -0.001499486020165399 0.9999747688166174 0.006943577739739401 -0.04264878934236253 -0.0008308203912672483 -0.00694482892440086 0.9999755392451798 0.49423817360556316
0.99999798024076 0.00044189488133483624 0.001960674198936483 49.1473579570596 -0.0004569226944689182 0.9999704745974757 0.007670798846973556 -0.04856518758288097 -0.0019572266224953134 -0.00767167923034466 0.9999686568096696 0.5115735121972083
0.9999979660373733 -0.00019070682399060086 0.0020078725118135663 50.57006873898125 0.00017578260805532842 0.9999723787097194 0.007430404975517175 -0.03147998634621127 -0.002009234080717916 -0.007430036913284384 0.9999703783262163 0.520195062182385
0.9999969808374175 -0.001074989634244716 0.0022096862528407585 52.00349284689881 0.0010576951511238875 0.9999689187234136 0.007812993542457946 -0.02175781846676183 -0.0022180164600417275 -0.00781063277932505 0.9999670366659942 0.5299029127215932
0.9999905123523541 -0.0029317321989443114 0.0032218242642995105 53.432065736922446 0.0029016364448105664 0.9999524834492308 0.009306521888330246 -0.04843478665067253 -0.003248955404203484 -0.009297085028625696 0.9999515030734001 0.5656142615972986
0.9999854389444139 -0.003356969595732319 0.004225240144793315 54.87670592144939 0.0033311299199047795 0.9999757988598299 0.006107803868979094 -0.0307933987893044 -0.004245641601049177 -0.006093640109042345 0.9999724206584985 0.5621919917103922
0.9999804407568056 -0.0035787081661649276 0.00512942020956316 56.26683786379409 0.0035573919282947063 0.9999850245667327 0.004158798497145359 -0.028288838134184414 -0.005144226520416279 -0.004140469796143825 0.9999781964839903 0.5719505016824005
0.9999820454567651 -0.003770147412585669 0.0046577626164876805 57.69046194407637 0.003758175405309536 0.9999896190387464 0.0025764185152422335 -0.004670044819279607 -0.004667427742033409 -0.002558867567915556 0.9999858335571773 0.5873389209831559
0.99998033374464 -0.004181190486516006 0.004674373762744529 59.15334223917224 0.004174638574378736 0.9999902913296613 0.0014105457073209403 -0.01707912888029195 -0.004680226141082873 -0.001391004146147846 0.9999880802243263 0.6054176126365387
0.9999806185389708 -0.003911942183034507 0.0048434754850234865 60.54761293340639 0.0039091303389764045 0.9999921853440407 0.0005898735818869365 -0.026286140378989867 -0.004845745186276565 -0.0005709283723105032 0.999988096326343 0.6118619175746567
0.9999765139574558 -0.0032234577922603687 0.006048210756567376 62.014916948509615 0.00322780110710168 0.9999945396547796 -0.0007084918055942303 -0.010286249338928027 -0.0060458939378171825 0.0007279975873015743 0.9999814584211077 0.6315606323623666
0.9999796527286198 -0.0025164551650441553 0.005861875310115715 63.401611771893414 0.0025346152751999336 0.9999920056275395 -0.0030926374533273237 0.0018960450492611061 -0.005854045964608134 0.0031074321252961166 0.9999780367645237 0.6426913194002066
0.9999852775226853 -0.0020251631610835514 0.00503422804898432 64.81030514518537 0.002044824350273908 0.9999902909244427 -0.0039034280094558896 0.010333207563590144 -0.005026274092677128 0.003913664653424966 0.9999797096930146 0.661097287059557
0.9999881637040829 -0.0019820209862364928 0.004443427117242857 66.27963380820643 0.002004794807850648 0.9999848487524048 -0.005126701025849936 -0.019516638141835192 -0.004433198564755038 0.005135548504313228 0.9999769861812047 0.6574958117703942
0.9999918518178736 -0.0011716588584523002 0.0038630963460886455 67.63171041393288 0.001185975272806801 0.9999924304586798 -0.003705737172881279 -0.020110571786590623 -0.0038587252444355286 0.0037102885146028134 0.9999856718966659 0.6695874134818226
0.9999861208411074 -0.000788691891422063 0.005209231253711961 69.10640121476347 0.0007842434854138157 0.9999993261691705 0.0008559342033631688 -0.010685012457291698 -0.0052099028119371275 -0.0008518370180416211 0.9999860655461079 0.6837206199223828
0.9999812186392536 -0.0005529768475815351 0.0061038172776810996 70.473969750624 0.0005279855987408488 0.9999914751816037 0.004095216151519288 -0.016759389084594924 -0.006106029803464915 -0.00409191651016745 0.9999729859447769 0.6974692555936539
0.9999696328866274 0.000627770168340514 0.007767831692246287 71.90742271891959 -0.0006950520505589167 0.9999622431517868 0.008661938206527397 0.0031580468058471068 -0.007762100696998071 -0.008667074215813947 0.9999323135179237 0.7238726265958705
0.9999770858683963 0.0012060150426175021 0.00666132613426749 73.28017438607398 -0.0012759611044497327 0.9999439956277435 0.010506071163058472 -0.006719926229692409 -0.006648282591017486 -0.010514330018612583 0.999922621607717 0.710625806286693
0.9999767528945858 0.00238424603738641 0.0063881954598895 74.6806264881643 -0.0024674204985200457 0.9999118799268866 0.013043934113716267 0.018282367907243736 -0.006356532583415954 -0.013059393244431195 0.9998945178075552 0.7218617326343932
0.9999763870492171 0.0029356158683650126 0.00621349366040606 76.15536208382454 -0.003036783117023371 0.9998619544711393 0.016335542520940487 0.01499739265499737 -0.006164681037544814 -0.01635402582322458 0.9998472596087257 0.7389957370439914
0.9999735537697014 0.0028300200046770326 0.006699458781659179 77.52927743642985 -0.0029385767088811435 0.999863645058414 0.016249801765804976 -0.020851963269485844 -0.006652558013279084 -0.016269058893343062 0.999845518665061 0.7450522941750872
0.9999662483407665 0.0036022099062380814 0.007384190076362227 78.90895769431606 -0.0037100741523313934 0.9998858558280895 0.014646182598656377 0.015454853165904335 -0.007330588590055279 -0.014673084158430447 0.9998654724872756 0.7760909719239623
0.9999786242309238 0.0030811222819812755 0.005766954717396417 80.324926574272 -0.0031628892115211156 0.9998938381150565 0.014223523873388348 0.006905855474229238 -0.005722518070278644 -0.014241460073485562 0.9998822098636972 0.7704524945761151
0.9999807250577131 0.0025732066962306926 0.005650497354131706 81.69830092767737 -0.0026478780216237976 0.9999087417262207 0.013247526617014607 -0.013288158582637818 -0.005615893075297778 -0.013262233099458868 0.9998962820803878 0.7825483502928887
0.9999811429630688 0.0023647069136049515 0.005667616737858845 83.0821862424784 -0.0024387555375775176 0.9999112944385931 0.01309411033881909 -0.0136605505397337 -0.005636150255488562 -0.013107685354401172 0.9998982060164663 0.791051866006619
0.9999834579097858 0.0019500732437018292 0.00541120329795027 84.48044475837479 -0.0020236975564141544 0.9999050054967736 0.013633951397051947 -0.009258487447699405 -0.005384102059555802 -0.013644676501889285 0.9998924113364254 0.8064111580238635
0.9999861591350158 0.0008372828322148886 0.005194275296679669 85.86703656589803 -0.0009069305621511002 0.9999095267454531 0.013420722806147544 -0.0458179288292659 -0.005182568412887063 -0.01342524789874998 0.9998964464900867 0.8034588467817277
0.9999851360815857 -0.0006896163374808263 0.00540851598867137 87.21173304122443 0.0006187215506206718 0.9999140165380963 0.013098729491622616 -0.05610398194764589 -0.005417084043600566 -0.013095188427777054 0.9998995805782227 0.8078907156661854
0.9999790491008756 -0.001714583000525367 0.00624191993244598 88.6075534524785 0.0016400709981338976 0.9999275739327704 0.011922963391918813 -0.04803976069588955 -0.006261910765080981 -0.011912476403261646 0.9999094365888903 0.8134552708645384
0.9999738111082923 -0.0025013028449608456 0.006791213561298078 89.9856503832415 0.0024361711890397326 0.9999511242675224 0.009581969842136728 -0.04084175469571642 -0.006814849044187324 -0.009565174342149535 0.9999310302577419 0.8261387307210376
0.9999671084337367 -0.0033774876631894055 0.007373915361346084 91.37237089710021 0.003324015240032614 0.9999681805296298 0.007251817078889411 -0.03220226590247032 -0.007398173649984388 -0.007227067548227608 0.9999465168304242 0.8439926309137201
0.9999647492393725 -0.004081025884945293 0.007337949738541246 92.7289191648821 0.004046940577859947 0.9999809813943821 0.004653936128471674 -0.02879320979662607 -0.0073568030147762985 -0.004624075827128034 0.9999622469734278 0.8598663519734896
0.999969825976907 -0.003923149232378586 0.006704926234849971 94.09960004587685 0.0038996633929353703 0.9999862282143978 0.0035122652183663637 -0.0035613845935235098 -0.00671861303663873 -0.00348601228380418 0.9999713535683016 0.8645542891022304
0.9999713774905267 -0.004447677259454194 0.006120650839105601 95.4757862689724 0.004423462011184522 0.9999823589517726 0.003964185803401208 0.0028411209950343426 -0.006138174283459004 -0.003936997871984988 0.9999734110786256 0.8772003580389063
0.9999787286587066 -0.004204409974627112 0.004986498459022956 96.83233689557669 0.004184009419430532 0.9999828641819093 0.004094558306233085 0.009187907032647586 -0.005003628213076871 -0.0040736076529633795 0.9999791844960548 0.8694061247999547
0.9999814544050923 -0.004037416569422818 0.004559617672682385 98.17295022568905 0.004013685819978021 0.9999784157716868 0.005201760940872461 0.025568108682214874 -0.0045805209326663715 -0.00518336359832388 0.9999760754987056 0.8915872635606108
0.9999839758396948 -0.003646258592719486 0.004330457494517598 99.50448922318658 0.0036127385158542962 0.9999636487190746 0.007723299868020932 0.04803726874082684 -0.004358461225348599 -0.007707531298044048 0.9999607981201247 0.8927658337718655
0.9999751117463527 -0.003670705549685896 0.0060250982263249315 100.86459012322614 0.0036263238125690623 0.9999663350100182 0.007360612898286728 0.04671765549338527 -0.006051914034068334 -0.007338580748314726 0.9999547587611775 0.9099417420331922
0.9999642252210817 -0.0035688131006898485 0.007668888514904939 102.19586232681553 0.003517376276074449 0.9999712998285749 0.00671025955407458 0.0746641425689358 -0.00769261607869553 -0.006683045129496364 0.999948078934933 0.9299036693425472
0.9999725725631341 -0.003524404158377784 0.0065140384398666585 103.54953205120022 0.0034818019192418203 0.9999725531633538 0.006539875790776812 0.07565882852877072 -0.00653690881554998 -0.006517015827204506 0.999957397756447 0.9421346899852756
0.9999862789617128 -0.0034337168619625025 0.003956194739836511 104.8780716508094 0.003404739221134082 0.9999674982812872 0.007308223580328626 0.08624933440449595 -0.00398116052724667 -0.007294653492515902 0.9999654685994314 0.9459640268901777
0.9999899907959261 -0.0036453612625116103 0.002594156747273784 106.21076221105993 0.003629894898641212 0.9999757583058935 0.005941941061491626 0.10063604902855489 -0.0026157543822891405 -0.005932465071047741 0.99997898162271 0.9583766027675439
0.9999883215008943 -0.003331775184000118 0.0035008764541440683 107.55675084923882 0.003313885241821776 0.9999814857122715 0.005103567113493142 0.11219038495875436 -0.003517815576168711 -0.005091906008674343 0.9999808485499965 0.9692114216915477
0.9999802544252716 -0.002675859268718448 0.0056859947892356055 108.90405869256433 0.0026688231390447795 0.9999956640721793 0.0012446766221363339 0.12134557306619848 -0.005689300714648511 -0.0012294771308190787 0.9999830599781995 0.9800433672321978
0.9999729800303832 -0.001960651323396589 0.0070848468962421 110.2724856686494 0.0019632287258470904 0.9999980091919437 -0.0003568544793493292 0.13525650894395305 -0.007084133124464625 0.0003707540120970706 0.9999748384831179 1.0110054564592486
0.9999835056162864 -0.0013915707092239786 0.005572434506012413 111.55976756105149 0.0013899873259452 0.9999989924926747 0.0002880084536973767 0.13942748163825172 -0.005572829675872001 -0.0002802580898374117 0.9999844323912283 1.010470673952215
0.9999937372706255 -0.0005969775029877723 0.003488414738576514 112.8966986272946 0.0005953350357967786 0.9999997114648334 0.00047185426262658027 0.15135069411528565 -0.0034886954184256635 -0.00046977453201776475 0.9999938041388888 1.0298251871395998
0.9999988920691486 0.00037269861181361147 0.001441164883021203 114.25053596652914 -0.0003781891533357182 0.9999926650735531 0.003811400275078547 0.15602170867226914 -0.0014397338085912004 -0.003811941085237522 0.9999916981014008 1.0493649571197892
0.9999983278318203 0.001719002334541275 0.0006239908149565102 115.52486505705168 -0.0017229490671502685 0.9999781598760421 0.0063805342595248055 0.17533100879801777 -0.0006130090336320191 -0.006381598694590986 0.9999794494978514 1.0524443676060553
0.9999925553603563 0.0031460495932447313 0.002234187955774794 116.92163857541615 -0.003165058389154602 0.9999583860819223 0.008556197159394338 0.18494147458553656 -0.002207176761867198 -0.008563204796922139 0.999960899182737 1.053800280677575
0.9999809205594253 0.004224419667691172 0.004506971887604482 118.20765765144246 -0.004264105549546586 0.9999519012419424 0.008832474539277633 0.1850586176857196 -0.004469443028695982 -0.008851524224442117 0.9999508360904137 1.0630713228309883
0.9999717564169522 0.005190058477564225 0.005435960025125996 119.57985318789996 -0.0052351265083763416 0.9999517710967817 0.008309568632042316 0.18667610472494686 -0.005392570707612414 -0.008337791878476579 0.999950699488607 1.0888851856955126
0.9999701593742598 0.006102271085003644 0.00473736726699077 120.89100123956635 -0.006142002848792156 0.999945703901565 0.008418138143857208 0.18510604477755815 -0.004685740285446493 -0.008446983864597059 0.9999533450624427 1.0947583522318949
0.9999631707685486 0.007454667458375933 0.0042526508903910545 122.20989758021318 -0.007499589297940122 0.999915195554412 0.010646964813712597 0.17849367322063284 -0.004172920664562758 -0.01067846582928667 0.9999342763905337 1.1027847456692668
0.9999537122395583 0.008585112863598254 0.004343871020867723 123.59820690112345 -0.00863702253066425 0.9998897812583971 0.012075892382742051 0.18555908783402192 -0.004239719345835611 -0.012112851528605853 0.9999176484129653 1.1183116322794935
0.9999469607167255 0.009625192824009364 0.0036648896960048065 124.94733842056146 -0.00967269243983389 0.9998664672254488 0.013171436484482657 0.1848961115337754 -0.0035376226971829375 -0.013206187231787197 0.9999065365545178 1.133616482461753
0.9999392143637291 0.010678931658105044 0.002743719426200613 126.26746495646869 -0.010717287586272467 0.9998393460383723 0.014367388779911772 0.18400433746903372 -0.002589850273919096 -0.014395920679189869 0.9998930193492488 1.1400588838087624
0.9999329477574422 0.011398819954763243 0.0020412968307338547 127.6219787373495 -0.01142596728936606 0.9998391907303129 0.013821720271202112 0.18227172788533963 -0.0018834172704447552 -0.013844117284677776 0.9999023918143178 1.1623339073384256
0.9999171031122873 0.01253549173148426 0.0029408078109964026 128.96891405600184 -0.01257300825245283 0.9998350643855144 0.013105857037903472 0.18319069447228742 -0.0027760344045203583 -0.013141745404020758 0.9999097900114393 1.1837170527839354
0.9999024042269798 0.013324083148655621 0.004201289010919957 130.34212025122034 -0.013376795816022146 0.9998288674606574 0.012778776390394644 0.1648432742180542 -0.004030304554499311 -0.012833729021097744 0.9999095219291648 1.1972784591856829
0.9998976028833055 0.013588009855372127 0.004488845774777156 131.68564718010427 -0.013637676676332365 0.9998439869652139 0.011225662758910338 0.15609212308959444 -0.004335611040123989 -0.011285730710737173 0.9999269147088868 1.22279798194638
0.9998990750950871 0.013381214029828777 0.004773126342065247 133.07937613887032 -0.01342993942599278 0.9998564883547002 0.010326636529937264 0.14517498552529765 -0.0046342584092353345 -0.010389697112773957 0.9999352868275533 1.2375663517591673
0.9999004197467088 0.013181518500091973 0.005039658757006155 134.39229795111632 -0.013223168046471874 0.9998779357617923 0.008322343633355399 0.13815951869000148 -0.004929342468331958 -0.00838815514690918 0.9999526690979235 1.2440004205594697
0.9999116554832238 0.012388480567502113 0.004817341385798022 135.76235011460204 -0.012418714282027217 0.9999030532867947 0.006297583927711991 0.12688094819745557 -0.004738856864273608 -0.006356852756972251 0.9999685663352854 1.2765966095484866
0.9999280394128213 0.011241034772009995 0.004189884638708754 137.13628649229213 -0.011269667894574679 0.9999128669863165 0.006874083266207451 0.13027404648063629 -0.004112247752412067 -0.006920807211534127 0.9999675953979527 1.3095917394465837
0.999930555029974 0.010202982838909424 0.005897818125151858 138.50005811172971 -0.010235677961390216 0.999932265961372 0.0055402514407745535 0.1226017290496025 -0.00584089155173768 -0.005600234865183216 0.9999672601417187 1.321414866425305
0.9999416456703704 0.008970279163192403 0.006019912438386457 139.83161905710534 -0.008982957305797297 0.9999574843271607 0.002082310288679573 0.10160451631503062 -0.006000977593164862 -0.0021362653932772598 0.9999797121132487 1.3201975066434983
0.9999574865991891 0.00747389444531478 0.005400545903233478 141.230131971491 -0.007476400941787694 0.9999719527178572 0.0004440794897844805 0.12301291890724265 -0.005397075429366826 -0.0004844372569322418 0.9999853183409014 1.3618994131731839
0.9999684076016666 0.006203835745736582 0.004969529215853371 142.54336205280543 -0.006211264520194736 0.9999796134622155 0.001480828490481382 0.12529536533466826 -0.0049602410876356876 -0.0015116487680583485 0.9999865553727983 1.3858638197754352
0.999976735017511 0.005129168892372966 0.004496782204197062 143.909512570839 -0.005132627882960544 0.9999865406837802 0.0007580120719752385 0.11388507917234127 -0.004492833708643786 -0.0007810747465625201 0.9999896021296956 1.379030476812893
0.9999882281556689 0.004159798494153856 0.0024979244531675546 145.26698044760235 -0.004159711174630631 0.9999913475579815 -4.01511663921524e-05 0.11357557797988274 -0.002498069860782553 2.9760049477647737e-05 0.9999968793757859 1.4109665914244276
0.9999945432892098 0.003033333766539064 0.001308540433245522 146.58520353125408 -0.003026227708550553 0.999980847568214 -0.005398744540382591 0.11753459410712157 -0.001324891565625396 0.005394755139678157 0.9999845705206266 1.4363346049081884
0.9999917038544834 0.0019316829221939123 0.0035861990038389565 147.968238540674 -0.0018821899724395497 0.9999036459946202 -0.013753402763423864 0.1248977685860652 -0.0036124206724410077 0.013746538755388994 0.9998989864426966 1.453984945992838
0.9999858159615909 0.00031054212085884834 0.005317089356252145 149.29941071114246 -0.0002008811203170275 0.9997875221444892 -0.02061238004108199 0.1151058065044155 -0.005322360604722075 0.020611019571425075 0.9997734035019232 1.4862764573687564
0.9999970766310577 -0.0004940803324253076 0.0023669841493788126 150.62834918099088 0.0005473314020247989 0.9997455695877855 -0.022549867359493457 0.09535118318312845 -0.002355240470664856 0.022551096962664618 0.9997429173883183 1.517049160076374
0.9999997586785369 -0.0003782532890936787 -0.0005827240490368168 152.01624091823732 0.0003658327985040528 0.9997758408807812 -0.02116917942411502 0.12036980355703396 0.0005906007378718228 0.021168961135968056 0.9997757379908718 1.5453486888136674
0.9999921504891174 0.00012510122450077457 -0.003960215882233835 153.32891918718192 -0.00019970136034428202 0.9998224424272503 -0.018842604336303317 0.13132737189510427 0.003957155483038966 0.018843247291574463 0.9998146192929925 1.553036652453235
0.9999928727665798 0.0009520319603682661 -0.003653498486291776 154.71423345607292 -0.0010219483282056503 0.999815468602441 -0.019182918570854027 0.14694627446207473 0.0036345615495375254 0.019186515536385857 0.9998093156116894 1.5791617804681988
0.9999987308210239 0.0015932217144439813 9.540124927911623e-07 156.0284583882891 -0.0015928976692032252 0.9998070643367428 -0.01957796668093349 0.14809561180456163 -3.214587007048211e-05 0.019577940313345508 0.999808333241792 1.626559852738242
0.999992565772108 0.0021544036242168822 0.003197959590134713 157.3755824424579 -0.0020673076540508326 0.9996334916092436 -0.02699275258612174 0.14098309776889356 -0.0032549407951107594 0.02698594074950955 0.9996305139211609 1.6308088335262378
0.9999943770418662 0.0018289957951600924 0.002810811098452873 158.71265161862001 -0.0017396958124794167 0.9995037879062649 -0.03145077772501466 0.1239684699505395 -0.002866939680206182 0.031445710922310584 0.9995013496346368 1.6263486838887773
0.9999911683390637 0.0018911760208691888 0.003753224897673634 160.08704457483196 -0.0017643188854057847 0.999436499095314 -0.03351971740592529 0.1213933266023233 -0.003814501637832702 0.033512799485578344 0.9994310090485958 1.6795002995143031
0.9999868048156667 0.0031533072018087 0.004055471396117102 161.46258890416888 -0.003015368047463612 0.9994314556526632 -0.03358084286519519 0.12656185098834133 -0.00415905639442868 0.03356817102091827 0.9994277763521575 1.6769520256846762
0.9999838806715593 0.004241501761768511 0.003774660230190592 162.78913446221983 -0.0041203243642749954 0.9994936357124654 -0.03155146743672265 0.12561619165275933 -0.003906574481771687 0.03153540602374294 0.9994950009093272 1.6838781495841784
0.9999849237781671 0.005120184068352602 0.001983918213963427 164.1349673740119 -0.005064332018367082 0.9996171095338032 -0.0272026996544905 0.1318360263013082 -0.0021224414199806888 0.027192242320023253 0.999627969396629 1.706143770059197
0.9999825231758884 0.005821779873330569 0.00102967076780642 165.4905163373973 -0.0057925144554102906 0.9996334145163531 -0.026447747704874184 0.13406952402785557 -0.0011832662707331677 0.026441321099432567 0.9996496668430641 1.7043459794595543
0.9999790791463038 0.006016505069483971 0.002375486573142695 166.8377640291847 -0.005960568898210736 0.99972019611596 -0.022891070230033964 0.13153247865310028 -0.0025125461428579577 0.022876432077916738 0.9997351429089929 1.7366490273244464
0.9999787779931679 0.006046578318974611 0.0024253770682329816 168.17109562369652 -0.005991476013977962 0.9997374377253222 -0.02211691265935201 0.11476947761398129 -0.002558471900281688 0.02210191170555128 0.9997524492195532 1.75203103356627
0.9999846003174789 0.005547446734570084 0.0001579956292426199 169.56512046649695 -0.005543560150831364 0.9998124695203058 -0.01855518074721061 0.11687061504426677 -0.00026089987709194967 0.01855401914504371 0.9998278253303512 1.782011396665674
0.9999834029057674 0.004805745791550562 -0.0031778483898268393 170.9941491255126 -0.004854482709137633 0.9998679151201405 -0.015510844945719582 0.13115679713738798 0.0031028874662827723 0.015526014320825066 0.9998746496279827 1.7882276124253964
0.9999791875256545 0.004978602318923265 -0.004103417415022418 172.29432247847677 -0.005022665151514076 0.9999290784280275 -0.01079865495566246 0.1248110224138196 0.004049364185605372 0.010819040300585779 0.9999332732821059 1.807678543601843
0.9999784210099131 0.005571670133720458 -0.0034805181284004853 173.64409264699103 -0.005596488924216441 0.9999586902038762 -0.007162206187305432 0.11623322642152267 0.003440468898600838 0.007181530315285243 0.9999682938954056 1.8233430246074613
0.9999811288381956 0.006039376337204448 -0.0011260110771536545 175.06787488676426 -0.006043096436700499 0.999976195141716 -0.0033301854833458744 0.13339956549974025 0.0011058720292129157 0.003336927232404812 0.99999382096276 1.8583217475832998
0.9999798985836794 0.006190872378079037 0.0013694990955509883 176.40846505923523 -0.006188281642796725 0.9999790701763609 -0.0018879564428174454 0.11845572874633993 -0.0013811585295692996 0.0018794436461061683 0.9999972800426495 1.876253968836045
0.9999763055423349 0.006504364213456188 0.0022542404666763298 177.81205042277512 -0.006498923928764439 0.9999759720216359 -0.0024123364509872234 0.12153306843887202 -0.002269877016717786 0.002397629154673239 0.9999945495015288 1.8981879003964224
0.999986553617508 0.00460443587610138 0.0023857398101036656 179.2227220244387 -0.004587691319885065 0.9999651354845995 -0.006977170172769992 0.06151516573907769 -0.0024177825650984817 0.006966131317252822 0.999972813301411 1.8892018174968108
0.9999971850932544 0.002070532208170674 -0.0011587501638783014 180.5125952579922 -0.002079216222582076 0.9999693823499637 -0.0075439527127331586 0.08645675850048924 0.0011430946886026737 0.007546340769348435 0.9999708726135605 1.9116243850358763
0.999987144352906 0.0010786893149247181 -0.004954549251145204 181.9767518147444 -0.001110543824370909 0.9999787035916724 -0.0064311006470360544 0.09516512383281192 0.0049475065774901095 0.0064365202151491115 0.9999670461501147 1.933977135489674
0.9999803961436546 0.0007268889570916898 -0.0062192411774772095 183.34988721367478 -0.000735745032838047 0.9999987185659428 -0.0014218107184386399 0.08373492063068547 0.006218199709419447 0.0014263586212699161 0.9999796495396581 1.9480253900488433
0.9999845524614532 0.0006211245226809154 -0.0055234991440644325 184.67516584694857 -0.0006180176842466391 0.999999649885637 0.0005641655299265334 0.08390326261481261 0.0055238476272535374 -0.0005607431948078101 0.9999845862184379 1.9521721451679004
0.9999977426170689 0.0012591251025003568 -0.0017115387061314258 186.12505342963738 -0.0012517899445839444 0.9999900570649216 0.00428004593777164 0.07857088953958799 0.0017169108016932895 -0.004277893789126895 0.9999893758645779 1.9921369697369529
0.9999983032644318 0.0016552086645672654 0.0008085496484590965 187.48361108865944 -0.0016602339499935516 0.9999790618069708 0.006254564004142812 0.0774425182224422 -0.0007981801103577357 -0.0062558957733782295 0.9999801131405485 2.020728647951174
0.9999972833783148 0.0022354420767743436 0.0006603292448323498 188.9611953650434 -0.002237821774324448 0.999990924557392 0.0036253215800298656 0.07052648922775073 -0.0006522190556503491 -0.003626789430564955 0.9999932104813161 2.0177072984550892
0.9999978659471179 0.001847005045101142 0.0009255666228133509 190.34494308801072 -0.0018510893341894825 0.9999884676162931 0.004431489895598309 0.05749066784825138 -0.0009173709646294254 -0.004433193745068098 0.999989752559361 2.0296704473598264
0.9999964111978344 0.0020714042666416747 0.0016990808737567633 191.6975547048685 -0.0020723457577483495 0.9999977000360979 0.0005525446359102158 0.04113760208909564 -0.0016979324226157526 -0.0005560637359776311 0.9999984039080311 2.0391273731596167
0.9999950391571625 0.0024906067877799045 0.0019283513408466005 193.1750341385558 -0.0024866374262678074 0.9999947904345051 -0.002058090901960471 0.04275288528184638 -0.0019334671901442837 0.002053285581479818 0.9999960228535639 2.0505033185403923
0.9999917897347331 0.0028811222537451493 0.0028494907763088476 194.5381847741672 -0.0028642353035169834 0.9999784176253849 -0.0059127353701516495 0.031052220268863458 -0.002866464590986901 0.005904525212947258 0.9999784597493879 2.0674799193540796
0.9999868401660421 0.0030489519568514447 0.004125940704792137 196.0006588774093 -0.0030023104061150307 0.9999320538210367 -0.011263830319606878 0.008646620737845858 -0.004160003240381224 0.01125129473475713 0.9999280487814269 2.06440880619323
0.999981481973675 0.003582014775896514 0.004919845513611736 197.38683444771894 -0.0035144366469315076 0.999900296617983 -0.013676460007046734 0.0012802062216940538 -0.004968344270202227 0.013658916260630012 0.9998943692019662 2.100428087147755
0.9999922125522936 0.0037504846676967465 0.0012282913033021914 198.82216759433865 -0.003737135572603172 0.9999358155050913 -0.010695732227395087 0.021114107827064122 -0.0012683266457739232 0.010691058643816594 0.9999420446268844 2.1228127085545196
0.999983626130909 0.004367041280765314 -0.003698164481278411 200.2590080133922 -0.004385623369606322 0.999977724579934 -0.005031565521556704 0.03158287422137373 0.003676109048771604 0.005047701891935274 0.9999805032738747 2.1546846856361768
0.9999672950764491 0.006006287297391699 -0.005416021638703096 201.68233913065623 -0.0059769985304792125 0.9999675147004372 0.005407867638687313 0.048109850261251814 0.005448326904321946 -0.005375319221414045 0.9999707104096658 2.162564491491306
0.9999735915709317 0.007111456413112707 -0.0014977811642450222 203.10771673518693 -0.007096385085639888 0.9999264227336477 0.00983821314094483 0.06681874856128472 0.001567634985536105 -0.009827324497275438 0.9999504818808667 2.1877966770594064
0.999968787247313 0.007722272089105041 0.001670642068203961 204.57617376330356 -0.00774531864654716 0.999868338105063 0.014258909287972398 0.052074863690068494 -0.0015603109310879102 -0.014271403883325772 0.9998969409199117 2.219131445735249
0.9999694358402857 0.007672937819563023 0.0015011363954218883 205.99160505144394 -0.007690784485120345 0.9998951682712832 0.012268019471192777 0.06401689790514582 -0.001406847278126866 -0.012279189425986242 0.9999236182268008 2.252935003112042
0.9999768474862866 0.006676328369638502 0.001315724472882537 207.4424257437214 -0.006689106606995884 0.9999280302465843 0.009959426689624202 0.05766498635459775 -0.001249137377563388 -0.009967997125125739 0.9999495380713596 2.2682455740643137
0.9999889321747234 0.004670220738602996 0.0005697072135192451 208.8836313173315 -0.0046745073781544215 0.999958883061783 0.007770531938207724 0.006407654419419696 -0.0005333936894951505 -0.0077731090358909094 0.9999696466728818 2.2884552221359633
0.9999933303670371 0.003646195468894415 -0.00021090292699829524 210.37582695086897 -0.003644304348126224 0.9999583914370859 0.008362681410524464 -0.011782821221316271 0.00024138612269745033 -0.008361857040054977 0.9999650099276381 2.3007489328949142
0.9999919113334731 0.004005593743132459 -0.0003639868025875701 211.8472176058775 -0.004002025836287031 0.999948515917028 0.009324661095123706 -0.0017800466849765603 0.0004013188672002831 -0.009323128986461607 0.9999564581565883 2.3236502253345956
0.9999937157262535 0.0035391513445515005 0.00020716119637149586 213.2621899095766 -0.0035410213010900362 0.9999451578737089 0.00985608507819851 -0.006590190457340566 -0.0001722676584544816 -0.00985675670207092 0.9999514061549042 2.339682618769487
0.999995404461744 0.003026061417999975 0.0001844117335351311 214.71692630459918 -0.003027662807125311 0.9999511407733748 0.009410065034466088 6.637457000554224e-05 -0.0001559272885787815 -0.009410580126699052 0.9999557073532606 2.368974524742219
0.9999954156301905 0.0029984972347148558 -0.0004215838424572851 216.19368316797926 -0.002994261857349436 0.9999483582134279 0.009711606571505538 0.00043805009916212187 0.00045068229656376865 -0.009710299717490425 0.9999527523662626 2.3973591889298964
0.9999963026136166 0.0025664667231284385 -0.0008988924603733148 217.6435762766829 -0.0025584260779619107 0.9999576994236729 0.008834807259880837 0.004436180864248927 0.0009215286755419224 -0.00883247484427287 0.9999605683090836 2.4145009789668395
0.9999975787219504 0.0019606890628083547 -0.0009991239341386865 219.12729024752562 -0.001952038018776795 0.9999612234641359 0.00858726473808336 -0.012743707221639982 0.0010159221476250214 -0.008585293618022835 0.9999626296195685 2.43242906775106
0.9999966667013345 0.0020469358874932522 -0.0015737343144906694 220.63407267452115 -0.0020290029361561433 0.9999339413648443 0.011313534092107124 -0.008271434535385425 0.001596788434697269 -0.011310303269174201 0.9999347615252977 2.4639419966478298
0.9999972622731139 0.0018146729048811455 -0.0014772977104888945 222.10075747934638 -0.0018021777353309817 0.9999629611345752 0.008415967822068372 0.005028965114132335 0.0014925152218328627 -0.008413282428404693 0.9999634938721975 2.4745799773126826
