1.0 -2.1684043449710093e-19 -2.5135375298442207e-37 0.0 2.1684043449710093e-19 1.0 2.3183291766350204e-18 -8.673617379884035e-19 -2.51353752984422e-37 -2.3183291766350204e-18 1.0 0.0
0.999999605191816 -0.0005752605669382756 0.0006772676666057745 1.3273296181958805 0.0005753941431156976 0.999999815046477 -0.00019704971926772806 -0.0051472914502177945 -0.0006771541864095126 0.00019743933731957285 0.9999997512399269 0.014190925790177144
0.999999260153484 -0.0006470420476942763 0.0010300626550309065 2.6234400708633827 0.0006476900122824523 0.9999995925261517 -0.0006288443198348293 0.002556501597471428 -0.0010296553465909256 0.0006295110158802389 0.9999992717626089 0.023349494078777486
0.9999983865281913 -0.0013303372382287785 0.0012071221341348872 3.946194691900099 0.0013310104698491519 0.9999989590335088 -0.0005570843993116026 0.0020273710156399607 -0.001206379767439954 0.0005586901926705495 0.9999991162561722 0.04234461993982418
0.9999985941934332 -0.0008635888074294047 0.0014372979959101527 5.279320485697424 0.0008648416655950567 0.9999992464572468 -0.000871282865634109 0.013000302693711762 -0.0014365444827137972 0.0008725246759716742 0.9999985875193219 0.04301811699642109
0.999997793125812 -0.001191164771239405 0.0017305692685547814 6.609837181945488 0.0011932133435743574 0.9999985881311341 -0.001183206514113386 0.008000574651899881 -0.0017291574313011984 0.0011852688412686905 0.9999978025737615 0.044665622916528064
0.999996747485762 -0.0008686543083306123 0.00239801117384968 7.943067122730992 0.0008741751422387728 0.9999969679156728 -0.0023021679525017983 0.022705073399336893 -0.0023960041147671417 0.0023042567464267444 0.9999944747673002 0.06369773161181519
0.9999967051083891 -0.0008573008048179188 0.002419670989128615 9.264881038034213 0.0008631303472325147 0.999996725340955 -0.0024092142641218787 0.02727193426762162 -0.0024175976442035135 0.0024112948174830457 0.9999941704224751 0.05962888741949434
0.9999966503525248 -0.0012337742910131608 0.0022753207969306855 10.576212610866074 0.001239126318734738 0.999996465618468 -0.002352300265316785 0.03293123194661404 -0.00227241054748679 0.002355111795823182 0.9999946447850273 0.06278625172451764
0.9999974436011696 -0.0012969584535695213 0.0018522121626064095 11.906138961166516 0.001300443181110652 0.9999973845434185 -0.0018814233588248014 0.05879461326591942 -0.0018497671902959474 0.0018838272458331592 0.9999965147720514 0.05049369483130368
0.9999980324761616 -0.0010981921350717771 0.001651973922352398 13.233325089715624 0.0010991564735062232 0.999999226009187 -0.0005829546068951411 0.05908015699252652 -0.0016513324475753628 0.0005847692377488724 0.9999984655718659 0.0668005325984783
0.9999981817036174 -0.0011513665414545147 0.0015201791165344077 14.569263023205083 0.0011514070111322415 0.99999933679928 -2.574674603612017e-05 0.06710835657536138 -0.0015201484644085858 2.7497044113859522e-05 0.9999988441956115 0.06346101717157389
0.9999980038571401 -0.0005396980707443893 0.0019238003346857477 15.921589928778264 0.0005400234356981138 0.9999998399725446 -0.00016861071830567365 0.0935320560251928 -0.0019237090279454986 0.00016964927900092638 0.9999981352796105 0.07619388111614007
0.9999938573278276 -7.11007601206353e-05 0.0035043189487033582 17.247515076727886 7.542932855559344e-05 0.9999992344276522 -0.0012350929220349583 0.08337759702541613 -0.0035042284498480966 0.0012353496636893812 0.999993097123265 0.07895405867616842
0.9999898266772459 -0.00018260061762325014 0.0045070166436408455 18.61434287758229 0.00019713947621803501 0.9999947783255756 -0.0032255941483492704 0.09329167456270172 -0.004506404113983616 0.0032264498442393587 0.9999846410537334 0.0896996536106893
0.9999905072554632 -0.0003106901651564963 0.004346132830744853 19.960454822787668 0.0003294050636162547 0.9999906746658869 -0.004306050808858679 0.0769688149309337 -0.00434475445396713 0.0043074415707799844 0.9999812843527868 0.10085281649927128
0.9999932961938477 -0.0003643315892443361 0.0036434639914284025 21.33920652853059 0.0003815044910130356 0.999988817393324 -0.004713760985098823 0.08722780922378454 -0.003641705875972629 0.004715119382834504 0.9999822526562752 0.09475314241306323
0.9999947471029738 0.00012280681812318285 0.0032389326860692356 22.676217682158455 -0.00011416836537450601 0.9999964367178893 -0.002667117753067449 0.09846230320663815 -0.003239248685083152 0.002666733959322209 0.9999911978602344 0.1385362968687468
0.9999922873796038 0.0005209739370085495 0.003892784024928698 24.049455220459357 -0.0005091006708949532 0.9999952178069826 -0.0030504392588561803 0.11521437145496369 -0.003894354608234408 0.003048433913017395 0.9999877704516507 0.09969337763601613
0.9999754897358876 0.0015833012900685899 0.00682005018285541 25.42620484190026 -0.0015623926224904079 0.99999406699055 -0.0030700021159851187 0.11795835290246504 -0.00682487045774398 0.003059271273331723 0.9999720306101122 0.11521361513893454
0.9999651468793563 0.0015465724142719312 0.008204458563166843 26.800225685949126 -0.0015193528529664623 0.9999933250922284 -0.0033228508689064893 0.10542922229693726 -0.008209542828653209 0.0033102695896592817 0.9999608219934359 0.14619515931674373
0.9999598599218525 0.0015587098638046826 0.008823206255629734 28.134168612309892 -0.0015163774582272447 0.9999873181847163 -0.004802506547945842 0.1103472191881695 -0.008830580075685062 0.004788934463882378 0.9999495422081194 0.2135919441407713
0.9999720344601073 0.0017794837052947973 0.007263865049452245 29.509010457642916 -0.001749737161904539 0.9999900664450391 -0.004099442780495791 0.1253638680617914 -0.007271087785078228 0.004086618282749089 0.9999652148117116 0.1997048968243479
0.9999794439367492 0.002082038823628109 0.006064389358113124 30.909280466663667 -0.002059607479663734 0.9999910237437906 -0.0037027623303967144 0.10566155176051682 -0.006072044217527045 0.003690195954498485 0.9999747560477904 0.23993212674847464
0.999983062302537 0.0023462666404948083 0.005326362820169716 32.29651050585278 -0.002324640243695508 0.9999890447004578 -0.00406282251683267 0.1112349714295531 -0.0053358369332070455 0.004050371824609745 0.9999775614144072 0.18925566910854089
0.9999848540948792 0.003149661815377101 0.00451344782753838 33.6634902628349 -0.0031333917693815824 0.9999885844055986 -0.0036073417507647347 0.1254252756079538 -0.004524758210416028 0.0035931447140344973 0.9999833077977859 0.20115939421489867
0.9999811169113411 0.003293842587669254 0.005188103868896146 35.06875466899271 -0.0032763749068708504 0.9999889481718092 -0.0033717801986885504 0.13625859964769768 -0.005199152644078252 0.0033547183557338296 0.9999808571550444 0.20518158097899739
0.9999768031369771 0.0030095842443981754 0.006110285642026535 36.46297559316484 -0.002990771490394556 0.9999907669117254 -0.0030856728912207515 0.13526968025390343 -0.006119515817736603 0.00306732684519302 0.9999765712416372 0.23019006628919725
0.9999771735698418 0.00262011447261342 0.006227948251298905 37.87441660117764 -0.0026027827360245036 0.9999927224291604 -0.0027893746154604715 0.14329238332958705 -0.006235211407763829 0.002773100947806292 0.9999767157538388 0.20748162366638948
0.9999799741751171 0.0025856004520549937 0.005776324007052257 39.26162464013656 -0.0025661301225222313 0.9999910101597093 -0.0033755852764314536 0.17044469728287057 -0.005784999993638658 0.0033606948785198858 0.9999776195020602 0.148477560752162
0.9999782111748616 0.002933296111620282 0.0059137931520577185 40.65351392694417 -0.0029156074861712454 0.999991257119409 -0.0029974852344834464 0.18309103666012472 -0.0059225339602532985 0.00298017762321601 0.9999780208248699 0.13820103593069033
0.9999742027863463 0.0030299680672936434 0.006512530638890068 42.08030053864842 -0.0030114436908749167 0.9999913976242528 -0.002852347172124039 0.1724815708006465 -0.006521117136502818 0.00283266147021051 0.9999747252107363 0.12605270386677692
0.9999754718262861 0.0027604212490842626 0.00643706612706651 43.4660628758243 -0.0027419593801075092 0.9999921076405338 -0.0028751200672228307 0.1788244277227341 -0.006444951865953958 0.002857399371930891 0.999975148623342 0.12988026129608016
0.999975540003893 0.0027643735520037783 0.006424767138789064 44.888877888889255 -0.0027416811740178094 0.9999899823129536 -0.0035381433095756946 0.19388039216212666 -0.006434483527270711 0.00352044210349225 0.9999731015928045 0.12355344062113147
0.9999795860376306 0.001392952235624537 0.006235959595608165 46.306041036452264 -0.001373778206639259 0.9999943193694146 -0.0030779802371292274 0.17359943774152692 -0.006240211650877875 0.0030693505779665637 0.9999758191304337 0.13319908867647232
0.9999764957872294 0.000668735441062749 0.006823537645765197 47.7532975540603 -0.0006496235208155573 0.9999958613844223 -0.002802713561579175 0.184752516364153 -0.006825383679655777 0.0027982149554534293 0.9999727916951984 0.14956525851169655
0.9999747563781352 -0.0008060943533324907 0.0070595196991678315 49.12752935570374 0.0008246580989694222 0.9999962091649468 -0.002627088646360793 0.17013416299162473 -0.007057375256369561 0.002632844019223152 0.9999716303910133 0.15390529404827497
0.9999730028210554 -0.0019369694498874725 0.007088143508129905 50.56596292839713 0.0019507861016242385 0.999996209841513 -0.0019428680331742506 0.16642944826479278 -0.007084353366917209 0.0019566430330602708 0.999972991377974 0.16285841752963148
0.999969740564183 -0.003412350907890151 0.006990981138730323 52.0322918945372 0.0034283599020152543 0.9999915256553167 -0.0022792467910102603 0.17392353447763276 -0.00698314430488987 0.002303145421700044 0.9999729652429528 0.1548442348777049
0.9999592435560142 -0.003763900179433426 0.008206356214737538 53.41427341038667 0.0037716850047247365 0.9999924515835762 -0.0009333638594507392 0.20464116144879269 -0.008202781181345445 0.0009642776095374385 0.9999658916931031 0.18330086882638494
0.9999467050419273 -0.004957246822601851 0.009056090753349013 54.87678916777037 0.004960316016660102 0.9999876474765201 -0.00031647968311573 0.19673033068448775 -0.009054410019871801 0.000361383888356452 0.9999589426875872 0.20774419799155616
0.9999432250139968 -0.005558584385033778 0.009091143395738875 56.2995139552071 0.005561732730169928 0.9999844819031513 -0.0003210637388513234 0.19866202783123807 -0.009089217658609814 0.00037160802024079303 0.9999586231588954 0.21176378908086543
0.9999388660231472 -0.00608435027249051 0.009232816369020793 57.73279156370031 0.006084764592317013 0.9999814875077081 -1.6784743689064555e-05 0.21483804257988343 -0.009232543322319089 7.296323170051503e-05 0.9999573765017029 0.23676367429532943
0.9999356458563033 -0.005587266433682625 0.009873530257032175 59.16245992851228 0.005578737338239459 0.9999840416298069 0.0008911652076109244 0.25344059927365564 -0.009878351869032574 -0.000836026025531954 0.9999508584049699 0.2743062700816649
0.9999322123298234 -0.005505405264675008 0.010259690933775352 60.567367886362085 0.005497255010724805 0.9999845517809025 0.0008224274403061774 0.24513480247636854 -0.010264060236181611 -0.0007659715524719253 0.999947029774602 0.2805498361965157
0.9999293458878198 -0.004894100171033393 0.010832867389227122 62.02682807346937 0.004885058853226985 0.9999876974307054 0.0008609223173373876 0.2657898652631354 -0.010836947557185936 -0.0008079422948898223 0.9999409521551215 0.30057149440374636
0.9999278325284949 -0.004917624295784889 0.010961145293792078 63.4453933971693 0.004911772280675516 0.9999877799551928 0.0005607435666161404 0.2591710220956172 -0.010963768874292347 -0.0005068644495522702 0.9999397676162805 0.3257687318051602
0.9999405052276743 -0.004476395053138375 0.009947255518571944 64.86121311484774 0.004482839770606019 0.9999897562793175 -0.0006256868404644832 0.2743727826832971 -0.009944352800187385 0.0006702415680153971 0.9999503290782127 0.3198295062638575
0.9999483632149494 -0.0033507446826659877 0.0095939258812664 66.30518276703793 0.003364637061662252 0.9999933138949838 -0.0014322649097383072 0.30763114648834516 -0.009589062581239967 0.0014644710307699772 0.9999529514949256 0.3210362977321285
0.9999509544500631 -0.0029070499038322552 0.009467721756813912 67.68361251852376 0.0029104105405470134 0.999995706537714 -0.0003411988038258473 0.3118141077104667 -0.009466689225557766 0.0003687370267388734 0.9999551219070344 0.3245550405823843
0.9999423235205475 -0.0020666126190866147 0.0105393901441867 69.1359310968517 0.0020500182043048758 0.9999966424771581 0.0015850740590258577 0.33575479158843347 -0.010542630491996123 -0.0015633766958766074 0.9999432027848462 0.3269007227277272
0.9999333321091242 -0.0013278474021574407 0.011470316404545763 70.51271357532048 0.0012724865352366154 0.9999875142810154 0.004832396930464146 0.33819556958904173 -0.011476589875108783 -0.00481747894157323 0.9999225368904764 0.3354129384890834
0.9999288929697965 -7.479735333914101e-05 0.011924907108782553 71.96265720453081 -8.473043741692782e-06 0.9999756206628334 0.0069826934766338295 0.3714016255339741 -0.011925138674442698 -0.006982297998297433 0.999904514732411 0.3340907873161134
0.9999288440783993 0.0005988576106861253 0.011914199494646121 73.34539966305466 -0.0007210435420716243 0.9999471680623825 0.010253837341784993 0.39043262386753996 -0.011907429455870791 -0.010261698377143563 0.9998764477025 0.33439493013805094
0.9999193266078584 0.0007565450413919162 0.012679428839166933 74.70077009506919 -0.0009220641973364691 0.9999143757183367 0.013053391491297715 0.38578601356817344 -0.01266846769357459 -0.01306402967730243 0.9998344068168926 0.37284716444874055
0.9999209030200564 0.0015621132091518902 0.012479884049009902 76.18059388474283 -0.001717190230098892 0.9999213307012097 0.01242512239117392 0.402335093778469 -0.0124594928174702 -0.012445569936479075 0.9998449223893111 0.34295226783388394
0.99991531061886 0.0018975230146832441 0.012875208596274482 77.54863152926109 -0.0020616255390551214 0.999916662250768 0.012744342015978771 0.39846952647703116 -0.012849952923086862 -0.01276980656440314 0.9998358919093583 0.33940807107267235
0.9999129898829547 0.002274651062541883 0.012993791820473586 78.96964948417946 -0.0024372631866800363 0.99991874518336 0.01251250490883195 0.42256251160772096 -0.012964274429715822 -0.012543085484774726 0.9998372860596031 0.33943634800211475
0.9999292966276933 0.001371915864748546 0.011811841198831993 80.2454395958463 -0.001515073313250283 0.9999254093287234 0.012119419608235227 0.38808166705019154 -0.011794333321635877 -0.012136458529779227 0.9998567897833435 0.3374605434571939
0.9999271630950562 0.0011048236109798967 0.012018646740023594 81.6518308280537 -0.0012450149496062402 0.9999312067291954 0.011663264846104608 0.3950059928650396 -0.012004934087620612 -0.011677378724857043 0.9998597503568529 0.3422662039429072
0.9999200768168933 0.0007810465370474385 0.012618634823343997 83.05693338959456 -0.0009298484507230603 0.9999300552314563 0.011790675412180677 0.4134263724585537 -0.012608543149651808 -0.011801466481911485 0.9998508638934707 0.3413044781479399
0.9999334078195162 0.00023592112836952545 0.011537949023560585 84.41004883559562 -0.00037268333394209604 0.9999296867562408 0.011852537732424336 0.4162963829519526 -0.011534341488862536 -0.01185604844740142 0.999863187181942 0.3193946436161081
0.999931468513975 -0.0004015028376904811 0.011700302173743809 85.80559279663126 0.00024203841091369823 0.9999071145180776 0.013627316446748463 0.4305352780830809 -0.011704686791761237 -0.01362355062395649 0.9998386865767415 0.3350472393611522
0.9999205799334853 -0.001425238338610873 0.012522081342987499 87.18635471171899 0.001269195339173873 0.9999215588608267 0.012460548484119432 0.4408768699080152 -0.012538858348081824 -0.01244366589925274 0.9998439539299692 0.3388310047387796
0.9999090252361268 -0.002485916250098639 0.013257506241231311 88.5520908294385 0.0023247681979999347 0.9999234006465818 0.012156820809778457 0.44767330015028667 -0.01328671156322586 -0.012124894216981437 0.9998382120303577 0.3335003765102247
0.9999045177233045 -0.004169438211751156 0.013174643127017757 89.95575707931896 0.004029661493456654 0.9999355044802354 0.01061831945768097 0.4205980713100151 -0.013218065848453002 -0.010564216244265493 0.9998568297863302 0.3371818094535588
0.9998935770343561 -0.004446919471679844 0.01389458573158712 91.30286786522058 0.004309818548356987 0.9999418877298244 0.009881630806468717 0.45633289783719044 -0.013937721102112346 -0.009820696030705166 0.9998546363646829 0.33911188256302066
0.9998922627779778 -0.004375997042221266 0.014011191477585725 92.68684428381555 0.004247601688409082 0.9999488372686774 0.009180453415627267 0.47934310376575356 -0.014050648263753684 -0.009119950378502549 0.999859693051211 0.33692203571910256
0.9998898259782624 -0.0045763601598722775 0.014120652706143122 94.00411922610354 0.004457027749429072 0.9999541888247927 0.008470841480735784 0.4935624530378212 -0.01415877144392099 -0.008406972073111018 0.9998644168144802 0.344617452320248
0.999890804460687 -0.004944684035620707 0.013925848439064303 95.39823340194702 0.0048337773791252885 0.9999564241279906 0.007986516224935996 0.5053225112657981 -0.013964732407352768 -0.007918329681819708 0.999871134848807 0.3303700250770745
0.9998998813143081 -0.005084259144582833 0.013205213235057627 96.75232488492752 0.004981495040748917 0.9999571452646665 0.007803354490073807 0.5165019793930476 -0.013244321605563995 -0.0077367915242358 0.9998823580812489 0.33304640174334066
0.9999059151910327 -0.004321957016802972 0.013018504273851933 98.10371680336198 0.004198976548516353 0.9999464450454875 0.009459156243389926 0.5418461908478763 -0.013058689135146882 -0.00940360188633911 0.9998705130713851 0.33291061835639835
0.9999021660978288 -0.004095440827524358 0.013374812047216562 99.44175794619007 0.003956563540407427 0.9999381584723975 0.010393499688784608 0.5631375393801203 -0.01341655089137448 -0.010339564558447022 0.9998565344922845 0.332377017508924
0.999883636061654 -0.004845507520862786 0.014464971240586067 100.8318442742605 0.00467973991688229 0.999923245193594 0.01147186801798523 0.5257840841957024 -0.014519448007278321 -0.011402840802931346 0.9998295659017025 0.33109070849556793
0.999875571027976 -0.00364981689568062 0.01534670316735559 102.15563281456694 0.003485603368597223 0.9999365346399824 0.010713415017623202 0.6023269931160408 -0.015384831186455752 -0.010658589438148697 0.9998248353789543 0.32578123801348224
0.999883763259815 -0.004895539635611614 0.014439309577204235 103.51085441228628 0.0047202679011581275 0.9999150724231544 0.012147716326092822 0.5500517496834918 -0.014497552908387073 -0.012078146905634222 0.9998219538132749 0.3073041044371062
0.9999143486398702 -0.005509700317422658 0.011871755831229201 104.81160878430983 0.005362707536323997 0.9999090068441049 0.012378182415666442 0.552712489307271 -0.011938875658284815 -0.012313457453041073 0.9998529101890777 0.30593984598827284
0.9999137411966478 -0.00501630251346182 0.012138652116959648 106.08810841510424 0.004889567687319396 0.9999334650497813 0.0104478515192668 0.5959599574941223 -0.012190254056181703 -0.010387597538938451 0.999871739536334 0.29550206335322254
0.9999051364794215 -0.0041221592150509885 0.01314252051454631 107.4824161300321 0.003993454638444763 0.9999439630355652 0.009804239326889794 0.6289902896321983 -0.013182198683079556 -0.00975082520272098 0.9998655664866881 0.28923148596915643
0.9998847751854816 -0.0035353363741290303 0.014762714824874384 108.82767814896974 0.003433439015071929 0.999970148294185 0.006921995162921864 0.6178320916066378 -0.014786745713935423 -0.006870510696265015 0.9998670652811621 0.27371480166454787
0.999868082887436 -0.0031538329483422087 0.015933303509859553 110.12238425530755 0.0030502365933901395 0.9999740794590991 0.006521998670010277 0.601118581297135 -0.01595345980430876 -0.006472537961358217 0.9998517857025665 0.29065672133800685
0.9998755832435874 -0.0023228067277835302 0.015602006351787474 111.46620743684747 0.0022062873372324003 0.9999695807885884 0.007481296256686193 0.6306095290367005 -0.015618909356335385 -0.007445942949022806 0.9998502925959059 0.28506721930521184
0.999898240229166 -0.0030088589472294083 0.013944746482196237 112.78391741491056 0.002877172919755521 0.999951171869086 0.009453875059011548 0.5791043490069633 -0.013972510962846739 -0.009412791587900617 0.9998580740744738 0.29195850347738056
0.9999076276934253 -0.0014427138738638573 0.013514978993110955 114.12680816442844 0.0012938706652766067 0.9999384906535823 0.011015480386129225 0.6509222440546498 -0.013530039881966585 -0.010996976225936917 0.9998479907139277 0.31710605605810915
0.9999007437374658 0.0014838579068821886 0.014010740129443255 115.46171274142435 -0.0016501773843655867 0.9999282258010483 0.011866767081557395 0.721653833512621 -0.013992125923630645 -0.011888709437108347 0.9998314252913125 0.3189841996008453
0.9998813997476418 0.0021449531667349334 0.015250757837206965 116.82630575553024 -0.0023423860473411203 0.9999135346981166 0.01293972005584483 0.70772598345474 -0.015221684082316172 -0.012973908564150012 0.9997999690089349 0.3137081651815895
0.9998584889117206 0.003127832702047152 0.01652933192112596 118.10587710819381 -0.0033634442625011546 0.9998928689499751 0.01424562619477496 0.6838126767578191 -0.016483003180967883 -0.014299205767322003 0.9997618933128827 0.29889753816328607
0.9998442960540486 0.004137376486845796 0.017154176284220054 119.50138788745231 -0.004383183911293148 0.9998879056819813 0.01431655579044777 0.6861774632807585 -0.01709302041722829 -0.014389516555719245 0.9997503540716097 0.29223045375061274
0.9998427851535651 0.00542575428589935 0.016880940933226344 120.83195829920417 -0.0056714500667809035 0.9998781901769334 0.01454095810599431 0.7005477799342793 -0.01679998900303339 -0.01463441146508173 0.9997517663753182 0.2745552466884855
0.9998461158759391 0.006480808208048175 0.016301646934240698 122.14889710410178 -0.006756677917334241 0.9998339311676258 0.01692505212437283 0.6989388695513484 -0.016189251722039274 -0.01703259260540875 0.9997238613326275 0.27923413700107486
0.9998392314961092 0.007550144690563246 0.016263655075699105 123.45969146728963 -0.007834535996743277 0.9998162703697228 0.017494157587418104 0.6942549123108124 -0.016128583539340567 -0.017618763269005126 0.9997146832841285 0.2693457100021297
0.9998428340213807 0.007908902887228661 0.015866836837064725 124.8570252708403 -0.008230244662646918 0.9997602527168941 0.020290395763639477 0.6787408963975144 -0.015702558036403493 -0.020417794752924056 0.9996682166241663 0.27811184327140237
0.9998377394254894 0.009651671839471306 0.015209866903762345 126.18090293648329 -0.009968420299619309 0.9997321074410905 0.020888847458058083 0.6887790604171125 -0.015004179992826872 -0.02103707636766665 0.9996661022564703 0.2636542527705067
0.9998327416306734 0.010681360653510934 0.014845783841904197 127.51489216877518 -0.010982369425944896 0.9997327130803868 0.020344285652757515 0.6873293456362998 -0.0146245111057767 -0.020503924783283636 0.9996828060657031 0.2576870965827414
0.9998180972438363 0.011714222104207184 0.015051558863056235 128.83873876264468 -0.012012105914269777 0.9997307016905744 0.019855311852906128 0.6903197612696628 -0.014814915970706954 -0.02003250103619349 0.9996895603971344 0.23123496688742975
0.9998007222773806 0.012268222522870412 0.015748220526694296 130.18560417549972 -0.012577543629164977 0.99972691420019 0.01969523851143383 0.6626733436052864 -0.015502294342596904 -0.019889387619913036 0.9996819950015207 0.26590892696914586
0.999802896512956 0.01217526740324462 0.01568218696365108 131.52528344849387 -0.012471327812552179 0.9997431902518266 0.018921403956679024 0.6186418966553522 -0.015447786472348759 -0.01911325217642082 0.9996979791338708 0.2562542081948093
0.9997973420911085 0.01272562037731026 0.015599145283239933 132.86309719602195 -0.013021080384094792 0.999734921077567 0.018987865695278196 0.6497572541475611 -0.015353377908003913 -0.01918713537877832 0.999698018214886 0.26060594442217383
0.9997935689329652 0.012449754038978526 0.016056872193953783 134.18883757098448 -0.012779198792427983 0.9997065219188556 0.020580624653498865 0.6296066856271657 -0.015795936139008527 -0.020781570134942546 0.9996592493165952 0.2662832839435172
0.9998062227267239 0.01158086135196008 0.015918562977455218 135.52711574801398 -0.011878512595867379 0.9997539618508332 0.018732770806072004 0.5837003577814014 -0.01569770478223968 -0.018918229671660104 0.9996977956615989 0.2687635762253571
0.9998267843318208 0.010555747246738297 0.015328976898467492 136.86315619814266 -0.010848191956343546 0.9997583084926718 0.01912175021147948 0.5892783764118037 -0.01512342765278746 -0.019284729708628774 0.9996996454616237 0.2710803532615136
0.9998153151600849 0.010210999731315463 0.016281002912200894 138.2028260966909 -0.010515809732011723 0.9997689488954882 0.018747441694558102 0.6171656768457925 -0.016085811046389484 -0.01891518725516096 0.9996916836575575 0.2810830516801311
0.9998416470318836 0.007820779340493843 0.01598487632350232 139.5610711665754 -0.008120678345311477 0.9997905967899878 0.018783427630014 0.5304630574252944 -0.01583462799633606 -0.01891026125751014 0.9996957870149251 0.25974324181856756
0.9998429149582887 0.007302514908229401 0.016149881848710284 140.91186919660382 -0.007591348668425198 0.9998110311979639 0.01789618172288445 0.5635507234219267 -0.016016142891052562 -0.01801596988449947 0.9997094117772495 0.2552561263556103
0.9998579314258176 0.005917678400578641 0.01578284027773551 142.22767532242935 -0.006206526831098412 0.9998129900860039 0.018315673069237776 0.5607713778742398 -0.01567150246721867 -0.018411027609334343 0.9997076763098242 0.2556604725990633
0.999867673831224 0.004859283431342038 0.015524889431839826 143.5754489189389 -0.005146810965367223 0.999814974799544 0.018534467984650905 0.5607700849262466 -0.01543195270287409 -0.018611919060676104 0.9997076829276922 0.2498695853932596
0.9998986418533988 0.004971045654349897 0.013341466367340089 144.91729459808636 -0.0051851664881387835 0.9998575375081463 0.01606296163962023 0.5633708921636786 -0.013259715993141795 -0.016130511251910073 0.9997819695006173 0.2428724747164272
0.9999043890238599 0.0035102817302055662 0.013375004037235965 146.23535010312796 -0.003708651521628717 0.9998830692077512 0.014835559159632276 0.5431273278009523 -0.013321363095142114 -0.014883743946413924 0.9998004878231582 0.2697541762677681
0.9998678743576587 0.0026689285986824154 0.01603467017536251 147.65420838494555 -0.0028027429701702744 0.9999613883894177 0.008328647078100122 0.5351001307638729 -0.016011822486546805 -0.008372487709368088 0.999836748169528 0.2871450255469495
0.999847606828184 0.0015561412750116767 0.01738797125272596 148.96874859410474 -0.0015756634041644724 0.9999981435957505 0.0011090941752720687 0.5383763250879792 -0.017386213066398218 -0.0011363227468684403 0.9998482026616965 0.28861625183178485
0.9998402470429706 0.0006863432302719413 0.017860832176072112 150.25958420909222 -0.000682896217105352 0.9999997470076967 -0.00019909118354660254 0.5557336126424101 -0.017860964302305073 0.0001868622834139193 0.9998404627922791 0.31666735118238803
0.9998667040511012 0.000854929829249513 0.016304699475135357 151.600860358505 -0.0008942208754476592 0.9999967137900406 0.0024026606388353935 0.5624649098905116 -0.016302591788219856 -0.002416920376544225 0.9998641827752808 0.33942464615214163
0.9999125883557225 0.0013750114268646686 0.013150094727246176 152.9423931186569 -0.0014809648385067885 0.9999664943570539 0.008050894758425435 0.5240699508997146 -0.013138584052578218 -0.00806966584439078 0.9998811219851353 0.3334009824265562
0.999901119249846 0.0026782205103953478 0.013805030163051157 154.3210030096964 -0.0027677316189862406 0.9999752460173786 0.006468926817354796 0.5551413438277031 -0.013787363221091928 -0.006506495783501741 0.9998837803105063 0.32464670894682907
0.9998796628170303 0.003927478190043622 0.01500782462478748 155.66650843531016 -0.003942917912571277 0.9999917273371073 0.0009993276155219096 0.5779777918554194 -0.015003775632698935 -0.0010583819797935967 0.9998868768737534 0.26240060962492073
0.999842468616216 0.00396210969805633 0.017301434569760136 157.01175141546844 -0.0037822468173149644 0.9999385966793506 -0.010416212360740092 0.55138953320734 -0.017341642380237055 0.010349133184556658 0.9997960606453119 0.2348036629205115
0.9998443171393674 0.003803755705760906 0.01723000077315806 158.3446558339747 -0.003608632391609813 0.9999291704841654 -0.011341595439405246 0.5193098660295045 -0.017271921038910537 0.01127765300848562 0.9997872250065241 0.2154348984570086
0.9998487664927163 0.0030628551203408 0.017119084715762813 159.67590926405614 -0.0028699235458617043 0.999932224198572 -0.0112831976025143 0.49391483059458025 -0.01715248325562717 0.011232360740658129 0.999789791101288 0.2168345899306622
0.9998481413556105 0.00422353306960575 0.016907276425878085 161.04667474877007 -0.004049040052200284 0.9999383269218194 -0.010341548600107565 0.5032252092671072 -0.01694991157460074 0.010271519907134262 0.9998035788975804 0.1993239723581694
0.9998514638536048 0.005381211389786582 0.016373539439654423 162.3900633065447 -0.005230416804337807 0.9999436441162219 -0.009238578441684606 0.5117283876084897 -0.01642233143790456 0.009151565743013054 0.9998232623191935 0.18427937231961541
0.9998495992822538 0.007472737979243292 0.015650463322532487 163.72824097957354 -0.007341398510325476 0.9999374942972084 -0.008432755571769287 0.579551844036071 -0.01571250085215433 0.008316590991156772 0.9998419633278336 0.18126751155628756
0.9998497463300617 0.007907842951632793 0.0154256534241967 165.07066517144725 -0.007782569752394354 0.9999363859644632 -0.008164290071835376 0.5721260977781336 -0.015489234059831243 0.00804301213353957 0.9998476851921294 0.16613660261278496
0.9998370553029526 0.007903313649511173 0.01622961726221607 166.43278151111224 -0.0077745125172050435 0.9999379044594432 -0.007983995264099535 0.5786257136330415 -0.016291709494107534 0.007856516951855451 0.9998364142914304 0.16978596467484794
0.9998469964346783 0.007533438280604409 0.015787052550261808 167.75257718519987 -0.007404055346132816 0.9999386558256896 -0.008237994291353233 0.5484566946433204 -0.0158481445281082 0.008119845638021112 0.9998414396402217 0.1492186733070516
0.9998728198033652 0.007045563980140093 0.014307489181158832 169.12610093146859 -0.006945438369041618 0.9999511280224855 -0.0070357979235177144 0.5489568404852166 -0.014356361110290764 0.0069355313250308494 0.9998728885717976 0.14503630715945648
0.9998923666813496 0.006393024640393885 0.013205464335520587 170.51738971102586 -0.00632693004835132 0.9999672794986295 -0.00504082218222183 0.5441404046924804 -0.01323725834652549 0.004956729572694794 0.9999000979214926 0.15570379785503188
0.9998933251960135 0.006348165310494489 0.013154429886912193 171.8301133294391 -0.006288372003180715 0.9999697309373291 -0.00458187589041364 0.5500232235414731 -0.013183118220234063 0.004498667171082478 0.9999029789872991 0.13588739504049804
0.9998848484637528 0.006436784539690706 0.013742547704392231 173.22221749836856 -0.006382601472649052 0.9999716988578343 -0.003982948884699119 0.5541491159169623 -0.01376779615839934 0.003894777036800248 0.9998976340109893 0.11367492167773423
0.9998561038430369 0.00608969741816442 0.015833104344297362 174.58527045601357 -0.0061549111797607504 0.9999727620245014 0.004073361935709931 0.5615359982967828 -0.015807867540926022 -0.004170227145520497 0.9998663513336987 0.15638833982180467
0.9998419002410723 0.006552883728232221 0.0165297984611383 175.97473094731953 -0.006620383624527676 0.9999699558228501 0.004032117596392684 0.579029299626074 -0.016502879839157363 -0.004140913726621589 0.9998552434180275 0.14024380547314821
0.9998314802471413 0.005179404374111419 0.01761206623709297 177.4637041592761 -0.005223769504071426 0.9999832957667164 0.0024739482015664546 0.5463297237237603 -0.017598958462893423 -0.0025655326669399544 0.9998418348434698 0.13124851312834213
0.9998448388831536 0.0039126559609626846 0.01717525202294797 178.86788159553393 -0.003948779301195576 0.9999900614623892 0.002069811217748915 0.5406908221586914 -0.017166982866860577 -0.0021373113432097426 0.999850352102489 0.09511741066349602
0.9999131403743661 0.0023407015532948276 0.01297045962607842 180.20948156330834 -0.002315267138774316 0.9999953682246671 -0.001975618204168424 0.5466205702562531 -0.012975023882422682 0.0019454165237637558 0.9999139283507353 0.05967675424712493
0.9999578936318227 0.0031105253789029063 0.008633399983514927 181.64225272142528 -0.0031200738646336478 0.9999945355083453 0.0010927454085117856 0.5959161798791627 -0.00862995379404691 -0.0011196362426227845 0.9999621344391981 0.05977810955234216
0.9999680372109258 0.0014600502077963687 0.007860840280743665 183.03089679146234 -0.0014984150664185936 0.9999869855652641 0.004876828106985186 0.5679608620556535 -0.007853617562459872 -0.004888451031468427 0.9999572109533966 0.06726800435384074
0.9999528539739905 0.0005567827500157596 0.009694319070508547 184.35986284749404 -0.0006387452175497187 0.9999640632732811 0.008453648119975577 0.5749531472448423 -0.00968926384296548 -0.008459441764005125 0.9999172745838641 0.07909367591199001
0.9999258204246514 -6.287407840481778e-05 0.012179888954261609 185.78425898370617 -8.747838585864475e-05 0.9999238135668715 0.012343395376324407 0.6025762282446162 -0.012179737091574955 -0.012343545225522687 0.9998496341428772 0.08617305359792068
0.9999167384601085 3.185971501226093e-05 0.012904074250306657 187.17754368646052 -0.0002150869748003737 0.9998991796153399 0.014198040081778754 0.6045763450059277 -0.012902320911066316 -0.014199633429391201 0.9998159333225185 0.08349804714658243
0.999916207794486 2.2540653851299422e-05 0.012945148968369397 188.62661772162463 -0.00021472077527994309 0.9998897908831909 0.014844527023706557 0.5953070794813642 -0.012943387689589402 -0.01484606276047003 0.9998060127522884 0.09403371484206445
0.9999169998572655 7.793670963703793e-05 0.012883606727730921 190.03361811110076 -0.00027818315133585074 0.9998791822500726 0.015541670343325199 0.6045815987380087 -0.012880838892706303 -0.01554396438478846 0.9997962138159079 0.09701293220793006
0.9999085132672629 0.00028069410628664627 0.013523546371817222 191.44471383590232 -0.00044292171841867485 0.9999279660693873 0.011994435905434113 0.6366198133771381 -0.01351920545014935 -0.01199932844608022 0.999836610252315 0.09225148775607467
0.9999061855714857 0.0005796878639899366 0.013685175112582122 192.83017764193934 -0.0007420907698682164 0.9999293333456173 0.011864974348004266 0.6145307935124222 -0.013677330045406184 -0.011874016884351548 0.9998359557276679 0.10175485753923909
0.9999001240556608 0.0002484376657767869 0.01413082418687901 194.19911823941672 -0.0003911359148415134 0.999948952547514 0.01009649997898086 0.6059135284331533 -0.014127594493415451 -0.010101018654356737 0.999849178874481 0.10036343835511514
0.9998944008515235 0.0009075963016147691 0.014503910325358785 195.6616857520318 -0.0010334424981649636 0.9999618672072628 0.00867157009817876 0.6217963865406881 -0.014495486965802168 -0.008685643345080239 0.9998572100341659 0.09027618528656374
0.999884401858579 0.0013386238684809364 0.015145659643951193 197.06276499219314 -0.0014262671560662246 0.9999822937083915 0.005777372387500647 0.6096801804008191 -0.015137657741909921 -0.00579830629089748 0.9998686068490429 0.09526440156833775
0.9999132354704301 0.0020837706872137932 0.013006899353006095 198.47980666150107 -0.0021962493818594004 0.9999602684211436 0.008639332599631348 0.6488861594220682 -0.012988380180330572 -0.00866714940666649 0.9998780838189492 0.11425293823308956
0.9999495817912836 0.002632501421787265 0.009690397912429007 199.91299952527248 -0.002783216566443689 0.9998748668232875 0.015572552798346016 0.6661876478808272 -0.009648190554772113 -0.015598738134134085 0.9998317817451301 0.14727279328439377
0.9999682151282849 0.003718682642272696 0.007052668470732557 201.38217365531372 -0.003899872831805302 0.9996581302934745 0.025853694707923508 0.6729593613189104 -0.006954115691283274 -0.025880377461714597 0.9996408586774509 0.10508748008186411
0.9999393455237718 0.0030903774023943315 0.01057141622496278 202.81072431260378 -0.0034300090864257692 0.9994735744842839 0.0322615707192871 0.6781308570750384 -0.010466150732608074 -0.03229587396432084 0.9994235519606904 0.11687388475790078
0.9999242322598536 0.004369609375283477 0.011508095126897312 204.2853991605969 -0.004722456572529048 0.9995139725788506 0.030814234106425836 0.6851969086197471 -0.011367855710856823 -0.030866245861012557 0.9994588769544172 0.11099870282160454
0.9999185254346977 0.004551472531201846 0.011925879015713464 205.7317287996844 -0.004898494794308357 0.999560637184737 0.02923247063785122 0.7011778226886308 -0.011787588440807288 -0.029288507791289314 0.9995014937808296 0.11850321356138309
0.9999194336048336 0.003310802802359435 0.012254178234087377 207.15415634526198 -0.0036419926299855908 0.9996259902773637 0.027103790356390666 0.6801038462808559 -0.012159859747218409 -0.02714623632852138 0.9995575119342179 0.13012545066838901
0.9999207033852127 0.002903456254985063 0.012253851777993294 208.58747290345514 -0.0032073449475998835 0.9996859690082721 0.024853094503080795 0.7049192128729178 -0.01217784381607626 -0.024890426066408497 0.9996160096808294 0.12167052217601386
0.9999298767275171 0.0027389713227067253 0.011521270059584544 210.09037645826018 -0.003030913365358205 0.9996728053915583 0.025398734707526422 0.7190179073171613 -0.011447933956141696 -0.025431873636541306 0.9996110066478214 0.09832080185020912
0.9999334574866094 0.0017705874488779404 0.011399369235215562 211.57392199479924 -0.002093734837777479 0.9995944858306768 0.028398594530961704 0.6913482390781038 -0.011344464434427041 -0.028420572073601318 0.9995316774418433 0.10355202853780374
0.9999216515064282 0.0013934881268814212 0.012439816698698964 212.9971715952157 -0.0017676879532941073 0.9995447062167724 0.030120683148393935 0.7069580210812527 -0.01239218011315071 -0.030140312952363385 0.9994688566469576 0.10335223393432846
0.9999234990380655 0.0006351171919089314 0.012352841682154276 214.42287202486457 -0.0010045241888174403 0.9995517486405813 0.029921442490468523 0.7130590668504896 -0.012328300881545151 -0.029931562199605893 0.9994759199608889 0.11019124479062348
0.9999341359806209 0.00048119760864638714 0.011467002640215163 215.9218574248049 -0.0008427961630240596 0.999501822718264 0.03154989821688253 0.7145385259788624 -0.0114461083044352 -0.03155748455960152 0.9994363970623411 0.11586692342428673
0.9999386081685273 0.0005280728964539886 0.011068018476884253 217.43541456032386 -0.0008737998422674382 0.9995110595542044 0.03125505243424383 0.7171303281774798 -0.011046101928928319 -0.03126280486213142 0.9994501591696947 0.10615930738340279
0.9999420005357643 7.549396787319071e-05 0.010769859107449953 218.81777208909014 -0.00042350212704579063 0.9994776591945136 0.032314538786805014 0.7250344088558638 -0.010761794017815787 -0.03231722561910834 0.9994197219976209 0.11285860759242604
0.9999487068772834 -0.0005294773725870742 0.010114507806142235 220.40416523821153 0.00019833469734616268 0.9994647877114162 0.03271236445629306 0.7097669746535911 -0.010126414854054841 -0.03270868047912412 0.9994136270551438 0.10234491316882631
0.9999474513696962 -0.0004405842994804965 0.010242088884795966 221.84739799159019 9.89181710572034e-05 0.9994442086459786 0.03333562687589653 0.7492995228248643 -0.010251083574161537 -0.03333286200566359 0.9993917328035423 0.11730698222175476
0.9999512095279482 -0.0006565654362569767 0.009856342395707396 223.4078394323014 0.0003055553986956066 0.999367070961209 0.03557195685244592 0.7361600510285863 -0.009873459347758226 -0.03556720962124888 0.9993185119871774 0.1317007216026156
0.9999498135466113 -0.001265857541587265 0.009938208731041814 224.89431853045699 0.0009324780024749711 0.9994390033270649 0.0334784873221296 0.7232247987933063 -0.009975012424666417 -0.03346753999456038 0.9993900254124214 0.12670284194067116
