1.0 -2.1684043449710093e-19 -2.5135375298442207e-37 0.0 2.1684043449710093e-19 1.0 2.3183291766350204e-18 -8.673617379884035e-19 -2.51353752984422e-37 -2.3183291766350204e-18 1.0 0.0
0.9999996051914599 -0.0005752610969017927 0.0006772677421528302 1.3273295959154128 0.0005753946731389207 0.999999815046159 -0.00019704978524805178 -0.005147312860110633 -0.0006771542618139539 0.00019743940370223732 0.9999997512398627 0.01419092852461359
0.9999989964575571 -0.000256753136105596 0.0013932557934933718 2.6196409972641304 0.00025829910646080786 0.999999351097314 -0.0011095433847212802 0.02032841627822153 -0.0013929700106622728 0.0011099021479739318 0.9999984138746277 0.022673697798380337
0.9999993227608226 -0.0008135858848409478 0.0008321994377205927 3.9466004929209526 0.0008154597174902545 0.9999971276846683 -0.0022538074147064025 0.014169055977151854 -0.0008303633814816335 0.0022544845134581026 0.999997113893952 0.05656655771680532
0.9999995092628841 -0.00022523092343915257 0.0009647512747028941 5.249277602457016 0.00022866764989991695 0.9999936239812197 -0.0035636649692096863 0.014463267343946856 -0.0009639424758788055 0.003563883827793742 0.9999931847502587 0.06965646766364637
0.9999967191615868 -0.0004159774033195639 0.0025275737105412846 6.575796798354167 0.00042483633276474355 0.999993765861863 -0.0035053889227691826 0.023664752744771735 -0.0025260997907159033 0.0035064512273005307 0.9999906617662175 0.07156349286587615
0.9999943009843297 -0.0007335839662112337 0.003295429171795476 7.907594952606447 0.0007501071879384987 0.9999871407305931 -0.005015547094734076 0.02087870010843301 -0.0032917074700534706 0.005017990436161694 0.9999819920548141 0.10048557267023576
0.9999909654138577 -0.0002671431758734436 0.00424237258907846 9.224578287817724 0.00028758309409442404 0.9999883512449729 -0.004818160471048307 0.04000724686367827 -0.0042410360320293316 0.004819336975597952 0.9999793935899333 0.11741328968451518
0.999994776655843 -0.0009994978210227923 0.003073705440727379 10.554031551683565 0.0010114807917975528 0.9999918855180508 -0.003899462098966515 0.031846081884137525 -0.003069782995328985 0.0039025507247468848 0.9999876731891261 0.12318656791077968
0.999999275077915 -0.00049848133759688 0.001096065691778123 11.874282600007348 0.000500118081850092 0.9999987596337726 -0.0014935236256961948 0.059143908285160154 -0.0010953198386005863 0.0014940707052792878 0.9999982840121172 0.13143005659442566
0.9999996991517999 -0.0007475920822874818 0.00020688738127733888 13.223872099971798 0.0007471348852498636 0.9999972982345126 0.002201207200291643 0.05922905377769056 -0.00020853242739056458 -0.0022010519652825478 0.9999975559392497 0.1522610461895561
0.9999997777443849 -0.0006645310913064251 5.394079675528604e-05 14.56018681168833 0.0006643621517066405 0.9999950552832142 0.0030737651264895276 0.07693071987297617 -5.59831425272486e-05 -0.0030737286071041716 0.9999952745180037 0.15348435326635088
0.9999992882753481 -0.0002534517211738475 0.0011658520584305644 15.914333580729753 0.0002456443481713254 0.9999775782434911 0.0066919854405746455 0.0882273556510733 -0.001167522013207569 -0.00669169429275468 0.9999769287937802 0.175038495156002
0.9999917801895806 -0.00015186626799817672 0.004051726781289116 17.26954642104134 0.00013783425390666643 0.999993993353831 0.0034632727262881493 0.08766784320584518 -0.0040522283983039685 -0.003462685792104976 0.9999857945251588 0.19321242812373723
0.9999820756197652 0.0001698866960898216 0.00598494592263092 18.617484881289077 -0.0001662982774900059 0.9999998061324297 -0.0006000666512746166 0.08163965171261324 -0.005985046705684814 0.0005990606092539885 0.9999819100075346 0.2050546618409385
0.9999906540440195 -0.00014928454832467865 0.004320826163791856 19.955769748920893 0.00016440595923441681 0.9999938631683141 -0.003499513736455655 0.08574022303953568 -0.004320277224281442 0.0035001913997244646 0.9999845418129576 0.23223634026142087
0.9999979851511307 -1.9198209352901204e-05 0.0020073178890601478 21.313204998266045 2.6288192520795644e-05 0.9999937617654948 -0.0035321012196085897 0.09406832234865091 -0.00200723755692176 0.003532146871717559 0.999991747433881 0.24338386263194442
0.9999996779262279 0.0003066938882896685 0.0007416780294285929 22.664783203641377 -0.0003057496293016468 0.9999991430992271 -0.0012729171126392757 0.09148569997584675 -0.000742067789782862 0.0012726899348835007 0.9999989147972735 0.27750018969318063
0.9999966155080021 0.0008125477034690857 0.0024715862862439006 24.04347269504833 -0.0008155735688025464 0.999998918944346 0.0012234990367777203 0.10242677446534455 -0.0024705894629890412 -0.0012255106563030963 0.9999961971484375 0.2578597406937694
0.9999695414418869 0.0018107761939852465 0.007591921896195883 25.425507129901074 -0.0018170134766385012 0.9999980173190997 0.0008147514316708177 0.11603207727865704 -0.007590431511340858 -0.0008285212399159633 0.9999708490261238 0.2605877226027043
0.9999673897592366 0.0016855472270151156 0.00789799649560843 26.792459776387407 -0.0016830930326598315 0.9999985332351446 -0.00031737265574450986 0.11344307021142813 -0.007898519857704563 0.000304069243272064 0.9999687599750068 0.28101277360005283
0.9999728168232231 0.0018143918456971532 0.00714657938169944 28.16282642994659 -0.0017873820324467908 0.9999912433428612 -0.0037839797923547324 0.11942371097525674 -0.00715338242363361 0.0037711032641828124 0.9999673034155028 0.31291610907592937
0.9999888801053013 0.0015412407847246172 0.004456931970423648 29.532608834024238 -0.0015194186050745278 0.9999868627280091 -0.0048954814366428115 0.12030008912148903 -0.004464418534147123 0.0048886550540473235 0.9999780847693187 0.3001164160406787
0.9999940483129732 0.0022153779802358857 0.002644889229353184 30.92969793775472 -0.002201976514000369 0.999984778114579 -0.005059134171778165 0.13386210379622737 -0.0026560568635956 0.00505328007742978 0.9999837047284302 0.3250199110371209
0.9999958952427348 0.0024096407359578747 0.0015502029560093304 32.31030371135311 -0.002407643722568422 0.9999962711084287 -0.001288806014554339 0.13237976838504004 -0.0015533027349440116 0.0012850683879027448 0.9999979679228613 0.325480509900484
0.9999945189465397 0.00330957072456384 -9.390685858436558e-05 33.683956206817946 -0.0033095699859280953 0.9999945233260976 8.019927023593174e-06 0.13575170573029285 9.393288680281432e-05 -7.7090917453008e-06 0.9999999955585914 0.3515286335146464
0.9999929846703803 0.0037326885170160273 0.00031248433462616036 35.06753896394231 -0.0037330576758566984 0.9999923249654082 0.0011892395326588048 0.14959145199857893 -0.0003080428755505457 -0.0011903977117954476 0.9999992440311515 0.3680013414765609
0.9999942892678563 0.002881010449808126 0.001766694784912853 36.468547315749305 -0.0028808012811993087 0.9999958431714658 -0.00012092876974140064 0.14468446171348406 -0.0017670358381148676 0.0001158385825497231 0.9999984320816556 0.38276245909007667
0.9999919786650118 0.002572458321822622 0.003070026680213836 37.87433851844309 -0.0025776220294674856 0.9999952680562874 0.0016792050819294346 0.15274263186457226 -0.0030656924679333323 -0.0016871049808649308 0.9999938775844959 0.39737146153151454
0.9999886560751886 0.0024508018799865765 0.004084273629819436 39.2670087820492 -0.0024650222073977733 0.9999909054145131 0.003480338170304106 0.1584997003749281 -0.004075706865712987 -0.0034903665148081774 0.9999856028739299 0.40189954503856656
0.9999905055079774 0.002661326927287618 0.00345054095552488 40.667455689311105 -0.002683735155453174 0.9999752355246471 0.0065058360755533935 0.1567047545895922 -0.0034331413479560435 -0.006515034644012347 0.9999728835643856 0.4264613782918891
0.9999880330194334 0.002694871204286182 0.0040830732440929295 42.08967735526662 -0.0027244997979101863 0.9999698736929395 0.00726834282196442 0.16930193012689929 -0.004063362988400836 -0.0072793801740755025 0.9999652492489455 0.4294951859496451
0.99998758284933 0.002407746519167548 0.004363130052365257 43.47648114474424 -0.0024495959147967064 0.9999508054153526 0.00961177554054711 0.17630132597295955 -0.004339772690893796 -0.009622344095234017 0.9999442868815763 0.45276689363995337
0.9999874616894298 0.0019224023911535442 0.00462394128182851 44.8991980449046 -0.001959779129525015 0.999965335523469 0.008092404908279853 0.17234259914089997 -0.004608224136778605 -0.00810136534681413 0.9999565651316175 0.452491709884791
0.9999923195409995 0.0011035173011513357 0.003760732452267187 46.3000578716434 -0.0011312069222200163 0.9999722111467114 0.007368670521608223 0.1712054767319563 -0.0037524964904177343 -0.007372868093419015 0.999965779207552 0.4706771707718099
0.9999888131409823 0.00018847475854156422 0.004726316764129223 47.73310342995694 -0.00022108310294966096 0.9999761720634495 0.006899741124987595 0.17660137416466234 -0.004724903718710719 -0.006900708847332109 0.9999650271395761 0.4831613047821708
0.9999839905140588 -0.0007762282983546476 0.005605014291463118 49.14074584453053 0.0007374995972840442 0.9999758646462739 0.0069084165538098805 0.17896514975119654 -0.005610241520886443 -0.006904172257829461 0.9999604280147848 0.49086275064367996
0.9999841259016662 -0.0016821010046677335 0.0053775906213443594 50.56584314064589 0.0016343937187832775 0.9999593816960991 0.008863617496667794 0.19906473377073197 -0.005392281692630382 -0.008854687694398346 0.9999462574578606 0.5171783824963678
0.9999775061741207 -0.003162413294851927 0.005914920788894666 52.01415934599128 0.0031157215818742056 0.9999640469503799 0.007886512894973214 0.19538097409656902 -0.005939648542683129 -0.007867906250768325 0.9999514071325759 0.516673595993491
0.9999613408486207 -0.004314256869266533 0.0076618532937378185 53.42531783055624 0.004251468848699459 0.9999574042720527 0.00819235339369962 0.211586593705435 -0.0076968708484235725 -0.008159462553667986 0.9999370886960729 0.5236091817681278
0.9999517980230342 -0.0048412434363038215 0.008541896305357852 54.86836981565737 0.004781510611916551 0.9999640711383116 0.006999542039432356 0.2236771381064698 -0.008575475891702475 -0.00695836147983824 0.9999390193500535 0.5363925370262681
0.9999489331419272 -0.0055017377596999935 0.008477145152997523 56.277144318852905 0.00546259347823613 0.9999743432802519 0.004633881064547739 0.22450100166806639 -0.00850242205568685 -0.004587337228974264 0.9999533314891924 0.5371501389493267
0.9999480017223187 -0.005752094785826552 0.00842064469720486 57.70598129973537 0.005722417863467033 0.9999773461504005 0.0035441670104355344 0.2445107974092583 -0.008440840321767184 -0.0034957962722179828 0.9999582649406351 0.5566084168014914
0.9999452563235228 -0.0058611236143324115 0.008667847833327458 59.15789915543221 0.005843698142222582 0.9999808561845045 0.002034319672005418 0.255151596407321 -0.008679605296716486 -0.001983556019586759 0.9999603641932066 0.5631036760016942
0.9999370571490843 -0.005646327681474883 0.009695397038914304 60.560078760319335 0.005633729601900264 0.9999832509914192 0.0013262079040865344 0.25575573104244054 -0.00970272285502634 -0.0012715031834798366 0.9999521190781351 0.5788733374902806
0.9999323831795254 -0.004979041303523891 0.010508958873872147 62.0022115855202 0.004996296355038274 0.9999862121668942 -0.001616322628634205 0.2704607834558897 -0.010500766240973288 0.00166871921095397 0.9999434730446254 0.5695247053969308
0.9999409848085692 -0.004301523789719551 0.009976161243450903 63.41956500711212 0.004326265113609544 0.9999876163511817 -0.0024597915457950123 0.2833732521991769 -0.009965456850321519 0.0025028058990813422 0.9999472114228811 0.5953556140124651
0.99994974876168 -0.0037611081330033397 0.009292686213620008 64.82609524714661 0.00379117978384102 0.9999876273908976 -0.0032205622132925856 0.29478517509773816 -0.00928045835611272 0.003255630620163935 0.9999516358114353 0.6024769414272375
0.9999531851193996 -0.003305693762864852 0.009093951743542685 66.29041117773068 0.0033328816997242007 0.9999900171838582 -0.0029761438477826385 0.31288015736330516 -0.009084022740139424 0.003006313585307983 0.9999542202568492 0.6209347115565891
0.9999516203460822 -0.002778513007147538 0.009435933060048978 67.64955728083538 0.0027929255940527973 0.9999949527919809 -0.00151458152297001 0.31908064230277977 -0.009431677150470014 0.001540862106987278 0.9999543335623365 0.6216783186512497
0.9999432866598026 -0.0020023917717829813 0.010460109520659443 69.13923448565501 0.00197707884727681 0.9999950937770897 0.002429728581794602 0.34262140294755494 -0.010464923469550321 -0.0024089103224974604 0.9999423396015565 0.6420945756003587
0.9999324210348207 -0.0013739400069226401 0.01154407433705381 70.50373928657713 0.001314602182851266 0.9999858944947155 0.00514612793316842 0.35076696763498655 -0.011550981973100366 -0.005130604297845527 0.9999201226673039 0.6466741110962456
0.9999209941682012 -0.0005649211957893957 0.01255732000542622 71.96311247390085 0.0004521177689956213 0.9999595398988318 0.008984105678337536 0.374289677299468 -0.012561887246711303 -0.008977718494090032 0.9998807926745277 0.6532349001134787
0.9999265586062158 -0.0003728862878940208 0.012113560572609407 73.3308168839855 0.00021975680312663197 0.9999200874221362 0.012640034677748371 0.3813554115074606 -0.01211730584236678 -0.01263644433863824 0.9998467338415418 0.652776971378482
0.9999348886169336 0.0005525768520888827 0.011397946545896997 74.70322604902182 -0.0007324816584154631 0.9998751276295023 0.015785836009110092 0.4002749641412732 -0.011387800369723498 -0.01579315695828315 0.9998104291294577 0.654551399468186
0.9999312726619676 0.0012801555215786135 0.011653804291232408 76.14888916225654 -0.001509681049402748 0.9998046409383085 0.019707887287813537 0.41197053803430655 -0.011626298454230792 -0.01972412634467393 0.9997378596533155 0.6751163072977466
0.9999239996997432 0.0016123927751142447 0.012222725310132531 77.52911613847293 -0.0018352721239531208 0.9998318507415844 0.01824560272748161 0.41222143050254795 -0.012191250989920417 -0.018266648083236373 0.9997588224002347 0.6688133207646294
0.9999194407883979 0.0012925341426843703 0.012627006331970836 78.93955173717082 -0.0015126424496385465 0.9998468095964271 0.017437581617461687 0.41540219208437545 -0.012602533326168508 -0.01745527700542393 0.999768217867735 0.6743590636556601
0.999933094157142 0.001507778833113301 0.011468819133395243 80.30739442392606 -0.0016988768765238492 0.9998595867923541 0.016670948286808398 0.4213080724941745 -0.011442072656758034 -0.016689317014588787 0.9997952518745545 0.6856108102738496
0.9999252966561769 0.0011941694175197743 0.012164500255203816 81.69254894983123 -0.0013815125921898986 0.9998803958913886 0.015404068781905566 0.4228027634292716 -0.012144650263149367 -0.015419723456739339 0.9998073512424799 0.6837870967987018
0.9999231437407856 0.0007828361158063454 0.012373107094020104 83.13334156880674 -0.0009718280382953146 0.9998828460842525 0.015275786615396634 0.42510179949550037 -0.012359699098614191 -0.015286637107975615 0.9998067596111365 0.6853274526380271
0.999929197279329 0.0005396052667172315 0.011887356917024463 84.45640998716779 -0.0007220840327042549 0.9998818946748381 0.015351719646533448 0.4424959832583417 -0.011877669088096026 -0.015359216373636336 0.9998114899566926 0.6932605097704023
0.9999262030908704 -0.00041204516774769517 0.012141605785688852 85.90279031704324 0.00022584059547223136 0.9998824101375241 0.015333456674914916 0.43691956046958497 -0.012146496132662044 -0.015329583045725405 0.9998087149626889 0.6935900168754391
0.9999131409006629 -0.0011741523644857273 0.013127529104758758 87.22814158780061 0.000985202127445632 0.9998959638949958 0.014390648465779145 0.4520677285354793 -0.013143060181684945 -0.014376465237412416 0.9998102706095483 0.7025840249686682
0.9998948588965463 -0.0025316372845037836 0.014278023844895491 88.59809244937674 0.0023534805385748794 0.9999193431419634 0.012480718725255392 0.45836920947988874 -0.014308468877215453 -0.012445803437468454 0.9998201686779407 0.7029977426359733
0.9998768543771248 -0.003596137641164384 0.015275597368733799 90.02429705110094 0.0034374221878618683 0.9999399716707043 0.01040371010234222 0.4603318198262658 -0.015312093573651556 -0.010349920253653324 0.9998291948833734 0.7062905819328812
0.9998780714304611 -0.004327412187959773 0.015003858712250082 91.35723739748634 0.0041819278264136695 0.9999440702067844 0.00971431613362638 0.47300122767878766 -0.015045057399569217 -0.009650386626703821 0.9998402453821305 0.7211146616002027
0.9998835638872134 -0.004637309299025913 0.014538020177102234 92.74524436814755 0.004544594839132635 0.9999691676180656 0.0064039418314824 0.4825179888648546 -0.01456726899431712 -0.006337126769920967 0.9998738097871896 0.7151078299664507
0.9998833805390662 -0.00479546847476166 0.014499269080766338 94.06096649648997 0.004711679499107396 0.9999720361813677 0.005807489267066445 0.48869806269040206 -0.014526713257533198 -0.005738496091918853 0.9998780146920605 0.7205940309383742
0.9998891108601701 -0.005077149537145177 0.01399959055958651 95.4729510107034 0.004989167190336031 0.9999676302809256 0.006312416422966011 0.5097166743709048 -0.014031186478893069 -0.006241870146640593 0.9998820754784372 0.7194925879270814
0.9998939021066291 -0.0047263718705263845 0.013778459236070207 96.75956459134571 0.004636717005696536 0.9999679191085622 0.006531585496717989 0.5246609528188119 -0.013808887912776903 -0.0064670056930042335 0.9998837394677338 0.7198162468233258
0.999894725630486 -0.004839992953758332 0.013678893396137707 98.1084465983549 0.004723556671297303 0.999952448429707 0.008531640628126856 0.5280530493691957 -0.01371953602380098 -0.008466129436881518 0.9998700410471602 0.7242198004066572
0.9998975950285961 -0.004497883402706571 0.013585599027096417 99.46482595408608 0.004360247955351576 0.9999390452720589 0.010143666899648381 0.5491956524749131 -0.013630395951594319 -0.01008339155734947 0.9998562584296323 0.7278801082001054
0.9998712203763171 -0.004422254754302158 0.015426805439310801 100.82250564256387 0.0042864797350083235 0.9999518871882833 0.008823230704902 0.5585305464633247 -0.01546508178625837 -0.008755967763680633 0.9998420696659376 0.7191960911727174
0.9998484986419581 -0.004374976221937993 0.016847532355801116 102.20356299057477 0.004204476079218285 0.9999397258272678 0.010142341612671062 0.5721000278709398 -0.016890889388115997 -0.010069969987359196 0.9998066280837171 0.7281543901335108
0.9998682481455026 -0.004080956335662996 0.015710892585402404 103.50634060905118 0.003925164842107564 0.9999429503215578 0.009934242959621302 0.5891739018411475 -0.01575053749577845 -0.009871266261473995 0.9998272244097923 0.738570894786875
0.9999021988877803 -0.00405725154281242 0.013383996761072846 104.83222446834765 0.003917477147454765 0.9999376907298144 0.010453134971168666 0.6041630738917688 -0.013425573811991495 -0.01039968114148919 0.9998557899017109 0.7355690986659652
0.9999208294063613 -0.004024603623965552 0.011922142633125018 106.16297855412763 0.0039060484746268513 0.9999428609051303 0.00995076430115145 0.6147695904371089 -0.011961509294753696 -0.009903408026188167 0.999879415132074 0.7415816587269302
0.9999028225299574 -0.003901130054842821 0.013383821611171468 107.56779311671627 0.003807599570752072 0.9999682036478453 0.007006702420530641 0.6296654378716037 -0.01341073011186442 -0.006955061293494354 0.9998858832088142 0.7416965998117634
0.9998719768480571 -0.003127265585376832 0.015692358774797674 108.87239811671566 0.0030527788120102814 0.9999839713138486 0.004768401923988891 0.6263110776521357 -0.015707019306138034 -0.004719886157766685 0.9998654970640672 0.7398148595764179
0.9998603877659925 -0.0022625807496486415 0.016555533962717195 110.20155424710825 0.0022220521515812657 0.999994490587648 0.0024660248551300287 0.6417220047093726 -0.016561022331819258 -0.002428893308028453 0.9998599066952446 0.7457981961826018
0.9998715224492473 -0.0016410940147447005 0.015945074645770094 111.54057088922916 0.0015907994686905327 0.9999937215864851 0.00316640879572152 0.6459731876915703 -0.01595017091052084 -0.003140636567000042 0.9998678554938544 0.7398535592559519
0.9999146090982042 -0.0005878052417125145 0.013054845728054758 112.85015280159017 0.0005421904247579668 0.999993737248138 0.0034973552929371985 0.63951792372259 -0.013056819732568689 -0.003489978438264391 0.999908665583498 0.7484637253847874
0.9999362127358226 0.00018994231303069394 0.011293112124555003 114.19964881013163 -0.00026369245018119164 0.9999786484000566 0.006529411174663426 0.6610471660645316 -0.011291630787081558 -0.006531972589794198 0.9999149125841931 0.7518050168989557
0.999935584573972 0.0017431548246246273 0.011215530035007066 115.49834537096766 -0.0018453028212922359 0.9999568565910288 0.009103835130664784 0.6681252601995544 -0.011199176764677332 -0.009123944752462239 0.9998956605926178 0.7445599818698764
0.9999081795663337 0.002905860167884928 0.013235875982545121 116.81958156409974 -0.0030377687800210414 0.9999458154547295 0.009956812512822443 0.6918603990046611 -0.013206225697743637 -0.009996105804815587 0.9998628273276086 0.7482000945638269
0.999868461369662 0.003832853629643681 0.015759733224855327 118.1543595456238 -0.003989947506187912 0.9999425499509349 0.009948724366472794 0.6897293796076247 -0.015720695823109945 -0.010010296233174714 0.9998263117622788 0.7443910678953416
0.9998463422043623 0.004959140015369164 0.01681365251411272 119.54328071053502 -0.0051164873872240136 0.9999434011017717 0.009328244735098676 0.6779971177395676 -0.01676644080816624 -0.009412838218597135 0.9998151253803359 0.7495209256870115
0.99985438197275 0.005757722210116658 0.016064354479440948 120.90314730378907 -0.00593164222291998 0.9999240860570601 0.010799895531552571 0.6801038102501256 -0.01600095217258267 -0.010893610875384967 0.9998126318324181 0.7489040482444967
0.9998588953008529 0.007226096474136101 0.015164861275477125 122.134879060833 -0.007397238136606966 0.9999092444851357 0.01125982509257582 0.6815240043702712 -0.015082120398283374 -0.011370414368506998 0.9998216057484357 0.7568189781841187
0.9998457934012053 0.008123611310153954 0.015569083376870385 123.48126558332126 -0.00832120583653493 0.999885120500975 0.012668991048096306 0.6927352456897921 -0.015464376849405216 -0.012796590953541732 0.9997985298592049 0.7314038417366712
0.9998450651422924 0.009212466181748773 0.014999205894153801 124.84305099851855 -0.009425392427436586 0.9998549267786158 0.01418757816252468 0.6866063669033933 -0.014866327327013356 -0.014326753413773175 0.9997868455067945 0.7398711213173856
0.9998435063050579 0.01039884349732698 0.01431177674244976 126.16706240891278 -0.010609048569177016 0.9998357998738915 0.01469086038979665 0.6835320283568224 -0.014156658788869236 -0.014840395697344239 0.9997896537109602 0.7325050817034506
0.999835098916462 0.011326181676914312 0.014194808323117486 127.48416183903454 -0.011525163686654983 0.9998353556603594 0.014015426269591265 0.6720677541453967 -0.014033729964066015 -0.014176712600037786 0.9998010178246227 0.7350160240302418
0.9998059920483815 0.012481547831404757 0.015237756655233676 128.80376650358286 -0.012705360709596068 0.9998115079766186 0.014680678688637984 0.667265822299566 -0.015051646866400217 -0.014871431714947024 0.9997761191613636 0.7377065155100287
0.9997811952642661 0.013156848332918442 0.016262193514401765 130.2202243298587 -0.013349221367561203 0.999841525166051 0.01177806616151814 0.6581505095276834 -0.016104654135842746 -0.01199257668601008 0.9997983887862567 0.7256185447374681
0.9997618834671057 0.013495523568601578 0.0171478048132878 131.5183211999839 -0.013675140960511397 0.9998523946887867 0.010400930478027424 0.6450718551719146 -0.017004907703820106 -0.010632952492508169 0.999798866490294 0.7211370044134814
0.9997564335842475 0.013499091337549812 0.01745989805144087 132.8933843898861 -0.013682609681287454 0.9998519433119218 0.010434445250377586 0.6248998857496815 -0.017316457467269678 -0.010670800740060521 0.9997931157556298 0.7328173957508601
0.9997444117171956 0.013221141184832596 0.018338829461264604 134.19809538113194 -0.013363193284593565 0.9998814811513492 0.00764517598376661 0.6202050438018181 -0.01823557801324698 -0.007888287289069259 0.9998025998256697 0.7210660105211276
0.9997485194730747 0.01283981626527037 0.018385780638011686 135.55266664397686 -0.012943775758070802 0.9999008423402221 0.005546544549454688 0.5952500709708145 -0.018312740934108295 -0.00578313112322428 0.99981558245203 0.7120984848219798
0.9997684007419985 0.011856148394727404 0.017960418230910553 136.89648564431297 -0.011950504070683822 0.9999153003460476 0.005155345413270523 0.583106002472083 -0.01789777444945574 -0.005368787490277749 0.9998254076540768 0.7185216590148964
0.9997605235739871 0.010778989071726086 0.019044917895824902 138.2425009575532 -0.010851112087892942 0.9999343248838565 0.0036877209116441627 0.5711866805820606 -0.01900391721522396 -0.0038934963282124236 0.9998118282040972 0.7096398385516812
0.9997655657887063 0.009777117584862969 0.019318939798020324 139.59464198811585 -0.009789631519713652 0.9999519273384934 0.0005532872136060846 0.5597575395349982 -0.019312601531021118 -0.0007422828061286943 0.999813218775557 0.6987236588563903
0.9997626481937731 0.008547498348813198 0.02003964941187069 140.91762077247697 -0.008516078857841877 0.9999623718133644 -0.0016526821465970066 0.5489426354184298 -0.020053021654121664 0.0014816306448293978 0.9997978201082315 0.683315108862482
0.9997932604792567 0.007447190343414257 0.018920244613798095 142.26872537004698 -0.007445562023041149 0.9999722691718169 -0.00015650408343018186 0.546221200760283 -0.01892088545544436 1.559987308783517e-05 0.9998209839017311 0.6960918013299303
0.9998070346618084 0.00626626731444593 0.018617930462474078 143.62550824147638 -0.006262967102902897 0.9999803596839515 -0.00023556193028368333 0.5475109111167152 -0.01861904089445989 0.00011891298898553217 0.9998266435617084 0.676693399019359
0.9998513426610937 0.005267391127316392 0.01641789175016633 144.9675559330145 -0.005260858553540242 0.9999860643206779 -0.00044105750273295603 0.5429221568068149 -0.016419986178068283 0.00035461973005333476 0.9998651200530795 0.6885510915046824
0.9998624864384187 0.004399947913911488 0.015989017216134445 146.29245607463326 -0.004356670594919236 0.9999867544119021 -0.0027405149292389747 0.5505894026513863 -0.01600086355514426 0.0026704791901232985 0.9998684117954646 0.6961972659241629
0.999811173521455 0.003414338307822994 0.019130070453893724 147.63826241010702 -0.0031306148394929013 0.9998849557195865 -0.01484165005541909 0.533506628944923 -0.019178544063039614 0.014778958676459822 0.9997068399426212 0.6633451223526251
0.9997820271544225 0.002277738078319877 0.020753556038425797 148.9762744684192 -0.0017896228778600594 0.999722049687518 -0.023507884178358855 0.5051738378382427 -0.020801332383973577 0.023465619059267678 0.9995082137197356 0.6559553260044874
0.9998296707796541 0.0012192717800573309 0.018415830281980385 150.31515059756177 -0.0007429869425401062 0.9996656207260219 -0.025847528099617625 0.49103329110607524 -0.018441187571617095 0.025829442788873006 0.9994962543632492 0.6489171121215922
0.9998865537232786 0.0016541591413853272 0.014971420804982476 151.6632243339349 -0.0012586601364916817 0.9996509861448958 -0.026387907726795074 0.4974579254855232 -0.015009845370479256 0.02636607018635913 0.9995396614866676 0.6442677517921204
0.9999179636076814 0.0021763135852640955 0.012622587446567156 153.01247257451587 -0.0019152938097309901 0.999784845981273 -0.02065413749892526 0.5163261703187427 -0.012664821526182118 0.0206282671443992 0.9997069955193518 0.6507774855422603
0.9999186718957982 0.0031142248446197093 0.012367344005897948 154.38980753971092 -0.0028437208845523572 0.9997576503668524 -0.021830111875143592 0.5190393178392396 -0.012432330661377508 0.021793167199094257 0.9996851979587167 0.6456646483467565
0.9998564006762626 0.0038213036009415646 0.01650986570201202 155.69261403396976 -0.0034204753843000775 0.9997003528796289 -0.02423849831344655 0.5071251746116142 -0.016597541229183287 0.024178546092248496 0.9995698672599183 0.6362949703610643
0.9997995397761652 0.004599444332000297 0.01948654343912852 157.02577369317152 -0.003973070268762812 0.999477998300943 -0.03206159111740303 0.501003300459696 -0.0196238369338844 0.03197774263729218 0.999295916633214 0.6383102788490292
0.9997727469952004 0.00455031309191092 0.02082664198657175 158.36162688904838 -0.0038585743486484994 0.9994434488830456 -0.033134632769341234 0.48518626613213117 -0.020965823848997707 0.033046741677943595 0.9992338800775343 0.6345418518107792
0.9997536677902551 0.004496287660878503 0.02173446887326228 159.7125483338339 -0.0036875192079567063 0.9993044119781518 -0.03710922261501843 0.4783742341998331 -0.02188620437680151 0.03701993514676486 0.9990748312612555 0.6180010737134207
0.9997380567178648 0.0056641607583651395 0.022175103898085406 161.10391150524498 -0.004845617785067597 0.9993111242076079 -0.03679398080132225 0.47206959299224205 -0.02236823502801512 0.03667689078739404 0.9990768077299669 0.5966381636512277
0.9997646950537324 0.006711139999695911 0.020628017937309395 162.43447830265 -0.006001495570615008 0.9993944738403348 -0.03427342568691286 0.4804571929608025 -0.02084554089088036 0.034141562022041876 0.9991995882543496 0.5959123625571794
0.9997936253017113 0.007425686382951804 0.01890941532156368 163.77568418335204 -0.006880505487712308 0.9995633889530127 -0.028734823977222938 0.4898685971150545 -0.019114535053066397 0.028598787500704808 0.9994081968361049 0.5929493263987391
0.9998017550639124 0.008071197726180637 0.018201822391876284 165.12002292734257 -0.007574239132776363 0.9996010903532667 -0.02720829039318775 0.4895642054486337 -0.018414165000890794 0.0270650315319493 0.9994640576806625 0.5785251893188765
0.9997805500076796 0.008326972681724363 0.019222730094844393 166.47519515331544 -0.007828950523169351 0.9996354489425634 -0.025839441772323835 0.48244824234443884 -0.019430886754010654 0.025683277504192564 0.9994812704081029 0.5767385022092975
0.9997688735250716 0.008054441402788742 0.019933025462743743 167.812645954309 -0.007593609190184656 0.9997046035903956 -0.023087716639734697 0.47607662320784533 -0.02011309597938843 0.022931016851831534 0.9995347076696561 0.5699271347357759
0.9998222092084652 0.007585216623977537 0.017263095384997165 169.18754968307093 -0.007237834684849953 0.9997718342255205 -0.02009709527302451 0.4769923952489699 -0.01741159735862734 0.019968574764002964 0.9996489845437325 0.561757871884206
0.9998739096025687 0.0068294004190554885 0.014336114745301286 170.60196198225594 -0.0065866745376362175 0.9998353108477335 -0.01691055589126242 0.48189234656215246 -0.014449242700207334 0.0168139963105878 0.9997542242538703 0.5640753616520039
0.9998810698014526 0.006493860622953961 0.013988424747348058 171.9469529985467 -0.006374631786473884 0.9999431190420666 -0.008551184129139666 0.48780641648380846 -0.014043159270244297 0.008460996078076228 0.9998655915787269 0.5640949743416739
0.9998668484448913 0.006762892773384913 0.014850880856585121 173.31386108474936 -0.006641141785384742 0.9999440606450227 -0.008232303233572788 0.48918584085416544 -0.014905724291935802 0.008132580284188675 0.9998558298681136 0.5435448124631593
0.999824943039879 0.007401414062075211 0.01718436339188705 174.70734522142706 -0.007377054237962304 0.9999716931715115 -0.0014805156096755557 0.49455309662884356 -0.01719483486611241 0.0013534864543267096 0.9998512417996714 0.5585721407314236
0.9997828375584061 0.007491688731010437 0.01944613904144532 176.08657323532495 -0.0074892617539170075 0.9999719355568508 -0.00019762860797052894 0.4975749144966167 -0.01944707386839698 5.194846507504446e-05 0.9998108864276853 0.5524767236679338
0.9997656347857556 0.006735900431064454 0.020574332232613107 177.4123436890747 -0.006642211443180625 0.9999672741009933 -0.004618631201255302 0.4866041519686566 -0.02060476955899379 0.004480889689773042 0.9997776578314845 0.5325171538806326
0.9997721974468705 0.005221559208837828 0.020695133043410953 178.8328339697384 -0.005098371410880291 0.9999689980273728 -0.006000799370826595 0.4855578592539742 -0.020725824982677953 0.005893920898756212 0.9997678239847623 0.5276272658405367
0.999848201457476 0.0031063795545841514 0.017144224925998357 180.19268169878703 -0.0030088033384363566 0.9999791464134234 -0.0057143539225132925 0.47744716832210377 -0.01716161835961213 0.005661902890724141 0.9998366975216177 0.5283518518671332
0.9999165423176811 0.0013772471453200037 0.012845683701300143 181.52739669772654 -0.0013245023484707438 0.9999906617997695 -0.0041136366864249554 0.4847446077199876 -0.012851229240116904 0.00409627923361112 0.9999090290638736 0.5333916713036326
0.9999301177627673 0.0010901258754960554 0.011771627606835486 182.92263932765286 -0.0010944075923589706 0.9999993373054488 0.0003572963546648341 0.5062705332029716 -0.011771230307840571 -0.00037015434462355824 0.9999306481565614 0.5147636835488958
0.9999055406620043 0.0006887825205677716 0.013727174948405469 184.30750222417265 -0.0007346533541313554 0.9999941628569087 0.00333684530053638 0.520828765186928 -0.013724796460204207 -0.0033466148194568916 0.9999002100866746 0.5089112400322305
0.9998619361920534 0.000739341359534444 0.016600058091228585 185.73275071639256 -0.0008023796727014231 0.9999924917075745 0.003791136417668939 0.5236759283131547 -0.01659713050918494 -0.003803932548116735 0.9998550221687295 0.49922547710267595
0.9998195851524506 0.0011732999359999915 0.01895838898328869 187.11701696375496 -0.0013153467822988544 0.9999711456449595 0.007481827340266809 0.5304055803816854 -0.01894906352366247 -0.007505414363474562 0.9997922792994597 0.5177210366288294
0.9997919138178765 0.0013195442260187321 0.02035651903994247 188.46231705184124 -0.001428116606080419 0.9999848293064348 0.005319928565296841 0.543306315934086 -0.02034919033640889 -0.005347893044555453 0.9997786307441446 0.4904275876325255
0.9997851814691754 0.001093352049199625 0.020697717167471815 189.84558279826874 -0.0011729340098260103 0.9999919653161766 0.0038332139125154658 0.5512556073710563 -0.020693359815572243 -0.00385666752352593 0.9997784309411543 0.4908601232239664
0.9997657936673645 0.001328479180352308 0.021600762850698684 191.3745636953677 -0.0013045449254628207 0.999998519546496 -0.0011220817055447854 0.5397905716429785 -0.0216022215339581 0.0010936397413406076 0.9997660466213653 0.46008508250914937
0.999757840406271 0.0017815209321327312 0.021933689369498157 192.82569284539886 -0.0017280296367178285 0.9999954873300813 -0.002457485106391615 0.5454457312299642 -0.02193796845115537 0.0024189879375236005 0.9997564073501076 0.4581841929863921
0.9997408983789267 0.0021106137172521694 0.022664540988802287 194.2025987851313 -0.0020017050075176943 0.999986347212423 -0.004826858794102423 0.5432371132797995 -0.02267441918902071 0.004780240421973804 0.9997314739548558 0.44654998906098786
0.9996974937448238 0.0026618340147776345 0.024450677700131616 195.66122053566656 -0.0023947018202995734 0.9999371998446621 -0.010948140025048504 0.5286193690619245 -0.024478284325291155 0.010886276061812318 0.9996410868856863 0.420198400091238
0.9996852795069833 0.0028954593063783354 0.024919033938935544 197.05723297524776 -0.0025277803765307895 0.9998876660380327 -0.014773815735410922 0.5249813841272478 -0.024959011667386594 0.014706176267845988 0.9995802999840314 0.40276801031863346
0.9997680642679336 0.003124315939319392 0.021308597322683993 198.4715058250469 -0.0028577800945543607 0.9999174456056469 -0.01252737268581435 0.5377421473948012 -0.021345977674497592 0.012463571855187957 0.9996944576287949 0.393827651587169
0.99986694558246 0.0033148296925953917 0.015971945270090007 199.9129089108482 -0.0032474198905148915 0.9999857187083743 -0.004244601671655204 0.5530634423503051 -0.015985787301736217 0.0041921692958917876 0.9998634308349007 0.3889286732899555
0.9998605181707564 0.004471621699912914 0.016091886237460575 201.3560157773998 -0.0045992831663273495 0.9999581776138203 0.007905037482718627 0.5664172881673419 -0.016055864899233645 -0.007977946015116706 0.9998392678724503 0.385426909488976
0.9998207263909483 0.005818837206126827 0.018018218908791867 202.77443734261055 -0.00596662049099047 0.999948913664849 0.008159013445571451 0.5872310139083802 -0.01796982245301949 -0.00826505862393711 0.9998043680075367 0.34828558406885524
0.9997419355931917 0.006469830242410421 0.021776214386642644 204.22809156712225 -0.006775619742605079 0.9998790662216709 0.013997996598911294 0.5787678564779258 -0.021683016245030367 -0.014141931562339827 0.999664870133088 0.35535575946151593
0.9997229265698114 0.0057986495315697105 0.022813280217921762 205.62085735521111 -0.006072187756796917 0.9999102860652931 0.011939361652524245 0.5658774286807672 -0.02274200137493619 -0.012074580093468562 0.9996684479811438 0.3360243718269092
0.9997287279081245 0.004701856818919784 0.022811469432230266 207.0606568053481 -0.004912388593432812 0.9999457785051715 0.009181965366616675 0.5599621105812193 -0.0227670602737883 -0.009291533357902473 0.9996976184698795 0.328712621918947
0.9997440542898098 0.003767340809655627 0.022307690498964184 208.5169299122552 -0.0038954390733837137 0.9999761579792074 0.005701668840697346 0.554135927621684 -0.022285678508836768 -0.00578710777222326 0.9997348938178728 0.3099518746818388
0.9997554193732374 0.0034707644137998528 0.021841593994624257 209.98395626599915 -0.003633131487742363 0.9999660302430085 0.007398561727207791 0.5574387419909863 -0.02181517337622786 -0.007476105565227763 0.9997340676680688 0.29845887590663084
0.9997513965639009 0.0030260641589171765 0.02209045052134529 211.43375616445195 -0.0032072612174857216 0.999961467732983 0.008171690448194567 0.5579114493187923 -0.02206487126662423 -0.008240508783104308 0.9997225792543564 0.2870386450408329
0.9997306190140003 0.00295140427176858 0.023021264489784227 212.89803593932658 -0.003182745296909568 0.9999447448015651 0.01001885602790275 0.5634819013552269 -0.022990422750767636 -0.010089427959871134 0.9996847722683304 0.2705226207126638
0.9997340193208301 0.0025873942530764017 0.022917155224796662 214.345732074468 -0.002793242465182791 0.9999560034907501 0.008954824361077442 0.5748237144814845 -0.022892977288875672 -0.009016455721967123 0.9996972617333034 0.26287682948112584
0.999752033115226 0.0023554303794558213 0.02214326601248932 215.80834942048486 -0.002537795513888544 0.9999630671929614 0.008211202346487442 0.5751171412202577 -0.022123107284059695 -0.00826536132137067 0.9997210870669505 0.24353743260136343
0.9997649995880318 0.002051113295667279 0.021580976182531384 217.2668077282312 -0.0021489937653182906 0.9999875059670682 0.004513284342843981 0.5710022403988668 -0.021571449291581526 -0.004558601102429826 0.9997569163208874 0.21552193509011985
0.9997482133011217 0.0016684521635250435 0.022376913741462216 218.75865529560716 -0.0018798880815120637 0.9999537587690043 0.009431136969687594 0.5644201548537495 -0.022360143604543352 -0.009470828428286926 0.9997051202163897 0.22618250270323567
0.9997463157928396 0.00110968719419031 0.02249605860978414 220.19920831052076 -0.0012944807333438006 0.9999655285435332 0.008201587912316736 0.5862083553248557 -0.02248618194080077 -0.00822862801343628 0.9997132895499297 0.20278938699913565
0.9997527544643388 0.0009730628808722981 0.022214479278106877 221.67130806697452 -0.0011577742296540077 0.9999648545957408 0.008303561413759212 0.5998000645122651 -0.022205618653861465 -0.008327227746902947 0.9997187443367512 0.19263503804444299
0.9997598529702841 0.0004420047162086949 0.021909838444562346 223.1720670681821 -0.0006738149491272919 0.9999438673501618 0.010573935985066334 0.6011486858957562 -0.021903934857698638 -0.010586159862424024 0.9997040316299204 0.18019294263057267
0.9997631778716399 0.00016498671995501544 0.02176145563563844 224.66551542766976 -0.0003662919700522149 0.9999571796034521 0.009246879998251576 0.6088133990478715 -0.021758998189077932 -0.009252661178905683 0.9997204280492202 0.1656878388064881
