1.0 0.0 0.0 0.0 0.0 1.0 0.0 0.0 0.0 0.0 1.0 0.0
0.9999993011580781 -0.0003480319849955573 0.0011298482609536818 1.3160940844717768 0.0003481171165631284 0.9999999365833229 -7.515200288644408e-05 -0.058402083065748844 -0.0011298220340017183 7.554526988583102e-05 0.9999993588973364 0.018140396604628333
0.9999991197106964 -0.00031458924965441134 0.001289035079467773 2.6153549531840463 0.00031534664348460895 0.9999997777556782 -0.000587405386909663 -0.02146007832852665 -0.0012888500015671353 0.0005878113627086283 0.9999989966712343 0.022385112254831023
0.9999990076870711 -0.000933277469818817 0.0010552810229670394 3.9446837868152693 0.0009347645474177559 0.9999985696729025 -0.001409562836509103 -0.024634096814441436 -0.001053964000332389 0.0014105478770695087 0.9999984497560847 0.04974993293013855
0.9999994450058254 -0.0003526755057014196 0.000992777935355162 5.259179135565355 0.0003548011686193256 0.9999976434765045 -0.0021417650591510178 -0.014099498950631433 -0.000992020247775302 0.00214211610925553 0.9999972136133193 0.056860934167997236
0.9999988876429919 -0.0006631119708429594 0.0013360371599732024 6.5823588661265475 0.0006662090754727634 0.9999970891570196 -0.0023190176704051234 -0.018041158425300397 -0.001334495502600972 0.002319905170910709 0.9999964185744625 0.06304958434212918
0.9999973326822523 -0.00043931070517630216 0.002267517251333682 7.919390222486171 0.000447274153395124 0.9999937305750939 -0.003512656592723267 -0.014096403348710313 -0.0022659598876597596 0.003513661425210895 0.9999912597663925 0.09489725534797427
0.9999969301604102 -0.00022811779783995134 0.002467312713473362 9.233723714833143 0.00023704476243124122 0.9999934254558863 -0.003618405005440341 0.003960716571201752 -0.002466471069435551 0.0036189787610734123 0.9999904097106085 0.10327220082894648
0.9999980766982237 -0.0007477667379260188 0.0018131312029474153 10.565152445549607 0.0007536424315811126 0.9999944603294091 -0.003242118686787665 0.00362002572650241 -0.0018106968102834247 0.0032434789038236008 0.99999310058703 0.1190659719553241
0.999999519049219 -0.0007024476638134009 -0.0006844476679823733 11.884912778691104 0.0007020144450130099 0.9999995532550549 -0.0006329813660123443 0.015030823942276613 0.0006848919984906303 0.0006325005694296828 0.9999995654328956 0.12985072268235257
0.999998362507542 -0.0007972667150024908 -0.0016246070354830936 13.23033922778347 0.0008012878288268073 0.9999966137140762 0.0024759842883473504 0.013315036274932737 0.001622627514239189 -0.002477282011785911 0.9999956150672783 0.1502060953607728
0.9999983029912891 -0.0005910772018859507 -0.0017448903356013046 14.565824764490948 0.0006006614564074481 0.999984709056117 0.005497350249689257 0.03429859060184058 0.0017416142961777276 -0.00549838900900825 0.999983367110648 0.16073864075031408
0.9999993831830846 -0.00021736664006169522 -0.001089213107785613 15.91546131147884 0.000223656360826728 0.9999832835701312 0.005777764111740118 0.04993290364114323 0.0010879390068590465 -0.005778004157357333 0.9999827153789583 0.18225517062766397
0.9999987668721085 -0.0001564459795006419 0.0015626192491251722 17.263441235141332 0.00015007577719162524 0.9999916822072288 0.004075904024586713 0.037373110508856236 -0.0015632439103795551 -0.00407566448717751 0.9999904725683463 0.2023556419816178
0.999993066923173 0.00031558115106423095 0.003710325339305878 18.616908086846525 -0.0003138121046222056 0.9999998368234321 -0.0004773626213430971 0.06181887735173543 -0.003710475380513242 0.0004761949667478083 0.9999930027809216 0.22152425566345296
0.9999984793437176 -0.0002454754218984092 0.001726572347146069 19.96182912608819 0.00024952891026789014 0.9999972125819951 -0.002347884912605793 0.042365916824972816 -0.0017259911864277312 0.002348312171996132 0.9999957531831659 0.24972953709668114
0.9999997649498296 8.140998139867044e-05 -0.000680788293308577 21.311120679884713 -8.35017981471717e-05 0.9999952742990165 -0.0030731754073659466 0.05760366323642953 0.0006805348889539212 0.0030732315320621925 0.9999950460478368 0.24191880071515456
0.9999983763101808 0.0003307623635053145 -0.0017714325448501091 22.6651936471522 -0.0003326738179673988 0.9999993626960059 -0.0010788585231338965 0.06398729711295617 0.0017710745701140734 0.001079446080630263 0.9999978490431998 0.2905145316121954
0.9999994496774424 0.0008791200296529306 -0.0005725319081182783 24.03557240120247 -0.0008784158435226826 0.9999988589186731 0.0012290431063737854 0.06025542219164011 0.0005736117312249292 -0.0012285395089046264 0.9999990808297059 0.2793642190071813
0.9999922227774801 0.0017470250889505936 0.0035358574480743653 25.4277485223211 -0.0017517295543058747 0.9999975841358083 0.001327842654588271 0.07115652693064084 -0.003533529131491226 -0.0013340261936520795 0.9999928672475576 0.2951734903008571
0.9999883641807262 0.002027545205184852 0.004377278103594123 26.795329681774252 -0.00202557386750879 0.9999978451272082 -0.00045474327616489756 0.06383186293994106 -0.004378190683665814 0.00044587148471686146 0.999990316275591 0.3086923616570795
0.9999917679403343 0.001926137511976027 0.0035712807015875286 28.167427728423366 -0.001912112763117149 0.9999904637291057 -0.00392635653363908 0.06725459271716235 -0.003578809347492153 0.003919495520227646 0.9999859147400634 0.33524708563908195
0.9999976223150159 0.001900682135905493 0.0010690050202701643 29.524281316947626 -0.0018956013470585009 0.9999869982658189 -0.004733919607485334 0.08104087928583492 -0.0010779887977818124 0.004731881944359331 0.9999882235473659 0.33623742723621797
0.999996426889806 0.0025481460563432246 -0.0008081827123179534 30.914055731178937 -0.0025517575967408603 0.9999866208896965 -0.00449961940324349 0.07580238561015774 0.0007967062121148795 0.004501665611983243 0.9999895500783643 0.3762264918794491
0.9999933773265789 0.0029373077439342676 -0.0021488429909678666 32.29893136833155 -0.0029417958898793036 0.9999934920583076 -0.0020884630649978387 0.08033739191615993 0.0021426945476892365 0.002094770691267832 0.999995510387835 0.36919455595561296
0.9999857512611612 0.0034696854546692243 -0.004056914775642411 33.68044579616824 -0.0034710047687945807 0.9999939254170502 -0.0003182057421449773 0.08431617372071083 0.004055786057741972 0.00033228277864730846 0.9999917200595257 0.4053935578447448
0.9999853237210931 0.003706312208283918 -0.003951656897486214 35.074007117896976 -0.0037056889481730487 0.999993120293362 0.0001650314062257604 0.09765633317597633 0.003952241369161671 -0.00015038537288682778 0.9999921785556122 0.4131114413218657
0.9999921248933579 0.0032067476111566516 -0.002338144782814918 36.466815548857966 -0.0032069087872035073 0.9999948557300823 -6.518744029659902e-05 0.09186279624107963 0.0023379237150986 7.268514398831816e-05 0.9999972644110444 0.4490474929048818
0.9999943582018506 0.0030965252786031177 -0.0013019583971320876 37.86687286163319 -0.003094916851649099 0.9999944473812206 0.0012355955684266267 0.10436022834793011 0.0013057772207652047 -0.0012315591444624053 0.9999983891026641 0.4603521959492742
0.99999643109557 0.0025413412059286417 -0.0008242457145172164 39.26553392487761 -0.0025386131513454513 0.9999913521776985 0.0032940875954031003 0.09709238912007494 0.0008326099871288806 -0.0032919833981084746 0.9999942347863391 0.47697210476345936
0.999994786461788 0.0030845219161299655 -0.0009553919572888287 40.66066118127517 -0.0030799151341569415 0.9999838021747463 0.004786388085424181 0.10962981324312256 0.0009701402009654499 -0.004783420605258693 0.9999880887867133 0.4893988190317938
0.9999948008167666 0.003179438069099483 -0.0005380641225180965 42.08330138635403 -0.0031749327078184567 0.9999615304384859 0.00817664022822938 0.12464513667600519 0.0005640405446461995 -0.008174889398997113 0.9999664259571808 0.5183278240053721
0.999995806652416 0.0028555860051899117 -0.0004819814838657789 43.47545566102265 -0.0028509877637150913 0.9999528237615052 0.009285586689247137 0.12425819817824223 0.0005084745371921377 -0.009284173628241788 0.9999567718525065 0.536707951773756
0.9999970366413701 0.002355506110552014 -0.0006150605185437651 44.90372108909227 -0.002350225276889953 0.9999615370932516 0.008449897943127945 0.12811887628784477 0.0006349406477669745 -0.008448427372272456 0.9999641098186021 0.5561829903619242
0.9999982304136248 0.001473783860481589 -0.0011692436665158095 46.29756007275828 -0.0014643684802598208 0.9999668236757465 0.008012937837810066 0.11703681489266436 0.0011810142137692046 -0.008011211454653453 0.9999672123107115 0.5831470956963132
0.9999994087198245 0.0008167699885033671 -0.0007179462286397209 47.72918908187328 -0.0008113091602962372 0.9999709889135717 0.007573843717692445 0.1375794352795244 0.0007241114884858568 -0.007573256763076906 0.9999710603035233 0.6044472253405024
0.9999999028431785 -0.0004340444639160288 -7.693527647816264e-05 49.13314897768938 0.00043461946953236294 0.9999707320960365 0.007638459087626393 0.12931894214501677 7.361759386404596e-05 -0.007638491783067039 0.9999708235862333 0.6204815908618719
0.9999992111207694 -0.0012559641903053327 -1.7657618989940234e-05 50.55472183938101 0.0012560691292271826 0.9999628143635104 0.00853183336396358 0.1482963786341883 6.941285197348658e-06 -0.00853184881256755 0.9999636030914616 0.6427008808230996
0.9999972223086704 -0.002347326204587685 0.00021315401177568038 52.002233146825354 0.0023454435999884695 0.9999616305619776 0.008440159841495225 0.15587244101331102 -0.00023295764154288677 -0.008439636456623682 0.9999643584984502 0.6537794621839957
0.999993505152569 -0.003394371571506924 0.001211566883535279 53.40680103132329 0.003383439397052735 0.9999545457788158 0.008913961752700076 0.17012146341942683 -0.0012417691110690407 -0.00890980459475257 0.9999595358771065 0.6821310238048324
0.9999895042775965 -0.0041857261907070386 0.001863070289336724 54.86185910628526 0.004171997153380195 0.9999645572402728 0.0073129134424781495 0.17989890828562274 -0.0018936141103106587 -0.007305063964225037 0.9999715247276193 0.6968232248734509
0.9999846957350917 -0.004943802176742928 0.0024833678006283997 56.268913866092504 0.004931684901359305 0.9999760193127096 0.0048620246339328675 0.1728377112135663 -0.002507345135730361 -0.004849703036732999 0.9999850966893586 0.706860915620461
0.9999842044475814 -0.0052610937617244636 0.0019778138861076826 57.69744239567277 0.00525471774659046 0.9999810248416852 0.0032152601724783595 0.1945907285328771 -0.0019946921420118235 -0.0032048165319409822 0.9999928751517458 0.7285203253956904
0.9999847800504229 -0.005133177428930079 0.002022413654649267 59.14166949583758 0.005129529573231743 0.9999852152185968 0.0018047910056444591 0.21193151802855054 -0.002031648066159586 -0.0017943895061655248 0.9999963262794697 0.7419661606128461
0.9999848397811787 -0.0048700788237514185 0.0025695408268659307 60.54283542825712 0.004865885731704434 0.9999868239290729 0.0016355807199067056 0.21594984606447437 -0.0025774723774422996 -0.001623052832098613 0.9999953611570644 0.7694797913669309
0.9999847043099319 -0.004353463401623411 0.0034115249653016502 62.002057284448206 0.004354826735464974 0.9999904407469041 -0.00039229952400422156 0.22865674613087972 -0.0034097844920508375 0.0004071501236398904 0.9999941037818646 0.783435959000619
0.999987627480462 -0.003976723709789812 0.002988403341700624 63.399942224625605 0.003985214146338927 0.9999880245590733 -0.002840564494973597 0.23643978290406154 -0.0029770714140765916 0.002852438777306196 0.999991500283286 0.7967598389637912
0.9999918557918623 -0.0035738521828272848 0.0018750814709333696 64.82004550432214 0.0035806515058427807 0.9999869812826557 -0.0036354091923106804 0.2434854668034519 -0.0018620646447002915 0.003642093598074028 0.9999916338997452 0.8184871481415051
0.9999945833861271 -0.0027353526203627372 0.001830585821053339 66.27429241643048 0.0027415786717979573 0.9999904369723593 -0.003407302483791268 0.25365663796428484 -0.001821248141333127 0.003412302722793261 0.9999925195946896 0.841208322478005
0.9999963145829601 -0.0021328514926621874 0.0016798110035134437 67.6429256409731 0.0021354668104319216 0.9999965082891173 -0.0015566602309794268 0.266567647752865 -0.0016764850130018697 0.0015602416746830878 0.9999973775185201 0.8632978923926685
0.9999946297404885 -0.0015425930302740772 0.0028915215589924675 69.11325608521271 0.0015394187572462155 0.9999982104334626 0.0010996907573898337 0.28207274736362986 -0.0028932127597200504 -0.0010952335892401896 0.9999952148802073 0.8814762221663823
0.9999917842678006 -0.0007650014775919357 0.0039807247631412825 70.47042632400304 0.0007472179770528707 0.9999897438522608 0.004466973873283367 0.2922513457360999 -0.003984101177853429 -0.004463962704717563 0.9999820998271796 0.8999799611430257
0.9999887211466405 0.00018321303190647027 0.004745946954134739 71.92621635629655 -0.00022357973388238917 0.9999637951268191 0.008506376882763065 0.3135433963356891 -0.004744216648627911 -0.008507342038142608 0.9999525576445298 0.921479329027139
0.9999907968074727 0.0005745891916999286 0.00425160529877321 73.28667156527993 -0.0006255656927561596 0.9999278216169166 0.01199834255269076 0.31806730174179276 -0.0042444043068281465 -0.012000891788048291 0.9999189785319467 0.9257990644961538
0.9999920574787917 0.001311688223178274 0.003763569228543212 74.68679600224205 -0.0013717950327155 0.9998708456844231 0.016012811392904194 0.32978663849857376 -0.0037420793312113263 -0.0160178470563831 0.9998647035564149 0.9438112794573502
0.9999908447962707 0.0020346961954873723 0.003764350545986822 76.12444583455661 -0.0021020480381110716 0.9998362191355933 0.01797543598045142 0.34172754643732967 -0.003727159466198819 -0.01798318425735285 0.999831342460457 0.9629194415922829
0.9999887337844758 0.0024136077167612644 0.00408739549229111 77.49396059807502 -0.0024865482306435554 0.9998360597003291 0.017935183322643468 0.34510805962038593 -0.0040434369065801695 -0.017945144767031986 0.9998307968837891 0.977328633889079
0.999988816968923 0.002411719728276628 0.004068113204646778 78.91212628436936 -0.002480373074092111 0.9998531566859781 0.01695620283253498 0.34576247990472825 -0.004026622220534107 -0.01696610364924692 0.9998479572617309 1.003727380242594
0.9999930965410191 0.0022553277525969116 0.0029530267578498307 80.28563223588573 -0.002302149216246704 0.9998701531136659 0.01594920127907714 0.3494639073490333 -0.002916672640243606 -0.015955889482656468 0.9998684426520956 1.015200565449965
0.9999936625519793 0.0019731609929136257 0.0029633581582577703 81.65942291452501 -0.0020192092018871464 0.999876001423318 0.01561744447456737 0.3513225523739034 -0.002932174973817736 -0.015623329139886436 0.9998736489859654 1.0422911509167032
0.9999934271917015 0.001567184493857242 0.003269481022666543 83.07814093888103 -0.0016161059696233914 0.9998859702872509 0.015014480484441962 0.35615881645172176 -0.00324557774368615 -0.015019665624938337 0.9998819309646638 1.0530219769764215
0.9999960650643466 0.001357975667844402 0.002454741923054836 84.42890942861746 -0.0013943559672480454 0.999888314943111 0.014879966789704565 0.37046347298392757 -0.00243426113222476 -0.014883331022041188 0.9998862739484069 1.0711590988268889
0.9999961357703743 0.0005390717677633591 0.0027272414539725883 85.84371289610766 -0.0005803524457972779 0.9998849372885781 0.015158343394141533 0.3736970204414053 -0.0027187562152063485 -0.015159867580070006 0.9998813863552002 1.0836879940798918
0.9999938231867943 -0.0006841894123889741 0.003447531451093853 87.18843155406859 0.0006352946335210514 0.9998994874074191 0.01416373831689214 0.38212430202988296 -0.0034568756105659644 -0.014161460631896487 0.9998937458769228 1.109455097396036
0.9999875152399238 -0.0018917073657385406 0.004625019732467311 88.57741034642122 0.0018317220152043552 0.9999145999946927 0.012939764754921718 0.38285335405445775 -0.004649103004055422 -0.012931131454598595 0.9999055813828431 1.1288774548886862
0.9999833965002086 -0.0029133355123804635 0.004971840715355606 89.95926210053445 0.002858227225676249 0.9999348019602801 0.011055422460567552 0.38586731895979076 -0.005003724715945907 -0.011041028251368679 0.9999265265178834 1.1461790675965893
0.9999785340704394 -0.0038903602693205726 0.005272238168925591 91.33335902484599 0.0038421893127179455 0.9999510645602158 0.009116252858293808 0.3937424636499197 -0.005307445677557134 -0.009095800232305346 0.9999445471817493 1.1625965683809971
0.9999809267021937 -0.004211533341576532 0.004517656332066074 92.70753839351326 0.004173849025513008 0.9999566872773037 0.008318807228979347 0.4072148413307005 -0.004552495594077121 -0.008299792546412478 0.9999551931099475 1.1769453209248408
0.9999809154816406 -0.004394375996912527 0.004342595087936183 94.02958691427337 0.004363072041855769 0.9999646190724923 0.007191954224196227 0.4187891682798955 -0.004374045593907883 -0.007172869913996522 0.9999647082084144 1.1981239688040923
0.9999821528390798 -0.004568344273992355 0.0038502251769901605 95.42725380838864 0.004541818440457833 0.999966085291862 0.006870236627835713 0.43688409440523024 -0.003881480203886763 -0.006852626989908288 0.9999689873264891 1.2097342134448628
0.9999861753445569 -0.0043627284491077325 0.0029352547154190916 96.77088639272529 0.004345085017456336 0.9999726159057182 0.005990632259302059 0.4390805621519535 -0.002961309837913023 -0.005977795509588803 0.9999777480548702 1.220416832766554
0.9999882833535879 -0.004246799653765954 0.0023233269776558618 98.10695649854408 0.004229953343313231 0.9999650724029767 0.007208430399382773 0.4544764317487146 -0.0023538585891517277 -0.007198518376035852 0.9999713199301928 1.240778894442802
0.9999892782149945 -0.003924966533293613 0.0024572530937707485 99.49503891186949 0.003904495617031132 0.9999580898709948 0.008280906685141016 0.47336481691045856 -0.0024896523915810963 -0.008271223565105323 0.9999626935499669 1.251495921425198
0.9999845757788605 -0.003961612936173246 0.0038927917124512326 100.81581011522913 0.003929360247923887 0.999958179899543 0.008258243156697261 0.4786357870968915 -0.003925344878430396 -0.008242819598720237 0.999958322927835 1.2753763922966135
0.9999787160647734 -0.003858542593015715 0.005261089859058601 102.14771850525692 0.0038126749406486326 0.9999548804063713 0.008700612695475625 0.4986822762237134 -0.005294424165492942 -0.00868036868673245 0.999948308800119 1.2904267028470287
0.9999845130644275 -0.003647988905440676 0.004203071287263893 103.50577060959438 0.0036107161859833935 0.9999543925630862 0.00884169228225238 0.5091665893176828 -0.004235133991306291 -0.008826379254005885 0.9999520781864201 1.3055424258617068
0.9999928626510436 -0.0034058202982988114 0.0016355534436019547 104.82913088000903 0.003391340046858552 0.9999557388343265 0.008776057485174849 0.517515398972125 -0.0016653707268220648 -0.008770448129498051 0.9999601520960473 1.3198674056696784
0.9999931365961864 -0.003697036701722002 0.0002422398544747873 106.1426086593839 0.003695093476254661 0.9999644174460328 0.0075835431045109475 0.5370269333992054 -0.0002702678721485603 -0.007582595956686325 0.9999712151826345 1.3350258499072554
0.9999934349824051 -0.0032511885724338906 0.0015999265472990184 107.5128119429487 0.003241157391725329 0.9999753224467862 0.006232928381429091 0.5391758506147649 -0.0016201514905530103 -0.006227701848389604 0.9999792952050733 1.3607283370000562
0.9999906084210394 -0.0027406509201994052 0.0033573653737834948 108.85944497153687 0.0027310170759983496 0.999992150290787 0.002870697221711173 0.5442715555828324 -0.0033652065984238855 -0.002861501239165375 0.9999902435500099 1.3701108088973442
0.9999893979794141 -0.0019594352089563503 0.0041670784046778505 110.1838470669422 0.0019516188364538795 0.9999963302950563 0.001878983857776208 0.5589709014671048 -0.004170744859857615 -0.0018708313880431181 0.9999895523840394 1.390970990764728
0.9999943214798676 -0.0013431233286758852 0.0030907972665792476 111.50216944512097 0.0013389068302667071 0.9999981708544646 0.001365875625741428 0.5667073087007468 -0.0030926261524782295 -0.0013617295800179964 0.9999942906617177 1.408812447686432
0.9999996064756944 -0.0006077823983389456 0.0006462576981915108 112.82440794543463 0.0006060667409066114 0.9999963007176185 0.0026516474471482295 0.5777454146015606 -0.000647866932146771 -0.0026512547283635804 0.999996275551466 1.4223108229528014
0.9999989760057941 0.0006110099986828425 -0.0012940842880530758 114.18242711310931 -0.0006039194582148346 0.9999848433058055 0.00547251678404087 0.5775951190356652 0.0012974084364862685 -0.0054717296575332655 0.9999841883279474 1.4478704366049722
0.9999963929586175 0.0019661486790103154 -0.001829844016861311 115.4874251527073 -0.0019509227715771142 0.9999637691090733 0.008285793233919259 0.5935660423083411 0.0018460688214037462 -0.00828219346235925 0.9999639980026075 1.46094491540416
0.9999943255122103 0.0033682785566380292 6.03568095653824e-05 116.85237252110939 -0.0033686930416933648 0.9999514535053943 0.009259726758402026 0.6032956146626975 -2.91645403731995e-05 -0.009259877537760001 0.9999571259896172 1.4798428032568087
0.9999877589274835 0.004238405709781785 0.002553020217009585 118.14525924775947 -0.004260949366632388 0.9999514009863648 0.008890442953046303 0.6081235022869215 -0.0025152148385705667 -0.008901212414366078 0.999957220140877 1.497123807262716
0.9999809704242841 0.005179093366751144 0.0033519816833371455 119.52107731895113 -0.005207850269909639 0.9999492168916142 0.008627973888108424 0.6049944276731993 -0.0033071263769556087 -0.008645266320140345 0.9999571602250672 1.5183051511772998
0.9999778882097656 0.006178164640235068 0.002460360383311424 120.83924665588115 -0.006200731265139536 0.9999377831102109 0.009272585422322439 0.6027560901581326 -0.0024029197479608624 -0.00928763642241096 0.9999539818343492 1.5338589740715458
0.999968859985984 0.007548006820534413 0.0023036170186829167 122.1459166406153 -0.007572938479057779 0.9999106767186497 0.01101313701196489 0.599011828880196 -0.0022202840187700427 -0.011030239212685774 0.9999367000774534 1.549473040202193
0.9999611125929175 0.008661981004164179 0.0016563173059348235 123.5185597129067 -0.008682158140017793 0.999883053243833 0.012589676954632688 0.6031634264661911 -0.0015470720623691192 -0.01260356778352009 0.9999193750733906 1.5605074595248094
0.999951027334786 0.009864886464774143 0.0007917999388046308 124.84117339915989 -0.009874645737519392 0.9998607986531534 0.013448966065727479 0.6013565543888871 -0.0006590171958797141 -0.013456126177905554 0.9999092450640807 1.5782559338328952
0.9999395717786781 0.010993133113140464 -6.176917237412817e-05 126.16619681285023 -0.010991112431397691 0.99983646335317 0.01436112798305487 0.5920620411618989 0.00021963286242336925 -0.014359581253716319 0.9998968717760965 1.5948792335320958
0.999929921962597 0.011834985652603927 -0.0002903075559483107 127.51034904679301 -0.011829707024104706 0.9998303145805642 0.014120909229004979 0.5853478882628271 0.00045737905311591054 -0.014116485410066115 0.9999002528472873 1.6152818206781494
0.999917366858572 0.01284360067321069 0.000548977565000194 128.83843667471564 -0.0128498202595582 0.9998271076784638 0.013440121674100202 0.582959331584419 -0.00037626309521300285 -0.01344606533766188 0.9999095267838078 1.6377457271847093
0.9999055242467951 0.01365686970825492 0.001559644354846829 130.20775104630562 -0.013675083080006747 0.9998304115519732 0.012334514119611114 0.5726304864582069 -0.001390929004935057 -0.012354677073227044 0.9999227106486379 1.65467802150226
0.9998999075722887 0.01401487882637264 0.0019385583330332593 131.53301084431888 -0.014035378479931377 0.9998409965966953 0.010999530692360909 0.5553797637686674 -0.0017840930058603975 -0.011025638122539773 0.9999376242126993 1.6676476656614787
0.9999001887472698 0.013986176392290698 0.0019998532691405985 132.87434238319233 -0.014005340944445114 0.9998527744506952 0.009913619332875163 0.539086311516777 -0.0018609052109689048 -0.009940638468983637 0.9999488590616146 1.6928454339202113
0.9999005081141419 0.013818155111080083 0.002834159912051716 134.2112979108944 -0.013840631872937258 0.9998716428705352 0.008070606714166515 0.5262116155702823 -0.0027222752320040836 -0.008109030318296247 0.9999634157532256 1.7004592559978968
0.999909719988476 0.013188886416807622 0.0025700481808630473 135.55647065562562 -0.013205461339680775 0.999891398505523 0.0065427047523035735 0.5080873704776927 -0.002483478079952888 -0.006576052748736642 0.9999752936282337 1.7246123050849052
0.999924643140259 0.012080143472272922 0.0021859035923526503 136.8983989467508 -0.012091983955147085 0.9999118337973002 0.005487126401753117 0.4987924190295142 -0.0021194255953497707 -0.0055131448203047054 0.9999825564825299 1.742476507871117
0.9999343469852963 0.011014180547160518 0.0031606242996847366 138.22709473561812 -0.011021216383743043 0.9999368060212647 0.00221737534360276 0.48619344469777087 -0.003136001994884689 -0.0022520636905412647 0.999992546822536 1.7483708738883121
0.9999448588651495 0.009918188163837447 0.00345090896765331 139.57689383315503 -0.00992405521413419 0.9999493319643111 0.0016871965607746597 0.46811485585021295 -0.0034340001839154354 -0.001721350537975525 0.9999926222703157 1.76812950631658
0.999956890842791 0.008629329962836163 0.00342799072504266 140.94433398044507 -0.008631258069656934 0.9999625998054671 0.0005480642538818937 0.4660150589384098 -0.0034231330902351038 -0.0005776284999020461 0.9999939742344265 1.7821079244509255
0.9999676993867196 0.007447336901918359 0.0030228060308841154 142.26199085400972 -0.007447901306622683 0.9999722485976065 0.0001755014917182523 0.46371227350610206 -0.0030214151250419798 -0.0001980093838995269 0.9999954159109561 1.7964439201251925
0.9999767041531272 0.006432869466739835 0.002282398184544369 143.61017195065642 -0.0064323132999730805 0.9999792809743557 -0.00025093350006070856 0.45503779670506056 -0.002283965117928576 0.00023624655415403677 0.9999973638419782 1.8066992911273239
0.9999844840128223 0.005569732571474382 9.90590315038367e-05 144.95868903754302 -0.005569538803977269 0.9999827616428562 -0.0018592080673690429 0.4468694141164321 -0.0001094126156188466 0.001858627506800664 0.9999982667648332 1.8252101742851832
0.9999894356647815 0.004506936744535502 -0.0009033714699190854 146.27079517299205 -0.0045110417293426335 0.9999792691980152 -0.004594744467299834 0.45633129263745037 0.0008826445196325989 0.004598771073276941 0.9999890360615298 1.864921203542828
0.9999924632784766 0.0033912754670905876 0.001890142045231196 147.6646912864203 -0.003364017372076754 0.9998929120400837 -0.0142424660477773 0.4436692988516732 -0.0019382397594743174 0.014236000235601039 0.999896784435237 1.865787364783798
0.9999919439995875 0.001878449634436012 0.003547303609332652 148.96641553748617 -0.001797937779020395 0.9997437606262174 -0.022565028444282296 0.4328102662337539 -0.00358878191990938 0.02255846882923097 0.9997390840256332 1.8806207516024402
0.9999991971990487 0.0010588534318895387 0.0006960105371854498 150.28431388645944 -0.001042827337650724 0.9997432241960703 -0.022636214020676552 0.40087559283795937 -0.0007198002514209999 0.022635470029486928 0.9997435258025641 1.9132855151935106
0.9999950243448691 0.0010421284179122949 -0.002977457617716683 151.66479618798772 -0.0011121640901012497 0.9997204384304107 -0.023617960867616323 0.4229553722583053 0.0029520122867984044 0.023621154774230376 0.9997166231840854 1.9216450507520253
0.9999835202786503 0.002069064401351184 -0.005355197813456071 153.0022326506612 -0.0021731039965680273 0.999807584331658 -0.019495433617001606 0.42466531733836743 0.005313830081803846 0.019506749739458838 0.9997956040733845 1.94992709441117
0.9999814710028918 0.0028854010685659373 -0.005360234282766727 154.36419141962838 -0.0029887338799707897 0.9998079024750263 -0.019370741294103936 0.42735489342888616 0.0053033122373988065 0.019386402687500002 0.9997980007332234 1.9738186562077034
0.9999922953572835 0.0033529212717711516 -0.002041358620311887 155.6836448356891 -0.0034007171142198703 0.9997090780402407 -0.0238787438329814 0.429813305623417 0.0019607011961207165 0.023885501938988002 0.9997127779757254 1.9893615416191421
0.9999927544011721 0.003780592585281214 0.00044526942545479816 157.0180074440997 -0.0037649845321091114 0.9995129460891338 -0.03097895239825424 0.4269015070198028 -0.0005621713529763609 0.030977051504693594 0.999519937891909 2.007828939033944
0.9999914962093598 0.003812598041176153 0.001572133945437971 158.3725782454005 -0.0037594627681445565 0.9994640537210013 -0.03251879086433006 0.405719708891505 -0.0016952724444505884 0.03251260395230626 0.9994698878083218 2.033416546346996
0.9999911572729069 0.0037423570166695563 0.0019183690865536625 159.70631791604458 -0.0036729596188703846 0.9993810958210271 -0.03498477787840562 0.40345353100274767 -0.002048107328879059 0.034977422425373425 0.9993860040929362 2.0526165418305173
0.9999866915296101 0.00478165953355102 0.0019371359708949243 161.06867537960596 -0.0047134258130612896 0.9994169227945194 -0.03381712656388986 0.4048017472392057 -0.002097708456697905 0.033807545962973695 0.99942616008147 2.0609576462497694
0.9999805975510064 0.006016143977052655 0.0016157144486264484 162.4170355023678 -0.005962507377719475 0.9994900657563303 -0.031369682181644196 0.4075644244566491 -0.0018036150650202563 0.0313594398236655 0.9995065445041584 2.067842251157343
0.9999761350820724 0.006901248814610219 -0.0003194231045432536 163.76468223394568 -0.006907451044138546 0.9995919382471012 -0.027717216878254406 0.410528020854218 0.00012800935006594975 0.027718761808605424 0.9996157531058643 2.08964396397787
0.999970339774246 0.007612767860851961 -0.0011684764763294805 165.11957912099336 -0.007639317005798278 0.999665568518614 -0.024706111673856498 0.4081911101274139 0.000980003808093183 0.024714305247223248 0.9996940745591538 2.104534266344552
0.9999692688294226 0.007839729555225033 6.103354577875503e-06 166.45676536013974 -0.007837191738929935 0.999664777314328 -0.02467613062743573 0.4018402886040622 -0.00019955549918346382 0.02467532446789615 0.9996954979092417 2.120599870965883
0.999969977003306 0.00774720982172171 -0.0001607233207795995 167.7874064421251 -0.007748846727322555 0.9996931653117624 -0.02352723110239662 0.3974837901414628 -2.1596390584828005e-05 0.023527770164793245 0.9997231834686382 2.13316285054146
0.9999710225823636 0.0072263779414198015 -0.0023944639128390594 169.17843647134023 -0.007272647197816647 0.9997752513504535 -0.019913698548324033 0.3936674961912256 0.0022500218483865685 0.019930535592030493 0.9997988353427386 2.162170082084394
0.9999631338117768 0.0065809458802669465 -0.005515629488235108 170.56452513455872 -0.006663125546487081 0.9998650537693256 -0.015015891875452743 0.39572737862574286 0.00541606640304958 0.015052089628504543 0.9998720422246705 2.1870356953658274
0.9999568375555908 0.006403940304472671 -0.006731461535086986 171.91597668624482 -0.0064748691353001915 0.9999231887983971 -0.010568470699472213 0.400754419329134 0.006663264627968945 0.010611599870972153 0.9999214943447691 2.2073049447139987
0.9999615855799174 0.006776079531049007 -0.005559866067295606 173.31336814909045 -0.006801584345636414 0.9999663745296372 -0.004581294625135398 0.3993095864606708 0.005528635897448855 0.0046189345353663 0.999974049477721 2.2409940948048774
0.9999662979094167 0.007492905885462273 -0.0033555039453528786 174.7014197573275 -0.0074971831288190224 0.9999710969384082 -0.0012639354926120194 0.4038810168650294 0.0033459364113242376 0.0012890497229113413 0.9999935715095088 2.27149272603537
0.9999715164205422 0.0074424298445230535 -0.0012556216032796074 176.0502397024454 -0.007444872288953315 0.9999703815848606 -0.0019518784873126809 0.4038882776046144 0.0012410576950508453 0.001961170833306363 0.9999973067887534 2.283521905018931
0.9999779185141208 0.006630897030602271 -0.0004401008246537309 177.46359145908517 -0.006632471636818911 0.9999712394962028 -0.0036783828531766006 0.3988299278142707 0.0004156971891937453 0.0036812205852544263 0.9999931378818805 2.3085518795536233
0.9999867010756132 0.005146429576553382 -0.0003345661757251748 178.8680274329535 -0.005148293510808845 0.9999697408994808 -0.00583201160422931 0.3961294696885254 0.00030454201504282494 0.005833656489619383 0.9999829377075001 2.322657286454014
0.9999870377788493 0.002987500326217958 -0.004122998433550602 180.20359390037277 -0.0030157476275808255 0.9999719085191145 -0.0068620287733481035 0.3899770165193556 0.00410238229922002 0.006874373748958101 0.999967956209113 2.3454465548548806
0.9999633461272547 0.0013781867460072323 -0.008450266461923248 181.61826621511187 -0.0014130053890564938 0.999990531615322 -0.004115834724091749 0.4020725851599034 0.008444514062684256 0.004127624134859191 0.9999558254749289 2.3778683782130443
0.9999533718851704 0.0009498067491798439 -0.009609990770920875 183.01918242044778 -0.0009497908011338811 0.99999954892925 6.223374390804257e-06 0.4262023494282135 0.00960999234713813 2.9043966266136063e-06 0.9999538229531664 2.400725496233403
0.9999648273275018 0.0006073020976238962 -0.008365123552088084 184.35080788572807 -0.0005868516498265388 0.9999968339782193 0.0024469651977182855 0.4406158078277094 0.008366583115022107 -0.0024419700448552258 0.9999620178133165 2.4193547379694293
0.9999858307870083 0.0009174830461895747 -0.005243705758025197 185.7969505359457 -0.0008892669215769737 0.9999851282455463 0.005380751999530003 0.43470395528688394 0.005248564523656055 -0.005376012704431771 0.9999717751305998 2.4490834940680863
0.9999952836668038 0.0013075893662528716 -0.002779002374545704 187.1522459713418 -0.0012915103948723486 0.9999824626923121 0.005779819090457546 0.4442963416621022 0.0027865112683075443 -0.005776202720450802 0.9999794352070865 2.478031048033084
0.9999962594522749 0.0014732479132487828 -0.002304478692618459 188.61161878034912 -0.0014624286761245088 0.9999879347116595 0.004689534462730004 0.4504066634350352 0.0023113597352798832 -0.004686146785578934 0.9999863487290604 2.495862921203646
0.9999977309823297 0.0012865477983516648 -0.0016978883811481229 190.0230560057728 -0.0012811575089937677 0.9999941485716699 0.003171980116293829 0.44593489959268734 0.001701959350110981 -0.0031697976565659538 0.999993527837649 2.51841680183463
0.9999983339094076 0.0014242064146721763 -0.0011418469675228712 191.3843411811665 -0.0014238035840064332 0.9999989239015018 0.000353523963015411 0.448514714133511 0.0011423492298789314 -0.0003518976082077162 0.9999992856029 2.5400259813738923
0.9999979011569774 0.0018086654496182616 -0.0009625024318908261 192.83635629747994 -0.0018100982907998141 0.9999972518981224 -0.0014898793174843452 0.4548830193596514 0.0009598050935904511 0.0014916184144683916 0.9999984269231066 2.563805589644585
0.9999976777042155 0.0021461024018619634 -0.0001970549583460848 194.20094234790938 -0.0021469952519573474 0.9999868911478969 -0.004648434548582146 0.4510689676262552 0.00018707635863216937 0.0046488468296021325 0.999989176554222 2.5842013537197484
0.9999963294644336 0.0023987558694753388 0.0012597729711279306 195.6636914986406 -0.002386329909149331 0.9999493837056573 -0.009774224073598238 0.4448051116561852 -0.0012831551834545298 0.0097711819630414 0.9999514375787558 2.598075355797691
0.99999507422928 0.0026566716388129233 0.0016714104762907509 197.06242129692706 -0.0026333500971358796 0.9999012524605232 -0.013804013733071647 0.43773438613712645 -0.001707918160405197 0.013799544328724888 0.9999033231227291 2.6186840900581583
0.9999917628027423 0.0029609531049449764 -0.002776163427178837 198.48662226531945 -0.0029929151641237897 0.9999284652799851 -0.01158044824840909 0.4463636539117989 0.0027416756709075763 0.011588661679591824 0.9999290905534209 2.640000056116681
0.9999645362246752 0.0031976802558820634 -0.007791093244935864 199.9251220133869 -0.003226044602591864 0.9999882050087558 -0.0036307684570240526 0.46194292351919347 0.007779391312450553 0.003655774110578352 0.9999630575108563 2.6613364705781986
0.9999533006877241 0.004573468121576307 -0.008513508857506213 201.34827654804718 -0.004530558576476132 0.999976972105757 0.005052652490255828 0.47716225774182974 0.008536420954418193 -0.005013845584289084 0.9999509942340904 2.6819628906314326
0.9999731623309746 0.0060090763371580145 -0.00419113580844127 202.8089241590034 -0.005957712546497257 0.9999082914899221 0.01216200110665518 0.49214607190701304 0.004263833838683235 -0.012136705124504767 0.999917256631626 2.708554659090315
0.9999729169976838 0.006962050329964874 -0.002386446384605873 204.24789561448628 -0.006930082040257758 0.9998894928923591 0.013152032784945117 0.4832364344384443 0.002477747779508506 -0.013135138319180744 0.9999106604628621 2.7273649881843953
0.9999773878155687 0.006478051300161727 -0.0018051894372724403 205.70454823335118 -0.006455054176565631 0.9999014524259151 0.012466664033458613 0.476003405912359 0.0018857712293832592 -0.012454729539335687 0.9999206586419607 2.7565635208496495
0.999985380504913 0.00511007709502621 -0.0017680182485061203 207.15044299994898 -0.005094071511619861 0.9999470449795144 0.008941905399388765 0.4703374251241603 0.0018136184490308593 -0.008932768261854972 0.9999584573567551 2.7767857776264875
0.9999899666783472 0.0038879258417017816 -0.0022249888286025054 208.5806251074748 -0.0038714816297620333 0.9999655095221249 0.007347883787019943 0.46353796381252205 0.002253480114931917 -0.00733919605996208 0.9999705285800001 2.803019735238492
0.9999895474312395 0.0034747943531047995 -0.002971671662268252 210.06263751938548 -0.003452191175828775 0.9999653289250127 0.007577817890181479 0.4700594101164012 0.0029978999900308707 -0.007567479903828985 0.9999668723730577 2.820397395213753
0.9999898820843756 0.0033810389770738756 -0.002967204797796091 211.54185911312248 -0.003353768443942017 0.9999525320834454 0.009147995252005494 0.47441966338560876 0.0029979936792754657 -0.00913795137554384 0.9999537538699264 2.848446834350554
0.9999925867460208 0.0031723257084240717 -0.002182384613584979 212.97136834072006 -0.003150130641184311 0.999944037309861 0.010099451737530503 0.4772927362963019 0.002214301231859041 -0.01009250207108762 0.9999466177111654 2.8678079664745004
0.9999930129029758 0.002799357655182615 -0.002477446658842185 214.4147469120804 -0.002774428811831581 0.9999460579115103 0.010009186380451836 0.48850338664842835 0.0025053323127115527 -0.010002242945905395 0.9999468378099177 2.894351910376575
0.99999161298704 0.0025616813017473616 -0.00319558202620844 215.89110935786022 -0.002530697503671237 0.9999501148240804 0.009662475534428273 0.486290233753815 0.0032201747969420333 -0.009654307443664238 0.9999482110699836 2.9165820305934713
0.9999900250920094 0.002286302433011243 -0.003836995917009807 217.35773073081356 -0.002251560635675482 0.9999566536408476 0.00903445151084731 0.4898533228957869 0.003857485085676894 -0.009025722164058758 0.9999518269137924 2.9408013659635177
0.9999909831709544 0.0017003178758913167 -0.003891336005668862 218.83487816406802 -0.0016617581402642947 0.9999497020934274 0.009890998086608777 0.48822415105598865 0.003907958120471074 -0.009884442441886016 0.9999435112349806 2.9668194235352146
0.9999893278246936 0.0015583328242219305 -0.004349233901087006 220.31053793532166 -0.0015113457495191539 0.9999406874126866 0.010785985845953139 0.4945629418426248 0.004365784092556843 -0.010779297539851268 0.9999323710500648 2.995131319542608
0.9999889102733984 0.0014745797220823186 -0.004472688773464206 221.8061103888857 -0.0014290970946547507 0.9999474136780174 0.01015517405750556 0.5008754011654041 0.004487428184951649 -0.01014866953287022 0.9999384318521803 3.018909569164538
0.9999878356764693 0.0009894136580982202 -0.004832138212408813 223.2752900330702 -0.0009357645857146843 0.999938041551549 0.011092222621847165 0.5036511008058846 0.004842813617183194 -0.011087565948650069 0.9999268038399629 3.0427454871214596
0.9999876109413656 0.000625984439380967 -0.004938229162536282 224.77531034563978 -0.0005737328226163225 0.99994391458373 0.010575373166671972 0.5095266201773159 0.004944572218941048 -0.01057240892359758 0.9999318853677603 3.0668083877275634
