1.0 -2.1684043449710093e-19 -2.5135375298442207e-37 0.0 2.1684043449710093e-19 1.0 2.3183291766350204e-18 -8.673617379884035e-19 -2.51353752984422e-37 -2.3183291766350204e-18 1.0 0.0
0.9999995346459611 -0.00038981647846688734 0.0008824686817920155 1.3232664746076273 0.0003898957604434933 0.9999999199702124 -8.967086946183796e-05 0.0019374528033721747 -0.0008824336559856796 9.001489853089155e-05 0.999999606604003 0.014706718183163364
0.9999990846586052 -0.00045410755609201004 0.001274546303256856 2.621000171723939 0.0004548099884499608 0.9999997448352573 -0.0005508877331369176 0.00999908708868309 -0.0012742958157554007 0.0005514669052760349 0.9999990360267486 0.025455767176148333
0.9999987110274515 -0.0010528790604397472 0.001212183616280184 3.9516401113896897 0.0010544852165896852 0.9999985660382711 -0.0013251348344799436 0.004699508197979602 -0.0012107866713357866 0.0013264113561206785 0.9999983873129751 0.04728692572389916
0.9999991742139505 -0.0003627845903898211 0.001232866074733972 5.262253885316402 0.0003653601600275097 0.9999977502306153 -0.0020895084736482516 0.017819748336695442 -0.0012321052595938929 0.002089957188307661 0.9999970569934595 0.05522861890530254
0.9999984597719667 -0.0007385186594130459 0.0015921821140067512 6.586221607058488 0.0007423231867585941 0.9999968678499491 -0.0023902398578299505 0.01212373539961636 -0.0015904118903179816 0.002391418090016284 0.9999958758462646 0.06921380972520166
0.9999964085803116 -0.000441944147059697 0.0026433902188922804 7.91728861181785 0.000451028572673554 0.9999939916163736 -0.0034370487890907518 0.018378970315864808 -0.002641855352794274 0.0034382286897235072 0.9999905995477018 0.09584897126981742
0.9999957858002593 -0.00031126158333871486 0.0028864334305116705 9.238008376699504 0.00032182416432389484 0.9999932516865407 -0.0036596462377896394 0.03459229074789778 -0.0028852748446716687 0.003660559739336064 0.9999891376867378 0.10588547166090526
0.9999966778908495 -0.0008584833996854447 0.0024304759856739627 10.5680585358707 0.000866715326301617 0.9999938853290373 -0.0033879358139342814 0.029766940916705294 -0.0024275526374575654 0.003390031089628704 0.9999913073009203 0.12225676014944542
0.9999997582395365 -0.0006952941421305541 9.32333605247188e-06 11.889332494595111 0.0006952958471064095 0.9999997413293448 -0.00018413291022910085 0.04997200566612931 -9.195307106942688e-06 0.00018413934818988154 0.9999999830040732 0.13359377335152448
0.9999993976081886 -0.0008878687865329795 -0.0006453466339698629 13.232228716596854 0.0008892587196132099 0.9999972789475334 0.0021566910902585134 0.04273551622294078 0.0006434300192465784 -0.0021572636712068917 0.9999974661024214 0.1429092628271004
0.9999996075423983 -0.000626463565829474 -0.0006264650431213504 14.569592994610378 0.0006297948064101294 0.9999855889331727 0.005331536783866687 0.07094775246666934 0.0006231160015467769 -0.005331929235895103 0.9999855910247267 0.15779806297346555
0.9999999548603253 -0.00023914281103626635 0.00018190674348328095 15.917837314032589 0.00023806329756083036 0.9999824986848566 0.0059114845730520275 0.08713196420307348 -0.00018331724891423366 -0.005911441000890334 0.999982510477098 0.18112741856495515
0.9999951389399826 -2.341694843459621e-05 0.0031179397126138474 17.262996300841422 1.0164141510112122e-05 0.9999909667477382 0.004250449342612067 0.07887329946533848 -0.003118011080030966 -0.004250396989742253 0.9999861059696451 0.20051179445086564
0.9999872422686017 5.5472857423456935e-05 0.005050962561630146 18.627357547454537 -5.474951581075643e-05 0.9999999882270892 -0.00014334682358182636 0.082448010209951 -0.005050970454023521 0.0001430684570469268 0.9999872335329533 0.21664825605830448
0.9999937663204712 -0.0001737302105698356 0.0035266326733692107 19.961651846197093 0.00018166802463500284 0.9999974508407057 -0.002250624095567968 0.07349034423652404 -0.0035262326820227163 0.002251250742290001 0.9999912487382916 0.2424289981619254
0.9999994047047347 -0.0002224624600799091 0.0010682231181399202 21.32635991293307 0.00022563044235523533 0.9999955746173842 -0.002966451845391178 0.07866462780155738 -0.0010675584666686691 0.002966691103131119 0.9999950295190565 0.23248412955016554
0.9999999767909319 0.0002095155136255631 -5.0213396358718926e-05 22.66764315354483 -0.00020956622075649867 0.999999466005332 -0.0010119639568492908 0.08685957870774344 5.000134739684317e-05 0.0010119744563942567 0.9999994867036507 0.2804395888313509
0.9999986756085236 0.0009190379604562059 0.0013431866682957676 24.03852417886519 -0.0009212949286597945 0.9999981633022059 0.001680656975472274 0.09500291474863608 -0.0013416396137088122 -0.001681892220690245 0.9999976856181743 0.2636316049970657
0.9999797534031059 0.0017496604563302521 0.006118126522972882 25.431200336535756 -0.0017615532413300448 0.9999965685746015 0.001939012429081296 0.11043536366906341 -0.006114712915706645 -0.001949750576285682 0.9999794041672302 0.27886650081086406
0.9999755619404069 0.0018321319595427956 0.00674676325729679 26.800635217989353 -0.0018337541922528733 0.9999982912305986 0.00023426789211417588 0.09718358854487832 -0.0067463225189419405 -0.0002466340724686733 0.9999772128924261 0.28798411041034183
0.9999778951177964 0.0018258961842042333 0.006393385558973445 28.172541974473432 -0.0018015942836168452 0.9999911388431842 -0.003804798700157558 0.10177334210489627 -0.006400276073609707 0.003793196308654478 0.9999723236809834 0.3183560511006455
0.9999908121498178 0.0016806787659252966 0.003943467361794727 29.536647642990072 -0.0016656063160155354 0.9999913078230783 -0.003822307403861231 0.1066041363128623 -0.003949857155369241 0.0038157040209286473 0.9999849194019261 0.31282732019363085
0.9999949410978054 0.0025081211619917883 0.0019562993210335607 30.916788967336533 -0.0025002804577842186 0.9999888737266496 -0.00400012756539 0.10578366458328319 -0.001966310359309981 0.0039952160321739235 0.9999900858870688 0.34505674168553235
0.9999951733341779 0.002984590862680523 0.0008634383185159111 32.30117566140409 -0.002983277214980065 0.9999943967531439 -0.001518722941918344 0.11704141302263618 -0.0008679662470732603 0.001516139735688058 0.9999984739762836 0.3358065900688491
0.9999933887061336 0.0034475428373218226 -0.0011562838787448192 33.683821922548915 -0.0034477962150558854 0.9999940327428664 -0.00021720938888833286 0.11811883443744059 0.001155528140228734 0.00022119458403389893 0.999999307913597 0.36931712243181164
0.9999928954099632 0.003699115274881704 -0.0007250350208809032 35.07776498332583 -0.0036993431237772626 0.9999931083686247 -0.000313170414681857 0.13122803331954547 0.0007238715707422145 0.00031585034305344254 0.9999996881242064 0.3573622181838535
0.9999946840697762 0.0031269854249434685 0.0009240099245596436 36.47124527144772 -0.003126985015924714 0.9999951109686227 -1.8873423385038897e-06 0.1239336012215432 -0.0009240113087381139 -1.0020328831400212e-06 0.9999995731009576 0.39559321250479274
0.9999933049995734 0.0028683544322751606 0.002272113307233297 37.871580630904724 -0.002871602652083137 0.9999948578679253 0.001427632976751956 0.13254139401918724 -0.002268006666350054 -0.0014341480253474521 0.9999963996761202 0.4017268921401456
0.9999932045039128 0.002539132474517235 0.0026727798773001697 39.267604516458576 -0.002547401762328597 0.9999919656844332 0.0030950461781297273 0.12957706150294773 -0.002664899671082175 -0.003101833789925285 0.9999916384334835 0.4064987086750991
0.9999909670650786 0.0030316587257786494 0.0029790658970866453 40.66416758730039 -0.0030496859974044276 0.9999769541607024 0.006065522467329136 0.145045738694941 -0.0029606086478982394 -0.006074552893411115 0.9999771670411176 0.4353533369993218
0.9999893221496315 0.0030402620873615574 0.0034802863618679214 42.08851728666959 -0.003070800887923298 0.9999565347165806 0.008803343655376793 0.15532399204997402 -0.003453370618277365 -0.00881393692104075 0.9999551933698454 0.4537779013656646
0.9999905520089278 0.002627142629333798 0.0034632375726821388 43.47977043350353 -0.0026602886206048572 0.999950368655124 0.009601202577634926 0.15243334182106996 -0.003437841958959207 -0.009610325077063747 0.9999479100906099 0.4564305055025481
0.9999916987614391 0.0023055458707347347 0.003359593196985959 44.90703591335302 -0.0023344748753001522 0.9999600139598664 0.008632537775198049 0.1616657555428347 -0.0033395561483359824 -0.008640309000352184 0.9999570952921483 0.46858769189840704
0.9999950802771447 0.0014133122881598275 0.002800351742786289 46.30571013641705 -0.001435966970154658 0.9999661268496275 0.00810451431090107 0.1501939450736407 -0.0027888026763854454 -0.008108495651544239 0.9999632367631828 0.4854786681629598
0.9999936843927191 0.0004559310890965249 0.003524670412537227 47.735879201566036 -0.0004822677273076402 0.9999719466238003 0.007474850048445684 0.1570913044320056 -0.003521163517108743 -0.007476502675017657 0.9999658510745436 0.5026466365535286
0.9999899121904817 -0.0005154506960212335 0.004462043013293866 49.13494357210936 0.0004794590784071939 0.9999673745948682 0.008063489619198231 0.1662459300750412 -0.0044660537686694165 -0.008061268909219932 0.9999575342519844 0.5176753362385027
0.9999884859250877 -0.001389218329261594 0.004593265688408548 50.56228177818489 0.001348004870946472 0.9999589180985002 0.008963537144721275 0.18007374454494834 -0.004605529298416439 -0.008957242193361584 0.9999492771696826 0.5370329686754782
0.9999850947421546 -0.00256564971866928 0.004819516059235751 52.00918283109652 0.002522208016369132 0.9999563339272103 0.00899826125291107 0.1843904172037579 -0.004842391996348741 -0.00898597130946731 0.9999479004225065 0.5453016876568628
0.9999748635003487 -0.003547679722790617 0.00613891977823434 53.41400069517187 0.003488448298942529 0.9999475217877333 0.009632465885553351 0.20172609391539315 -0.00617277052260178 -0.009610808454820251 0.9999347625044946 0.5631651193200824
0.999964650297518 -0.00459656314000992 0.0070405797106818865 54.87574171724506 0.004537932379044855 0.9999550829989575 0.008321006806344653 0.19890098388918867 -0.007078511502129497 -0.008288762986593349 0.9999405937769835 0.5773043969737559
0.999957996770647 -0.004897884442503032 0.0077469621415549314 56.27199710261647 0.004853045272454791 0.9999714255126927 0.005796215118205649 0.21205821802472088 -0.00777512996793641 -0.0057583753004557 0.9999531931384993 0.5750215444546438
0.9999581744752144 -0.005465445191203678 0.007333362738776443 57.70216460242619 0.005432387592944979 0.9999750281284413 0.004520208464530027 0.2208461762589371 -0.007357884562599742 -0.004480181735682163 0.9999628940647641 0.5991546130175427
0.9999563367105957 -0.005417996485331474 0.007613802362193796 59.15404476681566 0.0053970958056848255 0.99998161849476 0.002762974749177408 0.23694656481921342 -0.007628632196525881 -0.002721761687817009 0.9999671974540589 0.60263462055806
0.999952141766703 -0.005065061587269393 0.008370144998794026 60.55207963362295 0.005045709369337705 0.9999845522150095 0.0023315549119258985 0.24380629381451435 -0.008381825167816749 -0.002289210008783848 0.9999622515497232 0.6190290273240916
0.999946976100399 -0.004441418330675721 0.009290790648814646 62.008305919410375 0.004433034632646186 0.9999897483011763 0.0009227656777350056 0.26026292743886775 -0.00929479379082309 -0.0008815303523894934 0.9999564139064382 0.6281857468117493
0.9999513988957203 -0.004077264968769744 0.008976399994797964 63.40714783910363 0.004092308718431056 0.9999902516547999 -0.0016581932103690213 0.2663756682697583 -0.00896955159666407 0.0016948468203067243 0.9999583364512796 0.6309059956272244
0.9999608029060475 -0.0036587825500780575 0.00806262747148335 64.82847265760846 0.0036794314973435348 0.9999899853879299 -0.0025477259868355905 0.2758923756520496 -0.008053225152013944 0.002577292008850643 0.9999642509262779 0.6445326961568957
0.9999629362496537 -0.0029765178454389425 0.008078766520130046 66.28153824022199 0.002996735826140651 0.9999924055809903 -0.002491657025456274 0.2799865407299536 -0.008071288704991027 0.002515774604364233 0.9999642619497863 0.6559036304447767
0.9999654956142828 -0.002339147214195976 0.007970945439047932 67.64543072078307 0.00234653618783664 0.999996825735136 -0.0009177622629200837 0.2940098584401595 -0.007968773356115288 0.0009364347080209645 0.9999678103525316 0.6667692008455853
0.9999513752468817 -0.0017480084210095286 0.009705236134689394 69.12291112817879 0.0017231506338594652 0.9999952153623134 0.002569047366929477 0.31361468702684053 -0.009709680415082191 -0.0025521988638382647 0.9999496029236656 0.6832203767147031
0.9999419301868809 -0.0009125815891147857 0.010737944355324307 70.48536396094573 0.0008507797317670312 0.9999830570595838 0.005758625497219468 0.32708280142562635 -0.010743017638580273 -0.00574915546949467 0.9999257646362577 0.6902679850681714
0.9999311675364396 3.0430654392116563e-05 0.011732828439372171 71.93297419064166 -0.0001409028469200609 0.9999556685693664 0.009414937194651715 0.3473872128972721 -0.011732021803602182 -0.009415942330259873 0.9998868434450134 0.7021427861734186
0.999935200641717 0.0003603916952246691 0.01137825274087326 73.2976672192202 -0.0005124910474303495 0.9999105201179902 0.013367464617363888 0.3514808061043963 -0.011372417092926223 -0.01337242966689991 0.9998459112554636 0.6985503048797576
0.9999405937091822 0.0009923074836614132 0.01085469384119395 74.69926767396308 -0.0011801241174497856 0.9998494724463788 0.01731010559659766 0.36471717660019587 -0.010835882963358256 -0.017321887153420024 0.9997912461438381 0.7091789550516621
0.999939392477835 0.0017795161662405438 0.010864837471048045 76.14436172477004 -0.001976789878779585 0.9998328955671902 0.01817342134831187 0.37607400119858664 -0.010830682011459652 -0.018193797403022044 0.9997758159023573 0.7031747799594611
0.9999325165809608 0.002121145623125644 0.01142204120601361 77.50759447724111 -0.0023359953565878348 0.9998199759964178 0.018829729796692528 0.38284789959049376 -0.01138004436548373 -0.018855140937366267 0.9997574597123402 0.7137432749944671
0.9999286836159598 0.002313956639294126 0.011716368324925874 78.92902356374952 -0.002523720034043837 0.9998362310906966 0.01792043067397113 0.38488354859026475 -0.01167298244852726 -0.01794872148712287 0.9997707661647914 0.7312050362148933
0.9999427158858911 0.0020001489138336908 0.010514958443605645 80.29215745111213 -0.0021766942962654725 0.9998564102599911 0.016805381993431512 0.3846049253948695 -0.0104798353369158 -0.01682730716208142 0.9998034880840255 0.7312857407468456
0.9999399908019447 0.0017163715900866084 0.010819836577853497 81.67630923090896 -0.0018981857386510333 0.9998567998038901 0.016815967912232724 0.38666253549911145 -0.010789424725549307 -0.016835496858970404 0.9998000571912383 0.7464378265233111
0.9999368846357841 0.001294592699581247 0.011160231835620643 83.08835148067128 -0.0014736964011677544 0.9998700220853869 0.016055128585131626 0.3936533172691952 -0.011137996399702902 -0.016070562053335794 0.9998088227613767 0.7466783435791357
0.9999449983771285 0.0010953894476344525 0.010430740267238742 84.43522499956694 -0.0012642038381722096 0.9998681098648897 0.016191499741175407 0.4051334123333402 -0.010411628557537736 -0.016203795764293743 0.9998145002917336 0.7484144321699587
0.9999430995673171 0.00024254361146212481 0.010664839441044719 85.85599305109773 -0.0004155934247550799 0.9998682475441794 0.016226978617013995 0.4065132734295417 -0.010659498572260537 -0.016230487532057317 0.9998114554077984 0.7510016669366106
0.9999331181031776 -0.0009391186516983909 0.011527244970698215 87.20484563396114 0.0007569379960714744 0.9998749085398512 0.01579855427861579 0.4162384814525108 -0.011540639727786255 -0.015788772231630242 0.9998087458639733 0.7603026537003006
0.9999161915377277 -0.001993252114599453 0.012792061862489998 88.57691239996626 0.0018326400033709916 0.9999195025662135 0.012555071419711347 0.4195751965358648 -0.01281605755699352 -0.012530575954187146 0.9998393537638695 0.7595683872085016
0.9999046407137557 -0.003063010949014254 0.013465787872278593 89.95948740540729 0.002904073722643892 0.9999260802917624 0.011806790764866817 0.41774032124855975 -0.013500956814553393 -0.011766559237012062 0.999839623264058 0.7695135430906285
0.9998946565816021 -0.003955137884041031 0.013965408117128743 91.33522893860754 0.0038080847822181455 0.9999371935865201 0.010540748199512288 0.4286677597443433 -0.014006221112462152 -0.010486456342936176 0.9998469182847525 0.784789004055252
0.9999014518046234 -0.00439020191158997 0.013334646833794445 92.71687109731252 0.004265205201114825 0.999946836751458 0.009387848280915429 0.44286098104934307 -0.013375152470119191 -0.009330048120378347 0.9998670189072507 0.783271025420757
0.9998990653030413 -0.00451091922548495 0.01347259491878835 94.03088427785275 0.004399285640137368 0.9999558427224569 0.008304149027910653 0.45121641009872343 -0.013509459351176588 -0.008244041057783407 0.9998747573046719 0.801647349564448
0.9999060508416504 -0.004814326660958062 0.012834007521278997 95.42670884258868 0.004707532993459871 0.9999541539737569 0.008338410144840082 0.4693011815722151 -0.012873562963303681 -0.008277210244380268 0.9998828727242006 0.7919268279558661
0.999912488205571 -0.004653427190189689 0.012383922881286716 96.76678216575681 0.004559252235542315 0.9999605583012482 0.007622011605142923 0.4754093537829942 -0.012418902914378378 -0.007564883161148907 0.9998942661067527 0.790381367308304
0.999919053745137 -0.004496381272090128 0.011902458270700512 98.11334525520437 0.004396284930228433 0.9999548654959979 0.008422567879978632 0.4857822494847491 -0.011939792135628503 -0.008369559506724265 0.9998936902678311 0.8008929440940555
0.9999194746378974 -0.004077224733649338 0.01201750716007983 99.49253259998552 0.003950298099169242 0.9999363680622734 0.01056669159943759 0.5104402594107816 -0.01205982523915466 -0.010518367977079102 0.9998719540772708 0.8003954749386949
0.9999006813987663 -0.004013375983142873 0.013510001906028045 100.82104092133979 0.003865708553597776 0.9999326987881726 0.010938655839737165 0.514220643439725 -0.013552993605163047 -0.010885343697812532 0.9998489014130679 0.8079631069921961
0.9998774188514427 -0.0040192094967340195 0.015132522129442291 102.17020321080058 0.003853734991985274 0.9999326389012898 0.010948350858202817 0.5332844638408152 -0.01517550650186826 -0.010888692066732587 0.999825554978211 0.8066954629689275
0.9998915086061537 -0.0038079586514434788 0.014229211791901428 103.503170169388 0.003658684540425655 0.9999381588221024 0.010502026418632597 0.5447515049297386 -0.014268323123042184 -0.010448826841942758 0.9998436062569402 0.8146715259841053
0.9999223021210168 -0.003630801268417116 0.011925057784135332 104.82362517040391 0.003505812706228533 0.9999388809253351 0.010485403714562955 0.5572090252932502 -0.011962399352744941 -0.010442782001831921 0.9998739167043951 0.8173664990789352
0.9999330597277062 -0.003784184855929147 0.010934167026514006 106.1682524184706 0.00368555282280106 0.9999524670379034 0.009026647506201637 0.5669573071580108 -0.010967805795959955 -0.008985744809810124 0.9998994767606567 0.8239470312923128
0.9999223285993146 -0.003472987951488794 0.011969758694858345 107.5056045969475 0.003373812882748033 0.9999598983497744 0.008295726546901925 0.5764022555128374 -0.011998089646128116 -0.008254698480113225 0.9998939472753328 0.8279907562764733
0.9998972539065483 -0.00284960339923105 0.014048536956239211 108.87534653082713 0.002786503328535648 0.9999859515829976 0.004509105881080568 0.5800442081149122 -0.014061188759979996 -0.00446949629307671 0.9998911473623229 0.8239229739386077
0.9998829008615613 -0.0020614279966019344 0.015163610364429685 110.19963121829069 0.0020086113529991186 0.999991866371873 0.003497523485395233 0.595850141456689 -0.015170696922093482 -0.003466656128477975 0.9998789087935523 0.8350290944857617
0.9999016186348393 -0.0013943362923822414 0.013957395091214603 111.51128825596436 0.0013532804702856957 0.9999947315094588 0.0029505228848190927 0.6023063079859033 -0.013961435577950395 -0.0029313443381567437 0.999898237590693 0.8337693084186442
0.9999297866084443 -0.00061753252720724 0.011833871165800529 112.83847938465121 0.0005677135141484173 0.9999909651237409 0.004212763019102997 0.6105642202413147 -0.01183636576643259 -0.00420574897813809 0.9999211029481156 0.8354966350822205
0.9999494207106293 0.000462580458508482 0.010046991579376675 114.18581244116072 -0.0005352440478919209 0.9999737135365516 0.007230888584926874 0.6118713865549537 -0.01004338261174272 -0.0072359004441628115 0.9999233831701688 0.8484325160892694
0.9999552417910661 0.0018090128238699452 0.00928665102033543 115.50239268568225 -0.0019027556693255736 0.9999472290694391 0.010095474095521284 0.6296104412949053 -0.009267898113017448 -0.010112692468060422 0.9999059153318441 0.8366747576528805
0.9999265950216709 0.0033175999863895205 0.011653244127598052 116.86111098319826 -0.0034438583429774947 0.999935409245092 0.010831305441342327 0.6385711645985445 -0.011616557496977948 -0.010870642491612712 0.9998734343524379 0.8455044792238099
0.9998951493907919 0.004148829990299213 0.01387362369669292 118.16789556819394 -0.004301826967703134 0.9999300652044758 0.011016305411189493 0.6427428698603815 -0.013826948669384276 -0.011074832273414105 0.9998430694767104 0.8407844019954854
0.9998767707132092 0.005115517725861258 0.014841659830378773 119.5305597709236 -0.0052730697484372644 0.9999299585227743 0.01059588524243842 0.6394413176017485 -0.014786416859820888 -0.010672840626525243 0.9998337123489127 0.848827336864843
0.9998782825708511 0.0060410752633669705 0.014384903643315655 120.85005497679361 -0.0061978944664186665 0.9999215794764138 0.010882141405863775 0.637779425161182 -0.014318035736380783 -0.010969972974279091 0.9998373135393555 0.8506495893635303
0.9998720615564836 0.0074445167034779824 0.014157672472522129 122.16268853441795 -0.007628494370084378 0.9998865835659451 0.012985610438785086 0.6343103197371147 -0.014059395165979385 -0.01309195080474757 0.9998154500865112 0.8536430685012117
0.9998703483532498 0.008478576483589698 0.013689420176280883 123.53509647335514 -0.008677729086868508 0.9998564191089487 0.014554661951587142 0.6361324572121341 -0.013564051822584675 -0.014671567995343304 0.9998003608674645 0.8459724370457702
0.999868122136366 0.009697099266320095 0.013027071862706328 124.85379874891366 -0.009899477111788627 0.999829904399962 0.015561575128376826 0.6384508420076321 -0.012873953876340933 -0.015688484100832605 0.9997940451804099 0.8514756470035691
0.9998637768555549 0.010815836587147465 0.01246777490433239 126.18836468794225 -0.01101419748519632 0.9998120839190587 0.01595256415708368 0.6284081934897429 -0.01229289168186531 -0.016087713583629527 0.9997950141332717 0.8398766211257845
0.9998602401896552 0.011646473991654131 0.011994154052973207 127.54178479124822 -0.011834642170116467 0.9998060984210603 0.015738704036939607 0.6208221916796063 -0.011808527960335732 -0.01587845091999852 0.9998041975625983 0.850326950513317
0.9998356643727594 0.012660580692836118 0.012975127930117047 128.86365186005585 -0.012864699812290813 0.9997928701708574 0.015770740447388222 0.6175777343711522 -0.012772773662065846 -0.015935069878711777 0.9997914431524898 0.8525246853828428
0.9998127186660737 0.013509416743034963 0.013857245498934287 130.23418487103544 -0.013719153232711948 0.9997910517710831 0.015153799294205267 0.6053794845093984 -0.013649631062123887 -0.015341070944842583 0.9997891473276419 0.8534852782009862
0.9997967356322613 0.013840334902334191 0.014660578053594117 131.56075936399625 -0.014037672749945202 0.9998110812799532 0.013444162062997032 0.5866360635126314 -0.014471736690519953 -0.013647229740936902 0.9998021414047674 0.8513747862722493
0.9997918517477229 0.013882048507804322 0.014951317938104532 132.91455760919104 -0.01406145940206056 0.9998295766870776 0.01196214617965354 0.5715994925563115 -0.014782710791445566 -0.01216989363002672 0.9998166657696252 0.8577118351730987
0.9997814341489178 0.013735757920283129 0.015761119423713978 134.24588539739005 -0.01389006122624288 0.9998562565793975 0.009722776258120293 0.5587528765821285 -0.01562530416550087 -0.009939574105042068 0.9998285126642199 0.843722356725126
0.9997851122138522 0.01321616832876411 0.01597066968666907 135.57655182095004 -0.013352801451994438 0.9998748958136938 0.008479116400818774 0.5392372025660485 -0.015856610259400744 -0.00869054752364839 0.9998365077825577 0.8558376796586498
0.9998079088007942 0.012031738029736398 0.015471999850273603 136.91943250430796 -0.012165199248230476 0.9998893525474158 0.008560992323349385 0.5325149875113522 -0.015367284295994661 -0.00874756779301477 0.9998436510930461 0.8557212780631862
0.9997938352307046 0.011058855433701735 0.017029056085852135 138.25503606424815 -0.011164570965140548 0.9999189123588462 0.006125443842371362 0.5177172974893269 -0.016959934841943018 -0.006314303096794623 0.9998362316832486 0.8558493352099524
0.9998047938350386 0.010020941016593392 0.017028064059600823 139.588839683066 -0.010116320142286252 0.99993356825478 0.005524413456842967 0.5003169778387114 -0.01697157303418533 -0.005695596404708675 0.9998397501051556 0.8509642427274514
0.9998097425422126 0.008742481718502995 0.017436964502921138 140.94921738492985 -0.008807182395940473 0.9999546010813588 0.0036372124580623505 0.4972163037912729 -0.0174043746201674 -0.003790090978075413 0.9998413488921423 0.848935310361932
0.9998312740400912 0.007509702765393657 0.0167638842677816 142.27862326873213 -0.00756400284376982 0.9999663423382638 0.0031780578367152264 0.4955607699356677 -0.01673945376491057 -0.003304323684130209 0.9998544254703496 0.8388342207926098
0.9998416979075433 0.006495487933200375 0.016564653991877443 143.62322523848195 -0.006558624979897214 0.9999714227096209 0.0037600801148183335 0.485978619808353 -0.01653975706393662 -0.0038681262397228344 0.9998557266104242 0.8335373545761339
0.9998796219909216 0.005772433912041339 0.014402101722414648 144.97820561833024 -0.005800622278221043 0.9999813402382562 0.001916234976799584 0.4700835105302993 -0.014390771642864378 -0.0019995454563523944 0.9998944481841526 0.8405629046388073
0.9998965063038764 0.004707632858560683 0.013594663444571851 146.2919174135523 -0.004660329072366911 0.9999829833826365 -0.003509170571385538 0.4869594159989651 -0.013610951996073976 0.0034454517890729953 0.9999014305658983 0.8381946281749646
0.9998586868485384 0.0037544518389037037 0.016386287709719213 147.68240255758923 -0.003568638702013452 0.99992917213259 -0.011354097764575759 0.4696381023244757 -0.016427755517137273 0.011294016540735414 0.9998012672721748 0.8360952642868468
0.9998309255307889 0.0023484868366507147 0.018237460399522187 148.98212664612367 -0.002006562278463142 0.9998222986693005 -0.01874419353983608 0.459504842923117 -0.01827824007033255 0.018704429775169895 0.9996579666299454 0.8341363353190879
0.9998841232711356 0.0014800022623031835 0.015150895142405222 150.29090834971163 -0.0011699507547500163 0.9997901374317291 -0.020452684652040514 0.42822083749879863 -0.015177985556194228 0.020432588860639544 0.9996760165508164 0.8383857663917883
0.9999248992957153 0.0015044128017985916 0.012162750946035496 151.6816642061772 -0.0012674244082939298 0.9998096567215602 -0.019469051381235117 0.4460733608445636 -0.012189725338282387 0.019452173874343625 0.9997364770416949 0.8424372073821502
0.9999488009494693 0.002480969504857203 0.009810212537702454 153.00062577284618 -0.0023227502590640625 0.9998675815897674 -0.016106648225621596 0.44717990475231884 -0.009848873588027395 0.01608303690681179 0.9998221519914936 0.8382627565185552
0.9999435531296273 0.0033417622497480285 0.010085790973563128 154.3682500869064 -0.00317444369050794 0.9998578313389108 -0.016560193764144682 0.4536793414563682 -0.010139697320533922 0.016527242217514122 0.999812000729603 0.8400487235148968
0.9999108567444165 0.0038305905724352364 0.012790822511212791 155.69510168399978 -0.0035721984151006296 0.9997903149365729 -0.020163470869655628 0.45468208446132724 -0.01286537846820412 0.020115982076316055 0.9997148740025704 0.8282623800182033
0.9998625784706641 0.004365783450154373 0.01599262670299487 157.02777485047815 -0.003920506593938517 0.9996066801411337 -0.0277689511013313 0.4498143361934398 -0.016107569712463483 0.027702435851159415 0.9994864287452184 0.8298002519747901
0.9998417467809428 0.004472885767716095 0.017218440316764116 158.3692695088624 -0.003921652143601897 0.999482865871617 -0.0319158498793912 0.4361397637973722 -0.017352292024328884 0.03184327436003112 0.9993422355927594 0.8180813319877753
0.9998371360661624 0.0043585337066503575 0.017512981669094017 159.71277850092662 -0.003789795759416706 0.9994685039290853 -0.03237818867475412 0.42495499644366114 -0.01764479501484609 0.032306544811911746 0.9993222445093475 0.832033429997338
0.9998300417011227 0.0053623075955132405 0.017638973019497205 161.0834379782229 -0.004811132280147723 0.9995033611187272 -0.03114296258467251 0.4280716109991515 -0.017797210964484573 0.03105280614724686 0.999359285998918 0.8133627810174922
0.9998249914515045 0.006589917893755625 0.01750883922915871 162.42418111850597 -0.00607827672008475 0.9995575555293387 -0.0291161078499035 0.43171548466974985 -0.017692965300170668 0.029004588712248546 0.9994226797569287 0.7981280429751688
0.9998458987810585 0.00746269658150495 0.015889834814428887 163.7696183707449 -0.007042878895613335 0.9996289026937923 -0.026314535072205755 0.43191486202348933 -0.01608031553046041 0.026198569788005922 0.9995274175296562 0.7960994578160704
0.999847996376326 0.008085769573371265 0.01544682726816595 165.11744180532222 -0.007693444657103725 0.9996505223905792 -0.02529118410731806 0.4329314406201186 -0.015645927634828617 0.025168500444971268 0.999560779309491 0.7791287279033444
0.9998270821889537 0.008323801680839822 0.01662889193846912 166.46430959348456 -0.007916938014334605 0.9996712914262282 -0.0243850608097288 0.43087883818069006 -0.016826402289272027 0.024249194291667425 0.9995643294766998 0.7708464328184624
0.9998260519493498 0.00814944040001837 0.01677654507169564 167.79723288920522 -0.007765136733402076 0.9997088328161333 -0.02284627411453063 0.42207860008490566 -0.016957844641570945 0.022712027883287987 0.9995982169324539 0.767394023516762
0.9998669963198394 0.007597822295731617 0.014431312022982791 169.19484762531025 -0.007299926185038357 0.999761475657485 -0.020584044035639685 0.4191537778874091 -0.014584263712481184 0.020475958769509327 0.9996839672438657 0.7654754854799518
0.9999055464607517 0.007003407678333278 0.01182583772578194 170.60059248996444 -0.006806051444732185 0.9998382621218337 -0.01664713972197773 0.4213060364756348 -0.011940511746031819 0.0165650800807739 0.9997914894122477 0.7701295342187315
0.9999244912764864 0.00665681976142205 0.01032949641191382 171.94354569491674 -0.0065564773456832015 0.9999312860382461 -0.009717808740385619 0.42453806190752646 -0.010393476332553154 0.009649349851835255 0.9998994277911962 0.7735066055467248
0.9999084087960758 0.006942021799195738 0.011618190575099814 173.30094970060287 -0.006881128089365068 0.9999624218979313 -0.00527303216770233 0.4265771842853784 -0.011654359489804577 0.005192602946823843 0.99991860307703 0.7859991545100627
0.9998701105372371 0.00761024056187531 0.014207261975607524 174.69815609601162 -0.00761458006094529 0.9999709770699824 0.00025137263197333876 0.4377932596440889 -0.014204936633037476 -0.0003595223150773057 0.9998990401630338 0.7976737119224719
0.9998366714365909 0.007581453982710689 0.016405852800339262 176.0488931795216 -0.0075655212750677095 0.9999708474676301 -0.0010330066341497528 0.4342958412406141 -0.016413206220445085 0.0009087190862636093 0.9998648813170645 0.7817089679033681
0.9998203336373963 0.006823690486816192 0.01768439123480782 177.4641139588258 -0.0067697469819025516 0.9999722537486991 -0.0031084173703634426 0.42910949879574956 -0.01770511143728372 0.002988140038132431 0.999838787029242 0.7765734985461363
0.9998262209955739 0.005329677609579723 0.017863995809666668 178.85250143371456 -0.005219418223661632 0.999967076936923 -0.006213108371224641 0.42318538189214255 -0.017896521536777826 0.006118788998161109 0.9998211214702757 0.7630938487333233
0.9998930270994967 0.003237732216597945 0.014263640765900629 180.18905582736056 -0.0031416393945397987 0.9999722552562152 -0.006754170542210732 0.41552732002309234 -0.014285113220403054 0.006708636813257621 0.9998754571107283 0.7700219845553266
0.9999520028714338 0.0014803521070962697 0.009685066393533736 181.60292766415895 -0.0014360094654630447 0.9999884632227113 -0.004583808274276041 0.42537174130655747 -0.009691740309317078 0.004569680417626226 0.9999425924475153 0.7677316938291839
0.9999597079220832 0.0010227436327477917 0.008918325394599101 183.00005767978158 -0.0010206370063681248 0.9999994501668974 -0.00024076130126940608 0.4526131383384368 -0.008918566728096463 0.0002316492275637355 0.999960201961134 0.7638028598098296
0.9999516896502376 0.0006321413165677311 0.009809116320589926 184.33300760962473 -0.00067710039871543 0.9999892790566758 0.004580753951048883 0.46968010047829944 -0.009806115473776302 -0.00458717440979505 0.9999413972479833 0.7663722294937011
0.9999107668771712 0.0008898845285847294 0.013329155585901116 185.77839947822932 -0.0009633305342387627 0.9999843846268843 0.005504770356098302 0.462633328119013 -0.013324048836190022 -0.005517119530820489 0.9998960101504023 0.7626164869719102
0.9998720950699639 0.0013200076990448604 0.015938979894448882 187.14356020116782 -0.0014420236574033682 0.9999697281914058 0.007646127685144407 0.4711980714250558 -0.01592840444528806 -0.007668134093800464 0.9998437306156133 0.7784061654451553
0.9998593283321802 0.0014844124238260557 0.01670688680986657 188.60206398059415 -0.0015605039619153564 0.9999884657085443 0.0045423867356937965 0.47278112482825146 -0.016699951332460498 -0.004567818913633872 0.9998501120947407 0.7545749786879997
0.9998466123374858 0.0013239687630180973 0.017464217817238965 190.01905237189692 -0.0014009965618092494 0.9999893424635811 0.004399109897313523 0.471147005839196 -0.017458207407612423 -0.004422902437245871 0.9998378113114863 0.7615260272318807
0.9998355714711205 0.0014797831389260227 0.01807319182877501 191.37331921237504 -0.0015002596572497352 0.9999982480005867 0.0011194716243929852 0.4732175210035751 -0.01807150358931925 -0.0011464020318991104 0.9998360398187307 0.7492919759992548
0.9998352996067984 0.0019107443190507982 0.018047789790738893 192.8203035106386 -0.001908486025577882 0.9999981687069504 -0.0001423511005361769 0.4778724132340722 -0.018048028736503546 0.00010788370064575358 0.9998371152441948 0.7451361558670591
0.9998204307126902 0.0022623331915966184 0.01881457355404833 194.18612391250448 -0.0022080489757445062 0.9999933412870909 -0.002905495000923977 0.47870020676825387 -0.018821021470983135 0.002863429763392293 0.999818768537968 0.7329271417884878
0.9997860035998778 0.002710682074634093 0.02050851551125428 195.64239092594204 -0.0025443801751568584 0.9999637084925969 -0.00813067200525443 0.4728831254784127 -0.020529810893171147 0.008076750610426 0.9997566168644584 0.7201930167345861
0.9997690258879068 0.0030671882281713757 0.021271747260598044 197.0587887431184 -0.0028255502493150877 0.9999312496888573 -0.011380341008455185 0.4649942995374607 -0.02130519046932904 0.01131760805351989 0.9997089579507691 0.7213667969234897
0.9998414849834811 0.0031954823184198815 0.017515530216923522 198.4766295720808 -0.0030412612951539386 0.9999564394653898 -0.008824392411650483 0.4745797854377988 -0.01754296542098552 0.008769724308828754 0.9998076496505641 0.7206238428951991
0.9999159056056015 0.0034455316986338825 0.012502400899170098 199.91103443310976 -0.0034154114656040624 0.999991215703209 -0.002429707994535248 0.48403899032606473 -0.012510662710283595 0.0023868028263342783 0.9999188899559893 0.7141072340252657
0.9999169899043624 0.004744026201973464 0.011979462258140831 201.35803472487888 -0.004836940436963821 0.9999583542812656 0.007739102681338113 0.49460817986934696 -0.011942248858925007 -0.00779640420309387 0.9998982942148135 0.7055108449280086
0.9998604776010107 0.0058568938485373786 0.015643596962522467 202.79658971644906 -0.0060641653286127185 0.9998940221081619 0.013235197438263954 0.5181717816536188 -0.01556442194063527 -0.013328216190081189 0.9997900316680719 0.6878706872434881
0.9998131732107075 0.006797771751432071 0.01809444593103695 204.21957187799032 -0.007080704574629861 0.9998529509684124 0.015618580680850357 0.5087729568923384 -0.01798561361373593 -0.015743784137647734 0.999714284665356 0.6885008324679343
0.9998075822243219 0.006322271823662522 0.01856952895858111 205.6831764249228 -0.006579620183200024 0.9998827075387006 0.013830392739260386 0.5046448830290634 -0.01847991139049877 -0.013949911973381142 0.9997319104794717 0.6750153226664549
0.999810385018939 0.005016869827109021 0.018815552753472343 207.13043484460485 -0.005218740986514773 0.9999291857725153 0.010695241130053554 0.4940870547775143 -0.01876056371212039 -0.010791406648447716 0.9997657659630835 0.6705605544431736
0.9998192126935678 0.0039041034711127997 0.01860913498529982 208.5663141497276 -0.004067790940472617 0.9999533009114272 0.008766360316867033 0.4880582155466338 -0.018574041177914776 -0.008840473540901369 0.999788403124328 0.6649654719922325
0.9998320868444993 0.00342416664416485 0.018002033189798643 210.04462149810476 -0.003576591107626992 0.9999579719399534 0.008441703014455718 0.49519938529028756 -0.017972370801384734 -0.0085046714532906 0.9998023126854874 0.6466352890510421
0.9998313154946841 0.0032422300605556955 0.018078398723447416 211.49876749879013 -0.0034261932389521754 0.9999425752079332 0.010154185659918043 0.4947964490653855 -0.01804443836917277 -0.010214412893610471 0.9997850088960025 0.6446170205998137
0.9998173860622155 0.0030876121668989578 0.01885898138356019 212.95188161442277 -0.0032995645107575214 0.9999316318390895 0.011218044466609369 0.5013744851901003 -0.018823055059102436 -0.011278222321017313 0.999759218161813 0.6311483749485342
0.9998190486001213 0.002658491334700721 0.018836201320114612 214.39986035933526 -0.0028670718716907184 0.9999347807728709 0.011055048602027422 0.5098712169157767 -0.01880558308670928 -0.01110705291848156 0.9997614632602294 0.6309174396861039
0.9998316687615985 0.0024363587935274976 0.01818511196628517 215.87351789283375 -0.002641256228476648 0.9999332079552977 0.011251817353782393 0.5099537026585576 -0.018156483881320747 -0.011297954861679461 0.999771323007922 0.6227474929792666
0.9998397133430529 0.002187338971661525 0.017769726230448264 217.34531626234528 -0.0023698863433658786 0.9999445730200591 0.010258388102006133 0.5136164504757281 -0.017746302736106986 -0.010298856050790485 0.9997894789920744 0.6102001134407946
0.9998363966622625 0.0016080791326676357 0.018016492192597548 218.80621987065427 -0.0018141167314083397 0.9999330806024165 0.011425554579364897 0.5094283897748179 -0.017996913343895218 -0.01145636934042809 0.999772405456176 0.6097502379687196
0.9998425279071482 0.001427655520144155 0.017688447867448154 220.28810635375424 -0.001649874069397207 0.9999198254655981 0.01255470256130808 0.5145067295337086 -0.017669105913960672 -0.012581909257485006 0.9997647214498208 0.6051744806030075
0.9998437839842401 0.0013782237824436939 0.01762124079858171 221.7742692305474 -0.0015674901290533255 0.999941187095264 0.010731510854001279 0.5183393462890354 -0.017605414018744756 -0.010757455541146033 0.9997871406191965 0.5911520202833227
0.9998483137914275 0.0009009256524543265 0.017393612086274497 223.2687406891611 -0.0011121698362655571 0.9999257001661099 0.012139078448140076 0.5239999758717824 -0.017381383336614653 -0.012156581768060774 0.999775027210133 0.5835710921534268
0.9998467850113907 0.0005423682408445377 0.01749606638868354 224.76049274320064 -0.0007474549366084068 0.9999310687767274 0.011717465858678756 0.5315964982788932 -0.017488505182079984 -0.011728748088474138 0.9997782697452338 0.5716869732038004
