1.0 -2.1684043449710093e-19 -2.5135375298442207e-37 0.0 2.1684043449710093e-19 1.0 2.3183291766350204e-18 -8.673617379884035e-19 -2.51353752984422e-37 -2.3183291766350204e-18 1.0 0.0
0.9999989893129435 -0.00014553606206606676 0.0014142815654115727 1.31277374215762 0.00014611014876924375 0.9999999069784395 -0.00040582623967482136 0.001593168761272235 -0.001414222371500089 0.00040603247040141765 0.9999989175557726 0.01592035993060992
0.9999980992189421 -7.527772353597457e-05 0.0019483048445308048 2.6107463211207644 7.812738761813299e-05 0.9999989273438509 -0.0014626029053986277 0.0033276958624940487 -0.0019481926532524776 0.0014627523412785166 0.9999970324460838 0.02454309792517654
0.999999279127759 -0.0006462005010795411 0.0010120122897360087 3.944659436965954 0.0006491554479320079 0.999995519454495 -0.0029222710584337025 0.004059780476911561 -0.001010119382346643 0.0029229259051408727 0.9999952180700599 0.046972342946953224
0.9999993252247222 -0.0003748630431552131 0.0010995580017557364 5.246225636383621 0.0003785093929911987 0.999994424237008 -0.00331786460456161 0.004479585027224795 -0.0010983081260584797 0.003318278558780403 0.9999938913546755 0.05699768013395124
0.9999978457202088 -0.0005931464844719408 0.0019891536364719875 6.58468933368316 0.0006003925745512075 0.9999931797021568 -0.003644184123566315 0.0030028200805483954 -0.001986978534850069 0.0036453705460470815 0.9999913815578033 0.06479237822211432
0.9999947372543646 -0.000335949506356009 0.003226856287999554 7.912608389748384 0.0003525534472596916 0.9999866952681006 -0.005146357240773069 -0.0025771177842835373 -0.0032250844393671954 0.005147467796112108 0.9999815510326412 0.08302455531136353
0.9999918953339424 -0.00018067234834405588 0.0040220173957896035 9.23177295804341 0.00020122961194538502 0.9999869166447579 -0.005111364392545923 -0.0039669269043732915 -0.004021041292099181 0.005112132315644216 0.9999788484413631 0.09036860015960997
0.9999967692133473 -0.0007103673637244331 0.002440684550652287 10.576904812908232 0.0007208227165176145 0.9999905570945963 -0.004285573036381118 -0.004063337798894743 -0.0024376171722790526 0.0042873184914769165 0.9999878383873846 0.10108985040928312
0.999999770777622 -0.0006699127728035637 -9.829333730351509e-05 11.893000760478024 0.0006697623708981915 0.999998617055573 -0.001522269788213246 -0.004484694738509836 9.931298934406907e-05 0.0015222036060963092 0.999998836515879 0.10628348998697616
0.9999992414605103 -0.0006335556284432147 -0.0010562602281178563 13.237523391435452 0.0006355418026104287 0.9999980287551977 0.0018811093365121495 -0.000641645372692591 0.0010550663585625073 -0.0018817792071458372 0.9999976728682894 0.11671102390562872
0.9999993313031338 -0.0005135393442149273 -0.0010361807888154388 14.581996951601003 0.0005179446574523824 0.9999908102856087 0.0042557111818573995 0.0011683510058722172 0.001033985791480433 -0.004256245020380391 0.9999904075798475 0.12547674111746737
0.9999999166526169 -0.00013663204663929665 -0.0003847420473630859 15.922848649099143 0.00013858739043862882 0.9999870526062407 0.0050867881240359404 -0.0010497527195467869 0.0003840420476840954 -0.005086841020461799 0.9999869881954155 0.13390687921399522
0.9999974845184102 7.247032123465594e-05 0.0022418084005421117 17.284724020014504 -7.893815712437981e-05 0.9999958348488966 0.0028851436057235114 -0.008042214091390488 -0.002241589975787464 -0.0028853133124216515 0.9999933250984577 0.1421811682257541
0.999990314803756 0.00045104472748877826 0.004377996955083516 18.627110425970255 -0.00044594281755225404 0.9999992204874276 -0.0011662587794313954 -0.019112429602432784 -0.004378519577253198 0.0011642951476888601 0.9999897364388899 0.15357083990509812
0.9999970735279775 6.690594565066591e-05 0.0024183587564976516 19.985713842476017 -5.826469892363606e-05 0.9999936148308121 -0.0035730803000348283 -0.02469430038440223 -0.002418582375184194 0.00357292893857046 0.9999906922757303 0.1657072454355003
0.999999977396964 8.742096323811907e-05 0.00019381343309674367 21.330290077092382 -8.654173252913109e-05 0.9999897273419344 -0.004531856256796975 -0.028841444227543745 -0.00019420762135684283 0.004531839381412977 0.9999897123046921 0.16858124312033299
0.9999991339350838 0.0005260886048140686 -0.0012063829666559877 22.69797465773807 -0.000529341362854643 0.9999962214834637 -0.002697557509540243 -0.026847356005930096 0.001204959254051399 0.0026981937616840186 0.9999956339022787 0.19001113725506136
0.9999990727287006 0.0013546587332672756 0.00013943261965360923 24.06621420333633 -0.001354656306921053 0.9999990822996946 -1.7494539007558143e-05 -0.022015895162441693 -0.00013945619082630264 1.7305639507769935e-05 0.9999999901262429 0.19135613227733164
0.9999828332826353 0.002185714577604553 0.005436523872712616 25.44482108940632 -0.002190290703826669 0.9999972519232514 0.0008359261797555818 -0.02359344561185964 -0.005434681836690875 -0.0008478193973466504 0.9999848726033826 0.20604738676245585
0.9999796612696417 0.0024167787556930755 0.0059022222508816734 26.810844846918528 -0.002407796326502243 0.9999959330875112 -0.0015285042649864475 -0.031228144373621557 -0.005905892303695894 0.0015142618280964777 0.9999814135508786 0.2127039560596168
0.9999845863151864 0.002446942404544773 0.004983934681979143 28.187195614657337 -0.002420674815533809 0.9999831852459664 -0.005269682985594482 -0.03991913379820935 -0.004996745489099306 0.005257537275194942 0.9999736950721838 0.23547394539037625
0.9999956418195507 0.002109414574865235 0.0020656021050252573 29.561442695421576 -0.002097579164400651 0.9999814677915896 -0.0057152633383955025 -0.03818823434090183 -0.0020776196846417584 0.005710905666309115 0.9999815343559683 0.23543177685948694
0.999995778096512 0.0029055759041453095 3.765391163955449e-05 30.942299200796665 -0.0029052984678736835 0.9999778648086722 -0.005985744189443198 -0.04669882791143018 -5.504511224824006e-05 0.00598560952235713 0.9999820845638593 0.260965606019009
0.9999936858159673 0.003484603303466076 -0.0006970423328781939 32.32102333629543 -0.003486435481044045 0.9999904248867387 -0.002644787794183172 -0.04625936110824485 0.0006878196223343313 0.0026472012876274484 0.9999962596077596 0.2730226123821348
0.9999883983754256 0.0037592788611705602 -0.003011799627307514 33.709483047839356 -0.0037641983228367186 0.9999915879044504 -0.00162939599928126 -0.050506892973685 0.003005648937824698 0.0016407141067464246 0.9999941370486543 0.2952556780113917
0.999988319834205 0.003749514549298302 -0.003049809142939811 35.11010945167709 -0.003752778576863272 0.9999923909482432 -0.0010652223096613935 -0.05132258993765122 0.003045791870235881 0.0010766551261033545 0.9999947819691974 0.3089468276822473
0.9999927341723692 0.0036507605295063674 -0.0010970642759121686 36.49533895560639 -0.003651945405192924 0.999992748435273 -0.0010799868640546987 -0.061456564266200865 0.0010931135470638857 0.0010839854358979195 0.999998815038472 0.33996628775642307
0.9999949840560395 0.0031250650286330575 0.0005155883320398933 37.90918776794663 -0.0031250070859408104 0.9999951107520493 -0.00011314905953747408 -0.06670867299709873 -0.0005159394093696806 0.00011153727479707919 0.9999998606829713 0.3531649684365597
0.9999950671636345 0.0031229020768846864 0.00033634954493564354 39.29559484338928 -0.0031237270865543732 0.999992043715638 0.0024808938933929717 -0.06722577342275099 -0.00032859928015081157 -0.0024819323197334212 0.9999968660123257 0.37014910062960804
0.9999945921293792 0.0032833975550054123 0.0001871162532632678 40.69649868133061 -0.003284328231347991 0.9999810248264547 0.005211830302524918 -0.06997248316413998 -0.00017000019182747555 -0.005212416668814081 0.9999864008137338 0.38864210933753207
0.9999944033661592 0.003290818176154558 0.0006031186374583363 42.11441519238637 -0.0032951266555634796 0.9999680159523152 0.007287606789208319 -0.07149273266732294 -0.000579117158400482 -0.007289553355440299 0.9999732631601682 0.4019326197573436
0.9999955659562808 0.0028815856402973307 0.0007513534290276382 43.515732836803046 -0.002887879530176354 0.999959579062151 0.008514716299735658 -0.07603081970984757 -0.000726787174396857 -0.008516848363298945 0.999963466869845 0.41678298061754154
0.9999967358539731 0.002487928834060757 0.0005818002371025639 44.93610508209512 -0.002492180517897312 0.9999693288649864 0.0074249825302680405 -0.08569115570133716 -0.0005633095644994895 -0.007426408245257029 0.9999722651868447 0.4347902760046975
0.9999983575721185 0.001810858576475315 -7.512843281980576e-05 46.33561625346126 -0.0018103059470554518 0.9999752492943955 0.0067987933480769674 -0.09207976839167908 8.743822658213099e-05 -0.006798646176100486 0.9999768851152155 0.45075061453339277
0.9999995498311138 0.0007767493411573751 0.0005449752569902662 47.76638020401268 -0.0007802125697481388 0.9999793198167702 0.006383667216842025 -0.1019970596420296 -0.000540005477497246 -0.00638408953965937 0.9999794756867932 0.46605428548100586
0.9999991826483313 -0.00010134291547663513 0.0012745321819052692 49.17161075695557 9.324960368783377e-05 0.9999798438337484 0.006348482554416308 -0.10227503624871233 -0.0012751498659536347 -0.006348358515852649 0.999979035948741 0.4762239853659102
0.9999981661240379 -0.0012425711209117633 0.001457314506345265 50.596662550009746 0.001232323437142274 0.9999746574297868 0.00701183835572186 -0.10476862384002542 -0.0014659902820953867 -0.007010029614058593 0.9999743548498145 0.49108933352242645
0.9999961770468122 -0.00242091018720094 0.0013360709659632672 52.03722276437217 0.0024113346430523585 0.9999717265323554 0.007122611960460302 -0.1053439122936105 -0.0013532763944585978 -0.007119363016842398 0.999973741311858 0.5028120963185623
0.9999910928933776 -0.00345564621153694 0.002423353702780681 53.44618907891413 0.0034380037360032013 0.9999678303808588 0.007246953408790445 -0.10251255130851383 -0.0024483186515072896 -0.007238557360319929 0.9999708040853602 0.5143081461469418
0.9999842883283331 -0.004411024360405354 0.003459184957337943 54.899761365879286 0.004391446695171482 0.9999744133231514 0.005646936775141805 -0.10500919963998677 -0.0034840052239670997 -0.005631657225976382 0.9999780728318439 0.5258070067634151
0.9999817191905503 -0.0048008514079028895 0.003676018290298069 56.30642813258636 0.004785991628346891 0.9999803839692833 0.004040539664207302 -0.10092082187837083 -0.0036953442119459687 -0.00402287240710861 0.9999850803530778 0.5356875923244396
0.9999807195154541 -0.005387985061981413 0.0030871045214970107 57.73470116879857 0.005382690382326816 0.9999840325410418 0.0017208449101706355 -0.09889997639713227 -0.00309632711495225 -0.0017041948036298393 0.9999937542197294 0.5475527032131368
0.9999796170980831 -0.005411648110263604 0.003388134162294875 59.1847203277643 0.005408539009650411 0.9999849448766329 0.0009261349029035469 -0.09750524006277263 -0.003393095069714225 -0.0009077911697999582 0.9999938313914941 0.5597544576261984
0.9999791207314399 -0.004938562847331161 0.004167577015397954 60.59097971950544 0.004939380102346546 0.9999877839213855 -0.00018582841800710714 -0.09793581487189558 -0.004166608378628353 0.0002064097850305149 0.9999912983469506 0.5728637919559468
0.9999776700143497 -0.004621490405074582 0.004827141919200203 62.03894479824858 0.004631162599193273 0.9999872871539933 -0.0019944581661985707 -0.09648477882707764 -0.004817863183209922 0.002016768909093537 0.9999863603257372 0.5780259563533615
0.9999808992048586 -0.004268930461090619 0.004469614990250891 63.44576001165369 0.004286979317432629 0.9999826646530131 -0.004036359968017038 -0.0972835507224595 -0.004452306567904743 0.004055444017352264 0.9999818650055848 0.5880616742603444
0.9999865644409407 -0.0037450956334070394 0.0035840195731960288 64.86522729808382 0.0037632871894225433 0.9999800025800714 -0.005082529831728491 -0.0970108435406457 -0.003564913341772124 0.005095949240045214 0.999980661160109 0.6017700861590125
0.9999900762650937 -0.003104278535243785 0.003195438327953619 66.3053289996767 0.003119574498070578 0.9999836475216681 -0.004793009932301146 -0.09532047376744442 -0.0031805072367655472 0.004802930775659215 0.9999834079771929 0.6166741105714185
0.9999916935418923 -0.0024990620340281963 0.003219865861832483 67.70177912145256 0.0025085789146702506 0.9999924873704413 -0.0029550354492967707 -0.09498733652384043 -0.0032124568552724894 0.0029630881910276646 0.9999904500690621 0.6288021013422127
0.9999887036173077 -0.001948959120809355 0.004335227343713252 69.12693395773401 0.0019511522337765477 0.9999979706439328 -0.0005017100521934857 -0.09012201054460427 -0.004334240733611117 0.0005101630732003508 0.9999904770001071 0.641140954501667
0.9999835007482095 -0.0013141545516191253 0.0055920684160848935 70.53170337446666 0.0012957808272614977 0.999993754881175 0.0032880314317230326 -0.08313854791930628 -0.005596354474425024 -0.003280731086626248 0.9999789585886963 0.6535745278808088
0.9999811921448969 -0.0005291338918144872 0.006110267898808728 71.94723341059564 0.0004886195562000258 0.999977901110907 0.006630123735979321 -0.07708044516517214 -0.006113641091851733 -0.0066270134411838 0.999959352216604 0.6637448675187281
0.9999834916364125 6.56994188945995e-05 0.005745619047171468 73.34165131394569 -0.000129194304283677 0.9999389237781551 0.011051335766173266 -0.07181818887834697 -0.00574454206013006 -0.011051895627959791 0.9999224249108268 0.6719597515994654
0.9999853399972373 0.0007807150004301635 0.005358196963356636 74.74739814172027 -0.0008586321863070401 0.9998937043534701 0.014554818620091186 -0.06886888410055889 -0.0053462642451209364 -0.014559205966783312 0.9998797162560296 0.6827450736527326
0.999985108719717 0.0015291285960640035 0.005238712108182873 76.14611014999927 -0.0016147005085673286 0.9998647080524633 0.0163694328988465 -0.06392294133846385 -0.005212972384672197 -0.016377648088138453 0.9998522878715724 0.6927163402245076
0.9999838771922165 0.0017835305895772119 0.005391138493687486 77.54988750863218 -0.0018718966820809302 0.9998632558576369 0.016430629585548872 -0.06992569076588454 -0.005361096756605966 -0.01644045633192527 0.9998504738395458 0.7039963330263294
0.9999838659951578 0.0018954131730140574 0.005354919073335177 78.94310986333467 -0.0019761728124509078 0.9998837852115218 0.015116574085906703 -0.0743757866753356 -0.005325644598894481 -0.015126912440512803 0.9998713987456704 0.7174234477349455
0.9999881864126813 0.0018226190694690158 0.004506117486719085 80.33627271509505 -0.0018875915224019213 0.9998937138515328 0.014456763069016628 -0.07966906217245608 -0.004479289376794495 -0.014465097991950646 0.9998853418801389 0.7275415872999171
0.9999891617818136 0.0014939144572984882 0.004409596183335584 81.72433592417183 -0.0015538943171605401 0.9999058973441568 0.013630182274190406 -0.08568027682425056 -0.004388818902268509 -0.013636886593751257 0.9998973815310611 0.7410833336148746
0.9999888679667492 0.001222011555585071 0.004557480700711875 83.10712658868827 -0.0012841613053873756 0.9999058873984701 0.013658963197107155 -0.08904679284121846 -0.0045403603734825325 -0.013664663685440576 0.9998963256728383 0.7517576413602582
0.9999918993653385 0.0007561548383587797 0.003953407841768268 84.49005084907637 -0.000808024290173484 0.9999134044440364 0.013135094589817944 -0.08897696229511858 -0.0039431333288918674 -0.013138182636780538 0.9999059155023302 0.763165639984152
0.9999909503203386 3.522434024506941e-05 0.00425417873061419 85.86896244685187 -9.174733738753928e-05 0.9999117196985131 0.013287000865070026 -0.08632537465306597 -0.004253335144593964 -0.013287270931539842 0.9999026740494995 0.7725138322856266
0.9999865221670066 -0.001027055420694364 0.005089267284964823 87.25631920015039 0.0009621989544355485 0.9999185089015206 0.01272987546411526 -0.08228299123006981 -0.005101926842583499 -0.01272480700531929 0.9999060203985024 0.7884434170567082
0.9999787943055078 -0.0022318481500948418 0.006117989305143433 88.64001448551643 0.0021650637477654182 0.9999382379622193 0.010901043985804054 -0.08137649113471769 -0.006141940920510645 -0.010887566984741862 0.9999218656709542 0.7994594355701933
0.9999714768860819 -0.0034001721892076937 0.006744200720030701 90.00301419045928 0.003341717059374534 0.9999569187830623 0.008659879039535991 -0.07406100154591105 -0.006773355251528542 -0.008637094822221657 0.999939759311364 0.8125706224088256
0.999969088400057 -0.004097399847335909 0.00671070479533354 91.38522672116056 0.004052113061943206 0.999969020678854 0.0067481895577277086 -0.06509591091356094 -0.006738146933118196 -0.006720788425835744 0.9999547131639728 0.8215167135416025
0.9999702847692926 -0.004609025732883082 0.00617951941604956 92.74688770153885 0.00457561384262914 0.9999748966788722 0.005410154345500167 -0.054883568253424185 -0.006204299830186523 -0.005381718486934756 0.9999662713160602 0.8290494543376491
0.9999702481595146 -0.004865410653665875 0.005985864596691294 94.1103719371126 0.004839783998231025 0.9999790934505346 0.004288257536269243 -0.038273234443502224 -0.006006603586819638 -0.0042591596610244194 0.999972889768684 0.8402473227217554
0.999973855914061 -0.004943693261458654 0.005277062184707599 95.46454025657707 0.00491838859374273 0.9999763965719111 0.004797473574401621 -0.022703745885186265 -0.005300654865731596 -0.004771393506382465 0.9999745681076102 0.8482515547575554
0.9999774852337936 -0.004841105939869492 0.004646796614570827 96.81836777084825 0.004820714159207676 0.9999787459825124 0.0043895669760526165 -0.006577084289230899 -0.004667948210235543 -0.004367067267743583 0.9999795692827856 0.8588272724423057
0.9999805113215038 -0.004643619353828345 0.004172981725426168 98.17733343699742 0.004621040774418275 0.9999747204734881 0.005404109189376202 0.011916646353328253 -0.0041979708604459945 -0.005384720351725555 0.9999766906420313 0.874168634886591
0.9999819901208841 -0.004190393054918068 0.00429651485761058 99.51703741646236 0.0041608316186431335 0.9999677699340003 0.006866336247488408 0.030206170589383324 -0.004325149028377358 -0.006848335510733105 0.9999671961552613 0.8837722257847586
0.9999757073495057 -0.0039841744861521845 0.005719358750735852 100.87751162434775 0.00394204503024523 0.9999651551427857 0.0073585855464312665 0.046081040560746016 -0.005748477349285084 -0.007335860817144927 0.9999565691339981 0.8974808470876109
0.999967494723896 -0.003950656514684833 0.007028642025175337 102.20956381990295 0.0038918230532040657 0.9999574426159992 0.008364608191273217 0.06334327272167563 -0.007061388598401306 -0.008336982066308162 0.9999403139793337 0.9066292614821649
0.9999767888405905 -0.0037173114121763604 0.005709936595624673 103.55485621301018 0.003672520370562426 0.9999625623072199 0.007834958717642128 0.07742240960816718 -0.005738847810227633 -0.007813807000704312 0.9999530039186676 0.9170066026019685
0.9999883379945675 -0.0035389271574221884 0.0032863154804398083 104.89182655495841 0.0035120789635889995 0.9999607033769139 0.008139840496058334 0.09523638965085189 -0.003314992641927617 -0.00812820376972768 0.9999614708213821 0.9275755591991727
0.9999914691504731 -0.003569846150679695 0.002077937616728885 106.21770904400185 0.003554043618313411 0.9999651102814974 0.007559563060914874 0.10375344408535331 -0.0021048515951641988 -0.0075521134904939224 0.9999692671185395 0.937567793045377
0.9999886528206348 -0.0034588572070296556 0.0032757498063026814 107.5685619558501 0.003441356094502887 0.9999798563976212 0.005333279218625004 0.12125495220516186 -0.003294130872163533 -0.0053219456793891185 0.9999804126061584 0.9531505524741797
0.9999820977740714 -0.0028525272120861764 0.005259963866013301 108.89845220420936 0.0028385440427436807 0.9999924229442128 0.00266396731961912 0.12842535361777607 -0.005267523050244972 -0.0026489889895773785 0.999982617878055 0.9619492571231887
0.9999799219575718 -0.0019445832151005727 0.0060311091722866006 110.24405869494801 0.0019382939663117463 0.9999975718593831 0.001048471190820021 0.14524683102325273 -0.0060331333673846405 -0.0010367600770521566 0.9999812630396201 0.978283855533443
0.9999882350084821 -0.0012674913427111745 0.004682233475270822 111.5731905945007 0.001265851725750132 0.9999991364605876 0.00035312531420357774 0.15926321510378433 -0.004682677015256324 -0.00034719414636221477 0.9999889759353328 0.9935004219050697
0.9999973581762419 -0.0005297650674696949 0.0022367363524156527 112.89408744545038 0.0005246768338553256 0.9999972749468304 0.002274821560718594 0.17318495460007707 -0.002237935378187762 -0.0022736419872933953 0.9999949110857298 1.004078993079553
0.9999998516462587 0.00047699754468424427 0.0002630224379513373 114.23267330677808 -0.00047816905056144795 0.9999898858425521 0.004472087539249697 0.18645184164729325 -0.00026088660292515245 -0.00447221264498821 0.9999899655757742 1.0193466905970412
0.9999982068762822 0.001891515737197495 -9.171933402365947e-05 115.55627311426868 -0.001890779640191698 0.9999704393471948 0.00745287757383266 0.19868881629127455 0.00010581385795858165 -0.007452690788851733 0.9999722227159278 1.033154917865045
0.9999923286755179 0.003411696604275232 0.0019242963377157825 116.90525854524658 -0.003428539784733239 0.9999552377272856 0.008818597207736733 0.21151627537020803 -0.0018941238236902238 -0.00882512708396755 0.9999592638837307 1.0478454312564638
0.9999817300363418 0.004265648472048328 0.0042829705389811215 118.22580920835546 -0.00430194919548557 0.9999545996666748 0.008502460736730562 0.2113873298475732 -0.004246507582040745 -0.008520730518746356 0.9999546811354916 1.0584716370167153
0.9999738754443007 0.005301608345590092 0.004913387615082451 119.57887792823502 -0.005340180009651319 0.9999547659883644 0.007870734058514376 0.2086004911811921 -0.00487143781347936 -0.0078967668134058 0.9999569541572897 1.0684465654782311
0.9999710236422407 0.0062727848398027065 0.004313240805114363 120.91395337049359 -0.006308927689995797 0.999944669223836 0.00841759598910254 0.2082162130321769 -0.004260200381644807 -0.008444564002178693 0.9999552690153302 1.0768621709093131
0.9999643617425436 0.007499193536428287 0.003877801068983936 122.24769183593263 -0.0075390755362089714 0.9999177632455848 0.010374443889008407 0.2129185410558245 -0.0037996822086532643 -0.010403309197079585 0.9999386649054347 1.0899311856886615
0.9999560744302408 0.00862218012072128 0.0036752170042444327 123.6026625639325 -0.008666764162775157 0.9998868808162283 0.012292793439264482 0.21546639326523379 -0.00356881058747657 -0.01232410571033154 0.9999176866169691 1.1025274186991962
0.9999478273892635 0.009867163994336505 0.0026422668677799385 124.94604701176706 -0.009900716864532996 0.9998664566018524 0.013001721733070588 0.2117896374933232 -0.002513623889934666 -0.013027203735442132 0.9999119829553875 1.1198490895435314
0.9999392169286367 0.010866772408292409 0.0018643244275383028 126.30914567124007 -0.010892493077702998 0.9998371202339879 0.014390503700644586 0.2128410122080479 -0.0017076424382561804 -0.01440993614255275 0.9998947133061914 1.1396907722583194
0.9999287239767908 0.011827021363913311 0.0016335641415238644 127.66688511489963 -0.01184771343578619 0.9998413810539682 0.013298286296997594 0.21208440309201554 -0.0014760259111634346 -0.013316692447862597 0.9999102394964052 1.16420248369086
0.999917431487323 0.012587275467079361 0.0025866395401582215 129.00978746976975 -0.012620430766589743 0.9998328527245182 0.013228429234717096 0.2122256636374981 -0.00241969730763228 -0.013259981488224822 0.9999091548515152 1.1892585453604758
0.9999036535670316 0.013354567125952246 0.0037867030752409 130.3768793110482 -0.013398473206305264 0.9998404102003198 0.01181672738942269 0.20920490201602548 -0.003628291476924551 -0.011866324929583208 0.9999230099530784 1.211354527345761
0.9998983495057558 0.013684811108996714 0.004002074534066136 131.72108738593434 -0.013727626823525536 0.9998466412896101 0.010874105189840598 0.2007413824432926 -0.003852650705574379 -0.010927938817397183 0.9999328663644095 1.2301470489198192
0.9998969753717034 0.013681203846901966 0.004343190511438265 133.087800719906 -0.013719654145621889 0.9998658232727629 0.008950225762760451 0.19469235979045635 -0.004220157893213555 -0.009008890740783551 0.9999505138530491 1.2528212475547058
0.9998969851229477 0.013437358625022374 0.0050454469794312335 134.44560149242304 -0.013471636429199607 0.9998859782742956 0.006822423497154882 0.18944004005094264 -0.004953196337636638 -0.0068896911133668245 0.9999639983531423 1.271996234656998
0.9999067496572507 0.01281803722657695 0.004710616894864854 135.7837991594186 -0.012843202860265433 0.9999032022321517 0.0053514770090881455 0.1827936983194093 -0.004641565486144581 -0.005411477390400576 0.9999745855681988 1.2968544855779207
0.9999242490869324 0.011486904245064062 0.004421212367554777 137.14164121005604 -0.01150665065517908 0.999923818238049 0.004467069614484843 0.1821609521449743 -0.004369562750889035 -0.00451760457606862 0.999980248890077 1.3198864753310988
0.9999295102743686 0.010465271903916912 0.005608258770654448 138.48657491326455 -0.010480281871588426 0.9999415589911458 0.002653732135848916 0.1769404365741298 -0.005580158989992155 -0.002712321207724028 0.999980752384421 1.3389987076725265
0.9999384820608174 0.00947666136876898 0.005764111658367379 139.85600239847628 -0.009485163903330672 0.9999539641945986 0.001449536903409659 0.17511891044804231 -0.005750109532469616 -0.001504121274723306 0.999982336773783 1.359946052180129
0.9999502773869403 0.008150808084683601 0.005745178965699544 141.1942316180276 -0.008153013624782927 0.9999666986217444 0.00036057781891164374 0.1747455744466726 -0.005742048642720119 -0.0004074004124244407 0.9999834313138836 1.3801435197223118
0.9999626720051238 0.0069422660558204645 0.005143883589606386 142.55566354277173 -0.0069442593713293 0.9999758199800604 0.000369752606008121 0.17777754574400836 -0.0051411922894328815 -0.0004054592657068896 0.9999867017838922 1.400499891474725
0.9999719318877892 0.005900981630784922 0.004616692798503398 143.90335915703008 -0.005901241844184334 0.9999825866072393 4.274332310379782e-05 0.18116927590113902 -0.004616360178653967 -6.998634410368141e-05 0.9999893421035109 1.4183321611422157
0.999984227932701 0.00495972932433721 0.002635331263661859 145.24101857805533 -0.004956407915097716 0.9999869163337689 -0.0012653781486971986 0.181906549615547 -0.002641572716977665 0.0012522964143337606 0.9999957269145062 1.44134813175406
0.9999909915242325 0.004024316649076122 0.001349720671223802 146.59863178358086 -0.00401508312816736 0.9999689861324104 -0.00677538787032224 0.1829922584295869 -0.0013769451173761078 0.006769907593710026 0.9999761359019107 1.4629388688054068
0.9999870533734997 0.0028861534421835188 0.004190847610430696 147.94397336173887 -0.00282568832341395 0.9998928564321049 -0.014362838909674333 0.17676023199439067 -0.0042318519450238925 0.014350810930205482 0.9998880665628332 1.4851478905605782
0.9999841769872974 0.0014692092558946847 0.005430211708584453 149.30178048270457 -0.0013486668107909401 0.9997540619757791 -0.022135868195384992 0.17184329836556134 -0.005461398435485668 0.022128194392954416 0.9997402243283184 1.5030249110829073
0.9999961696602957 0.0002536481992896773 0.002756143560890858 150.6478085102533 -0.00018465731117247623 0.9996873551162535 -0.02500315824745285 0.17263167674233795 -0.0027616238727736957 0.02500255353480392 0.9996835728120796 1.5317387381589824
0.9999991089568431 0.0004399332449850322 -0.0012603746506367622 151.98622369540035 -0.0004705706011729152 0.9997018753432743 -0.024411861839071285 0.1812458185403769 0.0012492593122817063 0.024412433182305897 0.9997011915854108 1.55009697395254
0.999994087844911 0.0013063115457530236 -0.0031808529312126266 153.34118784115304 -0.001373360942748987 0.9997749699296615 -0.021168924910474073 0.19753113572428052 0.003152483932632048 0.02117316821568729 0.9997708531422411 1.5752283690830255
0.9999926175924593 0.0021471382806758144 -0.003186621688422403 154.68433244047142 -0.0022128631121499437 0.9997818921879144 -0.020767072253942066 0.2058414276997725 0.003141336885523997 0.020773970500537947 0.9997792627136324 1.6029649559906318
0.9999962245360937 0.0027447318610350855 -0.0001317595143293489 156.0425327910471 -0.002747088396331179 0.9997136386848412 -0.02377170866508137 0.20747707538663865 6.647481733724819e-05 0.023771980870886236 0.9997174043231282 1.6249900903102024
0.9999895485791304 0.003285246066181896 0.0031796054459039868 157.38946623098593 -0.0031888023236348088 0.999548526394358 -0.02987599241210685 0.20052563102312768 -0.00327631992451396 0.029865541032302118 0.9995485556923186 1.64801180278002
0.999986227865912 0.003303198610778104 0.004078352294986305 158.73294462676523 -0.003163575019505919 0.999424296281186 -0.03377969502455829 0.18748025706839044 -0.0041875854140810765 0.0337663276326278 0.9994209819923764 1.6608912535660574
0.9999850161509114 0.003305906374794523 0.0043633079999835745 160.09122310262197 -0.0031501044046130977 0.9993737844242812 -0.035243663937373215 0.17917391282267187 -0.004477087881834004 0.03522939097588201 0.9993692239085445 1.6808326986545234
0.999979656176894 0.00418897316488287 0.0048103779648495425 161.4387554838624 -0.004024623889060991 0.9994245158566528 -0.03368144158504119 0.17650124063097206 -0.004948700323561574 0.033661396413678886 0.9994210427825645 1.692854922978349
0.9999768086477379 0.005307760286282084 0.004267299781931083 162.7962350173154 -0.005178541191735944 0.9995441817286058 -0.029742418926803817 0.1773432463795076 -0.004423220298718616 0.02971963077219114 0.9995484874026641 1.7072100611662777
0.9999798979128822 0.0060601040656641115 0.0018651833301222857 164.1383751224174 -0.006008612969851149 0.9996314501690581 -0.026473768207123573 0.1721579222915256 -0.0020249297074667323 0.026462028864380212 0.9996477683104487 1.7205383486266224
0.9999758560761619 0.006867206773754473 0.0010624198198824345 165.5031354672149 -0.006840885357573916 0.9997106710007284 -0.02306028132521499 0.1667724454685663 -0.0012204721511403416 0.023052456667349557 0.9997335118366936 1.7400051957920462
0.999970267733022 0.0073158212285409484 0.002437705827248901 166.85385945508045 -0.007261922221323856 0.999743961598926 -0.021430719356489734 0.1574660724009838 -0.0025938649925577144 0.02141237974250435 0.9997673638692969 1.7546625491676804
0.9999722768078004 0.007064115945676023 0.0023545449092915198 168.18839649424748 -0.007014730164026407 0.9997680758660465 -0.020361435112214294 0.14445020276329307 -0.002497834371955618 0.020344354131037457 0.9997899119707305 1.770605605380757
0.9999783064298637 0.0065867110281095445 -4.367486467682893e-05 169.56815154773855 -0.006586406439785295 0.9998106508119495 -0.018310701056917098 0.13692825477789614 -7.694070170734877e-05 0.01831059149284944 0.9998323441054058 1.788543443773614
0.9999771292938245 0.006107432342552868 -0.0029051952538107157 170.92715789518056 -0.00614883156747158 0.999876524638659 -0.014461236007756954 0.12765119303134376 0.00281651551326992 0.014478768825363586 0.9998912103292363 1.8062384290841187
0.9999735090814259 0.0058523960775466385 -0.004327885803829733 172.3047154487346 -0.005890628170699249 0.9999432697938223 -0.008874553160232683 0.11440671620548216 0.004275702881870843 0.008899812031203143 0.9999512546672839 1.825785079505627
0.9999764975119766 0.006051733826000255 -0.003221946830590227 173.671028206056 -0.006065998390878637 0.9999717619279902 -0.004436103036745004 0.10163179518852503 0.003195009734220521 0.004455543101576369 0.9999849699112823 1.8451371799408576
0.9999770867176001 0.006711822656350752 -0.0008817462282359228 175.0533595348872 -0.0067132490951941175 0.9999761457599061 -0.0016248685327577327 0.09208920526479825 0.0008708193654179379 0.0016307506837550747 0.9999982911614601 1.8624861373888253
0.9999746734662043 0.007041292657982596 0.0010356755587378995 176.42426204086468 -0.0070393837709563705 0.999973538892961 -0.0018353719004460792 0.06981025451445615 -0.0010485715443033605 0.001828034899117459 0.9999977793905965 1.8739713244646357
0.9999778305124815 0.006328013439223449 0.002072372906592068 177.80891733632743 -0.006320120909785756 0.9999728338306001 -0.003793108551679538 0.0462695447681088 -0.0020963194500500893 0.003779926813067019 0.9999906587553962 1.8811696599674892
0.9999873150732469 0.004491449863022089 0.0022795988083091035 179.19101664057555 -0.004475391467675872 0.9999654759016864 -0.007001276735344846 0.02551641252388702 -0.0023109659906496746 0.006990985827605849 0.9999728924092635 1.8850455591526254
0.9999957195316939 0.0023806293184723696 -0.001701035666319214 180.54168928618742 -0.0023935327461928287 0.9999680700630343 -0.007624293764245456 0.011776124042711026 0.001682830735089803 0.007628332613267418 0.9999694878456334 1.8936992675989006
0.9999806417966739 0.0008648017084431435 -0.006161830078593823 181.95785805694604 -0.0009015786351902199 0.9999817835193391 -0.005968231349951751 0.005123544255518827 0.006156556495067537 0.005973671190068313 0.9999632053553952 1.9041111453476982
0.9999732439371377 0.0004034684022407553 -0.007304014176186399 183.33812307283307 -0.0004145298625436347 0.9999987695195848 -0.0015129852310275718 0.0027088843440381894 0.007303394747006227 0.001515972481492092 0.9999721807393467 1.9170689739685438
0.9999819931241817 0.00011331016198024357 -0.006000049016151632 184.68290931011768 -9.85911103682172e-05 0.9999969855638405 0.002453394184619446 0.0019951707869783866 0.006000308923879379 -0.002452758455160264 0.9999789899136775 1.9377293993969062
0.9999963393396748 0.000234733320367392 -0.002695590384002318 186.12827367653097 -0.00022404941330312055 0.9999921218130432 0.003963093956517681 -0.0035995387477744008 0.0026964994178406555 -0.0039624755035328274 0.99998851377342 1.9479897205058716
0.9999996120307227 0.0007032472731537663 -0.0005304542173689297 187.49757461621144 -0.0007008632962986989 0.9999897142396483 0.0044810942353599986 -0.010195156737584265 0.0005336000785457344 -0.004480720720941787 0.9999898191545636 1.9642036973441517
0.999999455734312 0.0009517564202528458 0.00042742343918570757 188.93398239498586 -0.0009533144570385864 0.9999928481559063 0.003659894613886608 -0.01759670713271929 -0.00042393705412369304 -0.003660300090875401 0.9999932112172657 1.9734222155455283
0.9999992033502499 0.0008404670023203333 0.0009417611606227838 190.3400974405686 -0.0008432782577681834 0.9999951782826718 0.0029886942278277025 -0.028440972949231022 -0.000939244720838162 -0.0029894860135959564 0.9999950903843122 1.9925374869634016
0.9999984160076121 0.0007522869952922295 0.0016130860310260779 191.71729817291308 -0.000752205842930876 0.9999997157969832 -5.091485876737251e-05 -0.03722621019461233 -0.0016131238751682792 4.97014053809358e-05 0.9999986976797188 2.0104894133008973
0.9999981576931284 0.0010548530822872217 0.001603712980560545 193.15611737085726 -0.0010508060928238322 0.9999962669883498 -0.0025222640465350507 -0.04537739757005319 -0.0016063676118851348 0.0025205742083795526 0.9999955331344015 2.026661894354557
0.999995859125436 0.0014562204103400285 0.0024821672179134746 194.54549878699825 -0.001442040543363309 0.9999826869128777 -0.005704944659931443 -0.05531298940458665 -0.002490431900789831 0.005701341650707573 0.9999806460388768 2.045548940308768
0.9999892038835215 0.0019503967907705101 0.004217590397280832 195.98618982297086 -0.0019100688048163889 0.9999526227622496 -0.009544834627115523 -0.0640734403245285 -0.004236006794323008 0.009536675692119783 0.9999455525493285 2.0614033299869994
0.9999882378537066 0.002171479031548627 0.00433691515414112 197.39572158268567 -0.002115614199910479 0.9999152672752213 -0.01284454929064824 -0.0713061334449146 -0.004364439344957311 0.012835222971896503 0.9999081001374406 2.090111764544494
0.9999973572235287 0.002291524049217817 0.00018564344920727946 198.82626098365415 -0.002289375229654739 0.9999385292841718 -0.010848797816599162 -0.07150291684410423 -0.0002104923186734066 0.010848344138137386 0.9999411328285502 2.1110171413344996
0.9999811287439239 0.002806527557120776 -0.005464939075522308 200.24797323335386 -0.00282966096792202 0.999987050236304 -0.0042299383568099634 -0.06373300563593692 0.005452996867289357 0.004245322457354123 0.9999761207460898 2.1392841906424733
0.9999738264861834 0.0038390604887673188 -0.006132532685933726 201.67046243370072 -0.0038069440010672054 0.9999790236049392 0.005240183917121224 -0.04956009810582675 0.006152521430535477 -0.0052167005545750034 0.9999674657284459 2.1770717193264097
0.9999843204311991 0.0052566837153369935 -0.0019303284875466246 203.11773632556216 -0.005231024873984256 0.9999009627062937 0.01306526531666395 -0.03637756861793611 0.0019988172804639185 -0.0130549628626042 0.9999127825336244 2.210494569364644
0.9999818470773966 0.006003431700136618 0.0005141240123597964 204.5414995371336 -0.006010257950825989 0.999876740035755 0.014504534974823987 -0.03534808104301376 -0.00042698365638881675 -0.014507361693056187 0.9998946715237882 2.2391435196004763
0.999984520554055 0.005533154951058031 0.0005855327186409462 205.9925649653334 -0.005539990492861295 0.9999077819224965 0.012399038518050303 -0.04190756623875937 -0.0005168729205748085 -0.012402090433498322 0.9999229575298606 2.2584148087183387
0.9999904840293402 0.004335501690256262 0.00048505242983008963 207.44247804766195 -0.0043398244819237925 0.9999473610642284 0.009297366517022487 -0.050336985747995125 -0.0004447181489369069 -0.00929938308596549 0.9999566609108559 2.2810251784334894
0.999994841372737 0.0032010432080260567 0.0002656130548835458 208.88325975659038 -0.0032029282687716498 0.9999672734544331 0.007429217361993391 -0.058110720785632106 -0.0002418231165082438 -0.007430029776992206 0.9999723677077749 2.305837955116324
0.9999961740178009 0.00271042716799355 -0.0005527515960895506 210.3530911306342 -0.0027061722662022588 0.9999677732336024 0.00755838116901986 -0.05814974517449864 0.0005732202243595499 -0.007556856409748616 0.999971282257534 2.3165749427929745
0.9999965524946605 0.0025949385591791906 -0.00040161258405535814 211.8018210801526 -0.002591230832736203 0.9999563884513701 0.008972553597717233 -0.055782302052586843 0.0004248782944136367 -0.008971481993880176 0.9999596651811854 2.336536868837203
0.9999967479340849 0.002474603890914405 0.0006168118331917271 213.2662891114185 -0.002480529685710897 0.9999489117920825 0.009799019252381422 -0.05275180591206726 -0.0005925316302114586 -0.009800517405387638 0.9999517982207211 2.3554229146775225
0.9999973579186825 0.0022504134406200606 0.00046882299496854075 214.7289358400371 -0.0022546671174319233 0.9999544049228007 0.009279253831912195 -0.051021233915607485 -0.000447919461405632 -0.009280286355159657 0.9999568368951344 2.378312004408953
0.9999979632831679 0.001863250732700611 -0.0007757101411809304 216.1858766763003 -0.0018559756021065972 0.999955253985761 0.009276064943526936 -0.05223805984802717 0.0007929590660465129 -0.009274606351712992 0.9999566755079644 2.4000180524252417
0.9999981069744392 0.001680631141188845 -0.0009805745790522468 217.67089154630196 -0.0016721202905679857 0.9999614778785998 0.008616656693901437 -0.05463528820957584 0.0009950182268119747 -0.00861500074370002 0.9999623951433946 2.4234890859997975
0.9999990236680693 0.0011580903861698254 -0.000781977982828189 219.13524447745743 -0.0011510482789024142 0.9999593150891051 0.008946689577022309 -0.05464668069533927 0.000792307243310831 -0.008945780747672329 0.9999596718148421 2.442542055048147
0.9999988830644703 0.0009287587957185839 -0.0011710153334484055 220.63274372919506 -0.0009182495447604973 0.9999595862805717 0.008943300473616668 -0.05081699518467936 0.0011792741773408988 -0.00894221520022977 0.9999593222225228 2.467306946547319
0.9999986177462575 0.0007308789768140767 -0.001493426093088724 222.11084041242142 -0.0007175427456518127 0.9999600382352566 0.008911064187420607 -0.04895960332810407 0.001499879322622157 -0.008909980273009523 0.9999591804736592 2.488440280323092
