1.0 -2.1684043449710093e-19 -2.5135375298442207e-37 0.0 2.1684043449710093e-19 1.0 2.3183291766350204e-18 -8.673617379884035e-19 -2.51353752984422e-37 -2.3183291766350204e-18 1.0 0.0
0.9999996144572926 -0.0005723897269502802 0.0006659243699802237 1.3271307127150507 0.0005725266515208768 0.9999998150031163 -0.00020544334102258209 -0.005205242904773986 -0.0006658066531284189 0.00020582452126511109 0.999999757168854 0.013546002618737998
0.9999992686506489 -0.0006310930990495225 0.0010317071617683797 2.620400249204164 0.0006317219644781507 0.9999996148242213 -0.0006093264874477984 0.0032616480561835828 -0.0010313222226384742 0.0006099777938922657 0.9999992821505244 0.023155165917102573
0.9999984080806568 -0.0013145955684215954 0.0012065134246878437 3.944431469168364 0.0013152995039614583 0.9999989651428909 -0.0005828381958469084 0.0014968510495183922 -0.0012057459796094815 0.0005844241945245251 0.9999991023120939 0.042724277089956374
0.9999985763318838 -0.0008800205240788166 0.0014397562580511227 5.276348118827755 0.000881273383638691 0.9999992334146602 -0.0008697857869248605 0.012604385612162781 -0.0014389897250110366 0.0008710533675077156 0.9999985852863005 0.04177979977458566
0.999997786687794 -0.0012070478149658944 0.0017232687212533166 6.606972188827152 0.0012091179588218897 0.9999985481118654 -0.0012007530649974663 0.008382052461006931 -0.0017218168528964884 0.0012028340425147947 0.9999977942660631 0.04278872157354516
0.9999967192755046 -0.0008840068948593192 0.0024041568246351104 7.940246282741048 0.0008895981560858923 0.9999969001183829 -0.0023255899779677405 0.02337723712865465 -0.0024020935344584255 0.00232772108182587 0.9999944058149609 0.061433015770509955
0.9999966058758929 -0.000873483241502648 0.0024546412611861773 9.262030326792253 0.0008794477276802168 0.999996661187287 -0.0024298530763327384 0.02751113273293585 -0.0024525106296572384 0.0024320035577892556 0.9999940352573641 0.0582192092397267
0.9999966097639618 -0.001266615935281217 0.0022751142070677457 10.574476610325048 0.0012719655674189169 0.9999964263568822 -0.002351462748944188 0.032548963269163136 -0.002272127676432485 0.0023543486438637696 0.9999946472248165 0.06110004242504724
0.999997806805724 -0.0012989856361764252 0.0016428694588934696 11.907043636708606 0.0013014713963886105 0.9999980086551906 -0.0015128971735503909 0.05167867038926468 -0.0016409009556764462 0.00151503200308172 0.9999975060579318 0.06758946893793702
0.9999991451798917 -0.0009577345750956518 0.0008901595191110357 13.236156610683853 0.0009575489971894848 0.9999995197344279 0.00020887994496383635 0.0725787209300108 -0.0008903591431434011 -0.00020802739505419574 0.9999995819925122 0.08023895090459714
0.9999991438000674 -0.0010495732809091816 0.000781533786806556 14.575054881114413 0.0010490553282608785 0.9999992300535031 0.0006628539199185936 0.07415105408309632 -0.0007822288988308473 -0.0006620334801998468 0.9999994749146726 0.07912984059682421
0.9999989496825459 -0.0006439758295796952 0.0012984332621091249 15.934384137696522 0.0006433258305944602 0.9999996675863909 0.0005009580655668693 0.09578146954967139 -0.001298755435378096 -0.0005001222237450514 0.9999990315555713 0.09075796933643786
0.9999929207313023 -0.0004012983609982963 0.0037413161995305836 17.26200724745015 0.00040304749444114744 0.9999998098364405 -0.0004667759634654563 0.08730930298139451 -0.0037411281716394854 0.0004682805871531221 0.9999928923113879 0.10385516771554835
0.9999846251498516 -0.0003324129454550589 0.005535247559452846 18.615863765370797 0.0003635519647617267 0.9999841104842583 -0.0056255318837981644 0.08191080395815646 -0.005533289607426372 0.0056274577422141285 0.9999688567277882 0.13173929432629877
0.9999875466130048 -0.00014150925095317187 0.0049886465133619174 19.95732880098007 0.00017616332653247702 0.9999758549414326 -0.006946833856749426 0.08122131461305546 -0.004987543020944116 0.006947626161703705 0.9999634267838655 0.1478140737676095
0.9999952683175395 -0.0006109749619556687 0.003014971331222077 21.353260677579804 0.0006335299770071095 0.999971780851764 -0.007485729084074669 0.070225494373929 -0.0030103126582568004 0.007487603738699804 0.999967436373781 0.132949884449949
0.9999985372122482 7.726895030661646e-05 0.0017086845446004347 22.6737730757206 -6.791503980228263e-05 0.9999850168039218 -0.00547371493664215 0.09684382965448174 -0.001709081891252299 0.0054735908843801286 0.9999835592858112 0.17791387247647666
0.9999962607218872 0.0008001547174369952 0.0026150133215340414 24.0454235936454 -0.0007907048151479014 0.9999931613915544 -0.003612749094506493 0.10405609535504044 -0.002617886196712741 0.003610667881807864 0.9999900548252009 0.1514029602039719
0.9999727456572348 0.001563700617160335 0.007215454463239967 25.414631319827198 -0.0015379931539030245 0.9999924554874798 -0.003567007874852111 0.11094078654296546 -0.007220977758568752 0.0035558133388300817 0.9999676063111793 0.15783035849945018
0.9999616277492366 0.0015241943361230777 0.008626694658028898 26.799797928290126 -0.0014878962569271931 0.9999900204490222 -0.0042125012869519435 0.09762486946672339 -0.008633029238092274 0.004199504017104885 0.9999539164242444 0.18255690179154205
0.999967128390268 0.0016734509083193509 0.007933580590042056 28.16934297666263 -0.001598781943208085 0.9999544583482393 -0.009408779186353288 0.09365561615394322 -0.007948964411753186 0.009395785839243474 0.9999242637186297 0.2040915493384067
0.999982682804506 0.001633570399653242 0.005653807465075059 29.524340813027965 -0.0015831242142153598 0.9999590027774056 -0.008915519173842824 0.10653349661607928 -0.005668139802891836 0.008906414102553889 0.9999442724367238 0.20017336551836595
0.9999906531997705 0.001979778065151025 0.003843695085340246 30.9289077359417 -0.0019455830555071836 0.9999586807336566 -0.008879838510862341 0.10273045577504854 -0.003861116376185161 0.008872277284757136 0.9999531861422873 0.23604934828598748
0.9999933428777932 0.00274849568690758 0.0023999940740248335 32.307257539195966 -0.002730953651411108 0.999969755717357 -0.007282138609185405 0.12462765712432271 -0.002419936414484526 0.007275535858518934 0.9999706048108221 0.20622207966480702
0.9999934907497168 0.0034542117607717516 0.0010425350391673079 33.680283678241324 -0.0034476214299894153 0.9999744728732219 -0.006258395033687418 0.12408350668376796 -0.0010641262479721108 0.006254760030085225 0.9999798726035912 0.24982155973883644
0.9999915458606881 0.00372981094815559 0.0017311029554411695 35.07638904133392 -0.0037193461370024225 0.9999750257276415 -0.00600952454988048 0.1338031607103545 -0.0017534741128638343 0.0060030351734326635 0.9999804442574074 0.25125087244175354
0.9999921140564022 0.0030286292154777304 0.0025688966664388635 36.469689824783025 -0.0030134948826274727 0.9999782018074962 -0.005874926249639567 0.12724007281097482 -0.0025866336424132416 0.005867138563344208 0.9999794427944398 0.27391770130412113
0.999989669382657 0.0028333957311765883 0.0035542926996340583 37.87701985695214 -0.0028142759861430624 0.9999816059686712 -0.005372855385251738 0.14330936424413956 -0.0035694507473755916 0.005362797119746411 0.9999792494989156 0.2562542088742121
0.9999909550711428 0.0023670729188478112 0.003533658401774848 39.27276521386912 -0.002350356713024943 0.9999860643798861 -0.0047272475445724466 0.13305240440830693 -0.003544798897697196 0.0047188994292085675 0.9999825830428009 0.23296613246369413
0.9999878331522019 0.002657772729769735 0.004155693886836503 40.666685724851284 -0.002648218060961763 0.9999938415700609 -0.0023029900246555185 0.13910807179787765 -0.004161789118371313 0.0022919568209194587 0.9999887131589362 0.26888351951228195
0.9999869620895994 0.0027249158625412707 0.004318620654378404 42.08932720678702 -0.0027344173909645596 0.9999938507915879 0.0021957551192365405 0.15509896308483778 -0.004312610850325283 -0.0022075354026003455 0.9999882640186833 0.28856086578306345
0.9999862522404233 0.0025354637217344313 0.004589853360211688 43.481638223192675 -0.002544193644786443 0.9999949639067638 0.0018971662573475285 0.16528814147018867 -0.0045850200490626224 -0.0019088176513114977 0.9999876669271096 0.28554956278467886
0.9999869644987919 0.002328251707965232 0.004544235521675022 44.907101741461844 -0.002335877653271772 0.9999958714065309 0.0016735726700541703 0.18142552903971582 -0.004540320261946468 -0.0016841656324018922 0.9999882744702768 0.29545948822921414
0.9999924737006343 0.001213855181319726 0.003684982725201448 46.31706077370721 -0.0012198073363139572 0.9999979544566506 0.0016134288260789224 0.16843046820920118 -0.003683016718469315 -0.0016179116518929629 0.9999919088421357 0.31867533704918116
0.9999905816288066 0.00013171371265633828 0.004338122310281044 47.740066129118404 -0.00013681030986659214 0.9999993008413428 0.0011745636485811324 0.16604239011790115 -0.0043379645711063685 -0.0011751460859622084 0.9999899004965283 0.338011404650316
0.9999886961071605 -0.0010803348866303803 0.0046303924708228986 49.14829545055504 0.001073787594854636 0.9999984206281807 0.0014162349188530043 0.1574782359787648 -0.004631915165702018 -0.001411246851890768 0.9999882768033937 0.34541651778436516
0.9999863124821076 -0.0018876333204111693 0.004879722213850523 50.565967742617296 0.001876614295920223 0.9999956814643798 0.0022617186772723973 0.17258635098514097 -0.004883970436132941 -0.002252530363490903 0.9999855363652719 0.3605549729328954
0.99998363112215 -0.0030019578492492364 0.004870907187695221 52.022046593088156 0.0029917294740058674 0.9999933075151097 0.002105820444711764 0.17877949684566774 -0.004877196173435579 -0.0020912135381955556 0.9999859197925856 0.35979689411760307
0.9999749213936046 -0.0037167246046967595 0.006028477591172448 53.42485226898974 0.003696862217350395 0.9999877130652965 0.0033025638803795164 0.20309299602090297 -0.006040678240094714 -0.0032801946056449155 0.9999763749858037 0.3880627969925028
0.999966657311578 -0.00487355540963965 0.00655230667615113 54.88827199704785 0.0048609590200816575 0.9999863094819288 0.0019369889306036553 0.2064309645159179 -0.006561656994559327 -0.0019050738519454872 0.9999766574031138 0.39084247009679024
0.9999580397561734 -0.005330034962925383 0.0074504667159380755 56.28813528376608 0.005345782082105869 0.9999835161128418 -0.002095260491850897 0.20328780208252673 -0.007439176091607451 0.0021350011456831666 0.9999700497660847 0.3842370668238809
0.9999533394319705 -0.005831287234876051 0.007701626324009042 57.71911134302458 0.005845170803336545 0.9999813301168379 -0.001781402829058395 0.22534719743611265 -0.0076910946639681555 0.001826337029117808 0.9999687552898471 0.4157217335902746
0.9999493027882557 -0.005103287016122189 0.008680340714089818 59.14432109284062 0.005114256484019404 0.9999861508292229 -0.0012419864613424053 0.2688904355484701 -0.008673882285186498 0.0012863169848723224 0.999961553838305 0.45485293097775403
0.9999502320800712 -0.005165522791602371 0.008535264336922685 60.55870169580688 0.005186632500139625 0.9999835407973502 -0.002452952853743094 0.25638199604033257 -0.008522453069404558 0.002497100054789046 0.9999605653649529 0.43334970743719076
0.9999394723879101 -0.004637450157683302 0.009977254964323452 62.021872013033786 0.004691757364579784 0.9999742693932195 -0.0054265978595087454 0.27123062038626494 -0.009951832666399952 0.0054730802599556915 0.9999355011294719 0.45060068843517936
0.999947401903381 -0.004416666130753731 0.009256699572077224 63.43488953244669 0.004481461483136768 0.9999655218796006 -0.006990819339192579 0.2712813286564968 -0.009225504303473245 0.0070319351779947635 0.999932718715614 0.4592152825266028
0.9999581479598088 -0.003876015000987001 0.008287269544388569 64.84114292484227 0.003937252913378082 0.9999649726891506 -0.007385894277765984 0.2858116551297233 -0.008258351426605819 0.007418214239179417 0.9999383829662788 0.4677095614347647
0.9999629630785496 -0.003124163374165429 0.00801948092949776 66.29347424851917 0.0031905101870605248 0.9999606817678292 -0.00827378771570342 0.29656060533922746 -0.007993316953137665 0.008299067515678197 0.9999336139776764 0.4655633319042343
0.9999661369676277 -0.0025931712503185203 0.007810274060879642 67.66581402847949 0.0026457857372008866 0.999973827588111 -0.006733792142299876 0.299383347534464 -0.007792607770980922 0.006754228427392478 0.9999468264175242 0.47445751833085165
0.999958085287248 -0.0017452789761660307 0.00898786236855442 69.12518206996194 0.0017837466336299683 0.999989276725074 -0.004273720020106251 0.33446335695026747 -0.008980307155534136 0.004289572957602664 0.9999504755972836 0.48588594028153054
0.9999497042475975 -0.0011428196735946588 0.009964082413144795 70.49454575049624 0.0011544619416930147 0.9999986576140317 -0.001162750084863662 0.3381049588644344 -0.00996274022382792 0.001174194757403156 0.9999496812709648 0.4917781511677614
0.9999407081600572 5.862549192125791e-05 0.010889294165135366 71.9254623172084 -8.187740398040437e-05 0.9999977178175882 0.0021348666716813135 0.3646474679398235 -0.010889144156170934 -0.002135631678645737 0.9999384309130633 0.5044394115851881
0.9999394726050594 0.0004716568859761146 0.010992209336505607 73.30839713862575 -0.0005376390438100386 0.9999818526222312 0.00600044752239397 0.36792386636777613 -0.010989179704337387 -0.006005994171854 0.9999215799068613 0.516115804977676
0.999945216037499 0.0009828872916281138 0.010421077501457493 74.70339439702137 -0.001079144570034041 0.9999567724080956 0.009235191507551858 0.37884124899952537 -0.01041154987100353 -0.00924593141636622 0.9999030514912571 0.5172625592880037
0.9999436058768533 0.001838096564309786 0.010459754634623983 76.15449317149496 -0.0019395470262275412 0.9999510994511932 0.009697260627788218 0.39372631678494996 -0.01044141864543881 -0.009717000945274843 0.9998982731604752 0.5105374479265453
0.9999381820330753 0.002203310161958922 0.010898510756923281 77.5214345258204 -0.002317150801308881 0.9999427757429383 0.010443948088334154 0.3984862428335512 -0.010874875840788138 -0.010468555957630143 0.999886066715408 0.5175918962992757
0.9999328016443757 0.0022850093059375498 0.011365338890738236 78.93510871810135 -0.002400836197603154 0.9999452182253354 0.010188058393952976 0.39451054529537793 -0.01134143646906452 -0.010214660090188808 0.9998835094840098 0.5402401802161196
0.9999520792661369 0.0016559001370222764 0.009648687271622687 80.28226392528212 -0.0017470931415824514 0.9999538159687552 0.009450587023019413 0.3812613380678545 -0.009632592428001902 -0.009466991299311358 0.9999087904598373 0.5228006396699915
0.9999462894026027 0.0017490128517448126 0.01021563820870101 81.68095129312397 -0.0018400292746659505 0.9999586396253144 0.008906926010647654 0.40742182940734745 -0.010199637358014881 -0.008925244687694053 0.9999081494842563 0.5543849831352147
0.9999409545655625 0.0013283288911987506 0.0107853106060303 83.06215070252978 -0.00142676442074844 0.9999573552412182 0.009124255710795419 0.4162630847983185 -0.010772730656589784 -0.00913910506259246 0.9999002075371599 0.5540672775617005
0.9999525715306706 0.0011673790051192217 0.009669121752118814 84.44830516761996 -0.0012523579054937112 0.9999606066884558 0.008787301686650059 0.4323997798863917 -0.009658482741892628 -0.008798994119446974 0.9999146420638166 0.5479274659655836
0.9999510812742695 0.00029377735281908076 0.009886796917427172 85.81488885032161 -0.0003807369105590154 0.9999612525918633 0.00879479131741385 0.4356346903249191 -0.00988383011916002 -0.0087981253559432 0.9999124476134882 0.5474876559249708
0.9999450002973544 -0.0006254217673731313 0.010469251546153087 87.2072544883239 0.0005346732892744559 0.9999622835889203 0.008668651804385107 0.44914449541685886 -0.010474278247090315 -0.008662577401953104 0.9999076203569797 0.5524266337000644
0.9999328465435853 -0.0021968949042113985 0.011378754590139439 88.59181171387007 0.0021074825221322198 0.9999668584482826 0.00786387452158693 0.43534779432591525 -0.011395653586419542 -0.007839365908809643 0.9999043371350511 0.553703320841287
0.999925055473876 -0.0030424390906649656 0.011858625550444368 89.927570122608 0.0029617776844762136 0.9999724012837914 0.006813555876020293 0.44065656963921873 -0.011879028096346814 -0.00677792262478008 0.9999064698542454 0.5627227955264864
0.9999138814337591 -0.003994861512068197 0.012500831875266937 91.31118448493214 0.003926389303054977 0.9999771820379362 0.005497169317830145 0.4468843204571444 -0.012522507061892566 -0.005447612776935774 0.9999067508182538 0.5734623449439773
0.9999212288264191 -0.004091279194198227 0.011865815472153261 92.690257108666 0.004030769451194488 0.9999787744440162 0.0051189412064267725 0.4637005097666227 -0.01188650663127684 -0.005070709614901784 0.9999164959455894 0.5745426269451013
0.999923621130042 -0.004043553762946684 0.011679108662501598 94.07992276891935 0.003986275129294204 0.9999799342316757 0.004923489068460029 0.4859677573346182 -0.011698782704962538 -0.004876556877535075 0.9999196756121175 0.5884071604156599
0.9999246480941998 -0.004432817022132684 0.011447631499089195 95.43396549705362 0.004385715431760112 0.9999818278538769 0.004136358564106199 0.5061877439897776 -0.011465759191709446 -0.004085840827482662 0.9999259183914027 0.58169638480112
0.9999315333061279 -0.004085067293347609 0.010965442319610288 96.79095684630636 0.004042178052895932 0.999984105357422 0.003930627062565986 0.5119610599144554 -0.010981324903879545 -0.0038860336752415433 0.9999321523211614 0.5900328016932709
0.9999391647321075 -0.004103749106146344 0.010238460730447103 98.1275577610508 0.004053337033830015 0.9999795847249491 0.004939695558288268 0.5023586032669404 -0.010258522980687154 -0.004897895118537537 0.9999353845772548 0.5975566566932906
0.9999395547405757 -0.0036919913963388198 0.010356450393287024 99.4683815662918 0.003620206546738574 0.99996935354908 0.006941618485191298 0.5414691147248014 -0.010381761400562333 -0.006903706407746385 0.9999222759135119 0.5935039597293658
0.9999281315048436 -0.0034422056820377603 0.011484034364056615 100.84971296589369 0.003362408620439347 0.9999701216235701 0.006960608336312211 0.54561561551161 -0.011507651085320647 -0.006921494071722581 0.9999098293777863 0.5949579488639527
0.9999066439786565 -0.003827280878149139 0.01311698320575828 102.12019144695792 0.003735970416536995 0.999968669731867 0.006978687536153169 0.5611611949871427 -0.013143281644519042 -0.006929031372439667 0.999889615243529 0.6088677541338906
0.9999173456011274 -0.003988753032981926 0.012222594456074475 103.50733321189655 0.0039052841166951316 0.9999689445458655 0.00684534146671571 0.5402053115440685 -0.012249519254390096 -0.006797042965137586 0.9999018699277277 0.6195564428420154
0.9999480514171156 -0.0034579400039160407 0.009588384537710585 104.81742465453627 0.0033874146247468437 0.9999671640942019 0.00736180382511292 0.5549402843320468 -0.009613526370366988 -0.007328941555825995 0.999926930693637 0.6086855446341135
0.9999573449837794 -0.003719933993300428 0.008454011123502421 106.11997926276312 0.0036757644887631877 0.9999795456072931 0.005234226060736031 0.5765902572751267 -0.008473309177290904 -0.005202927840863129 0.9999505650648279 0.6222181684621126
0.9999483317851713 -0.0028496618464460056 0.009757724499794061 107.49926876501334 0.002804888691486346 0.9999854903433816 0.00459909796973856 0.5984331245510937 -0.009770688792574622 -0.00457149101145253 0.9999418158625285 0.6279893577657275
0.9999262265138619 -0.003075300949018263 0.011750917148124243 108.82455480309999 0.0030650752593416636 0.999994908270752 0.0008881138580433671 0.5729047605710267 -0.011753588533026188 -0.0008520308933626824 0.9999305611891023 0.6289776888398836
0.999918101251358 -0.002204913873292398 0.012606710304051427 110.16406756265563 0.002201882150726199 0.9999975435050809 0.00025435958485086534 0.5969190464284017 -0.012607240176709058 -0.0002265802627212941 0.9999204999181242 0.6333896759785359
0.9999299152274702 -0.0013784299597601444 0.011758595325559791 111.47464140107749 0.0013762007756038972 0.999999033498849 0.00019766839116964438 0.6030815205788378 -0.011758856432896364 -0.0001814723496183652 0.999930845790436 0.6268674026148003
0.9999588580971895 0.00035187720668144394 0.009064121325113557 112.84080177499447 -0.0003632523237374254 0.9999991485865827 0.0012533450678425505 0.6239507618980783 -0.009063672584237563 -0.0012565860659755667 0.9999581345390139 0.6430812349811709
0.9999714388207182 0.0009336528646235445 0.007499989010070751 114.1659894657985 -0.000967181268930531 0.9999895503645527 0.00446807812070645 0.6109901371583247 -0.007495739003982978 -0.004475204356013925 0.999961892495287 0.6502867057421464
0.9999743256036989 0.002397366048428967 0.006752834179607993 115.47806400311389 -0.0024472074048575306 0.9999697564097926 0.0073822382552654236 0.6329365870975439 -0.0067349320223037395 -0.0073985743065629805 0.9999499496419234 0.6458457981273805
0.9999529714576086 0.004092256129614622 0.008792514593034555 116.8505873157343 -0.004159380242513979 0.9999622439784338 0.00762955920177009 0.6465994736125344 -0.008760960512254258 -0.007665771806202026 0.9999322384609459 0.668605975315049
0.9999305795338568 0.00388440323604747 0.011124186468456325 118.12001715495093 -0.0039748416568914586 0.9999591375244834 0.008119354352029798 0.642384111651789 -0.011092193060339477 -0.008163007582439746 0.9999051597828272 0.6629309864835227
0.9999181604560816 0.00485904443738065 0.011834782519392932 119.51330124121186 -0.004954808186368784 0.9999551139642027 0.008075885875545277 0.6396710991562348 -0.011795010214580624 -0.008133864026039467 0.9998973537268931 0.6669110488542171
0.999915399835439 0.006135764741805679 0.011469331408908122 120.83354510201406 -0.006224014425394745 0.9999511797879267 0.007674613030364447 0.6495277387459959 -0.01142168185367769 -0.0077453490409778135 0.9999047728418275 0.6787112162668283
0.9999077978323084 0.007344554648975314 0.011421617711684196 122.15459352660116 -0.007452889697440586 0.999927368706248 0.009471628548302777 0.6472905857313395 -0.011351223251325251 -0.00955587930059057 0.9998899113909947 0.6746898966884765
0.9999027774840411 0.008627452345554083 0.010954571909726485 123.51373106361568 -0.008750136993636826 0.9998989778311002 0.011201305054040064 0.6490006993568113 -0.01085682652955105 -0.01129607003989744 0.9998772565267003 0.6744653435954642
0.9998930272958514 0.010064626356043676 0.01061307031216352 124.86044719516252 -0.010199933972152716 0.9998663964736608 0.012773039956871884 0.6637415533089567 -0.010483096493947797 -0.012879926206673381 0.9998620965857288 0.6756447365940091
0.9998877664200393 0.011274088890785794 0.009866584172215044 126.19530722600301 -0.011402728524409218 0.999849431079799 0.013080250441057411 0.659159013323711 -0.009717630665103942 -0.013191288378502631 0.999865769773709 0.6809410975462028
0.9998840704199468 0.012026061809055064 0.009339141170553851 127.5313215507761 -0.01213977177693263 0.9998516875928154 0.012215922355803984 0.6445256532105795 -0.009190846622740294 -0.012327881211458393 0.9998817688522945 0.6855790052051809
0.9998674472591815 0.012850841166364162 0.00999718924121509 128.83703215915034 -0.012975314616412985 0.9998378417449251 0.012487250516230538 0.6285173430369824 -0.009835096441463404 -0.01261531197263391 0.999872054205847 0.6856149228300507
0.9998516127488984 0.013439116068301546 0.01077694960226328 130.2043495726109 -0.01357290994159983 0.9998305056340252 0.012439297380745198 0.6082922577273693 -0.010607949808715348 -0.012583726113997913 0.9998645514458164 0.6993922322965193
0.9998479990885264 0.013807770481203085 0.010645383647787847 131.5221643413539 -0.013927707461258917 0.9998394226878116 0.011275983512638749 0.5814762856285621 -0.010487978048402125 -0.011422535342126323 0.9998797567721901 0.6911497677088954
0.9998392712252129 0.014058529942979842 0.011126070810387948 132.88924310042006 -0.014171190677306015 0.999848444710715 0.010112614120585674 0.5851705803292716 -0.010982216107091618 -0.010268658403451392 0.9998869664036882 0.7129465626824546
0.999832203995887 0.014055481814311105 0.011747650135015109 134.22317561421318 -0.014153335557670685 0.9998654834707549 0.008288429066204465 0.5849993710136354 -0.011629572017882917 -0.008453306735301765 0.9998966419885207 0.7006216579349569
0.9998428769926329 0.013241929764639431 0.01178442290496362 135.55028379697325 -0.013327073869205685 0.9998854392211557 0.007176178342355697 0.5443146471322036 -0.011688046422709396 -0.007332102674193553 0.9999048103900668 0.7163527648603731
0.9998617379423363 0.012246958894916855 0.01124797745183254 136.8909744210979 -0.012339396073843873 0.9998903598549471 0.008185815394768231 0.5390461533236723 -0.011146492877292065 -0.008323476855895923 0.99990323303286 0.720142973358078
0.999847911242128 0.011871636567773075 0.012775704675536289 138.23558891178078 -0.011957509290633746 0.9999062848205318 0.006666299420651556 0.5689186359717798 -0.01269536751410586 -0.006818051158805184 0.9998961655202392 0.7420951321824079
0.9998668723713154 0.010198997816653548 0.012736482165003117 139.58938672528026 -0.010278182610418988 0.9999281593578295 0.006167259155421025 0.5137219024478213 -0.012672667305284513 -0.006297346012340426 0.999899868455122 0.7396894139427068
0.9998755134761056 0.009204049155152683 0.012815733691205589 140.94682944809387 -0.009265698706860049 0.999945745904397 0.004759419625623872 0.5337935480426675 -0.012771232452980444 -0.004877573869108989 0.9999065480807611 0.7428001184521543
0.9998937472080246 0.007666907582731504 0.012398097531994735 142.27963372957458 -0.007733652998843809 0.9999558121245523 0.0053445682351946616 0.5132371774640208 -0.01235657337567636 -0.005439882944056037 0.9999088572304811 0.7432231076895712
0.9999058563757518 0.006645003076646293 0.01200509556754203 143.62259229848888 -0.0067071227170324 0.9999642885419884 0.005141609239704261 0.49953401194272995 -0.011970500838858995 -0.005221644839177173 0.9999147171308364 0.7430041207354317
0.9999298766915025 0.006530002719477658 0.009879309905056574 144.95975605448078 -0.006559576131058394 0.9999740928975065 0.0029640335338437162 0.49950920825590217 -0.009859698813725677 -0.003028629771450364 0.9999468054556753 0.7468487527515473
0.9999480946226403 0.004948900844759133 0.008905977822790326 146.28275171545178 -0.004948927505021297 0.9999877538019427 -1.904456433364959e-05 0.49475659075332823 -0.008905963008082532 -2.5031462787965523e-05 0.9999603408117367 0.773525346456806
0.9999194752848453 0.004492891708117214 0.011868313704089339 147.68689284372562 -0.004380810682178557 0.9999457241554811 -0.00945289590218178 0.49896639310489077 -0.011910140378956642 0.009400141874977551 0.9998848863188622 0.7634305050936023
0.9999075807488537 0.002932303242838598 0.013275223488396699 149.00171764611298 -0.0027212733035246258 0.9998700940580328 -0.01588677689112298 0.4786921248938718 -0.013320083805380705 0.015849183135822276 0.9997856664112288 0.7769597406251676
0.9999423154501398 0.0014310839550075044 0.010645082006595181 150.3015219107252 -0.0012555485044939212 0.999863435928307 -0.016478261182336165 0.4362261700602567 -0.010667210046037318 0.01646394522446378 0.9998075560514031 0.79335694370891
0.9999713028113714 0.0015132959782915994 0.007423172435737831 151.70589237569982 -0.0013908179682786284 0.9998632790091927 -0.01647692065782666 0.4681875447329737 -0.007447091990013603 0.016466123534921273 0.9998366904633101 0.7968571555426863
0.9999861877429422 0.002138492486268208 0.004801163736320689 153.0219614754989 -0.0020815243274195463 0.9999277465596297 -0.011839295445892276 0.4532281524591382 -0.00482613508007671 0.01182913817938312 0.9999183866246893 0.8078786903575174
0.9999801823836163 0.0033463649753384846 0.0053326055058702795 154.39799933647595 -0.003277671781925272 0.999912206932492 -0.012838819847758198 0.47121892098518425 -0.005375100717138328 0.012821086882360905 0.9999033593420095 0.8162085636454556
0.9999692623616322 0.0035841600607218124 0.006973387167817833 155.72440772445663 -0.0034873591929626023 0.999898079468941 -0.013844457381299226 0.46374776770329906 -0.007022297187702826 0.013819713129529065 0.9998798442169065 0.8012757625458714
0.9999410604364138 0.004187634324618571 0.010016954230874234 157.03560180212483 -0.003955766705472809 0.9997263399985589 -0.02305638789701883 0.46626887351212354 -0.010110764712524254 0.023015404229541566 0.9996839818688097 0.8080357872012177
0.9999330042865113 0.004127840222860198 0.010814244016403771 158.40072046280534 -0.00385491008242974 0.9996765469035642 -0.02513844146366805 0.4460465245599857 -0.0109145135855048 0.025095069357553505 0.9996254853129403 0.8092466388742164
0.9999308987740401 0.003653695630944566 0.011173548459513395 159.7367374480245 -0.0033598861017968083 0.9996510285066208 -0.026201762746777706 0.42390100484782717 -0.011265382475692079 0.026162410322672715 0.9995942273961893 0.8231850878763547
0.9999253983769708 0.004940268104715382 0.011171008535931974 161.10373638860898 -0.0046551912645365805 0.9996664546049435 -0.025402927624054505 0.43629306908853294 -0.011292779770584188 0.025349029343071525 0.9996148757578678 0.8181683859639782
0.9999267723390715 0.006034870667360984 0.010489532668100517 162.44359377948928 -0.005779564653741754 0.9996903977721004 -0.02420134778628592 0.43765504952855455 -0.010632337089282906 0.024138950645953387 0.9996520717078178 0.8099958813710448
0.9999223309857337 0.007694682683562246 0.009804277355125342 163.77814981882815 -0.0074642992247846585 0.9997001381166384 -0.02332205151047343 0.4682978846574405 -0.009980793211955418 0.023247058049860506 0.9996799278063389 0.8046254823395917
0.999925118585818 0.00832718837119992 0.008967449747188537 165.13749653770495 -0.008126414119936311 0.9997205747382462 -0.022197608848296142 0.47922564783836374 -0.00914978768546564 0.02212307344970875 0.999713384428982 0.7963671884361253
0.9999106516910141 0.008887444672490682 0.0099850869823364 166.49247678881883 -0.00865836965378645 0.9997035694725493 -0.02275534703717256 0.4809664404322389 -0.010184363985531781 0.022666859311276124 0.9996911984303818 0.7935073874601659
0.9999155036260644 0.008266760736869244 0.010032261716752854 167.8130291885934 -0.008029918498267022 0.9996933937305813 -0.023423042935195145 0.44881520674928715 -0.010222818454088723 0.023340505529061775 0.9996753046787255 0.7909719099805511
0.9999371616320011 0.007377407265195706 0.008440773032177861 169.18633218707566 -0.007190836758305888 0.999733772360884 -0.02192433049813895 0.430930491574134 -0.00860027058020271 0.021862256588002678 0.9997240004535389 0.7892987037553658
0.9999558007305079 0.006490698083789719 0.006802016156536699 170.60604728903238 -0.006360985639813131 0.9998007487197853 -0.01892090698266783 0.42123030225360536 -0.006923470740805434 0.018876803165307564 0.9997978454943577 0.8143069303444129
0.9999662768474812 0.006640373922877885 0.004832246056524597 171.9175681199571 -0.006577595499831303 0.9998952408644579 -0.01289350743778178 0.4407063550082974 -0.004917357545169267 0.01286128806814848 0.9999051989383798 0.8142915026185373
0.9999592096261257 0.007041929094578323 0.005655998454830225 173.27587812907157 -0.006973280940321545 0.9999028805053713 -0.012066603084076918 0.45187550024754025 -0.00574042131044916 0.012026670016602169 0.9999111994429757 0.7972280520934396
0.9999351650267565 0.008033905279447138 0.008069827065941056 174.6945240893774 -0.007992068603038192 0.9999545253673814 -0.005203271734177099 0.45615210732805506 -0.008111262685775538 0.0051384397686677795 0.999953900864628 0.8345124651104066
0.9999026534491091 0.008061652213892084 0.011388300532253606 176.06292681642466 -0.008015553008711505 0.999959519560597 -0.004087805047265887 0.45768074339065185 -0.011420793991453258 0.0039961235869484055 0.9999267955509956 0.8461817925902646
0.9999035709373896 0.007005159376961755 0.011990686750980428 177.47251318488134 -0.0069338713456141565 0.9999581001596014 -0.005976567021567345 0.44310789407672957 -0.012032051147632462 0.005892848827534968 0.9999102480112286 0.8475056145841292
0.9999154084336546 0.005739486549080206 0.011671943758885157 178.8654865251008 -0.005652867517357522 0.9999563400935302 -0.00744063139683068 0.4461194395719729 -0.011714139566731094 0.007374022030427198 0.9999041967775243 0.840039622780682
0.9999608835070297 0.003979129567830447 0.007899239439534505 180.2060983464957 -0.0038898469202016984 0.9999287444609104 -0.011286057405704982 0.43869916047587904 -0.007943585259697116 0.011254889102514 0.9999051089601013 0.8265156643880448
0.9999906341810436 0.0018117562591803238 0.00393053297294846 181.62388851612846 -0.0017769118773387077 0.999959254738427 -0.008850505474268569 0.45002701660067007 -0.003946407781044272 0.008843438371312722 0.999953108632299 0.8385145328614635
0.9999915085994078 0.00028623042072911133 0.004111058407109486 183.01375281321975 -0.00026399929168868005 0.9999853463211775 -0.005407166290091213 0.4341135319252765 -0.0041125458604621325 0.0054060350591686075 0.999976930609644 0.8604710461979096
0.9999853481492101 0.0005303353588085996 0.005387228537033867 184.34263027940818 -0.0005208650452124031 0.999998317008235 -0.0017591703448128061 0.4702056619761455 -0.005388152420608625 0.0017563385506758884 0.9999839414152548 0.8667246011219641
0.9999695200115645 0.0016708119953829724 0.007626757837870715 185.7968912793911 -0.001678504432240462 0.9999980889846718 0.0010023222411993955 0.4912966310846035 -0.0076250685709957486 -0.0010150932372635657 0.9999704135198237 0.8643026439620675
0.9999534072994687 0.0016305040836794194 0.009514446206484612 187.157906340223 -0.0016686861708299994 0.9999905816497563 0.004006506988088848 0.4961409802893369 -0.009507823970092493 -0.004022196938916442 0.9999467101876671 0.8740210380205086
0.9999492550570032 0.0018971154782597762 0.009893849797035847 188.61567677883954 -0.0019094183240575147 0.9999974154493568 0.001234186481021262 0.49701717364164066 -0.009891482831603788 -0.0012530153503965684 0.9999502930245701 0.8594742471806913
0.9999444473307674 0.0017053184104949411 0.010401641288033637 190.03269858922604 -0.001715537350395757 0.9999980545232035 0.0009735920129145317 0.49504852880932687 -0.010399960767497931 -0.000991382331414511 0.9999454274994748 0.8725620127665551
0.9999342007842772 0.00205642113538048 0.011285620675118384 191.39193754645444 -0.002022122206244128 0.9999933050296317 -0.003049740595033007 0.5012151029098547 -0.011291816669239431 0.0030267190203152913 0.999931664589276 0.869345762049206
0.9999318939480039 0.002581040886385584 0.011381814156834886 192.84079042201864 -0.0025242041949722176 0.999984288149416 -0.005005182063401568 0.5123081570624328 -0.011394553907020924 0.004976111157170631 0.9999226982417248 0.8664000003728081
0.9999259865491019 0.002455264664958214 0.011916085734423423 194.1953934642113 -0.0023781305364051985 0.9999761575262366 -0.006482968009719678 0.48582193598542484 -0.011931719027740257 0.006454150175525763 0.9999079847798771 0.8757561872534553
0.999915805312264 0.0030481300797408862 0.012613135603157868 195.6480321000185 -0.0029327752522638755 0.9999538002822412 -0.00915402263615498 0.487630750355669 -0.012640455531600843 0.009116260424127212 0.9998785489647396 0.8640477964527362
0.9999078189410636 0.003414260064754195 0.013141402084082003 197.06778963073677 -0.0032550817651674645 0.9999213110326498 -0.012115122180521081 0.4764862799032969 -0.013181732178563043 0.012071229057436707 0.9998402509230241 0.8686661807183849
0.9999333354614591 0.0036628767329069064 0.010950249630057887 198.48603065309143 -0.0035648538131663058 0.9999535235863962 -0.008957816946177208 0.4851218116665854 -0.010982552080996808 0.008918183738295322 0.9998999197662725 0.8997242947625875
0.9999800109201252 0.0038521470457850873 0.005013853141430718 199.9327218075471 -0.003830349282267098 0.9999832033725333 -0.0043498732375400195 0.5092723044478419 -0.005030525276948858 0.004330581478794758 0.9999779696970797 0.8819526832020915
0.9999726602622484 0.005435585775922781 0.005013295853491753 201.37619607641798 -0.005466950230560653 0.9999654373159974 0.006263914798472702 0.5160677850367211 -0.004979074534351187 -0.006291150983606929 0.9999678146000914 0.889586355452287
0.9999489036961221 0.005721527360300973 0.008333913941782865 202.80659405642848 -0.005823095378187365 0.9999084449914462 0.012214466627918323 0.5200420991599575 -0.008263265525217521 -0.012262371689576402 0.9998906703652187 0.89288248358066
0.999923572977639 0.006666970182199934 0.010411518247680858 204.2415812814905 -0.006808000855851028 0.9998847537713688 0.01356946203487804 0.48629686246328463 -0.010319851160693462 -0.013639306586440596 0.9998537242956402 0.8851516420068228
0.999920199942932 0.006675053074634486 0.01072554952147639 205.69678576766836 -0.006792743019790911 0.9999167098059178 0.010974155693021131 0.5122547645271128 -0.010651403116674894 -0.011046135856415987 0.9998822583155917 0.8760154840801518
0.9999219859165812 0.005515425473933834 0.011207237058341809 207.1501584015208 -0.0056131857100124895 0.9999463099258386 0.008710304924842907 0.514818083590817 -0.01115859430328479 -0.008772533701292506 0.9998992591384567 0.8997883799146242
0.9999304264241373 0.004396715413447484 0.010945830476301134 208.58153944724285 -0.004479755210141878 0.9999612861332635 0.007573508299759698 0.5005076138636305 -0.01091210816020333 -0.007622016024810998 0.9999114114596441 0.9008670537465333
0.9999386593673782 0.004087291976227786 0.010294248242152278 210.10126627597649 -0.004163275131382847 0.9999641704591873 0.007370545302056609 0.521083504103345 -0.010263753833291232 -0.0074129509758478485 0.9999198485454118 0.8923415897179843
0.9999385654590994 0.004243299710638456 0.010240103278970689 211.5612195950757 -0.004334596118610924 0.9999509111730599 0.008909911371934235 0.5307717882157376 -0.010201793179966636 -0.008953750707546837 0.9999078726383648 0.9030613651410726
0.9999367362699461 0.0036225142419926753 0.01064898344326062 213.01254622575792 -0.0037261056460794334 0.9999457772461083 0.00972413000686548 0.517273778920478 -0.010613180226611322 -0.009763194059462656 0.9998960148171582 0.8866312527084235
0.9999395824271334 0.002830566575120804 0.01062164715634657 214.45129595076054 -0.0029335475363393504 0.9999487248835642 0.009692363106386727 0.517639832053571 -0.010593667651109017 -0.009722936624179862 0.9998966140102186 0.9018014256686957
0.9999452414072545 0.0028679653074295966 0.010064241749021522 215.8912512405996 -0.0029718432974672987 0.9999423130323615 0.010321761230830043 0.5365080042336731 -0.010034058720311847 -0.01035110537509631 0.9998960807419494 0.9088446917988561
0.9999509399923772 0.0026560616551244724 0.00954269065020688 217.38197781472724 -0.002747975330117363 0.9999498384796595 0.009631674625331606 0.5364954166837812 -0.009516629652688744 -0.009657425173790774 0.9999080797248646 0.9062689218988573
0.9999532318609182 0.0019351684473171882 0.009475717069714016 218.86877650781238 -0.0020323731493948802 0.999945305239348 0.010259434154417681 0.5219762498182509 -0.009455345064373925 -0.010278212532717995 0.9999024726426302 0.9177673761182339
0.9999567313879036 0.0020649259916645066 0.00907036011792535 220.32623458656172 -0.0021647171089345103 0.999937090248667 0.011005886827855 0.5372469429462773 -0.009047063162053675 -0.011025045382138539 0.9998982943392111 0.9135604463731118
0.9999538384172879 0.0021716204040246444 0.009359759577754414 221.80971637609142 -0.0022600249386371778 0.9999528413321951 0.009444966857881407 0.5467584555303172 -0.009338807301217842 -0.009465684153327958 0.9999115898426721 0.9223802586569165
0.9999600785735828 0.0014667806539624326 0.008814182527444505 223.30625006972954 -0.0015680299598087204 0.9999327447723909 0.011491179834884594 0.5469390971618409 -0.00879673468731942 -0.011504541992868624 0.9998951259869082 0.9277247094743272
0.9999595539030499 0.0010991849213142094 0.008926497102569958 224.80318318722172 -0.0011953743384587906 0.999941206109769 0.010777541645995222 0.5452779572160297 -0.00891412576781305 -0.010787776242069665 0.9999020763282506 0.9267079079688555
