1.0 0.0 0.0 0.0 0.0 1.0 0.0 0.0 0.0 0.0 1.0 0.0
0.9999993095234457 -0.0002478902306473936 0.0011486962458564782 1.3170847884220476 0.00024850893205126813 0.9999998241302888 -0.0005385004198438096 0.007967220615407526 -0.0011485625548423224 0.0005387855092992043 0.9999991952567925 0.014817719929586836
0.9999984038305433 -0.00014832653534635574 0.0017805436261356835 2.623568103649502 0.00015115107414803307 0.9999987303935609 -0.0015863053360864825 0.01541434890223854 -0.0017803060743715273 0.001586571935156014 0.9999971566458459 0.02733072738029725
0.9999989800686045 -0.0007560440373244338 0.001211717444079721 3.941164083245045 0.0007592883833000977 0.9999961225225777 -0.0026792575390827194 0.009740918856290215 -0.0012096871089858094 0.0026801748494029703 0.9999956766505917 0.04506551450302299
0.9999991614526582 -7.285492738329608e-05 0.0012929756919656979 5.254327538080779 7.677535795251544e-05 0.9999953995943707 -0.0030323086319623584 0.01991416098348785 -0.0012927488251278604 0.00303240535789959 0.9999945666443496 0.05907493787998075
0.999998242159306 -0.00038749725110565194 0.001834536502303916 6.576372588419835 0.00039395268190018957 0.9999937279480553 -0.003519782072071 0.023124006440863938 -0.0018331610901182612 0.003520498605429967 0.9999921227739681 0.06811770763383385
0.99999432627558 -0.0003225828784578854 0.003353111530407226 7.916902208535466 0.0003390532400344744 0.9999878758436129 -0.004912556226606375 0.026666723324589962 -0.003351486170230483 0.00491366523744473 0.9999823115607521 0.09119056015596433
0.9999914940122313 -2.641219516481042e-05 0.004124464278125697 9.2371923797222 4.7446672465804944e-05 0.9999869942233375 -0.005099914998136225 0.04057686070126001 -0.004124275936314189 0.00510006731042733 0.9999784895993665 0.0987535305534129
0.999995931201331 -0.000684152597242161 0.0027693891035018964 10.571018815771986 0.0006952796248842716 0.9999916824926015 -0.004018896846063847 0.04142151650329084 -0.002766616530372256 0.00402080599379875 0.999988089405136 0.1161970945330987
0.9999997521810448 -0.00044934677011239886 0.000541964324676687 11.890429236230649 0.00045008788403134986 0.9999989628433618 -0.0013681129695568893 0.05414445289199648 -0.0005413490054307707 0.0013683565620886766 0.9999989172702005 0.1272010700676886
0.9999997137992199 -0.000730669305324877 -0.00019627492082185355 13.236321914131054 0.000731022664430589 0.9999981013883286 0.0018063293172749517 0.050551805995615505 0.0001949547187845568 -0.001806472281717672 0.9999983493239141 0.1474286676867181
0.9999998271887466 -0.0005562433575290438 -0.0001903045040572822 14.572998047560617 0.000557119819917302 0.9999890940971784 0.004636949882282304 0.07094039651059839 0.0001877231560436398 -0.004637055103376213 0.9999892311820088 0.15770727462387726
0.9999996075510815 -1.943055682979484e-05 0.0008857314132276919 15.918983843395685 1.4707510508429363e-05 0.9999857843418081 0.005332063201809047 0.09089404446155541 -0.0008858224269297344 -0.005332048082342542 0.9999853921842436 0.17459165539241556
0.9999942797762706 8.10759641983496e-05 0.0033813963721962374 17.273526986224322 -9.258735072796249e-05 0.9999942010280687 0.0034043116509929377 0.07850902169954214 -0.0033811007557240503 -0.0034046052521005126 0.9999884883441195 0.19058203504114346
0.9999836220888455 0.00038181914035654636 0.005710496319679416 18.62656885843808 -0.00037475698210097006 0.9999991638069253 -0.0012377167100616445 0.08485584501564056 -0.005710964128532182 0.0012355563904802708 0.9999829289988547 0.20725849860937162
0.9999917893380365 -5.593289637006536e-05 0.004051928926221032 19.96997572472936 6.94126889751857e-05 0.9999944641252964 -0.0033266951528374373 0.07787454610849141 -0.00405172042355495 0.0033269490937503873 0.9999862573912388 0.2256444775512377
0.9999983527068659 5.374008594443152e-05 0.0018143030501828802 21.33078594198914 -4.635265789280832e-05 0.9999917100568737 -0.00407156836617654 0.09096282347156107 -0.0018145068161477074 0.004071477561341326 0.9999900652683914 0.23217009084408546
0.9999993707945587 0.000491037812411901 0.0010086091183559324 22.678954563113976 -0.0004890485984539729 0.999997936937598 -0.0019715354463184175 0.09682539311145233 -0.0010095751359850346 0.0019710409469418672 0.9999975478748088 0.26245626305893266
0.9999969182858681 0.0010541457142730758 0.0022477089624616075 24.051075095321192 -0.001055425076725365 0.9999992816841246 0.0005680749442393286 0.10396989629049373 -0.0022471085141287208 -0.0005704454819989073 0.9999973125440277 0.255051863014448
0.9999715295380532 0.002089242230564056 0.007250874445785025 25.431313036581972 -0.0020943658815319372 0.9999975624395346 0.0006991041006038852 0.11235379583588358 -0.0072493961735295934 -0.0007142701808377159 0.9999734676846321 0.26596259604693284
0.999964916754593 0.002235576532272065 0.008072636344361466 26.791323863310414 -0.002226645140275051 0.9999968991890038 -0.0011151967524089415 0.09945973271618103 -0.008075104420330473 0.0010971827312022191 0.9999667938880045 0.26929857200729
0.9999709150574498 0.0022762277979256756 0.007279273739761803 28.166690744987722 -0.002240747840878844 0.9999855892781921 -0.004878553582825963 0.11217808743027856 -0.007290273539451873 0.004862100673459741 0.9999616052073006 0.2977702669121307
0.9999875737650057 0.0019597914813969867 0.004583833867701653 29.54088348858636 -0.0019369602482060433 0.9999857239735301 -0.004979963266108526 0.113024888025196 -0.004593528118354613 0.004971022679928601 0.9999770939541273 0.29399231128163394
0.9999928301348137 0.002687174351990961 0.00266810287800345 30.92623494781472 -0.002674225796783484 0.9999846878110832 -0.0048448591061304 0.12097570928355353 -0.0026810810046371363 0.0048376892595989335 0.9999847041666557 0.32133779786669586
0.999994331651399 0.0029222781630420143 0.0016724100602562863 32.302155346646416 -0.002918221811828925 0.9999928070460656 -0.0024227747701917293 0.11987521666379009 -0.001679478052492664 0.0024178805735435883 0.9999956665941124 0.31848199305353264
0.9999938606851354 0.0034995190924637207 0.00017876845165438747 33.68378636059577 -0.0034994463333832345 0.9999937946197399 -0.0004057060180984503 0.12633674171538586 -0.0001801871182844294 0.00040507793673879623 0.999999901722229 0.34709113937087704
0.9999929087536756 0.003754761351434385 0.00029018882958534127 35.08481807380331 -0.00375467464423149 0.9999929065536731 -0.0002987652132346095 0.13690842847617754 -0.00029130856322226033 0.000297673529976406 0.9999999132648916 0.35141399858090105
0.9999921696978347 0.0033590087791201214 0.0020922722191220313 36.46750535793915 -0.003358335439484805 0.9999943078807795 -0.00032525238920986236 0.12999220023357488 -0.002093352835289904 0.0003182232904428478 0.9999977583014096 0.3768216962437357
0.9999875527917708 0.003209590077555977 0.0038200514472435335 37.871321746028876 -0.00321321304043737 0.9999943933229737 0.0009426476408175706 0.14735678137202038 -0.003817004516934245 -0.0009549105466115231 0.9999922592812235 0.38539442058994083
0.9999884804588081 0.002814089464708653 0.0038884251527531648 39.267636405999006 -0.002825905343100468 0.9999913966664469 0.0030365855957811055 0.13931192230617853 -0.003879846475800806 -0.003047538937123664 0.9999878295748158 0.39401318924027334
0.9999862555109474 0.003212846427385379 0.004143236298836867 40.66157721556544 -0.003237117936723798 0.9999775625510835 0.005864764433249632 0.147752809829352 -0.004124300747727241 -0.005878095969598134 0.9999742187332203 0.40870630258059154
0.9999835504764809 0.0030977005439836187 0.004827320974558554 42.09229979956845 -0.0031337425393465515 0.9999671390626826 0.007476660517282581 0.14994277043289966 -0.004804001888915031 -0.007491665110868611 0.999960397475679 0.4172621750113843
0.9999835705159408 0.002809151623369794 0.004996735469001538 43.47955128771236 -0.00285342182143953 0.9999565463750009 0.008874871587203665 0.15611261588874306 -0.004971587482805857 -0.008888983571665609 0.9999481332994044 0.43512820420448545
0.9999848333067023 0.0023282536779303787 0.004991231449062509 44.90748449699017 -0.002367925689287629 0.9999655371803429 0.007957221849258754 0.15599570240955155 -0.004972533006116568 -0.00796892002968488 0.9999558841414273 0.446272908173482
0.9999879312936564 0.0018576129714843877 0.004548245934649588 46.29998728253451 -0.0018901798686043803 0.9999725337104562 0.007166522500825935 0.16273890552686937 -0.004534808386051862 -0.007175033013073503 0.9999639765582374 0.4578762718224351
0.9999864831943726 0.0006741037853178526 0.0051554837442754 47.737740938854124 -0.0007104072051548046 0.9999749445544285 0.007043123239766827 0.1583921842263269 -0.005150606775296663 -0.0070466905320369765 0.9999619069756568 0.4711936068237031
0.999981203476598 -0.00016609992159714133 0.00612903779649043 49.13019903301614 0.00012069407726146028 0.9999725535403816 0.007407941608050902 0.17123772774351786 -0.0061301000346223435 -0.0074070626259417575 0.9999537775801544 0.48399675394305214
0.9999788546712071 -0.0011076359493395237 0.006408069371073714 50.552894047571094 0.0010534022636402472 0.9999636541757106 0.008460536107744545 0.18201247523053735 -0.006417207658453944 -0.008453606932145731 0.9999436764016786 0.49912527276507956
0.9999746095522091 -0.0024011942778048383 0.0067092858746109684 52.00919905412826 0.0023449186132247675 0.9999621122615026 0.008383042300470748 0.18600462508080579 -0.006729160988144732 -0.008367096721944066 0.9999423533808542 0.5050149843110733
0.9999631608207246 -0.0035004199839053 0.00783735040445054 53.4087932719288 0.003431846373570899 0.9999558638993044 0.0087460095966096 0.19731511458567316 -0.007867619201135302 -0.008718790818230206 0.9999310392495944 0.5192176772414168
0.9999504591059877 -0.004363483117362197 0.00894647130487613 54.86883023069621 0.004296429900755843 0.9999626408622038 0.007500504649366274 0.20252305522661682 -0.00897886539783107 -0.007461695180839876 0.9999318492183334 0.527032754798892
0.9999448970544278 -0.004726362028226099 0.009373598923990985 56.26706158306361 0.004675224384127378 0.9999741107532787 0.005469926886846574 0.21617200743968776 -0.00939920910331094 -0.005425801799506573 0.9999411060372829 0.5319308501361969
0.9999453406894472 -0.005440089620093573 0.008928664983684673 57.70171170417832 0.005408325152167707 0.9999789741722316 0.0035778810069486706 0.21579971593899927 -0.008947941244440354 -0.0035293963190330493 0.9999537377844584 0.5426867169527446
0.9999422560994355 -0.005313042923946769 0.009341094243146037 59.15285261408471 0.005289670888790092 0.9999828217445179 0.0025249946059660235 0.232261186905249 -0.009354349184166876 -0.0024754374886411562 0.9999531830843785 0.5523109163933411
0.999937543525333 -0.0048595664234689405 0.010064475281827466 60.551396117134225 0.004837640344595132 0.9999858746405638 0.00220176184972252 0.24326581063223884 -0.01007503272545396 -0.0021529360237687815 0.9999469278827045 0.5684289090014032
0.9999256867275359 -0.004336844182731223 0.011393542249912854 62.006131908810275 0.004341148843850159 0.9999905148244744 -0.00035311159445841774 0.25698391743877086 -0.011391902790200473 0.00040254641634585557 0.9999350291429945 0.5645436417814147
0.9999342997627501 -0.0038492431986185192 0.010797198005810452 63.4025044404048 0.0038681510781945726 0.9999910207465641 -0.0017308476192301608 0.2653391847859883 -0.010790438601606995 0.0017724990952385899 0.9999402105534823 0.5747158355051751
0.9999431741411634 -0.003464630028452015 0.01008190593394362 64.8138243187134 0.0034917523856893822 0.9999903290655561 -0.0026738437945868217 0.27485571638733364 -0.01007254455299015 0.002708895370213943 0.9999456013864461 0.5812702681982946
0.9999457358585574 -0.002878840696661263 0.010011873677361968 66.26948524793592 0.0029059372504296912 0.9999921517479421 -0.0026929484245124258 0.2810290166194643 -0.010004042532135281 0.002721896170643863 0.9999462537627967 0.593164873683265
0.9999462393676809 -0.002224992235186366 0.010127575424850082 67.64008206779451 0.002236948861141242 0.9999968142457256 -0.0011694264373582472 0.29389963484003706 -0.010124941196140639 0.0011920184365662647 0.9999480309785213 0.5972468302829094
0.9999333768596381 -0.0015957215385878326 0.011432213908607351 69.11097866234965 0.001574961536818538 0.9999970949892932 0.0018246942570735475 0.31246306852083033 -0.011435092401830896 -0.0018065673930252027 0.9999329852425193 0.6054934536684392
0.9999172012225592 -0.0009220432400871911 0.012835128963416237 70.47231384582693 0.0008542230934253403 0.9999856513173623 0.005288427204532847 0.3271752068696823 -0.012839820954778756 -0.005277025265658084 0.9999036413586037 0.609667072464153
0.9999076775430401 -0.00015935584255098872 0.013587162919435928 71.92762558401623 3.7544755652964035e-05 0.9999598133809086 0.008964943592111195 0.3429345622862142 -0.013588045513434696 -0.008963605799780436 0.9998675006170522 0.6170143086956369
0.9999076609763048 8.755118361521502e-05 0.013589034391209839 73.3031034859924 -0.00026423217673410087 0.9999154552514489 0.013000481938932893 0.3519148669203829 -0.01358674730213286 -0.013002872147259988 0.999823147168373 0.6178889700026873
0.9999119828381617 0.0009728176748676144 0.013231787574895043 74.69536181063626 -0.0011955409828618667 0.9998575672245912 0.016834961998189783 0.36750119940974857 -0.013213525586079567 -0.016849299376937358 0.9997707256426808 0.6237084542761426
0.9999110474356919 0.0016217716249025686 0.013238847111970813 76.1455695454558 -0.0018691987422211288 0.9998234196059773 0.01869854816481274 0.3765650889543034 -0.01320618461629081 -0.018721630917374794 0.9997375141624295 0.6258610023195119
0.9999004681434637 0.0018928435106138084 0.013981092587010586 77.51042304247677 -0.0021551374125601394 0.9998215158762236 0.018769437223941275 0.3785389362031965 -0.013943069576503545 -0.018797700242710966 0.9997260811224093 0.6286235496512432
0.9999022344308867 0.0020283629095340463 0.013835003578877616 78.93479040947987 -0.002271063828556456 0.9998434175446691 0.01754943479668344 0.38344178824563885 -0.013797240637422844 -0.017579139242398862 0.9997502738255636 0.6377456933996868
0.9999130077233062 0.0018146731038882668 0.013064606662942393 80.27742849870083 -0.0020308247766122533 0.9998609667418165 0.016550617415876778 0.38546291706281577 -0.013032756287833824 -0.01657570956689488 0.9997776718430432 0.6370757151334806
0.9999118680008946 0.0015240230746831544 0.01318838824986529 81.68403041323072 -0.001738992154513991 0.9998655721611814 0.016303788304553913 0.3838344367745205 -0.013161768013754472 -0.016325285922794842 0.9997801022736404 0.6442878460325806
0.9999088386695486 0.0012345032100239848 0.013445830295640077 83.10236526598764 -0.0014434261285689973 0.9998782125820203 0.015539514947240637 0.3928094495184607 -0.013425009181601196 -0.015557506407152508 0.9997888442680611 0.6440117290871072
0.9999156913672045 0.0008693081184711686 0.01295586589312336 84.4385462410669 -0.0010719959724837384 0.9998770229330316 0.015645760934285307 0.40034798632751445 -0.012940671631735954 -0.01565833049762936 0.9997936565630663 0.6467401754385662
0.9999052556258832 -2.8162050751830153e-05 0.013765136346444036 85.86895627428316 -0.00017993505287517607 0.9998857272199017 0.01511622060256308 0.40260854381678196 -0.013763989069817077 -0.01511726525623941 0.9997909886051476 0.6485299909790382
0.9998932569971499 -0.0009491019731387508 0.014579911422092537 87.20094584429262 0.0007330095799294512 0.9998899173531863 0.014819442377974997 0.4117521911850941 -0.014592371588854635 -0.014807173291448093 0.9997838818017272 0.6560036099301106
0.9998683880121716 -0.0022056380632750447 0.016073015108418055 88.56081770353757 0.001994244753735132 0.9999114642050935 0.013156243350148413 0.4121346568580068 -0.016100609982351684 -0.013122458304752074 0.9997842624517732 0.6582663492595165
0.9998545977830661 -0.0031890611255800277 0.016751512803333264 89.98828286009643 0.0030033973470211034 0.9999339171071248 0.011096892500944248 0.42196926269561846 -0.016785794483396687 -0.011044967539061415 0.9997981025165141 0.6586125513062816
0.9998538171493532 -0.0039641797987833415 0.016632185977523896 91.30940476159634 0.003816712086600986 0.9999532098819218 0.008888799451508741 0.429223449018219 -0.01666664455479922 -0.008824019796219081 0.9998221640041393 0.6583268046458857
0.999853581029396 -0.004584974608535948 0.01648619151083816 92.71796820119222 0.0044620248547111 0.9999620183063552 0.007486806988065736 0.4405056619893858 -0.016519892157302117 -0.007412148981212546 0.9998360631676532 0.6573103764478887
0.999854444769969 -0.004865484663730641 0.016352869250504137 94.04183672027787 0.004768807277429135 0.9999709528051378 0.005945756733646103 0.4522050181999704 -0.016381323233726288 -0.005866907615768377 0.9998486043617505 0.6571549628048632
0.9998615534770251 -0.004864008996702247 0.015912740021447377 95.43303540700505 0.00476359298983634 0.999968541560364 0.006342244986267659 0.4693010862254252 -0.01594308816814846 -0.0062655651076862 0.9998532695518598 0.6526265035495241
0.9998665386268748 -0.0048685039071871905 0.015594954441041349 96.77568106971867 0.004762802057521895 0.9999654832649124 0.0068079362020303695 0.4776269635672939 -0.01562756061812967 -0.006732751924417946 0.9998552142188643 0.6579619288730318
0.9998739546819273 -0.0045970670034397145 0.015196766882760894 98.12447187942321 0.004478983929542292 0.9999595859604401 0.0077952003684487285 0.4918089016807789 -0.015231987778421906 -0.0077261517452899605 0.9998541359255994 0.661624571446828
0.9998702775589801 -0.004276104223997845 0.015528779307914613 99.49372467257707 0.004139478567929157 0.9999525373888802 0.008819732803554798 0.5091637497136824 -0.015565756368196966 -0.00875430763715516 0.9998405219466153 0.6557117128312631
0.9998457742698228 -0.00416105737679201 0.017062041972919932 100.8275286828236 0.004003929791757924 0.9999493585549085 0.00923303156334749 0.5209887928859872 -0.01709959710055503 -0.009163292374149284 0.9998118012165412 0.6587783236943062
0.9998141388727143 -0.004191985828440927 0.018817942635332034 102.20009306683198 0.003998638952361887 0.9999389534608464 0.010300496985860106 0.5363766966406138 -0.018859973402450787 -0.010223336365453764 0.9997698659175609 0.6596975452565845
0.999839568112007 -0.00389050259550549 0.01748433662309552 103.52261211651597 0.0037220802543859017 0.9999464621565645 0.009654995554148116 0.5466119177796255 -0.01752096333468182 -0.009588368480876939 0.999800519620639 0.6569525348425453
0.9998752719586114 -0.003816332554941097 0.015325669039982748 104.86523781236978 0.003664107418701472 0.9999437990885439 0.009948516532336683 0.5626525480915298 -0.01536277457092975 -0.009891120775728918 0.9998330615094115 0.6550652291665962
0.9998913763370622 -0.004000454913445373 0.014185622554584061 106.18090541289534 0.003867426651211853 0.999948408324993 0.009392747170598162 0.575193621043143 -0.014222465956124818 -0.009336865041263812 0.9998552617320811 0.651459177105394
0.999869741537377 -0.00395323970016662 0.01564838182854325 107.53315416700174 0.003835758898711387 0.9999642890436193 0.007530444287020991 0.5893329592622861 -0.015677592661177686 -0.007469439963076027 0.9998491989070093 0.6584023985964507
0.9998348671710263 -0.003149841904545995 0.017897398835376607 108.8980392682201 0.0030752641102129307 0.9999864808363578 0.004192957806747752 0.5907898986381092 -0.017910364031716666 -0.004137226183458757 0.9998310368356037 0.6504646716699205
0.9998168600318511 -0.002249217920949333 0.01900493132831866 110.2009607691212 0.0021982645201118886 0.9999939346721608 0.00270152771407621 0.6028775479353395 -0.01901089238172803 -0.0026592550901304948 0.9998157401907695 0.6541683276636538
0.9998380658638194 -0.0015192590076291924 0.017931366422124312 111.50609248406705 0.0014788701692082448 0.9999963403147814 0.002265458025801455 0.6091077845795749 -0.01793474261647977 -0.002238573007918171 0.9998366535580544 0.6511510669333566
0.9998761106038851 -0.0009053174562033533 0.015714446982014865 112.8237387302963 0.0008438432728818731 0.999991968008575 0.003918143293454501 0.619941792785003 -0.015717867927230924 -0.0039043973466751517 0.999868843553584 0.6459715148679348
0.9999058377726089 0.00016050538173448465 0.013721874007572615 114.20708874537371 -0.0002560994660800104 0.9999757107835762 0.0069650740085921425 0.6225055758402863 -0.013720422782142546 -0.006967932326316506 0.9998815919486543 0.6477458857408259
0.9999020805923496 0.0016594063595659326 0.01389516454109751 115.50350341243761 -0.0017913035644750996 0.9999534095435396 0.009485250328280547 0.6336884942991575 -0.013878777274322124 -0.009509211995958422 0.9998584671985259 0.6419613566805653
0.9998676206976295 0.0030168734261181544 0.01598873213210947 116.87199936621245 -0.0031861002579525164 0.999939068019906 0.010569248441976526 0.6458047162045366 -0.015955871822242826 -0.010618790995811644 0.9998163088448695 0.6403030678220004
0.9998201187516302 0.004000583206079266 0.0185398347750784 118.19651956388913 -0.004190056461193172 0.999939278982769 0.01019224088570227 0.6452314752813204 -0.018497934109731905 -0.010268090447176836 0.9997761713264827 0.6388251800950512
0.9998039862747624 0.004792909849738543 0.019209816351718194 119.5508664904086 -0.004986442075241189 0.9999371704667288 0.010039447914212728 0.6462048638234964 -0.019160491239128625 -0.0101332686811416 0.9997650686242798 0.6371391187700319
0.9998037566577891 0.005783314826448318 0.018947333389967826 120.8549644926595 -0.005986001231497313 0.9999252828631096 0.010658164963378984 0.6475848688037706 -0.01888427817600978 -0.010769492130470673 0.9997636731133127 0.6283287253096257
0.9997980997498591 0.007172536090387675 0.018770041624963825 122.17865329230702 -0.007400401151520319 0.9998994232143026 0.012098657714868937 0.6443234564862635 -0.018681375735404637 -0.012235120830505404 0.9997506229149826 0.6246153351358951
0.9997931173058593 0.008234949600924042 0.018598607283952878 123.552737741693 -0.00849151076947175 0.9998692964702989 0.01375806021362269 0.6487294765402064 -0.018482879447867678 -0.013913144183108406 0.9997323679796787 0.613903503315437
0.9997941927083474 0.009427552344520598 0.017963671213182077 124.84855283050521 -0.00969535604850096 0.9998422838954218 0.014879764980654492 0.6462842572003895 -0.017820558289705125 -0.015050866804873402 0.9997279125395395 0.6086119630224052
0.9997956009336074 0.01039964017293257 0.01733793061701516 126.2354685762941 -0.010682927902414867 0.9998096268129905 0.016327436525692553 0.6413673367218139 -0.01716483047509385 -0.016509319075668757 0.9997163652648781 0.6044122693033381
0.9997885920422231 0.011406991941378761 0.01710706745991961 127.5576646500559 -0.01167308211452367 0.9998111671873448 0.015536058748177225 0.6317448522868461 -0.016926617387313627 -0.01573246650492371 0.9997329539039387 0.6027534591302902
0.9997573883312699 0.01232467100923414 0.018255600826938313 128.86102512396852 -0.012602649716044089 0.9998051832468071 0.015191075437675308 0.62907168677943 -0.018064819323011818 -0.015417458848091398 0.9997179423544895 0.5992222505447006
0.9997206380693647 0.013194427736744209 0.019610020267249357 130.22816481501664 -0.01346981643816538 0.9998115698088218 0.013978158732167097 0.6165559429079158 -0.01942189134209707 -0.014238397140105505 0.999709987038029 0.5909917551788212
0.999708661515484 0.013485268609963809 0.020018481996311295 131.54923438281563 -0.01374815238581278 0.9998202871827748 0.013053031974606074 0.602668078057056 -0.01983886077616316 -0.013324446265070188 0.999714398583332 0.5846005892494216
0.9997006834607353 0.013550090783703807 0.020370039958041576 132.92950313909864 -0.0137901869857972 0.999836540850591 0.011692832112922685 0.5875959829102786 -0.0202082713519879 -0.011970238914809996 0.9997241315229352 0.581393159200329
0.99968309171882 0.013371427453041373 0.021328878530513906 134.25543339358973 -0.01357274401561487 0.9998644311952888 0.009322008925563249 0.5742177500268617 -0.02120133843388092 -0.009608546112172312 0.9997290528389291 0.5681719306627723
0.9996907609122998 0.012838861082101345 0.02129662397427215 135.59671920615008 -0.012986840508672062 0.9998923762623391 0.006824797876520799 0.5582405912660127 -0.021206709320150407 -0.007099263241178761 0.9997499066972916 0.5577243058901219
0.999706393692678 0.011681295822634994 0.021229077650347445 136.9395358315543 -0.01182174183409133 0.9999089789662379 0.0065023228698544416 0.547154057857963 -0.021151189800776838 -0.006751378422205894 0.9997534926467683 0.5510963735588769
0.9996960465212887 0.010630828623467243 0.02224410152116087 138.27222201539163 -0.010729742685474128 0.9999330503732581 0.0043321349396192215 0.5339214679400983 -0.022196558102749987 -0.004569491657725698 0.9997431832997818 0.5414514659190853
0.9996925289091904 0.009696370597238189 0.02282165726647881 139.61999743411704 -0.009759420050649675 0.9999488564915412 0.002652945821924687 0.5205347088562989 -0.022794766140993582 -0.0028748562572944894 0.9997360320795071 0.5299206109932881
0.9997045977639943 0.008320071038517318 0.0228362349664815 140.94665852841914 -0.008362826158631313 0.9999634513504856 0.0017773862454693178 0.5105790079239597 -0.02282061235310829 -0.001967836664740503 0.9997376392187554 0.5204423156061797
0.9997163711704892 0.007204743705696525 0.022699534837613552 142.30601673370353 -0.00725399423161096 0.9999715093474816 0.002088075910353322 0.5097428491451123 -0.02268384406128203 -0.0022521459665992396 0.9997401517680224 0.5140148355606817
0.9997274464960407 0.006247112502605141 0.022494583967827095 143.65210253700587 -0.006284594901756399 0.9999789781413458 0.0015959769141404363 0.5041070108332387 -0.022484140842528245 -0.001736911272761587 0.9997456909383524 0.4952907774869854
0.9997784070498559 0.005369213008673235 0.020354565790506797 144.98484124710146 -0.005362473689837297 0.9999855474654828 -0.00038566317480774576 0.4944870969525916 -0.020356342323177273 0.00027642689104742316 0.9997927499814127 0.488575906841391
0.9997970069563928 0.0043969459426759575 0.019662445102678342 146.34942573512615 -0.004318342343421478 0.9999825217729106 -0.004038324912073421 0.49602639061806825 -0.019679857734335053 0.003952595990946349 0.9997985197951078 0.49202695917693795
0.9997404484023198 0.0035120677210230267 0.02251002462573746 147.69823624383682 -0.0032177867909401157 0.9999090630091511 -0.013096242221708701 0.48316883550283934 -0.02255397252140762 0.013020410611212016 0.9996608360994337 0.4706288749195846
0.9997073506772906 0.0020864998237429934 0.0241010273697703 148.9874831018273 -0.0016006480173469775 0.9997954712156895 -0.02016069598307773 0.4706132164780968 -0.02413816330455695 0.02011621870737748 0.9995062214999962 0.46064776761454546
0.999762830013956 0.0011854417924029598 0.021745768559482657 150.29760045933054 -0.0006536609585594737 0.9997009558356578 -0.02444527824802557 0.45346167147038857 -0.02176824406875794 0.02442526620180344 0.9994646316509325 0.45031821230486246
0.999834948423914 0.0012801226910086087 0.018122836313483673 151.70356017558606 -0.0008819372247327568 0.9997584074540519 -0.02196244320810987 0.46741830954180097 -0.018146572593219588 0.021942835068281073 0.9995945247410497 0.4483166752371309
0.9998665765378683 0.002209949028467559 0.01618472266474774 153.0014476835153 -0.001896515042465784 0.9998108592993836 -0.0193558481529926 0.4719756681610275 -0.016224436912784523 0.0193225710587277 0.9996816522746347 0.4353177876603941
0.999863092491812 0.0030373099420175666 0.01626563927505506 154.36237131941374 -0.002729363085201512 0.9998172526240837 -0.018921203248693085 0.47609348745629504 -0.016320136330902135 0.01887421795850985 0.9996886600570176 0.434937373061436
0.9998026025922885 0.003736968618878563 0.019513864692269026 155.70371084755968 -0.003307465412351225 0.9997525826111568 -0.021996232288010713 0.4741882635162587 -0.019591235852614484 0.021927348856246656 0.9995675939374504 0.4275564667841836
0.9997241821090358 0.004375153769756273 0.023074178986703938 157.0315695975815 -0.003726820847953993 0.9995991163440389 -0.028066303828323588 0.4645735525156873 -0.023187723320471063 0.02797256930829743 0.9993397144382414 0.4183642891293447
0.9996940480301841 0.004395463622431856 0.024341122253665276 158.3899039159315 -0.003644960553312617 0.9995191767910039 -0.030791711378204953 0.4517566528204799 -0.02446476232438802 0.03069356816301682 0.9992293932215133 0.41244928908904066
0.9996857197121822 0.004395845440033242 0.024680728238922686 159.725715875858 -0.0035719972751045506 0.9994381634973952 -0.03332563848481795 0.44507322696383994 -0.02481335606085687 0.0332270053995462 0.9991397617316486 0.3979983829594356
0.9996627961776737 0.005394272555756244 0.02540070396325778 161.07320880438394 -0.004602783581935286 0.9995051777035674 -0.031116139334082308 0.44364543131881745 -0.025555984065042604 0.03098873290979114 0.9991929694063669 0.3828893597231375
0.9996682080075797 0.006445066068995157 0.024938625108065344 162.43707564662094 -0.005723309513425399 0.9995657712220731 -0.028905237058979922 0.45048302553790476 -0.025114092201946582 0.028752915062452002 0.9992710104112316 0.3627046636440929
0.9997064397085259 0.007204277129488538 0.023132937477651005 163.7727857201236 -0.006650044810211111 0.9996911167528788 -0.023946774091811604 0.45299441379911276 -0.023298311297722123 0.02378590919901116 0.9994455559029971 0.35164773766469853
0.9997154985490374 0.007897107854035986 0.022506835592580102 165.14578957340032 -0.007417570536907135 0.9997453839916604 -0.021310721121014474 0.4532170895727923 -0.022669398055081096 0.02113771214936395 0.9995195323338664 0.33342164126022444
0.9996845851725731 0.008193082790138946 0.023740336196741332 166.48503693953933 -0.007710615330044475 0.9997633172186032 -0.020343449935703216 0.45076361510176166 -0.02390139283749926 0.02015398070973348 0.999511150754197 0.31985781824791504
0.9996839550564754 0.007922321849858274 0.02385847478674831 167.822163770137 -0.007448128138467268 0.9997742525948764 -0.0198989757422141 0.4465445206697641 -0.02401073488828734 0.019714985794149365 0.9995172854659696 0.3001351049054277
0.9997327315176558 0.007498592592222203 0.021868622301885115 169.17771762440955 -0.007110117417798254 0.9998164994527993 -0.017788019908234063 0.43890216003008753 -0.02199799451204038 0.0176277772588174 0.9996025958881668 0.2880767260565574
0.9997941104144895 0.006797236177869128 0.019118952922211555 170.5684172415982 -0.006553584427174911 0.9998968825292092 -0.012777904347925249 0.44614800882715644 -0.019203835857853117 0.012649975838360465 0.9997355604356751 0.2824523210378278
0.9998144728448697 0.0063780236495178085 0.018175277281562822 171.94935942553883 -0.006250737891604557 0.9999556015986328 -0.007051461361078433 0.44583631447117306 -0.018219444715631732 0.006936544229118316 0.9998099500347112 0.27313697086087074
0.9997963573066042 0.006583978435303641 0.01907603586724103 173.33141447389096 -0.006524102418727693 0.9999735997971484 -0.00319934311420706 0.44967064985280514 -0.019096596662095608 0.0030742375796169825 0.9998129170295957 0.2627989175972335
0.9997392345130578 0.007246485316064062 0.02165528632480524 174.69301410650647 -0.007247720053331193 0.9999737347016524 -2.1467593456259235e-05 0.4556775483294655 -0.021654873106849874 -0.00013548945750812153 0.9997654965607351 0.2522407996535914
0.9996840094273207 0.007277669874311745 0.02406069027515893 176.08857378154386 -0.007284008366458673 0.9999734558050304 0.00017580518312253516 0.4549060367717313 -0.024058772151420202 -0.00035100789960906874 0.9997104842283192 0.23943377082960915
0.9996641825660595 0.006580641301987222 0.025064262498360558 177.45922454965884 -0.006525967007486837 0.9999761460530362 -0.002262538294510886 0.4478346465595176 -0.02507855356972042 0.0020982099445753404 0.9996832816776917 0.22799890156091007
0.9996583285714766 0.005037381531663477 0.025648604347727214 178.84767626625268 -0.00493863531510704 0.9999801534371799 -0.003911855439392709 0.4433218695043029 -0.025667800819434705 0.0037838497669416614 0.9996633665799878 0.21058895986118262
0.9997576037238816 0.0029453399851231124 0.021818771016130722 180.18082251866633 -0.0028157799472490245 0.9999782367755657 -0.005966352195377881 0.4400469795515942 -0.02183586910500659 0.00590346911592287 0.9997441392040397 0.19575451625841278
0.9998458369732031 0.0012725501901730627 0.017512364299795375 181.59265302690366 -0.001209454228789799 0.9999927414919483 -0.0036130574152619804 0.4501200962657601 -0.017516834983058997 0.003591320012336357 0.9998401186753537 0.18284249785931037
0.9998595477311613 0.0005470136092768289 0.01675068914847131 182.98004744029984 -0.0005643607852713271 0.9999993093706495 0.0010309001541583078 0.4644440075331141 -0.016750113663539616 -0.0010402087939743775 0.9998591659118415 0.17360559524529076
0.9998355072766741 0.00038959639798606097 0.018133025214853483 184.35353045872475 -0.00048161677244664075 0.9999870281979795 0.00507064897798225 0.4787504637699756 -0.01813081449026309 -0.005078548062201504 0.9998227252445804 0.16549879791735847
0.9997743669652087 0.0004395472844716034 0.021237277544470776 185.80277582174767 -0.0005894721629835705 0.9999749481071014 0.0070537706773721775 0.4882077892080725 -0.02123364504472175 -0.007064697897617542 0.9997495798257332 0.15546611241065236
0.9997108921048494 0.000903078448268088 0.02402741468078359 187.16665878173197 -0.0010750256026615759 0.9999739010504496 0.0071443360712636 0.49429174323105746 -0.02402033569456687 -0.007168100673247398 0.9996857715331645 0.14254032649159393
0.9996889855012714 0.000957435587823855 0.024920184279694457 188.59822293140462 -0.0011412885061955697 0.999972230458454 0.007364494041720614 0.5027359667151963 -0.0249124412289199 -0.007390644697188528 0.9996623173066871 0.12754896667593976
0.999670567576131 0.0008624636954849894 0.025651753904754673 189.996215719362 -0.0009928236328972957 0.9999866565909503 0.005069609579336468 0.500834116939458 -0.025647039268697016 -0.005093407153066584 0.9996580848371722 0.10746312553485568
0.9996440648707835 0.0009146310136260191 0.026662839659824602 191.3794305810891 -0.0009944190210825167 0.9999950672186103 0.002979373970743009 0.49763343536710086 -0.0266599831100305 -0.0030048275417975515 0.9996400433716214 0.09672663602849163
0.9996407639436014 0.0014264561744306704 0.02676393627692844 192.81240851994 -0.0014352473562393973 0.9999989222097679 0.00030926417337876096 0.49888957020832275 -0.0267634662792297 -0.0003475659433207522 0.9996417338580035 0.07603844884700689
0.9996032190309837 0.0019064457170334288 0.02810284625484059 194.19407033375373 -0.0018307862520423252 0.999994631097054 -0.0027177194053456 0.4977943844000578 -0.028107876557906964 0.0026651907614398114 0.9996013425529253 0.06105004870479369
0.9995547430393905 0.002436362511495172 0.029738523923869116 195.64958596441193 -0.002236405515935612 0.9999746822407389 -0.00675524743450684 0.4924072434065424 -0.02975422924268494 0.006685732214626863 0.9995348852475976 0.03848060887351761
0.9995324585283131 0.00285768366157582 0.030441714676351445 197.0391373131441 -0.002544708928698601 0.9999435620663468 -0.01031489886204722 0.48957015015478555 -0.030469473326827128 0.01023261091591115 0.9994833189548634 0.021280596508255523
0.9996522255638247 0.002935873328121981 0.02620703289373963 198.4864933825953 -0.0027151548004790767 0.9999605804541216 -0.00845372534837173 0.493850352518286 -0.026230818891177687 0.008379629207637367 0.999620791077617 -0.008344616535718268
0.9997761633214831 0.0030376072897550094 0.020937912888547704 199.93139417101176 -0.0030081629273578927 0.9999944420830819 -0.001437622602906694 0.5097046999822492 -0.020942163450265935 0.00137431615691072 0.9997797442662675 -0.02620533400957603
0.9997765305635886 0.003975324119529118 0.020762604181042216 201.33748484818176 -0.004144740197069202 0.9999584179306125 0.008123025200352501 0.5208203413138992 -0.02072944917099199 -0.008207265552634025 0.9997514344721972 -0.046952994729765635
0.9996767107049535 0.00520483780088992 0.024887421272431372 202.78620935648905 -0.0055848266444848025 0.9998685224121969 0.015223258540838934 0.5402982894115327 -0.024804914542809753 -0.015357328957751746 0.9995743437392776 -0.06373739724881701
0.9995990981898364 0.0059031320921832465 0.027691080325042302 204.20929744695985 -0.006366214798867321 0.9998408630639296 0.01666492894408168 0.5417347257841412 -0.027588298374499127 -0.016834535309263654 0.9994776056589365 -0.07816635140014462
0.9995878493385318 0.005529161210189418 0.02817019401921845 205.67991184911713 -0.005961812755790804 0.9998652092349297 0.015297717158293528 0.5377235563707649 -0.02808181339289833 -0.015459357616084662 0.9994860779513963 -0.10115566338507705
0.999585320112674 0.004433745529414258 0.02845223569112541 207.14428697171482 -0.0047694036729326325 0.9999197064320636 0.011740250313360756 0.5277095219576873 -0.028397897877264933 -0.011871082065092032 0.9995262061630782 -0.12236681962616056
0.9995992507859772 0.0032706466656391205 0.028118333850026725 208.55503513212113 -0.0035524598319753094 0.9999439052710297 0.009978293464521072 0.5220203999968582 -0.028084121087461812 -0.01007418392280217 0.9995547973778298 -0.13980849781769686
0.9996136446842592 0.0028519247832126987 0.027648289026316535 210.00404454085864 -0.003139223055451811 0.9999414750314317 0.010353346829533424 0.5261584274378449 -0.027617143944657963 -0.010436140905305332 0.9995640951551554 -0.16497407840077366
0.9996023141633561 0.0026758970627859336 0.02807228338009575 211.48182168503297 -0.0029966168688429283 0.9999306537188885 0.011388943790266729 0.5280642203213182 -0.028039861030404418 -0.01146853644655074 0.999541014098556 -0.18569560123174553
0.9995705764010949 0.0025360059843256306 0.029193003730863597 212.9383176832848 -0.0029063975903653267 0.9999157331393113 0.012652251717389585 0.5344327056218516 -0.029158457542014633 -0.01273166501762176 0.9994937163682669 -0.208632949927058
0.9995706787045351 0.002305264960663622 0.029208629334776057 214.41335439721607 -0.0026611349938974287 0.9999226361816205 0.012150720642957372 0.5376605285275178 -0.02917835901313606 -0.012223232185476655 0.9994994827213471 -0.2280608274423202
0.9995965593605899 0.00194458108612505 0.028336145095449808 215.8478481659094 -0.0022882501149937293 0.9999241629894701 0.012100916544591037 0.537481178307158 -0.028310464953478432 -0.01216087473035598 0.9995252026336858 -0.2524723923801966
0.9996036085058987 0.0016902740541049513 0.028102826114256532 217.35320736545847 -0.002005134908110814 0.9999354972181472 0.011179482863574515 0.5414860947440284 -0.02808211701397163 -0.011231401369317207 0.9995425205199101 -0.27497651951506435
0.9995960654834875 0.0011800373982584187 0.028395657796044197 218.8128353563331 -0.001511857057710931 0.9999307959245726 0.011666946896582835 0.5444322087456024 -0.028379925267138808 -0.01170516438967628 0.9995286734098437 -0.2981103723778438
0.9995966659321119 0.0008648869313743011 0.02838586669457011 220.28653861358737 -0.0011944322983146337 0.9999320671487615 0.011594585766191911 0.5545787597482629 -0.028373910356006792 -0.011623814270745004 0.9995297935293919 -0.3202034294462946
0.9995959022428056 0.0007277105236908809 0.02841659122388418 221.77935783468223 -0.0010525934348632649 0.9999342405068777 0.011419575692405657 0.5562896018338733 -0.028406412417841583 -0.011444872184843696 0.9995309353062666 -0.3441730875987428
0.9995957982670078 0.0002937095342102305 0.028428046391774143 223.25254453284532 -0.0006496014796932291 0.9999215281511035 0.012510617805669928 0.5648755137604076 -0.02842214110268488 -0.012524027893272961 0.9995175489307168 -0.3686827853165029
0.9995945142458708 -4.887854858490865e-05 0.028474632577946708 224.74537245915107 -0.0003095329280562905 0.9999207892914287 0.012582501030108346 0.5682578820675191 -0.02847299209651182 -0.0125862128415865 0.9995153205265932 -0.38934528726271433
