1.0 -2.1684043449710093e-19 -2.5135375298442207e-37 0.0 2.1684043449710093e-19 1.0 2.3183291766350204e-18 -8.673617379884035e-19 -2.51353752984422e-37 -2.3183291766350204e-18 1.0 0.0
0.9999996051917989 -0.0005752605321510217 0.000677267721610383 1.3273296131564947 0.0005753941083097035 0.9999998150465057 -0.00019704967556571635 -0.005147294397329037 -0.0006771542414461252 0.00019743929362565135 0.9999997512398984 0.014190926913472833
0.9999991949433092 -0.0005967494779263065 0.0011198226618697432 2.628292109638085 0.0005974884623972986 0.9999996039058764 -0.0006596935863360372 0.0026109771196390695 -0.0011194285465113297 0.0006603621363656997 0.9999991554004325 0.02238872817330788
0.9999988872748349 -0.001117982926636402 0.0009877060635002097 3.952068913162743 0.0011192782555432775 0.999998513100449 -0.0013118738802854152 0.0010290909243763538 -0.0009862379422804482 0.0013129779384500793 0.9999986517109183 0.04942137746404745
0.9999992821443365 -0.0005474306212199864 0.0010658473279201277 5.267740877157508 0.0005495005897131223 0.9999979618565761 -0.0019427639577488751 0.012071868060146682 -0.0010647816270901312 0.0019433482468600017 0.999997544815825 0.054373423007450884
0.9999984227272785 -0.0009066756234279397 0.0015272466301206708 6.589238739993435 0.0009101348451881187 0.9999970188182309 -0.002265835213452324 0.00541542470836749 -0.001525187699566118 0.002267221639987519 0.9999962667472896 0.06502565319406606
0.9999967102503768 -0.0006760305557410519 0.002474362768808948 7.92429047642065 0.0006848693568307137 0.9999933821118684 -0.003573050017964958 0.011495240015391416 -0.002471930902763611 0.0035747328787630477 0.9999905553766284 0.09339318125345765
0.9999957501914396 -0.0004940095026026021 0.0028732479306749947 9.23996116783227 0.0005043316540459898 0.9999934183791634 -0.00359288852292595 0.028083378439690235 -0.002871454098974428 0.0035943223237189107 0.9999894177432033 0.10374599477524664
0.9999967710920995 -0.001050772799946953 0.0023138024760362193 10.571777577076865 0.0010581512604536342 0.9999943521629684 -0.003189977754666479 0.023908076781415367 -0.002310437466199872 0.003192415807528563 0.9999922351498669 0.11967969255779266
0.9999995872641368 -0.0009084353337945112 -1.4724136773324488e-05 11.892859175313017 0.0009084254017602859 0.9999993688767297 -0.0006610668889360453 0.042682065634874936 1.5324664000490253e-05 0.0006610532403101685 0.9999997813868602 0.1271993531067222
0.999998988773637 -0.0010929046887698977 -0.0009099511220949067 13.237924413993369 0.0010954138879261416 0.9999955868266002 0.00276159297101337 0.03884132867527559 0.0009069289484163251 -0.0027625869515142307 0.9999957727876743 0.14973057374244228
0.9999993244094472 -0.0008069237212953927 -0.0008366927495257559 14.576615025421113 0.000811846151685796 0.9999822673859994 0.005899645699677308 0.06202008167559624 0.0008319173487138834 -0.0059003209797212535 0.9999822469053444 0.16091029188119452
0.9999999172618161 -0.0003984072473214007 8.214637138452678e-05 15.921478162155893 0.0003978852029747798 0.9999803266240966 0.006260036112535068 0.08323727535010862 -8.46387990438111e-05 -0.006260002909765397 0.9999804024078889 0.1790687947737368
0.9999956798609855 -0.00020842818423624497 0.0029320329222909092 17.26725067229029 0.00019592504485297898 0.9999908900645709 0.0042639654365230735 0.07319776782775517 -0.0029328949422338926 -0.004263372556917825 0.999986610801214 0.1975806317578175
0.9999867084483801 -4.858890939410179e-05 0.005155634363711688 18.630566597752946 4.83024343735574e-05 0.9999999972827534 5.5689927283648394e-05 0.08077170584512729 -0.005155637055615389 -5.544015738759795e-05 0.9999867080781322 0.21554289940141383
0.9999950098416482 -0.0005448575567658866 0.003111819732040025 19.96842506886277 0.000551568107443616 0.9999975236707855 -0.0021560206213547903 0.06633896100170322 -0.0031106373020218236 0.002157726242990787 0.9999928340508424 0.24498719900292273
0.9999995696930145 -0.00034793667411591486 0.0008599731719852879 21.32662933341093 0.00035045063543183273 0.999995661114996 -0.00292488214018617 0.08252272517437306 -0.0008589517668965508 0.00292518225973353 0.9999953527445062 0.23367773230604913
0.999999976876652 5.5815348022956035e-05 -0.00020768086665619396 22.677212328158152 -5.593284984644316e-05 0.9999998383607963 -0.0005658179011516547 0.09095266781873036 0.00020764925176375371 0.0005658295042507812 0.9999998183593637 0.2829225255377167
0.9999989742137356 0.000741262913714957 0.0012256022067277268 24.039933445717942 -0.0007437471119906789 0.9999976676161065 0.0020277087020480295 0.09915576525637303 -0.0012240962828922346 -0.002028618160153998 0.9999971931443861 0.2673044635596564
0.9999841085248202 0.0014503316992193027 0.005447865250041102 25.43858338333558 -0.0014617928009975248 0.9999967257646525 0.0021003861028750597 0.10887242167473878 -0.005444801155902534 -0.002108316374844753 0.9999829544259423 0.28037307463206695
0.9999765967509713 0.0018592347981315174 0.006584010655442465 26.79922193561432 -0.001860186261988671 0.9999982602760678 0.0001383904215502913 0.1018876620645713 -0.006583741900794081 -0.00015063466893483363 0.9999783155907834 0.2970653794886186
0.9999819152971776 0.0017216272293580713 0.00576238477293502 28.17501066485303 -0.0017003686108653104 0.9999917386370536 -0.0036920731614977684 0.10308735500908942 -0.0057686935414705915 0.003682208213260218 0.999976581484536 0.31149144496970194
0.9999929702583421 0.0015669267646627105 0.0034064900429406093 29.539662965769036 -0.0015526375284256252 0.9999900026630488 -0.004193314996635999 0.11133485766952722 -0.0034130266046127193 0.0041879964744340045 0.9999854058609686 0.31498207464935035
0.9999955081084658 0.0025458745045359413 0.001581861529429524 30.921054578984236 -0.0025393245797116987 0.9999882517467523 -0.004128946494301395 0.1170070447990253 -0.0015923547249301084 0.004124911087658212 0.9999902247096963 0.3498543538899003
0.9999961264926527 0.0027353388866428554 0.0005147046392876065 32.310755971045324 -0.002734733952649736 0.9999955733922288 -0.0011723592265263684 0.1178002453490048 -0.0005179091606734824 0.0011709471051316446 0.9999991803261532 0.33705487210107354
0.9999936738252336 0.0032082949407091616 -0.0015359534776426627 33.68677655990492 -0.0032077255052901294 0.9999947856490191 0.0003730574419412175 0.12201677590269784 0.001537142346945714 -0.0003681281647694684 0.9999987508367495 0.37469951223320874
0.9999938351726803 0.00331785251373618 -0.0011495526658025074 35.08702917116102 -0.003317224792036055 0.999994348096904 0.0005475344070601279 0.1393320650908576 0.001151362807051058 -0.0005437177070023056 0.9999991893670422 0.3629836394932788
0.9999951452403947 0.003025057846693371 0.0007473424022086803 36.479943942334685 -0.0030248547128625372 0.9999953879093748 -0.00027278919511090015 0.12920703720740906 -0.0007481641584929568 0.000270527268597492 0.9999996835326443 0.3933383739511244
0.9999938406697307 0.002892227838025505 0.001988376406557533 37.88228299698274 -0.002897237646508452 0.9999926245008998 0.0025213008194510445 0.13315215279566828 -0.0019810695648710824 -0.002527046088907097 0.9999948446874333 0.42344007701566094
0.9999934851322598 0.00241584822597082 0.0026820459328273523 39.267070620989415 -0.002426582307825128 0.9999890310296058 0.004006185064792157 0.13402411634582437 -0.0026723381784632305 -0.00401266717023569 0.9999883784878906 0.4248313075334326
0.9999921788907666 0.0028617113163325425 0.0027299753916393624 40.67537101044262 -0.0028796787038653307 0.9999740704137673 0.006600450794033421 0.1483625822713327 -0.00271101601977685 -0.006608260623184152 0.9999744903164663 0.440776378318678
0.9999903088358295 0.0028697667275458852 0.003338663407965196 42.10027368499542 -0.0029024605210353966 0.9999474799097815 0.009829198594039001 0.15651171768140618 -0.003310280553978186 -0.009838793676396406 0.9999461186392231 0.47860666105196426
0.9999922203745386 0.002403728995481408 0.003127503367931273 43.49246799513087 -0.002436963997144103 0.9999401402856372 0.010666632646562169 0.1555896303911371 -0.00310167646229631 -0.01067417127726384 0.999938218926883 0.47736462069743457
0.9999936330707849 0.0019825475706298852 0.0029670394373148014 44.90649073274351 -0.0020076901289680276 0.9999619004653512 0.008495104358935197 0.15728819017582968 -0.002950084445983901 -0.008501007166997627 0.9999595141199008 0.4767871807885963
0.9999945698963123 0.0011705413435613124 0.0030805861215415305 46.306969265147536 -0.0011953896630510974 0.9999666687550027 0.008076659122199407 0.15184465164428537 -0.0030710293783503917 -0.008080297765908753 0.9999626380853295 0.5050576271317424
0.9999936404926633 0.00045155473241145284 0.0035376648447595347 47.74076521282751 -0.00048144406458760423 0.9999641602684662 0.008452596653910934 0.16888863935707626 -0.0035337212457810037 -0.00845424608730251 0.9999580183873984 0.5194032554163789
0.99998912297471 -0.0007458642261212241 0.004604087187108084 49.14376691609306 0.0007073924261256461 0.9999648713071523 0.008351990638503686 0.1774517460119274 -0.004610154902577604 -0.008348642897284908 0.9999545222826626 0.5305151523740088
0.9999885749864303 -0.0014483253391103 0.004555463787634709 50.564831603720286 0.0014077333728188357 0.9999593923600694 0.008901231242479499 0.1852082221250365 -0.004568170679759266 -0.008894716667389245 0.9999500066663569 0.5451735067852483
0.9999850590913485 -0.002796410016505509 0.004696986809834422 52.01138915038513 0.0027507484136785774 0.9999491708329237 0.009699955345918231 0.19233515449086222 -0.004723873118196093 -0.009686890190755264 0.9999419229041231 0.5639481232436158
0.9999723830437095 -0.0038391284907767936 0.006363508648218003 53.4155384139921 0.0037744273137267 0.9999413786379338 0.010148546010233921 0.19647831208908376 -0.006402097182801373 -0.010124247137429375 0.9999282538120233 0.585053623507867
0.9999626154378939 -0.0046826424101802195 0.007269153091331205 54.87927674101423 0.004625265569267479 0.9999581762190206 0.00789003999633773 0.2062096619282957 -0.0073057953037692774 -0.007856123267136398 0.9999424516851912 0.5809949417762896
0.9999562567638927 -0.005418763622160337 0.007623749704117894 56.28119569696753 0.005375651099725858 0.9999695091382731 0.005664200651039974 0.2161396032366094 -0.007654210213856297 -0.005622970262092561 0.9999548966185594 0.583041559757749
0.9999603572599389 -0.00554355003020807 0.006967995525102692 57.70197228495258 0.005525653734449829 0.9999813923169517 0.0025849894888836287 0.23684734920047185 -0.0069821958854096675 -0.0025463842823223466 0.9999723820524767 0.5863780875842107
0.9999578080399397 -0.005619323564357773 0.007266728468735071 59.1547998468091 0.005602854401965452 0.9999816937925535 0.002284754325144566 0.2414025696396966 -0.007279434216314317 -0.002243943505292392 0.9999709868566365 0.60797565913202
0.999952049239441 -0.005360127558713548 0.008195624100502502 60.563333826692016 0.005337862233893671 0.9999820100615735 0.0027361980898606857 0.2487034658410079 -0.00821014303251713 -0.002692319774711976 0.9999626717861104 0.6446306355100263
0.9999466879991412 -0.004738282062637013 0.009174412386798836 62.011972001493874 0.00471703568415799 0.9999861460441438 0.00233608521563473 0.2629787114346384 -0.009185354315568656 -0.0022926846436479966 0.9999551854274382 0.660456399688765
0.9999546122331154 -0.004054276551995453 0.008621851040210146 63.4007272042209 0.004066514842657401 0.999990748331696 -0.0014023936854996788 0.27414804827460154 -0.008616085581868367 0.0014373909192081967 0.999961847760499 0.6490760029046417
0.9999591250650521 -0.0038428356138470723 0.008184180690853235 64.83866377532037 0.0038618870635131913 0.9999898671648941 -0.002313308420034665 0.2857387038286063 -0.008175208097917497 0.002344820245238942 0.9999638332412694 0.6595102160404158
0.9999612362454633 -0.003063859096766034 0.008254621365015292 66.23841393885803 0.0030859405584102266 0.9999916909757564 -0.0026636347942707566 0.29125842258599866 -0.00824639177547136 0.0026890048126500367 0.9999623824303607 0.6745763372606224
0.9999650855770642 -0.002394674256047827 0.008005820511491476 67.61467316084632 0.002397806493197102 0.9999970524218583 -0.0003816695121206718 0.30255712046276556 -0.008004882939554935 0.0004008525947557287 0.9999678800673156 0.6912085763846775
0.9999529273785086 -0.0019548269603799915 0.009503771814707296 69.09031310032049 0.0019376842231063882 0.9999964798230696 0.0018126558748158509 0.32284325697340044 -0.009507281788322984 -0.0017941552396466 0.9999531952046422 0.6883508961230285
0.9999388636980768 -0.0010898842307894758 0.011003682045683975 70.47595168241291 0.0010246289801220036 0.999981867495171 0.005934207303699293 0.3404378335849216 -0.011009950120328682 -0.005922569816697842 0.99992184902877 0.696016292208686
0.9999305701345962 -0.0005127687498122087 0.011772509439826953 71.95764098587306 0.000400388790663958 0.9999543525201738 0.00954633776777716 0.35766766522699683 -0.011776867118122262 -0.00954096138601315 0.9998851311309279 0.7131194632110697
0.9999395433607905 -0.0002767165068222762 0.0109924088073746 73.30239356268912 0.00013202052229196348 0.9999133709139275 0.013161809834824094 0.36606601412184275 -0.010995098635086834 -0.01315956289248357 0.9998529560442793 0.709012873897819
0.9999404903730479 0.0007184422644609535 0.010885750007284131 74.6854980733088 -0.000916254167624291 0.9998343546596011 0.018177560912263704 0.3792903650610015 -0.010870887305494497 -0.018186453286206807 0.9997755131658606 0.7330446727877
0.9999425850089866 0.001286976175550864 0.010638156695085603 76.15396151163146 -0.0015045210221370068 0.9997894001651092 0.020466844749132063 0.39392333735703083 -0.010609575959461244 -0.02048167497580926 0.9997339335483945 0.7431382455094275
0.9999364939921935 0.0015903618748079752 0.011157003706516358 77.53425892798678 -0.0018024307274927818 0.9998174130174297 0.019023455800853427 0.40075505322019017 -0.011124712404042288 -0.01904235742342821 0.9997567851221045 0.7378052050482877
0.9999352276000438 0.001633345173360963 0.011263782135378177 78.92629740015246 -0.001830963804671937 0.9998441932928146 0.0175566713868824 0.40480082802881506 -0.01123335105810316 -0.01757615777653502 0.9997824215807257 0.7496604777358781
0.9999415209416221 0.001661527238690548 0.010686160404487697 80.29830474144937 -0.0018466773246627918 0.9998479508763574 0.017339691785265194 0.40215892761423094 -0.010655725212951371 -0.017358411666523705 0.999792549014345 0.7489939989482877
0.9999412447408531 0.0014150330386978251 0.01074731350675842 81.63980188560969 -0.0015937463317000872 0.9998603032489457 0.016638328027671317 0.404942053429712 -0.010722268358111119 -0.01665447892987331 0.9998038114014324 0.7565242338832763
0.9999393310705585 0.0007507076661190683 0.01098956851582628 83.1322407668965 -0.0009279396938951458 0.9998694548914382 0.016131091191318295 0.42182623029924565 -0.010976024147591145 -0.01614031019212961 0.9998094904934707 0.7681635370722536
0.9999397143578385 0.0007469130465448002 0.010954897117970194 84.45582570217297 -0.0009333911433702004 0.9998545922775998 0.017027127836726316 0.41904992520825723 -0.010940586407404704 -0.01703632654933696 0.9997950125634586 0.772328878685584
0.9999361927120985 4.322790546519619e-05 0.01129639923963918 85.88844067246698 -0.00026260372443026386 0.9998113947602172 0.019419215919116307 0.4212492615864356 -0.011293429227521945 -0.019420943308128314 0.9997476108585134 0.7899514237109505
0.9999265228835935 -0.0012697739086529377 0.012055559221663167 87.21335937608119 0.001056042999399234 0.999842454370326 0.0177186684574761 0.4316812497327217 -0.012076158623897893 -0.0177046353518914 0.9997703297657653 0.7906511800427602
0.9999111440313456 -0.0021460857044834584 0.013156684919636815 88.58581588094637 0.001962393055711946 0.9999006431272133 0.013958971569572105 0.42601843773392734 -0.013185334861901711 -0.013931912644509388 0.9998160074506937 0.7920200788359812
0.9998969460202486 -0.004279160831655297 0.013703507651585962 90.12465800210116 0.004102854790453111 0.999908784733174 0.012868131021857415 0.4393845250108998 -0.01375732248472441 -0.01281058140772933 0.999823296929036 0.8104719806443765
0.9998971845145106 -0.004601730219969233 0.013581033794876352 91.58117698607954 0.004467214358620477 0.9999408323624356 0.009918456038804473 0.458698761815437 -0.013625872296080227 -0.009856766878758156 0.9998585798756087 0.8001737124894335
0.9999006687479636 -0.00471669927795886 0.013281768906912947 92.93255236700807 0.004624969110155127 0.9999653005191186 0.006928738589312396 0.4643099564552566 -0.013313988812728064 -0.006866622578110594 0.9998877873022874 0.7995116409789127
0.9998967322972224 -0.005177659060364095 0.01340584156221407 94.21467797349761 0.005064767402607126 0.9999515444463095 0.008441379661991015 0.4791157546662904 -0.013448898560627368 -0.008372610470756232 0.9998745053862564 0.8233549822024376
0.9999047843194978 -0.005124117049493148 0.012812717098325124 95.43461626184946 0.005017355971870446 0.9999525445324683 0.008350737817320649 0.4865967633337492 -0.01285489922287045 -0.00828565673348751 0.9998830428897494 0.8182072316365768
0.999911931654074 -0.0053934905295280515 0.012125971949759038 96.80269323910971 0.005333343460991064 0.9999733419691846 0.004987063114418309 0.5072710079979132 -0.01215254637290291 -0.004921951938812385 0.9999140413084349 0.8175950198782209
0.9999206565535216 -0.005083078660660631 0.011525749819590779 98.1358782968149 0.005015536899122991 0.9999701261546461 0.00588142736710319 0.5118715001196783 -0.01155530125906703 -0.005823152890875453 0.9999162794470453 0.8145260864087114
0.9999202007690896 -0.004986699315201323 0.011607106609453277 99.46586137293636 0.004898499151602642 0.9999590083646004 0.007614873376921822 0.5422718025553656 -0.01164460389902514 -0.0075574083140038965 0.999903639747156 0.8239300358508308
0.9998941484619356 -0.004776426963950225 0.013743275338826421 100.75151989145711 0.004669495153024196 0.999958659413104 0.007802261195558761 0.5437100700016673 -0.01377997411451229 -0.007737261156629503 0.9998751157535612 0.8200915500389689
0.9998739291954488 -0.00461150302313364 0.015194069735327142 102.20702732841868 0.004437908290629572 0.9999247226966309 0.011439139393747789 0.560444140255864 -0.015245677592626582 -0.011370267364194235 0.9998191268098487 0.834285274222735
0.9998988280238017 -0.004313546476604211 0.013554594550262805 103.50636648083697 0.004121488085621185 0.9998911718010478 0.014165376461198345 0.576740226196945 -0.013614222437874348 -0.014108078222123838 0.9998077890656236 0.8660232299305503
0.9999155409536568 -0.004542787295272719 0.012176782947302746 104.86052668222302 0.004332958535232349 0.9998426250743861 0.017203213498999656 0.6026873465207399 -0.01225301716671332 -0.017148999036390302 0.9997778630287639 0.8757904810327969
0.9999282629483468 -0.004240122701774746 0.011202246050487476 106.14240863890375 0.004125608604909086 0.9999392040202776 0.010225830867593681 0.5955781567324924 -0.01124492377656994 -0.010178881213936336 0.9998849644166532 0.8327264178312634
0.9999124863359695 -0.004517802994189188 0.012434191792201399 107.50943279348112 0.004426848117985078 0.999963316379039 0.007332728821795406 0.6231707071488195 -0.012466863485249424 -0.007277042829294898 0.999895805553009 0.8408195019685216
0.9999003687529969 -0.0037937033130150998 0.013596337109439399 108.8903312176524 0.0037218107936724328 0.9999789808532946 0.005309046620839008 0.6226606694611514 -0.01361619227378947 -0.005257914679695456 0.9998934711463937 0.8437897669899349
0.9998887640856843 -0.002152162159515864 0.014758985508563565 110.20162276942455 0.0021116897725522317 0.9999939691342761 0.00275725613265367 0.6128728793686901 -0.014764830561416531 -0.0027257830279950714 0.9998872785896302 0.8571820362356799
0.9999046674829497 -0.0016986650961196986 0.01370293701010235 111.47392732102263 0.0016605350624203763 0.9999947194333195 0.0027935154882448984 0.6279338672078226 -0.0137076098980851 -0.0027704949680185725 0.9999022081126304 0.8698868357284135
0.9999255450830055 -0.0012148198143143575 0.012142013971048242 112.74092547108447 0.001176803894458888 0.9999943853005007 0.0031375946308731255 0.6473039671378316 -0.01214575740941535 -0.003123072252197618 0.9999213604062368 0.8523022273014074
0.9999540261746982 -0.0002652516577388563 0.009585154071220443 114.03876139296459 0.00018654844827817546 0.9999662725077376 0.008210910220997358 0.6568144862857566 -0.009587008745558338 -0.008208744638426796 0.999920349715303 0.8819584774148912
0.9999491345574956 0.0015005565886270973 0.009973797052271093 115.34950782303108 -0.0016030218337396511 0.9999459423084158 0.010273401672994436 0.6566780168865557 -0.009957842071258096 -0.010288867326312392 0.9998974850405543 0.8634587136615026
0.9999286073708885 0.002404565816100517 0.01170462406707114 116.72659990265677 -0.0025243952071044642 0.9999444468688236 0.010233797195621813 0.685887289887421 -0.011679365999649471 -0.010262613674830098 0.9998791282802174 0.868237264503365
0.9998964877274152 0.003479598793995406 0.013960881870844781 118.11412256416354 -0.0036333758166062313 0.999932845894708 0.01100464815818859 0.6843585555314464 -0.01392165257985408 -0.011054234172616764 0.9998419832635068 0.8717163316054494
0.9998756383102693 0.004514558487807355 0.015110482298449714 119.37534966129982 -0.004627363688585164 0.9999616255759246 0.007438741886084836 0.6738794567422876 -0.01507631980707358 -0.007507738488679268 0.9998581591625186 0.8658168317509836
0.9998750442193874 0.0056289364223224845 0.014771967439427583 120.64858269355143 -0.00578862601532346 0.9999250319702819 0.010789914183409705 0.6709690556060675 -0.014710124273192862 -0.010874075316277557 0.9998326693651709 0.8870451931337238
0.9998796334980099 0.0072727753927293555 0.01370493538738925 122.0201096468012 -0.007461706029959006 0.999877137274392 0.013785256584082256 0.6607478479535601 -0.013602994486806103 -0.013885859499988475 0.9998110528729609 0.8971025373736606
0.9998770236928615 0.007912598533757689 0.013539877235352615 123.47194002627957 -0.0080709561328674 0.9998991989784098 0.01168124776878235 0.6750464701328961 -0.013446083377927357 -0.011789091007279918 0.9998400973030717 0.8644959068699256
0.9998557018511124 0.009754338981139329 0.013907851985851219 124.8678529352771 -0.009932328794287919 0.9998689162575588 0.012786678484142302 0.6491640254430838 -0.013781303296186433 -0.012922970748852385 0.9998215203257443 0.8516307402664565
0.9998616166098672 0.011410821868387972 0.012105402702559743 126.15218413247617 -0.011584239589465108 0.9998298755384456 0.014353584009241166 0.6149794457054939 -0.011939557087140677 -0.01449182959685882 0.9998237013851485 0.8864570075210638
0.9998522091803749 0.01180094091429115 0.012501903481518703 127.4633057867347 -0.012009736839288842 0.9997874146624804 0.016759824091090312 0.6314552775447478 -0.012301464066314579 -0.016907491713754347 0.9997813814558533 0.8909382493340855
0.9998350946169189 0.01254739175718835 0.01312808182745758 128.80467278153347 -0.012739839846968542 0.9998110820944623 0.01467980251139889 0.6409261076976431 -0.012941408464706332 -0.014844631392921902 0.9998060596264446 0.8915315463805696
0.999814762042112 0.013157206369144839 0.014047402722025126 130.16818138746726 -0.013362221102485255 0.9998041003974892 0.014601776452724818 0.641786352633313 -0.013852532255270954 -0.014786776150560529 0.9997947082282391 0.8841356548081909
0.9998059846851444 0.013857287484395795 0.013998877502988834 131.51855750427 -0.014081095996153616 0.9997725538268771 0.01601759501395235 0.6108733985253731 -0.013773733092955803 -0.016211606893170465 0.9997737084353765 0.9047445796309266
0.9997847575673363 0.013626515675744756 0.015644698992349968 132.8409676732534 -0.01382368037925589 0.9998255050192912 0.012564448801732846 0.6019492949218127 -0.0154707594123472 -0.012778011717707597 0.9997986687427362 0.8913096199400958
0.9997723037417078 0.013857865024646917 0.016226529140795937 134.10648597604109 -0.014033965547128317 0.9998433047298009 0.010789522603547224 0.5709248318767359 -0.016074466772507495 -0.01101478842053304 0.999810124950748 0.8798133115638568
0.999792730948449 0.01350436902142929 0.015235719870596156 135.46815645246292 -0.013698890638182446 0.9998250497680033 0.01273617884974639 0.5453406694458403 -0.015061060318760262 -0.0129422514943371 0.9998028118525832 0.9266159038967159
0.9998016534350994 0.01148761622091902 0.016269248968597307 136.9132312100052 -0.011634261954390018 0.9998922837666746 0.008947894313215497 0.5798928044750427 -0.016164706530523813 -0.009135400233417228 0.9998276085032646 0.8934253589790908
0.9997810099861663 0.010841215763962256 0.017899723791176995 138.22000197516692 -0.01093364559252833 0.9999273523599903 0.005073992155754346 0.5461397225585122 -0.017843415174741556 -0.005268590238278843 0.9998269122662197 0.8673821339274937
0.9997904459098449 0.009615420872308302 0.018072297829604577 139.40240119567065 -0.00965716985059037 0.9999508946684547 0.0022242576815322077 0.5385845956665156 -0.01805002320969147 -0.0023983188289684303 0.9998342086210714 0.8659746273557973
0.9998062383389036 0.008202750652521844 0.017894151568152255 140.6211612059923 -0.008281867824431204 0.9999562353699857 0.004351782396250578 0.5436472991252939 -0.017857671851338977 -0.0044991361857825264 0.9998304162854978 0.8721947171961002
0.9998161888594232 0.008039191256340648 0.017405743263705403 142.05545237973848 -0.0080106966787627 0.9999664582764964 -0.0017061830736580393 0.4911734333555776 -0.01741887577712494 0.0015664373284472765 0.9998470528239592 0.8460541698840053
0.9998266658727855 0.006405548678000775 0.01748162337551046 143.49299738802657 -0.006389690308384392 0.9999791221705485 -0.0009628503426000393 0.5108901093619695 -0.017487425981898244 0.0008509812883189412 0.9998467211344819 0.8225020596680611
0.9998754210222055 0.005711950384003873 0.014714484648743068 144.89513443539792 -0.0057184886978248455 0.9999835683823147 0.0004023088181970015 0.4907363397163738 -0.014711944897948297 -0.0004864033131338272 0.9998916551752678 0.8528940640511404
0.9999027027579408 0.0048111154584410875 0.01309344054902227 146.1470656345246 -0.004802777978948669 0.9999882433891039 -0.0006681371560682144 0.4999489153664378 -0.013096501099536364 0.0006051872602280939 0.9999140540103084 0.9162453792981472
0.999852177735384 0.003562273066065964 0.01682060903810062 147.47861550329168 -0.0033490310111235944 0.9999138877156097 -0.012688622649507902 0.4931677974674624 -0.01686436091574133 0.01263041424727841 0.999778008343275 0.8523702128046575
0.9998213254951815 0.0022596348666588583 0.018767288971175106 148.7912963607283 -0.0019226232612847296 0.9998369283418826 -0.017956064258744395 0.48246728699610486 -0.018804802707111237 0.01791677354152724 0.9996626274003686 0.8527408289889862
0.9998588066291221 0.001365038908319625 0.016748237966023302 150.13983246395568 -0.0009696187749874167 0.9997211266421652 -0.023595100863342187 0.45564065843851176 -0.016775775559388088 0.023575529985535273 0.9995812962137107 0.8446203015315967
0.9999176290279186 0.0021507576920296177 0.012653434337596995 151.59613148302208 -0.0018619636629017854 0.9997385164535773 -0.022791046718363486 0.4362501058836122 -0.0126991436917509 0.02276560916274302 0.9996601716528198 0.8547172774126672
0.999938071927526 0.0022640496580414228 0.01089616395835935 152.95966704674407 -0.0020485635107082203 0.9998029098333007 -0.019747021963006508 0.4887515731820788 -0.010938724669911094 0.019723477584107446 0.9997456320157568 0.8470352290148092
0.9999520535977596 0.0029932960453148577 0.009323662606943495 154.2836659817433 -0.002859478023970242 0.9998931895408074 -0.014332930451980327 0.4960310749904693 -0.009365569446298778 0.014305582431204127 0.9998538075240052 0.8785487698722995
0.9999102411657195 0.0037513757132363315 0.012862223453619486 155.69764059325868 -0.0034782283463958767 0.9997693441861429 -0.021193403529874092 0.4831143184496158 -0.012938761126283567 0.02114676348446476 0.999692654196603 0.8674550327339184
0.999855339520712 0.004331733491563293 0.01644798215222048 157.06586195847038 -0.0038568491536141534 0.9995779073602881 -0.028794649361187544 0.4774631843633039 -0.01656577032703159 0.028727046527367576 0.9994500147837743 0.8620148849517109
0.9998257423101077 0.004541565415105525 0.018106882603657122 158.34948734463853 -0.003943797217847964 0.9994504254739038 -0.0329134240627946 0.4536649485228902 -0.018246409990647423 0.03283627877231476 0.9992941745646474 0.8583867831107398
0.999819550473161 0.004175530853533419 0.01853190313317544 159.74887664859125 -0.0034587566058798896 0.999250965659839 -0.0385427636609075 0.4635244026142642 -0.01867895860018672 0.038471711295060426 0.999085093440815 0.8429394618974745
0.999806238211363 0.005007225286759204 0.019037167031117408 161.24713289839733 -0.004362137340278017 0.9994198572271845 -0.033777518230600066 0.47862439654965305 -0.019195254399657656 0.03368793070109245 0.9992480500524435 0.8456515037202693
0.9998038751174707 0.006744985255066855 0.018620324218390685 162.6791971659879 -0.006138167388612286 0.9994543168654463 -0.03245599174472023 0.4490559410976184 -0.018829078607261497 0.03233533165026922 0.9992997008534871 0.8145607702272677
0.9998288659971141 0.007703425427757478 0.016819511158293856 163.9928175309545 -0.007349085050942042 0.9997518689027084 -0.02102835168185332 0.4462630934598173 -0.016977328053584057 0.02090114499783834 0.9996373904921425 0.8580518594026108
0.9998431584040586 0.008611660998133245 0.015475719286993787 165.22399877764786 -0.008363989216072462 0.999837040874981 -0.015997980458635225 0.43666623645261504 -0.015610966561684265 0.015866032560620875 0.9997522526775298 0.8772249114986785
0.9998204137020738 0.008539554214854805 0.01691793008690874 166.50743368536945 -0.008251663374114277 0.9998211967548909 -0.017014246124291237 0.4468526038583599 -0.01706019918331194 0.0168715895347538 0.9997121080943235 0.8480678508418894
0.9997956963280962 0.008647344001307945 0.01826989451365956 167.81691983317464 -0.008261091226602398 0.9997429812582045 -0.02111221913260635 0.4251167812415121 -0.018447763429829563 0.02095697656343778 0.9996101665938361 0.7881762193393314
0.9998458004184024 0.007884335967991747 0.015691164138712268 169.1438356206358 -0.007534484165232848 0.9997244537613317 -0.022231691343009653 0.43281108485078823 -0.0158621226211385 0.022110038397769156 0.9996297010733529 0.7753376314608061
0.9998927238600369 0.0072376778229773205 0.012734079923049863 170.11167433149933 -0.007076220325022523 0.9998945812469541 -0.012678860315106236 0.4263206142346276 -0.01282450301834646 0.012587391020740557 0.9998385318188249 0.8094833828828071
0.9999150705875204 0.007087733170997808 0.01093689400382101 171.07475849669913 -0.00706185387081224 0.9999721774076932 -0.002403046071970353 0.42489055129297526 -0.010953621860433782 0.002325607235423753 0.999937302894099 0.8377099240950121
0.9999207015698703 0.00702889112188166 0.010449175164340647 171.89470567418905 -0.00704942039294274 0.9999732916756763 0.0019291468156364272 0.4524729968055879 -0.01043533632145621 -0.0020026544658153914 0.9999435449718892 0.8762028045167292
0.9998843345797769 0.0077445058399184955 0.013089694085509336 173.0277664206828 -0.00779420601652504 0.9999625926521898 0.003750153181215336 0.45020683109095994 -0.01306016135155744 -0.0038517431905674793 0.9999072938327158 0.8665547980018015
0.9998220006709259 0.007815284334127237 0.017172312167086277 174.12719514664238 -0.007838568676472448 0.9999684471197194 0.0012890330023977358 0.4435234189246509 -0.017161696171746513 -0.0014234099036436836 0.9998517140500159 0.8043020551886352
0.9998264018861988 0.006979835360152542 0.017275647300249566 175.16161346702242 -0.006946833572769979 0.9999739307873002 -0.0019695809473131596 0.43698650387634097 -0.017288944288466307 0.0018492279851190204 0.9998488249536774 0.8323949015254947
0.9998152365702294 0.005512827593943137 0.018414707544127194 176.08942202193728 -0.005391485272537663 0.9999634696940959 -0.006632583501253318 0.42577819646164244 -0.01845059913857231 0.006532075417855137 0.9998084353425726 0.7845158462042555
0.9999011939816632 0.0029629768186239017 0.0137412896926277 177.10128881942288 -0.002873887069246528 0.99997475428086 -0.006498582464436592 0.44269815751321406 -0.013760197933083538 0.006458449450616033 0.9998844660177175 0.8281566078158716
0.9999516373219312 0.0019138927923415515 0.009646762750709836 178.05020924833957 -0.0019708462365136442 0.9999806653945679 0.005897847247028619 0.4337648493532272 -0.009635288387021934 -0.005916574297402689 0.9999360756399792 0.8743330375697513
0.9999619491706111 0.0012791082039959735 0.008629257970093356 179.02761626113545 -0.0013417636276028934 0.9999727533978202 0.007258934656666344 0.4587587820404703 -0.008619737889262727 -0.007270236872659652 0.9999364198660512 0.8395138119417529
0.9999512972723368 0.001568016868411132 0.009743942039602245 179.93320881433837 -0.0016457393194583255 0.999966856095395 0.007973597229852797 0.4354003420895141 -0.009731116352358484 -0.007989244882459513 0.9999207355289443 0.8444730257427738
0.9999095785871192 0.0011991002557854638 0.013393909373532797 180.67825535252723 -0.0013430608019481516 0.9999413754047171 0.01074439116028095 0.4636303727023719 -0.013380240558827965 -0.010761408471916131 0.9998525697573061 0.8481347118319975
0.9998797283090894 0.0010679605429497726 0.015472180738992607 181.47091579579447 -0.0012568099248006879 0.9999247732245673 0.012201160625553377 0.49692736734542886 -0.015457986458600416 -0.012219138761644946 0.999805852804718 0.8298987516604162
0.9998652984821732 0.0014055971797637976 0.016352650785819562 182.24161258784707 -0.001532914567513705 0.9999685930103137 0.0077758064470719946 0.4797153922340927 -0.016341207546672593 -0.007799826250748293 0.9998360503834489 0.8382112823162429
0.9998497458270016 0.001674562098951287 0.017253452160567753 182.98292673780796 -0.001814942578185332 0.9999653532924507 0.008123927507190732 0.46081105249483406 -0.01723925036415836 -0.008154020878128538 0.9998181435593179 0.842339533618232
0.999849086312783 0.0014415649552545304 0.017312610720887446 183.98559238345663 -0.0015663949569087305 0.9999728603464191 0.0071989566910752876 0.47445415212575437 -0.01730176309894965 -0.007224988656101043 0.9998242088150232 0.845697561998909
0.9998482868151349 0.002065393089989952 0.01729559204605119 184.97510612721717 -0.0022446983240263204 0.9999438752084234 0.01035411814666122 0.46600431436435863 -0.017273236010479358 -0.010391370676899535 0.9997968067228368 0.8801917772912703
0.9998022767549165 0.0026458650712445683 0.019708038809332005 185.95734601036355 -0.002598232987616301 0.9999936426471984 -0.0024420996149828937 0.4496918814939099 -0.019714374984448047 0.002390410678566573 0.9998027952330201 0.8038775903542034
0.9997647476660435 0.0030106673231149305 0.02147987910864064 186.79443228674364 -0.002670220355556259 0.9998706458539197 -0.015860689862622828 0.44449516408089124 -0.02152485185791209 0.015799602587883706 0.9996434630959979 0.7327053782835021
0.9997582909061127 0.003485902729244585 0.021707331633593074 187.7016742847753 -0.0030782855125730067 0.9998188442909397 -0.01878304445590805 0.4403946421173657 -0.021768875092471558 0.01871168305876786 0.9995879095879044 0.7279282179497001
0.9998345952551639 0.0037022567541121175 0.0178066118582166 188.6157006711995 -0.0034717046732698257 0.9999099747110938 -0.012961085599646547 0.43530509946392204 -0.017852994079541537 0.012897122476986867 0.9997574379989426 0.7631503031330534
0.9999268774884843 0.0037049916622294006 0.011511416633614142 189.63501642625292 -0.003710463348931877 0.9999930131456446 0.00045400620158135183 0.4592581887287762 -0.011509654115831238 -0.0004966856930209585 0.999933638380796 0.8261902185098934
0.9999287066644883 0.005284338644318361 0.010707817395522103 190.62663058237047 -0.005453488982745952 0.9998598291481058 0.015829766701866716 0.4686970673843953 -0.010622666623722628 -0.015887033109193902 0.9998173638884197 0.8016832061204363
0.9998582231961153 0.006003360692557606 0.01573191557003296 191.77017933876158 -0.006306099531643518 0.9997945216727171 0.019265189900957692 0.500763591038019 -0.015613027118550605 -0.01936166556931534 0.9996906317909443 0.8101504075752356
0.9998150027833896 0.006872332267899758 0.017964722609890002 192.85097990208504 -0.007222614092189606 0.9997836377140217 0.019506706667026825 0.4975849604071261 -0.017826779151770892 -0.019632850239272654 0.9996483167277161 0.777246994801193
0.9998099603967687 0.006484943767913843 0.01838446615321349 194.03397265469897 -0.006830230662820548 0.9998002855769387 0.018781291472225133 0.4868037948314986 -0.01825899889107623 -0.018903292427484845 0.9996545775891273 0.7746735398077766
0.9998289937021752 0.004920740842620436 0.017826094974942426 195.1767914432341 -0.0051338360725822416 0.9999156779917592 0.011928144594212365 0.47120429494821503 -0.017765896534533625 -0.012017621055781025 0.9997699483903705 0.742967929536943
0.9998460499109642 0.004083773715555304 0.01706456180749215 196.31922789691822 -0.004357799597072893 0.999861662254652 0.016051976078851175 0.46148250167346344 -0.016996648496492815 -0.016123868816273552 0.9997255297301766 0.7944932420904317
0.9998587652836415 0.0032524821222122908 0.01648850646712794 197.44414197665301 -0.0035473786503107028 0.9998337148568841 0.017887390536194932 0.46913560633532075 -0.016427586255538282 -0.017943355191483157 0.9997040414114015 0.8003986524374441
0.9998434197619478 0.0032096317610081793 0.017402132705280085 198.4465705928143 -0.0035328425845624965 0.9998212423310817 0.018574240409914605 0.4652095497919012 -0.017339405468647217 -0.018632811046413005 0.999676029206714 0.7943011963445353
0.9998240783557376 0.0034268301728851403 0.01844096459153517 199.43478871804172 -0.0037322409766486577 0.9998560290376641 0.01655269084850308 0.4686296515053196 -0.01838158636767443 -0.016618604995609496 0.9996929224770014 0.7587326937750393
0.9998271704820251 0.002671477114850312 0.01839816229769469 200.29431874581937 -0.0029645763303855007 0.9998688405301456 0.01592209232743997 0.4647444268086827 -0.018353213699208143 -0.015973883276368204 0.9997039534782205 0.7471110402479018
0.9998536873789488 0.003072807845549591 0.01682740879232213 200.95115011302687 -0.003258222080018203 0.9999341647765823 0.011002277102320272 0.454124101788347 -0.016792493072705823 -0.011055494765196534 0.9997978736784251 0.7244561221744845
0.9998546471575843 0.0024862419674393397 0.0168672214149724 201.6555114212461 -0.0027580438551149124 0.9998664195482978 0.01611012891818501 0.4613205316161845 -0.016824914605299578 -0.016154307801531497 0.9997279432865612 0.7685549009436833
0.999854309806856 0.0016875999492194696 0.016985616475923976 202.31703659308536 -0.0019451154886569349 0.9998832535869164 0.01515571582532291 0.4520395145247875 -0.016958056680869197 -0.015186546771848788 0.9997408629793797 0.751133518883186
0.9998556893821139 0.0017986556901136356 0.016892757262391086 203.22247825868783 -0.002136489525635791 0.9997976566020322 0.020002031536614243 0.4591049965965086 -0.016853362356648405 -0.020035236230034423 0.9996572179934891 0.7830452800411495
0.999870834134295 0.0011727721447660536 0.016029337262831327 204.05277997628968 -0.0014216064432795348 0.9998785296874355 0.015521111597198343 0.4738753380205046 -0.016009187446886806 -0.015541894208516528 0.999751046731986 0.7386566084910282
0.9998858387463749 0.0008936233043303728 0.01508346484890642 204.99612777077144 -0.0011923875991640194 0.9998030507023835 0.01981004841034946 0.46866114835262784 -0.015062791450179407 -0.019825772206826825 0.9996899774780836 0.7433482481589547
0.9998687176982173 0.001267675626936159 0.016153648721809945 205.98358744711737 -0.001547154369699593 0.9998491374050471 0.01730054171809995 0.4523763962346973 -0.016129280265376984 -0.01732326265136765 0.9997198361987386 0.7293882989776801
