1.0 -2.1684043449710093e-19 -2.5135375298442207e-37 0.0 2.1684043449710093e-19 1.0 2.3183291766350204e-18 -8.673617379884035e-19 -2.51353752984422e-37 -2.3183291766350204e-18 1.0 0.0
0.9999996144572926 -0.0005723897269502802 0.0006659243699802237 1.3271307127150507 0.0005725266515208768 0.9999998150031163 -0.00020544334102258209 -0.005205242904773986 -0.0006658066531284189 0.00020582452126511109 0.999999757168854 0.013546002618737998
0.9999992686506489 -0.0006310930990495225 0.0010317071617683797 2.620400249204164 0.0006317219644781507 0.9999996148242213 -0.0006093264874477984 0.0032616480561835828 -0.0010313222226384742 0.0006099777938922657 0.9999992821505244 0.023155165917102573
0.9999984080806568 -0.0013145955684215954 0.0012065134246878437 3.944431469168364 0.0013152995039614583 0.9999989651428909 -0.0005828381958469084 0.0014968510495183922 -0.0012057459796094815 0.0005844241945245251 0.9999991023120939 0.042724277089956374
0.9999985763318838 -0.0008800205240788166 0.0014397562580511227 5.276348118827755 0.000881273383638691 0.9999992334146602 -0.0008697857869248605 0.012604385612162781 -0.0014389897250110366 0.0008710533675077156 0.9999985852863005 0.04177979977458566
0.999997786687794 -0.0012070478149658944 0.0017232687212533166 6.606972188827152 0.0012091179588218897 0.9999985481118654 -0.0012007530649974663 0.008382052461006931 -0.0017218168528964884 0.0012028340425147947 0.9999977942660631 0.04278872157354516
0.9999967192755046 -0.0008840068948593192 0.0024041568246351104 7.940246282741048 0.0008895981560858923 0.9999969001183829 -0.0023255899779677405 0.02337723712865465 -0.0024020935344584255 0.00232772108182587 0.9999944058149609 0.061433015770509955
0.9999966058758929 -0.000873483241502648 0.0024546412611861773 9.262030326792253 0.0008794477276802168 0.999996661187287 -0.0024298530763327384 0.02751113273293585 -0.0024525106296572384 0.0024320035577892556 0.9999940352573641 0.0582192092397267
0.9999966097639618 -0.001266615935281217 0.0022751142070677457 10.574476610325048 0.0012719655674189169 0.9999964263568822 -0.002351462748944188 0.032548963269163136 -0.002272127676432485 0.0023543486438637696 0.9999946472248165 0.06110004242504724
0.9999977761495011 -0.0015048190039151674 0.0014775709179427625 11.907036478980968 0.0015067971318950453 0.9999979688930183 -0.0013385709698884583 0.045867047792563814 -0.0014755536098045778 0.0013407943927280668 0.9999980125039954 0.058527150042902806
0.9999983966344067 -0.0012897492325864388 0.0012422864134696405 13.234291389901804 0.001290002884468947 0.9999991472597588 -0.00020340185210106215 0.05553420145490247 -0.0012420230167393704 0.00020500407903024326 0.9999992076757629 0.07175528061330265
0.9999985671118828 -0.0012578467318945553 0.0011329588607994646 14.570445616145157 0.0012574879408657862 0.9999991590088253 0.0003173416464943521 0.06807299998508497 -0.0011333570751439982 -0.0003159165096743254 0.99999930784901 0.06960842982263489
0.999998434531585 -0.0007257181243884133 0.0016137743285016125 15.926667048128374 0.0007254299629412514 0.999999720829748 0.00017914182970852146 0.09281272512735976 -0.0016139038844564819 -0.00017797086901632478 0.999998681819442 0.08098457561416371
0.9999948789037958 -0.0002214003118403208 0.003192670995364022 17.252266664228017 0.00022420319695774433 0.9999995897920725 -0.0008775811148452605 0.08381424210933784 -0.0031924753889725783 0.0008782924277119392 0.9999945183366268 0.08466393394050255
0.9999914563400086 -0.0002476995625738284 0.004126244286894882 18.615952265138343 0.000259419765924996 0.9999959332254512 -0.002840111607640229 0.09737903800163643 -0.004125524011986762 0.0028411577720193716 0.9999874538583676 0.0967159175787177
0.9999930332910585 -0.0003022296440383463 0.003720487412965007 19.95677526491287 0.000317675163560001 0.9999913316674583 -0.004151586736857488 0.0835387499844344 -0.00371920042996122 0.0041527397204084845 0.9999844610297584 0.11531642044301996
0.999994969400272 -0.0004275919529927754 0.0031429825438303344 21.336627084511225 0.00044203227350021046 0.9999893442865934 -0.004595206278080404 0.09215545864456878 -0.003140984179882257 0.004596572461156372 0.9999845027499132 0.10691119084965374
0.9999966453082625 -3.510775235019155e-05 0.002590007657672386 22.676151782571438 4.15236813271772e-05 0.9999969309397769 -0.002477173149135457 0.09436656465043611 -0.002589912740801458 0.0024772723856357733 0.9999935777161383 0.15575059909167369
0.9999941811185303 0.0004404502039199331 0.0033828586577000597 24.05308748296313 -0.00043012097625545314 0.9999952454856362 -0.003053522894645639 0.1155572187312107 -0.0033841874986316016 0.0030520500880894656 0.9999896160787041 0.1130208086017354
0.9999700164931888 0.0028452675123749314 0.007202122422916787 25.372728788210946 -0.0028242953124832937 0.9999917471451821 -0.002920444745947526 0.07067881053876467 -0.007210372431403379 0.0029000162601736197 0.9999697997615185 0.11808724264199437
0.9999575592401138 0.002845218398389255 0.0087626737255124 26.771515097159433 -0.002818612032004664 0.9999913850109292 -0.003047183968279757 0.07222576742304641 -0.008771268139063851 0.00302235606588137 0.9999569641834811 0.15605737302785527
0.9999537976098495 0.002731355428585236 0.009216417045851659 28.09332479048794 -0.0026895641026428306 0.9999860599861392 -0.0045437955868899 0.07281066454917594 -0.009228699289612926 0.0045187975082319224 0.9999472043955628 0.22357845961058767
0.9999679637270567 0.0028234032762063472 0.007489987550324871 29.477922817674976 -0.0027963309732797724 0.9999895290343908 -0.0036224790772972234 0.09350521707312161 -0.007500136842217646 0.0036014185423923176 0.9999653882669293 0.22078708144099382
0.999974710922512 0.0030763159736915454 0.006412004013450541 30.859568911055668 -0.003054403111202587 0.9999894717569687 -0.0034244703025208116 0.07418503723090318 -0.006422471259007047 0.0034047988558182493 0.9999735792548115 0.2596893939579247
0.9999793644620594 0.002976003023226825 0.005693334353567788 32.26990718056309 -0.0029565453628868205 0.9999897709359934 -0.0034229903442071427 0.0586298210245463 -0.005703462945699111 0.0034060871076776198 0.9999779342970734 0.21991921306599338
0.9999807337942633 0.003962369135011882 0.004778249797213945 33.63313707810452 -0.0039475841972765316 0.9999874041774248 -0.003099687968321101 0.08631951943137217 -0.004790471719161123 0.0030807657057048622 0.999983780000143 0.22567865633508874
0.999976454543174 0.004231976529392838 0.0054019194660762096 35.04149238421365 -0.0042160923092128665 0.9999867654116994 -0.0029484855582116542 0.09836278186821414 -0.0054143258955756494 0.00292564114365633 0.9999810626701863 0.22807793679598384
0.9999714080542431 0.004012577465076123 0.006409547261808391 36.43202694058119 -0.003994895009309558 0.9999881861221794 -0.002769193012089577 0.0983596024211734 -0.00642058314167691 0.002743508367105052 0.9999756243398938 0.24557626904130228
0.9999714424632895 0.0035434712050735014 0.00667518312159398 37.849126437522216 -0.0035292091119710615 0.9999914671710459 -0.0021471534977298102 0.10405705232354101 -0.006682734539990245 0.0021235340632181706 0.999975415528877 0.2337149681215788
0.9999736002133846 0.0035534714397595633 0.006338116203491733 39.231362049697395 -0.003538362769960421 0.9999908757665934 -0.002393401861275476 0.13829234802654417 -0.006346563258198046 0.0023709121215709354 0.9999770496919024 0.18392891573164896
0.9999717285346159 0.003774006689219203 0.006503768523105463 40.63402633013003 -0.0037614611143773867 0.9999910436250516 -0.0019401236983928294 0.1411300699213277 -0.00651103231273164 0.001915605175856277 0.9999769681922843 0.17570101988257034
0.9999688993142026 0.0037046086639842472 0.00696249086094675 42.06226911984596 -0.0036909087806161435 0.9999912293672903 -0.00197949005258699 0.1388027392132306 -0.00696976303149575 0.0019537305704351972 0.9999738023269125 0.15965961842743018
0.9999699277616279 0.0036085471429467327 0.00686454367908943 43.44449113997219 -0.0035935272091249977 0.999991125171341 -0.0021991227234736846 0.1476090583220355 -0.006872418395461235 0.0021743886664418997 0.9999740206121983 0.15478181541955877
0.9999713300195825 0.003404017913974879 0.006764007754912258 44.87596645065569 -0.0033849632188324564 0.9999902763406671 -0.002826525804494623 0.15164073283458254 -0.0067735635284779366 0.0028035488505928838 0.9999731291144618 0.147598028962061
0.9999760701183753 0.0020369527589296755 0.006611354934349222 46.289726489594244 -0.0020214354728391943 0.999995188817957 -0.002352900246014872 0.12782210895244842 -0.006616115872564689 0.002339479514002686 0.9999753766200268 0.1575316007572165
0.9999727980563367 0.0013872739897599965 0.0072442127424708356 47.73190194998738 -0.0013727005969912482 0.9999970250815119 -0.0020163137645556966 0.14013254845741027 -0.00724698837116918 0.002006314781745944 0.999971727530606 0.17401495613244802
0.9999727672954276 -8.809837306116499e-05 0.0073794922725852015 49.11758478648264 0.00010288773817239932 0.9999979871754938 -0.0020037612318334593 0.1291141197176837 -0.007379300890857785 0.0020044659232645863 0.9999707635899785 0.17518796635066883
0.9999723032404829 -0.0011957092441916989 0.0073459533981034275 50.54655376914116 0.001206446254230879 0.9999982102857463 -0.0014573649988097953 0.13026196750515842 -0.007344197666144687 0.0014661871324827909 0.9999719561347373 0.18124652509728917
0.9999701762042938 -0.002634630949892102 0.007259849978580496 52.01142091335963 0.002647559891392663 0.9999949254777571 -0.0017718480060261827 0.13380862218342998 -0.007255144972715118 0.001791016050414046 0.999972077176624 0.17615860772089006
0.9999593604051707 -0.00294769972699412 0.008519894623840315 53.39282993640206 0.002951261504325986 0.9999955627979649 -0.00040551191673834144 0.16587726533974712 -0.008518661491980288 0.0004306398739226006 0.9999636228161923 0.20459085208632347
0.9999485420574682 -0.004180731165601381 0.009243090612169881 54.854066780808914 0.004179394353646995 0.9999912528551199 0.00016393927001529988 0.14964972755053763 -0.009243695147532578 -0.00012530031332301438 0.9999572682869258 0.225817861990188
0.9999457419485982 -0.004496206458996845 0.009396663575203251 56.263341172384834 0.004496652781098978 0.9999898896580552 -2.637113345310406e-05 0.16321797548096498 -0.009396450001660802 6.86232360052788e-05 0.9999558500344992 0.23029863360902134
0.9999423790067584 -0.005008450499079754 0.009494950758297527 57.700874428071565 0.0050068353540123995 0.9999874469285692 0.00019386856271676864 0.17777076997247854 -0.009495802548602123 -0.0001463177366763757 0.9999549031456757 0.2502965937183937
0.9999392788774497 -0.00454835261208779 0.010037482082772657 59.13555090050573 0.004539572462647903 0.9999892934681643 0.0008973465874609108 0.21340603251794346 -0.010041456064846212 -0.0008517262223115271 0.9999492205719949 0.28358475713485126
0.9999337418619922 -0.004785969850669233 0.01046930649389394 60.554077963764726 0.004777381383199908 0.9999882310608298 0.0008452023141596231 0.1899866545535064 -0.010473228394055943 -0.0007951304426891042 0.9999448381058753 0.28887059000321086
0.9999307576694788 -0.004179430752776319 0.011000555673457847 62.00439567579247 0.0041709731059605005 0.9999909880818039 0.0007916681924695017 0.2084675607904729 -0.011003765259739607 -0.0007457303536542417 0.9999391786685569 0.3063922462333904
0.9999321800598049 -0.004128230330780217 0.01089004110103329 63.42472021468537 0.004124334441738728 0.9999914226269474 0.00038018146549369513 0.2054626720677858 -0.01089151716974526 -0.0003352415100245001 0.9999406294710057 0.32879865878496
0.9999441660183477 -0.0036582208150045888 0.009913741288732758 64.83827587368728 0.0036660892743624208 0.9999929790647419 -0.0007756356459284572 0.22066578878333643 -0.009910834238532208 0.0008119369997094605 0.9999505568391893 0.32384047415395106
0.9999513784884959 -0.002547317267987483 0.009526375685072266 66.27826942876366 0.0025648119578665874 0.9999950461257806 -0.0018246817582021659 0.25114219951065353 -0.009521680449254106 0.0018490264016892707 0.9999529582449307 0.3192156688125173
0.999953442392097 -0.0020677418249104014 0.009425364286881533 67.65819230391998 0.002074112138955193 0.9999976271523406 -0.0006661445213494754 0.2549503128159954 -0.009423964507039717 0.0006856627697355396 0.9999553583833312 0.3244609365350051
0.9999426999239778 -0.0011920976416639635 0.010638410217626936 69.11155193676811 0.0011739347588899953 0.9999978431106087 0.0017133742475862993 0.2803210427728843 -0.010640429781152634 -0.0017007872715778553 0.9999419426030338 0.3358213274664437
0.9999332303297792 -0.0005039656723393402 0.01154473476757884 70.47422320634402 0.00044377658790592707 0.999986300605602 0.005215521398934521 0.27910020055680396 -0.011547205055452451 -0.005210049877287249 0.9999197554982518 0.3471853065007522
0.9999271392997101 0.000833497545177358 0.012042482042346897 71.92438059346982 -0.0009218197880765749 0.9999727063851332 0.00733053429637524 0.31321397447241695 -0.012036043377139127 -0.007341101186757099 0.9999006160080057 0.34398761497566616
0.9999270623395402 0.0016133731659495655 0.011969420539222817 73.2988476422731 -0.0017458498027053892 0.9999372486936408 0.011065743692059152 0.33591624617318394 -0.011950816268513574 -0.011085833393089906 0.9998671323173379 0.3467635620710041
0.9999249504584597 0.0016391773383273372 0.012141109846317513 74.66736898330716 -0.0017801020423035012 0.999931068999307 0.011605536895045562 0.3213716199617225 -0.012121249414388802 -0.011626278319255522 0.9998589425339344 0.3499519652154053
0.9999261164854008 0.0024030369605162758 0.011915829127311336 76.14657785446592 -0.0025372640775226645 0.9999333590795201 0.011262312859646666 0.34016609442890616 -0.011887971291427381 -0.011291714365588705 0.999865577627943 0.3308395854018623
0.9999189631584589 0.0027740001877482492 0.012424654484970947 77.50154571165551 -0.002920850520239109 0.9999259136715076 0.011816759303595015 0.3336275623895605 -0.01239095429541062 -0.011852092269260019 0.9998529852735801 0.3279779131468771
0.9999170509784312 0.002346792945192573 0.012664269638231033 78.9132936229111 -0.002497671015560035 0.9999259415760049 0.011911045413318841 0.32422677850655135 -0.01263537898503473 -0.011941688582964592 0.9998488602142286 0.3258248583007342
0.9999293192069499 0.0017231741477505525 0.011763811507424924 80.27620781595755 -0.0018644179321946454 0.9999261842888654 0.012006245011835505 0.3056207447540584 -0.011742254302296895 -0.012027329062041917 0.9998587214299496 0.312809135836365
0.9999272382675113 0.0021915345775667928 0.011862349973886641 81.67521626178883 -0.002326680218935774 0.9999324131340233 0.01139103696455931 0.3435163332580776 -0.011836584383446612 -0.01141780802800926 0.9998647553194226 0.32456225974658515
0.9999247682338896 0.0020865399808111394 0.012087357995471441 83.02335521227974 -0.0022278630959762856 0.9999291857722499 0.011690169668188389 0.36081799983783175 -0.012062110032154311 -0.011716219174884085 0.9998586078590403 0.32271040205696905
0.9999378083081156 0.0014006189705666149 0.01106425697737713 84.40801181663022 -0.001528620142044475 0.9999319094193585 0.011568917210225975 0.3522912368786328 -0.011047299960781617 -0.011585110765763776 0.9998718629765123 0.3125630486248258
0.9999361312661914 0.0007258077118249323 0.011278589963624044 85.80705748981289 -0.0008691266146322717 0.9999188792041988 0.012707463552835196 0.3680353548076202 -0.011268451860386297 -0.012716454465941069 0.9998556464702721 0.32225016688837604
0.9999265601661336 -6.0397894331697957e-05 0.012119019201986957 87.17445336222204 -8.349348983563043e-05 0.9999295179205387 0.011872330017145988 0.37954196221980346 -0.012118882092046417 -0.011872469974408481 0.9998560782200335 0.32810492971632776
0.999914725112484 -0.001358321195141783 0.012988358893881353 88.54112167711406 0.001206720580401396 0.9999311428867322 0.011672759342766343 0.3802498685227804 -0.013003319909402906 -0.011656090629543502 0.99984751298514 0.3314629402649256
0.999911106675207 -0.003124288321303361 0.012962159158419435 89.96201694495423 0.0029841449489340795 0.9999370414904429 0.010817020581655751 0.3542605767465218 -0.012995138571272744 -0.010777378058952016 0.9998574770914542 0.33954104422555975
0.9998976779146017 -0.0036114209319511805 0.013841652352220795 91.3075801515719 0.003478403971532504 0.9999476579096853 0.009621961689057231 0.3804552310068381 -0.013875676805053565 -0.009572830291357047 0.9998579031609515 0.34467182747169334
0.999899857592907 -0.003435509089975785 0.013728512773672694 92.69214777294124 0.003309370577701424 0.9999522006204151 0.00920024677757763 0.4009003102873209 -0.01375946409071388 -0.009153892706470684 0.999863432372769 0.33350922746146494
0.9998972590124368 -0.0036618033392902117 0.013858665726548309 94.01020678039211 0.003545014621713188 0.9999580790888724 0.008442330023423648 0.41578795904666715 -0.013888998910925201 -0.008392333477461657 0.9998683235546846 0.34117756437434726
0.9998984206436055 -0.004018239951340497 0.013674872654500434 95.38585041157137 0.003910427265695364 0.9999611356722623 0.00790162664513385 0.42637551853350414 -0.013706091821633874 -0.007847349408101697 0.999875273298747 0.3278362050706678
0.9999082308480989 -0.003971148715036197 0.01295221448665551 96.74840142991614 0.00386895649316715 0.9999612665405485 0.007905478750597564 0.4438943965247583 -0.012983106634363065 -0.00785464171717821 0.9998848651447904 0.3347906155235809
0.9999144939476864 -0.0033686911934158424 0.012635533743603366 98.09913197664817 0.0032488175312729876 0.9999496382435359 0.009495586410023661 0.4611579555830353 -0.012666885094245942 -0.009453723936372128 0.9998750807604638 0.3335007176203058
0.9999105645067651 -0.0030726590867906196 0.013016211195996372 99.43100975174283 0.0029356575934057763 0.9999402327851811 0.010531513282155194 0.4878181208207023 -0.013047793003289763 -0.010492360251835394 0.9998598229122365 0.3323590899485328
0.9998856462695194 -0.004373061104691634 0.014476557628129183 100.85389406891572 0.00420911527089632 0.9999268856365158 0.011336080887803234 0.4216502905485742 -0.014525072558242848 -0.011273851064882113 0.9998309469852115 0.34775211359934444
0.9998787091552145 -0.0030695616048971586 0.01526907887384334 102.1638836957272 0.002910311824777577 0.9999412574389092 0.010440869531586404 0.5036283661511491 -0.015300230821280692 -0.010395165368900615 0.9998289071004942 0.341917966944007
0.9999005293627112 -0.004107616137725335 0.013492919248073842 103.53583698624276 0.003952068205232808 0.9999256640797732 0.011534620562721531 0.46793042043165806 -0.01353929603307096 -0.011480148269507186 0.999842434415863 0.320600651337205
0.9999212185976261 -0.003900424085464364 0.011930770729168979 104.84806806038823 0.0037602986676162375 0.9999239564891269 0.011744845382584421 0.46640778282213574 -0.0119756733492856 -0.011699056845917988 0.9998598478370592 0.3202648641203849
0.9999318442442596 -0.003994821876697241 0.010970335657913074 106.13316147739421 0.0038852695921407347 0.9999425561431738 0.009989449136575429 0.4800555292077305 -0.01100961154946915 -0.009946145586572828 0.9998899252625264 0.3251695761344651
0.9999226952722482 -0.0025954881679118454 0.012160054303045162 107.54860516196611 0.002497954949196127 0.9999646460840573 0.008029122184761449 0.5578836857081885 -0.01218046388913674 -0.007998126227828086 0.999893827501845 0.3330383672313253
0.9998964842052566 -0.0036873246480698062 0.013907714079134204 108.84831807768809 0.0036115034839111913 0.9999785018892181 0.005472915309094228 0.4875686962118707 -0.013927595505072233 -0.00542212101806641 0.9998883051056816 0.3247846564806697
0.9999007272309399 -0.0004084838175617234 0.014084346772502948 110.2431784245262 0.00033512625110959714 0.9999863695489992 0.005210413285738585 0.6160490260019308 -0.014086283166014419 -0.005205175999250566 0.9998872350267223 0.3214512362994748
0.9999069604355191 -0.0012575332150434125 0.01358267583409992 111.54471835554682 0.001166058661164714 0.9999766029110477 0.0067404701378759105 0.5360432672900399 -0.013590834404108604 -0.00672400481067174 0.9998850318809189 0.3114376406090469
0.9999276843828855 -0.0016982518606717893 0.011905542629311512 112.86918184120357 0.0015963113189335241 0.9999620307935443 0.008566724077723742 0.48528512470837415 -0.01191963904041031 -0.008547099617328196 0.9998924288608638 0.31988567232944864
0.9999359470307331 -0.0005651089851798043 0.011304091630275383 114.20310892962071 0.0004452905459023211 0.9999437269734041 0.010599273695312671 0.5247746402009161 -0.01130944525962803 -0.010593561175227438 0.9998799292462801 0.33543656239954645
0.9999275330746761 0.002517084603400722 0.011772547909944283 115.5372495431927 -0.0026514548881618823 0.9999313631553021 0.011412220001186772 0.6156283286637819 -0.011743014356146077 -0.011442607372394106 0.9998655751401547 0.34407343288655995
0.9999169506271387 0.00347066992148 0.012411538938439938 116.89986730584891 -0.0036265183281518824 0.9999145895407484 0.012556352510670362 0.6211069754533168 -0.012366899908216905 -0.012600320386909747 0.9998441337092534 0.34750589708187096
0.9998925428249843 0.0042651925108644455 0.014025367582778663 118.20715483079564 -0.004456999037413398 0.9998965869478892 0.013672986855203637 0.5931233014374672 -0.013965599255573993 -0.013734028644477966 0.9998081508442634 0.3330473104759091
0.9998755219302085 0.005273615224223117 0.01487042794474362 119.57503655269659 -0.00547365323549236 0.9998946486767217 0.013443610672467458 0.5937595974462082 -0.014797964895571074 -0.013523332803792825 0.9997990496618945 0.3352769641479311
0.9998761871210059 0.006081015529212304 0.014513155359631717 120.89827305286897 -0.006281093992820672 0.9998853166072161 0.013780475011425798 0.5867774858588849 -0.014427691659190672 -0.013869927304086982 0.9997997133576138 0.3299198361728499
0.9998682202385625 0.007802084997708986 0.014236208296383028 122.2092885434959 -0.008029200236595008 0.9998402877350836 0.015966557718751353 0.6124347707870585 -0.014109362158869663 -0.01607875901660573 0.9997711735231997 0.3290137108646687
0.9998634988406464 0.008785242401214078 0.013992969738149775 123.53981418420254 -0.00902005272361978 0.999818068095115 0.016806824786824735 0.5952468517334617 -0.013842771940763329 -0.01693074796055441 0.999760835119326 0.31579336639489003
0.9998634082313237 0.008978059945734708 0.013876574492716072 124.92796844218823 -0.009242802113972833 0.9997742153029978 0.019133453017078278 0.5723024290896939 -0.013701660086392582 -0.01925909797694577 0.9997206368060986 0.30976647954124464
0.9998665297253237 0.010737301893027112 0.012313938569609138 126.24056671889588 -0.010969149912352738 0.999760870327052 0.018917714267213524 0.5752519669745703 -0.012107868732293187 -0.01905026275287558 0.9997452110431977 0.31494793919320596
0.9998544471068591 0.011994130638392641 0.012133648703767146 127.57174966392415 -0.012219681434512889 0.9997506740664707 0.01868874231393227 0.5803220949396614 -0.0119064682536964 -0.01883429143521764 0.9997517219189258 0.31406772766793944
0.9998387569337038 0.012738590455040595 0.012656557449975887 128.911127706536 -0.012966814598901233 0.9997517925119617 0.018116707434773116 0.5677452027553861 -0.012422634681238654 -0.018277901475229324 0.9997557684080838 0.29745553546864023
0.9998184024903563 0.013585390136333596 0.013364101783345324 130.25655891703457 -0.013829919850899387 0.9997354468282543 0.01837851114830258 0.5574338516147452 -0.013110887023756363 -0.018559998112990014 0.9997417822175365 0.33585857632216093
0.9998218045721582 0.013305661449212051 0.013390984858182051 131.5905468424487 -0.013533084933022327 0.9997632447423477 0.01703848803292833 0.5040870694845391 -0.013161106118739139 -0.01721667318768612 0.9997651581496926 0.32611199418234277
0.9998167283054221 0.01365971038131451 0.013413504871600639 132.92181890495075 -0.013897183095678568 0.9997454559885469 0.017773337679158636 0.5215281720064218 -0.013167311899056367 -0.01795649026259928 0.9997520624408844 0.34471885475603714
0.9998171507180827 0.01333034365401234 0.013710108243208266 134.25354992416797 -0.013595765953025396 0.9997183451273337 0.019452135204549716 0.4987769265196607 -0.013446943077335823 -0.01963497781846111 0.9997167835782009 0.3508151260020065
0.9998297483362265 0.012516490563912396 0.01355772126432795 135.59299433466057 -0.012751932569352626 0.9997669223269636 0.017420942472141824 0.4548052868903575 -0.013336512200136963 -0.017590863675058233 0.9997563197887278 0.35394255898792265
0.9998469379195227 0.011658391024835126 0.013045407301653808 136.91082844281115 -0.0118973133444126 0.9997601120698923 0.018389460274330346 0.4611316148805705 -0.012827886347284987 -0.01854185084365517 0.9997457902382749 0.3610240979265965
0.9998371089508779 0.01117084895882791 0.014176307639493025 138.2629258392867 -0.011422089874888196 0.9997769073496643 0.017767143642992225 0.4774266169314272 -0.013974670931384091 -0.017926172594276667 0.9997416470811246 0.3773598280487098
0.9998640723857131 0.008791867488029594 0.01394775316423508 139.6193028625934 -0.009041096570960161 0.9997987698289463 0.017907496232589977 0.39127807504701473 -0.013787506121560707 -0.018031165092654993 0.9997423576903948 0.3558996622463147
0.9998657232694699 0.008356737108222698 0.014096112078298135 140.9689393907997 -0.00859732841919167 0.9998169141525901 0.017094564002763196 0.42997997676924277 -0.013950676502322318 -0.01721345750556993 0.9997545076196613 0.352077973269113
0.9998813934646772 0.006976275530058156 0.01373064393479604 142.28226171958622 -0.0072170866192347305 0.9998196316423473 0.017567522400471644 0.42089109209387476 -0.013605611484453852 -0.017664534024120812 0.9997513948846707 0.3544289062711984
0.9998936094982772 0.005845739201310006 0.01336401951872379 143.6322840882444 -0.006082512679605793 0.9998240295719681 0.017745786259681613 0.4252102317230244 -0.013257930608092567 -0.017825185094751117 0.9997532145746413 0.35478670003391843
0.9999217555633877 0.006402924541872009 0.01074640909066802 144.9688139414413 -0.006557033394192685 0.9998752886547284 0.014367061310206618 0.4096226648498724 -0.01065307768207578 -0.014436401730863791 0.9998390381661264 0.3507566451387621
0.9999439064748772 0.005724649914292066 0.008911357198582116 146.26316790122934 -0.00582355858090818 0.9999212897541422 0.011113076165829459 0.37923698324379507 -0.008847037312945852 -0.0111643486048937 0.9998985384782857 0.40614020805244794
0.9999190662337015 0.004730030498185651 0.01181049507042371 147.68052040852393 -0.004789129600942546 0.9999761281974112 0.004980690010412915 0.36901551355175566 -0.011786654316965652 -0.00503684889595516 0.9999178490922199 0.42160979568844326
0.9998990217064921 0.003365241397283181 0.013806575996171539 148.9923212148353 -0.003361419672501651 0.9999943054122712 -0.00030000135751297353 0.3529907434432697 -0.013807506950400839 0.00025356136772442173 0.9999046396824287 0.43371312758109143
0.9998932531096076 0.003059743419572663 0.01428706954181081 150.28644327649002 -0.003031525283826957 0.999993412255659 -0.0019963215515984615 0.39554400918982197 -0.014293083653980137 0.0019527968379328116 0.9998959417580262 0.4867604082749018
0.9999130878630503 0.0027789191960455955 0.012887758854101705 151.64800187185173 -0.002788769089055548 0.9999958328373098 0.0007463745594754899 0.4001010930687103 -0.012885631034123083 -0.0007822506739870818 0.999916670826492 0.5021427384163907
0.9999460330091184 0.0032779905146925067 0.009858288264840956 153.00126576558557 -0.0033373421253389463 0.9999763703485433 0.006010065897448152 0.3746495524595813 -0.009838354377920784 -0.006042642032986654 0.999933344408714 0.5027375562717697
0.9999531338233215 0.0040175512808499755 0.008808486738615576 154.4446397219225 -0.004119307981555075 0.9999246431284452 0.01156457375802207 0.3614046150680745 -0.008761361690497795 -0.011600316640392915 0.9998943300145126 0.5289551259370758
0.9999419129325519 0.0039990871530774285 0.010008899176775906 155.74835583679072 -0.004075116041286878 0.9999629124873572 0.007587297216526769 0.33307433705644296 -0.009978185708775955 -0.0076276439182725074 0.9999211243184221 0.48683347308205666
0.9999040954971171 0.005071179438178288 0.012887317300266796 157.0721952270552 -0.005023584032604923 0.9999804516579857 -0.0037228893830087754 0.35962684785442517 -0.012905944814670294 0.0036577918197404765 0.999910024525929 0.4866674345205236
0.9998681917023793 0.006633099000292423 0.014818947987845768 158.406056909757 -0.006480878705203315 0.999925987204503 -0.010296520009629129 0.405266709255745 -0.014886149032661224 0.010199123038407297 0.9998371769724432 0.48785443224256275
0.9998784944161515 0.005881319383208158 0.014436290603990553 159.73747001031816 -0.005734625115441756 0.9999317187353534 -0.01018194194381895 0.36684020580876436 -0.01449518812832419 0.010097918066346894 0.9998439486099068 0.4852749265585918
0.9998760297966175 0.0068712041199983 0.014167271864942153 161.1059064725605 -0.006740852254011011 0.9999346982181333 -0.009228228990445779 0.36977246497038885 -0.014229755761904623 0.009131585478536989 0.999857053882006 0.4745761122391375
0.9998746326001201 0.008230883983314521 0.013526700692632175 162.4379854147397 -0.008119220308962335 0.9999326802628161 -0.008289342796348007 0.38249880387772717 -0.013594018697551245 0.00817847732001804 0.9998741496630346 0.45510596268573367
0.9998774142080362 0.00957250101076272 0.012390471381272583 163.78900541158714 -0.0094892535946899 0.999932125195492 -0.0067601085969748965 0.3966271755900362 -0.012454341526827221 0.006641703578614131 0.9999003836136413 0.4506612572987965
0.9998743423432819 0.010032851719347022 0.012273606233186157 165.1178088367763 -0.009954450493781094 0.9999297648010224 -0.00643229199732751 0.3908997686476846 -0.012337278425834926 0.006309306724959384 0.9999039874956465 0.44457468864418503
0.9998643137946429 0.010044385056637826 0.013056198864979846 166.47815758805183 -0.009958913965121594 0.9999286603659541 -0.006595014130677795 0.39567137455934015 -0.013121510301913282 0.006464093717028273 0.9998930150070128 0.43755653952294976
0.9998738758607392 0.009635464836066027 0.012624982717448196 167.80080530598468 -0.00954813488979357 0.9999301978767952 -0.006959345816919603 0.36398065734385826 -0.012691157998750046 0.006837923037451118 0.9998960832592478 0.42219583470310384
0.9998942003676581 0.009630388902383998 0.010901544877249973 169.16664855529885 -0.00956729080315987 0.9999372637128455 -0.005825425748835806 0.37945107747991497 -0.010956962070283375 0.005720511170888996 0.9999236074491562 0.41692865247906125
0.9999160827137404 0.008593480459018716 0.009694308846365164 170.57712442190592 -0.008552674878952442 0.9999544238875766 -0.004242864607752781 0.36026259498987845 -0.0097303279915523 0.004159596286329819 0.9999440076703854 0.4181334615765076
0.9999136694428111 0.008917838748261561 0.009650171680999086 171.88439598675572 -0.00888324585858478 0.9999539847817268 -0.0036216380495786645 0.36929474334039436 -0.009682024810373521 0.0035356005439280405 0.9999468775511854 0.4042330676768838
0.9999076150147223 0.008964118321794683 0.010217926320088767 173.2782079574565 -0.008929186037106714 0.999954150613972 -0.0034592349739028224 0.36812841643729205 -0.010248466826049464 0.0033676776275051645 0.9999418121446431 0.3796595871988358
0.9998797457602794 0.008923294177500853 0.012683408034939466 174.64620268076172 -0.008981686975781104 0.9999492921272813 0.004554390542969676 0.3621288050403872 -0.012642124719685047 -0.0046677612589534736 0.9999091902204926 0.42665225655166683
0.999857523621452 0.009133299802375901 0.014195608204558112 176.06478041878148 -0.009250009089858478 0.9999237783090172 0.00817770775075594 0.35123486915051305 -0.014119836734712366 -0.00830785212549902 0.9998657958964522 0.42519898464407807
0.9998681285773445 0.007895643140116195 0.014190992729293231 177.46162236471923 -0.007990909858649746 0.9999458330099917 0.006669063321405254 0.33291214365665434 -0.014137567501867197 -0.006781582806241816 0.9998770621030229 0.4214658672209723
0.9998749252772129 0.007024680764731107 0.014169956317555646 178.8681189096512 -0.007113948992939357 0.9999551055206617 0.00625928693129438 0.35331440426426136 -0.014125350672237325 -0.006359308399191873 0.9998800096336912 0.3959521405409311
0.9999366231248065 0.005320633218938263 0.009921723434376093 180.20759873697443 -0.00535751050730672 0.9999788256619947 0.0036939557146778825 0.3411645870832914 -0.009901859164965696 -0.003746877340857844 0.9999439554771405 0.37935410534864217
0.9999800439294902 0.003499457587187287 0.005259804118970855 181.62848420522195 -0.003528699867835783 0.9999783136771696 0.0055606162074750545 0.3184222806955611 -0.005240230912584021 -0.005579065509525396 0.9999707065749592 0.3747310724554094
0.9999802306068081 0.0025895798893776157 0.005729962613450098 183.0153374453495 -0.00264258840068255 0.9999536060808436 0.009262959163336597 0.33280039770735326 -0.005705709605262337 -0.009277917972993426 0.9999406807986096 0.40770513155249644
0.9999680385558489 0.002606459178096079 0.007558322388012227 184.35268454488786 -0.0027040256821471037 0.9999127849987076 0.012927128112549795 0.37068805532283766 -0.007523969157200011 -0.012947152840717726 0.9998878742746311 0.41719182227121326
0.9999487987676182 0.0021669977154121496 0.009884531556873714 185.7632269727096 -0.0023251813100311582 0.9998689707578788 0.016019826698680257 0.3675913084562039 -0.009848521466337754 -0.016041989791845193 0.9998228148969424 0.41614782727700766
0.9999222129144518 0.001509069564995105 0.012381067373762803 187.11968476135047 -0.0017300670673091626 0.9998390295595396 0.01785838283217855 0.31326849198245554 -0.012352124845882209 -0.017878413757546917 0.9997638657869696 0.43080267375641623
0.9999191442669705 0.0021762046106439136 0.012528729460805507 188.5874091619263 -0.0023725180712887246 0.9998743157231406 0.015675583408055412 0.3371249591628703 -0.012493041519616114 -0.015704040584324338 0.999798633237171 0.41371496752934006
0.9999211163533098 0.0030687152894945213 0.012179657516648474 190.0130806608264 -0.0032716435896181966 0.9998555858399424 0.01667644485159012 0.4007101516407956 -0.01212672334034793 -0.016714976851244488 0.9997867533278729 0.4190402374758035
0.999915714541312 0.0026039507876018503 0.012719404610017271 191.3992052854971 -0.002771955191450912 0.9999089179205445 0.013208789777353704 0.3883720715142303 -0.012683851061651949 -0.01324293408808951 0.9998318581736553 0.4145558016298581
0.9999079872796204 0.003530006253911238 0.013097939924501544 192.80702340247132 -0.0036718645421781946 0.9999346945561208 0.01082238576936113 0.3989348075629185 -0.013058881468272792 -0.010869483833389853 0.9998556495494704 0.4064720666105208
0.999905566494595 0.0031173253673119753 0.013384333217510886 194.17306460346688 -0.0032437167398109918 0.9999502572426759 0.009431932040575589 0.36383986606173296 -0.013354265042858856 -0.009474456335879105 0.9998659401551313 0.40434051946045646
0.9998980912331622 0.0036195238563419318 0.01380964139043016 195.6214446947242 -0.0037343890308081137 0.9999585725767609 0.008301052271445652 0.37887180336114756 -0.01377902343584226 -0.008351776894773028 0.9998701847419267 0.40390028089281066
0.9998871442427619 0.003966346100731269 0.01449023383742559 197.03890559810736 -0.004047441971652429 0.9999762877091422 0.00557155570094644 0.35695443466154364 -0.014467791522556787 -0.005629575299421471 0.9998794881836549 0.4136571910328018
0.9999094291895646 0.005023586896849159 0.012485871715216819 198.4530790085677 -0.00512600470704266 0.9999533697805532 0.008184273960444393 0.4106867926922294 -0.012444175084850842 -0.008247535341302703 0.9998885541235341 0.4278000327820417
0.9999418650126983 0.005457727993243095 0.009299451600945152 199.89091759366497 -0.005597896770734256 0.999870106261414 0.015114038392588664 0.41924015443794055 -0.009215755349983725 -0.015165217108245165 0.9998425306233922 0.46020690043146095
0.999955044410192 0.0063759402382710115 0.007018300698089117 201.36733320057243 -0.00655205005753122 0.9996568425727766 0.025362723384334387 0.4190618362792577 -0.006854181107499767 -0.025407567445638195 0.9996536778894183 0.4262291363955634
0.9999230501861728 0.006609274421660722 0.010498152123108196 202.76098045012827 -0.00693004193896566 0.9995009872752747 0.030818029698138964 0.3727026635867166 -0.010289228596202774 -0.03088841089098595 0.9994698784093119 0.4301180402847788
0.9999029271977371 0.008342634287931628 0.011159598314219237 204.24691160855346 -0.008663427580983346 0.99954147950981 0.02901337212199295 0.4171315575609306 -0.01091243345665642 -0.029107236084486073 0.9995167270254041 0.4058237008637546
0.9998925777205437 0.008874348517460806 0.011665288584385085 205.71278087598134 -0.009190555846226625 0.9995839824582469 0.027338538661540696 0.4451406401812162 -0.01141782389966378 -0.027442812379597815 0.999558165063992 0.4153635548678697
0.9999108156226754 0.006758413478382419 0.011518882239671348 207.14266374707745 -0.007050472126723361 0.9996498150775196 0.025505647575999116 0.40913277529747505 -0.011342470788434684 -0.0255845864288636 0.9996083119370694 0.42296554946809856
0.9999213513141587 0.005421422939379923 0.011309259895286904 208.53391634941408 -0.005693065582979737 0.9996926859743146 0.024127217281076144 0.3966181304072615 -0.011174980551869931 -0.024189704065422812 0.9996449259746646 0.41682961737448426
0.9999306043679624 0.004845499405837452 0.01073813688818504 210.08463346162637 -0.005110731570752994 0.9996790759246859 0.024811803263322083 0.39574255496661154 -0.01061446518356342 -0.02486496116775815 0.9996344666101669 0.4031137377584584
0.9999340843853499 0.004138219532445236 0.010709903059005167 211.55469919150062 -0.004431905544915181 0.9996107386752121 0.027545041993755133 0.3803716544040615 -0.010591746677151487 -0.027590691624134262 0.9995631889170534 0.41510320688634855
0.9999242738600992 0.004346461654465237 0.011513245260987381 212.99828245678026 -0.004679496475297683 0.9995667440635395 0.02905901710230701 0.4072675869993024 -0.011381953175578505 -0.029110692765730566 0.9995113899844305 0.4156093289804828
0.9999287746584551 0.0033362061454843173 0.011459290492672154 214.43162918956673 -0.003666945023034455 0.9995737472713373 0.028963378258329293 0.40072706733101543 -0.011357778138291686 -0.029003335920060158 0.9995147859743094 0.4184772037188268
0.9999351303516572 0.003530515974212343 0.010829152578588653 215.91123788394495 -0.003858029368110969 0.9995311758192107 0.030373412301894196 0.4141246915058266 -0.010716841792679179 -0.030413221177999154 0.9994799574176407 0.42629963277312494
0.9999417965579618 0.0031037384844992736 0.010332971685601482 217.40234708497468 -0.003414466027995841 0.9995383188194427 0.03019090315551573 0.4006053192620013 -0.010234496479029444 -0.03022442752182257 0.9994907398584535 0.4248865613605076
0.9999429669845175 0.002817779525291332 0.010301596805700492 218.80165440683538 -0.0031404093488591896 0.9995007832040899 0.031437592203165 0.4132673371803068 -0.010207869871915857 -0.03146815045339894 0.9994526276416108 0.431242508160425
0.9999557321667963 0.0023493313706142278 0.009111221042061884 220.41336458070575 -0.002620413677370927 0.9995507851312263 0.029855675770423667 0.3930217277532485 -0.009036987270418762 -0.02987822929258465 0.9995126934038476 0.40445580753881816
0.999951014997747 0.0022742156472173383 0.009633044594816252 221.85157390561855 -0.0025842981428858464 0.9994748683440723 0.032300293368760315 0.4170322981105665 -0.009554528145567606 -0.03232360579807359 0.9994317863166682 0.44900493433618843
0.9999549700568237 0.002251339556444992 0.009218965715218696 223.35827598535815 -0.0025627741414603897 0.9994215816898112 0.03391068034316024 0.43023795301267664 -0.009137288840605492 -0.03393277947409729 0.9993823474675774 0.4533771830656421
0.9999559812648858 0.0013820275805330878 0.009280384277926735 224.8569813679723 -0.0016720549608311792 0.999508104575523 0.031316978143707645 0.3991883688767809 -0.009232538371829477 -0.03133111692251249 0.9994664183190952 0.440283329226131
