1.0 -2.1684043449710093e-19 -2.5135375298442207e-37 0.0 2.1684043449710093e-19 1.0 2.3183291766350204e-18 -8.673617379884035e-19 -2.51353752984422e-37 -2.3183291766350204e-18 1.0 0.0
0.9999996144572926 -0.0005723897269502802 0.0006659243699802237 1.3271307127150507 0.0005725266515208768 0.9999998150031163 -0.00020544334102258209 -0.005205242904773986 -0.0006658066531284189 0.00020582452126511109 0.999999757168854 0.013546002618737998
0.9999991933237439 -0.0005795911174914681 0.0011302327185588425 2.626976957089059 0.0005803225594712579 0.9999996223471238 -0.000646939979356719 0.003198424293821559 -0.0011298573310576203 0.0006475953570296306 0.999999152020973 0.02256669301280209
0.9999989048905775 -0.0011077450733070152 0.0009813860088345918 3.951640979713501 0.0011090288001968957 0.9999985289425585 -0.0013084983146946887 0.0013604486391899484 -0.0009799350825978666 0.0013095852670937627 0.9999986623559364 0.04944609312377767
0.9999992905791226 -0.0005399750358916192 0.0010617288786971242 5.267439202713875 0.0005420193089379998 0.9999979982231033 -0.0019260749868912437 0.01201931218781099 -0.0010606867209426076 0.0019266490980465478 0.9999975814805419 0.05424156321774431
0.9999984066988116 -0.000903329502633764 0.001539673877139733 6.589012303708087 0.0009068102980943888 0.9999970315644082 -0.0022615387361213622 0.005631001522594699 -0.001537626392055309 0.002262931324936504 0.999996257416445 0.06507785005945604
0.9999965921669414 -0.0006980026024202555 0.002515640449449258 7.92570536786691 0.0007068623315580287 0.9999935454738461 -0.0035226916258819085 0.010195105520258964 -0.002513165364259794 0.0035244578326103903 0.9999906310545303 0.09470297218992729
0.9999955960295835 -0.000492217319188009 0.00292671207135048 9.23996776412665 0.0005026507790758583 0.999993518174957 -0.003565241964652811 0.027797920854173607 -0.0029249382270727835 0.003566697377535466 0.9999893616465052 0.1048937733720563
0.9999967115392302 -0.0010434485977620076 0.002342674913319189 10.571820210405475 0.0010508412807880005 0.9999944656348301 -0.003156648905572614 0.024002311565142154 -0.0023393681472265978 0.0031591003045629063 0.9999922736911209 0.11957283258394771
0.9999995610611744 -0.0009166310028968747 -0.0001940748901174889 11.891610271435653 0.0009165925008574828 0.999999560250966 -0.0001983836229731118 0.03874710832280275 0.00019425664935252763 0.0001982056483059509 0.9999999614894368 0.13492364383686437
0.9999992869203563 -0.0009415323854484293 -0.0007346261266481427 13.232492776747725 0.0009430365311742085 0.9999974544046176 0.0020498454540258636 0.03913409552096555 0.0007326942607071374 -0.002050536771596982 0.999997629226224 0.1442580956056527
0.9999993819987186 -0.0007811756378143882 -0.000791054235625069 14.572918710030018 0.0007858974093826578 0.9999817728463027 0.005986346166690727 0.06405946613124794 0.0007863634291729909 -0.005986964154595585 0.9999817687801958 0.15956415173761807
0.9999999306589825 -0.0003668371534022654 6.412903325152211e-05 15.921974268440257 0.0003664448557002053 0.9999818492766261 0.006013886885086397 0.0828948528972117 -6.633398640898764e-05 -0.006013862968323026 0.9999819143624551 0.1785809923742361
0.9999956492584112 -0.00018537896626079966 0.0029439936968947214 17.26514934784865 0.00017229415499874103 0.9999901096054229 0.004444210397624896 0.07032659645110388 -0.0029447884427647843 -0.004443683829107562 0.9999857908465771 0.19727277674436328
0.9999871312408513 -7.470290981925705e-05 0.005072649422912338 18.630052237883106 7.502302702173769e-05 0.999999995206545 -6.291625552886837e-05 0.07924764246273815 -0.005072644698569459 6.329601138945638e-05 0.9999871320518964 0.21786120222086683
0.9999943386486827 -0.0003886084254232306 0.0033424024406652816 19.96669362162032 0.00039510137093820043 0.9999980359576575 -0.0019421574947788675 0.06891789342634669 -0.0033416411372793916 0.00194346708732951 0.9999925281571809 0.24106843808275003
0.9999995894324658 -0.0002362317370716414 0.0008748311071859882 21.321996465593237 0.00023874008636387496 0.9999958580790475 -0.0028682447456146415 0.0759756490625807 -0.0008741499132660923 0.002868452425260552 0.9999955039111992 0.2322534206547763
0.9999999813193475 5.667986777741295e-05 -0.0001847936610056728 22.674405359565537 -5.681322322403405e-05 0.9999997379463815 -0.0007217197697781572 0.08607215537432387 0.00018475270559870186 0.0007217302550194743 0.9999997224859 0.280683382531981
0.9999987524799953 0.0008379775101654248 0.0013389668201643436 24.039343483928555 -0.0008402889257183469 0.9999981563145574 0.0017266389336895594 0.09594538253610164 -0.0013375174669361014 -0.0017277618986638373 0.9999976129400745 0.26186317171432594
0.9999826210574707 0.0015777946615397208 0.005680505878603494 25.431562362620213 -0.00158962245609528 0.9999965769615745 0.002078260229335041 0.10395861159373347 -0.005677207366118461 -0.0020872539710765636 0.9999817061763591 0.2748981632736977
0.9999762784678564 0.0017109922204950785 0.006671956774253961 26.803885972613962 -0.001714663616943878 0.9999983816730801 0.0005445914996761047 0.09655286617840347 -0.006671014185027411 -0.0005560187426659756 0.9999775939554352 0.2958757291961712
0.9999809542635292 0.0017579067948339856 0.005916153640858988 28.17155046076696 -0.0017343837964896964 0.9999905802990962 -0.003978847310898188 0.09534181639097948 -0.005923092355184624 0.003968510649808597 0.9999745836270911 0.31025815339431806
0.9999915876486184 0.0016302845409777698 0.0037638815484819753 29.534232258307142 -0.0016163967117568691 0.9999918860616455 -0.0036898607755994836 0.10210272427555639 -0.003769866531559937 0.0036837458094356812 0.9999861089650923 0.3132286967150056
0.9999954805836345 0.0023923335323135088 0.0018208658863642232 30.92072688172521 -0.0023850948506663125 0.9999892860689094 -0.0039672496702714095 0.10596087494890569 -0.0018303373621498414 0.003962888802769003 0.9999904726433536 0.3476299904779806
0.9999957450904488 0.00282360795448999 0.0007328295283352296 32.30484439985466 -0.00282239505067036 0.9999946543148694 -0.001650886992750099 0.11229648118607376 -0.0007374870685040099 0.001648811633941507 0.9999983687651794 0.3361910770857043
0.9999932677603061 0.003405006476055645 -0.0013676128702132951 33.68449725900944 -0.0034050469699892514 0.9999942024386091 -2.7281898356626466e-05 0.11634433600731146 0.0013675120463531379 3.193850074818551e-05 0.9999990644449299 0.3725355110737738
0.9999930192206866 0.003591266672005971 -0.001031655749748926 35.080678122108054 -0.003591133844001875 0.9999935433329895 0.00013057582815920605 0.12750408464687976 0.001032118021311118 -0.0001268701027598835 0.9999994593180374 0.3604250822832741
0.999995067624693 0.00306331416706579 0.000693420939694663 36.47216257571819 -0.0030635079997845347 0.9999952686275608 0.00027864175523917815 0.12101730286152441 -0.00069256409162558 -0.0002807646814694378 0.9999997207630473 0.400345311819179
0.9999940331460473 0.0028470130350184723 0.0019565758560668224 37.87486165713168 -0.0028501574704405106 0.9999946483369327 0.0016062066765449446 0.13329520039862908 -0.0019519924937870185 -0.0016117736418369403 0.9999967959503828 0.405755293791162
0.9999939990995756 0.002445771314122126 0.0024535622096865575 39.26671080038971 -0.002454243268552442 0.9999910167779762 0.003455872296248606 0.1302354202600674 -0.0024450878954650444 -0.003461873196440175 0.9999910184492434 0.41218829327060275
0.9999917366623656 0.002972121052610154 0.002773644431888488 40.66796333560373 -0.0029890443419278243 0.9999768212748225 0.006117395444443782 0.145999950948507 -0.0027553985025588887 -0.006125635440535437 0.9999774419303376 0.4398111257230009
0.9999904891207617 0.002876664317721211 0.00327818096249676 42.094486830663776 -0.0029061912882375057 0.999954931142081 0.009038237484839446 0.15140069528697792 -0.003252033243357 -0.009047678544208676 0.9999537808282665 0.45982690132993637
0.9999916786658584 0.002486588990486929 0.00323411104184564 43.48158512926274 -0.0025171952927175775 0.999951760754443 0.009494203070685709 0.14976776456040208 -0.00321034684993992 -0.00950226495534021 0.9999496990518181 0.4598725914228821
0.9999928197736997 0.00212522719963233 0.003137484724250855 44.90941445301837 -0.0021525786598084657 0.9999594872265835 0.008740155070802494 0.15785352388890145 -0.0031187828007576495 -0.00874684599717408 0.9999568820098911 0.47474784385169505
0.9999954900278551 0.00129989876590089 0.0027074318363073326 46.307497692642585 -0.0013227088224267547 0.9999635052423207 0.008440297676175627 0.14877490924086356 -0.0026963614967054363 -0.008443840754644216 0.9999607148223321 0.49560894370833125
0.9999938991633907 0.00047788612310777263 0.00346023999919034 47.73609629495437 -0.0005063917966317837 0.9999659069241301 0.008241878229523027 0.1636732669437226 -0.0034561833497312867 -0.008243580184320561 0.9999600482931295 0.5190419372172248
0.9999905370328939 -0.0006143204832548746 0.004306791730315769 49.134751827951234 0.0005776739899100372 0.9999636642344053 0.008505086928602572 0.165653279305699 -0.004311860088853094 -0.00850251852368217 0.9999545564881079 0.5295354281457854
0.9999891847087362 -0.0015381152873412773 0.0043891533260966694 50.562850702665585 0.001497427101060962 0.9999560184909657 0.00925844456550178 0.1763916456880182 -0.0044032008396332045 -0.009251771995585944 0.9999475068908905 0.5465851220337106
0.9999858935929127 -0.002748347965206116 0.004545239118675879 52.01335241638562 0.0027065892786696027 0.9999543089429453 0.009168118722684783 0.18112490222165212 -0.0045702286223322395 -0.00915568729800226 0.9999476418295313 0.5492535812370423
0.9999752662896273 -0.0037354312853393164 0.005959308861046545 53.42237177128023 0.0036741825153450824 0.9999406568634036 0.01025588291805362 0.19724841615255 -0.005997265362877658 -0.010233733663595113 0.9999296492771228 0.5799147398664694
0.9999665402376853 -0.004678063389802444 0.006710747200922651 54.87936805556238 0.004617999833389246 0.9999493909533745 0.008938098763955068 0.2020147639730133 -0.006752220569006764 -0.008906809467839104 0.9999375361803812 0.5897732575774448
0.999958209991233 -0.005182970191948853 0.007530942246390826 56.27610696688527 0.005140810129748112 0.9999710671775944 0.00560685998691206 0.20566921635992017 -0.00755978454315886 -0.005567910531997258 0.9999559230435953 0.5838389291408859
0.9999596943592773 -0.005452129885275382 0.007133297737711771 57.70390059749833 0.005423237619311647 0.999977038247828 0.004063430918114913 0.2275782467888979 -0.007155288297842356 -0.004024581570287317 0.9999663017284927 0.5954083031922314
0.9999581914524615 -0.00538597794903673 0.007389627098507076 59.152183055163306 0.005363772117629008 0.9999810499572908 0.003021535203262671 0.2432259710148937 -0.0074057609867349645 -0.002981772601473838 0.9999681313603751 0.6128018878846039
0.9999548651388248 -0.0051325550469314635 0.007995283852688495 60.55486693005953 0.005111095972238649 0.9999832875610212 0.002702091155860892 0.24613654469365334 -0.008009018863594272 -0.002661104534255309 0.9999643864355873 0.6300277205990051
0.9999490841330205 -0.004636069032970192 0.008963035504497159 62.01188816226516 0.004627431178977859 0.9999888090351106 0.0009842180779601212 0.25753855446436297 -0.008967498102434445 -0.0009426921356915894 0.9999593468283199 0.6361761871972872
0.9999533820812205 -0.004218822059392063 0.008685344251090226 63.411822595623406 0.0042326920276758995 0.9999897952060642 -0.001579177612760477 0.26568923227210584 -0.00867859334959347 0.0016158663821559975 0.9999610347375079 0.6426856902146314
0.999961244442508 -0.003791840258693413 0.007945537140019884 64.82756222542399 0.0038065481437628422 0.9999910681696688 -0.0018367830884992676 0.2763669713781695 -0.007938501383768799 0.0018669569725982224 0.999966746780833 0.661650806927011
0.9999638335191888 -0.0030030338932047745 0.007956974364919314 66.28232150051448 0.0030200522828617484 0.9999931761713802 -0.0021276500848492873 0.28439386479154694 -0.007950530662572236 0.0021516036138287675 0.9999660792567278 0.6713634286020639
0.9999663319793208 -0.002468295133999101 0.007825754082152964 67.64910046331585 0.0024717167903256184 0.9999968538870551 -0.0004275887045073352 0.29534706404186134 -0.007824674046328053 0.00044691735620380643 0.9999692868988255 0.6835544229133524
0.9999559864376519 -0.0018290854301526468 0.009202153769176933 69.12525334674805 0.0018075712585693894 0.9999956151239435 0.002345723562340289 0.3143903603649214 -0.009206403947664246 -0.002328986770019926 0.9999549079568426 0.6937033728219718
0.9999460802283169 -0.0010400171143842233 0.010332231144641683 70.48556802841088 0.0009816975000400895 0.9999835685854688 0.005647904840682472 0.3266133332283801 -0.010337935289163436 -0.005637457181458443 0.999930670681965 0.700370065759888
0.9999342793832983 -0.00011403612342091896 0.011464026777989819 71.93458840197049 2.85494841862108e-06 0.9999529750914646 0.009697814061848288 0.35050950801059866 -0.011464593584300405 -0.009697143986322364 0.999887257890836 0.7155697379372894
0.9999402418749095 0.00018673024836240968 0.010930590604434753 73.30302526849813 -0.00033559100220604464 0.9999072078889925 0.013618479735951853 0.35445071114300597 -0.010927033349754594 -0.013621334128991898 0.9998475179739758 0.7127773277077669
0.9999434521221308 0.0009053985617795514 0.01059588653772805 74.69016117112909 -0.0010894472137808588 0.9998484157043205 0.0173769594097686 0.3684966680456751 -0.010578547293672424 -0.017387520438656223 0.999792862782162 0.7233350480415107
0.9999416422715619 0.0017719443274073544 0.010657028880146947 76.14123032697105 -0.001970573627096723 0.9998240046661568 0.01865680929068507 0.383184390961647 -0.010622094465401258 -0.01867672098172939 0.999769148955167 0.7227726943614295
0.9999362415248084 0.002036784234935683 0.011106952562266731 77.51217392234174 -0.002246959341491169 0.9998180344954015 0.018943312051220625 0.3851261568498523 -0.011066348040695792 -0.018967061125344447 0.9997588641934163 0.7276505724568614
0.999933459880439 0.002115711335722063 0.011340175354831585 78.91753502701003 -0.002322227695337372 0.9998311427034815 0.01822891490960078 0.3846440296226301 -0.011299693361566967 -0.0182540364247022 0.9997695269831643 0.7475550175825841
0.9999456701791244 0.0017503409386227964 0.010275845299549224 80.28543872654171 -0.0019278593070200685 0.9998486427117389 0.017290894308446342 0.3851942002967712 -0.01024402501529662 -0.01730976528125402 0.9997976955251467 0.7466479426686509
0.9999433726686363 0.0015985540962827067 0.010521220503061963 81.67531607935364 -0.0017783735018327455 0.9998521341633922 0.017104011125981016 0.3908523052800568 -0.010492323086941842 -0.01712175323122492 0.9997983580315224 0.7643814164658742
0.9999394777384523 0.0011722173941237741 0.010939230618849315 83.07709714905985 -0.0013500855505402662 0.999866780824932 0.016266464637222703 0.39820838974655526 -0.010918705470781739 -0.016280249051188005 0.9998078492198758 0.7632302503371291
0.9999470801685317 0.001020757762695023 0.010236938801124373 84.43609463950587 -0.0011889350886095293 0.9998642150610988 0.016435871549994107 0.4141789543294427 -0.01021877173554341 -0.01644717282218225 0.9998125160300676 0.7665204606764654
0.9999435645562652 0.00013066490930656067 0.010623117677584002 85.84624585772532 -0.00030453054045634473 0.9998660093371657 0.01636675390297962 0.41309860870323084 -0.010619555718590641 -0.016369065301728294 0.9998096212467089 0.7683804675243214
0.9999357485157754 -0.0009493924303107261 0.01129590608182135 87.20503808962131 0.0007666536228060571 0.9998689504189477 0.016170783231947806 0.4245347695245673 -0.011309778177254325 -0.016161084187803574 0.9998054352099993 0.7806962397362962
0.9999171163525076 -0.002156431435174579 0.012692920418531718 88.59240892616884 0.0019672669549766937 0.999887101022469 0.014896814075860297 0.42585639275117665 -0.012723611358951718 -0.014870609010672145 0.9998084690087587 0.789744560255272
0.9999069491045234 -0.0032327706996740655 0.013253011962844997 89.97472692255128 0.0030681688815933 0.9999181426138061 0.012421530158167318 0.4249657443695835 -0.013292083064666962 -0.012379711844771128 0.9998350180216946 0.7984573896841268
0.9998972372801005 -0.004167694275801256 0.013716603225497042 91.34716880380152 0.004012990435038259 0.9999282489319729 0.011286846131974683 0.4355620200075839 -0.013762659168581989 -0.01123064166742194 0.9998422185026732 0.8070952883967382
0.9999014854435322 -0.00441779039544156 0.013323007762510934 92.7184625346122 0.0042768477882010455 0.9999347898720251 0.010588889298958822 0.449569277278201 -0.013368918460913063 -0.010530865662944765 0.9998551759567855 0.8115107959659417
0.9999024945565665 -0.004668833767883765 0.013160675165171542 94.04064786280279 0.004554164950755218 0.9999515262368436 0.008729533676455644 0.4587875574870098 -0.013200793959327122 -0.008668746613838057 0.9998752881589725 0.8216361220390158
0.9999079157712882 -0.0049312790391242076 0.012642881987763796 95.42691313521688 0.004826262351322029 0.9999537123138501 0.008323486136604545 0.4760937552119933 -0.012683342210728194 -0.00826170180945371 0.9998854319938746 0.8158606971569131
0.9999142763058728 -0.0047557498455844845 0.012199298467899595 96.77253294281164 0.004657749847780377 0.9999567575753122 0.00804912081061283 0.48186169607119855 -0.012237050545706516 -0.007991609529660583 0.9998931886812048 0.8199950295404125
0.9999220748182777 -0.004566537815609083 0.011618563744687019 98.10745581301771 0.004458160531322546 0.9999464730138524 0.009336804155272245 0.4986589577735262 -0.011660578707238387 -0.009284279160794521 0.9998889103618845 0.8275812538908853
0.9999222584450667 -0.004223253728345814 0.011732058389873276 99.48858782334021 0.004092312537627373 0.9999293216336124 0.011162648226936061 0.5174250397300804 -0.011778371882894535 -0.011113769175664671 0.9998688684475072 0.8260556423794351
0.9999058688283553 -0.00423272965717319 0.013051340247697838 100.83227952836492 0.0040894694432950535 0.9999313128909065 0.010983885466460128 0.5218404928837826 -0.013096935606631308 -0.010929478483314952 0.9998544978034546 0.8276782331451357
0.9998826753183297 -0.00417937356270141 0.014736635806147128 102.15522455468475 0.0040110985346724585 0.9999266309882673 0.011429948774974923 0.5434882533730542 -0.014783324619474928 -0.011369497661585352 0.9998260787937662 0.8297039647200517
0.9998959948463474 -0.003934419725363673 0.013875151590452415 103.49366542106782 0.003783217992165026 0.9999333626410708 0.010906765741711996 0.5539226945086676 -0.013917138781269798 -0.010853138658724159 0.9998442491855406 0.8408235410490483
0.9999252987793039 -0.0037665862793965998 0.011627970111739657 104.82718944802768 0.0036415565481604075 0.9999355323329265 0.010755010180069954 0.5635580679957357 -0.011667730157412775 -0.010711862856978687 0.9998745521649739 0.8433052824902204
0.9999373086860548 -0.00391437199817677 0.010490776403561036 106.15494811542334 0.0038137922921084827 0.9999467385821659 0.009590359077855227 0.5736961289528083 -0.010527757882962417 -0.009549748203457295 0.9998989792090041 0.8462758876881964
0.9999261888001073 -0.0035351947455474425 0.011624084901749227 107.5084697658312 0.003437416745227858 0.99995863528158 0.008420919897457194 0.5818374824897985 -0.011653373666524545 -0.00838034151516614 0.999896979072483 0.8549150605134143
0.9999041550858087 -0.002976765346318842 0.013521076518092277 108.83947317879682 0.0029070047063853065 0.9999823783624087 0.005176126765971483 0.5896177592781636 -0.01353624636936713 -0.005136324827472265 0.9998951886080333 0.847293604111734
0.9998899290769763 -0.0021667562020502014 0.014677700705507118 110.18591814460133 0.0021101636159524457 0.9999902848171104 0.003870075052055094 0.6035414478186091 -0.014685943618081803 -0.003838676719327342 0.9998847871735479 0.860283830211968
0.9999068579009086 -0.0015201282756679621 0.013563359936158832 111.4943297914739 0.0014725449969862435 0.9999927293076838 0.0035175194386445176 0.6094374294288678 -0.013568608401900857 -0.0034972191516840926 0.999901826343087 0.8607645919765117
0.9999346609964063 -0.0007701650202245702 0.01140528753884436 112.83667566823195 0.0007193751516417512 0.999989810470126 0.0044566192694258135 0.6211782269397707 -0.011408603656596033 -0.004448123397910579 0.9999250261698842 0.8641118250140931
0.9999542694743727 0.00030297035785811934 0.009558617522208261 114.17307239998198 -0.0003772635030463893 0.9999697300543348 0.007771527990700966 0.6204752614470178 -0.009555973640758782 -0.007774778712171733 0.9999241152126264 0.8751225918753938
0.9999588164760351 0.0017121040048471779 0.008912578287104109 115.48765338815691 -0.0018083837262421244 0.999939979848624 0.01080585251759441 0.6364505171822491 -0.008893542609435005 -0.01082152485604155 0.9999018949375205 0.8657510247253337
0.9999308162875971 0.003170220074836583 0.011327503833452626 116.85734828449795 -0.003297150064552438 0.9999317925581258 0.011204420241351367 0.6472493975099858 -0.01129121073541729 -0.011240993557959435 0.9998730662558915 0.8773880173131144
0.9999040797013801 0.004005471923319441 0.013258491287002249 118.15471343331123 -0.004163549883406349 0.9999203251459456 0.011916719867257664 0.6526557103669586 -0.013209702831797614 -0.011970779201781571 0.9998410894719209 0.8675320649468737
0.9998829933500825 0.004993102371499941 0.014459202536325213 119.52678177427589 -0.005154502663197895 0.9999245872207502 0.011146792081468352 0.6481865691922795 -0.014402455053699616 -0.011220017830650778 0.9998333263541008 0.8792669793583628
0.9998856832485746 0.005899616354459337 0.013921744193936965 120.84946817961824 -0.006058229713879553 0.9999169083448882 0.011378675614248261 0.648388266134943 -0.013853457592423941 -0.011461715965361255 0.9998383423233299 0.8828853481331143
0.9998772532987887 0.007307219167021446 0.01385939694630265 122.15179903208704 -0.007490882466700945 0.999884200329445 0.013246607543681023 0.6444608266780523 -0.013760996168160983 -0.013348800679886901 0.9998162053621998 0.8830705225566349
0.9998763436213642 0.008384461819922967 0.013304069541375472 123.52622940206561 -0.008582502099170873 0.9998521680046698 0.014899087021669586 0.6468572729538097 -0.013177181947944261 -0.01501142685928988 0.9998004895675733 0.8770385085872858
0.9998737151115027 0.009578336999710084 0.012681060264879638 124.86009480864548 -0.009776705721842074 0.9998293492889444 0.01567444817767008 0.6472554242856812 -0.012528761085998283 -0.01579644772618038 0.999796730533204 0.8770970811039313
0.9998699614405987 0.01066836630535373 0.01209322823527228 126.1929629753153 -0.010866859876055537 0.9998053310793423 0.016468494216562633 0.6393409783190285 -0.011915182130784562 -0.016597768093981065 0.9997912494761538 0.8737216982925633
0.9998647292891331 0.011508365116030182 0.011750772567149674 127.52517610711308 -0.011697987310592075 0.9998003735561821 0.01619784336878852 0.6338434738746325 -0.011562016106629696 -0.016333112663381683 0.9997997545580191 0.8824001774937078
0.9998422173294774 0.012517693810546644 0.01260348314313495 128.85357587364877 -0.012718384670648033 0.9997915592894281 0.015971244941566633 0.6272914687279475 -0.012400932910201142 -0.016129020902692602 0.9997930143523094 0.8818709663157733
0.999817142510727 0.01338855098427521 0.013653872865465003 130.22837836296182 -0.01360046565512562 0.9997866275185535 0.01554756473023786 0.617963907906838 -0.013442800141658235 -0.015730420770553182 0.9997858995738701 0.8862625385274736
0.9998045101772033 0.013765983363533128 0.014192925398154387 131.55050384537887 -0.013965351794043705 0.9998038351006552 0.014044937425647058 0.5985853905047579 -0.013996798869428931 -0.014240400979490371 0.9998006304265626 0.8795818381290794
0.999800236280358 0.013772648976701215 0.014484532229415018 132.89386350766793 -0.013960753920922754 0.9998184647857875 0.012966681277434184 0.58545388827959 -0.014303317227127117 -0.01316630599506533 0.999811013893498 0.8918796846455063
0.9997911072097257 0.013618552006062375 0.015240635997520378 134.22947102708122 -0.013784815237360715 0.9998460311449661 0.010857848430111994 0.5726910811850247 -0.015090421240726428 -0.01106566965518274 0.9998248997408794 0.8770090297460452
0.9997978837500261 0.013046102885044621 0.015296759411133067 135.56637512562503 -0.013189973137535005 0.9998693634318149 0.009342412915748055 0.5527699174267384 -0.015172879014885825 -0.009542288508007998 0.9998393513322175 0.8901789192960964
0.9998179024860093 0.011914851070871351 0.014906313844662043 136.91102861689893 -0.01205082219691809 0.999886291747902 0.009065387967851333 0.5442238792361309 -0.014796606126232924 -0.009243370520992509 0.9998477986916593 0.8901820893841876
0.9998084409116584 0.010912625647730953 0.016247956279831468 138.24884160939138 -0.01104138330727506 0.9999081810424546 0.007856038380238491 0.5312094880237388 -0.01616073440350586 -0.008033933397933863 0.9998371300255342 0.8949610823504498
0.9998130492680509 0.009852009572847409 0.016637440328924318 139.5910990328414 -0.00996670547274426 0.9999270390481674 0.006825054020604836 0.5116436591798467 -0.016568985947895663 -0.006989598539338839 0.999838294034049 0.8944166132953948
0.9998211039636796 0.008550711138994796 0.016871437634844662 140.94916607630677 -0.008642555958699921 0.9999481880535596 0.005378423087110815 0.5112655631953348 -0.016824574150620365 -0.005523273252401737 0.9998432012856964 0.8939611664179795
0.999838748494837 0.0073657480952572 0.016377507846906322 142.27136289752656 -0.007435187845206261 0.9999636091384274 0.004183106567712958 0.5076414185087057 -0.01634610014605197 -0.004304201882760745 0.9998571292220543 0.8795945980486795
0.9998528924658049 0.00634032033155088 0.01593718186684392 143.6238322593744 -0.006407445207328077 0.9999708011429937 0.0041643135513853785 0.49871936791176125 -0.01591031343747271 -0.004265817569058245 0.9998643231592919 0.8703447658163496
0.9998882098268563 0.005632067479489246 0.013850908459408062 144.97698005989716 -0.005659518961146938 0.9999820961102655 0.0019435287618235857 0.48732691129969463 -0.013839714389135366 -0.0020217009734619226 0.9999021827312915 0.8739610997296502
0.9999062503853071 0.0045404477036915854 0.01291800197574789 146.28483053264088 -0.004530535902680749 0.9999894199026623 -0.0007964465903256126 0.4996987126034358 -0.012921481526121738 0.0007378464520226196 0.9999162419411854 0.8873630485324375
0.9998666105743499 0.003593783963586139 0.015932538259305233 147.6840025291979 -0.003427352139135311 0.9999394079025663 -0.010461060212973106 0.4841661560441613 -0.015969167663830153 0.010405058399074723 0.9998183437224166 0.8712931839635484
0.9998444813431274 0.002201936935574502 0.017497559870574025 148.98925170075864 -0.0019036267973725582 0.9998528758828673 -0.01704707581304843 0.47192897367683967 -0.017532522143402382 0.017011115850856125 0.9997015717726965 0.8808927224288142
0.9998933655817402 0.0013511869417298403 0.014540693225183548 150.28772629708513 -0.0010712866337944933 0.9998143191853093 -0.019240049297351153 0.44234442963436743 -0.014563990200788149 0.019222420395588795 0.9997091520755257 0.8832335651874023
0.9999326719604641 0.0013304420379092927 0.011527422521557291 151.68336195386684 -0.0011188776676830598 0.9998311785601341 -0.018340187889375633 0.46135057409410657 -0.011549877002440442 0.018326055304855007 0.9997653504888994 0.8874113477252377
0.9999549599887632 0.0023643467940891545 0.009191727699854966 153.00176671439073 -0.0022247994972360856 0.9998825670759166 -0.015162530292541856 0.4673842622997855 -0.009226497768281244 0.015141397620841733 0.9998427925514188 0.8841831193404454
0.9999500384878259 0.003248306666157174 0.009453519556118681 154.37492131618865 -0.0031028832754511804 0.9998772565395073 -0.015357212325395038 0.47038365645725616 -0.009502244133584699 0.015327111888119653 0.9998373802762102 0.8913301085265924
0.9999162384431401 0.003642401522105756 0.012419702447032645 155.69962150516878 -0.0034196527765912536 0.9998337654782948 -0.01790942166519036 0.4716454153876276 -0.012482871168469967 0.017865450474191795 0.999762473593976 0.8887696874802046
0.9998737028014337 0.004204274296222391 0.015326530063664188 157.03163267594752 -0.003796507035367579 0.9996405955106142 -0.02653801690999355 0.4679715292789711 -0.015432594742319998 0.026476477953587835 0.9995303052607724 0.8775517277669669
0.9998496908237758 0.004266484825402172 0.016804548992295318 158.37413746200116 -0.0037609688194679245 0.9995428331445732 -0.02999966371243221 0.45158580302692597 -0.016924859619471905 0.02993195310290735 0.9994086388011195 0.8779443299111103
0.9998476649848603 0.004189637734617281 0.016943841358299867 159.71440098416167 -0.0036676903701676118 0.9995213259952889 -0.03071916222764048 0.44170283899492685 -0.01706443294314645 0.030652337859813972 0.9993844301929348 0.8874101224233522
0.9998386061036543 0.005211623699360864 0.01719304286965977 161.08897770559932 -0.004701719363878388 0.9995517762675808 -0.029565865374574174 0.44311422516756815 -0.01733942270449133 0.02948025676177827 0.9994149583038742 0.8698926729961366
0.9998362711782752 0.006438753359828128 0.0169107448533119 162.42025311745306 -0.005971892163618806 0.9996035726854743 -0.02751425046084148 0.44478350748095863 -0.017081198444740965 0.027408756440362433 0.9994783603110595 0.8556484811577919
0.9998553918214899 0.0072971495009123005 0.015360568174920463 163.77311209849807 -0.006913146584246005 0.9996659031372377 -0.02490563207621935 0.44825925172983605 -0.015537176377957861 0.024795840658719637 0.9995717895360131 0.8509340756212357
0.9998570980775477 0.007965024306501972 0.014911130464923804 165.11999501210016 -0.007612876442632204 0.9996942372443565 -0.02352607346527441 0.44848695721258913 -0.01509395694357055 0.02340919495029904 0.9996120157618978 0.8383584514261706
0.9998390270482135 0.008171167875136569 0.015973478232320943 166.46712632840755 -0.0078068788945030625 0.9997110056941005 -0.022736704598880737 0.44663982538309277 -0.016154647418271238 0.022608341594343846 0.9996138705806082 0.8301837392686927
0.9998392701721869 0.007994512590870813 0.016047479240779455 167.79869315391392 -0.00764507305261167 0.9997348655194015 -0.02171984168737021 0.43980626948891705 -0.016216864048547438 0.02159366650984964 0.999635296939385 0.8206359235014213
0.9998760573814638 0.007498046470765452 0.01384374134480867 169.18729110866883 -0.007240319869429871 0.9998012720476631 -0.018574018952904024 0.43541282306871687 -0.01398025906369629 0.018471483724832195 0.999731642314834 0.8276285172577984
0.999910923019407 0.006890145713044478 0.011431181851865627 170.5931372225557 -0.0067175608666108985 0.9998639050034929 -0.015068040588267271 0.43767227849996554 -0.011533447120474655 0.01498990871284101 0.9998211251190383 0.8297440994590066
0.9999309116998542 0.00650810002425303 0.00978858831357321 171.95120338910587 -0.0064136671134559925 0.9999328892614562 -0.009647893417430813 0.4402072571218506 -0.009850720849566157 0.009584446113920692 0.9999055463849739 0.823574802010573
0.99991615930664 0.006826693297296517 0.011003209353759147 173.30519389061033 -0.006759500577038611 0.9999583510810188 -0.0061323123924704155 0.4429129206131162 -0.011044614497890846 0.006057422055171519 0.9999206589168155 0.8270695094838488
0.9998818890378599 0.007429375022922664 0.013454083426593462 174.6967017130756 -0.0074333087064965865 0.9999723432007465 0.00024239488940989507 0.45311746047184054 -0.013451910487171925 -0.0003423746153891176 0.9999094603432193 0.857017725919354
0.999846398040319 0.00747711567112002 0.01585159509451792 176.06796398891404 -0.007492916093015381 0.9999714881374869 0.0009376142719478297 0.4490958170951299 -0.015844132485651728 -0.0010562449245419107 0.9998739159576253 0.8429801964598386
0.99983314745449 0.006663976591442383 0.01700790014189518 177.46809781701296 -0.00662788804109741 0.9999756648133826 -0.0021773564586493746 0.4450558866413825 -0.01702199610394292 0.0020642667032271206 0.9998529844190172 0.841165856597703
0.9998409947204604 0.005247181232391557 0.017042663099252918 178.86917460407668 -0.0051750291092773 0.9999774716248999 -0.004274963905176052 0.43947566013279427 -0.017064710666118307 0.004186087885707048 0.9998456242431102 0.8305819193142393
0.9999048401769429 0.0030590096801263993 0.013451879069450582 180.20673018346832 -0.002967268759746556 0.9999722413137361 -0.006834611773219692 0.4348924342657806 -0.013472412806534018 0.006794046052250019 0.9998861610360502 0.8220810198935061
0.999955989264732 0.0013715401327322053 0.00928107813002811 181.62231121944075 -0.0013365603823295362 0.9999919849111852 -0.0037740852841783856 0.44620953544584935 -0.009286180050794205 0.003761514462576164 0.9999498076748713 0.8322839060889247
0.9999630498760189 0.000874831903093274 0.008551815701467838 183.01781014907877 -0.0008728685822181772 0.9999995918335683 -0.0002333090971628784 0.47208861880380476 -0.008552016317145219 0.00022583586511608093 0.9999634053379519 0.8276464118457427
0.9999519688371915 0.0005106002370081003 0.009787711991183865 184.34405337829114 -0.0005370403145654116 0.9999962137118829 0.002698916374933353 0.4881162315971329 -0.009786296864745553 -0.002704043138768163 0.999948456943846 0.8224685454464294
0.9999161363207424 0.0007317116036901141 0.012930000909807886 185.79283367515757 -0.0008050601292838826 0.9999836101687068 0.0056684453025403325 0.48110369868409425 -0.012925641322071604 -0.00567837935406568 0.999900336935799 0.8285268352749662
0.9998796623402385 0.001153050247376683 0.015470336567047917 187.15218595282715 -0.0012754535866687905 0.99996794474826 0.007904599552719162 0.4916904184279746 -0.015460726261045082 -0.00792338002796905 0.9998490816080261 0.8436726395868948
0.9998712498249429 0.0013145051806026191 0.01599236848114038 188.60912356115438 -0.001405281610328041 0.9999829588473537 0.0056663214246463495 0.4956632181694292 -0.01598464754388026 -0.0056880656661031335 0.999856058116305 0.8227391999096952
0.9998573608147105 0.0011765511295132147 0.016848553412128663 190.0259197155289 -0.0012589518051923125 0.9999872958637205 0.004880896589375839 0.4915493245121949 -0.016842596741414737 -0.004901411898995927 0.9998461397117071 0.8251024039183514
0.9998467747273277 0.0013592600091634304 0.017452205579459545 191.38039656918096 -0.0013909073179828543 0.9999974102359537 0.0018013601023624377 0.4947861039280691 -0.017449711865615763 -0.0018253584889249838 0.9998460759647926 0.8200685424435714
0.9998433477792474 0.0017466520964742587 0.017613321891140205 192.83518860753895 -0.001755929053367719 0.9999983276669909 0.0005112498225704976 0.5016573452691279 -0.017612399460226188 -0.0005420974777854032 0.9998447427053753 0.8159261978189137
0.999828273276831 0.002147337959231781 0.018406870889955466 194.20123578017956 -0.002099859086418528 0.9999944195691622 -0.0025983499285809077 0.4975376521918197 -0.018412347707118536 0.0025592518873712206 0.9998272029114277 0.8030235644703946
0.9997976818460979 0.002540551513025868 0.019953470203916072 195.6512796176905 -0.0023877885058490385 0.9999676877721311 -0.007676058735376294 0.49422079510493117 -0.019972326885474307 0.007626861062538997 0.9997714424552806 0.7906792933369962
0.9997798912034896 0.0028947901299089416 0.02077954126640702 197.0628874892067 -0.0026622366641090647 0.9999336173410391 -0.011210415122044778 0.4845144568829776 -0.020810613664253245 0.011152627554441085 0.9997212297723547 0.7926668646495728
0.999847867577223 0.0030416536849341555 0.017175274208605668 198.48262432790338 -0.0028789822512293698 0.9999508429532946 -0.0094880523919609 0.49089435607906834 -0.017203289292370073 0.009437161641956503 0.9998074748758716 0.7837782232977619
0.9999209642178796 0.0032438582236213537 0.012146715663554731 199.91938066792892 -0.003207132576496851 0.9999902309401163 -0.0030417634638199025 0.5068768746524769 -0.012156464050988445 0.003002566928163483 0.9999215994134835 0.7805778884590823
0.9999257672918453 0.004545094584634326 0.01130495559616074 201.3660205079749 -0.004625391992464438 0.9999641903324074 0.007086875317732014 0.5173348689588195 -0.011272340250830088 -0.007138639090874472 0.999910983126598 0.769723744850106
0.9998694587712547 0.0057369468213782655 0.015104729644945872 202.79514065295217 -0.005938873995757874 0.9998931446773773 0.013357731949993444 0.5380044507394041 -0.015026483026335195 -0.013445693301352764 0.9997966884019497 0.7598664434401259
0.9998286963472944 0.006599556459923063 0.017292305080646924 204.22697828182064 -0.006860661019402478 0.9998626941666428 0.015083903480181723 0.5313956093543833 -0.01719038367363367 -0.01519995619582092 0.9997366913546779 0.7504677367008549
0.9998191795444235 0.006151894510366821 0.017993399041012246 205.71598216070407 -0.006418822293713342 0.9998696513761871 0.014814822888704164 0.5281191395882595 -0.017899914398608458 -0.014927640496584276 0.99972834240794 0.7544524226936544
0.9998216171532257 0.004852691020471206 0.01825336305912773 207.15244425471727 -0.005060906059182258 0.9999224600619293 0.011378097097471906 0.5172301982601119 -0.01819673330487159 -0.011468445995827178 0.9997686500603387 0.7503196737849397
0.9998313234643097 0.0037383534279671004 0.017981916840385012 208.57894914648395 -0.003905912790499331 0.9999491987246482 0.009292137278747396 0.5103059858726585 -0.017946266042827105 -0.009360805712206615 0.9997951324404107 0.7441574610225584
0.9998430235211443 0.0033037492638236673 0.017407284592898427 210.07313830577547 -0.003472344437524289 0.9999472734105521 0.009664016913766473 0.5181451538821716 -0.01737443927738586 -0.009722943978248301 0.99980177696391 0.7301523154673011
0.9998425788553561 0.003090077062394774 0.017471946989945024 211.53291782707853 -0.0032791992630538612 0.9999362358563041 0.010806066523901104 0.5205900841917667 -0.01743744132790629 -0.01086165941623336 0.9997889577279105 0.7277155898104446
0.999831826273744 0.0029316877889573115 0.018103159304882474 212.96820555011215 -0.0031479190831942734 0.9999239100853278 0.011927474381240205 0.5241038121165447 -0.018066814206039082 -0.011982455774070633 0.999764977871333 0.7100888259963556
0.999830822060046 0.002542479348742686 0.01821710892248952 214.407384935071 -0.002750603972513482 0.9999311349740413 0.01140874608851191 0.5346771929009135 -0.01818684789948559 -0.01145692403252111 0.9997689620383272 0.712399792295548
0.9998417909425776 0.002319315156825743 0.017635585103485115 215.88375449086305 -0.0025338743546144587 0.9999229309358935 0.01215366896568647 0.5336028125050589 -0.01760603775680306 -0.012196432501997525 0.9997706109246912 0.7083733100331958
0.9998488785942374 0.001967009346514534 0.01727283555403534 217.3432475430294 -0.002165663443763389 0.999931644963681 0.011489791211135561 0.5387281620523551 -0.017249054342031906 -0.011525462006265327 0.9997847937680628 0.6974628530007986
0.9998489135421506 0.00140413035110539 0.01732566034927471 218.82623934214368 -0.0015948547483233334 0.9999382339936839 0.010999301610766458 0.5346590867886719 -0.017309145759195503 -0.011025271676923147 0.9997893962517991 0.6906745124196021
0.999853132747253 0.0011996811780347486 0.017096014172175975 220.29971877226154 -0.001429899419386212 0.9999083831334704 0.013460339039547633 0.5436724253195201 -0.017078299773531657 -0.013482807737270463 0.9997632447596607 0.6947600134984888
0.9998537081968247 0.0011215341135716252 0.01706764091170784 221.79673248258098 -0.0013118290188475028 0.999937061619785 0.011142347320728087 0.5494258113616742 -0.017054070179409304 -0.011163107113278179 0.9997922502849745 0.6778731469360509
0.9998568902550283 0.0006714703876852592 0.016904086401301446 223.27289238177153 -0.0008965620814365966 0.9999109926407839 0.01331176068581778 0.5522682276367186 -0.016893643360102423 -0.013325011206029646 0.9997684976485212 0.6776089223187386
0.9998566629474188 0.00033615451713491504 0.016927508965950782 224.76294730438735 -0.0005383905060066503 0.9999285224669384 0.011944040051360431 0.5578744828175085 -0.016922283986352912 -0.011951441637981166 0.9997853766421366 0.658461190655873
