1.0 -2.1684043449710093e-19 -2.5135375298442207e-37 0.0 2.1684043449710093e-19 1.0 2.3183291766350204e-18 -8.673617379884035e-19 -2.51353752984422e-37 -2.3183291766350204e-18 1.0 0.0
0.9999995268291502 -0.0002809530745176093 0.0009313467912151692 1.3159403097026108 0.00028115205900036645 0.9999999376795763 -0.00021352836643553978 0.006010045425262196 -0.0009312867417221958 0.00021379011546813473 0.9999995434992913 0.015996103642362643
0.9999990901967917 -0.0002577185035582927 0.0013240795904743885 2.6162883054738173 0.0002588818636594331 0.9999995805898094 -0.0008785217049831707 0.018206523285041073 -0.001323852623842763 0.0008788636858933203 0.9999987375056291 0.025284247497241175
0.9999988384581233 -0.0008451544070600145 0.00126838339323948 3.9423617920900393 0.0008471020112102778 0.999998461943508 -0.0015357502403519482 0.013306371043900068 -0.001267083496310391 0.001536822906637131 0.9999980163354161 0.04961266121035166
0.999999206370347 -0.0002217910096802519 0.0012401884631867363 5.253570876893353 0.00022464613734064843 0.9999973239937306 -0.002302507218423444 0.022670568304621757 -0.0012396744690338633 0.002302783994633268 0.9999965801906949 0.05636358672259899
0.9999984051876312 -0.0006327620443469448 0.001670100113596629 6.580788814866334 0.0006372151358549872 0.9999962400518996 -0.0026671780845017984 0.014070440956824542 -0.0016684061450494923 0.0026682380439239763 0.9999950484510792 0.07104470250001513
0.9999960474440919 -0.00047721585889711214 0.0027708051569158274 7.91434192950333 0.0004870471574921191 0.9999935851478373 -0.003548583976946273 0.01611497235541137 -0.0027690939420599472 0.00354991946374535 0.9999898650439117 0.09807729893513581
0.9999951793490469 -0.0002823652443254863 0.0030921753728019924 9.233024052231737 0.00029385915180822007 0.9999930477472389 -0.0037172710403120817 0.03475704682138518 -0.0030911042470716976 0.0037181617846781924 0.9999883101054114 0.10709737374052787
0.9999963731654864 -0.0008083830778751303 0.0025690801218703203 10.563269372562303 0.0008172928815585712 0.9999936492391094 -0.003468935542017223 0.031861280022898016 -0.0025662595774663516 0.0034710226516578326 0.9999906831133641 0.1224842736912851
0.999999753507012 -0.0007019653233492499 1.5185521344941443e-05 11.884957370886838 0.0007019688858015471 0.9999997258010604 -0.00023587600024053344 0.047064278454553576 -1.5019940408308418e-05 0.00023588660186225216 0.9999999720659558 0.13720108299522707
0.9999995167837149 -0.0007842299400044935 -0.0005928032876383952 13.226275846800032 0.0007855807896706544 0.9999970877543687 0.0022819609120860885 0.04391846902704068 0.0005910119791804327 -0.002282425504280236 0.9999972206154664 0.1446686188538532
0.999999678155414 -0.0005780546478388396 -0.000556364891642234 14.563555132996967 0.0005808490890301251 0.9999871521387156 0.005035689807477501 0.07057893801388795 0.0005534468396449955 -0.005036011350808479 0.9999871660607802 0.15516967473911225
0.9999999610511588 -0.0002070290137076544 0.00018718084395347281 15.91366317792827 0.00020592793266718037 0.9999827886168183 0.005863451527745804 0.08862777586279894 -0.0001883915268989551 -0.005863412753606931 0.9999827923017044 0.18342682385958634
0.9999949784084962 0.00010053587014471836 0.0031674990655352147 17.25574955148138 -0.00011340533712104429 0.9999917393210127 0.004063056603751169 0.08173125435887785 -0.0031670644169111365 -0.0040633954120400054 0.9999867291722948 0.19910540624275685
0.9999866353718816 0.00013927923536837943 0.005168140760282878 18.621313843088256 -0.0001383894308718657 0.9999999755411727 -0.00017252831425150294 0.08433168031300216 -0.005168164663487905 0.00017181079241626184 0.9999866301881554 0.21589588867501314
0.9999928526938259 -7.951367172154663e-05 0.0037799786825326327 19.953835404222662 8.753324850431503e-05 0.9999977458382712 -0.0021214750309501026 0.07926607211881223 -0.0037798014755801735 0.0021217907419318746 0.9999906055082982 0.24067932910071715
0.999999351452636 -3.9284361710288056e-05 0.0011382227577346803 21.31384054100109 4.256380293912918e-05 0.9999958481014679 -0.0028813136151044283 0.08253735508737461 -0.0011381048413830269 0.002881360193525239 0.9999952012288884 0.23354469814417683
0.9999999455061843 0.0003300168891470588 8.745351440092528e-06 22.66167309107491 -0.0003300067508076696 0.9999993014586003 -0.0011349792314866622 0.09305492949053093 -9.11990764632424e-06 0.0011349762836122997 0.9999993558726239 0.27456967436119156
0.9999985533647812 0.000925848736784692 0.0014269101098056025 24.034880314496714 -0.0009281164104365294 0.9999983062377207 0.0015893777456847489 0.09503445250344994 -0.0014254361695809667 -0.0015906997851240542 0.9999977189003583 0.26198100768395594
0.9999787977056721 0.001821193648755841 0.006251991107819835 25.423977589096776 -0.0018332566737139435 0.9999964681500044 0.0019242810307680232 0.11245424317083087 -0.006248464538333413 -0.0019357017360176502 0.9999786046459707 0.27848270976726375
0.9999739947422153 0.0020306561045424975 0.0069199909740626855 26.791951484278428 -0.002033076197926104 0.9999978745738198 0.0003427083548981507 0.09769178888587988 -0.00691928034331975 -0.000356768311618267 0.9999759978498997 0.29016376225163515
0.9999783801835951 0.0018520924066091477 0.006309430965693935 28.167133241170454 -0.001828285203832276 0.9999911959609533 -0.0037769529776966156 0.09887663907606926 -0.006316370683147462 0.0037653358813874885 0.9999729624880332 0.3184153604664803
0.9999888746568927 0.001879202197302626 0.0043265646352668745 29.5240147266112 -0.0018619954061536328 0.999990355752851 -0.003977609130357039 0.10315201845227383 -0.004333997640626004 0.003969508834615424 0.9999827295828978 0.30269696858211936
0.9999947629331328 0.0025203938181949655 0.002030202282695941 30.911370121037102 -0.002512371489315481 0.999989064798144 -0.003944397752906006 0.10507666619362023 -0.0020401215177370973 0.0039392764734986355 0.9999901599541159 0.34088736836137135
0.9999952675081258 0.0028568954298942195 0.001141538371847876 32.29813744006184 -0.0028549387516963788 0.9999944591064335 -0.00171204005662377 0.11417818447837276 -0.00114642316611882 0.0017087729322737774 0.9999978829022541 0.32932565100675487
0.9999931718956296 0.00351198974574652 -0.0011498217876731419 33.674571245616896 -0.0035123428047127226 0.9999937851372178 -0.0003051802123351425 0.11874758932676642 0.0011487428519121818 0.0003092166968154366 0.9999992923871969 0.36938167155821733
0.9999925734836872 0.0037717252643335074 -0.0007918749918957011 35.06978173225335 -0.003772076453219929 0.9999927878054403 -0.00044246619621423136 0.1317606799240817 0.0007902004198083177 0.00044544992324263083 0.9999995885787466 0.35225522495634787
0.9999942589063213 0.0032254242031125135 0.0010386496556086067 36.46694594405518 -0.003225341106060578 0.9999947952388388 -8.166995896332541e-05 0.12673418715584367 -0.0010389076699475266 7.831949065941018e-05 0.9999994572683081 0.39676037376417567
0.9999929399873069 0.0030060891538252546 0.0022546404461819846 37.86481785939238 -0.003008959141709564 0.9999946658372053 0.001270614819470932 0.13769263804681084 -0.0022508088381353003 -0.001277389969895986 0.9999966510616118 0.39926736112043676
0.9999925352539245 0.002679180843043018 0.0027841383656005926 39.25763829774983 -0.002688544254803351 0.9999907247327318 0.003364844468323317 0.1364129070585991 -0.0027750975151337883 -0.00337230462982119 0.9999904631521568 0.40886734573862316
0.9999910135310152 0.003060510042933098 0.00293362156557661 40.65616524822109 -0.003079065847413259 0.9999751507060263 0.00634171301523403 0.1463696158222903 -0.0029141397907793956 -0.00635068883959851 0.9999755879722977 0.4379449980620572
0.9999890971119013 0.0030446902071971094 0.003540553468949356 42.08337979307603 -0.003076225631166606 0.9999553427205257 0.008935849178562869 0.15444646510110907 -0.0035131884649766396 -0.008946643293328907 0.9999538064733747 0.4547664705263347
0.9999898440999236 0.002736609111380728 0.003580875253614633 43.472029847535495 -0.002770983386044462 0.9999497919109889 0.009629917353975538 0.15644390851692871 -0.0035543421451384285 -0.009639742099332414 0.9999472196192026 0.4566454852662397
0.9999914850476961 0.0023372511067103387 0.003401042394292729 44.89916819020935 -0.002366823530016346 0.9999592033114408 0.008717216248693106 0.16269773792186418 -0.0033805293197007005 -0.00872519168917792 0.9999562205674336 0.4715672772834893
0.9999949600603153 0.0014197322861871239 0.0028397560113467566 46.295288043482465 -0.001442663337637576 0.9999662401987808 0.008089325386485158 0.1476555431051052 -0.0028281754653236364 -0.008093381428658526 0.999963248624962 0.48490104568888676
0.9999935070541249 0.0005633252892817427 0.003559285632018288 47.72724268988317 -0.0005904220649480061 0.9999708195653697 0.007616522799031264 0.15983590843295387 -0.003554891190607487 -0.00761857482613357 0.9999646594086421 0.5044541845948701
0.9999902589547961 -0.0004709428748113812 0.004388645386501089 49.12515044912627 0.0004358018501614556 0.9999678662782288 0.008004779054647332 0.16320839561034953 -0.004392274156651513 -0.008002788499953574 0.9999583307838171 0.5159446450138802
0.9999886073661144 -0.001297401970275487 0.004593678929437889 50.552046665766035 0.0012561815451793683 0.99995902602548 0.008964835642599808 0.17994092505258683 -0.004605121703580387 -0.008958963014813847 0.9999492636308077 0.5358595753408888
0.9999845452468125 -0.0025716881163422873 0.004929065606989031 52.001550105252306 0.0025273848088295066 0.9999565440191196 0.008973427403539005 0.18211305828441446 -0.004951928266224797 -0.00896083107589641 0.9999475895830118 0.5440932454966989
0.9999741040078935 -0.003660442598596301 0.006196166039805091 53.41055875354608 0.003600552692211304 0.999946961583217 0.009649354424146446 0.19552420732451053 -0.006231158312951315 -0.009626794922224438 0.9999342465810461 0.5625729063739248
0.9999652209898457 -0.004590001539952915 0.006963382553917535 54.86601894440648 0.0045302344220746835 0.9999529747499426 0.008574687447471386 0.19979274580082465 -0.007002412927700199 -0.008542843472989751 0.9999389911582537 0.5773664413132539
0.9999565962183767 -0.004812689801444396 0.007977699933772009 56.26027509348239 0.00476952964667167 0.9999739354897966 0.005420325451257624 0.21375486154690415 -0.008003578343950463 -0.005382040312289035 0.9999534871061598 0.5745655334470877
0.9999572206330959 -0.005464854163359827 0.0074627255548551374 57.69574537597924 0.005431805560853064 0.9999753835332403 0.0044416006009196565 0.21913487737477744 -0.007486814548455497 -0.004400874517889926 0.9999622892446469 0.5979251073964974
0.9999567746306044 -0.005379091069888557 0.007583814977993435 59.14778095496384 0.005355465229074775 0.9999807540625641 0.0031321712351010055 0.2358634735167893 -0.007600517254684936 -0.0030914209884239778 0.99996633706027 0.6071180013589463
0.9999501150667096 -0.0051512135385149834 0.0085575917847787 60.54525420167834 0.005127363879432212 0.9999829165206631 0.0028065648890295597 0.23741830038230863 -0.00857190280638936 -0.0027625469967150953 0.9999594445858135 0.626182344827789
0.999944148964708 -0.004439077382319729 0.009591326458827924 61.99994667880273 0.004434947529740224 0.999990063505504 0.00045180821872057675 0.25779686011212094 -0.009593236766310225 -0.00040924595517829684 0.9999539001004465 0.626121342386285
0.9999513119308787 -0.004052512280829551 0.008997272471603559 63.3952692908627 0.004067041815697156 0.9999904540585731 -0.0015971733149998469 0.264273006217818 -0.008990714019693893 0.0016336878350843198 0.99995824819113 0.6312375530117398
0.9999598402172388 -0.003619623720789337 0.008198553337876816 64.80986725705691 0.0036377084037848757 0.9999909810635322 -0.002192001177774077 0.2759294068466827 -0.008190545176186064 0.0022217370938590387 0.9999639887785973 0.6488579182341246
0.9999622752089826 -0.0028995981400482354 0.008187825688244778 66.25877770253756 0.0029175610851019254 0.9999933616571408 -0.0021827686468388007 0.2780751974519908 -0.008181442182742058 0.0022065747839473803 0.9999640968712493 0.6625009274763435
0.9999647917932364 -0.002249725903074336 0.008084176350772992 67.62907535731937 0.0022558089683243653 0.9999971793177579 -0.0007434261404729555 0.2930187568271112 -0.008082481042835075 0.0007616363232852777 0.9999670461621738 0.6678609266735742
0.9999519475304499 -0.0017073974981448232 0.009653363343603132 69.102709067135 0.001684364441992267 0.9999957166918034 0.0023936404226646323 0.31176736065057586 -0.009657408890941913 -0.0023772656203695118 0.9999505403077111 0.6838598757638545
0.9999429236635812 -0.0008831935236522237 0.010647506014516247 70.4630070611349 0.0008237696272939535 0.9999840694329115 0.005584109955505843 0.32448344456415323 -0.010652268243455422 -0.005575020142906235 0.9999277215537509 0.6899215130559985
0.9999301658241115 -2.0677724961732022e-05 0.011817912142019412 71.92401215749825 -9.021851749685025e-05 0.9999559733763584 0.009383132182720725 0.34224052849938014 -0.011817585861075862 -0.009383543113930852 0.9998861404095194 0.7007734065215696
0.9999349231918004 0.00039267670215351817 0.011401543159405666 73.28377177080225 -0.0005485463008537966 0.999906396854996 0.013671014059493823 0.35039325080147754 -0.011395107650392072 -0.013676378667858096 0.9998415415395429 0.7036644343985654
0.9999396106859306 0.001010552750556047 0.010943206312950541 74.6881641863518 -0.0012003505380058159 0.9998487354361633 0.017351236419665673 0.36178728333563825 -0.010924016653931196 -0.017363324273985292 0.9997895682743949 0.7130345239448355
0.9999391465502437 0.0017941749781598866 0.010885041686553276 76.1368721708062 -0.0019927043815430195 0.9998313706982976 0.018255390897248057 0.37270127441538026 -0.010850452784010298 -0.01827597066399738 0.9997741027705562 0.7043683788100561
0.9999320478130028 0.0021892078210929682 0.011450201989950611 77.49405900832866 -0.0024049100598860637 0.9998192689716614 0.018858573662304385 0.380236874595798 -0.011406847246214108 -0.018884828886933745 0.9997565939136449 0.7160600417339341
0.99992938741496 0.0022853091456608997 0.011661798577046006 78.91040483609879 -0.002494174877409168 0.9998361829729067 0.017927250482131066 0.3821614958938562 -0.011618918866389187 -0.01795507115766814 0.9997712819160687 0.7314144952324668
0.9999418395133675 0.0019989859325783414 0.010598190688239043 80.28958134699064 -0.00217612359568317 0.9998576948712284 0.016728852109145986 0.3827186554008911 -0.010563241771314041 -0.01675094212379474 0.9998038927015868 0.7317536980806348
0.9999403402308116 0.001754088696880539 0.010781426247587598 81.67395771793954 -0.0019354460759157777 0.9998564261533732 0.01683392789253822 0.38425376957453716 -0.010750350114108707 -0.016853790453409286 0.9998001698938526 0.7478771644554074
0.9999376094514234 0.001316185672783419 0.011092558760144738 83.08493380333826 -0.001498263662912653 0.9998640251240611 0.01642213350047517 0.3916863178766664 -0.011069435874013617 -0.016437728492276326 0.9998036150521988 0.7458313847959843
0.9999450583113557 0.001156939327657788 0.010418342003007041 84.42874725059252 -0.0013297410480283458 0.9998614146764152 0.016594674748929325 0.40484501809501217 -0.010397699141862612 -0.01660761670648991 0.9998080190315967 0.7524609215429361
0.9999417808156122 0.00020719546317524688 0.010788514695821606 85.84497642264294 -0.00038539701875341597 0.9998634900958014 0.01651825180160528 0.4040013362399187 -0.010783619449881154 -0.01652144798385843 0.9998053587114227 0.7551412353228476
0.9999311538228581 -0.0009065425192699238 0.01169896555889496 87.1951388363486 0.0007198167522441699 0.9998724481065627 0.015955230528963568 0.41521571519604655 -0.011711937428565924 -0.01594571096094301 0.9998042632553731 0.764240877419402
0.9999135008663044 -0.0019330613059061568 0.013009767841083816 88.5637648240877 0.0017295412156491034 0.9998762427387319 0.015636748186881436 0.4188028449171159 -0.013038384580716326 -0.015612894692022273 0.999793097619133 0.7794970686698521
0.9999014519227251 -0.003140780279887915 0.013682906930182415 89.96810384894596 0.0029659074558780335 0.9999139084178971 0.012781985190435647 0.41992712592688985 -0.013721874354100968 -0.012740143314689058 0.9998246840884313 0.7773770557197937
0.9998948939319947 -0.003965898137271121 0.013945348353118567 91.33163064004843 0.0038038600952920525 0.999925170195496 0.01162689373323348 0.4265004412422901 -0.013990415901626441 -0.011572625522034691 0.9998351577142236 0.7937782988550104
0.999900350328699 -0.004422018758856232 0.013406534326275765 92.71054717370448 0.004275235051547481 0.9999308239683747 0.010957629450807648 0.44058036096707237 -0.01345406175841729 -0.010899221441163166 0.9998500863600389 0.7895863603565931
0.9998971605351745 -0.004514340591799428 0.013612093252563882 94.024768282073 0.004393718709225702 0.9999509343195243 0.008878298790568256 0.4531306690808342 -0.01365150503056213 -0.008817578042276559 0.9998679346433053 0.8041113444556522
0.999908581396436 -0.004764102323991184 0.012654334388404059 95.42110442313677 0.00465765783887602 0.9999536373274799 0.008427895288787606 0.46517799138741217 -0.012693899055174516 -0.008368185262609414 0.9998844125208612 0.7919092347715327
0.9999114967681356 -0.0046541462679547665 0.012463448697021973 96.76002607824961 0.004553601988861766 0.9999569607922516 0.00808339483449665 0.47390579857930426 -0.012500533581965617 -0.008025925843154525 0.9998896544991983 0.7945802256946797
0.9999174373290989 -0.004474587159209741 0.012045604798527697 98.10992490595126 0.0043484948071408165 0.9999356926628509 0.010473830807148204 0.48390466701613793 -0.012091696246596156 -0.010420585809786932 0.9998725930203611 0.8111200716784713
0.9999191989952351 -0.004150610453253263 0.012015319953827833 99.48588294685705 0.0040077813550353685 0.999921315134173 0.011887019347008256 0.5078625774683214 -0.012063712916749113 -0.011837904088615623 0.9998571552264108 0.804632463409874
0.9999003634105619 -0.004081736920989763 0.013513055728963845 100.82295496917942 0.003915814901991893 0.9999169008575086 0.012282417236378334 0.5144088176942365 -0.01356206640153306 -0.012228278833219922 0.9998332558740469 0.8080919436274865
0.999877672569006 -0.004006285236692288 0.015119179097753597 102.16223756012775 0.003826009276588861 0.9999214698631212 0.011933807430589112 0.5327226446561841 -0.015165802023076255 -0.011874501479101737 0.9998144801229975 0.8128510516332406
0.9998912077325482 -0.0038412317350104593 0.014241405755892457 103.49986856115945 0.003677685512809099 0.9999271980482186 0.011492311895684941 0.5428040730491627 -0.014284513586919657 -0.011438686209385065 0.9998325405433593 0.8196153483911166
0.9999239569050231 -0.003679802676965935 0.011770278656853098 104.8237883449021 0.0035426423465784 0.9999258281358578 0.011652807044791618 0.5548273935595248 -0.011812285663901238 -0.011610223041677968 0.9998628269059295 0.8186422839431057
0.9999364731402054 -0.003817145039145587 0.010605615855637905 106.15023277484586 0.0037104811701129266 0.9999425243833777 0.010058839857767645 0.5642441281146781 -0.010643402341989582 -0.010018848913328509 0.99989316461962 0.8250101530817969
0.9999239762581524 -0.003399409123133987 0.011852667282070972 107.50292483754181 0.00329108571771252 0.9999527520471077 0.009146716799715569 0.5722692046566298 -0.011883200700341257 -0.009107013288070011 0.9998879196440401 0.8321042938314461
0.9998970481555467 -0.002862421952803522 0.014060570059156579 108.85782964807004 0.0027901806553750517 0.9999828213342805 0.005154796624780004 0.5783365034498534 -0.014075083720344713 -0.005115034398377096 0.9998878579327627 0.8295625640581354
0.9998819583842298 -0.0020491884818999695 0.015227282235607445 110.17249974950576 0.001986443011851931 0.9999894795967947 0.004134578562844115 0.591565508928443 -0.015235594569227096 -0.004103842382123609 0.9998755098190097 0.8420876012468567
0.9999039368969421 -0.0013356512029702628 0.013796123146014892 111.49923168674677 0.001284781200585384 0.9999923463791863 0.0036954729489086296 0.6003855873225139 -0.013800953418609386 -0.00367739295065093 0.9998980000309151 0.8403947011639813
0.9999300717742978 -0.0005960597551766269 0.011810854084942927 112.82135953605251 0.00053819853873409 0.9999878424540641 0.004901559588427652 0.6076761454088313 -0.011813632116350108 -0.004894860246652741 0.9999182358770068 0.8407130568330784
0.9999495984150993 0.00046483636244353405 0.010029185242971979 114.16499262469607 -0.0005424743256034418 0.9999698995959421 0.007739872330193099 0.6090910348507471 -0.010025285586344048 -0.00774492280386176 0.9999197516899416 0.8548562409130668
0.9999540940265996 0.0018753143765605836 0.00939643737973838 115.48472030954672 -0.001976489468459899 0.99994005176386 0.010769696739920183 0.6247280794788296 -0.009375677512763896 -0.010787774306030206 0.9998978550815572 0.8405551592701006
0.9999270676143914 0.0032984726318531004 0.011618069133089904 116.83577908707372 -0.00343392260119144 0.999926147203131 0.011657972168071958 0.6347688091254055 -0.011578757604050915 -0.011697017474528702 0.9998645469035029 0.852459727850874
0.9998959661948965 0.004119147228117213 0.013823509441792352 118.15743415884305 -0.004279836329164599 0.999923384974185 0.011614955133943445 0.6406618093305441 -0.013774606643014926 -0.011672909143870288 0.9998369884155863 0.8484844457543467
0.9998783045886543 0.005027421072513088 0.01476824465797287 119.52470054783441 -0.0051959157402787495 0.9999215964622259 0.011393128984321094 0.6386693866177064 -0.014709808718607336 -0.011468477047677485 0.9998260326485148 0.8551365590671606
0.9998777779051641 0.006026969837729555 0.014425840911590548 120.84600259751991 -0.006192240192944288 0.9999153941857549 0.011439433191349449 0.6353180471412058 -0.014355675282769067 -0.011527363311770839 0.9998305028764897 0.8590698966567628
0.9998739264180547 0.007434015232840574 0.014030918959943246 122.15729485915104 -0.0076240861240597264 0.9998792357535953 0.013542053743039928 0.6330165609622981 -0.013928552692778977 -0.013647319382367958 0.9998098549692138 0.8597334349234202
0.999871349693625 0.008483686489283583 0.013612902901300752 123.52056733956502 -0.008690922396993322 0.9998461352551385 0.015237246577144297 0.6331331993199425 -0.013481540332548619 -0.015353594983416844 0.9997912358044289 0.8505627619677222
0.9998681813744379 0.009713466346939603 0.01301032076857384 124.84012650943357 -0.009923375718832943 0.9998200470077441 0.016167876044036494 0.635499189561552 -0.012850933402566087 -0.016294851118047203 0.9997846424794309 0.854599283919359
0.9998639807163329 0.010820594275493943 0.012447281053066464 126.18468879409265 -0.011030927365446426 0.9997953983835653 0.016955235548538526 0.625034334103377 -0.01226126859452662 -0.017090234362738477 0.9997787681191672 0.8491661283733579
0.9998604162002239 0.0116594249659258 0.011966867818230545 127.51853822988699 -0.011856025628912982 0.9997937121592637 0.016491445754874465 0.6170264266840183 -0.01177211842454935 -0.016631023307762956 0.9997923915951428 0.856320562560489
0.9998373597799478 0.012674748201354903 0.012829838124290532 128.8409995651201 -0.012885281606205017 0.9997814584306313 0.01646222634544766 0.6157174673222757 -0.012618379697569843 -0.016624865002525795 0.9997821714540901 0.8585423299730206
0.9998114387507987 0.01352963174878085 0.013929680821907443 130.21070471590625 -0.013755454252393754 0.9997734101596428 0.016245486021323096 0.6044124100709837 -0.013706729054305311 -0.01643403183948123 0.999770997867077 0.859549905093918
0.9997994847921057 0.013847700661237812 0.014464833073249597 131.53743808124406 -0.014060156550813508 0.9997932248129437 0.014690800383268369 0.5850944638254204 -0.01425840829850364 -0.014891232471866658 0.9997874519057848 0.8588212871869488
0.9997927827416584 0.013872366049452163 0.01489795415085534 132.89605053084878 -0.014063125382660815 0.9998194734816006 0.01277689130605128 0.5709910467157082 -0.014718018961889604 -0.012983755510833325 0.9998073824545768 0.8649439395426167
0.9997827186868176 0.013709167739741299 0.01570267923252355 134.22248788524544 -0.013895281320342262 0.9998337653386885 0.011805204178199672 0.5580324602688715 -0.015538229378678815 -0.012020832273352456 0.999807012887603 0.853410069104003
0.9997884845446269 0.013181028946670255 0.015787547240324672 135.55147762079932 -0.013336758846467718 0.9998630383481407 0.009799765746981846 0.5387668799472205 -0.015656213955794276 -0.01000824765538875 0.9998273440666837 0.8636396666297823
0.9998098940826706 0.0120386402398572 0.015337758492502521 136.89299884869718 -0.012188784814608564 0.9998783375859821 0.009733629900294919 0.5295010043475309 -0.015218712795181135 -0.009918728117457329 0.9998349911927417 0.8604455520241151
0.9997984680498776 0.011018640818736023 0.016781324132067392 138.23397771323775 -0.011142468151105232 0.9999112493913632 0.007303337874175989 0.5167198608399131 -0.016699361922523526 -0.007488851387926739 0.9998325101817155 0.8628142526201377
0.9998069679925895 0.009986136336047677 0.01692051519732571 139.5685803689203 -0.010093826012112082 0.9999292662580431 0.006291037838753137 0.49909516255891684 -0.016856495184416943 -0.006460616203527531 0.9998370462272183 0.8574663222887036
0.9998105253133447 0.008689679975774195 0.017418465333445945 140.92875493914403 -0.008770803137073763 0.999951018062632 0.0045863370827728825 0.49588799282291834 -0.01737775834175761 -0.0047382420183808265 0.9998377681292054 0.8585308516679072
0.9998324693803584 0.007526917754269184 0.01668468405139547 142.25120209799786 -0.0076018468752343535 0.9999612837749319 0.004432028347782861 0.49334287931151405 -0.016650678570554193 -0.0045581202606478615 0.9998509781176541 0.8501118068047089
0.9998438441505249 0.006497216251761219 0.01643391296310226 143.5957876989472 -0.006574554052647869 0.9999675463083008 0.00465634719123721 0.4847644014340829 -0.016403126327312792 -0.004763665724458538 0.9998541118260983 0.8437538398716623
0.9998803796230652 0.005759782039328661 0.014354489043307671 144.95980156720952 -0.005792826825257479 0.9999806641156561 0.002261537570712439 0.4679024415274767 -0.01434118552308666 -0.0023444201139287157 0.9998944114715922 0.8461202815618047
0.9999013615589791 0.00461919461435341 0.013263867973346968 146.26880563386473 -0.0045935921526665925 0.9999875284630128 -0.001960058562947089 0.48147962231681823 -0.013272756444484727 0.0018989364259897577 0.999910109948297 0.8479172003479459
0.999861489931964 0.0036725967409376287 0.01623308301622229 147.65354966050694 -0.0035140412485474945 0.9999459493760442 -0.009785184747618728 0.46650198328992726 -0.016268142645570114 0.00972678567770349 0.9998203524510008 0.8514125428716695
0.9998323207691947 0.0023435761113932457 0.018161442572000384 148.96178915982765 -0.0020320055484652063 0.9998507754206867 -0.01715511131128004 0.45795566452441694 -0.018198936747430266 0.01711533060333655 0.9996878833714058 0.8486942635636212
0.9998882389008997 0.0014463703017140522 0.014880111579143292 150.2644465570469 -0.0011548954761241804 0.9998076617783781 -0.01957819362687629 0.4276194655761451 -0.014905566882767746 0.019558820572891177 0.9996975925817271 0.8450952306134735
0.9999287905018784 0.0014007082075445949 0.011851242212011958 151.6625274089255 -0.001180737959256202 0.9998272808124475 -0.018547625213455345 0.448237959019641 -0.01187517508595256 0.018532311234828486 0.9997577374829231 0.8497907387886919
0.9999523284744073 0.0024497969154607772 0.009451945497310038 152.97621542826064 -0.0023079548367237494 0.9998850026568653 -0.01498848912839317 0.44775242835097245 -0.00948757730312455 0.014965959940923123 0.9998429906340114 0.8463191359055604
0.9999464747107516 0.0033454114681347267 0.009790604457801257 154.3460841090202 -0.00319442883768973 0.9998763656925285 -0.015396394185073582 0.4536976666020416 -0.009840901276874056 0.015364294699403027 0.9998335336997097 0.8505214845221045
0.9999154360580744 0.0038125495425096966 0.0124332296197274 155.6769614669137 -0.003573793376444949 0.9998098692289056 -0.019169073879065062 0.45316503602781716 -0.012503948724040573 0.019123019072951983 0.9997389466294899 0.8370620006964247
0.9998676122691442 0.00434276809901972 0.015681144742599976 157.01446321529187 -0.003918081748308827 0.9996274171695811 -0.027012505960865324 0.44939235206047634 -0.015792611266468994 0.026947489829487865 0.9995120940845468 0.8372861751551495
0.9998475634742766 0.004428635924516538 0.016888960844308437 158.3574500595296 -0.003895369728504774 0.9994968523156176 -0.03147806070663911 0.4334031700212103 -0.017019868073247534 0.031407473553609656 0.999361743662298 0.8238511023890279
0.9998422389179369 0.004314791038737291 0.01723020179392045 159.68826524616443 -0.0037725541955543427 0.9995004202389451 -0.03137957579403515 0.42224555173505196 -0.0173569902462608 0.0313096234481353 0.9993590157541619 0.842412897672546
0.9998363005701593 0.005315448561183164 0.017295030175499892 161.0613483904826 -0.004792557623003797 0.9995343229593335 -0.030135836103499576 0.4251945576042107 -0.017447161763685923 0.03004801545560399 0.9993961743540806 0.8278671714612942
0.9998307162854795 0.006534657639050414 0.01719991341854971 162.4020722427979 -0.006043706777984797 0.9995771557284069 -0.02844263268914896 0.43009180073965575 -0.017378503400665633 0.028333866581328155 0.9994474371492003 0.8061969256997573
0.9998476172137942 0.007414881900533756 0.015803856437566724 163.74989136827742 -0.007000727062004649 0.9996347689910358 -0.026102077404716848 0.4293981835310194 -0.01599162820044907 0.025987461411989647 0.9995343514241313 0.8061078949299666
0.9998510922895244 0.00805537646617586 0.015261197771909138 165.09859966429454 -0.00767074309925214 0.9996556054911833 -0.0250964162852181 0.4297765420379656 -0.015458102980327825 0.02497561450783273 0.9995685397871452 0.7870825908931336
0.9998281472784426 0.008288171259427574 0.01658258504971507 166.4441404931325 -0.007877161829500245 0.9996638921882393 -0.024699250526527976 0.42876180544351045 -0.016781723131684044 0.02456438218711651 0.9995573844940053 0.7757535920068513
0.9998291995680906 0.008080430493230758 0.016621622486248648 167.77558586285343 -0.007696239830023052 0.9997047020596502 -0.02304943757024469 0.4200801029562016 -0.016802963533557612 0.022917576723334155 0.9995961409957624 0.7737019460085451
0.9998620148529892 0.00762577234144257 0.014758009700412692 169.16446681058568 -0.007303435172121578 0.9997362522919494 -0.021773508856735888 0.4163813826868314 -0.01492015713079467 0.021662720268798844 0.9996539978721378 0.7704055744369278
0.9999092604388325 0.006944631282630441 0.01154309252389257 170.57236179528172 -0.006746523677601409 0.9998307890459232 -0.017113669801485817 0.41921505442074125 -0.01165998743285761 0.017034241167572878 0.9997869169582639 0.7732732515611812
0.9999285847902233 0.006532280559554784 0.010007728519131814 171.93490276975996 -0.00644186500191116 0.9999383855481971 -0.009040325357091077 0.4192790517837928 -0.010066165840007494 0.008975211304263228 0.9999090548081487 0.7939458084336953
0.9999115443789962 0.00689875811105566 0.01137147985689996 173.28766181097066 -0.00684429667869106 0.9999649548202691 -0.004821279318932214 0.4242019202870053 -0.011404342181151716 0.004743023067859643 0.9999237194464351 0.7983641976082558
0.9998735592913477 0.007544188684959232 0.013998237286799595 174.68096476863346 -0.0075598255166355755 0.9999708575375346 0.0010644781847188069 0.4320868136806656 -0.013989798719418342 -0.001170167822771453 0.9999014532637988 0.8147171022485007
0.9998419140767563 0.007546527405824476 0.01609958941841325 176.02508785328303 -0.007541539073899767 0.9999714935407868 -0.00037053232608330475 0.4321022840974419 -0.016101926708477682 0.00024905806746573745 0.9998703245553164 0.7987874252290194
0.9998280210913185 0.006732461420409444 0.01728011006448301 177.45199260180377 -0.006676851247303361 0.9999723504350294 -0.003273839162855996 0.42556613623547157 -0.017301673272817633 0.003157899407131986 0.9998453279249222 0.7894225927485506
0.9998257709242535 0.005370820434054209 0.017876858884805596 178.8632453260474 -0.0052684060685783225 0.9999694689569095 -0.005771052896404274 0.4191323778436544 -0.017907308374478674 0.005675864859356222 0.9998235408635264 0.7814255880824755
0.9998939841730612 0.003179275904557563 0.014209596026797396 180.19506131014631 -0.0030973051826732215 0.9999784585694456 -0.005786976557840053 0.4136504321774607 -0.014227688326901959 0.005742351591317305 0.9998822922139756 0.7904967594357514
0.9999532729464263 0.0014604078053300274 0.009556104476821871 181.61129261751856 -0.0014274060235935743 0.9999929975558474 -0.0034593859736751767 0.4239373767400165 -0.009561089675011559 0.0034455838856691473 0.9999483554243754 0.7914160945539983
0.9999608204497666 0.0009923909209851184 0.008796176765478558 183.00803021929943 -0.0009999703944529106 0.9999991325287141 0.0008573220103665063 0.45262108503968934 -0.008795318336468341 -0.0008660843372255881 0.9999609453740086 0.7851898016774684
0.9999556019327339 0.0005484768574673803 0.009407089692391105 184.33673826303465 -0.0006116558399099075 0.9999772701473442 0.006714541369223755 0.4680987303826675 -0.00940319310007895 -0.00671999715791129 0.9999332085683125 0.7897068769725542
0.9999116600816166 0.0009601781032036246 0.013257077009500984 185.7881855201635 -0.0010454880479131665 0.9999787832501059 0.00642961930282972 0.4583581363042785 -0.013250622157747236 -0.006442911426348968 0.9998914490607391 0.7819972412601294
0.9998783259973678 0.0012377293702203656 0.015549959058061854 187.14291906791232 -0.0013840801008789376 0.9999548196437102 0.009404413516500839 0.4731084245664557 -0.01553761638655225 -0.009424791632767625 0.9998348642549444 0.8056963596599721
0.9998632209121029 0.001412736159694413 0.0164785813654714 188.60457254776765 -0.0015014383249713614 0.999984444885896 0.005371747313756455 0.47135333024812476 -0.016470736177587098 -0.0053957541446617435 0.9998497890618264 0.7737106262239815
0.9998519844060243 0.0012831881765926491 0.017157001703060212 190.0239137957349 -0.0013563616932614304 0.9999900319181809 0.004253980163609988 0.4692351902582372 -0.017151372023614067 -0.004276621608090563 0.9998437582669248 0.7721182569912188
0.9998414043037395 0.0014482087155507932 0.01775018116646856 191.3699400757228 -0.0014676627188136432 0.9999983365249168 0.0010830113310343376 0.47046637249669077 -0.017748583213035823 -0.001108890849248448 0.999841866574417 0.7629768766487283
0.9998373497872521 0.001905184896803358 0.017934442865974187 192.82561192682152 -0.0019040063407979192 0.9999981839512293 -8.278947633049905e-05 0.4768517049299828 -0.01793456802541119 4.862871766906775e-05 0.9998391615179861 0.7632773145099904
0.9998243850311616 0.002235994371012712 0.01860643507586107 194.18598888709545 -0.0021823168847861715 0.9999934001048447 -0.002904692714616632 0.47260860171183416 -0.018612807151899755 0.00286357746966434 0.9998226659433169 0.7464946969984632
0.9997911419441958 0.0026925828384431767 0.020258886632270438 195.6494156533782 -0.0025323963928872285 0.9999653625200198 -0.007928475812835413 0.46902870178823886 -0.020279532993398942 0.00787551635536018 0.9997633303855998 0.7350903272348462
0.9997741167734687 0.0030543099883753003 0.021032988858586715 197.05541411583886 -0.0028099415943676053 0.9999283267641906 -0.011638108214060626 0.4608364930807652 -0.021067027746380477 0.0115763778903789 0.9997110421601195 0.7376166474949118
0.9998380352644859 0.003101951908778325 0.01772797599300337 198.49046324488467 -0.002974233034293179 0.9999694675257217 -0.007226199151871293 0.47098013752945994 -0.017749850036284716 0.0071723016306073405 0.9998167336632294 0.7492745398854038
0.9999178717605638 0.003366466392476041 0.01236594670266039 199.9282545184239 -0.0033593112728949135 0.9999941778923574 -0.0005993406044991016 0.48443136340992116 -0.012367892366790275 0.0005577503175521667 0.9999233591395826 0.7435040595854284
0.999917592003265 0.004664527100212705 0.011960409245646968 201.36381301988962 -0.004771465771639117 0.9999487592006192 0.008928162606717992 0.49452900269872946 -0.011918150728282161 -0.00898449553805345 0.9998886120579354 0.7292084137924988
0.9998640598682667 0.0058263077414597315 0.015424523391304673 202.78836433289752 -0.006043297761285071 0.9998829071065268 0.014058827418001518 0.5151194967556201 -0.015340806234208993 -0.014150131246829862 0.9997821930049474 0.7098653486527302
0.9998107733476305 0.0068335966744256125 0.01821316706408582 204.24497403827715 -0.007136980938369095 0.9998359936307087 0.016644799295233364 0.5083432709660818 -0.018096436143571953 -0.01677163668174708 0.9996955692619214 0.7178328043531731
0.9998106161984887 0.006308443186414461 0.018410195038677035 205.70071385119655 -0.006593293780425345 0.9998588570263757 0.015452977157648946 0.5018046142894175 -0.01831011234054428 -0.015571434438535089 0.9997110933742823 0.7028499820401649
0.9998116376587516 0.004988282452937805 0.01875649861501252 207.14865618577284 -0.005206088258673558 0.9999193801557541 0.011581443518629159 0.49001980798842315 -0.018697214957531915 -0.011676909998026397 0.9997570024389576 0.6958905196779825
0.9998245289595157 0.00386135422276715 0.018330336452147263 208.57559946901355 -0.004038968653330177 0.9999451595978291 0.009662532229663229 0.48711832776410324 -0.01829202074949667 -0.009734872389414395 0.9997852940689125 0.6863243684901956
0.9998358621692377 0.003364418352413173 0.017802511324163398 210.07033951384983 -0.0035364256924185667 0.9999472871454905 0.009639326931689096 0.49318578240337946 -0.017769142174540176 -0.009700702011912865 0.9997950559824034 0.6730470134034843
0.9998350950509819 0.0032123964115390825 0.01787353388922447 211.52123153103744 -0.0034061533684378673 0.9999356545347686 0.010820578050847572 0.49373903567724825 -0.017837623822269718 -0.010879673681638419 0.9997817021114941 0.665012008927482
0.999820337738915 0.0030492278437386556 0.01870813868878265 212.9511207723197 -0.00327465902235443 0.999922261340701 0.012031121460039351 0.4972886239139221 -0.01866999871261565 -0.012090222696703132 0.9997525982277891 0.6543578843674085
0.9998220350769307 0.0026263420231005118 0.018681555133404436 214.39715865749275 -0.0028478289786565314 0.9999258587348973 0.011839210420743939 0.5065891019310157 -0.01864907624342443 -0.011890305330647489 0.9997553863792937 0.6559268435558787
0.99983432599819 0.002382461886666723 0.01804562082899054 215.8683872399641 -0.002603567563588451 0.9999217107528825 0.01223902777880951 0.5088691678557938 -0.018015049033709204 -0.012283983083154306 0.9997622526220551 0.6499692464940793
0.9998423373702007 0.002127612075257943 0.01762877389244571 217.35438414794115 -0.002322027073876179 0.9999366352424689 0.011015157295186798 0.511847467297937 -0.017604220867790347 -0.011054355106777486 0.9997839229757655 0.6345456042179131
0.9998392654521805 0.0015469451694232635 0.017861976953491444 218.80850541410084 -0.0017711391373560774 0.9999197714791275 0.012542474687465542 0.508963042114225 -0.017841141392870213 -0.012572094724920994 0.9997617896819359 0.6379188019050311
0.9998459281786035 0.0013686911709147632 0.01749990254673942 220.28442777339376 -0.0016150800227776492 0.9998996650851355 0.014073069286895628 0.5147469260289756 -0.01747888500982661 -0.014099164766481752 0.9997478192682896 0.6346751077501939
0.9998471508811584 0.0012959348202283266 0.01743546465603397 221.78628646272674 -0.0014942991134944583 0.9999342560584668 0.011368844750449528 0.5171688573615124 -0.017419585098087144 -0.01139316083192605 0.9997833535027817 0.6149657569567358
0.9998507198359494 0.0008007594529645785 0.017259687941341244 223.27840545357304 -0.0010262942194264343 0.9999141585330967 0.013062246561160906 0.5232400837317258 -0.01724774662699926 -0.013078010144814687 0.999765712998272 0.6120333749472991
0.999849524655694 0.000440282672526159 0.017341689564488217 224.76645626413432 -0.0006678766484326575 0.9999136996107909 0.013120490518398193 0.5293369792668151 -0.017334416245298963 -0.013130098317574461 0.9997635313070814 0.6023637125574584
