1.0 -2.1684043449710093e-19 -2.5135375298442207e-37 0.0 2.1684043449710093e-19 1.0 2.3183291766350204e-18 -8.673617379884035e-19 -2.51353752984422e-37 -2.3183291766350204e-18 1.0 0.0
0.9999994333091904 -0.00044806621102756375 0.0009657214757050459 1.3153078513884016 0.0004484450538791433 0.999999822573711 -0.0003921091434126636 0.0009725299261013646 -0.0009655456135024699 0.00039254199422722046 0.9999994568160779 0.01614504803723039
0.9999988058653224 -0.00037187757184823956 0.001499991666943611 2.617549111909879 0.0003735663176464635 0.9999992966081015 -0.0011257137773581706 0.00937430975520055 -0.0014995719841555046 0.0011262727794678325 0.9999982413951989 0.023070820581319096
0.9999994309897534 -0.0007792923108690276 0.0007285078334864685 3.9493846417883427 0.0007809020615167185 0.9999972486472637 -0.002211987765095337 0.014375998637924624 -0.0007267820440473723 0.0022125553997206344 0.9999972881895549 0.04757649031262692
0.9999992906625835 -0.0002767220903227193 0.0011584900579761786 5.256549772812998 0.0002797749721683674 0.9999964868915151 -0.002635892750646641 0.021385873163327265 -0.0011577565783231008 0.002636214997433015 0.9999958549765058 0.05930333844413558
0.9999981069075545 -0.0005282982987410526 0.0018727205383604806 6.584817712328788 0.0005339302541568038 0.9999953329877511 -0.00300814248343957 0.02002669704202004 -0.001871122601794417 0.003009136690900771 0.9999937219785855 0.0655004169860773
0.9999955932825774 -0.00026927343069269233 0.002956502536017895 7.918050218265758 0.0002822069415049615 0.9999903895894428 -0.004375052913591065 0.01824128989733713 -0.0029552960373072056 0.004375867979507407 0.9999860589052018 0.08806299078831598
0.9999925007400631 -0.00011442202933794914 0.0038710943199567354 9.230949199295225 0.0001309391729418326 0.9999908885739388 -0.004266804897958247 0.025693083459813297 -0.00387057083229185 0.004267279777967852 0.9999834043646568 0.10085946946948014
0.9999968621906016 -0.0005593683864468654 0.0024418673099026087 10.577877164340508 0.0005683937015364111 0.9999930047456908 -0.003696943100042129 0.02481388508522083 -0.0024397822753231303 0.003698319441738261 0.9999901848997099 0.112697148406206
0.999999776350757 -0.0005913929524345367 -0.0003123344551327791 11.890888290874935 0.0005911749034226947 0.9999995818227914 -0.0006977581788561571 0.034728783206561656 0.0003127469737911075 0.00069757337851172 0.9999997077903133 0.12523876206245396
0.999999360911858 -0.0006390084082336573 -0.0009326543462413764 13.229244222057348 0.0006414829208685548 0.9999962689059654 0.0026553104922630395 0.03390917272117776 0.0009309541006892817 -0.0026559070771197783 0.9999960397331882 0.14400365160031783
0.9999995201252204 -0.0003718148231437346 -0.0009063680633312304 14.57094015995089 0.00037642890864816804 0.9999869449788112 0.005095897685442104 0.054250634031616174 0.0009044615003802877 -0.0050962364231902394 0.9999866050721445 0.14893861029379576
0.9999999857427478 0.00016136435212761493 -4.975992448607774e-05 15.910575674786372 -0.0001610729612228205 0.9999831589480145 0.005801368446414634 0.07172835869670496 5.069522053741196e-05 -0.0058013603487246735 0.9999831706824365 0.16483263086717423
0.9999962285247875 0.0003446090139737745 0.0027247350014870685 17.262924319769496 -0.0003557393406822773 0.99999159106728 0.004085491922823755 0.06539009351851442 -0.0027233041920306385 -0.004086445809925201 0.9999879422147651 0.1850425174152317
0.9999875730480672 0.0005389413637773317 0.004956136765956961 18.61826070221425 -0.0005381787345055629 0.9999998431370328 -0.0001552081166072925 0.06300547206361344 -0.004956219636596676 0.00015253890043074865 0.9999877062338305 0.20088107145312667
0.9999949190756732 0.00018205171332867095 0.003182558720834701 19.96458411329804 -0.00017441943308913775 0.9999971089314692 -0.0023982715786285986 0.05526198557609089 -0.0031829861292892517 0.0023977042931043312 0.9999920597751882 0.2222664463122642
0.9999997904252328 0.0003466953057520507 0.0005467648995409227 21.306607347859188 -0.00034474057342886495 0.9999935640406942 -0.003571138631743242 0.05513559870059836 -0.0005479994775840945 0.003570949391277697 0.9999934739872144 0.21976603130656988
0.9999996330474179 0.0007338489822197044 -0.0004420075797924615 22.664806872645308 -0.0007345067838359123 0.9999986203565516 -0.0014898942169650402 0.061398226069581785 0.0004409136126248651 0.001490218327810375 0.9999987924215317 0.2589060081671663
0.999998001922557 0.001645984857957459 0.0011344094239121776 24.028641933603677 -0.0016476327947049089 0.9999975866356144 0.001453282188963653 0.0702773556291638 -0.0011320146056915017 -0.0014551483753627529 0.999998300541625 0.2488446408381026
0.999977921137849 0.002307759754348856 0.006231491133118759 25.418177059303925 -0.002319303322919157 0.9999956067952076 0.0018458662954726167 0.0806803339429448 -0.006227203940953449 -0.0018602782589369133 0.9999788804249203 0.2662856052064013
0.9999733182361786 0.0025011143543368997 0.0068634716224974445 26.787213367761584 -0.0024967406307715634 0.9999966746469671 -0.0006457408385630966 0.06662232004644184 -0.00686506387071178 0.000628587300590515 0.9999762376057025 0.26346833350529975
0.9999813164669296 0.0024398943793549647 0.0056047865689999084 28.160896047028675 -0.0024156269897501444 0.9999876971996526 -0.004332458376284622 0.0726413541814624 -0.005615288355270846 0.004318838356947408 0.9999749077711569 0.2857061809944272
0.9999907834318021 0.0026227932029608855 0.0033991186012258014 29.5181974393823 -0.0026070771412511134 0.999985930281024 -0.004619782329772405 0.07226643344595994 -0.003411187510276002 0.004610877986827846 0.9999835516667063 0.29203831447046097
0.9999948391611277 0.0029731033458673226 0.0012175005565386316 30.915328091230414 -0.0029676101153938237 0.999985520475706 -0.004489112288009251 0.07003084705728815 -0.0012308295224731996 0.004485476053456971 0.9999891827231235 0.32661855390662764
0.9999934680549932 0.0035788909844692582 0.0005053579607036492 32.29201670509527 -0.0035779955364494986 0.9999920469155069 -0.0017618324765444756 0.07862852443931626 -0.0005116593479155387 0.0017600127998239209 0.9999983202784173 0.31687140336483716
0.9999905754493533 0.004167141112190237 -0.0012181738062611218 33.67163393188962 -0.0041677966770570845 0.999991170988681 -0.0005361115045079507 0.07431956754166116 0.0012159289986996447 0.0005411835526397373 0.9999991143181239 0.3464030729714613
0.9999893931022956 0.004444809626732976 -0.0012072076393638937 35.06456594320669 -0.00444542492604803 0.9999899902785563 -0.0005074839106936008 0.08927723735231423 0.001204939886180036 0.0005128450787946173 0.9999991425545303 0.342845526613836
0.9999919740484553 0.003974805141314409 0.0005027551710955009 36.45806028978985 -0.003974649187088571 0.9999920527461628 -0.00031081884621758307 0.08003336261091397 -0.0005039866199205012 0.0003088180761684848 0.9999998253144261 0.3774130001697746
0.9999903428392417 0.003734787278690714 0.0023163748053014145 37.86151166986162 -0.0037363926540701204 0.9999927822189729 0.0006891152968842483 0.08774492670392217 -0.0023137843871709387 -0.0006977635277936466 0.9999970797596704 0.38455199191107986
0.9999928414198499 0.0029794064905942805 0.0023324334971774286 39.26631250965408 -0.0029865894507341843 0.9999907901290566 0.0030821973522123544 0.07552991135151928 -0.0023232288969694615 -0.0030891413093327796 0.9999925298788304 0.39435899195371305
0.9999910522771868 0.003563910359139174 0.002279014812766251 40.659625023532584 -0.0035782086762924494 0.9999737471445572 0.006300908215647225 0.09081304395511887 -0.0022564991100580893 -0.006309006627443479 0.9999775520716159 0.41689925460421745
0.9999901957353654 0.003430060430242993 0.002800556835780289 42.079196698463946 -0.003453130414827553 0.9999598010795357 0.008274787931636989 0.08818293808336689 -0.0027720612337658315 -0.008284377491414398 0.9999618416550184 0.43003552849050025
0.9999902594002843 0.0032938754205353513 0.002937939629427803 43.468125437942724 -0.0033193367659975184 0.9999566099321828 0.00870403678589762 0.09723003356335579 -0.0029091421391995356 -0.008713704014387619 0.9999578032368984 0.43247129721607735
0.9999908143140304 0.002976604368309767 0.0030840094028835754 44.88902341992961 -0.0030019956091520044 0.9999613667586387 0.008261538147213416 0.10319341214643814 -0.003059298927066 -0.008270720442004408 0.9999611171807857 0.4535958367965931
0.9999945909378618 0.002238820486605859 0.002409518177394506 46.28444578559828 -0.0022576829622796206 0.9999666060308237 0.007854278505221867 0.09319556427989861 -0.002391853394393761 -0.007859675949077789 0.9999662516961837 0.4720172862802763
0.9999942396873969 0.001235681949044019 0.0031612785619000022 47.72212406580313 -0.0012597756114540938 0.9999700908064117 0.007630888416511967 0.10204837114756528 -0.0031517546595360556 -0.007634826961842542 0.9999658873480779 0.4932658838295464
0.9999925103936745 0.0001605214643700432 0.0038669612638631843 49.125091957535346 -0.00018913818198688418 0.9999725937248153 0.00740108275952849 0.09999218601153065 -0.003865667252216175 -0.0074017587183555 0.9999651346844901 0.49839493741052615
0.9999920519840606 -0.0006775693561632011 0.003928978044666784 50.55073724376024 0.0006446330679704743 0.9999646950667926 0.008378130351337987 0.11628330878747709 -0.003934516096747351 -0.008375531012653491 0.9999571841150702 0.5172798822189665
0.9999910527000593 -0.0016748275872354136 0.003884517007349053 51.989225251803866 0.0016427381228916013 0.9999646238247921 0.008249394547566066 0.12666302593664552 -0.0038981959015610564 -0.008242939493581725 0.9999584281444995 0.5220000661979783
0.9999825360401721 -0.0027662388876553614 0.005222598690552345 53.40570466186827 0.002720563971421413 0.9999581694911295 0.008732571192197714 0.13414174059567277 -0.00524653660461257 -0.008718210273090509 0.999948231991682 0.5370273172742276
0.9999741100708247 -0.0037121260049114853 0.006164357921616097 54.853367130478674 0.0036730160641980157 0.9999731323758021 0.006343774863498551 0.1383693637041666 -0.0061877411916041345 -0.006320968837945069 0.999960877840676 0.5367980017139213
0.9999675270482563 -0.00407320893256605 0.006953690961388087 56.251322401438536 0.0040327637789777885 0.9999749289573843 0.005820504529444758 0.14780928087119186 -0.006977224756147033 -0.005792272927442758 0.9999588831092188 0.5663918839317131
0.99996983996328 -0.004335573879456947 0.006443753793232628 57.67343013377929 0.004310471554930129 0.9999830875979888 0.0039044017425400226 0.16346926412952295 -0.006460572636087879 -0.003876508368207396 0.9999716164392293 0.5754867761768309
0.9999690434514794 -0.004516055221255893 0.006443398479979058 59.134164895978046 0.0045029829072858645 0.9999877769038606 0.002041858910732419 0.16842306923773975 -0.006452540869294853 -0.002012781188607799 0.9999771564531946 0.5802223225275088
0.9999647537287075 -0.004006870397944601 0.007378095275852176 60.519838896830976 0.0039944376835486396 0.9999905788037031 0.0016990501544063663 0.18049177806805666 -0.007384833639136598 -0.0016695189274210083 0.9999713380585832 0.5983362335045546
0.9999578824163646 -0.0033337935878560063 0.008550977353108292 61.975710208950304 0.003332012825067914 0.9999944240787382 0.00022249037365130976 0.19883296744615386 -0.008551671410512897 -0.00019398903668696736 0.9999634149729382 0.6109555969075763
0.9999588384230547 -0.003402787430981017 0.008410855920456872 63.393755344330906 0.003413325903924209 0.9999934071153608 -0.0012389237611356426 0.18564440460436413 -0.008406584674451736 0.001267581757467389 0.9999638606322727 0.6310230698779052
0.9999702254982105 -0.002850625573454663 0.007170917019305672 64.80166610680213 0.0028707376689836024 0.9999919707385285 -0.002795947730141962 0.19370658164310126 -0.00716288924203635 0.0028164503037997448 0.9999703798740203 0.635104868896965
0.9999737772982275 -0.001994984018584703 0.006961663212232011 66.2534629090146 0.0020187764971063603 0.9999921403749797 -0.0034122909784254276 0.2067181402498397 -0.006954801030200927 0.0034262555410103633 0.9999699453061567 0.6339402882838872
0.999976074367742 -0.001336009848642907 0.006787176862615519 67.62956287369411 0.001348345338949134 0.9999974470968053 -0.0018132194348857383 0.21106169325144009 -0.006784737056587266 0.0018223275107516674 0.9999753229282794 0.6439609255625708
0.9999639720049781 -0.000565250601977119 0.008469662554347957 69.0857681282885 0.0005534809467432759 0.9999988781296438 0.0013919045568929912 0.23821945351479773 -0.00847043982737329 -0.0013871666125133677 0.9999631630304788 0.6628636887741075
0.9999539527658082 6.299902444863664e-05 0.009596269022840638 70.45720649081153 -0.00011052060956891793 0.999987734448482 0.004951639908861537 0.2439584023147893 -0.00959583937082488 -0.004952472485041012 0.9999416947417755 0.6747391855000259
0.9999437946263744 0.0009702990797762149 0.010557751081689895 71.89548576352938 -0.001056575187754793 0.9999660723576138 0.008169319589770779 0.26380068688757785 -0.010549466198806442 -0.008180015487942375 0.9999108940848365 0.6835807120506792
0.999945865543523 0.0013452629723982629 0.010317763805669466 73.26898257868244 -0.0014723725355102755 0.9999229996927819 0.01232180199912863 0.26806907822233683 -0.010300393270703973 -0.012336326557129941 0.9998708501329283 0.6861283731942296
0.999947133721435 0.0020881049390723216 0.01006824612582215 74.67442052633139 -0.002254304389548097 0.9998609232029824 0.016524296154423242 0.27594830355204497 -0.010032341401984642 -0.01654611946781614 0.9998127715010199 0.7022839073473424
0.9999474647137128 0.0028164684852575693 0.009855725132619685 76.0782873224652 -0.0030027553086287755 0.9998161525401321 0.01893791383451634 0.282627852703504 -0.009800575145097459 -0.01896651325675372 0.9997720840780195 0.7002402731344889
0.9999443627486733 0.0031744271043619844 0.010059543712752049 77.47387602703749 -0.0033585262280178413 0.9998262184963554 0.01833720559010946 0.28201940644744167 -0.009999585427676165 -0.01836997059979458 0.9997812523104427 0.7015263770964463
0.9999386425840544 0.0031758372851322684 0.010612498513406355 78.87345390911011 -0.003359003301792125 0.9998449359302535 0.01728644530971122 0.2814358508029924 -0.01055595395865471 -0.017321032075642926 0.9997942556765653 0.7245491502057637
0.9999502687006772 0.0030384091604966443 0.009498852310512087 80.25944365408267 -0.003193917152642834 0.9998604234012414 0.016399164890702544 0.2857946237366677 -0.00944769912018607 -0.016428687886249686 0.9998204034703786 0.7244685016955584
0.9999494277863132 0.002878034733355005 0.0096363263694334 81.66154391540421 -0.003027043582364549 0.9998755253862462 0.01548453230577282 0.28818054429639745 -0.009590561869624788 -0.01551291879859038 0.9998336714040857 0.7346633742387
0.9999451246040808 0.002720850264794084 0.01011655842497804 83.02205154999929 -0.0028765290697773055 0.9998771837136755 0.015405942662477082 0.3026015640328221 -0.010073398683669297 -0.015434197829669519 0.9998301416622297 0.7420433753790286
0.9999534114659827 0.002269458465216517 0.009382134928564517 84.39495307606974 -0.0024088591042192254 0.9998864803943066 0.0148735914459768 0.30216741029990907 -0.00934731487429162 -0.014895498748295443 0.9998453639546869 0.7446909467479719
0.999953567655064 0.0015927238400347977 0.00950398677811193 85.79256621990885 -0.001734458054099093 0.9998871329352184 0.014923573494560334 0.3088182093408891 -0.009479144959737264 -0.014939364824461506 0.9998434683436572 0.7433702472691133
0.999948666694055 0.0003404624565436653 0.010126601705284509 87.18665677531642 -0.000486045842132488 0.9998965224742253 0.014377346882868932 0.3116840967908501 -0.01012065888275722 -0.0143815308387765 0.9998453599604853 0.7513310740070227
0.9999341658776042 -0.0005511947119671871 0.011461243172069441 88.55781891895037 0.0004029938864770056 0.9999163370989965 0.012928897805040819 0.3198873468023982 -0.011467410631318266 -0.01292342783147051 0.9998507306125737 0.7649296795330031
0.9999188563164064 -0.0017680003777481928 0.012615663183286604 89.9318766525889 0.0016350389199915267 0.9999430954893292 0.010541936774063794 0.3217523851535621 -0.012633583443345114 -0.010520454262175556 0.9998648471726053 0.7766368282710363
0.9999149823345171 -0.002593013954622631 0.012779060278176041 91.31184001022012 0.0024864522389820795 0.9999620666736267 0.008347620563523844 0.3226978814101306 -0.012800221022520876 -0.008315136345270438 0.9998834996385 0.7812908289696633
0.9999215351138504 -0.0030781695361578845 0.012142836895365819 92.67473594332829 0.0029909456759749905 0.9999696441936763 0.007194785273769912 0.3261458088332356 -0.01216461505860972 -0.00715790217025627 0.9999003883272557 0.7821112680439395
0.9999240633418403 -0.0032731307069355786 0.011880831844562387 94.02141727299342 0.003200602203195911 0.9999761594358793 0.0061185541924703305 0.34371764932719895 -0.01190057542643841 -0.006080063753334679 0.9999107005774441 0.7893877269476609
0.9999288122134151 -0.0036023817948170615 0.011375119817971575 95.38418669686028 0.0035366890021126937 0.9999769837508847 0.005789974040133996 0.3542643409865904 -0.011395715702454769 -0.00574933160353976 0.9999185381068507 0.7846375891544723
0.9999346955473317 -0.0035334635497337296 0.010868269227785743 96.7359708738191 0.003466972667565775 0.9999751972534832 0.006130658886267774 0.37424011123233253 -0.010889662124569488 -0.006092578534588231 0.9999221448420935 0.7935185563224777
0.9999432553179075 -0.003491607177540257 0.010064532952093051 98.08725376677046 0.003426810595359224 0.9999733386009731 0.0064481824080227755 0.3814133716085436 -0.010086779137541938 -0.006413327259804384 0.9999285605082441 0.7937297100457691
0.9999412422112454 -0.0031026077485408147 0.010386816171974907 99.43765701398591 0.0030184949673805156 0.9999626067313243 0.008103938994504107 0.3939774302681852 -0.010411571118885155 -0.008072110272626375 0.9999132163455902 0.8021159672091823
0.9999251549106027 -0.0030442292427061883 0.011849778281688319 100.7850287339706 0.0029399564435481653 0.999956895311831 0.008807052539532722 0.4059891225335865 -0.011876078187573507 -0.008771555542884205 0.9998910033499855 0.8051511931137927
0.999903493477968 -0.0028270606579178332 0.013601891728417557 102.10424375825043 0.0026954096321360004 0.9999494423522661 0.009687492261000834 0.42299399291070505 -0.013628591177011996 -0.009649894684835469 0.9998605607959049 0.814792211171563
0.9999180315635039 -0.0027400674763294664 0.012506885479315508 103.45103464908252 0.0026319936679339876 0.9999591290604369 0.008649440330127952 0.4270868059259902 -0.012530074361291997 -0.008615813305640391 0.9998843758143153 0.8225351497802845
0.9999466559461813 -0.0026937856212919287 0.009971398150506858 104.78796504723601 0.002602829901760062 0.9999549931624544 0.009123427315332196 0.43729705084933423 -0.009995525926729141 -0.009096986781465982 0.9999086629752469 0.8200546062879452
0.9999596030095136 -0.0027907367436514952 0.008544245869799284 106.11274564744093 0.002714793458208192 0.9999568248901435 0.008886970918254187 0.4472043006942127 -0.00856867816732655 -0.008863416048581896 0.999924005917657 0.8199517667598991
0.9999447765193038 -0.0025674107236873978 0.010190795549687303 107.46230945890218 0.002501517742693998 0.9999759183336592 0.006473419632463468 0.46401960108012746 -0.010207170065332442 -0.006447569691819646 0.9999271186063144 0.834087873224934
0.9999230351143567 -0.0019661711953162047 0.012249817081239088 108.7878133499738 0.001919108852252837 0.9999907377733679 0.0038524522954539024 0.46948140565631186 -0.01225727820139173 -0.003828647059504452 0.9999175468971366 0.8364765008827011
0.9999151138057896 -0.0010874059611877848 0.012983941274916443 110.13013472122066 0.0010552626877167522 0.9999963625154232 0.0024822120340559036 0.4795278833074781 -0.012986593218193074 -0.002468299859756185 0.9999126241289225 0.8435755261029381
0.9999265119623787 -0.0005826125860112543 0.012109138587258554 111.45329464553782 0.0005664785875841833 0.9999989474107497 0.0013357692174818731 0.4839427827812642 -0.01210990407726756 -0.001328811486699594 0.999925789488036 0.8536177428239652
0.9999525296245743 0.00040165314127032847 0.009735356807477957 112.78835108195999 -0.00042920243025807163 0.9999959093918906 0.0028278940502411984 0.5039003448247926 -0.009734181151419994 -0.0028319382478501683 0.9999486116011521 0.8553219139792864
0.999971326866956 0.0010886726669216789 0.0074940133282391 114.13607596658393 -0.0011319870380557813 0.9999826662210641 0.005778050082634779 0.5017367861582686 -0.007487593023475657 -0.005786367533786608 0.9999552259483815 0.8645102163627107
0.9999695266459149 0.002485514365253818 0.007400540377910773 115.44785764860973 -0.00255033893777608 0.9999583526028982 0.008762923655968702 0.50849374094187 -0.007378451792038354 -0.008781530506579684 0.999934219422015 0.864995215930555
0.999945315999197 0.00406605180636135 0.009634948571425321 116.8010878583872 -0.004161631200496222 0.9999421268430794 0.009920876487985049 0.5142651298216839 -0.009594052168770068 -0.009960431077357234 0.9999043674150725 0.871407023512356
0.9999152986960353 0.005144817903710641 0.011955178056226208 118.11381207792198 -0.005257496223602296 0.9999418770116812 0.00941282804552117 0.5159460119910955 -0.011906055899298551 -0.009474885070194821 0.9998842294915093 0.8725015665438807
0.9999002811733423 0.006068231395612721 0.012751638216344294 119.47200804027098 -0.00618033967237124 0.9999424371162854 0.008770738593639868 0.5132823837504594 -0.012697681323979835 -0.008848673441434586 0.9998802277609662 0.8753054425303065
0.9998992827885594 0.006915506157360651 0.012393548866727673 120.81118042220608 -0.007029162824219806 0.9999334259663128 0.009150656001775608 0.5096051773082635 -0.012329442360263749 -0.009236850646174409 0.9998813256788153 0.8767521853915852
0.9998920389295375 0.008285407175927293 0.01213517668851325 122.12547618870273 -0.008416817460755205 0.9999060581902107 0.010818131925032008 0.5050224215326589 -0.012044404060171229 -0.010919103554970205 0.9998678440215942 0.8854461623652239
0.9998853087167755 0.009273023321672413 0.011974157625243126 123.47854503950252 -0.009424069106708444 0.9998759521377123 0.012620113239399421 0.5135290981094102 -0.01185564565219592 -0.012731511111372468 0.9998486646943079 0.8878964891656939
0.9998847277408731 0.010453892481007733 0.011011238011932364 124.81412079023202 -0.010606878977649913 0.9998467388630939 0.013928133514204213 0.5134215871331603 -0.010863947206857301 -0.014043322855775274 0.999842367443116 0.8891659316486021
0.9998768215263873 0.011422703941480228 0.010763995956626202 126.15194173260119 -0.011582519022845518 0.9998218466328734 0.014903699162166077 0.5027661982932089 -0.010591837771340483 -0.015026537535181557 0.9998309937896152 0.8890468296216094
0.9998710530903399 0.012362381887191467 0.010249327104256297 127.49635672954591 -0.012509532626552428 0.9998177779220535 0.014419519564552927 0.49340562628868045 -0.010069199843086974 -0.014545874503877197 0.9998435021289269 0.897653007951552
0.9998481698138473 0.013365453058512014 0.011180428634040382 128.82801963457038 -0.013518896094040186 0.9998138902772256 0.013763148517633994 0.4916940016931316 -0.010994397132117037 -0.013912205909222937 0.9998427745192944 0.899665372404407
0.9998247258749983 0.014230714219687909 0.01216570186147239 130.19936416650447 -0.014391347558411966 0.9998090445581167 0.013219816006228222 0.48243522647808146 -0.011975251330876124 -0.013392579758325513 0.999838603057003 0.9036555043365799
0.9998153265292724 0.014494723342763999 0.012618075621153082 131.52271513812852 -0.014641035093172806 0.9998257415635422 0.011581303826133581 0.45794228203400505 -0.012448009020115934 -0.01176390675453807 0.9998533180268522 0.9066508258045838
0.9998149922229688 0.014395226016288707 0.01275769548643934 132.87662263612532 -0.014527567366337231 0.9998409816146977 0.010342208186567066 0.4309652919653459 -0.012606788353949764 -0.01052563307823934 0.9998651308730098 0.9123926921484329
0.9998055503840237 0.014411976699819315 0.013459433454026604 134.19700796459358 -0.01452408026271141 0.9998603299294662 0.00826871972322894 0.42629170132697713 -0.013338384978018225 -0.008462597765631047 0.999875228178614 0.902426616522796
0.9998130718785295 0.013710079006165098 0.013632865966594165 135.534128336204 -0.0138028272360381 0.9998820699315738 0.006732621305529095 0.40238345626426547 -0.013538953471760483 -0.006919534882944843 0.9998844017064639 0.9141523728964511
0.9998310502630327 0.012705925090834541 0.013282710472908844 136.88858635818048 -0.012793290391932702 0.9998969495264547 0.006513221064736046 0.4006518473610143 -0.013198585184356064 -0.006682050230022237 0.9998905677892229 0.9153015460720215
0.999818281743963 0.011982830261523433 0.014826168401603492 138.21752580177167 -0.012053000532512981 0.9999165357854208 0.004652595087313407 0.40428853652676977 -0.01476917968989576 -0.00483044944148775 0.9998792617558786 0.9238187906311501
0.9998346352313191 0.010652128929091903 0.014738871772741007 139.57638864366638 -0.010708071442128118 0.9999357403517484 0.003721877643222156 0.37002827332622845 -0.014698278737511358 -0.003879087067705501 0.9998844499669327 0.9252752423389207
0.999843822648147 0.009423188567369303 0.014951047774805253 140.92678357558458 -0.009463698406415639 0.9999517304312224 0.0026410641938876644 0.37048750526881213 -0.01492543884825886 -0.0027821439264764584 0.9998847388326113 0.926758058830221
0.9998596632496165 0.00801410857228514 0.014711487693464868 142.25620919286544 -0.008046274530006309 0.9999653627389368 0.0021285649095605405 0.3641466672420535 -0.01469391957753663 -0.00224663886240458 0.9998895145671199 0.9224984110049276
0.999874123080783 0.0070680085833350935 0.014204972654001934 143.60703269922598 -0.007101788512206997 0.9999720697882222 0.0023290005123886076 0.35683741689789744 -0.014188114510495255 -0.002429588056589659 0.9998963918869357 0.9161757756446951
0.9999064636658187 0.006308344173899243 0.012135432134876929 144.95697154450122 -0.006304786817871964 0.9999800697289197 -0.0003313730916104968 0.3584159569939262 -0.012137280687936654 0.00025483078363310936 0.9999263080241332 0.9157839203948952
0.99992800117781 0.005015672773650815 0.010901169073876844 146.2682676041352 -0.004973574745909128 0.999980083119795 -0.0038854752572536166 0.3591692318687521 -0.010920440229058807 0.0038309777284047265 0.9999330315550378 0.9308253999352487
0.99989279670096 0.004326108955410157 0.013988562715255509 147.6608325034176 -0.004147910622113716 0.99991020293258 -0.012742876786570738 0.356531238845552 -0.01404243365673033 0.012683487400265247 0.9998209535733704 0.9256762585489497
0.9998760757639336 0.0027726205433040163 0.0154966348037111 148.97056124367174 -0.002472185790295231 0.9998092743954139 -0.019372741941557404 0.3332766288857359 -0.015547392460956402 0.019332030628952654 0.9996922282279813 0.9364327744623172
0.9999208572251613 0.0016072863683374212 0.012477816981691524 150.28024674904944 -0.0013225157475222121 0.999739241006163 -0.022796950333732063 0.3218810587887843 -0.01251120450620117 0.022778644010371808 0.9996622445300477 0.9333777697519559
0.9999595847664904 0.0018682183116667563 0.008794236406196794 151.66812408292054 -0.001666384410145385 0.9997363181211215 -0.02290234469702535 0.3251335385889555 -0.008834704105160993 0.02288676451497008 0.9996990267142459 0.9258795341021563
0.9999729381248454 0.0025459998454987385 0.00690223896650371 152.9888518246356 -0.0024176308274323193 0.9998251380558502 -0.01854314894462198 0.33210528657873783 -0.006948242881927108 0.01852596006653654 0.9998042362005007 0.9394517200746756
0.9999667365852496 0.003769574678066954 0.007232982081583909 154.34315401794748 -0.00362599212619884 0.9997981264753386 -0.019762552403565656 0.34540736429699376 -0.007306018351111739 0.01973566829751177 0.9997785382236927 0.9412829403225517
0.9999364492553686 0.004049655379704755 0.010521299438337892 155.68988627041387 -0.0038301982300219563 0.9997764145022279 -0.02079544629452062 0.3341757734304829 -0.010603161419325727 0.020753826065937408 0.9997283889494889 0.9550298033157268
0.999895215853626 0.004763288788812261 0.013669981453729536 157.0314409614403 -0.004392509434843506 0.9996250629702943 -0.027026641347009404 0.32737793711512586 -0.013793591769214604 0.026963763860956856 0.9995412409023227 0.9603845583685863
0.9998790174281311 0.004975182280753788 0.01473764120300039 158.37702934829412 -0.00451538212271769 0.9995070216672778 -0.031069679143722048 0.31879501074790273 -0.014884953182356428 0.03099937417241304 0.9994085635863231 0.9526854351865864
0.9998745252960414 0.0046066848459425744 0.015156256752443538 159.72922006193815 -0.004103136839514013 0.9994439950580659 -0.03308874446770438 0.29775218913664975 -0.015300259216498595 0.03302240447185785 0.9993374919769621 0.9598810606810787
0.999865135171675 0.005661884466986027 0.015416047885587814 161.08360973687056 -0.00516645267990069 0.9994748446155437 -0.03198972878036374 0.2996256626401482 -0.015589074213518296 0.031905768209171646 0.999369302470387 0.9461238460466278
0.99986221729802 0.00659411615284842 0.015233648678159455 162.42909534062684 -0.0061721948879314825 0.9996005554827734 -0.027579584637847526 0.289424488542825 -0.015409426665266889 0.02748175959966076 0.9995035279873473 0.9529049619719621
0.9998851936492229 0.007771388623356001 0.013007883760281651 163.77364615551647 -0.007453113299950785 0.9996759537362211 -0.024340062114030257 0.2996005569301244 -0.013192824685954214 0.024240318488863283 0.9996191056279208 0.9470651957014281
0.9998890903476794 0.008411062649476421 0.012290688703116184 165.13383009701874 -0.008137724583562319 0.9997221426075262 -0.022122726297159577 0.2969454952604067 -0.012473349281264059 0.022020254433669315 0.999679710683569 0.94724035587372
0.9998659889543454 0.008652488586147117 0.013897430468088525 166.48236602032821 -0.008375884649082191 0.9997680900399891 -0.01983962434466827 0.29040314609682794 -0.014065869638740106 0.0197205623413451 0.9997065823191558 0.9451694879794843
0.9998694260108146 0.008230176202219809 0.013906657703579479 167.80981808889226 -0.007948140713545439 0.9997640504902084 -0.020215598101704316 0.2746868689152317 -0.014069754368921767 0.02010242639813325 0.9996989219084443 0.9352546553160244
0.9998993852635313 0.007851473406952319 0.011814132001643452 169.20224459365545 -0.007647290224243814 0.9998223072842962 -0.01722999735730414 0.27713790398945987 -0.011947313582497128 0.017137917669496582 0.9997817529221641 0.9393250088182945
0.9999314015892373 0.007284980168031653 0.009171759903899474 170.57689609936523 -0.007155389553337716 0.9998752169490963 -0.01408371156113946 0.27207090524789257 -0.009273214983131689 0.014017117925906642 0.9998587539692434 0.9456941445857372
0.9999440521440446 0.007160237852380858 0.007786114284148667 171.92703845819182 -0.007086176760277176 0.9999297818298304 -0.009498289776060636 0.2731450171720399 -0.007853577571438333 0.009442584585019224 0.9999245766134985 0.9372511030576929
0.9999353637314319 0.007284431909000733 0.008729571069196286 173.29461322313728 -0.00725070113515593 0.999966149352613 -0.003889406375821318 0.2764596343744401 -0.008757607683475287 0.003825859468245394 0.999954332510736 0.9461083562170234
0.9999060299499167 0.008187712798047492 0.010995118413780985 174.66676849486234 -0.008178740573165928 0.9999661830959672 -0.0008607363821604398 0.28713228472718955 -0.011001794055208715 0.0007707292776419452 0.9999391814025228 0.9551632080077627
0.9998765162117902 0.008239339855831846 0.013381539781126942 176.05546445497967 -0.008240187112712473 0.999966049048384 8.179984588620992e-06 0.28279989382637155 -0.013381018067444246 -0.00011844536614582801 0.9999104631546637 0.9575703111189564
0.9998645419673199 0.007423953825750725 0.014689541384080504 177.44009298971133 -0.007385514673051372 0.9999691640548132 -0.0026692906421536054 0.2749100490146298 -0.01470890510866242 0.002560439241862046 0.9998885399190217 0.9541907983644179
0.9998747317223214 0.005835837678056689 0.014712710892661214 178.84932777826128 -0.005769629974858254 0.9999730564609574 -0.0045384713378150195 0.2617889977881227 -0.014738800262194858 0.004453015913549517 0.9998814621824452 0.9467808262675497
0.999933691851345 0.0038874976780829775 0.010839707668680287 180.18819296818216 -0.003812030119743431 0.9999684144646742 -0.006974130725184673 0.2644352689845853 -0.010866477207711596 0.006932346991365585 0.9999169276686367 0.9404038917223417
0.9999746881595422 0.002241869043185581 0.006752559767942947 181.60831216986028 -0.0022093390620674443 0.9999859380855067 -0.00482104264219196 0.26480853654048075 -0.006763272960280288 0.0048060019186654986 0.999965579649831 0.9451522428288062
0.9999766636932557 0.0016328508827875303 0.0066336918001940375 183.00113048481438 -0.0016287737421612995 0.9999984813673094 -0.0006199670730927216 0.2880175336828738 -0.006634694039835409 0.0006091478223331857 0.9999778046406471 0.9627467430672646
0.9999703189519805 0.001426113455037733 0.007571487006377406 184.3341154381935 -0.0014459562606617981 0.9999955331269524 0.002615900730983259 0.30471795601430385 -0.007567722614276669 -0.00262677112734744 0.9999679143091931 0.9597556393326385
0.9999431257825807 0.0020853655695738356 0.010459275816374283 185.78244112707307 -0.002138903159105901 0.9999846558709126 0.005110099412769606 0.3121884787344697 -0.010448458902523506 -0.005132180157950174 0.9999322429211834 0.957674310734138
0.9999158292990769 0.002399660028544384 0.012750527396416047 187.14743832267112 -0.0024916559652380086 0.9999709459552142 0.0072040888379511885 0.32246319819514435 -0.012732869577995513 -0.0072352523923913965 0.9998927568270151 0.9717123989824501
0.999910682651582 0.00252586600534243 0.013124279796250608 188.60100839961993 -0.002602389828767347 0.9999796953931789 0.005816903690501414 0.3213925530477974 -0.013109320593621342 -0.005850538632339435 0.9998969531463155 0.9567206568706413
0.9998975284077424 0.0024895760753033953 0.01409732935890058 190.00833575044933 -0.0025334187986386703 0.9999920075429827 0.003092998439407725 0.3202990152744319 -0.014089516431685918 -0.0031283959341412287 0.9998958439085547 0.9505096578238099
0.9998890206635568 0.002787602774946028 0.014634740422786523 191.37307386640578 -0.0027998382130077627 0.9999957478159097 0.00081563231940152 0.32934811144004955 -0.014632404534259234 -0.0008565167065410984 0.999892573788143 0.9520960253232262
0.9998855725598907 0.0029917933097060156 0.014828720759776521 192.8271368134772 -0.002982021389862851 0.9999953218464904 -0.0006810532757606431 0.3161892306412802 -0.01483068895937843 0.0006367557820877628 0.9998898165333339 0.9533905438139214
0.9998684950256252 0.003511870951499517 0.01583222718417598 194.2005311934593 -0.0034539977967311627 0.9999872590114793 -0.003681265261963683 0.3152424020856242 -0.01584495359448942 0.00362609667945825 0.9998678857071367 0.9505497833223358
0.9998416007089159 0.004073898503605419 0.017325612335927925 195.65024300614124 -0.003923568353089591 0.9999544400911151 -0.008701916653427835 0.30983250800148565 -0.017360273707841423 0.008632560051739714 0.9998120322359307 0.9425347711620596
0.9998287121371584 0.004159167009699793 0.01803462547258907 197.0433181924849 -0.003943547269176271 0.9999205207367018 -0.011975000817491574 0.29731176089336153 -0.018082998122183887 0.011901829247160977 0.9997656483593965 0.9475966705646364
0.9998988505651283 0.004297142714310654 0.013558141577235176 198.47545404837936 -0.004146345681030458 0.9999294537996851 -0.011130823929829817 0.29783300887405995 -0.013605015840817913 0.011073481311508088 0.9998461289396559 0.9312264733476625
0.9999493142955734 0.00431098850672418 0.009098583291230773 199.9053920377713 -0.004277760156540796 0.9999841218890756 -0.0036683426472285045 0.30854567565407337 -0.00911425300590695 0.003629235157613157 0.9999518783643115 0.9450216755106147
0.999953860167815 0.005378461686494689 0.007959251558595878 201.3467043467185 -0.005418900818270077 0.9999724752837085 0.005067957073105255 0.3248105857615616 -0.00793177466950834 -0.005110853633200073 0.9999554820719432 0.938124001038874
0.9999060132546639 0.006698185264526091 0.01196239822636836 202.77749912930545 -0.006841997736741506 0.999904326420212 0.012021858138937897 0.3279833955828148 -0.011880729107868736 -0.012102574945209338 0.9998561776353443 0.9434971397771742
0.9998606878525006 0.0076580131404684285 0.014831039136378302 204.2128803821411 -0.007881825898035181 0.9998550490486406 0.015091643795606006 0.3303614813061966 -0.014713317356647816 -0.015206437014659424 0.9997761162208676 0.9490572209873508
0.9998616814467629 0.007156807041498144 0.015013263716557626 205.68023257340218 -0.00735754613020809 0.9998837025894632 0.0133584359461623 0.325982611180278 -0.014915913964420787 -0.013467049006988268 0.9997980566602686 0.939267533052345
0.9998653744541791 0.005911755486360652 0.015306342302252534 207.12629060256657 -0.006078370598970757 0.9999225341146198 0.010861822161062773 0.3126035750554313 -0.01524094414614162 -0.010953397503353522 0.9998238528384226 0.943423534549532
0.9998758891971079 0.004871376903969781 0.014982519459434135 208.56700735012598 -0.004988219294869413 0.9999573627490593 0.00777112296984943 0.30793185067700435 -0.014944024577038983 -0.007844894582191573 0.9998575567341755 0.9311734237439636
0.9998855308825972 0.004328204593431156 0.014497992158367575 210.0326058514381 -0.004463826374122065 0.9999464621498116 0.009335260477197736 0.31039381709201064 -0.014456811049757084 -0.009398908397938523 0.999851319514656 0.9303014204007705
0.9998865280053961 0.004028438756125908 0.014515605206205182 211.47743798109445 -0.0041765905883329475 0.999939352396897 0.01019056520178091 0.31146227824449807 -0.014473672801736153 -0.010250034598109517 0.9998427124234921 0.9309498389741829
0.9998686555535388 0.004132473408770292 0.015671448723220953 212.93924579213729 -0.004308865432048987 0.9999275609451376 0.011238618286811625 0.3123862312309524 -0.015623870207065549 -0.01130466832038737 0.9998140322849638 0.9274253095039822
0.9998710935673002 0.0037711710999667495 0.01560687403248543 214.3952241969419 -0.0039313684177220195 0.9999397737764996 0.010246617108433885 0.31726474583252007 -0.015567292343090058 -0.010306652625245874 0.9998257009703078 0.9254190015179765
0.9998905471465782 0.0036797081578008005 0.014330159621930398 215.85197704259738 -0.003820548617782246 0.9999445496178974 0.009813312270559657 0.31329926245060336 -0.014293254883886745 -0.00986698724706629 0.9998491613375942 0.9172110426561887
0.9998957394769381 0.0031107126796341513 0.014100838361313366 217.32712551644215 -0.003253251058592764 0.9999437332819039 0.010096862274914714 0.31789845309770914 -0.014068636515913273 -0.010141683138098637 0.9998495985545574 0.9148886537744019
0.9998929704001945 0.0025424592842052695 0.014407763360900357 218.80963195584556 -0.0026795943490740236 0.9999512186988766 0.009506839472501534 0.3103591563283025 -0.014382889779177024 -0.009544428920562042 0.999851007079645 0.9142254762894526
0.9998936382461243 0.0023608256515242013 0.014392313822720784 220.2829625269124 -0.0025319492701162314 0.9999261851547647 0.011883327595110701 0.3187630002052214 -0.01436319699169138 -0.01191850427202453 0.9998258087427506 0.9245770470205837
0.9998990267517889 0.002511606454402389 0.013986712760462061 221.7785373072708 -0.002649760855365752 0.9999478013787316 0.009867790292158908 0.3224968709703824 -0.013961198667551413 -0.009903855353288358 0.9998534885576518 0.9100974905304963
0.9998980578434311 0.0019256330300303098 0.014147998387337438 223.25432109091054 -0.002090855359733452 0.9999296863535688 0.011672646345968813 0.32156040406110814 -0.014124526356629464 -0.011701037829485103 0.9998317775850664 0.9146107715756866
0.9999006677731271 0.0015320132023073944 0.014010978638278496 224.74687488345498 -0.0016884671548975383 0.9999362827204881 0.011161522199015258 0.32362835344179064 -0.013992986297469626 -0.011184070577398642 0.9998395435767674 0.9097128689754469
