1.0 -2.1684043449710093e-19 -2.5135375298442207e-37 0.0 2.1684043449710093e-19 1.0 2.3183291766350204e-18 -8.673617379884035e-19 -2.51353752984422e-37 -2.3183291766350204e-18 1.0 0.0
0.9999995492818627 -0.0003745589591556426 0.0008724343285432771 1.320124408366474 0.00037472226867090466 0.9999999123010511 -0.0001870323808080423 0.002331662896776647 -0.0008723641973778195 0.0001873592170800141 0.9999996019385362 0.016184047445611558
0.9999991146212586 -0.0004555107876458825 0.0012503066108477563 2.621116941029419 0.0004565336534359028 0.9999995612848909 -0.00081792851083164 0.009207001108890098 -0.0012499334870591486 0.0008184985937000899 0.9999988838625421 0.02528824386844895
0.9999988370218181 -0.0009731659125544699 0.0011742670555809406 3.947096171374561 0.0009748370435376169 0.9999985118190107 -0.0014233947107697733 0.006482797074497941 -0.0011728801088464005 0.0014245377744175666 0.9999982975207405 0.048839179459457836
0.9999992429816851 -0.00032874240056052196 0.0011857337352257481 5.257403841381365 0.00033135738834058257 0.9999975122034548 -0.002205853390988558 0.01838731446816266 -0.00118500562782242 0.002206244622750913 0.9999968641182464 0.05636280626329902
0.9999984684194827 -0.0007694598110887908 0.0015719701931162342 6.585375260835538 0.0007735179619697767 0.9999963659297697 -0.0025825950547385657 0.009705402395797426 -0.0015699772773632144 0.002583807046466352 0.9999954295458031 0.07104456519145078
0.9999961499399477 -0.0005597761603188457 0.0027178587034802156 7.918863647559967 0.0005695456906516947 0.9999933753195844 -0.003595126513895639 0.014018650616221302 -0.0027158282324190814 0.0035966606171550317 0.9999898441031374 0.09789709161878433
0.9999955040671609 -0.0003806025481907821 0.0029743885363453545 9.237339991389515 0.000391669316192817 0.9999930003883433 -0.0037209903877339274 0.031452488685437895 -0.002972951498357319 0.0037221386351351717 0.9999886535573138 0.10617519351246528
0.9999965894316608 -0.0008713204669069383 0.0024620978230884944 10.565239471889319 0.0008797899004224899 0.9999936929343947 -0.003440938994329962 0.03002718585208202 -0.0024590841339048597 0.0034430933875709765 0.999991048966513 0.12229968383924353
0.999999678096842 -0.0008009134749476946 -4.841299452893975e-05 11.888681570033192 0.0008008961422970046 0.9999996155645766 -0.00035698188770871456 0.04435438802913981 4.869888752144788e-05 0.0003569429990145623 0.9999999351100548 0.13487366910539442
0.9999993700539402 -0.0009009368524278455 -0.0006694807769113251 13.230399865787476 0.0009023050019019424 0.9999974996292097 0.002046113636190897 0.03977760714509449 0.0006676356837820464 -0.002046716423103358 0.9999976826045535 0.1435767190975135
0.999999567061779 -0.0005873160757120448 -0.0007217590192905861 14.565754970346447 0.0005912569757099777 0.9999848531348114 0.005472103447344017 0.07003664873954846 0.0007185342325814378 -0.005472527823316222 0.9999847674578747 0.16174326750765997
0.9999999716838714 -0.00021411144443599526 0.0001038679232876929 15.915140317329936 0.00021349806344691594 0.9999827492467731 0.005869891603956935 0.0880593826706757 -0.00010512294245778601 -0.005869869262143854 0.9999827666435118 0.18159511884862653
0.9999964449067267 8.60421327571808e-05 0.002665102373119786 17.255799782008726 -9.956036617828808e-05 0.999987129347367 0.005072595720702575 0.08275066633369091 -0.002664631614558486 -0.00507284302571982 0.9999835828662365 0.21552437828877388
0.9999872351879616 5.045228857077037e-05 0.005052416818032093 18.624764038931016 -4.998442791885297e-05 0.9999999944515758 -9.272758576487063e-05 0.08269617177777427 -0.005052421468318058 9.247385995041063e-05 0.999987232161437 0.2194738680468934
0.9999937207173535 -0.0001826652260288487 0.003539090176730367 19.957903189155644 0.0001902400555855165 0.9999976918576284 -0.002140114047597803 0.07463791431887103 -0.003538691083590142 0.0021407738859287456 0.9999914473397181 0.2466612216115599
0.9999994798269217 -0.0001651954235932287 0.001006507008340818 21.31961503718015 0.00016804085676452445 0.9999959881861444 -0.002827609217492481 0.07524093094276778 -0.0010060358623196167 0.0028277768809463113 0.9999954957747336 0.23940644767075372
0.9999999426425853 0.0002766838795207136 -0.00019534804052577165 22.664023365238613 -0.00027684032277569337 0.9999996406617196 -0.0008012714067812226 0.09104743755712726 0.00019512627144836544 0.0008013254410369591 0.99999965990158 0.28401430100357145
0.9999988098749749 0.0008506078566683791 0.0012871343783849769 24.038591851811223 -0.000852880763976694 0.9999980763008668 0.0017663490505346422 0.09307489243510399 -0.001285629431945685 -0.0017674447205104117 0.9999976116452097 0.26693855344659595
0.9999800893073603 0.0017166172848056907 0.006072414177369337 25.429032224291284 -0.0017296790203954813 0.9999962005854928 0.0021463981609883918 0.1107450903384061 -0.0060687065615675885 -0.0021568587521200735 0.9999792591654054 0.28453345173918576
0.9999756914819653 0.0018918328964377179 0.00671099198757127 26.798027735382387 -0.0018947129509868368 0.9999981156399957 0.00042282300212535817 0.09762944659885653 -0.006710179431181588 -0.0004355281273576057 0.999977391648057 0.2954685668623919
0.9999787810169206 0.0017840070683797068 0.006265367881742375 28.17052304125021 -0.0017611206162166295 0.9999917643072579 -0.0036564698593880654 0.09882626410564042 -0.006271839450172051 0.0036453582042712705 0.9999736873505591 0.3232967014378931
0.999990507250738 0.0017502849194513267 0.003990226949996548 29.53011507488573 -0.0017361238189591783 0.99999219289249 -0.003549651835648721 0.10533872009292067 -0.003996408699942998 0.0035426906116429358 0.9999857389286775 0.31683853019620006
0.9999952033730226 0.002453848113371343 0.0018899366083563048 30.914886730780708 -0.0024467869140504333 0.9999900519702347 -0.0037295032329619174 0.10529592325671089 -0.001899069441682686 0.003724861071764387 0.9999912594344271 0.34882119349426666
0.9999956956275012 0.0027955631872077884 0.0008908158823743772 32.29993327117863 -0.002794189549337016 0.9999949111611224 -0.0015395312992601735 0.11342693701715514 -0.0008951152061816481 0.001537035564115074 0.99999841814397 0.33693092632353716
0.9999932660319375 0.003405663408867551 -0.0013672408434936844 33.678456174897725 -0.00340581664500697 0.9999941941655387 -0.00010976427277022577 0.11714820672457814 0.0013668590853523038 0.0001144201052436227 0.9999990593016976 0.37784877713751697
0.9999929632436005 0.0036319517478879213 -0.0009393560474180709 35.0738927699925 -0.0036320107385353563 0.999993402360581 -6.110077303009894e-05 0.13126510280032547 0.0009391279348261799 6.451209433037386e-05 0.9999995569383576 0.3595133602699926
0.9999947021110133 0.0031320589151621475 0.0008865420790276254 36.470439645074286 -0.0031321998365301533 0.9999950822291577 0.00015761244988011518 0.12636949750673637 -0.0008860440677380511 -0.00016038844182186024 0.9999995946006467 0.40448723199511505
0.9999936323658618 0.0028723307430576226 0.0021177685973623487 37.86851809070872 -0.0028755858727170817 0.9999946864291482 0.0015356169307884182 0.13559143081951447 -0.0021133465447289957 -0.0015416969780018856 0.9999965784625515 0.4075753667000465
0.9999934346597732 0.0025245693850012465 0.002599458937990265 39.26182924607594 -0.0025332368271314513 0.999991225370414 0.003336449213728665 0.13175824650238607 -0.0025910130311613687 -0.00334301235391676 0.9999910554199343 0.41394782176060047
0.9999914647186643 0.0030197334670045727 0.002819875814366811 40.660970860950385 -0.003037419871543123 0.9999756111425787 0.006288974522933332 0.14632283695499568 -0.002800816013977588 -0.006297485991600308 0.9999762482678483 0.44354142345593667
0.9999898087737495 0.0029963335525117255 0.0033770303347666944 42.08622806209884 -0.0030261968453975303 0.999956055735856 0.00887292115610791 0.15484111110862459 -0.003350295702284804 -0.008883050288706788 0.9999549324525958 0.4608239835870412
0.9999906363665807 0.00267120638094425 0.003404678491612787 43.47651495493925 -0.0027038645390141257 0.9999500335121565 0.009623907501221161 0.156496969862392 -0.0033788009286594444 -0.009633023175919476 0.9999478929268149 0.46324718170451124
0.9999922889865727 0.0022366246383257265 0.003227921563827136 44.90339326063691 -0.0022650265638421677 0.9999585187205182 0.008822159198982799 0.16120627176680674 -0.0032080558068829246 -0.008829402499282824 0.9999558740411727 0.47993162517587795
0.9999954218207411 0.001356186098911859 0.0027050132759773964 46.29928346323764 -0.0013782830249264898 0.9999655621856507 0.0081838119870121 0.14913223684409363 -0.002693821349179492 -0.00818750279393428 0.9999628533723329 0.49318744219956256
0.9999940861841852 0.00048429257982267896 0.003404857905016699 47.73058642656296 -0.000510932210666595 0.999969234160214 0.007827495213113194 0.15984963907866126 -0.0034009623538535905 -0.00782918857432463 0.9999635679670211 0.5142329852853765
0.9999906854373201 -0.0005461676510534826 0.004281441287211373 49.12839811115675 0.0005108455499352461 0.9999658640316348 0.008246805944749951 0.16438352293843905 -0.004285799274698573 -0.008244541974130189 0.9999568287942304 0.5277857253781516
0.9999889847708593 -0.0014037945053824458 0.004478805413619806 50.556584735753624 0.0013627688586611397 0.9999572102448845 0.009149892912251338 0.17927154503571807 -0.004491458336028003 -0.009143688547542612 0.9999481085345185 0.5465474433948834
0.9999857727691902 -0.002579653157090795 0.00466900940186686 52.002403075236835 0.002536979986385706 0.9999551697248895 0.009122624239557687 0.18589068651437327 -0.004692333295311409 -0.009110649266468256 0.9999474876603217 0.5520554470952871
0.9999750594041834 -0.003714474854065958 0.006006933174123795 53.4142943283403 0.003654691153397063 0.9999439879218881 0.009932988042075009 0.19730951688729131 -0.006043492547621659 -0.009910786821904482 0.9999326239814348 0.5744733949033859
0.9999661715164578 -0.004617452489473982 0.00680697842110503 54.868771644171844 0.004558555183693322 0.9999522600016235 0.008642759529383981 0.2032372279595989 -0.006846560987471137 -0.008611437171168667 0.9999394820450345 0.5871070568928076
0.9999580453754607 -0.0049221987525106155 0.007725247460690537 56.26503430997129 0.004880405094998411 0.9999734046097973 0.005419568174628404 0.21334573950543598 -0.007751718196428209 -0.005381638461613196 0.999955473424928 0.5820785443144272
0.9999580699539022 -0.0055489494125632866 0.00728474395456314 57.70035048600313 0.00551529179407963 0.9999740614521996 0.004632275814183902 0.22019491035067554 -0.007310259263041808 -0.0045919040940909026 0.9999627365688672 0.6085838612719016
0.9999577497219053 -0.0054631309445151155 0.007392764799886 59.15090378313514 0.005441237163812952 0.9999807608676701 0.0029783943061026472 0.23703618076745106 -0.007408893927604368 -0.0029380426815424705 0.9999682375935602 0.6148688172314167
0.9999513375225093 -0.005226416075230188 0.008367028262959422 60.54925411652178 0.005202342581408345 0.9999822731807452 0.002896369440363536 0.23900045539621595 -0.008382017573964626 -0.0028527003484385993 0.9999608011727819 0.6364082090970393
0.9999477595370824 -0.004482970244272859 0.009185922629674999 62.00623726971098 0.004473432137406357 0.9999894338048307 0.0010586234486928572 0.2610363142934766 -0.009190571346844064 -0.0010174755442105255 0.9999572481570578 0.6394560995678603
0.999953136167388 -0.0040979881223268885 0.00877108672595945 63.40266804667207 0.004111489888909511 0.9999903897324448 -0.0015218717575177052 0.26737535101266857 -0.008764765821083252 0.0015578626711629346 0.9999603751869367 0.6424995602961028
0.9999614534409221 -0.003719410660257372 0.007953465701125623 64.8220344560882 0.0037374680291403697 0.9999904692266395 -0.0022567207661821718 0.2766775988268122 -0.007944996227171633 0.002286359601140657 0.99996582421337 0.6582107440558349
0.9999638192899856 -0.003019668523122303 0.007952465843719484 66.27047402342433 0.0030375268582623527 0.9999928901612619 -0.002234515050687783 0.2789376511906116 -0.00794566180820676 0.0022585900329364227 0.9999658820327285 0.6729413643120612
0.999966778451752 -0.0023209007941980557 0.007813796281479359 67.6361067826218 0.002326904387915989 0.9999970044631769 -0.0007593290740630842 0.2941487419518489 -0.007812010547513818 0.0007774858048292699 0.999969183528687 0.6796258796875895
0.9999534150512228 -0.001794362247913257 0.009484091496816744 69.11270676221294 0.001769965020698751 0.9999951048718239 0.00258020468479749 0.31341904471001625 -0.009488674892851523 -0.002563297975891942 0.9999516961094993 0.6971233578237851
0.9999445089588527 -0.0009384696578282029 0.010492772643133998 70.4760581237781 0.000876713518653174 0.9999822774912747 0.005888639636607287 0.3280131140759936 -0.010498112994504115 -0.005879113714238519 0.9999276102026035 0.7052804463063141
0.999933038757432 -7.51586602756271e-05 0.011572050488302324 71.9290328280408 -3.37416017517457e-05 0.9999557230345966 0.009410145156251203 0.3456086655627994 -0.011572245366926148 -0.009409905500757822 0.9998887622208955 0.7131244305360991
0.9999371852259407 0.0003043769244399551 0.011204149102486665 73.29281995536616 -0.00045755796864009005 0.9999064320108882 0.013671790810287451 0.35273694284153184 -0.011198939375147016 -0.013676058567540391 0.9998437623843682 0.7171400316592177
0.9999422710645044 0.0009064989435338254 0.01070667072560522 74.69474750862702 -0.001094753569226434 0.999844681549038 0.017590176028831735 0.36476516427418343 -0.01068906230610645 -0.0176008817326858 0.9997879539728652 0.7276022087300527
0.9999407091138839 0.0016878907065403601 0.010757754495510032 76.13961532757264 -0.0018909450500470832 0.999819722731745 0.01889302420032228 0.3746864243456605 -0.010723925756950858 -0.01891224633878894 0.9997636342430046 0.7255232579784662
0.9999349842438823 0.002090081008174626 0.011209765678464786 77.50681811516853 -0.0023031398617928 0.9998163093393605 0.0190274308774854 0.38427186240881 -0.011167937677290305 -0.01905201145285535 0.9997561192749143 0.7298578436722442
0.9999321938652868 0.002229296378233552 0.011429694195936032 78.91710982998735 -0.0024357783069472003 0.9998335146689925 0.018083415846818548 0.3865522646554459 -0.011387478026061102 -0.018110029881465064 0.9997711498947639 0.7471277803132153
0.9999436476981973 0.0019744537919238955 0.010430865747731702 80.28839344323339 -0.0021534111318982675 0.9998502101343862 0.017173238329471253 0.38857022181474604 -0.010395395544213875 -0.01719473252037848 0.9997981180843621 0.7501557484243638
0.9999424771685195 0.001698537502668834 0.010590435516862097 81.67550810237648 -0.0018789506423692959 0.999852892020545 0.01704886690182547 0.38899532765724165 -0.0105599194394809 -0.017067785108345123 0.9997985691192637 0.764299748545231
0.9999381022565925 0.001244382189875072 0.011056363256054472 83.08888330547663 -0.001426494743671281 0.9998631994282946 0.016478699638040398 0.3960033703587294 -0.011034344938898181 -0.016493451487787393 0.9998030852571866 0.7655007368400508
0.9999468065391621 0.001075256218312162 0.010258065909149905 84.43330560106975 -0.0012459673091003438 0.9998606062257577 0.01664979529378181 0.408567114858538 -0.01023873320270314 -0.01666169084832529 0.9998087599138541 0.7696068448810105
0.9999441656773159 0.00015910644994861437 0.01056599323462736 85.84586951627168 -0.00033340576160744036 0.9998638671980464 0.016496542436687953 0.40923274621226235 -0.01056193015005938 -0.016499144126435897 0.9998080935232523 0.770694255083845
0.9999344495886933 -0.0009688085122917798 0.01140867809273122 87.19829341805513 0.0007840677427683433 0.9998686849066918 0.01618635785892961 0.4191312911701025 -0.011422861442379683 -0.016176351660034262 0.9998039027146469 0.7793088483614538
0.9999166663413014 -0.0020072865167480164 0.012752692803414619 88.56766351671195 0.0018124646721066292 0.999881761738639 0.01527015108792085 0.42265897723166107 -0.012781836515577362 -0.015245764765181396 0.9998020760690657 0.7918906183188443
0.9999037995969068 -0.00319104518157487 0.013498473332867439 89.96477696760414 0.0030192866416655847 0.9999144679544738 0.012725591675709276 0.4215487438171577 -0.01353792671883126 -0.012683611708443667 0.9998279104596876 0.7971516756562854
0.9998975794648809 -0.004004101275027985 0.013740369472887357 91.32969620330752 0.0038431453818005656 0.999923926392467 0.011720565747727507 0.43155254853524116 -0.01378625452566724 -0.011666559083627766 0.9998369019921708 0.8089546864539046
0.9999038453382283 -0.004432455573768577 0.01313976466345264 92.71027296935064 0.00428764630049733 0.9999299922338708 0.011028450497362547 0.44605699718303254 -0.013187727894758156 -0.010971051397086451 0.9998528491054153 0.8068064676572855
0.9998988071623877 -0.00458707802054793 0.013466036925086992 94.02558624394158 0.004450944860295704 0.9999388653028936 0.010121993213413534 0.45492795069864317 -0.013511644055591736 -0.010061032352357708 0.999858095483014 0.8332282459759139
0.9999097093446885 -0.004848696766650665 0.012532489692222247 95.42300416823547 0.004734137701211465 0.9999468898893457 0.00915452570321859 0.4698628569289998 -0.012576211609485336 -0.009094368603151786 0.9998795584275455 0.8148443506369808
0.9999133111922978 -0.00471955445158678 0.0122921074773034 96.76293828794309 0.004618070397081263 0.9999551278955988 0.008271373592345992 0.4787007237727286 -0.012330593102631862 -0.008213890739172535 0.9998902382125061 0.8142934933046051
0.9999214289934653 -0.004531330420380138 0.01168772365723399 98.11716780189126 0.004415005262080576 0.9999406569115321 0.009959436925324581 0.48900665250044734 -0.011732159571124591 -0.009907053040892407 0.9998820964152937 0.8264723067257154
0.999921937276648 -0.004204196763894069 0.011766226348559786 99.48821720854757 0.004061095218501359 0.9999178219575278 0.012159639687922974 0.5137801871724197 -0.01181638094093726 -0.012110906707770014 0.9998568392925931 0.8258322698759928
0.9999038484531678 -0.0041385602914082616 0.013235035597189538 100.82839343403062 0.003977955107068723 0.999918416180049 0.012138239458362765 0.5200129564287038 -0.013284190668258318 -0.012084423970416945 0.9998387354846743 0.8280868791853417
0.9998821230295307 -0.0040611650339676545 0.014806991069261786 102.16740435715386 0.003882182517782056 0.9999192987213539 0.012096474837510543 0.5390346052617702 -0.014854921906793961 -0.012037565499833295 0.9998171974476034 0.8323065227398873
0.9998943318251603 -0.003890321290549763 0.014006804923767201 103.50383898526707 0.00372884936249654 0.9999265075204941 0.011535824214108937 0.5478748541219127 -0.01405065359148759 -0.011482375979008358 0.9998353535335349 0.8392777927299189
0.9999275234103973 -0.003709750543993637 0.011453631618435784 104.82077407052473 0.003576788720913288 0.9999262341760861 0.011607445407025749 0.5601223729861918 -0.011495847458775734 -0.01156563691858233 0.9998670319266817 0.8382448947108435
0.9999384868034196 -0.003871044383225936 0.010394114905583415 106.15946530267848 0.003766373479259544 0.9999421933319766 0.010070969429520349 0.5697289071755839 -0.010432499226077458 -0.01003120181327731 0.9998952634901713 0.8475324222796677
0.9999261719125988 -0.00345833197181837 0.011648633576027313 107.5072209783349 0.003352681888426582 0.9999531818865784 0.009077089790374264 0.5778922564499765 -0.01167947979881246 -0.009037365483380608 0.9998909519426351 0.8540766361222927
0.99990039809299 -0.0029143290385154294 0.013809438067317213 108.8508593535853 0.002843265171603159 0.9999826301175986 0.005162877710538837 0.5842224734477166 -0.01382424452343608 -0.0051230995837769945 0.999891316150916 0.8510453505769582
0.9998866108259631 -0.002094990830245413 0.014912293733372864 110.18454096487693 0.0020329309403548487 0.9999892157101113 0.004175602383889868 0.5966926505690994 -0.014920880763579336 -0.004144813252462219 0.9998800867305745 0.8630639543636885
0.9999057229442551 -0.0014255204315943319 0.013656980443190117 111.48607119369679 0.001374667835162013 0.9999920903620168 0.0037322247717876357 0.6042748624093107 -0.013662192784086351 -0.003713099096884083 0.9998997736690549 0.8599447822399383
0.9999318920692323 -0.0006429105037438666 0.01165323512718116 112.82475288809604 0.0005883036032188475 0.9999888344236068 0.004688808695905106 0.6125849240632649 -0.011656119496454762 -0.004681633710632585 0.9999211054798692 0.8645143645076485
0.9999527303738776 0.00044001791507368687 0.009713053179198836 114.16877877277886 -0.0005164956918840216 0.9999688771560998 0.007872607660043383 0.6132606431746606 -0.009709286792952182 -0.007877252274944782 0.9999218362685001 0.8761885372127717
0.9999571390329587 0.0018195633526725801 0.009077956059916169 115.48690176664753 -0.001917683267440222 0.999939713859763 0.010811620458611906 0.6303610277054292 -0.00905773635661458 -0.010828565706542427 0.9999003448228394 0.8637331560863097
0.9999312004800608 0.0032292456172438176 0.011276802705021662 116.84839977655506 -0.003360785785188211 0.9999263106233705 0.011665266479628358 0.6398331463400044 -0.011238301713806634 -0.011702362833128007 0.9998683689759924 0.8758222921334703
0.9998999195472131 0.004083954469373667 0.013545191226731262 118.15592525340327 -0.00424208742908299 0.9999229473904888 0.011666360879113463 0.645504110762298 -0.013496502647747332 -0.011722653189861749 0.9998401991410776 0.872000609691565
0.9998812990139935 0.005000931854980892 0.014573213875830115 119.52995665343309 -0.005165074747035223 0.9999234044624458 0.011247542446667693 0.6446360517807325 -0.014515849439367613 -0.011321479091262318 0.999830542755241 0.8801818304992722
0.9998839414511639 0.005970590204353695 0.014016264862552731 120.83379303534642 -0.006134028736767217 0.9999133597106332 0.011646749059298078 0.6421103117184291 -0.013945512523463188 -0.011731373525952635 0.9998339349890323 0.8812930644834203
0.9998770147474279 0.007387469270748254 0.013834040535783904 122.15486642807284 -0.0075755390136561995 0.9998789268379907 0.013592015080949206 0.6391775313106787 -0.013731955011014811 -0.013695143777336842 0.9998119205373046 0.8834519300061842
0.9998761974236804 0.008436154498214901 0.013282361342905336 123.52253659670819 -0.008639092295002534 0.9998456837673372 0.015296232743532041 0.6385088329574542 -0.013151270276276944 -0.015409086576047342 0.9997947810130898 0.8767612163069526
0.9998712569172432 0.009674658900779719 0.012801193924231104 124.84380267565396 -0.009882896586754245 0.999818220481691 0.016305040566652076 0.6412519786112638 -0.012641121223520043 -0.016429454281205215 0.9997851144552184 0.8826847742377637
0.9998676738353645 0.01076537740636163 0.012195961149328414 126.18783573515343 -0.010966707204972384 0.9998026781440912 0.01656309478881399 0.6315977185255246 -0.012015246653220912 -0.016694652593013993 0.9997884388322665 0.8739936256485681
0.9998642435858296 0.011608934766581834 0.011693033486741295 127.51884845230565 -0.011797770217264877 0.9997989714982031 0.016212008174070154 0.6236179934161576 -0.01150247870840992 -0.0163477590121933 0.9998002019197846 0.882957518435481
0.9998415224863537 0.012616592564856035 0.01255991656909782 128.8463050703236 -0.01282206706312328 0.9997830361436882 0.016415700884745046 0.6215997232260653 -0.012350081311434658 -0.016574143457840276 0.9997863638099092 0.88504321983662
0.9998153955587659 0.013465965426162945 0.013705567438457055 130.21644177733177 -0.01368786877740771 0.9997746247463374 0.01622781444474054 0.6101323027221182 -0.013483955354463957 -0.01641241872674003 0.9997743822780903 0.8887711184003904
0.9998031138743128 0.013792968157170238 0.014264905069554334 131.54627493991762 -0.014002612044418026 0.9997938599292746 0.014702533919550752 0.59112827487066 -0.014059172918832326 -0.014899385126148967 0.999790151971753 0.8862956442630393
0.999795916374431 0.013815251006714206 0.01473989282977165 132.90342148164606 -0.014004019464741268 0.9998202477926343 0.012781218357667278 0.5777480501721481 -0.014560667561716369 -0.01298502766638198 0.9998096698955559 0.8926167953782586
0.9997874722766003 0.013665933456278792 0.015435431368601463 134.2296999943712 -0.013845656587711062 0.9998368866748876 0.011597320290618293 0.5652632289345288 -0.015274425436703645 -0.011808569220552227 0.9998136074391776 0.8789980501944274
0.9997934105465159 0.013128400388946509 0.015517130243490483 135.56421030389583 -0.013279703609787743 0.9998648846478384 0.009688236175951067 0.546001438987698 -0.015387842597392534 -0.009892297579042279 0.9998326643737968 0.8923697280312672
0.9998143296370576 0.012004650913007474 0.01507297611149804 136.9124127061772 -0.012148156056484704 0.9998814062673724 0.009465500790184007 0.5366921528570892 -0.014957558518296218 -0.009646852193255007 0.9998415922964664 0.8900335914510319
0.9998031506497834 0.010957839503120048 0.016540426360599877 138.24313448144292 -0.011075063418053368 0.9999140821109427 0.0070122297821105725 0.523386688380697 -0.0164621663535715 -0.007194035700139679 0.9998386084410286 0.8904736066602529
0.9998120117095676 0.009938896658667382 0.01664811023737573 139.5778917187114 -0.010048250139386344 0.9999284030568817 0.0064978018783953175 0.5061843825672973 -0.01658233730219617 -0.00666386474374186 0.999840296745572 0.8881980250256456
0.9998177629302377 0.00863797304726436 0.017024287086674923 140.94048367949 -0.008722726176448885 0.9999498996883085 0.004910413566349805 0.5034662652084909 -0.016981018144548506 -0.0050580169015764734 0.9998430184222912 0.8874204969328908
0.9998368989091666 0.0074627694566196815 0.016446356792258126 142.26627816820667 -0.00753842170168585 0.9999612670358792 0.0045427553584533676 0.5007261619602497 -0.01641181824017261 -0.004665994003055442 0.999854429765661 0.8800597348514658
0.9998497621146751 0.006433876796947622 0.016095292125004684 143.61152213437524 -0.006516403779793465 0.9999658633474972 0.005080218644275464 0.4918156921154804 -0.016062057184751653 -0.00518433882540962 0.9998575563298691 0.8740028801731612
0.9998853348244784 0.0056993564518214275 0.014029773304497858 144.97469432399828 -0.005734207370759363 0.9999805699967584 0.002445096069130858 0.47676693906973516 -0.014015565231900149 -0.0025252653312536587 0.9998985883409562 0.8747410536258223
0.9999038004020541 0.004567760277349429 0.013096774701341407 146.28104057549731 -0.004542462637641186 0.9999877607887838 -0.0019606901386353343 0.489975139548247 -0.013105570369681034 0.0019010099112778537 0.9999123112486428 0.8819571724397814
0.9998655173426334 0.003638334438361758 0.015990927167072944 147.6701833516117 -0.0034838102935144076 0.9999470741379353 -0.009680495277691126 0.4748514027566947 -0.01602530171281663 0.009623484062294069 0.9998252738651469 0.8842097290424455
0.9998383562845584 0.0022790957972338793 0.017834433675879946 148.97050687250575 -0.0019698982727104843 0.9998477881762092 -0.01733551210484919 0.4656365407638015 -0.017871228356984924 0.017297577908170596 0.9996906586517268 0.8789533663784245
0.9998909407658754 0.0013856883000836111 0.014703279983320171 150.275153012417 -0.0011019200853545383 0.9998133189024663 -0.01929023373007293 0.435207123798824 -0.01472726541006118 0.01927192811242203 0.999705806945409 0.8790737884126646
0.9999298016137604 0.0013668464185431287 0.011769603881775552 151.67474546088724 -0.0011550522690015538 0.9998376248299811 -0.01798304280698955 0.45485439324434557 -0.011792272847999434 0.01796818591873593 0.9997690166212735 0.8872391032038848
0.9999542678401679 0.002388149455150091 0.009260613932872636 152.99051751855615 -0.0022511753628454436 0.9998883338120855 -0.01477335831749615 0.4555203343351759 -0.009294860823033671 0.01475183543398181 0.9998479829022056 0.8814225870911261
0.9999491090099228 0.0032855423561574826 0.009538584889133141 154.3587160319634 -0.0031391866863581556 0.999877741989663 -0.015318178109726813 0.46103364787890894 -0.009587747243721837 0.015287455153785967 0.9998371711522389 0.8836347133493933
0.9999170850694776 0.003765895332507547 0.012314260777795719 155.6855740513419 -0.0035321140602973702 0.999814164239619 -0.018951547591086956 0.461561374436455 -0.012383341892397615 0.018906480851199732 0.9997445662895094 0.873015255780771
0.999872212734366 0.00429825177332893 0.015397507375408247 157.0237879112864 -0.0038781165937701967 0.9996221451610665 -0.02721262786415417 0.45728375454086984 -0.015508656078712973 0.02714943710799343 0.9995110753019956 0.8704648416038286
0.9998517738004151 0.004369253764617065 0.01665352964700691 158.36183927829538 -0.003835295455084074 0.9994817600920461 -0.03196094103867301 0.44133364790319773 -0.016784544585289468 0.031892332383281416 0.9993503680882989 0.853934408102961
0.9998463920720093 0.0042684816036431174 0.01699918602125063 159.69995259119787 -0.0037284887806688723 0.9994913690336772 -0.031671779214283685 0.43046026529319154 -0.01712573011576875 0.03160353290354207 0.999353754221205 0.875601920167732
0.9998399302059559 0.005264045583833975 0.01709981841542808 161.0700671166752 -0.004741624968983519 0.9995250621977658 -0.03044941758401676 0.4337079082494634 -0.017251984187414714 0.03036346262605165 0.9993900285568961 0.8616054507511521
0.9998352077035088 0.006485702368254934 0.016955621524205933 162.41239270950732 -0.005996497261401182 0.9995687783704544 -0.028745422724172392 0.4380485780888656 -0.01713474414970096 0.028639011361912808 0.9994429486324552 0.8410006566907221
0.9998508515657225 0.007365010059650557 0.015621499611778245 163.75915023928795 -0.006947663023530915 0.9996218999775311 -0.026604267774593227 0.43678175523764773 -0.01581153382221355 0.02649176687448469 0.9995239775443393 0.8386946353360911
0.9998555320332146 0.00801430987594594 0.014989526336404988 165.10802268141933 -0.007631646911221721 0.999647881822233 -0.025413979100989532 0.43884024625523665 -0.015187923755401966 0.02529591282273498 0.9995646271084551 0.8197932918653963
0.9998328050503245 0.008238807786948606 0.016324337396952084 166.4504405874239 -0.007832477556639475 0.9996617347897435 -0.02480057040644862 0.4374387658578749 -0.016523142574115624 0.02466856387003895 0.9995591266733875 0.8109344492786247
0.9998342929930665 0.00804843795682161 0.016328172019858863 167.7829577709818 -0.007664725203140696 0.9996961429974979 -0.02342805291710886 0.427965830391778 -0.01651176982080505 0.023299019772979854 0.9995921754070523 0.8078127773022343
0.9998666001210066 0.007553821391357397 0.014481772848881165 169.17596391032876 -0.007234666764052101 0.9997325522916471 -0.02196550671489976 0.4254362527228291 -0.014643823246414858 0.021857805718247608 0.9996538374707072 0.8047984916207945
0.9999114718481267 0.006928887372599656 0.011359532837703985 170.57999218837804 -0.006733138377589223 0.9998297288665832 -0.017180748591462833 0.42751804907354934 -0.01147664210913982 0.0171027423050412 0.999787868945981 0.8079917182074751
0.9999315270634505 0.00655292619646926 0.00969537739439806 171.92501959755506 -0.006464099631075113 0.9999371081370718 -0.009164888784344806 0.42978933757248405 -0.009754824473854595 0.009101589352058329 0.9999109982747219 0.8309111143293317
0.9999149698658926 0.006860162733632585 0.01109014000629024 173.28564571765727 -0.0068035896141914205 0.9999636917882442 -0.005130913523633115 0.4332371067093891 -0.011124936244882809 0.0050550244800013815 0.9999253384733552 0.8350480825638411
0.9998774420223876 0.0075112116540428184 0.013736179754762694 174.69122901787213 -0.007529176665219448 0.999970865784868 0.0012566145810445845 0.44158507098854966 -0.013726340863860846 -0.0013598826969817128 0.9999048646173992 0.8541558432600235
0.9998464012114815 0.007505020633426609 0.015838202225660385 176.02829855700776 -0.0074955677447862325 0.9999716925851327 -0.0006561193552471569 0.4404748970258172 -0.015842678076398352 0.0005373022583710059 0.9998743525351826 0.8359632109226989
0.9998294068643763 0.006713872746924133 0.017207006769563823 177.46755935706824 -0.006657727525410973 0.9999723319292141 -0.003318138069337497 0.43419810845965456 -0.017228808241636764 0.003203012455160158 0.9998464426489626 0.8281328137152496
0.9998305812258912 0.0053308484780608964 0.017617914178489857 178.87064202891196 -0.005229063196395395 0.9999694010938787 -0.005818399611402324 0.42804572067166263 -0.017648392096301046 0.0057252886786448905 0.9998278628473811 0.8194223074992777
0.9998972728043958 0.0031760661295351365 0.01397699689749353 180.20440045998149 -0.0030904254631279 0.9999763463200851 -0.006144596877750753 0.42131306893859327 -0.013996181936105816 0.00610077079343531 0.9998834369499964 0.8255226997016126
0.9999562524372511 0.0014427257578376086 0.009241847977340806 181.61971961213348 -0.0014085347539937343 0.9999921443739355 -0.00370502635147149 0.4338413866335664 -0.009247120713789685 0.0036918468015314813 0.9999504292842213 0.8266842641785209
0.9999637286375598 0.000948684695231859 0.008464124681138437 183.01608818617925 -0.00095637314235341 0.9999991337451545 0.0009043557669286374 0.46156886454194146 -0.00846325940057429 -0.0009124178262314116 0.9999637697106976 0.8237291024589529
0.999957333832318 0.0005130508067051493 0.00922319325569078 184.34558384216118 -0.0005668220082755182 0.9999828544941172 0.005828330001648267 0.47723457725588253 -0.009220044889967468 -0.005833309238067015 0.9999404798664568 0.8217097856140915
0.9999153183739958 0.0009320178373036262 0.012980270558873732 185.7961180178713 -0.0010105557210356984 0.9999812162997787 0.006045314280483888 0.46788131271855654 -0.012974392400621246 -0.006057919640114771 0.9998974781203664 0.8179857157014839
0.9998821452664812 0.0012125078440583272 0.015304424263180794 187.1544526599663 -0.0013551274833806175 0.9999557248828167 0.009311922657789337 0.4814818024021779 -0.01529245587873728 -0.009331564649562309 0.9998395184700333 0.8459071702376646
0.9998668565427127 0.0013898443412868119 0.01625845995478672 188.61414979381775 -0.001476144996462384 0.9999848799536988 0.005297250224042367 0.48055785580082205 -0.016250851772871153 -0.005320544774145864 0.9998537901213169 0.8141777054878445
0.9998564022927416 0.0012477409889390424 0.016900234810192188 190.0318223275251 -0.001323432774379527 0.9999891413585584 0.00446829840818792 0.47802232473648965 -0.0168944760175274 -0.004490023095423677 0.9998471965118949 0.8157721410032013
0.9998458200821665 0.0014180867099790964 0.017502145420006828 191.381129702041 -0.0014389977112449956 0.9999982658050679 0.0011822319755239806 0.47942601133436424 -0.017500438560422334 -0.0012072352462964009 0.9998461267781423 0.8052601596996084
0.9998420787103673 0.001875092068915099 0.01767205901598605 192.83664977577197 -0.001873964138621289 0.9999982408967724 -8.038512351675115e-05 0.4860997518070264 -0.01767217865851756 4.725562414282123e-05 0.9998438337402333 0.8048477817683712
0.9998288637047988 0.002236073533827634 0.018364184651705896 194.19969394203 -0.0021839196361560687 0.9999935267342202 -0.002859542739565505 0.48224088066964843 -0.018370459923296605 0.0028189474645522296 0.9998272749517282 0.7904865198733068
0.9997964656104686 0.002659999215424507 0.019998793888353274 195.65837315075902 -0.002504291579858597 0.9999663901035596 -0.007806867934000096 0.4781227368179328 -0.020018887993541113 0.0077551961567590665 0.9997695239684355 0.7788724002182952
0.9997795593925315 0.003047673660643974 0.020773644507739567 197.0679629475918 -0.002811074622429202 0.9999309629173122 -0.011409086673518603 0.4719084258850402 -0.02080698152887285 0.011348175382630558 0.9997191047665049 0.7814911665369212
0.999846221081991 0.003131141902265873 0.017254858401343224 198.4989862549088 -0.002989506446239547 0.9999616796418637 -0.008228128525406367 0.4783534246993087 -0.017279960626992826 0.008175279702284726 0.9998172671856187 0.7877979073340395
0.9999208195137513 0.003342173160842451 0.012131965278173522 199.93136243793893 -0.0033178110513974405 0.9999924403256317 -0.0020276640290770027 0.49387096606523123 -0.012138650368763762 0.0019872519091781375 0.9999243491370107 0.778195591950036
0.9999221758044464 0.004678733484880684 0.011565110785425802 201.37410256011708 -0.0047740546043783545 0.9999547506523042 0.008228307877232773 0.5036479111932558 -0.011526089412117618 -0.008282879986186768 0.9998992665073809 0.7689494252448907
0.999867645012821 0.005819780431256059 0.015192847404207774 202.79089028300314 -0.006024995210047547 0.9998907634993602 0.013496684829449344 0.5245021644632916 -0.015112640048465324 -0.013586435308739117 0.9997934871193985 0.7543318345339151
0.9998242410870009 0.0067439200567682095 0.01749304081830235 204.2436741343819 -0.00701714786957157 0.9998536085595955 0.015605162162939707 0.5169348351425074 -0.017385240020760136 -0.015725170670711254 0.9997251984604557 0.7528830127610788
0.9998173100804494 0.006290781145985823 0.01804916995508726 205.7119574725773 -0.006548517326925293 0.999876930113445 0.014256280992317384 0.51147104161877 -0.017957265502110128 -0.014371871815677317 0.9997354579668566 0.7431456667865133
0.9998194386770383 0.004951324813244347 0.01834596484586801 207.15572894989043 -0.0051510673318988474 0.9999278006549351 0.010856333760825093 0.5003881477327748 -0.01829088704449072 -0.010948874827028441 0.9997727569758779 0.7371269750598847
0.9998301783103077 0.003855632096703623 0.01802078358766052 208.57987639151264 -0.004020343863928851 0.9999503953795528 0.009112826975864735 0.4957260874160797 -0.01798475396535064 -0.009183729166909661 0.9997960830806424 0.730605547657529
0.9998413696445942 0.003343277639501472 0.017494514621644565 210.07611573947963 -0.0034996303091267104 0.9999541431338341 0.008914270423246665 0.5026794858681728 -0.017463909497050414 -0.008974080682974611 0.9998072202884786 0.7156727953568266
0.9998402401582458 0.0032108845443103154 0.017583639576166796 211.53415741778383 -0.0033909149529188815 0.9999420424179651 0.01021829245864442 0.5032212495558133 -0.017549810713608886 -0.01027628461222379 0.9997931796719184 0.7113612682459751
0.9998266305575847 0.0030547655900255493 0.01836783152843461 212.96289695828148 -0.0032673120270382684 0.9999279259749101 0.011552814706062288 0.5074677085414757 -0.018331216544052162 -0.01161082523788184 0.9997645499002804 0.7000396637817765
0.9998290368612438 0.0026217152113868166 0.018303651506409068 214.41324491647313 -0.002826013194936825 0.9999339028228774 0.01114466844865906 0.5166045455158257 -0.018273223539915746 -0.011194489481833315 0.9997703599860827 0.7006900438026488
0.99983984439404 0.002358157208073754 0.017740480734294295 215.87239687103045 -0.0025657341627245644 0.9999284117344803 0.011687104618579736 0.5193506306517627 -0.01771165069405123 -0.011730750220740764 0.9997743179982923 0.6956331867094292
0.9998476491840281 0.00214271849945356 0.017323024522431035 217.3597906401171 -0.002324281898123019 0.9999425106803613 0.010467714550634064 0.5215292277627662 -0.017299599267922513 -0.010506383378099142 0.9997951489047552 0.680966108399516
0.9998452190885249 0.0015748378249189673 0.017523063420668686 218.81162179012568 -0.0017841289459436243 0.9999271892124755 0.01193453633545601 0.5190752082843041 -0.01750299259337724 -0.011963952501714396 0.999775229284469 0.6838352063531745
0.9998520959909559 0.0013338451491462491 0.017146632311049338 220.29020165606917 -0.001562319712887018 0.9999100874242469 0.013318266566997068 0.5249557827305281 -0.017127326107917333 -0.01334308526364747 0.9997642806062037 0.6808842395116064
0.999852519472013 0.001302356241974768 0.017124344474663943 221.79095821763124 -0.001488711383205078 0.9999397656341866 0.010874228334246764 0.527549924912491 -0.01710915088148678 -0.010898117803859934 0.9997942328221582 0.6641984071295011
0.9998564816982112 0.0008000212336551971 0.016922646722667745 223.27908947885484 -0.0010155023615895716 0.9999184731721726 0.012728541314097399 0.5334929489284365 -0.016911083969637267 -0.012743899523174966 0.9997757789944278 0.6618381466500839
0.9998552835021687 0.00045912810053888245 0.017005918210585187 224.76165816941247 -0.0006697817596986541 0.9999230977488603 0.012383455927866842 0.5399273265196458 -0.016998924824593826 -0.01239305409131829 0.9997786998956806 0.651231921019248
