1.0 -2.1684043449710093e-19 -2.5135375298442207e-37 0.0 2.1684043449710093e-19 1.0 2.3183291766350204e-18 -8.673617379884035e-19 -2.51353752984422e-37 -2.3183291766350204e-18 1.0 0.0
0.9999995292880215 -0.00039096494551621436 0.0008880147221831904 1.3161858471455872 0.00039126089619476287 0.9999998679719811 -0.00033312299705783526 0.0007492981381659091 -0.0008878843655259712 0.0003334702856888858 0.9999995502293597 0.01591835445402791
0.9999987856022057 -0.0003617288015763067 0.0015158978817524443 2.6181876151764203 0.0003634547765027806 0.999999285902403 -0.0011384618174068112 0.010288873483904691 -0.0015154849848245586 0.0011390113951871045 0.9999982029775366 0.024110816154197717
0.9999993489035334 -0.0008413882865311943 0.0007708814828358718 3.9454411632659268 0.0008429633616537652 0.9999975533400951 -0.0020451715318027656 0.011732359373754516 -0.0007691588133802505 0.002045820025045016 0.99999761150472 0.04715056832287881
0.9999992900197473 -0.00029555490722055254 0.0011543861130786375 5.258813202752891 0.0002985192537055565 0.9999966566590693 -0.002568570991502711 0.02130086028080998 -0.0011536230998112128 0.0025689137743489937 0.9999960349100208 0.06012563629791387
0.9999981060592089 -0.0006025225225247878 0.001850633568541042 6.583281528854158 0.0006080690580604441 0.9999953211072508 -0.0029980019391409297 0.01905240011214653 -0.001848818545934151 0.002999121574113603 0.9999937935506239 0.06592359356788545
0.99999573561281 -0.0002831074975617672 0.0029066486440499193 7.918054009775822 0.0002956453878706653 0.9999906509639652 -0.004313997968195531 0.01700075887723687 -0.002905400144517743 0.004314838908903631 0.999986470316069 0.09080370502676971
0.9999930081940602 -0.00015324903967938998 0.0037363187398810212 9.229061887550479 0.00016916867747559646 0.9999909082800663 -0.004260837847977159 0.027424484737018653 -0.0037356318010090222 0.004261440125125638 0.9999839424626314 0.10149413118143856
0.9999970031861641 -0.0006219505440491077 0.002367867439623562 10.571295482630003 0.0006305816672371033 0.9999931541222862 -0.0036461041294067035 0.025580723671969223 -0.0023655835330456836 0.003647586336509276 0.9999905495195772 0.1154257476323001
0.9999998065221474 -0.0005768518658955671 -0.0002328037645074123 11.888100780459025 0.0005766765931076226 0.9999995507864433 -0.000752243988775909 0.03891909580753281 0.00023323759327733933 0.0007521095907515787 0.9999996899656463 0.1273583227001566
0.9999993754237437 -0.0006283801946479004 -0.0009242783420074861 13.226305379330178 0.0006308039833875971 0.9999963572770211 0.0026244083186155636 0.034439050136869216 0.0009226258489074436 -0.002624989717932338 0.9999961290877698 0.14495557698315192
0.999999552933015 -0.00036390104512839134 -0.0008727598751036184 14.566591554858924 0.00036832791842025695 0.9999870416621515 0.0050774838574855685 0.054988407299821865 0.0008709008639039347 -0.005077803049338247 0.9999867286358741 0.15271043690631203
0.9999999907905598 0.00012336361278886482 -5.6571188344254375e-05 15.909484700021027 -0.00012304043239745092 0.9999838743654058 0.005677664150358512 0.0737971238631924 5.7270693259732626e-05 -0.005677657137526928 0.9999838803348263 0.1682122941369931
0.9999961937557684 0.0002999002414310172 0.0027427237959283366 17.259994605714386 -0.00031074686467483833 0.999992130201734 0.003955119591649684 0.07037200877062173 -0.002741516069924939 -0.003955956830318807 0.9999884171805167 0.18453433871468095
0.9999880033214996 0.0005102191494410713 0.004871641355857319 18.61426501431194 -0.0005090551286834975 0.9999998415893884 -0.00024017509063085536 0.06639915285772365 -0.00487176312606809 0.00023769227531020344 0.9999881046424631 0.20550303543893164
0.9999955186395787 1.669075708055125e-05 0.0029937304786639782 19.96480143704121 -9.317634807609054e-06 0.9999969671333943 -0.002462851435802161 0.054836360729115664 -0.0029937625059338236 0.0024628125043899005 0.9999924859420826 0.22656369251137967
0.9999997822351537 0.0003589816845080129 0.0005537705257661109 21.306482003663774 -0.0003569793054476789 0.9999934138153255 -0.0036117712755505188 0.05863959558544786 -0.0005550634382677155 0.003611572804416037 0.9999933242009458 0.22224606176763692
0.9999996624625747 0.0007035082901158801 -0.0004244417775243498 22.66080611551063 -0.0007041449054891784 0.9999986246754488 -0.0015016081922489424 0.06763482418320871 0.00042338479996739957 0.0015019065539152998 0.9999987825102662 0.26129977938525667
0.9999981197222916 0.0016025997635381304 0.0010918909649502999 24.026293526252502 -0.0016040690743416072 0.9999978074688972 0.0013461128493239994 0.07488452090421319 -0.001089731290811376 -0.0013478617867874456 0.9999984978760307 0.2561400106626723
0.9999787802437039 0.00222529049337687 0.00612267462259936 25.417169967025064 -0.0022362907826699056 0.9999958967477296 0.0017903885722470915 0.08354448133121711 -0.006118665365051542 -0.0018040426614617188 0.9999796534751225 0.2682580360034437
0.9999748629273968 0.0022823968196760335 0.006712985780659546 26.79342699003466 -0.002278897017436349 0.9999972634158258 -0.0005289510784725893 0.06843605978575126 -0.006714174686268167 0.0005136395789172885 0.9999773277593174 0.2717706354167386
0.9999809959231782 0.002345100840631898 0.005701604558015096 28.160268892630196 -0.0023211224717200546 0.999988450250992 -0.004208533603364283 0.07333535915230908 -0.005711408141604584 0.004195219501603908 0.9999748896599221 0.29923683476845203
0.9999903301040305 0.0024624315220161683 0.0036436423303620844 29.51827755435826 -0.002446434418621384 0.9999873784681349 -0.004388378181345639 0.07536244187692881 -0.00365440242277858 0.004379421814179008 0.9999837328714433 0.29818276116332054
0.9999951041149199 0.002902198112171037 0.0011700394472683568 30.91054107922646 -0.0028967838657249327 0.9999852111278614 -0.004602843556073469 0.07219522848143475 -0.0011833805075836291 0.0045994316696872685 0.9999887223558525 0.32879638278844714
0.9999939235335861 0.003429369729243001 0.0006263538652180366 32.29106737397796 -0.003428185437049942 0.99999235248266 -0.001882158549222219 0.08156711620709922 -0.0006328036927203301 0.0018799998551498286 0.9999980325780802 0.3224601542126166
0.9999907155373119 0.004057892789823484 -0.0014499466477102655 33.67009329787519 -0.004058566642683904 0.9999916572137924 -0.00046210347319738357 0.0775956568456707 0.0014480593847633315 0.0004679838879129969 0.999998842056879 0.3518812124937756
0.9999898162858777 0.004386572364407677 -0.0010608050850201148 35.06413886211359 -0.004386985023067539 0.9999903022529054 -0.0003869916667322398 0.09054011393520908 0.0010590972306501402 0.00039164146174011525 0.9999993624648075 0.35315338214941566
0.9999924865799311 0.003843741126007617 0.0005024319281711118 36.45811567579242 -0.003843605977436917 0.9999925769558292 -0.000269678197644185 0.08318079296757828 -0.0005034647717757888 0.0002677450210762291 0.9999998374179004 0.3833501495744019
0.999991565628789 0.0036276067571784903 0.0019259129000452463 37.85948515086741 -0.0036284226562641516 0.9999933289186901 0.00042031790829530254 0.09035227295855103 -0.0019243753040393992 -0.000427302389178553 0.9999980570942913 0.3861269869787845
0.9999932652438612 0.002922250438545259 0.0022203421571954985 39.26102426452589 -0.002929061100215045 0.9999909967112733 0.0030703578725006586 0.07852766010032149 -0.00221134981217458 -0.0030768407122309374 0.9999928214658542 0.3979382364854701
0.999991091298742 0.00349838703658469 0.0023619084007079696 40.65384170759665 -0.003513015917689791 0.9999744960589184 0.006218195146024289 0.09492584374977368 -0.0023400945094454732 -0.006226437171789182 0.9999778774742133 0.428329889948731
0.9999908104797197 0.0033035238418873173 0.0027323408168371728 42.07855122640208 -0.0033256881280498665 0.9999612785845405 0.008147461570691461 0.09024090170293296 -0.0027053196831835873 -0.008156473612844467 0.9999630759101131 0.43371334402320105
0.9999910672171841 0.003161376663797301 0.00280556294291633 43.46587307647348 -0.003184907713543272 0.9999594553362301 0.008422828890945207 0.10263385184847963 -0.0027788214576111325 -0.008431689110701752 0.9999605916085129 0.43548001164077677
0.9999912994162005 0.002869250332067966 0.0030279521843583628 44.89028083697187 -0.002893178584033166 0.9999643884408035 0.007927885461513564 0.1111971086448596 -0.0030050972662668605 -0.007936576890695015 0.9999639894204583 0.4558696973098948
0.999994680138829 0.002058108069768378 0.0025305898945348847 46.284789522465154 -0.0020778623621171203 0.9999671979205564 0.007828510133797258 0.10000100749022549 -0.002514394966043493 -0.007833726704705979 0.9999661546991832 0.480680396829293
0.9999945206537986 0.0010369183246642505 0.003143797507414866 47.72405098536488 -0.0010599800457611395 0.9999724790808107 0.007342855253948354 0.10466273759967121 -0.00313609704604954 -0.007346147382528084 0.999968098998139 0.4980982144713895
0.9999926786854693 0.00011110498082538444 0.0038249485150649094 49.120161394552916 -0.00013919624224380115 0.9999730173686359 0.007344736827969919 0.10916007382254556 -0.003824029271044701 -0.00734521547330153 0.9999657117170493 0.5039965868173205
0.9999923784741721 -0.0007847015978417796 0.00382455709468602 50.548454534568485 0.0007539513019578837 0.9999674342756251 0.008035044844790744 0.12422846997705025 -0.0038307376577422555 -0.00803210007568798 0.9999604046247891 0.5174412991372993
0.9999907228716921 -0.0018259088589936837 0.00390131098341531 51.98923283636025 0.0017933228418724224 0.9999636150634982 0.00833981668413093 0.13128241694259887 -0.003916396779628842 -0.00833274300448168 0.9999576127168021 0.5295636902117251
0.9999822181902731 -0.002816448408374231 0.005256512306071942 53.40409516727258 0.002770727324819967 0.9999584452233782 0.008685096230659654 0.1447678098016501 -0.005280754998332671 -0.008670377431651336 0.9999484677631344 0.5416230115698171
0.9999744992467886 -0.0038476887261627195 0.006016323428880737 54.85609892902751 0.0038080497762013705 0.9999710599483854 0.006586199405165339 0.1462209308590105 -0.00604149096136969 -0.006563120993032803 0.9999602121233597 0.5467434514349563
0.9999673541389008 -0.004174881951389001 0.006918165735089537 56.252395264340336 0.004136124243008261 0.9999757257154815 0.005607178973639606 0.1562766342723234 -0.0069414071118613935 -0.005578381529439623 0.9999603484772881 0.5699053146160424
0.9999710784109457 -0.004576303780988666 0.006074519351716892 57.676860248254116 0.004555437501605996 0.9999836917323027 0.003444453309876575 0.1694965375544869 -0.006090183151534599 -0.003416681597554388 0.9999756176807723 0.57440743437135
0.9999687226483533 -0.004522819091225947 0.0064882842484365304 59.12971518457418 0.004509222691742213 0.9999876102156171 0.002108631303794941 0.1831211297422031 -0.006497740817910838 -0.0020793082328286363 0.9999767276499669 0.5891251256769487
0.9999624817845003 -0.0042232145727552255 0.007563033918694607 60.52784302480589 0.004207976001206179 0.9999890866574981 0.0020296560979902846 0.1878331614043783 -0.007571523053925812 -0.0019977548836892347 0.9999693400370177 0.6128671475475671
0.9999581594256143 -0.0035386214425553856 0.008435493845896435 61.97743740379034 0.003538141056759184 0.9999937381766223 7.187076878674512e-05 0.2071984166503198 -0.00843569534776739 -4.202179456229194e-05 0.9999644180060451 0.615588930993009
0.999959273568189 -0.00346791909553633 0.0083321511104066 63.396806488469295 0.00348011005343561 0.9999928944904302 -0.001449069586812281 0.19861077203995225 -0.00832706665013628 0.001478007374224635 0.99996423708811 0.635420429364652
0.9999701984505811 -0.002902842038531551 0.007153720626692687 64.80015110330221 0.0029230245011195696 0.9999917730901295 -0.0028124153008776856 0.20782831422343656 -0.007145497776312656 0.002833241987210097 0.9999704568642869 0.6397701732756305
0.9999730366524049 -0.0021258610294176837 0.007028988764518643 66.25257052152746 0.002148594133503591 0.9999924810260263 -0.0032282246919697025 0.21738809340876022 -0.007022073156668198 0.003243240092249125 0.9999700854937044 0.6440557813386102
0.9999756006895071 -0.001416756478069743 0.006840382061065941 67.6300144267361 0.0014289358877777865 0.999997402055871 -0.001775957132710874 0.2288025352688826 -0.006837848191362984 0.0017856882679945394 0.9999750272629419 0.6523462460733506
0.9999639365645874 -0.0007847942795568783 0.00845633893554178 69.09285320603668 0.00077307220464399 0.9999987360078442 0.0013893675109468272 0.2506299878331184 -0.008457418614470491 -0.0013827800449972157 0.9999632793206593 0.6710225755552481
0.9999546085456695 -0.0001241154873939201 0.009527089987105865 70.45696284244656 7.835031636557537e-05 0.9999884580822745 0.0048039112671707865 0.2559547200000871 -0.009527576266005392 -0.004802946760137362 0.9999430768763363 0.6802377981118294
0.999944174029838 0.0007318730474973345 0.010541023936376142 71.90960324495073 -0.0008228658902136115 0.999962417889642 0.008630509835893361 0.2751797561677607 -0.010534311344916229 -0.00863870187835395 0.9999071962509047 0.6961564280765212
0.9999456428141185 0.0012328573039694921 0.010353331827358528 73.27506946528126 -0.0013609804795958564 0.9999224738990318 0.012377153298483082 0.2802543051290567 -0.010337269910063538 -0.012390571193776368 0.9998697988219759 0.6955810399254626
0.9999480606898762 0.001943023691206362 0.010005027810602812 74.66340445899259 -0.0021032100927191517 0.9998693787828394 0.01602503914893024 0.2939303881023073 -0.009972583910973583 -0.016045249494921338 0.9998215328441292 0.706461012677401
0.9999473633174969 0.0027030456290519683 0.00989768350236683 76.0893106623479 -0.0028854991014357735 0.9998253192624343 0.018466316814857688 0.2994826358076258 -0.009846039270761355 -0.018493904566054882 0.9997804914102797 0.7089564350882531
0.9999427316254925 0.002970744242314689 0.010281446785107107 77.48054753337033 -0.0031543445751539517 0.9998350294327804 0.017887538384376345 0.30063175190138774 -0.01022661134733456 -0.01791894522002047 0.999787141256854 0.7135748755160298
0.9999405486005206 0.003014787685494152 0.010479041926683483 78.87958989227015 -0.0031930310378660855 0.9998498021179248 0.017034604707408987 0.2981457073923818 -0.010426112280280763 -0.017067051882438556 0.9997999859585722 0.7333110479387039
0.9999515905973781 0.002782405889027178 0.009437938294039994 80.26114194765948 -0.002934002848231488 0.999866293068446 0.01608687703847069 0.29543037179961995 -0.009391916154862606 -0.01611378922019935 0.9998260537253003 0.7282737042354416
0.9999507197413706 0.0026595887508710447 0.009564762223444304 81.66717529662787 -0.0028060334172505673 0.9998785487147626 0.015330166226149296 0.3026271184093549 -0.009522828633135227 -0.015356249794019882 0.9998367373361952 0.7458609684795072
0.9999461530097888 0.0024787515689049995 0.010077046768948167 83.03052737681858 -0.002634514365967383 0.9998768088391101 0.015473412027511542 0.315748885268313 -0.01003745062151885 -0.015499126955324884 0.9998294987889902 0.7502171913789818
0.9999536375768818 0.0021190306114768145 0.00939321063480144 84.40220505814963 -0.0022596865623402897 0.9998851055394807 0.014988980517082081 0.3203384525612129 -0.009360369298382484 -0.01500951130347393 0.9998435367881461 0.7535951284862874
0.9999541321150265 0.0014475199206291582 0.009467753279616487 85.79987451095815 -0.0015899685984128256 0.9998853955804126 0.015055487533046768 0.32668131185374055 -0.009444875115128211 -0.015069850400088493 0.9998418344633209 0.7502543393544159
0.9999496269810946 0.00013127238429991693 0.010036247701752491 87.19146793707465 -0.00027536399078084147 0.999896893813848 0.014357085919186975 0.3254901116109538 -0.010033328213628475 -0.014359126330646161 0.9998465621364 0.7620573107811218
0.9999344281198194 -0.0007337524783343683 0.011428082428399418 88.55560483213563 0.0005813366527557097 0.9999109216564148 0.013334571605988058 0.33634490168578574 -0.011436848708709762 -0.013327053669870107 0.9998457821744784 0.7730643759347829
0.9999202978344555 -0.0020797196968153878 0.012452820750198384 89.93401680232338 0.0019475154887611274 0.9999417188484885 0.010619137900566695 0.3351677512158771 -0.012474179815720505 -0.010594039470990028 0.9998660716143999 0.7834128255516639
0.9999179051559168 -0.0029675666858407666 0.012465010893221776 91.31466095645216 0.0028543567314914123 0.9999546093232322 0.009090211266608285 0.3379452001360231 -0.012491420906063455 -0.009053885419380486 0.9998809886994353 0.7841811604794747
0.9999267976539497 -0.0030639576948955425 0.011705191017710018 92.6851559044457 0.002971160137649703 0.9999640868534456 0.007937078227609251 0.344933327730157 -0.011729089519380021 -0.00790171921790681 0.9998999906452883 0.7886912851834321
0.9999255844950582 -0.003468338414542456 0.011695986527797003 94.02520286222381 0.0033917458408136243 0.9999727170166302 0.006562109609695446 0.35831226079666945 -0.011718427043230818 -0.006521951473335489 0.9999100672643574 0.7984192034106432
0.999928903758727 -0.0037467224206951246 0.011320313554521703 95.39913111063032 0.003676824827709947 0.9999740880123168 0.0061890437970284614 0.37377052407527545 -0.011343208851853298 -0.006146980969342693 0.9999167696553077 0.7972667214173843
0.9999340998479279 -0.003775201546758487 0.010841762522563459 96.74334344161429 0.003703616000988441 0.9999712603452315 0.006615263568938121 0.38770855817409594 -0.010866424887309148 -0.006574673896905447 0.9999193439839625 0.8046395046046323
0.9999409136204491 -0.0037485889296535774 0.010203790910146872 98.0983423182761 0.0036789476099059488 0.9999698716994834 0.006835278911812366 0.3966169145390696 -0.010229106138127837 -0.006797335827747382 0.9999245779623881 0.8087713072279596
0.9999423667043641 -0.003344233163743288 0.010201929926315375 99.44411845606379 0.003258513328370926 0.999959348049105 0.008407397938575504 0.4116729543024043 -0.010229631496967949 -0.008373670267884577 0.9999126143247122 0.8105909914687474
0.9999265124410889 -0.0031330581390930116 0.011711262276030083 100.79797094804641 0.003028446252645186 0.9999554543722731 0.008939674738819419 0.4265732720236475 -0.011738749111201824 -0.008903550855591814 0.9998914583850921 0.8136265775543069
0.9999052400588015 -0.0029961145169878486 0.01343630160243637 102.11405718621445 0.00286468493311725 0.9999479706449951 0.00979028003633979 0.43910899646821616 -0.013464935320472599 -0.009750861539221911 0.99986179855821 0.8243925812412204
0.999918304316515 -0.002865656405794992 0.01245683371284772 103.46411781917698 0.002755969089993359 0.999957361120169 0.008813658489134773 0.44584250219995136 -0.012481559484319841 -0.008778607802608702 0.9998835665805731 0.8335093067443144
0.9999465270380405 -0.0028160178601953057 0.009950533049663143 104.79765762848034 0.002724850305845463 0.9999542990549478 0.009163787008594881 0.45641457608083513 -0.009975883688782227 -0.009136183280737065 0.9999085017638808 0.8306308017171382
0.999957699713475 -0.0029211732138617864 0.008721555525852225 106.12503419697492 0.00284649788552091 0.9999592911665077 0.008562327928969403 0.4675036526574246 -0.008746212524494933 -0.008537139850681896 0.9999253077153545 0.8374638948372133
0.9999458386916045 -0.0026956614781782308 0.010052516726601563 107.47285674175869 0.002627775238452925 0.9999736964739988 0.006760263117869222 0.4816527599172336 -0.010070475690835658 -0.006733481218635363 0.9999266201827204 0.8451283152730599
0.9999225802056027 -0.0020296828077400447 0.012276562331123621 108.80446093119136 0.001981891828478772 0.9999904162679789 0.0039037772700859594 0.48805884855179327 -0.012284368105450439 -0.0038791442218864725 0.9999170198273233 0.8498649973904748
0.9999129320334174 -0.0011954319239199122 0.01314151037170601 110.14629228910316 0.0011647852255274459 0.9999965850964279 0.002339459523237435 0.5021573658764943 -0.013144262159314097 -0.002323948794131766 0.9999109098486172 0.8592754930488413
0.9999255545258839 -0.0006218253561965606 0.01218600588092819 111.46506807444499 0.0006030651641192893 0.9999986275753852 0.0015431006947355743 0.5000293872626961 -0.012186948695692913 -0.0015356368622362053 0.9999245572046503 0.8654338899120553
0.9999523742409389 0.00021853776660302445 0.00975712514800409 112.80224374531001 -0.00024570926858954437 0.9999960953860666 0.0027836737553027483 0.518724954018277 -0.009756478712351854 -0.0027859385968108264 0.9999485235097206 0.8700633512090915
0.9999699891965584 0.001003434872841961 0.007682045605883208 114.14803642367079 -0.001048906082384821 0.9999819418353478 0.005917414911717146 0.5174607518160113 -0.007675969141759299 -0.005925295069702517 0.9999529840827877 0.8771570925890493
0.9999689682933608 0.002570401848666294 0.007446843938751547 115.45850267526141 -0.0026352830510411236 0.9999585432809583 0.008715905154637054 0.5343400364942771 -0.0074241318383123514 -0.00873525922684074 0.999934286597218 0.8794662620315139
0.9999456014693007 0.003931868804465818 0.009660978723869 116.81695079991418 -0.0040278218674335755 0.9999425571955479 0.009932721693096483 0.5305505240250832 -0.009621369611588822 -0.009971094068995344 0.9999039986568032 0.8852005896294609
0.9999194772030074 0.0049964205041874215 0.011665114324754207 118.12763970014717 -0.005112548945153727 0.9999374606783593 0.009946686654259443 0.5328854105821326 -0.011614686967269408 -0.010005524187165353 0.999882487361586 0.8807536450854739
0.9999000490058182 0.005970073473123451 0.012816014235634434 119.49077125321637 -0.0060852137655129 0.9999413069123539 0.00896397812589516 0.5331372353456504 -0.012761746416164566 -0.009041070353615344 0.9998776909578843 0.8914908171014985
0.9999022199822739 0.006874034761529548 0.012177771578482292 120.82288844801414 -0.0069920185767861 0.9999287744775158 0.009672520256642564 0.5325506436163944 -0.012110414969863162 -0.00975672168254102 0.9998790648029726 0.889794881973974
0.9998933639456649 0.008148212436885271 0.012118884911799768 122.13341047721116 -0.008282952026436039 0.9999039775923576 0.011109829013517513 0.5225460585037158 -0.012027195980352985 -0.01120902444752551 0.9998648430301892 0.8952653046610771
0.9998877042440131 0.009242512287275519 0.011796392171195645 123.49705396197747 -0.009399656975634 0.9998668867951923 0.013336234072274996 0.5315451312674854 -0.011671561608349585 -0.013445618509747124 0.9998414824323468 0.8961690891103068
0.9998862710207869 0.010404945062337226 0.010917057405510874 124.83118503154792 -0.010559532278443301 0.9998434246819591 0.014199380208733058 0.5291277244349747 -0.010767604292784429 -0.014313044347775571 0.9998395848631382 0.9017388766513671
0.9998779756258082 0.011485218305417927 0.010588844078211522 126.16953034275079 -0.011641917300092675 0.9998218432132112 0.014857577033776123 0.5198580015273123 -0.010416315088052259 -0.014979038494298685 0.9998335505401751 0.8987414417914964
0.9998702758355862 0.012435311563942788 0.010236919789498146 127.51416865752745 -0.012582410358848722 0.9998166734205998 0.014432688582768928 0.5154375746310571 -0.010055568110777452 -0.014559621439904368 0.999843439231111 0.9079168526565664
0.9998499273086773 0.013331520019699946 0.011063156638012361 128.83998904489206 -0.013485249197565422 0.999811903842904 0.013939332412534625 0.5082979882603863 -0.010875243211644443 -0.01408642992357953 0.9998416382493258 0.9123943209565001
0.9998263154319464 0.01416415358516986 0.012112626593502089 130.2157875253154 -0.014326719652496408 0.9998070177498285 0.013441441968504341 0.49649155783467874 -0.011919902423118548 -0.013612641602922502 0.9998362925573434 0.9159105588501437
0.9998173374723498 0.014459575118917909 0.012498494992664543 131.53787094306028 -0.014605988038738851 0.9998248296610855 0.011703636468786763 0.4746603239720835 -0.012327076016375829 -0.011884051521331774 0.9998533955117245 0.9140823189830617
0.9998154725475766 0.014361062510393072 0.012758555484012378 132.8915922851529 -0.014501640065216332 0.9998343928532863 0.010994967172261033 0.4531230686302688 -0.012598543165181924 -0.011177958278360496 0.9998581549194077 0.928939478871723
0.9998064602421024 0.014428470365090899 0.013373903733801897 134.21128655129408 -0.01454811951921327 0.9998546248594058 0.008892770418262606 0.4480791136616623 -0.01324365042622284 -0.009085614463586618 0.9998710203487283 0.9163885473678202
0.9998103843860191 0.01386555783288178 0.013672658112590266 135.547580008292 -0.013963302352680345 0.9998774456332095 0.007079541045572881 0.4297170642612916 -0.013572820682835282 -0.007269114113241747 0.9998814622337591 0.9282499045841139
0.9998322626407601 0.012674015898066063 0.013221796537303494 136.8956636008063 -0.012769244988051976 0.9998929559153417 0.00714304510105112 0.415595168100243 -0.013129850155024296 -0.0073106793046959434 0.9998870741253787 0.9305212349485039
0.9998224743910686 0.01171946984355899 0.014753769996411316 138.23815378501945 -0.011802886708227702 0.9999147762604454 0.00557961301310595 0.4076872195627189 -0.01468712251851387 -0.005752759564695088 0.9998755893557543 0.9438363105136599
0.9998354163369598 0.010460424272384026 0.014822947154326329 139.58509031665233 -0.010531193710739477 0.9999334794147451 0.00470432827810567 0.37523491013730814 -0.014772751853500864 -0.004859657350371781 0.9998790674542156 0.9427212439760214
0.999844034760711 0.009395461662762481 0.014954312206368833 140.9384397593659 -0.00945025991877334 0.9999488724022116 0.003597939551061376 0.38662557144848875 -0.01491974332519221 -0.0037387005348150175 0.9998817046918207 0.9411304092801002
0.9998619114427892 0.008004310882334824 0.014563277559346879 142.26474920286083 -0.00805406939574099 0.9999619161747948 0.0033612744906279164 0.3765767123563344 -0.014535818248046044 -0.003478103985175534 0.9998883001518359 0.9371932247704626
0.9998750161816754 0.006933302004970632 0.014208495310978671 143.61849982864706 -0.006982465868477416 0.9999697961663295 0.0034134916822818775 0.3668549404090863 -0.014184399391224874 -0.003512275384608937 0.999893227667601 0.931967234359716
0.9999110286265257 0.006122121600757905 0.011851348368380537 144.9685292008118 -0.006136974301902779 0.9999804276860127 0.001217288510139999 0.36442193593110533 -0.011843664021786816 -0.0012899116266889862 0.9999290293568511 0.9368365971434817
0.9999280899223781 0.005000690072598928 0.010899912063045136 146.2761070583985 -0.00497554809328014 0.9999849015206158 -0.002332520519923842 0.3673931772988316 -0.010911411703155677 0.0022781197515099943 0.9999378737026826 0.9480905294463448
0.9998929065136041 0.004386413355507565 0.013961908238183204 147.6658330071351 -0.004227372341414555 0.9999260788791737 -0.011400267558584965 0.36814905941011383 -0.014010882444152703 0.011340024479466807 0.9998375363117455 0.943410391627383
0.9998752380225578 0.0029267696485590737 0.015522319696408483 148.97894019072123 -0.0026428086895779923 0.9998293630708844 -0.018282787082384257 0.352066139243838 -0.015573180521766528 0.018239483564338625 0.9997123572747025 0.9514124633584464
0.9999208899284546 0.0019036271087574347 0.012433426258201926 150.27395120181876 -0.001643726791622779 0.9997806330854238 -0.020880226759870963 0.3273845046642078 -0.012470446941543149 0.020858137767785834 0.9997046694108906 0.9494948433736705
0.9999544701467977 0.0018550398986538188 0.009360366467800698 151.67984775228697 -0.0016638463136508564 0.9997906674224546 -0.020392472886030976 0.3404830875813073 -0.009396235888997025 0.020375970208492168 0.9997482336014308 0.951269572774712
0.9999712001468556 0.002882138998555257 0.007020836962238251 152.98853467929783 -0.0027659959601623223 0.9998600970222595 -0.01649653445382137 0.34579182401126046 -0.007067400031531372 0.016476639749377197 0.9998392731831269 0.9577759372559934
0.9999648684414337 0.003934065653770706 0.007401689694786123 154.35783873041805 -0.003805410340463485 0.9998428181711783 -0.01731640273430891 0.3578357775042441 -0.007468650148907432 0.017287627915590652 0.9998226628687735 0.9629725170049368
0.9999374671430858 0.004137468587081884 0.010389569633098126 155.70063450820152 -0.00392990103736848 0.999793853213222 -0.01992001392807689 0.34836291751095333 -0.010469846288583908 0.019877938292217276 0.9997475930893478 0.9650077324429537
0.9998930524728568 0.004738104546734722 0.013835966963582398 157.03371434623077 -0.004381441678276112 0.9996602154579228 -0.025695458731830212 0.33901769237114454 -0.013953013485731202 0.025632089183746536 0.9995740639986331 0.9735031756126511
0.9998797098853178 0.004755472171473774 0.01476317188407958 158.37919238592684 -0.004324870678440081 0.9995682131061234 -0.029063427902539858 0.3222069232609044 -0.014895007662546152 0.028996083050262182 0.9994685417332929 0.9690428466262265
0.9998743409567107 0.0046490923213771415 0.015155468879937462 159.7352339749137 -0.004182651578658385 0.9995209732649373 -0.03066479136214928 0.3113633586136421 -0.015290772451219958 0.030597548007968066 0.9994148199490265 0.9804834573609024
0.9998645451543612 0.005872085569507289 0.015375628583137572 161.09027014512094 -0.005409822634440964 0.999537190907602 -0.029935560986956065 0.3204411964289943 -0.015544296778114574 0.029848326646635653 0.9994335656931228 0.9647495647557772
0.9998608157409214 0.00662399045857643 0.015312475185407052 162.4290298734029 -0.006233719413641828 0.9996580369751148 -0.02539586291764691 0.3033820519303454 -0.01547546083872798 0.025296874539448882 0.999560192409824 0.9725359337591423
0.9998820514147244 0.007769631280963707 0.01324824850463059 163.77787837981703 -0.007474740298602709 0.9997263842614452 -0.02216494685321188 0.31272270957074644 -0.01341683703974305 0.022063305312104372 0.9996665439247999 0.9679877198900586
0.9998877948117012 0.008454969393308316 0.012365730029058726 165.1301048738881 -0.008202092626606858 0.9997590791553053 -0.020359502034198215 0.31778689323087234 -0.012534889833497003 0.020255792729344847 0.9997162494416943 0.9573549194239813
0.9998647329350259 0.008742068680943243 0.013931692931839715 166.4783729812998 -0.008488014951007736 0.999798488730911 -0.018191633614878935 0.31184320385514197 -0.014087918049196289 0.01807092046809446 0.9997374517334414 0.9594647206746173
0.9998651549613855 0.008326737031112355 0.01415405752635181 167.81101310862158 -0.008062234722980687 0.999793701380043 -0.01864282843521527 0.29370365131924253 -0.014306371493713515 0.018526201208235022 0.9997260162681952 0.9519609526326624
0.9998958602825875 0.007974745090968698 0.012027968676319481 169.20148787027975 -0.0077929328858400895 0.999855806027037 -0.015087655585303084 0.2931995953785411 -0.012146554523042492 0.014992351208466467 0.9998138279792197 0.9626926369467538
0.9999297989345859 0.0073801724059601465 0.009269857490642307 170.58507801819417 -0.007271768471502313 0.9999054150168619 -0.011674005450315201 0.2925423607251224 -0.009355136874219308 0.011605777665259167 0.9998888874964303 0.9633079191989004
0.9999429701951549 0.007194776649189446 0.007892499367112712 171.93923879113012 -0.00714100202654627 0.9999512420061758 -0.006820535196243478 0.2895654112285224 -0.007941186772042221 0.006763785868477231 0.999945592896622 0.9626408785962488
0.9999337470135814 0.0072386093102270255 0.008950090425967325 173.3105185835784 -0.007228106655852257 0.9999731505508908 -0.0012052599293608504 0.2913515872491744 -0.008958574526715824 0.0011404878691127053 0.9999592207834626 0.9686234370639456
0.9999044139978667 0.008095772162661245 0.011208092642059226 174.68934865619474 -0.008110379623416491 0.9999663184472258 0.0012584567793164202 0.3007945049182241 -0.011197526956733502 -0.0013492383746455494 0.9999363954501614 0.9749694316910695
0.9998772732943921 0.00818597966911091 0.013357697639502392 176.06606374598908 -0.008203204700593752 0.9999655902158782 0.0012352395924095244 0.29936984742527795 -0.013347126357820305 -0.0013446639235891876 0.9999100190001703 0.9729857660239467
0.9998644617318051 0.007419747994613673 0.014697125755196877 177.43561598925197 -0.007410545712956789 0.999972309989699 -0.0006804896043879663 0.2952151821672594 -0.014701767853010831 0.0005714836497475018 0.9998917598562528 0.9712282419348072
0.9998734133869526 0.005927757188732816 0.014765462967193065 178.87434840478176 -0.005881193489057491 0.9999776015715841 -0.003194983299849065 0.28274921129970026 -0.01478407132925133 0.0031077403130688186 0.9998858800808611 0.9623377917316912
0.9999327936690223 0.003863661250400381 0.010930702951164049 180.21311690155414 -0.0037995906800079578 0.9999755162132591 -0.005876230483082473 0.2811899811616514 -0.010953139090179973 0.005834303366132548 0.9999229918590247 0.9540762002926959
0.9999731438273729 0.0021480258947154125 0.007006968585326685 181.6300382751348 -0.002123416685686506 0.9999915585641141 -0.003517655766677788 0.28651473329289273 -0.007014465452126137 0.0035026825818971117 0.9999692637722178 0.9604608270049027
0.9999768960717471 0.0014486091546439277 0.006641449708573397 183.0239684365942 -0.0014531499975071313 0.9999987136982952 0.0006789380235048235 0.3049928984173909 -0.00664045764982903 -0.0006885733599968975 0.9999777148461503 0.9732746101748757
0.999970493754586 0.001195702303673318 0.007588274916632838 184.35556633005478 -0.0012209511682182061 0.9999937314856873 0.003323592570664996 0.3200905908883983 -0.0075842533221297005 -0.003332759417051174 0.9999656853193583 0.9656070435851135
0.9999388093112667 0.001806997862763258 0.010913862372694778 185.80503257979598 -0.0018800275550349057 0.9999758884258695 0.006684913109787099 0.3289158093134622 -0.010901519598590984 -0.006705022417342314 0.9999180964183139 0.9797464796354975
0.9999086222493784 0.0022643570532805968 0.013327409293831801 187.17550871370992 -0.0023613017255994903 0.9999708372273746 0.00726284716515427 0.3425119700663611 -0.013310574950419563 -0.007293653537080505 0.9998848089717987 0.9826454883990727
0.9999042128313873 0.0024706631285612525 0.013618406138347756 188.62767794444085 -0.0025444707268278024 0.9999821554748172 0.005405034750957697 0.34601061200821803 -0.013604809104288686 -0.005439168653747727 0.9998926565454874 0.9669379408478689
0.9998946651519746 0.0022170162069184486 0.014343759610329788 190.03091413310233 -0.0022780389740529807 0.9999884190787284 0.004239368686279622 0.3380269419036966 -0.014334194747294417 -0.004271597776450107 0.9998881358999029 0.9632307737561909
0.9998824832828914 0.002811726057108847 0.015070295969826019 191.39605930439353 -0.0028320010250276633 0.9999951131365873 0.001324187727743244 0.3523496359083773 -0.015066499070209424 -0.0013667112071826617 0.9998855598048426 0.9630498633152837
0.9998818850568693 0.003078169007565554 0.015057915217007655 192.8509867295 -0.0030722460473637963 0.9999951939204037 -0.00041646166506382245 0.346895227929778 -0.01505912478685881 0.0003701508542109464 0.9998865364375095 0.9585953415945577
0.9998668514644221 0.0032812215255669072 0.015984771750743743 194.2196995927712 -0.0032426025995936024 0.9999917627540202 -0.0024413013923871157 0.33515691565537326 -0.015992650530925998 0.002389144074248943 0.9998692550126682 0.961159713717443
0.9998375729362011 0.003859139715847772 0.017604964802579393 195.6786276263735 -0.003727346812155723 0.9999648317310856 -0.007512801525614187 0.33197935787743355 -0.01763333861718777 0.00744596143388647 0.9998167947316831 0.9532791969058428
0.9998249263173028 0.004170457968208864 0.018240723531024426 197.0694466542534 -0.003971444261580187 0.9999323456695665 -0.010933056033689973 0.31836694087192086 -0.018285085317739886 0.010858699926512663 0.9997738465727282 0.9548985557306636
0.9998947848719281 0.004126763536547385 0.01390643766872679 198.50080540614638 -0.00398675594826135 0.9999412423917919 -0.010080552612257137 0.3198207219705003 -0.013947220616659192 0.010024050412528079 0.9998524858449857 0.93794339109285
0.9999448318577275 0.004323815650566452 0.009572766540609132 199.9305375335023 -0.004293349219601972 0.9999856606538967 -0.0032008809831480865 0.330826537107949 -0.009586469292687076 0.0031596051667340543 0.9999490569532483 0.9490961827728505
0.9999497071016653 0.005523083534872784 0.008371309070911985 201.3791591834927 -0.005575524281216849 0.999964899867248 0.006254003715550053 0.3472787211871007 -0.008336473851903902 -0.006300363620567443 0.9999454028205566 0.9416836993114728
0.999903072465306 0.006510650929468882 0.012306790764282424 202.80249818759805 -0.0066698829886736605 0.9998940017736794 0.012942097122749907 0.3514305632265502 -0.012221224789628202 -0.01302292753154588 0.9998405097930116 0.9427153563331585
0.9998596887085922 0.007493065503915866 0.01498188455806235 204.2413832298878 -0.007720382003770871 0.9998550783819085 0.015172934311582223 0.3486108917248052 -0.014866021568426835 -0.015286471249499157 0.9997726367527096 0.9417655378153396
0.9998583339015049 0.007108084140101186 0.015257367648583157 205.70692781159357 -0.007316627428864934 0.9998799783834038 0.013656346183052425 0.34885383197258224 -0.015158465976937482 -0.013766044016398873 0.9997903364912889 0.9332463006139986
0.9998624729216274 0.005878086860822808 0.01550752520244174 207.15773764432032 -0.0060455883886604625 0.9999236546397811 0.010776629939765829 0.3364555953767591 -0.015442995307991168 -0.010868899975636254 0.9998216745546362 0.9371089181506129
0.9998724586339526 0.004806428643064801 0.015230387683639587 208.6005740116551 -0.004939812772005319 0.9999496715077085 0.008732279278835032 0.3285551821313292 -0.015187650083945417 -0.008806400815609336 0.9998458794182243 0.9321278796471835
0.9998824304223136 0.004255813781075169 0.014731374064489143 210.0626939812312 -0.004396594366646482 0.9999448528676872 0.009537357149373552 0.3281285670741771 -0.014689972455463118 -0.00960100372254615 0.9998460008605212 0.927772060525198
0.9998816938586657 0.003961890050912226 0.014862762648649327 211.51058587781057 -0.004117145760252592 0.9999371307661189 0.010429938926493446 0.32818750521454393 -0.014820505966883755 -0.010489897160889227 0.9998351437414268 0.9292704886142177
0.999867426000944 0.003971687709512159 0.01579101386817547 212.96162729679642 -0.004161970051574894 0.9999189091661294 0.012035493230761375 0.333220008243757 -0.015741932141150706 -0.01209961936409651 0.9998028759629107 0.9216986390443159
0.9998684913633474 0.0036896263440317242 0.01579198012362102 214.41771880680906 -0.0038654242712543273 0.9999307430854552 0.011116093188367435 0.34137779993189094 -0.015749872189532596 -0.011175674029368341 0.9998135055279072 0.9238282670523246
0.9998825268090498 0.003632005880694908 0.014890974287553241 215.886059360225 -0.0038027978992688154 0.999927132164196 0.011457272364031976 0.33972609886691113 -0.014848276333881008 -0.01151255380742656 0.9998234793175963 0.9187469828155069
0.9998896559546995 0.0030855639568733014 0.014531180607946313 217.3543216037669 -0.0032526881675012938 0.9999286799459736 0.011491520403667748 0.3384172062586764 -0.014494686422193053 -0.011537517782043044 0.9998283801477889 0.9160736384098742
0.9998880287728553 0.002481232097784889 0.014757147556708419 218.82667660802508 -0.002644578328207506 0.9999353418402487 0.011059762397584242 0.3347955897016946 -0.014728751549249464 -0.01109755045503129 0.9998299396655905 0.9151084517020578
0.9998898889023558 0.002208844472805229 0.014674163585350545 220.30025655580627 -0.0024077726503244088 0.999905261037679 0.013552548839076207 0.3411158681478682 -0.014642837897723922 -0.013586388602794854 0.9998004787671563 0.9268170190276604
0.9998951089860231 0.002249859501567116 0.014307660816928148 221.79373741126437 -0.002407093638350193 0.9999368010077069 0.010981798153756342 0.3503985853060547 -0.014282049084261925 -0.011015086141144804 0.9998373322452297 0.9069644096388798
0.99989548536419 0.0018078804314324043 0.01434398538260642 223.27446839043355 -0.0019948465681049296 0.9999131046102577 0.01303087931972612 0.3512352426083439 -0.014319180684679654 -0.013058131452133175 0.9998122055003622 0.9128346162290694
0.9998959790398279 0.0013283581919894506 0.014361983306565964 224.76432394869542 -0.0015125464549272441 0.999916657674326 0.012821462811484394 0.3480649228480314 -0.01434375485031698 -0.012841852277548003 0.9998146545869767 0.9095274010519226
