1.0 0.0 0.0 0.0 0.0 1.0 0.0 0.0 0.0 0.0 1.0 0.0
0.9999991026986411 -0.00021369547900763092 0.0013224734987388111 1.3108280526873803 0.00021489548040893325 0.9999995652986385 -0.0009073160786629824 -0.003942406356058893 -0.0013222790345137395 0.0009075994581048717 0.9999987139198623 0.010135860520850082
0.9999990687755559 -0.00015990321550271366 0.0013553150861125517 2.612911549573781 0.00016138731397779036 0.99999938748368 -0.00109498237406236 0.011939106342846107 -0.0013551391647574117 0.0010952000850493488 0.9999984820661568 0.02354050389160778
0.9999989481398337 -0.0007060007499601362 0.0012669973035349122 3.936549106595482 0.000708479750900912 0.9999978336821203 -0.0019572142215902007 0.01024192747638795 -0.0012656127641077245 0.001958109804808525 0.9999972820114682 0.05057773839291491
0.999999333638959 -0.00020567574950189625 0.0011359661632225483 5.256763481597337 0.0002085335201303188 0.9999968126888917 -0.0025161728535132225 0.015173513531301723 -0.0011354450268074546 0.002516408063856426 0.9999961892202626 0.05219261222749337
0.9999990024508755 -0.00038612149124776817 0.0013586785668077835 6.571925681726671 0.0003897481081478551 0.9999963596663635 -0.0026699719910783207 0.01899664023644101 -0.0013576426871977107 0.002670498870051093 0.9999955126109912 0.06198132539901744
0.9999975447234365 -0.0002953558221038952 0.0021962040061938564 7.913014241925445 0.00030395986240714854 0.999992276899903 -0.003918386013337271 0.014801246393713453 -0.002195029726568194 0.003919043950483467 0.999989911418617 0.09289212609734783
0.9999968872513247 -0.00015007284225548395 0.0024905753960311264 9.228796790840734 0.00016050738933593052 0.9999912092726404 -0.004189942102275941 0.03235340475201495 -0.002489924705541677 0.004190328815793974 0.9999881206391285 0.1015097322090946
0.99999814257001 -0.0006526583751439956 0.0018135306932346904 10.559172568851235 0.0006593874729398474 0.9999928917018234 -0.0037123784809587066 0.03184049695219203 -0.0018110948872104684 0.0037135674048964927 0.9999914646397933 0.11953976245162853
0.9999996875995855 -0.0005326752196177102 -0.0005840015770908641 11.88026137325552 0.0005319908016477533 0.9999991723156537 -0.0011714750507543438 0.04060026776054109 0.0005846251094518379 0.001171164001317892 0.9999991432938148 0.12798998974466944
0.9999984069195454 -0.0006217670722410605 -0.001673189791740321 13.221429340191799 0.0006251038816414561 0.9999978156113746 0.0019944968329438416 0.03879055592008249 0.0016719460243871578 -0.0019955395729834603 0.9999966112034102 0.15476105557580838
0.9999983544699953 -0.0004763110849989043 -0.0017504813772158535 14.566168222459165 0.00048463171349275014 0.9999885727748686 0.00475599114631103 0.06436282525087218 0.001748196042767923 -0.004756831658974174 0.999987158099125 0.15960874232313177
0.9999994809097145 -0.00015655225410394892 -0.0010068126406509834 15.917952918340385 0.00016192951380776017 0.99998571289712 0.005343012303119269 0.0784934176091924 0.001005961795595447 -0.005343172562294882 0.9999852191646811 0.18068444089111102
0.9999983617030268 3.6340824976325955e-05 0.0018097708713486899 17.258018275730738 -4.264185912348932e-05 0.999993937752335 0.003481758212585319 0.06974693313952743 -0.0018096333701036374 -0.00348182968042592 0.999992301014934 0.20239519222066837
0.99999319584158 0.00027103059582150077 0.0036789690077025576 18.617936343323308 -0.0002672837138407878 0.9999994451874538 -0.001018913245102582 0.0839872179184013 -0.003679243123228305 0.001017922983755962 0.9999927134748728 0.2206395015792822
0.9999985411122235 -0.000136178153568185 0.0017027122291454401 19.962648533049705 0.00014148995024182553 0.999995123159128 -0.0031198779711196097 0.06862414174076087 -0.0017022790660673822 0.0031201143362363515 0.9999936835463064 0.2502651997792678
0.999999821725245 8.849517966163838e-05 -0.0005905235654053218 21.308104169340396 -9.073354918763246e-05 0.999992807995174 -0.0037915333771909123 0.0769066066776026 0.0005901837859295817 0.0037915862815551963 0.9999926377511829 0.24426309816603484
0.9999981677716967 0.00029410334038899996 -0.0018915486974477892 22.663335958617523 -0.00029688870638410294 0.9999988719178429 -0.0014724198238727773 0.0811532738809852 0.0018911135200367984 0.0014729787055093493 0.9999971270075667 0.2908180920583718
0.9999992636987884 0.0010307539381053572 -0.0006404281380801844 24.03178644482754 -0.0010304886094016873 0.9999993831450744 0.0004144908886003022 0.09047363120879925 0.0006408549811446664 -0.0004138306295087268 0.9999997090245093 0.27760530519171184
0.9999919256064852 0.0018633250642926195 0.003560441199992243 25.427629914796796 -0.001865714592083309 0.9999980364880268 0.000667929002160015 0.10114212379133701 -0.003559189640172424 -0.0006745663761394919 0.9999934385431283 0.2927235998133856
0.9999883831328847 0.002026232491546912 0.0043735547520358945 26.793672136771143 -0.0020221191975388813 0.9999975092760289 -0.0009447093146092785 0.0859766583257392 -0.004375458059426564 0.0009358544910211289 0.9999899897214681 0.31078466355377377
0.9999912743342465 0.0019342845578917954 0.00370267452240526 28.164061556190006 -0.0019161138729456208 0.999986136011108 -0.004904721521121899 0.09310941830652865 -0.003712110315665876 0.004897583978141908 0.9999811167758027 0.335309218168218
0.9999975358237689 0.0018773187041657938 0.0011849138672355125 29.519869173096524 -0.0018712347492590212 0.9999851680049214 -0.005114904757865223 0.10121658388614858 -0.0011944985989708324 0.005112674901835245 0.9999862167692338 0.3369687267586146
0.9999962509067652 0.0025943315248763313 -0.0008761371769250648 30.910063042704156 -0.0025988240457730707 0.9999832789446003 -0.005166037629095499 0.101174740047935 0.0008627201127069317 0.005168295187501561 0.9999862721252037 0.3721823320964881
0.9999929959982505 0.0031064511275614086 -0.0020875621751100725 32.29369228365537 -0.003112211173868035 0.9999913436477773 -0.002761660935410689 0.11351702074538689 0.0020789651397098495 0.002768138527060188 0.9999940076385673 0.36716373447209144
0.9999857679333454 0.0035900156626854206 -0.00394660845527851 33.67916066276045 -0.003595233617374176 0.9999926714061181 -0.0013158378668521355 0.1150844420845504 0.003941855653636378 0.001330008119152938 0.999991346388762 0.40592648617661703
0.9999850347281941 0.0038328110328234816 -0.0039038287922311126 35.07151391728786 -0.003835515441957889 0.9999924094217587 -0.0006855072283541311 0.12571411012832337 0.0039011717402453088 0.000700470165167496 0.9999921450694503 0.40988380769343075
0.9999919130671109 0.0032319410806274946 -0.0023933986778160903 36.46341893671054 -0.00323418320057699 0.9999943342871607 -0.0009335162577750651 0.11663960854441802 0.0023903680479635345 0.0009412493982878137 0.999996700089638 0.44367623080245583
0.9999944845836105 0.0031280563994308852 -0.0011162730495305163 37.86388703065629 -0.003127828127622086 0.9999950870780663 0.00020618179980231205 0.12673563004955773 0.001116912513666485 -0.0002026891523814062 0.9999993557115646 0.4559803881485887
0.999996003993902 0.0026851285642121884 -0.0008843533352808987 39.263121009185674 -0.002682914963201849 0.9999932888994096 0.002494819320492708 0.12200594265281348 0.0008910463109167118 -0.0024924367063835075 0.9999964968917324 0.4729246036797166
0.9999946180610224 0.0031974871488537576 -0.0007347958376869724 40.66267869137075 -0.0031939601437098075 0.9999836082128184 0.004752044220436413 0.1346817459238081 0.0007499783933956093 -0.004749671736605062 0.9999884390085737 0.4943917686900103
0.9999950491221852 0.003117400739356625 -0.00042842006122819243 42.08522211067938 -0.0031141469198434093 0.9999677958164743 0.007396581568789275 0.14054827697414835 0.0004514643731611697 -0.007395210786203607 0.9999725531420087 0.5154553087263937
0.99999553410036 0.0029604787455937607 -0.00040907814969743674 43.475307729953556 -0.0029567803333830577 0.9999572276199117 0.008763582644125797 0.14923802328430116 0.0004350050526045208 -0.008762333952617378 0.999961515396621 0.5371683595040367
0.9999968721161389 0.0024328981909635607 -0.0005803139936421403 44.90033018627528 -0.002428405741773108 0.9999680155923265 0.007620409299900617 0.15042135314563104 0.0005988351126429191 -0.00761897622631116 0.9999707958724449 0.5527214804757408
0.9999981828719758 0.0015712765609774942 -0.0010795104053594672 46.298930020574815 -0.0015632621723801182 0.9999715067123196 0.0073852538801111 0.1411341689966073 0.00109108392287762 -0.0073835529023779205 0.9999721459532817 0.5807570390512373
0.9999995276224081 0.0007103739771036999 -0.0006634182492179429 47.727794280510786 -0.0007057807127829234 0.9999759567533492 0.006898390305691727 0.150082405193333 0.000668302735446412 -0.006897918819241919 0.9999759857553665 0.6027380192283355
0.9999999240487946 -0.0003500591164342929 -0.0001713505768171975 49.13284725430502 0.00035124260656467466 0.9999757434252118 0.006956233882376111 0.15067454391436388 0.00016891132735254107 -0.006956293539665001 0.9999757904315252 0.6201580183125317
0.9999990803589699 -0.001356073445558246 1.8601738337591702e-05 50.5586364139024 0.0013558894991922482 0.9999692994835531 0.007717619713242737 0.160280829123706 -2.9066826410663245e-05 -0.007717587393901315 0.9999702185565014 0.6394830501012351
0.9999972687705786 -0.0023308440654318543 0.0001720968503497091 51.99929646377289 0.002329468749445833 0.9999684021953887 0.007600538543203935 0.17366075856719895 -0.00018980708262457047 -0.00760011689015468 0.9999711006806784 0.6540541253146118
0.9999929552839297 -0.0036025140902015513 0.0010541701677646805 53.41410758741053 0.003593786769852295 0.9999601929718146 0.008166833439231068 0.1786300858148526 -0.0010835493369202593 -0.00816298744340621 0.9999660952036491 0.6787433469586955
0.9999890267637934 -0.004273263536891316 0.001919784036201678 54.86747178494227 0.004260159561849628 0.999967949191886 0.006778763123244479 0.19397064821552826 -0.0019486899468516977 -0.006770510151957027 0.9999751810918975 0.6970533026429204
0.9999851871308977 -0.0048848599980257056 0.0024007627086430365 56.26691279128925 0.00487476564721913 0.9999793289122507 0.004192661218083717 0.19360039886893685 -0.002421193645335911 -0.0041808959571626855 0.9999883288970562 0.704910026383115
0.9999850156648721 -0.005186594677451995 0.001751479767903529 57.69834626045058 0.005181799170789228 0.9999828437804943 0.0027315017900890787 0.2143591310697204 -0.0017656169117780975 -0.0027223850439418774 0.9999947355944397 0.7279899485676219
0.9999842247073579 -0.005292876972525483 0.0018803695854662382 59.14940940741056 0.0052904648329407805 0.9999851791681701 0.0012854671734914812 0.22275639534654568 -0.0018871455364263445 -0.0012754988657057973 0.9999974058888192 0.7430453526762466
0.9999846854250565 -0.004924749600486398 0.0025250260837047203 60.54540446811895 0.004922986991678611 0.9999876343583141 0.0007037965205725724 0.23073293866053501 -0.0025284608817704355 -0.0006913550716642857 0.9999965644509656 0.7676310884269818
0.9999844561179143 -0.004377476594727282 0.003453291360687687 62.00322325150971 0.004380284668108515 0.9999900816739867 -0.0008060148137274932 0.24516119415975066 -0.0034497287988360568 0.0008211286843300012 0.9999937125396832 0.7866552197467148
0.999987722713151 -0.003964347158684544 0.0029729403915555223 63.40391427058299 0.003974447720137924 0.9999863240936788 -0.0033993221282623094 0.25536946206280103 -0.002959423640880599 0.003411096189970772 0.9999898030652594 0.795475815229764
0.999991362981332 -0.0036895492369939547 0.0019134234151538818 64.8244839071851 0.0036976602126506664 0.9999841198804186 -0.004252916168509468 0.2577620996333465 -0.001897701686156716 0.004259954625625296 0.9999891256983237 0.8178417211830419
0.9999942398318227 -0.002874885458298802 0.001804255186165628 66.27673317702153 0.002882360849589138 0.9999872165308828 -0.004154367671513123 0.2673989555339002 -0.0017922887903179163 0.004159544256167937 0.9999897428936325 0.8406661065244209
0.9999963489045284 -0.0021462003908135846 0.0016419505154614596 67.63971735271313 0.0021500762821561673 0.9999948980382664 -0.002362428711794692 0.2817919575082726 -0.0016368718928682381 0.002365950405201688 0.9999958614559795 0.8628123345170062
0.999994786352112 -0.0015357282022263807 0.0028405646415108152 69.1069407634433 0.001534924171400937 0.9999987813303383 0.0002852115464650797 0.30016637229237253 -0.0028409991872163716 -0.00028085000814382104 0.9999959249151424 0.880460378111925
0.9999917829464187 -0.0007781504386720256 0.003978507450967708 70.47766296179624 0.000762064768030803 0.9999915364234119 0.004043060577530505 0.31127805479206583 -0.003981619887927173 -0.004039995475127377 0.9999839124404096 0.90030776365639
0.9999886952798982 0.00011838078561931707 0.004753451209026415 71.9177224202719 -0.00015345632186117622 0.9999727610011634 0.0073792754974671936 0.32913947719301295 -0.00475244816534377 -0.007379921523961824 0.9999614747552706 0.9177099177055896
0.9999910580193525 0.0005313680079583445 0.004195417664065652 73.2834136473542 -0.000580173725258109 0.9999320791580291 0.01164046687850189 0.33643757593654033 -0.004188947336068555 -0.01164279686076751 0.9999234460704851 0.9262462860814343
0.9999925459897167 0.0012364054078308 0.0036577679904250854 74.67993915857205 -0.001292420150454186 0.9998813251277011 0.01535139443266126 0.34934215580189115 -0.0036383533581816367 -0.01535600737626581 0.9998754699572848 0.9451867766690528
0.9999912214009689 0.0021115063100558816 0.0036192073857725608 76.12364870198181 -0.0021733139116192207 0.99985040002695 0.017159669944076014 0.36374639441431295 -0.0035824332010797938 -0.017167384979974602 0.9998462117072351 0.9618772850805778
0.9999889648377647 0.002379629155681003 0.004050625603211785 77.49096794490139 -0.002449391612141873 0.9998472448784147 0.017305703966437717 0.36361412079921174 -0.004008825691687149 -0.017315434563563287 0.9998420400455508 0.9793607574668577
0.9999891352254344 0.002448910863862095 0.003966392147615711 78.9065734270005 -0.0025139231258769225 0.999861206813861 0.01646958710006115 0.36643852398958854 -0.003925509088639405 -0.016479379366656312 0.9998564999209061 1.0020948180073759
0.9999938498023018 0.0021441393214551366 0.0027754322441193384 80.26908999207343 -0.0021870657097598084 0.9998765898103154 0.015557052833854867 0.366405726701033 -0.002741733238792612 -0.015563027207595214 0.9998751297452012 1.0172730341675742
0.9999940460489193 0.00197909498167261 0.002826844489107757 81.65046423572687 -0.00202153966300296 0.999884069227413 0.015091768704192732 0.37213434248557015 -0.00279664872713512 -0.01509739342679602 0.9998821167855807 1.0414212990183482
0.9999944125071109 0.0013419906981453186 0.003061701410024541 83.06491692652469 -0.0013858937534239456 0.9998956037455897 0.014382660002472772 0.3702283447357707 -0.0030420803839273066 -0.014386822832321284 0.9998918766925396 1.0508563403252233
0.9999959834905754 0.0011753423092808587 0.002579064398741304 84.43144910996108 -0.0012116941336248004 0.9998993056268732 0.014138967579822076 0.38551777376326984 -0.0025621865746623044 -0.014142035827727733 0.9998967136772696 1.0742003092015902
0.999996370330787 0.000444489114568669 0.0026573962216047964 85.82009553230796 -0.0004812759963619792 0.9999038487404316 0.0138586307941061 0.3893171792864357 -0.002650980699080111 -0.013859859432874854 0.9999004333421574 1.0854169150410435
0.9999939331640358 -0.0007775571929343633 0.00339544399651049 87.18983022335021 0.0007311643666932643 0.9999066600370915 0.013643189221626046 0.39513815951827724 -0.0034057354258076383 -0.013640623822975659 0.9999011622895182 1.1114386292103402
0.9999883487188974 -0.0018968846265495032 0.0044389475291393785 88.55360633817023 0.0018451912513943426 0.9999307752054084 0.011620674092194675 0.3992262299801425 -0.004460683321944096 -0.011612347989308058 0.9999226248457811 1.1272790406943232
0.9999838653693817 -0.002825271729843942 0.00492816807373001 89.91200945299782 0.002780614412293995 0.9999552263358862 0.009045081925377696 0.4031662056543602 -0.004953502235845873 -0.009031232651149896 0.9999469484189649 1.142291153592103
0.9999797178664896 -0.0038977374329397635 0.005037012860776582 91.27490662991748 0.0038552477038804435 0.999957137454415 0.00841785715691621 0.4061445460158367 -0.005069607558528875 -0.008398267492547557 0.9999518829335371 1.1614610041923423
0.999981220041423 -0.00409545996468135 0.004559251270235059 92.6526630311037 0.004061685739204833 0.9999644253114471 0.007392619326284515 0.42887719799387874 -0.004589365252776013 -0.007373962247334025 0.9999622804922952 1.176756995372619
0.9999812925447817 -0.004419136426685583 0.004229159929575124 93.97174115628059 0.004392479054514173 0.9999705586461887 0.0062918970577246274 0.4314842915547821 -0.004256840168862059 -0.006273202855933333 0.9999712627059365 1.1978655497168988
0.9999825205578002 -0.004645462976331735 0.0036576293694524416 95.38066356441112 0.004624274689084524 0.9999726022904517 0.005780203461997282 0.4531569301358239 -0.003684380879963715 -0.005763188544349753 0.999976605224009 1.2055944441359312
0.9999846170702197 -0.004615960995913748 0.0030754718353759617 96.7249187721091 0.004599629347180266 0.9999753956432812 0.005296368371980117 0.4538297624977006 -0.0030998439951948975 -0.005282140867806938 0.9999812448016503 1.220852327558895
0.9999881324815768 -0.004292702027204802 0.0023038240631329623 98.07718218213235 0.004277467874248716 0.999969221152776 0.006577234654111718 0.472070744156021 -0.0023319872626171995 -0.0065673020652403154 0.9999757158946365 1.2421890089585947
0.9999892431298429 -0.004004330003219704 0.0023407190837360903 99.43974778280317 0.0039853971294392205 0.9999597531760366 0.008037949853071621 0.49265508991367685 -0.00237281148098821 -0.00802853469477158 0.9999649555841097 1.2561740655146032
0.999984242902754 -0.004068484668200937 0.0038679941456089386 100.7647263095124 0.004036882700089707 0.9999586957522844 0.008143117797036989 0.49539687705733126 -0.003900964530929184 -0.008127374846487517 0.9999593633012459 1.2784486035392386
0.9999789163888652 -0.003986405320421551 0.005125948729007116 102.12701066533675 0.003944029190586464 0.9999581845370331 0.008250685495441968 0.5169822602777877 -0.005158624961644023 -0.008230294649780732 0.9999528243064685 1.29186492684798
0.9999847299418995 -0.003698088608621339 0.004106582967524553 103.4606118160591 0.0036639114509322396 0.999958849529591 0.008299096356627353 0.5286081886185813 -0.00413710477340196 -0.00828392347258489 0.9999571295690601 1.3057714160074543
0.9999924580714876 -0.0035527530201349042 0.0015689952586967401 104.79273325544838 0.003539583593428309 0.9999591399914071 0.00831803436100191 0.537589863354187 -0.001598483071234623 -0.008312418037105546 0.9999641736373595 1.3218322843678518
0.9999933768711344 -0.003631248928647447 0.00024544873916777213 106.12393557763912 0.003629334637663265 0.9999660696110241 0.007395103567125055 0.5507851391640929 -0.0002722938729019383 -0.0073941637727903235 0.9999726257243985 1.3348843530819456
0.999993477277378 -0.0033062941965912966 0.0014538986841639893 107.47740190185523 0.0032977210300489143 0.9999773921315033 0.005860056474594049 0.5579111673216225 -0.0014732408853273783 -0.005855223698804787 0.9999817727922499 1.3633103443257917
0.9999903437378186 -0.002824695346232764 0.0033665304573622344 108.79899775545745 0.0028162594800403024 0.9999928894945682 0.0025079160363173426 0.5635895819687907 -0.0033735906183856596 -0.0024984107959071765 0.9999911883760948 1.370459570784829
0.9999892651864242 -0.0019878974382830494 0.00418542419480383 110.14482943940313 0.0019823235612068633 0.9999971434620825 0.001335462831364424 0.5778188359976292 -0.004188067002122309 -0.0013271516304248871 0.9999903493351002 1.394880307777191
0.9999948491082227 -0.0013085060564067069 0.002930796636287154 111.46981190113955 0.0013059548412292044 0.999998766847727 0.0008722298881769818 0.585264902393833 -0.0029319343402598795 -0.0008683979073594055 0.9999953248121208 1.4116568573337724
0.9999997212216536 -0.0005621287614328402 0.0004914955450213931 112.78162654149395 0.0005610658282243393 0.9999975095389194 0.002160120620535806 0.5956580489424823 -0.0004927085868998343 -0.0021598442569859154 0.9999975461525064 1.4245400623199749
0.999998660962064 0.0005206461519188453 -0.00155145146988372 114.12970849527876 -0.0005123449685698958 0.9999855777522734 0.0053461939812654785 0.5962275455623176 0.001554212569790043 -0.00534539194415435 0.9999845054840857 1.4528985503208494
0.9999962541508488 0.0019272116747393606 -0.0019435893166075816 115.44122956223467 -0.00191169653495463 0.9999665451604512 0.007953236839765674 0.6138116140047073 0.0019588518650284093 -0.007949491495178275 0.9999664836804976 1.4619720773619542
0.9999942808937095 0.0033803194423166643 -0.00010779768442803677 116.79419253199934 -0.0033792260803658476 0.9999546774513107 0.008900779423336848 0.6216201784386689 0.00013788027649871336 -0.008900364246086635 0.999960381467844 1.4841478321956978
0.9999884235152007 0.00420589177504774 0.0023373724478931803 118.11892079447142 -0.004225468379111944 0.9999555003093727 0.008434620205400069 0.626215268230256 -0.0023017933357948246 -0.008444399055516253 0.9999616962024248 1.5004891451044322
0.9999815498753846 0.005117214788113206 0.003273228014684183 119.47481725492355 -0.005143398767160314 0.9999544374173841 0.008041675099433501 0.6231253033960735 -0.0032319278992223206 -0.00805836224646116 0.9999623080096364 1.5209902993254065
0.9999787703960424 0.006126778859931659 0.0022184088939234043 120.80814706941082 -0.0061467663356797216 0.9999395379755948 0.009117985345937182 0.6180204441593161 -0.0021624108845680642 -0.009131427815827337 0.9999559695332643 1.538190249260333
0.9999687755581891 0.0076011852094932325 0.002160993305657455 122.11242606694857 -0.007623640730869397 0.999914965639761 0.010580245348871071 0.6168972827591092 -0.0020803871425155787 -0.010596389623199977 0.9999416925582664 1.551923947503138
0.9999611549393476 0.008681468900108343 0.0015233877059620236 123.47648200782675 -0.008699146592605168 0.9998900487403912 0.012008966587450431 0.6183940229278404 -0.0014189647376134894 -0.012021752271386505 0.9999267293214033 1.5651842544440049
0.9999507572771956 0.009896143154517796 0.0007411959445883017 124.80444381126073 -0.009904835918273994 0.9998687281149746 0.012822665993276472 0.6184604830568516 -0.0006142037081074513 -0.012829375994503789 0.9999175115305245 1.5833993373528026
0.9999396390352573 0.010986055204602711 -0.0001577246991783443 126.14065391119519 -0.010982830380192304 0.9998443517751158 0.013807594295830375 0.6103679575136092 0.0003093911427856468 -0.01380502859250006 0.9999046581863097 1.5984210785041095
0.9999300643188037 0.011823139476485937 -0.00028256735956926884 127.48125149027355 -0.011818474267915127 0.9998458446455862 0.012985014860709776 0.6032479744529701 0.000436047442100223 -0.012980767229782126 0.9999156512150186 1.6199060528837828
0.9999172376600418 0.012857011563460098 0.00046377146147855885 128.82272632472984 -0.012861848709965849 0.9998373339256749 0.012644308449274793 0.600824791389347 -0.0003011280016512539 -0.012649226935093915 0.9999199499859331 1.6419380739787999
0.999905531806692 0.013694447536549812 0.0011787998325801627 130.1699652342311 -0.013707720245288754 0.999832787398501 0.012103538681747617 0.5871433657579913 -0.0010128514469097166 -0.012118553940645921 0.9999260546572102 1.6611452614156672
0.9999002807192966 0.014000943980744193 0.0018445013200707268 131.49314718681444 -0.014019141263715625 0.9998491611333723 0.010252739103262853 0.5710779031487238 -0.0017006750717481456 -0.010277575032061418 0.9999457381057038 1.6733055961436867
0.9999006401876773 0.01395728368113863 0.0019758503276219286 132.83612560766264 -0.013973424238206047 0.9998670368450856 0.008405477124308565 0.5544996132532032 -0.0018582699836294336 -0.008432251352538072 0.9999627212900466 1.6925755649687102
0.9999006425034122 0.013824582541640186 0.0027542764590356844 134.17999401355868 -0.013842058434340342 0.9998835173582785 0.006430329193550402 0.5439782450968772 -0.0026650590169315486 -0.006467815147829796 0.9999755321144862 1.7025786831192438
0.9999089492240748 0.013248125734488633 0.002565234127647834 135.5353720589703 -0.013261947735343468 0.9998972129734406 0.005448323614734434 0.5259794188382122 -0.0024927903785692397 -0.005481847541571606 0.999981867507436 1.7275955894854718
0.9999252980829629 0.012039575588885377 0.002108761090589951 136.85765192021165 -0.012048985814343395 0.9999172461523413 0.004508080296963935 0.5130527706561483 -0.0020543112089998496 -0.004533151967189951 0.9999876150926564 1.746153590849525
0.9999350586681344 0.011004927517174455 0.002961421397984292 138.22161824330192 -0.011011859410759833 0.9999366420667012 0.00233469584478084 0.50465256746013 -0.002935540609898427 -0.0023671549826137974 0.9999928895640289 1.758983302562971
0.9999450798721573 0.009932090550447952 0.0033452678162668495 139.5414273342471 -0.009937415913281943 0.9999493758747574 0.0015790670187506139 0.488374480380505 -0.0033294150283944917 -0.001612223613819632 0.9999931578418862 1.7777983572644245
0.9999580174599657 0.008606639494078585 0.0031446898343027983 140.90036100168976 -0.008607819980693276 0.9999628864892292 0.0003620487664287968 0.48429163531235675 -0.003141457100610833 -0.0003891024906907605 0.999994989910718 1.7894584891748881
0.999968896353567 0.0074286824252975435 0.0026497175044381868 142.2191835466699 -0.0074295111068777234 0.9999723548844002 0.00030303739043786865 0.48074440410974095 -0.0026473930841549157 -0.0003227140704993323 0.9999964435764194 1.803402362910085
0.9999776365574088 0.006407722366746982 0.0019150663512044284 143.56564788669857 -0.00640856077120864 0.9999793716589052 0.0004319785906429405 0.4733443500382139 -0.001912258847685298 -0.0004442417492071184 0.9999980729558271 1.8149251513074744
0.9999844203568876 0.005579734426765814 0.00016002258030316826 144.93296795348348 -0.0055796082005500815 0.9999841306814128 -0.0007786897118943017 0.4638190002752307 -0.0001643649226470853 0.0007777847168851623 0.9999996840175033 1.8339770756630818
0.9999893136875855 0.004555030981881179 -0.000790065431272785 146.24357946542324 -0.004557817512502817 0.9999832699111878 -0.003561768837433804 0.47012885927091874 0.0007738282460031425 0.0035653317493179373 0.9999933447775354 1.8761559551646292
0.9999927704656166 0.003370503497061263 0.0017603189133782878 147.60521134914472 -0.003346738089682921 0.9999055048959564 -0.013333440025793758 0.46203246925833447 -0.001805092978094213 0.013327452304873253 0.9999095562371638 1.8801122333877396
0.9999928036398944 0.0018775120228917842 0.003296606896110017 148.9126110928811 -0.0018077422912725649 0.9997769786235351 -0.02104103329696352 0.4478166517774637 -0.0033353764752914977 0.021034922462407124 0.9997731779262576 1.8983808546997878
0.9999994793847748 0.0009555181147994366 0.0003580716568428105 150.22803473754448 -0.0009457992978793519 0.9996556306506019 -0.026224522345229085 0.4302134494062853 -0.00038300635409213465 0.02622417002842185 0.9996560139430228 1.9054473306023454
0.9999939017614721 0.001147793641762883 -0.003298334371053475 151.6059044574316 -0.0012291696036267768 0.9996922559011212 -0.02477665500855241 0.43499088866014246 0.0032688808410316844 0.02478055812695174 0.9996875703723459 1.925524160996958
0.9999835325820317 0.002123502129576134 -0.005331538564674414 152.93691269319723 -0.002235458740865149 0.9997752604818033 -0.021081538197207615 0.4458545999396608 0.005285573666009631 0.021093109473193362 0.9997635437661113 1.9518659779524614
0.9999804700308299 0.0029280077111238107 -0.005521442543773348 154.30897307979646 -0.003044149828665877 0.9997717851075372 -0.021144995973262547 0.4468120585764817 0.005458269757095586 0.021161391110516705 0.9997611728895689 1.9751069429349468
0.999991200349474 0.0033741082050192063 -0.002492913443935114 155.63809992386967 -0.0034333405773013933 0.9997024278835143 -0.024150939035313394 0.447930706961677 0.0024106837408474167 0.02415928553637277 0.9997052153141313 1.997107719709723
0.999992683581632 0.003723277993293105 0.000877487430444228 156.97234296049203 -0.003693806068415381 0.9994974010323363 -0.03148493491074804 0.4438383532387933 -0.000994273571441003 0.03148146328539641 0.9995038413580387 2.0157346989088323
0.999990486032819 0.0037859989322178707 0.0021665770080155863 158.30842600013665 -0.003705092668374028 0.9993376347544491 -0.036201713380747784 0.43059222683792014 -0.002302201590907636 0.03619334159024692 0.9993421545658756 2.0263150392690146
0.9999912305500605 0.003712989256577823 0.0019371457756749452 159.6576143950234 -0.0036409091305762333 0.9993461419801299 -0.03597266031492148 0.4167326657600334 -0.0020694452586536897 0.03596529188273575 0.9993508969206516 2.0542584345119574
0.9999863540929912 0.00477564906999194 0.002117735528151333 161.0213694519958 -0.004699746008926883 0.9993935023155119 -0.0345042014396242 0.41943271808536997 -0.0022812310839731074 0.03449377777940356 0.9994023090223709 2.0658606534986554
0.9999807705248801 0.005972303478228972 0.0016703806844291166 162.35088714838236 -0.005914316745155021 0.9994445419597996 -0.032796774295720914 0.4224736469686364 -0.0018653251472487795 0.03278626447051288 0.9994606452603148 2.073105693827834
0.999975946440404 0.006920624588477131 -0.0004598868598281026 163.72367836427605 -0.006930805257365146 0.9995821198014034 -0.02806331612296358 0.424938475499268 0.00026547900662099715 0.028065828486582643 0.9996060417945957 2.097286476598773
0.9999706266373425 0.007590335015009618 -0.0010642729351694482 165.05324555277596 -0.007615190652630969 0.9996404763717683 -0.025708498022022595 0.42327073251397 0.0008687541911825035 0.025715847518294564 0.9996689154177854 2.114761954390526
0.9999690273004262 0.007863020778352853 0.00034255521987478193 166.41307671245988 -0.007853086567575385 0.9997056706527061 -0.022954326306499538 0.42075977010846766 -0.0005229447405216014 0.022950925233251075 0.9997364560521619 2.1325288979711723
0.9999699280577606 0.007755146463742341 -2.6143506178802036e-05 167.76232452056297 -0.007753786532020116 0.999719069096559 -0.0223978052300949 0.41436669298842177 -0.00014756209836576807 0.022397334395755843 0.999749137352662 2.1493888531580847
0.9999713482078841 0.0072342343587001885 -0.002229039378290431 169.12655312610397 -0.007279358640652963 0.9997540563590674 -0.020948454152306607 0.4102960959413932 0.0020769451334396805 0.0209640799186118 0.9997780722000652 2.1626734292856873
0.9999629007695684 0.0064943838572650795 -0.005658627291540752 170.5416267967179 -0.006589085595450677 0.9998357931506034 -0.01688107478566987 0.416038579004978 0.00554806592659996 0.01691773369036318 0.999841492063245 2.190557096683682
0.9999567229912716 0.006416804679056432 -0.006736227599195109 171.8821486887354 -0.006486381234086401 0.9999253146520893 -0.010358184030324638 0.4149952405432554 0.0066692580579409445 0.010401429499391903 0.9999236627169725 2.220137575854637
0.9999605257005 0.006764072426613774 -0.005761455110239507 173.25313416148285 -0.006802115489567175 0.9999550236454818 -0.00660922923118885 0.4156877137290346 0.005716490675788075 0.006648158419542519 0.9999615611232177 2.239904075124335
0.9999652526130167 0.00756371319489755 -0.0035048265707410134 174.64787212202864 -0.007568126000527997 0.999970583151378 -0.0012475178287399578 0.42374256578125197 0.0034952876027262254 0.0012739994498525609 0.9999930799210442 2.2821463624636116
0.9999714758682907 0.007453356122022517 -0.0012226742455792097 176.0033037592827 -0.007457022143172325 0.9999676304948171 -0.003021718606586579 0.4230033068929113 0.0012001127233434489 0.0030307499236102275 0.9999946871280626 2.287071280847101
0.9999779203768677 0.0066357590947007435 -0.0003542033198132294 177.42288084983642 -0.00663755856618757 0.9999636750089819 -0.00534710003756782 0.4181085842728728 0.00031870838567625326 0.0053493330208937385 0.9999856414275139 2.3068957176836244
0.9999868799494855 0.005116044279324202 -0.0002569432332787402 178.8062228057502 -0.00511802381475797 0.9999515601205663 -0.008407332792097502 0.41271535347006677 0.0002139185001441137 0.008408537529053538 0.9999646247420444 2.3208919118103073
0.9999867826881886 0.0029763204848731054 -0.004192369890249881 180.1470245727105 -0.003014137851104877 0.9999545660438264 -0.009043274911069328 0.4068818508170697 0.00416526372993187 0.009055791764057068 0.9999503203727604 2.3426094162570976
0.999963440937281 0.0013643241181967363 -0.00844129187822896 181.56433769563716 -0.0014182489529261182 0.9999786065216085 -0.006385535921879707 0.41677368639922546 0.008432399348967733 0.006397274326039086 0.9999439831922671 2.374749844669917
0.9999543850325202 0.0009475918114106647 -0.009504205595064166 182.96428676562826 -0.0009707188922699556 0.9999965787422065 -0.0024290345230375842 0.4399541831939956 0.00950187134550304 0.0024381496346339553 0.9999518837760608 2.3981628499217935
0.99996416216311 0.0006294782783688731 -0.00844263859977712 184.28767142129863 -0.0006131863757737525 0.9999979453651922 0.0019321666239376638 0.4577065413140886 0.00844383751015794 -0.0019269204683003858 0.99996249358944 2.4239033295386583
0.9999863789647623 0.0008978017871070069 -0.005141579221802168 185.73213124625826 -0.000883248449708663 0.9999955995582365 0.002832090453916597 0.4492164584916105 0.005144099252453006 -0.0028275105860360167 0.9999827715649738 2.444958217797619
0.9999957163295682 0.0013376919079438432 -0.002603440583783966 187.09365044766815 -0.0013290233880354884 0.9999935772829295 0.0033285266596320777 0.4611308237824434 0.0026078764057996516 -0.0033250523678956347 0.9999910714638421 2.4741089976200796
0.9999964254556896 0.001496227348648024 -0.0022159376265366605 188.54054730640243 -0.001489206614577848 0.9999938775658272 0.003166558782038034 0.463372383374575 0.0022206619514551986 -0.0031632474740624257 0.9999925312350664 2.4957023352062726
0.9999977703386093 0.001309622403578387 -0.0016565648101418042 189.95490057854465 -0.0013078334259260063 0.9999985609854557 0.001080554833370153 0.45960521695920326 0.0016579775451390252 -0.001078385913267844 0.9999980440952281 2.5176364100949864
0.999998296069054 0.0014453055311356142 -0.0011484558809035364 191.31665911995387 -0.0014472804114649624 0.9999974724030557 -0.0017206298005605154 0.46358741340434945 0.001145966142302174 0.001722289006426015 0.9999978602388003 2.5385194219658316
0.999998021225145 0.001763314754799078 -0.0009210140442911278 192.77351222897056 -0.0017662948118607666 0.9999931753991549 -0.003244897186768448 0.4661124938276009 0.0009152859836506678 0.0032465175481755705 0.9999943111715074 2.5633541468951195
0.9999976620453308 0.0021620972551285506 -3.520414399461575e-05 194.14077896333586 -0.0021622852648703426 0.9999749993803615 -0.006732394572471192 0.46515070244214163 2.064717204361972e-05 0.006732454953839688 0.9999773365551786 2.5837036048666393
0.999995760591012 0.002459465661663023 0.00155879076926199 195.60659269584744 -0.002441396340855657 0.9999310111274493 -0.011489672299228048 0.4608906746712312 -0.0015869416845279887 0.0114858179637278 0.9999327765414002 2.5957935238794594
0.9999950290994282 0.002738201396519434 0.0015633392292762499 197.0124395762027 -0.002715983806784336 0.9998977297774149 -0.014041133071555644 0.45334799773890566 -0.0016016267964105446 0.014036817270448006 0.9999001962958708 2.6155997434310105
0.9999926530696669 0.002939387645522392 -0.0024604485278540466 198.4166521843533 -0.002968394442914765 0.999925145520641 -0.011869793172430863 0.46015468431361 0.002425374428854555 0.011877009547624518 0.9999265244022111 2.6390108583295397
0.9999640258465586 0.0032012573346930995 -0.007854868822586493 199.84988257651108 -0.0032401817211983597 0.9999825104155735 -0.004947735379045201 0.4772288355345567 0.00783889247002277 0.004973008590834843 0.9999569095468058 2.6600851401946137
0.9999540701923193 0.004765200146661629 -0.008315670350392402 201.2989274658788 -0.004729699226901716 0.9999796400842373 0.00428361555488232 0.48751230017567854 0.008335913329514926 -0.004244088189616285 0.9999562491751335 2.6820169273632333
0.99997286661762 0.0060760286425398605 -0.00416508156877871 202.74588232582798 -0.006027778682698023 0.9999156965316364 0.011500683188621933 0.5069235670070222 0.004234608918419288 -0.011475264946295362 0.9999251903926215 2.710780897837229
0.9999724604067999 0.0070911333867705335 -0.0021895787864873576 204.18942131331832 -0.007063201123408842 0.9998967818386143 0.012511469085315557 0.4970703646602941 0.002278073278339236 -0.012495659089202102 0.999919331189304 2.7296198130326355
0.9999776968328569 0.006469345072764248 -0.0016593405872869064 205.617500676407 -0.006450605449426771 0.9999180239904696 0.011060514831170968 0.4894122017236354 0.0017307588482923806 -0.01104956439522519 0.9999374538442316 2.754931293058705
0.9999855833428143 0.005128878776470347 -0.0015898770480002274 207.06714337081175 -0.005117849206495062 0.9999633355752555 0.0068655025095361935 0.4828598634353049 0.0016250310861838121 -0.006857266780951573 0.9999751682748246 2.769968348993278
0.9999898752644388 0.003974704903249333 -0.002109760541909119 208.53403240192793 -0.003962734297826586 0.9999761976189525 0.0056480910426783895 0.4751122189503104 0.002132159819746114 -0.005639673436790533 0.999981823823828 2.797668731234998
0.9999899782921459 0.0034995565507551277 -0.0027922068730435266 209.99670144467143 -0.00348255604452642 0.9999755109542423 0.006070362031948456 0.4830778995112541 0.0028133820697760076 -0.006060577179630316 0.9999776768936292 2.813998271331474
0.9999899215845407 0.003475625866565663 -0.00284196308557455 211.47958421979544 -0.003454367611378314 0.9999662734020811 0.007451134327061986 0.48456805488100013 0.002867764591030654 -0.007441242046199053 0.9999682014159552 2.8426879367104263
0.9999922456337679 0.003251566507599245 -0.002221708257336375 212.89903078393422 -0.0032319183246440324 0.9999561371942972 0.008790812897727925 0.48977327797407405 0.0022501947197715783 -0.00878356435091634 0.9999588919655731 2.8582942620254
0.9999929868822539 0.002876219873917621 -0.0023986549450192435 214.36009765804693 -0.0028555526014027136 0.999959151955428 0.00857556061851905 0.49972533197727487 0.0024232221625361066 -0.008568650991734575 0.9999603523212972 2.8877141941420943
0.9999914132993308 0.0026240050896244012 -0.0032074795239516066 215.81380201449312 -0.0025951441990402107 0.9999564076549824 0.008969281817887661 0.4957259203715794 0.0032308751435379747 -0.008960880929469348 0.9999546310002143 2.9142895986908224
0.999990700015238 0.002208353891035974 -0.0037044643507910605 217.26543001448783 -0.0021786695104928752 0.9999656411148489 0.007998124088387003 0.503280774544582 0.0037219997579774635 -0.007989978902421079 0.9999611527229147 2.937878444396096
0.9999920688040915 0.0017212860039118342 -0.0035915878669041446 218.75924552949567 -0.0016940101511022816 0.999969808887188 0.007583643169917459 0.4995027762530375 0.0036045330517167217 -0.007577498836252667 0.9999647938066948 2.961991779536954
0.9999899820525325 0.0016737185115374572 -0.004151440824563943 220.2543371518697 -0.001635241591286308 0.999955839398682 0.009254471212084853 0.5075270818057209 0.004166746874222952 -0.00924758989257832 0.9999485588277353 2.9938022296734537
0.999989631619251 0.0015076785386197976 -0.00429692441388302 221.74989516670888 -0.0014737545976414893 0.9999678095686841 0.007887196827378437 0.5110073339107358 0.004308677451419314 -0.007880782437808011 0.999959663469876 3.0135828277599566
0.9999887147657793 0.0009839387262004509 -0.004647817301477112 223.19564856395544 -0.0009464721607851805 0.9999670984200552 0.008056442628398242 0.5152916256041429 0.004655591426842092 -0.00805195267987193 0.9999567448277487 3.029555614198375
0.9999876092925063 0.0006605209393107924 -0.004934062580304602 224.66792312589627 -0.000620009549243784 0.9999661250622682 0.008207576750229756 0.5233781065335924 0.004939316715546456 -0.008204415886630657 0.9999541443037989 3.0588285964137474
