1.0 -2.1684043449710093e-19 -2.5135375298442207e-37 0.0 2.1684043449710093e-19 1.0 2.3183291766350204e-18 -8.673617379884035e-19 -2.51353752984422e-37 -2.3183291766350204e-18 1.0 0.0
0.9999996051917989 -0.0005752605321510217 0.000677267721610383 1.3273296131564947 0.0005753941083097035 0.9999998150465057 -0.00019704967556571635 -0.005147294397329037 -0.0006771542414461252 0.00019743929362565135 0.9999997512398984 0.014190926913472833
0.9999992601539638 -0.0006470405596256914 0.0010300631238006621 2.623440015128795 0.0006476885246415298 0.9999995925270339 -0.00062884444906315 0.0025565359774911375 -0.0010296558162135466 0.0006295111438800191 0.9999992717620447 0.02334949003255532
0.9999991428272942 -0.0008799916523039445 0.0009695150173104206 3.943116779875361 0.0008808086549778276 0.9999992571107851 -0.0008425876757628057 0.016170243406201233 -0.000968772826947165 0.0008434409107380258 0.9999991750429796 0.04550310711285168
0.9999992552127879 -0.00046558454046356096 0.0011281865559425615 5.261274523721559 0.00046700789036445114 0.999999095018644 -0.0012616915325010629 0.020747647332982507 -0.0011275981108823962 0.0012622174648327723 0.9999985676637602 0.04669425739005132
0.9999985716683263 -0.0008237454503346998 0.0014758403505028509 6.587923851898841 0.000825728563624548 0.9999987564374734 -0.001343612982179751 0.015280964950740137 -0.0014747317201220145 0.0013448297065875312 0.9999980082977235 0.04840639360539437
0.9999972033555931 -0.0005012472008619515 0.0023112836772011735 7.922391478809476 0.0005068275488430014 0.999996956797822 -0.0024144400863640248 0.024078103000397044 -0.0023100664121627145 0.002415604756274458 0.999994414207816 0.07253951322428491
0.9999968119763953 -0.0004525241119571554 0.002484201878687483 9.239906867949921 0.0004585845415908503 0.9999969191166135 -0.0024395609235156393 0.036073015477768415 -0.002483090265010707 0.002440692362717587 0.999993938623393 0.07702526008289416
0.9999971888398176 -0.0009606513141592487 0.002167824142937136 10.569457187783753 0.0009653346872151711 0.9999972004149164 -0.0021603914624879904 0.028743043643008705 -0.0021657426910314643 0.0021624780651224923 0.99999531661264 0.09651534445838594
0.9999995903545829 -0.0008768786638645993 -0.00022444258832115475 11.896067665137975 0.0008769587591706092 0.999999551742092 0.0003570139351354221 0.0486186888391032 0.00022412942981056704 -0.0003572106157800589 0.9999999110832833 0.10726149637588875
0.9999992424103159 -0.0008216795349927352 -0.0009165268878330575 13.224820493440388 0.0008240936307208848 0.9999961843335059 0.002636700232658298 0.045603137132589365 0.0009143568680510345 -0.002637453539092049 0.9999961038875836 0.12408950545693608
0.999999217244326 -0.000697819242954827 -0.0010385369706827343 14.577065224613909 0.0007048754770130769 0.9999765658845686 0.0068096132244684065 0.07033860532037435 0.00103376075434237 -0.0068103399334476225 0.9999762750229095 0.13462417386209338
0.9999999655104016 -0.00018849554145512865 -0.00018288965661737423 15.922452623148931 0.00018971432689597227 0.9999776232692716 0.006687074787427336 0.09321511933938832 0.00018162508036196807 -0.006687109253580913 0.9999776245407498 0.15009439718863618
0.9999964511076198 0.00010365388966990036 0.0026621472605505895 17.259740581075494 -0.00011796869161315072 0.9999855338084794 0.005377569819003394 0.08467273155898755 -0.0026615513433897514 -0.005377864784616049 0.999981997195352 0.1734971320352167
0.9999879267064551 5.324441953680542e-05 0.00491361438831388 18.62679993738641 -5.663815889210622e-05 0.999999759970327 0.0006905442833473136 0.0834593100245226 -0.0049135764412710945 -0.0006908142442759349 0.999987689695346 0.19734135631721658
0.9999938940358656 -0.0002780831308120477 0.0034834696436810623 19.972618107103344 0.0002819466090463696 0.9999993457036099 -0.0011086471312397714 0.07462460445757059 -0.0034831590683942286 0.001109622514333902 0.9999933181480665 0.2207048321315035
0.999999607615141 -8.382452445355292e-05 0.0008818973938736179 21.323925926892663 8.571884011221446e-05 0.9999976889814024 -0.0021481815878831717 0.07879785111307706 -0.0008817152854922956 0.0021482563401909434 0.9999973037827913 0.21072521117675852
0.9999999406640322 0.00021709972169698465 -0.00026746895696545255 22.669895879832964 -0.0002171402420947416 0.9999999649525707 -0.00015147597978214768 0.09565693694029556 0.0002674360621982988 0.00015153404906824213 0.9999999527576912 0.2563014627210337
0.9999990902784762 0.0008668788692565085 0.0010334230721775236 24.04004779428253 -0.0008689924270817769 0.9999975283228671 0.002046509300760171 0.09535451692283975 -0.0010316464422207817 -0.0020474054758303053 0.9999973719147645 0.2368286693040768
0.9999822419687665 0.001703542078187474 0.005710839825049818 25.435164646872092 -0.001717715704897204 0.9999954547320345 0.0024778958873538795 0.10876446298127872 -0.005706592667843031 -0.0024876614840569585 0.9999806229824977 0.255665601720676
0.999978062536978 0.0017917810639332917 0.0063768303577067 26.806187084187968 -0.001798997723780312 0.9999977477007661 0.0011261441225916449 0.0990663843266596 -0.00637479819146245 -0.0011375913211450453 0.9999790336972092 0.271127363282361
0.9999796077970847 0.0018071380425339772 0.006125213635768609 28.174493880200206 -0.001787860402687211 0.9999934364866805 -0.0031512757320908643 0.0964878326884337 -0.006130868223105303 0.0031402604437193032 0.9999762753281582 0.29833590245546354
0.9999910646850729 0.001779427302981336 0.003834604084890086 29.532414482848097 -0.001767543325380675 0.999993631931556 -0.0031003043283945515 0.1055389085781303 -0.003840096432038314 0.003093498797343282 0.9999878418883819 0.2926144409381064
0.9999952281535308 0.002399125311095303 0.001946244565737544 30.926817335129485 -0.0023924921203043524 0.9999913463917881 -0.00340339874142363 0.10555130871811447 -0.0019543929037638868 0.0033987261261396503 0.999992314475015 0.3295810274791716
0.9999957245116585 0.002867426650332208 0.000573430735319568 32.305321566062354 -0.002866871046591639 0.999995422585503 -0.0009673977689363298 0.11939265952580806 -0.0005762020526335273 0.0009657496808661337 0.9999993676591742 0.3107773821980423
0.999992903038477 0.0035847277602842685 -0.0011591374223748833 33.68606480212177 -0.0035840266125670103 0.9999933934943387 0.0006063999646763459 0.12057443052166071 0.0011613035433141506 -0.0006022412817097151 0.9999991443393933 0.34971499227031133
0.999992596527619 0.0037395428112488166 -0.0009070333585909579 35.078727365919356 -0.0037389609324360805 0.9999928037412255 0.0006423682033816723 0.13368629569676746 0.000909428994741323 -0.0006389720853342322 0.999999382326598 0.3371944763115194
0.9999948768648522 0.0031475854536697906 0.0005821940063470367 36.47522703718136 -0.003148137789868622 0.9999945931175745 0.0009502442174102659 0.12550346836348122 -0.0005791998836163411 -0.0009520721761331328 0.9999993790428404 0.37566954848743933
0.9999943048101819 0.0030039253142183403 0.0015384342389625513 37.87831166059175 -0.0030060236048178542 0.9999945524366869 0.0013634218120613503 0.13892060637875545 -0.001534330240949423 -0.0013680386167521101 0.9999978871482953 0.3613671986817894
0.999994791501215 0.002358925701242705 0.0022028254532849537 39.27526944740244 -0.0023666486822715147 0.9999910395977515 0.003509942766300728 0.12537871024421604 -0.002194526020881492 -0.0035151377987243855 0.9999914138940392 0.38127406436961536
0.9999919647395349 0.003062981583247995 0.0025862328173288994 40.66931697442238 -0.0030792852344256093 0.999975263824957 0.00632374419569752 0.14704940136296607 -0.0025667993318126353 -0.00633165713129298 0.9999766605572161 0.4093885765323038
0.9999922245522597 0.0027901110112724184 0.002786775119724965 42.09274502512922 -0.0028152959585285514 0.9999548614323479 0.009074646355630031 0.14986690541286835 -0.002761330057967446 -0.00908242139292342 0.9999549413238341 0.4193387878635762
0.9999925033912721 0.0026386819659341954 0.0028338169911285237 43.479876724409024 -0.002664626767989008 0.9999542114772716 0.009191012624045855 0.1585017272776395 -0.002809435075575074 -0.009198494787230544 0.999953746314401 0.42094550091598076
0.9999927661553591 0.002341688572393493 0.002997354097046193 44.90796076204742 -0.0023683165509449655 0.9999574887839326 0.008911324348587296 0.16892092932139366 -0.0029763591294865643 -0.008918358568768492 0.9999558011066145 0.4396414367835246
0.9999960103383222 0.001433015070257123 0.002434291528691656 46.303894019358346 -0.0014540496160081774 0.9999614334880238 0.008661251427525184 0.1560904705996626 -0.0024217859427353313 -0.008664756452724827 0.9999595276552259 0.4647466895341846
0.9999951695213996 0.000473891743814145 0.00307186596104341 47.73857387890485 -0.0004996936517533189 0.9999645600215453 0.008404106565933604 0.16342736978694955 -0.003067774457464205 -0.008405600961996452 0.9999599665148329 0.483622433094845
0.9999922073949599 -0.0005436960582815738 0.003910184644211968 49.13463770662563 0.0005099319238608039 0.9999626244494167 0.008630740041720729 0.16592939308391164 -0.003914730998248745 -0.008628678857794106 0.9999551093836065 0.4955112406058172
0.9999909887621713 -0.0015437006456810126 0.003954665949389541 50.568838685935916 0.001506695776799915 0.9999552160533158 0.00934321976635455 0.17331675354063603 -0.003968911978226571 -0.009337177093894552 0.9999485311062896 0.511618750438392
0.9999878618150413 -0.0027448687407387005 0.004091688915084109 52.02145820501933 0.002706322226477833 0.9999521883461633 0.009396639916786027 0.17550130735497843 -0.004117285827845657 -0.009385452429978004 0.9999474792408332 0.51839173174751
0.9999793233494902 -0.003792170020118549 0.00519348823374217 53.4324964738966 0.0037396676142146153 0.9999421829353722 0.010081947856335755 0.1930594812125167 -0.005231420421902512 -0.010062317475670943 0.9999356889357376 0.5382586793027689
0.9999739533905553 -0.004534845762282165 0.00561495453018113 54.88322337114435 0.004486811317104931 0.999953484626173 0.008537980333713748 0.2087371343724811 -0.005653411772406927 -0.008512564706743503 0.9999477862255834 0.5377959548459846
0.9999642965903162 -0.0047802128595999215 0.006968149657629862 56.26984797264334 0.0047396793742087865 0.9999718199534076 0.005821918798784212 0.22073312921294333 -0.006995783305957341 -0.005788684141223525 0.9999587742261424 0.5556227072876821
0.9999624046278293 -0.005191220569704394 0.006945542450101048 57.69925395914412 0.005156571142111771 0.9999742176985323 0.004997370535056951 0.23387490194916527 -0.006971305830747765 -0.004961367473287307 0.9999633921938388 0.576995664550436
0.9999607673619432 -0.005023028612086886 0.007296089396111434 59.14972719364292 0.004996229924411581 0.9999807230914409 0.0036866152581229894 0.25664672405178035 -0.007314466723986614 -0.0036500176823088784 0.9999665874155309 0.590664746083032
0.999956490210178 -0.005200014562934574 0.007744516452779006 60.561194939079506 0.00517349761618771 0.9999807002311671 0.003440070871337244 0.24042271711018226 -0.007762255404030226 -0.003399854957169681 0.9999640935440196 0.6035638540929448
0.9999547555775131 -0.004417653998829819 0.008424436542739496 62.013976693824695 0.004405379792752874 0.9999892084773587 0.001474977188719284 0.2647751250985022 -0.008430861569117733 -0.0014377976117174857 0.9999634259867859 0.6056183294230789
0.9999560218555799 -0.004370772357995544 0.008297632418809727 63.42004905073087 0.004380355516270506 0.9999897596868458 -0.0011371046545444634 0.2560862171367686 -0.00829257742286309 0.0011734012267294632 0.9999649275295844 0.6163417373359555
0.9999661568018084 -0.0038025517647663283 0.007295604916477563 64.83079938808022 0.003815323971023575 0.999991212067706 -0.0017375529794319091 0.275581917773379 -0.007288933668047199 0.0017653292714030122 0.9999718771338254 0.6301053538255754
0.9999697704784909 -0.002924384378865562 0.00720458917628298 66.28074567061358 0.0029376835453257997 0.9999939994693611 -0.0018360393947135015 0.2869686496633373 -0.007199176660000006 0.001857148695195126 0.9999723610451151 0.6392749378179585
0.999972666400982 -0.002399472391202242 0.006993495774932772 67.65434616494476 0.0024010166465462356 0.9999970949929983 -0.00021242558080375616 0.29783485774638313 -0.006992965749462256 0.00022921127422127367 0.9999755226465389 0.6478554263706431
0.9999606459839903 -0.0017603847891244932 0.008695258976875507 69.12719179334972 0.001734867774534484 0.9999941695922003 0.0029412608538737345 0.31484061674812075 -0.008700386030837753 -0.00292605997885679 0.9999578698404821 0.6640394602400407
0.9999515787920664 -0.000916362320752422 0.009797976900919509 70.49048000480477 0.0008561411611744013 0.9999807299842474 0.006148713888598442 0.3274676617514017 -0.009803422543478884 -0.0061400277091236055 0.9999330942448926 0.6746409751945425
0.9999407516696254 2.746476545945291e-05 0.010885421262921795 71.93823399538837 -0.00013937942971423676 0.9999471442808832 0.010280526148068968 0.35142507476837526 -0.010884563553913597 -0.01028143424786715 0.9998879029101451 0.690533911295479
0.9999434757433752 0.00038111786470062625 0.01062544434042246 73.30839142219818 -0.0005243866357012375 0.9999089488044606 0.01348403201624321 0.35190643632404706 -0.010619337875522541 -0.01348884168236769 0.9998526295475516 0.687010985684407
0.9999477347190703 0.0010813772811417062 0.010166535957532256 74.69008520244229 -0.001257729843320945 0.9998485819383648 0.017356016578756173 0.3666431479305083 -0.010146228158344638 -0.017367896217350846 0.9997976846518211 0.6961027316711941
0.9999462105575877 0.0020012990790651756 0.010176973691461824 76.13673148197044 -0.002186857882289124 0.9998309741997388 0.01825488108435317 0.3832440242557507 -0.010138720043636829 -0.018276154759613358 0.9997815704057958 0.6956322048408091
0.9999403638270873 0.0024015365350351803 0.01065370412688292 77.50167329178993 -0.00260338449230034 0.9998166063017472 0.01897303751227869 0.38894136916973454 -0.01060618586191667 -0.018999641721042407 0.9997632331887057 0.7052430101859721
0.9999376413143305 0.002401102842487169 0.010906337051143761 78.92213789189948 -0.0026044804498138547 0.9998222727905057 0.018671891002628727 0.3854044085870813 -0.010859565567732835 -0.01869913198967562 0.9997661788130827 0.7263126853853388
0.9999524898384707 0.0018209421067337081 0.00957612842890651 80.28540591061054 -0.001988786355496418 0.9998440590447563 0.017547145686356323 0.3756658937068921 -0.009542682781858493 -0.017565356892188275 0.999800177756823 0.7190001442528718
0.9999517076420001 0.0017775273774017085 0.009665546040985235 81.68390101053524 -0.0019453013664624908 0.9998471276809939 0.017376336514345076 0.38848599777658593 -0.009633181532674296 -0.017394299770002532 0.999802300531995 0.7388138041505674
0.999944776262953 0.001533348577682652 0.010396791167090242 83.05576186816643 -0.0017054434941439363 0.9998613516650436 0.016564084914058714 0.40374047345564135 -0.01036995115326245 -0.016580901323244884 0.999808750624032 0.7417032985693073
0.9999557307876448 0.0012032315248720832 0.009332132598977418 84.43213407459396 -0.0013599210789186585 0.9998579083178571 0.016802195954663635 0.41255796940578165 -0.009310589648698719 -0.016814143098515495 0.9998152816957021 0.7397666331583346
0.9999537404477471 0.00043319423812543964 0.00960881404293999 85.83305804232994 -0.0005862338625087777 0.999872939068726 0.01592991048079725 0.41876989388991404 -0.00960069239264512 -0.015934806582441504 0.9998269393473862 0.7360326732791035
0.9999493250077821 -0.0007247132568094926 0.010041026201357314 87.19480680095191 0.0005604934108571994 0.9998662044616362 0.016348058680394947 0.421658393754608 -0.010051530411699762 -0.016341602313624436 0.9998159424465115 0.7475192431091636
0.9999350766114256 -0.001779708165782442 0.011255007816392928 88.59203666389796 0.001610357633556199 0.9998856278145943 0.015037886756667592 0.4310783272333649 -0.011280483606409165 -0.015018785858349487 0.9998235778180801 0.7496892572044191
0.9999236424688769 -0.002779727976502328 0.01204086143721637 89.96205232750167 0.0026271540652846657 0.9999162977756588 0.012668682020522924 0.4340048221430782 -0.012075069080168952 -0.012636081473166942 0.9998472494094849 0.7697085548554866
0.9999172276844619 -0.003769775153103726 0.01230148670344074 91.3414637884623 0.003621256657514968 0.9999205585740608 0.012073236565161263 0.4400841215280581 -0.012346022843016738 -0.01202769039479256 0.9998514441574442 0.7695311453831095
0.9999198909378947 -0.004214345025002867 0.011935283941283714 92.71264982189223 0.004079032995263451 0.9999273929581337 0.01133888450304751 0.4454806700070627 -0.011982203327117405 -0.011289291738640317 0.9998644801649208 0.7789583156810855
0.9999200243559222 -0.004261438564279787 0.011907352074029858 94.04313902727144 0.004148658978497353 0.9999464564807846 0.0094801265921118 0.45817812675970754 -0.011947113489549157 -0.009429968869789604 0.9998841643742451 0.793455572363942
0.9999233023189713 -0.004606763106482761 0.011496400010601671 95.41515332763272 0.004502458998073074 0.9999486193273678 0.009082211639331487 0.477146479224046 -0.011537648915341618 -0.009029752985086958 0.9998926673491184 0.7889537718900851
0.9999298976023796 -0.0044049804466404305 0.0109907246421332 96.77433872502789 0.004310528688456455 0.9999537052957903 0.008602709320071698 0.4795936551981439 -0.01102811059612989 -0.00855473041564549 0.9999025939381271 0.7927716436121095
0.9999367599097312 -0.004155266873959487 0.010450355899912821 98.1185078733055 0.004052639454470111 0.99994354523693 0.009822548164919146 0.5045512520783467 -0.010490581236554051 -0.009779575461453284 0.9998971485153426 0.8024223748026557
0.9999374161812359 -0.0039469561767239494 0.010468297747623208 99.47700574044015 0.003824030535465051 0.9999238093391433 0.011736792882233175 0.516173584597884 -0.010513824768261232 -0.011696027258673311 0.9998763235696236 0.8028720819619086
0.99992451482017 -0.0038052334795919637 0.011682673487411484 100.82856302312196 0.003665262190903427 0.9999215289455474 0.011979223859278427 0.5220790832958945 -0.011727340479392953 -0.011935499543989106 0.9998599968675194 0.8075403732460289
0.9999000570499479 -0.003743402178237362 0.013633152667039046 102.12688142392622 0.003581193421141831 0.9999227420495307 0.01190315024807231 0.5464849337716585 -0.013676657676172075 -0.011853137655480982 0.9998362126681194 0.815744892880138
0.9999138215768729 -0.0038092617546936092 0.012563397009481602 103.50426177434643 0.003663360104010844 0.9999258229209014 0.01161587055310391 0.5426226920754419 -0.012606712984833294 -0.011568845268321009 0.9998536055877758 0.82418409319647
0.9999400436058924 -0.0035880578576186137 0.01034577373890176 104.8237091592847 0.0034678406349093072 0.9999265354109883 0.011614553900539025 0.5524772866561225 -0.010386687382271586 -0.011577980039196639 0.9998790262343914 0.8268934682117945
0.9999544267966451 -0.0038340964429845925 0.008743227908435638 106.16437050494436 0.0037390013573793453 0.9999339623673986 0.010866957857809193 0.57005588089923 -0.008784315490831961 -0.010833771674711373 0.9999027278653949 0.82524054498069
0.9999435467788487 -0.00322050263108602 0.010125789753878406 107.5038758651422 0.0031252878345638196 0.9999508880589728 0.009405001117637712 0.5829573067258409 -0.010155581287533877 -0.009372824167496543 0.9999045026080429 0.8376826263662437
0.9999206343977012 -0.00276299954123673 0.012291897300002207 108.81884938290676 0.0026900485194616985 0.9999786954102136 0.005947467078509696 0.5866858848882954 -0.01230806827498198 -0.005913929254069611 0.9999067641015916 0.8345547690714645
0.9999075297236992 -0.0017795547125835675 0.013482032000939701 110.18818196833122 0.0017201186914327427 0.999988757415935 0.004418849784949662 0.5998435020323487 -0.013489744013020567 -0.004395250477445806 0.9998993492245626 0.8558540911024745
0.9999208135177688 -0.0014863335026032033 0.012496299719615944 111.4832915303909 0.0014333360000498606 0.9999899459669673 0.004248942561737848 0.5927864849525486 -0.012502489427085922 -0.004230694706667643 0.9999128906961969 0.8536070475363249
0.9999493231145424 -0.0003710872713710077 0.010060491886850447 112.83944945032434 0.0003166069557793154 0.9999852814809324 0.005416325464390878 0.620865808992894 -0.010062353740746217 -0.005412865760175779 0.9999347228301747 0.8576647610120877
0.999966287757428 0.00048249763340128636 0.008196983875944043 114.18427682893245 -0.0005532128457271114 0.9999626345454391 0.008626903760430819 0.6130745534811882 -0.008192515131267503 -0.008631147604934991 0.9999291904864294 0.8695198255120022
0.9999694115461094 0.0019285621071624688 0.0075800145333943785 115.49088423621625 -0.0020156074961400847 0.9999319249836156 0.011492724871952376 0.6248540083761931 -0.007557334090084733 -0.011507651661381915 0.9999052258362745 0.8632759927460983
0.9999449971436397 0.0034167775406794875 0.009916063666798668 116.8578060647765 -0.003536912691743295 0.9999202576065591 0.012123063830712962 0.6407771644271135 -0.00987385112392736 -0.012157469279009668 0.9998773439801066 0.8778413887999943
0.9999212643278516 0.004114777182634972 0.011854693320710338 118.14806269408481 -0.004267104104015325 0.9999082919743405 0.012852994340718512 0.63967011465879 -0.01180071894234937 -0.012902567562090624 0.9998471217054883 0.8689991417118015
0.9999046295642252 0.0051098339394108514 0.012830486083587634 119.52210151737006 -0.00527065510511237 0.9999075811995372 0.012531929398703715 0.6425835681810854 -0.012765264227286634 -0.012598359290113397 0.9998391517501226 0.8792877719593551
0.9999056157280286 0.0061538255480905815 0.012283731789478555 120.83666816695519 -0.006308722545179211 0.999900573052079 0.012611265994028559 0.6439502186428265 -0.012204902924649824 -0.01268757034454829 0.999845020942422 0.8829815843878017
0.9998976505612933 0.0073687179382036306 0.012263376286854283 122.1450993993475 -0.007541813690479054 0.999871738285036 0.014128978205043512 0.629764914313983 -0.012157690910032489 -0.01422002021122642 0.9998249754716715 0.8852013365216106
0.9998923517192535 0.008616075815157062 0.011876371958143141 123.52200111565826 -0.008804609586656268 0.9998345838074488 0.015914894678002667 0.6424245189776676 -0.011737283474776596 -0.016017748285349683 0.9998028145171927 0.8828587641128786
0.9998893511714209 0.009855297318108743 0.01114264460379701 124.85553263738764 -0.010042255639318074 0.9998076124723521 0.016849069529493794 0.6422134825196242 -0.010974448308203578 -0.016959102485297105 0.9997959543462974 0.8882258554339955
0.9998835252033534 0.010859677018690912 0.010723965775996248 126.18292783581825 -0.0110465958560465 0.9997853586363126 0.017527389322226108 0.6293930920526924 -0.010531322182337726 -0.01764381113902056 0.9997888713031279 0.8861441811121005
0.9998754661420458 0.011924122794022165 0.010337673955952196 127.51869380995585 -0.012100078403666876 0.9997800732584571 0.017128724936178532 0.6336282092843586 -0.010131155405559908 -0.01725167849535896 0.999799849609531 0.8947865888719815
0.9998575383034746 0.012674898747660092 0.011146750174496388 128.8473297555764 -0.01286009417084392 0.9997777957901952 0.01670260527030799 0.6172333922872485 -0.010932569489058686 -0.016843574045767678 0.9997983661407592 0.8955757416457341
0.9998355232288255 0.013572837889748687 0.012029320901832353 130.219976742264 -0.0137736540362918 0.9997644771503621 0.01677130533833236 0.6095858864341801 -0.011798853513337683 -0.016934234552575304 0.9997869866906096 0.9038817971679428
0.9998246083405545 0.01389476718817746 0.012557388320947374 131.54611679137437 -0.014076794791201106 0.9997954069854164 0.014525426646816495 0.5883870238753617 -0.01235299174544903 -0.014699646786640158 0.9998156449962586 0.8985393590442995
0.9998208807569688 0.013949448319067916 0.012791375764665812 132.89640972567088 -0.014121520738325224 0.999809659833749 0.01346204869847068 0.5774131202389757 -0.012601152899488096 -0.013640271064630598 0.9998275621080303 0.9082465172489828
0.9998127745060256 0.013872700643435786 0.013489407378422918 134.22228980361655 -0.01402492442288556 0.9998382850571574 0.011256341719003162 0.5684034770608988 -0.013331070080671786 -0.011443422163856373 0.9998456534184085 0.8933052011637433
0.9998164741917658 0.013272200549873173 0.013815448863866544 135.55528488652328 -0.013410993576137427 0.9998600375780738 0.010002524964907033 0.5444744855711505 -0.0136807597028442 -0.010185968139393235 0.9998545308528718 0.9133103250025532
0.9998403175034921 0.012107233318387279 0.013143606654578166 136.90379312903997 -0.012231406789799044 0.9998809290855657 0.009408524800853158 0.5348093034062543 -0.01302813042836908 -0.009567787223801756 0.9998693540984149 0.9097474100716108
0.9998331157341998 0.011280077883412993 0.014370126101971303 138.23983710380855 -0.011391362264017041 0.9999055768628318 0.007685975824683586 0.5314098897572941 -0.014282070823670792 -0.007848388468458286 0.9998672038083036 0.9118745959499455
0.9998395510545091 0.009921980815505826 0.014913968077425191 139.58693162639096 -0.010029072137361273 0.9999243370952079 0.007123046874248706 0.4952730707202578 -0.01484216490884423 -0.0072714772505918495 0.9998634085510943 0.9184637396422011
0.9998471209422879 0.008807561485307211 0.01510501916915165 140.94207908196933 -0.008897435794720222 0.9999430517796704 0.005893117497426633 0.5060834268978631 -0.015052254970493196 -0.006026612501412185 0.9998685461409721 0.9199564840253093
0.9998629635100118 0.007531696513144076 0.014742040178033364 142.26858132653228 -0.007608646424168336 0.99995768553735 0.005170651252810239 0.49767599662354933 -0.01470247260051339 -0.00528210965619714 0.9998779608617298 0.9106237062846241
0.999875752262048 0.006530593642255923 0.014346824912969259 143.6201139975925 -0.006604317908309279 0.9999651993360683 0.005097362233858528 0.4903422913507869 -0.014313036832540264 -0.00519147989083155 0.9998840860385635 0.9065728642954091
0.9999078124422638 0.006038884557145907 0.012161352319214698 144.96549624666193 -0.006075081359976581 0.9999772198102369 0.0029416401987379516 0.4859776988629115 -0.012143311055732253 -0.00301525022089886 0.9999217210675588 0.9109159576100724
0.9999280734096041 0.004698133650460423 0.011035195855077368 146.27843798935726 -0.004695233440113601 0.9999889356543324 -0.00028870721883160217 0.4865802410553155 -0.011036430142955841 0.00023687363250876666 0.999939068693979 0.9226349511785086
0.9998921424457328 0.003984719701039872 0.014135964211414298 147.66898358135663 -0.0038487690313541577 0.9999462085287849 -0.009631564039709394 0.4856708564042327 -0.014173582900083182 0.009576119141483083 0.9998536930421184 0.9166849051103793
0.9998716539456795 0.0025222510018141527 0.01582131112820088 148.97889026345956 -0.0022683715436625546 0.9998687112901502 -0.016044147640618456 0.46963437712150297 -0.015859701336134534 0.016006199825627204 0.999746103488616 0.9286034731980056
0.9999173882363198 0.0016964647567067723 0.012741220898570358 150.2770794258525 -0.0014578203367877774 0.9998237757551506 -0.01871609453331421 0.4408460997608245 -0.012770726781298009 0.01869597395279417 0.9997436516904891 0.9251267197749571
0.9999511455549209 0.0015489189890382478 0.009762548507772762 151.68429582633524 -0.0013762211575586295 0.999842894557998 -0.01767179156762399 0.4540769226679402 -0.009788386931803802 0.017657492796245313 0.9997961794433022 0.9306586603309271
0.9999685298813541 0.0027152858855110044 0.007454292017571229 152.99072108729143 -0.0026094221072853105 0.9998961261569276 -0.014174900798086304 0.45999468926238224 -0.007492006619677542 0.014155003317891586 0.9998717446342211 0.9345548230765782
0.999963582167496 0.0036460470975374663 0.007716260707887421 154.3638361121904 -0.0035317947901238917 0.9998846966611858 -0.014768879724912901 0.46577156260773406 -0.007769219028319539 0.014741089624957454 0.9998611601179231 0.9408466400237462
0.9999362228207272 0.004089234888360376 0.01052750915671865 155.69003714135022 -0.0038962101490331805 0.9998251151594933 -0.01829094428345569 0.4690921410397414 -0.010600464022463807 0.01824876035060261 0.9997772816523562 0.9305969663363123
0.9999003480107869 0.004722667141145737 0.013303776267707356 157.01802926326633 -0.004364527132444872 0.9996307034860807 -0.02682177381967161 0.46918165249094695 -0.013425533539395134 0.02676103628407187 0.9995517005068748 0.9198426777162684
0.9998849409795156 0.004631281698565791 0.014444931021607961 158.3737471226873 -0.004219089046726723 0.9995866956168171 -0.028436547495581232 0.44486976107397697 -0.014570658530288638 0.028372331164026446 0.999491223940617 0.9281261532350695
0.9998793940626127 0.004323059591547599 0.014916718296939632 159.70897332738846 -0.0038821263107516766 0.9995583311361682 -0.029463057403904792 0.42585739059049876 -0.015037500599823589 0.029401595399677675 0.9994545611300515 0.9447139030785399
0.9998715307527487 0.005638348915550838 0.015004366419865429 161.07398715921337 -0.00520532076332437 0.9995732426030769 -0.028744343925743515 0.43882157238815933 -0.015160033835911541 0.028662548621450793 0.9994741775957081 0.9261132863129155
0.9998690583708223 0.006593278308723774 0.014778186417440452 162.4107608989076 -0.006198601077750665 0.9996270646482158 -0.02659528092483271 0.428840249272615 -0.014948025198126247 0.02650019441316563 0.9995370409538311 0.9181609553749637
0.999882668125768 0.007753609999749536 0.013211037569666649 163.760946106769 -0.007434920025631689 0.999684222088597 -0.02400370953268475 0.4462160031017886 -0.013392981218079136 0.02390267012467067 0.9996245747354371 0.9119031692049272
0.999884709703426 0.008454959428121625 0.012612730170907572 165.10741380132728 -0.00816708745325099 0.9997088841868075 -0.022703426184152758 0.4464837439805024 -0.012801014952973658 0.022597799429084686 0.9996626798461251 0.8976975898154074
0.9998681037931917 0.008699417094160765 0.013714778861830713 166.45958516276158 -0.0083944028857435 0.9997195786459407 -0.02214267536171617 0.4432204146910184 -0.013903561313523823 0.022024627447572286 0.999660745837605 0.8967964898819187
0.9998702022843518 0.008254329926937903 0.013836351444894908 167.78861709483763 -0.007962841744741832 0.9997479501522091 -0.020991172378038003 0.4274489152798503 -0.01400613205698079 0.020878271094934227 0.9996839130749724 0.8873920602036202
0.9998990280537485 0.008040327311557207 0.0117169464406109 169.17932960174866 -0.007818561684874223 0.9997917262812445 -0.01885137004966 0.43419927213933707 -0.011866077294073806 0.018757856921632295 0.9997536391598475 0.8925094808584433
0.9999293647261805 0.007279892208620952 0.009395143837529759 170.58711326549152 -0.007133369025415631 0.9998538628117717 -0.01553602480450067 0.4315869506578234 -0.009506871443553569 0.01546790838509458 0.999835168017982 0.8995297516123651
0.9999468438780944 0.006951846318092752 0.00761454207470583 171.9372892906339 -0.006878944667065421 0.9999306531608414 -0.009558712758569904 0.4291117078589787 -0.007680464732377678 0.009505824640872304 0.9999253220913008 0.9000026109943263
0.9999345197511683 0.007282951030391189 0.008826937990565817 173.28536295743007 -0.007222371113949363 0.9999502803184649 -0.006875626990754916 0.4315116446894776 -0.0088765739726969 0.0068114253510210025 0.9999374035004365 0.901081261239213
0.9999046393242744 0.008014534870059452 0.011246309999699595 174.68109324131498 -0.007996568133408946 0.9999666794243495 -0.0016416269759810217 0.44677203519102293 -0.011259092142819088 0.0015515385451612665 0.9999354107002424 0.9240584474640333
0.9998732318822443 0.007972525886385291 0.013782561313001113 176.06735563624196 -0.007984447074186003 0.9999677956228119 0.0008101371327877124 0.4393019425669626 -0.013775658614935299 -0.0009200805645786459 0.9999046877985318 0.9263044067769206
0.9998651687642273 0.0069322394118225975 0.014885843906891728 177.4758246044033 -0.006886724061250269 0.9999714602742812 -0.0031067134766266324 0.42505892114021104 -0.014906955550593444 0.0030037798952037803 0.9998843733065108 0.9152141514878125
0.9998722134079518 0.005845090920985847 0.014879239456653686 178.8620607758819 -0.005772169069380059 0.9999711430176557 -0.004939149339485804 0.43276115119219244 -0.01490767986366501 0.0048526326966565 0.999877098966165 0.9135927768106967
0.999932030750929 0.0036298669005360926 0.011079618432403631 180.1998400784355 -0.0035415918448810932 0.9999619148749709 -0.007976586161125841 0.42365964956016305 -0.011108150409835902 0.007936804512269722 0.9999068037215301 0.8989453185192772
0.9999720966927397 0.0019511172930528069 0.007211031634586931 181.61769057449575 -0.0019146649593927243 0.9999853725595792 -0.005058529922102718 0.4325913414710038 -0.007220795940859764 0.005044582062796199 0.9999612053963854 0.9135373170004452
0.9999759499799419 0.0010280020489111569 0.006858766179153747 183.00960928033174 -0.0010187006094635146 0.999998557010662 -0.0013594946347752221 0.44589677171492237 -0.006860153845297312 0.0013524749096151152 0.9999755542516215 0.9256110886528086
0.9999684299272208 0.0008589169371262533 0.007899456347378727 184.3366292540595 -0.0008694063124347484 0.9999987448858766 0.0013245223046504336 0.4686899295594756 -0.007898308778018432 -0.0013313483265980919 0.9999679216005283 0.916564151527931
0.9999416161695865 0.0014962311538911442 0.010701660828548017 185.7879476521625 -0.001541226646160002 0.9999900026604073 0.004197523039119646 0.4707485614715415 -0.0106952733756702 -0.004213771656473499 0.999933925445 0.9193179895762573
0.9999111804849027 0.0018465461102376715 0.01319929576724133 187.15208237555936 -0.001932491977128923 0.9999769969933869 0.006501612019050504 0.4767642345226892 -0.013186986617369454 -0.006526542082197566 0.9998917479569489 0.9346073411703332
0.9999048353130571 0.0020255324212484467 0.013646154622408839 188.60744054177803 -0.002082160313237413 0.9999892756732545 0.004136803948667706 0.4813574929897465 -0.013637629046069473 -0.004164823752598068 0.9998983294901095 0.9185190693166028
0.9998958357175989 0.0018060135766094353 0.014319777566904423 190.02571578837345 -0.00185628130059363 0.9999921595794155 0.00349785640500236 0.4747930941396103 -0.014313348117669157 -0.0035240735886260957 0.999891348582937 0.9181064930149656
0.9998834048019849 0.0023118220818320826 0.015094114092980978 191.38121474882365 -0.0023135304306117835 0.9999973192037768 9.571941460329183e-05 0.49016423267350195 -0.015093852342480587 -0.00013062894645642992 0.9998860727890662 0.9159662931322826
0.9998811363396045 0.002664931573602099 0.015185892529887807 192.8352761036786 -0.002638780368198173 0.999995001386725 -0.0017418495148091475 0.4953663001423513 -0.015190458531252293 0.0017015702371185237 0.999883170489602 0.9092548302768312
0.9998710314350643 0.0028259827577253416 0.015809311130902785 194.19243420037594 -0.0027599014893844994 0.9999873707513139 -0.004200152573787062 0.4775857454873331 -0.015820981029934296 0.004155978744800788 0.9998662032491763 0.9006781733536682
0.9998421710785601 0.003499160897161571 0.017418059763565957 195.65100779820438 -0.0033377478690556415 0.9999513001414864 -0.00928745306925128 0.4830967853086182 -0.017449709799134037 0.00922785014869151 0.9998051582231207 0.893193237049801
0.9998264277221625 0.0036329716783012173 0.018273367098714372 197.06350704981196 -0.003402246941908645 0.9999143041145901 -0.012641564095522227 0.4660117349779218 -0.01831772759066989 0.012577199363116761 0.999753106977965 0.8993894279217188
0.9998863780120663 0.003438448565954268 0.014676789068822924 198.47706230940693 -0.0032829916847406065 0.9999383972167266 -0.01060300604742067 0.46221560036034065 -0.014712342828705328 0.010553617536323851 0.999836070626274 0.8965109911920958
0.9999481692626125 0.0037759804372364874 0.00945519751708891 199.91463643546 -0.0037315236700944917 0.9999819217628083 -0.004715069316621208 0.4860362667525827 -0.009472830593285275 0.004679542637761259 0.9999441821228084 0.8908505858376644
0.9999500707846927 0.004822458395719623 0.008752133037698883 201.367399443839 -0.004870246200232769 0.9999733047759287 0.005447057688007604 0.48460604593461737 -0.008725631188466839 -0.005489410763362293 0.9999468634531706 0.8834289731990403
0.9999034793208776 0.006053914886599606 0.012505285144653096 202.79960038840014 -0.006201903303880428 0.9999107970444274 0.011829384996151009 0.5026739068748463 -0.012432555546330399 -0.01190579978513217 0.9998518307699715 0.8784984480151515
0.9998672605401808 0.006983600397360999 0.01472041525786671 204.22081991578085 -0.007179315921074746 0.9998859783037592 0.013284871638059267 0.49724523222818956 -0.014625960576299196 -0.013388790722999899 0.9998033914526377 0.878558887584402
0.9998645429285301 0.006473071844687593 0.015132585212555573 205.71461063611548 -0.00668607063778555 0.9998786929390706 0.014067546548078161 0.4911302990569464 -0.015039689283634977 -0.014166818533083447 0.9997865317150969 0.8807075631959419
0.9998637937588768 0.00541196240796054 0.015591811729277098 207.13845485357163 -0.005562017066577221 0.9999384817209608 0.009596704628723703 0.4893172092227745 -0.015538915543161454 -0.009682119420596153 0.9998323852862878 0.8780250173297258
0.9998751130777982 0.0043674791987495555 0.015188264321797732 208.57230783119155 -0.0044825259328611835 0.9999614595132728 0.00754893696798015 0.4797852609113267 -0.015154709133517904 -0.007616075993173932 0.9998561547430432 0.8706829068505494
0.9998847020425387 0.003935405906796476 0.014666124288728224 210.05524407065764 -0.00404731640153532 0.9999628628415539 0.0076086902729319466 0.4881919875952937 -0.014635636345903645 -0.007667171451865247 0.9998634969988044 0.8638295941168523
0.9998833998942013 0.0038621697818907686 0.014773972403810058 211.51916087109018 -0.003989047665051322 0.9999553363596322 0.008568126085730661 0.4927043234067769 -0.01474022098676407 -0.00862606112144352 0.9998541478409692 0.8628991698513317
0.9998767851532476 0.003461751328805199 0.015311132856317597 212.9552041981254 -0.0036130233500936467 0.9999448294665464 0.009863269508188926 0.4888960887708887 -0.015276143946623797 -0.009917373687474258 0.9998341288060061 0.8499624866390059
0.9998747730271689 0.003193364026984957 0.0154996996764047 214.3976848180739 -0.0033431468430439393 0.9999478748998588 0.009647323589593386 0.5058613586420346 -0.015468084336899215 -0.00969793325650564 0.9998333303393616 0.8590045275554246
0.9998840488071382 0.002985643751646554 0.014932343166184012 215.86989442081563 -0.003136200848830147 0.9999443843270261 0.010069384146028102 0.503270479025031 -0.01490144910001123 -0.010115047416237795 0.9998378031613364 0.8575886769047693
0.9998931670304915 0.002612240914106478 0.014381610589231679 217.34984401186978 -0.0027501618068042017 0.9999503415441556 0.00957867714054976 0.5049491486566997 -0.014355874608327702 -0.00961720557818971 0.9998506979649996 0.8483413666481792
0.9998927299635765 0.0020339059979589303 0.014504888568261263 218.80255819624296 -0.002167335571389413 0.999955430008953 0.009189159489895668 0.5018127310013825 -0.01448555219890494 -0.009219610729375518 0.9998525729103723 0.8490375846970284
0.9998988548671969 0.001930383585379295 0.014090906801253368 220.2907335144243 -0.002078968206349846 0.9999423157604307 0.010537696278795777 0.5103909762370391 -0.014069752182085395 -0.010565924989344664 0.9998451896682077 0.8437294180574842
0.9998977879373792 0.0019266849683349306 0.014166917906464451 221.77690565024193 -0.0020570449919752563 0.9999556284640826 0.009192914059355088 0.5250086856473831 -0.01414857744922437 -0.009221116420178803 0.9998573842144333 0.84149770356047
0.9999002916904769 0.0013680045536305576 0.014054723079467263 223.26446365541105 -0.0015276448787592866 0.9999343739699057 0.011354032523163058 0.517674633289318 -0.014038268355593728 -0.01137437105750863 0.9998367620289936 0.8449406920902662
0.9998990347238604 0.0009580393609414397 0.014177535712355242 224.74964628497344 -0.001105453122881721 0.9999453748792391 0.010393518702114152 0.5200817060631072 -0.014166803862739556 -0.01040814191875632 0.9998454741859433 0.8361800651210191
