1.0 -2.1684043449710093e-19 -2.5135375298442207e-37 0.0 2.1684043449710093e-19 1.0 2.3183291766350204e-18 -8.673617379884035e-19 -2.51353752984422e-37 -2.3183291766350204e-18 1.0 0.0
0.9999996144572926 -0.0005723897269502802 0.0006659243699802237 1.3271307127150507 0.0005725266515208768 0.9999998150031163 -0.00020544334102258209 -0.005205242904773986 -0.0006658066531284189 0.00020582452126511109 0.999999757168854 0.013546002618737998
0.9999992686506489 -0.0006310930990495225 0.0010317071617683797 2.620400249204164 0.0006317219644781507 0.9999996148242213 -0.0006093264874477984 0.0032616480561835828 -0.0010313222226384742 0.0006099777938922657 0.9999992821505244 0.023155165917102573
0.9999984080806568 -0.0013145955684215954 0.0012065134246878437 3.944431469168364 0.0013152995039614583 0.9999989651428909 -0.0005828381958469084 0.0014968510495183922 -0.0012057459796094815 0.0005844241945245251 0.9999991023120939 0.042724277089956374
0.9999985763318838 -0.0008800205240788166 0.0014397562580511227 5.276348118827755 0.000881273383638691 0.9999992334146602 -0.0008697857869248605 0.012604385612162781 -0.0014389897250110366 0.0008710533675077156 0.9999985852863005 0.04177979977458566
0.999997786687794 -0.0012070478149658944 0.0017232687212533166 6.606972188827152 0.0012091179588218897 0.9999985481118654 -0.0012007530649974663 0.008382052461006931 -0.0017218168528964884 0.0012028340425147947 0.9999977942660631 0.04278872157354516
0.9999967192755046 -0.0008840068948593192 0.0024041568246351104 7.940246282741048 0.0008895981560858923 0.9999969001183829 -0.0023255899779677405 0.02337723712865465 -0.0024020935344584255 0.00232772108182587 0.9999944058149609 0.061433015770509955
0.9999966058758929 -0.000873483241502648 0.0024546412611861773 9.262030326792253 0.0008794477276802168 0.999996661187287 -0.0024298530763327384 0.02751113273293585 -0.0024525106296572384 0.0024320035577892556 0.9999940352573641 0.0582192092397267
0.9999966097639618 -0.001266615935281217 0.0022751142070677457 10.574476610325048 0.0012719655674189169 0.9999964263568822 -0.002351462748944188 0.032548963269163136 -0.002272127676432485 0.0023543486438637696 0.9999946472248165 0.06110004242504724
0.999997806805724 -0.0012989856361764252 0.0016428694588934696 11.907043636708606 0.0013014713963886105 0.9999980086551906 -0.0015128971735503909 0.05167867038926468 -0.0016409009556764462 0.00151503200308172 0.9999975060579318 0.06758946893793702
0.9999991451798917 -0.0009577345750956518 0.0008901595191110357 13.236156610683853 0.0009575489971894848 0.9999995197344279 0.00020887994496383635 0.0725787209300108 -0.0008903591431434011 -0.00020802739505419574 0.9999995819925122 0.08023895090459714
0.9999991385344763 -0.0010493884441895199 0.0007884885532216231 14.575021069724635 0.0010488817159429998 0.9999992433295363 0.0006427966248150997 0.07406073116002587 -0.0007891624999456688 -0.0006419690398412642 0.9999994825490165 0.07933475030981192
0.9999989411695547 -0.0006611102486343717 0.001296376877552735 15.932976034163898 0.0006605080113668114 0.9999996737858444 0.00046492727575359635 0.09132637344699766 -0.0012966838228431169 -0.00046407051616106763 0.99999905162436 0.09171129221118307
0.9999940042724439 -0.00038766338344158556 0.0034410952129266138 17.26113220431599 0.000389279582424058 0.999999814241555 -0.0004690184025822969 0.0784874822758227 -0.003440912752453277 0.00047035513858330574 0.9999939694245529 0.10751765097290007
0.999985619572105 -0.00012003150466181946 0.0053615521475943355 18.62237878241073 0.00015066601941447592 0.9999836653237948 -0.005713701544493298 0.08690190028689958 -0.005360778744182472 0.005714427182740184 0.9999693032154683 0.13252282492624737
0.9999902692251681 -5.639649366372681e-05 0.004411153410563159 19.956992175002338 8.692630710411784e-05 0.9999760446756681 -0.006921164542420391 0.08350293520968301 -0.0044106574105402694 0.006921480639402703 0.999966319036279 0.1423795424068711
0.9999964611998605 -0.0006165177724800466 0.002587951620916669 21.36001408818166 0.0006362651963452683 0.9999706379591434 -0.007636647574918755 0.06003709631885749 -0.002583167504423337 0.0076382671738954655 0.9999674915317119 0.12257429463586134
0.9999988575075854 3.4755848833373296e-05 0.0015112165810616147 22.68978498859248 -2.666970450451559e-05 0.9999856859248727 -0.005350442419895489 0.08934406758808232 -0.0015113809085618775 0.005350396003355951 0.9999845443757401 0.17380865845161325
0.9999965915962646 0.0006894227938139755 0.002518231932314509 24.05787529470176 -0.0006790144764781245 0.9999912339435489 -0.00413170369205708 0.09423474618288462 -0.0025210583480538237 0.004129979693605611 0.9999882936977492 0.14807111549246063
0.9999684349929164 0.0015764588807241045 0.007787412613629183 25.434107027547434 -0.0015474175984916006 0.9999918317930879 -0.0037338781287568753 0.11092810769679083 -0.007793235309767266 0.003721709889542247 0.9999627064840491 0.15868774158656898
0.9999612749516743 0.0014642078175120792 0.008677827636521801 26.810902625883845 -0.0014245524839299221 0.9999885238295267 -0.004574151228858411 0.09674914715585133 -0.008684425556280283 0.004561612073716302 0.9999518850664998 0.17332124948605213
0.9999661412717981 0.001642724738876344 0.0080633594377819 28.202089447175464 -0.0015663236360923117 0.9999539101790943 -0.009472283135911074 0.1028111178687501 -0.008078548152830517 0.009459332585977217 0.9999226260500211 0.19496301527679993
0.9999802183460211 0.0019211785629800805 0.005989322964513567 29.543228767058753 -0.0018658754857255972 0.9999557027543987 -0.009225564352839888 0.1077982701148435 -0.006006781610469292 0.00921420652502252 0.9999395066566769 0.18147605004410844
0.9999888669706624 0.0021622289256878215 0.004194126941799319 30.921870109788237 -0.0021253056498191287 0.9999591250396396 -0.008788135516328408 0.10258338665603284 -0.0042129574678430965 0.008779123876072416 0.999952587862716 0.23420698820336017
0.9999917243824281 0.0026631369243906152 0.003075527333593498 32.31539474107016 -0.002639312142551849 0.9999666800557971 -0.007724817771405004 0.10957241539320563 -0.0030959971046355655 0.007716636567131012 0.9999654335635902 0.1975370625745399
0.9999918540153369 0.003368157250694639 0.002224279592094691 33.682144583881325 -0.003353725886797234 0.9999735083414956 -0.006460273823686452 0.11074432885577712 -0.0022459798853600413 0.006452761574347482 0.9999766584487956 0.24214832835483252
0.9999904582163892 0.003359523034405041 0.0027923254032028383 35.09332235044222 -0.0033419364220918586 0.9999747013705369 -0.006279178278732073 0.11091133661069637 -0.0028133498052616587 0.006269786590204387 0.9999763871407097 0.24556546694369244
0.9999861512969248 0.0032907041867481974 0.004107125554340364 36.48055008621007 -0.0032656294554166184 0.9999760806928241 -0.006097024395450823 0.12215799317185788 -0.004127090818447435 0.00608352760938298 0.9999729785415216 0.2710649413938058
0.9999846332437381 0.002964102997362937 0.004684802003020114 37.88888828921594 -0.0029381112352755505 0.9999803084864846 -0.00554528102481775 0.1307461558726558 -0.004701146536285037 0.005531431342435724 0.9999736508971365 0.25436091531207544
0.9999858805502415 0.0027371705560162154 0.004554843301943533 39.27487639589723 -0.0027124651761769934 0.9999816255977679 -0.005421346651308032 0.13610753563908312 -0.004569598759848516 0.005408915251036901 0.9999749308872604 0.22014071267741195
0.9999830981245013 0.0031867193349594553 0.004862950257248672 40.67683958537969 -0.0031656592159147756 0.9999856047929683 -0.004332298301146857 0.14269957650678058 -0.00487668607283401 0.004316830633881952 0.9999787912282068 0.22945037848143118
0.9999819268402561 0.0029561600406415975 0.005235180098409492 42.0963088946827 -0.0029343738289968565 0.9999870239236287 -0.004164304815391421 0.1437899516759474 -0.0052474225178050305 0.004148867577774412 0.9999776254770613 0.21759538816139387
0.9999815994869142 0.002964251568501277 0.005292815907549352 43.47418008882667 -0.00294238119936341 0.9999871215777263 -0.004135102365262199 0.16396250892147582 -0.005305005228103219 0.004119452795238951 0.9999774432596955 0.21520608470388544
0.9999807348003587 0.0028683378711819646 0.005504785735291256 44.90505572019266 -0.002844559342365809 0.9999866117623918 -0.004322589284132874 0.16855368253259467 -0.005517110682457093 0.004306847318896303 0.9999755059779661 0.22697130100527518
0.999984239801134 0.0015804378987294716 0.005387240981815411 46.325852218866245 -0.0015609112445037784 0.9999922045795143 -0.0036268907192568245 0.144612093987412 -0.005392931061553964 0.003618424553712457 0.9999789114267932 0.25510237144599734
0.9999830712388422 0.0010697540312139813 0.0057195158925649634 47.749454514111164 -0.0010496223842429888 0.9999932480774874 -0.003521660444636298 0.1693513769984089 -0.005723244585294064 0.0035155974953798817 0.999977442268408 0.26881692339098134
0.9999798842963389 -0.00025260997390541876 0.006337759137238035 49.152348862605315 0.0002692328595197067 0.9999965260014406 -0.002622117220408866 0.1627946918684071 -0.006337074746909297 0.0026237708076913614 0.9999764783785671 0.295133122885067
0.9999788402203619 -0.0012119413701301063 0.006391424696837824 50.578842366636955 0.001225189194565821 0.9999971085704658 -0.0020692419253499537 0.16770929013271213 -0.006388898416589551 0.002077028845123242 0.9999774337094808 0.2944899783396372
0.9999767665699818 -0.0022334151737032713 0.0064403553400304795 52.02663932244992 0.0022479782555400564 0.9999949310609676 -0.0022548716444865152 0.18360401868343942 -0.006435286629716366 0.002269297034846303 0.9999767184174644 0.29597712524666764
0.9999664815297354 -0.0036531796804559827 0.007327352541240042 53.4438466161282 0.0036665032345787186 0.9999916480241645 -0.0018057231089999544 0.1832260497160319 -0.00732069471239835 0.0018325283457169743 0.9999715242289602 0.3041754022383621
0.9999603468244802 -0.004212959739654975 0.007845747185411388 54.898590002644035 0.004231388313479419 0.9999883244250607 -0.0023337451660639247 0.20047138309142737 -0.007835823607374927 0.0023668510286080995 0.999966498381122 0.3139595136190389
0.9999509683511566 -0.004476290809676707 0.008833103314888981 56.287760534911094 0.004537248490119206 0.9999659485607956 -0.0068931193988812575 0.21020165567515722 -0.008801946927993251 0.006932859402550002 0.9999372286252678 0.3050519768445949
0.9999463251812364 -0.005141261170546851 0.008995231521051566 57.73082077087971 0.005202829520362864 0.9999631087636902 -0.0068345941092614925 0.2198188660712488 -0.008959761242529465 0.00688102791976158 0.999936185030447 0.32160345108885413
0.9999402193829395 -0.004756507518697245 0.009845470868548567 59.17410214860516 0.004819925206784043 0.9999677264158084 -0.0064276315855823305 0.24552017720018976 -0.009814580041951345 0.006474701771011881 0.9999308737385684 0.3391854035218534
0.9999390576994446 -0.004577896111229222 0.010046081541654666 60.57530440339951 0.0046392501127215215 0.999970679122186 -0.006092475219947183 0.24622897968863622 -0.010017896263108119 0.006138710215415734 0.9999309766135623 0.3568510415273755
0.9999315323937019 -0.004265871292638724 0.01089646120984924 62.04124406602921 0.004344715289287062 0.9999644799293482 -0.007222349249589805 0.2467864458615424 -0.010865264554447977 0.007269196774242394 0.9999145487512517 0.3553296033382876
0.9999358561362307 -0.003918672397921687 0.010626740786386701 63.45429944501072 0.004003546795302735 0.9999601656100106 -0.007977393450111569 0.2594604684848586 -0.010595056685129589 0.008019426403292722 0.9999117128896936 0.3767975019978219
0.9999415565540466 -0.003556307979394494 0.010209610659867878 64.87295002996481 0.0036341425899789276 0.9999643997893265 -0.007615258472812511 0.264710581212244 -0.010182164991105478 0.007651916591791663 0.9999188825542631 0.4004320615563305
0.9999479291852563 -0.0025718252259259006 0.009875456097062087 66.31700074552562 0.0026515683590694937 0.9999639190998749 -0.008070296379689604 0.2933248992796374 -0.009854344389906974 0.00809606159970024 0.9999186695342872 0.40663499866650454
0.9999494226009485 -0.0021190876811783654 0.009831668598422572 67.69186302761015 0.002186760260225733 0.99997395879467 -0.006877485883659984 0.2956396288537455 -0.009816838574308321 0.006898637540494714 0.9999280166494441 0.41121303698417194
0.9999374737190103 -0.0013794725418978565 0.011097103583803591 69.15642084143379 0.0014256337090140174 0.9999903603873544 -0.004152914747097056 0.3168236030229404 -0.011091267780161094 0.004168475485724144 0.9999298013316504 0.41977225722650136
0.9999265574556085 -0.0005085175209096204 0.012108720201016438 70.50939052095728 0.0005196551165370086 0.9999994448362277 -0.0009166710403463675 0.32785322333922573 -0.012108247335408728 0.0009228960760999677 0.9999262665863404 0.4297526477121424
0.9999166268003333 0.00046285384045289304 0.012904464908135477 71.96785953833378 -0.0004885656192220217 0.9999979018128372 0.0019893902480224938 0.34268801955866673 -0.012903517035236409 -0.001995529064080702 0.9999147549225762 0.431747365178641
0.9999181799198787 0.0006702118998658624 0.012774360325522453 73.31823821883032 -0.0007510704069746435 0.9999797085776926 0.00632600396116478 0.35151251693388386 -0.01276986135244901 -0.006335080811022361 0.9998983935341416 0.4320478632024941
0.9999212396253598 0.001629502147125329 0.012444246414957224 74.7158161529816 -0.0017551406241638613 0.9999475354317586 0.010091871250723384 0.3760678374205924 -0.01242714880707041 -0.010112917813582853 0.999871639194663 0.440199660336383
0.9999160571953931 0.0023079540260585933 0.012749584739629153 76.17418302390732 -0.002453425804158144 0.9999319385881651 0.011406090177518079 0.3804802291905753 -0.012722392253144673 -0.011436412878511486 0.9998536638907862 0.44017243053794936
0.9999119004672614 0.0026638316108665776 0.013003665064069796 77.53772315398136 -0.0028182580054051916 0.9999255565777961 0.011871761638420165 0.3784928276834712 -0.012971072652812138 -0.01190736342493346 0.9998449709682508 0.43989866249520876
0.9999061987617103 0.002718406783141613 0.013424006200402195 78.94698135042458 -0.002865760958912602 0.9999357222135526 0.01096990680849601 0.38021547598059685 -0.013393322665919732 -0.011007347810534763 0.9998497173086285 0.4652522627445319
0.9999217918024829 0.002622579160241181 0.012228342367649633 80.31678527748429 -0.0027520754719421833 0.9999401893331786 0.010585076141612436 0.38191226186173927 -0.012199850782239943 -0.010617901622979337 0.9998692033491259 0.45026725791330896
0.9999224651554616 0.0023566651536224004 0.012227420283057637 81.70625771946317 -0.0024744605982392706 0.9999505925017829 0.009627543823905238 0.38310719271188043 -0.012204127259767031 -0.0096570536235001 0.9998788929631129 0.45749363363558976
0.9999156827914282 0.0019211429846668253 0.012842761283476093 83.1199425583873 -0.0020459130987051373 0.9999507721972121 0.00970914114593552 0.39378909654762234 -0.012823476414156725 -0.009734597671789871 0.9998703896309881 0.46130681021862774
0.9999282994178302 0.0019740063694529113 0.011810983118242484 84.48334049044642 -0.0020816145363797204 0.9999563773324398 0.009105510040921723 0.4185326804634113 -0.011792493556834458 -0.009129443084698706 0.9998887889983943 0.44964606746486957
0.9999243402609441 0.0009859409655613772 0.012261389567574933 85.8757749087965 -0.0011201232090866326 0.999939513391151 0.010941429662740228 0.4115891017672873 -0.012249860313973909 -0.010954336104057341 0.9998649626038545 0.46626253073516216
0.9999148537296315 -4.2611119943708614e-05 0.013049271057882084 87.21662227768252 -9.32718134858962e-05 0.9999457863792404 0.01041228134328536 0.41296218614781516 -0.013049007288618965 -0.010412611905539187 0.9998606407505429 0.4669627073116994
0.9999020226917515 -0.0008732618245571315 0.013970770584688104 88.5965818453162 0.000730693860239299 0.9999476444999463 0.010206583438725443 0.43202538352901815 -0.0139789521576842 -0.010195375068864658 0.9998503104084023 0.4699738088124184
0.9998921613924429 -0.0026610943201457425 0.014442443109397317 90.0059624643286 0.0025387441570113214 0.9999607934147483 0.008483301919203077 0.4165580066824785 -0.014464451737073577 -0.008445721423679674 0.9998597148728313 0.46298978839202926
0.9998808538095364 -0.0033202211938265598 0.01507495659485275 91.36446435713205 0.003207621932402349 0.9999668249185969 0.0074873375614270665 0.4275409145144137 -0.015099316098797354 -0.0074380907122762446 0.9998583326951397 0.4757643972951899
0.9998858683144707 -0.003330012215727812 0.01473639588434661 92.74065629667132 0.0032215285303503465 0.9999675837523611 0.007379241044514777 0.4486398477380454 -0.01476049114850935 -0.007330925119520478 0.999864183495912 0.4606879699195711
0.9998841657454056 -0.003777106051453944 0.014744102600367974 94.08162688594399 0.003684922528383207 0.9999735262868091 0.006274398097341213 0.45855835888943614 -0.014767411336247175 -0.00621934043128169 0.9998716134419587 0.47029022767015766
0.9998852959377792 -0.003935437634981879 0.014625570007382007 95.44609147582376 0.0038499221387076647 0.9999753570765912 0.005870548447082927 0.4757039260551714 -0.014648312767877142 -0.005813567765565944 0.9998758069694904 0.461619541884813
0.9998945888100359 -0.0037803963290349092 0.014018554561886026 96.80694224551526 0.0037009534167626694 0.9999769711110588 0.005688601880931608 0.48535047434072726 -0.014039736899817919 -0.005636120221234222 0.999885553419308 0.4681813984650037
0.9999029835742979 -0.003042145051485891 0.013592968502249647 98.16214602071221 0.0029442523675583176 0.9999696303907281 0.007215931972169505 0.5123193523928474 -0.013614507600848381 -0.00717521077854656 0.999881573754147 0.46637686126885936
0.9998986051919881 -0.0030991281086577447 0.01389873159978214 99.51697848515035 0.002976488102962827 0.9999565331987686 0.008835849233256827 0.5163331496185029 -0.013925510895100973 -0.008793583914767174 0.9998643673160097 0.4667664746973063
0.9998817424540358 -0.003237488720816291 0.015033954032910959 100.88290103055114 0.003100658866084547 0.9999536430188227 0.009115795521019735 0.5109965839555908 -0.015062769389367405 -0.009068102346547455 0.9998454293030274 0.4631979619052522
0.9998722038657429 -0.0025419088248185033 0.015783365806711323 102.20284963061562 0.0024055786382265435 0.9999596895838944 0.00865057216009584 0.5623211249619269 -0.01580471853838158 -0.00861149852279073 0.9998380133627219 0.44879171841413823
0.9998792577647198 -0.0030900576727912435 0.015228966985712848 103.54184673316648 0.0029520713842341698 0.9999544642975694 0.009074943851259667 0.543092519871641 -0.015256315623881595 -0.009028891124604053 0.9998428496312031 0.44637290983087385
0.9999170026507677 -0.002452155068253605 0.01264811232657879 104.86768751125979 0.0023390404779209026 0.9999572100209398 0.008950252330555852 0.5112719269520192 -0.012669518520731705 -0.008919925036636299 0.9998799519131252 0.45171222368356867
0.999925205146578 -0.002215361200216934 0.012028145631243133 106.17016858731077 0.00213043093324181 0.9999727435471949 0.00706918854853546 0.5469339325125786 -0.012043478592686844 -0.007043034676091822 0.9999026704064445 0.446828645724874
0.9999181683294879 -0.001853568982034013 0.01265784052003258 107.54805661182293 0.0017695138995050728 0.9999763326633818 0.006648528683316967 0.5622910609141986 -0.012669864449203695 -0.006625586398370448 0.9998977828456849 0.45312643899471683
0.9998995442703192 -0.0015991890940035064 0.014083464142369448 108.9029043277166 0.001542359005201063 0.9999906288103223 0.004045172460518297 0.5622700649050955 -0.014089801159237875 -0.004023044342022681 0.9998926405457313 0.4283156368988745
0.9998790907870622 -0.0005835395553968534 0.015539089047472532 110.22349123383802 0.0005413924793540913 0.9999961640400331 0.0027163945594238866 0.578257854116686 -0.015540614563822512 -0.0027076533763493627 0.9998755712148248 0.44828338427508346
0.9998904754108713 -7.063799908952684e-06 0.014799903132268234 111.56204281469331 -3.105782505128508e-05 0.9999966827294554 0.0025755709068842007 0.585720030822018 -0.01479987223030305 -0.0025757484713411103 0.9998871582842631 0.42889018524569067
0.9999289955801508 0.0011811489586704127 0.011857853313649604 112.87519205975265 -0.0012270838406117565 0.9999917692248164 0.0038672662010319843 0.5826450552960475 -0.01185318789687857 -0.0038815421882245015 0.9999222147581892 0.44761333455976376
0.9999367247981036 0.0016303919778932676 0.011130508615521395 114.22508101392769 -0.0017008581075317803 0.9999785544730924 0.006324371557938556 0.5620877366674232 -0.011119958711246103 -0.006342902797871021 0.99991805369358 0.461235985103381
0.9999394521378484 0.0035186732650021673 0.010426456575167066 115.52957064988131 -0.0036105545044545985 0.9999547024971006 0.008806636707922668 0.5964654683997508 -0.010394996605581368 -0.008843748774650226 0.9999068617392226 0.4529678211360735
0.9999147755341945 0.004751509963936721 0.012159967987790838 116.90186810960753 -0.004867848358961215 0.9999424948558572 0.009555680708248334 0.5992165604050614 -0.01211386481498149 -0.009614059210678953 0.9998804049208775 0.4602122592817175
0.9998801249073747 0.0053259272396215555 0.014538580200662165 118.20433992344167 -0.005477197962967879 0.9999310750365216 0.010384867778683714 0.6100632000668271 -0.014482269079370445 -0.010463253573556354 0.9998403793641104 0.44925456064550395
0.9998675922415438 0.006277525272626762 0.015013016404082096 119.57184477746507 -0.006433906393887717 0.9999253147123269 0.010390853957614311 0.6067377801680071 -0.01494666630431002 -0.010486070470167102 0.9998333058527717 0.4515980151335199
0.9998704822944463 0.007293145054759008 0.014346730341142474 120.8859604079083 -0.007441690155796961 0.9999189741447372 0.010327942339184682 0.6043584463449951 -0.014270244703449498 -0.010433368609737375 0.9998437402592252 0.4501684382822576
0.9998627561833059 0.008623416373944948 0.014145864680699125 122.21586481428811 -0.008800752718683007 0.9998828626415888 0.012522290016062563 0.6000051769932102 -0.014036222750714183 -0.012645065666233793 0.9998215274563701 0.45138357457958606
0.9998538349452841 0.009864826960324122 0.013964022853441057 123.56588055816509 -0.010062951763028365 0.9998486818538617 0.014189799044047132 0.6047431870556405 -0.013821929931218942 -0.014328244279685454 0.9998018081944231 0.4466359230228596
0.9998413086762115 0.011025797028976962 0.013992471708618962 124.9180665143822 -0.011249905576712044 0.999808060215562 0.016040023457283024 0.5969334631212886 -0.013812931953635421 -0.01619489203023377 0.9997734385264361 0.44028731198961835
0.9998451432915291 0.012232164403020723 0.01265162402061539 126.2363150173738 -0.012431290399536773 0.9997981731643433 0.015782140420239267 0.5889466264828805 -0.012456020847121467 -0.01593697246214719 0.9997954092980207 0.4452929261033452
0.999831883301534 0.012994651429444675 0.012936157386746592 127.57681244000383 -0.013200045731742879 0.9997861200022561 0.01592083677179128 0.5806916291293182 -0.01272650487711939 -0.016088918082374472 0.9997895692537261 0.45000483529325586
0.9998111801951869 0.013927032296399258 0.013551447454891691 128.88309495018825 -0.014133389099721361 0.9997837740661231 0.015252948129962113 0.5719261720628042 -0.013336088979289088 -0.0154415959510178 0.9997918312554979 0.43733761857956105
0.9997901558782172 0.014819693686389326 0.014142874108601393 130.25399399371594 -0.0150453356211494 0.9997590504627306 0.015983707139021502 0.5637151259092517 -0.013902592745856018 -0.01619313733964565 0.9997722241681063 0.45472190181057914
0.9997856420357988 0.01516053697996737 0.01410064174229549 131.58330628794437 -0.015370691598734432 0.999770587716393 0.014916895688935759 0.5401683516111369 -0.01387125873315464 -0.015130434749108742 0.9997893068669322 0.43849983745723903
0.9997856025056587 0.01517349409312271 0.014089503163810408 132.93551500420773 -0.0153915172343886 0.9997614459426191 0.015496851420432502 0.5343811389651525 -0.013851000672174268 -0.015710387765087545 0.9997806426895102 0.45761848035639663
0.9997816278161729 0.014956050539658854 0.014594972884481942 134.2569254568415 -0.015173448311043827 0.9997738511194963 0.014900103491019116 0.520045697580146 -0.014368825546845309 -0.015118305789544305 0.9997824631800951 0.4573500076039799
0.9997911357604525 0.014478533993604362 0.014424177904499496 135.59727250530196 -0.014693870977741089 0.9997804718038866 0.014936477338630553 0.4987034844314968 -0.01420475309585164 -0.0151453046517384 0.9997843991263776 0.4723104731326165
0.9998126082226533 0.01335926823979283 0.014009939011729063 136.9444118779163 -0.01357983995684648 0.9997834429027512 0.015768806050795666 0.48918471251079404 -0.013796245350150203 -0.015956103835787633 0.999777508431061 0.4796334544538185
0.9998117360249302 0.012402900904698167 0.014921814767761369 138.2880755366783 -0.012601125180213366 0.9998326205417303 0.013264333562191706 0.47459160157039443 -0.014754800947750411 -0.013449868021833154 0.9998006785850805 0.47717580832480655
0.999820472490356 0.011187577615927112 0.01529251111651756 139.5988500681068 -0.011393590472577765 0.9998446107721473 0.013451409072529884 0.4517117866428088 -0.015139646141980722 -0.013623230783516835 0.9997925778368805 0.4810090172244934
0.9998311840719324 0.010027177649178164 0.015396722563898083 140.9791322011313 -0.010216527830768962 0.9998725380486546 0.01226907556521182 0.4495006703431252 -0.015271735867312194 -0.01242430539441044 0.9998061865777114 0.4794660115625077
0.9998485051562636 0.008766014704863044 0.015037410780429784 142.31065948104205 -0.008963825943309444 0.9998735129103037 0.013138036568184037 0.4485656643404166 -0.014920340520353868 -0.013270838956260954 0.99980061425874 0.47712318131389925
0.9998594404382446 0.007861557037063314 0.014808622065323756 143.6561912241524 -0.008060195762228715 0.9998777004413543 0.013402141783470644 0.44443113292460623 -0.014701449275331449 -0.013519618377110342 0.9998005237586857 0.47589283510460967
0.9998961287037214 0.007625008257368806 0.012230742102845277 145.00918670132052 -0.007754597904022183 0.9999139272693627 0.010583206702453394 0.40372022098431787 -0.012148992330979113 -0.010676951898129783 0.9998691937866208 0.46516696043363814
0.9999059160539876 0.006447014718419012 0.012107643926723317 146.31998948369028 -0.006559899449920203 0.9999351718982089 0.009306971586205975 0.41592221536245993 -0.012046856828350208 -0.009385520876328463 0.9998833858197851 0.497378018620357
0.9998797499836292 0.005600666332378262 0.01446091661370811 147.7254524474896 -0.005619096604586266 0.9999834511493116 0.0012341721356227086 0.4022789758586985 -0.014453765115829914 -0.001315281013846488 0.9998946738081121 0.49499650968300846
0.9998627155804333 0.004143573696874272 0.016043091632849556 149.05618914017003 -0.004048610100414603 0.9999741191920487 -0.005947243255589881 0.38350423145362955 -0.01606731926539884 0.005881474568924885 0.9998536140398347 0.4897425450109195
0.999871517556305 0.0028314417439465867 0.01577755739340731 150.32258372950733 -0.0027194115684360783 0.9999709722975216 -0.007117539116202436 0.3792742341305593 -0.015797252304533247 0.007073718965286396 0.9998501934388107 0.5079610621373439
0.9999359914990232 0.0031686267635297406 0.010861524262228868 151.64493903776628 -0.003060913825013189 0.9999461182304 -0.009919246065632902 0.38918396285754037 -0.010892369412638669 0.009885364959786447 0.9998918120717813 0.4813609463299083
0.9999503446169014 0.003800638252316342 0.00921213598549695 153.047074011844 -0.003764201127106962 0.9999850369922572 -0.003969456067124795 0.3824680285356852 -0.009227084610804473 0.003934582629603418 0.9999496887189454 0.5069243351065347
0.9999526926293433 0.004664706944030367 0.008535397615362093 154.4800076703613 -0.004661045560544822 0.9999890365532952 -0.0004488067459978959 0.38941093851097214 -0.008537397589929814 0.00040900163696824137 0.999963472112883 0.5263576526278012
0.9999294639635028 0.005174353582325457 0.010690798036966109 155.75284455264583 -0.00510791287117069 0.9999675305444254 -0.00623274281389521 0.3848918872788023 -0.010722701327680982 0.006177695516024505 0.999923426945458 0.48883894972339187
0.9998906861885305 0.005643105295567281 0.01366642001596101 157.0759852626311 -0.005418062470117226 0.9998500384078103 -0.01644826115338881 0.3666811161560613 -0.013757189847473449 0.016372417613880752 0.9997713156862309 0.487586809261434
0.9998734056106887 0.005928938916990301 0.014765515087583182 158.40078706688053 -0.005642757455290424 0.9997968755798452 -0.019348562455133195 0.3667768327936838 -0.014877232295820789 0.019262794815343473 0.9997037624692217 0.4865009773247634
0.999876168245131 0.005645741408941454 0.01468924025869846 159.75087921950526 -0.005358316643188683 0.9997948473160063 -0.019533348998955313 0.3510257188581252 -0.014796506958932264 0.01945222054951632 0.999701292635709 0.48827365517921134
0.9998698156830741 0.006761394495387069 0.014650434477278677 161.12527021456287 -0.006490168879258673 0.9998081234253196 -0.01848226286631828 0.3547394338132458 -0.014772589272500218 0.01838477297163973 0.9997218466798489 0.4803183419129671
0.9998705052950211 0.007885747606286289 0.014028101288809795 162.46847857198827 -0.00764172142071083 0.9998200161412684 -0.017364890353872738 0.35921640610646116 -0.014162511599550632 0.017255442850408774 0.9997508054296476 0.46871930721744165
0.9998814787332068 0.008683748112635383 0.01271302501421256 163.791484557505 -0.008498508581860242 0.9998579816789942 -0.014553069253327678 0.3525060059722036 -0.012837594719406773 0.014443302652939357 0.9998132761522502 0.4769752910782128
0.9998798083234797 0.009259670767763488 0.012434926790062336 165.15432851520035 -0.009079171197814716 0.9998537302801491 -0.014494367707205047 0.3517591285627236 -0.012567321009760008 0.01437972677569095 0.9998176263201676 0.4603090138747064
0.9998630940093957 0.009518371950960032 0.013534911649570467 166.50599448705066 -0.009315099474940459 0.9998440582091832 -0.015002939230823647 0.3558316925497069 -0.01367560454716591 0.014874806190165993 0.9997958381495067 0.4580431569958254
0.9998697229938714 0.009250575468693517 0.013227391793426968 167.82870774086328 -0.009048611731856901 0.9998428015291433 -0.015247782005267496 0.3359734682167846 -0.013366363225833533 0.01512610603731388 0.9997962498680734 0.444972405334594
0.9998937965279959 0.008814613224734797 0.01160595788933621 169.21708439115878 -0.008657126249532436 0.9998707104400731 -0.013550519147358638 0.33729957391801424 -0.011723899945426499 0.013448605792482991 0.9998408299185966 0.4448156267254784
0.9999264071236315 0.008265654744771235 0.008880275247180337 170.61229375970328 -0.008182749612337578 0.9999229752929576 -0.009331992823681365 0.33316682320564867 -0.008956726277342198 0.009258640986650905 0.9999170238682173 0.4479276374360012
0.9999386102471597 0.007907489094825033 0.007761916850491511 171.9643233307375 -0.007858635569020375 0.9999492465770976 -0.0063044521481414725 0.3330619217249051 -0.00781137529325334 0.006243067043537253 0.9999500020150596 0.4365514446963518
0.9999278433436479 0.008302075080138072 0.008682376142798204 173.3203924538003 -0.008265910972198042 0.9999570464186962 -0.004192855041271104 0.34319067794339947 -0.008716812601001411 0.004120784750647251 0.9999535170752277 0.4297405892081822
0.9999044286381084 0.00889399610199289 0.010584442509449005 174.72477554030135 -0.008898317391024752 0.9999603439389155 0.00036124392659802327 0.35455547737216064 -0.010580809870075272 -0.0004553931308801149 0.9999439179671976 0.445490457678492
0.9998828480611833 0.008824382736138597 0.012506815037524118 176.0712474103767 -0.008805821433829115 0.999960044636693 -0.001538388461604247 0.34818440009634105 -0.012519890651767533 0.0014280754564869507 0.9999206033173627 0.432297775737936
0.9998729124321285 0.008000822620587501 0.013789337253365962 177.49542373997033 -0.007976069295676791 0.9999664808860507 -0.0018491681800980812 0.34363716277184125 -0.01380366991360388 0.0017389484643371828 0.999903212693686 0.44289966540725056
0.9998816367780495 0.0065228984192732 0.013934282552776477 178.88332653241918 -0.0064875438777976 0.9999756249857832 -0.0025809317554458043 0.33741804768064654 -0.013950778060108996 0.002490226998580828 0.9998995822386432 0.43902369975959943
0.9999385253495804 0.0046479431497352015 0.010066883638115316 180.22105715051168 -0.004592135586742979 0.999974000583586 -0.005559716504596152 0.3122620393859864 -0.010092463151257622 0.00551314622836541 0.9999338715166144 0.4335983591240803
0.9999754377561946 0.0026917613104670713 0.006471344941693801 181.6392424536726 -0.002664686988810945 0.999987676990595 -0.004188712237084175 0.3352508243769711 -0.0064825402087896845 0.004171365244246739 0.9999702877508113 0.44760305373687137
0.9999762069693975 0.002010114001438989 0.006598858749658305 183.03336942261552 -0.002007669934289049 0.9999979135713538 -0.00037698060180788023 0.3458205276454552 -0.006599602755596342 0.0003637233019845757 0.999978156235839 0.4613225767568495
0.9999714423744366 0.0018625269497194509 0.0073243039908712955 184.36179790191844 -0.0018761956788651954 0.999996510534111 0.001859787454657738 0.3688933136075276 -0.007320814528707306 -0.0018734761710423478 0.9999714474732131 0.43852444095770654
0.9999504196593367 0.0019023936212495584 0.009774411574417989 185.810391429256 -0.001949254756866707 0.9999866425301914 0.00478697891032992 0.3766535762990427 -0.00976517429486642 -0.004805794388541805 0.9999407711016117 0.4475965632086228
0.9999195229967475 0.0022654608160145627 0.01248259657475947 187.16452200396128 -0.002341552745164653 0.9999787471471109 0.006084602274275915 0.3716779302833705 -0.012468546855937387 -0.006113341261995309 0.999903576550217 0.46292849289779125
0.999915960549546 0.002599838548691459 0.012700892795370093 188.62262234947755 -0.002661236142064709 0.9999848444772912 0.004819609727343045 0.3773081506381059 -0.012688170099542116 -0.004853004764933683 0.9999077250848083 0.45457023845042666
0.9999162141652393 0.0023705076077027137 0.012725774755861173 190.03433296469973 -0.002440065160861354 0.9999821545216644 0.005453138566079286 0.38868781592951684 -0.012712620951866715 -0.005483733389939207 0.9999041543751293 0.46143512339951
0.9999041035844025 0.0023840837639483594 0.013641839307039836 191.41331479634016 -0.0023873130342523642 0.9999971260675321 0.00022043854711693305 0.37689949529762773 -0.013641274557353795 -0.0002529847486392774 0.9999069214817786 0.4418381699708375
0.9998977376236452 0.0030760962123774845 0.013966099212311322 192.8595219748095 -0.0030658676345325657 0.9999950161554425 -0.0007537373041264118 0.3887940988696035 -0.013968348175910127 0.0007108420136028484 0.9999021851925658 0.45548576002869207
0.9998896676278101 0.0032530662969059393 0.014493796287225438 194.19957232088197 -0.0032107864683463966 0.9999905253043883 -0.002939413497330064 0.3794334319078156 -0.014503221069898193 0.0028925526998720636 0.9998906388788107 0.4518175579326577
0.9998661559700444 0.003744870227866755 0.015926270519594637 195.67501513098122 -0.003624128059373382 0.9999645260931842 -0.007603436791521779 0.37697163169983167 -0.01595417943662834 0.007544700273028855 0.9998442587004707 0.44729543735532185
0.9998530615506507 0.004153390741301984 0.01663143569091138 197.09762573336315 -0.003968978533541058 0.9999304510275959 -0.011105868590468828 0.3593568868721077 -0.016676406003427246 0.011038226900120272 0.9998000075163584 0.44515895513630477
0.9998883784726313 0.004365603864346886 0.014288880231549984 198.51014699357728 -0.004246070495874061 0.9999558290473506 -0.008385155906112229 0.36703916355188587 -0.01432485534712474 0.008323548349432502 0.9998627491121762 0.4507522505877121
0.9999518516605229 0.004896611786653954 0.008503972818782563 199.95208843816573 -0.004872536937317045 0.9999840694484228 -0.0028494268137053418 0.3796943962429254 -0.008517789882726157 0.002807853696862342 0.9999597807977734 0.43585268510490466
0.9999482306115218 0.006056166710333204 0.008176731722595561 201.40574058354707 -0.006115300326989304 0.999955190053389 0.007226409011498514 0.384252914103953 -0.00813260098599293 -0.007276038074899988 0.9999404582629584 0.42722781364780116
0.9999042944392169 0.006954023263551269 0.011960080370208525 202.81096495414425 -0.007103841814329426 0.9998962616064696 0.012530022221993193 0.4016888666609763 -0.011871705584659869 -0.012613785548226439 0.999849966255265 0.4328831619648619
0.9998800249274835 0.007919522279029931 0.01331228447287616 204.27512619456746 -0.008081821885430595 0.9998931302251765 0.012182458024165429 0.405009538576266 -0.013214382544296433 -0.01228858394487852 0.9998371721428458 0.4191185559111819
0.9998778410753674 0.007492446450211819 0.013717367555513957 205.72430855770688 -0.007665102693982363 0.9998915181828556 0.012577681291675573 0.4032574599230102 -0.013621641867009385 -0.012681289846658726 0.9998268028817151 0.41641323142112996
0.9998838325646834 0.00624880405554121 0.01390229562466986 207.1848708957804 -0.006383824332846022 0.9999326827708526 0.009688999616727494 0.38596300640542797 -0.013840815100550474 -0.009776623883582422 0.9998564144229867 0.4230410407651987
0.9998931434126044 0.005223383721155908 0.013653498414791666 208.58974848022964 -0.005322488757688822 0.9999596812930425 0.007232351052124183 0.38019382313648153 -0.013615170578638786 -0.0073042488195877555 0.9998806304150991 0.4167351644743744
0.9999012108160203 0.00478924709180692 0.01321482958460678 210.10765538684004 -0.0048971511852341195 0.9999548363003612 0.008145137800363016 0.3836474214343325 -0.013175223676489886 -0.00820904816720924 0.9998795052451385 0.4140018358620714
0.9999002726807618 0.004697656072352875 0.013318285188571453 211.56118400065412 -0.004829085490316042 0.9999397932118648 0.009853419951491728 0.3827205447445731 -0.01327119535932821 -0.00991675243409466 0.9998627572796657 0.4161519193061248
0.9998908989899329 0.004585030353628857 0.014041638571054366 212.99667685383272 -0.004746759270715541 0.999922534555882 0.011506222827968066 0.3971968042543783 -0.013987794448364465 -0.011571619765498666 0.9998352060327106 0.4084937003210084
0.9998958090205181 0.0039105955957089026 0.013895263412049571 214.4172996306237 -0.004067213925414521 0.9999283210055997 0.011261022236331521 0.3976606004361445 -0.013850230109580692 -0.011316363948241542 0.9998400427232861 0.4155629987273626
0.9999032495282318 0.003765759635336748 0.013390692187167885 215.91676850059625 -0.003932551999492653 0.9999147451347713 0.012451405416119797 0.3970965524607079 -0.013342661565590911 -0.012502860330106847 0.9998328119570351 0.4207327871306494
0.9999113675563298 0.0034634750593182996 0.012855402449699816 217.3928385928495 -0.003616656955625622 0.9999225125756553 0.011911701677502393 0.3989340405633684 -0.012813150436001003 -0.011957139494961517 0.9998464132010488 0.4073127583776503
0.9999120940085645 0.0028501576286230645 0.012949164332096556 218.88540448368994 -0.0030171758452986358 0.9999122805327867 0.012896817035232811 0.39070837637048017 -0.012911270476842563 -0.012934753233584572 0.9998329816791703 0.41764246949263373
0.9999165040211508 0.002820621284909671 0.012610673324091578 220.36590769913067 -0.00300726675024263 0.9998858596853588 0.014806213154076799 0.40590778030611324 -0.012567471217899228 -0.014842900553402162 0.999810855597372 0.42072739994332475
0.9999180649799008 0.002598967169546881 0.012534300798306619 221.8199705779092 -0.0027844332565056355 0.9998865673929613 0.014802002518611393 0.40813262686365437 -0.012494409081300239 -0.014835690640227373 0.9998118783175846 0.43064150100998977
0.9999226317034589 0.0022849819573219523 0.012227406294209512 223.3025614535879 -0.002488622937062938 0.9998580279392437 0.016665254913250372 0.4134320470400695 -0.01218759053734927 -0.016694394954630865 0.9997863570853489 0.4300023249672835
0.9999249050896746 0.0017693561931769305 0.01212656423176335 224.79646194403986 -0.0019614307443793556 0.9998725265968971 0.015845609681306248 0.40777206494588536 -0.012096981889728497 -0.01586820517257605 0.9998009117288105 0.426972392873969
