1.0 -2.1684043449710093e-19 -2.5135375298442207e-37 0.0 2.1684043449710093e-19 1.0 2.3183291766350204e-18 -8.673617379884035e-19 -2.51353752984422e-37 -2.3183291766350204e-18 1.0 0.0
0.9999995857635666 -0.0006152775129160713 0.0006707505328924233 1.3302790497131434 0.0006154315391537021 0.9999997842982297 -0.0002294504623799802 -0.004071581783158486 -0.0006706092125005154 0.00022986316836608514 0.9999997487230724 0.012397516479428305
0.999999217193291 -0.0006210757537988715 0.0010862217606801418 2.6294791528403163 0.0006217270636030608 0.9999996271021652 -0.0005993754990406681 0.006191253049562397 -0.001085849098040524 0.0006000503633111957 0.9999992304353528 0.022155619224520043
0.999998824151936 -0.0011343972748822822 0.0010319096706287434 3.952671734873714 0.001135820611314407 0.9999984030525517 -0.0013797839995274511 0.00017724698201492038 -0.0010303427995142379 0.0013809544413840211 0.9999985156781716 0.04933904280113028
0.999999190285924 -0.0006511173614842013 0.001093377189241457 5.271533853577442 0.0006532082803445145 0.9999979567157584 -0.0019130821337778004 0.010117371511441684 -0.0010921293141698282 0.0019137947877618205 0.999997572318589 0.05422466591599962
0.9999983296324912 -0.0009520590983113773 0.0015602293743825957 6.592105259554778 0.0009556133743699159 0.9999969467334826 -0.0022788871825860017 0.0072274575931801 -0.0015580549753102814 0.0022803743520641404 0.9999961861714816 0.06393847207916793
0.9999967779200183 -0.0006886013715109076 0.0024433537879078975 7.923513699474965 0.0006972606556675414 0.999993473608603 -0.0035449355111674607 0.012520608498258003 -0.0024408967941698485 0.003546627743565898 0.9999907316842936 0.0848713027124766
0.9999963038285676 -0.0005286953932989305 0.002666985261298298 9.24173520267524 0.0005376819200964149 0.9999941771367574 -0.003369954114230357 0.03096824598251967 -0.0026651880525920294 0.003371375648058396 0.9999907652568018 0.08977360924427381
0.9999968236796574 -0.001103652225761085 0.0022659616856556325 10.572508239065083 0.0011108484803023088 0.9999943363040057 -0.003177007328438279 0.02299196802590134 -0.00226244254072822 0.0031795143773402064 0.9999923859920505 0.11365430897818136
0.9999995867375021 -0.0009052026580943804 -8.445692704666351e-05 11.89134733553901 0.000905143657995819 0.9999993481322339 -0.0006960244720163213 0.04859445955888119 8.508691519408305e-05 0.0006959477387236193 0.9999997542084507 0.12387662150518004
0.9999992432251746 -0.0009667080529004008 -0.0007609366717407036 13.230386851129177 0.0009682699923396068 0.9999974197752172 0.002054968644566034 0.04326652218779711 0.0007589481536158852 -0.0020557038815628144 0.9999975990367433 0.1424756570081817
0.9999992591180087 -0.0007968287584405442 -0.0009202322332624774 14.571590528672516 0.0008019323221524367 0.9999842272883032 0.005558963857220548 0.06602796678464443 0.0009157881764362032 -0.005559697702656076 0.9999841254207343 0.1508605325647515
0.9999999009502751 -0.000440339219904758 -6.481366540587674e-05 15.92659150878637 0.00044070562532807085 0.9999832785450666 0.0057661433221306915 0.08528180949184509 6.227352257476554e-05 -0.0057661713147427246 0.9999833735569693 0.16605601489539246
0.9999964623415848 -0.00019486515098831976 0.0026527969934070188 17.26766639602461 0.0001835783395106864 0.9999909337345758 0.004254262291445013 0.0745320450854455 -0.0026536019499091264 -0.004253760245251108 0.9999874318812548 0.18693982383824015
0.9999860931148243 -0.0001515283187444135 0.005271680578203326 18.63314968810264 0.00015177413492247342 0.9999999874137205 -4.622954220297482e-05 0.08054424173638958 -0.005271673506767676 4.702900405338409e-05 0.9999861035267994 0.2130006873503198
0.9999947197052735 -0.0003660494581884069 0.0032290198769208624 19.965167035634906 0.0003733086141650694 0.9999974040534194 -0.0022477827076482332 0.07404122211425186 -0.0032281886949154944 0.002248976259628421 0.9999922604218163 0.23339473023652318
0.9999992793773982 -0.0001912767820120891 0.0011851826345173444 21.323333244153527 0.00019497083414311364 0.9999951214784288 -0.0031175319912162772 0.0876722901271691 -0.0011845805410911966 0.003117760820699126 0.9999944381527363 0.22866800329166395
0.9999999655985551 0.00013320309258638255 -0.0002259642116817063 22.67070146302381 -0.00013347182521886148 0.9999992834316224 -0.0011896728600450923 0.09236934450979958 0.0002258055816587736 0.0011897029789743943 0.9999992668090619 0.2630525810259415
0.9999996292528869 0.0006321119007937128 0.0005847466406687088 24.043915719033905 -0.0006327478158573219 0.9999992079860077 0.0010879602744284283 0.09682437114321615 -0.0005840584649041304 -0.0010883298682300105 0.9999992372066129 0.24278640973184604
0.9999833550265514 0.001596193542630803 0.005544532082736286 25.43422331706665 -0.001607460948993659 0.9999966510207624 0.0020283038621220664 0.11063014734153245 -0.005541275948686246 -0.0020371827198615773 0.9999825719218443 0.2655526180754307
0.9999778155458832 0.0017440469245744966 0.00642858587937162 26.799818597018238 -0.0017459161467071743 0.999998435227141 0.0002851667548230673 0.09957199131472819 -0.006428078475893175 -0.00029638420044156787 0.9999792957674241 0.27314675352556295
0.9999792345209491 0.0016263352241226122 0.0062358287849714695 28.178939833342564 -0.0016023072296264952 0.9999912808292837 -0.0038562776028777963 0.1007413279942628 -0.006242046013815291 0.003846205811881146 0.9999731214199779 0.30478152347816706
0.9999916744839498 0.001578691208957874 0.003762804386773582 29.5313527386413 -0.0015632786093106577 0.9999903916035663 -0.00409546829262647 0.1082674874499925 -0.0037692337120474664 0.004089551884130602 0.9999845341017085 0.30028885078872564
0.9999960670318631 0.0024348555796250837 0.00139190485021813 30.918466093014576 -0.0024285199495921108 0.9999867657643277 -0.004535480906612498 0.11304229538753123 -0.0014029296704130571 0.004532082800013919 0.9999887459435899 0.3248073550952131
0.9999952277985272 0.00298460129462875 0.000797831613619095 32.29498138684897 -0.0029832034344575986 0.9999940232482714 -0.0017475597284283934 0.1294677645112845 -0.0008030426142055276 0.0017451712947114163 0.9999981547481535 0.32551098204566087
0.9999938210348361 0.003271719332482228 -0.0012859800766023238 33.681989731638126 -0.0032724086563322916 0.9999945029218045 -0.0005342918296170596 0.1195900329644695 0.0012842249545611394 0.0005384967805810014 0.9999990303932716 0.34960018510385593
0.9999930612336365 0.00356792399563303 -0.0010711689604482693 35.079994619704976 -0.003568001789076624 0.999993632160497 -7.07226244921561e-05 0.13755732197177445 0.001070909806467289 7.454406653167092e-05 0.9999994237975182 0.3490370067844088
0.9999949131971947 0.003097626992468402 0.0007604516753069393 36.469012393205276 -0.003097485480652329 0.9999951852590051 -0.00018719643451480038 0.13266544746314052 -0.0007610278786575305 0.00018483999426045116 0.9999996933353252 0.3792809296500902
0.9999939285760663 0.0029070230514938924 0.0019214650617240217 37.87139665695426 -0.002908649793360193 0.9999954133925348 0.0008443638275182954 0.14491577642149134 -0.001919001663607582 -0.0008499475699822766 0.9999977975084463 0.3781445819513775
0.9999945634601551 0.002277261317471326 0.0023847706442392236 39.273358985035614 -0.0022842793344197585 0.9999930566450361 0.0029442706465076605 0.12795427494777603 -0.0023780492122786752 -0.002949702122162943 0.9999928220439057 0.39258963770062594
0.9999914444555699 0.003207743885212318 0.002611780011747445 40.65779263936663 -0.003222296253680023 0.9999792019726592 0.005586808478637309 0.16154136857575283 -0.002593804641140152 -0.005595176609396439 0.9999809829072718 0.4151624278797561
0.9999915055269533 0.0029343331474735706 0.002894574738527893 42.087441806602556 -0.0029576520091126 0.9999629422927123 0.008084945014935662 0.1622099318920439 -0.0028707435500716833 -0.008093437482379083 0.9999631268707804 0.42416514477497946
0.9999933191920207 0.002455701816262508 0.002707600397937587 43.48237111831599 -0.002478619368147885 0.9999608573362495 0.008493541156703692 0.15715147708843333 -0.0026866368108006224 -0.008500195523773693 0.9999602635398591 0.4258642479909631
0.9999934951185088 0.002205612728131748 0.002853943440656531 44.90373938517983 -0.0022280164950234985 0.9999665419720756 0.007870888063419297 0.16837648967532304 -0.0028364878224428217 -0.007877195497286861 0.9999649514497648 0.44384259656772745
0.9999955427008791 0.0016499072813648118 0.0024884501877998877 46.29126210033539 -0.001668138013975965 0.999971656185361 0.007341943984563967 0.1717395142264434 -0.0024762661287895216 -0.007346062337677654 0.9999699512856325 0.46144425037661
0.9999950013258573 0.00038098180907391514 0.003138817637250312 47.73462965517067 -0.00040344739734237247 0.9999742867766253 0.007159819535240654 0.1673129186237363 -0.003136009167132094 -0.007161050093442358 0.9999694419371339 0.47695164922997807
