1.0 -2.1684043449710093e-19 -2.5135375298442207e-37 0.0 2.1684043449710093e-19 1.0 2.3183291766350204e-18 -8.673617379884035e-19 -2.51353752984422e-37 -2.3183291766350204e-18 1.0 0.0
0.9999997020583193 -0.0004323957071440895 0.0006394663595962498 1.3247212585346702 0.00043248502773059536 0.9999998967414949 -0.00013954820044087142 -0.0004178327927889505 -0.0006394059535230991 0.0001398247184899088 0.9999997858045144 0.010060000843899089
0.9999987074644342 -0.00024158836977259733 0.0015895611094783968 2.613981800248869 0.00024326530018670245 0.9999994140505866 -0.0010548556665219608 0.008220035459137999 -0.0015893053372151768 0.0010552409881439573 0.9999981802858454 0.02294756843140217
0.9999981854126145 -0.0010695256041784982 0.0015764791340686013 3.946376409240551 0.0010729392572826689 0.9999970783750604 -0.0021661123455498903 -0.0044652755805881655 -0.0015741578155727537 0.0021677998813009816 0.9999964113289839 0.04856712802090189
0.9999992140723485 -0.00023162201580166573 0.0012321549930852179 5.261504585093322 0.00023598315231923282 0.9999937046682243 -0.0035404711369917 0.008030336863198683 -0.0012313271851991 0.0035407591222569486 0.9999929734044141 0.05643542905891244
0.9999986786404027 -0.0006059041560190171 0.0015085084031475355 6.578686144211375 0.000611034880811504 0.9999940229044193 -0.0034030562455103406 -0.0005362011451896618 -0.0015064374607263043 0.003403973500101631 0.9999930717812937 0.06701855884621677
0.9999964007407639 -0.00032218632900401063 0.0026635880851137808 7.914519605308064 0.00033537652696464496 0.9999876771916502 -0.004953078581365427 0.0013096770441108588 -0.0026619594480228864 0.004953954058872845 0.999984186030499 0.09258837278368849
0.9999955913830718 -0.0003372223631165962 0.0029501687237102345 9.23126953704185 0.0003522280752088147 0.9999869973126375 -0.005087351082634867 0.0013902129952923395 -0.002948414795034564 0.005088367786703857 0.9999827075322171 0.09207316642843065
0.9999967709076812 -0.0008797866611196194 0.0023841454740295047 10.564911828639238 0.000890909369485297 0.9999887068366047 -0.0046682416122798215 -0.005207893398571338 -0.0023800114927837405 0.004670350595637718 0.9999862615909322 0.10447270496197175
0.9999996699554657 -0.000811356495713036 4.230362200315478e-05 11.893474920736374 0.0008114389841876933 0.999997695125153 -0.0019877905213037156 0.012971493415676869 -4.069071774702391e-05 0.001987824192052385 0.9999980234476702 0.11626718442425923
0.9999995672235772 -0.0006875402886558154 -0.0006267703006107706 13.222852468342811 0.0006882161381686819 0.9999991813521482 0.0010787277601851015 0.0016834105746113867 0.0006260281187109917 -0.0010791586467729655 0.999999221752402 0.13115808987520805
0.9999994923391432 -0.0006514713182078126 -0.0007687044798412495 14.573988289733524 0.0006546333170136666 0.999991297022427 0.004120356128364732 0.01401593818885345 0.0007660134959849697 -0.004120857256184652 0.9999912158408184 0.13508870989546778
0.9999999997851833 -1.9968865913687212e-05 -5.556792473124243e-06 15.920904511864896 1.99929499554566e-05 0.9999904580699047 0.004368451604879348 0.03261515509629644 5.469506426250642e-06 -0.004368451715037605 0.9999904582543265 0.15430624486408975
0.9999971471579985 0.00010548767521758223 0.0023863252533105625 17.260324747582764 -0.00011429293314798843 0.9999931852243797 0.003690046331005067 0.02131614234003801 -0.002385919736630501 -0.003690308543998552 0.9999903444583155 0.18099544501513673
0.9999882643353537 0.0005138984922758467 0.004817374794050543 18.617822844548726 -0.000508103120491899 0.9999991459131508 -0.0012041611968816401 0.022164226103492533 -0.004817989496217617 0.0012016993420842174 0.9999876713719552 0.1818410182319432
0.9999946445663018 -4.733628916283057e-05 0.0032723994241844034 19.960285370130357 5.9609473633791825e-05 0.9999929649998971 -0.003750519620701704 0.004665567797126825 -0.003272198867172841 0.0037506946010497366 0.9999876124255657 0.20603294244090245
0.9999997099286584 0.0002998580669956499 0.0007001626515455388 21.312027619977645 -0.00029653261857685273 0.9999886993113956 -0.004744820113494588 0.007238578499078052 -0.0007015775118129158 0.004744611116093761 0.9999884981610299 0.1863117898904882
0.9999997348661886 0.00042132285365831934 -0.0005939314818795025 22.676599685528874 -0.000422770219119018 0.9999969364924652 -0.002438907752746237 0.005488445227081814 0.0005929020947917361 0.002439158202652065 0.9999968494822213 0.23575571134620185
0.9999991280700021 0.001172700301812038 0.000607151741791836 24.044388836314972 -0.0011724514879779052 0.9999992286289101 -0.0004099988940355526 0.001544106969664038 -0.0006076320792793132 0.0004092866805821256 0.9999997316337986 0.20481012952461466
0.9999850060651587 0.00210512304626257 0.0050553043256133245 25.442903966159626 -0.002108523482911385 0.9999975543420838 0.0006674118467703157 0.008045836126345782 -0.005053886978008297 -0.0006780610675243922 0.99998699914529 0.23166085221289043
0.9999779535038243 0.002290078056819119 0.006232820292368076 26.800872514236595 -0.002281898800051899 0.9999965264723484 -0.0013190834333858027 -0.003172338420209759 -0.006235819446520353 0.0013048316870718395 0.9999797057791218 0.2332331855780753
0.9999831050363704 0.0021764243298584072 0.0053900666930764935 28.184269537615663 -0.0021511964622244837 0.9999867263687398 -0.004681820170853736 -0.0038694243857387194 -0.005400184774646609 0.004670145979270929 0.9999745135456863 0.2759222269951276
0.9999922375040167 0.002542808019172146 0.0030098270860291626 29.531449265092675 -0.0025281689690966024 0.9999850059104434 -0.004857603931372476 -0.0031467376867944947 -0.003022133910642941 0.004849956872800225 0.9999836721791802 0.2615556071700738
0.9999950956552788 0.002989553303342195 0.0009334004693340907 30.92114803322794 -0.002984266522843463 0.9999797831603462 -0.005614928664508871 -0.009825594015556794 -0.0009501677274634828 0.005612115611190076 0.9999838005386169 0.2937277889684284
0.9999938422701705 0.0035081139525173924 -9.251074270419394e-05 32.30840813140623 -0.0035083913987913086 0.9999887506803141 -0.003192131359667189 -0.006601294886299936 8.131134146015812e-05 0.0031924362672786947 0.9999949008565719 0.29912046499076694
0.9999884849609464 0.004093882829240713 -0.002504010561351769 33.69584828638327 -0.004098570879288752 0.9999898524330266 -0.0018699592832247872 -0.018414435269837486 0.0024963297575359227 0.0018802006153388002 0.9999951165797699 0.31222543907509004
0.9999867698548718 0.004503015813502464 -0.002486556615650048 35.09298293102274 -0.004506863355057155 0.9999886522011529 -0.0015439079053845039 -0.007931701571154002 0.0024795761569932143 0.0015550940501501995 0.9999957166831149 0.3125117068656873
0.9999925739790964 0.0037421777742758576 -0.0009209191968775775 36.49282079165424 -0.0037430636142467243 0.9999925319180083 -0.0009620722379051458 -0.025696383118162865 0.0009173120740315709 0.0009655121526740901 0.9999991131620277 0.3501837652140461
0.9999931670105413 0.003679344240516578 0.0003582711090902988 37.885275505084905 -0.0036794482791737484 0.9999931887088167 0.0002901660452456368 -0.01999228103186393 -0.0003572010480340842 -0.0002914823025599283 0.9999998937227337 0.36630721800816085
0.9999947203821073 0.0031992276832531973 0.0005693418494631373 39.27913156282727 -0.0032003806263285386 0.999992806537848 0.0020357888900518735 -0.03018203387264577 -0.0005628248017497783 -0.002037600252489204 0.9999977657042308 0.37382432439539187
0.9999924992804115 0.003834083801079724 0.0005488026262864434 40.67708561580268 -0.0038368540754622144 0.9999794339300153 0.005139092119205897 -0.025345923021396623 -0.0005290876297267196 -0.005141159247910263 0.9999866441847449 0.4028020840212888
0.9999916762885868 0.0038670477199784833 0.001301266872668558 42.09295709685526 -0.003877392315899977 0.99996013476659 0.00804330195951311 -0.023521439756542434 -0.0012701111648573166 -0.00804828053156181 0.999966805448118 0.42943860054500804
0.999992718503324 0.003557372458342538 0.0013813187627200693 43.48630428503271 -0.0035691998015736546 0.9999561624844884 0.008656438186217509 -0.029682465611468596 -0.0013504640343463873 -0.008661305357045443 0.9999615782800877 0.4291283374277214
0.9999941120494549 0.003245473157343491 0.0011147961281304738 44.911927708890076 -0.0032540532263297456 0.9999644178668756 0.0077829388897086675 -0.021326059337114168 -0.0010894971420544418 -0.007786520670086831 0.9999690910682348 0.4516995477850598
0.999996434287634 0.00253461500472982 0.0008409154510508049 46.30563443998768 -0.002540837731277482 0.999968771733118 0.007483294874758298 -0.032724921231727155 -0.0008219219192442943 -0.007485404821188067 0.9999716461775412 0.4692788032546103
0.9999985153629259 0.0015032967887800845 0.0008422414789849566 47.73875701532828 -0.0015091524699777932 0.9999743920867327 0.0069955435522889 -0.04091760043566047 -0.0008317035327802854 -0.006996804237253917 0.9999751761917388 0.49594862627276853
0.9999981411096875 0.0004157065873064052 0.001882807797643666 49.14854456755916 -0.0004298121529787334 0.9999718004305626 0.007497573285558926 -0.04857588508191128 -0.0018796379126708195 -0.007498368602065728 0.9999701202684131 0.5102705387436738
0.9999977710272986 -0.00017355759661744313 0.0021042381507884733 50.567918832578194 0.0001570196963677308 0.9999691213749012 0.00785694861400318 -0.02968016292557591 -0.0021055368079256898 -0.007856600694243682 0.9999669197229885 0.5265701150569173
0.9999964794949955 -0.0010439605016268408 0.002439496687064191 52.002783213695125 0.0010234656517941435 0.9999643008668784 0.008387461467860784 -0.020771599969185817 -0.002448165777628573 -0.008384935198693835 0.9999618489452681 0.5431176222148035
0.9999906133345373 -0.002928334946080825 0.0031934459850711315 53.4314020666026 0.002898487132121291 0.9999524462524951 0.00931149859022715 -0.04976737916386568 -0.0032205613114692313 -0.009302155024210074 0.9999515477745633 0.5658780482075408
0.9999857277689703 -0.0032488627464947735 0.00424136171732157 54.87260925801684 0.003222996612819822 0.9999762544990781 0.00609120109901652 -0.026872566639062883 -0.004261050480395004 -0.006077444269538515 0.9999724536805772 0.5616525617121276
0.9999808801016123 -0.0035389764454129453 0.005071003542048084 56.265019804642364 0.0035186295905369792 0.9999857465512182 0.004015711668872371 -0.025560971003294596 -0.0050851427717665335 -0.00399779190575654 0.9999790792725961 0.5727319949728692
0.9999827519746578 -0.003748337207485348 0.004521694524065792 57.68564418916978 0.003738038186095096 0.9999904051712201 0.002283995625740317 -0.003193427218995852 -0.004530212324966735 -0.002267053964529068 0.9999871687389857 0.5844737700972867
0.9999803547327416 -0.004173254263958672 0.004676975243535578 59.15278891903622 0.004166364754613861 0.9999902227212384 0.0014818456935836383 -0.016849977634169427 -0.004683113634304137 -0.0014623305975160839 0.9999879649455345 0.6049382270688194
0.9999801652650616 -0.003959510532698896 0.0048980968550352355 60.54910528104728 0.003957593814587933 0.9999920883140474 0.00040094950947913374 -0.030930542282901024 -0.004899645666637017 -0.00038155687893514956 0.9999879238704282 0.6088879804188618
0.9999770483657043 -0.003191936641721365 0.005976142760095832 62.015717642014785 0.003197240431613141 0.999994503237471 -0.000878150594293678 -0.008165179711229867 -0.005973306909599365 0.0008972376045600518 0.9999817571182211 0.6303490699262814
0.9999782103516475 -0.002425553050496325 0.0061396672805345475 63.40366332037771 0.0024437313713542587 0.999992647958114 -0.002955030745041906 0.005841034969995919 -0.006132454557605587 0.00296997005350422 0.9999767858700422 0.6498116377959484
0.9999850321089736 -0.002034428997094661 0.005079040920390775 64.80982090330573 0.002054012400259754 0.9999904657615956 -0.003853494383913786 0.007780006779894084 -0.005071152834888998 0.0038638691182616863 0.999979676755664 0.6615182229610754
0.9999882008236194 -0.0019289527427675676 0.0044584027248357975 66.2800674286571 0.0019520323286570532 0.9999846882684075 -0.005178107619975453 -0.018439077014204466 -0.004448346134074046 0.0051867494688233795 0.9999766546508069 0.6558394223569326
0.9999917161142255 -0.0011277146483460777 0.003911005318077171 67.63202791625174 0.0011417661571196547 0.9999928953374694 -0.003592442710373335 -0.01961649614362757 -0.003906926281436399 0.003596878404500767 0.9999858990969696 0.6696456730582389
0.9999855025830702 -0.0005929900180763294 0.005351914285858301 69.10346150692274 0.0005883764774497894 0.9999994540307762 0.0008635689146886675 0.004155370303939897 -0.005352423451624143 -0.0008604074546949371 0.9999853055231395 0.6864964768657693
0.9999775444845191 -0.00030821199684663824 0.006694440385619307 70.45073871751278 0.0002740506395065647 0.9999869407190208 0.0051032624526423445 -0.008860401651266428 -0.006695925847752274 -0.005101313240584519 0.9999645699624877 0.7117820942028524
0.9999716571941138 0.00064823340399245 0.007500973397611029 71.89619204014042 -0.0007121844002075791 0.9999633979812216 0.008526165095121318 -0.0006215473150054407 -0.007495171901819261 -0.008531265515919222 0.9999355178744572 0.7248961049083752
0.9999771845375749 0.0012283490218752227 0.006642406415245973 73.27800464309861 -0.0012973988199187565 0.9999450664598398 0.01040100086186508 -0.0051350624974999416 -0.006629265465111205 -0.010409381408465293 0.9999238459093204 0.7104004242513628
0.9999762984591861 0.0023289813894216064 0.006479071349537142 74.6659565756466 -0.0024137193571666755 0.9999112545644063 0.013101792026286372 0.012682766188000752 -0.00644798253173069 -0.013117120153560768 0.999893176634458 0.7266636678953327
0.9999745161492757 0.0029290337955075 0.006510592372957481 76.14313890150079 -0.003032755362703701 0.9998677308154894 0.015978838155326528 0.014961631774546043 -0.006462928665243732 -0.01599817598693369 0.9998511333784441 0.7502196061989402
0.9999731474496021 0.0028665094005639376 0.006744442422676841 77.52887957092653 -0.0029744393907529727 0.999866805206762 0.01604757165223978 -0.020073350360882404 -0.006697543583065479 -0.016067201669223898 0.999848482491459 0.7472135317739486
0.9999658668043786 0.003589911508924755 0.007441623581305038 78.90593315795209 -0.003698528252896886 0.9998860794422069 0.014633831571226845 0.015518791444088293 -0.007388241667018557 -0.014660855126854016 0.9998652275241994 0.7761625658390588
0.9999781832836895 0.0031154970997876092 0.005824657455448649 80.32409084104279 -0.003197334404970785 0.9998955621624329 0.014094034928829546 0.006515926673138651 -0.005780139215874359 -0.014112350820947308 0.9998837090106787 0.7732533270298024
0.9999812732093823 0.002577854699499466 0.005550486076993198 81.69391569011945 -0.002650325421375579 0.9999108213776274 0.013089120179725383 -0.011835986362631787 -0.005516249242323735 -0.013103585656863254 0.9998989284108819 0.7832494840219699
0.9999813151445185 0.002379226700288757 0.0056310427229466185 83.07127816749816 -0.0024521655646401255 0.9999127269488964 0.01298173215196737 -0.014913228037714344 -0.005599664800915334 -0.012995297839236438 0.9998998779818842 0.7917554742173445
0.9999830394798512 0.001848940118513106 0.005522877246189853 84.48937412115465 -0.0019233385130134628 0.9999070730090065 0.013496151878428357 -0.0138780000458892 -0.005497410445172166 -0.013506545339182734 0.999893670202686 0.8103014812906124
0.9999859561151532 0.0010030638890780675 0.005203982638081779 85.8673983497743 -0.001069712195039634 0.9999172451937854 0.012820237123049609 -0.0376366223956716 -0.00519069246659947 -0.012825623840806474 0.9999042754608121 0.8020000639460779
0.9999854459140957 -0.0006962766323172478 0.005350061573352381 87.2152130095983 0.0006260163986080974 0.9999136927985646 0.013123073474094553 -0.0578271809484696 -0.0053587371139146725 -0.013119533253477401 0.9998995758493724 0.8057420177377514
0.9999791003105118 -0.0017721693514760803 0.006217584576736989 88.60874570136181 0.0016976486832196967 0.9999269117603796 0.011970343616551712 -0.050072547168743715 -0.006238343620509475 -0.011959538165817555 0.999909022119379 0.8121432583668919
0.9999737866860953 -0.0025048019288013276 0.006793519556850885 89.97242293075438 0.0024403272127375792 0.9999520636547228 0.00948236235103395 -0.044372989973876564 -0.006816945339858222 -0.009465535376248235 0.9999319641336977 0.8261839369647054
0.9999660273224072 -0.003485006044670596 0.007469868399854103 91.37911903415551 0.0034307319551828293 0.9999677151323729 0.007266276294856178 -0.03616343316976161 -0.007494950252951442 -0.007240402323773924 0.9999456996731851 0.8493607667903841
0.9999641599127072 -0.004064461160419285 0.007426913595119114 92.72861353596537 0.004030650005898937 0.9999814716193639 0.0045618284164785855 -0.03019818796734438 -0.007445317360856346 -0.004531729630823946 0.99996201461653 0.859895735118747
0.9999697032843706 -0.0039603869984270925 0.006701331822135832 94.08277110045549 0.003935180131280025 0.9999851487884026 0.003770485376007015 -0.0038196542840490556 -0.0067161648804998555 -0.00374400019484421 0.9999704373589446 0.865170361546547
0.9999705632557756 -0.004429256033399114 0.006265326241903829 95.4694959363032 0.004405669029967387 0.9999831752701996 0.0037734939946138593 0.003835825605784663 -0.006281934600525338 -0.0037457799614497096 0.9999732528573727 0.8831696969498285
0.9999789052428955 -0.004209388754263988 0.004946727760434083 96.8272553170641 0.004189689138362857 0.9999832790512904 0.003985990811966373 0.009137822794300934 -0.00496342363135141 -0.003965181476890045 0.999979820677253 0.8673484096958001
0.9999823671744426 -0.0040605343705727385 0.004333289838428651 98.1800461302171 0.004036504257083181 0.9999765079153409 0.0055398782317537115 0.021334339744697787 -0.004355682906385739 -0.005522289205167249 0.9999752658682881 0.8855421825764312
0.999983864599544 -0.003654043633217525 0.0043495408593601384 99.5025262580299 0.0036196666710303074 0.9999623586146078 0.007885389470482913 0.04854890986573745 -0.00437819069380643 -0.007869518348483146 0.9999594502414644 0.891927802846439
0.9999754208590906 -0.0036367656740919577 0.005994298383972952 100.8753348506608 0.0035924942378098303 0.9999663150741869 0.007379884965446541 0.048667282051380246 -0.00602093537879767 -0.007358169091809945 0.9999548018209525 0.9132343926134688
0.9999650417142636 -0.0035682281644243093 0.007561950618583123 102.19842415655724 0.003518671161498231 0.9999723141279766 0.006556670709777088 0.07202442834874752 -0.007585136956477533 -0.0065298334822426534 0.9999499122316305 0.9268972123825503
0.9999716074301928 -0.003533048414819243 0.006655967425932063 103.55063119297095 0.0034913079141716485 0.9999742338300319 0.006272355625216828 0.0755385347664086 -0.0066779564632429185 -0.006248939505171258 0.9999581769516842 0.9471542617723827
0.9999860792551375 -0.0034352385762892964 0.004005050793903236 104.87079025806212 0.003405375351241495 0.9999665279380703 0.007439517605173584 0.087515321882829 -0.004030473254461307 -0.007425775340293074 0.9999643059359372 0.9505976935528735
0.9999897504377251 -0.003686428636761261 0.002628547774409631 106.20697668528457 0.0036701635616510743 0.9999742544695642 0.006166060125402661 0.1022356340166484 -0.0026512108416751794 -0.0061563497257237166 0.999977534967225 0.9619365102197281
0.9999882801008027 -0.0033625328814511205 0.003483250444626168 107.54524030257194 0.003344557697819853 0.9999811275209896 0.005153497419863311 0.11263360408712106 -0.0035005135115840275 -0.005141787089305027 0.9999806540282086 0.9687167269060815
0.9999798753387075 -0.0027027016400017765 0.005739714403020388 108.90806721856816 0.0026957956480812774 0.9999956335689094 0.001210590326707714 0.12042140939863254 -0.005742961205414331 -0.0011950928668785332 0.999982794926809 0.9808283263925862
0.999969759784463 -0.002040243502247884 0.007504460210755786 110.25117840510714 0.002047420770293647 0.9999974538801224 -0.0009488421691816551 0.1336826325621451 -0.00750250523443014 0.0009641782636952922 0.9999713909785036 1.021694007291915
0.9999814790701864 -0.0013841418909590947 0.0059266911365294305 111.55156842571266 0.0013873920596600025 0.9999988894294782 -0.0005443189163756628 0.13959466364725046 -0.0059259311399067665 0.0005525314793060947 0.9999822888677026 1.0218967160261139
0.9999931100253441 -0.0005672924475243525 0.003668525741906016 112.8974069189142 0.0005661766554210708 0.9999997931533104 0.00030518409363591137 0.14916298037883122 -0.0036686981117150354 -0.0003031049572903624 0.9999932243678203 1.0304916579490309
0.9999987003295654 0.0003051332474576115 0.001583108613228378 114.25505251026995 -0.0003107465404204934 0.9999936621316183 0.0035467073719609218 0.15630141607208975 -0.0015820163613561654 -0.0035471947079348813 0.9999924572885219 1.0534853521992658
0.9999982962936523 0.0017408294089333773 0.0006139403568501697 115.51874239869153 -0.0017446812263975525 0.999978442006836 0.0063302139773503885 0.17687119708423416 -0.000602907298871541 -0.006331274322739377 0.999979775529605 1.0535264019801647
0.9999926315061539 0.0031436638197589626 0.0022032501414788967 116.91978800289294 -0.003162583842290308 0.9999576983518903 0.008637104273448841 0.18377421271828337 -0.002176004788154787 -0.008644008594297118 0.9999602722701456 1.0528200735972546
0.999980324466194 0.00428835169217296 0.004578287916871861 118.20821282077748 -0.0043281946195866524 0.9999525394373627 0.0087284365212088 0.1821132917905376 -0.00454064002322566 -0.008748080505689674 0.9999514256580895 1.0626508367497502
0.999970737983121 0.005168947027719765 0.005639606734246875 119.57024487934493 -0.0052146535610481815 0.9999534339226397 0.008120183160462206 0.18761437778472928 -0.005597371323271595 -0.008149354142865156 0.999951127536403 1.0927853628325308
0.9999704055185239 0.006079848942854539 0.0047141832750770725 120.88011050972864 -0.0061195368361742185 0.9999455677404652 0.008450610931132703 0.1842389600586162 -0.004662548233493428 -0.00847920945788835 0.9999531807294477 1.0941105704225753
0.9999633209695692 0.007459068862670531 0.004209395112404613 122.21545744882283 -0.007503456675454462 0.9999153517835199 0.010629553403568264 0.17870967314487035 -0.004129752223799238 -0.010660748535711308 0.9999346446579539 1.103962289381216
0.9999534990106811 0.008572067197024105 0.0044180855882826366 123.58801735170294 -0.00862418697853145 0.9998918096296973 0.01191605783842274 0.18374522534176896 -0.004315462345452225 -0.011953606126144977 0.9999192407816373 1.118283546420936
0.9999467698096483 0.00962798252809063 0.0037093799602086015 124.95651658399188 -0.009676731135366917 0.9998639774525993 0.01335617711780109 0.18116326484576095 -0.003580282360964863 -0.013391360838504595 0.9999039219010538 1.1358754574568481
0.9999392868323818 0.010655630247596722 0.0028071681770710736 126.25662383234115 -0.010695584321193607 0.9998358485954072 0.014624648355772391 0.17925239837197407 -0.002650872531091646 -0.014653784750987043 0.9998891135857494 1.1429939846980517
0.9999329863761388 0.01140660976179594 0.0019778803398624555 127.61831238784325 -0.011433192387153145 0.9998367074412344 0.013994304731198321 0.18302641140946552 -0.0018179297937643932 -0.01401598040856928 0.9999001187240911 1.1627630928117194
0.9999173884392939 0.012517315552906022 0.002921148419903922 128.96704916706997 -0.012554631683590972 0.9998350265564903 0.013126343514925668 0.18309013499738086 -0.002756359924157921 -0.013161933069706535 0.9999095789109319 1.183616021824725
0.9999016845170129 0.0132773807773957 0.004509152884075154 130.33750858858662 -0.013332677837582404 0.9998334424439912 0.012463028214577636 0.16227969280743956 -0.0043429254793467395 -0.012521921988663018 0.9999121663766226 1.198275236348035
0.9998974210643043 0.013577988514171177 0.004559120185123339 131.6970130702493 -0.013626849888219848 0.9998481411338974 0.010862947722144307 0.15653901834275286 -0.004410930862900284 -0.010923959858913479 0.999930602986989 1.2247629979243495
0.9998984669294102 0.013416634623498156 0.004801015267065701 133.08525108043168 -0.01346583451020246 0.9998555921963598 0.01036658355537186 0.1438808961864502 -0.004661237299139352 -0.01043018068137922 0.9999347399694617 1.2392187165696873
0.9998983450655705 0.013280758787386084 0.005188543260326755 134.35648613544564 -0.013325638217606987 0.9998732467684388 0.008713079985518225 0.13408890135443843 -0.005072169282118545 -0.008781334908307136 0.9999485793059569 1.2407853552120136
0.999911604926827 0.01239451086014797 0.004812320977940928 135.76091278591994 -0.012425673288033411 0.9999016677682214 0.006500572103149375 0.12609368772083618 -0.004731276360149472 -0.006559793812831694 0.9999672915296465 1.2785766176031657
0.9999266167655381 0.011268233995533679 0.004448368964764408 137.1440164530443 -0.011301938789843103 0.9999070516489224 0.007625892888715055 0.12877750156390239 -0.004362025150709231 -0.007675608469783626 0.9999610281261981 1.3171761530345618
0.9999302497453236 0.010180422232305945 0.005987875034318692 138.50368002570846 -0.01021377900839798 0.9999323425874065 0.005566773394784111 0.12058396250056379 -0.005930797806556469 -0.005627543943252535 0.999966577634745 1.3243618580703036
0.9999423922544266 0.00896175207315891 0.0059075521388898735 139.8434342911122 -0.00897547129759599 0.9999570747373242 0.0022999125547278837 0.10117980121837912 -0.005886687309557124 -0.0023528031266122477 0.9999799054130872 1.3200204495264054
0.9999577394099372 0.007449206189578256 0.005387830854173118 141.22653664286418 -0.007451202967805916 0.9999721779292255 0.000350630594484934 0.12222566237474988 -0.00538506903396708 -0.000390761597879768 0.9999854240622075 1.3615979822691258
0.9999689890206198 0.006151092683401559 0.00491783040372416 142.54064226517315 -0.0061580659921452886 0.9999800531899448 0.0014040817183089468 0.12556380524040103 -0.004909095671910824 -0.0014343225005240441 0.9999869216638029 1.384795575953579
0.999976459809593 0.0051320655989109615 0.004554308878623426 143.90913684663647 -0.005133379326349164 0.9999867858076569 0.00027681539547923624 0.11455774378280706 -0.004552828062341526 -0.000300187874235453 0.9999895907677614 1.3797289978790406
0.999987699287653 0.004184315647212635 0.002663226605267513 145.2684950326202 -0.004183672118157007 0.999991217861127 -0.0002471603281912154 0.11308645542117175 -0.0026642374132702365 0.00023601522105032316 0.9999964230615134 1.4100676695757945
0.9999944514551312 0.0030351717963690936 0.0013728769492847021 146.58660202391482 -0.0030277567612679917 0.9999809907149885 -0.0053713031626390784 0.11403334842080519 -0.0013891536797444772 0.00536711662225689 0.9999846320375215 1.4356750996937764
0.9999922213671962 0.0018910407540312574 0.0034613826669563463 147.964012286525 -0.001842770887135753 0.9999017517329171 -0.013895721532229248 0.1250922413110226 -0.0034873199678317223 0.013889234907306 0.9998974586191983 1.4508343566363122
0.9999857371448252 0.00027173207917796123 0.005334010554696581 149.29964668531758 -0.00016255664253161334 0.9997907088404612 -0.020457568077022707 0.11433314193272755 -0.005338453170951091 0.020456409214844994 0.9997764931422305 1.4892173750443078
0.9999970169383102 -0.0005736521340111248 0.0023742446609292364 150.64232620329932 0.0006267762464379982 0.9997481018920554 -0.022435238237407555 0.09758710444626231 -0.002360776570899414 0.02243665943186457 0.9997454791333246 1.5210452736912907
0.999999708446347 -0.0004440169074721052 -0.0006212537377980787 152.02338491046805 0.00043067082236559285 0.999772606283957 -0.02132018402421733 0.11828023624755463 0.0006305789907792045 0.02131991025238164 0.9997725060217283 1.5467359786887822
0.9999921328258676 0.00013962064086354758 -0.0039641887504034265 153.32783367217317 -0.00021476019761495222 0.9998202106465124 -0.018960492103873343 0.13212420026364974 0.0039608287554122575 0.01896119428833975 0.9998123748717707 1.5522603737963452
0.9999928869425337 0.0008844289967768306 -0.0036665855624326673 154.7216827689314 -0.0009540441615896623 0.9998184902170241 -0.019028305754539062 0.14438438799837877 0.003649090855914118 0.019031668489655554 0.999812222234968 1.5803273779803337
0.9999987071399172 0.0016069442497263354 5.872539706476436e-05 156.02544677931508 -0.0016055514772662137 0.9998209732994033 -0.018853210736835095 0.14419206565272613 -8.90109422331226e-05 0.018853092075623492 0.9998222607024911 1.6322894603451132
0.9999925216438152 0.0021262701646119044 0.0032304228253875323 157.37501046829942 -0.002040287494363076 0.9996496242198131 -0.026390642738041238 0.14019096341239434 -0.003285404599748582 0.026383854388122754 0.9996464866862897 1.6365432188207072
0.999994369495524 0.0018021489001994835 0.0028307660784365426 158.71365507988259 -0.0017124424627032791 0.9995060977939241 -0.03137878285680492 0.12494573998741493 -0.0028859171958405074 0.0313737586543929 0.9995035561466675 1.624496937438592
0.9999909318242227 0.0018696591825211216 0.003826309431264743 160.08765305020407 -0.001740160688651818 0.9994347809181117 -0.03357216900862615 0.12037649078372133 -0.0038869152422251123 0.03356520617704146 0.9994289713752511 1.6801332530777386
0.9999868140460589 0.003114603522103722 0.004083011010616704 161.46612050525425 -0.00297673213592048 0.9994393340436576 -0.03334901246155756 0.12225752416387449 -0.004184590757015128 0.033336418692928645 0.999435426823027 1.684144678457104
0.9999835246336706 0.004219997826919231 0.003891282508638165 162.7912121788786 -0.004096020821045094 0.9995005185470781 -0.0313358586535557 0.12334501475360617 -0.004021576140619674 0.03131940360962918 0.9995013366088523 1.6927301922079876
0.999985131161145 0.005096977683367579 0.0019386271233027285 164.13356967755107 -0.005042187496370756 0.9996148829127555 -0.027288499492820865 0.13213309177165572 -0.002076969397799244 0.027278318823078063 0.9996257197172885 1.702806053151784
0.9999824430594799 0.005823247710035506 0.001096977165414225 165.49071674751812 -0.005792256143723114 0.9996345577099895 -0.026404560225822084 0.13332553685151563 -0.0012503365784363198 0.02639774266980285 0.9996507369278429 1.7067836088606736
0.9999792887823626 0.00598717969106204 0.0023612889841893277 166.83745615472276 -0.005931685742769301 0.9997213736576046 -0.022847103895268853 0.12952246264741007 -0.0024974207833176627 0.022832624279725627 0.999736182279071 1.73611826425959
0.9999786262627519 0.006043874982712694 0.002493710659383458 168.17177369142593 -0.005986652438236002 0.9997322997501482 -0.022349246718035606 0.1141334455141047 -0.0026281191455384922 0.02233384005210931 0.9997471143135566 1.7541569373599362
0.9999846368439614 0.005540583306220841 0.00016736988154022862 169.5618231285499 -0.005536531194958429 0.9998130042284119 -0.018528448345307626 0.1156353512269967 -0.000269996995672276 0.0185272370412943 0.9998283195575318 1.7819748436164915
0.9999832453398285 0.004817061851188282 -0.003210133135286832 170.99666924907157 -0.004866203918778167 0.9998683267413708 -0.01548060847745006 0.1314567812757444 0.003135139398066369 0.015495970267558504 0.9998750150925972 1.7899788475946858
0.9999797405569539 0.004810756554106514 -0.004168344638353176 172.2766073279362 -0.004856857849319743 0.9999263617853947 -0.011121238170965391 0.1217654470181953 0.004114536119475397 0.011141257918249521 0.9999294689949488 1.8041216101464086
0.9999788184909921 0.005524244357482729 -0.0034416992370589444 173.6357166356607 -0.005549587666515305 0.9999572342384612 -0.0073980923824300245 0.11459243432199144 0.0034006831800703088 0.007417035691307422 0.9999667109136497 1.8215461329174254
0.9999814067530495 0.005990688159420156 -0.0011392118191667576 175.0678633775844 -0.005994191168390363 0.9999772394990584 -0.0030967977137190475 0.1322919284083044 0.0011206339407393788 0.003103568787619776 0.9999945560053571 1.861779090325263
0.9999798641327075 0.006174291209252172 0.0014661027233493294 176.40783241173875 -0.006171664192281781 0.9999793536421222 -0.0017896509663375838 0.12041108511242053 -0.0014771222798969051 0.0017805666364833236 0.9999973238425307 1.8749726550297527
0.9999766778033523 0.006461116422905116 0.0022131027857175277 177.81292201109358 -0.006455572818882132 0.9999760301182442 -0.0025029519644634117 0.12204275412171281 -0.002229221601948778 0.0024886067439366263 0.9999944186881862 1.896960110408099
0.9999865510386846 0.004611200461163275 0.0023737253554245584 179.22220351466694 -0.004595256760729705 0.999967137160573 -0.006678938103529323 0.05777284106906607 -0.002404445270532435 0.006667940401261512 0.999974878291323 1.8914704337282406
0.9999973718824882 0.0019708200413443566 -0.0011713652211461562 180.51288181580182 -0.001979540140712838 0.9999699868729545 -0.007490445523106725 0.08936260522040486 0.0011565677446574204 0.007492744601810368 0.9999712601517027 1.9135637401926266
0.9999869533224012 0.0011316428045140866 -0.004981221691978928 181.97832587853537 -0.00116350620607477 0.9999788527513722 -0.0063984610147739445 0.09148600118301052 0.004973875580478006 0.006404173218468408 0.999967123023101 1.933659401402229
0.9999800872788231 0.0006873796996932216 -0.0062731614825110625 183.34810448233185 -0.0006975959515508693 0.9999984338912458 -0.0016265223466320517 0.08334582572177034 0.006272033619615776 0.0016308660901996998 0.9999790007145501 1.9451406840043461
0.9999848864836095 0.0005815338047408386 -0.005467048819683496 184.67474870389907 -0.0005792977638037514 0.9999997479199016 0.0004105779268250344 0.08770582311224304 0.00546728620649322 -0.00040740467239295906 0.9999849712885536 1.952097964985119
0.9999976410364247 0.0012804212477271243 -0.0017545492338993174 186.1250627853586 -0.0012732348822497733 0.999990821822429 0.004090861014217355 0.07852679294953373 0.001759771155698994 -0.004088617410738006 0.9999900931575013 1.9905748410114397
0.9999983697775663 0.001615038378112573 0.0008075229080337365 187.49189121018938 -0.0016200799757579913 0.9999789550171725 0.0062821066240500816 0.07781582148075523 -0.0007973600704347679 -0.006283404634512204 0.9999799413203833 2.0228983655542034
0.9999973352952185 0.002227259283115224 0.0006072219923423952 188.95896121624986 -0.0022293586047922235 0.9999914639810857 0.0034787821397648847 0.07058566965317166 -0.0005994686592692567 -0.003480126585411131 0.9999937646586983 2.015850341288974
0.9999978402277846 0.0018176392576946558 0.0010078329697661753 190.33385689994398 -0.001822023062837757 0.9999888090216255 0.00436601230753644 0.0596372503295046 -0.0009998858557594493 -0.004367839172858769 0.9999899610542274 2.031241817931236
0.9999964333773568 0.002074269190527278 0.0016824505611894602 191.69797687115383 -0.0020751523017625007 0.9999977099368884 0.0005233200770956198 0.04001746072878245 -0.0016813612015587893 -0.0005268095517650371 0.9999984477468983 2.0390572865692214
0.9999949090054169 0.0025042288565265626 0.0019775745452571924 193.17227063058874 -0.002500603678928691 0.9999951926304792 -0.0018334931610407951 0.04258560905135497 -0.001982156524807721 0.0018285386965538185 0.9999963637442619 2.054577082392154
0.9999911893993769 0.0029317610427763343 0.0030043136999432767 194.5360618973477 -0.0029140552813248224 0.9999784609852117 -0.00588097334331844 0.03497775145538386 -0.003021490598527612 0.0058721667922069605 0.9999781938881105 2.0732585656652365
0.999986574599088 0.0030903808092978035 0.004159347068493507 195.9827780319375 -0.0030428576065157846 0.9999305717728585 -0.011383876826050193 0.009572641578869794 -0.004194238806879111 0.011371067692074365 0.9999265508928009 2.066272364927104
0.9999813052984626 0.003659621504105972 0.004898594087041898 197.38514583655714 -0.0035931910219560276 0.999902388775287 -0.013501922076300184 0.005735280374697349 -0.004947527853650881 0.013484068077603021 0.9998968456176947 2.1036569304828214
0.9999921416710033 0.0037374651435754303 0.001322100805836493 198.83161261932733 -0.003723337038105303 0.9999376064727107 -0.01053185277751904 0.0227101394605284 -0.0013613807479570298 0.010526847387856489 0.9999436644764204 2.126940870498996
0.9999832495494683 0.0044017175860245 -0.0037583909826801798 200.2600694280524 -0.004419758441923854 0.9999786866210484 -0.004805417667397756 0.035486837470140156 0.00373715878721414 0.004821948354760585 0.9999813910559853 2.1588372304805006
0.9999673664845621 0.006073277635563429 -0.005327406938730881 201.6894178067251 -0.0060449741475518595 0.9999676150726473 0.005312917604987412 0.05057714696005533 0.005359501234714153 -0.005280540188590613 0.9999716954203414 2.1637769839456595
0.9999731706982306 0.007166487664063695 -0.001516356913270321 203.10656355787415 -0.007150925863207011 0.999924123336015 0.010030544850655913 0.06830736642381884 0.0015881256331023944 -0.010019432382272245 0.9999485430919487 2.189434001082586
0.9999687024995491 0.007743618909607142 0.00162184695675647 204.57541831096833 -0.007766399106859503 0.9998640529963279 0.014545053133946164 0.05607328214391321 -0.0015089951230330182 -0.014557193820895561 0.9998928997856618 2.2152593396426172
0.9999692940875529 0.007664550650446213 0.0016326497995344524 205.99906209367364 -0.007684710209643521 0.9998895449027351 0.012721761796031157 0.06487451109067859 -0.001534962877393453 -0.01273391760331053 0.9999177422325485 2.25446010352288
0.9999770797497644 0.006660931369782119 0.0012132470567035162 207.44035741486726 -0.006672182529944566 0.9999324380580163 0.009518471496961731 0.057257613250988604 -0.0011497632019897698 -0.009526348337029403 0.9999539623062359 2.2624718070868988
0.9999891524199179 0.00461553349767879 0.0006260135989340992 208.88199906917913 -0.004619791394457442 0.9999649691267947 0.006979831424922341 0.00427560056660585 -0.0005937760233812099 -0.0069826477628791685 0.9999754447286462 2.2819870185584614
0.9999931055240561 0.0037079267228796262 -0.00020045890321582742 210.3729069195503 -0.0037061160351868102 0.9999579927591653 0.008383162946928684 -0.010831163748117247 0.00023153463640357376 -0.008382362225457808 0.9999648405795243 2.3020367628589886
0.9999918321787222 0.004027984215193143 -0.00033304504864967714 211.84565609273795 -0.00402481636679562 0.9999512149563015 0.009020452351739533 -0.003286847891971865 0.0003693630407191339 -0.009019038229134194 0.9999592594302857 2.3222809051798725
0.999993762372672 0.0035237153906998607 0.00024216852235556182 213.2593469707366 -0.003525931788325188 0.9999451812176822 0.009859125953189572 -0.004572463101132601 -0.00020741449311194803 -0.009859918325327203 0.9999513683124024 2.3403258957410684
0.9999954281290807 0.0030191950509049874 0.00016787549249683593 214.7210748536091 -0.0030206273312926623 0.9999520871841802 0.009311237647441666 -0.000535028803899384 -0.00013975500648632722 -0.009311702166965934 0.9999566353954015 2.3695378657423896
0.9999956123941339 0.0029336355873060926 -0.00041106534977632445 216.19102708840614 -0.0029293708163774333 0.9999455329918212 0.010017476544665612 0.0015109740003771527 0.00044043058596299125 -0.010016228429087504 0.9999497393314102 2.3993988515044573
0.999996140473043 0.0026140933436514693 -0.0009410393237640596 217.64694215277606 -0.002605838750632114 0.9999590310945352 0.008668664077243749 0.004864202064358661 0.0009636614674756391 -0.008666178423565329 0.9999619836314314 2.4159656895956743
0.9999974683675198 0.002009626794854317 -0.0010122542647570077 219.12163514916838 -0.00200116034163504 0.9999635797414693 0.008296658840349124 -0.01067620812503856 0.001028890586108317 -0.008294612153167845 0.9999650697866352 2.429558619319552
0.9999967235145768 0.0020506255556573495 -0.0015322842235175299 220.63438122385875 -0.0020326183953487094 0.99992992589123 0.011662408397005285 -0.008938900709264274 0.001556092082765596 -0.011659255636194547 0.9999308177746298 2.468055941691397
0.9999972874440028 0.0018173136753835669 -0.0014568718685817857 222.1047702966517 -0.001805292248225423 0.9999646611116454 0.008210812856880117 0.004440185511340056 0.0014717420068402984 -0.008208160505099453 0.9999652294337977 2.472145895093604
