1.0 -2.1684043449710093e-19 -2.5135375298442207e-37 0.0 2.1684043449710093e-19 1.0 2.3183291766350204e-18 -8.673617379884035e-19 -2.51353752984422e-37 -2.3183291766350204e-18 1.0 0.0
0.999999605191816 -0.0005752605669382756 0.0006772676666057745 1.3273296181958805 0.0005753941431156976 0.999999815046477 -0.00019704971926772806 -0.0051472914502177945 -0.0006771541864095126 0.00019743933731957285 0.9999997512399269 0.014190925790177144
0.9999991949427005 -0.0005967506105383338 0.001119822601905854 2.628292136493784 0.0005974895951637137 0.9999996039050855 -0.0006596937592120932 0.002610928857959863 -0.001119428485696238 0.0006603623104738848 0.9999991554003855 0.02238872222501785
0.9999988872738748 -0.0011179839288187879 0.000987705901274616 3.9520689250911336 0.0011192792573348144 0.9999985130995639 -0.0013118737003340345 0.0010290636455376027 -0.000986237778940667 0.0013129777593055387 0.9999986517113146 0.049421367772926404
0.9999992821437903 -0.0005474319932305861 0.0010658471357157654 5.267740827495107 0.0005495019615738203 0.999997961855411 -0.0019427641694633494 0.012071873158001916 -0.001064781432103527 0.00194334845992984 0.9999975448156186 0.05437341299940499
0.999998422726841 -0.0009066767965680368 0.0015272462200102274 6.589238778037251 0.0009101360174767321 0.999997018817045 -0.002265835265889441 0.005415403617607984 -0.0015251872867494008 0.00226722169384068 0.9999962667477971 0.06502564482824083
0.99999671025042 -0.000676031506330865 0.0024743624916060314 7.924290445281585 0.0006848703053135854 0.9999933821128274 -0.003573049567776471 0.011495242433065687 -0.002471930622472739 0.0035747324307332387 0.9999905553789227 0.09339317320524931
0.9999957501909511 -0.0004940106247464174 0.002873247907781817 9.23996119245518 0.0005043327737889643 0.9999934183814966 -0.0035928877163960717 0.02808341371949353 -0.002871454072454801 0.003594321520396458 0.9999894177461669 0.10374597577126295
0.9999967710918701 -0.001050773755133984 0.002313802141349299 10.5717775846944 0.0010581522139007616 0.9999943521628831 -0.0031899774650578794 0.023908083838213103 -0.002310437128771933 0.003192415519772106 0.9999922351515651 0.11967967870287478
0.9999995872625612 -0.000908437062029497 -1.4724513922894985e-05 11.892859132165661 0.0009084271297484407 0.9999993688752834 -0.000661066702153164 0.04268206634220515 1.532504212259986e-05 0.0006610530531582667 0.999999781386978 0.1271993328431052
0.9999992906577392 -0.0009340616893766398 -0.0007390620941138222 13.230849570353744 0.0009355741284335712 0.9999974636839069 0.0020487378562885016 0.04035281880916226 0.0007371465720756043 -0.002049427850406718 0.999997628227396 0.14481478444514814
0.9999994118422428 -0.0007583581587642681 -0.000775376083880805 14.571397605405075 0.0007628846416514329 0.9999825726931901 0.0058542563090550025 0.06544865782030586 0.0007709229481284292 -0.0058548443883346376 0.9999825630854752 0.15853182808716004
0.9999999311378235 -0.0003683760150610614 4.498288607726931e-05 15.921907901109606 0.00036810397529766955 0.9999824983730224 0.005904866392374582 0.08356940996735825 -4.7157309954667736e-05 -0.005904849427373445 0.9999825651127265 0.1774931317181195
0.9999956490264549 -0.000181879069847219 0.0029442907742248565 17.26433262636812 0.0001691424120280187 0.9999906304415151 0.00432555430267624 0.07100747821967311 -0.0029450499153133958 -0.004325037477860637 0.9999863102722014 0.1961190560190384
0.999987138345065 -6.860691934096029e-05 0.005071334887214269 18.63010591272856 6.944833404896343e-05 0.9999999838536051 -0.00016573991147149635 0.08055142292754933 -0.005071323434425756 0.00016608997554126747 0.9999871269635142 0.2162074424198954
0.9999941863054357 -0.0003990688020547177 0.003386458241414829 19.966107858018297 0.0004060376292934044 0.9999978010895908 -0.002057413285438979 0.06911912674212418 -0.003385629745441399 0.00205877635374259 0.9999921494447604 0.2406822343698633
0.9999995781152725 -0.00024910538717013 0.0008841469237792431 21.3216844949173 0.0002517386072475823 0.9999955298914766 -0.0029794000635473064 0.07538288941595615 -0.0008834007869401784 0.0029796213804991175 0.9999951707180783 0.23118849590686766
0.9999999806035303 4.7487117260631714e-05 -0.00019114892753133302 22.674251934056546 -4.764898247729131e-05 0.9999996402566634 -0.0008468861306325243 0.08692212820806919 0.0001911086425857883 0.0008468952222578216 0.9999996231229136 0.27966358126125906
0.9999991276731409 0.0007927530448147705 0.0010565015699189574 24.040784104962643 -0.0007941278304519724 0.9999988377564397 0.0013014786815627316 0.09566003849059293 -0.0010554685908192411 -0.00130231654354751 0.9999985949778502 0.25825772130983005
0.9999822746923123 0.0016209650313074048 0.005729116298024675 25.4302493733859 -0.0016314661958653964 0.9999969969935799 0.0018287487181392705 0.10691346921847948 -0.005726134755728497 -0.0018380631625779667 0.9999819162887745 0.2761795857110595
0.9999768196709189 0.0017222365916259765 0.0065874139051016675 26.80397046588624 -0.0017244394037283016 0.9999984591208684 0.0003287318542733341 0.09798261686322635 -0.006586837600664785 -0.0003400838302673976 0.9999782487201464 0.2946092112515944
0.9999805362086788 0.0017090171176320009 0.006000538667074152 28.172912677542246 -0.0016847138885812615 0.9999903678406581 -0.0040528958805903514 0.09540232383786545 -0.006007407337365482 0.004042707805039296 0.9999737834416891 0.31295745519711593
0.9999919454637327 0.0015810805805079131 0.0036890638185019735 29.533357237019885 -0.0015660343809336178 0.9999904589836527 -0.004077925695917068 0.1037079902098813 -0.0036954761502103434 0.004072115649343422 0.9999848805507819 0.31154995930383683
0.9999955872425551 0.002350269310353681 0.0018170662030787715 30.921654708095947 -0.002342649729110198 0.9999885023315432 -0.004184160245961118 0.10438647822560815 -0.0018268792144696888 0.004179885032628424 0.9999895954825979 0.3479865416587041
0.999995901295027 0.002775185404143683 0.0007040874371346834 32.30570027754713 -0.0027738617421437374 0.9999943968344344 -0.0018740306217327884 0.11498257757380277 -0.0007092842744445517 0.0018720698994291677 0.9999979961330471 0.33426985974418294
0.9999933247792152 0.0033732031594733937 -0.0014042426627661002 33.68511756387369 -0.003373413702180758 0.9999942991320869 -0.00014759173557104903 0.11595376901969015 0.0014037368004554214 0.00015232784180339002 0.9999990031591149 0.3720523627085193
0.9999931047342389 0.0035519154083526877 -0.0010836885666813453 35.08033976265789 -0.0035518871398755583 0.9999936916367262 2.800888662307371e-05 0.12769644860346263 0.0010837812155761583 -2.4159554010731124e-05 0.9999994124171239 0.36028345453910315
0.9999952495335286 0.00301250021588665 0.0006524973757145001 36.471958319089836 -0.0030126095800805186 0.9999954481885094 0.00016669067219710483 0.12104782819053912 -0.0006519922499834677 -0.00016865560018371035 0.9999997732306716 0.3996529682337655
0.9999942083691762 0.0027913862112076424 0.0019471494869781768 37.875538473930995 -0.002794299272941917 0.9999949784923365 0.0014949520677239709 0.13506575442820382 -0.0019429667207638446 -0.0015003843279092677 0.9999969868590558 0.40493371108322684
0.9999941107075656 0.0023918054056343 0.002461263311110222 39.26715247067191 -0.002399942125859564 0.99999164772545 0.003308286132134395 0.12857142581327097 -0.0024533299773090837 -0.003314173538173072 0.9999914986767544 0.4124038684532944
0.9999919005851873 0.0029575952146525314 0.002729724266525518 40.66822012003855 -0.0029736031531655926 0.9999782973014268 0.00587899739980225 0.1477918634946707 -0.0027122773295659634 -0.005887066900049838 0.9999789927768492 0.43885122488413336
0.999990690367254 0.002846104299120937 0.0032432806140642993 42.095401161503844 -0.002874632714293229 0.9999569207168766 0.008825712276086911 0.1520470847409072 -0.003218021998208701 -0.00883495335250172 0.9999557929897092 0.45801411896214694
0.9999917190363341 0.002475858828997358 0.003229857863165092 43.48280530437646 -0.0025059342437558987 0.9999532308869855 0.009341109797300885 0.15164548205490064 -0.0032065795364133874 -0.009349126255331823 0.9999511546500351 0.459326136927396
0.9999928594654215 0.002105080840540253 0.003138415655185483 44.910587315877855 -0.0021320401006130014 0.9999606463304093 0.008611631406404857 0.15865319259400726 -0.003120163966733332 -0.008618261142782269 0.999957994193604 0.47359434663124245
0.9999956928366289 0.001316652759316268 0.0026231152665988047 46.30775196440372 -0.001338232694302898 0.9999651375561319 0.008242135985406154 0.15202072715741635 -0.002612171787302219 -0.008245610823790625 0.9999625925306886 0.49338388581229864
0.9999941723965671 0.00039357463238932135 0.0033912050828189613 47.73752071246534 -0.00042092231407816095 0.9999673697336995 0.008067359684080051 0.16255510279417393 -0.003387919318772015 -0.008068740104598035 0.9999617079847678 0.5170088719720568
0.9999910171779983 -0.000652099547894151 0.004188117654959332 49.134937968692554 0.0006176879764870182 0.9999660859042679 0.00821252110266184 0.16631991586914738 -0.004193331000034363 -0.00820986038112701 0.9999575061809609 0.524660711538635
0.9999895504313885 -0.001570053350776285 0.004293478834829119 50.563546788711086 0.0015313675582470246 0.9999583369184607 0.008998852186118482 0.17739215441528908 -0.004307428633298293 -0.00899218325779546 0.9999502921139766 0.5432346563152343
0.9999864000070584 -0.0028176837449724037 0.0043886739724966674 52.01749181098482 0.002779060742616164 0.9999575758987997 0.008781982918738194 0.17941333512757857 -0.004413232637466678 -0.008769667092283377 0.9999518069971063 0.543136647800751
0.9999756424895045 -0.003745476158534289 0.005889468231381089 53.42340862988708 0.0036864496877832384 0.9999431884959563 0.010001493350490876 0.19839810627126256 -0.005926593996726849 -0.009979538510688836 0.9999326398786629 0.5776493506195559
0.9999678534857444 -0.004710950844277016 0.006488369383414573 54.88094355554433 0.004654756106169209 0.9999517638886114 0.008648880947669862 0.20304823930126764 -0.00652880086270874 -0.008618401139288653 0.9999415472521869 0.5837147634600758
0.9999598971562458 -0.005048305319314372 0.007397208437864722 56.27157658295634 0.005010345958117693 0.9999742321395859 0.0051411565065988644 0.21380191134395568 -0.007422971955369933 -0.005103887758204755 0.9999594240853482 0.576876686469342
0.9999606831688416 -0.0054601953419273685 0.006987015337864144 57.70293432676445 0.0054334178230906385 0.999977843924384 0.003845728942572217 0.2295789474000776 -0.007007858964282537 -0.003807614367029742 0.9999681954870208 0.594412181400984
0.9999580052131569 -0.005272369432265201 0.007495994309898836 59.150814403214 0.005248447941087351 0.9999810832203642 0.0032073346624523864 0.25108077831811776 -0.007512762763059682 -0.0031678576352147107 0.9999667609844184 0.6164897892428702
0.9999527119556145 -0.005129321068341653 0.008262198133036198 60.55428887023898 0.005102278404954334 0.9999815684627196 0.0032908190344393155 0.24870997854698065 -0.008278925515428743 -0.003248507382931106 0.9999604525140446 0.6396303572348886
0.999950107649572 -0.004528604436820446 0.008903592166322201 62.01085665785585 0.004520005203456996 0.9999892989152883 0.0009857017149201377 0.26550515807924285 -0.00890796074138776 -0.0009454082530235242 0.9999598764143814 0.6339132448882248
0.999952323360883 -0.004408202078878442 0.008713137184957314 63.417275962130006 0.004421594645474907 0.9999890719378848 -0.0015183891461282109 0.2582296538797278 -0.008706348601062428 0.0015568427151591473 0.9999608871024891 0.6441149722649179
0.9999616565089788 -0.0037900509091598903 0.007894366720954024 64.82798871515689 0.003804768780579001 0.9999910502667378 -0.001850167817445504 0.28001618521454696 -0.007887283838258992 0.0018801331155947358 0.9999671273862568 0.6629885367118298
0.9999645127078699 -0.0029272742406523584 0.007899644956094676 66.2802752778352 0.0029456789649571296 0.9999929721462968 -0.0023191881017131004 0.2911794323310158 -0.007892800538956246 0.002342375617985228 0.9999661079137215 0.6698806569399688
0.9999672027434366 -0.0024728072442284994 0.007712241036151154 67.65074976237528 0.0024773767229731613 0.9999967613525713 -0.0005829999496153513 0.29874389481077546 -0.0077107744124227575 0.0006020869552413465 0.9999700902773337 0.6813774372060336
0.9999573277770538 -0.001823723415629308 0.009056304868821356 69.12347900650003 0.0018041787648695367 0.9999960270573646 0.00216582743335804 0.3170287070036251 -0.00906021875884605 -0.0021493958197544285 0.9999566453270121 0.6909022186037246
0.9999473916443808 -0.0010516608921707885 0.010203330484068253 70.48265972365189 0.0009975913927242782 0.9999854422217674 0.0053028441377745116 0.3281435342815199 -0.010208758740042805 -0.005292386409196291 0.999933883759863 0.6969291671620998
0.9999352301326013 -0.00010731833466063458 0.011380862113068197 71.93461788824644 -2.8365384318205776e-06 0.9999531622274397 0.009678499020913901 0.35196411544971623 -0.011381367739233943 -0.009677904428068469 0.9998883950893046 0.7158250210417751
0.9999405868880699 0.0002484362447524835 0.01089775084018486 73.30085988301161 -0.0003931138093847636 0.9999117956990287 0.013275778074255553 0.3577738085492921 -0.010893491427238906 -0.013279273375313379 0.9998524854913091 0.7099535299817741
0.9999446603372208 0.0009126487373858286 0.010480617126975192 74.69281688797155 -0.0010894206098121893 0.9998570431112522 0.016873248162653152 0.37139729508840086 -0.010463719501927319 -0.016883732203091518 0.999802705618003 0.7180607494560847
0.999943208321204 0.0017370193380992073 0.010514889258398897 76.14397606843578 -0.0019263353481500129 0.9998357475922578 0.018021294869052313 0.3846442453469837 -0.01048185882483593 -0.018040526612322957 0.9997823113233831 0.7180294269232722
0.9999378329869731 0.0020140581630394465 0.010966938088279456 77.512791955071 -0.00221833449936344 0.9998236804600337 0.01864636649326866 0.38714902691904346 -0.010927449536154099 -0.01866953564147358 0.9997659922629728 0.726247121350441
0.9999330755221576 0.0022001724131420924 0.01135798037291827 78.91486861203599 -0.0024048630908143935 0.9998343799003072 0.018039661939249035 0.3907288614972015 -0.011316408896535455 -0.01806576903207832 0.9997727576199333 0.7481810377954751
0.9999475391672373 0.001723229293880488 0.010096999266465427 80.28765660883595 -0.00189540864385799 0.9998525371585292 0.01706784590171894 0.38559075074096694 -0.010066098522221985 -0.01708608844799616 0.9998033502854891 0.7436878437223958
0.9999448367729813 0.0016472614485157193 0.010373521136816909 81.6813330164346 -0.0018229789065422307 0.9998546354338331 0.016952426061863472 0.3950230287404683 -0.010344088116506714 -0.01697040162155509 0.9998024831484672 0.7628472192907895
0.999940476796002 0.0012536972514100276 0.010838408932407211 83.06904661342823 -0.0014277508769956011 0.9998699113742887 0.016066171161958836 0.40433787620081474 -0.010816856864057867 -0.016080689399833776 0.9998121858809326 0.7617995665822942
0.9999485246162806 0.001013416204476822 0.010095598314128703 84.43561785302948 -0.0011789489311384961 0.9998647488053002 0.016404090219563613 0.4154808017317695 -0.010077608701547303 -0.01641514800756664 0.9998144751496391 0.765309340152144
0.9999474190783336 0.0002189393394374238 0.010252372610526209 85.84032480631016 -0.00038144661669830757 0.9998742854653804 0.015851427808673588 0.4197566159721026 -0.010247613237141158 -0.015854505058835094 0.9998217946675705 0.7601013681831871
0.9999411757412235 -0.0009319894576822066 0.010806315417864011 87.19780726639482 0.0007587220445070916 0.9998712726259543 0.01602693102916187 0.4264680303708024 -0.01081986128001534 -0.016017789267096186 0.9998131630604171 0.7714776206319313
0.9999247526238002 -0.002106150950126847 0.012085247966313167 88.58113226187959 0.00192567348166176 0.9998867474410007 0.014925953018098367 0.4284920916141896 -0.012115315591185458 -0.014901557637768436 0.9998155643457919 0.7773371276827726
0.9999131612350657 -0.0031724968339884732 0.012790826898056504 89.96378022035945 0.00301683890159391 0.999921385954771 0.012170480406770342 0.4308825725361875 -0.012828432169970823 -0.012130835673113549 0.9998441249284472 0.7917834695478886
0.9999027330921574 -0.004110906314703957 0.013327595586065026 91.33899099588055 0.003961899730970776 0.9999295691711864 0.011187495146249263 0.4393700546267885 -0.013372647656904244 -0.011133604375822967 0.9998485961125549 0.799478807465525
0.9999056334723576 -0.004460743248557311 0.012993302887012293 92.70745998010146 0.004329884280695328 0.9999398004506346 0.010082042296127022 0.4527261546012212 -0.013037494098137845 -0.010024831390879205 0.9998647541058868 0.8094187851767991
0.9999070720451658 -0.004623035333959826 0.01282477361844555 94.03099568329966 0.004511514706548909 0.9999518806472169 0.008711063376351266 0.46183071385220237 -0.012864428052424675 -0.008652394720259493 0.9998798140559139 0.8175289033696959
0.999910320773685 -0.004953121647245975 0.012442547818427237 95.41255171148629 0.004851990922146179 0.999955058424051 0.008144895103316356 0.4791415299327298 -0.012482331286970244 -0.008083793546361696 0.9998894157293305 0.8134975373424398
0.9999187314270349 -0.004697519456118019 0.011851744694703063 96.76641073744462 0.004603917958902604 0.9999580960109046 0.00791265831906013 0.48360066925289064 -0.011888417925726013 -0.007857450808365909 0.9998984578376033 0.8146515710495226
0.999926684347415 -0.004531395355391551 0.011229086611036963 98.10299057780276 0.004429940281322592 0.9999492942075004 0.009043486220790209 0.5014709423225562 -0.011269496842758742 -0.008993079008595596 0.9998960560832593 0.8222450920987202
0.9999257630041994 -0.004201821163059055 0.011437358933909781 99.47303341913022 0.00407884439500984 0.9999338510579237 0.010754372918561602 0.5211708772941294 -0.011481790316440796 -0.010706923338843115 0.9998767575475217 0.8242396490288114
0.9999095847736061 -0.004196944117212338 0.012775286217988438 100.81353078567247 0.004057706380519332 0.9999323005936285 0.010905468741088406 0.5256110977345111 -0.012820190981573608 -0.010852644360263558 0.999858921455215 0.8258005855003753
0.9998888387728031 -0.004072836118819569 0.014343015844815054 102.14793574282267 0.003911530130005807 0.9999289934856388 0.011256461204094199 0.5482985228909086 -0.014387843119016612 -0.011199106783420712 0.9998337711728066 0.8269197719635449
0.9999003749158402 -0.0038684835635157907 0.013574795692051809 103.4909828912621 0.0037233724826709817 0.9999358342077052 0.010698783327837216 0.5575101671923806 -0.013615312721984345 -0.010647173439910106 0.999850619321318 0.8410117234400981
0.9999289812145074 -0.0037787629697938465 0.011302808400372491 104.81595574596011 0.0036592065885798627 0.9999373389097682 0.0105796248134592 0.5648098038638766 -0.011342078048554853 -0.01053751415038588 0.9998801518487458 0.8419443078278064
0.9999407654106505 -0.003875572451875366 0.01017082140895347 106.1492920541682 0.003781197355784419 0.9999497732973867 0.009281887149789624 0.5774026352891721 -0.010206283188270372 -0.009242879457998227 0.9999051959875025 0.846988060628522
0.999930734769594 -0.0035112844849488154 0.011233723532540424 107.49808923372865 0.0034185927356790006 0.9999600437160435 0.008259793890654793 0.583535139884704 -0.0112622771608302 -0.00822081824846488 0.9999027849048518 0.8531057982734278
0.9999101085812446 -0.002988021962090226 0.013070825597392966 108.81999283753338 0.002919818445494608 0.9999820399442065 0.005233970698123667 0.5919141299916121 -0.0130862300640309 -0.005195335771394778 0.9999008746215465 0.8428315249254555
0.9998999281548884 -0.002124130297356032 0.01398648441635615 110.18082596204955 0.0020650554771610985 0.9999888924913551 0.004236795934355889 0.6025755418544998 -0.013995328567967463 -0.004207489084119152 0.9998932082046971 0.8531015765340302
0.9999113786971293 -0.0015373885995864493 0.013223887034449084 111.48760314976096 0.0014923223205185324 0.9999930480478925 0.0034171376877790796 0.6095343846916466 -0.013229048571144151 -0.003397100554799576 0.9999067216404353 0.8588121338013509
0.9999383416564787 -0.0007905813296455877 0.0110764555004123 112.82431441632409 0.00074259086806073 0.9999903233589477 0.004336098161921842 0.6216639650428385 -0.01107977635577862 -0.004327605530586745 0.9999292526905478 0.8654089497311165
0.9999582389292623 0.0002163003634264609 0.009136389420396669 114.17095637357491 -0.00028630796776646394 0.9999706063069339 0.007661889446494469 0.6220961625414873 -0.009134463598698506 -0.007664185298874987 0.9999289083922259 0.8776251288512583
0.9999622729841611 0.0017080908910562156 0.008516750193473392 115.48194492187912 -0.0017987945289017061 0.9999416290831785 0.010653767630365147 0.6387345764362327 -0.008498055459511402 -0.010668685579157055 0.9999069767740498 0.8684495389439245
0.9999341808154266 0.0031374843845599506 0.011035861032031915 116.85033372903156 -0.0032605160510483515 0.9999325423502962 0.011148084317671557 0.6488679847708474 -0.011000139638319785 -0.01118333316188429 0.999876957423926 0.8783734739851775
0.9999091073220284 0.0039281201623386644 0.012897556607919075 118.14902362826851 -0.004079484862985992 0.9999228717141944 0.011730661792563928 0.6511061873606923 -0.012850482392381879 -0.011782210948250734 0.9998480107533615 0.871009242929892
0.9998893777592972 0.004936800599227471 0.014030689361859822 119.5179930106008 -0.005093654353868674 0.9999246883861584 0.011165672445818273 0.6475868195307997 -0.013974509989579378 -0.01123590475606918 0.9998392208324615 0.8815066083896189
0.9998914769940062 0.005862634797687527 0.013515315311673824 120.83894278837084 -0.006016557095723356 0.999917186496441 0.011376343426404862 0.6490112066502188 -0.013447500714219076 -0.011456424497658399 0.9998439453546092 0.885369119263833
0.999884059534858 0.007271006328366189 0.013379086480975005 122.14591542871914 -0.007444723330961955 0.9998880343821318 0.0129805544551158 0.6441999085061572 -0.013283206789701803 -0.013078653080866344 0.999826237528788 0.8844338889141549
0.9998815208809984 0.008387015146181672 0.012907446596416301 123.51923322696629 -0.008577933707578781 0.9998535638740466 0.014807763560917257 0.6494764235676853 -0.012781363542674283 -0.014916728371374349 0.9998070453645966 0.8809907733090855
0.9998775027242531 0.009608076977344405 0.01235574371329776 124.85433268222882 -0.009799052670509331 0.9998320064250311 0.015489915908656103 0.649890644648239 -0.012204839723317004 -0.015609093019585664 0.9998036797804027 0.8829067312621689
0.9998755318415311 0.010610990393268882 0.011675945678590132 126.18246076300895 -0.010800364912298325 0.9998091796215123 0.016277483291951906 0.6392051985171728 -0.011500997451379046 -0.016401561737606995 0.9997993377824326 0.8771681958957902
0.999870071462329 0.011530871672722709 0.011264066423109322 127.5178658680033 -0.011712145938246689 0.9998007881871852 0.016161979390054003 0.637693584363782 -0.011075460777693604 -0.016291805877511546 0.9998059367846398 0.8874860484719552
0.9998495215335587 0.012405372713251029 0.012126047045885045 128.84177845425708 -0.01259677081948418 0.9997952310480895 0.01583721372018317 0.626300807266737 -0.011927097469002355 -0.015987579596133148 0.9998010510319651 0.88659088643351
0.9998251450163839 0.013303771249146333 0.013141121090591127 130.2175055795584 -0.013508164511518978 0.9997872276821305 0.015589382771920623 0.6182852980812167 -0.012930927441484262 -0.01576416931620895 0.9997921194334716 0.8932114149068401
0.9998115944001482 0.01368670387684226 0.013764077884886818 131.54387122110685 -0.013874782593280822 0.9998103872446638 0.013663087706101574 0.5996391556625723 -0.013574465404677665 -0.013851487092116265 0.9998119174096267 0.8874184899034854
0.9998080240404513 0.013686968615600512 0.01402076868235476 132.88793957537965 -0.013867493718125231 0.999821136949764 0.012860277075509859 0.588050718274906 -0.013842242676181152 -0.013052241133104067 0.9998189992789179 0.897697868523626
0.9998000428862969 0.013526919914290236 0.014727412610205113 134.21394717260335 -0.013678409380325033 0.9998540669346496 0.010234546939932782 0.5730203254856384 -0.014586821496922708 -0.01043394804826196 0.9998391657495435 0.8808528405921245
0.9998034393217936 0.013049537960328957 0.014926227900392742 135.55150838613807 -0.013184229049084789 0.9998729278814394 0.008961260747174474 0.5574408044631841 -0.014807390880698665 -0.009156290123162042 0.9998484402780687 0.8975196139205843
0.9998251806117904 0.011854524551388329 0.01445954571420928 136.89537963454276 -0.01198142102890628 0.9998901876382222 0.00872113610309427 0.5471822821685592 -0.01435457295529404 -0.008892857384504894 0.9998574214970902 0.8976311659857097
0.9998175584599546 0.010838716078333926 0.015728065009673442 138.23500946158646 -0.010955608259059868 0.9999128615905697 0.007365044021061136 0.5335822483935205 -0.015646866870056373 -0.00753601085000644 0.9998491806755754 0.9005645482389546
0.9998213455813222 0.009796919115669149 0.016164692876619008 139.57661934073792 -0.00990207872580321 0.9999302458159524 0.0064383491173673835 0.5147594708311566 -0.01610048933611573 -0.006597262939291287 0.9998486137235214 0.9034666934431629
0.9998299448051639 0.008508971018411929 0.016360894936124963 140.93462915790596 -0.00859338681732253 0.9999500897479685 0.005096245288210706 0.5155214798331994 -0.01631671455627514 -0.005235974144088982 0.9998531639200084 0.9029112095725877
0.9998465589781824 0.0072541499521629315 0.015944773687933622 142.25908838663983 -0.0073216544922368116 0.9999644625463375 0.004179356399107254 0.5091013969471899 -0.015913889373254872 -0.004295457238290793 0.9998641393570078 0.8895474610633611
0.9998606632489875 0.00627622010569482 0.015468133322408477 143.60989722298922 -0.006338489629852687 0.9999719914507822 0.003979932558317337 0.5024393899722888 -0.015442721149693191 -0.004077422610102677 0.9998724403584446 0.8806743389695381
0.9998938292667386 0.005705235197977292 0.013408224551894837 144.96007616006023 -0.005728557860099526 0.9999821438180404 0.0017016668063103456 0.49714840948765465 -0.013398276722838888 -0.0017782959292444896 0.99990865775052 0.8865281325827089
0.9999152691787578 0.0043903189958018575 0.012254777121083714 146.26946604503013 -0.004377906199868973 0.999989876598797 -0.0010395370257693813 0.5007130111668551 -0.012259216960209337 0.0009857986802070712 0.99992436704007 0.8980305772935329
0.9998747011532654 0.003658002893006337 0.015401331387353156 147.6640465712657 -0.0034926021645668654 0.9999360894750909 -0.010752613421055983 0.4977082796692313 -0.015439680171181497 0.01069747540765426 0.9998235745850936 0.887262563556449
0.9998536753268958 0.0021454286408909787 0.016971301401042756 148.97457723962452 -0.0018522281835508067 0.9998490924974224 -0.017273143397681778 0.4781102724327465 -0.01700579860089644 0.017239181187854086 0.9997067637292038 0.8943035197453333
0.9999013045200156 0.0012841343660275166 0.013990433091968534 150.26921979554493 -0.0010108311672007396 0.9998088659649049 -0.019524593678792904 0.4483040545886515 -0.014012831245764603 0.01950852472383628 0.9997114873920261 0.8956211469401134
0.9999387339539701 0.0012398777783490381 0.010999592793643032 151.67110415499587 -0.001035835072594446 0.999827650243837 -0.018536365706091726 0.4662128067268204 -0.011020679844437489 0.018523836292257238 0.9997676790658838 0.9013486946371619
0.9999599400543733 0.0022922119085661166 0.008652401459738387 152.98360651257957 -0.002157189096461901 0.9998762592811082 -0.015582447215386699 0.4735466187329986 -0.008687049076433329 0.015563158117311359 0.9998411490270638 0.8962015067071916
0.9999546440706185 0.003197840706283978 0.008971266154783556 154.35813440799618 -0.0030560357954817993 0.9998708810334545 -0.01577599146172558 0.4776871669085917 -0.009020556901847339 0.015747859416471104 0.9998353036760503 0.9060052646962716
0.9999247169479316 0.0035708565143626305 0.01173922571350452 155.6809071307137 -0.003347613488703837 0.9998142250653105 -0.018981802890738086 0.4766683777265079 -0.01180482615412103 0.018941075492337246 0.9997509098463799 0.8960976525246577
0.9998837848955848 0.004207937905036069 0.01465298472896457 157.0151812939189 -0.003805817492176128 0.9996183051920946 -0.027363473429018705 0.47656900112010325 -0.014762535557828622 0.027304526794502907 0.9995181490900663 0.886308248134982
0.9998654879463055 0.004315151187253654 0.015823573683826545 158.37055698403915 -0.003850333167163849 0.9995635767771216 -0.02928875065667877 0.4590972742530216 -0.01594305329597134 0.029223884936099898 0.9994457381973488 0.8918208981277322
0.9998601699505312 0.004022221777851905 0.01623152113834213 159.70257253877642 -0.003527448381159502 0.9995316923508145 -0.03039659675415635 0.4444452472978197 -0.01634618164627228 0.030335090543565334 0.9994061159645264 0.905533493096867
0.9998507923876994 0.005193407455691573 0.016474874223765146 161.06797651778544 -0.004705783792208804 0.999553704608426 -0.02949995258423866 0.4515224358566771 -0.016620726837015855 0.029418023770649712 0.9994290026394265 0.8879854188127742
0.999849258672028 0.006306639813644521 0.01617671868015756 162.40833466730783 -0.0058604718221882 0.9996051319967034 -0.0274815384553801 0.44910039493397425 -0.016343647176115337 0.0273825926477781 0.9994914100765792 0.8749941918779297
0.9998679510680232 0.007255052399087038 0.014541136190808348 163.75740404437818 -0.006896439489513152 0.9996745159629897 -0.024562191606809204 0.4575386206099624 -0.014714603270242065 0.024458666129791837 0.999592544040696 0.8695712962780803
0.999870345943217 0.007826577110496346 0.01407252621689417 165.1065847707326 -0.007497040367264248 0.9996999589450305 -0.023319229640701548 0.45468256638915594 -0.01425081363022229 0.023210703910860137 0.9996290199543224 0.8576470969053491
0.9998483400676069 0.008265057374706453 0.015329242989920932 166.45114575519972 -0.007918073353154934 0.9997141424571381 -0.022559642850959974 0.45971422901542686 -0.015511317752701972 0.022434843386607856 0.9996279692084417 0.85152684696867
0.9998515851843406 0.00790288579908246 0.015308559710436896 167.78263638730058 -0.007572603290817665 0.999739864783444 -0.02151414516500596 0.44719154008904954 -0.015474601247245387 0.02139502649747629 0.9996513339947138 0.8420858010156149
0.9998854918206601 0.007507082809222697 0.013139518798346673 169.172260070067 -0.007264226875193998 0.999803689858731 -0.018434010761959607 0.4465022164527529 -0.013275325022851298 0.01833645147136726 0.9997437373112051 0.8512732594609864
0.9999201751504453 0.006761790317102546 0.01067340240083807 170.5813420457559 -0.006597659950088926 0.9998605903826872 -0.015338535874299671 0.4439120324269693 -0.010775630389247315 0.015266891998429925 0.9998253886546503 0.849345146419689
0.9999387101387955 0.006482182926574277 0.008975370213443709 171.9337719090483 -0.006390316903216164 0.9999272889322298 -0.010226470481920599 0.4495439493840778 -0.009041007457048876 0.010168488242976557 0.999907426730602 0.844634452265882
0.9999246977360496 0.006838995242050673 0.010189553550039941 173.2761504434735 -0.006767538095652206 0.9999523827369369 -0.007030838274816391 0.4535199268124206 -0.010237152220897149 0.006961350644949244 0.9999233672195107 0.8473708078802874
0.9998926958515246 0.007487995708471737 0.012590738780560665 174.67970229266362 -0.00747041325883812 0.9999710550477967 -0.0014429110639072593 0.4637405356571648 -0.012601178854082703 0.0013486982116393533 0.9999196924276575 0.8706129350284846
0.9998557528491805 0.007514182520128404 0.015231892707501166 176.05464497488646 -0.007524889160784084 0.9999714791389505 0.0006457180324488527 0.4583709419761923 -0.015226606237653375 -0.0007602431937953409 0.9998837794927817 0.8704606450415044
0.9998431309604001 0.006570009452470396 0.0164483569726201 177.46848738375246 -0.006520988361516285 0.9999741410076525 -0.003032165364266587 0.4523236659397478 -0.016467852989787705 0.0029244301670134656 0.9998601189797026 0.8589354646862262
0.9998531639875213 0.005333811189035074 0.016284990707476667 178.86099450159833 -0.005252025068355599 0.999973401803542 -0.005060821883198018 0.45242007228533837 -0.016311551024480824 0.004974549592859218 0.999854583006711 0.8504234282607678
0.9999161007364639 0.0031694852778036604 0.012559691519287212 180.19977776203825 -0.0030672854372926508 0.9999620997603917 -0.008148055156580606 0.4479945763135753 -0.012585040644830736 0.00810884738185972 0.999887925392694 0.8374603795468337
0.9999622256509059 0.001401903964612773 0.008577991405961431 181.61445430406764 -0.0013568525897123657 0.9999852690162213 -0.005255540086914506 0.45572521116861353 -0.008585232806193204 0.005243702492454876 0.9999493974006055 0.8481392806894108
0.9999685300182929 0.000664597222373233 0.007905522347467983 183.0081916331564 -0.0006540269379972184 0.9999988888782554 -0.0013395861371204752 0.4727430988723877 -0.007906403848696062 0.001334373555795062 0.9999678535960017 0.8524131761453048
0.9999580702633408 0.00029769086589673813 0.009152545840583996 184.33475213028981 -0.00031025814991237895 0.999999011085674 0.0013717024293078664 0.4891863172918649 -0.009152128446216361 -0.0013744845661257186 0.999957173751497 0.8463287341476694
0.9999256788224686 0.000949861276844862 0.012154612086781038 185.78547929427143 -0.0010097058079311472 0.9999873947502664 0.004918417911938369 0.495818411720153 -0.012149787060142376 -0.004930324951744735 0.99991403359002 0.8563685336900749
0.9998916422088762 0.0012690614785095043 0.014666060268537336 187.15169216335434 -0.0013674957874361185 0.999976595380544 0.006703629345885161 0.5053723632820533 -0.014657209697208766 -0.006722958731052237 0.999869975561719 0.8654377677031048
0.9998821166410246 0.0015441618497830719 0.015276399629693647 188.60532534983417 -0.0016165957676240112 0.9999875051486062 0.004730345102659265 0.5111332753232006 -0.01526890433490661 -0.004754483236675347 0.9998721195480768 0.8520566019436949
0.9998709565261572 0.0012805568148476143 0.016013446528195318 190.0244668472403 -0.0013447179786211386 0.9999911095010715 0.0039965800847762325 0.5011249904234153 -0.016008186312802476 -0.004017597921644756 0.9998637891622613 0.8509443078779008
0.9998591213202934 0.00175172634376988 0.016693380946566156 191.37842232249298 -0.0017600510938674551 0.9999983339772511 0.0004840070962890075 0.516743439624685 -0.016692505287032602 -0.0005133201134036636 0.9998605386601191 0.8446231474110544
0.9998559964206911 0.001871326700779123 0.016866670031920928 192.83173255611698 -0.001868017450380269 0.9999982327917629 -0.00021195319332118135 0.5124703089679601 -0.016867036858672694 0.00018041543735326294 0.9998577251378709 0.8461920031186404
0.9998414331663512 0.0022117754695791052 0.01766965118866201 194.191940225742 -0.0021514492056650286 0.999991794923576 -0.0034323973896287644 0.5046625882553273 -0.01767709790017185 0.0033938377682286415 0.9998379879135574 0.8332241571356649
0.9998092872552583 0.0028454960349875956 0.01932077302923136 195.64390658660957 -0.00268192981431257 0.9999603928273197 -0.008486461518399295 0.5123372365850088 -0.01934415598063936 0.008433026084807314 0.9997773190568235 0.8248485251374774
0.9997939341446055 0.003033560687685043 0.02007203918904432 197.05758448263543 -0.0027942209650175256 0.999924795337619 -0.01194135663228136 0.4962125941005056 -0.02010675450815113 0.011882810213699675 0.9997272214182097 0.8261910237466361
0.9998613248212569 0.0031344803311079113 0.01635561554130214 198.47255582096898 -0.0029681893412059307 0.9999437608625233 -0.01018159929222079 0.49870441879976407 -0.016386609738311887 0.010131640793400494 0.9998143972138617 0.8171956048582075
0.9999293765226926 0.0032523985207956966 0.011430829838691002 199.91711895303226 -0.003207325009557372 0.9999870185182609 -0.003959275343086665 0.5160747701259036 -0.011443558590851468 0.003922333338872691 0.9999268274568678 0.8161066726626849
0.9999350009914484 0.004403720015084897 0.010516703012867522 201.36047722605915 -0.004470580208418399 0.9999698928471414 0.006342500443564094 0.5208693865895416 -0.010488455788733338 -0.006389103951670664 0.9999245829790677 0.8049695551109173
0.9998824112312802 0.005621060776621951 0.014267704302608803 202.79272718420756 -0.005800256649610896 0.9999044303100962 0.01254939317419621 0.5405014598373213 -0.014195799840791081 -0.012630673853260563 0.999819456374446 0.7949182934517228
0.9998421600488014 0.006561696121672819 0.016510576396771812 204.2202380270835 -0.006797033187927204 0.9998755291903012 0.01423820446044115 0.5367564522754805 -0.01641509454097145 -0.014348180038664626 0.9997623089518772 0.7899882553865502
0.9998384004635521 0.005979088013022832 0.01695356791410726 205.70477235982855 -0.006228839676374612 0.9998722949870323 0.014717176143912878 0.5292844452401991 -0.01686340756702933 -0.014820398911549702 0.9997479588682994 0.7898822793981748
0.9998368984502771 0.004805087116765321 0.017409412256894883 207.1340340812978 -0.00498744666497327 0.9999329953864418 0.010446535945581759 0.5234294688978176 -0.017358049230667392 -0.010531660614479592 0.9997938698809906 0.7881477017499862
0.9998478544063304 0.003755766959538437 0.01703414962958313 208.5674472615487 -0.0038983662169843865 0.999957573362059 0.008345910178081891 0.5179068592258448 -0.01700208163419005 -0.008411045738074158 0.9998200755784494 0.7795324838353834
0.99985798778554 0.0032665802333176706 0.016532807233810176 210.05116963626193 -0.0034118894604478647 0.9999557345007256 0.008768583091013289 0.5208050900661024 -0.016503432120644257 -0.00882374595586351 0.999824873783177 0.7707039379496133
0.9998584283571781 0.0030702435958475907 0.016543785763115222 211.51543064182346 -0.0032250795668663877 0.9999511746022677 0.009340624889831067 0.5268266356679568 -0.01651430001244612 -0.009392657547643667 0.9998195116516239 0.762765065813613
0.9998470903209408 0.002914096119595623 0.01724250621442459 212.94833080522295 -0.003103227685635335 0.9999352059645332 0.010952344525159448 0.52945039896399 -0.017209472818184152 -0.011004177228327501 0.999791349296866 0.7526116541191055
0.9998471234691367 0.0025599374509337335 0.01729671676186645 214.39516233013345 -0.002738212909721345 0.9999432962567154 0.010291086498316627 0.5416534130438077 -0.017269391435541678 -0.010336875325847086 0.9997974380482999 0.7534727867621682
0.999857266896496 0.0022694460380137437 0.016742026429006854 215.8697725477396 -0.0024533063520496617 0.9999368224611064 0.010969611402809816 0.5393711234577951 -0.01671607376784432 -0.011009118995914528 0.9997996660215094 0.7524022863898441
0.9998650760402326 0.0019408261386689365 0.016311434914175346 217.339442247047 -0.0021133355174316926 0.9999419513396411 0.01056540411254672 0.5438876004481734 -0.01628998244476282 -0.010598450121131715 0.9998111368288409 0.7415110533721392
0.9998643275947909 0.0013479457328753573 0.01641674284740559 218.79209807371416 -0.0015142820862571558 0.9999476053839579 0.010123904219793261 0.5396646490059552 -0.01640223622497433 -0.010147390264966171 0.9998139812573291 0.7402455254050964
0.9998689517174387 0.0010918292197161941 0.016152006080516403 220.282855249313 -0.0012964251250963657 0.9999189949989455 0.012661860929327624 0.5465697085268829 -0.0161368730975082 -0.012681141480702297 0.9997893728067834 0.7423666797598019
0.9998708354660276 0.0010852928320697593 0.016035414679277736 221.77628652442883 -0.0012488000771744682 0.9999472993715045 0.010190141216006757 0.5563536605294565 -0.01602351031562644 -0.010208850038254487 0.9998194969583567 0.723466228504913
0.9998736088161523 0.000553797363635915 0.01588898050360725 223.25934842734367 -0.0007480161675370686 0.9999250513615522 0.01222015267540298 0.5564734277726294 -0.015881022157817316 -0.012230493370141916 0.9997990838999332 0.7247479514743708
0.9998730203356815 0.00023978186152007598 0.015933791433958462 224.74676655925984 -0.0004174370389772984 0.9999377809522081 0.011147195642507208 0.5629782565684207 -0.01593012715330584 -0.0111524315300623 0.9998109092822737 0.7108711620064967
