1.0 8.809142651444726e-20 8.673617379884037e-19 -5.551115123125783e-17 -8.809142651444726e-20 1.0 1.7347234759768075e-18 0.0 -8.673617379884037e-19 -1.7347234759768075e-18 1.0 -5.204170427930421e-18
0.9999993011580781 -0.0003480319849955573 0.0011298482609536818 1.3160940844717768 0.0003481171165631284 0.9999999365833229 -7.515200288644408e-05 -0.058402083065748844 -0.0011298220340017183 7.554526988583102e-05 0.9999993588973364 0.018140396604628333
0.9999976844684006 0.0012037922336848642 0.001783799903291163 2.5652097675998258 -0.0012028053760217308 0.9999991230587825 -0.0005542029350592417 -0.11574037075546209 -0.001784465484192614 0.0005520560876714074 0.9999982554569841 0.031373844761168695
0.9999980190878539 -0.0008068050341854988 0.001819584019760073 3.9280448992065753 0.0008079291057575247 0.9999994832112141 -0.000617112521898952 -0.03784238318254519 -0.00181908518993013 0.0006185813943431974 0.9999981541413615 0.04566986718977584
0.9999977973509694 -0.00016602691482753108 0.0020923021467137695 5.246967077014989 0.00016793537166982501 0.999999570036018 -0.0009119898520396583 -0.0346618407132602 -0.002092149832237718 0.0009123392147847487 0.999997395269726 0.0469105318974924
0.9999972377924076 -0.0003011112588272462 0.0023310383019250684 6.577332044137417 0.0003042314439358857 0.9999990581978487 -0.0013382999081955093 -0.04968916368070081 -0.002330633129378135 0.0013390053866818065 0.9999963876003707 0.044255659993017296
0.9999957322059325 -0.000143962287592874 0.0029180206957379324 7.9086867761686435 0.00015117006575687987 0.9999969380660564 -0.0024700214823145067 -0.02649189912051871 -0.0029176561710083184 0.0024704520581519326 0.999992692047845 0.0572329585688384
0.9999957354998879 -0.0002569958878533365 0.002909112433731809 9.23953489446495 0.0002643253927765089 0.9999967913861891 -0.0025193946521545898 -0.022043987819794133 -0.002908455625447993 0.0025201528604824903 0.999992594830299 0.057499055975563734
0.9999961937660582 -0.0006666241949629413 0.0026773243320296846 10.552904676262628 0.0006735043956779515 0.9999964714443368 -0.0025697258034786067 -0.020691870009030663 -0.0026756018435467304 0.0025715192122073103 0.999993114198151 0.05508910003705149
0.9999978756401767 -0.0005721086726049891 0.0019802542261929523 11.883260502914547 0.0005749947067275202 0.9999987730562026 -0.0014571434990002128 0.010495727180802274 -0.001979418152099304 0.0014582790392011426 0.9999969776584441 0.056898787272908334
0.9999983826210848 -0.0005125614721875872 0.0017239593823337677 13.211320726292268 0.0005131219969038517 0.9999998156341374 -0.0003247114219396502 0.0060484026100945075 -0.0017237926299300435 0.00032559549823908706 0.9999984612620864 0.06890125793791523
0.9999986343034342 -0.0005635520772188894 0.0015536409890350596 14.550806168485783 0.0005633093716294743 0.9999998290715783 0.00015665045769269935 0.012157630984307924 -0.0015537290041644876 -0.00015577506322643614 0.9999987808294125 0.06501445526429753
0.99999786760973 -3.192562355474023e-05 0.0020648866185837065 15.905816124499616 3.190660077608198e-05 0.9999999994482454 9.2454463099118e-06 0.03972194700946765 -0.002064886912611034 -9.179543082025022e-06 0.9999978680766145 0.07768705288514752
0.999991174234966 0.0001826510871922349 0.004197390946090029 17.234711431893576 -0.00017900955170878504 0.9999996073260295 -0.0008679305082977842 0.032166160163924686 -0.004197547826334808 0.000867171475075446 0.9999908142607504 0.09051816160495305
0.9999808902304345 0.00015235158090867897 0.006180288257320947 18.590286717730947 -0.00011471156511359758 0.99998144779338 -0.006090230727355326 0.028228116405906827 -0.006181101455615637 0.006089405393910674 0.9999623558548311 0.11756851256358591
0.9999857508017832 0.0002499810715491376 0.005332513746621595 19.939358282283074 -0.0002112934389685178 0.9999736643449325 -0.0072543760345574445 0.028038608767786972 -0.005334186768073461 0.0072531459403475185 0.9999594683413381 0.13173491639619783
0.9999934963027677 -0.0001040312331548596 0.003605069995050241 21.33053830750844 0.00013228792883399865 0.9999692682336563 -0.007838691737151245 0.023476455730107204 -0.0036041437361137626 0.007839117663916435 0.9999627784983703 0.119663457656018
0.999996723755067 0.0005472694092142931 0.002500594994353878 22.65971455423446 -0.0005335203599698199 0.9999847563456751 -0.0054956739628695015 0.046270844539450025 -0.0025035644903910717 0.005494321839354001 0.9999817721300563 0.17065850522283268
0.9999921188247469 0.0013335355559059875 0.003739514850161781 24.022720236847928 -0.001319000711776513 0.999991577244014 -0.003886602391759053 0.05770638678150998 -0.0037446662756217717 0.003881639338015402 0.9999854550694893 0.15214549633515403
0.999966395603516 0.0019155358065940375 0.007971096931185305 25.402336626840498 -0.0018836845087746835 0.9999902200584955 -0.00400143974507612 0.057311541252404334 -0.00797868387543321 0.003986290247301204 0.9999602242557852 0.14659434821523518
0.9999553803624645 0.001913275711126857 0.009250765385216565 26.785802027186143 -0.0018698063818122302 0.9999871815966475 -0.004705365712486489 0.044107130711499555 -0.009259649467104206 0.0046878586206199994 0.9999461399861992 0.16676147288271048
0.9999612634182894 0.0019766058226650205 0.008576986202637114 28.15808360555372 -0.001890526781748331 0.9999478853087975 -0.01003257568880225 0.03923800377259999 -0.008596369663172529 0.01001597203899154 0.9999128875720766 0.18470484171158455
0.9999774600888376 0.002127977840373762 0.006367968639063423 29.496296119730275 -0.0020687975557011403 0.9999547475255266 -0.009285632872013594 0.05329179935207291 -0.006387440093710627 0.009272249536718295 0.9999366109897057 0.19198843001449234
0.9999860827673753 0.0025275274242958744 0.004630969302366584 30.909693235380896 -0.0024843184301219213 0.9999535511379618 -0.00931255757121755 0.046286186542203095 -0.004654291943763943 0.009300923163800304 0.9999459137347396 0.22052082685788815
0.9999904018536577 0.0031124186779280956 0.003083674842370032 32.28522119547361 -0.0030877897917934074 0.9999635538022748 -0.007959687263129194 0.06118432011035489 -0.0031083363334552367 0.007950089125186523 0.9999635665003699 0.18408602711829955
0.9999922242258429 0.0037055363844841144 0.0013492545922819373 33.66396673625712 -0.0036962133795134613 0.9999697217377944 -0.006847891229512185 0.0611447987255023 -0.001374588849305557 0.006842850848980169 0.9999756426522367 0.22264768786410324
0.9999897758650749 0.003943115626956094 0.0022135953717698264 35.06134488083546 -0.0039285797537757655 0.9999709425340393 -0.006533019876222885 0.07364335977229447 -0.00223929150306281 0.006524256795785615 0.9999762095404205 0.2307278749345416
0.9999888753562162 0.0035256778911465273 0.0031334899422105623 36.44914291623636 -0.0035055928554718016 0.9999734240451897 -0.006392340891336044 0.07538375517811137 -0.0031559440016767143 0.006381285038866576 0.9999746592882797 0.2537985372623787
0.9999861919312303 0.0032999635819117934 0.0040897661589276895 37.85495867142973 -0.0032758611839911553 0.9999773110430203 -0.005886096556609546 0.08628712098514195 -0.004109097270675681 0.005872617774771876 0.999974313510148 0.23457243422833
0.9999869585017682 0.0026191301612190332 0.004384402306074109 39.25669013705523 -0.002597828786366556 0.9999848297718954 -0.004857109394481827 0.06693336583800778 -0.004397057195402451 0.004845656123976516 0.9999785925232343 0.22385505594554586
0.9999827620976951 0.003224248099038427 0.00490711031671559 40.64410787716398 -0.0032134553397567362 0.999992404245412 -0.0022057099219348524 0.08279898334521814 -0.004914184799532717 0.0021899031202726803 0.9999855274513126 0.25532717622106604
0.9999826655746915 0.0031035262796441695 0.005003666132582696 42.070197637131876 -0.0031129131142821737 0.9999934077303726 0.0018692960545982425 0.09647841970111821 -0.004997831737636544 -0.0018848396293490108 0.9999857344269937 0.2701774317867226
0.9999823249626643 0.0029318186215433746 0.0051724464071473495 43.46342128136489 -0.002938925240353769 0.999994747175528 0.0013668722629734968 0.10073766317698833 -0.005168411815640426 -0.0013820495367555582 0.9999856886267832 0.26161934578613305
0.9999816609320672 0.002789145831953084 0.005375729259595704 44.890099838168325 -0.002797571049923367 0.9999948693796674 0.0015603879525916298 0.12443897196792199 -0.005371349529215662 -0.0015753983210798365 0.9999843332394589 0.28343898950486307
0.9999870775843941 0.001766513061581644 0.004766979738396395 46.29533004524557 -0.0017727102233769366 0.9999975888002713 0.0012961065185753842 0.10320273388126225 -0.004764678655161878 -0.0013045402434651676 0.9999877979315879 0.301234674365142
0.9999870375170964 0.0008292853556724123 0.005023652414364678 47.72555380531557 -0.0008316856254600319 0.9999995409929603 0.0004757235428750916 0.11068703513709127 -0.005023255597905399 -0.00047989547581713486 0.9999872682207162 0.3051737853634101
0.9999844759993203 -0.00043600118527754747 0.00555496744647069 49.1278368731065 0.0004305444320702286 0.9999994237015452 0.0009834775388353884 0.09583941932202919 -0.005555393042524162 -0.0009810706110249979 0.9999840874276946 0.31688530334247733
0.9999828116336587 -0.0015135776513932257 0.005664408171735105 50.5546779972237 0.001503656911762124 0.9999973290252504 0.0017552658649983492 0.09909590382534916 -0.0056670497734294225 -0.0017467183683471637 0.9999824166063157 0.32910235166499757
0.9999811175284813 -0.0024687550088162654 0.005627595862913287 52.0013852134687 0.002460853625399881 0.9999959772875359 0.0014105347144141812 0.11513239982434421 -0.005631055489354584 -0.0013966593903510746 0.9999831701366895 0.3228461403723079
0.9999716699074891 -0.0037010812375581725 0.006554493123083558 53.41573144083496 0.0036867583543484673 0.9999907927947682 0.002195936822288527 0.12035499191910912 -0.0065625601150920195 -0.002171709778915156 0.999976107955271 0.3394930025346623
0.9999643479147345 -0.004430049387582606 0.007188710724691235 54.86709239424556 0.004420906343099488 0.9999893992258582 0.001287254059094888 0.1382693834827691 -0.007194337117848629 -0.0012554275489619203 0.9999733323519703 0.349020398553395
0.9999547881148343 -0.004515856088769255 0.008368319425220547 56.25477358393149 0.004537895366506214 0.9999862805105242 -0.00261654282780449 0.15434183753968986 -0.008356388685289796 0.0026543990869157797 0.9999615617280635 0.3558754969271124
0.9999517163245213 -0.005140201718289929 0.008375162442550538 57.69365880235264 0.005163507165592001 0.9999828506407766 -0.002763443159731358 0.1640730986358466 -0.00836081415860321 0.002806554941823737 0.9999611092617372 0.3709952169775364
0.9999497077827252 -0.004617036057531322 0.008903082796751997 59.127124351226016 0.004643295229549265 0.9999849243053 -0.0029310359149901854 0.19888140735843993 -0.008889415878088435 0.0029722281485735492 0.9999560711077158 0.3824760561935384
0.99994163453822 -0.005145435110695559 0.00950010602858891 60.55628898658588 0.005170340036093143 0.999983256652787 -0.002598845512475454 0.1652231102634301 -0.009486574774067946 0.0026478126082037663 0.9999514958173961 0.3997023327449322
0.9999408236435938 -0.004007513294977957 0.010113804831105666 61.999081674329844 0.004064237321537457 0.9999760927880605 -0.0055942673620635 0.2095719504005591 -0.010091143937400925 0.005635041216761577 0.9999332053314961 0.3863765263749985
0.9999437423890981 -0.0040160235990108735 0.009817515537914063 63.41248207102536 0.004091103770357144 0.9999624498213694 -0.0076394906365141275 0.19175525022100787 -0.009786466513771243 0.00767922533185511 0.9999226242922385 0.4048858070433662
0.9999539151170267 -0.003537496491536665 0.008924895556951386 64.82008927710442 0.0036075563868921455 0.9999627114952813 -0.007846091760888687 0.20537121024991095 -0.008896807238864879 0.007877927238636912 0.999929390048806 0.4111396344393333
0.9999601074494423 -0.002588804389664253 0.008548777779987627 66.2612106262789 0.0026604754464048625 0.9999613222065893 -0.00838307588231927 0.22230131838412326 -0.008526744988483702 0.008405485273421236 0.9999283186495018 0.41100605451863953
0.9999620344267263 -0.0021887970918229843 0.008434386311618962 67.64010197545537 0.0022455785343942817 0.9999748416280854 -0.00672855764123718 0.2204121082305317 -0.008419446668793958 0.0067472422645411855 0.9999417921257291 0.41626285691188936
0.9999524895139472 -0.001307042678212493 0.00965972847945423 69.10047146662629 0.0013474812329467999 0.9999903517975585 -0.004180981478334837 0.254217254906856 -0.009654170559209328 0.00419379914071405 0.9999446029853759 0.4277404626126794
0.9999431883243058 -0.0006342118633530527 0.010640389989763143 70.46540050470864 0.0006425040928214288 0.9999994925712452 -0.0007759160669394318 0.2591204495180663 -0.01063989249534868 0.00078270847996511 0.9999430884080968 0.43723971853516136
0.999932474873734 0.0003599110681700438 0.011615341446224203 71.91150743869603 -0.0003917665398033769 0.9999961684233375 0.0027403754527993243 0.28563431048538906 -0.011614310649696587 -0.0027447409107278797 0.999928784556913 0.4475606296841236
0.9999339357104864 0.0007734679347806874 0.011468476877534956 73.2649096921038 -0.0008492350597940018 0.9999778383080359 0.006603157774936446 0.29246594646878415 -0.011463115385875888 -0.006612460974656339 0.9999124323387066 0.4443978985313286
0.999939297259973 0.0014256094526391904 0.010925631923135075 74.67935244634842 -0.0015247643522257616 0.9999576816262027 0.009072488656359397 0.30410952438850664 -0.010912235742571915 -0.00908859694552103 0.9998991551734907 0.44359014767171434
0.9999367457536051 0.002084714303106039 0.011052531744553661 76.11389952002172 -0.002198142149630078 0.9999449444960414 0.010260416555812583 0.3077451434379499 -0.011030533204698717 -0.010284062576783477 0.9998862762305206 0.4438910792926599
0.9999310997607336 0.0024222366347598167 0.011486013275942635 77.49373336641736 -0.002546171883768665 0.9999385684863663 0.01078778300554645 0.3148102206235716 -0.011459177109557604 -0.010816285088776011 0.9998758399105612 0.4475792645876929
0.9999280735395473 0.0026178267928500414 0.011704474801225665 78.90620155854018 -0.002735460969243896 0.9999457993970784 0.010045671775621568 0.3142075367779378 -0.011677542582908158 -0.010076966359992128 0.9998810377980992 0.4674011551622713
0.9999430229779184 0.002032755435009544 0.010479441928055333 80.2818322194538 -0.0021343295962355916 0.9999507667313272 0.009690652744027995 0.30573239197227026 -0.010459227263841136 -0.009712467182551693 0.9998981310844977 0.45546562742458013
0.9999414097926967 0.0020318962538057846 0.01063242114515204 81.68694188018029 -0.002131373645691953 0.9999539874049725 0.009353091428967173 0.31650764231879697 -0.010612927408427704 -0.0093752050916201 0.9998997306236829 0.48314394542728956
0.9999388939556546 0.0017421511716947554 0.010916650770128433 83.05098891830134 -0.0018481512642947973 0.9999511742352848 0.009707393181442705 0.33283669872741994 -0.010899206009901304 -0.00972697562296716 0.9998932909333794 0.4765040265172485
0.9999499898795833 0.0016799451025535797 0.009858779045778029 84.42770572119558 -0.0017671869787726118 0.9999593018694485 0.008847126931795943 0.34880571092446516 -0.009843515124340604 -0.00886410679186904 0.9999122625614605 0.47232596387505893
0.9999496247592756 0.0008287347131819293 0.01000305666079275 85.81701062818767 -0.0009208903717717768 0.9999571476995002 0.009211662477712103 0.3515926360549742 -0.009994993982341408 -0.009220410156564529 0.9999075377912888 0.46914674211651125
0.9999408285691828 -0.0003055276784933203 0.01087409827129132 87.18349457832015 0.00021269394501804913 0.9999635341755104 0.008537275941924972 0.3626428886986943 -0.010876310112431469 -0.008534457924232373 0.9999044298863156 0.4854957310005943
0.9999280219009763 -0.0013256037251689915 0.011924503845629184 88.5531288404272 0.0012330827777227275 0.9999691079544701 0.007762901751576101 0.36745841993850176 -0.011934426004793474 -0.00774763909234018 0.9998987666581207 0.48868527485376756
0.9999231384371795 -0.0029140290689416903 0.012050960647454834 89.88737997267762 0.00282929589885256 0.9999711999985955 0.007042319084349775 0.3489601055715312 -0.012071135102295818 -0.007007682067161993 0.999902585299882 0.4968435090079349
0.999910589061252 -0.0035577685834976606 0.012890157713789444 91.25553413395504 0.0034845618630564633 0.9999776991220644 0.005697287702464078 0.36314126894106047 -0.012910139883154672 -0.005651861750644029 0.9999006874419825 0.5078225703818985
0.9999118915343386 -0.0038673445663339853 0.012698535908778244 92.6416519091588 0.003806337114029079 0.9999811156532331 0.004824949190370953 0.3877080991981768 -0.01271695584625693 -0.0047761891629774815 0.999907729268598 0.5212244041788211
0.9999157951198864 -0.003828324076612152 0.012399459848306416 93.98375935478344 0.0037738186951158984 0.9999831275685461 0.004416205462285504 0.4057827523980662 -0.012416157304968596 -0.004369040282849118 0.9999133715101449 0.522774109931727
0.9999184309405083 -0.004119598879692763 0.012089680332527046 95.37111695087727 0.004075976362279402 0.9999851022215354 0.00363066821396212 0.42379016978682155 -0.012104457119854516 -0.003581094812507685 0.999920325764897 0.515351903824957
0.9999241476868609 -0.0039076388510154636 0.011680292432758805 96.7375158907209 0.003867634837001294 0.9999865847238188 0.003445543957072476 0.4286885870182627 -0.011693599679839482 -0.003400107498674009 0.9999258467484101 0.5206762742383098
0.9999323944697555 -0.0038311524709960126 0.010978559137032799 98.06583587105838 0.003775743288755316 0.9999800530474476 0.005063325966312962 0.43614164784167 -0.010997738522021898 -0.005021531436494354 0.999926914313958 0.5284528734728887
0.999931535304217 -0.0034125036353526814 0.011192833559472194 99.41454311411611 0.0033363138053592485 0.9999711871501925 0.0068186420661864216 0.45943164290365707 -0.011215779702878955 -0.006780832424806153 0.9999141096100621 0.5267731532004755
0.9999190697238898 -0.003482814846644571 0.012236176006202217 100.76346984617822 0.0033957368897802502 0.9999688154153851 0.007130018774648492 0.4526525359458141 -0.01226062696138139 -0.007087890906006284 0.999899714385907 0.530060540142215
0.9998979392891207 -0.003386077609453007 0.013879678807253243 102.08046382788304 0.003283320717284638 0.9999670847319019 0.007419518707355669 0.4833059990340967 -0.013904345020072081 -0.007373190029024903 0.9998761449591437 0.5348804414668864
0.9999142997745788 -0.003923198924222994 0.012490060709017961 103.45223730500955 0.0038245516375786095 0.9999613843946197 0.007912175703759586 0.4511371934257561 -0.012520619436971699 -0.007863728746380071 0.9998906919554347 0.5342307776242587
0.9999378929305456 -0.003417669525361993 0.010608007194383378 104.76081482212696 0.0033370122872224636 0.9999654615270912 0.007611839587539316 0.4785225954943618 -0.010633655562204556 -0.007575967788138776 0.9999147614079199 0.5422707473084178
0.9999491741980766 -0.0035705657213379325 0.009428683949217264 106.06384041706343 0.0035139570876593154 0.9999757438802155 0.006013630916157028 0.4759066240011803 -0.00944992731033999 -0.005980193277752591 0.9999374661258523 0.548075522471287
0.999942188071348 -0.003065049393012723 0.010306599211336902 107.43093102431575 0.003008455362982 0.9999803379860833 0.00550207575077947 0.5015132047575569 -0.010323260696780015 -0.005470750721497275 0.9999317482584146 0.5460643424518266
0.9999274920252321 -0.002372976226192231 0.011805916989337226 108.7637764831181 0.002341973192863927 0.9999937748961293 0.0026391912687620447 0.5134324716077213 -0.011812106234414829 -0.0026113507652419173 0.9999268248194403 0.5313225711865419
0.9999077007669782 -0.0016851358051552837 0.013481478561839086 110.11788201339586 0.0016715475098813104 0.9999980836519692 0.0010191277208498278 0.5262720169621515 -0.01348317009524662 -0.0009964987242232818 0.9999086013803838 0.5558343046549736
0.9999156948070582 -0.0011053667056110715 0.012937598036896127 111.41409422980963 0.001093098527737034 0.9999989462770943 0.0009552906939031097 0.5183210842971108 -0.012938640350779951 -0.0009410680885702599 0.9999158494477052 0.5387297880477684
0.9999542832362562 -6.33158613230486e-05 0.009561769112801094 112.76460850571686 4.119584643151764e-05 0.9999973228674036 0.00231356022785963 0.5300256234973956 -0.009561889999735873 -0.0023130605542013016 0.9999516088344004 0.556432889591195
0.999965281913909 0.0006183246515839089 0.0083097919024304 114.11320790500902 -0.0006630056449651487 0.9999853335547875 0.005375230119269443 0.5210077465097789 -0.008306346390032054 -0.005380552940507201 0.9999510259306219 0.5627486729091241
0.9999676857122316 0.0018588010375890037 0.007821278030233069 115.40942205170465 -0.0019205709788766225 0.9999669691638446 0.007897593835441861 0.5285774384719247 -0.007806339631264152 -0.007912359949924576 0.9999382259027726 0.561587331219372
0.999941435126715 0.004198097940132639 0.009975083478890303 116.78540661097159 -0.004285477083053106 0.9999524949414886 0.008754572888660132 0.5801919698342126 -0.009937857057555358 -0.008796808169858568 0.9999119237028461 0.5692085587517095
0.9999163838614816 0.004397026057342402 0.012161062750805612 118.07380118165295 -0.004507533897830585 0.9999486656612007 0.009074589827885986 0.5543399240385838 -0.012120537262757292 -0.009128647448308842 0.9998848735590646 0.5667448597380442
0.9999027571853888 0.005270797951537611 0.012911036442178952 119.447582411268 -0.0053884473331981975 0.9999441254559969 0.009094536897440724 0.5536649488838368 -0.012862379577455924 -0.009163222958960916 0.9998752894919495 0.5744535349175165
0.9999034375642655 0.006415054705894713 0.012327311965127222 120.76133377121032 -0.0065240574046503495 0.9999397974040444 0.008822598400683931 0.5611938124677226 -0.012269972377557236 -0.008902170559998377 0.9998850929667743 0.5803605558671038
0.9998942075198508 0.007656802114382931 0.012367180342773863 122.0825283957338 -0.007790070456131124 0.9999117218218165 0.010763984653401837 0.5485306090810512 -0.012283670890170585 -0.010859187110982953 0.9998655857087745 0.5752120848870859
0.9998920816710084 0.008777137120348276 0.011780784166940901 123.43239529111301 -0.008919169552844244 0.9998875156071626 0.012058380796102131 0.5495823332955974 -0.011673620950889972 -0.012162154287246681 0.9998578941914636 0.5727293241918722
0.9998850807786935 0.010135154962761784 0.01127403521664514 124.77442527992585 -0.01028894325164156 0.9998536563448821 0.01366760917405762 0.56033548939066 -0.01113386199617407 -0.013782036411615286 0.999843033975533 0.5731833452388879
0.9998792135431399 0.011262601050794895 0.010710375433321933 126.11842409766355 -0.011414731796319728 0.9998332979573785 0.014250620817706056 0.5518350058020037 -0.01054809093486398 -0.014371155598718688 0.9998410912061911 0.5741680983158578
0.999869135775154 0.01239976595499122 0.01039024198505355 127.45604085433459 -0.012540968865678128 0.9998283657447233 0.013636830722190412 0.5600932070623783 -0.010219365154285306 -0.013765349850150016 0.9998530290594444 0.5787237809248252
0.9998561933272235 0.012990493611108147 0.010901364177636935 128.75570754364531 -0.013136698532495265 0.9998232610754652 0.013448931708075084 0.5340269545251655 -0.01072472922082624 -0.01359020559674831 0.9998501320172829 0.5705394920301751
0.9998371628886386 0.013762915926526434 0.011671754452411783 130.12730407938304 -0.013923674954045347 0.9998077473537756 0.013805781656347596 0.5213071293000809 -0.011479502714495934 -0.013966047277881402 0.9998365719160607 0.5929535592472139
0.9998347633640157 0.01401113727089093 0.01158162342675779 131.4531896463163 -0.014145598758674712 0.9998325330547703 0.011610679611477194 0.4965558569320159 -0.011417005061816967 -0.011772590099805682 0.9998655200164472 0.5759067847817646
0.9998275286753755 0.014226992469251867 0.011937570446747548 132.80353847020348 -0.014358855510128684 0.9998360233417614 0.011034024495719275 0.48870051877600706 -0.011778631980432063 -0.01120353129208539 0.9998678636276179 0.5936309492798818
0.9998202027338272 0.01422681318470815 0.012536346832152583 134.12670711156682 -0.014346122561737246 0.999852156759038 0.009479102897610121 0.48667680003828134 -0.01239963599192417 -0.009657246548953868 0.9998764856802866 0.5898698583098537
0.9998311818354751 0.013317203323978025 0.012659380913168464 135.4632725301869 -0.01342548883994241 0.999873680298627 0.008507625725643083 0.44809578969765995 -0.012544484002359252 -0.00867614786105394 0.9998836734237676 0.602185035109015
0.999851171066611 0.012267647404976802 0.012130150199964676 136.80388941847644 -0.012378239834451164 0.9998821185956863 0.009084497300504563 0.4429489484866128 -0.012017274871090514 -0.009233295172864031 0.9998851590882442 0.603095236952907
0.9998380462977026 0.011922800162391228 0.013480653243850255 138.14616511075508 -0.01202473524782979 0.9998995279393689 0.007505982204015162 0.4698308175571116 -0.013389806488999253 -0.00766686786863294 0.9998809590242591 0.617672028400923
0.9998563225181694 0.010416609353819398 0.013372679986161755 139.49917249492458 -0.010507100899079429 0.9999222546890575 0.006714566869738174 0.42437115440509 -0.013301697302935936 -0.006854110235584449 0.9998880367429843 0.6217476022300068
0.9998653399194585 0.009384963703601147 0.013461964345070961 140.85906436240072 -0.009461862545292556 0.9999392167475742 0.005660032457646835 0.4399036183376707 -0.01340802688391781 -0.0057866455334429105 0.9998933640886664 0.6205714194386027
0.9998833158822664 0.007967292361538291 0.013033682239090908 142.19028289243568 -0.008047138851582501 0.9999491054455627 0.0060852341715043785 0.4236624438419811 -0.012984536055907877 -0.006189407972049244 0.9998965411743199 0.6143601191156763
0.9998969393308339 0.006612920458813681 0.012742841121046525 143.54013049996087 -0.00668946407260181 0.999959783008108 0.00597356148364711 0.3959684260713392 -0.012702825955361288 -0.0060581886222654145 0.9999009633775562 0.6171113918516077
0.9999223097353922 0.006418385610083109 0.010685448965694282 144.88373677079122 -0.0064580917882965 0.9999723544586203 0.003685562228120566 0.4067762155774373 -0.010661498201102704 -0.003754283506035447 0.9999361168652047 0.6187164953202684
0.999942691526949 0.004940877198544845 0.00949744146334459 146.19856883678136 -0.004949070159339287 0.9999874010266873 0.0008393404846263004 0.4003204644379347 -0.009493174727070751 -0.000886295887441067 0.9999545460235686 0.6407516642405207
0.9999122417118024 0.00449563749754371 0.012461866568409237 147.59737942007453 -0.004387842126539734 0.9999528406829405 -0.008663905100496834 0.4161801011782865 -0.012500228651937536 0.008608464067911924 0.9998848126809611 0.6332724677967427
0.9998986874069987 0.003063221563858928 0.013900776791668191 148.92237033816465 -0.0028464747598865455 0.9998744868334782 -0.015585511250194067 0.40010086607701506 -0.013946773935301316 0.015544364031355758 0.9997819063394068 0.6370540856111063
0.9999376097820541 0.0018716694571080472 0.011012420115300445 150.21673061807329 -0.0016869708745057242 0.9998581635538086 -0.01675729405584666 0.35218593708908735 -0.011042222268235428 0.016737670932625997 0.9997989396369302 0.6493102918024994
0.9999644187987782 0.001958503691653302 0.00820520564711347 151.6191708359012 -0.0018283804288705939 0.9998729274971683 -0.015836220611297653 0.37878626388614683 -0.008235178287624706 0.01582065490212545 0.9998409317071585 0.6581235850630548
0.9999833809052046 0.00218515965955856 0.005335071757604607 152.93246077344773 -0.002129950205315393 0.9999443524935947 -0.010332242171403662 0.34110558724520923 -0.005357352472950543 0.010320707021706085 0.999932388604876 0.6683688037505043
0.9999756143978622 0.0035895481926089034 0.005990471883810958 154.3059155546425 -0.003518048937010223 0.9999229602036778 -0.011903654446892606 0.3745906332552572 -0.00603273912038244 0.01188228939586825 0.9999112046864053 0.6736842621366782
0.999967895965555 0.004178182330984274 0.0068373847800231305 155.63830591621576 -0.0040927967360582 0.999914060414274 -0.012454750126636098 0.3765212070964121 -0.006888835394923621 0.012426366252798174 0.9998990595898432 0.6537005853392279
0.9999403096149906 0.004507997201145835 0.009952646296895781 156.96586363392674 -0.004280475375621806 0.9997316897778626 -0.022764577405654948 0.3658973728740683 -0.010052598551386967 0.022720616521868894 0.9996913117794066 0.6497550562359734
0.9999289080984604 0.0045062262662705806 0.011039595728915256 158.29899418631436 -0.00422832968520275 0.9996768056018532 -0.02506801886364363 0.34826369472729196 -0.01114898995846458 0.025019557680181572 0.9996247904871077 0.659136976314658
0.9999292146674489 0.004148728338058411 0.011151399361324602 159.63954538354224 -0.003856451627330953 0.9996517731034646 -0.02610479480756901 0.319154193929422 -0.011255817846110345 0.02605994213877338 0.9995970117904209 0.665053068085086
0.9999263993897775 0.005263276275379934 0.010931318595869797 161.02457827492654 -0.004988708940217425 0.9996751369457562 -0.02499466654295621 0.3270566865844834 -0.011059321249750403 0.024938293753438756 0.9996278171990624 0.6571906234524642
0.9999231821734031 0.0066784735279417935 0.010441635099536366 162.36074123090853 -0.006430637384199115 0.9997010005865117 -0.02359144610150676 0.34014688763408685 -0.010596067905040526 0.02352248748886772 0.999667152569938 0.6513757990456759
0.9999175481802134 0.00836399785632552 0.009743735481333489 163.69970049400212 -0.008143810426684923 0.9997154150613232 -0.02242247177499722 0.3850300844579859 -0.009928504066828646 0.022341271866787513 0.9997011015190337 0.6567899161165118
0.9999176890438131 0.009147960966288 0.008996107349259545 165.05176803416302 -0.008953566234220991 0.9997305434822396 -0.02141667762271679 0.3926534871560743 -0.009189602220420002 0.02133436755250156 0.9997301615796961 0.6473072401637266
0.9999065189139149 0.009241069693596494 0.01007750288388473 166.40207930275875 -0.009012667332828144 0.9997066853882812 -0.02247921300944112 0.3818038728165698 -0.010282278979116695 0.02238628644715659 0.9996965184085126 0.6416189047328462
0.9999111269728145 0.008817104287145277 0.009999841396015733 167.72500228673402 -0.00859026082441593 0.9997098197620046 -0.022505192520585172 0.35881903280584937 -0.010195370269115805 0.022417291170203912 0.999696713749558 0.6408623726938385
0.9999314460316325 0.008408990892855604 0.008148135323639893 169.1113092521428 -0.0082381227384492 0.9997500974984196 -0.02078162374903827 0.3578064641818725 -0.008320851569083715 0.020713073747375514 0.9997508349609422 0.6403693820765581
0.9999524946889359 0.007454135526591968 0.006280464069225385 170.52517575007985 -0.007341951067754354 0.9998163850732891 -0.017700053488596334 0.34604304690001525 -0.006411249479807529 0.017653101782170465 0.9998236163831978 0.6544570846672741
0.9999632030237561 0.007368084327819692 0.004393623994905667 171.86545219057535 -0.007314825240547534 0.9999010351897765 -0.012017202591020246 0.3493552181583754 -0.004481732942815948 0.011984621802606574 0.9999181381043539 0.654048085633621
0.9999558922241953 0.007711311911340415 0.005361835014190337 173.20981215678594 -0.00765553598770315 0.9999171705422778 -0.010346246829959035 0.35113200266353417 -0.005441174032721246 0.01030474275911218 0.999932100645746 0.6488294891217653
0.9999413944681592 0.008048610989125547 0.007240682993960891 174.6270253353594 -0.008013171655191761 0.9999558383237729 -0.004910242583115965 0.35089343121753314 -0.007279883865676588 0.004851933980006477 0.9999617302814923 0.6650554550375175
0.9999094952168748 0.00819781685654061 0.010667575822153606 175.9912271626876 -0.008169702351354616 0.999963045675821 -0.002676424149198917 0.34711490990616206 -0.010689122444104023 0.0025890310007342402 0.9999395179608875 0.6883105236730109
0.9999112429359801 0.007364603698829765 0.011102651151079774 177.4091101130851 -0.00729200679623405 0.9999518621342313 -0.00656506292178506 0.3478477051519983 -0.011150465779825815 0.006483519618425126 0.9999168120830104 0.6756604953524245
0.9999235784886162 0.0061076794258438935 0.010748648033654709 178.80231451964616 -0.006023653192430486 0.9999511828547624 -0.007832465102329926 0.34754760321757566 -0.01079596150130168 0.007767120405466709 0.9999115556167303 0.6699037067947594
0.9999656453184735 0.00440813652823785 0.007019723296336093 180.1436034942283 -0.004329344391225951 0.9999279023542482 -0.011200306717912339 0.35552354475902753 -0.007068589671983295 0.011169531135261096 0.9999126344907676 0.6572480840169296
0.9999914012649995 0.0023007325534683963 0.0034502211204737944 181.56071035086654 -0.0022705473359891527 0.9999593384081523 -0.00872732176131278 0.34944663951339927 -0.0034701600622716543 0.008719412827012024 0.9999559639449601 0.6830984667764796
0.9999956268722545 0.000688836356518938 0.0028760634277809846 182.95150988732362 -0.0006748957516852119 0.9999880338492825 -0.004845273363860781 0.3207773129695098 -0.002879366612822835 0.004843311131872413 0.9999841256665971 0.6901342643944794
0.9999911737892415 0.0007180142589247742 0.004139661717929312 184.27910393775508 -0.0007099712241462476 0.9999978582775838 -0.001944063040729668 0.35306596032928717 -0.004141048716906508 0.001941106841322113 0.9999895418551911 0.6948604121391099
0.9999759546914024 0.001844450214642862 0.006684911549444313 185.73180576374966 -0.001848843483702396 0.9999980789398988 0.0006510716431988498 0.3836159870764035 -0.0066836978380954105 -0.000663415343137587 0.9999774437772542 0.6963124365194627
0.9999611608946777 0.002233264723191177 0.0085257979594155 187.1096623914744 -0.002263021582262145 0.999991376597661 0.0034821636425055686 0.39748652278831176 -0.008517947844806249 -0.0035013224631732713 0.9999575917535313 0.7059517192944412
0.9999552047290587 0.0024778286597710807 0.009135036967591112 188.55857698736176 -0.0024881404640119814 0.9999962800264418 0.0011176270887563791 0.3988534132687502 -0.009132233697063683 -0.0011403062794674357 0.999957650107889 0.7014858484181771
0.9999481007756218 0.002060408594385885 0.009977498266149286 189.96141182958365 -0.0020569524953007595 0.9999978208752096 -0.0003566388429092024 0.3787568418451132 -0.009978211345672491 0.0003360970936744575 0.9999501599265259 0.7066582791434393
0.9999411610447244 0.0024147239712162608 0.010575611408867142 191.33087848385972 -0.0023786090546439485 0.9999913017431146 -0.0034261723652503745 0.3874758889988114 -0.010583792680022276 0.0034008155277922814 0.9999382069839376 0.7091645066931415
0.9999395141979066 0.0029569966357864456 0.010593588464276776 192.78198849387246 -0.0028947243271949022 0.9999784709525253 -0.0058888201296214415 0.4005405084352408 -0.010610773615719842 0.005857798421372684 0.9999265461427308 0.7036216188149679
0.9999323649712634 0.0030472309023455986 0.01122407532066242 194.13580268859607 -0.002962913531081814 0.9999673260225601 -0.0075211721625246045 0.37916650502461924 -0.011246627333714114 0.0074874075031877855 0.9999087218854018 0.7085647907381986
0.999923452301963 0.0034346155862058515 0.011886671203446213 195.5841688744795 -0.003320866932908475 0.9999486349756764 -0.009575972697086916 0.37571754726260803 -0.011918950429369218 0.00953576562507861 0.9998834971108412 0.7069985890791016
0.9999144470962812 0.0038054005730941078 0.012514687955222804 197.00637476548104 -0.0036471900822684935 0.9999134528653488 -0.012640600594899038 0.36690204005514215 -0.012561707393587307 0.01259387570902042 0.9998417863852178 0.7110752362968308
0.9999428095942897 0.003933420261278311 0.009945136787716803 198.42691194062874 -0.0038361693591827746 0.9999448261763733 -0.009778977847939968 0.3839693859198805 -0.00998305290609541 0.00974026735521149 0.9999027281923594 0.7376903746077798
0.99998198178864 0.004268600792020036 0.004220799135529862 199.8618058091078 -0.00424789042901946 0.9999789548936328 -0.004903590188935863 0.41045776522521893 -0.0042416417773273336 0.004885572342760785 0.9999790696099177 0.7216331810478652
0.9999752225415773 0.0056420344714595465 0.00420972088691709 201.3123980742618 -0.005665268990081813 0.9999686730610094 0.0055278950672007394 0.41184885723128484 -0.004178400434723941 -0.0055516073012080985 0.9999758600217209 0.7320839252296854
0.999954260084891 0.006262829684400005 0.007228741413446933 202.7482471348533 -0.006352447452409116 0.999902419626405 0.012441769834921105 0.4096932134409781 -0.00715011534471057 -0.012487120949401024 0.9998964684710875 0.7332562603216173
0.9999301334395709 0.006708442021326898 0.009732679238951318 204.17389248706144 -0.0068311176632434665 0.9998969483328035 0.012626501741095362 0.36932019168155866 -0.009646972115267133 -0.012692104647908344 0.9998729151290247 0.7313888624498446
0.9999247064228974 0.007180649029855169 0.009950867529633475 205.63334852072623 -0.007287267503987018 0.9999159853855347 0.010719976809695655 0.40898384450103076 -0.009873055120255768 -0.010791684297880376 0.9998930254445259 0.7247385626784784
0.999929327393176 0.005818851028621143 0.010367313622021347 207.08026596819158 -0.005905995719740434 0.9999473200143549 0.008395022970046451 0.39617743898046415 -0.010317918084044008 -0.008455658981765675 0.9999110172398317 0.7449560237345086
0.999938658816137 0.0047957597353671146 0.009983951800063982 208.517555414181 -0.004870446978271184 0.9999602388442326 0.007469904739510416 0.3975626232520575 -0.009947730958224512 -0.007518072834586177 0.9999222575928775 0.7479364384560405
0.999946896739941 0.004402452282329855 0.009317838486667389 210.03578168812112 -0.004474097841979217 0.9999604819757469 0.007682248065001368 0.40724400697857804 -0.009283649533572897 -0.0077235290336496445 0.9999270778164796 0.7404474430812422
0.999945434699051 0.004549082379967777 0.009403907380780258 211.49593127093829 -0.004632620113672374 0.9999498348556732 0.00888068707894137 0.42081837364736824 -0.009363036655296447 -0.00892376723205759 0.9999163464625327 0.7542709236127477
0.9999437403140845 0.0038086540727257424 0.009900018223882064 212.93927419356118 -0.0039057559685087184 0.9999442774959526 0.009807495776794045 0.3970119858590119 -0.009862113211342987 -0.009845611065428297 0.9999028966183441 0.7423811001841544
0.9999463858810428 0.0034105609422171008 0.009777189652457156 214.38560748846177 -0.0035110998226055836 0.9999409504311574 0.010284348733360444 0.40613380886206446 -0.009741536915517547 -0.01031812603591838 0.9998993142980099 0.7522914363418473
0.9999517821637701 0.0033528900132327516 0.009229922863134992 215.83263377979844 -0.003453902073052657 0.9999340831904743 0.010949878286786372 0.4176690427227867 -0.009192600718513806 -0.010981229557059501 0.9998974490863776 0.759571422108467
0.9999569680536541 0.0033169244721258846 0.008663720505055579 217.3270028561386 -0.0034035590205638774 0.9999441646769497 0.010004164858237548 0.42772004135145714 -0.008630053704180891 -0.010033221843628759 0.9999124244815141 0.7586309810257296
0.9999597425153993 0.002434571311053923 0.008636330879931896 218.8017644138217 -0.002526736070655666 0.999939807471982 0.010676939529888465 0.4089603648690666 -0.008609817266674107 -0.0106983314319122 0.9999057039297293 0.7720402434428573
0.9999627101164564 0.0025031499518377884 0.008265144697476978 220.27897011350157 -0.002601962293012816 0.99992501619348 0.011966276893616524 0.4236237566850458 -0.008234571560036187 -0.011987336267393843 0.9998942422078622 0.7709445224633954
0.9999626334983778 0.002544058092092661 0.008261923227241634 221.7651691710266 -0.002636300143705412 0.9999341038545363 0.011173086868791789 0.4324759384406297 -0.008232953816284638 -0.011194450279014442 0.9999034467159363 0.7815647931390239
0.9999678361839963 0.001978267250004123 0.007772583623474934 223.26168109762116 -0.0020718399820435604 0.9999252585023372 0.012049269194563922 0.4331822640775117 -0.007748166014300116 -0.012064985193601462 0.9998971957434889 0.7808114417356684
0.9999706443183435 0.001344216277158008 0.00754344643761522 224.7518009989408 -0.001430851743054799 0.9999329497261541 0.01149124515629492 0.4220423488801259 -0.0075274939286819305 -0.01150170137644418 0.9999055193870073 0.7752464786430393
