1.0 -2.1684043449710093e-19 -2.5135375298442207e-37 0.0 2.1684043449710093e-19 1.0 2.3183291766350204e-18 -8.673617379884035e-19 -2.51353752984422e-37 -2.3183291766350204e-18 1.0 0.0
0.9999996051917989 -0.0005752605321510217 0.000677267721610383 1.3273296131564947 0.0005753941083097035 0.9999998150465057 -0.00019704967556571635 -0.005147294397329037 -0.0006771542414461252 0.00019743929362565135 0.9999997512398984 0.014190926913472833
0.9999992601539638 -0.0006470405596256914 0.0010300631238006621 2.623440015128795 0.0006476885246415298 0.9999995925270339 -0.00062884444906315 0.0025565359774911375 -0.0010296558162135466 0.0006295111438800191 0.9999992717620447 0.02334949003255532
0.9999983865324534 -0.0013303332004357654 0.0012071230532606607 3.9461945310002564 0.0013310064323033728 0.9999989590390047 -0.000557084180507161 0.0020274243918167096 -0.0012063806891118795 0.0005586899702183868 0.9999991162551846 0.04234461964541795
0.9999985941994876 -0.0008635833129860243 0.0014372970848619692 5.279320172421826 0.0008648361681006644 0.9999992464633675 -0.000871281297626511 0.013000389035556727 -0.0014365435778164169 0.0008725230992821107 0.9999985875219977 0.04301812525486972
0.9999977931357295 -0.001191163591171408 0.001730564350120825 6.609836906458676 0.0011932121504741368 0.9999985881374855 -0.0011832023493067736 0.008000341498876518 -0.0017291525192424078 0.0011852646685495255 0.9999978025872011 0.044665623117091435
0.9999966599886123 -0.0008325104062540745 0.0024468220293309235 7.9386239606554145 0.0008385443892713259 0.9999966076934994 -0.002466058555781031 0.019662922882924823 -0.0024447607095505284 0.002468102088001613 0.9999939657903724 0.06418015794358474
0.9999964071052808 -0.0007352732513904983 0.0025778188018871755 9.254854154839498 0.0007418078551775075 0.9999965120050054 -0.0025348962363531294 0.0330990653191517 -0.0025759459690704568 0.0025367993749742922 0.9999934645542918 0.06717973943619204
0.9999966307964755 -0.0012798562209457814 0.0022583984925885693 10.584365891923921 0.0012846647698622417 0.9999969084486569 -0.0021290207978741033 0.026231834955020947 -0.0022556666701209938 0.002131914909749466 0.9999951834417459 0.08852353884225286
0.9999991911842413 -0.001144968327858314 0.0005537855103674169 11.907120438979918 0.0011452410672595655 0.9999992229655443 -0.0004924339603777818 0.05110565191624312 -0.0005532212587688 0.0004930677799983604 0.9999997254151639 0.09146160658640554
0.9999985191453211 -0.0011140739645969862 -0.0013116959884721452 13.239360546722564 0.0011190355267153129 0.9999921996929511 0.0037879166758125467 0.04282435284559548 0.0013074657374920948 -0.0037893789008697646 0.9999919655381692 0.1159905386500406
0.9999991483486895 -0.0010855291325998176 -0.0007245194255440319 14.588915898358351 0.0010900658896691481 0.9999796173037477 0.006291004165205739 0.06231588301714357 0.0007176755895900144 -0.006291788581375985 0.9999799489680757 0.12886892819533785
0.9999998517674769 -0.000543030840150762 -3.9781037608470636e-05 15.93524557082436 0.0005432635932384617 0.9999812152012236 0.006105252603476599 0.08820801327270783 3.6464949879085526e-05 -0.006105273310069035 0.9999813619803706 0.14078204885271636
0.9999957853343384 -0.00018829715871171486 0.0028972155149047684 17.267983976984986 0.00017431196663531535 0.9999883366556204 0.00482661041144934 0.08081036749784459 -0.0028980905607091604 -0.004826085049566008 0.999984154861564 0.16223924156885505
0.999987799727352 -0.00013234558097522953 0.004937902499710467 18.633236508217358 0.0001297104121048475 0.9999998490213311 0.0005339780183124211 0.08682664622800913 -0.004937972423823581 -0.0005333310062668386 0.9999876659171247 0.1854988705647252
0.999992248522551 -0.0004651973250753504 0.003909793634113604 19.97987635366565 0.00047129112942538765 0.9999986755348755 -0.0015578232139839014 0.0798738547272908 -0.003909063760536206 0.0015596537896100302 0.9999911433110659 0.21330025281569479
0.9999992448869118 -0.0003667557480352221 0.001172909130071345 21.338736639164015 0.0003696484616048531 0.9999968886122867 -0.0024670074504338072 0.07809022052629354 -0.0011720006915333966 0.002467439151619726 0.9999962690722461 0.20106652005827386
0.9999999998000785 -1.9163244232052567e-05 5.7107838559204605e-06 22.677669643118275 1.916587105448501e-05 0.9999998938638797 -0.0004603312924281641 0.09755861112259027 -5.701961808815561e-06 0.00046033140178828094 0.9999998940312385 0.24799672879936258
0.9999989452520681 0.0006385907128334745 0.001304490955376416 24.049541259379765 -0.0006409027450196557 0.999998223360945 0.0017727150433709603 0.09811549475646725 -0.0013033565984036407 -0.0017735492254375887 0.9999975778894279 0.2244427831128592
0.9999810839963416 0.001330487262564211 0.006005118911877428 25.447947595661994 -0.0013433780981495008 0.9999968011845062 0.0021431182983047115 0.10746234228145538 -0.006002248311011949 -0.00215114490429414 0.999979672588805 0.23896419453605736
0.9999765822451817 0.0015722964322393627 0.006660543909813445 26.81335307394608 -0.0015763353306690795 0.9999985768705054 0.000601185403336065 0.10132412365890153 -0.006659589189332176 -0.0006116705756102011 0.99997763761543 0.25312132345384447
0.9999776117555707 0.001471867899213366 0.006527602355567069 28.188198266302443 -0.0014484265448592773 0.9999924911925439 -0.0035943871625309016 0.09594442485003936 -0.006532843804139705 0.003584851937986444 0.9999722350087593 0.2866830320680505
0.9999906943010335 0.001510593494154591 0.004040967536657711 29.54051598758305 -0.0014949810416663 0.9999914180896742 -0.003863777774080687 0.10893944769005376 -0.004046769455005068 0.0038577006490705555 0.9999843707792038 0.2740231390382644
0.999995429744942 0.0020071492600343735 0.0022609380965645264 30.94202898868684 -0.0019987599274438237 0.9999911325458283 -0.0037067220645594897 0.1066907162740892 -0.0022683579922486044 0.003702186051428382 0.9999905741408063 0.31686976354668117
0.9999963968479104 0.0025677285526679887 0.0007829822962077926 32.31518689670908 -0.0025667373276325217 0.9999959066324285 -0.0012643487961817303 0.12466236449234386 -0.0007862255956779393 0.0012623345306541716 0.9999988941798114 0.29533569068956583
0.9999940433279708 0.003357008321492529 -0.0008023737944264615 33.69663807892661 -0.003356709235095499 0.9999942963689245 0.0003738084146577293 0.12298293704154378 0.0008036240959410033 -0.00037111285247785154 0.9999996082317049 0.3347489131256153
0.9999938071781231 0.0034702227501939745 -0.0005857981449361242 35.08994497745519 -0.003469977103028849 0.9999938914803489 0.00041983436360045894 0.13402838204158615 0.0005872514853365237 -0.0004177990574911022 0.9999997402897866 0.3254198095454619
0.9999953940465814 0.002912111387548698 0.0008552735754688958 36.48379372639414 -0.0029126337700563685 0.9999955721192736 0.0006101691307370148 0.1330319903616198 -0.0008534929079455653 -0.0006126574190249688 0.9999994481002192 0.3608829643269994
0.9999947420148052 0.002743228410070859 0.0017293468805785997 37.89033975930252 -0.0027445823258652187 0.9999959286299633 0.0007810194323909214 0.14422460620217817 -0.001727197325071775 -0.0007857616606860353 0.9999981996823859 0.33770023599932253
0.9999946231621126 0.0020390963137654236 0.002568215934771559 39.28690461628364 -0.0020474106298205637 0.9999926586872427 0.0032389321284295755 0.12717593444292483 -0.0025615925861315367 -0.0032441729058211182 0.9999914567562965 0.3653103322127678
0.9999927364869937 0.002674573003935517 0.0027154433340441076 40.68639301299103 -0.002689090284699038 0.9999820371650369 0.005356691208528048 0.14617325793400127 -0.0027010676952868985 -0.005363954372420013 0.9999819659507846 0.38512679773236663
0.999992501311374 0.0025188967503420854 0.0029415098474759303 42.10877576291384 -0.002545406811369631 0.999955865185642 0.009043704163605152 0.15419908293543858 -0.0029185998674561195 -0.00905112368688508 0.9999547784449146 0.40246839399064
0.9999920014676105 0.0024483377208729526 0.003162695560301672 43.49531828520451 -0.0024766820215318614 0.9999565268754838 0.008989460789398947 0.16616890860081757 -0.0031405488321027786 -0.008997221878139436 0.9999545924448313 0.405136991850824
0.9999927358100222 0.002142535156590287 0.0031524387844796354 44.92235455318914 -0.002169878036779558 0.9999598360058578 0.00869586133993317 0.17684279803547479 -0.003133680981309121 -0.00870263857922511 0.9999572211476183 0.41988922075338997
0.9999958914028997 0.0011847219784571323 0.002610289477001136 46.31499268905427 -0.0012061930222762413 0.9999653282645871 0.008239379047583362 0.1631409415465205 -0.002600437600288527 -0.008242493708247778 0.9999626488133228 0.442413200338385
0.9999948049441011 0.0001568104830186702 0.003219548925154945 47.75220570189608 -0.0001820899629638464 0.9999691475209993 0.007853078973961425 0.16859669868882318 -0.0032182181489822494 -0.007853624424321718 0.9999639811789959 0.46123833360610056
0.9999914343470078 -0.0008930361727999192 0.004041499598930083 49.1476613830596 0.0008596993707284796 0.9999656575360125 0.008242855425283743 0.16996028830219778 -0.004048721971937589 -0.008239310345182504 0.9999578599198218 0.4730741013029405
0.9999903471919838 -0.0017761253711595633 0.004018818423575813 50.578907993862266 0.0017397725813068456 0.9999577050673636 0.009031127713457664 0.18264243503511968 -0.004034688862983364 -0.009024048707613088 0.9999511427218339 0.4916741096062425
0.9999866696028971 -0.0029974287013728442 0.004204288011857011 52.03279260906571 0.002959300998093637 0.9999547064792726 0.009045856927590945 0.18297351336693643 -0.004231211896034075 -0.009033294589016201 0.9999502469796979 0.49639067362663714
0.9999778163979274 -0.004079198623307996 0.005265629176512298 53.44785676640602 0.004027432679980331 0.999943825548901 0.009804362938868843 0.20168528026168814 -0.005305327326486262 -0.009782938475756687 0.9999380718908238 0.5132954036636851
0.9999714501841738 -0.004871125523426932 0.005776759705546709 54.90131454365459 0.004821677131412361 0.9999518819454691 0.008543138963820114 0.21232058514992858 -0.005818096441365032 -0.00851504138861022 0.9999468204979449 0.5223888106330495
0.9999629948439612 -0.005132951569934507 0.006903749045023564 56.28709798724666 0.005095995411066909 0.999972650042553 0.005360037093557918 0.22480323341049455 -0.006931073038595243 -0.005324657271096299 0.9999618033962492 0.5301437045030525
0.9999611862993876 -0.005512266981246716 0.006873194850201692 57.71392212330237 0.005481153063243714 0.9999746837135193 0.004537498555862827 0.24210877577707896 -0.006898032749898764 -0.0044996494057448965 0.9999660845745753 0.5510117097281864
0.999957067979678 -0.005203338697487725 0.007667298343284379 59.15999029339317 0.005175285326459706 0.9999798583436599 0.003674143272073766 0.2674800956178964 -0.007686261723063786 -0.003634305077070555 0.9999638559504694 0.5703412634826436
0.9999531223856672 -0.005409454955293382 0.008030618173072558 60.57292125453337 0.005381539182695022 0.9999794162802449 0.0034937160511420355 0.25098034035617517 -0.00804935197268386 -0.003450335187708749 0.9999616508246265 0.5854893117806651
0.9999523090849661 -0.0046168980686383055 0.008606033224900977 62.026357107715164 0.004606704587706736 0.9999886643789605 0.0012039046574656514 0.27707197803313255 -0.008611493975257565 -0.0011642017894118153 0.9999622426900466 0.5809142311509587
0.9999534487849339 -0.004579112653472937 0.008493055423315615 63.438412728929016 0.004588773037436513 0.99998884621325 -0.0011183072493542807 0.26944037542852456 -0.008487839838710577 0.0011572278945249706 0.9999633080260859 0.5988350372978145
0.9999634898318192 -0.0040321787822693 0.007533958961731124 64.84724298696227 0.004044080605317914 0.9999905977504411 -0.0015651909701994476 0.2891713145383903 -0.007527576995748561 0.0015956017621322884 0.9999703943815486 0.6116155662961954
0.9999678821223288 -0.0032138468245110833 0.007342064585182379 66.29832471691212 0.003230668410213273 0.9999921812146867 -0.002280414680842686 0.2977267331249851 -0.007334678275675036 0.0023040612148840216 0.9999704464615493 0.610219665249393
0.9999710191613262 -0.002670179541300081 0.00712958474776691 67.67270138978999 0.0026760958955020435 0.9999960827026811 -0.000820420654587142 0.30972230166477743 -0.007127366148616554 0.0008394763305886398 0.9999742476340447 0.6145504098251217
0.9999602277262275 -0.0020217136132821977 0.008686520579451408 69.13945374233714 0.0020005683380735833 0.9999950165266345 0.002442262930280475 0.32689682230102146 -0.008691414846620825 -0.0024247878178913127 0.9999592890273095 0.6366972119607894
0.9999511049327963 -0.0011999014497329037 0.009815700697892412 70.50760080041294 0.0011434863505091822 0.9999828089026356 0.005751029313184623 0.3398403150090446 -0.009822432623636364 -0.005739523996451141 0.9999352867469216 0.6486837243905552
0.9999425494752653 -0.00010978768515701807 0.010718474498306228 71.95352307531243 1.0460844695629467e-05 0.9999570650264836 0.009266498486024875 0.3653994678251607 -0.0107190316483058 -0.0092658539965273 0.9998996181168577 0.6561105312975508
0.9999435860080155 0.00022118925430923765 0.01061959870919119 73.32109312117043 -0.000357748793398173 0.999917255354086 0.012859022550419933 0.3662656928267902 -0.010615875716647176 -0.012862096270249432 0.9998609251602462 0.662727218147209
0.9999482857556513 0.0007182331774287467 0.010144454417911 74.7088780686371 -0.0008893601961679568 0.9998572183196134 0.01687459666499691 0.3773026458289761 -0.010130886080482076 -0.016882746081952824 0.9998061502271111 0.669626566016682
0.9999469145795903 0.0017454036575312347 0.010154880050003486 76.14985476423425 -0.0019244882546639978 0.9998423327851145 0.01765236289503617 0.39746367907924673 -0.01012246845958744 -0.017670968759314416 0.9997926147433737 0.6673992495656221
0.9999419953956401 0.002115947233258112 0.01056071074746228 77.5224015169516 -0.002309363680030365 0.9998292097269438 0.01833625414822989 0.4015777587310798 -0.010520108534556788 -0.018359579082898075 0.9997761015208955 0.6732832951717648
0.9999397096621025 0.0019544840182898924 0.010805416840279152 78.9293617747633 -0.00214841415097442 0.9998363061069154 0.017965113612621354 0.39258659071259355 -0.010768535532087535 -0.01798724500029811 0.9997802246793008 0.696351377511613
0.999953829090316 0.0015503934467457194 0.009483457585471148 80.29471820447552 -0.0017107272029913648 0.9998553492617024 0.016921996489660345 0.3873919386573072 -0.009455850043866372 -0.016937438794558626 0.9998118373309192 0.6890348144474977
0.9999524706087154 0.0015039369179727351 0.009633000429403214 81.70175359566113 -0.0016646262952993841 0.9998592448183496 0.016694896542858415 0.40255980769809446 -0.009606536463425394 -0.01671013839040559 0.9998142256100132 0.7147572942900473
0.9999452768158806 0.0013269366428415833 0.010377023309105768 83.0671915595368 -0.00149248955328992 0.9998714795204574 0.015962359365235976 0.4202529910615893 -0.010354508609545919 -0.01597697345298854 0.9998187438084651 0.7142425407315952
0.9999561255077651 0.0010249731311238583 0.009311094972096323 84.44721058154497 -0.0011739915258569213 0.9998710937083168 0.016013048130559183 0.43031989257950304 -0.009293481769290741 -0.016023276712797012 0.99982842818155 0.7117322928113203
0.9999552115840485 0.00018723832966706226 0.009462545519506399 85.84334174413064 -0.0003322072625983441 0.9998825707865835 0.015321040289332115 0.4362294750524137 -0.00945856565423659 -0.015323497610551075 0.9998378498320335 0.7055128350654213
0.9999490741425717 -0.0008796826603008473 0.010053620235048506 87.21194234317134 0.0007215018029924099 0.999876070132161 0.015726532110231093 0.44258158014275767 -0.010066208648825507 -0.01571847751797282 0.999825785278593 0.7178933186223719
0.9999357862323461 -0.0019527013413017649 0.011162901476383033 88.59814250296446 0.0017889927089945192 0.9998909852509316 0.014656640781862396 0.45121910972750334 -0.01119030459759343 -0.01463572927438417 0.9998302718519878 0.7203438591933974
0.9999248476852672 -0.0029733729895200464 0.011893613187773032 89.97347052956069 0.002829300609326372 0.9999226447135622 0.01211196297457713 0.4544507057024332 -0.011928706537476783 -0.012077402125484374 0.9998559107782692 0.7431405472787106
0.9999167856569264 -0.003949923428579194 0.012280874009150249 91.33870293390481 0.0038084109277268783 0.9999263312043157 0.01152511043255832 0.45760277557042933 -0.012325492595666569 -0.011477380763286341 0.9998581659230917 0.7410087308340128
0.9999214028495463 -0.004319510309201847 0.01176987485421364 92.71441795911261 0.004192299915864546 0.9999327662644735 0.01081145559548971 0.46715366555263227 -0.011815783715462708 -0.010761263000526594 0.9998722830811059 0.750549211105577
0.9999204145374563 -0.004351300069722012 0.011841907740931351 94.04540822814137 0.0042428789168320125 0.9999489945869117 0.00916548979168529 0.4765532167970032 -0.01188118553590487 -0.009114516571251714 0.9998878752229842 0.7637877625892733
0.9999233716592578 -0.004666891982175439 0.011466077306919878 95.4283950528255 0.004567354056938759 0.9999517932005795 0.008691982044617451 0.5015687397082721 -0.011506089105344243 -0.008638946357750678 0.9998964839018725 0.7616714294687056
0.9999300994468726 -0.004497828105132824 0.010934613047755537 96.78384108978733 0.004407543835774694 0.9999561152847659 0.008266865302853399 0.4989072762960831 -0.010971316124476264 -0.008218092658060885 0.9999060421737437 0.7659256317758569
0.99993745671378 -0.004176950977885012 0.010374764638572388 98.12570281090429 0.004076476206360632 0.9999447718774173 0.00968687445768643 0.5221943066292827 -0.010414653259537844 -0.009643976127528913 0.9998992592866219 0.7736971364002968
0.9999375508938342 -0.003989849512028023 0.01043912895371162 99.4783978635312 0.0038704490732684453 0.999927149405621 0.01143308818824329 0.5359336349756258 -0.01048398475829138 -0.011391970085120596 0.999880147358256 0.774192832099314
0.999924095343684 -0.003825502951162387 0.011711920350039812 100.82874123723377 0.0036870887937758994 0.9999233778542985 0.011817097641823546 0.5406297762476246 -0.011756229299475278 -0.011773017778812164 0.999861583983022 0.7789479561693312
0.9999043780938217 -0.003775580714340592 0.013303370214994656 102.12894454270716 0.003617736010790797 0.9999230144221248 0.011869170785167991 0.5730852919861896 -0.013347159059662661 -0.01181990775094109 0.9998410589317661 0.7835260483402127
0.9999138570838075 -0.0038999667860836968 0.012532704051821192 103.50166114171041 0.0037571590708920135 0.9999279795996483 0.011398217820407147 0.5578026511402618 -0.012576254112378024 -0.011350148581973593 0.9998564956830895 0.7982729316308789
0.9999413674382805 -0.003593008952223992 0.01021528131432459 104.82581129854469 0.003474696753272013 0.9999269571114875 0.011576135980286348 0.5704473813921512 -0.010256128320879758 -0.011539962236962367 0.9998808134490005 0.7998161034099511
0.9999546233074236 -0.003668034091261052 0.008791862829570632 106.14929164308097 0.0035767116511701 0.9999397246961502 0.010380467636465242 0.5864889316132762 -0.008829408806540961 -0.010348550646958488 0.9999074702389388 0.7979522346337855
0.9999442636250221 -0.0032465650438524896 0.010046365453658614 107.50013891244197 0.0031547262341328763 0.9999532174860691 0.009143880010467552 0.5980521686991644 -0.010075581660633989 -0.009111676831088194 0.9999077257424935 0.8139915160296189
0.9999236347616743 -0.002749737260568386 0.012048385368976636 108.80908674718515 0.0026781951457479714 0.9999787120567472 0.005950017150416531 0.6001278599479504 -0.012064489867492135 -0.005917294848729504 0.9999097127770639 0.8034996932436975
0.9999120920003601 -0.0022055721611118633 0.013074544845058768 110.16611403602329 0.0021393022999574964 0.9999848061533017 0.005080437797418753 0.6099805906466745 -0.013085551464600985 -0.005052020782436754 0.9999016178749193 0.8138737201157407
0.9999256289297155 -0.0015332882945089587 0.012098993202699701 111.47889097535857 0.0014807343258964245 0.999989436195298 0.004351427773289075 0.6087849622000086 -0.012105537384567601 -0.004333188758404284 0.9999173363032641 0.824616896209183
0.9999537460715777 -0.0001966383980002012 0.009615978928791418 112.83625872847054 0.00014349777898001452 0.9999847175990844 0.005526660534813601 0.6455185382975661 -0.009616918727220087 -0.005525025033433809 0.9999384925947065 0.8282705778722466
0.9999678073351151 0.0002750283373189734 0.008019267598458816 114.18136727915167 -0.000343911153749625 0.9999630499874718 0.008589550912090328 0.6271202258838431 -0.008016608916514916 -0.008592032307128317 0.9999309530974191 0.8397978652689739
0.9999714948258687 0.0019396590967224762 0.007297071899471321 115.47732214877469 -0.002023768661881618 0.9999314008281054 0.011536810579449872 0.6483091352593618 -0.007274193846794168 -0.011551249306089032 0.9999068230307001 0.8340122308041741
0.9999485016815741 0.003374612928985646 0.009571100895624868 116.8512192296126 -0.0034903715691830574 0.9999206545673637 0.012103795928711119 0.6572757464019011 -0.009529495846252668 -0.012136579302026093 0.9998809389881186 0.8495769232307078
0.9999255396281618 0.004134271889295662 0.011481419567059477 118.14240391428079 -0.004281794749947916 0.9999082147523518 0.012854116246710736 0.6590311199981783 -0.011427223330660648 -0.012902320206459539 0.9998514633185477 0.8400575810087838
0.9999099872809387 0.004963634821585374 0.012465137993253604 119.51578807780947 -0.00512049451886684 0.9999077119482003 0.012583645036204832 0.6578876583316854 -0.012401526991268615 -0.012646340018870796 0.999843123801135 0.8501231648227816
0.9999103921118555 0.0060752626795876905 0.011928911521567843 120.83807753675394 -0.006225384133482994 0.9999013869024181 0.01258813183165726 0.6596918900740026 -0.011851258967129326 -0.012661265892264233 0.9998496086946773 0.8551481982527627
0.999901335585228 0.007381182372761258 0.0119514535374329 122.14115285857532 -0.007549084931233581 0.9998725842310786 0.01406508513182904 0.6525076194353444 -0.011846113775344256 -0.014153919946241563 0.9998296535603338 0.8555362792832868
0.9998958427087083 0.008678505828844881 0.011532010684204643 123.51005059024904 -0.008858786925736788 0.9998378936867411 0.01567508348511116 0.6653764293502775 -0.011394104969074998 -0.01577561043635127 0.9998106343139757 0.8519565976697129
0.9998890020447752 0.009962190279568975 0.011078734347274844 124.85824267626403 -0.010153405683812313 0.9997981046615496 0.01733950022904177 0.6683543845286236 -0.010903758201819855 -0.01745006246426279 0.9997882792757022 0.859887328265817
0.9998873294192517 0.010802112329480832 0.010423187423144228 126.18202159875241 -0.010984612112265285 0.9997845267305719 0.01761358586061481 0.6501276256223593 -0.010230677571880988 -0.01772609599848352 0.9997905374412546 0.8592796744418161
0.9998801149359516 0.01193100398236012 0.009869493383208642 127.51692337246698 -0.01209802490635547 0.9997816143466086 0.01703999436192115 0.6557615898068361 -0.009664033786856032 -0.017157352897868853 0.9998060970470747 0.8666432672192679
0.9998639062766846 0.012594383396551882 0.010656004504032125 128.84145935422126 -0.012770009389970347 0.9997810391811276 0.016577109340435416 0.6343604683330518 -0.010444892785920009 -0.016710930577479525 0.9998058056512401 0.8663482884441356
0.9998424024176119 0.013407742955153845 0.01163626901659816 130.20935237148947 -0.013602585141979158 0.9997658334200173 0.016829973364010212 0.6247734883405114 -0.01140789223447205 -0.016985604340929644 0.9997906527068255 0.8785262976585099
0.9998311268465595 0.013749236631917218 0.012193288349688835 131.54048161048382 -0.013924186097762338 0.9997996303391945 0.014381106185719427 0.6067496412390775 -0.01199311595266192 -0.014548459219092626 0.9998222379523755 0.8697652470565516
0.9998293099254308 0.013875414984372674 0.012199339041448504 132.88807227370535 -0.01404676805694911 0.9998022796588382 0.014074441237385625 0.5930403675154146 -0.012001638271129388 -0.014243400155924608 0.9998265280691481 0.8878245073641241
0.9998207798270243 0.013715242128682659 0.013049917985663463 134.21286514001662 -0.013864020706446703 0.9998391362287935 0.011379393442155604 0.5802542691112109 -0.012891747590305645 -0.011558278358465212 0.9998500932867167 0.8710664485998404
0.999828391891301 0.012870043592493902 0.013324741873005292 135.54173272831372 -0.013010906082311167 0.9998598095023139 0.010539338922054584 0.5455901207349192 -0.013187232119447665 -0.010710897251115943 0.9998556763798983 0.8895394317626617
0.9998490342716194 0.011920671719070325 0.012641449753726348 136.89405509976595 -0.012050871102184082 0.9998746055791741 0.01027373464566277 0.5454558216538281 -0.012517394768416297 -0.010424524145355694 0.9998673132593916 0.8851526357781394
0.9998325460603462 0.0114334106662888 0.014288350465390029 138.2220514745055 -0.011540250046722031 0.9999058977579551 0.007417429319987008 0.5639046071197399 -0.014202199384072528 -0.00758107837935107 0.9998704039940682 0.8906237750028844
0.9998480115952565 0.009864594309892592 0.014375099586194423 139.57283058586992 -0.00996886430942679 0.9999243880074117 0.007200000859955845 0.5159809699719811 -0.014302987568756715 -0.007342209960520258 0.9998707498969572 0.8935418767877504
0.9998555691695261 0.008856757543186409 0.01450512483587473 140.9288503242628 -0.008945828660153756 0.999941456531244 0.006087336014841583 0.5318405073719971 -0.014450361596384739 -0.006216217177321463 0.9998762651917178 0.8975774778557603
0.9998712472802949 0.007451532005438299 0.01421138743822737 142.25807270880952 -0.007540402853256261 0.9999522867412634 0.0062101985257324264 0.5183214746498573 -0.0141644338735469 -0.0063165585321702696 0.9998797277179649 0.8925876097839278
0.999883299464206 0.006420654327669243 0.013862274365253483 143.60978847856654 -0.006502746470624403 0.999961539483852 0.005885052372202529 0.5099211863226726 -0.013823955328044266 -0.005974508439140997 0.9998865953236892 0.8892227465948176
0.9999159292288691 0.005961064396423358 0.011515215396558354 144.95511675523218 -0.0060056690126847005 0.9999745819026035 0.0038428489982853843 0.5069534581997426 -0.011492015231347352 -0.003911682499288259 0.9999263134481197 0.8922620925433042
0.999931797923791 0.004730168798860762 0.010678249108772474 146.26208994531336 -0.004734219507323449 0.9999887308271881 0.0003540964360511861 0.5100579502788705 -0.010676453837824342 -0.00040462546117387907 0.9999429231769605 0.9095223848788722
0.9999027604712633 0.004040197030698803 0.013347149879307602 147.65578045795 -0.0039135509476525806 0.9999472046985847 -0.009501154375485708 0.5106118467858717 -0.013384831748202737 0.009447995736653154 0.9998657818205563 0.890364765765626
0.9998816156937668 0.002528602563188522 0.015177640353487534 148.9690696422445 -0.002293338878380926 0.9998772669605313 -0.015498116412241374 0.49292713243122604 -0.015214966132439575 0.015461474205777252 0.9997646961265299 0.9091186961917315
0.9999245942813133 0.0016723008874701057 0.01216590157336663 150.26138964352606 -0.0014509461563666063 0.9998336625732968 -0.018180812427343408 0.4676656724868301 -0.012194281717362566 0.018161789421989406 0.9997606958159482 0.9066008948029063
0.9999551141215347 0.00160455726632357 0.009337833697781869 151.66842732374297 -0.001451093185031407 0.9998641578378004 -0.016418288579340974 0.4778263565510704 -0.009362909310502682 0.01640400156319339 0.9998216064188441 0.92407523867618
0.9999740274052644 0.0025223796298929845 0.006751452873123303 152.98200595287636 -0.0024360107894823542 0.999915487449502 -0.01277042716820514 0.4787557987859328 -0.00678309415597554 0.01275364887503209 0.9998956615937702 0.9231211050342295
0.9999683023743424 0.003504710948383578 0.007149213085641994 154.3522553360573 -0.0034079886622787824 0.9999031077558905 -0.013496692683380707 0.48763922070570137 -0.007195822388956923 0.01347190043312833 0.9998833572166638 0.930456810257851
0.9999423639300872 0.004086784188874923 0.009928092107886283 155.67671060733466 -0.0039118418360406925 0.9998378617014365 -0.01757691104116397 0.49287768619555294 -0.009998315426056219 0.017537060851030656 0.9997962218299029 0.9156949374180664
0.9999064406259796 0.004783866536575732 0.012815015241680425 157.00256949394364 -0.004447159196657249 0.9996474758481032 -0.02617530908309036 0.4979359188667562 -0.012935716824507932 0.02611586972467041 0.9995752240720857 0.9112804978895268
0.999893649804616 0.004724711559210699 0.01379732514243059 158.36619250675383 -0.004343593147382059 0.9996117292553515 -0.02752315268452755 0.4698608027919778 -0.013922007002357892 0.027460295624921107 0.9995259425773891 0.918791972663432
0.9998903823860336 0.004315946286411185 0.014163185360807068 159.70100384039876 -0.003908660676705029 0.999581593347885 -0.02865938959255458 0.4474333224180362 -0.014280951775919764 0.028600888932973034 0.99948889116819 0.930665753746659
0.9998831106318744 0.005613145566862963 0.014221732312626524 161.06510692575927 -0.005212505239020615 0.9995928428041985 -0.028053135364054464 0.4606416464566033 -0.014373408164384026 0.027975725396600305 0.9995052595790951 0.9147715624225276
0.9998811474840774 0.0066762369557653144 0.013896717815194142 162.39977678040879 -0.006314544932418211 0.9996443284706045 -0.025910289053785007 0.4546908577694693 -0.014064758377630677 0.025819458101685504 0.9995676756253746 0.9087118181692194
0.9998912664402654 0.007805767648487634 0.012511006670128489 163.74749504968077 -0.007510440579766517 0.9996960710992436 -0.023481028747349263 0.4741669883518193 -0.012690491668173149 0.023384512399318273 0.9996459953408836 0.9036169197499994
0.9998954523158045 0.00848661681297011 0.011707338435476418 165.10209211501348 -0.008226675972400633 0.9997224581970972 -0.022075515368808512 0.4750065900450209 -0.011891435599543752 0.02197689494499138 0.9996877561758766 0.8903031918544907
0.9998784365862344 0.008756368449167651 0.012901087607250285 166.44901491154548 -0.008474948921047575 0.999728407210727 -0.021709146843867568 0.4750130138695289 -0.013087677053364366 0.021597171747369887 0.9996810865880486 0.8926070311095453
0.9998808281336761 0.008402668590315222 0.01295085677765571 167.77583193213414 -0.008118475974881613 0.9997284619567366 -0.02184245181894771 0.4559681175807057 -0.013130875011182267 0.021734707593595828 0.9996775393131836 0.8768310289133726
0.9999077587573028 0.008054438804678352 0.010936178148219015 169.1624447555198 -0.007844417025572079 0.9997865511973402 -0.019113271997680002 0.4593364180838657 -0.011087790513750088 0.01902572102365835 0.9997575120203165 0.8839148055164008
0.999943318319585 0.006810729466519855 0.008183771267006812 170.58497567396864 -0.006688100479594166 0.9998663301369939 -0.014919489614419672 0.4524998972776711 -0.008284289950965043 0.014863910068141637 0.999855206876223 0.8980592528150333
0.9999535244168027 0.006809165506103553 0.006825267139464993 171.92652023139726 -0.006735812475934347 0.9999199242850798 -0.01071325571472836 0.45443878966439755 -0.0068976689325900755 0.010666784090371483 0.9999193176854149 0.8873402782163775
0.9999443550383006 0.006949168814655187 0.00793699438216516 173.2896549034629 -0.006889114681485749 0.9999476253168079 -0.0075687992562909956 0.44601032886036035 -0.007989175548355099 0.007513699226221224 0.9999398568904009 0.8939043780300517
0.99991236154857 0.008118974461250487 0.010457125611715884 174.66979957319842 -0.00808774955903016 0.9999627186642007 -0.0030248287176121713 0.47311055747680153 -0.010481294263212409 0.002939989013252641 0.9999407477121681 0.9132044753964282
0.999885280136652 0.007906532001035128 0.012919493711651863 176.0500975844212 -0.007915575496894055 0.9999684607325586 0.0006490028583205904 0.46027753811640565 -0.012913954878416413 -0.0007511936326575997 0.9999163292383642 0.9274143272742307
0.9998804071564197 0.0069447984442121665 0.013818146014631907 177.47777145770866 -0.0068948428423536295 0.9999695338484393 -0.0036595788164770814 0.45152672594440146 -0.013843140066172282 0.0035638672118965308 0.9998978279422375 0.9107361791736486
0.9998874247884256 0.005753735070775554 0.013857571313392105 178.86409183031873 -0.005673323364001885 0.9999668821601072 -0.005835065124052249 0.45497934537941337 -0.013890685799408562 0.005755789757260769 0.9998869534763879 0.9061445553414516
0.9999425407519303 0.003586278799855821 0.010102168031848253 180.201079675247 -0.003499133383447192 0.9999566307572691 -0.008630913632705964 0.4480401311819977 -0.010132682771055132 0.008595068873493043 0.9999117228690346 0.8988034472111645
0.9999787143767553 0.0020394100695334113 0.006197709252619834 181.62030916759673 -0.00200360076637286 0.99998129676469 -0.005778555596171942 0.46162085970368866 -0.00620937817987549 0.005766014861006318 0.9999640977031335 0.9124259462555414
0.9999825254678155 0.0009986568692307944 0.005826786718866395 183.0129519381718 -0.0009869070191619374 0.9999974747225598 -0.002019050033798541 0.4694503409094082 -0.005828788342798917 0.002013264255131734 0.9999809858159774 0.9253913973588872
0.9999750618441119 0.0008439203967338152 0.007011668006151639 184.33823784360584 -0.0008489895866378467 0.9999993803938134 0.0007200199101329334 0.491688246650678 -0.007011056022190549 -0.0007259547872863566 0.999975158733006 0.9221666756881709
0.9999500799984267 0.0015320588182899794 0.009873717988545373 185.79142019270114 -0.0015690317567072665 0.9999917830003316 0.0037379233758895983 0.4942201819051528 -0.009867910137737811 -0.003753228955829593 0.99994426725789 0.9280396298766268
0.9999223697093494 0.001877460497236866 0.012317860890609917 187.15869587822428 -0.00194819475414356 0.9999816688575122 0.005732929979052514 0.5065038783764052 -0.012306871740577692 -0.0057564825220013174 0.9999076976486054 0.9386032107811354
0.9999156852172173 0.0020685520185093798 0.012819654797594534 188.61415140637206 -0.0021139101804294545 0.9999915506099413 0.0035256336273369357 0.5088772809100719 -0.01281225352277438 -0.0035524359630897022 0.9999116092727378 0.9248397098816082
0.9999100567644151 0.0017512583540191815 0.013297047625749868 190.0247871603517 -0.0017831224687556147 0.9999955664662344 0.002384852644566344 0.497707471624214 -0.013292812179723335 -0.0024083484075926873 0.9999087463375357 0.9197296484319483
0.9998988875586462 0.002236698853587248 0.014043213208533486 191.3870343618183 -0.0022254336087911488 0.9999971893530134 -0.0008177599442471982 0.5134414021997737 -0.014045002820748406 0.0007864250198931038 0.9999010548206524 0.9204308671656997
0.9998987298805442 0.0025148044018310353 0.014007346004688786 192.84109562227124 -0.002478762685892664 0.9999935742492243 -0.002589825439679683 0.5100112731038896 -0.014013768901390014 0.0025548422811432266 0.9998985383838187 0.910143962826236
0.9998864028109405 0.002861121327221744 0.014798495144730577 194.19581244775566 -0.002791037781872719 0.99998480305077 -0.004754342816073903 0.5026304918304629 -0.014811873004379176 0.004712499577030368 0.999879193085764 0.9131062690384641
0.9998624806634798 0.0035127393480850126 0.01620741878723657 195.66082679109928 -0.0033611238753045425 0.9999504285891497 -0.009372470894622375 0.5074079311193586 -0.01623953840992137 0.009316706856400554 0.9998247228217477 0.9071911908223778
0.9998478388949231 0.00373356412278094 0.017039940026097544 197.07366627483202 -0.003514665509994457 0.9999111539144516 -0.012858125984096214 0.4915685525934803 -0.017086432731988663 0.012796279787935157 0.9997721285573449 0.9106951428876038
0.9998899348616241 0.0038109585564755914 0.014338575846228902 198.48840833554118 -0.0036691712832074125 0.9999442435759969 -0.00990186453764157 0.4986001574869013 -0.014375511973899207 0.009848163996813979 0.9998481676341564 0.9270452849897747
0.9999551325541892 0.003979664647331072 0.008596228698027491 199.92933397246247 -0.003938960631643787 0.999980975805313 -0.0047468533363125565 0.5128320533684589 -0.008614956046107755 0.004712780150705581 0.9999517849554421 0.9089108050828453
0.9999560656969041 0.005109417858685944 0.007858786491203964 201.38218666818537 -0.005155494911668762 0.9999695748170999 0.00585408509712223 0.5163593443463296 -0.007828636419246091 -0.0058943438357405165 0.9999519834284851 0.9064393325344513
0.9999164950636441 0.006180017562073203 0.011349461774456905 202.8021921304929 -0.006316659113637221 0.9999075244515385 0.012043353471433333 0.5254297235219302 -0.011273984090794857 -0.012114038473120693 0.9998630643016034 0.8990803917484704
0.9998831534487076 0.007098869170639814 0.013538297749957509 204.22789896777127 -0.007282108823618134 0.9998818940322448 0.013533989713742596 0.5165223450812839 -0.013440622773865348 -0.013630995671221053 0.9998167560190527 0.9000017398101328
0.9998765573654133 0.007159531974222907 0.013986104997449273 205.69874170650195 -0.007332639973989501 0.9998966602514534 0.012365322842578116 0.5422380548936213 -0.013896129752612665 -0.012466351507133624 0.9998257286437467 0.8926589256651096
0.999876459747324 0.005911252393653057 0.014564420287010812 207.1533598076756 -0.006045692051692586 0.999939365986718 0.009204018562384123 0.531351182102949 -0.014509129910999563 -0.009290933495571982 0.9998515708363951 0.8996183914226172
0.9998902888785763 0.004434384785961406 0.01413316800604878 208.58594797835406 -0.0045475474951380155 0.9999577802214377 0.007984834775657961 0.5023306452506768 -0.014097163476977584 -0.008048230003244613 0.9998682393074192 0.8983400714938281
0.9998977596851024 0.004057255968178012 0.013711631949620677 210.08229765541415 -0.004161333777947727 0.9999626848068742 0.0075704884265617575 0.5171950802127038 -0.013680404888075716 -0.00762677309462384 0.9998773319033998 0.8879367851372725
0.9999002832434198 0.003843536680473674 0.013588627433063157 211.53213335875068 -0.003962188324793949 0.9999541688578745 0.008715574991722104 0.5198780248099383 -0.01355450601857588 -0.008768546603817455 0.9998696854875885 0.8900347545624504
0.9998932136873961 0.0036997089435148465 0.014137658067177483 212.9799987182736 -0.003837622023923404 0.9999451974175589 0.009740370565867868 0.5212880505515249 -0.014100846750910044 -0.009793585415577042 0.9998526150416447 0.8758540556522483
0.9998934203107027 0.003327865483528246 0.01421524993406716 214.41771353423138 -0.003465075836895026 0.9999475436004827 0.009638635629872093 0.5363049567388878 -0.014182428170416423 -0.00968686526614337 0.9998525008082476 0.8859709269792048
0.9999004680644963 0.0029816426697025175 0.013789988085256675 215.87072810168112 -0.0031210013495783936 0.9999441702549644 0.010095331776951861 0.5309280174819105 -0.013759117521746867 -0.010137365540465303 0.9998539495870993 0.889950198006408
0.999907247186605 0.0028551313131619004 0.013317103622420204 217.35790534858 -0.002980586945288389 0.9999512797528696 0.009410325289797272 0.536148551922209 -0.013289587095438721 -0.009449145240857718 0.9998670414255336 0.8788021255120468
0.9999085318156011 0.002043112335804616 0.01336988011735335 218.82304324202926 -0.002177924578229483 0.9999468589783592 0.010076500575343888 0.5211959361643037 -0.013348582205637474 -0.010104697486646733 0.9998598453992453 0.8878878685298108
0.999915037941318 0.0020647751818226685 0.012870648867139583 220.29806334248187 -0.0022064154246330936 0.9999370590964014 0.011000435292022577 0.5359794823750564 -0.012847125351089768 -0.011027898670579262 0.9998566581371177 0.8800281940323795
0.9999125035598816 0.002203622894326276 0.013043361175295944 221.79029775756354 -0.0023223469390222418 0.999955950856459 0.009094121807492824 0.5558673862825467 -0.013022746611388497 -0.009123617314108677 0.9998735758473674 0.8793300314924619
0.99991791644943 0.0014716561360643627 0.012727709599458398 223.28542938557607 -0.0016177372687469454 0.9999328543798736 0.01147473999043458 0.5450071713743915 -0.012709968117987885 -0.011494388193199128 0.9998531570938324 0.8816694469173946
0.9999186943819207 0.0010645604614336294 0.012707137229873563 224.76149831616698 -0.0011976450181000295 0.9999444687129453 0.010470202328322444 0.5426054717683656 -0.012695285422766467 -0.010484569681648397 0.9998644425754049 0.871364489793962
