1.0 8.809142651444726e-20 8.673617379884037e-19 -5.551115123125783e-17 -8.809142651444726e-20 1.0 1.7347234759768075e-18 0.0 -8.673617379884037e-19 -1.7347234759768075e-18 1.0 -5.204170427930421e-18
0.9999993011580781 -0.0003480319849955573 0.0011298482609536818 1.3160940844717768 0.0003481171165631284 0.9999999365833229 -7.515200288644408e-05 -0.058402083065748844 -0.0011298220340017183 7.554526988583102e-05 0.9999993588973364 0.018140396604628333
0.9999976844684006 0.0012037922336848642 0.001783799903291163 2.5652097675998258 -0.0012028053760217308 0.9999991230587825 -0.0005542029350592417 -0.11574037075546209 -0.001784465484192614 0.0005520560876714074 0.9999982554569841 0.031373844761168695
0.9999987169492239 -0.0008237219382865068 0.0013738930359021434 3.935597535868448 0.0008255573464838407 0.9999987669308773 -0.0013358861450393914 -0.03734310963271636 -0.0013727909430723412 0.0013370186585187085 0.9999981639113811 0.05188618483235828
0.9999989171211352 -0.00021648487279430785 0.001455641046686589 5.250521874682204 0.00021922170107440358 0.9999982082867696 -0.0018802566570857637 -0.030689850235746326 -0.0014552313914720368 0.0018805737291019773 0.999997172868027 0.060264330369842585
0.9999983049203107 -0.00039234869464331855 0.001798949417569437 6.566460789160501 0.0003965600787639057 0.999997180604139 -0.002341265443487808 -0.03829901870613491 -0.001798025753178329 0.002341974866379031 0.9999956411190581 0.06656577426598972
0.9999960672900914 -0.00034308084687793784 0.0027834690376482923 7.905641678286577 0.0003528241623626678 0.9999938103366697 -0.0035006861412119512 -0.03227688570239695 -0.002782250790546078 0.003501654449160547 0.9999899986983155 0.09328774160555733
0.9999949155070584 -0.00016617116574216558 0.0031845481900232443 9.222263282178194 0.0001774584696466013 0.9999937026979885 -0.0035444425314327967 -0.016563329258830466 -0.003183939151814167 0.0035449896347880816 0.9999886477255463 0.10388117508313692
0.9999961017830613 -0.0007351836349428821 0.0026936821832261137 10.555730702222139 0.0007438865483641604 0.9999945026995776 -0.003231285104695429 -0.018096099404153115 -0.002691291787317103 0.0032332763023867703 0.9999911513972851 0.11642650610688286
0.9999998241634038 -0.0005463336072458972 0.00023063553728209008 11.874081691360718 0.000546443967686466 0.9999997361157806 -0.0004787142772535724 0.0009138167622287122 -0.0002303739387230793 0.00047884022247616517 0.9999998588199348 0.1306910359275929
0.9999997866976086 -0.000551402225620106 -0.0003500861651264915 13.212216116138695 0.0005521060782829857 0.9999978202756021 0.0020136094265888436 -0.003899820449549262 0.0003489750933157853 -0.0020138022817808264 0.999997911406196 0.14467231774907352
0.9999997900124542 -0.0003915049540204149 -0.0005164290062034914 14.552784695698492 0.0003943816195857614 0.9999843426826286 0.0055820115307384675 0.01945060437391866 0.0005142355351429583 -0.005582214028693433 0.9999842871007285 0.15489681945172223
0.9999999249212157 -4.396821451215735e-05 0.00038499916774141426 15.906014407621587 4.172241230943639e-05 0.9999829967721503 0.005831331394272943 0.03801171081021249 -0.00038524901474247807 -0.005831314893369656 0.9999829235291026 0.17572679094179844
0.999994648056438 0.0002896487047069828 0.0032588283336761675 17.245014266630537 -0.00030372614984380174 0.9999906221042879 0.004320121978033454 0.028641466635440767 -0.0032575464549887976 -0.0043210886483672365 0.9999853581848018 0.19551213065893558
0.9999851877738729 0.0003047338723864064 0.00543427733181326 18.612680680928655 -0.0003034923547437309 0.9999999276606942 -0.00022928365995065756 0.03255269753905188 -0.0054343468091989835 0.00022763100212547666 0.9999852079200393 0.21372302385686573
0.999993097402721 -6.970807192464974e-05 0.0037148738467131805 19.950068850877155 7.748193918015191e-05 0.9999978076548117 -0.0020925300760652903 0.021102645864723126 -0.003714719836190331 0.002092803467802334 0.9999909104737821 0.2377588847818772
0.9999991088765028 0.0001723502956687477 0.0013238359323514523 21.301894466698663 -0.0001683560235434104 0.9999954355335826 -0.00301671481081154 0.02689445681390452 -0.0013243498214363886 0.0030164892467926937 0.9999945734303634 0.23002663031345505
0.9999998457493102 0.0004750745284068772 0.0002877595320445177 22.653561656348188 -0.0004747955103963789 0.9999994178857199 -0.0009689156025003094 0.03895284713694454 -0.00028821967165850874 0.0009687788261105208 0.9999994891983731 0.2750537351849779
0.9999976499105694 0.0012344497162024893 0.0017822197497346693 24.019218871593264 -0.0012371883355746635 0.9999980544947982 0.0015363501036810775 0.04873875963665252 -0.0017803197354673984 -0.0015385514346067397 0.9999972316567295 0.25848889139764974
0.9999799277369366 0.001934730580733387 0.006033319220078239 25.41371896233167 -0.0019459532063353757 0.9999963864983592 0.001854792803306173 0.05402824291562076 -0.006029708894311856 -0.0018664961302982527 0.9999800792030037 0.26820955207990604
0.9999725995148906 0.0021008773761101943 0.007098347250083727 26.78536777199229 -0.0021034108368184917 0.9999977267670274 0.0003494619137824662 0.048154472085354935 -0.00709759693725823 -0.0003643830788858282 0.9999747453524453 0.28918421410539635
0.9999760678188641 0.002080400249359427 0.006598160677431718 28.155476255210193 -0.0020545693135552486 0.9999902091260562 -0.003919234231594754 0.045782970858545526 -0.006606249651544972 0.0039055840573174517 0.9999705515057494 0.3096636322377244
0.9999894556919926 0.0019875933816703548 0.0041398040269376175 29.5133047979189 -0.0019707767591332875 0.9999898068100105 -0.004062304154457412 0.053453018346649776 -0.004147836037980384 0.004054102690707532 0.9999831797123265 0.3066197607166718
0.9999934606457609 0.002739688295028361 0.0023606723112468823 30.90318798802479 -0.0027298577097443952 0.9999876313611845 -0.004157523485493619 0.052254193602770685 -0.002372033431373215 0.004151051998465752 0.9999885710470428 0.3410561909334072
0.9999942756897312 0.0031699425338588363 0.0011832379734905856 32.28675028124157 -0.003167828244293579 0.999993390216681 -0.0017844851255869477 0.06173240753962481 -0.0011888868678446025 0.0017807266159682747 0.9999977077777402 0.3280364417567783
0.9999925137448549 0.0037736384072210383 -0.0008556327586874005 33.66777833119317 -0.0037736799134218467 0.999992878544788 -4.690010595833751e-05 0.06316396167305471 0.0008554496812958845 5.0128639006902336e-05 0.9999996328464137 0.36244164425358005
0.999992113194851 0.003936983792549295 -0.0005231698706836053 35.06141004187549 -0.003936826491659167 0.9999922052594942 0.0003013593010031876 0.07451373564951959 0.0005243522393940063 -0.00029929729523455557 0.9999998177379124 0.3575226816319766
0.999993559473591 0.0034148004915864607 0.001104603521665106 36.45333365375053 -0.00341502135406577 0.999994149171099 0.00019812299454645345 0.06720509836502526 -0.0011039205083197257 -0.00020189396314433745 0.9999993702989712 0.3884917165966219
0.9999917954992938 0.003215432339235288 0.0024637225838494608 37.85663699333594 -0.0032194701598339385 0.9999934780895967 0.0016367009993369706 0.08270310697811728 -0.0024584438143485836 -0.0016446194523632785 0.9999956256308669 0.3962959776269081
0.999991505925486 0.0028298510232526936 0.0029966681605998247 39.24846871089472 -0.002840242025346307 0.9999899496250639 0.003468958647703087 0.07552194526813416 -0.002986821406782428 -0.0034774404449556006 0.9999894930977203 0.4046647600165551
0.9999891046588584 0.003331988531074015 0.003269314301765826 40.64876004063902 -0.003352093159608296 0.9999753876403253 0.006163406933693354 0.09159144881374338 -0.0032486974350109336 -0.006174298827379776 0.9999756617033067 0.43077520376696726
0.9999877933677923 0.003254236210774789 0.003717937882496432 42.07465446096483 -0.0032872658428286434 0.9999548790720506 0.00891255873917099 0.09677507748701408 -0.003688766554309448 -0.00892467179705132 0.9999533705301576 0.4454775563101818
0.9999883353730942 0.0028629682065300826 0.0038900553718988757 43.46185014678054 -0.0029009245797449864 0.999947898964135 0.009786929743013975 0.09540474847890434 -0.003861833027290635 -0.00979810033937488 0.9999445401998097 0.45479076979309785
0.9999900264249227 0.00251183942790468 0.003692927479760889 44.88927687704237 -0.0025445465774542545 0.9999573448268371 0.008878840553653167 0.10246213253477403 -0.0036704677355230164 -0.008888148825849719 0.9999537631696038 0.4641819966775343
0.9999933211655572 0.001664908203681468 0.0032535680340504526 46.2851101692155 -0.0016922397707715745 0.999963154038068 0.00841587136293721 0.09351857895970149 -0.003239436499933244 -0.008421320971949817 0.9999592928735902 0.4831718418518394
0.9999922897131664 0.0008001260469780123 0.003844517203438455 47.71874978035291 -0.0008310092664115477 0.9999673479752529 0.008038184306101688 0.10538614671578181 -0.003837960111533865 -0.008041317158816003 0.9999603028523351 0.4985232649338601
0.9999884460999904 -0.00023692545537905773 0.004801201188819545 49.1160394695738 0.00019648686610911013 0.9999645207484172 0.00842132040120882 0.10836398250913608 -0.0048030260709656155 -0.008420279729139803 0.9999530138110715 0.5115124354635777
0.999987830813414 -0.0012241937170373828 0.004779076775465297 50.54528339650774 0.001181524350869322 0.9999595090008236 0.008921006615844307 0.11596262534227203 -0.0047898043061202844 -0.008915251458865379 0.9999487867216672 0.5237324600298721
0.9999848417027881 -0.0024189302169879126 0.0049462249499203645 51.99812412177512 0.00237464462260395 0.9999572198826588 0.008939768870624053 0.11986206011787251 -0.004967638026890652 -0.008927887832470989 0.999947806333553 0.5266324125216666
0.9999762232126158 -0.003452244461289469 0.005969507317389143 53.40736595606531 0.0033947586866193424 0.9999480280331173 0.009613368095497263 0.13393503407538232 -0.006002384767114555 -0.009592874483667467 0.9999359720183328 0.546441331139753
0.9999653059913676 -0.004208387142502254 0.007188622347101567 54.855745591550416 0.0041488932085323345 0.9999571870076265 0.008271084387128378 0.14659059639927446 -0.007223122505857186 -0.008240972603620658 0.9999399546331827 0.5625704054952332
0.9999578147230379 -0.004829696379932217 0.007812989645721026 56.258077129723056 0.004786664091371779 0.9999733241357123 0.005517142725164583 0.14451507299062044 -0.007839427351716853 -0.00547951182598725 0.9999542581183131 0.5586928489180326
0.999959545368677 -0.005133663603447112 0.0073860086701386 57.686627427983474 0.005108084521173478 0.9999809057046326 0.0034778870981288313 0.16467138083343583 -0.0074037219419200275 -0.003440018044927305 0.9999666750333519 0.5666709685633602
0.9999570382059753 -0.005016760179548769 0.007794476225794141 59.132256740605335 0.004996433490572077 0.9999840720709234 0.002625120345498814 0.1825190017783903 -0.00780752167514545 -0.002586062983563215 0.9999661768697665 0.584731358745757
0.9999536505262515 -0.004879704210976157 0.008299716021441632 60.53880260673535 0.004859775832371628 0.9999852640284815 0.0024195670578057425 0.17959621089280928 -0.008311400488623442 -0.002379120152809364 0.9999626295063312 0.5984953938763278
0.9999465780121746 -0.004241958600347502 0.009425863831767639 61.993913511697 0.004234928264716146 0.9999907395076987 0.0007656901713634947 0.19642952185417092 -0.009429024569635808 -0.0007257314095119636 0.9999552824049616 0.6097194153686725
0.9999513038906935 -0.0038460937169405005 0.009088311747637651 63.39449522018029 0.003863209075273384 0.9999907959979618 -0.001866423050496676 0.20332623048900994 -0.009081049660830134 0.0019014422113781844 0.9999569586010061 0.6145793441629178
0.9999604594964007 -0.003441483052832257 0.008199734028872854 64.80627256475866 0.003461729707243173 0.9999909915366985 -0.0024562721519784825 0.212393550091132 -0.008191206942885595 0.0024845602926198583 0.9999633648734193 0.6270426069495016
0.9999628512644406 -0.002624197303782098 0.008210339798148433 66.25869074579163 0.0026445745148727337 0.9999934476381702 -0.002472024749345903 0.221717727186341 -0.008203798920349215 0.002493645772140822 0.9999632390313344 0.6377446769938709
0.999964602184906 -0.002021105553116339 0.008167588966510231 67.61780040428219 0.0020272339384434144 0.9999976697871396 -0.0007421205089991325 0.23173478099799144 -0.008166070030407563 0.0007586518531027431 0.9999663693083005 0.6515298893141211
0.9999529593240252 -0.0014433398092017294 0.009591449802805983 69.09527751910215 0.0014253250344524464 0.9999972080185299 0.0018847821336766392 0.2495400676031788 -0.009594143404741068 -0.0018710225387303723 0.9999522247022549 0.658816992012044
0.9999438782825415 -0.0005922806732798973 0.010577782795735407 70.44230658471912 0.0005416688181133801 0.9999883957558993 0.004786956071908461 0.2637179848139017 -0.010580495270127032 -0.004780957764607081 0.9999325955096632 0.6610436512714831
0.9999300569703378 0.00024966552577786936 0.011824501444978569 71.90637695196766 -0.00036191256766781877 0.9999548886152791 0.009491562236963487 0.283504971641387 -0.011821598309468407 -0.009495177804023753 0.9998850390979354 0.6826230631595283
0.999937027832385 0.0005030920243514323 0.011211033322177716 73.27846823862374 -0.0006469701175333802 0.9999174355488338 0.012833686731045521 0.2850797372388762 -0.011203651163927051 -0.012840131769519696 0.9998547940659875 0.670998590317291
0.999939365779057 0.0012484669618512848 0.01094102808800336 74.660697583065 -0.0014321729406661394 0.9998578638076133 0.016798841113126222 0.29836275290680025 -0.01091850017380301 -0.016813491972853287 0.9997990262255877 0.6856933051641925
0.9999375453774724 0.0021564643675451617 0.010966084347059594 76.11431830459047 -0.0023534919172542297 0.9998354699325059 0.017985942862146678 0.31469823435467426 -0.010925494051562906 -0.01801062814774915 0.9997781008071004 0.6851375056274915
0.9999320911569941 0.002406397778047577 0.011402733187027265 77.48370513097441 -0.002616097656427271 0.9998270763670689 0.018411230168882416 0.31586725016033873 -0.011356456641609699 -0.01843981054711078 0.9997654746386945 0.6918803759547172
0.9999288195435279 0.0024946243980006897 0.011667591670940527 78.89391513472783 -0.0027013322302453244 0.9998390851470413 0.01773433439712705 0.31327193886455984 -0.011621473678873041 -0.017764590100539487 0.9997746549538505 0.7093080775030992
0.999942670072773 0.002138388862574573 0.010492085627068435 80.25895393772683 -0.002314017186381375 0.9998569367300549 0.016755637775148335 0.31447961174447797 -0.010454754525786373 -0.016778956042116065 0.999804563273214 0.7050091010716155
0.9999394887761174 0.001980960757673613 0.010821024934520274 81.6522831512923 -0.002161149112741491 0.9998587860259252 0.016665456527676478 0.31870825588386953 -0.010786483239195663 -0.016687833928941617 0.9998025644986567 0.7257575587705277
0.9999348337034752 0.00157033632173473 0.011307625313915158 83.05733357463126 -0.001751078114406613 0.9998705873638157 0.0159919432895254 0.3274180284326913 -0.011281049234911637 -0.016010701689020097 0.9998081792821983 0.7252537153081721
0.9999449622879083 0.0013357009565013265 0.010406166344448116 84.41430559707017 -0.0015032028446034455 0.9998691721067304 0.016105249200473737 0.33867980492229577 -0.010383293130866495 -0.01612000538325547 0.9998161494245841 0.7237233571016699
0.9999418739384707 0.0004957311454920385 0.010770468655116805 85.81055099022035 -0.0006671304880966486 0.999873108870564 0.015916064036853198 0.34242181342183686 -0.010761211889527887 -0.015922324206746604 0.9998153209020774 0.7247712571636282
0.9999352689067749 -0.000673053064659627 0.011358036622056523 87.17255200756041 0.0004920616349646664 0.9998729824342643 0.015930375807141996 0.3471420358119867 -0.011367315940151428 -0.015923755762430276 0.9998085907466165 0.734776896312052
0.9999182039704858 -0.0017562078642441871 0.012668902966540876 88.56621450674261 0.0015708108223158527 0.9998917542368232 0.014629161376137652 0.3528013056354216 -0.012693223459726717 -0.014608064318935248 0.9998127257317019 0.7421885926043651
0.9999050764926041 -0.0028565344892487053 0.013478806142656083 89.94499715968901 0.0026931168826859597 0.9999228426923384 0.012126655908743211 0.350721022568611 -0.013512406365106202 -0.01208920480365013 0.9998356194902438 0.7541177054425693
0.9998985200487799 -0.0037588404854223744 0.01374120527700046 91.3093145908358 0.0036097314391398067 0.9999345131981561 0.01085997947069979 0.36196968767332266 -0.013781126339918709 -0.010809275339812791 0.9998466082972084 0.7569447880660256
0.9999042460124843 -0.004094247379212458 0.013218772431785944 92.68364350499894 0.003959559318685259 0.9999401463530765 0.010199294161349034 0.3756114895597265 -0.013259739673437972 -0.01014597702469938 0.9998606095121494 0.7613225018060862
0.9999010895501254 -0.004523993861638329 0.013317079109621776 94.03818050411057 0.004413212784421266 0.9999555131087492 0.008336387487238802 0.3829522499309504 -0.013354200439992156 -0.008276791827624379 0.99987657240664 0.7734924967389981
0.9999079501180161 -0.004588801270380429 0.012768484392749614 95.41384213984954 0.004487243751925128 0.9999581624047802 0.007971077942562696 0.400534110104458 -0.012804527882657148 -0.00791304890396588 0.9998867074437712 0.7688575661500017
0.9999148605620614 -0.004512583402340147 0.012243701163877567 96.77169344788638 0.004419499696210267 0.999961208571841 0.007619013976781722 0.40607697714219265 -0.012277607649237288 -0.007564254264639846 0.9998960157975585 0.769653197436891
0.9999233304394193 -0.0042810181841532865 0.011619213667329476 98.08839472488084 0.004177736984191321 0.999951679617329 0.008898592257977607 0.4218433483073255 -0.0116567472577485 -0.008849367988154177 0.9998928987294485 0.7761954717191456
0.9999234513350691 -0.0039403236353181366 0.01172882431502653 99.44491065485448 0.0038155909912765645 0.9999361334074796 0.010638156395096363 0.44101743716524855 -0.011769993014063068 -0.010592589662032312 0.9998746242948167 0.7739520333258447
0.9999070450709696 -0.003947467538485986 0.013050621344392188 100.77452768528069 0.0038068544510030705 0.9999346284251948 0.010781777931149419 0.4432349840912953 -0.013092328923113095 -0.010731093895793752 0.9998567070071435 0.7769459280964679
0.9998860397268123 -0.0037752163610472963 0.014616952516135222 102.12000490426362 0.003613196817531388 0.9999319211787443 0.011094945540354626 0.4664296462197855 -0.014657843231166447 -0.011040867231016535 0.9998316092635788 0.7773786393533899
0.9998970098850669 -0.003611901879599978 0.013889700778441419 103.46751474152758 0.003465277598667754 0.9999381743812137 0.010565948434934703 0.4740569173167964 -0.013927005208107931 -0.010516728577731279 0.9998477068763801 0.7891938833027901
0.9999263081256136 -0.0035020085839519407 0.011623865714909634 104.78941706951557 0.003380743488776112 0.9999398312526739 0.01043572938692175 0.4844427654400567 -0.01165971233536328 -0.01039566305013255 0.9998779832049531 0.7905160002364879
0.9999383478732912 -0.0035055391076369833 0.010536206527863846 106.11774280042992 0.0034086911490449137 0.9999519072998244 0.00919586385794663 0.49208527423159776 -0.010567936273624848 -0.009159382239446824 0.9999022074382615 0.7939991776061435
0.9999280732021758 -0.0032073137844703978 0.01155688368341897 107.47313296917795 0.003113020606337864 0.9999617971702456 0.008167821175639436 0.500822028362112 -0.011582638943204838 -0.00813125687336554 0.9998998575541306 0.8006795793903614
0.9999097022274026 -0.002708504018860596 0.013162499667109761 108.79712248187475 0.0026374682343657044 0.9999818811947794 0.005411196121278485 0.5078059733966687 -0.013176917424783401 -0.0053759918275647954 0.9998987286515821 0.7842975371383633
0.9998924960160057 -0.0018568928164406121 0.01454470212655552 110.14529708726869 0.0018040599613078077 0.9999917306384742 0.003644725274311969 0.5214915379075801 -0.014551349715335121 -0.0036180939370687483 0.9998875774894518 0.8062737452252439
0.9999097082200078 -0.0012158105821386737 0.013382720650417223 111.45647399835636 0.001168839511069026 0.9999931319160648 0.003517091823853638 0.5266558687126679 -0.013386904854226306 -0.0035011320067106595 0.9999042618436504 0.802181031702075
0.9999352397044862 -0.00037905658001178975 0.011374212642686406 112.79478688854473 0.00033288520999155073 0.99999169901878 0.004060921197297837 0.5369955517008541 -0.011375657544461612 -0.004056871903676993 0.9999270654431692 0.813848588561572
0.9999552731750064 0.0005787532702049259 0.009440163883660911 114.1453625410424 -0.0006501464863074262 0.9999712008955483 0.007561394650554091 0.5385480828031394 -0.009435515833513866 -0.007567193942757977 0.9999268516330523 0.819983611870755
0.9999585458082567 0.002035934949123589 0.008874775147551306 115.44726038671143 -0.0021294270610028817 0.999942207423569 0.01053790080006278 0.5522394180752225 -0.008852807770901038 -0.010556362146261954 0.9999050910025454 0.8135150758483837
0.9999299177193676 0.003529284668594461 0.011300610579375536 116.81864471384466 -0.003655409727375275 0.9999310463581648 0.011159771896892953 0.5638900827077652 -0.011260445349260411 -0.01120029815646421 0.9998738698914691 0.8188828957526263
0.9999049292714857 0.004335685803016819 0.0130894708526639 118.11370923001098 -0.0044921220603294796 0.9999185577730104 0.011945654462518725 0.5688714737385142 -0.013036612212546659 -0.012003318281221684 0.9998429712171103 0.8077564808624216
0.999888151779123 0.005262293516262663 0.013999721378582802 119.47687692171897 -0.005423863726909458 0.9999188386273051 0.011528133434917195 0.5643846988605782 -0.013937920720149195 -0.011602776614674602 0.9998355414471066 0.8165860697920008
0.9998892275946106 0.006216960149186673 0.013523385181101171 120.79862901088863 -0.006375394198640904 0.9999111794091043 0.011704171970104114 0.5627376581718974 -0.013449419655321112 -0.011789092382251475 0.9998400524142538 0.8219480527766437
0.9998785894695729 0.007649067832497113 0.013575642954613705 122.10962312330881 -0.007832041154812773 0.9998785146291422 0.013476465203064015 0.5588503101273806 -0.01347091131611421 -0.013581154012599008 0.9998170266623786 0.8230368550667367
0.9998770170492703 0.008721495690353609 0.013034043485284313 123.47380718662053 -0.008917445094135569 0.9998469475219723 0.015051933563082629 0.5604597954266942 -0.012900773218928257 -0.015166312799013452 0.9998017568530454 0.8148497695515455
0.9998742454863199 0.009909849259607629 0.012380957184903684 124.8044951974842 -0.010107845635911222 0.99982036911084 0.016033120958311605 0.5609125449113048 -0.012219847370697989 -0.01615624952503255 0.9997948044131464 0.8202506710441907
0.999869800408584 0.01098946876481586 0.011815828670284797 126.12792745636551 -0.011189319776654468 0.9997931685853337 0.016982908261963275 0.5490555514359448 -0.011626751645844889 -0.01711290817966449 0.9997859606034685 0.8178738071126043
0.9998621259222018 0.011839471527350653 0.01164285447336793 127.47372174244286 -0.012028511662883714 0.9997947447629516 0.016302860226356682 0.5447988546311262 -0.011447447467048753 -0.016440658695359663 0.9997993102058792 0.8249683322147511
0.99983887146343 0.01284760285153977 0.012536754432624343 128.79472256019724 -0.013047811835890738 0.9997865209010943 0.01602083739325605 0.539311809855838 -0.01232824874140721 -0.016181833192041896 0.999793059866648 0.8223430123729681
0.9998141366254467 0.013749438892294285 0.013514626671115235 130.16668860435965 -0.013963034479932471 0.9997770460048907 0.015839569118088287 0.5297274896926578 -0.013293828343437075 -0.01602533032051273 0.9997832079586523 0.8305643684805897
0.9998018526397483 0.014110275421963064 0.014041210262769109 131.49516163795187 -0.014305360486675458 0.9998011691238412 0.01389168384129263 0.511376007594962 -0.013842402951554762 -0.014089795815288146 0.9998049137378803 0.8233027518100424
0.9998019789484842 0.014065536046447362 0.01407705886968944 132.8354404821029 -0.01425002942764196 0.9998127425705823 0.013092610694659466 0.4951180680701602 -0.013890268248163905 -0.013290616585270348 0.9998151929025572 0.8315593766280015
0.999790837940254 0.013961070585333584 0.014945530396611431 134.16406741213478 -0.014115452837836398 0.9998475827800195 0.010274492694778587 0.4824958593637844 -0.014799809522676946 -0.010483306590173519 0.9998355194335861 0.8164832958938915
0.9997976429229417 0.013369656489595295 0.01503081804427117 135.49918788291305 -0.013513096234639772 0.9998637315648482 0.009482327318246227 0.46186057812596043 -0.01490199435925037 -0.009683521392923994 0.9998420675174403 0.8303539845229609
0.999817881293509 0.012272369521789218 0.01461482781559242 136.84576698605287 -0.012413559422077494 0.9998767727618856 0.009609517872994156 0.45414195872686075 -0.014495095316461563 -0.009789189833561411 0.9998470202856882 0.831376590768952
0.9998109349738471 0.011241293099319302 0.015865926893095857 138.17640902158757 -0.01136762952022712 0.9999042171909011 0.007895153129739006 0.4396660377263944 -0.015775655479653674 -0.008074018411321772 0.9998429571292089 0.8351284367274523
0.9998169996961079 0.010185563985905938 0.016193251834083287 139.52416036058938 -0.0102939647421017 0.9999250690750969 0.006624992456674078 0.4188369673985945 -0.016124559174172572 -0.00679047284448125 0.9998469323201363 0.8342879036308823
0.999826109946474 0.008926997656631921 0.016372494682838305 140.8845110244306 -0.009016318322419139 0.9999448262174747 0.005389853876778784 0.4195742027647629 -0.016323476137449684 -0.0055365362585922395 0.9998514344106565 0.8327378146819127
0.9998401731466326 0.007704941562364775 0.016132638892386537 142.2026893636615 -0.007772599410400504 0.9999612420132545 0.0041353560565911395 0.414666698426204 -0.016100150947026572 -0.004260087655188229 0.999861308778699 0.8194476033914015
0.9998539392765684 0.006669844192256529 0.015735732953354547 143.55488931015034 -0.0067339851785115585 0.999969219183019 0.004026677305053328 0.40538502963096423 -0.015708391284401244 -0.004132053358134032 0.9998680775873893 0.8132091922069559
0.9998923218696074 0.005956876647729038 0.01341120005104524 144.90357606243035 -0.00598756843314156 0.9999795441083495 0.00224953086573141 0.3913528264593807 -0.013397525535107672 -0.002329589118529713 0.9999075353871852 0.8140020976912784
0.9999089776373405 0.004876233259400564 0.01258009496977638 146.21077861168638 -0.004867076383963767 0.9999878681256879 -0.0007583989153032077 0.40142746310235944 -0.012583640479660067 0.0006971016009066782 0.9999205798670396 0.8304121728229145
0.9998703827766092 0.003956977687491876 0.015606408098514336 147.5867663930584 -0.003800354629763215 0.9999422482173512 -0.010052737672754528 0.39016656315394094 -0.015645285259295198 0.009992124779538748 0.9998276763980608 0.8188980360128462
0.9998506415680228 0.0025498346638580032 0.01709365084468644 148.90920860711776 -0.0022543598468142234 0.9998481017673408 -0.017282686536705064 0.37434020945682495 -0.01713512234254933 0.01724156998164387 0.9997045142675279 0.8179310618597476
0.99989999846154 0.0016643984531208554 0.014043605463046125 150.21773795019138 -0.0013967954962028136 0.9998176807050342 -0.01904348476378031 0.3436006249375232 -0.014072740989382188 0.01902196434114506 0.9997200222230472 0.825038228667451
0.9999370829990872 0.0016790171379137847 0.011091029921841978 151.6090339620692 -0.001474150889744612 0.9998286280322907 -0.018453765096083624 0.36529016241654383 -0.01112011341807571 0.018436254188900762 0.999768196938196 0.8286757793592704
0.9999587573754234 0.002744192832927331 0.00865753740360479 152.9255233582046 -0.0026148196540855023 0.9998852789096309 -0.014919508637571624 0.3680593622453205 -0.008697486210147957 0.014896255418919093 0.9998512165858072 0.8269928901229711
0.9999543441712212 0.003583627876165247 0.008858170485375657 154.29664725760077 -0.0034467578226601747 0.9998751863202636 -0.015418548619438019 0.37044244389607295 -0.008912319205164273 0.015387312704407305 0.9998418880873725 0.8273527684681846
0.9999220209181957 0.004012560215598642 0.011825880237326803 155.6235776653953 -0.0037937050403608354 0.9998221964812317 -0.01847114575525792 0.372904411028984 -0.011897894138802146 0.018424841490809002 0.9997594537342972 0.8241005057794097
0.9998806343214889 0.004516197006404885 0.014775691978931717 156.96306566582498 -0.00411083590296351 0.9996174495300032 -0.027350605538272742 0.36793890763616915 -0.01489356025387596 0.027286600369606853 0.9995166948596874 0.8117142931179261
0.9998616623672736 0.004624796253585422 0.015977089464758957 158.31515353790104 -0.004157535873223926 0.9995662246788627 -0.02915608644362729 0.3477261789891725 -0.01610499995699924 0.02908562773704967 0.9994471748099181 0.8209920742906366
0.9998576100028084 0.004503734003721766 0.016262721159010667 159.64271161532685 -0.004004860107826677 0.9995243221377037 -0.03057925032895333 0.3373287895671105 -0.016392706152089452 0.030509766226370433 0.9994000366969292 0.8240848300694037
0.9998483727128654 0.0055880864499042405 0.016492570244303322 161.0094734439295 -0.005096766916315031 0.9995463532897613 -0.029683507072795743 0.3415489730695563 -0.01665096244772774 0.02959494745675949 0.99942327596199 0.807959735259842
0.9998462461430772 0.006798407758949091 0.01616371632825072 162.3520063760566 -0.006355188179349058 0.9996066557570319 -0.027315661248586774 0.3427585936348998 -0.016343061426861257 0.027208737901371755 0.9994961675389317 0.797562067533262
0.9998640533990876 0.007641470142859729 0.014611045630013106 163.7016560664481 -0.007284514227788815 0.99967745024001 -0.024329639004666583 0.3467820624763842 -0.014792247050792658 0.02421989710316777 0.999597211886618 0.7954535180769059
0.9998646147433146 0.00831957809443789 0.014196365891794934 165.0525564299346 -0.00798980341237396 0.9997005333357204 -0.023130211622638477 0.34682094508062733 -0.014384548155391837 0.023013653960355183 0.9996316604158545 0.785288387156796
0.9998377399335736 0.00859864441112529 0.015828996140457244 166.38823269335103 -0.008269483186652438 0.9997506173615874 -0.020744125263557664 0.3448181998067853 -0.016003420020397494 0.020609861702969346 0.9996595041053905 0.7947479356545197
0.9998475673544446 0.008330496577061818 0.01534421331248832 167.72611042986358 -0.008023891447598571 0.9997690571043649 -0.01993613861022786 0.3356261615421375 -0.015506747609887026 0.019809979389909138 0.999683502662285 0.7730854606925482
0.9998820198034833 0.00785012668862404 0.013203105115049652 169.1144346116305 -0.007629905405436857 0.9998323006293429 -0.01664797770719207 0.3285024836665418 -0.013331579696741987 0.0165452751324247 0.9997742359420859 0.7829508182854955
0.9999156713408661 0.007182301960371992 0.01081964627403118 170.5228595139101 -0.007030832242486348 0.9998776526035265 -0.01397308920889363 0.3310140904213836 -0.010918681464496276 0.01389583975914093 0.9998438318219827 0.780405175126411
0.9999354731099271 0.006826519070917436 0.009080102080956316 171.864044996063 -0.006747466799775126 0.9999393156587435 -0.008708426477243732 0.3329087021693666 -0.009138999300367578 0.008646596862235905 0.9999208543952315 0.7734042895130543
0.9999226592256607 0.007111553334983966 0.010203008195964482 173.22746073054117 -0.007052652307267103 0.9999583247163976 -0.005797320571472181 0.33208532362163445 -0.010243810937148342 0.005724913932915756 0.9999311424782932 0.7734059874292197
0.999887972214955 0.007836434756778069 0.012752776567008715 174.58684855402026 -0.007822431814923763 0.9999687458651727 -0.0011475423017762566 0.3422238792185007 -0.012761370630388982 0.00104765602000756 0.9999180215580162 0.7888970203918174
0.9998564021155895 0.007856800835923534 0.01501485361544585 176.0142630571698 -0.007860163873274838 0.9999690948251808 0.00016497998014354537 0.3391981839863866 -0.015013093363924077 -0.00028297549931806425 0.9998872571207781 0.787272531392462
0.9998429858435506 0.006999444719032278 0.016279171756533053 177.4165223969981 -0.006960905676479601 0.999972837442612 -0.0024228431923079964 0.3357192652701871 -0.016295688129583433 0.0023091449925395093 0.9998645500255455 0.777547734213496
0.999853642632482 0.005622227988982082 0.016158089831317533 178.81912600857638 -0.005550279212568363 0.9999744979485987 -0.0044942021661712305 0.3296304808089895 -0.0161829451960869 0.004403862496467522 0.9998593492486294 0.7702919871844098
0.9999167141971836 0.0034262323140052935 0.012442893603907015 180.15847933854855 -0.0033332746977358563 0.9999664403730769 -0.0074838096840430055 0.3218574268412422 -0.012468117295611158 0.007441710806528823 0.9998945779387819 0.7571520713799196
0.9999601038761718 0.0017604372564773087 0.00875736927516748 181.5718638281407 -0.00172677907446084 0.9999910997907343 -0.0038494900110993676 0.3331383313701415 -0.008764068118382292 0.003834214389357524 0.9999542439082063 0.7844593423284727
0.999966003680248 0.0011936365488009384 0.008158842782139995 182.96699217888715 -0.0011884138737059359 0.999999085860307 -0.0006449426448100124 0.35931218926135006 -0.008159605150930685 0.0006352246371779571 0.9999665081058671 0.778785056784832
0.9999576952058874 0.0008844088713061233 0.009155633210097392 184.29556549149936 -0.0009068526359691114 0.9999965936750209 0.0024475000820532735 0.3747532065405701 -0.0091534374322502 -0.002455699351176755 0.9999550910535285 0.7710518155902114
0.9999275631418808 0.0011779091310443668 0.01197835544717339 185.741662943957 -0.001240829603744465 0.999985465752315 0.005246772914894055 0.36757858454624676 -0.011972001129063489 -0.0052612559531918625 0.9999144915315312 0.7743440487658331
0.9998942804749877 0.0015118373473049303 0.014461750282793815 187.113040190832 -0.0016096905852756465 0.9999758749369994 0.0067571029444574385 0.37416570478048927 -0.014451185751566132 -0.006779667530020513 0.9998725915528219 0.7799643336894491
0.9998860500297059 0.0016731620429649534 0.015002915875605111 188.55940792585164 -0.0017410062908868513 0.999988313650015 0.004510150828347293 0.38017710365138196 -0.014995194333105356 -0.004535757067715455 0.9998772779970225 0.7652353979547047
0.9998733933464539 0.001540523864865676 0.015837426055688046 189.97456280158093 -0.0016087146545945665 0.9999894874494065 0.004293836027768399 0.37383924057771245 -0.015830644807072768 -0.004318770298944891 0.9998653603901363 0.7687764383821387
0.9998632719122648 0.0017450019108702331 0.016443614238712153 191.32667273669597 -0.0017621848217532772 0.9999979163560646 0.0010305281088925397 0.3771461985779233 -0.016441781702555846 -0.001059363894181078 0.9998642635691033 0.7642076251671672
0.9998587412190314 0.002102833118594911 0.016675601961229837 192.7872101164048 -0.0020984407701342663 0.9999977588202347 -0.00028089293745577233 0.384076998941507 -0.016676155259179804 0.00024586049583986904 0.9998609130266011 0.7607127328487155
0.9998423452099081 0.0025866856534016145 0.017566837577707176 194.15910463576003 -0.002534921226521268 0.9999923815342651 -0.0029683409177966445 0.37715455164634976 -0.017574381910223487 0.002923342395173747 0.9998412849896299 0.7564747319677115
0.9998150556995776 0.0029519233417835055 0.019003698193632484 195.60362758025965 -0.0028020016395234695 0.9999647827696008 -0.007910879050845173 0.375277812917088 -0.01902638124453898 0.007856167585357822 0.999788116276448 0.741206040618922
0.9997986691479571 0.003280674162903834 0.01979541227180332 197.0155021508699 -0.003051684530402532 0.999928212289985 -0.011586953356320198 0.3635199575881749 -0.01983200422299038 0.011524211191725585 0.9997369074736151 0.7428217930008345
0.9998586193078988 0.0034676485462977824 0.016453474078804865 198.43295661947153 -0.00330885409380973 0.9999477839747877 -0.009668547383005406 0.37037895088318296 -0.01648614206806502 0.009612738292021736 0.9998178846081124 0.7410771359519542
0.9999284822642861 0.0036062784942792704 0.01140285543462832 199.86153616355426 -0.0035684780816420117 0.9999880764479364 -0.0033336055760895948 0.38526443157826656 -0.011414741382185331 0.003292676324480426 0.9999294284907311 0.7392245305647603
0.9999335674000733 0.004915589296004784 0.010425822194718336 201.31486561104157 -0.004986015308350794 0.9999648570338887 0.006739758789426468 0.3970920501493469 -0.010392325914239305 -0.006791294358792216 0.9999229359720799 0.7222330518221481
0.9998839858617977 0.006128901501262144 0.013944582586512322 202.75589074630503 -0.0063110934107757175 0.9998948087764284 0.013059153185023575 0.41664612717715693 -0.013863077475246949 -0.01314564370189892 0.9998174869117753 0.7110500066427416
0.999841547409465 0.006999809620741566 0.016367123727768294 204.17182131542847 -0.007239355082043822 0.9998668765225984 0.014622618470679725 0.4104337325736883 -0.016262589333891093 -0.014738788899239698 0.9997591191331744 0.7070855283002182
0.9998327189804241 0.006594773505566108 0.017059982960787864 205.65120247461138 -0.006840000810873955 0.9998735485442655 0.014356228975800356 0.4080577700244367 -0.016963149622618218 -0.014470517748465306 0.9997513969337437 0.7115608841289999
0.9998394314057701 0.005252273915888117 0.017132572045630415 207.07746112187752 -0.0054341941131132296 0.9999291670271907 0.0105891672311595 0.39260381035988867 -0.01707574128778136 -0.010680568665615982 0.9997971516825059 0.7009802855799332
0.9998502650862261 0.004120420015816988 0.01680683033461867 208.51993948734975 -0.004261365969771861 0.9999559824960232 0.008359056793944252 0.386777724384996 -0.016771647714970465 -0.008429425206143655 0.9998238127908431 0.694172257456265
0.9998587658249813 0.003626077929103805 0.01641036141579479 210.00382048725692 -0.0037720244817419073 0.9999535342796448 0.00887136477415983 0.3902013737724892 -0.016377430636521705 -0.008932012119289272 0.9998259843218952 0.6875022496346688
0.9998588206100383 0.003518950495532275 0.016430332793747005 211.4706840728892 -0.00368511659892937 0.9999422631143831 0.01009407516012648 0.39521208157338955 -0.016393863606715173 -0.010153197776857317 0.9998140596185615 0.6865831034896799
0.9998499440212429 0.0033274088261238182 0.01700052326315953 212.9073809274851 -0.0035167466821241786 0.9999319928718224 0.011119448015057078 0.3961944006938815 -0.01696236815692796 -0.01117756600918203 0.9997936487518908 0.6682336880918911
0.9998488685356951 0.0028680044583726102 0.017146855056168493 214.3489701037082 -0.003050980634488675 0.9999385846569488 0.01065450287090225 0.40410891205247534 -0.017115244814447476 -0.010705207363000683 0.9997962127004967 0.6712853184043887
0.9998588221504844 0.002679427700231621 0.016587839975269598 215.81678964999827 -0.002867225697315844 0.9999319515943155 0.011308014749901129 0.40658452806246553 -0.016556412191250022 -0.011353979389736502 0.9997984658756838 0.669712820725553
0.9998664220451312 0.002389525807169619 0.0161687424707206 217.29938395483134 -0.0025580991018605815 0.9999425086473633 0.01041323816124178 0.4129270840691902 -0.016142930206523035 -0.010453208427777206 0.999815051015893 0.6587701146624082
0.9998669797521255 0.0017879198034970725 0.016211913648265863 218.773458692139 -0.0019555440752511005 0.9999447358431383 0.01032962278915165 0.40789830910109515 -0.016192549173379596 -0.010359951851851137 0.9998152193024944 0.6552100028102783
0.9998724837041617 0.0015718844708782881 0.015891680543004303 220.26076484214826 -0.001774922430361174 0.9999168804836568 0.012770347458027057 0.41229228325629697 -0.01587028612334669 -0.012796925530874553 0.9997921647599167 0.6555655937121244
0.9998726283599461 0.0014892423267650957 0.01589053850142786 221.74756583307942 -0.001660990058044103 0.9999402938328589 0.010800457466375656 0.41710929989046863 -0.015873505239872777 -0.01082547582086267 0.9998154034143761 0.6439895418794569
0.9998760657818084 0.0010382878778136479 0.015709074924240923 223.22091175278518 -0.0012426648392585124 0.9999146467733362 0.013005958336530557 0.4203655720245084 -0.015694230175128065 -0.01302386756831792 0.9997920133771688 0.6452615244065145
0.9998768748917968 0.0006492418928661209 0.01567844193722003 224.7082688647636 -0.0008319155060347037 0.9999318189137218 0.011647550836405307 0.4261183091077233 -0.015669810886065318 -0.01165915986940631 0.99980924231472 0.628303847991287
