1.0 -2.1684043449710093e-19 -2.5135375298442207e-37 0.0 2.1684043449710093e-19 1.0 2.3183291766350204e-18 -8.673617379884035e-19 -2.51353752984422e-37 -2.3183291766350204e-18 1.0 0.0
0.999999605191816 -0.0005752605669382756 0.0006772676666057745 1.3273296181958805 0.0005753941431156976 0.999999815046477 -0.00019704971926772806 -0.0051472914502177945 -0.0006771541864095126 0.00019743933731957285 0.9999997512399269 0.014190925790177144
0.9999991949427005 -0.0005967506105383338 0.001119822601905854 2.628292136493784 0.0005974895951637137 0.9999996039050855 -0.0006596937592120932 0.002610928857959863 -0.001119428485696238 0.0006603623104738848 0.9999991554003855 0.02238872222501785
0.9999988872738748 -0.0011179839288187879 0.000987705901274616 3.9520689250911336 0.0011192792573348144 0.9999985130995639 -0.0013118737003340345 0.0010290636455376027 -0.000986237778940667 0.0013129777593055387 0.9999986517113146 0.049421367772926404
0.9999992821437903 -0.0005474319932305861 0.0010658471357157654 5.267740827495107 0.0005495019615738203 0.999997961855411 -0.0019427641694633494 0.012071873158001916 -0.001064781432103527 0.00194334845992984 0.9999975448156186 0.05437341299940499
0.999998422726841 -0.0009066767965680368 0.0015272462200102274 6.589238778037251 0.0009101360174767321 0.999997018817045 -0.002265835265889441 0.005415403617607984 -0.0015251872867494008 0.00226722169384068 0.9999962667477971 0.06502564482824083
0.99999671025042 -0.000676031506330865 0.0024743624916060314 7.924290445281585 0.0006848703053135854 0.9999933821128274 -0.003573049567776471 0.011495242433065687 -0.002471930622472739 0.0035747324307332387 0.9999905553789227 0.09339317320524931
0.9999957501909511 -0.0004940106247464174 0.002873247907781817 9.23996119245518 0.0005043327737889643 0.9999934183814966 -0.0035928877163960717 0.02808341371949353 -0.002871454072454801 0.003594321520396458 0.9999894177461669 0.10374597577126295
0.9999967710918701 -0.001050773755133984 0.002313802141349299 10.5717775846944 0.0010581522139007616 0.9999943521628831 -0.0031899774650578794 0.023908083838213103 -0.002310437128771933 0.003192415519772106 0.9999922351515651 0.11967967870287478
0.9999995872625612 -0.000908437062029497 -1.4724513922894985e-05 11.892859132165661 0.0009084271297484407 0.9999993688752834 -0.000661066702153164 0.04268206634220515 1.532504212259986e-05 0.0006610530531582667 0.999999781386978 0.1271993328431052
0.9999992906577392 -0.0009340616893766398 -0.0007390620941138222 13.230849570353744 0.0009355741284335712 0.9999974636839069 0.0020487378562885016 0.04035281880916226 0.0007371465720756043 -0.002049427850406718 0.999997628227396 0.14481478444514814
0.9999992729673255 -0.00076827925524356 -0.0009294147654141148 14.570737095832554 0.0007737586462555569 0.9999822387760602 0.005909604891667907 0.06506920784359577 0.0009248580310253793 -0.005910319737902754 0.9999821062190153 0.15593013244114654
0.9999999494761612 -0.00031359741436671806 -5.200323920435918e-05 15.919932085608629 0.0003139021525263979 0.9999821459691758 0.005967345165193231 0.08667176729207414 5.013096672248513e-05 -0.005967361187628771 0.9999821938851425 0.17576445643563007
0.9999959213541647 -0.00016938058636645095 0.0028510673882256973 17.26546281915318 0.00015669917347724022 0.9999900971517147 0.004447588545875842 0.07233872294136248 -0.002851792489693717 -0.004447123645834079 0.9999860450880674 0.19437071554380927
0.9999879562137044 -5.301878000913759e-05 0.004907608027072696 18.627948382866194 5.3780738882605785e-05 0.9999999865213272 -0.00015512890600987466 0.08323934648255597 -0.004907599736179312 0.0001553909724563246 0.9999879455865832 0.21629002817704787
0.9999940349586744 -0.00027665186405504755 0.003442892797553327 19.969374277221025 0.0002832742518725518 0.9999981106110966 -0.0019231562430734985 0.07302090217793186 -0.0034423542478303646 0.0019241200542485374 0.9999922239493911 0.2404455072315055
0.9999996456118374 -0.0002738905583539729 0.0007960905486572554 21.320838353264275 0.00027620088855780556 0.9999957468799124 -0.0029034350613021567 0.07673248657301028 -0.0007952919393384669 0.0029036539132760515 0.9999954681420726 0.22965581344747163
0.9999999715258862 1.733826696642556e-05 -0.00023800758679455485 22.672379450209405 -1.7555905411463902e-05 0.9999995817396363 -0.0009144464678229054 0.09264404244553963 0.00023799163232842945 0.0009144506202235336 0.9999995535699234 0.2761122694190318
0.9999992482432212 0.0008044705829514651 0.0009253864456350687 24.03612268496096 -0.0008055581120383366 0.9999989847028251 0.0011754443615863204 0.09440726510082201 -0.0009244398956820323 -0.001176188930496105 0.9999988809946134 0.25691157364061024
0.9999833426163832 0.0016372761172634735 0.005534782442053195 25.435293904517273 -0.001646105423773318 0.9999973794272462 0.0015910611471557487 0.10623458631723531 -0.005532162931335785 -0.001600145479637132 0.9999834172163783 0.2758270790747117
0.9999781156776822 0.0017692329143469635 0.006374792593242653 26.80377830873003 -0.001771046990577671 0.999998392792234 0.00027893638363864437 0.09584302385436155 -0.006374288844195547 -0.0002902203365427379 0.9999796418997174 0.29086245962280666
0.9999812193654802 0.0017265971596221337 0.005880457344084005 28.170087584518708 -0.0017031107588345669 0.9999905630820914 -0.00399664365498079 0.092653544156743 -0.005887302444273495 0.003986553525307423 0.9999747232110017 0.3125638166428599
0.9999920623185572 0.0015798521474736367 0.0036577817145204113 29.53135995626882 -0.0015644990971757063 0.9999899711089607 -0.0041964299201895875 0.09902372448674214 -0.003664374769847284 0.00419067401407565 0.9999845051843823 0.3067393598838372
0.9999959139580441 0.0021691379787318597 0.0018619633845293677 30.937071861828777 -0.002161427540370323 0.999989122809512 -0.004133097343430141 0.09850486371331346 -0.0018709083900163828 0.004129055956482505 0.9999897252465669 0.3497899381359309
0.999996176000484 0.002725188148520068 0.0004704614375737481 32.307923682724216 -0.0027243358211212414 0.9999946637281162 -0.001802916976931012 0.11297778932062301 -0.0004753722150419043 0.0018016283876305262 0.9999982640766983 0.3294806928212835
0.9999928698743851 0.0035234812451301056 -0.0013584109490625566 33.6860661825779 -0.003523761778435927 0.9999937706877832 -0.00020417776127397164 0.11912758030088466 0.0013576830705841147 0.0002089630220426015 0.9999990565151226 0.3680185895072631
0.9999926952973829 0.0036635593670246856 -0.0010898094511458964 35.07956620074268 -0.0036637183281351404 0.9999932782076986 -0.00014390077327720196 0.1296667289824202 0.0010892749366472557 0.00014789247698518488 0.9999993958037813 0.3582876022045153
0.9999950896163582 0.0031009630253794134 0.00045251683604134236 36.473121898557835 -0.003101019536877194 0.9999951841102153 0.00012423448997476254 0.12646368389690638 -0.00045212941021024566 -0.00012563714348508528 0.9999998898971462 0.3964829927003258
0.999994765715727 0.002876735271511727 0.001480856281360615 37.87929251437604 -0.0028776508602880537 0.9999956695022191 0.0006165243993535228 0.13635033390857332 -0.0014790762910304068 -0.0006207825596415757 0.9999987134803419 0.3846280785802869
0.9999953420510216 0.002280528250569711 0.0020285628308494555 39.27588656015712 -0.0022855027402581907 0.9999943788946681 0.0024532949865548248 0.12137431446000017 -0.0020229566195602918 -0.002457919845140641 0.9999949331254386 0.396174379514597
0.999992571122213 0.002951678045923004 0.0024789709758442032 40.66689389569451 -0.0029652580864046214 0.9999805201816809 0.005492403996024973 0.1437258337003915 -0.0024627108776455694 -0.005499713982359014 0.9999818439358014 0.4322604126165639
0.9999928244272874 0.0026941372457077225 0.00266321580754698 42.09423684285758 -0.0027156249686453764 0.9999635238713477 0.008097919969120713 0.1470500517847548 -0.0026413017559429866 -0.00810509415725102 0.9999636648267456 0.43655356523627037
0.999992682927482 0.002576567694511629 0.002827612139606045 43.48033038293556 -0.0025997458058376203 0.9999628009836422 0.008224230705296449 0.15672787671888314 -0.0028063166680683325 -0.008231521600804448 0.9999621826043693 0.43912951008477774
0.9999936216757335 0.0022832561484950795 0.0027465158310827115 44.91048822302476 -0.0023051202635790587 0.999965470282432 0.007984025513795555 0.16608604822380424 -0.002728191419322653 -0.007990305638388347 0.999964355358422 0.4543981992967791
0.9999965955546843 0.00133107402533102 0.0022443531317863 46.30688407432985 -0.0013482642817703404 0.9999696355152161 0.007675300058765706 0.15446223039515677 -0.002234068590614936 -0.007678299909789642 0.9999680258128395 0.48152796060382724
0.9999959578275347 0.00035331037953955697 0.0028212586494432462 47.73991455448424 -0.0003734571011537406 0.999974413645502 0.007143709409546114 0.1604080099542108 -0.0028186625170365043 -0.007144734152517465 0.9999705035227313 0.49818591517160554
0.9999929034367009 -0.0006842667675295368 0.0037047071716733255 49.13401092022928 0.0006563147084392373 0.9999713510448717 0.007540977423226369 0.1612943342779867 -0.0037097610759292046 -0.007538492454395518 0.9999647037792256 0.5110802610148666
0.999991419092386 -0.0017329746477915298 0.0037627836060675763 50.56955778973897 0.0017014501425901877 0.9999635646377187 0.00836507408450307 0.16680100591783337 -0.0037771429689990445 -0.008358600115872087 0.9999579326127147 0.5311059579860652
0.9999883020329587 -0.002857533310284358 0.003902601775830237 52.02170247026592 0.002825483901763002 0.9999624426326118 0.008193287798049363 0.17364908945453625 -0.0039258677971852445 -0.008182165214746143 0.9999588190192823 0.5338444678502149
0.9999796763345101 -0.0038908587970355275 0.005050557964205345 53.435515017339426 0.0038440034131780355 0.9999497917662487 0.009254057725953136 0.19125270686641926 -0.005086310616521803 -0.009234455287526632 0.9999444255956702 0.5584361973096482
0.9999739159648099 -0.0046348582353508815 0.0055394475484280645 54.88578615051803 0.004590692920795379 0.999957787676904 0.007959170988156336 0.20602453117519712 -0.005576103344679399 -0.00793353347821451 0.9999529819536714 0.5644754789547535
0.9999660024527591 -0.004935430322799968 0.006605714660595625 56.27335088094238 0.004904630317255388 0.9999770641479219 0.0046707365108747375 0.2161858834257702 -0.006628615247506879 -0.004638179128898064 0.9999672738416338 0.5710615526271743
0.9999645978422884 -0.0052317132453435925 0.006590314000777002 57.69760260354828 0.005205937174060367 0.9999787566380567 0.003922306814363581 0.2359330840284686 -0.00661069438486437 -0.0038878591955937704 0.9999705912028739 0.593977115793988
0.9999614897161655 -0.004952309413860196 0.00724525472957406 59.14581160631801 0.004930542705105649 0.9999832873894405 0.0030190545607306626 0.26136250019171686 -0.007260084934775425 -0.0029832152582290835 0.9999691953222674 0.6121368236692788
0.9999582244368771 -0.00519154070710725 0.007523116783250925 60.55863244231973 0.005172154832851276 0.9999832598243541 0.0025940095303068713 0.24166015503113442 -0.007536457751025781 -0.002554990439269401 0.9999683364129198 0.6261070865341631
0.99995597889275 -0.004468600827262331 0.008250568664571146 62.014252676189365 0.004464596377263475 0.9999899067773891 0.0005037087818860185 0.26578821113852225 -0.008252736263224382 -0.00046685114909750036 0.9999658366135187 0.6247243305491211
0.9999573537997256 -0.004405383615689118 0.008116845264582593 63.42671109808899 0.004420058457783796 0.9999886278190698 -0.0017908980326920307 0.25800864597934087 -0.008108863365499071 0.0018266985882580981 0.999965454156886 0.6418411681678678
0.9999666797439946 -0.0038351635749216922 0.007206311270340391 64.83422515363762 0.0038511290766779747 0.9999901579257545 -0.0022029199848088077 0.27711491451874737 -0.007197791786805625 0.0022305990178197546 0.9999716077076466 0.6561340275960356
0.9999698801638693 -0.0030967834767030218 0.007116789806873356 66.28844625632875 0.0031127274012443273 0.9999926682246513 -0.0022303419172905177 0.28536983161007484 -0.007109830742172425 0.0022524273663982047 0.9999721880521362 0.6629590351725466
0.9999733823551299 -0.0025102858912626935 0.006850769736705863 67.65886955984845 0.002516122858169719 0.9999964787848693 -0.000843530452941268 0.29729474243097775 -0.00684862811107694 0.0008607453784778174 0.9999761774214372 0.6722463568267394
0.9999640781748091 -0.0018047051418560187 0.008281630235348112 69.1257178015046 0.0017894002421125633 0.9999966783352335 0.0018550917155285842 0.31759290338230356 -0.008284950620106379 -0.0018402059261000475 0.9999639859691808 0.6849861367863669
0.9999550480601965 -0.0009881050070554382 0.00943003220699867 70.49293301208405 0.000939724052976394 0.9999863815908997 0.005133571022584337 0.3284106694379796 -0.009434976292193736 -0.005124478630523494 0.9999423588093121 0.6960906162779775
0.9999456506442566 2.8901562006979908e-05 0.01042568570090883 71.93848489137099 -0.0001217337870325896 0.9999603542290182 0.008903659419670466 0.3545666153263918 -0.010425015036896398 -0.008904444669720032 0.9999060105462936 0.7082489145133664
0.9999477850266042 0.00039139559901364777 0.010211465608479901 73.30768265859196 -0.0005175322797617447 0.9999235680746585 0.012352739339231632 0.35287522288168294 -0.01020585031868975 -0.012357379104351734 0.9998715596520104 0.7126069410651549
0.9999523437281502 0.0008862172340018975 0.009722391248727503 74.7055595837125 -0.00104365585503528 0.9998682218260642 0.01620030138117097 0.3661365242903863 -0.009706753063482438 -0.01620967616575598 0.999821496740076 0.7200210917435006
0.9999506776931528 0.0019036567304772643 0.009747731636486534 76.14193298966634 -0.0020721003129787535 0.999848206285191 0.01729944474770701 0.3839773064178742 -0.009713319787662981 -0.017318789776959675 0.999802836032867 0.718834643146036
0.999944904801671 0.0022303428874798177 0.010257335510809493 77.51268118200662 -0.0024152827330820984 0.9998341121329672 0.0180531056774239 0.3892559980615799 -0.010215369327455603 -0.018076885403332837 0.9997844129829282 0.7288021870955568
0.9999423057852119 0.0021459863446732885 0.010525200404848145 78.92066036935626 -0.0023319577825910184 0.9998408209424818 0.01768883122097877 0.37940258709394264 -0.01048556502311406 -0.01771235500074837 0.9997881402609623 0.7514895956530264
0.9999561919161752 0.0017209473752592957 0.009200684139383184 80.28825262478955 -0.0018728911124220233 0.9998615935255141 0.01653136629262252 0.3751942910987431 -0.009170961093697855 -0.01654787396469509 0.9998210146520559 0.7449139152736398
0.9999537395982641 0.0016248225745178432 0.009480433273242269 81.6911880539928 -0.0017788156265850842 0.9998662559310291 0.016257492593637693 0.3871238506263412 -0.009452749780549502 -0.016273604458352332 0.9998228919761336 0.7704547562741928
0.9999481446297458 0.001390002239184798 0.010088406479915903 83.05958019320971 -0.0015454334626180742 0.9998799796685474 0.015415508212118775 0.4032003349112544 -0.010065768075093339 -0.015430299796191337 0.9998302786779655 0.7691127517079169
0.9999587481011483 0.0011508199465558328 0.009009867337244005 84.4364425850769 -0.0012886188659278121 0.9998820659571866 0.015303386507784861 0.4144013922833509 -0.008991193324720698 -0.015314365499062833 0.9998423018916326 0.7666861331693219
0.9999570300684665 0.00034303787039213806 0.009263926903393234 85.83598320437764 -0.0004801259703552715 0.9998903603884367 0.014799887882502784 0.4209467139523398 -0.00925783428802474 -0.014803699784227561 0.9998475598695004 0.7643002425297264
0.9999532105785656 -0.0007509092358130178 0.009644313813768773 87.19872777435276 0.0006050026453098882 0.9998854611044075 0.015122785584194451 0.42624770784494204 -0.009654565004082188 -0.015116243162436963 0.9998391313442558 0.7736965133608235
0.9999401101492414 -0.0018576499857639866 0.010785418455185231 88.58125775666205 0.0017067013833492386 0.99990070667322 0.013987993593913457 0.4326205078106113 -0.010810332331206702 -0.013968748366467242 0.9998439932229244 0.7737955243368302
0.9999278884551844 -0.0028221353119163594 0.01167276496111643 89.96440025835447 0.0026889651054551778 0.9999313039683266 0.011408628789813278 0.43823722599154724 -0.011704159782653222 -0.011376418438302394 0.9998667860006646 0.7988869660883434
0.999921012498263 -0.003848957594071062 0.011964710188205063 91.33807885506906 0.0037187001638677745 0.9999337868323164 0.0108900514358304 0.44363446317090766 -0.012005833313016849 -0.01084469808813619 0.9998691176798279 0.7977413430691921
0.9999241042499124 -0.00428544188995197 0.011550789056088763 92.7083600002295 0.004168472262270358 0.9999399847306989 0.010131671913780383 0.4491375822532731 -0.011593514523607483 -0.010082753819153203 0.9998819572811649 0.8069215522636977
0.9999247451047117 -0.004151128970768974 0.01154436033503959 94.0341535909599 0.004055608797000024 0.9999574518241339 0.008285323087888461 0.4661473024068061 -0.011578262588268107 -0.008237880167436528 0.9998990354859755 0.8215825424932988
0.999927177332687 -0.004521431921448326 0.01118913244469791 95.40211929703835 0.004433470262648837 0.9999591737258846 0.007873704520514124 0.4836731349347987 -0.011224276053068713 -0.007823524450390897 0.999906399665618 0.8210691073198311
0.9999331101502075 -0.004447955293115792 0.010676652988808709 96.7679603539907 0.004368316546920559 0.9999625509161952 0.007470915320183214 0.4834796054366619 -0.010709483455279006 -0.007423776591862894 0.9999150936480734 0.8236939408734762
0.9999404759105248 -0.0041301268577944444 0.010098845873256747 98.1128641498984 0.00404259431820008 0.9999542199481847 0.008672683494522429 0.5067104057701441 -0.01013420283059927 -0.008631341723986503 0.999911395011094 0.8333608812371862
0.9999412683750083 -0.0040126391395794575 0.010067697239947762 99.46527127793492 0.0039064377584535105 0.999936755566367 0.010546307953359247 0.5143212445121902 -0.01010937904220954 -0.010506359718916673 0.9998937027808694 0.8350618117720842
0.9999284039377206 -0.003785650405769428 0.011351469048885359 100.81729724836175 0.0036628893577627286 0.9999347975451428 0.010815909573717135 0.5268612625075489 -0.011391674157703644 -0.010773556022007552 0.999877072569686 0.8410501079815724
0.9999082194548953 -0.0035993712877821537 0.013061286034454023 102.12156805599456 0.0034561513623415263 0.9999338408486896 0.010971278109136576 0.5549442819721038 -0.013099911614271261 -0.010925129377729312 0.9998545063476877 0.8443861555308806
0.9999177494574928 -0.0038542582268856003 0.012232702619742065 103.49211182496626 0.003726228216090889 0.9999382264159213 0.010471799055722568 0.5414916572452833 -0.012272307979519084 -0.010425355902908476 0.999870342800082 0.8582696766682731
0.9999441906097342 -0.0036410460538111806 0.009917582844499838 104.81548044147974 0.0035349118105795704 0.9999365243116435 0.01069821228250593 0.5516431057591258 -0.009955906002716003 -0.010662557441072086 0.9998935892406156 0.8597883869028885
0.9999588830125361 -0.0036163773565492468 0.008315894367794091 106.1568095241688 0.003535194174732086 0.9999461553489175 0.009756475032799375 0.5774980803014524 -0.00835072969675177 -0.009726675574611047 0.9999178251715478 0.8578777495480007
0.9999473201149693 -0.00319394801075248 0.009754777854755075 107.49512089723723 0.0031122319714047917 0.9999600377227964 0.008380749941373562 0.5833620094461504 -0.009781155711222247 -0.008349949312916658 0.999917300250088 0.8730827095574503
0.9999264500554934 -0.00276871589108209 0.011807992705503725 108.80634883210465 0.002709502221086209 0.9999836899624566 0.005027763596608635 0.5852012929214542 -0.01182172056566592 -0.004995400022412981 0.9999176430594089 0.8670644501504661
0.9999129284516912 -0.002012373247848424 0.013041697323375073 110.16850938317499 0.001963246789077422 0.9999909339389201 0.0037785846571929153 0.6012396471704503 -0.013049183009229418 -0.0037526515795821614 0.9999078139653245 0.8845550985187126
0.9999273783243761 -0.0014689474533824806 0.011961616559613957 111.47374691213862 0.0014293267377879031 0.9999934666384921 0.0033201965917073507 0.593915125102566 -0.011966415604376873 -0.0033028584150916374 0.9999229450432034 0.8904759832809642
0.9999543839466987 -0.00039579369622617006 0.009543237036166738 112.82721574962972 0.0003524717360721226 0.9999896283944129 0.00454080029063621 0.6218906057041537 -0.009544935277607029 -0.004537229435922236 0.9999441523203144 0.8923326695865997
0.9999697882237945 0.000222956830751289 0.007770001924797583 114.17919322847952 -0.0002830223462634072 0.9999700815388767 0.00773019569505054 0.6093701981229165 -0.007768045958363811 -0.007732161236283403 0.9999399337683264 0.9044575352914359
0.9999721638641833 0.0020422399446651677 0.007176402496464518 115.48159177627353 -0.002117378546532517 0.9999428595427238 0.010478280279277077 0.6331008268500281 -0.0071545932710065365 -0.010493183765131395 0.9999193491925225 0.9015196397301694
0.9999501197002642 0.00346391328410539 0.009367999583029566 116.84882570613507 -0.003567861800771368 0.9999320026378257 0.011102272869916554 0.6465230519659859 -0.009328905273291202 -0.011135142813079988 0.9998944844937062 0.9158208563870411
0.9999285612863235 0.0042317504606915165 0.011178757171603014 118.14463525867109 -0.004365906844478534 0.9999184181768372 0.01200399300886929 0.6479392217569073 -0.01112704728526684 -0.012051940871498018 0.9998654607195616 0.9042752794929304
0.9999117788460647 0.0050443677617234665 0.0122877532032121 119.51808590772252 -0.005187751167805662 0.9999185040039618 0.011665015572212039 0.6457824169387509 -0.012227909172033265 -0.011727732277107255 0.999856458964444 0.91694674213896
0.9999121586379283 0.006113073532995887 0.01176032907783291 120.83697345079574 -0.006250751086149944 0.9999119446066213 0.01170603023506092 0.6444784304025044 -0.011687733693823298 -0.011778512851177361 0.9998623222804812 0.9215914444445761
0.9999040332372876 0.007384148342405849 0.011721717837528609 122.14391745177285 -0.007538385574929632 0.9998848677334381 0.013169055418238556 0.6356038084068026 -0.011623126030848337 -0.013256154455281907 0.9998445765769443 0.9226369248269956
0.9998983937106877 0.008710114976342317 0.011284332141752245 123.50363141403427 -0.00887746458309508 0.9998500844363324 0.014866044370811326 0.6505081970409885 -0.011153155489025427 -0.014964710146138344 0.9998258171166013 0.9208531681445207
0.9998911214594659 0.010028763286767139 0.010824469200366813 124.86814306250993 -0.010202062683307528 0.9998187350669219 0.016075289303343135 0.6550921342335929 -0.010661291832492073 -0.0161839709626008 0.9998121903339368 0.9258533465238298
0.9998878063270478 0.011023175203252644 0.01014220720172129 126.18247710309703 -0.011188559331655336 0.9998029593320639 0.01639690979817804 0.6458971542198401 -0.009959462764942667 -0.016508546855673115 0.9998141212156126 0.9259771879378836
0.9998818510508279 0.011975098229150787 0.009637476929794827 127.51673133754787 -0.012129502404909709 0.9997964008617216 0.016125507599981898 0.6409081733246765 -0.00944241021029204 -0.0162405001878013 0.9998235279503432 0.9343196586399569
0.9998661355359362 0.012616537720474595 0.010417964502758422 128.84424543968728 -0.01277839452340899 0.9997963631483974 0.01561873454035706 0.6186249605709532 -0.010218788667792477 -0.015749768607375574 0.9998237450405831 0.9348452250833493
0.999844175697057 0.01345831926823735 0.011423570682895531 130.211008907093 -0.013639261028293683 0.9997803645931688 0.0159120436321939 0.6099980142337826 -0.011206912298888937 -0.016065373211505685 0.9998081360442613 0.9474760918869333
0.9998414284577697 0.013796625148861565 0.0112592661407516 131.53938105587295 -0.013954856536708627 0.9998032346941998 0.014098009577759512 0.5914235729316669 -0.011062545754316923 -0.014252895478341198 0.9998372242779906 0.9368951567135626
0.9998337698083735 0.013849861924213136 0.011858080597491839 132.88933583637615 -0.014008893143911405 0.9998116099313284 0.013434863579791526 0.5738772404609961 -0.011669775647323013 -0.013598748883826332 0.9998394322915733 0.9548857891134447
0.9998263087446231 0.013684733104871331 0.01265228919801373 134.2130044691016 -0.013827462081532434 0.9998409595600378 0.01126307588745433 0.5626309554680425 -0.012496144784913425 -0.011436068638794147 0.999856521056698 0.9433792911086611
0.9998329563881664 0.012851263148077826 0.01299632084852545 135.54229530426403 -0.012977380547907048 0.9998690620895835 0.009666761102426577 0.5265860605684819 -0.012870389046713554 -0.00983380453311131 0.9998688160824853 0.9592349537868488
0.9998524746163112 0.011878663995382866 0.012406705659575672 136.8907293237031 -0.011995393235652364 0.9998840853591049 0.009376907097127638 0.525512560992509 -0.012293882412021753 -0.009524347078455925 0.9998790663215069 0.9557087741627825
0.9998371518037016 0.01141596580405194 0.013976608952913179 138.2204463076243 -0.011511701250198212 0.9999106944718494 0.006788506105914514 0.5446896173054522 -0.013897863410903166 -0.006948295156696387 0.9998792780066138 0.9647211052971013
0.9998541164922761 0.009866174527411863 0.013942895454130971 139.57329605920083 -0.009956095125327734 0.9999299903373864 0.006394575336164563 0.5000945257725105 -0.013878829320429087 -0.006532459266547945 0.9998823456150355 0.9646669565403309
0.9998616095347809 0.00873056586450719 0.01416117926596613 140.92995287800045 -0.0088067974138706 0.9999470157098852 0.00532973659815423 0.5081757886046813 -0.014113897329524875 -0.005453713650363784 0.9998855209020637 0.9698711536753328
0.9998758907435821 0.007443860442070663 0.01388495774020435 142.2577863428309 -0.007518735807497613 0.9999574319476243 0.0053481683378002335 0.5004670841143636 -0.013844555665868745 -0.005451901909551496 0.9998892963943474 0.9654398964749148
0.9998879104834567 0.00637796321381188 0.013545776252028616 143.6094560834655 -0.006446389847450947 0.9999666520297452 0.005013869399694793 0.49117587343851465 -0.013513346253294974 -0.00510062875200469 0.9998956810884688 0.9623525610946431
0.999919996570494 0.005974094141855742 0.011149468940151567 144.95450349737084 -0.006004664570014999 0.9999782985932417 0.002710414353349091 0.4897231387634316 -0.011133034710480617 -0.002777146332024852 0.9999341693313544 0.9624700975843306
0.999935302334941 0.004716544345677277 0.010351103987762072 146.26196101596483 -0.004713352322694221 0.9999888367318658 -0.00033274845154778577 0.4923514055971433 -0.010352557858440452 0.00028393852347675084 0.999946370524291 0.9844905756421186
0.9999065683614164 0.003997952372608765 0.013071760574693076 147.65571278735322 -0.0038707679492304484 0.9999450676724083 -0.009740574577801355 0.4918978573461146 -0.013109984865702883 0.009689066748085272 0.9998671163121488 0.9713967161515075
0.9998864469776112 0.0025643765993205864 0.01484981896002933 148.9692165735081 -0.0023205929799280916 0.9998626435893418 -0.01641063078477827 0.47871175283342626 -0.01488986227976263 0.016374306922421502 0.9997550570385229 0.9828385347239526
0.9999284520793009 0.0017728053723044526 0.011829957033101055 150.26137900487728 -0.001547944678433075 0.999818477402442 -0.018989894995370255 0.45114982069666076 -0.011861475016438696 0.01897022418883356 0.9997496866739494 0.9829197374506364
0.999958475256927 0.0016298331187022041 0.00896612546459228 151.6687835294127 -0.0014724164450168184 0.9998451572157849 -0.017535494916165014 0.464971352920228 -0.00899331705512892 0.017521564888661814 0.9998060386956054 0.9974229846356516
0.9999758580538549 0.002686647801063607 0.0064082160582782976 152.98103868073045 -0.0025977120516220203 0.9999007572264594 -0.013846573224088887 0.4617932885319469 -0.006444780954647991 0.013829592240779832 0.9998835968135994 0.9971995429145183
0.9999702975060184 0.0036591349928530594 0.0067834236804992865 154.35072265433837 -0.003560185753508864 0.9998879206786381 -0.014542047942091898 0.47067721984910715 -0.006835874715469321 0.01451746575865309 0.9998712487139635 1.0060018118934921
0.9999454186989543 0.004128944831347431 0.009597470372585595 155.6784704948255 -0.003951913495550823 0.999823043244102 -0.018391970471550747 0.47481993429124486 -0.009671711466780438 0.018353038241185043 0.9997847888343876 0.9933518782306008
0.999896596518964 0.004609790170134147 0.013621530911741972 157.0240253258146 -0.00427966184321751 0.9996987912400812 -0.024166325488751857 0.47465637985376136 -0.013728829676994162 0.024105531060483278 0.9996151472481758 1.0130113579994746
0.9998881575149015 0.004615048169084732 0.014225814277319433 158.36780852139756 -0.004240677784089544 0.9996468075385139 -0.026235030588679424 0.4459002458084024 -0.014341865756842348 0.026171769303095335 0.999554575487581 1.0098095598976058
0.9998841486142154 0.004037371501877303 0.014676136459623646 159.7046556806392 -0.0036358640539127184 0.9996211558401461 -0.027282325586210562 0.42281313467116605 -0.014780725374863399 0.027225804453980106 0.9995200276778983 1.028022037141326
0.9998787855649299 0.005410986334555377 0.014599157649949068 161.06722374254971 -0.005017250021738807 0.9996262664555373 -0.026872934606817996 0.4346873477686614 -0.014739110536941278 0.026796429595194383 0.9995322455936725 1.0078669492465624
0.9998769602845199 0.006421435692532305 0.01431186416353428 162.40584672942623 -0.006068509068858914 0.9996797370848548 -0.024568200170890418 0.4280235634544163 -0.014465043721674736 0.02447832562906285 0.9995957053151677 0.9980526867106679
0.9998861818954766 0.007917504371351388 0.012842755896428594 163.75909749085199 -0.007632292087236444 0.9997264759884579 -0.02210704243435618 0.4556108232488469 -0.013014275699428212 0.022006506588483066 0.9996731177218833 0.9982874389877913
0.9998938020813971 0.00843420653542914 0.011884810445514352 165.1078693421136 -0.008186735683471719 0.999751809654458 -0.020719470347606527 0.45153941599063685 -0.012056613042519591 0.020619972181215467 0.9997146867127585 0.9752338277284995
0.9998783122953389 0.008856135874195993 0.012842486472745723 166.45473500092234 -0.008588735631669269 0.9997482332571624 -0.02072929616343931 0.4543537798663997 -0.013022834625156413 0.020616472941802234 0.9997026391991599 0.9770151074543798
0.999880324225224 0.008287317382490056 0.013063598197393118 167.7783036667673 -0.008021444829826417 0.9997622654149992 -0.020274838473111432 0.4317966824506039 -0.013228516549602437 0.02016762313388929 0.9997090943504647 0.960324224631888
0.9999081232160393 0.008027626378500428 0.010922561114749254 169.16603664198075 -0.007830056475834131 0.9998071044309121 -0.018012333137614873 0.4358601241812237 -0.011065050481740982 0.017925153951985323 0.9997781021374864 0.9684445788825011
0.9999440387844193 0.006575759058587797 0.008287260844650104 170.59413644068 -0.006458540510734823 0.9998798344551619 -0.01409268974998272 0.43127145513805015 -0.008378935133718807 0.014038377496045308 0.9998663497704597 0.980774330950241
0.9999540451360037 0.006714804868788479 0.006842441941077926 171.94255317063585 -0.00665161187795409 0.9999354019392125 -0.00921672436881075 0.4364113923065944 -0.006903888438263454 0.009170787547406405 0.9999341143196346 0.970407586867949
0.9999431009368757 0.007026398926515371 0.008026494058460622 173.29100115035993 -0.006974893267673115 0.9999550210904241 -0.006427025747093382 0.4357473769640269 -0.008071291882320222 0.006370676115978322 0.9999471329691263 0.9761826264540487
0.9999132749215393 0.008165759970161258 0.01033261824476113 174.66716207368137 -0.00814748082741214 0.999965170746386 -0.0018099310257267212 0.45611213573394405 -0.01034703782969842 0.0017255892502703464 0.9999449790612932 0.9955459580634639
0.9998890558250114 0.00777139253298751 0.012707537112488485 176.06590821594128 -0.007786803212713825 0.9999690052787116 0.0011636913811672385 0.44347769140674503 -0.012698099743407115 -0.0012625133672002193 0.99991857884675 1.009663459603764
0.9998778780363955 0.006797288597243246 0.014072166896426094 177.47372965047643 -0.00675581371818851 0.9999727008682402 -0.0029927410984173196 0.4303293971988273 -0.014092125263430616 0.002897306680834307 0.9998965034540109 0.9955773335404288
0.9998866252165106 0.005645027687647978 0.013959597972107845 178.8672978094406 -0.0055747241047545935 0.9999716083062818 -0.005070013067428537 0.4341619432714373 -0.013987821999620164 0.004991617348486935 0.999889706213617 0.9907724005480896
0.999939556035557 0.003728929155882654 0.01034308284621034 180.20417395051854 -0.003648856095257779 0.9999633125638365 -0.007749798420299695 0.4421416317053672 -0.010371601834300354 0.007711589570872387 0.9999164771428067 0.9866787826554553
0.999977614816527 0.0019248230456183897 0.006408191795855924 181.6216495705311 -0.0018941789852968368 0.9999867595015611 -0.004784653335277249 0.43811272933171047 -0.006417316559207491 0.004772407967701023 0.9999680205738425 0.9967767356335375
0.999981435861899 0.0009672048439272455 0.0060160158215247575 183.0148074467233 -0.0009600375394199576 0.9999988261728799 -0.0011941443737185377 0.45114540134943065 -0.00601716374198484 0.0011883466044310632 0.9999811906095284 1.0098239543137122
0.9999746316152803 0.0007401633632994235 0.007084368996612998 184.34013621222633 -0.0007506018445332438 0.9999986365136111 0.0014709071316175415 0.4726891750093292 -0.0070832706256026565 -0.0014761873575157515 0.9999738237314665 1.0023800271656538
0.9999487859995696 0.001509613144338956 0.01000731962822124 185.7944990722736 -0.0015568102090640335 0.9999876953703409 0.004710143297922007 0.4773482967907776 -0.010000085997625073 -0.004725481570003702 0.9999388321812348 1.0130992821200264
0.9999197438304831 0.0018378123416778374 0.01253508451419104 187.15937536018544 -0.001926921286102557 0.9999729353245721 0.007100393842346998 0.4888145436311156 -0.012521696064762963 -0.007123978113108638 0.9998962226468833 1.0265499562181293
0.9999139815305489 0.0020286091690023874 0.012958174430241408 188.61484869785625 -0.0020868313575668294 0.9999877821593707 0.00448114570931158 0.49152282897114014 -0.012948925616057828 -0.004507801772754126 0.9999059981061056 1.0085688979376624
0.9999058493566144 0.0016051644976759827 0.013627760981269443 190.02259129398527 -0.001651951547640089 0.9999927782219713 0.003422653939180769 0.4763171466723422 -0.013622168642013606 -0.0034448440949541867 0.9999012799124971 1.0078926074745498
0.9998948728654459 0.002210209572062369 0.014330324177816127 191.38566808622494 -0.0022192033375042367 0.9999973504565244 0.0006117323580107823 0.49810850370973087 -0.014328934152285984 -0.0006434699515837978 0.9998971285049681 1.0103642218083506
0.9998928370151796 0.002612200049559741 0.014404544305063613 192.84061468503788 -0.0025896532584870806 0.9999953928071555 -0.0015836857211855055 0.501126392458335 -0.014408614844469531 0.0015462132335999764 0.9998949950084258 1.0014829819065303
0.9998829889228045 0.0026889052654255007 0.015059158385266854 194.19738906642579 -0.002638348747236724 0.9999908206410497 -0.00337605532065013 0.479977596083951 -0.015068098044774608 0.0033359289731201805 0.9998809049077791 1.0010196375875968
0.9998590921978094 0.00345797602304233 0.016426751084630875 195.66193917698686 -0.0033246564868278337 0.999961372172905 -0.008136388715247894 0.4907772487872222 -0.01645425199202172 0.008080628930045235 0.999831966396093 0.9911167979143577
0.9998424944676838 0.00363431654013251 0.017371758688337652 197.0737521747091 -0.0034321447654157636 0.9999262038485206 -0.011653636316454179 0.4740832912951093 -0.0174128297226196 0.011592178413614491 0.9997811834399957 0.9980665547477675
0.9998868226435901 0.003774500072853293 0.01456348354295788 198.49011660634085 -0.0036478276516067557 0.9999553724220113 -0.00871472993161624 0.48190337239612885 -0.01459572735872206 0.008660618543549032 0.9998559688421693 1.0118115621201325
0.9999540162085463 0.0038418483851834205 0.008786675673067377 199.93118693400444 -0.0038105947099802448 0.999986363857439 -0.0035709196482044277 0.4927379814404497 -0.008800274788589335 0.0035372729839419233 0.9999550204201598 0.9930339226233696
0.9999532110319511 0.005008022505535311 0.008276198250061066 201.38137473241238 -0.00506665479087579 0.9999621095732362 0.007078730611715321 0.4924127738976996 -0.008240434219163296 -0.007120332044728812 0.9999406962992617 0.9883518813411705
0.9999120620260458 0.006119742095784751 0.011765074224250032 202.80704515655856 -0.006274534937686854 0.9998936455427176 0.013165402181842714 0.5083479980223824 -0.011683254090225869 -0.013238064812313089 0.9998441154569487 0.9848954468438919
0.999879854308188 0.0071297867582234414 0.013763832657329287 204.23110478820436 -0.007334723098105255 0.9998621330026141 0.01489687297848084 0.5052609859042202 -0.01365572355134739 -0.014996037084681174 0.9997942988865479 0.9840270143740169
0.999876929016881 0.006771934257207026 0.014151598008254938 205.7012318655537 -0.006976034473615567 0.9998716453436817 0.014423168193636704 0.5107269550925236 -0.014052108837968284 -0.01452011515570976 0.9997958314041276 0.9762869414334907
0.9998758039699532 0.005593428602446972 0.014733980857491473 207.15452614446158 -0.005753399600504463 0.9999247221366272 0.010837363748899504 0.504353800136925 -0.014672253694525326 -0.010920788270925049 0.9998327166856789 0.9825537186438266
0.9998872847752802 0.004393616270392711 0.014356666771444813 208.58768375126596 -0.004524947120745379 0.9999481001289872 0.009128083149458817 0.4885491123295422 -0.014315816367648242 -0.009192017433486315 0.9998552716354654 0.9797890632792335
0.999894735940076 0.003941090960292691 0.013963697267136208 210.0883650632899 -0.0040652111005089284 0.9999523835423081 0.008871567322923437 0.4994868090334234 -0.013928068711556062 -0.008927398842863647 0.9998631458614057 0.9690615239700827
0.9998987606269513 0.003673012858558179 0.013746907769662753 211.53617295947976 -0.0038139253714730642 0.9999403133221594 0.01023834783755661 0.4999191339677641 -0.01370848167914966 -0.010289740993962498 0.9998530885886834 0.9696636515813424
0.9998907502288427 0.003581598906933563 0.014340842237194968 212.99007116231144 -0.003742352001774848 0.9999302933449641 0.01119835936863324 0.5034819551131119 -0.014299734553378067 -0.011250804430088383 0.9998344547930816 0.9555597098946923
0.9998890352488243 0.0032211354308296397 0.014544465466686144 214.42662658588978 -0.003380236413424552 0.99993457824406 0.010927636234032052 0.5181057622936657 -0.014508314545967444 -0.010975587383380694 0.9998345089516689 0.9690620866108081
0.9998975457566346 0.0029053110327555234 0.014016317549978332 215.87888722727408 -0.003064700749917195 0.9999307347819667 0.011363681080954233 0.5105658817755949 -0.013982331678669996 -0.011405472642513733 0.9998371915440175 0.9720648794878921
0.9999034200821366 0.002815844485518543 0.013609611599144965 217.36189243647777 -0.002962153056408448 0.9999379133539595 0.010742210508055986 0.5210473656156783 -0.013578518229785475 -0.010781486778842388 0.9998496803947686 0.9609308209528081
0.9999052977687872 0.0019770233377469793 0.013619356542623183 218.83286550610148 -0.002133135972004342 0.9999320844684625 0.011457581833900898 0.5055998707662185 -0.013595779670104623 -0.011485548714693546 0.9998416059286014 0.9690017408122311
0.9999118523070983 0.0019557046435775406 0.013132510618102044 220.30622873659516 -0.0021179585173811623 0.9999214605560333 0.012352609894585998 0.5204098317682693 -0.013107321141489069 -0.012379335153240684 0.9998374618875097 0.9618498606057303
0.9999097101751351 0.002206289429594457 0.013255330415729762 221.79690229902056 -0.002340468299060554 0.9999460963165197 0.010115664560216087 0.5456260006009341 -0.013232297820802076 -0.01014577489926614 0.9998609751090773 0.9550891456522546
0.9999144826109609 0.0014482472906917731 0.012997309130714453 223.29055905852752 -0.0016125891800779155 0.9999187770266802 0.012642741221920066 0.5282552331942734 -0.012977943634900138 -0.012662619367774788 0.9998356020115288 0.9598271658500783
0.9999152418047834 0.0009857518129236164 0.012982199345445453 224.77049137297917 -0.0011378467077495177 0.9999307474598748 0.011713478953999169 0.5263141561709901 -0.012969753712049822 -0.011727257893447885 0.9998471167688335 0.9511646921576896
