1.0 -2.1684043449710093e-19 -2.5135375298442207e-37 0.0 2.1684043449710093e-19 1.0 2.3183291766350204e-18 -8.673617379884035e-19 -2.51353752984422e-37 -2.3183291766350204e-18 1.0 0.0
0.9999996042002524 -0.0003767073228823025 0.0008060340758990575 1.320460676394223 0.0003769434647177933 0.999999886080431 -0.00029283570354661265 0.002063512034303145 -0.0008059236707220757 0.0002931394169195651 0.9999996322780921 0.01630093000184778
0.9999989005691848 -0.0002992964347414125 0.0014523367603869318 2.619663480910773 0.0003002626145311879 0.9999997337512173 -0.0006650863528775879 -0.018767222898517136 -0.0014521373157298258 0.0006655217040940104 0.9999987241882249 0.02457438398150181
0.9999992097200747 -0.000840833868403182 0.0009346430504569259 3.941041585150139 0.0008426623189593561 0.9999977287809438 -0.001957639693645809 -0.02321902482121448 -0.0009329948779212711 0.0019584257350427556 0.9999976470418308 0.051378078774584085
0.9999994387966207 8.217173021498701e-05 0.001056245355254031 5.215578141806041 -7.962067825189581e-05 0.9999970806581215 -0.002415022936122789 -0.05681082231373957 -0.0010564407183259014 0.00241493748183217 0.9999965259989494 0.06684786090179089
0.9999989552849555 0.0004119872431260935 0.00138553076796507 6.526621235217737 -0.0004082022446307111 0.9999961875573307 -0.002730978163856229 -0.09999964026649864 -0.0013866506138732152 0.0027304097339927672 0.9999953110203865 0.07289722770673755
0.9999962320629361 0.0006458574010241298 0.0026680944788862646 7.867107400540205 -0.000635840228831041 0.9999927531719511 -0.0037535730690111354 -0.09181284408802681 -0.002670499416611264 0.0037518624439800484 0.9999893959243105 0.09760867540018518
0.9999946036399516 0.0010005650365433275 0.0031291469418227324 9.175557514725886 -0.0009884336695831855 0.9999919996277423 -0.0038760391368138844 -0.08330372643086635 -0.003133000136722919 0.00387292526611677 0.9999875923030377 0.10764231938593873
0.9999971851533725 0.0005747607753526046 0.0023020285364646954 10.498318514846249 -0.0005667526351010895 0.9999937915696261 -0.0034778748760859067 -0.0977142701794673 -0.0023040131905411668 0.003476560405662422 0.9999913024876584 0.12232722994509414
0.9999997416271132 0.0007188477635678742 1.897248184091918e-06 11.832060467807148 -0.000718845707312213 0.9999993160644001 -0.0009225679276001923 -0.0697637161486569 -2.56043277799119e-06 0.0009225663254049407 0.9999995744323191 0.13197058817176777
0.9999993349104602 0.0005933514710310509 -0.0009889957881801825 13.172389828336918 -0.0005908220824323186 0.999996559235131 0.0025558652479945555 -0.07019887699806387 0.0009905089116828737 -0.0025552792275642246 0.9999962447130314 0.15202470222453138
0.9999992967889576 0.0006390679356608424 -0.000999006388357935 14.518905906589042 -0.0006336082080411543 0.9999849154383226 0.005455954219916435 -0.05773575845143475 0.0010024780441848355 -0.0054553174045816315 0.9999846171565773 0.16668463061792935
0.9999991918466835 0.0011981199544685163 -0.00042522294679607996 15.870485189479016 -0.0011956147108474365 0.9999822103986062 0.00584374809352342 -0.040297560743010906 0.00043221689344909083 -0.00584323496806844 0.9999828347495096 0.18292588118551045
0.999996181664801 0.0014892585838010273 0.002327824024490234 17.20898867071788 -0.0014988226916455517 0.9999904213211025 0.004112273894479561 -0.046472207621857116 -0.002321677487815078 -0.004115747187909465 0.9999888351570371 0.20114955359535347
0.9999893060138494 0.0015830887762791261 0.004345306418005744 18.57373451263128 -0.0015829230113942499 0.9999987463118479 -4.158692727545394e-05 -0.04751272205702535 -0.00434536680614438 3.4708197024809195e-05 0.9999905582467572 0.22503091743819967
0.9999959899636351 0.0009429512433157354 0.0026703744310328723 19.92203185116366 -0.0009365600719216172 0.9999966967580949 -0.002393601497873351 -0.05977598959157259 -0.002672622659648571 0.0023910909333751157 0.9999935698654605 0.2434213919301477
0.999999221635262 0.0012339928761271103 0.00018436499615622382 21.2732466642087 -0.0012333865969616888 0.9999939478003663 -0.003253170782570142 -0.05549409096415845 -0.00018837826991297804 0.00325294085710151 0.9999946914306134 0.24501075351681093
0.9999979698346175 0.001771889493096042 -0.0009595489918166614 22.620572086766174 -0.0017731572054617512 0.9999975542186105 -0.0013219191812996372 -0.03976765920873675 0.000957204350261528 0.0013236179287939099 0.9999986658968153 0.29154850374593977
0.9999972503064839 0.0023366672449536357 0.00019840780652719271 23.993402820445006 -0.0023369517773606653 0.9999962236228787 0.0014461660940954277 -0.03513052441485627 -0.00019502784832165618 -0.0014466257870580014 0.9999989346184177 0.27476943280563787
0.9999790960268943 0.0032620792196081504 0.005582682903444901 25.37872642289521 -0.0032733870214065974 0.9999926071334448 0.0020175767306432036 -0.026340552548663267 -0.005576060136288179 -0.0020358088370342523 0.9999823813626597 0.295173520309123
0.9999784164665991 0.0032782930799044223 0.005693803248730734 26.745522802183615 -0.0032776658763182358 0.9999946213006103 -0.00011948327232207054 -0.04150968370088387 -0.005694164324659492 0.00010081830883603689 0.9999837830326612 0.3105001297250195
0.9999843458401128 0.003260956286728148 0.0045468933149643695 28.120365381475246 -0.0032422352150089304 0.9999862622530704 -0.004118642488007598 -0.03942146638629669 -0.004560261564008746 0.004103835916494908 0.9999811810955436 0.33540899520707584
0.9999916108173041 0.003318249063804124 0.002401565773375688 29.4730323125986 -0.0033085449141742784 0.9999863920519225 -0.004033514786065636 -0.03413658798184245 -0.0024149172996560425 0.004025535259947632 0.9999889815594503 0.33158806242329547
0.9999921784166009 0.003945648045399168 0.00027380124681728536 30.862685049305988 -0.003944336365254506 0.9999814731913323 -0.004636322328134322 -0.026067403811351194 -0.0002920894702858163 0.004635206100537894 0.9999892147159123 0.37215179537513743
0.9999900549724093 0.004404785143515762 -0.0006984440688457891 32.25289949800694 -0.0044060274224015285 0.9999886963768312 -0.0017871879919447637 -0.024566112466761485 0.0006905639947816424 0.0017902475820312225 0.9999981590657876 0.3752179705904567
0.999984094621411 0.0049452700286503355 -0.002711975025800166 33.62930836390297 -0.00494627448928069 0.9999877009342967 -0.0003637977686430113 -0.02285365536451007 0.0027101425928393774 0.00037720615518745294 0.9999962564143142 0.4051081775746274
0.999983566247496 0.005107764635701208 -0.0026034545062478247 35.02503004641618 -0.005107624324416268 0.9999869541692249 6.0540211290625946e-05 -0.015509849456992837 0.0026037297671711737 -4.724174882415452e-05 0.9999966091740096 0.411143290070579
0.999989078937872 0.004517873343149833 -0.0011961711590071657 36.41015127483247 -0.004517560494273103 0.9999897608928701 0.00026411474981381165 -0.020942363839070367 0.0011973521482702397 -0.0002587080898279004 0.9999992497086971 0.4408979629677997
0.9999902113637817 0.0044245442141175075 2.4189182074829946e-05 37.81679097372861 -0.004424575199786247 0.9999891137470842 0.0014817292676268634 -0.015530161623433347 -1.7632942087309046e-05 -0.0014818217903731998 0.9999989019460277 0.4574144994218917
0.9999930210746127 0.0037144518959835444 0.00040081065524410245 39.210882625793275 -0.0037157872709450133 0.9999873705623565 0.00338402729619277 -0.033978985627756066 -0.0003882357866245219 -0.003385493006449577 0.9999941938381829 0.470022228456706
0.9999901157792336 0.004435078028096535 0.0003137303293387704 40.60843071253768 -0.004437036278555628 0.9999687446844251 0.0065438798367464844 -0.012940631436596229 -0.00028469790591586326 -0.006545207188446469 0.9999785393747022 0.49999705980394327
0.9999901847765248 0.0043866279377167096 0.0006227727899985044 42.029623605424035 -0.004391921747747963 0.999951898040402 0.00876998453586665 -0.01001416895971183 -0.0005842721742285448 -0.008772633625868857 0.9999613490156971 0.5246968926808798
0.999991340689155 0.004104315938894789 0.0006878498237637896 43.42318258626534 -0.004110323857530571 0.9999512919437936 0.008973236747366775 -0.003013020488004333 -0.0006509873213302183 -0.008975986330861507 0.9999595031224493 0.5256488677729969
0.9999927672583866 0.0037714925768806604 0.00049119716681094 44.85501493198433 -0.0037756227897460365 0.9999550432670546 0.008698052502279723 -0.0008805791019291179 -0.00045837044374542196 -0.008699844166730704 0.9999620505839263 0.5469703730680224
0.9999955942924624 0.002968355293235893 -1.6202412034863885e-05 46.23836432579241 -0.0029681231755618992 0.9999620833638299 0.00818670137990842 -0.008953610826429955 4.050283606909442e-05 -0.00818661722094178 0.9999664882674809 0.5719855837398359
0.9999978580094473 0.002029542615353709 0.00040611979735173475 47.67180432760142 -0.002032718252180074 0.9999661083563127 0.007978107246601118 -0.006385857057969416 -0.0003899141246374294 -0.007978915684695416 0.9999680919266734 0.6047086887353661
0.9999989472756324 0.0010324976188118271 0.0010195078686621448 49.071675527707136 -0.0010403933546945395 0.9999692350512303 0.007774736826724994 -0.004100971143008842 -0.001011449106294313 -0.0077757893312817 0.999969256562911 0.6104653864690621
0.9999991848499189 6.929564841966093e-05 0.0012749500425059046 50.49904055822581 -8.043792553055265e-05 0.9999617899222435 0.008741408653251516 0.003975041058464204 -0.0012742955849849166 -0.008741504082028118 0.9999609803773074 0.6341832281096724
0.9999987877830424 -0.0009923135806123903 0.0011998942467917422 51.95179936233323 0.0009821573729980179 0.9999639388616631 0.008435421931519296 0.010490555869481649 -0.0012082215609801612 -0.008434233220976481 0.9999637012965189 0.6405650683990319
0.9999955910611223 -0.0018740771033807875 0.0023034090663651913 53.33800971512217 0.0018519001086085248 0.9999522749507928 0.009592616260532141 0.03047438995947494 -0.0023212764385495363 -0.009588308283773201 0.9999513368259233 0.6780069263857456
0.9999902452324623 -0.0031503117951054605 0.003095961161512959 54.81390706590748 0.0031263993594323504 0.9999654789557355 0.007698475425162777 0.01561371788240384 -0.003120106883636881 -0.007688721117332429 0.9999655736577208 0.6971818221375288
0.9999879044221657 -0.0033174002997455455 0.0036312345857715924 56.20798056036584 0.0032997091372186996 0.9999827112928407 0.004867138279219058 0.03098790931107449 -0.0036473180524065965 -0.004855097390427117 0.9999815623802042 0.6843663144597244
0.999988107467909 -0.003751163972351008 0.0031166795796231743 57.6427070011484 0.0037410247493525057 0.9999877122666513 0.0032526988077395775 0.04641136735405022 -0.0031288426892760682 -0.0032410005494714522 0.999989853077952 0.7109971243791534
0.9999872425838218 -0.0034722011188630724 0.003668581332743415 59.07854327770824 0.003462043247948443 0.9999901661569497 0.0027716143212026543 0.06706116752987004 -0.0036781688588375084 -0.0027588781753326995 0.999989429776665 0.7466490319519271
0.9999867725161307 -0.0035040920475233692 0.0037651204090811963 60.489739352488485 0.003497547327409115 0.9999923637771991 0.0017434305212887895 0.055647161246826435 -0.0037712007988079375 -0.0017302387732655363 0.9999913921221135 0.7612862053959004
0.9999848755837367 -0.0027327743801511925 0.0047728972297609905 61.93731250309296 0.002732887520054547 0.9999962655083026 -1.718287534510499e-05 0.07676007991669631 -0.004772832448494393 3.02264067378624e-05 0.9999886095135199 0.7785881950971338
0.9999853642795987 -0.0026856626355841805 0.004696641651874642 63.353022403800324 0.002694659150357273 0.9999945448768806 -0.0019102430588768477 0.0699246188783377 -0.004691485762708073 0.0019228709494967127 0.9999871461817146 0.7986692592387619
0.9999932406791072 -0.001988202870229413 0.0030928377655220314 64.76381144336494 0.0019974211326538194 0.9999935640658986 -0.00298029119387393 0.08490737377811163 -0.003086892436716207 0.0029864487486421206 0.9999907760669374 0.8134686146120439
0.999995449191026 -0.0010676493066779393 0.0028216523875482635 66.25074451390441 0.0010771997225084069 0.9999936895389706 -0.0033853394209010196 0.09148931257941059 -0.002818020226335239 0.003388363498036885 0.9999902888302512 0.8312611407205936
0.9999958952405689 -0.0003306548814634172 0.002846079647946209 67.58525820342676 0.0003352513723748753 0.99999864017451 -0.0016146998631882904 0.10734659451341491 -0.0028455418693826952 0.001615647387341661 0.9999946462731636 0.8467798066305908
0.9999910358724764 0.0002601503048775965 0.00422616806464145 69.0658187203773 -0.00026696649733199714 0.9999986644949825 0.0016123700384096328 0.12707642939654482 -0.004225742962015727 -0.0016134838302043469 0.9999897698308462 0.8692101411100843
0.9999867853346182 0.0010301637910513821 0.005036657492792125 70.40679100123198 -0.0010520162821356291 0.9999900376041684 0.004337966592294159 0.1411164310358995 -0.005032138499506342 -0.004343207913207163 0.9999779068195178 0.8824078635161695
0.9999797239353025 0.0020865892635914328 0.006016466032582153 71.86045246408291 -0.002137876377805333 0.9999613278674021 0.00853066552239805 0.15733318084574718 -0.005998433367919646 -0.008543355014680933 0.9999455134567202 0.9036826991705262
0.9999805644747589 0.0022710339428360098 0.005806296373150568 73.23738499860096 -0.00234171192660383 0.9999228966457215 0.012194964078765348 0.1586338577318654 -0.005778153510869722 -0.012208323736699585 0.9999087807262944 0.9217046700602946
0.9999823414373222 0.0028870907668445394 0.005194373921337993 74.6235018162669 -0.002967967841221759 0.9998734330752159 0.015630386984171574 0.1679437592237257 -0.005148590139460383 -0.01564552770875715 0.9998643455400789 0.9352457499689576
0.9999798901078275 0.0036889210425168862 0.0051586084828296125 76.06086784194656 -0.0037799230695963644 0.9998354219774416 0.017743763433365325 0.17671746276593212 -0.0050923041469435725 -0.01776290575140721 0.999829259232666 0.9398553687588752
0.9999778392647232 0.003919707920644333 0.005381158729510694 77.4335489287978 -0.00401574844314072 0.9998307440262264 0.017954304898938046 0.17404757219996392 -0.005309872305127869 -0.01797551639813043 0.9998243276027663 0.9583006190262904
0.9999779986628691 0.003906623971063121 0.005361014768837574 78.84133823457344 -0.003995556559215936 0.9998529031932166 0.016679553467591875 0.172605511617371 -0.005295065437280836 -0.016700606732836524 0.999846514229444 0.9873112441625939
0.9999826475404533 0.003792909776753883 0.0045075995175888894 80.19697133580617 -0.0038639616865335726 0.999866757243785 0.015859935651915097 0.17631184744320988 -0.004446843607612416 -0.015877077634857486 0.9998640627543858 0.992163207551461
0.9999846136524239 0.003462358065250901 0.004334112947372276 81.59824972586574 -0.003529294868250671 0.9998731269330144 0.015533000834642607 0.17440029327626352 -0.004279782254452607 -0.015548058201076444 0.999869962220103 1.018540394378909
0.9999849531609517 0.0030620425364143514 0.0045516312674128345 82.97706515789453 -0.0031290242700100293 0.9998858378044541 0.014782441111088828 0.18191537138123454 -0.0045058471797198366 -0.014796460846780558 0.9998803738885982 1.030450823809445
0.9999905602123007 0.002714116477862989 0.003393089747362445 84.35654948999183 -0.0027643590889279823 0.9998852957713483 0.014891394127847752 0.1874508348870503 -0.0033522835674394836 -0.014900633274731307 0.9998833598589865 1.0413794613356768
0.9999907327397733 0.0019311084886869598 0.0038477596827546003 85.76095361008774 -0.0019890669353608654 0.9998837614580874 0.015116454119704184 0.1902104727335771 -0.003818120911910039 -0.015123967483150333 0.999878336379117 1.055328481007998
0.9999907967612066 0.0006506513806185805 0.004240642129207066 87.13470900649396 -0.0007141070912858789 0.9998875473799523 0.014979407383659398 0.1919359700975182 -0.004230418885793927 -0.014982297797212335 0.9998788098108522 1.0747994463019959
0.9999841234309269 -0.00031277142420347626 0.005626282975176217 88.51667038721683 0.00023873465789568226 0.99991344137316 0.013154952187197474 0.19734940397303039 -0.0056299104649785905 -0.01315340014294912 0.9998976408477198 1.0949610017952403
0.999977533009396 -0.001445973276133272 0.0065454287657352225 89.89978610283909 0.001375799681086241 0.9999416693676865 0.01071284450563528 0.1970092669517077 -0.0065605374536030735 -0.010703598621449957 0.9999211930571683 1.1139677106555026
0.9999765105435638 -0.0022182678571099567 0.006485186877174546 91.26368183951871 0.0021539459735003172 0.9999485898074576 0.009908494276128096 0.20875738182957235 -0.00650683316683361 -0.009894292788821962 0.9999298795877379 1.1343297376372161
0.9999791845352934 -0.002617528738479465 0.005897375639447199 92.63319675217757 0.0025704771472559677 0.9999649201331418 0.007971897537901892 0.21775016051308718 -0.005918035431200626 -0.007956572529840064 0.9999508336964436 1.1474639032291203
0.9999796402445571 -0.002792082219358992 0.005737889267529785 93.96905052115012 0.0027568803315188074 0.9999773879936612 0.006133768190306841 0.22178478773275714 -0.005754885507443123 -0.006117824634220457 0.9999647261351479 1.1656004339574182
0.9999818430392199 -0.003176631513363099 0.005120801120269078 95.35375272852419 0.0031455831851743216 0.9999766913570919 0.006059872024101421 0.23307234483187636 -0.00513993174178307 -0.0060436540893442055 0.9999685271781997 1.1720042499194194
0.9999862378770512 -0.0029524492456721187 0.0043367153415138585 96.71156471050972 0.0029262161644929424 0.9999774594072401 0.006043007231497915 0.24246949872012835 -0.004354459261521658 -0.0060302339003562725 0.9999723370992053 1.1835353461046918
0.9999886294224372 -0.0025959345717396867 0.00400026868283473 98.03562545951642 0.002564943730492844 0.9999668107785414 0.007732942845519229 0.25772144446665146 -0.004020210130705492 -0.007722594453414491 0.9999620990044638 1.2113712899730065
0.9999903248684384 -0.0023937070869315437 0.003690573925157041 99.42650732232684 0.0023595434840751432 0.9999545844684655 0.00923371837590082 0.27246048207508156 -0.003712509132895686 -0.009224920968803127 0.9999505578322648 1.2214547963970044
0.9999837953892008 -0.002346932891672957 0.005186604381571406 100.76466431903596 0.0023018004548691563 0.9999595864670514 0.00869063561021151 0.2725355903405925 -0.00520679111112749 -0.008678556253519123 0.9999487846823354 1.237707951637406
0.999976381573069 -0.002210984862057191 0.0065075219532047665 102.08017477371358 0.0021491939490166484 0.9999526874792366 0.009487031591678375 0.29740697138586447 -0.006528189749172297 -0.009472821596111016 0.99993382200504 1.2461179415716164
0.9999817789259773 -0.002097900930158346 0.005660444127914353 103.44556219200035 0.0020474237562347103 0.9999582212635411 0.008908635328577344 0.2996923921040393 -0.0056788970760531556 -0.008896883675895249 0.9999442962429742 1.275305791513606
0.9999926523333436 -0.0019854723500308193 0.00327920399972777 104.7665178802701 0.0019573365419668447 0.9999614373743677 0.008561109615569178 0.3039499927847453 -0.003296075391438852 -0.008554628205572285 0.9999579762286405 1.2965675735051778
0.9999966937207232 -0.002202092900999413 0.0013279060499908459 106.10794203248588 0.002190837949814818 0.9999621644600246 0.008418424882392103 0.31819620647279695 -0.0013463939616195203 -0.008415487821760262 0.9999636827345392 1.2967769411253398
0.9999941641829913 -0.0020134630734048573 0.0027599939153317462 107.45865182559317 0.001994294480481458 0.9999739958070828 0.0069304039666902035 0.32766101032326944 -0.0027738762563882307 -0.0069248592814893485 0.9999721755801236 1.3230877814283564
0.999988858611006 -0.0013480568922220454 0.004523869634813839 108.81470314599085 0.0013305285703311537 0.9999916054275596 0.003875405544648817 0.3308318076657747 -0.004529055926017099 -0.0038693432294505613 0.9999822577603023 1.3331577167488664
0.9999832931086061 -0.0005991638113104057 0.005749304861865963 110.14510202647728 0.0005846141829457871 0.9999966235370812 0.002532023043767505 0.3426519205971872 -0.005750802546128518 -0.0025286196163691803 0.9999802669817596 1.3525569739945327
0.999989696805738 0.00013934428701337245 0.004537275122564874 111.45004713533575 -0.00014803146288023094 0.9999981566842752 0.0019143444668492792 0.3459129643615176 -0.004537000005969462 -0.0019149964024602363 0.9999878741363439 1.3696825924171008
0.9999972231351446 0.0009288959163862347 0.0021658426481087688 112.79273741504761 -0.0009354753093846536 0.9999949453786549 0.0030387667048585166 0.35698440546677324 -0.0021630090026112958 -0.0030407843589353683 0.9999930374870302 1.3888066814465398
0.9999980057450648 0.001977861611690068 0.00027671165195940764 114.12316459871292 -0.0019794341573906053 0.9999812029521804 0.0058030666656951335 0.35606234166795325 -0.0002652287878090969 -0.005803602825396432 0.9999831237815641 1.4133206523294977
0.9999943605994667 0.0033395397380589264 -0.00035530775620862124 115.42981147497592 -0.0033364714461866095 0.9999598920707949 0.008311570733188556 0.3677686080446767 0.00038305032629946 -0.008310338386728934 0.9999653951754258 1.4288152405090846
0.9999872207514132 0.004788990275512209 0.0016198475253963863 116.8024174323642 -0.004804940431282756 0.9999385496446237 0.009990469561444153 0.3748930407824358 -0.0015719037236127387 -0.00999812516161742 0.9999487819943261 1.440010031622675
0.9999765954303562 0.005835445752152223 0.003571577296862056 118.1083946372913 -0.00587172083216634 0.9999304140010814 0.010231815581557089 0.3742267877786325 -0.003511621560315937 -0.010252547415134405 0.9999412751684558 1.4454355133646775
0.999965701735731 0.006807362767087435 0.004717537951565574 119.49271913489702 -0.006850335346694605 0.9999346399276461 0.00915362105434315 0.36827475623028655 -0.004654917593794365 -0.009185623818008195 0.9999469766228953 1.47765430932227
0.9999617711903314 0.007776753200701084 0.003997282520787629 120.80175272533465 -0.007814930608842254 0.9999231339586891 0.009625644592055987 0.36825639907971747 -0.003922119003114171 -0.00965651510064483 0.9999456828741432 1.4835646890250453
0.9999520153687947 0.009072207495262864 0.003696215774083873 122.11412053526489 -0.009113673191664713 0.9998939351020074 0.011360436046994367 0.3582222062877995 -0.0035927595022798406 -0.011393577023271196 0.999928636694526 1.5029301199851746
0.9999423246307735 0.010253817673400766 0.0031947824848623132 123.47673636335496 -0.010295574968750441 0.9998580082902202 0.01334032960525866 0.36191858216062267 -0.0030575395447595202 -0.013372452319404824 0.9999059100589903 1.5160457107541792
0.9999314855133192 0.011384715101782492 0.0027225982402612117 124.81907021625986 -0.011421567418740309 0.9998377856393283 0.013926600645661034 0.3587912912712058 -0.002563606215041151 -0.013956742811121876 0.9998993135577593 1.5365403643612958
0.9999201936902182 0.012500478257730294 0.0018287410545288864 126.14328960473091 -0.012525655493492095 0.9998168008188478 0.014473173626493125 0.34676741782108544 -0.0016474844384268246 -0.014494924756350999 0.9998935858136768 1.5483374162351249
0.9999091750898218 0.013391001870733912 0.0015240210267947012 127.48773434403755 -0.013411356879509702 0.9998086917341252 0.014237817232543092 0.34237542486439554 -0.0013330708317787566 -0.014256963273954034 0.9998974757045657 1.5699854343112856
0.9998946703064697 0.014383388743681828 0.001940726916498535 128.8162906786646 -0.014409511924444014 0.9997954174049669 0.014194692745087235 0.3330813325414027 -0.001736162093699997 -0.014221162550096015 0.9998973668716746 1.5854918741081392
0.9998784119965489 0.01518758875229018 0.003535303544367185 130.17444946206663 -0.015232630909266687 0.999798381545774 0.01308293598672475 0.31893985751651005 -0.0033358925104924374 -0.013135197232702414 0.9999081649905738 1.6106418608216448
0.9998730597094587 0.01549875154034483 0.003695019341762672 131.49465235539932 -0.015539945143616249 0.9998143339060845 0.011393323521514112 0.29922676139567767 -0.003517751011475831 -0.011449297647591653 0.9999282669327826 1.6211179145891075
0.9998714807933377 0.015550715812951319 0.0038983501436947654 132.8445447909086 -0.01559052449056257 0.9998243910281033 0.010398204238787831 0.28414555038474903 -0.0037359660393515228 -0.010457645193216411 0.9999383382062944 1.647674961346548
0.9998731578820036 0.015361140961330429 0.004207552190508673 134.16349218256744 -0.015396130049007922 0.999846073334523 0.008413609038311504 0.27279150226166926 -0.0040776619015991415 -0.008477321859034152 0.9999557528648528 1.6443180815568539
0.9998827535980854 0.01471426436790462 0.0042390424887936325 135.50491020625626 -0.014741591017189965 0.9998702810439555 0.006488958264884075 0.24798189916960783 -0.004143012357245554 -0.00655068768854963 0.9999699615185522 1.6742367698762075
0.9999016266451196 0.013573061443253721 0.0035368114879826018 136.84407090597375 -0.013596624247093153 0.9998849429017481 0.006725531016305122 0.2408315866564256 -0.0034451185069929125 -0.006772958100090597 0.9999711286817471 1.6838751098732176
0.9999077725390166 0.012525225693661234 0.005250251173530686 138.1843025873988 -0.012551457425886826 0.99990875893744 0.004993467399964839 0.22990948737407077 -0.005187227828856408 -0.00505890516922482 0.9999737497284318 1.7128546935528042
0.9999212129671263 0.011412226446014606 0.005227709431075351 139.52068851987795 -0.01142578076273426 0.9999314202041928 0.0025702961673024346 0.20510999569487165 -0.005198018113935451 -0.0026298243231445517 0.9999830321719048 1.7160260764382977
0.9999372980973394 0.009963135678667747 0.005112318577797143 140.89187901843857 -0.00996863894606946 0.9999497583771364 0.001052121223729345 0.20186198101283032 -0.005101579300112778 -0.0011030181118061304 0.9999863785270725 1.7359826062453814
0.9999484385320833 0.008941725688836279 0.0048130882969362 142.20460596557177 -0.008945876801267277 0.9999596306619171 0.000841626246765512 0.19864581196400738 -0.004805368404716414 -0.0008846401462188041 0.9999880628519056 1.7429473339959078
0.9999601569187424 0.007879746764320324 0.004194540019393818 143.54366731929784 -0.007883208159146369 0.9999685995209339 0.000809321482310961 0.1884145551286622 -0.004188031060496212 -0.0008423556685541291 0.9999908753747526 1.7522114092476795
0.9999735964910629 0.006991739311916738 0.001980379287731094 144.89733465106332 -0.006989148173600922 0.9999747144954163 -0.0013123176513522765 0.18141860917954974 -0.001989504595754219 0.0012984418372795578 0.9999971779561474 1.7667786690753216
0.999981144691907 0.006040299846296492 0.0011068145418646335 146.19842180037654 -0.006036639211526248 0.9999763954874938 -0.003281380025096193 0.18319585616590967 -0.001126608935308167 0.0032746367136015416 0.9999940037353727 1.8095198652780626
0.9999793887444907 0.005052251356025786 0.003961924081842123 147.59681826373546 -0.004997756154784798 0.9998943980607569 -0.013646067570328045 0.1627233482029687 -0.004030449058362555 0.013625985577277839 0.9998990389021462 1.8097643749997518
0.9999804067698219 0.0036717639984795106 0.005069933490783039 148.89795876531994 -0.0035634642754880184 0.9997687458566931 -0.021207464027851144 0.1393530622852548 -0.005146629850573517 0.021188981978253446 0.9997622413573671 1.8319383065747123
0.9999948104792757 0.002563857111064831 0.0019508078407672038 150.20674667854635 -0.002516521132154342 0.9997113738946564 -0.023892175017147473 0.11539044168145807 -0.0020115009095143686 0.02388714177905401 0.999712637872363 1.8447015056504434
0.9999955075594639 0.002863102763037254 -0.0008874139162180099 151.60695531702163 -0.0028827350574166842 0.9997319213173331 -0.022973361481126785 0.12499201422255146 0.000821400924731502 0.022975816453873137 0.9997356836478325 1.8676595333365749
0.9999858009811495 0.003742290065214348 -0.003793824080892506 152.94139135757845 -0.0038218116110948597 0.9997684827817137 -0.02117485755228334 0.14185209487087697 0.0037137032862443915 0.021189056171004604 0.9997685893778039 1.876281440162585
0.9999840213564111 0.004355350203751511 -0.003603880750468693 154.3246159999342 -0.0044262831064605474 0.9997918938459988 -0.01991424157965033 0.1416001643571284 0.0035163972645847466 0.01992987517356528 0.9997951965406934 1.90487944467423
0.9999880610519338 0.004873106080968865 -0.00036137337696736207 155.6327971488113 -0.004880005203902833 0.9997347840780101 -0.02250660022536552 0.13550149276371484 0.0002516004845738431 0.022508095024194433 0.9997466290793774 1.9295512306650748
0.9999802413882471 0.005470815085718947 0.0030962905872508953 156.98421482673953 -0.0053794427819984095 0.999571100153579 -0.028786756210433383 0.127600781707818 -0.003252449608838501 0.02876953110604324 0.9995807799530163 1.9481563277042786
0.9999789960609894 0.005633667761395609 0.003204563060693056 158.31164053309405 -0.005530723869731629 0.9994955594366817 -0.031273595249532465 0.10526644481817128 -0.003379131594437757 0.03125521482743336 0.9995057243536719 1.9598493294854398
0.9999795857842236 0.005452363735247979 0.003331627907054475 159.64583559486013 -0.0053370647538178145 0.9994181519173297 -0.03368788147038733 0.0963712752307775 -0.003513367988991057 0.033669412644830365 0.9994268491978421 1.9853111168907998
0.9999724551112282 0.006549986122303385 0.0034909455195301625 160.9970750956898 -0.006433501330273034 0.9994544434524071 -0.03239483792014624 0.09727779236146855 -0.003701226750155918 0.03237148660529514 0.9994690529353608 1.9873423249072089
0.9999656918702791 0.0076319449582465965 0.003220015302476561 162.32773605860828 -0.00752975287800375 0.9995022170040051 -0.030636922588191385 0.09311046119641717 -0.003452231740495283 0.030611625573185943 0.999525392611802 1.9901142120482334
0.9999604624016044 0.008721461137248906 0.0017348628767167406 163.67941095454742 -0.008668553607620708 0.9995571223080908 -0.028467796218185484 0.10600021569032962 -0.0019823753230301475 0.02845163191804271 0.9995932046734206 2.010676673411874
0.999956900710678 0.00927092300040166 0.0004966969053343978 165.04241778228513 -0.009255477596795646 0.9996400610461614 -0.025181034253615165 0.09810137559579649 -0.0007299695544056599 0.025175351801854724 0.9996827840900845 2.0164032754267307
0.9999520183189888 0.009554267840006672 0.002162643248887429 166.3730682464378 -0.009504038225354982 0.99970941401835 -0.022153121236036293 0.09172503770592869 -0.002373671668857222 0.022131504447934512 0.9997522504069093 2.053437490836761
0.9999550808454399 0.009258650527389613 0.002028221339336621 167.71604765264388 -0.009210616111483758 0.9997036438779318 -0.022534173338117153 0.08321295305499807 -0.0022362562993870462 0.02251447995395635 0.9997440159111564 2.0550369213339845
0.9999593639977075 0.00900731829642846 -0.0003722504628346394 169.08713463504105 -0.009012814634815824 0.999774152831056 -0.019246103587549766 0.0802547357627358 0.0001988106101423757 0.019248676527259513 0.999814707296452 2.0779474368447737
0.9999612104694672 0.00827632142079091 -0.0030133138199942345 170.5153252509039 -0.008322165858546273 0.9998447165366492 -0.015533330910355607 0.0778913542473637 0.0028842870628384932 0.015557805677135822 0.9998748099490513 2.104770212055853
0.9999573751534626 0.008064025508363928 -0.004496595245039289 171.85540428217226 -0.008113235730393437 0.999906195456874 -0.011035202442312405 0.07870302407867744 0.0044071852899919385 0.011071214005708962 0.999928999948626 2.1102353831730194
0.9999581033938788 0.00834709737140831 -0.0037573158490108284 173.23538629080232 -0.008370887264451314 0.9999447310451294 -0.006361061349317397 0.0698829235289765 0.0037040117876224804 0.006392246909824537 0.9999727093656712 2.1424948812511784
0.9999576988903937 0.009093942463685115 -0.0013786371153550903 174.63368010882957 -0.009096420277573647 0.9999570033958959 -0.0018018039943477583 0.0807778967207062 0.0013621923367854016 0.001814268438651036 0.9999974264277234 2.177349123375453
0.9999564708523486 0.009219194149430407 0.0014362659055204877 176.00818099559976 -0.009217972289316805 0.9999571480373849 -0.000855029714678185 0.07641486259841843 -0.0014440870436507492 0.0008417530366463099 0.9999986030312421 2.201976660862691
0.9999634090873755 0.008334708132487538 0.0019269475085012036 177.38840421514715 -0.008331208252736604 0.9999636436612241 -0.0018172299848629937 0.06975604288874557 -0.001942023533278219 0.0018011096897739833 0.9999964922680887 2.2235831599136704
0.9999749279049903 0.006863669035125864 0.0017417258067166576 178.8176542959458 -0.0068555910970149415 0.9999659095571514 -0.004602237960975434 0.058941396085638365 -0.0017732546686976137 0.0045901820132940516 0.9999878928251906 2.235431886138424
0.9999864654305174 0.004701420156390438 -0.0022283635909854872 180.10153356108938 -0.00471707929002873 0.9999638474298512 -0.007074814220921543 0.05252344829610377 0.0021950213557334892 0.007085229834102585 0.9999724903213316 2.243477387578739
0.9999778184107228 0.003042685762603817 -0.005924926149895366 181.51347765594716 -0.00306822990465729 0.9999860177818873 -0.004306995005220601 0.0625403261912552 0.005911738473903647 0.004325078504822371 0.9999731721622053 2.2806100708573798
0.9999725189406797 0.002431645794782194 -0.007003460727431363 182.9017199270502 -0.0024300586166989763 0.9999970197604613 0.00023512829519032092 0.08111589497509639 0.007004011604171028 -0.00021810301352828546 0.9999754478248575 2.3114192776603226
0.9999789390296295 0.0023092129430768 -0.0060653963399033535 184.22932689169525 -0.002285168589897753 0.9999895159260529 0.0039681283363817 0.09164917733542902 0.006074496003153771 -0.003954184310547153 0.9999737321173721 2.329246018868883
0.999992259039519 0.002759640819453997 -0.0028046824396325367 185.6873396864201 -0.0027397636679438583 0.9999712791967391 0.00706643309463959 0.09037232287767902 0.002824102704115887 -0.007058694226612038 0.9999710992222385 2.36086223471284
0.9999953204443097 0.003050330854625406 -0.00023360470841158189 187.05426784236982 -0.0030485699239875177 0.9999694325832515 0.0072000083714301695 0.09814773136736063 0.00025555997540804013 -0.007199262518301859 0.9999740523175047 2.3924082122377714
0.9999946114462952 0.003222871741565225 -0.0006246407850824816 188.51048140489792 -0.0032194202163509694 0.9999799660918315 0.005450022793549486 0.0971652143981874 0.000642192995538572 -0.005447982444637519 0.9999849534245201 2.3921629031943077
0.999995385272118 0.0030379805269140896 -1.0430066624399913e-05 189.92209774108977 -0.0030378766934083205 0.9999801552528887 0.005519094636264424 0.09110770532603192 2.719676167353272e-05 -0.005519037481888214 0.9999847696268227 2.423186487605916
0.9999948208682835 0.0031457964767874886 0.0006798537608966642 191.2804383329416 -0.003146960909563206 0.9999935716059979 0.0017185411585011261 0.09458170584771637 -0.0006744432098071984 -0.0017206717311598675 0.9999982922061169 2.4340902083976528
0.9999934995436569 0.003545836672249906 0.0006541503833706047 192.7346147754028 -0.003545727591528445 0.9999936998035854 -0.0001678361798401366 0.0991498316992258 -0.0006547413817761124 0.00016551564976505071 0.9999997719591203 2.4554882999212966
0.9999916316029872 0.0038220836370656385 0.0014589039265477943 194.10390053121742 -0.003817601690415683 0.9999880229649499 -0.003062653095618934 0.08672489755130332 -0.0014705921694871049 0.003057057952025774 0.9999942458611195 2.47247610293272
0.9999865549499651 0.004207854892868294 0.003030491131948435 195.56314520216426 -0.004181803016813855 0.9999546850160816 -0.008552218303892897 0.08229151610650282 -0.00306634029892644 0.008539430401931884 0.9999588369955944 2.483400831046529
0.9999838123931886 0.004437121241146812 0.0035618684248063743 196.98139665657501 -0.0043944226263522715 0.9999194490505318 -0.011907328006818456 0.07722593877353381 -0.003614415770947232 0.011891482900476449 0.9999227613336253 2.5156190164622014
0.9999885757903417 0.004779132312866748 9.046071021902196e-05 198.40005355482222 -0.004777973872176591 0.999937501949165 -0.010107579400650778 0.07184213716601102 -0.0001387605159194726 0.010107031710634684 0.9999489130228201 2.5317450267212953
0.9999741493739717 0.0048355658354264355 -0.005321455332251734 199.8452286445338 -0.0048541342452383205 0.9999821564321913 -0.003481981900213763 0.0917036902771168 0.005304523025786426 0.003507722947364612 0.9999797787531474 2.5552944633745427
0.9999584179564298 0.006412510440482204 -0.006483985496967427 201.30041044262944 -0.006371754306964991 0.9999599370042589 0.006286901740144759 0.10209657839098882 0.006524040552131041 -0.0062453259554060775 0.9999592155676075 2.5729137252229863
0.9999681081501032 0.007551374213713917 -0.0025998904184685694 202.7203301059672 -0.007516199374924213 0.9998835242360807 0.013283249157910737 0.11789242423595424 0.0026998943794113565 -0.013263284235784286 0.9999083937349565 2.598351155280954
0.9999640881248565 0.008474753982158535 3.1710662532040995e-05 204.16965509452007 -0.008474230211058302 0.9998443949902095 0.01547169121305072 0.10432108365224252 9.941304852444156e-05 -0.015471404319062059 0.9998803057193605 2.61711367870901
0.9999681439820606 0.007978366789935914 0.0002380849387372674 205.66152761376563 -0.007981046503200702 0.9998548853305144 0.01505028828353836 0.10174097300074242 -0.000117973668899729 -0.01505170900825258 0.9998867096517207 2.6383976265809443
0.9999773058496444 0.006730915136854746 0.00028734492708286494 207.08304592406597 -0.006733776448795853 0.9999111038841807 0.011508283271483191 0.09431092731005757 -0.0002098581051637084 -0.011509957017274966 0.9999337362290743 2.6634899696039085
0.9999842045090744 0.005617793371545486 -0.00017643692398670058 208.5302111302071 -0.00561592980102332 0.9999417994715248 0.009211894599851169 0.08311669969107288 0.00022817717568690158 -0.009210758236074193 0.9999575540331165 2.681178335952686
0.9999869418080087 0.005030982264808173 -0.0008974580309421613 209.9996054328754 -0.005021235619639375 0.9999317331742442 0.010550648511061632 0.08578702100325787 0.0009504768898725159 -0.010546004390435643 0.9999439376210442 2.7005628075394768
0.9999856963091441 0.0052756799084719445 -0.000879987851831033 211.4751395018371 -0.005265464883251851 0.9999230509863809 0.011232407829610708 0.08635111080867564 0.0009391787259442779 -0.011227613619590043 0.9999365273034734 2.723075110158081
0.9999876955452973 0.004958632188545515 -0.00014396119086350855 212.88391720172172 -0.00495644761211248 0.9999097256715341 0.012488960507006347 0.08948861795521137 0.00020587635643519364 -0.012488093301056814 0.9999219995282782 2.7401711344075297
0.9999901940952853 0.00442095040299306 -0.0002586712352833978 214.3539804804669 -0.004417523284205724 0.9999180498004844 0.0120157884148073 0.09627132890363663 0.00031177124175877903 -0.012014527902926214 0.9999277743507091 2.7752548185696364
0.999990092633799 0.004327914304267929 -0.0010410533228290219 215.83996015905066 -0.0043142526375567645 0.9999089551115028 0.012785488336466228 0.09339066991884165 0.0010962930381037683 -0.012780870298907367 0.9999177203630193 2.8013429506236336
0.9999907615580342 0.003903726786968828 -0.0017993653757705055 217.31189543156643 -0.0038826457373558215 0.9999254799961591 0.011574088151078516 0.09142501772258149 0.0018444133650058958 -0.011566994926230643 0.9999313990308113 2.8136048668603353
0.9999931892516754 0.003280488299041625 -0.001691108152299525 218.77263612586304 -0.0032607853334895237 0.9999282693386997 0.011524905913775559 0.08206071994711786 0.001728794166991127 -0.011519313079881554 0.9999321560470469 2.833226195046226
0.9999916450425473 0.0032714457313993426 -0.0024510177328149344 220.26854227612176 -0.003240061711019255 0.999914091323778 0.012700865019837602 0.0838854630416481 0.002492357359780339 -0.012692817455941627 0.9999163367701427 2.856809170038465
0.9999935976890945 0.003026501004066023 -0.0019091549161294786 221.74417054388934 -0.003006112557139798 0.999939371087605 0.01059327315888825 0.09257731716797525 0.0019410997179950412 -0.010587466202893078 0.9999420671675372 2.880936875321167
0.9999926490835268 0.0025495616742585905 -0.002863828587638685 223.2379542796711 -0.0025107834574387266 0.9999062088313533 0.01346363646791011 0.09187012464165888 0.0028978863573433803 -0.013456347044400227 0.9999052600016066 2.904400835213288
