1.0 -2.1684043449710093e-19 -2.5135375298442207e-37 0.0 2.1684043449710093e-19 1.0 2.3183291766350204e-18 -8.673617379884035e-19 -2.51353752984422e-37 -2.3183291766350204e-18 1.0 0.0
0.9999995143627741 -0.00037225909652733365 0.0009125225372576573 1.319952510875006 0.00037243003319044625 0.9999999131334133 -0.00018716045591025786 0.006244847736237923 -0.0009124527858077164 0.00018750021581701113 0.9999995661366973 0.017301936975066722
0.9999987479510688 -0.00026166583768403944 0.0015606496352525096 2.6137876835698224 0.0002637328520721204 0.9999990882057619 -0.0013243989684552655 0.011448793462726306 -0.0015603016622956556 0.0013248089048223432 0.99999790516785 0.02177716897191691
0.999998325771797 -0.0008486935062932559 0.0016211640680040907 3.9410626966276294 0.0008521688921730471 0.9999973379470886 -0.0021442730505970343 0.002761560046300959 -0.0016193399217658022 0.0021456509661824798 0.9999963869535475 0.04489645632464459
0.9999992424757588 -0.0002209095731139786 0.0012108868109864434 5.258519803377615 0.0002253146265210149 0.9999933536328172 -0.0036389453844099056 0.005161662028812863 -0.0012100748851166254 0.0036392154583301415 0.9999926458877687 0.05891797124995034
0.9999986155931834 -0.0007245045442991031 0.0014979669162097128 6.583862870040269 0.0007298278654941052 0.999993410338844 -0.0035562100859089308 -0.006311476205897267 -0.0014953805547475887 0.0035572984206644846 0.9999925547047552 0.06754304431443771
0.9999963342814783 -0.0004027308259477562 0.0026775420608885123 7.915550579037892 0.00041566158814536835 0.9999882464889597 -0.004830539243199353 -0.005671693584771893 -0.0026755651833091513 0.004831634487187535 0.9999847482132576 0.090460965061709
0.9999953293101878 -0.000330256295214008 0.0030384681319137233 9.233434334211188 0.00034574015381934255 0.9999869513126687 -0.005096829224172884 0.0018525423902317798 -0.00303674522395619 0.005097855938903855 0.9999823948666651 0.09293875622405703
0.9999963960113728 -0.0009399647087299003 0.0025148420649793645 10.56761288111369 0.0009522499748798468 0.9999875984276091 -0.004888375084638933 -0.012842033333841978 -0.0025102159769208486 0.004890752225283927 0.9999848895650474 0.09745581999154614
0.9999995315244355 -0.0009631123531146931 -9.677553797846033e-05 11.900590856696033 0.000962923469278489 0.9999976677110883 -0.00193322289874227 -0.003949306032117491 9.863722312504905e-05 0.0019331288056378094 0.9999981266401048 0.10292143562916059
0.9999992333509823 -0.0007869315786056906 -0.0009560523721442176 13.229361926759355 0.0007876298911608453 0.9999994231827624 0.0007302556381988367 -0.011846142323843512 0.0009554771594545758 -0.000731008093774885 0.9999992763450205 0.11958393288084289
0.9999992920316078 -0.0006265826151920948 -0.0010115979979928378 14.575457814066784 0.0006302597350376544 0.9999931811338518 0.0036387440780581777 -0.004880566033936496 0.0010093111262610495 -0.003639379071428563 0.9999928680800803 0.12161990225829378
0.9999997668262468 -9.488143029900142e-05 -0.0006762728488912541 15.92739820383829 9.791557119674157e-05 0.9999899243389188 0.004487943090587642 0.007944449468500406 0.0006758402125356948 -0.004488008261759392 0.9999897004578844 0.12967849936616777
0.9999980562288472 -5.7693050872558666e-05 0.001970839932441283 17.271444401323723 5.091460171583556e-05 0.9999940844737508 0.0034392477677799888 -0.008678456781717987 -0.0019710266945823594 -0.0034391407381391846 0.9999921436515152 0.1481176491474434
0.9999922644087199 0.00012817491403512861 0.003931245847329864 18.638270707090477 -0.00012257616098092035 0.9999989780642387 -0.0014243754993255337 -0.016550540409814712 -0.003931424399056326 0.0014238826039150037 0.9999912581920528 0.15572765880389827
0.9999974075093035 -0.00010385193726063432 0.002274684471974288 19.97494931626734 0.00011280410089277558 0.9999922483933615 -0.0039357881579747565 -0.028660056360400706 -0.002274258100290181 0.003936034548217249 0.9999896676376854 0.1758529002226256
0.9999999907559023 -0.00010542617450093673 8.586918541232845e-05 21.336508208044542 0.00010576414343195945 0.999992211248962 -0.0039454094030113756 -0.034830820717921325 -8.545256717842191e-05 0.0039454184484204674 0.9999922131552453 0.16096521758619642
0.9999991740416525 0.00034968865535713154 -0.0012367836743829848 22.688056447806467 -0.00035260859643580235 0.9999971495228253 -0.0023614854227798463 -0.028886642436974638 0.0012359543642972135 0.0023619195728467675 0.9999964468700581 0.20888549470996293
0.9999994250552526 0.0010679284659949 9.704615274669273e-05 24.05790617549047 -0.0010679766868729363 0.9999993056109602 0.0004982001542942374 -0.02087536969677754 -9.651404323237402e-05 -0.0004983035108853597 0.9999998711893169 0.18471896457683243
0.9999895012515322 0.0018868498103903795 0.004175785495569692 25.456877616247272 -0.0018870800331055053 0.9999982181525029 5.119343782356433e-05 -0.020327330463558918 -0.004175681460628307 -5.907294178775855e-05 0.9999912800593448 0.19617126281112068
0.9999841802395212 0.002060083917146101 0.005234054350796721 26.82517468948802 -0.0020527311338288646 0.9999968994016308 -0.0014097808399991761 -0.04187292195337254 -0.00523694238893152 0.0013990144312819271 0.9999853084885978 0.1985730731472236
0.999986558131422 0.002166905366298302 0.0047104222321991485 28.200952212954075 -0.002147898777671107 0.9999895472379803 -0.004036328234909396 -0.03897934608631827 -0.00471911933658891 0.0040261564689608705 0.9999807598032946 0.25287707438573664
0.9999949801775866 0.0021674631735757333 0.002311216783333638 29.55766014738641 -0.002156061524195383 0.9999855511651592 -0.004924313111156844 -0.03933661041958764 -0.002321856656267643 0.004919305266398897 0.9999852045992299 0.23531328948061178
0.9999967015327296 0.002566025210109633 0.00011152704569076206 30.94587145780231 -0.0025653669846280856 0.9999813191372263 -0.005547996828276019 -0.04827015791826974 -0.00012576126199629055 0.005547692420589157 0.9999846035279301 0.2784281774133509
0.9999934244736678 0.003395880729802354 -0.0012724006821770123 32.32409940814832 -0.003398293638970226 0.9999924226613501 -0.001899005062410028 -0.04710230509688459 0.0012659422460689098 0.0019033165665966985 0.9999973873847257 0.2790190320022995
0.9999885554040501 0.0035246356822364777 -0.0032351204349271375 33.71865440581491 -0.0035299474247075407 0.9999924287406514 -0.0016376606950156576 -0.058382790282523724 0.0032293237836702525 0.0016490617576985897 0.9999934260100011 0.3003935894089056
0.9999879867521234 0.003928460736408711 -0.0029314753414403957 35.114761433278815 -0.0039327382805826264 0.9999912084620627 -0.001454843015538086 -0.0514689654440345 0.0029257342755995394 0.0014663542634421854 0.9999946449277229 0.30514267815791113
0.9999932016384413 0.003299558231822959 -0.0016460839512656446 36.50561325939782 -0.0033015285703883145 0.9999938350772057 -0.001195707606941151 -0.06531966904426331 0.001642128496407836 0.0012011340712828815 0.9999979303433303 0.3481837475632924
0.9999954932349222 0.0029837053795918737 -0.0003331847122081591 37.90736390283871 -0.002983636870666725 0.9999955277426401 0.00020592654688162751 -0.06515984901226193 0.0003337976462661092 -0.0002049315166269707 0.9999999232910994 0.35184218754634833
0.9999962904583507 0.002723796176102715 -1.982193042489448e-06 39.30169584637935 -0.0027237899714658976 0.9999951240443934 0.0015273688584378465 -0.07008293969069601 6.142424833515543e-06 -0.0015273577935219214 0.9999988335695403 0.3613142510511105
0.999994654899253 0.003253749794500955 0.00032138014670906055 40.69412982617187 -0.003255129135941702 0.9999850705452064 0.004388943039828363 -0.07091637452460554 -0.0003070948261647708 -0.004389965714364908 0.999990316900016 0.3881925770430416
0.9999949141390071 0.003175466879639541 0.000296826912683091 42.124057255062695 -0.0031775286282830816 0.9999688527893417 0.007224732727534711 -0.0712289564054458 -0.0002738757678621783 -0.007225639159561043 0.9999738572236775 0.4066387076844973
0.9999952062997737 0.003035239355429426 0.0006121270523402949 43.50425350380485 -0.0030402676785036345 0.9999601978238887 0.008388059397285244 -0.0713260275300823 -0.0005866429203532354 -0.008389880217535383 0.999964632254571 0.4214016244778243
0.9999964765565819 0.0026091409416479825 0.0004891400294972795 44.943816312657745 -0.002612744897065184 0.9999683255349717 0.007518077605875054 -0.07147342922143553 -0.00046950881216454573 -0.007519329114470015 0.9999716192228376 0.43597786389765836
0.999998645436825 0.0015862052743611764 -0.0004394056697336029 46.34491842533262 -0.0015829651392874518 0.9999722574548131 0.007278636004967283 -0.09868889755980281 0.0004509388903231892 -0.007277930581737793 0.9999734138368702 0.45787904593138584
0.9999996191237904 0.0008698833036351722 -7.110071899961007e-05 47.77363378271026 -0.0008694032730104537 0.9999785390054516 0.0064935095650354374 -0.09665686186181345 7.674778866008685e-05 -0.006493445276614315 0.9999789144168074 0.4698813233315707
0.9999996100732901 -0.0002066232898879737 0.0008585802722302505 49.16283626861785 0.0002007656392229982 0.9999767439746019 0.00681697903118551 -0.10495110185577719 -0.000859968851700154 -0.006816803999646126 0.999976395539817 0.48354844882505416
0.9999987498900901 -0.001242026688756699 0.0009785642347264279 50.604014495723824 0.00123522058155403 0.9999752564355151 0.006925369798118896 -0.10473663712974032 -0.0009871415156779567 -0.006924152397962375 0.9999755405334662 0.4917281619815206
0.9999962872755176 -0.0025267394279432655 0.0010203053679640219 52.05702391565271 0.002519880258953072 0.999974587666562 0.006668899802073211 -0.11005506308916277 -0.0010371300116947038 -0.006666303994930807 0.9999772421172325 0.4987783746766419
0.9999913680049543 -0.0035410305940864945 0.002173710632038883 53.441242786832 0.0035246218736938086 0.9999656127089205 0.007506693034929159 -0.10201758170074235 -0.0022002173137157573 -0.007498966729151306 0.999969461804593 0.5194382329483842
0.9999862458854445 -0.004488842896918386 0.0027126240767975803 54.91941353605374 0.004472289391557744 0.9999715281289726 0.006077956811730505 -0.10579993157415074 -0.0027398298365768335 -0.006065741574934307 0.9999778498104909 0.5306813886755766
0.9999838655253301 -0.0046721934209407266 0.003230990197430786 56.30055837888147 0.0046565593112482965 0.9999774958943 0.004829509327666427 -0.09685573086023896 -0.0032534818885929626 -0.004814386108582113 0.9999831181285003 0.5403926149904893
0.9999819405400874 -0.005423795774866577 0.0025886353690396597 57.73855555354242 0.005414824603338461 0.9999793534242646 0.003460115562377079 -0.0992688450415714 -0.002607348882751232 -0.0034460360680734392 0.9999906632400231 0.5714927222046094
0.999982196882783 -0.005250092098937266 0.0028359214438775002 59.18582583611513 0.005244785737964871 0.9999844875568874 0.0018753314779320468 -0.0872138391170667 -0.00284572311478261 -0.001860424290843087 0.9999942203240038 0.5709760125015418
0.9999798072370785 -0.005269950915834892 0.0035514413186855543 60.58647672799215 0.005266759998966066 0.9999857189760414 0.000907239264410101 -0.10622659314333358 -0.003556171706859354 -0.0008885163556667933 0.9999932820681733 0.582607125716191
0.9999790406120123 -0.004575748643811455 0.0045804869859391 62.0449592883513 0.004586423370423516 0.9999867848204779 -0.002322693494730577 -0.08997195957267766 -0.004569798392372779 0.0023436528650566764 0.9999868120299894 0.5749846707048827
0.9999823466754199 -0.004315821543236889 0.00408411825578871 63.437498055710385 0.0043272586026390225 0.9999867293775851 -0.0027956934213169107 -0.09502190539569022 -0.004071998343101436 0.0028133171038900746 0.9999877519631762 0.6031315571451735
0.9999883257362766 -0.003953117701948189 0.0027787140178673663 64.86722392240533 0.0039662418516455125 0.9999809309527783 -0.004733566983687596 -0.1032191334354492 -0.0027599486830019713 0.004744532774609695 0.9999849359325459 0.6070275015452492
0.9999905706240515 -0.003248585974328866 0.002881900787888898 66.32770922764358 0.003262653854066575 0.9999827200637302 -0.004890262137322241 -0.09805789904075828 -0.002865964551836851 0.004899618669914705 0.9999838898622703 0.6146131552655633
0.999993299637667 -0.002505137196598086 0.0026692634559377674 67.6887361703698 0.0025142534813029425 0.9999909998565594 -0.0034174164672095067 -0.09661984067671425 -0.00266067833507551 0.00342410477421754 0.9999905981044485 0.6250187620050683
0.9999916483667806 -0.0020009033515134035 0.003563647354460471 69.15805328697289 0.0020058494798278403 0.9999970292957735 -0.00138490703384395 -0.08911207969636199 -0.00356086570279266 0.0013920436078005947 0.999992691198311 0.633995464001206
0.9999870867503203 -0.001373557485821856 0.00489281845569502 70.50782059799809 0.0013610867289676465 0.9999958193852367 0.0025512065704673082 -0.08034523416819613 -0.0048963022295886935 -0.002544514075832585 0.9999847757204078 0.6521537500383905
0.9999836278617945 -0.0003819295894091027 0.0057094779229725345 71.96823191335797 0.00034668249725215483 0.9999808858279636 0.006173150732576753 -0.08533813291917486 -0.005711726499953931 -0.0061710702888354545 0.9999646464110018 0.6662652471957472
0.9999843081865359 0.00015761158401300445 0.005599869577365852 73.32115330495415 -0.00021382511420647892 0.9999495832606347 0.010039184015829403 -0.07489020871561088 -0.005598004958505956 -0.010040223875578418 0.9999339259396157 0.6651059161737056
0.9999865897645067 0.0008284803796080044 0.0051121337436295855 74.73518208077797 -0.0009053174181598894 0.9998863872147629 0.015046363779391447 -0.06479190862820855 -0.005099087322700797 -0.015050790107831918 0.999873728540562 0.6890116845237362
0.9999860149505048 0.001326870880119783 0.0051195035966684396 76.18545989894237 -0.0014083150928852956 0.9998719910796223 0.015937945384231524 -0.07288655735251098 -0.005097700658920884 -0.01594493236545974 0.999859876472625 0.6919995809559355
0.9999838148040634 0.0016895036011556515 0.005432836045228484 77.51996993737893 -0.0017795021164169213 0.9998605652038351 0.016603720139929126 -0.0749147116951889 -0.005404026473872929 -0.01661311914870602 0.999847388739912 0.7068524656590123
0.9999844478348097 0.0017408306770153642 0.005298452327317103 78.95788847732618 -0.0018229451131220986 0.9998776993943614 0.01553264706846725 -0.07856029583326751 -0.005270764614876484 -0.01554206428995139 0.9998653225699857 0.7242838823672071
0.999989791859174 0.001825178150770444 0.004133388702224132 80.30667440325749 -0.0018848851581168237 0.9998932737590064 0.014487522197996552 -0.07691009827241264 -0.004106505252210793 -0.014495165270347285 0.9998865069588643 0.7311198041018107
0.9999907616094745 0.0012862014926183646 0.0041015096517647695 81.70290658076702 -0.0013447150645612043 0.999896907752617 0.01429564997297049 -0.10050243583215214 -0.004082699731583922 -0.014301033265989393 0.999889399889021 0.7487068162090454
0.9999900705694531 0.00119668204794266 0.004292634922311579 83.13208020348873 -0.0012549891471507668 0.9999066441024169 0.013606178085088285 -0.09241496568572426 -0.004275951910469874 -0.013611430193728164 0.9998982174218237 0.7557171099259368
0.9999936435957985 0.0009795917030013927 0.003428289383126674 84.46548913333024 -0.0010272947122147076 0.9999022983062198 0.013940534692523128 -0.08722193688373132 -0.003414298401326976 -0.013943967944405066 0.9998969488524265 0.7658790442952247
0.9999930569614879 0.00011813322133736784 0.0037245232393394562 85.88920739632091 -0.00016830352848702437 0.9999092231645713 0.013472828372167156 -0.09362159417846987 -0.0037225935502901786 -0.013473361680204013 0.9999023006385643 0.7708378203019451
0.9999891015878953 -0.0009389493771911572 0.004573300722761778 87.23239832967262 0.0008806925988360009 0.9999186606733425 0.012723852316623778 -0.08397043151950966 -0.0045848757867685535 -0.012719685974738886 0.9999085900734745 0.7887227561841087
0.9999820007583461 -0.002181058913582452 0.005589377545911079 88.62176896820667 0.0021241951103869727 0.9999461360437317 0.010159370371427535 -0.0842872276393388 -0.005611234665228367 -0.010147314582012037 0.9999327707662679 0.7904982872315544
0.9999742320269058 -0.0031975090716894992 0.006427380332325627 89.99115928137799 0.0031363293085097947 0.9999498959399935 0.009506263622715111 -0.08392158810465596 -0.006457454658647276 -0.009485860284256643 0.9999341576993953 0.811587271172823
0.9999710203625723 -0.004039471596311372 0.006452991884276735 91.37087050930164 0.0039885855668979195 0.9999610043247068 0.007879150658501564 -0.07178738649319721 -0.006484567850788621 -0.007853184013279307 0.9999481375954666 0.826628796736528
0.9999725636565551 -0.00438615391395688 0.005969387571604842 92.75628172852286 0.004348058596126181 0.999970195412162 0.0063798647169803135 -0.05955219289403606 -0.005997192725067525 -0.006353734429876481 0.9999618311406755 0.8292064438796579
0.9999729684083759 -0.004414503057496198 0.005880018307499178 94.08545928083726 0.004382545580044074 0.9999756171165917 0.0054367698618199055 -0.04304466484065287 -0.0059038755728762545 -0.005410853449033138 0.9999679329449385 0.84922241945606
0.999976143023794 -0.004705744419176713 0.005056614748833073 95.48356145708024 0.004682771560248412 0.9999787052397905 0.004545406193794564 -0.025222563869800475 -0.005077896589263865 -0.004521618782410184 0.999976884697749 0.8469736723380513
0.9999789417333859 -0.004688551414701893 0.004487045287208989 96.81138560213125 0.004669008536287307 0.9999796125622509 0.004356009543024514 -0.0119600525431524 -0.00450737718255792 -0.004334967760265497 0.9999804456115389 0.8533543771238749
0.9999824845267419 -0.00439479368979896 0.003964395054562157 98.17231821849815 0.004368579342618015 0.999968696764155 0.006597045272301558 0.006364675172028462 -0.00399326360910281 -0.006579610947590171 0.999970380844116 0.8785634770185281
0.9999832226350678 -0.004109065649042672 0.00408289454633162 99.53918587752403 0.004080914397151929 0.9999680088105594 0.006879498028788368 0.032776825615713163 -0.004111032238711473 -0.00686272066580321 0.999968000727521 0.8818768843078981
0.9999798261280898 -0.0038148479890144932 0.005078806125099636 100.86490722929351 0.0037765819276450612 0.9999645714530855 0.007522849698815608 0.043258797645405855 -0.005107324718423748 -0.007503517406383319 0.9999588053818781 0.893341614577495
0.9999735824560346 -0.0037176684693099264 0.006246065257146767 102.22614909361452 0.003670412703880409 0.9999646851755319 0.0075601899700036635 0.0642647884591116 -0.0062739509583220705 -0.007537064611083647 0.999951913942076 0.9023339351887645
0.9999770156930593 -0.003694993098733765 0.00568463821218185 103.53882543537553 0.003652418789633784 0.9999653421386164 0.007481601338278551 0.07642228964361228 -0.0057120856600910925 -0.00746066669943854 0.999955854290484 0.917107424894697
0.9999895837519829 -0.0032936652242989807 0.0031597716573360845 104.87183816777465 0.0032689139796516866 0.999964184324556 0.007806681082187705 0.09176354344499664 -0.0031853710819775226 -0.007796270744118187 0.9999645351578997 0.9255916700431089
0.9999919092534932 -0.003579412322690883 0.0018355475961208557 106.19674267811536 0.003566733206953702 0.9999700752969836 0.006864905299822291 0.10958373092374137 -0.001860064994528459 -0.006858302849049688 0.9999747516013826 0.9391867166425901
0.9999903021333759 -0.0033516521215901517 0.0028569331905908763 107.55356626497591 0.0033345966368225123 0.9999767157324587 0.005953860780638738 0.12092306694737714 -0.0028768219391111993 -0.005944276321082018 0.9999781944995347 0.9534273177147512
0.9999847908107774 -0.002683598181552258 0.004818344936365922 108.90437507470058 0.0026735066881122226 0.9999942219813879 0.0020996108752091213 0.124460546941648 -0.0048239516078058785 -0.0020866970644170205 0.9999861874977309 0.9609062142303938
0.9999834508496817 -0.001813635171042679 0.005459739392031307 110.25313081705423 0.0018053683417961922 0.9999972171068785 0.0015186914265202954 0.14120737263451535 -0.005462478550345206 -0.0015088094528147597 0.9999839422821359 0.978165055627593
0.9999887587529984 -0.0011257136794756636 0.0046059891825240154 111.58123640368059 0.0011220300683478278 0.9999990487215481 0.0008022496648127699 0.15565807033410545 -0.00460688790436779 -0.000797072588168854 0.9999890705698368 0.991036293337132
0.9999978293954402 -0.0003015748957197797 0.00206161514111694 112.89436940527281 0.00029619643590976513 0.9999965535612115 0.002608665055213402 0.16501697142361904 -0.0020623947437785443 -0.0026080487497761222 0.999994472289542 1.0048492777295708
0.9999997964360545 0.0005559438485319936 0.0003131362112315629 114.25521582023313 -0.0005576249455652023 0.9999852950452789 0.0053943255024749516 0.1829253264662737 -0.000310132664497675 -0.005394499016947511 0.999985401492485 1.0300328752824142
0.9999978252114953 0.002031582351763214 -0.0004714291332874646 115.55939886838867 -0.002028078083690991 0.99997116372353 0.0073183755503191455 0.2065061136642025 0.00048628342163824494 -0.007317403539306892 0.999973109205381 1.0345518697512421
0.9999927504452423 0.0035121359872842556 0.0014710396888633847 116.9162983291665 -0.0035248520785142188 0.9999556559187979 0.008732789579012367 0.2206158789102002 -0.0014403037124101398 -0.008737911467480992 0.9999607864453499 1.0523930563518034
0.9999824960244317 0.004483046130191046 0.0038613394233228504 118.22667677142533 -0.004515643803199559 0.9999538895182762 0.008475128218124128 0.21882494446096293 -0.003823166984340808 -0.008492416303125838 0.9999566301893018 1.0595992983132732
0.9999752379037565 0.0054105230391880196 0.004499979974167483 119.58461536107825 -0.005449603154057438 0.9999471471585306 0.00871806830548025 0.21618263030146165 -0.004452572828015278 -0.00874237553289423 0.9999518715744538 1.075809020917193
0.9999716598432301 0.006432306876067002 0.0039121526845844355 120.90606248315775 -0.006466623443456515 0.9999401640895804 0.008823322602258581 0.20721216338858514 -0.0038551642787225874 -0.008848370966177315 0.9999534209350098 1.0855675939603098
0.9999630685134232 0.007771928632078744 0.0036686148007927053 122.22722576902342 -0.007809551330167989 0.9999158904080729 0.010354854776970833 0.2046784141323649 -0.003587829042776716 -0.010383122592388038 0.9999396573033751 1.0880203530194583
0.9999545200749281 0.008902451258374204 0.003421131875926627 123.60100996418117 -0.008944338723297016 0.9998827404207004 0.012429972389073873 0.20556772266625742 -0.0033100734921054603 -0.012460006837176327 0.999916892368108 1.0985283045450636
0.9999458931179905 0.01003229594234254 0.0027502499140185746 124.93293882714894 -0.01006751002562482 0.9998634562023556 0.013103976227234264 0.2118301847802679 -0.002618411416917808 -0.013130955380521038 0.9999103569482849 1.109821865178762
0.9999372973838867 0.01104106614239388 0.0018698018739288854 126.29572111945939 -0.011066171011054443 0.9998408227572724 0.013995320904320629 0.20630270329260159 -0.0017149809802335142 -0.014015134908380272 0.9999003124480648 1.1313578891279668
0.9999295463437097 0.011769724455204916 0.0015414068611497812 127.66822682091204 -0.011789327738739187 0.9998407849250301 0.013394646392049693 0.20636502890608877 -0.001383510148731495 -0.013411874840901492 0.9999090996250211 1.1599888007535324
0.999916026712805 0.012746324838369377 0.0023389583134181754 129.00043382379135 -0.012775892631127501 0.9998326372283812 0.013094811965750384 0.21129462959833817 -0.00217165613185932 -0.013123594631625332 0.9999115236727647 1.1832017850686973
0.9999031380751546 0.013598932682028388 0.0029636965714627903 130.39566960126194 -0.013631918777107158 0.9998419836457362 0.011409580615160727 0.20371134807397637 -0.0028080701402196763 -0.011448876332162837 0.9999305165724358 1.2075049020127868
0.9998971214035581 0.013826338937117856 0.003818240494526999 131.7259722315957 -0.013868919991865937 0.9998392854788754 0.011360293629621756 0.19712209155233604 -0.003660555577686051 -0.01141207977048627 0.9999281798050171 1.2329330981916586
0.9998976954811188 0.013792870866646169 0.0037888368668743057 133.1148831452328 -0.013831109297925342 0.9998517183865788 0.01025873554559761 0.19059023237192624 -0.0036467776373951943 -0.010310089847411035 0.9999401997420655 1.2620949556935592
0.9998973892794895 0.013613062316089957 0.004460431194354982 134.4422168720506 -0.013645803408026262 0.9998795529690881 0.0073940248637831725 0.1884820563930816 -0.004359238627423635 -0.0074541323247576214 0.9999627157798806 1.2722376072020871
0.9999048012985294 0.013037048084255478 0.004519260713552739 135.7913440212677 -0.013064583462834428 0.9998959386806276 0.0061178810816309515 0.17706772233882648 -0.0044390313234853205 -0.006176340926078747 0.9999710734884654 1.3034148307120046
0.9999226509435547 0.011797726371362175 0.003937738244282259 137.14367686230383 -0.011820260330986467 0.9999136102956534 0.005749207877594934 0.1797203275194677 -0.0038695704828475962 -0.005795308272952992 0.9999757201183935 1.3233399122236345
0.999929915093517 0.010685472724660498 0.005097604704409814 138.50920767623472 -0.010699877915583278 0.9999388147505694 0.0028070211645189916 0.1780599516496549 -0.005067298458103463 -0.0028613681827022687 0.9999830673858731 1.3359964278330583
0.9999395759838685 0.009670607970180595 0.005227209837791814 139.84343584648485 -0.00968140023491792 0.9999510465374052 0.0020432861374096666 0.17245320085411597 -0.005207194128564752 -0.0020937693844067014 0.9999842505055129 1.3645247234196365
0.9999508108935551 0.008306180894930707 0.005420622866650345 141.2233740278806 -0.008307011237046323 0.9999654876473325 0.00013068488943622256 0.17662638517862417 -0.005419350295870402 -0.00017570763622834 0.9999852997765504 1.3813277462396392
0.999962506109682 0.007092406275503593 0.004968314409085917 142.551138813457 -0.007097057409334031 0.9999743931371067 0.0009191551575476849 0.1822133240822567 -0.004961668164332481 -0.0009543811074339268 0.9999872354213971 1.405780362774314
0.9999706906729294 0.006132211804666742 0.004584078259283598 143.91427758266227 -0.006134306106431091 0.9999810868658687 0.0004429437304204702 0.18151447384501063 -0.0045812753352241255 -0.00047105088729608284 0.9999893949574488 1.417811869985824
0.9999839961162418 0.005223376389334154 0.0021734420828746896 145.26988014306767 -0.0052219954809787075 0.9999861601362048 -0.0006405460524118652 0.17918428535753977 -0.0021767578158587452 0.0006291860964523599 0.9999974329218386 1.4470785786161313
0.9999904742009607 0.004152502210324595 0.001344705443931645 146.58392475388325 -0.004144653284528983 0.999974660013281 -0.005788020427932004 0.19233031533223616 -0.0013687061367339463 0.005782391954577657 0.9999823451375504 1.4747592644817737
0.9999881090993777 0.0029976372673455216 0.0038465348905989292 147.96143367327917 -0.002944677736874352 0.9999018051243582 -0.013700692758986496 0.18645710214672995 -0.0038872268877864834 0.013689203039753984 0.9998987424670857 1.4951861772760953
0.9999825781789581 0.0014746243177610413 0.005715664588251014 149.29363043474802 -0.0013466755266251132 0.999749854562905 -0.022325204735375057 0.18155018350540073 -0.0057471561306360755 0.022317118644034035 0.9997344229403317 1.5056784598214068
0.9999971455026889 0.0002860820987436052 0.0023721600930212837 150.62557187660911 -0.00023204963314111973 0.9997412306849612 -0.02274682003021054 0.165627815758 -0.0023780537087928363 0.022746204640594587 0.9997384433115525 1.5407382930030231
0.9999995499214639 0.0005945131077048734 -0.0007393991037459827 152.02075645668884 -0.0006108876328026627 0.9997501041568906 -0.022346276078721673 0.18329975712431848 0.0007259291769463658 0.02234671771091063 0.9997500173715322 1.5628673245828355
0.9999924632428706 0.0013869962572392728 -0.0036262513479442962 153.33360905923286 -0.001459165434809685 0.9997994037722956 -0.019975561388767153 0.20034468892128152 0.0035978179067207164 0.019980702138437296 0.9997938923840078 1.5843661171953032
0.9999917533961206 0.002220529520232472 -0.0034003512174694056 154.70012811765835 -0.0022895990809887307 0.9997883546724203 -0.02044513627890585 0.2148688099944682 0.0033542325203696115 0.020452753116988256 0.999785193936245 1.6108291735037044
0.9999957958949035 0.002826106095424298 -0.0006490892512458459 156.04264929184495 -0.00284054976190458 0.9997210102939391 -0.023448514961844146 0.21885375375422642 0.0005826401709641179 0.023450260152140967 0.999724835056741 1.6327598831040502
0.9999913919975604 0.0032617725171080313 0.0025645215593594396 157.36554364231134 -0.003179639923378186 0.9995017336024515 -0.03140341407636916 0.20976636217889094 -0.002665674537418286 0.03139498950056967 0.9995035011512065 1.6475301318859203
0.9999870952208941 0.0032802071167723494 0.0038793856407251842 158.7166031009468 -0.003145699116825953 0.9994105856135596 -0.03418458630184355 0.19579652279438603 -0.003989231598289217 0.03417194177732465 0.9994080069853466 1.660791004807684
0.9999866552827696 0.0032626692858180985 0.004005526870540454 160.07888218957436 -0.0031227102085933985 0.9994010602230325 -0.03446403206288648 0.18650555949880276 -0.004115572540047005 0.034451064050474545 0.9993979118691702 1.6906805288153102
0.9999816510718474 0.004291509676377827 0.004275565964794764 161.44232520208368 -0.00414243342181965 0.999403475550552 -0.03428605114070439 0.18919545860125075 -0.004420154405396655 0.034267710781065615 0.9994029148610973 1.6884467646995276
0.9999774844479334 0.005443290233010989 0.003924434815650373 162.79425655863741 -0.00531537893228979 0.9994769759988077 -0.03189860804306341 0.18731920918902384 -0.004096015623658126 0.03187702997015291 0.9994834053731422 1.6958518722984401
0.9999780979257318 0.006342039244018253 0.0018926719374771337 164.13744070326143 -0.006287254415844768 0.99959735827319 -0.027669328961331417 0.18184893905719557 -0.002067389838908358 0.027656823235636906 0.9996153390318532 1.7094768715734106
0.9999745121088257 0.007073743169934752 0.0009681375324422353 165.49361966002115 -0.007046429719847842 0.9996426318766778 -0.025786747814948822 0.178804566778013 -0.0011502003821799729 0.025779268652045276 0.9996669977281667 1.7223964900770123
0.9999718196588383 0.007290565882159538 0.0017909598850233443 166.83307060537598 -0.0072452033505173855 0.9996821249929618 -0.02414862310703811 0.16380119943999583 -0.001966447711362589 0.024134966722040754 0.9997067752419829 1.7438956765302844
0.9999721947218638 0.007115952821394212 0.0022300221035954507 168.17637446866823 -0.007063993392534959 0.9997218740458916 -0.022500545582730323 0.14727058091458978 -0.0023895146973925445 0.022484167087397172 0.999744343544837 1.75758844996254
0.9999776674670018 0.006679460513213211 -0.00022220375095062696 169.57012999271626 -0.006682494179018842 0.9997936257897605 -0.019184631914944756 0.14053309872718325 9.40149024906088e-05 0.019185688348791738 0.9998159333216196 1.7863372238757198
0.999977339961072 0.006116568988486447 -0.0028119651825223037 170.9721498200569 -0.006158747001184785 0.9998648382702235 -0.015243852079944714 0.13349772836634557 0.0027183450395468984 0.015260824835798466 0.999879851694981 1.8038260020485724
0.9999720734867218 0.00594307125082236 -0.004531241637122042 172.31256843590577 -0.005986067140570703 0.9999366234165317 -0.009534996095129077 0.12504250621204088 0.004474287301338546 0.00956185413260398 0.9999442742966689 1.8223809965736681
0.999973622240014 0.006188186614657764 -0.0038027845860508576 173.6695595318669 -0.006211685897238646 0.9999614925099758 -0.006199068924908263 0.1162685220461652 0.0037642771550168877 0.0062225271107394335 0.9999735548372548 1.8444730229464574
0.9999753829985149 0.006845534348063194 -0.0015401481951825948 175.05948522947676 -0.006850272711160001 0.9999717543470042 -0.0030926157144923624 0.10796451911359303 0.001518934085592194 0.003103090018719327 0.9999940318179801 1.8643437974605974
0.9999746559279352 0.0070812618804059315 0.0007370427318759067 176.39711748745538 -0.0070794996051573205 0.9999721391606364 -0.0023667673821385253 0.08313782265882022 -0.0007537818968896757 0.002361489504886132 0.9999969275853652 1.8795646892675661
0.9999774764571585 0.006377880800394474 0.002090266698068775 177.8356151828294 -0.006369759626077453 0.9999722276096411 -0.003869130615279856 0.0586898390820118 -0.002114885500231494 0.0038557289723295898 0.9999903302599544 1.8921009305781853
0.9999874149195792 0.004518669077581973 0.0021798238976220023 179.18185986814447 -0.004504811988642019 0.9999698782447316 -0.006320543660452631 0.026512229902967217 -0.002208318682692024 0.006310644419075225 0.9999776492980289 1.8942110972129116
0.9999964193320848 0.0022153263848529938 -0.0015012168456414164 180.51752491045772 -0.002227435064461026 0.9999646097003361 -0.008112821943570417 0.0015275527028039174 0.0014831911686201827 0.008116136757290523 0.9999659636548107 1.9030367174132
0.9999814515327979 0.0006654125515378897 -0.006054239547195072 181.9684179426066 -0.0006955796097418298 0.999987347551202 -0.004982058461921039 -0.0024008177589637044 0.006050847822006132 0.004986177257954581 0.9999692621660864 1.9211024023100411
0.9999735587729066 0.0004566692377612323 -0.007257631036067805 183.34172610190922 -0.000461973971949023 0.9999996273809684 -0.0007292585096202337 0.005051175128356527 0.007257295301808636 0.0007325920637670438 0.999973397133029 1.9330220187096885
0.9999805017124167 0.00010120287085555299 -0.006243873233994071 184.67780163522588 -8.824809862118397e-05 0.9999978432123201 0.002075038067321835 0.00618316520334344 0.0062440697670947546 -0.002074446597691921 0.9999783538977516 1.9330170052994438
0.9999950548043599 0.00012699817259128124 -0.0031423300732483193 186.12715252407142 -0.00011266922504459658 0.9999895980197564 0.0045597322214949165 -0.0028294179238074427 0.0031428764644526137 -0.004559355628832827 0.9999846671843419 1.9499089943779788
0.9999993402229204 0.0008285798649119678 -0.0007956187097808401 187.4943326130929 -0.0008240575026564991 0.9999835990021653 0.005667685233788307 -0.007930372617162172 0.0008003017907054794 -0.005667025858812446 0.9999836220333608 1.975096889741315
0.9999994710596803 0.0009960673169255166 -0.00025637913266818036 188.95232525361698 -0.0009952498402532883 0.9999944829209536 0.003169164781150245 -0.02272597784708957 0.00025953441966469477 -0.0031689079435603803 0.9999949453193901 1.9728294782945557
0.9999996718521474 0.0006822165395096097 0.00043689379793744604 190.3404150108247 -0.0006837119550742602 0.9999938773414478 0.0034318825125215467 -0.03801942863506638 -0.00043454983597420176 -0.003432180095869418 0.9999940156352085 1.9966424340126552
0.9999991014836831 0.000753170489684664 0.0011089481682464866 191.71085702662836 -0.0007534503749041971 0.999999684406264 0.0002519918747942033 -0.04595779086042592 -0.001108758025425656 -0.0002528271857885067 0.9999993533668186 2.0118410519716807
0.9999987529462636 0.0011063231990285983 0.0011270114893221009 193.15838186845627 -0.0011044591912239227 0.9999980235139916 -0.0016532204950582073 -0.048502664197701904 -0.0011288382579864532 0.001651973695205415 0.9999979983515456 2.0277515174799685
0.9999975303916293 0.0014573853637719464 0.0016778672605092541 194.52461151286735 -0.0014499745296218162 0.9999892264681526 -0.004409594254488138 -0.06291008999229389 -0.0016842756620795514 0.0044071504997254315 0.9999888700580457 2.0475517248961737
0.999992662670127 0.0018435992887311633 0.0033579379941054543 195.988023095137 -0.001810238858606135 0.999949247386357 -0.009910887282817605 -0.07167646325735401 -0.0033760392747211004 0.009904735893526558 0.999945247783945 2.0559632498719305
0.999988983295652 0.0022524783520803046 0.0041182069644083346 197.4039009278452 -0.0022007416595922124 0.9999191425616317 -0.01252457883359052 -0.08305831034230923 -0.0041460853194341075 0.012515377744379028 0.999913083871013 2.0842916419173214
0.9999967003160602 0.0025643190425775307 0.0001537037390813674 198.8249504170385 -0.0025627685328932976 0.9999529341245359 -0.009357443730974899 -0.08343615094578709 -0.00017769197602951213 0.009357018947262197 0.9999562063520493 2.1119512215705925
0.9999792972648535 0.0027624489459672796 -0.00581153314629816 200.25104804305252 -0.0027837139706194704 0.9999894488005878 -0.003654206346969834 -0.06574058230222989 0.0058013772691815095 0.0036703083409137306 0.9999764361516041 2.129616485954495
0.9999726508610689 0.0041245672584748925 -0.006138849633055621 201.6828313426499 -0.004086185392405278 0.9999721089380013 0.006251754555744227 -0.055113973894525 0.006164464196168547 -0.006226499097943554 0.9999616143083482 2.1710650687270228
0.999983169209929 0.005274152746037974 -0.0024175627557463317 203.1257649931084 -0.005245534895505577 0.9999178547433176 0.011694790685671135 -0.034898548160820116 0.002479044276842387 -0.011681912443306837 0.9999286910880897 2.202349494552682
0.9999813460318727 0.006107951893881889 -2.2626224328878115e-05 204.5563280805664 -0.006107026886268943 0.9998820964734777 0.01408890962471417 -0.03465296249824241 0.00010867793884224154 -0.01408850863168277 0.999900746131155 2.2382919756021304
0.9999841074632232 0.005626716130058259 0.0003533929435567436 206.00304302325884 -0.005630975773546124 0.9998929510482184 0.013504760491134271 -0.04175755024516049 -0.00027736765952453014 -0.013506535813335213 0.999908744114934 2.265460107475872
0.9999903780660266 0.004365810788439912 0.00042833576157567325 207.45683981831112 -0.0043696028372068344 0.9999472796135287 0.00929217759992752 -0.0553750400136678 -0.0003877452903349202 -0.009293959848367244 0.9999567350460353 2.2860667023996255
0.9999947120205088 0.003235128511855197 -0.00033147327408252267 208.87864519172535 -0.0032325272406981327 0.9999661327056506 0.007568633254649825 -0.061610065376433834 0.0003559475492174733 -0.0075675217354843624 0.9999713025462907 2.3085950463088865
0.9999956615184479 0.0028435241401264444 -0.0007689699254023385 210.36374498538814 -0.002837435279677659 0.9999655020365046 0.007806644472181596 -0.056038894554177134 0.0007911417795159559 -0.007804428700803222 0.999969232020335 2.316936798392372
0.9999964154683819 0.0026257977285970542 -0.0005236761174248335 211.81419680433024 -0.0026208315831604905 0.9999536112836129 0.009268577165568162 -0.05918561262517766 0.0005479892336306188 -0.009267171475152361 0.9999569086918946 2.3417883036232223
0.9999966418413436 0.0025915817608188952 -3.1642818055517084e-06 213.26071064314777 -0.002591406200062202 0.999941698427698 0.010482574084505978 -0.0460206166167147 3.0330545126785755e-05 -0.010482530682419585 0.9999450563058704 2.3558191578827383
0.9999976716530882 0.0021577269815650515 -3.0044558702478015e-05 214.71502795025492 -0.0021572955015545917 0.9999431301129947 0.010444262345682655 -0.04444954928965593 5.257871673764284e-05 -0.010444173212825342 0.9999454567532066 2.3862566153829343
0.9999977961520137 0.001978206174318825 -0.0007031297515675979 216.19136410690194 -0.001971130458384582 0.9999488001863768 0.009925303549085482 -0.05071583041341848 0.0007227280482181541 -0.00992389571475573 0.9999504957536703 2.402131356964904
0.9999976774781558 0.0017053259673944182 -0.001317915641932011 217.6557543353826 -0.0016940943255699529 0.9999626352897655 0.008476913870251896 -0.0494719123470449 0.001332322299742243 -0.008474661509023682 0.9999632018377461 2.420010963514319
0.9999986082803121 0.001175729648905663 -0.001183679530917733 219.13382657164166 -0.0011643430488372953 0.9999534824012575 0.009574828398601853 -0.058046382083185695 0.001194881878619694 -0.009573436864090788 0.9999534596989529 2.4458308480518336
0.9999982661094612 0.0011085071521213105 -0.0014963254876659278 220.63216629789997 -0.0010925851306188429 0.9999432220343055 0.0105999511972321 -0.05370973153557659 0.00150799065106299 -0.01059829795509862 0.9999426993806452 2.4751356992003157
0.9999985459892979 0.0007959596968887293 -0.0015081337642167906 222.08809817694564 -0.000781998864853092 0.9999570496811836 0.009235110756135373 -0.050703385724444806 0.0015154197653489874 -0.009233917969293836 0.9999562181725113 2.4956103238562326
