1.0 8.809142651444726e-20 8.673617379884037e-19 -5.551115123125783e-17 -8.809142651444726e-20 1.0 1.7347234759768075e-18 0.0 -8.673617379884037e-19 -1.7347234759768075e-18 1.0 -5.204170427930421e-18
0.9999996451461609 -0.0005086597945688236 0.0006715450585258053 1.325954243723631 0.0005087643504225702 0.9999998584841779 -0.00015553282515680042 0.0007929968624287094 -0.0006714658501966613 0.00015587442815086068 0.9999997624183591 0.01298621879176936
0.9999993024170607 -0.0005805968554524563 0.0010286266006043412 2.6256597638964507 0.0005812580143917515 0.9999996246171303 -0.0006425766253239734 0.009566082307588993 -0.0010282531365074852 0.0006431740745289001 0.9999992645110282 0.020023160722830422
0.9999990566992465 -0.0011060719952598645 0.0008143742129662397 3.9521394168231883 0.0011072655069225797 0.9999983115700977 -0.001466567438338562 0.005150041281791305 -0.0008127507087797605 0.001467467783400137 0.9999985929863052 0.04830284908795087
0.9999995813920888 -0.0005215862312377924 0.0007517735366804378 5.266374249593538 0.0005232529177044564 0.9999974021908629 -0.00221851705195024 0.017465195117088154 -0.0007506144357682116 0.002218909490957972 0.9999972565055566 0.05433467495181907
0.9999989874340168 -0.0008328732945942626 0.001153886049885431 6.589252866455562 0.0008356180333402816 0.9999968180597905 -0.00238025477552275 0.013842048864452009 -0.0011518999276521487 0.002381216573349437 0.9999965014609739 0.06184348583519858
0.9999977542794832 -0.0006422368307074565 0.0020196454747218773 7.925943203635519 0.0006493022106067662 0.9999936655161467 -0.0034996191536146777 0.018302940037936758 -0.0020173850969963276 0.003500922654719522 0.9999918368156493 0.09302738382386405
0.9999973934381166 -0.0004186153091068254 0.0022445218189106374 9.241112954786063 0.00042678328827372035 0.9999932847242587 -0.0036398299977491327 0.03638566295278623 -0.0022429830577681124 0.0036407784347094753 0.9999908568378972 0.10239312844065286
0.9999983286469214 -0.0009114234491241343 0.0015849323834937867 10.57116378400479 0.000916602093192516 0.9999942341999175 -0.0032697717846017016 0.03474716122276983 -0.0015819430984127486 0.003271219071998842 0.9999933982691167 0.11858387602442357
0.9999992028335469 -0.00087831543353664 -0.0009071351992517145 11.891314541782236 0.0008777272097814079 0.9999994044331029 -0.0006486357874839928 0.04617576113805019 0.00090770436581491 0.0006478390531659691 0.9999993781884795 0.12993972226383507
0.9999978128160413 -0.0009528599098035369 -0.0018618327330579834 13.235923231614908 0.0009574236179899008 0.9999965359056938 0.002451839437732743 0.04653451786132152 0.0018594900239883225 -0.0024536166377402318 0.9999952610198939 0.15030695742302208
0.9999978909001586 -0.0006823532459818362 -0.0019371601075339432 14.570743080859616 0.0006930763191756122 0.9999844128132237 0.005540196369094295 0.0699392910202436 0.001933349541681703 -0.005541527284063995 0.9999827766691333 0.16186369675864537
0.9999990704097038 -0.0003591879704623796 -0.001315356883108978 15.923120640822294 0.0003667756792091751 0.9999832696151704 0.005772864570950148 0.08385483665482535 0.0013132613331731417 -0.005773341645465467 0.9999824717818385 0.18312041145750824
0.9999989934317899 -0.00031877088456706344 0.0013825774951817852 17.27129925844599 0.00031308959562939537 0.9999915152852096 0.004107472762614398 0.07023079107137374 -0.0013838751071319367 -0.004107035757533998 0.9999906085293873 0.20263384149646912
0.9999939283249464 0.00012902853116810882 0.0034823361239453665 18.62420702175389 -0.0001273850289943602 0.9999998804135148 -0.0004721715898923526 0.09631133492272956 -0.0034823966311117328 0.00047172512553177236 0.9999938251754906 0.22273994916692053
0.9999987474915045 -0.00038606010171014907 0.0015349179196510172 19.968524140562245 0.00038963367560400185 0.9999972129728059 -0.002328568706252805 0.0770439541206259 -0.0015340146743214591 0.0023291638454115025 0.9999961108898175 0.25153808684148454
0.9999995821408645 -9.745862439400708e-05 -0.0009089663981694903 21.31835029010361 9.465831277726894e-05 0.9999952513873575 -0.003080299099022237 0.09240104725074877 0.0009092622835530733 0.0030802117706654965 0.9999948427554752 0.24387037954346574
0.9999979779278299 0.00016342112118752965 -0.002004353708509447 22.67175503221055 -0.0001655712098822897 0.999999411068047 -0.0010725901983353818 0.0989783215476443 0.002004177244188716 0.0010729198927491416 0.9999974160549004 0.292724900246867
0.9999994172877278 0.0007301335438071218 -0.0007951913059636138 24.042222936426793 -0.0007291432891764008 0.9999989593083859 0.0012448824077722252 0.09657286625577519 0.0007960994088186998 -0.001244301873959614 0.9999989089686937 0.2819727827353902
0.9999932594243515 0.0015981816268020148 0.003305589410267839 25.434734845263257 -0.0016025844837830347 0.9999978317768692 0.0013297234798100288 0.10700737783607454 -0.003303457103378259 -0.0013350120030069744 0.9999936524369132 0.2978098739130604
0.9999895539530487 0.0018683346041596573 0.004171487814875192 26.802395181211562 -0.0018665133819353854 0.9999981610691352 -0.00044043858068420095 0.09923465405646781 -0.004172303030438796 0.00043264784201306293 0.9999912023129339 0.311810951694595
0.9999927542993553 0.001794985029534706 0.0033569893555074723 28.1730347760729 -0.001781725076043396 0.9999906162436258 -0.003948782147277916 0.10461860039574106 -0.003364045859176468 0.003942772303469848 0.9999865687808114 0.3386632155062936
0.999998166199238 0.0017193266254222409 0.0008435129615840133 29.531587540289014 -0.00171531996253753 0.9999873521402773 -0.0047279209916352306 0.11638414820735662 -0.000851631133394212 0.004726465426948449 0.9999884675579918 0.3400876091684939
0.9999966197143304 0.0023941099115748305 -0.0010142966253330078 30.92027418170923 -0.0023986415722808733 0.9999870414208641 -0.004490379600310159 0.11154231391211566 0.001003533019182085 0.004492797355596494 0.9999894037905607 0.38011757396974655
0.9999933835290532 0.00276496990341012 -0.0023638611527081743 32.30500142216301 -0.0027699009660065986 0.9999939895729618 -0.0020852977220895802 0.11555539964669813 0.00235808115945196 0.002091831586068178 0.9999950318345892 0.3735882469662583
0.9999854096273415 0.003310686439549076 -0.004268476043862927 33.6869745943966 -0.0033120833815627262 0.9999944637589723 -0.00032024221921047436 0.12166826964123637 0.004267392190978217 0.0003343750953266321 0.9999908387366276 0.41022689471463125
0.9999850093548425 0.003544484770720775 -0.004173451006757526 35.08105083488855 -0.003543950115363936 0.9999937110092914 0.000135497031777467 0.13489747953176345 0.004173905027128534 -0.00012070449841267963 0.999991281935622 0.4172810607966601
0.9999920678269805 0.003033520925463632 -0.0025810916129653467 36.473339968295015 -0.003033749163083049 0.9999953946009116 -8.451616733235801e-05 0.12843283017137377 0.0025808233444462427 9.23458814561701e-05 0.9999966654059917 0.4536620703619168
0.9999945547800718 0.002921271574484923 -0.0015351164758089799 37.87436692324257 -0.0029193947631182427 0.9999949901915305 0.0012234075601057792 0.140857646072391 0.0015386826908988043 -0.0012189192873822991 0.9999980733438179 0.4656045719818975
0.9999965628671597 0.0024028905440963 -0.001048985652896905 39.27243531716272 -0.002399430571465693 0.9999917181960395 0.003287289501314676 0.13547700976857122 0.0010568759622617866 -0.0032847612342193854 0.9999940466606962 0.4826939423669249
0.9999950134772903 0.0029303741500731634 -0.001177254388276994 40.66760543395691 -0.002924750881718923 0.9999844403397752 0.00475025374338199 0.14751762675480953 0.0011911560913746091 -0.0047467868803237005 0.9999880245090332 0.49509801041185947
0.9999951633069993 0.003016306513097881 -0.0007584573994905753 42.0898622706202 -0.00300999984506699 0.9999619872798438 0.008183147088886622 0.16209385195246587 0.0007831114483235447 -0.008180824552861418 0.999966229852836 0.5248668328338759
0.999996141373183 0.002689828289061328 -0.0006943072232727434 43.48153318278475 -0.0026832671772877687 0.9999533037909644 0.009283873910754421 0.16212477943451709 0.000719246828434736 -0.009281975075966422 0.9999566628722912 0.5434937582863184
0.999997224255109 0.002199530995072772 -0.0008447162122507039 44.91033955708713 -0.0021923366869940407 0.9999621027748516 0.00842535898036774 0.16633016440638812 0.0008632160380721552 -0.008423483691378377 0.9999641492476481 0.5628852126957861
0.9999981742778492 0.001312891566580817 -0.0013884367837916252 46.30447650236674 -0.0013017469493220085 0.999967172920986 0.007997408035771446 0.1552755381031596 0.0013988909350322878 -0.00799558604137882 0.9999670563113601 0.5903313281268587
0.9999993462735475 0.0006817850251497261 -0.0009179442561335462 47.73632172113773 -0.0006748616115638752 0.9999714846092874 0.0075216042240365275 0.17741108876747613 0.000923046197719481 -0.00752097982162486 0.9999712910120169 0.6118682050706682
0.9999997896783415 -0.000581876796435432 -0.00028646582084765495 49.13989649045011 0.0005840401199022893 0.9999708690866882 0.007610510833839962 0.1686196176453147 0.000282029096173429 -0.007610676540717057 0.9999709986105505 0.6281226826608255
0.9999990056229581 -0.0013920254067992285 -0.00022587244574868943 50.56058964612926 0.001393895318559237 0.9999628929065757 0.008501168493391987 0.18849316592380022 0.00021403022174846031 -0.008501474882569927 0.9999638389041301 0.6508274453546923
0.9999969143700121 -0.0024841142037272885 2.0665848322708842e-05 52.00761139751384 0.002483854300949835 0.9999619033192669 0.008367937495016744 0.1962967176584245 -4.145197340975646e-05 -0.008367860343701634 0.9999649879845804 0.6618959540536398
0.9999932985889496 -0.003524297784793464 0.0009910107548610778 53.41219806228068 0.0035154193577562358 0.999954902913221 0.008822356065701325 0.21100455576732227 -0.0010220586731020773 -0.00881881312507551 0.9999605911890397 0.6897846820618874
0.9999891712472007 -0.0043480067828749755 0.0016589832286299042 54.868183046043846 0.004335818909536156 0.999964094740916 0.007280790023362486 0.2195671876528202 -0.0016905805868135326 -0.007273518130633843 0.9999721185469537 0.7059218696535334
0.9999844195268603 -0.00510024137228807 0.0022689736606365573 56.275775292505315 0.0050891391790402005 0.999975180841173 0.004872203205909808 0.21286849557608578 -0.0022937667589838758 -0.004860580171926071 0.9999855565929179 0.716294470864062
0.9999837868968133 -0.005414893203890662 0.0017620655774737413 57.70380027943179 0.005409294356176217 0.9999803551461944 0.003166836948626059 0.23511290283230724 -0.001779179045824021 -0.003157254072988394 0.9999934331127587 0.7378336685886754
0.9999843541183594 -0.005288539120251341 0.0018228747793765654 59.14813031534554 0.005285327424474559 0.9999844798231089 0.0017622221546968264 0.25257542892902834 -0.0018321660688412269 -0.0017525600931147477 0.9999967858451427 0.7516066520532426
0.9999846208897519 -0.005017197098653894 0.002363412205306585 60.5496764006569 0.005013507538994736 0.9999862085054911 0.0015644618783768388 0.2570620480807118 -0.0023712288239172803 -0.0015525888334360757 0.9999959833628228 0.7792023392452921
0.9999846617304473 -0.004519385180273733 0.0032017903484241107 62.009354696293535 0.004520940023838295 0.9999896659941838 -0.0004785458614857343 0.2693040507767837 -0.0031995945280295477 0.0004930136235544472 0.9999947597524814 0.7933249576912897
0.9999876252180787 -0.0041356146356346015 0.002765158637897255 63.40655646281659 0.0041434206775322144 0.99998743056675 -0.002823255850654331 0.27762997510487525 -0.0027534479832042238 0.002834678128955792 0.9999921915315685 0.8077836154198158
0.9999916978054606 -0.0037290177339671386 0.0016427863196413022 64.82649135815805 0.003735002427183777 0.9999863447808705 -0.0036551345615600237 0.2852990309020128 -0.0016291338254340309 0.0036612400268130306 0.9999919705899867 0.8294376075003461
0.9999944885862383 -0.0028932202934476643 0.0016285187997758586 66.28034417463454 0.0028988413011411854 0.9999898128698164 -0.0034598953307971698 0.29550413880989035 -0.0016184919704585721 0.003464597079438905 0.9999926884986803 0.8523114524525883
0.999996311972085 -0.0022864190224586704 0.0014657183502093014 67.6490042204401 0.0022887266506206043 0.9999961410781537 -0.0015746615890720429 0.3090924307901331 -0.00146211235790555 0.0015780104103265734 0.9999976860526217 0.8748976708350243
0.9999949714709134 -0.0016979794939815534 0.0026784134342998337 69.11965017866088 0.0016951238169568591 0.999997992864962 0.0010680923614485875 0.3242709157864117 -0.002680221657289801 -0.001063546748110942 0.9999958426314494 0.8932864124747215
0.9999925081334571 -0.0009165110120470644 0.0037608090249814387 70.47649136908765 0.0008998668140318898 0.9999898047369248 0.004425004172195298 0.33475638459481843 -0.0037648262475962245 -0.004421586793419096 0.999983137684608 0.9120952716060328
0.9999897506307668 3.457012417797128e-05 0.004527409670375553 71.93177043955684 -7.279731649172393e-05 0.9999643494453532 0.008443609351593504 0.35658513929400565 -0.004526956369085897 -0.00844385239319826 0.9999541029581278 0.9337235994529541
0.9999917683138778 0.00042160226243584127 0.004035536645349975 73.29359954968325 -0.00046983472236645124 0.9999283847338324 0.011958455540849683 0.36091606625502215 -0.004030205927407728 -0.011960253137836534 0.9999203517206066 0.9385515607854359
0.9999930687718878 0.0011353660473043328 0.003545892288428019 74.6931502115772 -0.0011918071665410917 0.9998719848824358 0.015955984549245354 0.37384317309635773 -0.003527322477501321 -0.01596009997451782 0.9998664076790175 0.9568489757640961
0.9999917986029893 0.0018818154296168775 0.003586292995208176 76.13036934513418 -0.0019468164821525142 0.9998323181062314 0.018208393007200598 0.3854894934858369 -0.0035514268038976515 -0.018215225527253517 0.9998277816337411 0.9789946170790675
0.9999899168009859 0.0022572479950386266 0.0038821550517808053 77.50010975521997 -0.002326681474924611 0.9998357337689489 0.017974760972597963 0.3889356894411891 -0.0038409438516353975 -0.017983612267747615 0.9998309041233583 0.9914075591256375
0.9999900254425088 0.00225074219148034 0.0038578718327720064 78.91788377804542 -0.0023158949172192847 0.999853354047442 0.01696782339644139 0.3897153682999699 -0.0038191158954662854 -0.016976588575680223 0.9998485934350805 1.017961503243364
0.9999940874355437 0.0020884627122234878 0.002731925594453189 80.29060948477705 -0.002131562570599306 0.9998717953465877 0.015869760911841415 0.393083251195953 -0.0026984319449629215 -0.01587549035119992 0.9998703352290972 1.0288839780096843
0.9999945512516689 0.001821887580187054 0.0027528517247674008 81.66500371817006 -0.0018645979363609607 0.9998766852193468 0.015592871105313646 0.39585496261591985 -0.0027241037992545617 -0.015597919105328342 0.9998746342307492 1.0568910851774735
0.99999435703676 0.0013997470296574482 0.0030539487372897305 83.08585238480835 -0.001445448120089042 0.9998862378580043 0.015014060806411898 0.4003380159862509 -0.0030325854265229597 -0.015018390407079847 0.9998826187984323 1.0680332552414418
0.9999967760312695 0.001200563554750565 0.002237537534425877 84.4353226399493 -0.0012337439106667463 0.9998884205613904 0.01488705152845308 0.4152023196037646 -0.002219415019741164 -0.01488976408137245 0.9998866781403637 1.0863949112157276
0.9999967717127329 0.0003862007381216771 0.002511456370726799 85.85100495892256 -0.00042419873832016996 0.9998851879845303 0.01514697674688972 0.4188023137254406 -0.002505318251759151 -0.015147993204721365 0.9998821238937754 1.0992226913541745
0.9999944981481149 -0.0008227790510426861 0.003213519586524183 87.19113654813471 0.0007776756252361651 0.999901529709987 0.014011641740000939 0.4277140031993938 -0.0032247316356129227 -0.014009065574169758 0.9998966682550837 1.1244396833025705
0.9999882014248413 -0.002047863346151855 0.0044049139408628086 88.58314700709182 0.0019909151942614145 0.9999148857781243 0.012894086086652186 0.4283462752485856 -0.004430944346319284 -0.012885164144714113 0.9999071653294438 1.1447601912516217
0.9999839490599671 -0.003077780007340567 0.004756983567287632 89.96560764773454 0.003025199826285027 0.9999346883950148 0.011021211837896129 0.4311565011962511 -0.004790593746507306 -0.01100664411122443 0.9999279494028381 1.1625509013469413
0.9999789884912434 -0.00405279521925289 0.005059389977096002 91.33905942748103 0.004006712611771392 0.9999506989365237 0.009085480196695113 0.43930109962307407 -0.005095962134495372 -0.009065017775419302 0.9999459268493747 1.1793678699435926
0.9999811176112666 -0.004365981776035625 0.004324653055852211 92.71438363263374 0.004330002719490609 0.9999562273783099 0.008294239192772754 0.453316471570972 -0.004360676251611783 -0.008275356818231374 0.9999562505290717 1.194328035885461
0.9999809962430436 -0.004557721824071277 0.004151424399460518 94.03489481263081 0.004527827511781382 0.9999639572172909 0.007182133691268059 0.4652476396517508 -0.004184008938041046 -0.0071632002701360045 0.999965590723549 1.215845020036244
0.999982212300689 -0.004727595724717838 0.0036366084313975695 95.43221738481326 0.004702551597730468 0.9999653805746539 0.006864667556284742 0.4835377192687373 -0.0036689359070941666 -0.006847444110852993 0.9999698252539715 1.2273814762683972
0.999986091144271 -0.004522954495582461 0.0027130058298565443 96.7767377131437 0.004506654184448468 0.9999719373348774 0.005984530958546014 0.48612272380715243 -0.0027399974568853734 -0.00597222114149275 0.9999784122612715 1.2380577380707396
0.9999881056796599 -0.00440078087421282 0.0021027664878589076 98.10989547308851 0.004385536689274517 0.9999644627735841 0.007200017908612801 0.5017744548300744 -0.002134377462476342 -0.007190710509711858 0.9999718686619204 1.2589054315552146
0.9999891394622634 -0.0040804475041749605 0.0022518671558264497 99.50023129179887 0.004061844104895722 0.999958089083605 0.008204967930018873 0.5205644390691615 -0.0022852527189222305 -0.00819573208632314 0.9999638031426836 1.2697057414957262
0.9999847227561282 -0.004122098452746721 0.003682737934657298 100.82049147734655 0.0040917216362464795 0.9999578583063281 0.00821823737019986 0.5258638325776592 -0.003716459121391388 -0.008203043079695497 0.9999594481856909 1.2941026199364505
0.9999792330965119 -0.004009692867868687 0.0050453680556823135 102.15332339638009 0.003965884222866731 0.9999546093868132 0.008663193891210006 0.5465004642958793 -0.0050798757900910605 -0.00864300463792798 0.9999497454036308 1.3092111175061665
0.9999847348133668 -0.003804063496601623 0.004007398302414888 103.50970420458391 0.0037688243455677554 0.9999544871700144 0.00876467635486836 0.5570948035787638 -0.0040405572997583485 -0.008749439380163496 0.9999535595252612 1.3248776086955998
0.9999926234098454 -0.003566038829169262 0.0014270574494564205 104.83382858678674 0.0035534727259714906 0.9999557243481234 0.008713333174256141 0.5653306461658679 -0.0014580663499884664 -0.008708197889843396 0.9999610199062914 1.339283643574483
0.9999925650991526 -0.0038560088816452552 3.069074194065285e-05 106.1475990636942 0.0038556687578692106 0.9999642530200055 0.007525058177320584 0.5851968936553894 -5.97063360059601e-05 -0.007524883895924307 0.9999716858779084 1.354713218791397
0.9999932821171699 -0.0034042185776183287 0.0013590498173920542 107.5167911448478 0.003395786211675926 0.9999752647145064 0.006159431398882066 0.5876202069822634 -0.0013799842517024609 -0.006154774977912747 0.9999801069963523 1.381080550512357
0.9999909065694059 -0.00289236008885092 0.0031338525194903395 108.86660071706167 0.0028835471739816457 0.9999918859345199 0.002813044759249409 0.5933653049841306 -0.0031419634295955954 -0.002803982567445881 0.9999911328344709 1.3906826094538884
0.9999899075262967 -0.0021307468045804246 0.00395534620525751 110.19241191939693 0.002123496826126031 0.9999960594616267 0.0018362522833195543 0.6088655837275719 -0.003959243207749095 -0.0018278345858785783 0.99999049166177 1.4116432721455492
0.9999947300134391 -0.0015046282196612597 0.0028768106071881353 111.50884846469887 0.0015008654077131418 0.9999980160527291 0.0013096921904354152 0.6159566618551086 -0.002878775499576381 -0.0013053675828503016 0.9999950043210699 1.4298979364641597
0.9999996537546301 -0.0007162196102976398 0.00042369811173603977 112.83096169165749 0.0007151199033137692 0.9999963902993878 0.002589979096116355 0.6254234904133676 -0.00042555157613160594 -0.002589675204395386 0.9999965562381662 1.443767591362871
0.9999986642270491 0.0006114479530824151 -0.001515808536101385 114.18462968715873 -0.000603132530004345 0.9999848016974971 0.00548020119783647 0.6217625552934568 0.0015191363561896138 -0.005479279644094563 0.9999838347289985 1.4700005370586238
0.9999962566371605 0.0018338597823694166 -0.0020306821426869332 115.49219481334895 -0.0018170140873184973 0.9999641803661823 0.008266586018156151 0.64235980523271 0.002045769164032376 -0.008262865295265114 0.9999637692864876 1.4822939392662304
0.9999946778305263 0.003256443370004599 -0.00019971780046511544 116.85815460179509 -0.0032544569597802503 0.9999519308011037 0.009249032221887353 0.6513916387441315 0.00022982714984836575 -0.009248333023984685 0.9999572068422521 1.502439793763826
0.9999888947839963 0.004085085308952035 0.002349975893453251 118.15126696225649 -0.004105684306651308 0.9999525982928053 0.008828619588688007 0.6580740869128503 -0.0023137988364039593 -0.008838169804107222 0.9999582656738523 1.51941037305645
0.9999825632724119 0.005007436900866657 0.0031302918107715795 119.52777975227525 -0.005034196629282082 0.9999503469983315 0.008600023384507632 0.6556350499590189 -0.003087072307943177 -0.00861563193272508 0.9999581195584969 1.5412743101186113
0.9999793224654573 0.006028286924523787 0.0022392852164099812 120.8440529995561 -0.006048764667767039 0.9999388914528246 0.0092534213180882 0.6529017734271226 -0.0021833660982047546 -0.009266774889447332 0.9999546788708124 1.5571072248311477
0.9999703847645761 0.007400790323960559 0.002111373099755279 122.15047460311393 -0.007423471961876756 0.999912545466583 0.01094502090310813 0.6490655389022656 -0.0020301866458107025 -0.01096037048274446 0.9999378723806115 1.5724344426280212
0.9999627175509731 0.008513433592348671 0.0014439378592629429 123.52387103781241 -0.008530910723387542 0.9998846853389283 0.012563422579135147 0.653481684400193 -0.0013368134882380124 -0.01257527228894073 0.9999200345310402 1.5841977370548763
0.999952383677169 0.009737485579083587 0.0006416797838111242 124.84806149200325 -0.009745215971633909 0.9998626064620639 0.013408913623185742 0.6511625100935406 -0.0005110225181184558 -0.013414528448103718 0.9999098905813968 1.600573211119416
0.999940907224294 0.010867865411905823 -0.0002675085877648858 126.17357575118848 -0.010862894555185066 0.9998375598275275 0.01438233221763365 0.641983686191847 0.0004237703844743109 -0.014378576408120286 0.9998965331268717 1.6190955596344123
0.9999313421124149 0.011707351050989126 -0.0004989916169147704 127.5161888171499 -0.011699152734257257 0.99983213210034 0.014100973192964682 0.6357827254251347 0.0006639928955707155 -0.014094167270792957 0.9999004518262694 1.639563223681934
0.9999190604716379 0.012718213279518295 0.00034576942260701774 128.84562044843193 -0.012721704742585077 0.9998293105592219 0.013398058632266075 0.6335145452664612 -0.0001753110362009836 -0.013401372976222833 0.9999101822005779 1.6622998278118086
0.9999076218488886 0.013525305340559608 0.0013468050878135437 130.2149536625666 -0.01354096355166839 0.9998315642380772 0.012388924865865911 0.6234299300690398 -0.0011790142460203286 -0.01240601743849783 0.9999223473133918 1.6795589698241393
0.9999019810530948 0.013890407241641901 0.0017563805845381532 131.53874873400937 -0.013908735812414632 0.9998439269512901 0.010893521318827844 0.6060418052445172 -0.0016047910134516026 -0.010916882580876478 0.9999391213071517 1.6924074735108459
0.9999022775482209 0.013863442932372237 0.001800084426207042 132.8799134750718 -0.0138805749076856 0.9998548291607141 0.009881813812839292 0.5899891206847101 -0.0016628271445774784 -0.0099058343444836 0.9999495534534865 1.7181606092024642
0.9999028512789305 0.01368697568819556 0.0026371766674890755 134.21647268353982 -0.013707737219181901 0.9998738621687261 0.008022324608572719 0.5773165989857947 -0.002527042657863204 -0.008057694974755489 0.9999643431678447 1.7261105883808223
0.9999119313171705 0.013060769665834925 0.002354974586322136 135.56269720442134 -0.01307597222312451 0.9998929869112693 0.0065600057988093215 0.5596064649743318 -0.002269043848472981 -0.006590221650016178 0.9999757099143045 1.7507102697420702
0.9999265215473263 0.011959334944002009 0.001981366690316136 136.9045240545362 -0.011970020184107408 0.9999133855054156 0.005471755101428808 0.5505343594810463 -0.0019157565232521294 -0.005495070044605748 0.9999830668977093 1.7687745603503122
0.99993639069548 0.010883233579102428 0.0029613830821523285 138.2317275618334 -0.010889708884185782 0.9999383305153103 0.0021793133486438516 0.537400839255215 -0.0029374824789683367 -0.002211423323696605 0.9999932403789383 1.7747363573685027
0.9999466726479136 0.009796767345952221 0.0032672939775387076 139.58040239587544 -0.00980212172033892 0.9999506347276694 0.0016268120698827498 0.5199045030725438 -0.003251195187317494 -0.0016587517295666855 0.999993339114093 1.794726711326015
0.9999586472267358 0.008501541429124683 0.0032291840773744232 140.94895233665912 -0.008503274336655412 0.9999637095883512 0.000523289460342058 0.5178358420019944 -0.003224618121928443 -0.000550726458965127 0.9999946492548524 1.8089706067624494
0.9999691516495479 0.0073298254002523095 0.0028230141489234356 142.26639201886738 -0.007330280811641652 0.999973121728702 0.00015100787000695224 0.5153983116300391 -0.002821831409862048 -0.0001716966981101036 0.9999960038858846 1.823516770506508
0.9999779565391549 0.006305608380960541 0.002079841032866351 143.6153571314883 -0.006305045919066878 0.9999800846681013 -0.0002768810854660392 0.5072447749153532 -0.002081545515834929 0.0002637614888320911 0.9999977987966486 1.8341140921070487
0.9999851951598986 0.005440482417340743 -0.00010301498077984295 144.9644899516298 -0.0054406652398371735 0.9999834576161942 -0.0018664553862858643 0.4988764940545217 9.285885895465398e-05 0.0018669882237374253 0.9999982528645762 1.8527924767075206
0.9999897829177928 0.004382146156946049 -0.0011094390855869113 146.27594850286178 -0.004387243406482767 0.9999796366945332 -0.004634467775438065 0.5090129132031574 0.0010891075785882888 0.004639287804012953 0.999988645362213 1.8930535989665263
0.9999932466981264 0.0032634223898668564 0.001690157520832457 147.6697270889124 -0.0032389585727983796 0.9998927865955787 -0.014280212235546309 0.4964248741724149 -0.001736578677632173 0.014274641446770785 0.999896604107676 1.8939821907907342
0.9999928694299027 0.0017479510207365026 0.0033475000490956253 148.9709073469734 -0.001671855448934085 0.9997431554356593 -0.022601505677921904 0.48583393215620596 -0.00338614658682379 0.022595747980103977 0.9997389490184486 1.9091824838708689
0.9999994376620222 0.0009360443557638598 0.0004984943365684011 150.28932313635505 -0.0009244937296852682 0.999742168356533 -0.022687928973831973 0.45436009741719663 -0.0005196027168142714 0.022687455360659428 0.9997424715306811 1.9419386583038896
0.9999945361987418 0.0009111039700341411 -0.0031776504242970916 151.67011697901245 -0.0009860134155666844 0.9997197541330075 -0.023652504598529175 0.47632430276102067 0.0031552100100579643 0.023655508571893125 0.9997151902236944 1.9506436549057118
0.999982615287617 0.001941953060968894 -0.0055675794423348315 153.00594943801028 -0.002050341916577444 0.9998071942526114 -0.019528707554419936 0.4782799086713497 0.005528582147607234 0.019539783494960383 0.9997937945598618 1.979704398960072
0.9999806926176317 0.002759261595217908 -0.005567842258088866 154.36939958665363 -0.00286685605350791 0.9998075034396476 -0.019409719270184218 0.48090263933371424 0.00551321397464942 0.019425306721595186 0.9997961101796915 2.003321468864288
0.9999923019068173 0.0032223449053768926 -0.002238888209688056 155.68884404153383 -0.00327492994662925 0.9997091212491199 -0.02389451244861199 0.48367068363161236 0.0021612406042270126 0.02390166070847367 0.9997119783489781 2.0193496239868356
0.9999933083348485 0.003650203509173255 0.00024351563901761793 157.02316032442806 -0.0036408920722022244 0.9995120343902154 -0.03102316898789623 0.4810532821627119 -0.0003566376920656263 0.03102207477707786 0.9995186359873847 2.0379858323536473
0.9999922755471066 0.0036843052937306437 0.0013692116791679165 158.37738228576154 -0.0036377718756789236 0.9994631162089944 -0.03256141817529974 0.4599642721311618 -0.0014884427769655498 0.032556185776420575 0.9994687985654134 2.0637849322046717
0.9999920030591656 0.003610623413661925 0.001719655861626991 159.71098799212552 -0.0035481933768898286 0.99938033940252 -0.035019245272620465 0.45789805772546216 -0.0018450315655584085 0.03501286355424919 0.9993851586071576 2.0834074563967215
0.9999876349628308 0.004651731895117827 0.0017582126777689832 161.0735202427155 -0.004589657578748958 0.9994181393804261 -0.03379819108587177 0.459164152817118 -0.0019144097665223904 0.03378970357584117 0.9994271313945318 2.0918041279879276
0.9999816623265528 0.005887249890853031 0.0014196123931397274 162.42230819305678 -0.005839818691523445 0.9994906404165566 -0.03137445198488375 0.46237131016998645 -0.001603598538986087 0.03136558637144048 0.9995066925555334 2.099216742654821
0.9999769420391683 0.006771266858923728 -0.0005151069006544366 163.7695226030656 -0.006782947870809436 0.9995924007754958 -0.027731280714426848 0.46553754067368847 0.000327121041424084 0.027734135230897357 0.9996152813631946 2.121156731867078
0.9999710710738766 0.007484122549322144 -0.001358280173820228 165.1251268649905 -0.00751544149241893 0.9996656725611038 -0.024739871505931675 0.4632101939345228 0.0011726698332835356 0.024749363883193237 0.9996929997918558 2.1361460760357867
0.9999702798999603 0.007706801912404718 -0.00021100018442115324 166.46012346656943 -0.007709662771386744 0.999664675759263 -0.024720379023777692 0.45679997706158504 2.0414366608697418e-05 0.024721271071906678 0.9996943824688839 2.1532833187063756
0.9999708658645654 0.007623998647131631 -0.00037691736473443563 167.79233115803575 -0.007630755264044276 0.9996942093558778 -0.023521465822235892 0.4530964429838624 0.00019747448332341327 0.023523656708830068 0.999723260997199 2.16576859007196
0.9999714336514933 0.007097225079868016 -0.0026002455927635433 169.184331927796 -0.007147735559485025 0.999775223646508 -0.01996026199593925 0.44925432284082134 0.0024579986470027017 0.01997827767202558 0.999797392807118 2.1948896451589914
0.9999628065643904 0.006448859838680648 -0.005726927155867599 170.56993735089821 -0.00653434602228088 0.9998656020443056 -0.015035962577741875 0.45148151011437937 0.005629192653361936 0.015072825062316749 0.999870552689053 2.220094887882606
0.9999562203002628 0.006278951001236088 -0.006937741501125002 171.9161879849922 -0.006351303338981312 0.9999251589146801 -0.01045645806894649 0.4564191057827866 0.006871566685159996 0.010500063989113 0.9999212620139227 2.241946054169494
0.9999613560256394 0.006642528004508737 -0.005758756556236201 173.313802272811 -0.006669495831633991 0.999966823828636 -0.0046764374711309705 0.4557454740260246 0.005727502135878526 0.004714664757848448 0.999972483449172 2.273922617208771
0.9999665671564977 0.007367393288201975 -0.003547687329300843 174.70237882034723 -0.0073721041661693985 0.999971958887462 -0.0013166316626274876 0.4602547661278897 0.0035378877049269167 0.0013427415644277658 0.9999928401722077 2.3051315615515247
0.9999720673454442 0.007330583573488271 -0.0014584489536938316 176.05397197061498 -0.007333542953390824 0.9999710400990113 -0.002034234758461411 0.4597032601708967 0.001443494589251539 0.0020448735349318592 0.999996867402892 2.317218803116111
0.9999786027573638 0.006512412888881751 -0.0006184705288667222 177.4672488214799 -0.006514706740280823 0.9999716260194451 -0.0037822945568758053 0.45537147219542423 0.0005938211165742172 0.003786242780324524 0.9999926558440767 2.3426346998597007
0.9999872318018274 0.005025245652953686 -0.0005321084906386808 178.87209980566638 -0.005028315985209097 0.9999697442392289 -0.005935203828333915 0.4526985779797248 0.0005022665340537548 0.005937803656104585 0.9999822449504143 2.3568710970772266
0.9999865406541585 0.0028593502115181863 -0.004329275562592274 180.20724926461543 -0.0028892014540463757 0.9999719882611698 -0.006904723597696576 0.44679551034048126 0.004309411269176343 0.006917138813884145 0.9999667905311368 2.3801226315449253
0.9999618221452237 0.001236383997487205 -0.00865017957123772 181.62199042634398 -0.0012725381547691967 0.9999904735883469 -0.004175329831086424 0.45976751131913957 0.008644934855078864 0.004186178109500495 0.9999538694430794 2.4127471597769192
0.9999515346799638 0.0008160872408299107 -0.009811334914293746 183.0235099371198 -0.000816912939049595 0.9999996631145349 -8.015027592582837e-05 0.48374884275706204 0.009811266199380088 8.816139785789025e-05 0.9999518644830524 2.436074100339389
0.9999631695119668 0.00047771568442114826 -0.008569212758833865 184.3543911896901 -0.0004569821799575809 0.9999969641614884 0.0024213291998399235 0.49817362837784923 0.008570343451023667 -0.0024173240435767522 0.9999603520928216 2.4551796992445962
0.9999848665206185 0.0007955751593671369 -0.005443692671936755 185.80095914784766 -0.000766605407574721 0.9999855456572337 0.0053217283614926 0.49252218144695226 0.005447847821826264 -0.0053174746609866855 0.9999710222888161 2.485160203417615
0.9999950439245368 0.0011732833208018942 -0.0029215633850571457 187.15899579322354 -0.0011577115830617032 0.9999851469645196 0.005325932241262853 0.5022960098438226 0.002927768818438924 -0.005322523517769223 0.9999815492863598 2.5121389278686643
0.9999959994722838 0.0013433745643766767 -0.00248925374515843 188.61636292689764 -0.001332166294645184 0.9999889927206187 0.004498863252617241 0.5083156149738252 0.002495270003709181 -0.004495529154851988 0.9999867818352532 2.5315576421545134
0.9999975453864002 0.0011588679805455274 -0.001888450734907118 190.02758040055392 -0.001153161397743156 0.9999947745175183 0.003020125237193693 0.5040890459927495 0.0018919407932755069 -0.0030179401354641783 0.9999936562785653 2.55472556276707
0.9999982617989477 0.0012949588451226987 -0.0013414472306680183 191.3889451275822 -0.001294615430866593 0.9999991290017964 0.0002568395113168418 0.507043730359861 0.001341778658866847 -0.0002551024065936169 0.9999990672759613 2.5770454144569586
0.9999979299259738 0.001678870424185105 -0.0011495816046797997 192.84152238896576 -0.0016807612164911718 0.9999972332216287 -0.0016457796998525025 0.5134607451024699 0.0011468153731794737 0.0016477084651430308 0.9999979849336266 2.600720097951989
0.9999978997730147 0.0020117884015555913 -0.0003913527656292521 194.20545835704968 -0.0020136250733269515 0.9999866876938102 -0.004750763015163166 0.5101202110926979 0.0003817900258889633 0.004751541075223867 0.9999886384823513 2.621599766072098
0.9999968606915514 0.0022685761537835736 0.0010640344339846383 195.66825276994973 -0.002257952416370612 0.9999486272382611 -0.009881524943182061 0.5037925531722456 -0.0010863967634462996 0.009879091382906002 0.9999506104280954 2.6357008862373927
0.9999957192718013 0.0025266118506867253 0.0014756932705251298 197.0674185888547 -0.0025058222029503228 0.9998999169984545 -0.013923966445342844 0.49706566042253914 -0.0015107260373426227 0.013920209015665017 0.9999019679387576 2.6563919097060777
0.9999915849925946 0.002828144795133412 -0.002971790876938684 198.49046110732635 -0.0028627057132041152 0.999927566094107 -0.011690486778348923 0.5056232940826353 0.002938513229183207 0.011698895765537972 0.9999272478424963 2.6780707275155247
0.9999633507068824 0.003071582280188126 -0.007991409472702238 199.93024061609327 -0.003101365978258577 0.9999882817397994 -0.0037172452370897776 0.5215942028777115 0.007979898002685308 0.0037418932881364657 0.9999611589769309 2.699907133596523
0.9999521935954407 0.0044484684421545 -0.008707562930317941 201.35414992776109 -0.004405398540961828 0.99997799910563 0.0049592104609327715 0.5368601984097133 0.008729432247379152 -0.004920613093882625 0.999949791029239 2.720828978325924
0.999973130394944 0.005871384728103372 -0.004389228805950334 202.81541425399135 -0.00581801238531374 0.9999101650055866 0.012075290902706232 0.5512018503150592 0.0044597331781986264 -0.012049429856853746 0.9999174576034284 2.747386351456539
0.999973309399684 0.006832708730262136 -0.0025873885775956566 204.25325433090828 -0.0067984351003654965 0.9998919776077352 0.013031285273477128 0.543424735211383 0.002676148058346409 -0.013013347267326078 0.9999117416174639 2.7663822883297
0.9999778181315763 0.006351676056128334 -0.002004858122199434 205.70960456580698 -0.00632646763233247 0.9999038569428726 0.012339071199419132 0.5365746788399126 0.0020830391521026725 -0.012326113825747801 0.9999218608800616 2.795933842445497
0.9999856575614088 0.004990035688006496 -0.0019453059680626635 207.15767445177633 -0.004972676565063447 0.9999486631003073 0.008828570194971755 0.5307040459297031 0.001989260982432289 -0.008818770194346624 0.999959135231537 2.816825621677845
0.9999899838800215 0.0037663692744277543 -0.002417974797853248 208.58653381313937 -0.0037485623340701726 0.9999661298369199 0.007327172674360272 0.5244038919076884 0.0024454897386816583 -0.007318035355267699 0.9999702325261872 2.8439113883499942
0.999989356854052 0.003348693424462287 -0.0031737093389763277 210.06602094101132 -0.0033248523446364857 0.9999664385902572 0.007487793400168338 0.530665566834223 0.003198677149339674 -0.007477161591553462 0.999966929712692 2.860788300928221
0.9999896745069814 0.0032553016565582283 -0.003170787054695273 211.5464473150354 -0.0032263996220069633 0.9999535894446335 0.009077956943733445 0.5353514482415581 0.0032001913849842157 -0.009067632983197666 0.9999537673348611 2.8892883998377177
0.9999925234607638 0.0030479396923034797 -0.002379723976795333 212.97575470239647 -0.0030239414578373414 0.999945188509015 0.010023759560657545 0.5383005527600323 0.0024101453552070667 -0.010016488471634255 0.9999469291707757 2.90900715593748
0.9999928370415843 0.0026733557033356862 -0.002679372091897069 214.42024630062562 -0.002646630142515624 0.9999472041642679 0.00992895930863861 0.549273839684609 0.002705774272204177 -0.00992179688097454 0.9999471169678128 2.935619087116951
0.9999912754217346 0.0024369452062829584 -0.0033926948689871296 215.89554592790216 -0.002404315368618976 0.9999511362829278 0.009588759778512684 0.5477637047698066 0.0034158963714813837 -0.009580519012212987 0.9999482713157896 2.9583226364572877
0.9999895235803304 0.002160945670134893 -0.004035225321398229 217.3621287031869 -0.002124744150205576 0.9999576528631855 0.008954213681000436 0.5515896920824485 0.004054404010442888 -0.008945546051503701 0.9999517683438338 2.982739973047009
0.9999904129547068 0.0015732102018707987 -0.004086442014232036 218.83967994337272 -0.0015330849461904507 0.9999507667524276 0.009803760593760029 0.5501034198721625 0.004101664201603462 -0.009797401741927673 0.9999435920440135 3.009103470076221
0.9999886645242653 0.0014370016269739294 -0.004539366618880421 220.31562695723636 -0.0013884733250974837 0.9999420494601311 0.010675666878390862 0.5566540846013066 0.004554444510807473 -0.010669243075164854 0.9999327098797203 3.0377134543788675
0.999988175788254 0.0013494196264182726 -0.004671974994779269 221.81161439806925 -0.0013023196232127192 0.9999484502471413 0.010069797015794503 0.5628496263795006 0.004685322537350088 -0.01006359354366749 0.99993838402059 3.0617624560320547
0.99998696783014 0.0008689350885743771 -0.005030817199463837 223.28312740045598 -0.0008136276817092838 0.9999393282014266 0.01098535052127648 0.5660531189709017 0.005040057527264277 -0.010981114146187411 0.9999270038118935 3.0857977812512543
