1.0 -2.1684043449710093e-19 -2.5135375298442207e-37 0.0 2.1684043449710093e-19 1.0 2.3183291766350204e-18 -8.673617379884035e-19 -2.51353752984422e-37 -2.3183291766350204e-18 1.0 0.0
0.9999996051917989 -0.0005752605321510217 0.000677267721610383 1.3273296131564947 0.0005753941083097035 0.9999998150465057 -0.00019704967556571635 -0.005147294397329037 -0.0006771542414461252 0.00019743929362565135 0.9999997512398984 0.014190926913472833
0.9999992601539638 -0.0006470405596256914 0.0010300631238006621 2.623440015128795 0.0006476885246415298 0.9999995925270339 -0.00062884444906315 0.0025565359774911375 -0.0010296558162135466 0.0006295111438800191 0.9999992717620447 0.02334949003255532
0.9999991428272942 -0.0008799916523039445 0.0009695150173104206 3.943116779875361 0.0008808086549778276 0.9999992571107851 -0.0008425876757628057 0.016170243406201233 -0.000968772826947165 0.0008434409107380258 0.9999991750429796 0.04550310711285168
0.9999992552127879 -0.00046558454046356096 0.0011281865559425615 5.261274523721559 0.00046700789036445114 0.999999095018644 -0.0012616915325010629 0.020747647332982507 -0.0011275981108823962 0.0012622174648327723 0.9999985676637602 0.04669425739005132
0.9999986309655441 -0.0007260655808007574 0.0014869081377406213 6.583404822282754 0.0007280602465065194 0.9999988353081021 -0.0013413838812722399 0.016547010627308265 -0.0014859324732839274 0.0013424646035767836 0.9999979948947263 0.054661017278013285
0.9999972222608144 -0.00040294662744803363 0.0023223058951795696 7.917336849504811 0.0004093213983465623 0.999996148168693 -0.002745196490311096 0.021500018748105563 -0.002321190782381565 0.002746139434367636 0.9999935353748838 0.07770561412580204
0.9999963432910426 -0.0004466297070769638 0.002667194490108818 9.23815491762553 0.0004538657279560689 0.9999962168598792 -0.002712982091793753 0.032836973250387924 -0.00266597270134137 0.0027141827193766905 0.9999927628746728 0.08701406563694945
0.9999969134499421 -0.0009410656407479278 0.002299453423908624 10.570469027068176 0.000946614595027647 0.9999966400265868 -0.0024132667373129315 0.030474927432825004 -0.0022971746553978093 0.002415435984816002 0.9999944443133701 0.10285294317923989
0.9999995953815598 -0.000899571407452451 -2.8283315199578674e-06 11.897006226752204 0.0008995718933035653 0.9999995797653857 0.00017674688345477072 0.04798891393497484 2.6693338886828196e-06 -0.00017674935622726275 0.9999999843762697 0.11417004918624415
0.9999994373664661 -0.0008308904882670003 -0.0006594601942009298 13.225433678117879 0.0008325067956084689 0.9999966412325226 0.002454476748423887 0.04719651240075951 0.0006574185778435391 -0.0024550243725460657 0.9999967703228564 0.13218664397519816
0.9999992969297975 -0.0006840803850645309 -0.0009685937938308486 14.571801525187334 0.0006904296623746507 0.9999781785700614 0.006570060165906376 0.07217100440489815 0.0009640782084410472 -0.006570724292578897 0.9999779478245902 0.13969213911619247
0.9999999753469068 -0.00018590315954512127 -0.0001214339373299192 15.919073738940892 0.0001866970464629058 0.9999783956870187 0.00657063949923715 0.09551209912869849 0.00012020981118999042 -0.006570662008608003 0.999978405742029 0.16011039735408403
0.9999965337795785 -4.678130251919205e-06 0.002632946437588881 17.26271231211127 -9.737383098632204e-06 0.9999850119700944 0.005475010534540173 0.08274346465299777 -0.002632932587721346 -0.005475017194954992 0.9999815457560721 0.1865197388133335
0.9999879300927328 2.6664162286278712e-06 0.004913212975433871 18.627216421401624 -5.431719421006029e-06 0.9999998416039464 0.0005628166473150012 0.08643240053320672 -0.004913210696496883 -0.0005628365413645978 0.9999877717130743 0.20395582784678146
0.9999942414955304 -0.00025336029060278457 0.003384196262315235 19.970760916287485 0.0002572552271917674 0.9999993050459357 -0.0011505335257084573 0.07652518051603564 -0.003383902410945866 0.0011513975025343305 0.9999936117237271 0.22918181018984524
0.9999995998293435 -0.00013878099823332233 0.0008837878633731461 21.321806675569768 0.00014071087546177453 0.9999976052667953 -0.002183955385160705 0.08056381960144404 -0.000883482655428554 0.002184078869769822 0.9999972246250927 0.22086327134121628
0.999999969475614 0.0001474395034463421 -0.00019826841372795015 22.672061311126186 -0.000147480520783153 0.9999999677252638 -0.00020687911331130634 0.0984871826970116 0.00019823790517514933 0.00020690834772535988 0.9999999589453334 0.2646969621831319
0.9999991806943828 0.0008924991126189251 0.0009176360374605546 24.03586712658679 -0.0008942598596106245 0.9999977566220972 0.0019201692832780956 0.10081860149546401 -0.0009159202294747415 -0.0019209883151466486 0.999997735444449 0.2455953696199907
0.9999814339550768 0.001702251570314846 0.0058509900649056056 25.432300301994253 -0.001717752447391265 0.999995025922467 0.002645270657942025 0.11318698402281413 -0.0058464580454959895 -0.002655272098231809 0.9999793840166938 0.2633787129023073
0.9999769849293381 0.0018065387868832247 0.0065395740871870495 26.800983622712295 -0.0018140189929158636 0.9999977070448972 0.001138086130753785 0.10300839379894076 -0.006537503095499257 -0.001149922849220804 0.9999779691226789 0.28145519481479586
0.9999801600781333 0.0017847693216742956 0.006041030423646836 28.17342857312688 -0.001765909192866777 0.9999935551337524 -0.0031259007791866523 0.09927205403594802 -0.006046570501827048 0.0031151708503999245 0.9999768670803036 0.30381464852744355
0.9999916463762047 0.0017168128796858921 0.003709411185562964 29.531241880426826 -0.00170484496877159 0.999993339575435 -0.0032271207602202405 0.10821080391128496 -0.0037149268417950303 0.003220769831070656 0.9999879129070788 0.2969749266615208
0.9999954956531578 0.002392311383295054 0.0018126002428650043 30.925146814412027 -0.002386130220592445 0.9999913573980248 -0.0034046309383099645 0.10810647260851484 -0.0018207295146322028 0.0034002905024539958 0.9999925614566008 0.33636426769165423
0.9999956974416233 0.002883442012204424 0.0005393147539823829 32.301986477296495 -0.002882922324207239 0.9999953817277059 -0.0009619158656297993 0.1204709202159632 -0.0005420858918991597 0.0009603569243866038 0.9999993919285469 0.3199911424093084
0.9999930939951299 0.003488015146832472 -0.0012828532194593474 33.68559790374822 -0.0034871727312996976 0.99999370309748 0.0006583249435405154 0.12053470332490847 0.001285141388832284 -0.0006538468663800905 0.9999989604474027 0.3598911292875391
0.999992789400038 0.003671650458902731 -0.000969603444212218 35.0797594010533 -0.0036708666918560005 0.9999929351972474 0.0008088839993021857 0.1346926842252133 0.0009725665334623734 -0.0008053188817755836 0.9999992027876006 0.3491334038241851
0.9999949180059626 0.0031385349145522426 0.0005599650331172369 36.474834327804274 -0.0031390942693520487 0.9999945721850612 0.001000843436637015 0.12752730425034306 -0.0005568208116607791 -0.0010025961333831334 0.9999993423755723 0.3844538563946436
0.9999946157897255 0.0029308011553997562 0.0014760745735478567 37.87789509304468 -0.002932873474361163 0.9999947138739854 0.0014037368946497244 0.13996286621100207 -0.0014719526971189373 -0.0014080584765980512 0.9999979253611398 0.3719014179092575
0.9999948220863679 0.0024073876734333356 0.0021354823912151516 39.271646705408756 -0.0024149593679439383 0.9999907819967827 0.0035501961515006634 0.13067057706423837 -0.002126916007878206 -0.003555334872097358 0.9999914178742949 0.38825333961002495
0.9999920037158041 0.0030910712640430417 0.002537278638991629 40.669571776064736 -0.0031072522626812643 0.9999747028547639 0.006398330555928206 0.15155551522724597 -0.0025174367573661156 -0.0064061633578507615 0.9999763115110304 0.4196426175773863
0.9999915454910675 0.0028537168722489346 0.0029606158817246553 42.09169474974762 -0.0028810731704395757 0.9999528142181898 0.009277324749561503 0.15395903297691285 -0.0029340013245824806 -0.009285776065321353 0.9999525818753068 0.4358223192513718
0.9999918983984765 0.0025852561327044813 0.0030853829810253246 43.47708429135115 -0.0026153304746241546 0.9999487206547518 0.009783460912871087 0.15888639066385463 -0.003059932012282143 -0.009791450947305411 0.9999473807678216 0.4420665217527708
0.9999928479963545 0.002284385744340027 0.0030142226047483556 44.90519846029713 -0.002311839118714118 0.9999555924159125 0.009136114930906134 0.1693178270423942 -0.0029932183396977623 -0.00914301798710901 0.9999537218621961 0.4555957493224543
0.9999957200493732 0.0013741875816183258 0.0025829230391001433 46.30986500263743 -0.0013971731581936498 0.9999592540266478 0.008918418785639409 0.1570692891816886 -0.002570562215043924 -0.008921989405987247 0.9999568942284152 0.4789585917272171
0.9999947673795045 0.00046178300119222016 0.0032018697772593432 47.73751323437646 -0.0004894280984423758 0.9999625664192345 0.008638646907621419 0.1659981146479053 -0.0031977607395131937 -0.008640168789897101 0.9999575600041909 0.4993526801941422
0.9999919617294696 -0.0005383976895367745 0.003973236007978072 49.13476058237182 0.0005036682727676936 0.9999617077310454 0.008736669267086305 0.17075332928981635 -0.00397778766630388 -0.008734597846457763 0.9999539409421528 0.5068552102433197
0.9999904291072916 -0.0015711467722769156 0.00408328196856621 50.5668732020277 0.0015316825245708507 0.9999522640270824 0.00965005781102989 0.17684186044528802 -0.004098248706310828 -0.009643711159727801 0.9999451000893044 0.527052926818244
0.9999872013932071 -0.0027721024577877307 0.004232315884360891 52.017912256696064 0.002731595311668902 0.9999506964731448 0.009546884828344745 0.18123423665684704 -0.004258572159157898 -0.009535201667292508 0.9999454707594456 0.5289721632197224
0.9999781438138019 -0.00377876861023242 0.005425200686947485 53.429791504357695 0.003722520333303496 0.9999396025835264 0.010340891038357402 0.19828890511374828 -0.005463948853299721 -0.010320469606047999 0.999931814260372 0.5523388357683823
0.9999710335952806 -0.004822461000715693 0.005888619556631457 54.88553659118364 0.004770663589714093 0.9999500856579188 0.008778779051474145 0.19836851308119827 -0.005930660949670156 -0.008750432138894697 0.9999441270381474 0.5558625977832783
0.999961817879925 -0.005020971716832424 0.007152106353678887 56.2731934342674 0.004978783618523232 0.9999701748133467 0.00590433717233312 0.21450993252071568 -0.007181538550720852 -0.005868502942270611 0.9999569921637935 0.5652953073756404
0.9999613507736729 -0.005300885365119217 0.007014098177055711 57.69920030976989 0.005266054704326362 0.9999737587131203 0.004974992764363866 0.23488452856934272 -0.007040285984429434 -0.004937863860040649 0.9999630252533127 0.5858168611366734
0.9999587806983606 -0.0051516773955416675 0.007476437939291952 59.15125376686507 0.00512177321946149 0.999978829648308 0.004013439209529841 0.254974039817267 -0.007496955604525489 -0.00397498115875402 0.9999639969426155 0.6058156643308935
0.9999549274439954 -0.0050759060881782 0.008023606287562312 60.55596276336718 0.005045738836031057 0.9999801425066884 0.0037755942448444266 0.24986276386777528 -0.008042611520668017 -0.0037349390473111993 0.999960682542189 0.6213429475534474
0.9999526965387584 -0.004495875210447294 0.008625067591490834 62.01279836580316 0.004481747312705335 0.9999885846876644 0.001656633751671302 0.26596791472780373 -0.008632417152267289 -0.0016179000136607724 0.9999614311430491 0.6193089507300575
0.9999546549339627 -0.004377454876496244 0.008457302448404223 63.42036408660233 0.004385847906028854 0.9999899076742911 -0.0009741086735789934 0.2583077893387351 -0.0084529529777899 0.0010111569447908489 0.9999637619171948 0.6272095713588032
0.9999638469817075 -0.0037877662727359104 0.007612986024378871 64.8303557261048 0.0037984193700998695 0.9999918263593816 -0.0013853608617533189 0.2798702077611032 -0.007607676375419357 0.0014142280903560425 0.9999700611613707 0.6462251026278443
0.9999668095575218 -0.002896596729490999 0.007615084420917355 66.28017560974205 0.0029094882273890885 0.9999943522607874 -0.0016823569130998868 0.2944827821970624 -0.007610168303374141 0.0017044570734027677 0.9999695896198441 0.6540986107218707
0.9999701905198052 -0.0024762307433290522 0.007313436476114948 67.65643891970068 0.0024766328057524755 0.9999969320859489 -4.5919883359689025e-05 0.2972137793112914 -0.007313300330893516 6.403121121136853e-05 0.9999732554115006 0.6630519215450957
0.9999600236426933 -0.001809511126964781 0.008756528192472808 69.12395471081497 0.0017864913132288511 0.9999949300091084 0.002635982713548749 0.31704834354821854 -0.008761253637005282 -0.0026202338750120416 0.999958186530391 0.6741184861698002
0.9999498739274257 -0.0009667065291155123 0.009965696714830547 70.4861184553448 0.0009076009674612317 0.9999819834600533 0.0059337185458839935 0.3304017658293023 -0.009971253331917826 -0.005924376235897721 0.9999327356743584 0.6825340582279207
0.9999379719170575 -3.5646896562609395e-05 0.01113782059923508 71.93814709853811 -7.979594546198013e-05 0.9999462857711069 0.010364323671853049 0.3547690555788362 -0.011137591795763914 -0.01036456954564979 0.9998842581754772 0.7038506539150156
0.9999427504664677 0.0002537222180934842 0.010697262013777303 73.30487200370354 -0.00040063000507616916 0.9999056134125469 0.013733308475280325 0.3572408325336408 -0.010692767890232623 -0.013736807893911141 0.9998484709313364 0.6974900588645552
0.9999455466328251 0.0009711003334184879 0.010390415454780741 74.69101854983788 -0.0011543479346266521 0.9998436524258115 0.017644777829677705 0.37136877074449076 -0.010371656088896081 -0.01765581116673197 0.9997903285599528 0.7101552249966114
0.9999442022311148 0.001883342781745467 0.010394491057567729 76.13595992459202 -0.002078122469795314 0.9998218585945408 0.018759863633794224 0.3879250058921078 -0.010357308114560466 -0.018780417900687688 0.9997699845825018 0.7075163796457671
0.9999393463882235 0.002194189974595114 0.010793010471956289 77.50423302590627 -0.002401649499766866 0.9998118863600834 0.01924640155384825 0.3921796588789712 -0.010748749898134263 -0.01927115521828126 0.9997565138333335 0.7153488028132222
0.9999353695878094 0.0023158256047384196 0.011130750157094041 78.9160121891652 -0.0025229828404483663 0.999823200032355 0.018633390315460577 0.3919298702794488 -0.011085630558430771 -0.018660268723411647 0.9997644238350814 0.7357545976090035
0.9999498038890953 0.0017795293297590044 0.009860171272568257 80.2879487087083 -0.0019544102470678538 0.9998404585150875 0.01775493725490328 0.38560193539310267 -0.00982700273460881 -0.017773316845876682 0.999793748342902 0.7315396833812291
0.999947720182313 0.0016896687215818041 0.010084737071731317 81.68332144828774 -0.0018660794185119574 0.9998449618140272 0.017509142831974637 0.3949791520189425 -0.010053588901404805 -0.017527046377470188 0.9997958431577337 0.7506999263826021
0.9999423608531196 0.001324394172586481 0.010654621136627474 83.06188286290032 -0.0015020928314355344 0.9998596272473169 0.016687405969240933 0.4050004903573793 -0.010631024814908484 -0.01670244835142821 0.9998039855543949 0.7517062752723975
0.9999514594554173 0.0010237180221760501 0.009799527253499451 84.43214381492555 -0.0011908806647182725 0.9998536282365688 0.017067627410154808 0.4148797702935692 -0.009780620441639002 -0.017078469005755156 0.9998063139229498 0.7545332576334899
0.9999505488555548 0.00025411210429451944 0.009941592956516804 85.83582716922935 -0.0004155605237007204 0.9998680199113981 0.016240999597043237 0.42062345300777926 -0.009936153829614108 -0.01624432779460166 0.9998186808924785 0.7464222724566745
0.9999458590167548 -0.0008327592278540943 0.010372345314004765 87.18681735730529 0.0006604774746178055 0.9998619577475503 0.016602084770944384 0.4277329925529256 -0.010384739031389053 -0.016594335217312108 0.99980837425676 0.7583203172259646
0.9999320919289381 -0.0019346374203599824 0.01149211506509645 88.58072051295656 0.0017600328128431456 0.9998831649851236 0.015184158318111152 0.4336993727148115 -0.011520148224540748 -0.015162900691605532 0.9998186698734431 0.7566025990223134
0.999918947102859 -0.0030063505952443877 0.012371785675814779 89.96103754037505 0.0028475036409535996 0.9999135465629799 0.01283709947215855 0.43594329373391577 -0.012409308914060363 -0.012800830283298464 0.9998410612674064 0.7780134281065455
0.9999112777695824 -0.0039857264182399585 0.012710254683510771 91.33689491576857 0.003832801189268401 0.9999202504265361 0.012033387801303435 0.4413686623466283 -0.012757202837781728 -0.01198360429303136 0.9998468117686347 0.7808760413744834
0.9999143790982582 -0.004293924686168981 0.012361095555583295 92.71333456971993 0.00415722350563798 0.9999301555777514 0.01106351928536316 0.45468194414519725 -0.012407738120581189 -0.0110111841798664 0.9998623914607889 0.7916111610852149
0.9999132118001502 -0.004458675389993285 0.01239714004415821 94.03507794146356 0.004342224169870292 0.9999463488277215 0.009404496550435988 0.46499245252873617 -0.012438406520386648 -0.009349849189972873 0.9998789258522046 0.8048388433194495
0.9999164884430447 -0.004879996310797557 0.011966694436527902 95.40801001170915 0.004775114277566048 0.9999500759937766 0.008777459978643395 0.4783451005602187 -0.012008930983514332 -0.00871958462583533 0.9998898711461108 0.7981211881686283
0.9999250676801972 -0.004627220081710853 0.011333483977511796 96.76553277981118 0.0045291738057087185 0.9999522316268092 0.008661469228815112 0.48324288403076593 -0.0113730211197723 -0.00860948888607453 0.9998982603703888 0.8002458254712638
0.9999319943155353 -0.0044008002718178415 0.010799986163141264 98.10519369989288 0.004296227463841599 0.9999438520764448 0.009686853157769655 0.5011636723689583 -0.01084200967235355 -0.009639795199527155 0.9998947570493486 0.8096621680922886
0.9999316935303108 -0.00410434369823812 0.010943611671271135 99.47246185912363 0.0039801422029958015 0.9999276999768915 0.0113469505580889 0.5225915481831075 -0.010989392232911722 -0.011302618357288515 0.9998757343173305 0.8096829070661513
0.9999170219455767 -0.004141606115932498 0.012198209797731417 100.81778964194628 0.003999474478836777 0.9999240997517527 0.011653280205164585 0.5222967103907584 -0.012245547247147982 -0.011603526809871988 0.9998576922433464 0.8130469674845601
0.9998939223243337 -0.0038439226831611236 0.014048784903516305 102.1355377532581 0.003677759288792238 0.999923208088308 0.011834357312499816 0.5534520286346538 -0.014093196424980766 -0.01178143390220795 0.9998312755809026 0.8184404325104431
0.9999064450924088 -0.003766742229481268 0.013149627965784085 103.48568802584933 0.0036168357378358303 0.9999284164479761 0.011405282946449966 0.5558239804303257 -0.013191647429620075 -0.011356655881891964 0.9998484919252881 0.8322640708023746
0.9999340988318474 -0.0037486147551935405 0.010851077400801138 104.80965420556339 0.0036255710147578514 0.9999291629283024 0.011336858485547146 0.561494357849353 -0.010892806257249766 -0.01129677002162653 0.9998768572973976 0.8321098778959607
0.9999458191963099 -0.003879662130530903 0.009659549346311205 106.15150752075824 0.0037811044359646385 0.9999408239902392 0.010200576795745033 0.5763224957155715 -0.009698552524228826 -0.010163500355413382 0.9999013158004445 0.8378017604920405
0.999936234327268 -0.0035350731701992515 0.010725228999161765 107.48726002804857 0.003438061434926862 0.9999531358521809 0.009050184139533846 0.5825379609622924 -0.010756719433581583 -0.009012733052251061 0.9999015269665089 0.844733068622416
0.9999157494249343 -0.0029289279602566073 0.012645767393704849 108.80850909982279 0.002854136691604279 0.9999783541458906 0.00592833394989597 0.5922493118987665 -0.012662857328332331 -0.005891741735639644 0.9999024649552589 0.8353248610172296
0.9998992948114457 -0.002154319725902056 0.01402708601570881 110.16848722710363 0.0020927447759401005 0.9999881172982396 0.004402917399326412 0.6070656791826767 -0.014036404627834 -0.004373118891718487 0.999891921747687 0.8554766128899643
0.9999164446768788 -0.0015384720882801108 0.012834982212065324 111.4714253519984 0.0014867469056778586 0.9999907396661716 0.004038584596284489 0.6065830091263641 -0.0128410766055229 -0.0040191647809553754 0.9999094724354174 0.8571765596951155
0.9999441391078892 -0.0007088216155424528 0.010545910852064938 112.81126889191933 0.0006533206720377944 0.9999859247563375 0.005265307333070099 0.6246572692292855 -0.01054949457945021 -0.005258123346740113 0.9999305277382967 0.8599306754909418
0.9999616279755472 0.0003055845392975979 0.008754952574549784 114.16502507719444 -0.0003781014370396749 0.9999656280276371 0.008282499779452819 0.6221297806119843 -0.008752120645682517 -0.008285492223318404 0.99992737286406 0.872659664043815
0.9999658418534949 0.0017348134177037364 0.008081184853535706 115.47617244316358 -0.001826528469094168 0.9999338538872518 0.01135568773521652 0.6376587060608602 -0.008060950315120937 -0.01137006036017019 0.9999028666862714 0.8651885612549219
0.99994029471874 0.0032426396223886058 0.01043514667260543 116.8435910158947 -0.003366402214859391 0.999923947124243 0.011864539755158644 0.6482555289228841 -0.010395880622980552 -0.011898960280346583 0.9998751624129482 0.8776501119904017
0.9999149850689447 0.003911283496321468 0.012438830169417662 118.14123127701404 -0.004065535084520725 0.999914854588759 0.01239979827325982 0.6486031008613834 -0.012389271933763614 -0.012449314605728679 0.9998457483566147 0.8702798840204233
0.9998965731308848 0.00498704784267356 0.013489714412406855 119.50973427270856 -0.005149709570613871 0.9999141296897684 0.0120504663018256 0.6501172039776046 -0.013428459794471593 -0.012118688071239041 0.999836393549955 0.878465547330628
0.9998992104710036 0.00595445900882929 0.012888495543537689 120.82894803904735 -0.00611286408985173 0.9999058375914529 0.012286124008575035 0.6506049133894974 -0.012814124709968306 -0.012363671317503325 0.9998414563516909 0.882363393347329
0.9998917927178852 0.007212676206344704 0.012821082534481956 122.13628929007027 -0.007390123632757261 0.9998768127840938 0.013847213778039205 0.6397730650192672 -0.012719627671678599 -0.013940464793707029 0.9998219214006209 0.8830975953329028
0.9998876580234115 0.008445387532041942 0.012383325962401149 123.51248587409867 -0.00863937563629818 0.9998394797853399 0.015696364266794053 0.6486972023773826 -0.012248776309182285 -0.015801585110822976 0.9998001187171929 0.8799102956160191
0.9998825832772258 0.00971072903475913 0.011854172281323856 124.84680127879591 -0.00990380462607141 0.9998174592026591 0.01633900019793106 0.6528472091993691 -0.01169334480764282 -0.016454483132352437 0.9997962370763639 0.8815952766852999
0.999879885540228 0.010671418604209417 0.011239898444131771 126.17594087853888 -0.01086020478675891 0.9997986899122437 0.016871147019412478 0.640138555262274 -0.011057596667012302 -0.016991188149588148 0.9997944934241312 0.8792205605175363
0.9998744462252795 0.011667142599504032 0.010722386360009823 127.50716551688622 -0.011848194943350564 0.9997856273498298 0.01697997706982222 0.640975689297734 -0.010521979959819752 -0.017104886093457755 0.9997983350703555 0.8889920742832854
0.9998541726434899 0.012526454272527016 0.011606954413654814 128.838083722319 -0.012718086834488726 0.9997815516402978 0.016586116694057802 0.6280235971473516 -0.011396653661175102 -0.016731316238622354 0.9997950686727007 0.8896224487755865
0.9998292064241973 0.01338508605630347 0.012743525902398424 130.20927989902907 -0.013591246623746308 0.9997758927488811 0.016230905501239047 0.6185696455045858 -0.012523417918933064 -0.016401333770245573 0.9997870574548285 0.8974652944700503
0.9998159571806953 0.013754964560837829 0.013373582795208288 131.5367454500869 -0.013945893746482673 0.9998006380955089 0.014289720481002681 0.5995938417281882 -0.013174362013471894 -0.014473597125230045 0.9998084572415832 0.8921504772412104
0.9998121093922874 0.013802057588491927 0.013610625219613133 132.8819602780658 -0.013982934787479863 0.9998139755586332 0.013285022106490886 0.588709320645359 -0.013424732670481826 -0.013472842460476501 0.9998191131743588 0.9011974011367413
0.9998048881045956 0.01365949711849892 0.014268982466417477 134.20810775237675 -0.013813676932011396 0.9998466567130072 0.0107631496059398 0.5751121828023643 -0.014119775202715727 -0.010958156701359289 0.9998402626169508 0.8853703263806865
0.999810085110544 0.013096050827388602 0.014432157287575298 135.54693121551585 -0.013236143684000145 0.9998657875508699 0.009654604375910253 0.5554191905651159 -0.014303783122774251 -0.009843796930315897 0.9998492393608005 0.9032672777100442
0.999832734560806 0.011896977388535715 0.013891178124173507 136.89025123896707 -0.012026846745630898 0.9998843956190422 0.009303244321195153 0.5457435418851382 -0.013778891755796406 -0.009468755280363533 0.9998602326402539 0.9016967312873363
0.9998252575033192 0.01094378514659348 0.015155461889587881 138.23024999259485 -0.011066223960592932 0.9999066152322466 0.00801869702918767 0.5351788049282719 -0.015066291702856071 -0.008185009557545073 0.999852995431262 0.9056865969368424
0.9998296588062356 0.009814571737295176 0.015630980552095344 139.5714031276337 -0.00992713094098028 0.9999252349067254 0.007139794675670099 0.5115489057290611 -0.01555973787334247 -0.007293749265198379 0.9998523369873019 0.9100555318649866
0.9998369913906904 0.00863300453214425 0.01585754960769153 140.92976954762707 -0.008725783087403082 0.9999451615480652 0.005790907193641405 0.5174002263367944 -0.01580668707617163 -0.0059283327640875785 0.9998574916028354 0.9099532065758709
0.9998524226912974 0.007349484584268788 0.01552797200824073 142.2534507291404 -0.00742805157460155 0.9999598706637599 0.005008104623661231 0.5083700234221108 -0.015490541893302881 -0.0051227081179853525 0.9998668916277755 0.9009767904021492
0.9998675104610067 0.00629222433537951 0.015012309529909408 143.60507329861883 -0.006363474006127573 0.9999686932935475 0.004703044903925756 0.4984592913878722 -0.014982246930346919 -0.004797952241140091 0.9998762483083643 0.8908297847540669
0.999899671345697 0.005786694548626176 0.012929091575506344 144.95333550649494 -0.005818540679194406 0.9999801272199201 0.0024268806309235428 0.49690936813511194 -0.012914791021595701 -0.0025018655905328017 0.9999134706770558 0.8962597741604887
0.9999208984673638 0.004503244358262048 0.011743832358732416 146.26413335370933 -0.004498490388298876 0.9999897887775434 -0.00043119006324643936 0.5021710946334507 -0.01174565419406736 0.0003783264384640279 0.9999309458540923 0.9081220188931586
0.9998826000552247 0.0037396673350341197 0.014859373978297988 147.65923258044833 -0.003586833753036196 0.999940533892777 -0.01029870389205006 0.4966383888373216 -0.014897004075710017 0.010244196720647528 0.9998365544943418 0.8946742489295885
0.9998609492326284 0.0022716605712375963 0.01652034375781312 148.96814670068792 -0.0019968954652304044 0.9998597271699784 -0.016629443528793926 0.47945968495827507 -0.016555802853627268 0.01659414179237626 0.9997252321763447 0.9070300780242604
0.9999085364262966 0.0013896239334449637 0.013453167922272418 150.2648334120912 -0.0011337534224046964 0.9998186825733969 -0.019008329236793287 0.4489370863430806 -0.01347714305772734 0.018991338091897098 0.9997288110745237 0.9059882212965183
0.999943835042059 0.0012882202792843173 0.010519850278957856 151.66926589801653 -0.0011003165324758645 0.9998401041495418 -0.01784812140707463 0.464901508367346 -0.010541160510494531 0.017835543802905366 0.9997853656222153 0.913119013294486
0.9999636385546248 0.0023599875139345035 0.008194634069303167 152.97767624739973 -0.0022372725906045885 0.9998857089296631 -0.014952046334202886 0.4726798937128432 -0.008228984138460857 0.01493316902599357 0.9998546315754556 0.9098033797031598
0.9999584123479976 0.003275749729409124 0.008511347612582976 154.3519481618884 -0.003146660274232393 0.9998804909579255 -0.015136126679456723 0.47683661782227676 -0.008559912592457565 0.015108714884075019 0.9998492159475654 0.9203101501566768
0.9999291421887291 0.0036584231830802064 0.011328130539757245 155.67310952440292 -0.0034475506621097353 0.9998214544674828 -0.018578847675756776 0.4764289231752751 -0.011394077239709506 0.018538476915331732 0.9997632219068249 0.9115913987550741
0.9998912430534235 0.0043126212347041944 0.014103310361954828 157.00864880376002 -0.003929726517151913 0.9996259460756141 -0.02706520241812422 0.47672018057923676 -0.014214756930037074 0.02700683673664175 0.9995341772320245 0.8977712256288923
0.9998725646384374 0.0044023689494336465 0.01534515008029478 158.3652365563143 -0.003957382795018291 0.9995742080661804 -0.028909197330300104 0.45889883980314694 -0.0154658851918473 0.028844786643371107 0.9994642488247046 0.9066677636656199
0.9998681989383383 0.004056368693492183 0.015720388825532526 159.69696334718537 -0.0035854378475327115 0.9995473626958246 -0.029869957537022113 0.4409618643838381 -0.01583443675174306 0.02980965616783395 0.9994301651500772 0.9216013899695649
0.9998581647577459 0.005276301504368653 0.015994092962943993 161.06184922646128 -0.004809593859255416 0.9995655359088214 -0.029079326509048854 0.45185904467019716 -0.01614057539808634 0.02899827694442992 0.9994491391562018 0.904192047742686
0.9998565466652205 0.006363868828014958 0.01569672781950841 162.40047354809155 -0.005936367211138197 0.9996142076519777 -0.027132921048850067 0.4474396180276873 -0.015863342492502423 0.02703584720049341 0.9995085879226437 0.8899680757693825
0.9998743019050452 0.00733119976421103 0.014058232460584104 163.7508713878115 -0.006986794802306761 0.9996780307659567 -0.024393021589985103 0.4566824814631309 -0.014232536256375659 0.02429173344815582 0.9996035947303284 0.8830231810622252
0.9998759450757472 0.007971618492442083 0.01358483557104226 165.09693918104048 -0.007656832495146734 0.9997045666630868 -0.02306842667177647 0.4556382594141726 -0.013764714854386368 0.022961548109411492 0.999641585736306 0.8719731446164856
0.9998566699638348 0.008381238394467902 0.01471034913949849 166.4468208939314 -0.008048761463590225 0.9997140585329288 -0.022517073755751904 0.4614767304811635 -0.014894863803777187 0.02239544629148621 0.9996382280693711 0.8655597592674376
0.9998592036179345 0.007919022430982171 0.014793986083788525 167.77601874843495 -0.0076048416126823365 0.9997468830895786 -0.02117394948323324 0.44350765574258466 -0.014957918456648386 0.021058462346764527 0.9996663452567732 0.8601157437623362
0.999891820777462 0.00758066447142356 0.012604771656142011 169.16502809061322 -0.007350528361824715 0.9998072548742785 -0.018205022207114514 0.44494828420303706 -0.012740348312891408 0.018110401070413066 0.999754818391957 0.8697594264376244
0.9999267079600161 0.006758194543252663 0.01004517370482899 170.57587875017083 -0.006605899595691546 0.9998639002654248 -0.015117639913172096 0.44149628316216577 -0.010145974510922057 0.015050174501587738 0.999835262155069 0.865678415363166
0.9999431433238639 0.006544632335098598 0.008418901780447465 171.9355303195093 -0.006463811600897245 0.9999331082507692 -0.009591567314245255 0.4487968060126491 -0.008481111906969853 0.00953660377461356 0.9999185586482868 0.8641973099049277
0.999928920757572 0.006898175058793074 0.009724639502609747 173.27384008931082 -0.006845405087251259 0.9999617220402267 -0.005449301197016063 0.45414583187844476 -0.009761857496855163 0.005382344768092367 0.9999378663212073 0.8763424358485064
0.9998987720813612 0.007557047331641312 0.012055564101823856 174.6639126830631 -0.007536364977255389 0.9999700521873149 -0.0017600941531656018 0.46133034732639255 -0.012068504178871942 0.001669060851419826 0.9999257799670727 0.8865332443123011
0.9998637903198755 0.007656398290407274 0.014621230194161327 176.04962313613083 -0.007665082325927999 0.9999704781065479 0.000537985407457705 0.46201538024978506 -0.014616679517207474 -0.0006499850617820343 0.9998929593708072 0.8881472868430277
0.9998542278095358 0.006619455057883216 0.015738676759290273 177.45527914606132 -0.006577464246760593 0.9999746736649008 -0.0027182701958314813 0.4475611494261639 -0.015756271623685144 0.0026143533639552082 0.9998724443952883 0.8802860714538971
0.9998617754280007 0.005309796334659434 0.015755510174244293 178.84739558398263 -0.005234521819884983 0.9999747071609371 -0.004815061756139877 0.44706721396018384 -0.015780678669925007 0.004731923634498983 0.9998642803298026 0.873172768832651
0.9999236848882275 0.0032088797872105905 0.011930108551895987 180.18629436450598 -0.0031152315653484117 0.9999642568239299 -0.007860051326788735 0.44347842582342706 -0.011954904091754454 0.007822286435354294 0.9998979408435045 0.8599033042023189
0.999966413527672 0.0016776701695053503 0.008022296392378827 181.6035119686331 -0.0016385328804185645 0.9999867373779854 -0.004882650728028541 0.4619943623912582 -0.008030381473168613 0.0048693419405996 0.9999559002688373 0.8732315395893103
0.9999724310123677 0.0008255195687219873 0.007379412758289569 182.9969841906431 -0.0008173874650548363 0.999999055484707 -0.0011049467977040598 0.47266481955249884 -0.007380317943525267 0.001098884495951368 0.9999721612924617 0.8777714050472906
0.9999636551724663 0.00041843546736884793 0.008515470972321177 184.32298373407403 -0.00043074868401628865 0.9999988643714792 0.0014441991979110016 0.48933549844433577 -0.008514856997743122 -0.0014478147366553354 0.9999626998257466 0.8714418652361429
0.9999310224781213 0.0012293882901880872 0.011680705898652412 185.7730492219889 -0.0012883604215879316 0.9999864565886863 0.005042496071127862 0.4978104375722411 -0.011674348516424831 -0.005057197211420825 0.9999190638962144 0.8836692303480742
0.9999012964215559 0.0013316517625752249 0.013986569203160833 187.14052878192322 -0.0014264643419004599 0.9999760588005118 0.00677104314539561 0.501022929513517 -0.013977217676378344 -0.006790326161441192 0.9998792571389049 0.8886274013402623
0.9998912659783119 0.00167531740893484 0.014650922560302178 188.59338068990473 -0.001743720561855787 0.9999876342539666 0.004657335907709085 0.5105271982659921 -0.0146429388747892 -0.0046823766117640424 0.9998818228622695 0.8774981333363939
0.9998828976847114 0.001493373678523816 0.01523025780087818 190.01316704979473 -0.0015526614905524256 0.9999912608490076 0.0038816836434549693 0.5044728825993396 -0.015224327897174112 -0.003904876524091712 0.9998764782608954 0.8740128465982288
0.9998693734471513 0.0018614776656091271 0.01605524659734525 191.36701579625603 -0.001869915542690926 0.9999981213721025 0.0005105566852873682 0.5149646203516731 -0.0160542660456444 -0.0005405119481816468 0.9998709758706719 0.8726855631368379
0.9998656705380314 0.0021547666790956363 0.016248010958004117 192.8205416934622 -0.0021386198180685274 0.9999972020028137 -0.0010110844760002544 0.5172615469041126 -0.01625014414725381 0.0009762003393276063 0.9998674811434218 0.8684170055645961
0.9998516798789419 0.0024215983201554027 0.017051513271076207 194.17755765716598 -0.0023575081329236585 0.9999900854440571 -0.0037777200784087517 0.505355325971029 -0.01706049233348986 0.0037369606852941805 0.9998474757312614 0.8612643910117371
0.9998223044507851 0.0029152214205139955 0.018624204863325083 195.63093373832737 -0.0027520209026713357 0.9999576466162503 -0.008782445823443879 0.5064788673356249 -0.01864901883941848 0.008729631020830329 0.9997879813433282 0.8497130915636681
0.9998077824471169 0.003198271632811655 0.01934345410575078 197.04293150937792 -0.0029592136436900887 0.999919052630628 -0.012374620837766383 0.49414308713272004 -0.019381465702818575 0.012315000805125263 0.9997363150063022 0.8515253596742705
0.9998773164680415 0.0031460836923286675 0.015344515960732897 198.46260818878815 -0.0029821283996172595 0.9999383477817018 -0.010696146306449108 0.49262463580300714 -0.015377220908750681 0.010649074748617005 0.9998250538389813 0.8442024869550163
0.9999374813953846 0.003467472116459833 0.01063061323614692 199.9037640475291 -0.0034200852754123715 0.9999841496361321 -0.0044725264907701495 0.5167620857413305 -0.010645953097955862 0.004435889270857292 0.9999334910727877 0.8418612813959199
0.99994330049835 0.004518637712572565 0.009642494578119176 201.348499514918 -0.004572066314150685 0.9999742787668782 0.005526121088158129 0.5201320496826736 -0.00961727602211506 -0.005569893884491372 0.9999382402348806 0.8317186555840996
0.9998922637723078 0.00572346348638159 0.013516760485032303 202.77717312823577 -0.0058836540346462515 0.9999125784140254 0.011841374270588538 0.5363516612419896 -0.01344780515512717 -0.01191962646795704 0.9998385264838389 0.8236179380231807
0.99985328458948 0.006690714527057754 0.015768437929792094 204.20341451870095 -0.006907950894026711 0.9998814271914421 0.01376269494141844 0.5332729565324454 -0.015674485958844176 -0.013869603336874764 0.9997809483047794 0.8224728259838414
0.9998516701126322 0.006066945226429285 0.0161192415640242 205.698249233169 -0.006294734695935886 0.999880513968458 0.014118572919383404 0.523248861459276 -0.016031658931240998 -0.014217945062197715 0.9997703916150551 0.820539313743884
0.999851329321227 0.004916528592113199 0.016527159501202364 207.12528898648787 -0.005076180261281405 0.9999407274248008 0.009631927694671432 0.518031425499143 -0.016478824245989978 -0.009714390550278226 0.999817022743515 0.8158410764103695
0.9998600590290387 0.003947887823474714 0.016256584517681943 208.5563655067019 -0.004071828364097784 0.9999628446702846 0.00759799267476037 0.5134288158611292 -0.016225984476160603 -0.007663123426230556 0.9998389840204941 0.8103049499857756
0.9998709493146195 0.0033862796436116317 0.01570407039135537 210.03830543212888 -0.0035150453028560302 0.9999603720476775 0.008179168098857725 0.5163363912259579 -0.01567575112076779 -0.008233313090473579 0.9998432294026669 0.8040039343372983
0.9998693496982416 0.003302059244408787 0.015823398458031778 211.5053939016944 -0.003441441879276813 0.9999554493928403 0.008789522589670735 0.5215071603423063 -0.01579366999170198 -0.008842829542018038 0.9998361687566039 0.8004155373550714
0.9998591779143982 0.0029993499270737243 0.016511457850808948 212.9365939256327 -0.0031719663829789346 0.999940490569039 0.010438100872035871 0.5218932592645548 -0.016479167746258582 -0.010489004746138087 0.9998091907008188 0.7904605113122284
0.9998588171893245 0.002719041125778026 0.016581691835317092 214.38272855045642 -0.0028863420730265814 0.999945091009431 0.010073926522374764 0.5375491124528586 -0.016553389930844088 -0.010120364691900034 0.9998117640337607 0.7938531776394404
0.9998687934588593 0.002459236946234634 0.01601087195524604 215.85582887895606 -0.0026282732332640075 0.9999409444985482 0.010545126607235953 0.5364145739700559 -0.01598399346021881 -0.010585823963849118 0.9998162092525157 0.7919605476322273
0.9998770754529314 0.0019979689995793734 0.015551273374542582 217.324418167073 -0.002152393489681997 0.999948482769946 0.009919627429925512 0.5373518732011562 -0.015530653107922145 -0.00995188052378423 0.9998298649710767 0.7800119072122019
0.9998766969986171 0.001440462127621758 0.01563700316539039 218.7885180188057 -0.001592796971646423 0.9999513562275537 0.009733867498748518 0.5331261486191816 -0.015622221255079435 -0.00975757385495832 0.9998303535878086 0.7822670741292396
0.9998806597094336 0.001246739527760581 0.015398440816454551 220.2734947871755 -0.001433716963396263 0.9999253092918057 0.012137557141189522 0.5421743238871044 -0.015382158323746509 -0.012158185647401929 0.9998077653864599 0.7850885783687482
0.9998827982988651 0.0013006110311035571 0.01525444449912583 221.76868958677045 -0.0014484653601698702 0.9999520453598316 0.009685500957083593 0.5538313515893669 -0.015241115908342357 -0.009706461334340695 0.9998367331690877 0.767546644882398
0.9998858334479682 0.0007811836358020526 0.01509005706381236 223.25058084887704 -0.0009576382702293626 0.9999312139369754 0.011689752925967058 0.554099023896474 -0.01507988723450379 -0.011702869163325648 0.999817803329357 0.768874922669798
0.9998841040265771 0.0004107637787837404 0.015218731487451842 224.7358023683447 -0.0005715626229542786 0.9999440465212031 0.010563008234878957 0.5578854784037954 -0.01521354104530436 -0.010570482482844307 0.9998283918097859 0.7577169213426224
