1.0 0.0 0.0 0.0 0.0 1.0 0.0 0.0 0.0 0.0 1.0 0.0
0.9999996455276532 -0.0005194158060619508 0.000662685286052596 1.32600173478507 0.0005195134428263683 0.9999998542231683 -0.00014717141320539658 -0.001699158590319379 -0.0006626087462902152 0.00014751563495166793 0.9999997695943669 0.013984645724321862
0.9999993187374615 -0.0005913312286548323 0.0010064054803985089 2.6273249786803374 0.0005919553092073567 0.9999996326417552 -0.00061992359749768 0.007258195375562758 -0.0010060385305045777 0.0006205189222342935 0.9999993014211271 0.020786302808390986
0.9999990372546297 -0.0011398721911309 0.0007913161198397334 3.9534394602339074 0.00114095083264634 0.9999984188833207 -0.0013639875571602135 0.0032774897620859683 -0.0007897600971911623 0.0013648890967733252 0.9999987566775983 0.04969459411101906
0.9999995769013319 -0.0005694262473535764 0.0007224616986137304 5.268208331773659 0.0005709765303143009 0.9999975312286442 -0.0021474455566305828 0.014554150065977607 -0.0007212371031562749 0.002147857156723188 0.9999974332600436 0.055457529943348564
0.9999989360854094 -0.0009298303843966491 0.0011239410597236512 6.592501730264206 0.0009324041702852545 0.9999969395581371 -0.0022916144576754847 0.008319527240663963 -0.0011218068072153112 0.0022926599869246686 0.9999967426245305 0.06269018834035252
0.9999977621824137 -0.00071397180815586 0.001991450331328772 7.9283071811320385 0.0007207281397600271 0.9999939805813832 -0.0033940170813825704 0.014113525324335713 -0.0019890151114430664 0.00339544478048418 0.9999922573568403 0.09305863962339513
0.9999974710457807 -0.0005327281906640827 0.002184972017618297 9.245462646628319 0.0005406080302568119 0.9999933472670589 -0.0036073764124194122 0.030044551010887422 -0.0021830357304737473 0.0036085485029482244 0.999991106326802 0.10314122844677599
0.9999982358675799 -0.0010663090430901587 0.0015463656594741917 10.576802323785904 0.0010713762474342454 0.9999940477456047 -0.003279729607373162 0.02696731315317107 -0.001542859249773166 0.0032813805609332412 0.9999934260418664 0.1181262861330619
0.999999159819267 -0.0009160703609174458 -0.0009171563956273293 11.89597410644704 0.0009153273636266332 0.9999992528740199 -0.0008102019620694293 0.046596146963274736 0.0009178979123997674 0.0008093617830077081 0.999999251198183 0.12661480065009037
0.9999976393424852 -0.0010518790259924765 -0.001901278509758427 13.239098883465411 0.0010569319416038063 0.9999959073810265 0.0026585928737504045 0.04190545234703681 0.0018984742104673727 -0.002660596119710007 0.9999946584977142 0.15253768302223403
0.9999979590951074 -0.0007963011554418622 -0.0018568010366772692 14.576479043030037 0.0008064009488157425 0.9999848509392542 0.005444961846265614 0.06804503159551653 0.0018524370784760535 -0.005446448059734081 0.9999834522032867 0.16189361541937966
0.9999990775588126 -0.0003908314575856826 -0.0013008198552226765 15.924147576256008 0.0003982899208571823 0.9999834562061342 0.0057383516076981765 0.08292185255049851 0.0012985556064041592 -0.005738864417843491 0.9999826894444377 0.18433327540181318
0.999999033899853 -0.0003676567863810418 0.0013405326732090635 17.27309992530685 0.0003621572534311297 0.9999915275991217 0.004100435598670931 0.06821221690089432 -0.0013420288686538354 -0.004099946153608432 0.9999906946567318 0.20460944013265928
0.9999941180145538 -5.28097710264642e-05 0.0034294529334033784 18.632026930435195 5.408374533780483e-05 0.9999999295727054 -0.00037138865455226157 0.08508318588408925 -0.0034294330789264773 0.0003715719477086988 0.9999940504438238 0.22562488548824494
0.9999986932662924 -0.0005134101355158703 0.0015329304420812317 19.97317350896098 0.0005169711730454672 0.9999971669605147 -0.00232353432311619 0.07013627266810252 -0.0015317331731570542 0.0023243237677244093 0.9999961256487492 0.25379192320477156
0.9999995010006567 -0.00021447987541642536 -0.0009757032441377715 21.322452859656458 0.00021150381779771752 0.9999953286652056 -0.003049248088027502 0.08350547077983846 0.0009763526886512922 0.003049040201493536 0.9999948750315059 0.24471412593707237
0.9999980511890632 6.352813230754993e-05 -0.001973216220374874 22.674539275841436 -6.565880355193178e-05 0.9999994149141251 -0.0010797501232761343 0.08922541381806359 0.0019731464713652453 0.0010798775780634642 0.9999974702755098 0.2938503759290916
0.9999993904816298 0.0006493959579211555 -0.0008929284734466489 24.04384217022188 -0.0006482417587796224 0.9999989548941268 0.0012922821968144754 0.09364592323851673 0.0008937667430769619 -0.0012917025756206454 0.9999987663419715 0.2840627819039279
0.9999935901422772 0.0015148247353115492 0.0032442226157639613 25.438372829284127 -0.0015192253266490627 0.9999979287687988 0.0013544048581088587 0.10412610273687968 -0.0032421642102481653 -0.0013593248817295753 0.9999938202844554 0.2986691934433846
0.9999896620090906 0.0017265150760210604 0.004206544976230086 26.807053607761578 -0.0017253758659130146 0.9999984738813299 -0.00027443238279734397 0.09702665298819659 -0.004207012368189508 0.00026717167453700033 0.9999911147936417 0.3150932691173098
0.9999929711303243 0.0016970037298538652 0.0033433319140320486 28.17628432229467 -0.0016838586421497976 0.9999908573333661 -0.003930632233216864 0.09982825111268104 -0.003349971644623365 0.003924974906978135 0.9999866860423492 0.33966519231728837
0.9999984207057989 0.0015760384726440653 0.000821394327352989 29.53451269787569 -0.0015722871884128501 0.9999884227356528 -0.004547780520073835 0.10993568701374572 -0.0008285522949185054 0.004546481870012899 0.9999893214448344 0.34262350367942146
0.999996757939318 0.0023209360268548677 -0.0010475527730363563 30.92407573223506 -0.0023255858254314634 0.9999873519512202 -0.004459550218906832 0.10924879655217844 0.001037189192771154 0.004461971934654773 0.9999895074674697 0.3816485263540016
0.9999935505813857 0.0026916240641747203 -0.002377804771320728 32.31009386121765 -0.002696408893430942 0.9999943418490841 -0.002011379848910387 0.11631492563570106 0.00237237743893896 0.002017778410611981 0.9999951501860261 0.3740260187548687
0.9999856654103305 0.0031839182865652975 -0.004304838928784534 33.69155987845532 -0.0031847266064604094 0.9999949123777739 -0.00018092819088577283 0.11667044288490674 0.004304240966814804 0.0001946353324274235 0.9999907177703135 0.4125953495647354
0.9999851630589072 0.0034437326083010212 -0.004220707022945367 35.08514601890622 -0.0034428160183288376 0.9999940483109807 0.00022441140783817967 0.13082242571603658 0.004221454715492571 -0.0002098769605120717 0.9999910675959793 0.41932014752334645
0.9999922547198722 0.0029238685701111567 -0.0026346712984609746 36.47652975260201 -0.0029241004473723963 0.9999957212674949 -8.416220109657891e-05 0.1248751160056291 0.0026344139461926723 9.186559275926419e-05 0.9999965257059011 0.45465458707775885
0.9999948139257989 0.0028229012377730127 -0.0015502742043394862 37.87700202512571 -0.0028209246021059617 0.9999952074331305 0.0012757331850513957 0.1377959793192506 0.0015538680433338458 -0.0012713533623614057 0.999997984575335 0.4671150132502319
0.9999967140342286 0.0023266058499201306 -0.0010764877910348824 39.27363251893963 -0.002323050859791697 0.9999918832320227 0.0032919454393242763 0.1329420713717517 0.001084138112950002 -0.003289433886215723 0.9999940021166428 0.4840313077083902
0.9999952488061215 0.0028500519027865197 -0.001174550694874615 40.67032542221312 -0.0028443469344861497 0.9999842877152795 0.004830529275498402 0.14733107792718816 0.0011882994991527784 -0.004827165495048912 0.9999876431324458 0.4985574836404195
0.999995547483035 0.0028846122948338747 -0.0007642159469771149 42.09583160636692 -0.0028780968720150514 0.9999606296358976 0.008393791549372033 0.1580949288987188 0.0007883986938206211 -0.008391554688346221 0.9999644794878526 0.5287279051428976
0.9999965114843173 0.002544177627331924 -0.000710055910647555 43.48616035579773 -0.0025373799212153577 0.9999524531229929 0.00941558263966352 0.15752495566667066 0.00073397706440663 -0.009413748111645205 0.9999554203184057 0.5467762663331824
0.9999974432006751 0.0021089545869758895 -0.0008160285919194134 44.913590503261915 -0.0021018612524513363 0.9999608287392975 0.008597858238699114 0.16549700044383478 0.0008341291196213716 -0.008596121076822725 0.9999627047700551 0.5663349870039082
0.9999983046939885 0.0012015345375386553 -0.0013953221506326826 46.308912234117635 -0.001190239095382768 0.99996674455016 0.008068031026908116 0.15309855942772493 0.0014049697664956548 -0.00806635658215228 0.9999664794139076 0.592587481712779
0.9999994216074669 0.00035699485285796856 -0.0010145636533732193 47.74402397865598 -0.00034920963304094227 0.9999705754213736 0.0076633115608896515 0.1654356028843356 0.0010172695630483136 -0.007662952833086374 0.9999701217119009 0.6144139086528408
0.99999970640491 -0.0007125885112874423 -0.00028179373233706086 49.14248276643957 0.0007147619545164928 0.9999694058758981 0.007789507529473527 0.1664076618280705 0.00027623439753055273 -0.007789706657951258 0.9999696216209474 0.6328142975403572
0.9999985492546087 -0.001678178661015279 -0.00029189905705326297 50.56757819103845 0.001680630808415861 0.9999614888821641 0.008613723506778833 0.17732637428012057 0.0002774324487133187 -0.008614201585007386 0.9999628585914024 0.6532752087593606
0.9999961458799613 -0.002776190987529403 -3.144556770919245e-05 52.01879292230322 0.002776359018833996 0.9999588619458373 0.00863517495968044 0.1863602486550184 7.471379200920441e-06 -0.008635228982865104 0.9999627156872359 0.6665158703941374
0.9999921483467838 -0.0038586007386887436 0.0009024661341923715 53.42606567156798 0.0038503715169499637 0.999952542270134 0.008949181341186718 0.1991291005457654 -0.0009369546229321243 -0.008945636245420151 0.9999595480359189 0.6926713122208531
0.9999879023895681 -0.004648708538039956 0.001607663969821523 54.881023797510906 0.004636002926057698 0.9999586877944315 0.007818579238460912 0.2105887765031378 -0.001643943849738292 -0.007811031517466944 0.9999681421101635 0.7138317571349815
0.9999839562095952 -0.005212512797206807 0.002217438554999049 56.27900350178243 0.005201465546785104 0.9999741766087296 0.004958918416241661 0.21174393463223204 -0.0022432297189205887 -0.0049473049261480155 0.9999852459383567 0.7189660991051378
0.9999829431177967 -0.005580642334999647 0.0017233411148321483 57.71069323875788 0.005574733053569866 0.9999786300311604 0.0034149425156377983 0.23179593627792802 -0.001742361859860583 -0.0034052771006901476 0.9999926841047473 0.7420539084804519
0.9999828789570215 -0.005581391692908553 0.0017577996464721204 59.15837461532848 0.00557783674651288 0.9999824018273673 0.0020208346786989755 0.2449500319573651 -0.0017690477822989207 -0.0020109953604404893 0.9999964131773694 0.7569753601598102
0.9999831196995043 -0.005358989684529211 0.0022453386399703752 60.56188110940811 0.005355241829011728 0.9999842629904088 0.0016718721487681578 0.24661309924360397 -0.0022542628506537626 -0.0016598195956588305 0.9999960816412783 0.7835261321214476
0.9999837518247784 -0.00472313960760888 0.0031918707190351325 62.01676472626744 0.004724294535383222 0.9999887776609966 -0.00035439132168597 0.2654851930219214 -0.0031901610590918204 0.00036946490086926564 0.9999948431707555 0.79746258171483
0.9999867893958977 -0.004346345240259123 0.0027441422589175872 63.4178018302435 0.0043537278967696385 0.9999869040793625 -0.002690115828813325 0.27395111003257605 -0.0027324141497200387 0.0027020275394634753 0.9999926164527868 0.8117868479944781
0.9999908962815813 -0.003932741096957616 0.0016555667983741342 64.8314417133258 0.003938425796176364 0.9999863118571453 -0.0034445465002274347 0.2793948638991827 -0.0016419976271574667 0.0034510354690320266 0.9999926970723255 0.8345246548024438
0.9999936904438853 -0.0031563695626575148 0.0016298477238227487 66.28839282418622 0.0031616461618484376 0.999989736553363 -0.003245116559243703 0.2891484052193827 -0.001619588208832736 0.0032502490857990946 0.9999934063857192 0.8580083671217712
0.9999956908057692 -0.002550272438751348 0.0014541252974035212 67.65156292855922 0.002552212872538475 0.9999958531270118 -0.0013341432581455573 0.3012817469911114 -0.001450716838550009 0.0013378487463654432 0.9999980527887973 0.8799468469858274
0.9999945897967041 -0.0019429324574924388 0.0026543155025390477 69.12302417701112 0.0019394447510303287 0.9999972534524971 0.0013159185081288909 0.3182213266584521 -0.002656864953116291 -0.0013107634904732633 0.9999956114742169 0.8978509651385107
0.9999922577751517 -0.0011035001980658817 0.0037771255032411893 70.48010149191497 0.0010862036352345071 0.9999889296736063 0.004578284820544687 0.3326412910243543 -0.003782135827435312 -0.0045741466469818295 0.9999823861603936 0.9168677349055409
0.9999895219007531 -0.0002368862523348066 0.004571648893651693 71.93553785486523 0.0001969284606660359 0.9999617964144812 0.0087388174660577 0.35240956409324653 -0.0045735443459915944 -0.008737825612081657 0.9999513653651801 0.9386122048291952
0.9999919817396276 0.00018320372574010172 0.004000361589570999 73.29533415417765 -0.0002325155660102474 0.9999239573259177 0.01232986221285397 0.35727160737927094 -0.003997798514683175 -0.012330693495147633 0.9999159822729932 0.9440534865466969
0.9999936029129661 0.0008528740869352662 0.0034737211944594407 74.69744719231976 -0.0009087256503304262 0.9998698352372682 0.016108593988631455 0.37038708577574864 -0.0034595304359745023 -0.016111647600105222 0.999864214011469 0.9608509725774708
0.9999926187008409 0.0016577197945581072 0.0034661951643673093 76.14143833810196 -0.001719756854753329 0.9998370110421841 0.017972027893135692 0.3846917970203651 -0.003435837626443082 -0.01797785624911515 0.9998324818210753 0.9794764902172061
0.9999906978037901 0.0019612574857218817 0.0038415849546332365 77.51444688407611 -0.0020300572456707004 0.9998361428178785 0.017987951040802867 0.3861767917307697 -0.0038056764797161162 -0.017995582350724883 0.9998308236108697 0.9958171732586383
0.9999907949158248 0.00200674012062448 0.003792502828647502 78.9217456431978 -0.0020708937408400324 0.9998535425352584 0.01698837481362892 0.38907755158311025 -0.0037578561349754774 -0.016996072304578724 0.9998484945447917 1.0215722266343783
0.9999947330172315 0.0018406924364747228 0.002673160891190612 80.30070767099826 -0.0018833990603445124 0.9998692171715252 0.016062420763406613 0.3919833294488265 -0.0026432453112376175 -0.01606737079162385 0.9998674176359929 1.0342040415798033
0.9999951739882266 0.0015739391721457056 0.00267856598552114 81.6789823880781 -0.00161598440760741 0.9998743742282669 0.015767826610727308 0.39491733566767073 -0.002653411888639846 -0.01577207903587779 0.9998720922839256 1.0617479047167522
0.9999948765186099 0.0011670750291143778 0.0029807503093275266 83.0855690533833 -0.0012119061340612372 0.9998855113737689 0.015082951579151191 0.4014824931398742 -0.0029628061111661047 -0.015086486691513445 0.9998818028643458 1.0711641572445023
0.9999971633513862 0.0009477806875018238 0.002185177555596347 84.44298340603501 -0.000980440612124473 0.99988710578986 0.014993812436585222 0.4153348395338291 -0.002170720015842772 -0.014995912341228167 0.9998851987041648 1.0904087287755055
0.9999970136058718 0.0001309239581380872 0.002440417639483069 85.85506496176039 -0.00016881730145266023 0.9998793310476726 0.015533668091527226 0.41759403521934485 -0.0024380894275323247 -0.015534033686592362 0.9998763671161387 1.1044035841926496
0.9999944582506749 -0.0010725628105903587 0.0031516784348195664 87.2052130691391 0.0010271774186140646 0.9998962632956486 0.014366890893636486 0.4285346345227372 -0.0031667608829618866 -0.014363573943009593 0.9998918238335055 1.129263778177003
0.9999878612726315 -0.002233781508039239 0.004391756774063658 88.59220538842698 0.0021756495579134585 0.9999105472831759 0.013197120173005238 0.4314499061725243 -0.004420843402490419 -0.013187405053077455 0.9999032695674 1.1508063747243376
0.999983444352239 -0.0033163830049399022 0.004702406319860546 89.96876279297892 0.0032635776278306067 0.999932030687664 0.01119299182130542 0.43290006091811156 -0.004739206948387268 -0.011177459846012969 0.9999262994385592 1.167264683533687
0.9999785671222543 -0.004233356209692841 0.004994395992020195 91.34098303603272 0.004186667532039124 0.9999477854345397 0.009321921450872517 0.4432945946572561 -0.005033598225864053 -0.00930081177972777 0.999944077330897 1.1839607690951797
0.9999801320905792 -0.004615572477442615 0.004293240595751805 92.72324681126182 0.0045781311154594 0.9999517583181559 0.008690325190595026 0.45606900598342615 -0.004333144308374641 -0.008670497513643738 0.999953022063171 1.2003224892001447
0.9999792695908252 -0.004916882241839995 0.004157482125012929 94.06475838328817 0.004886728250046964 0.9999619064214924 0.0072322605666995995 0.46557242952691136 -0.004192883925189971 -0.0072117941536294266 0.9999652042693663 1.220969246392034
0.9999809338021369 -0.004982800913963309 0.0036474274849663214 95.44442576612958 0.0049568790000135195 0.9999626382171457 0.007081773816285106 0.48662077823898464 -0.003682578279616918 -0.007063558937080001 0.9999682718728415 1.233334238820865
0.9999849282924314 -0.004777385459226319 0.002705508483570399 96.80066530322124 0.004760352912008063 0.9999690292807545 0.006267337509549045 0.48995152026795624 -0.0027353661791129215 -0.00625436387488264 0.9999767000807502 1.2429876765020473
0.999986480321281 -0.004728581496934842 0.0021632595043492918 98.12797312014408 0.004712233928289382 0.9999607670993002 0.007500607547674286 0.5078318855152171 -0.0021986418674696724 -0.0074903123570379555 0.9999695301331598 1.2643146215587426
0.9999878533636274 -0.004405638615682191 0.002209858274312772 99.48748956692735 0.004386385637179189 0.999953029860972 0.008642782706045314 0.5271090933255539 -0.002247831454199099 -0.00863298443471189 0.9999602086250751 1.2750394974112589
0.9999834657393247 -0.004416971502218923 0.00368220188438657 100.80770805243684 0.0043846280063099125 0.9999521399764995 0.00874601587384149 0.5298188914689385 -0.003720656556990562 -0.008729726179427993 0.999954973284106 1.299703905675333
0.9999783363604645 -0.00425578324043105 0.00502146579874439 102.14884787690654 0.004210496529257178 0.9999506797299564 0.008994988970267653 0.5518580736286499 -0.005059498862002709 -0.00897365124175158 0.9999469361194406 1.3147552732497085
0.999983848833961 -0.004041005466273762 0.003996541760006638 103.51285126070566 0.004004587228476376 0.9999507677481555 0.009078841391050599 0.5638773340894018 -0.00403303264894487 -0.009062690257085655 0.9999507999361553 1.3311447843191921
0.9999915226138117 -0.0038659951511567595 0.0014173150678796654 104.82483959348717 0.0038529914333034856 0.9999514834679657 0.00906560352262468 0.571844147450819 -0.0014522938839285487 -0.009060065767187757 0.9999579021392695 1.3439676282468158
0.9999915551726738 -0.004109670108240243 1.3962049507969948e-05 106.14066295328779 0.004109436010161344 0.9999611054493472 0.007803853163526352 0.5905372086770321 -4.6032768535568446e-05 -0.0078037298851848826 0.9999695493768115 1.3601122989110925
0.9999922843026272 -0.003680679377826011 0.0013725649460384784 107.51266280426182 0.0036716248528045467 0.9999718604897411 0.006541972151116652 0.5937163875526923 -0.0013966052247200256 -0.00653688213167135 0.9999776590833631 1.3854778472907934
0.9999899313703967 -0.0032551825977866844 0.0030888418678093493 108.84259485450801 0.0032449633941621704 0.999989264643106 0.003307689693842981 0.5993615659297052 -0.003099575841919785 -0.0032976332111492143 0.9999897590699642 1.3935432329067259
0.9999896156277359 -0.002402267480079186 0.0038726925577756864 110.16895927497582 0.0023937742695739547 0.9999947231565637 0.002196247657692546 0.6140574212488304 -0.0038779480965096566 -0.0021869544992405105 0.9999900893251787 1.4168046135338674
0.9999943044913956 -0.0017986154733094025 0.0028558653940900396 111.49560588234215 0.0017939063302291004 0.9999970286334728 0.0016506436028755995 0.6233854701044418 -0.0028588257813922523 -0.001645511046612016 0.999994559689475 1.434716959349907
0.9999993679634794 -0.0010528525647803756 0.00039442885111110564 112.81807727461042 0.0010517050531725623 0.999995246883919 0.0028982970949998094 0.6361805844103612 -0.00039747845587495675 -0.0028978804403543674 0.9999957221407653 1.4484257977002057
0.9999988675818174 0.0002258981146961767 -0.0014878861261754005 114.17101690462587 -0.00021724762414123636 0.9999830892339058 0.005811544517958552 0.6339735095764708 0.0014891737818312257 -0.005811214697133967 0.999982005910702 1.4759028101070057
0.9999967719200857 0.0015125014530180864 -0.002041687724012856 115.47889687986961 -0.0014950647771588299 0.9999626290487503 0.008515003653741358 0.6518337690619112 0.0020544903795991936 -0.008511923711226966 0.9999616623771205 1.487744145513766
0.9999955956200445 0.002955252918306736 -0.00027426392641828075 116.84674712606773 -0.0029524714984692875 0.9999491651825622 0.00964105610126343 0.662242380187085 0.0003027417434404692 -0.009640203881963379 0.9999534863265145 1.5056334137133622
0.9999900105405951 0.003825950381492486 0.0023110436384327264 118.1384410412274 -0.0038470268014951558 0.9999504137948241 0.009185332674900208 0.6689650964674391 -0.002275786415497031 -0.009194131565208806 0.9999551433644174 1.5247693885116422
0.9999839774188075 0.004725056522896431 0.003117490419725254 119.5082500421401 -0.004752334407971028 0.9999499745572872 0.008801346519458244 0.6662663522429384 -0.0030757476061048163 -0.008816020856157214 0.9999564078263249 1.545621935380127
0.9999810939218305 0.005753399754615521 0.002170297252120632 120.84122797878715 -0.0057739038656483 0.9999376063526463 0.00956271069783051 0.6638299222962878 -0.0021151437419768735 -0.00957506099216817 0.9999519210311798 1.5607246600838307
0.9999725873528255 0.00712119349478364 0.0020280892745580905 122.13960182282246 -0.007143590510526652 0.9999110979392726 0.01125901116867205 0.6594027931690948 -0.0019477313761501996 -0.011273190368667583 0.9999345586194118 1.5778997000607387
0.999965149068459 0.008239023199927066 0.0013487569112738765 123.51096864044396 -0.008255791768997588 0.9998822072797249 0.012938835638966247 0.6654024618347482 -0.0012419946705188216 -0.012949519764697647 0.9999153801132885 1.5883634618659546
0.9999552150840606 0.00944629148204213 0.0005791402476913457 124.83539257898029 -0.009453369004901194 0.9998605882892693 0.013763640517447533 0.6636448015221488 -0.00044904414857680755 -0.013768498940430956 0.9999051088959792 1.6061428918676903
0.9999442225463204 0.010557106774492944 -0.0003151075794580416 126.15556994473594 -0.010551333179046623 0.9998362265190784 0.014703384244273743 0.6550449209447147 0.0004702811706060842 -0.014699239321882022 0.9998918497512511 1.6252497041393914
0.9999350321690605 0.011386304485605087 -0.0005324577175700229 127.50000256230533 -0.011377490163345666 0.9998322339352627 0.014354675252520597 0.6491455852681265 0.0006958150924512867 -0.014347684627961549 0.9998968245710023 1.6455566420337182
0.9999229038942143 0.012414941237346535 0.0002355882742917981 128.83216880970278 -0.012417012423714924 0.9998272031845395 0.013834072959571604 0.6476140769327329 -6.379836252199458e-05 -0.01383593170894803 0.9999042768802994 1.6680999310138507
0.9999117723671982 0.013222785401085905 0.0012670547444204232 130.19490057528228 -0.013237684700897498 0.9998332756756786 0.012577144167190902 0.6378504519158392 -0.0011005386172929967 -0.012592807386739036 0.9999201018165763 1.6854105931355376
0.999906407236302 0.013586232162433421 0.0016096780483252715 131.523050859255 -0.013603456730403042 0.9998444918383944 0.01122221481736501 0.6205010653745863 -0.0014569601143657781 -0.011243061684945712 0.9999357333504858 1.698936222636246
0.9999067645164096 0.01354010426005275 0.0017685731402153687 132.8632011998076 -0.013557472280081065 0.9998559832182361 0.010208220612296473 0.6049274175431877 -0.0016300980646032869 -0.010231246225234853 0.9999463307502949 1.7239156298660159
0.999907094850972 0.013392502592423321 0.002538216106121938 134.19741867845033 -0.013413241882517777 0.99987527396943 0.008337952192140275 0.5930887250242914 -0.002426233478153552 -0.00837122326003079 0.9999620172847767 1.7326170550519904
0.9999157747363144 0.01277629405512598 0.0022824862963436734 135.53574000399553 -0.012792566543211158 0.9998917943168568 0.007262912573753242 0.57557450338799 -0.002189446211615769 -0.007291499710856537 0.9999710197586994 1.7588639107349222
0.9999303702182899 0.01164614676684353 0.001903150177649596 136.88315486423545 -0.011657210328587417 0.9999145902892137 0.0059094478683656875 0.5663503140850062 -0.0018341653329573425 -0.005931221816708336 0.9999807280369418 1.7752668581048177
0.9999398518131223 0.010586905090465497 0.002865344055519323 138.20858722828152 -0.010594645254922062 0.9999402306578337 0.0026997414470364394 0.5543299028147051 -0.002836590889321473 -0.002729936366284888 0.9999922505697545 1.7818534992427721
0.9999500654467269 0.009477176671946664 0.0031701317662208186 139.55952066780696 -0.009483799472178873 0.9999528630968202 0.002080656637595317 0.536824968778511 -0.0031502635854785375 -0.002110617634906826 0.9999928105404264 1.8020318221685865
0.9999612480613486 0.008203098935597323 0.0031955505696235173 140.92630967584387 -0.008206277935917933 0.9999658447908126 0.0009829823165587062 0.5363566024245061 -0.0031873779237306696 -0.0010091678002208911 0.9999944110855432 1.816637960589396
0.9999713803190589 0.0070380314748651 0.0027757261671234714 142.2393193274152 -0.007039345290627577 0.9999751159265589 0.00046383784307581607 0.5339090456544259 -0.0027723925904108745 -0.0004833638631073511 0.9999960400915098 1.8293988733030204
0.9999799650030525 0.005999977282350266 0.002017390667434146 143.59156534464384 -0.006000058459895368 0.9999819989027754 3.4188998537813394e-05 0.5258814853733774 -0.0020171492189740687 -4.629277550238427e-05 0.999997964480932 1.8404093579711853
0.9999866000938729 0.005173941783021499 -0.00017308703780486958 144.9371825622737 -0.005174195790748302 0.999985487619875 -0.0015007489995689327 0.5160748336049327 0.00016531973794528486 0.0015016244758956612 0.9999988588960078 1.8602597704454165
0.9999908611381504 0.0041111961182347355 -0.0011729052212265856 146.2432632243154 -0.004116374051886819 0.9999816400901838 -0.004446903103402487 0.5254520053336982 0.0011546015960156267 0.004451690580387347 0.9999894246171461 1.8992617259781572
0.9999941778065778 0.0029945820688364873 0.0016361024354147752 147.62091211510148 -0.002971444839133534 0.9998980601266686 -0.013965667563460963 0.5142153671885914 -0.0016777569890046233 0.013960724664505134 0.9999011367621939 1.9018770321666192
0.999993562057386 0.0014823596409523603 0.003267790335335414 148.93590916320647 -0.0014083518206699079 0.9997450672851205 -0.022534794967315468 0.5047270967836546 -0.003300361939250255 0.022530047691130314 0.9997407186676479 1.9131604807778124
0.9999997137743168 0.000610767858016241 0.00044655784400209406 150.26166641094332 -0.0006005707893108311 0.9997469089917419 -0.022489047916377104 0.47465739791565625 -0.0004601804118518201 0.022488773289837154 0.9997469896478343 1.9482982535434459
0.9999943611657608 0.000611223682217399 -0.0033021269346159756 151.6444593226717 -0.0006873841525322503 0.9997326369527593 -0.023112380113472414 0.49491159759836745 0.003287117233818595 0.02311451961631658 0.9997274197716086 1.9597178299712983
0.999983150448566 0.001673363992689727 -0.005558657383638305 152.9668516750629 -0.0017793605837344076 0.9998156347884859 -0.019118846942478243 0.4992828768237435 0.005525639770538747 0.019128415654330256 0.9998017658614539 1.9879256601752533
0.999981326177561 0.0024563313239361908 -0.0055958674567240015 154.3366674139404 -0.002562835694199136 0.9998141848859422 -0.01910569480713947 0.5016482520660944 0.005547897743353937 0.019119679319645165 0.9998018097069755 2.011190093180686
0.9999930595297836 0.0029337863878474133 -0.0022964733164357568 155.66038660580915 -0.002987578947330102 0.9997127045764672 -0.023781982264701962 0.5038949111264156 0.0022260422943174685 0.023788678101895652 0.9997145310186644 2.025127363256333
0.999994423044786 0.003336699805506886 0.00014252625477824803 156.99316984541002 -0.0033307503024560658 0.9995229399532322 -0.0307050258047464 0.5025735796989194 -0.00024491171482725907 0.030704379844826435 0.9995284793724473 2.044820294659572
0.9999934515518751 0.0033852441778578287 0.0012794433257596026 158.34686621316695 -0.0033420776142048304 0.9994708343970794 -0.03235555140662243 0.4813501424105224 -0.0013882977303813725 0.03235106352907483 0.9994756031629535 2.07080992605521
0.9999931816230258 0.0033119272715631254 0.0016333539745339333 159.6806195405121 -0.0032531916815204402 0.9993911212704981 -0.034739076982267816 0.4802132239497642 -0.0017474127564875957 0.034733526504582286 0.9993950813793382 2.091540624560522
0.9999892196188434 0.004351104975560913 0.001621274680073164 161.04671019695803 -0.004294191515470789 0.9994263639332313 -0.03359319863348755 0.48180763707472096 -0.0017665121921617087 0.033585874422026596 0.9994342742141591 2.100044652000857
0.999983484348721 0.005594577514671263 0.0013159529717190136 162.39372658948642 -0.005551084114504335 0.9995036477806195 -0.03101037791432131 0.4857825953589603 -0.0014887897585418208 0.0310025607920969 0.9995181962972897 2.1073655253762418
0.9999788439320072 0.00647910147970815 -0.0005770029654354081 163.7372233820605 -0.006492491970929937 0.9996026104382021 -0.027431163904207394 0.4894417233299162 0.00039904437583795075 0.027434329755759004 0.9996235282917456 2.130326793193459
0.9999728566731624 0.007199568390144161 -0.00156592845000022 165.0953119216271 -0.007235453795723981 0.9996793758404853 -0.024265072172728358 0.4877619998914027 0.001390728328907737 0.024275743740891025 0.9997043333608902 2.1440661197444792
0.9999725309053009 0.007405400598150664 -0.00031221279256209925 166.43426662034304 -0.007410802844555541 0.999676865147811 -0.024315535968688122 0.4814638786377501 0.00013204562112064617 0.02431718179037917 0.9997042848931516 2.161220708982759
0.9999729183828321 0.00734535198015857 -0.00045640465521901564 167.76569684347265 -0.007353962764782605 0.9997038960525172 -0.02319567737903015 0.47865150829782 0.0002858890972317773 0.023198405585415572 0.9997308398992794 2.174474782094281
0.9999731331481646 0.0068173616723033945 -0.0026938005999040493 169.15418047687422 -0.00686897065297823 0.9997835663602396 -0.01963765969174702 0.4747083566294222 0.00255934054231917 0.019655635726919404 0.9998035335805526 2.2040120038992925
0.9999640369382319 0.006150419606477143 -0.005839278111073251 170.5397675722884 -0.006236419261680026 0.9998706455649131 -0.014825626880373867 0.4786420189763227 0.005747338948308514 0.014861509891924824 0.9998730437504281 2.227531465471379
0.9999570051459836 0.00598991983446602 -0.0070787512918595395 171.90850562232532 -0.006063706010962158 0.9999270271462226 -0.010448533482264358 0.48307497251579157 0.007015648857230094 0.010491007715851156 0.9999203565425687 2.2464546399691097
0.9999625138002578 0.006361008920106317 -0.005874398674549531 173.2925495620297 -0.0063862292689058475 0.999970428989257 -0.004284532969427592 0.4820114575752901 0.0058469710102062 0.004321887615321528 0.9999735667593651 2.2836955615809442
0.9999687344135845 0.007098618721920293 -0.003484222658603761 174.65225919898353 -0.007103899195391726 0.9999736336810792 -0.0015055095085321308 0.4868242355614523 0.003473443754494659 0.0015302140044355134 0.9999927967908493 2.3100523095238135
0.9999738751573538 0.007049769749256971 -0.0015967934329291162 176.05362380439058 -0.0070526072891989615 0.9999735486283203 -0.001778418991239294 0.487511843674533 0.0015842137511465834 0.0017896340873274099 0.9999971437342329 2.326839255039533
0.999980505686944 0.006200657034895838 -0.0007349138856440821 177.478558752485 -0.006203097557726831 0.9999750940793393 -0.0033664226867522067 0.4840691816004466 0.0007140215494221107 0.003370915803183651 0.9999940635323166 2.3506245828762844
0.999988553914227 0.004723934490526503 -0.0007592650804624664 178.88215108033688 -0.004728102207988301 0.9999732292384651 -0.0055844297745826854 0.4800994378449088 0.0007328642739359811 0.005587955737623875 0.9999841187042074 2.366519197655497
0.999987157837899 0.0025601479491551785 -0.00437376288328274 180.21652369428588 -0.0025894879378886787 0.9999740963634878 -0.00671573929254473 0.47611913043082693 0.004356456300741952 0.006726978854161554 0.9999678840062791 2.3902421017248896
0.9999607461911716 0.0010490279833560079 -0.008798046208415506 181.63190197906937 -0.0010873539030255678 0.9999899365047296 -0.004352533831754864 0.48627379578528596 0.008793391739531083 0.0043619295681076335 0.9999518237556038 2.4212264562921035
0.9999505954474079 0.0005562148713815041 -0.009924580061199692 183.03163749874068 -0.0005564601961393422 0.9999998449349464 -2.1957537644680665e-05 0.5118954187045538 0.009924566309135173 2.7479086609813087e-05 0.9999507499014515 2.444951507490981
0.9999623889786422 0.00022052464067411987 -0.008670178603098648 184.36401174901533 -0.0001972699414243717 0.999996381529011 0.0026829113766353467 0.527415267376388 0.008670738878376195 -0.0026811001039730867 0.9999588141466305 2.4643352898072566
0.9999842410411881 0.0004793631347183911 -0.005593557031441372 185.80001154059022 -0.0004487029043018412 0.9999848768075645 0.005481315705527744 0.5218814243503946 0.005596099979680969 -0.00547871948041392 0.9999693331787092 2.4951253195001737
0.9999949615791777 0.0008789583387974776 -0.0030502866255168225 187.17351412271796 -0.0008629371914581929 0.9999858479523064 0.0052496889917530935 0.531305473768571 0.0030548577156304145 -0.005247030335837 0.9999815680886284 2.519500167269719
0.9999957386961098 0.0010717870029824728 -0.0027154856364875494 188.62651797943698 -0.0010571384432639832 0.999984914215457 0.005390157680148902 0.5377638988649839 0.0027212217722019172 -0.005387264066790549 0.9999817860030957 2.5462444383945417
0.9999975512056994 0.0008884629771121862 -0.0020268734895923356 190.03752668296173 -0.0008810263789230194 0.9999928886212166 0.003666946892808655 0.5331404477643935 0.002030117022280502 -0.0036651521841989327 0.9999912226036498 2.5694714098259896
0.999998345657188 0.0009969595581739812 -0.0015214317356927187 191.38909907867773 -0.0009962095541863351 0.9999993819440399 0.0004936375818546556 0.5391386187852578 0.0015219229320682706 -0.000492121100377731 0.9999987207828875 2.586068892382147
0.9999982465081999 0.0013970353036381357 -0.0012471058037846969 192.85015632908843 -0.001398758760091325 0.9999980665463263 -0.0013821640786065251 0.5432447015245296 0.0012451724605501654 0.0013839060551609516 0.9999982671732857 2.6123849168901048
0.9999983183816745 0.001754094634794082 -0.0005351502924571718 194.2218531223425 -0.001756507991227147 0.9999881376534908 -0.004543042150351412 0.5417099329975976 0.0005271750184573934 0.004543974506453686 0.9999895371363566 2.6324725947150487
0.9999975710260874 0.0020045558006045 0.0009163503519565056 195.6881418950535 -0.0019956757782811896 0.9999520142304615 -0.009590960047403368 0.5360159880501201 -0.0009355319947760885 0.009589108013009797 0.9999535858165626 2.6469675057271687
0.999996548627943 0.002246048905580763 0.0013630834589111584 197.07861161505548 -0.0022272974562826007 0.9999049578926633 -0.013605672629915496 0.5293118566109768 -0.0013935129147068595 0.01360258967935643 0.999906509467646 2.6691087274238723
0.9999919337936017 0.0025568331666134536 -0.003097571934751433 198.49744335532546 -0.0025921686618432856 0.9999309986489148 -0.011457687489743547 0.5389536527007477 0.003068062802716383 0.011465624498568475 0.9999295607419036 2.6899078808026835
0.9999646212013755 0.002797383547561913 -0.007932905575988239 199.92965648676872 -0.0028243112397196763 0.9999902815890513 -0.0033852612116476626 0.5544943769308822 0.00792335860673417 0.0034075464395548626 0.9999628038160476 2.7150276690107114
0.9999519585070512 0.0041667866556228715 -0.008872348442155807 201.35336908584583 -0.004119270724606692 0.999977112854955 0.005367063905520047 0.5714779861847391 0.008894508789691518 -0.005330258458560991 0.9999462365838251 2.7338317039115556
0.999973844175924 0.005632112213978041 -0.00453765093787569 202.81705872393104 -0.0055755469626395885 0.9999077777287493 0.012383428992871825 0.5868797579697449 0.00460697732708174 -0.01235780520817744 0.9999130264229708 2.7608916034974627
0.9999750691511123 0.006534977533860027 -0.0026749102526986597 204.25184432867732 -0.006498422912464098 0.9998883792388644 0.013453607795972001 0.5776855274514726 0.0027625307018763244 -0.013435889688034124 0.9999059182205154 2.780157551601533
0.9999792889591006 0.006070177289917821 -0.002138831578357422 205.71315150491776 -0.006042432013842687 0.9999004808400225 0.012748232475526115 0.5715935168394817 0.002216002754894942 -0.012735044701960636 0.9999164504938548 2.809941314864186
0.9999866861742611 0.0047160269002160865 -0.002094412685280563 207.1494491806723 -0.0046966880930717604 0.999947159174021 0.009144396139787167 0.5665948546588468 0.0021374272329658006 -0.009134437589769537 0.9999559957591846 2.8296919515640817
0.9999906019742816 0.00349162861560216 -0.0025699207623381378 208.5795106820776 -0.0034721263571777113 0.9999654370943025 0.007554399735272754 0.5613956451774026 0.0025962090966985545 -0.007545405649214983 0.9999681627691529 2.8564959316768856
0.9999899127416788 0.003078737438103392 -0.003270441969664409 210.05362608850118 -0.00305378574800499 0.9999664015429895 0.007607245084123154 0.5666655371638553 0.003293752798101804 -0.0075971811188002385 0.999965716428095 2.873698683510273
0.9999901166556562 0.0029833152162776484 -0.0032964255379709976 211.5406856338543 -0.0029527227828187344 0.9999528888436602 0.009246703271242407 0.5714370899259381 0.0033238560701216173 -0.009236878452102101 0.9999518148677395 2.902119332253789
0.9999928309000863 0.002782145357746339 -0.0025686213500337868 212.97975193638598 -0.00275568649401887 0.9999436957801916 0.010247510009666538 0.5752333107831141 0.002596986788214543 -0.010240358229080876 0.9999441938043152 2.9220187787752354
0.9999932336113304 0.002415189482154201 -0.002774813745145088 214.42006804732134 -0.0023870277436664664 0.9999460644615653 0.01010793086532161 0.587240925622056 0.0027990766523839543 -0.010101238913739562 0.9999450635621446 2.9496380563189115
0.9999915758038286 0.002153923365067374 -0.003494128720186792 215.8903336863691 -0.002119492995152869 0.9999494604227933 0.009827733696438815 0.5862901907234599 0.0035151203136329873 -0.009820245124335636 0.9999456018778614 2.9734709757664204
0.9999895497788637 0.0019111044790007712 -0.0041530726860746 217.36844138498935 -0.0018733227306099115 0.9999570009817195 0.009082227127326627 0.5899227138107658 0.004170251192968587 -0.009074352170580039 0.9999501313253936 2.996305673146869
0.9999903428509624 0.0012794824239922712 -0.004204417859976455 218.83797306900098 -0.0012368868741625984 0.9999480450129155 0.01011817106541922 0.5882598228744419 0.0042171454415419925 -0.010112872963468755 0.9999399709406309 3.0239450535929935
0.9999884243460333 0.0011396548542421975 -0.004674650869394998 220.3146981434197 -0.0010885106073317604 0.9999396869176459 0.010928754352536168 0.5946409514466963 0.0046868239347408235 -0.010923539438000587 0.9999293524882401 3.0519656499973737
0.9999879671354982 0.0010445082962112684 -0.004793181264338309 221.80792821030565 -0.0009951574528379815 0.9999465931250454 0.01028691203709703 0.6029641335112982 0.004803670040471032 -0.010282018286020336 0.9999356003533969 3.076801628480333
0.9999868193635469 0.0005958284152277911 -0.005099616424455301 223.27688115082208 -0.0005378352083593601 0.9999352614464367 0.011365898527397817 0.6066567523973512 0.005106058407971474 -0.011363005964359164 0.9999224021207787 3.102321660000708
0.9999863205126969 0.0002665241986856673 -0.005223768020252798 224.76851757401852 -0.00020934810176998221 0.9999401031278844 0.010942866624803605 0.6124831596056325 0.005226371671646227 -0.010941623346079427 0.9999264802562747 3.1272589675853686
