1.0 8.809142651444726e-20 8.673617379884037e-19 -5.551115123125783e-17 -8.809142651444726e-20 1.0 1.7347234759768075e-18 0.0 -8.673617379884037e-19 -1.7347234759768075e-18 1.0 -5.204170427930421e-18
0.9999993011580781 -0.0003480319849955573 0.0011298482609536818 1.3160940844717768 0.0003481171165631284 0.9999999365833229 -7.515200288644408e-05 -0.058402083065748844 -0.0011298220340017183 7.554526988583102e-05 0.9999993588973364 0.018140396604628333
0.9999976844684006 0.0012037922336848642 0.001783799903291163 2.5652097675998258 -0.0012028053760217308 0.9999991230587825 -0.0005542029350592417 -0.11574037075546209 -0.001784465484192614 0.0005520560876714074 0.9999982554569841 0.031373844761168695
0.999998079788125 0.0003668897399309225 0.001925048566042563 3.894519990005444 -0.00036598952511373537 0.999999823530806 -0.000467963700123467 -0.11676274440616392 -0.0019252199174110292 0.00046725825392350615 0.9999980375970714 0.04683318994271285
0.999997801054096 0.0007109788852603092 0.001972915608319957 5.221127776968454 -0.0007094180818332067 0.9999994349666284 -0.000791702222692173 -0.10455334441475748 -0.001973477377120546 0.0007903008597753401 0.9999977404032436 0.04546610207883429
0.9999972088681529 0.0004476110907921662 0.0023198922852900976 6.552692172738567 -0.0004450722477861553 0.9999993016830022 -0.0010947804357154813 -0.10871879049142523 -0.0023203807011348897 0.0010937448603649058 0.9999967097723784 0.048477090723937466
0.9999950246181782 0.0006030191585819234 0.0030963053440428846 7.89339769794015 -0.0005959723015706706 0.9999972316096043 -0.0022763106429801745 -0.09823743847777279 -0.0030976694311895085 0.002274454005243326 0.9999926156242721 0.061722868770580176
0.9999948249510263 0.0005460841167792752 0.003170467363576569 9.222040446741701 -0.0005385545789933056 0.9999970340294279 -0.002375266577220156 -0.08989296523340007 -0.0031717550554146053 0.0023735468153830907 0.9999921530919049 0.06340193161154944
0.9999968420828539 -3.8447003306723025e-05 0.002512836275562166 10.541497954013453 4.423618792718222e-05 0.9999973452022728 -0.002303829760641573 -0.10308397758832837 -0.0025127410291397078 0.002303933643635786 0.9999941889942592 0.07167835686785233
0.9999991905056521 7.817697268130358e-05 0.001269990709224125 11.866036205210577 -7.783446502641766e-05 0.9999999605910026 -0.0002697402257207152 -0.07035711220192246 -0.0012700117466493217 0.0002696411583200861 0.9999991571815494 0.08827946449064046
0.9999997718393075 3.1498916929273736e-05 0.0006747808171095387 13.200592108721136 -3.1904250365525544e-05 0.9999998190787931 0.0006006866904045826 -0.07940855924653094 -0.0006747617740472171 -0.0006007080817276223 0.9999995919230912 0.09084129223731227
0.9999998721284274 0.00018642499623365119 0.000470094511179924 14.529924762282128 -0.00018709793126740087 0.9999989573974457 0.0014318513839499502 -0.05954396496758579 -0.00046982708816932587 -0.001431939154567404 0.9999988644057376 0.09018036836056376
0.9999991501313126 0.0007646642094293611 0.0010559475836921974 15.886312379191308 -0.0007662642786971127 0.9999985577148767 0.0015157200340873934 -0.039655333238596144 -0.0010547870438531246 -0.0015165278808379572 0.9999982937822838 0.10872362430118092
0.9999934173473639 0.0011922307873804886 0.003426929776148012 17.209395338958995 -0.0011937271031386234 0.9999991930592264 0.0004346222491260067 -0.04363300128350238 -0.0034264088407923586 -0.00043871020711305336 0.999994033610106 0.12291141083843052
0.9999839446403959 0.0010666088284739107 0.005565321827246375 18.581610373457483 -0.0010417069815088 0.9999894425478743 -0.00447544850896453 -0.05995027938153888 -0.005570036624518661 0.0044695792194275425 0.999974498451637 0.1461525415819336
0.9999890526063281 0.0011202391478069115 0.004543097153941584 19.9150816683885 -0.0010938849978509926 0.9999825858281098 -0.005799263413437265 -0.0639384547012815 -0.004549514601571008 0.0057942303007971945 0.9999728640378754 0.16241550078836262
0.9999959210046624 0.001110702151743591 0.0026314092739669085 21.287465105538875 -0.0010938905512006799 0.9999790386380129 -0.006381668125001029 -0.07163612547160503 -0.0026384422485627324 0.006378763620465366 0.9999761747147655 0.1483127807990704
0.9999981865572537 0.001359058536232378 0.0013341072292125651 22.638814320242897 -0.0013536071590541279 0.9999907663634068 -0.004078594805241538 -0.04236021771646475 -0.0013396379596371307 0.004076781551846965 0.9999907925687694 0.20648108132726947
0.9999927893281089 0.0022988606646207233 0.003022669587162979 23.99199140267419 -0.0022904860093267516 0.9999935371402727 -0.0027711642908712837 -0.04456195216341355 -0.003029020572656921 0.0027642209265146115 0.9999915920231729 0.18690683741008884
0.9999715568514311 0.002636431468472116 0.0070664501156496185 25.38970641269393 -0.0026179419083403356 0.9999931291627051 -0.0026245013899825133 -0.052747429931208956 -0.00707332088127422 0.0026059271849986033 0.9999715882339942 0.1915041389825948
0.9999621328700876 0.002533638573406497 0.008325473048699095 26.771445623283288 -0.0025091403326302094 0.9999924958329768 -0.002951693162473193 -0.046123009762358017 -0.00833288909661209 0.002930691610110031 0.9999609862419584 0.21188712480289768
0.9999687850549879 0.0028813596151238095 0.007357083825803203 28.132462036177206 -0.002815919890705049 0.9999565208773344 -0.008889710347702667 -0.06212144568855189 -0.0073823783986391 0.008868715897200327 0.9999334209673733 0.21526504036380134
0.9999820055240471 0.002813626143620311 0.005298314451620355 29.484385849596567 -0.002773202977814427 0.9999671113233136 -0.007621392061257725 -0.03970612538533852 -0.005319583945023708 0.007606561616886921 0.9999569201955754 0.24158000952721814
0.999987172313895 0.00331472591036718 0.0038298563680242855 30.895347491998997 -0.003285182961169649 0.9999650000159698 -0.007694564053489554 -0.043025926837080994 -0.0038552276939496483 0.007681883571153201 0.9999630622599153 0.27104861710385736
0.9999904314100277 0.0038878382955811214 0.002005443036814009 32.26481042353104 -0.0038748043648015283 0.9999716091313465 -0.006462725616966884 -0.028317927372400006 -0.002030512132691635 0.0064548930783629435 0.9999771054258322 0.2329575862260872
0.9999886552452922 0.004733245988924892 0.0005345681625706917 33.639068848860546 -0.004730509346180517 0.9999762629689984 -0.0050095688319608395 -0.04175859442703085 -0.0005582669950897661 0.005006983219942038 0.9999873091479697 0.26801586332229765
0.9999873759189671 0.004952717190973109 0.0008476999023819494 35.03543929713348 -0.004948637836319869 0.9999764808647565 -0.004748547241235201 -0.03580394122278757 -0.0008711981767671128 0.004744292335379266 0.999988366284315 0.27138100748476734
0.9999873132532183 0.004534413879593271 0.0021937236331012774 36.42878257548309 -0.004524503114887093 0.9999796309234344 -0.004501845154512286 -0.030701127273759933 -0.002214092178129031 0.004491862531331592 0.9999874604047925 0.29861043231199225
0.9999860694274865 0.00429525959040819 0.0030678487604722093 37.83753144369705 -0.004283052473572858 0.99998292888107 -0.003974595318452124 -0.01949220668210611 -0.0030848683075207334 0.00396140019284174 0.9999873953685803 0.2791052306256563
0.9999865840177651 0.003745750740342568 0.0035778675034648408 39.234214204625424 -0.0037374413300435283 0.9999903098432664 -0.0023263172338573957 -0.026181959923363647 -0.003586546637868953 0.0023129139541458446 0.9999908935146634 0.2904850890306282
0.9999822447238854 0.0042529961618186386 0.004173998158482452 40.62501510399966 -0.004256765709239713 0.999990539742859 0.0008946342729628662 -0.010570168825349483 -0.004170153795257423 -0.000912386120715786 0.999990888642937 0.32502148610627063
0.9999818159380782 0.004166476791033865 0.004359846824526834 42.04729081010131 -0.004184875391245083 0.9999823414509249 0.004219431749153407 -0.007057426442854129 -0.004342189671503523 -0.004237600438430767 0.9999815938962981 0.3385193008600372
0.999981861059978 0.004039243720398897 0.004467892253635411 43.43818276449657 -0.004057672583791358 0.9999832663427293 0.004123387894570513 -8.072112931365908e-05 -0.004451162120797802 -0.004141442344589716 0.9999815176347415 0.33677728901006176
0.9999814652318694 0.003976255576542475 0.0046107032341922115 44.86294887770976 -0.003995949750005942 0.999982899222695 0.004270087559855713 0.009571144845877035 -0.004593645428110783 -0.004288432553208916 0.9999802536890003 0.35590947304625503
0.9999894280672572 0.0026183836812996956 0.0037799233612984327 46.26497687932007 -0.002632724061269705 0.9999893376734386 0.0037938507423205536 -0.01042467066062371 -0.003769949301648198 -0.0038037621291687157 0.9999856593351365 0.37032601681298505
0.9999900339183344 0.0014153070855981833 0.004234261430513752 47.70303197855372 -0.0014285948687136963 0.9999940598417302 0.003136781464355975 -0.012692388248921018 -0.004229796769298223 -0.0031427992470881585 0.9999861157197049 0.3794388217605439
0.9999887979410098 0.00032210499568228215 0.004722313084291528 49.10113809883836 -0.0003387069681592219 0.9999937640716335 0.0035152660547647756 -0.0147476002136382 -0.004721151351528018 -0.0035168261568945423 0.9999826711817051 0.38687540925548836
0.9999873257664068 -0.0006003984228703613 0.00499878268021565 50.528632620305125 0.0005784920686178701 0.999990228898743 0.004382630941133683 -0.008276245922342293 -0.005001365161308999 -0.004379683638512134 0.9999779021147166 0.4028849809037652
0.9999865933892713 -0.001595976592057389 0.004926043081198283 51.98026681179407 0.001576010439596555 0.999990538944175 0.004054406643721623 0.0005518883624221239 -0.004932467213727757 -0.004046588792548144 0.9999796477360575 0.3968858069751323
0.9999781429267878 -0.0027317227121844115 0.006020910206641287 53.39089928779308 0.0027007142648571175 0.9999830800693456 0.005152253631623808 0.0061825829166099145 -0.006034882861522555 -0.005135880260356474 0.99996860096845 0.4248540384788773
0.9999729439980095 -0.0034421635510195666 0.006500983159638113 54.84446333430444 0.003415785532054095 0.9999859068507466 0.004064296875123335 0.02037922365823192 -0.006514881514876221 -0.004041980947278172 0.9999706089225168 0.42990696819011287
0.9999640150186685 -0.003727905734633597 0.007620458423062094 56.23683174640552 0.00372856497266486 0.9999930462635209 -7.230386071766049e-05 0.023150589147175053 -0.0076201358904253655 0.00010071463321646059 0.999970961271163 0.43032628031235876
0.9999600025345858 -0.004351627888104295 0.00781387648703315 57.67295415321052 0.004352747254250997 0.9999905187808026 -0.00012625308685811602 0.04287952436985129 -0.007813252995503665 0.00016025986647863095 0.9999694632309546 0.4536608692203996
0.9999602431590813 -0.0036869050327891883 0.008119041354139087 59.10166859848527 0.0036889525951350885 0.9999931676516689 -0.0002372313897483405 0.07810650224232227 -0.00811811123241564 0.0002671727168510779 0.9999670119002714 0.4736947022597559
0.9999565709398127 -0.0040717289762339706 0.008383153191691438 60.53285316494849 0.004073970914751917 0.9999916700021185 -0.0002503744397413671 0.049319421701359153 -0.008382063903181905 0.00028451628849161483 0.999964829409117 0.48130594323711884
0.9999440030490404 -0.003178258935831306 0.010094029740265397 61.97308487689324 0.003209095851167372 0.9999902292755503 -0.003040239669885176 0.08193680281926624 -0.010084268445384336 0.0030724621346945227 0.9999444322092864 0.5004963353621386
0.9999546588064507 -0.0028531560577385096 0.009085143465289708 63.38528881388113 0.002903638793031128 0.9999803924794317 -0.0055482914884916815 0.0785383464169503 -0.009069135186681858 0.005574419897339502 0.9999433367095226 0.49314916107580054
0.9999639670979062 -0.002175152154423999 0.008205682111968468 64.78691096202499 0.002220458298844748 0.9999823201209386 -0.005516249675974243 0.09993324560356544 -0.008193538354134076 0.005534271284432946 0.9999511176905548 0.501384942016755
0.9999652814183088 -0.0018199921034535097 0.008131641085664141 66.25521462811004 0.0018653856877401311 0.9999827015978773 -0.005578247148225748 0.09187025734549968 -0.00812134805550584 0.005593222126295476 0.9999513786039836 0.5108821561901645
0.9999689335715697 -0.0014048624180662296 0.00775617517362279 67.653239714501 0.0014348537864579396 0.9999915108630997 -0.0038625634424196546 0.09591286797808266 -0.007750682960172267 0.0038735724236852167 0.9999624604705566 0.5114954425957635
0.9999595861059979 -0.00044921408512984986 0.008979106939285886 69.09685543826528 0.0004650966681752569 0.9999983310007854 -0.0017668278731042362 0.12669307922874984 -0.008978298269196857 0.0017709326214305036 0.9999581261022082 0.5187390726602301
0.9999496291475382 0.0002234793169908095 0.010034402059706968 70.44675794715894 -0.00023843692045735838 0.9999988623266929 0.0014894606926381386 0.12715145221253743 -0.010034057780177316 -0.0014917782391590893 0.9999485448172567 0.5297578951159995
0.9999401466075928 0.0011989661616145916 0.010875002645013267 71.90156283418362 -0.0012530156773848276 0.9999868911732211 0.0049646181553517806 0.14482856571781413 -0.01086890767731377 -0.0049779475549189805 0.999928540888819 0.5393690781539461
0.9999396018361315 0.0015430665527992266 0.010881710592193313 73.24590050647508 -0.0016390308781997068 0.9999597997500445 0.008815467181681299 0.15258031783292175 -0.010867670292152212 -0.008832770203318121 0.9999019331479245 0.5486631757197372
0.9999432584793456 0.002058878873761708 0.010451834264461984 74.66587550953071 -0.002187837895184415 0.9999214410144045 0.012342008143774903 0.16058837705694282 -0.010425602479137545 -0.012364174758542875 0.9998692084445282 0.5534121914140976
0.999940983926782 0.0027669827398580553 0.010505830288773435 76.10341972539615 -0.002899360215305286 0.9999163360976125 0.012606130075017237 0.17668204638771964 -0.010470070385679677 -0.012635846297089753 0.999865347441582 0.5464569627987182
0.9999349940461563 0.003229494711701992 0.010935174704620179 77.47819274402016 -0.0033774831737564343 0.9999025995153786 0.013541938184725705 0.1756628614629477 -0.010890375995550766 -0.013577991246684058 0.999848507457195 0.5518235692336438
0.999929912608357 0.0035691149290796613 0.011288546835916971 78.88951473913424 -0.003715507554276509 0.9999089314279244 0.012973968332037044 0.17791599234040845 -0.011241213220012534 -0.013015001701483047 0.9998521114925211 0.5751475720282697
0.9999471570305678 0.0027736731871141687 0.00989898396483376 80.26182632566658 -0.002895190449258109 0.9999203748015331 0.012282586414269216 0.15537522454864974 -0.00986412787566527 -0.012310596809763123 0.9998755663518536 0.5662080029648874
0.9999452430600635 0.002768777357559976 0.01009181616434004 81.66822982948182 -0.0028913739519546284 0.9999219589826255 0.012153843055534849 0.17086520497445312 -0.010057377303279916 -0.012182356762666146 0.9998752118867066 0.5856056523730224
0.9999428186104714 0.0026152359107782536 0.010369187551431817 83.02881087965959 -0.002746708523574397 0.9999157663341656 0.012685260290789103 0.19199814708611251 -0.010335139168502592 -0.012713016065809202 0.9998657730520023 0.5829132522688225
0.9999527831965668 0.0025631724622416823 0.009373447837830123 84.41389428353584 -0.0026787754872190303 0.9999202545167853 0.012341343888575922 0.204524014898928 -0.009341067354900657 -0.01236587053206614 0.9998799076422404 0.5797547644693791
0.999952234503416 0.0017223298528339394 0.00962092986688314 85.79924545783132 -0.0018416940354656131 0.9999212762132705 0.012411669472881368 0.20706064242606845 -0.00959879548199551 -0.012428795432477031 0.9998766864815843 0.5778802881181982
0.9999434656066174 0.0004686296646371112 0.010622898703505145 87.15747603098673 -0.0005974447227312062 0.9999262959624732 0.012126240248812706 0.20996752601970173 -0.010616433037079348 -0.012131901293946746 0.9998700457162236 0.6007775073993047
0.9999331013750556 -0.0005155806199457919 0.011555386237037533 88.5194707217034 0.0003821393763552935 0.9999332558032444 0.011547203480511343 0.21436961446320021 -0.011560568496394063 -0.011542015220386379 0.9998665586670517 0.6017228126050601
0.9999188202097851 -0.001766184570135607 0.012618778955814914 89.9156386341162 0.0016332075049192492 0.9999431128466924 0.010540574164291949 0.2191146828692835 -0.012636677708851242 -0.010519109398198992 0.9998648222204596 0.619734593483796
0.9999116614680635 -0.0028605564833889168 0.012980234080404489 91.29068297531244 0.002734737693471406 0.9999492092242196 0.00970052481085186 0.21201357863590384 -0.01300732370338569 -0.009664170345321292 0.999868698050705 0.6278132712432921
0.9999172040371364 -0.0029125736162465567 0.012534033089390224 92.67012521150258 0.00280306332066658 0.9999578264401369 0.008745751948078853 0.2341128680109962 -0.012558977130973616 -0.008709894146712454 0.9998831980973462 0.6338940328588956
0.9999208593291758 -0.003024299430652953 0.012211825881344637 94.0007738169272 0.0029249452194427404 0.9999625463977265 0.008145581454852717 0.23441128946860224 -0.012236003181831295 -0.008109217886339821 0.9998922546011675 0.6393638710479548
0.9999254351599975 -0.0036317142825377994 0.011659106803674695 95.38676358741884 0.003546354069966014 0.9999668197134541 0.007333678815611199 0.24400409337800666 -0.011685353777268283 -0.007291784660158304 0.9999051366922613 0.632019399006658
0.9999290475815585 -0.0035154567362474225 0.01138162407448842 96.74266664504067 0.00343477216181401 0.9999688898329472 0.007100824350710252 0.2554547571403022 -0.011406232631058744 -0.007061227244522356 0.999910014414781 0.6327422412268594
0.9999388320572293 -0.003067264209128747 0.010626572085830475 98.08917414880769 0.0029822730260095544 0.9999635153701053 0.008004622180932286 0.2745160450380496 -0.010650736670404047 -0.007972441215370303 0.999911497078339 0.6387685666648082
0.9999363820658238 -0.003015127595630407 0.010869260632300893 99.42563089532864 0.002904436172873333 0.999943910011032 0.010185336634928701 0.2868939755736384 -0.010899361065150697 -0.010153119591100256 0.9998890528908396 0.63830848659257
0.9999217014260398 -0.0028581661335343894 0.012182852851728524 100.80846906278101 0.002729290184819953 0.9999402843234165 0.010582001809296132 0.28365765055567727 -0.012212370463624096 -0.010547922712933491 0.9998697911898834 0.6504983083710317
0.9999045387553961 -0.0027540356718176637 0.013539891575520123 102.11928928674345 0.0026135958242720107 0.9999427202851996 0.010379078258807921 0.31326444048228647 -0.013567700366157592 -0.01034269965499662 0.9998544624447203 0.6457976753603433
0.9999134474378867 -0.0027408512827344017 0.012867997790117117 103.47503972718684 0.0026142526685594735 0.9999481215832869 0.009844786693521481 0.30536481203242655 -0.012894313315002683 -0.009810294404447868 0.9998687387891635 0.6564845912156447
0.9999430547008105 -0.0023826255206906136 0.010402425257604863 104.79255707116539 0.0022777308389074716 0.9999465619762039 0.01008390470974819 0.3171428407184794 -0.01042589554126607 -0.01005963655396882 0.9998950466996848 0.6579733121121155
0.9999534395281707 -0.0026578939967758014 0.009276549750996019 106.07290071730633 0.0025778867182103707 0.9999594724256649 0.008626007550084193 0.32056225240430924 -0.009299100808619924 -0.00860169202470875 0.9999197655904513 0.6622842467236637
0.999944164855442 -0.0023853903284956892 0.010294517207394048 107.45086608486096 0.002303558383705747 0.9999657161043369 0.00795363028519166 0.3274823744811797 -0.010313136783998934 -0.00792947217167563 0.9999153777599149 0.6685695166734676
0.9999215820844306 -0.0016776807321248388 0.012410280783696201 108.7864653279825 0.0016278454899605079 0.9999905760958917 0.004024653831990315 0.3365798888690975 -0.012416915914587542 -0.004004136207423038 0.9999148899243386 0.6660466362384626
0.9999057288761346 -0.0009009546266002106 0.013701154748661995 110.13060893420277 0.0008559711276573078 0.9999942258656114 0.0032887001786773974 0.3597513881715055 -0.013704038605994678 -0.003276662356335078 0.9999007264772278 0.6850607759750693
0.9999159809917308 -0.00019990070914029554 0.012961134095867351 111.4455618593676 0.00014778724738571513 0.9999919024869012 0.004021581723357806 0.3627474858807068 -0.012961833059952597 -0.004019328343718711 0.9999079137017525 0.6862837613965508
0.9999480795023868 0.00083807676593691 0.010155585991096146 112.77959560360756 -0.0008955514920015123 0.99998360259052 0.005656194622719763 0.35382488004896223 -0.010150679140497222 -0.00566499580046683 0.9999324334851667 0.6876308002418152
0.9999609260562099 0.0017870785696485196 0.008657523375258486 114.1315441391578 -0.0018626291557574247 0.9999601895476227 0.008726392869370346 0.36157003131089455 -0.008641583965649265 -0.008742177650241285 0.9999244458240314 0.6992574303236303
0.9999630485490149 0.00300869409551122 0.008052906084158649 115.42537949942609 -0.0030988273194441783 0.9999324353850921 0.011203657174466796 0.3854408866927603 -0.008018653615471232 -0.011228197748452368 0.9999048098541765 0.6955392512568094
0.999936933012176 0.004604879796431199 0.010243294404814642 116.80367239247396 -0.004721613078473153 0.9999238562840717 0.011401228176321377 0.38536140441373684 -0.010190013157031667 -0.011448874008031225 0.9998825365590739 0.7062949950908042
0.9999115094913004 0.005105629633877527 0.012284369453526837 118.09017685124049 -0.005254956387220206 0.9999123239148958 0.012154419627472471 0.39240689094428577 -0.012221236443072575 -0.012217897902419471 0.9998506710257531 0.6954978945923452
0.999896729256831 0.006140204397779292 0.012993410308509423 119.45978981386418 -0.0062991845317705245 0.9999053680196281 0.012230097291798508 0.3856911671371332 -0.012917085419183773 -0.012310682169792463 0.9998407853297384 0.7016212859091996
0.9998954220705374 0.0071722396741685885 0.012558021358413848 120.77813867419174 -0.007325206072694431 0.999899020517253 0.012177443271494887 0.3855046708808868 -0.012469413714150999 -0.012268159874007083 0.9998469912816317 0.708827605659652
0.9998868970088254 0.008476285245371917 0.012423597647288932 122.10861051191839 -0.008648731968726495 0.9998660800879857 0.013893211465278018 0.38044246089196676 -0.012304171056831136 -0.013999088467642976 0.9998263013627314 0.7028862249273214
0.999880033914383 0.009687992876074962 0.012085552259016792 123.46249837823157 -0.009870024676585952 0.9998373585722803 0.015094337219269206 0.3769784177370038 -0.01193735281609325 -0.015211811109744691 0.999813032726872 0.696141721758713
0.9998774181323767 0.010811045669190854 0.011325634660844104 124.80074695368926 -0.011007014568856112 0.9997882619592265 0.01738611166506448 0.37776119382399437 -0.011135274545929837 -0.017508641868739322 0.9997847033840331 0.7028074591776
0.9998715101188674 0.01203227990188937 0.010591859750684789 126.12893760149119 -0.012213433683904203 0.9997773353514035 0.017207898049910738 0.3635981695749079 -0.010382451072095717 -0.01733504998578997 0.9997958295330731 0.7002424639649383
0.999863808002729 0.012934184897748977 0.010250478394328792 127.473880344483 -0.013111993467587147 0.9997613514669356 0.017473286477140297 0.3558158605634903 -0.01002202941463011 -0.017605310961102173 0.9997947849195729 0.7101064377588245
0.999846048958854 0.013860960437970067 0.01075881764442582 128.79246835482212 -0.014042868744437225 0.9997565192808235 0.01702057557542705 0.3524202447846522 -0.010520276555085794 -0.017169039904122316 0.99979725337189 0.7042153342216261
0.9998264169747484 0.014694057653207998 0.01145515556946523 130.15999259999904 -0.01489208382199202 0.999737736245762 0.017397832210874552 0.33610433538063145 -0.011196506547812774 -0.017565403379461005 0.9997830238833031 0.7235123576894286
0.9998176091844719 0.015074441007500421 0.011726448437520085 131.470872886509 -0.015252635969848964 0.9997672488762662 0.015257954330547678 0.31793887881927013 -0.01149371396101787 -0.015434030669050736 0.9998148254735418 0.7065513020968892
0.9998130936630207 0.015010894914775908 0.01218403766562004 132.8186569393048 -0.015194265913377159 0.9997705401244296 0.015099714654918273 0.30822557333238415 -0.011954581687925262 -0.015282019930752722 0.999811756203888 0.7296731034188884
0.9998056606258193 0.014908811435394917 0.012898384478414546 134.14161750571625 -0.015095215010797712 0.9997812500128317 0.014477106290881173 0.29653844006713603 -0.012679726509154485 -0.014668996706098258 0.9998120048645592 0.7259951982799857
0.9998129053323888 0.014171504739383714 0.013165211135006688 135.4776288276033 -0.014345958934014401 0.99980926294188 0.01325259211920714 0.2624792722265657 -0.012974890869338807 -0.013438980208190045 0.9998255077851798 0.7365677342295925
0.9998361459461379 0.013176304164389566 0.012412343378294843 136.8109014551968 -0.013345327589754 0.9998179859467253 0.013634412673662312 0.2560910888430542 -0.012230432988874941 -0.013797825408413563 0.9998300038120999 0.7327666362465948
0.9998256551646267 0.01228874405841573 0.014058664377941635 138.14087468248817 -0.012461801376688545 0.9998468302580615 0.012289000339932079 0.24834550748270098 -0.013905494636035659 -0.012462054099290347 0.9998256520146668 0.7584028571980632
0.9998404548586666 0.011034480852014462 0.01404653196846838 139.48206890608563 -0.0112030657692122 0.9998654725633934 0.011980321070516655 0.22443545462350964 -0.013912445701075849 -0.012135773889970333 0.9998295688999731 0.7595603460545968
0.9998503492942998 0.009990689167618609 0.014123213020506406 140.85732812995164 -0.010142798193376764 0.9998908835984179 0.010739857614680359 0.22388189212001783 -0.014014373367190077 -0.010881499286918268 0.999842582766104 0.7546017527830146
0.9998692801205791 0.008596327901067033 0.013694006636934297 142.18097941048973 -0.008756707336965925 0.9998932670922926 0.011695063065926702 0.220581496328847 -0.013592010438849406 -0.011813448697083005 0.9998378366925867 0.7457190433940927
0.9998816212280529 0.0076683550746337896 0.013339410062289357 143.51902986557684 -0.0078263119786442 0.9998993978661426 0.011829750113109922 0.21301114646601446 -0.013247353364861174 -0.011932748106577634 0.9998410459425295 0.7500497666671846
0.9999121799783847 0.00712740002350519 0.011172846538793881 144.8729633523483 -0.007230635082466617 0.9999312895373006 0.00922681529972748 0.1849186839077103 -0.011106315643754376 -0.009306791776762836 0.9998950111784962 0.7458891412166726
0.9999319218921677 0.005825766634413963 0.010109996249124863 146.1827698345019 -0.005888989972937541 0.999963221075596 0.006235085662398334 0.19013184282524112 -0.010073300260322379 -0.006294198856101797 0.999929453352898 0.7673629892656387
0.9999003680938616 0.005123289290082941 0.013153166638123413 147.59386926454732 -0.005103757491767615 0.9999858234336206 -0.001518088024074944 0.18480840007952515 -0.013160757775498617 0.0014508062013016292 0.9999123409660173 0.7763198905732616
0.9998865770095925 0.0037248109510822033 0.014593111368692478 148.9096167484801 -0.0036025586195939856 0.9999582740006157 -0.008394750091699982 0.17414199511571504 -0.014623771313609653 0.00834122539489288 0.9998582745926939 0.7814813700200758
0.9999280093160997 0.002851474902845005 0.01165526816596109 150.21960933778087 -0.0027422281726974876 0.9999522615559191 -0.009378421714320899 0.13617841583033094 -0.011681454095740184 0.009345785150602737 0.9998880937035544 0.7936786942407996
0.999961611587794 0.0023897332913825594 0.008429977789888278 151.61900158396472 -0.0023024211886127155 0.999943767150925 -0.010351878703248324 0.17176522487077003 -0.00845424197738502 0.010332071951578585 0.9999108830699741 0.7816134956933483
0.9999759549014247 0.003510135529376248 0.0059806828664717366 152.9363615705305 -0.003476334262914058 0.9999779802725134 -0.005652793132361673 0.1658450827194525 -0.00600039324347895 0.005631866357629241 0.9999661381078129 0.7993619908415731
0.9999702869492473 0.004463463405466969 0.00628511838137801 154.30390919884925 -0.004419809453176721 0.9999661332679258 -0.006942449250097424 0.17150925651232363 -0.0063158928931298566 0.006914463943114159 0.9999561488812105 0.7950628566985894
0.9999435886342666 0.005045236409936861 0.009346932052418629 155.6286412947959 -0.0049364772500296895 0.9999202703432358 -0.011622570673913167 0.16836296835857206 -0.009404825441475383 0.011575774111393778 0.9998887691699199 0.7902282845665644
0.9998989622434624 0.005183878169630122 0.013236038363843882 156.98103902399515 -0.004970157591710254 0.9998575659031753 -0.016129024759447316 0.16528614715080217 -0.013317764000021916 0.01606160992241226 0.9997823072292987 0.8060241064382329
0.9998912422603978 0.0052736028108426114 0.013772899634864789 158.2996215832611 -0.005015444160618421 0.9998123410391134 -0.018711708253373843 0.14802198601380936 -0.013868993144071572 0.018640596001231646 0.9997300531692986 0.800783900236831
0.9998908012708051 0.005161172198772417 0.013847304270569469 159.64073897260016 -0.004887338427396435 0.9997932663806538 -0.019736727768273357 0.13820652468645309 -0.01394630621789178 0.019666896080405196 0.9997093146217251 0.7999167651202144
0.9998898866496997 0.006169517612974665 0.013496356103553576 161.0272500158968 -0.005916261438957969 0.9998071693340855 -0.018724903170624755 0.1344666380279527 -0.013609277212131121 0.018642993337620685 0.9997335776961664 0.7896251193656776
0.9998889905592769 0.007595481678726499 0.012818549700266054 162.36020296382583 -0.0073673254288870865 0.9998152553188927 -0.017753246115633663 0.13863883805455565 -0.012951025996998638 0.017656836910543126 0.9997602247718897 0.7798035814768536
0.9998916038279736 0.008572148046077524 0.011970750694879809 163.70384010864817 -0.008376933249112298 0.9998326461412453 -0.016263661934977743 0.15095115205709916 -0.012108161861436815 0.01616162083676809 0.9997960764217201 0.7806948545370606
0.9998906006965149 0.009040333604456344 0.011707220297015099 165.0533916156025 -0.00885331549516224 0.9998339277379503 -0.015929084997143253 0.14981016606142245 -0.011849280294845976 0.01582369465147857 0.9998045835282369 0.7749133250085504
0.9998786551870106 0.009319449125591552 0.012482899078763907 166.39704591011017 -0.009109994848087796 0.9998185017206715 -0.01673235222254402 0.14699443990077904 -0.01263656975934956 0.016616602692095965 0.9997820790650781 0.7606434445362931
0.9998872244482594 0.008931439638802335 0.012073432450415257 167.72230159965432 -0.008731692400659337 0.9998257873096499 -0.01649704756795041 0.12619797323163426 -0.012218671489837908 0.016389765605931677 0.9997910179884625 0.748569422220117
0.9999086035025091 0.00863096728288953 0.010406298353581117 169.10741277339977 -0.008474729764932751 0.999852095357775 -0.014965505807629526 0.12357403297121025 -0.010533926004743788 0.014875947446415664 0.9998338574935828 0.7488321075088888
0.9999306927169912 0.007689956628590239 0.008914837607511742 170.51557910111362 -0.007579537766035722 0.9998949556783369 -0.012354279269548537 0.12072330205691209 -0.009008905026202843 0.012285852679694623 0.9998839419923502 0.774511362818646
0.9999504894405957 0.007571916833202387 0.006456372277374628 171.88462406248303 -0.007533921416376818 0.9999542782175971 -0.005889100306192548 0.12073174341765235 -0.006500668858267126 0.005840166932169386 0.9999618161482965 0.7596192300775857
0.9999443943364383 0.007608333021723951 0.007302157473251177 173.24427232284594 -0.007571932894450022 0.9999588340012834 -0.0049996134886565935 0.12102998132520953 -0.007339895597047606 0.004944044035458841 0.9999608404138635 0.7517230042376386
0.9999105250265595 0.008720924112748841 0.010143343814032903 174.59125044059218 -0.008728225769567758 0.9999616799495216 0.0006758013361173471 0.12879132553266534 -0.010137061508418357 -0.0007642742636779748 0.9999483265993421 0.7879759983900082
0.9998833646433325 0.008667587891844743 0.01257497632863673 176.00651586632068 -0.008704420610650718 0.9999579762796507 0.0028772793639970607 0.12261472729352021 -0.01254950880957126 -0.0029864016546256394 0.9999167921551252 0.78936646788241
0.9998781778892684 0.007508551427015479 0.013683970049095363 177.46616571778807 -0.007507035916405191 0.9999718086680913 -0.0001621135896652856 0.10517657936706289 -0.013684801517978901 5.936778600804247e-05 0.9999063569569301 0.7820427814356413
0.999895300349403 0.00614661995848028 0.013099900849356963 178.86978120592215 -0.006124247973463308 0.999979720181469 -0.0017472299650075785 0.1045354886684814 -0.013110374744319931 0.0016668199894114852 0.9999126660789863 0.7639430112656516
0.9999494675411115 0.004233030269216151 0.009118323255263273 180.20748011989215 -0.004196032658195547 0.999982902584722 -0.004072818209265038 0.09424356100079703 -0.009135407718264774 0.004034351617579249 0.9999501329230607 0.7597636298417758
0.9999764634158311 0.0024300833386017013 0.006416175600338809 181.6219450693087 -0.0024138280513790007 0.9999938608602824 -0.00254001493783923 0.11444303568873074 -0.006422308658520588 0.002524467609917184 0.9999761902239378 0.7909807077378092
0.9999859686323903 0.0016671335274426882 0.005028240660709455 183.01611506404137 -0.0016764037577382267 0.9999969020633863 0.0018399820844772746 0.13125103456292186 -0.005025157587715683 -0.0018483856285506774 0.9999856655281548 0.788146617503792
0.9999783059353755 0.0014400574749027534 0.006427588434671476 184.34353909337 -0.0014742802672038243 0.9999847470271287 0.00532280102794507 0.1500760763453627 -0.006419825255431741 -0.00533216162155053 0.9999651763417221 0.7916390343688725
0.9999568260429541 0.0019006688577398846 0.009095796171564793 185.79144856265933 -0.00197471077913815 0.999964934579552 0.008138189519236241 0.13800933508207702 -0.009080009220270132 -0.008155799728136338 0.9999255154077 0.7925989216603504
0.99993374264596 0.0022487784338997233 0.011289522292733358 187.17484344016367 -0.002356577979556418 0.9999516740099211 0.009544432145620767 0.1494307720380584 -0.011267513402218158 -0.009570404396435753 0.9998907192795718 0.7939753641788198
0.9999277734734666 0.0024962600167459854 0.011756552314532097 188.62448979456727 -0.002584541043210951 0.9999685353726522 0.007499894150509839 0.1523162363284082 -0.011737460713096878 -0.007529737751189545 0.9999027628051674 0.7882823885235124
0.9999217983271038 0.002137399454836659 0.01232188110075537 190.0164839323719 -0.002221321808578168 0.9999744045018755 0.006801181554871337 0.15141286359552428 -0.012307028874323138 -0.00682802055430789 0.9999009526826126 0.7881730566644675
0.9999148100880297 0.002076538047425407 0.012886448554861858 191.41819307367493 -0.0021194525805647325 0.9999922512139455 0.0033174437183080105 0.16249588338206886 -0.012879459902427743 -0.003344473322213598 0.9999114630860169 0.7852395687180379
0.9999127734275338 0.002660015521185491 0.012937150145392099 192.84323261788893 -0.0026828501914968514 0.9999948733716191 0.0017480118218953671 0.155193350233982 -0.01293243408285354 -0.0017825677845605017 0.9999147836694816 0.7816326753507741
0.9999033475950678 0.002651671971564331 0.013647860782271584 194.19700112341403 -0.0026484499753047395 0.9999964605542488 -0.0002541489780185636 0.14553193772990594 -0.013648486396130338 0.00021797873735685734 0.9999068313119802 0.7835465919482631
0.9998931884707402 0.0033522497800885587 0.014225824096651438 195.65608530410432 -0.003327443949485544 0.9999929028368585 -0.0017670293366078495 0.15216099511471687 -0.014231646657362054 0.0017195049651853108 0.9998972464889053 0.7783441836554067
0.9998828536799579 0.003784820947864308 0.014830847825274286 197.0758305147959 -0.003716887059075823 0.9999824870448908 -0.00460547001997491 0.13314571850116874 -0.014848018972708451 0.0045498059197531205 0.999879410528429 0.7820340563614896
0.9999199031955172 0.003961169322782539 0.012020662671574032 198.49778246009618 -0.003937086690043111 0.9999901963973795 -0.002026439618002307 0.14928794983596297 -0.012028571896223268 0.0019789509156546755 0.9999256958451517 0.7941688637151029
0.9999721499312924 0.004012263581593813 0.006292940706908707 199.92315899344035 -0.004033697682186935 0.9999860945056307 0.0033970690873820816 0.15385871446944435 -0.00627922326387368 -0.0034223582991181906 0.9999744290825016 0.7809261232974617
0.9999689585638831 0.005482271502401181 0.005659205583550681 201.40123662509103 -0.005558023760232281 0.999893991329784 0.01345787778495206 0.15924374663069762 -0.005584825918829049 -0.013488914032195945 0.9998934237795989 0.7775573653142822
0.9999337832451772 0.006313685217936575 0.009621148785656747 202.81547538508264 -0.006488103114199658 0.9998131960144047 0.01820652612228081 0.18251223423898255 -0.009504401241869359 -0.018267743550602792 0.9997879554698601 0.7844663354134073
0.9999039657885468 0.007312001743295085 0.011772588111491995 204.2472019758672 -0.007531710976111575 0.9997962489377767 0.018727892025625137 0.15964804073856462 -0.011633251055019549 -0.018814761238378837 0.9997553061771833 0.7806382047708197
0.9999015162391486 0.0070382271827626325 0.012141712431756404 205.72208877469916 -0.007254306121569287 0.9998144459113345 0.017845133502046716 0.17370953907584627 -0.012013861383677157 -0.017931455745006562 0.9997670378790845 0.7771822027920945
0.9999011790076934 0.0058934334900326854 0.01276321514052542 207.15536672179732 -0.006091904444435272 0.9998602596616739 0.01556758971485695 0.15924217632430007 -0.012669685049938926 -0.015643803597233354 0.999797354712317 0.7948000337805424
0.9999149518288853 0.004826374124139522 0.012115907801377413 208.5944558568197 -0.005003133359919801 0.9998808774644615 0.014601353960549951 0.14896335021568136 -0.012043992926787163 -0.014660729644606595 0.9998199864178887 0.7883679519667768
0.9999260542374826 0.004321782044544025 0.011366980998418916 210.05381262800987 -0.004489348405389265 0.9998810234255503 0.014757531784447204 0.15598455603972097 -0.011301849758070078 -0.014807470865525871 0.9998264884461766 0.7760979608998323
0.9999261063356164 0.0039876987239909996 0.01148390732199326 211.56681742109296 -0.004171796612069786 0.9998624574587439 0.01605186212216164 0.15716755043796443 -0.011418317806094423 -0.016098584516908467 0.9998052098259096 0.7851533303284922
0.9999185364335692 0.0037453035162914984 0.012202180056038896 213.006996725475 -0.0039614757393240324 0.9998347835535044 0.017740132651243506 0.15613415460240504 -0.012133721874012357 -0.017787026117027642 0.9997681703752107 0.7795499640916073
0.9999223406122254 0.0033798711405473663 0.011995383096926085 214.42511015317015 -0.003584196488834276 0.9998481586585917 0.017053244927384727 0.17451635980690164 -0.011935923931483185 -0.017094914392802318 0.9997826251849973 0.7873848010209608
0.9999292165198888 0.0032466180546403033 0.011446458890363739 215.904005463242 -0.0034549606365272003 0.9998278695913383 0.01822894498992772 0.17375534989664335 -0.011385306184795867 -0.018267201746656407 0.999768315232797 0.7896976981539084
0.9999362475137786 0.002769438870702239 0.010946739989815978 217.4162605445697 -0.0029656893839385143 0.9998344448257992 0.017952371051307852 0.16439372331558377 -0.010895209706159271 -0.017983691173596297 0.9997789161895901 0.7867771503436403
0.9999365254769812 0.002185125999899616 0.011053064796111832 218.85823081957432 -0.0023941821640765626 0.9998178288608134 0.018936129060996496 0.16606491111971144 -0.011009673418757781 -0.01896139014982976 0.9997595974907159 0.7992294813933973
0.9999443656521201 0.0021854732711570454 0.010319365637496445 220.35036607759955 -0.0023802766630534353 0.9998184877026615 0.018903066708082207 0.17185359942830888 -0.010276180398699096 -0.018926577993497423 0.9997680654841249 0.7819620340136739
0.9999436651792113 0.002049786479376877 0.010414645618287022 221.84364194256653 -0.0022389723571546232 0.9998321086231651 0.018186301683940306 0.17517959634498315 -0.01037561905379331 -0.018208595265543033 0.9997803726757724 0.7850795528551934
0.9999468835684605 0.0015735288399000942 0.010185973135320568 223.33424157728282 -0.0017805319280051316 0.9997914274291407 0.02034530278109921 0.17375220190314522 -0.010151834700034472 -0.02036235856160213 0.9997411237945711 0.7905365531768596
