1.0 -2.1684043449710093e-19 -2.5135375298442207e-37 0.0 2.1684043449710093e-19 1.0 2.3183291766350204e-18 -8.673617379884035e-19 -2.51353752984422e-37 -2.3183291766350204e-18 1.0 0.0
0.9999996051917989 -0.0005752605321510217 0.000677267721610383 1.3273296131564947 0.0005753941083097035 0.9999998150465057 -0.00019704967556571635 -0.005147294397329037 -0.0006771542414461252 0.00019743929362565135 0.9999997512398984 0.014190926913472833
0.9999991949433092 -0.0005967494779263065 0.0011198226618697432 2.628292109638085 0.0005974884623972986 0.9999996039058764 -0.0006596935863360372 0.0026109771196390695 -0.0011194285465113297 0.0006603621363656997 0.9999991554004325 0.02238872817330788
0.9999988872748349 -0.001117982926636402 0.0009877060635002097 3.952068913162743 0.0011192782555432775 0.999998513100449 -0.0013118738802854152 0.0010290909243763538 -0.0009862379422804482 0.0013129779384500793 0.9999986517109183 0.04942137746404745
0.9999996118487983 -0.0003922760884727061 0.000788937084437096 5.266334596538369 0.0003941895437944459 0.9999969779457301 -0.0024266672640807434 0.011020970054614266 -0.0007879827766840328 0.002426977312916325 0.9999967444268337 0.06284495099461566
0.9999983505918794 -0.0008285820522502568 0.0016162503839196605 6.578278741723752 0.0008323725218055116 0.9999969018017835 -0.002345963089889025 0.009261806880261434 -0.0016143015535440798 0.002347304542846386 0.9999959420877055 0.0701634786910543
0.999996029410383 -0.0007037164072460297 0.0027287262021973326 7.9345164189841 0.0007139805712426179 0.9999926673590254 -0.0037623742404937497 0.006904496454654071 -0.0027260585489445387 0.0037643075591422643 0.9999891992383657 0.10568327070443732
0.9999942858552077 -0.00040918527857695074 0.0033557151757921955 9.240241973240735 0.0004207717151074299 0.9999939506523021 -0.0034527684493551166 0.0290884619910781 -0.003354282053884511 0.003454160709766193 0.9999884087156681 0.11441091586076184
0.9999971026394283 -0.0009154854401834145 0.002226342102579847 10.590273026718355 0.000922743838006185 0.9999942559038986 -0.0032613958695253 0.024081791812638663 -0.00222334355382363 0.0032634407635419482 0.9999922033185181 0.1252426810174636
0.9999997142615411 -0.0007541181980257942 5.2750161110405176e-05 11.889730203792839 0.0007541417149918822 0.999999615628696 -0.00044722783201124963 0.04431759287778455 -5.241287818797367e-05 0.00044726748531802405 0.9999998986023382 0.13125874491131206
0.9999992397545423 -0.0009778780029530173 -0.0007511623984207504 13.245403178885201 0.0009797568009300235 0.9999963827575821 0.0025049048609144353 0.04120770966691653 0.0007487101899212819 -0.0025056389130403488 0.9999965805974983 0.15047367884660975
0.9999992722209955 -0.0007885924335446583 -0.0009130604871412503 14.58106252302692 0.0007943465314658133 0.9999797202299041 0.006318871933383825 0.06279091737293636 0.0009080589558892834 -0.00631959262107248 0.9999796188813231 0.1809656245234395
0.9999996881983483 -0.0004423080229242205 0.0006541917295825012 15.932648991477269 0.00043827818140084374 0.9999810085137708 0.006147399776939561 0.0825568368891204 -0.0006568983497507405 -0.006147111142208628 0.9999808905719966 0.18524969440687217
0.999996239842239 -5.3450258871515585e-05 0.00274179584453578 17.265346177879923 3.830336197912995e-05 0.9999847407638238 0.005524198798072839 0.07965400833458312 -0.002742049276681256 -0.005524073006215148 0.9999809827107645 0.2161222914394153
0.9999870033605732 -7.111827035457462e-05 0.005097847794180442 18.639405105213267 7.243503709818567e-05 0.9999999640650623 -0.00025811439264325535 0.0874477554008921 -0.00509782925434044 0.0002584803008176556 0.999986972577557 0.21304169684927243
0.9999956596390458 -0.0005393461332866833 0.002896516669784605 19.968652886168382 0.0005448311367866069 0.9999980594745188 -0.0018931999971722425 0.07056633021768985 -0.002895489958922187 0.0018947698924708161 0.9999940129745539 0.24792916444431726
0.9999997178770696 -0.00014284081497679802 0.0007374566310474843 21.32577013384324 0.00014477204266281768 0.9999965589416003 -0.002619378936696497 0.08141118294700435 -0.0007370799391940989 0.002619484960812488 0.9999962974989973 0.24464012032010501
0.9999999507262811 9.806455330865913e-05 -0.0002982126401677475 22.6986815980059 -9.814824152214326e-05 0.9999999558065816 -0.0002806309991288083 0.08939439119564657 0.00029818510703513734 0.00028066025434730744 0.9999999161577283 0.30038439143318085
0.9999983914551169 0.000875732283974924 0.0015653051286042424 24.041558416036256 -0.0008811201008451093 0.9999936789720056 0.0034446543224746396 0.10573300147978844 -0.0015622786392693797 -0.003446028003406324 0.9999928420626085 0.2826305252996232
0.9999818906611682 0.001533604848412626 0.005819485018827703 25.42285996998704 -0.0015478385920132225 0.9999958200121042 0.002442161749845574 0.11199151620543889 -0.005815715382350594 -0.0024511251474087486 0.9999800845217385 0.28375470079562715
0.9999757366417933 0.001879143844648331 0.006707827227504144 26.816272361577127 -0.0018782644343261184 0.9999982266204986 -0.00013739931852096594 0.10199346673760146 -0.006708073525064497 0.00012479691143905787 0.9999774928343703 0.29610515400273785
0.9999811375812454 0.0017196690903134582 0.005896373456472078 28.17855129106886 -0.0016950496573465937 0.999989836303822 -0.0041778099184188195 0.10307066379374218 -0.005903497978105625 0.004167736469011681 0.9999738890012815 0.3140157013359103
0.9999926875754513 0.0017209730180662319 0.003415120422006493 29.537177369990555 -0.0017085348011819674 0.9999919094932049 -0.003641683260141861 0.1042420514565922 -0.0034213600305825595 0.0036358217785165655 0.9999875374701107 0.3238799948649612
0.99999520051124 0.0026187261278069265 0.0016556654107793287 30.91256874762236 -0.0026122230642966096 0.9999889134997971 -0.003917801444406712 0.10903181719596916 -0.0016659067042504435 0.0039134576735899195 0.9999909547610367 0.35256733106844684
0.9999956261410672 0.002797174969002943 0.0009609947594515197 32.30926593061589 -0.002795335156511984 0.999994267979545 -0.0019105259528296092 0.12021358694035925 -0.0009663333263827871 0.0019078312940222857 0.9999977131872132 0.3406235813686127
0.9999935130667419 0.0031634816107696724 -0.0017222684269028576 33.68894767810396 -0.003163679368086985 0.9999949892693801 -0.00011211149874051778 0.1223577127733192 0.001721905134415094 0.00011755947656920819 0.9999985106101296 0.38596921433460785
0.9999926440724908 0.0035237366172582345 -0.001514952527589244 35.08060021540578 -0.0035233052226442316 0.9999937518606712 0.00028733243223331344 0.1282687203832099 0.0015159555457675612 -0.00028199267848425766 0.9999988111787497 0.38080141360824443
0.9999952442728097 0.0029273103568209194 0.000970714086783632 36.46679311583556 -0.002926118462616457 0.9999949661279183 -0.0012270083806692135 0.12466841928586958 -0.0009743010346737304 0.0012241621209408357 0.9999987760815486 0.39219823038807267
0.9999943787656426 0.002575992088659196 0.0021463228731002314 37.86871719475415 -0.0025826332344871974 0.9999918686699351 0.0030971922102504437 0.14653080328296317 -0.0021383270780098627 -0.003102717964991189 0.9999929003240658 0.43857002317273847
0.9999927446788744 0.0025188823225580216 0.0028575901484468513 39.25485192581027 -0.002531184782556358 0.999987509412855 0.004309770512668798 0.12624751271214327 -0.002846698650709434 -0.004316972332598284 0.9999866299389565 0.4288753664520427
0.9999914182012102 0.002924119961024818 0.002934799207048157 40.67095191653251 -0.0029434398037737255 0.9999738848800312 0.0066004333236244096 0.14699926855071302 -0.002915422105581757 -0.0066090150848358105 0.9999739102764406 0.44743845344890565
0.9999896517391271 0.0030118104505993263 0.0034096059111010995 42.1033029780346 -0.003042879860905797 0.9999535620626082 0.009144101948995393 0.15374458412410516 -0.003381907274223939 -0.00915438234460349 0.9999523788596522 0.4742301613040519
0.9999906542675393 0.002572867673318117 0.003474439453231372 43.493873150019844 -0.002610303557569224 0.9999381258753296 0.010813451635386594 0.14675857427922348 -0.003446402895181808 -0.010822419917425963 0.9999354966867687 0.48315286275049407
0.9999939998330624 0.0019512366729634843 0.0028623370380266204 44.91081574963495 -0.0019772989509672825 0.9999563579823986 0.009130849874776345 0.15632552923895035 -0.002844395670732238 -0.00913645478417542 0.9999542162555469 0.49585930223317165
0.9999947588474913 0.001001223225490909 0.0030789331919542496 46.29675991418143 -0.0010262419643193791 0.9999663840116955 0.008134966134216298 0.15114892499057941 -0.00307068477353992 -0.008138083228065056 0.999962170532663 0.5148828590393564
0.9999918133539759 0.0007058050469729378 0.003984352427031243 47.737934862606394 -0.0007385667990285084 0.9999658838443054 0.00822712991027218 0.16732710821233848 -0.003978409746430728 -0.008230005268090044 0.9999582187617524 0.5181866220924319
0.99998849911297 -0.00048740747359058345 0.0047711713178391615 49.13354632297292 0.0004439948381389805 0.9999585339557051 0.009095781315570787 0.1724463986165355 -0.004775406828029312 -0.00909355833058043 0.9999472499519738 0.548297423232918
0.9999889219658324 -0.0013973345012957127 0.004494819451754366 50.55735686496025 0.00135524678199308 0.9999553407634161 0.009353062860912165 0.1758318018246489 -0.0045076880739774085 -0.009346867657764591 0.9999461569570713 0.5640863058309363
0.9999861271061602 -0.002587514768941321 0.0045880674082811115 52.00576737480094 0.002538457115757329 0.9999398921804218 0.010666220590146706 0.18255452918986917 -0.004615390632858913 -0.010654426006440662 0.9999325884157289 0.5769886483471237
0.9999752016234282 -0.003894000625487431 0.005867955121900518 53.40942545058575 0.0038356087674112365 0.9999433441223936 0.009929584619093393 0.19727914452720807 -0.005906288476470911 -0.00990683120140247 0.9999334830137351 0.6013004839242114
0.9999629672079343 -0.0045421594751506875 0.007309787959032212 54.88998215765781 0.004477617764293477 0.9999510624840091 0.008821767184531922 0.20390085502595146 -0.0073495001095718725 -0.008788710053443545 0.9999343695581905 0.5949755548166666
0.9999553701349059 -0.0053747021607670606 0.007769833656302939 56.28907457078775 0.005330580854768749 0.9999696145278413 0.0056881393083638996 0.21680515419245108 -0.0078001696208701045 -0.005646467720940903 0.9999536363032848 0.5840127786254857
0.9999578273081194 -0.00517656389396297 0.007585960155240054 57.70530977793179 0.00515944286997355 0.9999841026579785 0.00227477044751055 0.24221930703412883 -0.0075976150532025425 -0.0022355351862825114 0.9999686388222054 0.5879006024666041
0.9999627907317171 -0.0056064741368964735 0.006556264164013203 59.145272429029475 0.005593302320173493 0.9999823056866529 0.0020256561308717985 0.23197830926325494 -0.006567504944128677 -0.001988909590129131 0.9999764557815605 0.6305269569732728
0.9999513985633635 -0.005446750755457624 0.008217871828000212 60.575319759067334 0.005425999320285143 0.9999820397130866 0.0025453452872131414 0.25352983468273993 -0.00823158809403039 -0.0025006314128225267 0.9999629932152426 0.6389066984455914
0.9999469432552103 -0.004773262451463247 0.0091283426825958 62.006633868486105 0.00475456694929487 0.9999865572426633 0.002068677618857927 0.260341749136353 -0.009138094313702506 -0.002025166545136943 0.9999561960069943 0.675898034408734
0.9999605705263402 -0.0036629969376949555 0.008089489852301327 63.3933130991253 0.003672754188194061 0.9999925454102303 -0.001191637797943321 0.26073124077158005 -0.008085064582868324 0.0012213015200275479 0.9999665695178455 0.6764021405413315
0.9999596948278663 -0.003555207351840546 0.008244344755413758 64.85228726011454 0.00357874836951815 0.9999895565450223 -0.0028424216783358696 0.27979285858595154 -0.008234153257522633 0.00287181154939203 0.9999619749863273 0.658372349948687
0.9999591370528363 -0.003199800622077225 0.008454909847296266 66.31388769046791 0.003227523925608825 0.9999894536957087 -0.003267351629044853 0.28913122807503316 -0.008444365805469098 0.0032945065392488843 0.9999589186125629 0.6619891998995241
0.9999685023040595 -0.002305614072214915 0.007594639130735686 67.596473259277 0.0023139873199260574 0.9999967243973547 -0.0010939182987722638 0.2893982775491974 -0.007592092100292156 0.0011114577415142423 0.9999705619663158 0.7073493803433656
0.9999557028708319 -0.0018322807968694857 0.009232282663682189 69.08713692050034 0.001807610037266533 0.9999947754247569 0.002679863642682468 0.30819076890901526 -0.00923714469161746 -0.002663056565606781 0.9999537905761818 0.7191399201663992
0.9999463788773019 -0.0012016830748979874 0.010285685585261585 70.3559017547541 0.0011202344980424464 0.9999680030000951 0.00792073548801811 0.32321137418400964 -0.010294874687957587 -0.007908788389460021 0.9999157297599482 0.7615095613246148
0.9999250766562449 0.00019506296900809444 0.012239404578695896 71.63138985325219 -0.0003695941618969099 0.9998982650314361 0.014259136975271815 0.3098710997803528 -0.01223537797366195 -0.014262592245527944 0.9998234214041395 0.776055727154097
0.9999432297664038 -5.916124247738283e-05 0.010655221456177014 73.11176344974753 -8.757740848679076e-05 0.9999051778919549 0.013770532126805212 0.33332059613178494 -0.01065502578740705 -0.013770683527161615 0.9998484078602438 0.7383632120166743
0.9999479798985027 0.0012486620012704683 0.010123158603442504 74.44875562143147 -0.001433858085196736 0.9998313713183489 0.018307730024818614 0.32041622962060096 -0.01009859138174155 -0.01832129282765581 0.9997811503930388 0.7700705000609049
0.9999430206259311 0.0019480385634991094 0.010495744244398135 75.70086643180598 -0.002167698966808499 0.999778007956127 0.020957955254935767 0.3413668865936761 -0.010452587367632648 -0.020979512697718045 0.9997252639922072 0.7695754481002701
0.9999288874187332 0.0017128958933901686 0.011801952939776176 77.02184594291835 -0.0018898455005221346 0.9998857310318401 0.01499844534966335 0.3934051872164085 -0.011774913567344803 -0.015019682639160157 0.9998178636851316 0.6495032801882198
0.9999178018485383 0.002118832298640252 0.012645160974762017 78.3344549405565 -0.0022924524137939817 0.9999030906036357 0.013731498943241258 0.40142983901948354 -0.012614840796375336 -0.013759358669210731 0.9998257577401646 0.6627835606559586
0.9999372472186346 0.0029861110163953053 0.010797442559097124 79.77239437898466 -0.003168394553295685 0.9998520870290638 0.01690459522082799 0.32979320600679835 -0.010745366479273075 -0.01693774496865379 0.9997988047075286 0.7515952777641173
0.9999329176060655 0.002919549483597029 0.011208769719930711 81.08041838040297 -0.003112583460383342 0.9998464827389717 0.01724305015678584 0.3152497144812058 -0.011156707042122927 -0.01727678168294409 0.9997884979847769 0.7510537190106353
0.9999423028409921 0.002669594300772708 0.010405011067901909 82.38604699786036 -0.002857646048666404 0.9998320901425589 0.018100424863044574 0.27089146402503317 -0.010354943172920874 -0.018129114358717658 0.9997820314270777 0.7849483760788509
0.9999618198422564 0.002246184158943578 0.008444732943499813 83.66654433197138 -0.0024231984279881875 0.9997763281943323 0.02101003787806543 0.3092480226901501 -0.008395651680573442 -0.021029698975098515 0.9997435995263363 0.9555587527026753
0.9999313231081589 -0.00047403237606290834 0.011710011121823722 84.73210781182483 0.0002135670334254934 0.9997527666483491 0.02223420716135035 0.418247320150802 -0.011717655750576775 -0.02223017931277329 0.9996842079734145 0.8122245901917056
0.9999339732654632 -0.00029805995840677315 0.011487396128151663 85.5456909726711 8.80272032913268e-05 0.9998329042994228 0.018279927007309845 0.4070917118776641 -0.011490925147931302 -0.01827770884006772 0.9997669148350541 0.8311502775819337
0.999920075917113 -0.003338577003555348 0.012194083873185496 86.26963754337282 0.0031351389736011086 0.9998562219553166 0.016664522821159385 0.4247192926177126 -0.01224796642431545 -0.016624960776857968 0.9997867762666381 0.8308007154184262
0.9998786928532523 -0.006994971248482303 0.0139165353197057 86.99488493730765 0.006778280226619338 0.999855999746572 0.015557464059178502 0.35938860664033184 -0.01402335534888607 -0.01546124665142224 0.9997821239433834 0.8082274351989854
0.9998226828218839 -0.012682364611926148 0.013919789606913376 87.52859934110495 0.012535669396628937 0.9998654962340147 0.01057574741973107 0.32094096723931603 -0.014052042827610191 -0.010399378277459235 0.9998471848356695 0.7966619500810751
0.9998112860198387 -0.014537863972577232 0.012885761850624832 88.8746871146103 0.01433257582227244 0.9997711263440571 0.015883079016181443 0.3440000260523797 -0.013113718681403413 -0.01569539549837126 0.9997908205932352 0.8926857878271572
0.999808691837221 -0.016883683362793646 0.009875270267173731 90.22713872756475 0.016696578014931043 0.9996851193529209 0.018731962708897206 0.3973895858043756 -0.010188425262822601 -0.018563495911091722 0.9997757711658263 1.058437219105388
0.9998282975645351 -0.011924712891606433 0.014183674124012493 91.4941560584673 0.011554217219411871 0.9995971813183276 0.02592248377183476 0.16268718595966183 -0.014487078851517045 -0.02575415156643964 0.9995633287708402 0.9551023386661645
0.9999016663460715 -0.007080032099906998 0.012104990037739303 92.84909649740597 0.00681113222224015 0.9997322823262791 0.02211271472570199 -0.11167808375159717 -0.01225830804804004 -0.022028091613968792 0.9996821980327777 0.9765503253210102
0.9999506508472346 -0.0004286634680684483 0.009925327088972759 94.24288951538995 0.000253234596666025 0.9998438521479308 0.017669385790848625 -0.3692707195050291 -0.009931351490658475 -0.01766600038542781 0.99979461925335 0.9837607786738392
0.9999428795323975 0.004110613547769577 0.009866130382189975 95.78842153218557 -0.004321978360724576 0.9997595399543182 0.02149843653337804 -0.3921183590701069 -0.0097753862075576 -0.02153984973464644 0.9997201992047086 1.048879337726874
0.999915725534707 0.004856725389630314 0.012039686328568283 97.48254674997641 -0.005106475909229312 0.9997706003857415 0.020800733355395975 -0.16089820176079006 -0.011935900979358635 -0.02086046075290626 0.9997111460041782 1.032547953044954
0.9998180882595772 0.011339079382839139 0.015336742408802338 99.21561038988814 -0.011776876019639565 0.9995168775695811 0.028763112571018948 -0.5593158503866378 -0.015003185667794766 -0.028938499137044788 0.9994685926468689 1.0134510462470727
0.9997132206741931 0.01890558858962269 0.01469881387432835 100.70371517093837 -0.019408259124543026 0.999204334401173 0.03484275522491822 -1.1064717403753312 -0.014028395738173756 -0.035118041431561955 0.9992847078180593 1.0853897025919577
0.999486769872814 0.02807516058930113 0.015426671938347222 102.30640462358589 -0.02866251784954512 0.9988173511187075 0.03927288090697237 -1.66355665592881 -0.01430583516376952 -0.03969489214110147 0.9991094327540769 1.0989013674828536
0.9991798137627845 0.0372768586757336 0.015815675016790636 104.04980325176531 -0.03797254564399068 0.9982083297701487 0.04624084941699363 -2.4160517577482667 -0.0140636249339349 -0.04680348475017026 0.9988051102537262 1.1356988357222413
0.9989700816331754 0.04456456776645996 0.008530844131468557 106.02711787820019 -0.044964630669439266 0.9974990870679876 0.05453213077894772 -2.9836001570679933 -0.0060793083955113115 -0.05485955339154643 0.9984755737678875 1.5235850587413484
0.9987473992645742 0.05003097843239089 -0.0007305199152780923 108.01199748394593 -0.049875380637052935 0.9965990499818902 0.06559557897833512 -3.284654593773868 0.0040098464506842756 -0.06547697894902875 0.997846023371918 2.1143606527010648
0.9986923326272383 0.04837822458332467 -0.016527919945680397 109.96730262513334 -0.0468711092864967 0.9955422139028255 0.08184619387432807 -3.097368788860744 0.020413815562473906 -0.08096448433496144 0.9965079168830296 3.1168994879252008
0.9981798477168726 0.046398938054135516 -0.03852440991591473 111.87289654560168 -0.042319843145640586 0.9940185216017002 0.10067874447418663 -2.7683273898064815 0.042965363818421365 -0.09886514684264967 0.9941728523007114 4.6215826391605885
0.9965652933288232 0.05045010049207865 -0.06566889288526095 113.40044730113189 -0.041239862397445204 0.9900218853185104 0.13474398071833094 -2.710789379685575 0.07181148850898789 -0.131572998562476 0.9887020057466264 6.393115295981716
0.9947653868348535 0.03277970767649387 -0.09678489510222066 114.81028509438624 -0.014937501451449542 0.9836243411448149 0.17961076403661538 -0.7746873332444748 0.1010875670183638 -0.1772248466555195 0.9789650951500956 8.228082523236859
0.9925580169044784 0.0044528846973538525 -0.12169122768926838 116.18493250225076 0.02221305205933006 0.9759434808417894 0.2168891480010503 1.9355658154556834 0.11972954270713129 -0.21797819620384992 0.9685816137955837 9.302357884157885
0.9918518581731514 0.005272867261360215 -0.12728742400296525 117.94462741148934 0.026806658195591568 0.9681354314840114 0.24898833181828403 2.2259456206405637 0.12454434758290439 -0.25037169004524307 0.9601055787302964 9.48709376050744
0.9896349025463484 0.007170924051067701 -0.14342711567319907 119.63049894096777 0.0338369476006551 0.958988340519127 0.2814185916485289 2.528250940658895 0.13956296299215606 -0.2833547963183697 0.9488056907313664 10.115812915121388
0.9862307452914701 0.0007397262051325321 -0.1653734254557633 121.39161585121097 0.054745394464727384 0.9421477211844708 0.33069716244898506 3.285614762780144 0.1560508212946438 -0.3351971423983958 0.9291345526355248 10.947078646872098
0.9857338438999576 -0.018407478834790006 -0.1673019835900368 123.2360314025672 0.07347427858103198 0.9413505175991816 0.32933377203492176 3.6719740130220675 0.15142760440953656 -0.3369278375835094 0.9292735403981378 10.665046449876806
0.9790862248084027 -0.015413869737665328 -0.2028609795158749 124.43328706716363 0.09460947438832104 0.9172436425831738 0.38692783241415524 4.566893252382394 0.18010888858242272 -0.39802828135757035 0.899518913360438 12.140030630614133
0.9785040741727401 -0.07136928764944375 -0.19348437044826075 125.69804959895923 0.13698928458852672 0.9262502550460809 0.35113302455763623 5.646675792497879 0.1541548336422588 -0.3700903805930126 0.9161164759228199 11.026550564462532
0.9721650837016449 -0.11208248646682756 -0.20574879406399305 127.06517999347896 0.20005639804627331 0.8541812898455299 0.4799497491181528 8.628799346173109 0.12195280903745123 -0.5077517506668394 0.8528280436656822 11.856680458793656
0.9558870636124523 -0.16097055046861103 -0.24569982397265921 127.783098523244 0.2837513584403453 0.7222568792516736 0.6307377957256818 12.68963699384982 0.07592817791585706 -0.6726317582864086 0.7360716198461345 12.81900493524802
0.9368115714075876 -0.20816357114023856 -0.2811618881125058 128.56146817156917 0.3496505993006685 0.5831889330667831 0.7332360648229944 16.259542509504328 0.011337463805004529 -0.7852124527785903 0.6191226582155592 12.406755144703824
0.9596604080476343 -0.10863326635919573 -0.2593274275235461 129.63613909672122 0.2696837070701913 0.09480412443353138 0.9582707739106263 19.154455333210137 -0.07951477451849587 -0.9895509039107203 0.12027638672137285 12.721227578107158
0.9898890292080106 -0.00795008913996504 -0.14162099398143274 129.3489629871403 0.12690122329204906 -0.3964213907569336 0.9092558278489723 21.507937515593657 -0.06337025627693094 -0.9180342461112249 -0.39140430961652806 11.553068526041274
0.9980053949245303 0.06271907837826121 0.007179756884015072 128.82242581899675 0.055855228916540774 -0.930288662487013 0.3625509589710186 28.964324290749342 0.029418108440429386 -0.36142678602381684 -0.9319362924794168 6.764424543377468
0.991278221656956 0.01421359758889422 0.1310170252761208 129.73415734764453 0.03766443051151853 -0.9832550502940689 -0.1783000189160141 29.373001440948702 0.126288867058287 0.1816796073168064 -0.9752146647494311 1.5409145667281268
0.9876922677609749 -0.0076528526012487955 0.15622233531811772 130.2449319290688 0.04871443363863746 -0.9340717121464486 -0.35374700072660553 28.7533921220142 0.14863003788080537 0.3570034599480316 -0.9222026032411124 -1.162289286475376
0.9897692606061094 -0.00783400627520836 0.14246206198464043 129.97349555393703 0.05328229110811048 -0.9059573590173376 -0.4200026917730424 28.334375392608287 0.13235485715872353 0.42329645874730715 -0.8962713315723555 -3.3452646795351275
