1.0 -2.1684043449710093e-19 -2.5135375298442207e-37 0.0 2.1684043449710093e-19 1.0 2.3183291766350204e-18 -8.673617379884035e-19 -2.51353752984422e-37 -2.3183291766350204e-18 1.0 0.0
0.999999438068755 -0.00028326826145608187 0.0010215778316783773 1.3139056925838386 0.00028354911473733434 0.9999999220460742 -0.0002747867262910737 0.003216058310109784 -0.0010214999136841472 0.0002750762393696342 0.999999440435338 0.017035871521030126
0.9999989412123573 -0.0002237378950728369 0.0014378857807730316 2.6132711434943787 0.00022514034759628227 0.9999994990804363 -0.0009752695527473649 0.01932229529298876 -0.0014376668557510531 0.0009755922462485013 0.9999984906657514 0.026626588317224517
0.9999988633149056 -0.000843352723040922 0.0012498500234478128 3.9414494033090297 0.0008457015182094449 0.999997875331087 -0.001879926129892436 0.011670695363870618 -0.0012482619271095615 0.00188098099307079 0.9999974518730861 0.050601023543682996
0.9999991134740959 -0.00016196649588604725 0.0013216723787122867 5.250296288385929 0.00016544001653806247 0.9999965319620724 -0.0026284393523381268 0.02265207833854507 -0.0013212420759908022 0.0026286556796587452 0.9999956722349824 0.05676351465102158
0.9999983557412209 -0.0005418945812875122 0.0017305678598352606 6.5762152832534735 0.0005470552176798773 0.9999954013050688 -0.002982968203498503 0.018208484633075173 -0.001728943447175987 0.0029839100149041185 0.9999940535001093 0.07275421510081846
0.9999960083766748 -0.00036859440532182924 0.0028013155626893612 7.909766348840192 0.0003795062858863114 0.9999923395738964 -0.003895737222145163 0.020028836831141376 -0.0027998581564738136 0.0038967847886943905 0.9999884878650426 0.09945102253998155
0.9999946424611333 -0.0002080102853616608 0.003266769161018922 9.2301877604105 0.00022105986869846357 0.9999919963520274 -0.003994792162477954 0.03599450855110619 -0.0032659120570908712 0.003995492911785484 0.999986684838767 0.10836200663870926
0.9999964147584972 -0.0007944142095068615 0.0025572204080967624 10.562057947841774 0.00080381459189216 0.9999929164230884 -0.003677089303778061 0.029808817666492873 -0.0025542811618367747 0.003679131651603592 0.9999899697687155 0.12457233942366466
0.9999997870032153 -0.0006524368353723926 1.78801540274832e-05 11.882981640002194 0.0006524443183520216 0.9999996982228879 -0.0004217470151167068 0.048472742398026014 -1.7604985343791453e-05 0.00042175859109085513 0.9999999109048737 0.13619005553185975
0.9999994478839955 -0.0008390083374774655 -0.0006326900615071313 13.225819781027946 0.0008404491188574396 0.9999970466744694 0.002280413913680054 0.04112231403745947 0.0006307749066809425 -0.002280944398431739 0.9999971997039133 0.14566751951889825
0.9999996376708442 -0.0005675660502433854 -0.000634450123212814 14.564213626640731 0.0005710691656844637 0.9999845185871132 0.005535021780200518 0.069392845110381 0.0006312988105787011 -0.005535382089603281 0.9999844803830377 0.1649976312544553
0.999999929261106 -0.00016154214773015407 0.00033967913908376025 15.913292136811016 0.00015952130670566505 0.9999823399798369 0.005940899039920567 0.08879308129918083 -0.00034063284593367185 -0.0059408444336078135 0.9999822950116067 0.18749666192488842
0.9999955913504441 0.00012416469598690422 0.002966793353723142 17.25316365423924 -0.00013809225073455194 0.9999889701252002 0.004694737316598074 0.08112074178906782 -0.002966177709732239 -0.004695126310318169 0.9999845786704535 0.2099291978872561
0.9999863715487489 0.0001420416378847664 0.00521886395113793 18.62176020800087 -0.00014072840284356123 0.99999995834608 -0.00025199871985649296 0.08524772400686811 -0.005218899528062702 0.0002512608431157226 0.9999863498846895 0.21980705529975386
0.9999924666345723 -0.00013789900121713216 0.0038791310843077783 19.956148543470295 0.00014674870676832012 0.9999973873590265 -0.0022811707384499664 0.07458521534625766 -0.0038788063783645288 0.002281722811027198 0.999989874249781 0.24410476385683985
0.999999250876512 2.3180988532487938e-06 0.001224026568834313 21.310827229743825 1.3212505708172714e-06 0.9999955798786812 -0.002973250974015987 0.08219006148986095 -0.0012240280507780548 0.002973250363929649 0.9999948307554416 0.24161951555028577
0.9999999116514018 0.0003721766728791975 0.0001954014145517047 22.66419282388439 -0.0003720148014809906 0.9999995881857049 -0.0008277882628945366 0.08853208259307728 -0.00019570941756414143 0.0008277154975421603 0.999999638292374 0.2816955560119341
0.9999982275298372 0.000958201913918938 0.001620736337555001 24.034091793753586 -0.0009612683441531081 0.9999977476199433 0.0018922785764276086 0.09537518422994543 -0.0016189195020871964 -0.0018938331849558026 0.99999689624294 0.2675380476084296
0.9999777893175427 0.0018453801274156425 0.006404330080929896 25.425935943660434 -0.0018585613798922098 0.9999961657968135 0.0020528373703666784 0.11227993515001981 -0.006400517260139001 -0.0020646946160002067 0.9999773849517525 0.2814526158838589
0.999973134920585 0.0019484783112228012 0.007066319364988196 26.795243335625543 -0.001951147544528898 0.9999980277388434 0.00037086612493556224 0.09135547624756211 -0.007065582803760189 -0.0003846435932655173 0.999974964481086 0.2961170304582987
0.9999793661178835 0.0018773912580557967 0.006143512068847332 28.163520374632814 -0.0018499426925397665 0.9999882959617736 -0.0044705314563780706 0.09753209513995428 -0.006151833101622302 0.004459074066700708 0.9999711353873958 0.304585411890879
0.9999890534757714 0.001967192423913226 0.004245360125842606 29.521763891169133 -0.0019499847279673109 0.9999898827516454 -0.004053634654434693 0.10524938298151607 -0.004253291453861373 0.004045311893814619 0.999982772333349 0.3099810315403502
0.9999944594378629 0.002597888015426749 0.0020813628793822335 30.90989554490945 -0.0025892462116018475 0.9999880615282293 -0.004143984202432322 0.10731637628642621 -0.00209210363798587 0.0041385720814799435 0.9999892476039401 0.3469043913679338
0.9999951327185068 0.0028678311617641623 0.0012288546388569289 32.29413305598499 -0.002865723874335326 0.999994426302023 -0.0017131817078279246 0.1104899646709082 -0.0012337609054797875 0.0017096518112136435 0.9999977774598864 0.336751354182107
0.9999934862046473 0.0034702791572109887 -0.000992325978004621 33.67288331469442 -0.0034703453570862726 0.9999939762210549 -6.499774446645817e-05 0.11333956128701254 0.0009920944401344003 6.844103493493677e-05 0.9999995055321009 0.37220557293419815
0.9999925708299234 0.0037943012555799573 -0.0006793842376739853 35.06801079436825 -0.003794642052286824 0.9999926747977316 -0.0005010414887029118 0.1334073540950787 0.0006774781586973432 0.0005036157863784154 0.9999996436971786 0.35041184710839424
0.99999427399226 0.003225678261292905 0.001023221602335371 36.465385458395616 -0.0032255112531073787 0.9999947844411318 -0.00016482624358217998 0.12402717264134665 -0.0010237479420936823 0.00016152488699307816 0.9999994629247868 0.3959418784061159
0.9999925730708926 0.0030537060860049334 0.0023513149929307435 37.86479584509694 -0.0030573074430825715 0.9999941566304121 0.0015295673340597143 0.13639145849642453 -0.0023466304042512494 -0.0015367446669004778 0.9999960658630487 0.4017409076310775
0.9999926218095949 0.0025485887151526143 0.002874199355233812 39.260045279580446 -0.0025591318433713308 0.9999899890722338 0.003670503987493686 0.1294293665436985 -0.0028648159767902318 -0.00367783236091056 0.9999891331302276 0.4134624853871028
0.9999905423549138 0.0030871518161210147 0.003063444856619141 40.651699978746294 -0.003105766154771094 0.9999766313362934 0.0060902379190395095 0.14351358541824266 -0.003044571778954131 -0.006099694663083475 0.9999767618838449 0.43720906797837367
0.9999893960836919 0.003005114343122531 0.0034895569859420142 42.08354997624586 -0.003035024139533663 0.999958432328902 0.008597804533543333 0.15118028386349053 -0.0034635745474618303 -0.008608304252832238 0.9999569494479474 0.4507258669178585
0.9999896202130343 0.0027264463175552733 0.0036504734855809847 43.47219827129209 -0.002761048766747393 0.9999509894241531 0.009507647414848785 0.1545005975708883 -0.003624372483490514 -0.009517627862809483 0.9999481379971493 0.45603945252172345
0.9999911213504477 0.002377756416638489 0.0034790077173227556 44.897982198215416 -0.0024076055098257673 0.9999601132800472 0.0086008885973468 0.16397973001558755 -0.0034584181330650876 -0.008609188311220059 0.9999569596840849 0.4698282225201265
0.9999945571009232 0.0014420082199408442 0.002967554687272778 46.29116683901753 -0.001465846981118715 0.9999665504099828 0.008046698315910168 0.14951542125966732 -0.0029558520186702087 -0.008051004499622977 0.9999632214563647 0.4848645173759305
0.999992978113537 0.0006022661933222433 0.003698783455598597 47.72538656005296 -0.0006302824047586072 0.9999710882866465 0.007577950574531755 0.16041731399665402 -0.0036941125739858647 -0.007580228641154273 0.9999644462009829 0.5046891899981749
0.9999904528778351 -0.0003783875134933131 0.004353271881229527 49.12101821264228 0.00034580509617991356 0.9999719429124873 0.00748290095221844 0.165085767454671 -0.004355981177384416 -0.007481324128447315 0.9999625269065173 0.5081615170723729
0.9999880789173482 -0.0013275645090121263 0.004698893025573905 50.55049543706622 0.0012872669496037962 0.999962460070732 0.008568628425276031 0.1760283623073095 -0.004710092036450395 -0.008562477548256816 0.9999522483655127 0.5336684069972918
0.9999843133562791 -0.002558239990849435 0.004982815421051765 51.999138750426326 0.0025144446718472603 0.9999583306351535 0.008775794058035602 0.1804660284650531 -0.0050050583776087496 -0.008763127381594583 0.9999490771979994 0.542679543110373
0.9999733987012476 -0.0036536479144092288 0.006312903198460153 53.40909160666198 0.0035933996448201245 0.999948143378933 0.009528800135230357 0.19411362065988852 -0.006347390713372066 -0.009505861872660077 0.9999346724767522 0.5638549932138379
0.9999631626547821 -0.004614879026273823 0.007237142047697714 54.86615183786832 0.004555902211385954 0.9999564536142431 0.008144607434762231 0.19730821370473806 -0.007274413274346246 -0.008111335697587272 0.9999406428107196 0.5732232805922275
0.9999542272585609 -0.0047366387023084 0.00831310059714526 56.25540780262899 0.004691144006260557 0.9999739610682954 0.005483644162019612 0.2172276058305837 -0.008338858174054067 -0.005444395208553501 0.9999504097729878 0.5757428127057655
0.999957756839465 -0.005364778719610866 0.007463490193939401 57.6916016607059 0.005335486135492852 0.9999780075058334 0.003939174070938971 0.22198438439902124 -0.007484458850403465 -0.0038991863193241663 0.9999643889768094 0.591462535169996
0.999957385586017 -0.00529026851290051 0.0075657168225650205 59.142159549326074 0.005269499481394111 0.9999823004519705 0.00276245506768294 0.23933713283075833 -0.0075801970418596055 -0.002722469806406195 0.9999675638594283 0.6018193185980218
0.9999512037807301 -0.005039329347931865 0.008496776870773548 60.53752608123389 0.005021587196509023 0.9999851695801854 0.0021081465119514955 0.24113621061782622 -0.0085072745045929 -0.002065376336426175 0.9999616795163165 0.6169782151719881
0.9999414459200887 -0.004392130713741076 0.009890091962950195 61.99856621819738 0.004393161914169865 0.9999903466108976 -8.254340048929025e-05 0.2578525348148695 -0.009889633948639712 0.00012598734257569214 0.9999510884376052 0.6225003509201313
0.9999496184966938 -0.004001482082854901 0.009205900795530152 63.38847195812154 0.004016810942024476 0.9999905758942312 -0.0016472257221761784 0.26412893020366146 -0.009199222693933652 0.001684121095514688 0.9999562680627404 0.6327832578135163
0.9999593689117818 -0.0035125669493234913 0.008301951516216906 64.80221728048454 0.0035345321799660624 0.9999902881979819 -0.002632601752232708 0.2753024546073482 -0.008292623699401794 0.0026618383015492566 0.9999620727852815 0.6428560443645459
0.9999611712572146 -0.002833203729285845 0.008344395396180565 66.25604563531543 0.0028532871390217055 0.9999930591987015 -0.0023958937632222836 0.2774824170208339 -0.008337549424245229 0.002419609689746444 0.9999623146691817 0.6581689279405555
0.9999620195956281 -0.002122045276355803 0.008453182245614168 67.62132190092348 0.0021300568124530436 0.9999972906929061 -0.000938863580589059 0.2939916095899836 -0.008451167032321214 0.0009568336805997958 0.9999638304684322 0.6641349086662603
0.9999508425195232 -0.0016272022429887254 0.009780836229909723 69.09645900975427 0.0016081391691790507 0.9999967928526883 0.0019565716828657182 0.3101110035677233 -0.00978398859915803 -0.0019407465568827725 0.9999502522975298 0.6762403494631583
0.9999406678247584 -0.0008439804042353952 0.010860411007576948 70.46201607131623 0.00078694277418452 0.9999858822905592 0.005255087120323528 0.3232230177507877 -0.010864692874002038 -0.0052462288026065085 0.9999272151172326 0.6849299969386412
0.9999280061666798 3.774599910415584e-05 0.011999210756044687 71.92044222210995 -0.0001474905133509421 0.9999581706839621 0.00914522437847818 0.34206137598275144 -0.011998363641634568 -0.009146335748472813 0.9998861854292713 0.6952821179557037
0.9999329076306145 0.0003932690339174903 0.011576941601822502 73.27893659236318 -0.000546986177327962 0.9999116978299354 0.013277701193269301 0.3485242456327619 -0.011570697624035429 -0.013283142787868182 0.9998448264976771 0.6965672819312102
0.9999382523652027 0.0010777303150663897 0.011060287256319808 74.68315521419653 -0.0012666976854599358 0.9998531109422804 0.01709245494414265 0.3639456128980173 -0.01104024156429441 -0.017105409565745074 0.9997927375360306 0.7064102195402
0.9999371966173641 0.001830121135284167 0.011056829456818499 76.1291504095795 -0.0020272698474570854 0.9998386980051668 0.017845675899180055 0.3715288568845945 -0.011022386219534061 -0.017866970307334445 0.9997796149022365 0.6942257456884617
0.9999291912752952 0.002215080418711048 0.011692127876176345 77.48685205652845 -0.0024301928336632047 0.9998274571869569 0.018416026114640452 0.37715250147989593 -0.011649317504705119 -0.0184431362246921 0.9997620437523481 0.7073140229233665
0.999925119514314 0.0024377960463684697 0.011992185568991105 78.89825873430415 -0.0026491660658692494 0.999840867862742 0.017641453189417285 0.384464234161471 -0.011947270962033761 -0.017671901479899235 0.9997724574195093 0.7228301515714108
0.999939876930144 0.0019679457339916444 0.010787479525663824 80.2961916416123 -0.0021476064242509025 0.9998587669366475 0.016668352245298754 0.3776268712944224 -0.010753153564190756 -0.016690517353123116 0.9998028787310577 0.7249653897751688
0.999936858518828 0.001836718147902535 0.011086272680329003 81.66680913861565 -0.0020149603168754904 0.9998685488386535 0.016088038357934337 0.38280979901182427 -0.011055266184894002 -0.01610936093487619 0.9998091165716839 0.7334753216877619
0.9999324640481472 0.0013733180993588156 0.01154042200262873 83.08963629965018 -0.0015585283984612688 0.9998698923930801 0.016055194644772605 0.3900523122435728 -0.011516871616544728 -0.016072096417341412 0.9998045055834265 0.7415668881511979
0.999941161344893 0.0011608840563581825 0.010785462272632626 84.4137147014874 -0.0013334609596225297 0.9998709826924536 0.016007493604446935 0.40195934780905473 -0.010765487917221908 -0.016020933737923654 0.9998136996221192 0.7435423814772386
0.9999377019816915 0.00021687854534724985 0.011159978461918362 85.84381241691786 -0.0004043224503220404 0.9998588459622115 0.01679656734189982 0.4021687107023796 -0.01115476037080489 -0.016800033178877297 0.9997966444263847 0.7480273366994712
0.9999242150797798 -0.0009152146817018175 0.012277071278305025 87.19831976142211 0.0007142727465176603 0.9998658838811191 0.016361664495764625 0.4117856045869019 -0.012290399160717558 -0.016351655350905 0.9997907628377828 0.7591275508746503
0.9999104224754779 -0.0019271542353773668 0.013245116136311557 88.55826048753354 0.0017233522439083703 0.9998802174935182 0.015381180779055655 0.4149903624891522 -0.01327317151078557 -0.0153569769703429 0.9997939718643925 0.7651879318024453
0.9998993661738711 -0.0030853044579001606 0.013846964342152974 89.96855120756659 0.0029127957753052936 0.999918114268465 0.012461154784709735 0.4168749665541512 -0.013884276929756125 -0.012419567391789137 0.9998264755446009 0.7635415755288063
0.9998940625177813 -0.0038216223804552092 0.014044890318847543 91.31703462735977 0.0036571208593622873 0.9999246350191838 0.011719630914501051 0.4265181424090018 -0.014088619829751629 -0.011667025504956923 0.9998326816558656 0.7790191306212542
0.9998972795735909 -0.004347479749070638 0.013657588409521368 92.71064133334312 0.004197401122738418 0.9999307085888179 0.010998174615786645 0.43915396676184276 -0.013704456397366001 -0.010939718501676365 0.9998462433964319 0.7807465257217212
0.9998912704422224 -0.004509020476623332 0.014039801557717104 94.01282529892266 0.004394741853678258 0.9999570505501055 0.008159859016765544 0.44801111339027566 -0.014075991527356526 -0.008097270495380088 0.9998681416432101 0.7927904257496551
0.9999038228425725 -0.004695204941558862 0.013049908634395082 95.42601352552829 0.004584893998153304 0.9999536169382625 0.008470107384920877 0.46356709884907726 -0.013089072229726443 -0.008409460306295203 0.9998789712587829 0.7834726340839846
0.9999069085226387 -0.004617020968281949 0.012839680918066079 96.76096155680473 0.004519670093877593 0.9999608998936661 0.007600741154124659 0.4699058853081054 -0.012874271666459967 -0.007542002468041266 0.9998886794677846 0.7817729693075487
0.9999131802307686 -0.004447814790810596 0.012403585948309967 98.10975856109695 0.004326592309775478 0.9999427856273575 0.009782947959872735 0.4795510839177126 -0.012446389025555069 -0.009728433347010861 0.999875214706734 0.7947671239196626
0.9999110578040366 -0.004130197906030605 0.012681401597210186 99.47476883583347 0.003989298775840951 0.9999302580793373 0.01111595576938904 0.5046219763362259 -0.012726428269148361 -0.011064377192004978 0.9998577986798238 0.7946264186224342
0.999895041714282 -0.004014890862728805 0.013920711424159583 100.81624697447383 0.0038502944310902227 0.9999226035447416 0.011830560134644669 0.5126321425865934 -0.013967132418226226 -0.011775719581660597 0.9998331118943531 0.7927894650901818
0.9998666536355177 -0.004027825745104078 0.015825661675853767 102.1581979436481 0.0038487336258498537 0.9999283978865471 0.011330770032112915 0.5276909237980865 -0.01587016689227818 -0.01126835035887917 0.9998105630983306 0.802562769896587
0.9998878697781971 -0.0037624909855153623 0.014494534556272951 103.50546952134941 0.003601375799326395 0.9999316221885767 0.011125692772746599 0.5405404002021101 -0.014535403770487466 -0.011072244980374818 0.9998330497779734 0.8033339337573326
0.9999192065588706 -0.0036572445391896717 0.01217394418664003 104.8161724327495 0.0035209128850846143 0.9999310646435453 0.011201300517432842 0.5519088280003924 -0.012214070866607267 -0.011157532128869873 0.9998631536113625 0.8011002688811667
0.9999330998600261 -0.0036514996629789316 0.0109755343619508 106.16701995279341 0.0035359294084612797 0.999938297492911 0.010530831410529351 0.5572333833060239 -0.011013310471310463 -0.010491318181709947 0.9998843129258868 0.8050451711481927
0.9999188804077979 -0.0033378079943868102 0.012291934014166313 107.50835523763112 0.0032254126910092012 0.9999529147133925 0.009152325888186185 0.5700007970770021 -0.012321903951447116 -0.009111936895276096 0.9998825647489947 0.8138476501108123
0.999892924826713 -0.0028250783425619415 0.014358196747482413 108.8673065470077 0.0027497518045084294 0.9999823682381993 0.005263276330944689 0.57580427081911 -0.014372812755150946 -0.00522323128730362 0.9998830632171067 0.8086798481994946
0.9998805549368666 -0.0020111966573908065 0.015324194828741792 110.15937271279532 0.0019430956641245175 0.9999881769693197 0.004457611559640363 0.5893668459064071 -0.015332978783784874 -0.004427302743418269 0.9998726412658936 0.8184065835427606
0.99989768103712 -0.0012529331932653637 0.014249828595567695 111.49891160378678 0.0012033964593167307 0.9999932055574793 0.0034843472614936245 0.5953183984042634 -0.014254097430267159 -0.003466842553417738 0.9998923950651681 0.8212614757532153
0.999925258287481 -0.0006033099767183289 0.012211218439881088 112.8121587515777 0.0005430052166067576 0.9999876448409821 0.004941185153449391 0.6031890549549755 -0.012214048634635348 -0.004934185085495169 0.9999132316523734 0.8187836225991958
0.9999474788237855 0.0005217692159453811 0.010235592354152077 114.15608941025963 -0.0005997041557489134 0.9999708445194186 0.007612520347835783 0.6051858107611064 -0.010231321951764698 -0.0076182588565844945 0.9999186377816515 0.8364343491205384
0.9999498549068115 0.001883730664982771 0.009835610333300557 115.47712396569328 -0.0019872861959859597 0.9999425885488912 0.010529496650760535 0.6224941775156836 -0.00981521092091091 -0.010548514820814219 0.9998961898465526 0.8196499594840111
0.9999241355799109 0.0033313762562743703 0.011858541942714497 116.82711122547806 -0.0034716687968059184 0.9999240006139881 0.011829645467314204 0.6312503160062639 -0.0118182317007779 -0.011869916948159103 0.9998597073945477 0.8260839212766419
0.9998911059766649 0.004220816073592333 0.014140753177777982 118.16461119228417 -0.00438468483206389 0.999923364928301 0.011577513091653457 0.6353777447508285 -0.014090802946794845 -0.011638255115645252 0.999832986198284 0.82614702802508
0.9998713509808674 0.005082301709116946 0.01521353663788671 119.5186251306524 -0.00524845287834474 0.9999268045663775 0.010901341754908934 0.633879695333423 -0.015157019168642927 -0.010979786838141856 0.9998248391847996 0.8343603233873254
0.9998692630246953 0.006097255975620416 0.014975991720771218 120.84402946559062 -0.006259548363919785 0.9999219349405264 0.010813976099174737 0.6291517050709641 -0.014908887038695948 -0.010906305257122342 0.9998293742398779 0.836238250608781
0.9998680107865551 0.007517964987631744 0.014402819452529981 122.18334392781837 -0.0077086048226971265 0.9998828075185523 0.013226815206445742 0.6289319424941254 -0.014301692816758558 -0.01333609505300247 0.9998087867944112 0.8317803749946254
0.999863287070907 0.008565010175589307 0.014143824392751466 123.50597494999187 -0.008781441015385518 0.9998442083790491 0.015311605551539912 0.6272443837612515 -0.014010476846069325 -0.015433715416732762 0.999782729880338 0.8292603114341625
0.9998645168524782 0.009747312768717844 0.01326415595312403 124.84161904038494 -0.009959696391599207 0.9998217275536442 0.01604112089080428 0.6292290673863793 -0.013105433497109941 -0.01617105455544016 0.9997833488348451 0.8331421773720604
0.9998577276662375 0.010877818288654811 0.012891760755890842 126.1812590235131 -0.011090892970751581 0.9998011379523265 0.016573371483936634 0.6199789090735609 -0.012708914950516171 -0.016713994690445422 0.9997795386295262 0.8235740283461673
0.999853426797836 0.011739135447103676 0.012462648979209979 127.52478967518539 -0.011944892581359145 0.9997914237075578 0.016565887299943467 0.6101922906371613 -0.012265580371276395 -0.016712324188131074 0.9997851037890025 0.8342985124681044
0.999829822818225 0.012734607993188998 0.013347477759356262 128.8448186088205 -0.012954177597203565 0.9997800282980335 0.016494977998271695 0.6096463940626916 -0.01313448461329231 -0.01666507652677194 0.9997748549239974 0.8338562060164756
0.9998065323691516 0.01358797455415369 0.014221982262967245 130.20292110919198 -0.013824882370085135 0.9997650595044347 0.016694263132802697 0.5986292693440562 -0.013991799720757595 -0.016887650565120593 0.9997594894768265 0.8344185152018935
0.9997928797848229 0.013898340047505425 0.014867201333628892 131.53516848772514 -0.014123901768744358 0.9997850803879916 0.015175916196525184 0.5794886504211052 -0.014653086036654866 -0.01538275584870937 0.9997743034765905 0.838755656245956
0.9997893324618489 0.01392975898028807 0.01507489669091772 132.88703342334398 -0.014136913494712404 0.9998058878486319 0.013723494454836982 0.5636981953932134 -0.014880805500166195 -0.01393371587050658 0.9997921850013163 0.8395588131396278
0.9997757387688138 0.013786613846617718 0.016074870074649236 134.21878303373208 -0.013979989897765993 0.999830504853723 0.01198004367302045 0.550881624450532 -0.015906981226209004 -0.012202083534928172 0.9997990183560272 0.8276894958640169
0.9997768458351969 0.013255812684116802 0.01644815983351158 135.55927663855678 -0.01343508561341498 0.9998510171866648 0.010837061656746154 0.5336841400764594 -0.01630205528101734 -0.011055625756849586 0.9998059892462834 0.8434899089828218
0.9998000602226319 0.012108602497290056 0.01591292947210852 136.8919946651423 -0.012273862198140025 0.9998713243373628 0.010328943536931 0.5225338662262925 -0.01578581279385855 -0.01052219147376916 0.9998200296058419 0.8362263514323671
0.9997892533629906 0.011072208173242244 0.017287425084206432 138.24426425695353 -0.011204211500365158 0.9999086691764469 0.007557708015131054 0.5098298920602153 -0.017202165692980265 -0.0077498072205235335 0.9998219971492506 0.8358465872310281
0.999798665808349 0.010038182485386129 0.01737419754219823 139.57420120600926 -0.010161050413522726 0.9999238869990781 0.006998089964311873 0.49280107585502125 -0.017302627035773777 -0.007173221106646586 0.9998245666098707 0.830599025696724
0.9998015465623897 0.008745701323548533 0.017899167573178817 140.92554535415198 -0.008838645213150902 0.9999478299406459 0.005120131618325814 0.48804475843813233 -0.017853454630673 -0.005277319902395203 0.9998266870075024 0.8312570294611046
0.9998228589519893 0.007606296904293421 0.0172161251294932 142.2413349114335 -0.007698730193187162 0.9999562705439075 0.0053091009909593066 0.48639715349409457 -0.01717498967927315 -0.005440702833589891 0.9998376960698139 0.8255388516977723
0.9998363213439304 0.006545820265757808 0.01686661668755981 143.59198046450877 -0.006636978762574793 0.9999636399357091 0.0053543738599972895 0.478170741665839 -0.016830954647369466 -0.005465440840031615 0.9998434117010935 0.817055028887907
0.999873803705081 0.0058241505307090845 0.014780254900666766 144.95836707382625 -0.0058586275104923246 0.9999802150525563 0.0022904120015368526 0.46057159648319407 -0.014766622769826055 -0.002376714968001556 0.9998881427829488 0.8134187812344553
0.9998944028049728 0.004665428851008596 0.013762885341494604 146.26765648176507 -0.004634489360042006 0.9999866635718444 -0.002279075870241999 0.4761045734739463 -0.013773334660081701 0.0022150512605442125 0.9999026896654767 0.8130317928349701
0.9998537602945126 0.0037231194923346804 0.01669120745090888 147.66027166857265 -0.0035623051113637923 0.999947052987276 -0.009654077084598377 0.46242326179356186 -0.016726266983909766 0.009593206101591567 0.9998140839123418 0.8189358263473787
0.9998254808365263 0.002365403197139094 0.018531398698527067 148.9592740868728 -0.0020555842916487664 0.9998581007174537 -0.016719838602866827 0.4499194517942022 -0.018568318266034042 0.01667882781855347 0.9996884686037797 0.8174635501159467
0.999880856098967 0.0015228192011329468 0.015360814707471726 150.2670106259089 -0.0012270814968682558 0.999814067535027 -0.01924382056829015 0.4200210467098194 -0.015387263492793722 0.019222678812932506 0.999696814409978 0.8142667485544856
0.9999265030389142 0.001438109922272287 0.012038287262723591 151.67058592802525 -0.0012058331309134423 0.9998133981603644 -0.01927990729969828 0.4412583716864676 -0.012063767522162492 0.01926397411948089 0.9997416490345369 0.8073046545250858
0.9999486763299659 0.0024933377582317343 0.009819774578496115 152.97583291611386 -0.0023467876913627287 0.9998861256190964 -0.014907326452592932 0.44206940206579093 -0.009855825357663913 0.014883516427776217 0.9998406591278749 0.8099535916858379
0.9999435510157453 0.003364151297181485 0.010078554860254106 154.3480079911723 -0.003210163123250566 0.9998784641147657 -0.01525620700631639 0.44741604185639655 -0.010128654142757649 0.015222992003779258 0.9998328214655234 0.8118797566771176
0.9999110316657875 0.003886903074115518 0.012760122944261414 155.66731067782436 -0.0036352983469993836 0.9997996743223697 -0.019682373607158358 0.4473420878531119 -0.012834070242465512 0.0196342356453184 0.9997248538631194 0.7964922856676183
0.9998570713510182 0.004371444968932863 0.016331789193123305 157.02071479096873 -0.0039461957020650315 0.9996546678854065 -0.02598023314750189 0.44253355337434064 -0.0164397204613105 0.025912071391556952 0.9995290391716255 0.8057552049927996
0.9998432404630266 0.004472705945760292 0.01713153238671871 158.36538771098043 -0.003973306938985166 0.9995693420648414 -0.02907478694726182 0.4239481728112003 -0.017254197528805675 0.02900216036061477 0.9994304214711769 0.7921458658858826
0.9998346625686967 0.004363475142066618 0.017652410906875818 159.69479164669838 -0.0038324773956171405 0.9995424450853002 -0.030003542955986572 0.41626684354031185 -0.01777525367337145 0.02993092978148548 0.9993939062247994 0.8095363374126282
0.9998230928595512 0.005434988174543756 0.018006773400687712 161.06150060680943 -0.00490427046338722 0.9995560654305597 -0.02938741554135473 0.4211957141208539 -0.01815849982743874 0.029293906610776226 0.9994058914772795 0.7929759734923443
0.999818400912818 0.00660876118587154 0.017874268424851947 162.40278412456217 -0.006132447300833501 0.9996280702660112 -0.026572809906995554 0.42082490283921387 -0.01804323380766434 0.026458371299816225 0.9994870666006254 0.7802320222158261
0.9998412485520594 0.007491008285874205 0.016166709273068253 163.76161517730256 -0.007096302120858568 0.9996786604316835 -0.024335537259824878 0.42342228269482834 -0.016343811980943895 0.024216950104746688 0.9995731184548511 0.7729702609214724
0.9998429272832878 0.008088766505282308 0.015769991059263876 165.0987980636674 -0.007721943294721484 0.9997013788032091 -0.023184581314221884 0.4218654176629443 -0.01595281647043385 0.02305916467233112 0.9996068139880175 0.7581597953561905
0.9998248617273946 0.008280649314493205 0.016783227303674632 166.45343388345356 -0.007891647421688424 0.9997017066326288 -0.023113192267213905 0.42016133973278547 -0.016969613217990117 0.022976696950167172 0.999591968567421 0.7402266786330522
0.9998249393299395 0.008111518123839426 0.016861019174698483 167.78185535449856 -0.00775768024235044 0.9997505090177854 -0.020946076385247626 0.41334805991847884 -0.017026716980685704 0.02081160715576303 0.9996384185876681 0.7429034805231054
0.9998598422385124 0.0075950535641131165 0.014920155499704312 169.167222042182 -0.007301265777977928 0.999780311065273 -0.019647420295436552 0.4059062652616026 -0.015066100916177102 0.019535730536236837 0.9996956375995643 0.7403740185622658
0.999902733883413 0.006964513460196393 0.012083804232909586 170.5828734552349 -0.006773501179246239 0.999852594299434 -0.015776861362967527 0.41072312846261894 -0.01219190117460317 0.015693477146709427 0.9998025166605625 0.737658889993596
0.9999236663802906 0.0065848890773247855 0.010454695042738613 171.93308132359658 -0.006526087808084824 0.9999627511842342 -0.005648576987028603 0.4148817847434257 -0.010491500870633393 0.005579917552845316 0.9999293939721869 0.7706255994284115
0.9999081845084139 0.006919528975483141 0.01165086571226972 173.2887868933233 -0.006875939799083644 0.9999692266625984 -0.0037771920369916233 0.4167783685258984 -0.011676643565994065 0.003696734581003157 0.9999249922611548 0.7552897446824771
0.9998736162089326 0.007521101114244525 0.014006592994077376 174.70526820604323 -0.007543793136134678 0.999970315892817 0.0015679663066868231 0.4256225286086504 -0.013994384387733351 -0.0016734309812500708 0.9999006734843013 0.771678947857958
0.9998327417601182 0.007534533714088633 0.016664912425701253 176.03746846428965 -0.007551681336592283 0.9999710187900854 0.0009662757935340033 0.42498511461231975 -0.016657149018832546 -0.0010919622840866493 0.9998606637951784 0.7590240645634535
0.9998208115489408 0.006689603787822457 0.017708585340999197 177.44155019364652 -0.006655076141579955 0.9999758386920319 -0.002007982499221206 0.4189003399537536 -0.017721590085747765 0.0018897707081434007 0.999841174392965 0.7493977433461874
0.9998197984507515 0.005357187885392324 0.018211841308860704 178.85364838878388 -0.005285007504423435 0.9999779972721358 -0.004009197835821866 0.41204194212243844 -0.01823291862474868 0.003912225654173909 0.9998261124659897 0.7452904655721926
0.9998909324088515 0.0031983392294384094 0.014418526718457857 180.18453531205276 -0.003132828689651316 0.9999846784541258 -0.004563796818456579 0.4067801438013817 -0.014432902374738954 0.00451812828196501 0.9998856323829587 0.7502785982343407
0.9999484145305854 0.0014671251861699344 0.010050662737194028 181.60428820957046 -0.0014459646047344944 0.9999967236085214 -0.0021123348655714 0.41691535467732627 -0.010053728866971187 0.0020976929972136922 0.9999472597192108 0.7489680642769565
0.9999547447049796 0.0010031466695063884 0.009460562285538248 182.9999824792395 -0.0010192936115323088 0.9999980319524642 0.0017020962757958303 0.44552917201323533 -0.009458836214491709 -0.001711662337625869 0.9999537992475 0.7452663341771357
0.9999514556207679 0.0005694038542331996 0.009836776970038855 184.3284063245239 -0.0006421664480891725 0.9999724473042246 0.007395421195085658 0.46154086781472514 -0.00983229495898343 -0.0074013790370820775 0.9999242699145715 0.7439321125458613
0.9999061596700453 0.0009184926233925732 0.013668512179553245 185.7788364627128 -0.0010128007471688159 0.9999757208544253 0.0068943408908124825 0.4527473297766548 -0.013661847918504886 -0.006907537402936607 0.999882813052849 0.7338508461824935
0.9998693380577905 0.0012425416977681924 0.016117161722988667 187.13694921733702 -0.001404106123223923 0.999948843462864 0.010016932827746652 0.465702573606069 -0.01610389076808424 -0.010038254201312637 0.9998199328652733 0.7601164179508014
0.9998563236167465 0.0014530366851712396 0.016888481518343584 188.59453303488357 -0.001565612473039799 0.9999766328132618 0.006654523652013862 0.46503251939445645 -0.016878417615053504 -0.006680008371439087 0.9998352346796793 0.7310815730719381
0.9998421380788831 0.0013107268023290098 0.01771950668323347 190.0099014409464 -0.0013946749286828386 0.9999878594332421 0.004726083787408052 0.46148871633470995 -0.01771309695368946 -0.004750050670461746 0.999831827466468 0.7216306143776275
0.9998327179018571 0.0014411011136958507 0.01823347033796742 191.36381614420594 -0.0014709497369211164 0.999997599920089 0.0016237182432131722 0.46384963310408933 -0.018231086634012926 -0.0016502671426154465 0.9998324380107404 0.7110174527309958
0.9998296158038882 0.0019177781552796812 0.01835923441749216 192.82138591102918 -0.0019292042922883375 0.9999979562680273 0.0006046739345587695 0.4676294808918621 -0.018358037265675024 -0.0006399896215178736 0.999831272205984 0.7141181918217985
0.9998143072382837 0.0022840056871935807 0.01913463769324506 194.1771029428135 -0.002245598357861504 0.9999954213068692 -0.002028460823452398 0.4648838241431699 -0.019139183097667913 0.0019851154419778315 0.9998148583548035 0.702421091452875
0.9997802636233525 0.0027109253197387002 0.020786422326379984 195.63907200732098 -0.002566871863430403 0.9999725280772648 -0.006953722715261181 0.46049958006373676 -0.020804702306367134 0.006898838646816551 0.999759756335125 0.6906713205368545
0.9997617907265838 0.003047533477354505 0.021611902805607184 197.03576567399244 -0.0028183334885870546 0.9999395515346301 -0.010627806597323302 0.4530621071287447 -0.02164298499564505 0.010564365405806613 0.9997099456262556 0.6889419221379395
0.999829028071619 0.0030399663847827134 0.018239331943385666 198.4898740022234 -0.002949940974057602 0.9999833447083719 -0.00496066065227732 0.45994359244300514 -0.018254108403622283 0.004906007565920327 0.9998213433489765 0.7069053314885394
0.9999116543423872 0.0033506871751773472 0.012862985879049932 199.91547242692255 -0.0033652336535288734 0.9999937221962225 0.0011094010101676136 0.47715024201502176 -0.012859187872011693 -0.0011525899523708596 0.9999166529384707 0.6952878019005043
0.9999111638528302 0.004648700143813068 0.012492157117626428 201.34812079260857 -0.004781428850108173 0.9999322149764501 0.010616185305554197 0.48894813914349383 -0.012441958874305343 -0.010674972564996311 0.9998656122800237 0.6818223512429995
0.9998560248795919 0.005748594483162601 0.01596506102239631 202.76670536335396 -0.0060039813722266204 0.9998540450896046 0.01599502190173194 0.5054300004108497 -0.015870781948682966 -0.01608857294551264 0.9997446054372657 0.6660540150451275
0.9997976870626578 0.006825201760670249 0.018920929287059466 204.2338967432348 -0.007170973810628098 0.9998074215823862 0.018267372098577178 0.5012320161149468 -0.018792607024227553 -0.018399357861260644 0.9996540909492273 0.6690487597965202
0.9998022514276711 0.006267815421952222 0.01887253374606569 205.6790773712843 -0.006581806500833746 0.9998401887921405 0.016621573309479776 0.49270368655422125 -0.018765336750126094 -0.01674250178238502 0.99968372537054 0.6454710224577319
0.999804239862516 0.004934034741183773 0.019160826028890254 207.14305367546936 -0.005183887005050098 0.9999019022207122 0.013012042534525054 0.48384221913945036 -0.01909474452448839 -0.01310882285234674 0.9997317387654402 0.6413854804763982
0.9998159401773301 0.0038169392529409777 0.018802040901475216 208.56834970898808 -0.004015633859266721 0.9999363755989613 0.010541320539724924 0.4782344794600658 -0.018760609052738648 -0.010614882418202957 0.9997676549174903 0.6316301111575637
0.9998274471679164 0.0033075557382758877 0.01827938633339808 210.05260744595142 -0.0035061350700397774 0.9999350745604157 0.010842217518869058 0.48486340388037574 -0.018242338297434886 -0.010904436661012441 0.9997741296685707 0.6186595012286327
0.9998258947552138 0.003110730577481929 0.0183984654852086 211.51807575305554 -0.003329792599183796 0.9999237921038627 0.011887912595476969 0.48710427662713185 -0.01836008328364863 -0.01194710592175352 0.9997600582149259 0.6075608981333006
0.9998095669507657 0.0029648889878684166 0.01928831944498389 212.9313220006118 -0.003210468527972882 0.9999140255391371 0.012713552687931893 0.48868300936903764 -0.019248966869757522 -0.01277305614986254 0.999733127545066 0.5920764197111141
0.9998130397596856 0.0025537012316396612 0.01916674559013095 214.37020138754252 -0.0027971279069032864 0.9999156371510448 0.012684425737587126 0.49853519331439583 -0.01913273639523905 -0.012735666093277647 0.9997358357122099 0.5928481422105543
0.9998261523230586 0.0022473471970751906 0.018509850389561083 215.83153410194197 -0.002493146098302292 0.9999088812696725 0.013267003450839992 0.5011292161632018 -0.0184783482324762 -0.013310844774388982 0.9997406523984065 0.5901596518658527
0.9998319725658309 0.0019610287633230377 0.018225833350197927 217.3034491904704 -0.0021818012997421622 0.9999243976670864 0.012101185611459826 0.5044180617389371 -0.018200724661622973 -0.012138917427183473 0.9997606615112877 0.5698973869388088
0.9998306606394571 0.0014428789950031054 0.018345793672460982 218.78827427949957 -0.0016920215078455388 0.9999064632056359 0.013572100162223034 0.504844888354633 -0.018324494767488642 -0.013600843348932638 0.9997395810668467 0.576684955950739
0.9998371783305386 0.0012024877540758802 0.018004745241958196 220.26344272317178 -0.0014660035285330433 0.9998919030422417 0.014629868906410607 0.5093842928656642 -0.01798520674556863 -0.014653881866786315 0.9997308618245979 0.5698306606479452
0.9998394151514912 0.0011967337646525658 0.01788048483181174 221.7570978967254 -0.001422874486671365 0.999919099841304 0.012639984206931982 0.5113190300978282 -0.017863911601866175 -0.012663396102659458 0.999760230786076 0.552646668928655
0.99983822446877 0.0006845731841922679 0.017973765623621348 223.25420466986657 -0.000928425497434878 0.999907596925381 0.013562287307297295 0.5150960508143846 -0.017962820414208356 -0.01357678056335335 0.9997464719179066 0.5456661273807498
0.9998414724077072 0.00035589237325121554 0.01780178064708442 224.7311398454468 -0.0006005377052162655 0.999905431191885 0.013739287733902865 0.5241841662765166 -0.017795207446187906 -0.013747800318197154 0.9997471323181468 0.5359520336951483
