1.0 -2.1684043449710093e-19 -2.5135375298442207e-37 0.0 2.1684043449710093e-19 1.0 2.3183291766350204e-18 -8.673617379884035e-19 -2.51353752984422e-37 -2.3183291766350204e-18 1.0 0.0
0.9999996051917989 -0.0005752605321510217 0.000677267721610383 1.3273296131564947 0.0005753941083097035 0.9999998150465057 -0.00019704967556571635 -0.005147294397329037 -0.0006771542414461252 0.00019743929362565135 0.9999997512398984 0.014190926913472833
0.9999991949433092 -0.0005967494779263065 0.0011198226618697432 2.628292109638085 0.0005974884623972986 0.9999996039058764 -0.0006596935863360372 0.0026109771196390695 -0.0011194285465113297 0.0006603621363656997 0.9999991554004325 0.02238872817330788
0.9999988872748349 -0.001117982926636402 0.0009877060635002097 3.952068913162743 0.0011192782555432775 0.999998513100449 -0.0013118738802854152 0.0010290909243763538 -0.0009862379422804482 0.0013129779384500793 0.9999986517109183 0.04942137746404745
0.9999992821443365 -0.0005474306212199864 0.0010658473279201277 5.267740877157508 0.0005495005897131223 0.9999979618565761 -0.0019427639577488751 0.012071868060146682 -0.0010647816270901312 0.0019433482468600017 0.999997544815825 0.054373423007450884
0.9999984227272785 -0.0009066756234279397 0.0015272466301206708 6.589238739993435 0.0009101348451881187 0.9999970188182309 -0.002265835213452324 0.00541542470836749 -0.001525187699566118 0.002267221639987519 0.9999962667472896 0.06502565319406606
0.9999967102503768 -0.0006760305557410519 0.002474362768808948 7.92429047642065 0.0006848693568307137 0.9999933821118684 -0.003573050017964958 0.011495240015391416 -0.002471930902763611 0.0035747328787630477 0.9999905553766284 0.09339318125345765
0.9999957501914396 -0.0004940095026026021 0.0028732479306749947 9.23996116783227 0.0005043316540459898 0.9999934183791634 -0.00359288852292595 0.028083378439690235 -0.002871454098974428 0.0035943223237189107 0.9999894177432033 0.10374599477524664
0.9999967710920995 -0.001050772799946953 0.0023138024760362193 10.571777577076865 0.0010581512604536342 0.9999943521629684 -0.003189977754666479 0.023908076781415367 -0.002310437466199872 0.003192415807528563 0.9999922351498669 0.11967969255779266
0.9999995872641368 -0.0009084353337945112 -1.4724136773324488e-05 11.892859175313017 0.0009084254017602859 0.9999993688767297 -0.0006610668889360453 0.042682065634874936 1.5324664000490253e-05 0.0006610532403101685 0.9999997813868602 0.1271993531067222
0.9999992906587156 -0.0009340600094961055 -0.0007390628960228111 13.230849534657908 0.0009355724504711779 0.9999974636847216 0.0020487382247571183 0.04035277485823076 0.0007371473770806247 -0.002049428218387199 0.9999976282260484 0.14481480017451084
0.9999994118431507 -0.0007583566762018895 -0.0007753763630937784 14.571397515910515 0.0007628831606788417 0.999982572694851 0.005854256218350656 0.06544860567825117 0.0007709232360859109 -0.005854844296700356 0.9999825630857898 0.15853183525748013
0.9999999311385702 -0.0003683740130843195 4.498267905040197e-05 15.921907774167018 0.0003681019745967298 0.9999824983760678 0.005904866001356052 0.08356940574770096 -4.715709096611445e-05 -0.005904849036525556 0.9999825651150448 0.17749313634226052
0.9999956490329759 -0.00018187752289538616 0.002944288655026634 17.264332554541774 0.000169140866762547 0.99999063043078 0.004325556844907025 0.0710074450507958 -0.0029450477898743713 -0.00432504002501672 0.9999863102674443 0.19611911832655723
0.9999871383518112 -6.860453690939706e-05 0.00507133358920913 18.630105867856077 6.944594584306229e-05 0.9999999838539516 -0.00016573882140632267 0.08055141777584456 -0.005071322136892043 0.00016608887328969886 0.9999871269702776 0.21620745490234897
0.9999941863052064 -0.0003990678101602103 0.003386458425974027 19.966107793563296 0.0004060366336693148 0.9999978010924901 -0.002057412072685395 0.06911912671011312 -0.003385629932534718 0.0020587751376988828 0.9999921494466305 0.2406822703190863
0.9999995781150841 -0.0002491052254052581 0.0008841471825797383 21.321684503130996 0.0002517384447500832 0.9999955298965914 -0.002979398360580251 0.0753828605236007 -0.0008834010466502192 0.002979619677453697 0.9999951707229233 0.23118856066333168
0.9999999806034399 4.748789669790651e-05 -0.00019114920784131823 22.674251956683484 -4.764976195837087e-05 0.999999640257483 -0.0008468851190466476 0.08692210981123831 0.0001911089222837728 0.0008468942108342415 0.9999996231237167 0.279663608018173
0.9999991276723311 0.0007927548289436133 0.0010565009977036145 24.040783997246745 -0.0007941296154895817 0.9999988377529822 0.0013014802491020281 0.09566000513849797 -0.00105546801503623 -0.001302318112515867 0.9999985949764145 0.2582577573356817
0.9999822746909584 0.0016209671330970734 0.005729115939668353 25.430249274441437 -0.0016314682947453502 0.9999969969908844 0.001828748319630713 0.10691347692216918 -0.0057261343941601315 -0.0018380627755140771 0.9999819162915564 0.2761796420056776
0.9999768196765362 0.0017222377285344035 0.006587412755166199 26.803970505378444 -0.001724440536544941 0.9999984591191008 0.0003287312887183664 0.09798259232728414 -0.006586836451319728 -0.00034008327020672297 0.9999782487279075 0.2946092384774968
0.9999805362132312 0.0017090191270332329 0.006000537336115062 28.172912599984887 -0.0016847159079803426 0.9999903678403574 -0.0040528951153515555 0.09540228905893276 -0.0060074060132534945 0.0040427070299586506 0.9999737834527773 0.3129574913504184
0.9999919454605607 0.0015810822692439118 0.003689063954568024 29.533357119393546 -0.0015660360708807449 0.9999904589829568 -0.00407792521757655 0.10370793852876857 -0.0036954762924027726 0.004072115164546415 0.9999848805522307 0.3115500020389233
0.9999955872394886 0.0023502708098186846 0.0018170659512301486 30.92165467068288 -0.00234265123222107 0.9999885023339855 -0.00418415882070889 0.10438642752763246 -0.0018268789655526724 0.004179883605228396 0.9999895954890191 0.3479865804906979
0.9999959012952842 0.002775185392351184 0.0007040871183915772 32.30570024160727 -0.002773861731790222 0.9999943968366886 -0.0018740294342608863 0.11498255941450024 -0.0007092839523872642 0.0018720687128540537 0.9999979961354969 0.33426990063389406
0.9999933247660326 0.0033732060904615993 -0.0014042450097419305 33.685117472739876 -0.003373416637701398 0.9999942991217454 -0.00014759470767858375 0.11595377765400507 0.001403739136945229 0.00015233082592865023 0.9999990031553806 0.3720523476107829
0.999993104733032 0.00355191552082758 -0.0010836893115543568 35.08033973803317 -0.0035518872503618594 0.9999936916362829 2.8010704940739952e-05 0.12769638872176364 0.0010837819669056515 -2.4161369550388085e-05 0.9999994124162657 0.3602835245352755
0.9999952495341884 0.0030125003222334326 0.000652495873390398 36.47195833560368 -0.00301260968599103 0.999995448188237 0.00016669039164600774 0.12104777280549844 -0.0006519907484934595 -0.0001686553151772462 0.9999997732316985 0.3996530112914625
0.9999942083702575 0.002791386705699119 0.0019471482226856556 37.87553843835089 -0.0027942997644439436 0.9999949784918039 0.001494951505235729 0.13506572336352657 -0.0019429654573075166 -0.0015003837628501154 0.9999969868623584 0.40493373723560655
0.9999941107073367 0.002391806171022186 0.0024612626602845116 39.26715238259899 -0.0023999428901022293 0.9999916477222489 0.0033082865452949226 0.12857142243078643 -0.0024533293229606085 -0.0033141739516494677 0.9999914986769893 0.41240391606746113
0.9999919005841948 0.002957596109992064 0.002729723659995657 40.668220087011626 -0.0029736040451841814 0.9999782972982064 0.005878997496377501 0.14779181285265675 -0.002712276717491146 -0.005887066997249858 0.9999789927779371 0.4388512596487839
0.9999907144151879 0.0028483050348201543 0.0032339205046895375 42.09487343254851 -0.0028768169749883114 0.9999567318654842 0.008846373324282444 0.15206161410229152 -0.003208583409302675 -0.008855594577936316 0.9999556407347162 0.458251672714965
0.9999916323178428 0.0024804584140364827 0.0032530939661250067 43.4829550489551 -0.0025108969267593866 0.9999527950499972 0.009386323472014992 0.15174138889324354 -0.0032296580189539537 -0.009394413113885555 0.9999506559382448 0.4603127231602165
0.9999928696906003 0.002102924468205998 0.0031366027225736975 44.910330538015664 -0.0021298306843063283 0.9999607544946033 0.0085996099818516 0.15852188458164143 -0.003118395294766757 -0.008606229096694729 0.9999581033380953 0.47360908970429816
0.999995609945754 0.0012547913756674417 0.0026843226004280613 46.30633039538417 -0.0012770139304203781 0.9999647969693892 0.008293012564200395 0.14984305283090701 -0.002673822103493528 -0.008296404074779865 0.9999620094557528 0.4953338488109017
0.9999941760123482 0.0004378676390749196 0.003384702840019683 47.73791345812573 -0.0004650873229428777 0.9999675273131878 0.008045372143713163 0.16464721974024543 -0.0033810701215183604 -0.008046899469947967 0.9999619071613447 0.5168678043864591
0.9999905744948495 -0.0006556613790916518 0.004291972695246898 49.135606922317024 0.0006198012643168911 0.9999649363404011 0.008351163759046074 0.16622736172186536 -0.00429729773852458 -0.008348424875006123 0.999955917545495 0.5285050425326256
0.9999893469249905 -0.001592000013657991 0.004332617279139272 50.564553624792595 0.0015527130201816019 0.9999577877672313 0.009056034780277706 0.17607004447858743 -0.004346851597184077 -0.00904921099439912 0.9999496070610614 0.5449573645210453
0.9999859441176292 -0.0027826513751583195 0.004513138431071032 52.01507541090197 0.0027417839015858943 0.999955413218988 0.009036271082705535 0.18173574006754514 -0.004538081996910722 -0.009023770019646188 0.9999489873920678 0.5489751866670651
0.9999750148852244 -0.0037519928149491936 0.00599100619360062 53.42239238659733 0.0036904452236615815 0.9999406414322354 0.010251547499807803 0.19823342424539556 -0.006029114308614888 -0.010229181883524792 0.9999295043245036 0.5819446011758341
0.9999664427728213 -0.004624663885542645 0.006762086380370335 54.8755770061084 0.004568648098042072 0.9999553173392403 0.00827591563125049 0.20663752620174564 -0.0068000575604982155 -0.008244744321389066 0.9999428900733526 0.5843654748978132
0.9999586418404713 -0.005230100035880899 0.007440474593374885 56.2768246600071 0.005189725479864495 0.9999717615197528 0.0054353392282483065 0.2062224686239743 -0.007468691853572738 -0.0053965004120418904 0.9999575473115342 0.5805785455910346
0.9999593854998883 -0.0054389085518814035 0.00718648902109238 57.70247457461584 0.005410030428771084 0.9999772380662768 0.004031739091335189 0.23056725910290782 -0.0072082537029283964 -0.003992696219987274 0.9999660491513945 0.5977949394576615
0.9999575560017707 -0.005374819840029558 0.007483148177934748 59.15215100110847 0.005352546985346884 0.9999811951578904 0.002993254310402501 0.2462367124114274 -0.007499095661168585 -0.0029530733625011416 0.9999675209335454 0.6136388828547195
0.9999536251584363 -0.005202706116398537 0.008104281681174616 60.557772716381265 0.00518058025544486 0.9999828028351685 0.002748749195048919 0.24558661824992792 -0.008118443244756232 -0.0027066368405784438 0.9999633818277022 0.6320652631501718
0.9999487117804289 -0.004656911260277693 0.008993719262611437 62.011631408188 0.004649255179225962 0.9999888119674537 0.0008719897929283781 0.25934155285690574 -0.00899767941967315 -0.0008301309742622141 0.9999591754904928 0.6359643866415601
0.9999532784353913 -0.004245723024957233 0.008684168486857607 63.41105374545562 0.004260952650624297 0.999989415283099 -0.001735973581302313 0.26677378665150453 -0.0086767061043878 0.0017728953046330191 0.9999607850378018 0.6431169962964887
0.999960855330172 -0.0038029949809432503 0.007989057298936404 64.82678600999702 0.0038187545097983742 0.9999907910216761 -0.0019583119864607537 0.27815235426795715 -0.007981536277225278 0.0019887435775739746 0.9999661694165648 0.662128228572083
0.9999636070473538 -0.0030206709574321566 0.007978729711695267 66.28250460694971 0.003038769880124092 0.9999928353279366 -0.0022572484156227926 0.2858218583177472 -0.00797185414198062 0.0022814117912176427 0.9999656217599572 0.6712495419054014
0.9999663312016278 -0.002459030372290232 0.007828769557504764 67.6435697151422 0.0024642473836788766 0.9999967480352852 -0.0006568132811391984 0.2976205806106786 -0.007827128974815158 0.0006760831919247737 0.9999691390055641 0.6812981745400528
0.9999549343654236 -0.0018423700118036252 0.009313157948887986 69.12326990151918 0.001820865040913976 0.9999956578612259 0.002317047517110791 0.3161092088011352 -0.009317386368725197 -0.002299985094164449 0.9999539471294778 0.6922309101641952
0.9999453706356196 -0.0010092926555718656 0.010403704759778011 70.47775810897691 0.0009524583242242915 0.9999846055210779 0.005466401375189202 0.32967289606066447 -0.010409061798924764 -0.005456193653955404 0.9999309383068795 0.6992489421125565
0.9999340782194767 -0.00015850903600188548 0.011481031758993782 71.93376368968762 4.8685535948562154e-05 0.9999542503323954 0.009565295180792546 0.35025038854009244 -0.011482022691325231 -0.009564105659318568 0.999888339284869 0.7144554390643202
0.9999403103266639 0.00015251469348826667 0.010924858034940069 73.30109773767916 -0.0002974534019215965 0.9999119521733393 0.013266477391349178 0.354810890223031 -0.010921872792200506 -0.013268935155835368 0.9998523131215635 0.709223055415091
0.999943025139759 0.0008822667673055193 0.010638048679086283 74.68979221361481 -0.0010655872900234788 0.9998508261703067 0.017239197495313364 0.36931347239625517 -0.010621252189579228 -0.017249551063908488 0.9997947999414776 0.7213465739682066
0.9999415605150377 0.0017353737558474264 0.010670709099157417 76.14309406782158 -0.0019320543384999888 0.9998279318903479 0.01844922160696467 0.38373868074904444 -0.010636856715421538 -0.0184687598337659 0.9997728552973512 0.7213399199544503
0.9999361592759446 0.002005938532979784 0.011119963267686673 77.51290973701416 -0.0022152961891919332 0.999819926161985 0.018846954985804434 0.38552827953730695 -0.011080155019987116 -0.01887038579480276 0.9997605406819616 0.7291573472190518
0.9999332575777518 0.002078824262207708 0.011364808825165693 78.91446651762885 -0.002284015647845696 0.9998340808115646 0.018071915233707273 0.3853840046967097 -0.011325354849456305 -0.018096666471501363 0.9997720975303087 0.7468170423769245
0.9999457858115941 0.0017377830962019977 0.010266720388919 80.28452391004913 -0.0019133378496146384 0.9998517072892773 0.0171143965418213 0.38656804997060795 -0.01023545680011022 -0.017133112403414256 0.9998008261066126 0.7450073017739278
0.9999434386136942 0.0015774320036366757 0.010518140600651659 81.67725878360844 -0.0017555011202546812 0.9998549323893303 0.016942030354842732 0.3924027273139318 -0.010489889858237721 -0.016959536697726468 0.9998011483918992 0.7633744526731499
0.9999395727955311 0.0011613399398132283 0.010931699183332986 83.07899900410403 -0.0013371077411869707 0.9998697311654257 0.016085174604828563 0.3999928049328782 -0.010911594767913 -0.01609881948229616 0.9998108646693621 0.7617912769239192
0.9999474699597164 0.0009686523668681613 0.010203873468156424 84.44063794802169 -0.0011351167624317501 0.9998661640937813 0.016320704957913486 0.4148078341748403 -0.010186698734017433 -0.016331430218440027 0.9998147406174419 0.7646239762039551
0.9999440828733346 7.636400167852005e-05 0.010574747994409307 85.84335075685497 -0.0002495647303109022 0.9998658345365932 0.016378359010823264 0.4143906799679891 -0.010572078511409233 -0.016380082264179214 0.9998099439698365 0.7660970655024865
0.9999364254694743 -0.0010010036325304383 0.011231340572608463 87.20561877961447 0.0008194460640479179 0.9998691114031296 0.01615823536355118 0.42407543327271197 -0.011246044970494138 -0.016148004633497613 0.9998063654622719 0.7759781950647909
0.9999172474777409 -0.00210432922036185 0.012691335432913937 88.59373465356921 0.0019169575187242243 0.9998892588852677 0.014757887373932072 0.42999995933272184 -0.01272098543391243 -0.014732337370647886 0.9998105494368359 0.7877107379867658
0.9999064258660039 -0.003281715576680981 0.013280431271130863 89.98464545232942 0.0031170519404795424 0.999918249611315 0.012400729069050697 0.42741943401435195 -0.013320041256460653 -0.012358172887503056 0.9998349124049473 0.796366131025612
0.9998973461699122 -0.004181098892357775 0.013704580782318773 91.34358311971688 0.004026040801242592 0.9999277939140847 0.01132245351407415 0.4378464925771692 -0.013750931526027842 -0.0112661160194614 0.9998419807709629 0.8040418046030694
0.9999019420368005 -0.004456848045000347 0.013275647499783279 92.72300711760431 0.0043173090787272305 0.9999353318099012 0.010521076016333206 0.45233928911085625 -0.013321679824761772 -0.010462729267571582 0.9998565217784599 0.8099860461173027
0.9999004642400537 -0.004883393724293397 0.013236845479892703 94.07480841697401 0.004775543184155292 0.999955244911362 0.008167151373288311 0.46103670433016847 -0.013276136479461634 -0.008103125322458556 0.999879034463763 0.8183979138690132
0.9999058946743896 -0.004975199084100323 0.012784724849684341 95.44689344446891 0.004873145560966914 0.9999561152642804 0.00800124977181166 0.4793843844828577 -0.012823971605949438 -0.00793819498644717 0.9998862589377889 0.8170906617369262
0.9999139511483908 -0.004780443589979299 0.012216286583762087 96.79905474680325 0.004686437373728993 0.9999592785771771 0.007712230037643049 0.4849145186487675 -0.012252656999838681 -0.007654315547090638 0.9998956364791027 0.8185741627523273
0.9999209073636164 -0.004636959021078917 0.011690920757525472 98.13071126813743 0.004529811664083819 0.9999476497501517 0.009174887761479013 0.5020450138078032 -0.011732852313475836 -0.009121204426206116 0.9998895658053472 0.8250293011796861
0.9999218670909693 -0.004330048285152088 0.011726482642209702 99.477057587024 0.0042030722073508504 0.9999325070448135 0.010831229805228717 0.5210842115851182 -0.011772590935286457 -0.0107810962764522 0.9998725789148076 0.8220292542034694
0.9999042460586862 -0.004293133378651775 0.013155520499144672 100.81131267428475 0.004148813516121644 0.9999311329195287 0.010978012783576551 0.5262316591412936 -0.013201744589968253 -0.010922381794326263 0.999853196982297 0.8268755561544542
0.9998839610754521 -0.004228476992420217 0.014635038995110613 102.1537500916629 0.004065433805397322 0.9999295447084997 0.011152482549921511 0.5480066781200225 -0.014681165895042807 -0.011091690645566348 0.9998307045528185 0.8271991965475489
0.9998954427371198 -0.0039802771546520194 0.013901833954960138 103.49668249978089 0.003831185705375836 0.9999350408823852 0.010734804685395389 0.5564996502880256 -0.013943658401942127 -0.010680421776073179 0.9998457395923909 0.8400508034987251
0.9999257577009062 -0.0038750563455424796 0.011552619814892856 104.8224283857754 0.0037513600573827236 0.9999356125532212 0.010709717341466833 0.5657884219603218 -0.011593376729342388 -0.010665584190897042 0.9998759117659943 0.8388228217271294
0.9999384276152823 -0.003956510663392591 0.010367593821481853 106.1540355965658 0.003858658232882187 0.9999479843577208 0.009441363014574714 0.5778231148000359 -0.010404409397874466 -0.009400776686084482 0.9999016819981752 0.841348256042588
0.9999261664017003 -0.0036100629726424165 0.011602981967273948 107.50896245177799 0.003513614217273065 0.9999591979632614 0.00832207448915812 0.5851982089279105 -0.011632551754946326 -0.008280691638050291 0.9998980517461088 0.8518269509218593
0.9999063762149644 -0.003071788047504564 0.013334276240180864 108.8309575900138 0.00300097482811936 0.9999813064104021 0.005327380202928347 0.5920491768161611 -0.013350391557525113 -0.0052868656060814515 0.999896902734139 0.8389504844992645
0.9998958587750054 -0.0021407907402253247 0.014271952200071384 110.18931599464167 0.002081786973491941 0.9999892308113848 0.004147821627332621 0.6038475144898683 -0.014280678120858132 -0.004117678503930883 0.9998895473781825 0.8522046314177795
0.9999067774920598 -0.0015619096677760673 0.013564540671694917 111.48956878105955 0.0015161020489310292 0.9999931160319636 0.0033866389327847314 0.6119382049257583 -0.013569736917920886 -0.003365757993904764 0.9999022621802118 0.8569862345739879
0.9999350488734472 -0.0008203083520249022 0.011367723108192323 112.83338780224095 0.0007719761697322406 0.9999906476025301 0.004255438904026415 0.6241249228422034 -0.01137110756480199 -0.004246386897131982 0.9999263303419255 0.8620416591671045
0.9999543786257332 0.0002030655863487895 0.009549839348984988 114.18024398991356 -0.0002753582607346655 0.9999713142581192 0.007569335421153801 0.6250574604204302 -0.009548028333222854 -0.007571619724823034 0.9999257501083221 0.8745029787610277
0.9999591729438029 0.0016658906320213055 0.008881286728165114 115.49121385215503 -0.0017603650287200013 0.9999418410449753 0.010640283950680236 0.6400247699864411 -0.008863044652454244 -0.010655483845775724 0.9999039489388474 0.86460936786993
0.9999307588251852 0.003104619671756648 0.011350722090814256 116.86063556651246 -0.003230881137173148 0.999932925813643 0.011122287572477177 0.6516448069048851 -0.011315430277573006 -0.011158190286115538 0.9998737199402593 0.8726760890042597
0.9999043378503846 0.003977482390804287 0.013247444350326421 118.15275045412729 -0.004134536063591582 0.9999212481395998 0.011849182692653198 0.6561978046351269 -0.013199271173932832 -0.01190282121078248 0.9998420385679436 0.8634047913619961
0.9998841253902063 0.004926496831871132 0.014403660008056911 119.52279896659878 -0.0050853628478546775 0.9999264147574336 0.011013816552426952 0.6531540272862791 -0.014348340578889035 -0.011085788168209704 0.99983560169826 0.8757717949924145
0.9998862982960073 0.005852431684103522 0.013897464635348907 120.84668185925833 -0.006009321972405505 0.9999183853873891 0.011274334291168175 0.6526225396748715 -0.01383034812793361 -0.011356566719741817 0.9998398621094281 0.8785385269740159
0.9998787397000195 0.007258250995632085 0.013777651773253134 122.15081745862246 -0.007440048381639085 0.9998853279325245 0.013190021430871883 0.6482768920338143 -0.013680335375256304 -0.013290928400694806 0.9998180832762869 0.8792219664484352
0.9998782538969648 0.008313639129822754 0.013204574524604142 123.51840769384542 -0.008508616009268777 0.9998545822565549 0.014778964584063123 0.6509345372332537 -0.013079787366909288 -0.014889517956913746 0.9998035914205585 0.8728664545218467
0.9998734334054963 0.009542783697447522 0.012729982294113488 124.85866133736951 -0.009740082134997472 0.9998319946491653 0.015527822637928639 0.6505643937879348 -0.012579664936245964 -0.015649848407419027 0.9997983968155363 0.8757587217341364
0.9998707394861444 0.010619051877845164 0.01207228464899785 126.19110787099898 -0.010815829312585212 0.9998077767070835 0.016353209847593243 0.6427620829925498 -0.011896308490948715 -0.01648166779346166 0.9997933948926818 0.8706588014764636
0.999865871316095 0.011452501089212965 0.011708099594208734 127.52251996329844 -0.011640168369747881 0.9998028159579144 0.016088371047080892 0.6376218551066408 -0.011521538856865252 -0.016222497385612534 0.9998020227629786 0.8799318270790127
0.9998421961660408 0.012473251738773377 0.012649140560912075 128.8500047107785 -0.012672514261602054 0.9997949069893499 0.015797194068779212 0.6317560945091057 -0.012449503932206162 -0.01595499762514453 0.9997952029804023 0.8787239768857493
0.999820080988915 0.013326058249564112 0.013498956361456422 130.22759154592973 -0.013534233410280426 0.9997890474783955 0.015449435855027569 0.6218188858593973 -0.013290228640445942 -0.015629354233997854 0.9997895244044682 0.8826009901814335
0.9998077297476414 0.013711805752508438 0.01401748621803417 131.5499502289076 -0.013910100684480954 0.9998031520418892 0.014148012795106048 0.6033454842691929 -0.013820732101263807 -0.014340277197751739 0.9998016522361206 0.876808873081388
0.999805715522583 0.01368135714450576 0.014189844081599973 132.89001282008255 -0.01387168261262628 0.9998139608992918 0.01340223908023509 0.5899677865780547 -0.014003843396375098 -0.013596472246641777 0.9998094960104029 0.8875871434956022
0.9997930323849551 0.013573997629059338 0.015153843831264037 134.21512710904642 -0.013740285688399538 0.9998459270779619 0.010923674052794695 0.5770939521381238 -0.015003231108571598 -0.011129631349547421 0.9998255019563793 0.8744709662149669
0.999799990708264 0.012992078384347822 0.015204751856249305 135.5506675167197 -0.013136619028073192 0.9998690989383022 0.009445328412440111 0.557046324860963 -0.015080047090988142 -0.009643178291546062 0.9998397878121129 0.8873172443832894
0.9998208717108875 0.011860913495363647 0.014749346505405492 136.89150044345146 -0.012002425363735993 0.9998824273568583 0.00954323049837369 0.5494153643968586 -0.014634420954344711 -0.009718548966416921 0.999845679857306 0.8888551773582319
0.9998105957723857 0.01086871278754629 0.0161444623202167 138.22674396088559 -0.010997174672552637 0.9999084034183668 0.007889671891404085 0.5370431363072535 -0.01605723296488021 -0.008065721026323231 0.9998385416725228 0.8930054577557425
0.9998160896904205 0.009795081718974058 0.01648766721751632 139.56753924029917 -0.0099093994998359 0.9999273270935566 0.006866173103565548 0.5164695582618628 -0.016419214284173103 -0.0070282932248231615 0.9998404935271606 0.8922572410986989
0.9998233062800822 0.008505855441769829 0.016763252738318614 140.92715307434554 -0.008598800985661076 0.9999480118736933 0.005480344100242017 0.5154496943622431 -0.01671576623353013 -0.0056235196320256545 0.9998444674979076 0.8929855514975477
0.9998398098820791 0.007327167946449482 0.016329947484679412 142.24498878359717 -0.007396105695532033 0.9999639738590628 0.004165165606806196 0.5128259874835429 -0.016298840311763988 -0.004285276406035658 0.9998579820207546 0.877419558267689
0.9998534912316976 0.006283056315816715 0.015922288626884353 143.59724989478204 -0.006342068460776607 0.9999731964843929 0.0036584806169686545 0.5037324218171493 -0.0158988754138259 -0.003758924862003549 0.9998665392163383 0.8660000449385634
0.9998885639407401 0.005577176420190761 0.013847555874688037 144.9505813917883 -0.00559990780315168 0.9999830350659459 0.0016033130997418564 0.4912466258741369 -0.013838378991801745 -0.0016806794690455056 0.9999028325709461 0.8729355569154044
0.9999067740973525 0.004507811871605185 0.012888861328929309 146.25417241310055 -0.004493999449223706 0.9999892964677302 -0.0011004176136927204 0.5037881958446486 -0.01289368384816888 0.0010423924905540655 0.9999163296669972 0.8875278660109764
0.9998678837523266 0.0035512864071272424 0.015862011395109846 147.63174427875967 -0.0033817470043590505 0.9999370086226743 -0.010702456444033464 0.48995497185663717 -0.015899019713257474 0.010647401166128665 0.9998169102493542 0.8715080818664638
0.9998460836263179 0.0021450244837953624 0.01741286671051281 148.9558267852061 -0.0018361553762202064 0.999841043075209 -0.017734630408110495 0.47645041853211406 -0.01744814003120517 0.01769992802928357 0.9996910897658384 0.8738689607363634
0.9998948221822729 0.0012834940664731577 0.014446356497822091 150.25573508194546 -0.0009981452139202244 0.9998046052760854 -0.01974221301838564 0.44760552973644546 -0.01446887276925077 0.019725717013906373 0.9997007291230083 0.879101663241146
0.999933301331768 0.0012931470447188063 0.011476962075053904 151.65403247875727 -0.0010768975299927219 0.9998221524249267 -0.018828271617341373 0.46611800375754 -0.011499268648978779 0.018814656284588942 0.9997568582057496 0.8841060305347338
0.9999553877636459 0.002325814587182474 0.009154947785903029 152.97183196376827 -0.0021853608999833295 0.999880222263012 -0.015322053550564409 0.4715294368911606 -0.009189487482628485 0.015301363134557279 0.9998406981144702 0.8857700970762816
0.9999524104481928 0.0031793973520678124 0.009223246246659442 154.34134267566097 -0.0030327348393853334 0.9998694319465056 -0.01587203762489937 0.474760102694663 -0.00927250549974664 0.015843310621518062 0.9998314908774913 0.8829393815080407
0.9999179244228042 0.003616346043069458 0.012290909620040284 155.6661815717895 -0.003382070211710738 0.999813220855148 -0.019028531323728216 0.4771415421793583 -0.012357427688409988 0.018985400826735867 0.9997433913441859 0.8788733106042254
0.9998759050178647 0.004159007852864591 0.0151946443981319 157.00534624164908 -0.0037351369901287555 0.9996060058181445 -0.027818732608809595 0.4725758832177488 -0.015304356124020453 0.027758526365340166 0.9994974941927837 0.865473949684427
0.9998572254611603 0.0042603582377398605 0.01635169840709519 158.35932129001606 -0.0037756503152429764 0.9995558792138304 -0.02955991870360208 0.45334424460196315 -0.016470372121099232 0.029493960004595525 0.9994292537070545 0.8747997519753158
0.9998506934602625 0.004135772032468942 0.016777549783200556 159.68784900531358 -0.0036169238507714075 0.9995178368362838 -0.030838477718163147 0.44593375959719744 -0.01689700118038838 0.03077319021179591 0.9993835610591654 0.8858705179155999
0.9998414891034831 0.00518449274504206 0.01703284187403829 161.05311653993772 -0.00467298561740184 0.999540942149196 -0.02993439782118478 0.44756447319654385 -0.01718021748258565 0.029850058667848595 0.9994067310783818 0.8675127285329646
0.9998387384256043 0.006398728814722764 0.016779553422289827 162.3956444589133 -0.005928696855023868 0.999592750483511 -0.027913862764054078 0.44928870221289147 -0.016951333195270268 0.027809880444993846 0.9994694907062136 0.8502787020473089
0.9998587867207158 0.007260245491701983 0.01515570693759651 163.7455126901526 -0.006882554475302281 0.9996680988375886 -0.024825845611698715 0.45402783801034613 -0.015330918474526778 0.02471802989401916 0.9995769014622565 0.8499878705561238
0.9998619820956425 0.007909437758888716 0.014610186655599948 165.09300138540505 -0.007563772434409479 0.9996936971363249 -0.02356483083890667 0.4544964194594467 -0.014792096076407584 0.02345107034325054 0.9996155466945391 0.8350390885327249
0.9998403004657296 0.008175891170193553 0.01589114118535201 166.43388768816752 -0.00781679526405666 0.9997156196366607 -0.0225294821575471 0.4523571428699455 -0.01607082065108877 0.02240166641258107 0.9996198747851806 0.8328115689032493
0.9998417918812056 0.007945332673936148 0.015914235654921935 167.7695042189368 -0.007600839155862188 0.999737980174137 -0.02159162433592259 0.4449753052167528 -0.01608161844798645 0.021467246820153142 0.9996402047047008 0.8192442615702568
0.9998777355426886 0.0074668919677592805 0.01373897704951545 169.15760649145378 -0.007213316868590495 0.9998044176682468 -0.018414517935893757 0.44084999730042257 -0.013873789164413885 0.018313162899943225 0.9997360381814899 0.8307092910519853
0.9999135762875866 0.006841232931959561 0.011226641872768285 170.5633205341373 -0.006671687727647521 0.9998641731130581 -0.015070630637281845 0.44385936709916807 -0.011328218687573067 0.014994427528628517 0.9998234037091027 0.8285006098932425
0.9999321772855051 0.006466065323107755 0.009686631422040366 171.91778118880902 -0.00637339407595928 0.9999339198218118 -0.009567436320086931 0.4465436484498744 -0.00974785499593031 0.009505050711263714 0.999907312371479 0.8258450926191675
0.9999196639093987 0.0067910448721878874 0.01070268362884071 173.27266213571136 -0.0067289444307745624 0.999960378868294 -0.005827692547259004 0.44742885039447894 -0.010741835697992795 0.005755206609823901 0.9999257425242715 0.8310767194991421
0.9998842000053956 0.0074399953342047034 0.013275279620293103 174.63912969209218 -0.007418721634409175 0.9999711179150216 -0.0016510315240198339 0.4575959427702511 -0.013287179869374327 0.0015523547304563611 0.9999105165193082 0.847205552934551
0.9998518168789585 0.007446154250326672 0.015520923642809922 176.06553531219447 -0.0074521670976525275 0.9999721778969549 0.00032960213807994127 0.4549813830922856 -0.015518037549711596 -0.000445217813102544 0.9998794888843879 0.8442706149696544
0.9998366945343112 0.00652760462589503 0.016851547126315494 177.46356593913433 -0.006483967052556574 0.9999754864078291 -0.0026428686473707694 0.4502129967691398 -0.01686838563597 0.002533172176123922 0.9998545097186702 0.8338150854883742
0.9998466784423233 0.005202383738540379 0.016719892681781107 178.862096163938 -0.005124784843967995 0.9999759139359327 -0.004680611957794714 0.44571625288417 -0.016743840304910423 0.0045942084664701 0.9998492571685045 0.8250627490782659
0.9999089769127004 0.003047390041203078 0.013143489009137862 180.20030266790027 -0.0029488467200537247 0.9999674487515904 -0.007510375507060876 0.44011702813817327 -0.01316594821568807 0.007470933755040786 0.9998854149133337 0.8169036720753352
0.9999579332896757 0.0014147762963979415 0.009062563603715264 181.6162538361432 -0.001374832808237215 0.9999893209252002 -0.0044122409619203355 0.4497868548528728 -0.009068709157847587 0.0043995958436887864 0.9999491997449783 0.8286959947575295
0.9999637657741887 0.0008815469175222588 0.008466995555439241 183.01279267151054 -0.0008754526553825083 0.9999993551039805 -0.0007234461082147892 0.4771020997288 -0.0084676278467942 0.0007160074409630206 0.9999638926541261 0.8283438209145098
0.9999534834564793 0.0005016365533508686 0.00963220037276319 184.33830273828966 -0.0005235631469857025 0.999997277403502 0.002273998068269132 0.4933912695009474 -0.009631033427614896 -0.002278935354878584 0.9999510236250395 0.8213580006417193
0.9999199942328072 0.0007447716273850705 0.012627369032615072 185.78357902361336 -0.0008110787079841972 0.9999859067680372 0.005246752961208441 0.486296438562194 -0.012623283439432807 -0.005256574980872721 0.9999065061967934 0.8277133399691925
0.9998833440767672 0.0011397632623404588 0.015231519214017771 187.1504993692442 -0.0012454578066114854 0.9999752011529423 0.006931515994701926 0.4966620146320716 -0.015223241202619238 -0.006949677606815812 0.9998599676496945 0.8373539422174797
0.999875601473123 0.0012950123151539191 0.01571955857726022 188.60199974981518 -0.0013694118165817407 0.9999879085178064 0.004723084739854089 0.49990209828051024 -0.015713252051593966 -0.004744023744337286 0.999865284900259 0.8198682011169711
0.9998628576998283 0.0011609334835628506 0.016520230802854398 190.02322157420244 -0.0012330524015786285 0.9999897524796264 0.004355974920779236 0.49456850997715995 -0.016515004514313574 -0.004375747842625203 0.9998540430766433 0.8219125111019734
0.9998517123337913 0.0013481075286693224 0.017167875502708454 191.3693966009106 -0.0013701179215941644 0.9999982544654314 0.0012703711941917787 0.49977844872793864 -0.017166132938617202 -0.0012937048277141317 0.9998518141243494 0.8195378625230361
0.9998482775246966 0.001698431954932233 0.017336010492378786 192.83151169614302 -0.0016981819019567324 0.9999985576633623 -2.9144861602834026e-05 0.5066037212980126 -0.017336034988579968 -2.992595980004041e-07 0.9998497196533014 0.8140348025232257
0.999832059927059 0.002146836086990193 0.018200083429186505 194.1987079724484 -0.002092104159799076 0.9999932339710536 -0.003025741611321097 0.501527715984212 -0.018206456058176283 0.0029871569978033 0.9998297864391079 0.8048180817331312
0.9998026096790521 0.002529907805948331 0.019706375756347965 195.64359445972485 -0.0023680228740010022 0.9999632973503606 -0.008233858139559238 0.49991990748574167 -0.019726483382123263 0.008185567707103741 0.9997719051537142 0.7911159124048142
0.9997859026419189 0.002890111808065034 0.020488927063670573 197.0563188774261 -0.0026501280477989066 0.9999276853190702 -0.011730343293214353 0.4899806883067819 -0.020521347417111747 0.011673533577425153 0.999721262609735 0.7916853147268025
0.9998510091414262 0.003052231257486814 0.016989508622159383 198.47459894061186 -0.0028842595907751685 0.9999468091020176 -0.009902525602391807 0.4948922391519094 -0.01701882973311118 0.009852048063414238 0.9998066295956791 0.7856752915832007
0.9999229796542386 0.003233954206695038 0.011982332810348701 199.91256690317618 -0.0031925523722349594 0.9999888737181538 -0.003472758161560123 0.51220310211239 -0.01199343023240209 0.003434236463487187 0.9999221787975169 0.7843926284356821
0.999927996525705 0.004548184827852819 0.011104763791339572 201.36052423527036 -0.004624761257001005 0.9999656386598191 0.006879904285362305 0.5223441717385268 -0.011073091140485545 -0.006930765789701277 0.9999146719286416 0.771865462920847
0.9998730364158978 0.005736783043183476 0.014866081150331356 202.7927651290732 -0.005929286386242876 0.9998987258052364 0.012937607816541373 0.5433379794563602 -0.014790355350792274 -0.013024110464064717 0.9998057901088677 0.7617547702576926
0.9998319215142832 0.006593427821782058 0.017107174828568415 204.22018979376566 -0.006842115765234194 0.999871176748751 0.01451948204733926 0.5368221000432453 -0.01700923786979852 -0.014634090905376517 0.9997482329118976 0.7533980161010929
0.999824012785616 0.006149079003800121 0.0177237773816308 205.70358016362178 -0.006402259237418751 0.999877772739494 0.014263613082443217 0.5338174398134315 -0.017633902969152047 -0.014374575086373286 0.9997411750333987 0.7555653217927089
0.9998251394164891 0.004864670734741489 0.018056178151550466 207.1209676016583 -0.005057282849448051 0.9999306356752695 0.010637092094740248 0.5224655293307041 -0.01800317974632974 -0.01072654728670212 0.9997803892367201 0.7515362921284124
0.9998367899303543 0.003749664023684303 0.01767296017858879 208.5595983030804 -0.0039014071747585726 0.999955755721204 0.008559533988046137 0.5169509763357586 -0.017640082874557022 -0.008627086399547783 0.9998071818387951 0.7428421498301198
0.9998468491007815 0.003314452637447677 0.017184084117381423 210.05691770485578 -0.0034722087261133774 0.9999520301386655 0.00915866737705553 0.5229457134015149 -0.017152903830005766 -0.009216931445733729 0.9998103950574444 0.7326896887048083
0.9998467994761474 0.0030952478922222403 0.01722779782185006 211.51285691044714 -0.0032689696834668136 0.9999440052739205 0.010064797760429026 0.5277023573173966 -0.01719568011197646 -0.01011957297693218 0.9998009316000116 0.7298150067788092
0.9998354936015993 0.002937986082676794 0.01789843490990981 212.95842315340613 -0.0031404660362546765 0.999931276339384 0.011295134853800324 0.5289145184729629 -0.01786401991494108 -0.011349486158782762 0.9997760078919729 0.7133201215158304
0.9998337192145228 0.0025559761305423167 0.0180554952209756 214.39370948590232 -0.0027506114881923447 0.9999382914483048 0.010763244486955243 0.539990771917164 -0.018026870446519527 -0.010811118418787489 0.9997790514210824 0.717716259211985
0.9998455812391882 0.002333464032633268 0.017417480359639245 215.87377450649205 -0.0025369145223505113 0.9999287097626186 0.011667881434570097 0.5380030537210873 -0.017389012081665222 -0.011710266353644793 0.9997802218091486 0.7132136939083755
0.9998536176249428 0.002029166928362179 0.016988990667231443 217.34462613097753 -0.002210906252183147 0.9999404638198576 0.010685537388085113 0.5442301474460943 -0.01696629646854296 -0.010721534279427947 0.9997985764576967 0.700268915407309
0.999852202318686 0.001424552910621287 0.017133130696938694 218.804337070367 -0.001606003860557653 0.999942724073726 0.010581555822104927 0.5391330345849239 -0.01711707539486277 -0.010607507766732445 0.9997972226951349 0.6985559888708783
0.9998572497034584 0.0012269541590647854 0.01685155182550677 220.28698796173958 -0.001441397221478234 0.9999180691309455 0.01271917448153147 0.5477857797822774 -0.016834565319190805 -0.012741648595581348 0.9997770990583753 0.698354140253431
0.9998585362187461 0.0011513288371803945 0.016780405013447342 221.79029059911807 -0.0013276093082242371 0.9999440153927379 0.010497787089327389 0.5533854834953409 -0.01676737916406044 -0.01051857985456256 0.9998040880461592 0.6813645807474298
0.9998614259137205 0.0007058447393568172 0.016632220326384575 223.26787066813716 -0.0009125773346899751 0.9999223861071147 0.012425335587516288 0.5568017185256197 -0.016622159077258527 -0.012438791945285962 0.9997844669140206 0.6806484956230039
0.999860597036166 0.00037254355390756936 0.016692744105806637 224.72645974660844 -0.0005641489179405218 0.9999339994548546 0.011475123973940522 0.5631056760233194 -0.0166873673921289 -0.011482941501172942 0.999794815861735 0.6650857574274308
