1.0 -2.1684043449710093e-19 -2.5135375298442207e-37 0.0 2.1684043449710093e-19 1.0 2.3183291766350204e-18 -8.673617379884035e-19 -2.51353752984422e-37 -2.3183291766350204e-18 1.0 0.0
0.9999996051917989 -0.0005752605321510217 0.000677267721610383 1.3273296131564947 0.0005753941083097035 0.9999998150465057 -0.00019704967556571635 -0.005147294397329037 -0.0006771542414461252 0.00019743929362565135 0.9999997512398984 0.014190926913472833
0.9999991949433092 -0.0005967494779263065 0.0011198226618697432 2.628292109638085 0.0005974884623972986 0.9999996039058764 -0.0006596935863360372 0.0026109771196390695 -0.0011194285465113297 0.0006603621363656997 0.9999991554004325 0.02238872817330788
0.9999988872748349 -0.001117982926636402 0.0009877060635002097 3.952068913162743 0.0011192782555432775 0.999998513100449 -0.0013118738802854152 0.0010290909243763538 -0.0009862379422804482 0.0013129779384500793 0.9999986517109183 0.04942137746404745
0.9999996118487983 -0.0003922760884727061 0.000788937084437096 5.266334596538369 0.0003941895437944459 0.9999969779457301 -0.0024266672640807434 0.011020970054614266 -0.0007879827766840328 0.002426977312916325 0.9999967444268337 0.06284495099461566
0.999998644392972 -0.0007365507063829802 0.0014726524624542104 6.578058709070567 0.0007410450320521147 0.9999950630408896 -0.003053644725183029 0.011212414468541609 -0.0014703960278498434 0.0030547318874320196 0.999994253257796 0.07499909195383153
0.9999960156395951 -0.0007520701631304191 0.0027208629888971457 7.932550385417058 0.0007623623530662452 0.9999925514246352 -0.0037836356710173333 0.0037843409853653863 -0.0027179971628477875 0.003785694879159766 0.9999891404438873 0.1067554339325155
0.9999940999369623 -0.00023378141267808638 0.0034271617288406126 9.252827724272038 0.00024763156894907606 0.9999918027541727 -0.00404142339600585 0.0307375781313903 -0.003426188825882683 0.004042248224789007 0.9999859606311573 0.11679524691499349
0.9999970963041616 -0.0009377447822039374 0.0022199139553113856 10.592543649934312 0.0009453598850003381 0.9999936645045536 -0.0034317991552811184 0.025911934970185815 -0.0022166817393051933 0.003433887807981696 0.999991647333411 0.1249869015599719
0.9999997755086731 -0.0006647397338645808 8.428338904849429e-05 11.874746874720861 0.0006648180503481728 0.9999993441310064 -0.0009326063032503066 0.049781881164582424 -8.366339330380969e-05 0.000932662127006664 0.9999995615708006 0.1366011722402919
0.9999991944511955 -0.0009606592166284004 -0.0008295967874535419 13.2394925141792 0.0009628722486601147 0.9999959684200999 0.002671333109083724 0.040124753332957085 0.0008270272020958823 -0.002672129752918748 0.9999960878666428 0.15215636009166678
0.9999991346546221 -0.0008547747577314676 -0.001000025059894482 14.58372036744481 0.000860669931964531 0.9999821682305866 0.005909523510660658 0.058223925867821866 0.0009949559161510728 -0.005910379088382065 0.9999820385795719 0.18046722837611048
0.999999624100986 -0.0004277316533255937 0.000754217156828355 15.933177903961885 0.00042281593848803663 0.9999787476921693 0.0065057966985532355 0.08046926352027912 -0.0007569838631512393 -0.006505475357995683 0.9999785526529044 0.18474299880708894
0.9999948528460763 -0.000290359956698207 0.003195304750716285 17.267271110384968 0.0002785492274786811 0.9999931306011102 0.0036961007723170796 0.07254297285060664 -0.003196356000553579 -0.0036951916982476156 0.9999880643620858 0.20072513536769973
0.9999867613992417 -0.00016702611029035093 0.005142871623385757 18.637914169492277 0.0001690901561470894 0.9999999053402707 -0.00040090892818321546 0.08684391136102856 -0.005142804174304067 0.00040177322967581744 0.9999866949832366 0.21300727005486786
0.9999940890924626 -0.0004967790143394578 0.0034022038073669735 19.95730740635407 0.0005040501433325681 0.9999975903096789 -0.002136658205825476 0.06444290807668451 -0.0034011341621519183 0.0021383604575531323 0.9999919298179183 0.24936990843042284
0.9999996874263317 -0.00043572751452580777 0.0006597641791098501 21.332148798943404 0.00043736051701382284 0.9999968365571937 -0.002477012592453994 0.08245538617532756 -0.0006586827894432449 0.0024773003730075645 0.9999967145545253 0.2526634400833731
0.9999999538338852 -3.0009293802715277e-05 -0.00030237670198829663 22.680795162725623 2.9946514607172722e-05 0.99999997799825 -0.00020762154420959173 0.08755277815080484 0.0003023829259114 0.00020761247949618872 0.99999993273081 0.2988251886643312
0.9999986431928306 0.0008084938762622038 0.0014352526431944451 24.03921787788955 -0.0008137904791736249 0.9999928474230707 0.0036936225788878835 0.10382343303540678 -0.001432256106203247 -0.0036947855622905274 0.999992148570225 0.28989191003470277
0.9999814815033311 0.0014987387174719524 0.005898341517730848 25.42749654785045 -0.001510997755170713 0.9999967067036329 0.0020744800967959637 0.10591327522067186 -0.0058952129891044645 -0.0020833540613357233 0.9999804528587887 0.28231138188251276
0.99997503273834 0.0018490939578588753 0.0068201723945279695 26.80854330698529 -0.0018526931816479789 0.9999981478062193 0.0005214519206059159 0.10938292084464572 -0.00681919554865137 -0.0005340745882723767 0.9999766063945713 0.3032656806258827
0.9999811270854595 0.001798601400290404 0.005874564315518961 28.171935636241248 -0.001773747886030794 0.9999894669781495 -0.004233172710074121 0.09831122197343158 -0.005882116228968674 0.004222672821731326 0.9999737845278294 0.31957943625138213
0.9999920999676574 0.0015383114959387648 0.003665187582697521 29.541481202910983 -0.0015230944259735902 0.999990224788956 -0.004150964936337368 0.10243599215408315 -0.003671537231796191 0.0041453497168027625 0.9999846678275027 0.31832956824668196
0.999995206369646 0.002790242697896458 0.0013423052618559757 30.90596205779531 -0.0027847705177669615 0.9999878747913159 -0.004061443525484544 0.10391258749501246 -0.0013536213992644602 0.004057686044306519 0.9999908514046881 0.3598845667403961
0.9999966332855764 0.002420275033912213 0.0009357811029748634 32.31738636487328 -0.0024177422406360598 0.9999934367415018 -0.002698332147459811 0.13120166280146808 -0.0009423056671312866 0.0026960605854453997 0.9999959216503582 0.33708902153362175
0.9999934934209835 0.0031441431292462017 -0.0017684681733651992 33.67853112335024 -0.0031432278543708104 0.9999949247976565 0.0005200938230428699 0.11742216542411853 0.001770094447451665 -0.0005145317405892245 0.9999983010099243 0.3993337001410275
0.9999938835170755 0.0032694515651701395 -0.0012424229957700471 35.07290376064761 -0.0032662200028148237 0.9999913009179918 0.002594204162251099 0.14082837741774423 0.0012508938126891609 -0.002590130268004897 0.9999958632363756 0.39679452889012046
0.9999956732502548 0.0027937402365660192 0.0009211385673455796 36.4701311547538 -0.002792391265347481 0.9999950317970668 -0.0014625088733156602 0.14201342943031448 -0.0009252198608279643 0.001459930366116135 0.9999985062846521 0.3998338983782325
0.9999932505275733 0.0026070797313871305 0.0025888288031734367 37.85620008940843 -0.0026146637897950156 0.9999922878736965 0.002930482280482372 0.1255913709718709 -0.0025811688368420943 -0.002937231418202659 0.9999923550902935 0.41485155024565745
0.9999923921331244 0.0024857408301089956 0.003006121820043925 39.24807560171308 -0.0025000724298766225 0.9999854832424917 0.004773148030990598 0.1313060045106482 -0.0029942133719536353 -0.004780627239798944 0.9999840900181748 0.43696720586318605
0.9999920244326925 0.0025859140862745647 0.0030437015858642293 40.66485774490779 -0.002605326263518787 0.9999761819585187 0.006391227638270743 0.15361492381745134 -0.003027101925275209 -0.006399106500284502 0.9999749437310578 0.4469742739097806
0.9999885524636877 0.0031031995875405393 0.003642127660913476 42.10438928218174 -0.003134933094527622 0.9999568933055308 0.008739778329230813 0.15792421045314073 -0.0036148493843227146 -0.008751096106839721 0.9999551745857699 0.46166615738265326
0.999990564284587 0.0026479304461005547 0.00344380692635161 43.499139667959845 -0.002683718219543306 0.9999420135142835 0.010429154592712361 0.14611943387614107 -0.003415991556117332 -0.010438298393570465 0.9999396846451967 0.47832957752428534
0.999993671549151 0.002066092515970634 0.002896225710148659 44.9083036751891 -0.002092286144952695 0.999956674223376 0.009070392208317568 0.15059915660307122 -0.0028773599594619655 -0.009076394539712295 0.9999546689034574 0.49456938092586517
0.9999942147565668 0.000902767637013041 0.0032795524071229302 46.29801827540819 -0.0009286545657747485 0.9999683593095038 0.007900505082369462 0.1491341013009246 -0.0032723163195158304 -0.007903504947340888 0.9999634126084076 0.5062538646854232
0.9999918373826202 0.0008177446938630355 0.0039568247050940355 47.751412209484805 -0.0008495849906188333 0.9999672215924464 0.008051952932466497 0.16443886261035415 -0.003950110564895476 -0.00805524886633551 0.9999597539862424 0.5167119147678294
0.9999870086330205 -0.00042074724270161473 0.005079915052554399 49.11941489652331 0.00038022275350833406 0.9999681210962879 0.00797572704004077 0.16418943935886046 -0.005083108875592212 -0.007973691925154994 0.9999552901211342 0.5292834357040284
0.9999898519843035 -0.0013126808525411597 0.004309616849594802 50.557511307621404 0.0012726125014071907 0.9999560646892192 0.009287041976402042 0.17040484601832726 -0.004321618427418338 -0.009281463259075222 0.9999475876534422 0.5742119314316785
0.9999864372177236 -0.0025485821110004165 0.004542038069750419 51.99700053710843 0.0025000875568218788 0.9999401541551818 0.010650712197768784 0.18226163003738505 -0.0045689104622215855 -0.010639212251617363 0.9999329638630048 0.5797408664168026
0.9999746874227025 -0.004157050072483893 0.005774378630070034 53.40943073920349 0.004099007478655487 0.9999413222432321 0.010027472669959734 0.19795240873256562 -0.005815724508474778 -0.01000354962759343 0.999933050930556 0.605510944850705
0.9999614580015738 -0.004980593968611337 0.007230227872379549 54.88445577529257 0.004919239171030905 0.9999519526816153 0.008478998419795169 0.21211808981836544 -0.007272110927708467 -0.00844310440208613 0.9999379132679741 0.5988589110934995
0.9999524562044801 -0.0055260839420538405 0.008034159999175516 56.30738836164063 0.005475096565423912 0.9999648210373064 0.006354526373122568 0.230989823383463 -0.008068993011910502 -0.006310236453002507 0.9999475347575396 0.5805661619863036
0.9999544217466844 -0.005399455351646504 0.00787402763264595 57.72208301453896 0.0053765519517476055 0.9999812625035457 0.0029270003288606222 0.24720042140117937 -0.00788968430067104 -0.002884531802661761 0.9999647155564616 0.5867074288189413
0.9999582022614841 -0.005806158693603397 0.00706273680702962 59.14350826925757 0.005785906313168942 0.9999791010874929 0.0028845582651178393 0.2416760062312883 -0.007079337406559249 -0.0028435733636256967 0.999970898112745 0.6246585847535351
0.9999494581564262 -0.005647968800940924 0.008317546578952104 60.58813945967769 0.00562978637363557 0.9999817153376287 0.0022078260350791436 0.2584599510074856 -0.00832986422798518 -0.002160888437088777 0.9999629712759898 0.6300660538384305
0.9999466821671747 -0.0040862817396968044 0.0094834131199102 62.00277839508397 0.004087554583508603 0.9999916393197826 -0.00011483928212184932 0.2458775934570851 -0.009482864566464199 0.00015359712790579793 0.9999550248323854 0.6472386179273614
0.9999588749524225 -0.003901069266517933 0.008187188923146523 63.39524815499474 0.003915454935062811 0.9999908176261473 -0.001741802526444696 0.2699678250393122 -0.00818031885301277 0.001773787464006351 0.9999649674171069 0.6672531607388256
0.9999565400756049 -0.0039033001109006495 0.008466534608069213 64.82001803041679 0.00393406201617564 0.9999857101937253 -0.0036197464556997332 0.282372784557969 -0.008452284666187882 0.0036528970140026805 0.9999576067150681 0.6410045664982688
0.9999503980225405 -0.0033618641669464246 0.009375466062324986 66.25395321745992 0.0033775019704020887 0.9999929306465274 -0.0016526153241004646 0.29201465510161784 -0.009369843915601582 0.0016841990062113497 0.9999546837225698 0.6494031362311702
0.9999618011897609 -0.002331469982263319 0.008423800154974157 67.59502112042263 0.0023380981053925773 0.9999969647246802 -0.0007770705734086572 0.2886164657241127 -0.008421962869705446 0.0007967365614198319 0.9999642172359333 0.6810585107722352
0.9999621841200305 -0.0023524700473442546 0.008372348211494168 69.0193179219136 0.00233215717680756 0.9999943155953106 0.002435122167136415 0.34092586990046797 -0.008378029171638548 -0.0024155044488806633 0.9999619862602062 0.7518530035281006
0.9999533080976029 -0.0008538037411749952 0.009625624334668787 70.3122345256201 0.0007711119780994408 0.9999627973387739 0.008591235343726107 0.3065724998290461 -0.009632601464705364 -0.008583411768382818 0.9999167655517316 0.7955237460818467
0.9999301793437023 1.8302277700569532e-05 0.01181677209300004 71.62162573771712 -0.00018627343742817738 0.9998989629735167 0.014213695743625946 0.32643222260271587 -0.011815318018478481 -0.014214904484817778 0.9998291527809187 0.7837604875244445
0.999954208066536 -0.00035126491074594427 0.009563387631447743 73.07869652793605 0.00020221904315379088 0.999878579710935 0.01558155777520892 0.34737793183640947 -0.009567699696658282 -0.015578910366455872 0.9998328643699949 0.8323290780547934
0.9999462895196741 0.001741526479374895 0.010216905664512272 74.43927295742554 -0.0019274808936345625 0.999832159878541 0.018219135270811954 0.29075174069806037 -0.010183461751319173 -0.01823784960276585 0.9997818151720036 0.7654170367836486
0.9999504652843291 0.0033586142532124517 0.009369455050967255 75.62096199246243 -0.0035143469009322964 0.9998551252396771 0.0166546659471065 0.2769158112224622 -0.009312161054979944 -0.016686768478286006 0.9998174010359283 0.7605427795186117
0.9999310631914091 0.0017297782809373857 0.011613644216910782 77.02794773972559 -0.0018926372954925466 0.9998998289278174 0.014026761357819615 0.4054272315436604 -0.011588217678568978 -0.01404777481383825 0.999834172867588 0.6453136599935635
0.9999298103173613 0.0014224144502870762 0.011762277662825078 78.41441689456163 -0.0016047393724638362 0.9998784879951893 0.015505936153628396 0.4208432591360916 -0.01173879253723498 -0.015523723186966145 0.9998105894459121 0.7294592791282818
0.9999466062971671 0.0016279501440356837 0.010204623124201003 80.21364249822243 -0.0017980814453257036 0.9998591782549155 0.016685040081495777 0.40993843069848973 -0.01017602367796081 -0.016702497948920078 0.9998087192580248 0.7660359681269099
0.9999436495705436 0.002020815169440942 0.010421803567182076 81.65688497384616 -0.0021866882555618052 0.999870730981748 0.01592920966332169 0.3792705361741779 -0.010388266362341683 -0.01595110128097839 0.9998188067294539 0.7705891083184835
0.9999428122641425 0.002390056014768719 0.010424002759220119 83.12967628259395 -0.0025534066561517586 0.9998737134927975 0.015685572369899026 0.32609530770863815 -0.01038519695173282 -0.0157112920655587 0.9998226357639162 0.7892664831473281
0.9999391600633449 0.0014253261345835491 0.010938218192309695 84.43228053680245 -0.0016120574846172299 0.9998527979982452 0.017081674559203765 0.3785443899606251 -0.010912261107524471 -0.01709826834771091 0.9997942647250139 0.782522954871131
0.9999291149420892 -0.0005954000146095219 0.011891618474899186 85.876551964896 0.00041237521245094527 0.999881518810065 0.015387601787209632 0.4388725365432611 -0.011899371320120937 -0.015381607227470867 0.9998108876789079 0.7022218100411955
0.999934428981288 -0.00020384941867310186 0.011449724157375869 87.1867237041124 1.3731102432206212e-05 0.9998621731452856 0.01660224456644251 0.36901601917671034 -0.011451530435811447 -0.016600998723018155 0.999796613963098 0.8298938035160188
0.999920095554204 -0.0015832718410737484 0.012541760528284809 88.57233905216344 0.00142248852371692 0.9999168291200811 0.012818399620948636 0.4037158547475152 -0.012561012430193419 -0.01279953486341224 0.9998391835060321 0.8084872402786785
0.9999192038168221 -0.003337842102191361 0.012265587977482548 90.01446575347308 0.0032710692971683938 0.9999797443261907 0.005459948990556634 0.42688563778881305 -0.012283563977349893 -0.005419386259272991 0.9999098680924132 0.8254015091168502
0.9998915112572678 -0.004937174429250646 0.013877680797315026 91.33773949581682 0.0048385944412093875 0.9999628883069392 0.007128114244125727 0.46357602033478884 -0.013912358516459755 -0.007060192454810563 0.9998782925751566 0.802938619372375
0.9999224516044259 -0.0023014209335675065 0.01223904567688147 92.6633829453032 0.0022470481416820066 0.9999875541794958 0.004454465260702634 0.3787543718491871 -0.012249144951514664 -0.004426618099224329 0.9999151781527073 0.8817275406572699
0.9999109570673789 -0.00243739305032559 0.01312010105588709 93.96069855367065 0.002343882237718081 0.9999717774880529 0.007137957932051858 0.34920432457518685 -0.013137128782735394 -0.007106570375522703 0.999888450030724 0.8277222854183643
0.9999106659827647 -0.0027832503986851363 0.01307339172221034 95.43572785972418 0.0026978948716072635 0.9999749611244846 0.0065420552846488815 0.3995405635729918 -0.013091272557161662 -0.006506200220087463 0.9998931382610495 0.799770379152096
0.9999113349406463 -0.0036989727620334602 0.012792179553166302 96.7248325200449 0.0036271334912898073 0.9999775477786524 0.005634522271608478 0.43417531817123395 -0.012812734284729206 -0.005587623743472954 0.9999023013780147 0.7745580310869795
0.9999434799285015 -0.002078076330167452 0.010426818654050644 97.89821469637614 0.0020248171298355285 0.9999848639095382 0.00511586428798493 0.30484737671143247 -0.010437291989265478 -0.005094462737949185 0.999932552418083 0.8689479838600044
0.9999662255320915 -0.00625595015024852 0.005330186002365383 99.23170576248201 0.006273821969642926 0.9999747319442901 -0.0033428477138762983 0.49581727939955866 -0.00530913863027065 0.0033761754490173866 0.9999802070472905 1.1225374198346658
0.9999846428935624 -0.004309881089554851 0.0034840927123774576 100.29778294786783 0.004303859290454216 0.9999892349213704 0.0017340232352528653 0.46536404509236406 -0.0034915286397959205 -0.0017190015608845068 0.9999924271020213 1.46280577436139
0.9999128604013119 -0.0031408966024164832 0.012822104842793386 101.65388728479194 0.00305387143482238 0.9999722092928977 0.006801066911948943 0.47707442019921253 -0.012843109955389813 -0.006761317209993879 0.9998946640102945 1.0628607775881147
0.9997732973247649 -0.000490883915908513 0.021286450839634596 102.97310980047114 0.0001853504066010354 0.9998969728565026 0.014353024685730544 0.4134125810265291 -0.021291303426372254 -0.014345825364318355 0.9996703845233301 0.7095300253376308
0.9997066673568429 0.0041534245359736 0.02386060156196159 104.33865013395202 -0.005062037380937726 0.9992593264611602 0.03814674636115719 0.20257900954366814 -0.023684489013459854 -0.038256339932257535 0.99898723587199 0.7660105142831968
0.9998958734027368 -0.0021718002978921504 0.014266241118258713 105.82279500341147 0.001588522451403028 0.9991672947660908 0.04077000939702293 0.5087967198257995 -0.014342905863164846 -0.04074310191036055 0.9990667048291232 1.096373860037788
0.9999989963417827 -0.001292073811460436 0.0005812578542320561 107.38871326457019 0.0012697260870983497 0.999317005811747 0.036931147979836446 0.47783120384397954 -0.0006285786276276559 -0.036930372875325454 0.9993176434188472 1.6087807757018044
0.9998713656241164 0.0034643409181805912 -0.01566047722667783 109.10442546035922 -0.0029038383771806363 0.9993592965650647 0.03567301629605049 0.4008796501711538 0.0157740269951553 -0.03562295202508758 0.9992408044917774 2.345861340611251
0.9993679997196309 -8.381811481430145e-05 -0.0355470689496007 111.00342682244563 0.0007539586101905496 0.9998222419537416 0.018839215509358437 0.5390235850848568 0.03553917110454543 -0.018854110138576175 0.9991904172118968 3.4682000198294776
0.9986685402145644 -0.005267597113960325 -0.051316656227349544 112.67497258395412 0.005446569013735618 0.9999795614092186 0.0033483801763206046 0.7181635373465988 0.05129796946945943 -0.0036234216524658894 0.9986768191681625 4.790427999068074
0.9986310436761556 -0.008647078894245814 -0.05158746585042587 114.49289194176205 0.005585330885989713 0.9982303853245612 -0.05920221189847598 0.5533051755229417 0.05200810211078824 0.058833033589767665 0.9969121483227391 5.4944963558135465
0.9986169965858552 -0.018639554805957494 -0.049159547663516975 116.52081159291893 0.013550262765239967 0.9947025011096893 -0.10189859991737746 0.9074299869789765 0.0507984695521316 0.10109154901753416 0.993579395020044 5.814565967629185
0.9985786044102388 -0.002474423692543825 -0.05324141284272391 118.6253330960587 0.0015171692118593403 0.9998366121145595 -0.018012419961304517 0.37133874230248404 0.05327728419957398 0.01790604095464972 0.9984192028830616 5.630248803897745
0.9985114542624995 -0.002982143107695014 -0.054460834817999106 120.58851132268724 0.006170842644372202 0.9982697183681564 0.05847640626971023 0.8143669665676204 0.05419221722393866 -0.05872543070635613 0.9968021505698643 5.558353279517197
0.9988198162620752 0.003975393024078103 -0.048406310461536796 122.88892942835965 0.00094863461096583 0.9948577720220175 0.10127740883218936 0.9672051994890495 0.04856001168213876 -0.10120380278275942 0.9936798858625141 4.972027238415304
0.9990783883560795 0.01151427202731749 -0.04134967302772527 124.92504006443505 -0.005109867731075984 0.9884028478698413 0.15176857242050504 0.8462376003629793 0.04261763920713776 -0.1514174093770862 0.9875507607034395 4.57774493991823
0.9975137636089724 0.06784046292264082 -0.019077814369182752 126.03136429537163 -0.061838094007667044 0.9724554582587694 0.224736360725686 -2.331524447953554 0.03379854346213949 -0.22299787732884033 0.9742328290335268 4.226784309422439
0.9689297685723325 0.1665731117022602 0.18283463028702354 126.4980129921345 -0.24303241103918546 0.5038929043765682 0.8288710322501487 -8.334857677667241 0.045938554165827386 -0.8475525584745603 0.5287195001741285 12.675733258028501
0.917489110402456 0.08615790331835169 0.3883175865045204 127.58705816808089 -0.3534297051928463 -0.27130589394081317 0.8952544640493417 -6.769168526774773 0.1824860974984339 -0.9586291919239481 -0.21846944090886097 22.738859009712918
