1.0 8.809142651444726e-20 8.673617379884037e-19 -5.551115123125783e-17 -8.809142651444726e-20 1.0 1.7347234759768075e-18 0.0 -8.673617379884037e-19 -1.7347234759768075e-18 1.0 -5.204170427930421e-18
0.9999993011580781 -0.0003480319849955573 0.0011298482609536818 1.3160940844717768 0.0003481171165631284 0.9999999365833229 -7.515200288644408e-05 -0.058402083065748844 -0.0011298220340017183 7.554526988583102e-05 0.9999993588973364 0.018140396604628333
0.9999976844684006 0.0012037922336848642 0.001783799903291163 2.5652097675998258 -0.0012028053760217308 0.9999991230587825 -0.0005542029350592417 -0.11574037075546209 -0.001784465484192614 0.0005520560876714074 0.9999982554569841 0.031373844761168695
0.9999983617762833 0.00030446527684833453 0.0017843053675988593 3.898582996592725 -0.00030332180757848114 0.9999997485035669 -0.000641083991380104 -0.11559237004863662 -0.0017845001066673423 0.0006405417224117329 0.9999982026312203 0.04787287965707662
0.9999977688595333 0.0007579496770865956 0.0019717475098007023 5.213827235743143 -0.0007556655068202243 0.9999990429170555 -0.0011589368467289562 -0.09537643742982392 -0.001972624038483532 0.0011574442793967441 0.9999973845351511 0.05838506543980901
0.9999977164484999 0.0003547469116102878 0.0021074279143614982 6.551524180356569 -0.0003517877115498661 0.999998951979236 -0.0014043809439363386 -0.10396586117909402 -0.0021079239055358714 0.0014036363697168778 0.9999967932257333 0.05379756209568205
0.9999960807751851 0.0005530983069342592 0.0027445430461967195 7.890427982120492 -0.0005462252849436596 0.9999967148840346 -0.002504367999524382 -0.0896933753455406 -0.0027459191917550176 0.0025028590455357237 0.9999930977883751 0.07555201840333711
0.9999963518342706 0.0004081215096810006 0.002670160104404933 9.222018069386728 -0.00040125963932264414 0.9999966173839674 -0.00256986601303019 -0.08589995449384162 -0.0026711998898754706 0.0025687852102526444 0.9999931329932681 0.07442986746769442
0.9999964505148276 -0.00035417125212595376 0.002640742408896441 10.557074383275792 0.00036128262244283196 0.9999963087325906 -0.0026929530371494923 -0.10349766250008197 -0.0026397788946609666 0.0026938975328952993 0.999992887216439 0.08032412049995745
0.9999992486803778 2.386867211144159e-05 0.001225589232416956 11.874849459487073 -2.2331203119457662e-05 0.9999992129007516 -0.0012544716795603224 -0.04171915134462684 -0.0012256182103297848 0.0012544433681690437 0.9999984621147368 0.07967074811734058
0.9999998931207785 9.895369520543804e-05 0.00045162661333294953 13.200001804852244 -9.948088595354144e-05 0.9999993135907115 0.0011674423579873677 -0.04745648020579052 -0.000451510780596985 -0.0011674871614276519 0.9999992165555647 0.10224447419715267
0.9999999316350952 2.512664634533461e-05 0.00036891524311416556 14.540669911446429 -2.5843770426801528e-05 0.9999981101038056 0.0019439961205164336 -0.043616158357759685 -0.0003688656997996346 -0.001944005521776174 0.9999980423883973 0.11068382336000963
0.9999996335918493 0.00048607465987050093 0.0007046613315909555 15.894567985898952 -0.0004874546735757577 0.9999979612544138 0.001959559888636189 -0.028910276210440924 -0.0007037074025594113 -0.001959902661096846 0.9999978317863747 0.11677049683270889
0.9999979572426082 0.0008947266438158981 0.0018124499561604547 17.225060585658532 -0.0008971604345676281 0.9999986964640337 0.0013424505160602143 -0.03954449246948827 -0.0018112464673220262 -0.0013440738321498003 0.9999974564226493 0.12345480626461207
0.9999877433140423 0.0011662327930425593 0.004811769192459823 18.576457030463786 -0.0011502907387051285 0.9999938451893173 -0.0033145760966079626 -0.04096074624203354 -0.004815605144270293 0.0033090005373507905 0.9999829300855781 0.1475000274044314
0.9999937734909112 0.0010065552298898048 0.003382281179484432 19.92780795819944 -0.000989753740855932 0.9999871819687898 -0.004965509606372888 -0.0478161283330655 -0.0033872358849620743 0.004962131063132173 0.9999819517813169 0.1762841899214278
0.9999987053183854 0.0013626345939416746 0.0008559138486219629 21.27810615139394 -0.0013575970903867002 0.9999819155963453 -0.005858789158523649 -0.05945231562188464 -0.0008638817587164454 0.005857619587106531 0.9999824708469042 0.172939532147169
0.9999987747919105 0.001564899064549804 -3.8802006512354524e-05 22.63758597600041 -0.0015650379954312771 0.999991229410306 -0.003884811261511952 -0.05197634251841707 3.27223286867835e-05 0.003884867228424259 0.9999924533394573 0.2141401963367265
0.9999963776707649 0.0026405366439908907 0.0005217389967366614 23.99866670147161 -0.002639922693453418 0.9999958263229063 -0.0011739441811865375 -0.028738069941701305 -0.0005248366617949847 0.0011725625781566647 0.9999991748213989 0.1805336958834952
0.9999766918369437 0.0034227369368457993 0.0059076776065817085 25.369639115472403 -0.003418181326714256 0.9999938529731002 -0.0007810585327303773 -0.03377067314325884 -0.0059103146498183596 0.0007608468144116743 0.9999822444888035 0.20814085084359157
0.9999794739112859 0.003249239289610094 0.005522155389582551 26.75967065529867 -0.0032363323042203275 0.9999920143759264 -0.0023446401842809553 -0.03742356843316313 -0.005529729588732297 0.0023267205281122996 0.999982004069203 0.2117061504272503
0.999981284731526 0.003249782826122319 0.005183541093647843 28.125199287744024 -0.003220353540283052 0.9999787075013092 -0.005675726128579662 -0.05183128884140664 -0.005201875600404325 0.0056589270709292505 0.9999704580809594 0.24404312524611538
0.9999912120902968 0.0031776928644784565 0.0027345950775407497 29.468774234719433 -0.0031613342846768997 0.9999772075853457 -0.0059657585733140315 -0.02892499043628412 -0.002753490097965452 0.005957061177593041 0.9999784656253388 0.2626217359529928
0.9999931430469362 0.0035508277629235237 0.0010514187120000038 30.886820730051607 -0.0035443081649748948 0.9999748748094969 -0.006139025115022151 -0.03816954265823493 -0.0010731909157202717 0.00613525646808933 0.9999806032565477 0.2943560155926439
0.9999912467256166 0.004172870942831104 -0.0003059742500544622 32.26415076694602 -0.004174142995529117 0.9999821211898492 -0.004281802296089185 -0.023133899298623525 0.0002881013712146363 0.004283041996571508 0.999990786231981 0.2734966116428994
0.9999868656159604 0.004770540587289089 -0.001873642994837033 33.641761266147036 -0.004775513493588097 0.9999850627998187 -0.0026586929336319914 -0.04222672947634884 0.0018609316053075206 0.002667605620741969 0.9999947103929163 0.3136621475128154
0.9999866984878838 0.004944765199809939 -0.0014670188891374566 35.04481529740835 -0.004948788747790219 0.9999839683174206 -0.002751835400889929 -0.037151531291428376 0.0014533881904303624 0.002759058763889361 0.9999951376169313 0.3152783756800699
0.9999892772305359 0.004603780421493539 -0.0005006293850621774 36.42702963091587 -0.004605027193892356 0.9999862254795124 -0.002518447097188329 -0.023904600226544892 0.0004890281116938534 0.002520725504392971 0.9999967033917849 0.35002521402526043
0.9999906588178906 0.00432225016586207 -2.074764454976993e-05 37.83409436214714 -0.004322280320362568 0.9999890650608263 -0.0017853995650127079 -0.01765989181727235 1.3030474109532536e-05 0.0017854725644059644 0.9999984059576937 0.3419480778509521
0.9999931418514539 0.0037028722712191494 -7.061870166568064e-05 39.241094358279554 -0.0037029687759179497 0.9999921368480658 -0.001419247788074647 -0.02655131743542339 6.536285309964933e-05 0.0014194995535097565 0.9999989903738479 0.318818673289976
0.9999914365968521 0.004136126180659034 0.00013853945814326234 40.635719160424934 -0.004136146158370666 0.9999914357100095 0.000144227564590919 -0.024793779447407873 -0.00013794172824529047 -0.00014479934895972037 0.9999999800026138 0.33625385059806545
0.9999908700018079 0.004214662546275435 0.0007046507278311456 42.05223587669579 -0.0042188286000656 0.9999729853357251 0.006019143128465217 -0.010224120479430642 -0.0006792630348240888 -0.0060220609743429675 0.9999816365230667 0.39668392581835654
0.999991517410191 0.0040609713165919836 0.0006882002829503454 43.44418350760261 -0.004064625438068645 0.9999771905997991 0.005394172798642702 -0.00010499092864927434 -0.0006662790045026442 -0.005396924318464057 0.9999852145307894 0.3874607249714975
0.9999910537264127 0.004102487526693887 0.0010305645210227834 44.874597729946444 -0.004108382775338644 0.9999748274568265 0.005784949754447302 0.028061702802880756 -0.0010068058948827139 -0.005789131954231155 0.9999827359975304 0.4337531464209465
0.9999962021745352 0.0027263281363293745 0.0004034493762982151 46.270501000503714 -0.0027284125470129704 0.9999824470571219 0.005259405158731975 -0.007367173976204173 -0.0003891034303097518 -0.00526048596076951 0.9999860878462146 0.4561722631367601
0.9999988766265264 0.0013649281219053962 0.0006194488738614684 47.7058734131675 -0.0013679765512478385 0.999986824129875 0.004947747649342828 -0.018850339545875037 -0.000612687392176878 -0.004948589482708504 0.9999875679608677 0.4747201376762853
0.9999993321916535 0.00042030807978391834 0.0010765488215332293 49.1028413440376 -0.00042616136040519694 0.9999850979585958 0.005442632380784898 -0.0204895193525184 -0.0010742451963931799 -0.005443087529659894 0.999984609279264 0.4980076990422793
0.9999994092359787 -0.00037567442321500075 0.0010199982456477496 50.52295604766932 0.0003696309894228694 0.9999824161272418 0.005918683067666294 -0.0004776467888180387 -0.0010222038079760224 -0.0059183025481605355 0.9999819642345172 0.511153827392383
0.9999981505621031 -0.0014723710138387122 0.0012373342196030986 51.977805701992665 0.0014651538427724502 0.999982027283555 0.005813642067442095 0.009721736705174991 -0.0012458718194109572 -0.005811818430485491 0.9999823351289465 0.5188131363981335
0.9999957768624821 -0.002147700360160016 0.001957968427712707 53.388784836031114 0.0021346319165631965 0.9999755946589441 0.006652325388307659 0.027485744845561697 -0.001972207844457822 -0.006648117752725311 0.9999759561742293 0.5509871669269067
0.9999923484428901 -0.0032747461912623716 0.00213988155194748 54.85209376908844 0.0032644231980753537 0.9999831040032632 0.004809911556655973 0.028413796126621392 -0.0021555966360662293 -0.004802889274363693 0.9999861427328685 0.5539310892805934
0.9999883460505484 -0.0034857975238600297 0.0033402063874995087 56.239907424869216 0.003476717532368809 0.9999902560075188 0.0027203538771564386 0.04115245227803413 -0.0033496564433625987 -0.0027087092201807145 0.9999907213049889 0.5777259485064525
0.9999875772074358 -0.00375132087939834 0.0032822282770362996 57.65973115908785 0.0037432567639998403 0.9999899691334488 0.0024596059202048218 0.07220317351410062 -0.0032914221244860187 -0.0024472891418316775 0.9999915886227517 0.6171975382366646
0.999985908147232 -0.0036760102515821483 0.003830203073704838 59.11545642981776 0.0036634091300996215 0.9999878717558263 0.00329177380731038 0.07773286180638066 -0.0038422572143282886 -0.0032776958192081962 0.9999872468034858 0.6654083282441609
0.999985312228223 -0.0038208199521703014 0.0038440424967284 60.539147210363595 0.00381146545478363 0.999989764647211 0.0024378949736456085 0.06221158646320224 -0.003853317909353911 -0.0024232077312176183 0.999989639949025 0.673356551383726
0.999984203260709 -0.0030468953399978107 0.004723310050374816 61.985558575734 0.003053399230915687 0.9999943993925324 -0.0013703783071692354 0.0890512043668942 -0.004719108197691129 0.001384778810935578 0.9999879061296008 0.6691132318890822
0.999988323090967 -0.0028799371425126097 0.003880675684835092 63.40319189191291 0.0028956139879256016 0.9999876461232695 -0.004040175797626991 0.08187488573453733 -0.003868992291104183 0.0040513655596573364 0.9999843085447657 0.6806887605660269
0.99999346866051 -0.0024209009517293122 0.0026836309179237594 64.80670622486195 0.0024335764408050893 0.9999858518239644 -0.00473010122588601 0.07884083244799835 -0.0026721418428815942 0.0047366011529667565 0.9999852120244025 0.696733347584172
0.999996374007271 -0.0015214862399542675 0.0022219477787622705 66.25266090372348 0.001532920705475711 0.9999855454789185 -0.005153541242729285 0.09296510736985866 -0.002214074619483411 0.005156928625782761 0.999984251856362 0.7138029962967318
0.9999973828487371 -0.000950096383864851 0.002081252636648959 67.62625181218719 0.0009568099919904422 0.9999943350364012 -0.0032271364620858963 0.09826914057573692 -0.0020781747557456665 0.0032291193795002315 0.9999926269616778 0.7293750669163042
0.999995239727277 -0.0002716407521674306 0.0030735539831933277 69.08693958866951 0.0002760213660441675 0.9999989466989236 -0.001424925699435301 0.12132438178232889 -0.0030731636779268313 0.0014257672829694132 0.9999942614098661 0.7412604091964468
0.9999912804318862 0.0005023589445020473 0.004145683983065349 70.44987591370136 -0.0005128653140318348 0.999996658871088 0.002533617143672375 0.12610164784171302 -0.0041443973465666644 -0.002535721229142968 0.9999881969745852 0.7710470555312995
0.999986690740749 0.0015631712894975326 0.00491679132007922 71.90514306535826 -0.001592880195217106 0.9999804647867143 0.006044235074057036 0.14615211275856618 -0.004907247094777361 -0.006051986489283232 0.9999696457320514 0.79220669342173
0.9999863975638609 0.0023295267904437787 0.004666689638783879 73.2591307109168 -0.0023752934642655775 0.9999489057114199 0.009825677966057064 0.16676419896971031 -0.004643562017540558 -0.009836629070298766 0.9999408372800477 0.7941231846842379
0.9999881866980392 0.002545663514371958 0.004140780317671098 74.65246483365779 -0.002601046672205613 0.9999064960223637 0.013425117075393588 0.153897022627046 -0.004106217307525875 -0.013435728843297329 0.9999013052146062 0.8113787583597329
0.9999827876591769 0.0035731881066131256 0.004653677270300372 76.08316182605392 -0.0036503526660543466 0.9998542181547749 0.016679849025610854 0.17475666338531917 -0.00459339861048241 -0.016696549489595147 0.99985005171993 0.8441756982578236
0.9999811613438707 0.0038417589675989274 0.004787258651715987 77.45868881428073 -0.003921073473640648 0.9998533559699075 0.01667008513858773 0.16748493187417546 -0.004722514179742397 -0.01668854228949686 0.9998495838955347 0.847728068482184
0.999979832087606 0.004092658089942918 0.00485649748299026 78.8732287633089 -0.004169980503781121 0.9998629826765993 0.016019586001287063 0.17514095429854892 -0.004790269370458334 -0.01603951441950073 0.9998598838320023 0.88234532305072
0.9999886244343941 0.0033413739836341294 0.0034038539495541502 80.24346235614466 -0.003391525827230502 0.999884185724711 0.014836195273542442 0.15658641001066437 -0.003353886457772663 -0.0148475707620118 0.9998841438327221 0.87542381831106
0.9999893519331081 0.003247823371499814 0.00327836296803028 81.65521173808641 -0.003293834452600221 0.9998947649394686 0.014128329740055819 0.16772247571882998 -0.0032321316497748863 -0.0141389776855479 0.9998948157856437 0.9096184235483155
0.9999901588607498 0.002921466392535771 0.0033387446397824213 83.01773661858459 -0.002969226584075333 0.9998920420773352 0.014390548422800879 0.17582230801901536 -0.003296342692259431 -0.014400320292751843 0.9998908764961911 0.9090537619576868
0.9999933010881049 0.0028878849626486347 0.0022489774025515 84.40633588365793 -0.00291799286892067 0.9999045970395227 0.013501190201112206 0.19124717108507946 -0.002209772959289599 -0.01350766225785158 0.999906325594451 0.9239423406657823
0.9999958746586826 0.002138021386532258 0.0019182101467630484 85.80203924635964 -0.002162520991219021 0.9999149390800772 0.012862274582978265 0.20458741660613622 -0.0018905471639055018 -0.012866369691413438 0.9999154376057933 0.9178177311029443
0.9999959364948822 0.0010273702897958415 0.002659229965832997 87.16204042949865 -0.001062026179401628 0.9999141000576219 0.013063866439540286 0.2142692581360803 -0.002645580109882317 -0.013066637526292915 0.9999111279957027 0.9486622897033973
0.9999925622840586 -0.0003158066547787329 0.0038439098220282844 88.56690940692356 0.00027084889809269507 0.9999316241987953 0.011690747111868087 0.2070696558541669 -0.0038473390073517078 -0.011689619040672264 0.9999242725272982 0.971255273537621
0.9999898884265375 -0.0015494027897597629 0.0042216579297949305 89.91493272220485 0.0015045186241474558 0.999942533880941 0.010614393975755159 0.19655767637151625 -0.004237861299135355 -0.010607935084550556 0.999934753993905 0.9942527892306047
0.9999870307112115 -0.002735348518637824 0.004296077030942182 91.29762812119299 0.0026951663100740187 0.9999528300145953 0.00933133561516254 0.19507106551130365 -0.004321398840103182 -0.009319635952296889 0.9999472335567419 1.0123723502916686
0.9999910258758213 -0.002405516850435948 0.0034873566644029563 92.67434334652758 0.0023743273004581972 0.999957394243004 0.008920328951995085 0.22745426732679663 -0.0035086660845378105 -0.008911968773720629 0.9999541319855043 1.026425096673878
0.999988949800355 -0.0027217417264275437 0.0038330665475059564 94.01910600186329 0.0026918393389233275 0.9999660745847808 0.007784836573617826 0.2271127135950722 -0.0038541248236676046 -0.007774432550298196 0.999962351251468 1.0643797723094042
0.9999900080521035 -0.002830537440135962 0.0034600366694746273 95.38505748441865 0.002804808493731115 0.9999685496696437 0.007418404201911483 0.25954785626785204 -0.0034809259210178997 -0.007408625337364058 0.9999664971514511 1.064059257127024
0.999994147334732 -0.002146309262194213 0.002664329715602807 96.77461293987984 0.0021267048615853474 0.9999708058255099 0.007339252217516889 0.2854752344125557 -0.0026800042377082257 -0.007333543020371303 0.9999695178974479 1.0793567177071814
0.9999960979144092 -0.001947376203259729 0.0020029682669100196 98.11592790098764 0.0019297813664860871 0.9999598636308856 0.008749118308619677 0.28661004515737803 -0.0020199256998300447 -0.008745218877972047 0.999959719712221 1.103844686485319
0.9999961801786681 -0.0017335851424383083 0.0021527449051797717 99.47320286904687 0.001712258708336025 0.9999498316601956 0.009869262022173187 0.3018143942837872 -0.0021697461115503264 -0.009865538267144864 0.9999489803767544 1.1202546705812486
0.9999916953520636 -0.00215673855068652 0.0034579915745245153 100.80307038221068 0.0021245079009194977 0.9999545217052007 0.009297364546061615 0.27753924092095916 -0.0034778862955005523 -0.009289940804300933 0.9999507994430367 1.1425189832348015
0.9999853426073285 -0.0020216795314006767 0.005022686768661074 102.11994196478933 0.001975946271693874 0.9999566994165218 0.00909367518374319 0.30955385944230984 -0.005040853780377543 -0.009083617334980773 0.9999460373886566 1.170995591915541
0.9999900149744181 -0.0021062338246573085 0.003941285391726779 103.49934262146589 0.00206952893741838 0.9999546688288247 0.009293940897850595 0.29606725298051634 -0.003960681941327455 -0.00928569149344417 0.9999490431677247 1.1838033232940874
0.9999973835038432 -0.001835767669169557 0.0013648965281236826 104.80221521749802 0.0018230759943110087 0.999955625796576 0.009242447278572713 0.2683417018589142 -0.0013818029478254985 -0.009239934785649787 0.9999563561604928 1.197702252454729
0.9999993805968795 -0.0010206875784788785 0.00044384988934910284 106.08916673914315 0.0010178209417053001 0.9999789279064125 0.0064115352040339186 0.3373920510660968 -0.0004503847108444331 -0.006411079472996653 0.9999793473935364 1.2192664808947424
0.9999979513267154 -0.001160137232547843 0.0016587416838409169 107.48103187307117 0.001150468985994903 0.9999824147458599 0.005817784814811533 0.31562652243794515 -0.0016654619432214678 -0.0058158645652081715 0.9999817008105073 1.2400431665476164
0.9999980581008295 -0.0008115627841754225 0.0017958731629130963 108.84831695993806 0.0008031055968700109 0.9999886091449325 0.004704955024632766 0.3129768542171165 -0.001799671072781389 -0.004703503612296102 0.9999873190384961 1.2034585807784448
0.9999945671189614 -9.574622842822967e-05 0.003294930230016289 110.14774371093858 8.554128625313841e-05 0.9999952001098379 0.0030971664426694186 0.3209152017699001 -0.0032952109567187934 -0.003096867763562589 0.999989775445132 1.2419385067077637
0.9999964896296405 0.00048250291678289276 0.0026053635699048736 111.4651553138042 -0.0004898897917095395 0.9999958603524982 0.002835363443846055 0.31595128928974153 -0.0026039847134862854 -0.0028366298316868516 0.999992586369924 1.2468384504966177
0.999997458294999 0.002191526288779546 -0.0005297320713620421 112.81269843747558 -0.0021895051385080475 0.9999904347516639 0.0037863534471572744 0.33020811389800103 0.0005380248974612841 -0.003785183972271502 0.9999926914290452 1.2805670960962987
0.9999957473040418 0.0024844916868727073 -0.0015273096899214066 114.18511605979533 -0.0024756624171447957 0.9999803702151658 0.005755890889871781 0.3059215315363171 0.0015415801722272514 -0.0057520853086191785 0.9999822683653821 1.318753782720632
0.9999891235593084 0.0040564945069524 -0.002301654926651032 115.4772202057784 -0.0040365954753954925 0.999954998292154 0.00858529484098749 0.33262449585235065 0.0023363775496114928 -0.00857591061367449 0.9999604967682933 1.3262802703147538
0.9999820701040663 0.005981161646034615 -0.0002918488485422997 116.8502836103335 -0.0059782568410274555 0.9999406806850282 0.009104699682314551 0.34612297641524037 0.0003462882168070523 -0.009102791688621397 0.9999585087732114 1.3575929098299104
0.999974714934151 0.006980992830866522 0.0013547071487246892 118.15453311530588 -0.006993996512158414 0.999927086381566 0.009844081128270805 0.36106663811708806 -0.0012858869123416306 -0.00985330703710443 0.9999506281988532 1.3602190188542849
0.9999689968264184 0.007572957585941614 0.0021577069699086075 119.51883133551073 -0.007593404810846698 0.999924786893507 0.009631238723725503 0.34431499043754576 -0.002084607719709647 -0.009647324467245246 0.9999512905843357 1.385427298733375
0.9999617610591942 0.00868911572896034 0.0009877688210322474 120.82998056451689 -0.008699566542966313 0.9999003236560644 0.011120265035616179 0.3366027700157411 -0.0008910450940163327 -0.011128432969047374 0.9999376800672599 1.3968382931091443
0.9999529452903461 0.009627155918446572 0.0011937646686668664 122.15041346970283 -0.009641130142435124 0.9998777229957032 0.012312094318375249 0.3157196402040466 -0.0010750882470137277 -0.012323024216881922 0.9999234907028695 1.414113664826294
0.9999421516123238 0.010754911481453402 0.00015908470247484176 123.5059098240272 -0.010756086548719018 0.9998403076447002 0.014271153110651162 0.3116820188049367 -5.574309420689779e-06 -0.014272038676281826 0.9998981492536876 1.4217983536827654
0.9999263469295565 0.012134096098493814 -0.00025382668269247337 124.85245252405036 -0.01212884347243712 0.9998111392346806 0.01518476270053007 0.3227768565099467 0.0004380321146319779 -0.015180565672029715 0.9998846726266704 1.436748843035511
0.9999092046656637 0.013388681139498307 -0.001525005647477935 126.19264869256067 -0.013362490951600399 0.9997818324201153 0.016054015019459307 0.31778224768491486 0.0017396150287907713 -0.01603217951563261 0.9998699630249577 1.4616192986929455
0.9998850578010116 0.015042851566670486 -0.0018930935029061497 127.52571446302258 -0.015011244695753365 0.9997636045412673 0.015728876861889708 0.34352528759364315 0.0021292531441429513 -0.01569865126039152 0.999874501439882 1.4763175723322652
0.9998804115555526 0.015411797539214542 -0.0012802672021062587 128.85095840551782 -0.015390610001971549 0.9997663991808498 0.01517485396058207 0.3106041134659126 0.0015138399075667543 -0.015153335130196278 0.9998840356377164 1.4958958285479358
0.999877232013014 0.015649255767401907 -0.0007884769619700501 130.20578077712477 -0.015635983373019944 0.9997697276819013 0.014697198196103649 0.2661541548657923 0.0010182956111872738 -0.014683065237999407 0.9998916794679635 1.5242355442062399
0.9998607725930956 0.01667057382254659 -0.0007262217050757239 131.54045457508835 -0.016658706881183823 0.999762165074819 0.014074827528511299 0.2807011950706419 0.0009606844355444908 -0.014060770012256267 0.9999006809839054 1.536009159451741
0.999864447782258 0.016447237583018193 -0.0007579162011988142 132.87976893357714 -0.016435110969216873 0.999768188214152 0.013908880703400616 0.25738858598502223 0.0009865031727333783 -0.013894538886902891 0.9999029795938258 1.5761560955900666
0.9998692007850395 0.01617280209419901 -0.00014762759994672164 134.21621537923806 -0.016169740623939707 0.9997927992925711 0.01236519190627679 0.2361326589261969 0.00034757681296058264 -0.012361187448882541 0.999923537194326 1.58420014518075
0.9998750953404515 0.015795380796070103 -0.00054741522635129 135.55893907345592 -0.01578814744032956 0.9998108458732707 0.011358119323950014 0.21948811574077273 0.0007267175003511841 -0.01134805796961803 0.9999353446408387 1.6181583326084286
0.9998909268862309 0.014724171098590986 -0.0011546064496026174 136.88860109347868 -0.014710916790535987 0.9998339778673206 0.010752005821803213 0.20431035206083803 0.0013127291327507259 -0.010733847747643046 0.9999415289179435 1.6369578464774983
0.9998937868080593 0.014574348766050736 5.882758636951315e-05 138.2279100723848 -0.01457436159110073 0.9998629893362309 0.007847964056244983 0.25018442686851794 5.5559438896287885e-05 -0.007847987873447615 0.9999692025255013 1.6573225283895485
0.9999188219769333 0.012741519437384725 -5.602400239301262e-05 139.5812370699067 -0.01274084863675459 0.9998959337351349 0.0067670138139368135 0.18285297364760886 0.00014224021022766765 -0.00676575068779882 0.9999771019305159 1.676177052876533
0.999931722471434 0.011681249153476599 0.0003143461871002489 140.94338363927446 -0.011682909328511343 0.9999141435270745 0.0059342399798854835 0.18469325501163134 -0.0002449998627037825 -0.005937507282647395 0.9999823428352801 1.700623061091389
0.9999495080955828 0.01004644882705606 -0.00022388695195721373 142.27092574286291 -0.010045167415547002 0.9999363684865666 0.005133574728286998 0.1581513361538643 0.0002754469014992262 -0.005131066542407933 0.9999867980554252 1.7099583810321033
0.9999591860229342 0.009009677525809523 -0.0006723088812708466 143.6199538074679 -0.009005684063359515 0.9999430670220475 0.005723667451217262 0.14445651094341627 0.0007238390027245714 -0.00571737924420746 0.9999833936779531 1.7335063382311033
0.9999534425644102 0.009156145813651342 -0.0030459312901170606 144.95993822744902 -0.009144651784385692 0.999951093847046 0.0037663321466511056 0.13061807543035883 0.003080267411652878 -0.0037383028148774925 0.9999882684535539 1.7516586722500558
0.9999638395214706 0.007555719984654358 -0.0039026587081220357 146.27424483013073 -0.007552524602618229 0.9999711324412032 0.0008328603631650667 0.13226439439660018 0.003908838907582708 -0.0008033553206270727 0.9999920377676131 1.8030049949756128
0.9999773412047843 0.006660865935046332 -0.00097464968353558 147.68416437123813 -0.006668318626819298 0.9999469206708527 -0.007854257926162476 0.11843901295498913 0.000922281790718781 0.0078605792327799 0.999968679854736 1.818115209863469
0.99998561196106 0.00529594194223634 0.0008537387240187509 148.95531489738704 -0.005281650135778972 0.9998587882302324 -0.015953299677948597 0.11142517667972199 -0.0009381059149441267 0.015948560992003976 0.9998723735355312 1.840655145046304
0.9999882309317897 0.004693941895722245 0.001226746668700653 150.22327645655483 -0.004670888228515572 0.9998241049801432 -0.01816430300926332 0.14072727443079852 -0.0013117930729727772 0.018158359235768005 0.9998342628599994 1.879870885848624
0.9999843059033312 0.004593971685410121 -0.003206769587383451 151.61137592900553 -0.0046601645970520455 0.9997696898584697 -0.020948749514651623 0.1451386893620472 0.0031097930737108673 0.020963364817053676 0.9997754080405187 1.8849211164358524
0.9999657993998161 0.005230033134388571 -0.006406776420321999 152.96768851173192 -0.005323034559723589 0.9998794482687272 -0.01458609724709955 0.11681028233818473 0.0063297183004289055 0.014619701886121154 0.9998730914386077 1.917077351036788
0.9999557035673342 0.004873062169704236 -0.00805258767401383 154.41240718828257 -0.004949464408593805 0.9999426686432987 -0.009495379328174174 0.058633879129464044 0.008005854434446407 0.009534814712832742 0.9999224937979775 1.9555298971488204
0.999971136735149 0.005944571539315691 -0.004731571179619946 155.68636566817764 -0.006020114540361554 0.9998520228014263 -0.016114922302550364 0.08774599146588193 0.004635074706493909 0.01614294177373708 0.9998589508092404 1.9626191387384115
0.9999749161057282 0.0065752702836042315 -0.0026330552670797377 157.00707043883637 -0.006638999551379271 0.9996660498019404 -0.02497423789309868 0.09091156061051978 0.0024679635934776404 0.024991092294692752 0.9996846275009031 1.9651486690164714
0.9999790698143889 0.0059798267863399165 -0.002470142658834114 158.35224985283818 -0.006042103678397263 0.9996430372914179 -0.02602481465694858 0.039785449942073364 0.002313637026224879 0.02603919481079242 0.9996582453105245 1.9863292439023832
0.9999788063800008 0.006075504370887653 -0.0023398797978112624 159.707929961427 -0.006138002762981718 0.9995974439369886 -0.027699729181359177 0.03822488698752216 0.0021706480392981835 0.02771350431248884 0.9996135503112247 2.0113889004520935
0.9999705086798364 0.007216603644305687 -0.0026272423622690872 161.05849092762185 -0.00728494605778202 0.9996087269769904 -0.02700597179099224 0.04226186484733763 0.002431322998762932 0.027024314668121673 0.999631819764254 2.021494886437039
0.9999564899933123 0.008725825811248054 -0.003298194076524128 162.42159950678553 -0.008804898010243886 0.9996543326171828 -0.024772748146380027 0.06388447497297027 0.0030808913132184426 0.02480071054640429 0.9996876676568084 2.0304726781154754
0.9999383234637261 0.010248240391619886 -0.004280518359727514 163.7501582813755 -0.010344150931816655 0.9996814928997763 -0.023019802240120645 0.08474336395246101 0.004043242517112996 0.0230626607864322 0.9997258453533137 2.069103717858873
0.999927394224401 0.011100480513263133 -0.004688881740230591 165.1148063129486 -0.0112040587679565 0.9996801292537433 -0.02267395515439522 0.09929315644333205 0.004435690106779267 0.022724843400868885 0.9997319171386311 2.071376603927089
0.9999269328889558 0.011315857988432635 -0.004252086696131628 166.46857239733893 -0.01141433500693007 0.9996492628932419 -0.023896948620022136 0.09619409955378627 0.003980180854605099 0.02394373728105185 0.9997053844035154 2.070466519551989
0.9999295735936168 0.010855267594344763 -0.0047969801274341025 167.78721595842623 -0.01096594793158305 0.9996593802384911 -0.02368272550104285 0.062049174486724104 0.0045382638585299 0.023733661046098732 0.9997080161199565 2.078697708664646
0.9999182249312676 0.010945428126619333 -0.006613701945815595 169.17530319018795 -0.011085178770565812 0.9997078893809077 -0.02147684150882672 0.06985277049235096 0.006376696788124054 0.021548399307040788 0.9997474702270452 2.101380106731927
0.9999216648101048 0.009493811387133252 -0.008156702074607482 170.56590898959843 -0.009642268408594733 0.9997849768525178 -0.018358287500398262 0.026040309093387677 0.007980658075934777 0.018435498511193076 0.9997982003841169 2.1409887402265966
0.9999051881928526 0.009455817947654054 -0.010010101495830835 171.95999084876095 -0.0095998500182576 0.9998496567362817 -0.014439764678365245 0.03181058326130767 0.009872056758496214 0.014534491091208818 0.9998456336175483 2.153071395438465
0.9999127711274669 0.009570898839219466 -0.009102089408445854 173.32913948308754 -0.009682710708107532 0.9998772175192281 -0.012320511326616093 0.020509474476764846 0.008983053463773578 0.012407569520885352 0.9998826716015492 2.169605738343016
0.9999213879640698 0.010452174152649922 -0.006926034037660182 174.66334784764643 -0.010477855236933013 0.9999383266183814 -0.0036820523170010477 0.0341682749536095 0.00688712143366341 0.0037543328453846806 0.999969235798404 2.2320040448930865
0.9999327010494655 0.010683163493433737 -0.004523647830320248 176.06150995470074 -0.010702254619948172 0.999933835744402 -0.004217330854595542 0.03074043631523715 0.00447829409150342 0.0042654602635460335 0.9999808751825057 2.2493511576995444
0.9999450072821271 0.00974350905650621 -0.003878974453700314 177.4734956646344 -0.009769044980666296 0.9999303711290615 -0.006619565987517054 0.0242732833498022 0.003814206563939191 0.0066570958355093145 0.999970567018512 2.2747664426525165
0.9999546919525443 0.00855443668747141 -0.004175602358034153 178.877680108618 -0.008586648631233084 0.9999330365876278 -0.007758337832908422 0.027083707930786093 0.004108954535659921 0.007793840748041898 0.9999611855162269 2.295292880317761
0.9999444506543314 0.0066255282222313396 -0.008197437488864288 180.21138479755513 -0.006697301148228876 0.9999392087170708 -0.008759282368332814 0.009077816877555163 0.008138904283584726 0.008813696503435432 0.9999280359060886 2.3202710430489555
0.9999193133239108 0.004559591563353457 -0.011856515787284506 181.6283941591499 -0.0046555529205512 0.9999565301666826 -0.008078589234048413 0.012681010802428472 0.011819165319204142 0.008133136036236681 0.9998970744178489 2.3599632465838147
0.9999183572258745 0.0033098002598718995 -0.012341965197983132 183.02431620361892 -0.003360602028733502 0.9999859574369419 -0.004097716794434729 -0.004439284679609447 0.012328229261047473 0.004138858678750951 0.9999154387307582 2.3882583904793027
0.9999325064996802 0.003164769227233739 -0.01117884971744749 184.3517699755927 -0.003186434890858105 0.9999930785268065 -0.0019208152348534797 0.01597280839687121 0.011172693406392372 0.001956306269089146 0.9999356698247284 2.409013169750003
0.9999491691652169 0.004157415119885348 -0.009185585735998304 185.8007222134629 -0.004138516295188375 0.9999892824455345 0.0020754943843510286 0.028909049130951218 0.00919411598071762 -0.002037374188989606 0.9999556576857531 2.441389921821898
0.999959747147912 0.0048248140229743336 -0.007564737505531586 187.17685489249408 -0.004787038527251074 0.9999760227910376 0.005003809064798866 0.05278754033052344 0.007588698572383798 -0.004967394957325182 0.9999588674747153 2.4777954399285465
0.9999613172400034 0.004982073992742639 -0.007248652451891988 188.62767366309478 -0.0049566728147390805 0.9999815273044409 0.0035180171240872223 0.04775911652357129 0.007266045571361969 -0.0034819518389233623 0.9999675397697398 2.5041554335421976
0.9999743430085991 0.003851844261877696 -0.006039587759332717 190.03176240126928 -0.003857021409961186 0.9999922039829224 -0.0008457891110356364 -0.0059629292911003075 0.006036282826669303 0.0008690622299267735 0.9999814038373298 2.520139254163692
0.9999672984257818 0.005341216791178144 -0.0060723539284969225 191.4023468380035 -0.005357429972723978 0.9999821193178728 -0.0026568757258803232 0.06894790227603623 0.0060580544014274176 0.0026893210528031028 0.999978033523309 2.5412226865477385
0.9999691313549015 0.005231509860745454 -0.00586239216536529 192.84798691439977 -0.005256584148336945 0.9999770677547469 -0.004269928302655153 0.040093167967776844 0.005839919555530367 0.004300612653481577 0.9999736996893417 2.5755400227672767
0.9999719609725819 0.005319478687409836 -0.005270712963465604 194.19697766463668 -0.0053531600607240395 0.99996521093298 -0.006396921222377977 0.021034410809929776 0.005236501314171594 0.0064249568290559965 0.9999656489018668 2.606644065846727
0.9999753434135294 0.0059263451627462535 -0.003767094106320264 195.65675146991364 -0.005971686874974677 0.9999084611822696 -0.012141178360142505 0.028713680115389703 0.003694796457334823 0.012163374906559922 0.9999191971304588 2.6257440539567445
0.9999778782953129 0.005938197971521629 -0.0029967857539849535 197.05867315596774 -0.005984171647998307 0.9998608324596464 -0.015572584974570852 -0.00249484623799573 0.00290389560617526 0.015590173762788952 0.9998742490295239 2.6652390669079025
0.9999611239944355 0.006671893886540602 -0.005765095988102008 198.4892709415004 -0.006738310593931837 0.9999102580401457 -0.011578904802655911 0.017351178771759346 0.005687325392923612 0.011617301668460034 0.9999163428166473 2.7129054624861637
0.9999031574495603 0.006698517937355259 -0.012198589256255438 199.92592861806705 -0.0067849285482701515 0.999952086938146 -0.007056101802087548 0.029259277615727483 0.012150739360004782 0.00713818502768626 0.9999006979933137 2.7097830289163922
0.9998857345242023 0.008108439706752115 -0.012758177789884946 201.354808985184 -0.00806462886286644 0.9999614191895957 0.003481650992514 0.0269668319054075 0.012785916326199286 -0.0033783631911648913 0.9999125496791447 2.740516793944595
0.9999229867694092 0.008892307024339465 -0.00865721698520964 202.83836292307404 -0.008806405584581062 0.9999121098789985 0.009910587167746406 0.019953475470677932 0.008744584085248353 -0.009833584957406084 0.9999134126793486 2.768444973619976
0.9999171653884148 0.010472290079409413 -0.007482880601087314 204.25101631179731 -0.010396339667887475 0.9998947685526872 0.01011770440751122 0.026928512529385912 0.007588048702224771 -0.010039071742973341 0.9999208161426744 2.782813588830596
0.9999214580037196 0.010502699316420533 -0.006838942227014402 205.70082268970492 -0.01044522118024718 0.9999102762512931 0.008386703855410441 0.04453903713182829 0.006926411640329845 -0.008314610882747327 0.9999414443194448 2.814888750121364
0.9999374015615706 0.008895452364846311 -0.0067870380519850625 207.15421851010882 -0.008859562213173404 0.9999467081354084 0.005299910051217885 0.026245039801691968 0.006833821455470799 -0.005239448099260126 0.9999629228466073 2.846095134574531
0.9999463244984873 0.007323660161513392 -0.007328855558990387 208.57813509211672 -0.007291914639540868 0.9999639565848171 0.0043489667885227385 -0.007604238968285607 0.007360441756819508 -0.004295291966407619 0.9999636865226995 2.8810968037948497
0.9999458405631984 0.006863580131747255 -0.007823503571543385 210.08678194925946 -0.006833235071777528 0.9999690524217734 0.0038988584424826983 -0.006481199881417408 0.007850021580396917 -0.0038451874435160367 0.9999617951175493 2.902028733194961
0.9999443343868833 0.007049488107266376 -0.007850658889444315 211.55852183807195 -0.0070032085963897634 0.9999580305973891 0.005906954642328394 0.0017916837621890008 0.007891970408481878 -0.005851646026254697 0.9999517363562379 2.9388190473066476
0.9999493112800065 0.006607392007947126 -0.007597186419587709 213.0034362995239 -0.006554617494641805 0.999954361845258 0.006950627032281694 -0.008204254703515202 0.007642765215521607 -0.006900478062878391 0.9999469843658533 2.954732255724012
0.9999479531678981 0.006207163207650195 -0.008097041450104975 214.45663204697058 -0.00615335387694592 0.9999589319122971 0.006653624943055855 0.0046853542068543 0.00813800905604061 -0.00660345468155678 0.9999450820894478 2.986035813940978
0.999948404667937 0.005776697605619073 -0.008355702652737997 215.89282114922128 -0.005718436272446789 0.9999592900477022 0.0069798090155311614 0.0004427158429449732 0.008395682738509287 -0.006931667336836072 0.9999407304932058 3.029030221738512
0.9999360922613887 0.006586662657506582 -0.009188431207767462 217.38429363933426 -0.0065361137255903045 0.9999634004759359 0.005520591088767104 0.058602490504263124 0.009224457186730105 -0.005460181648941092 0.9999425462525189 3.0442413385699676
0.9999418195258457 0.004907695963386968 -0.009605835917397486 218.8589108572162 -0.004847319251797705 0.999968414804468 0.006298641878268473 -0.015168472393579924 0.009636444334512585 -0.006251712866925457 0.9999340253370806 3.0778778002623013
0.9999365551356276 0.0049691607542044864 -0.0101090625130547 220.3481307855715 -0.004889698778947314 0.9999570755991188 0.007870057503554585 -0.013382154469451926 0.010147736168482852 -0.007820127918197282 0.9999179311573515 3.1161270619734065
0.9999323385272675 0.005240435517766669 -0.01038538410335371 221.78082963923075 -0.005150288595249644 0.9999489953787043 0.008687989900174418 0.029553216541654923 0.010430383251621381 -0.008633914332677899 0.999908327112301 3.1572140786575322
0.9999294962491202 0.004378933857848428 -0.011037548153884861 223.305582443283 -0.004266459412997229 0.9999389461723255 0.010193196351314571 0.005247559252870745 0.011081509601944392 -0.010145386441520797 0.9998871292695463 3.1950638902431785
