1.0 -2.1684043449710093e-19 -2.5135375298442207e-37 0.0 2.1684043449710093e-19 1.0 2.3183291766350204e-18 -8.673617379884035e-19 -2.51353752984422e-37 -2.3183291766350204e-18 1.0 0.0
0.9999994956533449 -0.00029982351481366273 0.0009585399917171498 1.316750677143427 0.0003000316818265603 0.9999999314385053 -0.00021703450150069244 0.004545276368584659 -0.0009584748539511393 0.0002173219844058805 0.9999995170484381 0.01693105294421704
0.9999990107921722 -0.00022768873911793746 0.0013880102719896232 2.6149673465747374 0.00022888992468526903 0.9999995994294186 -0.0008653036488810496 0.01925257285865805 -0.0013878126960967735 0.0008656204944825248 0.9999986623376454 0.027129924847828408
0.9999987852629533 -0.0008277974262318145 0.0013206907431761773 3.942239189043864 0.0008299247085056994 0.999998357949871 -0.0016110004779386986 0.012028192858054452 -0.001319354992486476 0.0016120945948767923 0.9999978302243565 0.05173294119838935
0.9999991234589694 -0.00019507804220786682 0.0013095899550580174 5.252935045628474 0.00019823531331189444 0.9999970734320838 -0.0024111885094914285 0.022596729130752738 -0.0013091157525202456 0.0024114460029608185 0.9999962355649751 0.058186299300105916
0.9999983771847142 -0.0005870313409487269 0.0017032387216134577 6.579160918654775 0.0005917273909854292 0.9999960218131823 -0.0027579370015376145 0.016374960485143995 -0.001701612950355363 0.002758940378920257 0.999994746366876 0.07276349236275279
0.9999961211446093 -0.000410500129043978 0.002754847614585231 7.912489375242294 0.0004206428205132526 0.999993132235623 -0.0036821924454405806 0.018943711747947733 -0.002753317154466902 0.0036833369696192483 0.9999894260808037 0.09888894283830242
0.9999950608728374 -0.00023825552756034086 0.0031339215424078895 9.231845177731513 0.0002503818225821107 0.9999924819380203 -0.0038695447253011346 0.03567037589278226 -0.003132976040971549 0.003870310290115292 0.9999876025028435 0.10868956150565474
0.9999965552784188 -0.0008111449345657288 0.0024962922888431523 10.563623597428732 0.0008199763541858933 0.999993402148942 -0.0035388271168677555 0.030662136706043213 -0.0024934053169882817 0.003540861827243602 0.9999906225697547 0.12463122597876593
0.9999997614049048 -0.0006905904991331955 -1.6579988360467188e-05 11.885129218016743 0.000690587444230189 0.9999997446979642 -0.0001835564993809177 0.04590251272052638 1.670674650208901e-05 0.00018354500565345003 0.9999999830160576 0.13947559142340504
0.9999994849527515 -0.0007862487472547641 -0.0006417999213408581 13.225490479375791 0.0007878378737765337 0.9999966155397169 0.002479560565189125 0.043312043412044504 0.0006398481978063923 -0.0024800649223836978 0.9999967199307528 0.14657728800502984
0.9999996683544444 -0.0005159545383895647 -0.0006301443608212441 14.56267408043261 0.0005193579403656462 0.9999852157163277 0.005412819607146963 0.07216671347185682 0.0006273422757464676 -0.005413145082486767 0.9999851520407615 0.16231094875458427
0.9999999754867424 -0.00016544737088114623 0.00014715190145239278 15.912850959700297 0.0001645795860720285 0.9999827120746623 0.005877794259996253 0.08898895860427185 -0.00014812182310820386 -0.005877769897713337 0.9999827147910882 0.18557132201269236
0.9999963243221021 0.00013832995064124896 0.0027078048507825415 17.252282714323496 -0.00015196081725114689 0.9999873159865522 0.005034359335716214 0.08395289889016713 -0.0027070741022709806 -0.005034752311270955 0.9999836613760091 0.21619309340639908
0.9999863415767168 0.00012610667044474057 0.0052250126431760595 18.62255874851313 -0.0001244770300658852 0.9999999435132656 -0.000312216166136471 0.08645090791146554 -0.005225051720573329 0.0003115615077000388 0.9999863007881379 0.21863682666199605
0.9999931111109546 -0.00011629703061199497 0.0037100142364282157 19.955547224437872 0.00012398399188510902 0.9999978461618826 -0.0020717865636893104 0.07531129520613933 -0.0037097653030327186 0.0020722322737565307 0.9999909717066449 0.24299710118578818
0.9999993057279001 1.6038082329808814e-05 0.0011782557013179271 21.31190603052247 -1.2777652783065971e-05 0.9999961714295607 -0.002767121781236362 0.08239285212473366 -0.0011782955696099235 0.002767104804758671 0.9999954773650479 0.2425286073677636
0.9999999384304132 0.0003489446746908543 3.710503415850002e-05 22.66295800124259 -0.00034890989493535727 0.999999503658848 -0.0009332437745581218 0.09164762595840435 -3.743066618706507e-05 0.0009332307707851184 0.9999995638395417 0.27858213030757006
0.9999984140429542 0.0009837948211963198 0.0014846074653331112 24.033407100717724 -0.0009865899548341813 0.9999977401225553 0.001883186141510409 0.09671312544204773 -0.0014827514415288194 -0.0018846478536702488 0.9999971247711816 0.26910622727886996
0.9999787133928305 0.0017671727282636228 0.006280912494844961 25.427056452757597 -0.001780960843355975 0.9999960153172495 0.0021903260254738563 0.1120780248355487 -0.006277016782983061 -0.0022014654600780426 0.9999778760603327 0.2835457796392782
0.9999747187665617 0.001960943665675294 0.006834948988526616 26.794405040886694 -0.001964128803252811 0.9999979656066628 0.0004593262239025956 0.09652449119480895 -0.006834034370702693 -0.0004727393317462336 0.9999765359705918 0.29484858590380886
0.9999787458595804 0.0018675467742393173 0.006246606930708383 28.167174241537133 -0.0018430970066029865 0.999990627826746 -0.003917556903842627 0.09995605046653283 -0.006253864607184648 0.0039059605370026767 0.9999728159553931 0.3152895427741607
0.9999893581241839 0.0019453822135263317 0.004183195719312397 29.52306943645336 -0.00192949218743415 0.9999909214366393 -0.0037992241575909758 0.10366822261551525 -0.004190548685006386 0.0037911122832603723 0.9999840332572187 0.30849601931610365
0.999994660379147 0.0025625764350484014 0.0020279090731879896 30.909955166951764 -0.002554557457195495 0.999988947384046 -0.003947068018884294 0.10716489842708316 -0.00203800132298054 0.003941866532792165 0.9999901540709515 0.34969837559065076
0.9999953660077603 0.0028462223344671847 0.0010802691462258587 32.29495440855794 -0.0028445847463543297 0.9999948074081476 -0.0015144287248288447 0.11307621351717743 -0.001084573937689658 0.0015113487898425748 0.9999982697606077 0.3364605568959166
0.9999932099859198 0.0034854810554386818 -0.0011964129172450679 33.6740424065297 -0.0034856057812423036 0.9999939200372572 -0.00010218051350312808 0.11804045844857708 0.001196049494855056 0.00010635004347710504 0.9999992790773772 0.3740364155162744
0.9999927828629015 0.0037284856825429945 -0.0007298058816798885 35.0706254221604 -0.003728765889491691 0.9999929747971218 -0.0003829638941366908 0.13315361285993152 0.0007283728792492885 0.0003856824055113214 0.9999996603609578 0.35582760295440496
0.9999943261777428 0.0032161242033563464 0.0010020765593528268 36.46712379350336 -0.0032161332237571646 0.9999948282028607 7.390427844359504e-06 0.12676830242810436 -0.00100204760828228 -1.0613197627668402e-05 0.9999994978938492 0.40120261953685954
0.9999929183842928 0.0030319726081547774 0.0022294222050751977 37.86597176834178 -0.0030353603352877845 0.9999942415042866 0.0015177436876444013 0.1376752505699241 -0.0022248076096698494 -0.0015245000392987583 0.9999963630587513 0.40383365290586487
0.9999929015557747 0.0025650376476960483 0.0027599673781404663 39.25879438854088 -0.0025747292667485434 0.9999905123194768 0.003513693246861887 0.13274063284548243 -0.002750928436991073 -0.003520774473890119 0.9999900182201013 0.4136134316306952
0.9999909861651783 0.003077763986531341 0.0029248858503406064 40.652486900730075 -0.0030957885806021917 0.9999761234319801 0.006178078909647853 0.1447038026187392 -0.0029058013453305866 -0.0061870780496800955 0.999976637918981 0.4407724536396832
0.9999894132596824 0.003069927200548784 0.003427669111727333 42.083022352139956 -0.003100023641120315 0.999956386576985 0.008809926068000592 0.1557982628317049 -0.0034004737876734297 -0.008820458654881387 0.9999553171452897 0.4563238617393026
0.9999900775656477 0.002747434739393875 0.003506618399922144 43.47185319371668 -0.002780576532319555 0.9999511827115857 0.00948159205244208 0.15725259340411268 -0.0034803971609307155 -0.009491248392798008 0.9999489002141801 0.45771561864927
0.9999915418160964 0.002330316100780637 0.0033890888357719856 44.89944744368682 -0.0023601159385959946 0.9999583564845388 0.008815619632018809 0.16365137852726072 -0.0033684045218318024 -0.008823543710465362 0.9999553984690351 0.4759106190693382
0.9999949076563359 0.0014151408894275896 0.002860426132474262 46.293276861838514 -0.00143815255079268 0.999966492736971 0.00805885355135025 0.14927295084341288 -0.0028489258742410415 -0.008062926242037199 0.9999634357524172 0.48848631228417644
0.9999935787363119 0.0005622989551878921 0.0035392521849453382 47.728130579954794 -0.0005894925321218942 0.9999702802334745 0.0076870767097081075 0.16115733999350737 -0.0035348245639944095 -0.007689113711693884 0.9999641906316596 0.5093874465047856
0.9999909895500335 -0.0004435233636928177 0.004221860463200925 49.12324992060865 0.0004121398751206691 0.9999723008074491 0.0074315381032354424 0.16379456017898616 -0.004225039581851989 -0.007429731144689108 0.9999634734007284 0.5110240384333087
0.9999887773025345 -0.001320121667875169 0.004550005248769293 50.55141947849879 0.0012798505522850906 0.9999600865219618 0.008842360858663051 0.17899058672953808 -0.004561496634399414 -0.008836438296791716 0.9999505538308788 0.5384862209030331
0.9999848740280124 -0.002589063994611166 0.00485267584041948 52.00126273127421 0.0025457556282222314 0.9999570675727042 0.008909665520086324 0.1812984634096923 -0.004875535197468855 -0.008897177025902562 0.9999485333743473 0.5466366405472118
0.9999743562107593 -0.003674585472343215 0.00614689698009933 53.41067710202248 0.0036138618885888604 0.9999448503381086 0.009860846036108517 0.1952870335982786 -0.006182792502398493 -0.009838379129921568 0.9999324874075091 0.5703496664446773
0.9999649839272684 -0.0046377348512124114 0.006965797498322599 54.86646234368612 0.004577712618081921 0.999952471672 0.008608074363304841 0.19808592136286485 -0.007005388392090845 -0.008575885523243783 0.9999386874808716 0.5820733656575869
0.9999562141456507 -0.004941077489794453 0.007947046290126556 56.26296584618876 0.0049007134991121285 0.9999750341003776 0.005090597523690013 0.20764638884077494 -0.00797200092180049 -0.005051428430496198 0.999955464144336 0.5738662529640862
0.9999583606418612 -0.005427624307918478 0.00733606684903105 57.69265209944186 0.005395340801126202 0.9999757062188241 0.004413305994779681 0.2215044365243465 -0.0073598423951238764 -0.004373541646760421 0.9999633517551445 0.6026262603061534
0.9999581249348747 -0.005419643056688112 0.00737399795685065 59.146939816427206 0.005398800262582914 0.9999813835540031 0.00284350156430758 0.2342588271966416 -0.007389271442725588 -0.0028035717503886596 0.9999687688388004 0.6071558610481862
0.9999518492144144 -0.005117650364293011 0.008373106199120812 60.54058357978459 0.00509803577757142 0.9999842148044661 0.002362239002728294 0.23970118633242604 -0.008385063141295092 -0.002319438864092049 0.9999621547436043 0.6242359980066952
0.999943080090361 -0.004359451566764509 0.0097381600643466 62.000062825397556 0.00435836881656686 0.9999904934998469 0.00013240540526701454 0.2608313553016888 -0.009738644703477899 -8.995537560812608e-05 0.999952574229083 0.6294817894813615
0.9999502523684023 -0.004039706091981136 0.009119954114965361 63.391398766260195 0.004052657311372664 0.999990805051149 -0.0014020634334680276 0.2643599130445537 -0.009114206333260226 0.0014389537328562602 0.9999574294214078 0.6411914659100082
0.9999602334271009 -0.0035862371283971574 0.008165198569332364 64.80775420783763 0.0036058741422837553 0.9999906391211654 -0.0023915145228957293 0.27668224828885263 -0.008156545597722786 0.002420862098946883 0.9999638044402458 0.6515127408897269
0.9999625519992592 -0.0028345070599088726 0.008176806764018914 66.25597134066604 0.002852581310365853 0.9999935122185467 -0.0021996137577120897 0.27987737418186964 -0.008170518893958336 0.0022228563927279748 0.9999641501226236 0.6667496418628663
0.9999647345037685 -0.0022090635732203994 0.008102455611557676 67.62506730377368 0.0022158555053970108 0.9999972010570471 -0.000829374734984244 0.2940556870360063 -0.008100600791731036 0.0008472993575467579 0.9999668306252022 0.6723238296415913
0.9999531216930818 -0.0016421012919415486 0.009542427343598323 69.09859378951519 0.001620809598804773 0.9999961808804295 0.0022385711513699933 0.3122364063752862 -0.00954606686050707 -0.0022229997531100997 0.9999519642860814 0.6862501100777063
0.9999435025104425 -0.000890451562801109 0.010592397422814741 70.46172403771705 0.0008321834508008227 0.9999845062038965 0.0055040732965305405 0.32389271476398745 -0.010597134417037492 -0.005494947512367375 0.9999287506087539 0.694305325058592
0.9999304349342525 -1.7008679628270962e-05 0.011795126235084469 71.92361507532307 -9.725643755140424e-05 0.9999530766917336 0.009686844476986383 0.3423642903712971 -0.011794737529174416 -0.009687317762971548 0.9998835132360054 0.7085470465329379
0.9999334975875331 0.00041562099450082924 0.011525088353322485 73.28017304040725 -0.0005732644190507018 0.9999062825922288 0.013678355182396318 0.3492707609317467 -0.011518323240333634 -0.013684052461857483 0.9998400246729237 0.7086994974943798
0.9999399360364563 0.0010422372679614116 0.010910456492971338 74.68612239115495 -0.0012308899296179132 0.9998496106060939 0.017298586093190845 0.36223042977965036 -0.01089078644492276 -0.01731097664257112 0.9997908385548907 0.7174061525863364
0.9999389235826253 0.0018066768938681918 0.010903440879930037 76.12365369717065 -0.0020048824505678065 0.9998324510028233 0.018194789585114838 0.37171100513566074 -0.010868741913412607 -0.018215538429823062 0.9997750069935392 0.7074692265060697
0.9999316824349322 0.0022158801568918376 0.011476948112459008 77.48977754843621 -0.002431761553875724 0.9998197363774497 0.01883032888380072 0.37972459969730393 -0.011433153484095073 -0.018856951642757656 0.9997568196197273 0.719404345801555
0.9999279024439263 0.00236617670470241 0.01177247305760044 78.90043801204698 -0.0025770216016409897 0.9998359741811412 0.017927177494320167 0.3826839582682459 -0.01172812319829905 -0.0179562229060097 0.9997699861394096 0.7353879209479236
0.9999417733178906 0.002023235359373788 0.01059983455309043 80.28816095473556 -0.00220101304258482 0.9998566656523847 0.016787009622967333 0.3837143941728339 -0.010564351161272599 -0.016809362545195043 0.999802900483573 0.7355645563746261
0.9999401406264395 0.0017892371712163837 0.01079415556315864 81.66936585450132 -0.001970166630390949 0.9998573568337085 0.016774517249649845 0.3846626839262586 -0.010762602260839383 -0.016794779422649283 0.999801031094047 0.7509691128075224
0.9999357140078106 0.0013420002605064611 0.011259080201817975 83.09067049193548 -0.0015246031937686242 0.9998671970790276 0.016225405709269194 0.391569293139738 -0.01123581046439105 -0.016241528272599084 0.9998049656420889 0.7523891902963084
0.9999445255897037 0.0011704105582548549 0.010467849937187641 84.41921375016787 -0.001339362290837397 0.9998687212832417 0.01614764094438919 0.40466055940723245 -0.01044757636182845 -0.016160765407002137 0.9998148217593213 0.7536674855549244
0.9999415722262264 0.00020917398932648388 0.01080779255836684 85.84588203065428 -0.00038994153511897256 0.9998600301477347 0.01672626851901664 0.4045261933336915 -0.010802781092926463 -0.01672950564760499 0.9998016921177144 0.75761069159805
0.9999306800498148 -0.0009553426680916687 0.011735519396319435 87.19745185312614 0.000764100081616354 0.9998670214830063 0.016289736086469296 0.41462140729062796 -0.011749521104289317 -0.016279639771446714 0.9997984407282959 0.7674815016082679
0.9999137643497333 -0.0019343987183706819 0.012989301965240046 88.56323871415132 0.001731946055347074 0.9998771351990998 0.015579308999518156 0.41687148619313785 -0.013017842632602023 -0.015555468737375469 0.9997942604183889 0.7810327396649055
0.9999021716155444 -0.0031097399022436746 0.013637328046905218 89.96611546453929 0.002934444512109429 0.9999130612169073 0.01285531186859497 0.419422715720126 -0.01367611911047374 -0.012814036271756113 0.9998243666967225 0.7784662556310118
0.9998979458199962 -0.003858521329919832 0.013755353797643782 91.31871327833679 0.003694346588366115 0.9999218811393962 0.01194083003547814 0.42850784019542476 -0.013800353192466749 -0.011888794379486211 0.99983408964686 0.7928738716122895
0.999901792376559 -0.004401070426324956 0.01330549440070546 92.70853890487453 0.004253377497348021 0.9999292564993362 0.011108140103090287 0.4407621091446244 -0.013353440830352677 -0.011050455908574862 0.9998497752373618 0.7925446733160939
0.9998962380848456 -0.004509522786114454 0.01368127435640922 94.01668902333788 0.0043879458717184395 0.9999507363545462 0.00890341479589527 0.4510340217193524 -0.013720750518856286 -0.00884245826919258 0.9998667670929747 0.8095284509194464
0.9999071855668686 -0.004742838499443374 0.012772068536926614 95.42680895923273 0.004634568172148971 0.9999531902491383 0.00849341441520931 0.4659888932679525 -0.012811753572460591 -0.008433433081431269 0.9998823611689825 0.7966464612927205
0.9999105210782556 -0.004666500359720996 0.012536890021214664 96.75860668302998 0.004568730519834561 0.9999590181622604 0.007815925882792667 0.4724259701127961 -0.01257284925736566 -0.007757948850108508 0.9998908628901411 0.7965461023761662
0.9999171436266541 -0.004477341746698158 0.012068939157871685 98.11567455911488 0.0043531745155268135 0.9999375307562034 0.010294875269966813 0.48149342819303775 -0.01211427889519234 -0.010241484075566404 0.9998741702088215 0.8128779487975685
0.9999178300017083 -0.004148960603323771 0.012129277414047268 99.47876847974437 0.00400750508418221 0.9999239489666354 0.011663455147160726 0.506511625905633 -0.012176746185870167 -0.011613888620166959 0.9998584121981688 0.810475241053324
0.9999000592443951 -0.0040659901686403155 0.013540282382714486 100.81858909319172 0.003899497130719808 0.9999167495967431 0.012299910487957243 0.515083488678058 -0.0135891664638651 -0.012245880933308674 0.9998326724782426 0.8110450497034968
0.9998740747950013 -0.004035018604332924 0.015347741778606726 102.16171278520135 0.003854793889296733 0.9999234860039503 0.01175426313210705 0.5309572704503508 -0.015393996131971182 -0.011693620592889854 0.9998131245990514 0.8206204667372247
0.9998922641168996 -0.0038211828994440603 0.014172463456619638 103.49905573830807 0.0036569479922239235 0.9999260749597401 0.011596178119978616 0.5425721025412344 -0.014215726874218997 -0.011543100833705718 0.9998323209081512 0.8223923998173562
0.9999235524810336 -0.003675617534864009 0.011805889608461628 104.82078500359545 0.003538291563481767 0.9999260871018978 0.011631888320462363 0.5545843542313954 -0.011847771373620263 -0.011589226411858352 0.9998626506399032 0.8211901548933154
0.9999361367326275 -0.003721208220761106 0.010671226059172773 106.13204543494498 0.003612385643456327 0.9999414641868067 0.010198964158590156 0.5601246871697142 -0.010708553879547823 -0.01015976423560094 0.9998910470968754 0.8270153513108296
0.9999229197617029 -0.003329285728012244 0.011961203608848387 107.50839616095355 0.0032189912448856704 0.9999522355979623 0.009228467803619534 0.5698771357305678 -0.01199135649526037 -0.009189253461426936 0.999885875982967 0.8357515613916827
0.9998975364943611 -0.002867731378209739 0.014024714943644826 108.82642620270073 0.0027920223204849666 0.9999814417597191 0.005414863573108568 0.577130168935676 -0.014039983043792361 -0.005375151430043215 0.9998869869256396 0.8294724673482444
0.9998807120166661 -0.0020313431551302833 0.015311282834278456 110.16029254899459 0.001967679020724738 0.9999893616599358 0.004171906785334694 0.5918763716161295 -0.015319594521937078 -0.004141281436974222 0.9998740719769381 0.8458944430231333
0.9999017174203962 -0.0012898612350629847 0.013960363811027306 111.49834765236817 0.0012375452940057916 0.9999921824975757 0.0037554527530521777 0.5985330296400723 -0.013965098688775643 -0.0037378070749310827 0.9998954969479977 0.840317186567587
0.9999285973574551 -0.0005548193569219808 0.011937016471194302 112.81455849729964 0.0004969407298610061 0.9999881099286074 0.00485108764323565 0.6048689908086943 -0.011939566016542837 -0.004844809273081148 0.9999169838473814 0.8448606793680237
0.9999473211938115 0.0004506582790408229 0.010254352463026842 114.16480158787206 -0.0005295742283106788 0.9999702571627928 0.00769443571127846 0.6089055297287449 -0.010250579908335031 -0.007699460818383329 0.9999178185804317 0.8576451923095898
0.9999528529001103 0.0018999426951678176 0.009522719920567116 115.48125314290343 -0.002003463622180599 0.9999388777769901 0.010873216801299603 0.6241806649069301 -0.009501479381921868 -0.01089178258360602 0.99989554002491 0.8433529807310132
0.9999247534220138 0.0033397888430138495 0.011803952914548539 116.83313535249016 -0.0034767764133792818 0.999926628949099 0.011603824553237885 0.6335385655036114 -0.011764332522339216 -0.011643991110226645 0.9998629995911085 0.8527663180056899
0.9998964219637357 0.0041714468906065005 0.013774773136341394 118.1595608868433 -0.004334428737031389 0.9999207076796928 0.01182332782536349 0.6384692718686876 -0.013724360518523972 -0.011881808960813476 0.999835218695649 0.8477848076672219
0.9998769166731971 0.005058583288182745 0.014851337960500416 119.52574999276526 -0.005227342280243714 0.9999219631429734 0.011346475972183556 0.6367785618461256 -0.014792781915030685 -0.011422712437012523 0.9998253323675069 0.8575901360702085
0.9998746180366118 0.006063019495888689 0.01462832870604274 120.84465070007279 -0.006228303930408549 0.9999169820015419 0.01127995279593954 0.6321547421281064 -0.01455872371775829 -0.011369648170486212 0.9998293727752698 0.8619074351670246
0.9998701396539089 0.007479192841208811 0.01427464545677381 122.16252521577616 -0.007668412615070602 0.9998828456983015 0.013247276181593347 0.6308371175799049 -0.01417389418747044 -0.013355019757020026 0.9998103541026427 0.8584546892938533
0.999869023077964 0.00853091337871868 0.013753552488090287 123.50014874625924 -0.008742840356955143 0.9998428327527105 0.015423116920005912 0.6305910596275796 -0.013619817605630863 -0.015541341961367906 0.999786460829726 0.853482664163531
0.9998671557008315 0.009727587293826438 0.013078417189033409 124.83535708724152 -0.009937235581718558 0.9998216184609963 0.016061836975502154 0.6323071251126288 -0.012919841319569086 -0.016189666564669206 0.9997854631853786 0.8580522460761135
0.9998618759544095 0.010841615138134392 0.012597158176581438 126.17858793803256 -0.011053183876414444 0.9997969568072932 0.01684850987683074 0.6219239118158085 -0.012411935349630577 -0.01698542139813041 0.999778695172489 0.8508821817280181
0.9998566682679665 0.011709382301945872 0.012228380358350657 127.52094939226104 -0.011913413029931598 0.9997887712580313 0.01674764032137191 0.6146431192732018 -0.012029692849772821 -0.016890921598973308 0.9997849685094677 0.8585308103677863
0.9998345267113806 0.012719966464671951 0.013004677964755147 128.8386485460123 -0.012935446637609382 0.999778170114038 0.016621816498546067 0.6139113382827269 -0.012790364190081815 -0.01678728734975961 0.9997772719797754 0.8598279522158494
0.9998101993006464 0.01357150960425093 0.013977821771061705 130.20256695640023 -0.01380111994689784 0.9997692155513317 0.016463435974492208 0.6018411985176402 -0.013751162227723896 -0.016653220797689265 0.9997667606869366 0.8608318444201627
0.9997981930598787 0.013885116210580237 0.014518150778255207 131.53475352436905 -0.014104661162431045 0.9997860377101142 0.015130675246115543 0.5825477502414065 -0.014304953257332916 -0.01533239536827453 0.999780118808419 0.8632956105966451
0.9997938150378832 0.013916785026282866 0.014786835581934459 132.88480966727633 -0.014119415858244354 0.999806613593158 0.01368859054847158 0.5683358341988728 -0.014593474836956817 -0.013894549647756728 0.999796965379606 0.8647348943704414
0.9997802799925123 0.013776131832820974 0.01579904838331549 134.2213403499498 -0.013966915162457053 0.9998300933733362 0.012029533071175597 0.5545887712665107 -0.01563064358682439 -0.012247553910496447 0.9998028207623096 0.8548291452727415
0.9997854056963684 0.013234506752552257 0.01593707587873425 135.55047034404743 -0.013406630164020931 0.9998524226235906 0.010742217712449697 0.5360745325405758 -0.01579255597403563 -0.010953574975922363 0.9998152901266582 0.8707962313017055
0.9998062452545319 0.012109188572223636 0.01551900454787824 136.8887950406098 -0.01227510561548854 0.9998680374875671 0.010640930076334819 0.5263719453553933 -0.015388103592169465 -0.010829365765508787 0.999822949879104 0.8653448564974747
0.999795621049652 0.011057498880532153 0.01692477026277692 138.23283297013072 -0.011186002684013575 0.9999091806331287 0.00751690292196063 0.5129032182815269 -0.016840115020212567 -0.007704687150817308 0.9998285094565037 0.8632123779849391
0.9998047965188738 0.010042399661119708 0.01701525982463081 139.56620058459245 -0.010157719049484783 0.9999259318466079 0.006704592784395801 0.49496660399554887 -0.01694666933545015 -0.006876120253397339 0.9998327506981834 0.8591740204193442
0.9998085772220147 0.008724089698609985 0.01751282878981435 140.92154334536994 -0.00881167772069212 0.9999490212328265 0.004930443312612832 0.49092183589274163 -0.01746892237767978 -0.005083816916730735 0.999834482080169 0.8583551381249754
0.9998314198574862 0.007565328852110321 0.016730142411896978 142.23892549612702 -0.007646607568544295 0.99995924579221 0.004799598667328767 0.48874941594488003 -0.01669315004592027 -0.004926718383891055 0.9998485216209054 0.8503719508757672
0.9998436057818915 0.006519854255749402 0.01643944882134295 143.58769469224154 -0.006602498858000411 0.9999658128813999 0.004977959147207035 0.48059743916628744 -0.01640643123582551 -0.0050857220652475044 0.9998524713402369 0.8440131411513772
0.9998784685108304 0.005789432846306494 0.014475174463701189 144.9547793189348 -0.005822034602277317 0.999980607224218 0.002211128348674859 0.4647822449026305 -0.014462092570799188 -0.0022951345935555687 0.99989278437024 0.8433337621447292
0.9999004063520216 0.004640729064902675 0.013328203585191208 146.26317372532168 -0.0046116411225568974 0.9999869190718009 -0.0022123407161497 0.4793957582376023 -0.013338296113779988 0.0021506554893239295 0.9999087281035941 0.8433570348021452
0.9998598669408238 0.0037148903435227235 0.016323175880136806 147.6504147085636 -0.0035565841148964927 0.9999464677721083 -0.009716599174490897 0.46280218330624545 -0.01635839816461087 0.009657182809683829 0.9998195545345512 0.8503220091052224
0.999831079068354 0.0023618415918421056 0.018227315581449396 148.94982867926063 -0.0020525140515658233 0.9998538816685582 -0.016970636357685878 0.4534478537480411 -0.018264734191299585 0.016930357840628463 0.9996898331324118 0.8490187876311025
0.9998862725566728 0.001465486771785032 0.01500980683569149 150.26040720708173 -0.0011751479087776396 0.9998123927544926 -0.01933386464027988 0.42369820202825126 -0.015035324410053261 0.019314027106170587 0.999700408810973 0.8455074437723311
0.999926958264244 0.00143762214406149 0.012000474115121321 151.6550657534738 -0.0012148049961862523 0.9998271208759317 -0.018554045644179663 0.4449120210096849 -0.012025073190547894 0.018538112188568864 0.9997558381981303 0.8479775662391884
0.9999508571890413 0.002461812425602107 0.00960326436596722 152.97066284297858 -0.0023202993436551257 0.9998889723565973 -0.014719346813758465 0.44431029794579946 -0.00963843440903855 0.01469634101567526 0.9998455471436044 0.8474334325480016
0.9999458342642322 0.003351535814943456 0.009853717333554498 154.33581129471918 -0.0032009251409117604 0.999878422134153 -0.015260898687780302 0.4495032062320165 -0.009903666788150746 0.01522853105842999 0.9998349909989906 0.8486517548040919
0.9999135774151078 0.0038570909130024693 0.01256823577954869 155.65777422628048 -0.0036128477093838756 0.9998053044978942 -0.01939846461197126 0.45059915254495225 -0.012640610442154039 0.01935138102466941 0.9997328338211604 0.8332042444567663
0.9998619362601704 0.0044018317614837755 0.01602286788332464 157.0228875370707 -0.003982906391380378 0.9996518166097228 -0.02608413321462892 0.44516552569051093 -0.016132106952917988 0.026016714358746362 0.9995313330252509 0.8395797962914815
0.9998491153571242 0.004491202385111542 0.01678021515691063 158.3613029845713 -0.0040029040852952525 0.9995707939656026 -0.029020761703625993 0.42672671859026867 -0.01690335110148788 0.028949213324556626 0.9994379519357013 0.8273418887668282
0.9998392327326794 0.004347093569087226 0.017395731258804694 159.68362663725142 -0.0038251396716937427 0.9995447885952328 -0.02992630780105269 0.419011903183171 -0.017517904983729904 0.029854955528570343 0.9994007227510735 0.8459307035507025
0.9998326238622705 0.005379078809834557 0.017486845680260984 161.05618611292954 -0.004865956034002451 0.9995601477780174 -0.029254631186582256 0.4223755198251512 -0.017636517019038327 0.029164644437150007 0.999419019622046 0.8266351971073869
0.9998270317301303 0.00659589674409386 0.017389674173438716 162.3956185966522 -0.006133729340702831 0.999630053388036 -0.02649780609422882 0.42493109217780783 -0.01755801771533765 0.026386559259850475 0.9994976065525791 0.8141203243388232
0.9998442729516814 0.007491166473855958 0.01597849400239086 163.75097598285927 -0.007101378957849374 0.9996791653879092 -0.024313303071165766 0.4251141454899664 -0.016155502549301225 0.02419604749115692 0.9995766859141849 0.813134287229465
0.9998483555344128 0.008091856561972328 0.01542036940254944 165.0896794927839 -0.0077320897810580404 0.9996998013531418 -0.023249128200992637 0.4247480062815828 -0.015603868839114084 0.023126370918693635 0.9996107693724506 0.7941408354081775
0.9998264735568685 0.008305522092365712 0.016674563790687807 166.44484048927876 -0.007911305174120559 0.9996908813293277 -0.023570172622063 0.42437964738184264 -0.016865171961128207 0.023434165011050424 0.9995831160463629 0.7805818184276707
0.9998278551360694 0.008103927309113215 0.016690909387314965 167.77195901412415 -0.007745488900284111 0.9997403712299618 -0.02142889485422539 0.4164126305056307 -0.016860234153253193 0.02129592672664143 0.9996310399388122 0.779574494361128
0.9998600738302496 0.007636777149755372 0.014883292476229326 169.15899267172443 -0.007333424681338069 0.9997664049976583 -0.020331166235644564 0.4096609971824602 -0.015035080399224738 0.020219175869041896 0.9996825152439976 0.77706605665994
0.9999071153527939 0.006973180928270006 0.011710483106867496 170.57647063184365 -0.0067866208254951455 0.9998506197076895 -0.01589591293132852 0.41588258077339013 -0.011819578868368074 0.015814961836534195 0.9998050732705268 0.7761149507061705
0.9999262797416515 0.0065761287604557545 0.010207331313639073 171.92281143249008 -0.006498115331873288 0.9999495686824089 -0.007657322573730172 0.4167524635635756 -0.01025717208367703 0.0075904296578251105 0.9999185845849928 0.7958946884984945
0.999909876606943 0.006943580770364814 0.011490228456111317 173.27811986330943 -0.006893981456369881 0.9999667719033275 -0.0043506446554397804 0.4204890287503693 -0.01152005571025759 0.004271039138675561 0.9999245204219709 0.7945242300638401
0.9998741858183751 0.007557132664690744 0.013946407420189126 174.69468064794773 -0.007610643325276948 0.9999638646837786 0.0037878007942524225 0.42999578772946484 -0.013917278549237262 -0.0038934653677393906 0.9998955696897617 0.8241347764619168
0.9998385609976685 0.007561653602838684 0.01629948885401272 176.02656453106025 -0.00756988457659121 0.9999712497330158 0.00044334511120952183 0.42849576653536925 -0.016295667817198982 -0.0005666587872993909 0.9998670562170805 0.7975877542610245
0.9998256104866349 0.006745947594324292 0.01741381078576944 177.442711270565 -0.006704912309222036 0.9999746085648088 -0.0024137888439801124 0.4229583438763374 -0.017429651917166694 0.002296609830230275 0.9998454544665061 0.7880729843686665
0.9998259794734459 0.005377228045878602 0.0178632636577787 178.8629359180617 -0.005306116045888953 0.9999778182983207 -0.004025921489336606 0.41584001752770056 -0.01788451571813619 0.003930436346432681 0.9998323338278545 0.7842969786657875
0.9998922812992941 0.0032058814885016435 0.014322992772981961 180.19336287703504 -0.003151008673859408 0.9999876164442999 -0.0038520257508325995 0.40843088604578937 -0.01433516454145099 0.003806478941160343 0.9998900008379122 0.7982748276228809
0.9999513665932918 0.0014755929490496411 0.009751260106096718 181.6105200480329 -0.0014549383205515348 0.9999966839627205 -0.0021249042440168024 0.4192407877405536 -0.00975436326427456 0.0021106134206824614 0.9999501976140097 0.7947267630475008
0.9999587380405937 0.0010059438741618757 0.009028305111445518 183.00689168087933 -0.001026505803521724 0.9999968895298712 0.0022731512087919258 0.4487931136517719 -0.009025990366638625 -0.002282325021711888 0.9999566603060337 0.7874841399106812
0.9999545522552307 0.0005628922365099964 0.00951717270890513 184.33531768263921 -0.0006411954410042898 0.9999659560260317 0.008226521582710367 0.4638810551093455 -0.009512218061392788 -0.008232250073609337 0.99992087075242 0.792221372595226
0.9999044004876152 0.0009890041868750444 0.013791727818556827 185.7872534011963 -0.0010830702830589658 0.999976193319409 0.00681467190595972 0.45249766511243705 -0.013784659744250678 -0.006828957837200765 0.999881667243976 0.7852886422030486
0.9998731669435453 0.001219505925614502 0.015879635750937263 187.1408586868307 -0.001378717650875022 0.9999488573508808 0.010019072826726125 0.46904162692956064 -0.015866605305616555 -0.010039695611195954 0.9998237121353496 0.8050767042226785
0.9998597841510681 0.001452896182916418 0.016682359846889018 188.6035071379901 -0.001565602946981805 0.9999760268237357 0.00674497333039821 0.4683474225312195 -0.0166721601717303 -0.006770145529975566 0.9998380889947688 0.7768755520393579
0.999848039266411 0.0013274699017900558 0.017382065434617826 190.01995510872175 -0.0014170670234357912 0.9999857692407017 0.0051432710538477635 0.46533332835617375 -0.017374990537107785 -0.005167121030331972 0.9998356917834517 0.7682376417447613
0.9998362083417269 0.0014637019601450524 0.018039236830047926 191.369969166733 -0.0014985690948464605 0.9999970349320472 0.0019194837279604138 0.46672144608068267 -0.018036373790389828 -0.0019462023753457091 0.9998354372179492 0.7617978379107121
0.9998338273848845 0.0019249397817179546 0.018127664596684974 192.8240320205603 -0.0019414318251394968 0.9999977173923535 0.0008922177710256657 0.4717060663682347 -0.01812590575285775 -0.0009272631338288604 0.9998352822958986 0.761884963816429
0.9998203741982282 0.0022823962764416134 0.018815153609580297 194.18667920131844 -0.002245901700237359 0.9999955560949726 -0.001960539685776988 0.46784450722059157 -0.018819544725303214 0.0019179305367820415 0.9998210571291187 0.7449068999589066
0.9997848887277341 0.0027373209213821022 0.02055926423405257 195.64615645112445 -0.002596048559090867 0.9999728592570901 -0.006895018569850512 0.46457293694547414 -0.02057758011893215 0.006840162525342874 0.9997648600411377 0.7374758316936371
0.9997676123536272 0.0030583460180172617 0.021339348827026407 197.04112033251414 -0.0028353643552518006 0.9999411497232377 -0.010471761988443516 0.45539907189669754 -0.021370119272020986 0.01040882365129321 0.9997174472782276 0.7379714113664027
0.9998376093991723 0.0030621705269023893 0.01775888348439402 198.49370601718647 -0.002984152777296765 0.9999857879329681 -0.004418004558915371 0.46594279966543656 -0.01777215977729956 0.004364291895028945 0.999832537624729 0.7542592300850094
0.9999145446658111 0.00339485408301663 0.01262451312007135 199.92662217406564 -0.0034114619489211753 0.9999933434348303 0.0012942230877082915 0.47859608834709 -0.012620035385643389 -0.0013371805355745958 0.9999194700850066 0.7437540232022202
0.9999148130168662 0.004694044689166954 0.012179189377843827 201.35695717653817 -0.004822740667209811 0.9999326208938875 0.010559111929414505 0.490781471415299 -0.012128803811675786 -0.010616949502430844 0.9998700778107926 0.728431653711446
0.999861460839558 0.005809155139669508 0.015598488527686298 202.77889738412568 -0.0060578166862207935 0.9998545712436314 0.015941744578624566 0.5101073086619731 -0.015503611991444271 -0.016034028806797503 0.9997512430277051 0.7122103771062336
0.9998053271606576 0.0068403861489545 0.01850721206728824 204.24156079699048 -0.007181143256523954 0.9998047554504994 0.018408752268864303 0.5036706350658533 -0.018377675660966174 -0.01853807152592544 0.9996592424128334 0.7179993250084694
0.9998035854819618 0.006277529103208573 0.01879848626277642 205.68685756276253 -0.006587899745422493 0.999842257217897 0.01649424925133402 0.4951338341752633 -0.018691977807543173 -0.01661485208418179 0.9996872294152123 0.7003965396109639
0.9998072291217643 0.004969423358757519 0.01899498426799109 207.1534806527261 -0.005216429471179051 0.9999021961351987 0.01297640272104883 0.48580135153265463 -0.01892864124632322 -0.013072987244240084 0.9997353667571632 0.6938979222802564
0.9998201168991029 0.003864812494699466 0.018568712078252392 208.5747161559251 -0.004069984224187814 0.9999309479740689 0.011024269231782258 0.48104916258712566 -0.018524823137592534 -0.011097860517269692 0.9997668070203471 0.6851971742436145
0.9998320504066637 0.0033562909603804835 0.018016833534119425 210.0661659491092 -0.0035603808239976073 0.9999297280863965 0.011307633592118008 0.48802840907969763 -0.01797761574834138 -0.011369881268278651 0.9997737399691744 0.6712431994184975
0.9998308030021437 0.0032396362803568503 0.01810718434377342 211.52822505986873 -0.003459631276212349 0.9999204255818527 0.012131506734089784 0.4891439986418216 -0.01806644180576383 -0.012192098300850763 0.9997624499947482 0.6589187849209506
0.9998143241126516 0.003060319816326062 0.019025029350396728 212.9420424879089 -0.003318989351954679 0.9999022845903592 0.013579601638548277 0.4920658384021141 -0.018981612387868066 -0.013640224103798794 0.9997267840152904 0.6515309606767273
0.9998163349579579 0.0026408452027986973 0.01898215709163124 214.37629939741578 -0.002891109765380407 0.9999091070136962 0.013168872214325847 0.5009960026841586 -0.01894565479367322 -0.013221333052592557 0.9997330936388729 0.6486925647743023
0.999829533407596 0.0022910885793523445 0.018320890782672194 215.84425952100597 -0.002544627665467261 0.999901157935624 0.01382748093625989 0.5055158149692657 -0.018287399924351747 -0.013871743658244746 0.9997365381598728 0.6468751872507208
0.9998362808664493 0.002045864181508338 0.017978484443842452 217.3280899269288 -0.0022747096849746813 0.999916540220876 0.01271763690952582 0.5067117376760915 -0.017950965405675156 -0.012756450621715756 0.9997574884983558 0.6297734880070056
0.9998346382863338 0.001490010202927858 0.018123905551262566 218.8069544387692 -0.0017424048578205645 0.9999016182785243 0.01391825381647527 0.5061729402851673 -0.018101384150041082 -0.013947531451248137 0.999738869034444 0.6314465515271929
0.9998434080633825 0.0013048223889798112 0.017648138449529848 220.28018982510702 -0.001562000140413496 0.9998926815559089 0.014566589391310546 0.5112366065457079 -0.017627237666801483 -0.014591874775604051 0.9997381445572492 0.6194957626272511
0.9998429971249954 0.0012622361208066445 0.017674497449207845 221.77302079176798 -0.0014839344653905454 0.9999203212562153 0.012535911509320548 0.514054402320389 -0.017657265887139766 -0.012560171131096115 0.9997652039666856 0.606313610928833
0.9998428866265019 0.0007416125626301874 0.017710225102780072 223.26875802178134 -0.0009870212736003807 0.9999035668567092 0.013852175866482437 0.5183787868901389 -0.01769824430246268 -0.01386747987333846 0.9997472006215236 0.6017858318105461
0.9998451406207909 0.0004017810938448879 0.017593559871259053 224.727107379123 -0.0006458123749786709 0.9999036399035721 0.013867005226941306 0.5252082782505249 -0.01758629305360491 -0.013876219929805157 0.9997490549218301 0.5914767908487636
