1.0 -2.1684043449710093e-19 -2.5135375298442207e-37 0.0 2.1684043449710093e-19 1.0 2.3183291766350204e-18 -8.673617379884035e-19 -2.51353752984422e-37 -2.3183291766350204e-18 1.0 0.0
0.9999995143627741 -0.00037225909652733365 0.0009125225372576573 1.319952510875006 0.00037243003319044625 0.9999999131334133 -0.00018716045591025786 0.006244847736237923 -0.0009124527858077164 0.00018750021581701113 0.9999995661366973 0.017301936975066722
0.9999987479510688 -0.00026166583768403944 0.0015606496352525096 2.6137876835698224 0.0002637328520721204 0.9999990882057619 -0.0013243989684552655 0.011448793462726306 -0.0015603016622956556 0.0013248089048223432 0.99999790516785 0.02177716897191691
0.999998325771797 -0.0008486935062932559 0.0016211640680040907 3.9410626966276294 0.0008521688921730471 0.9999973379470886 -0.0021442730505970343 0.002761560046300959 -0.0016193399217658022 0.0021456509661824798 0.9999963869535475 0.04489645632464459
0.9999992424757588 -0.0002209095731139786 0.0012108868109864434 5.258519803377615 0.0002253146265210149 0.9999933536328172 -0.0036389453844099056 0.005161662028812863 -0.0012100748851166254 0.0036392154583301415 0.9999926458877687 0.05891797124995034
0.9999986155931834 -0.0007245045442991031 0.0014979669162097128 6.583862870040269 0.0007298278654941052 0.999993410338844 -0.0035562100859089308 -0.006311476205897267 -0.0014953805547475887 0.0035572984206644846 0.9999925547047552 0.06754304431443771
0.9999963342814783 -0.0004027308259477562 0.0026775420608885123 7.915550579037892 0.00041566158814536835 0.9999882464889597 -0.004830539243199353 -0.005671693584771893 -0.0026755651833091513 0.004831634487187535 0.9999847482132576 0.090460965061709
0.9999953293101878 -0.000330256295214008 0.0030384681319137233 9.233434334211188 0.00034574015381934255 0.9999869513126687 -0.005096829224172884 0.0018525423902317798 -0.00303674522395619 0.005097855938903855 0.9999823948666651 0.09293875622405703
0.9999963960113728 -0.0009399647087299003 0.0025148420649793645 10.56761288111369 0.0009522499748798468 0.9999875984276091 -0.004888375084638933 -0.012842033333841978 -0.0025102159769208486 0.004890752225283927 0.9999848895650474 0.09745581999154614
0.9999995315244355 -0.0009631123531146931 -9.677553797846033e-05 11.900590856696033 0.000962923469278489 0.9999976677110883 -0.00193322289874227 -0.003949306032117491 9.863722312504905e-05 0.0019331288056378094 0.9999981266401048 0.10292143562916059
0.9999992719931443 -0.0008867757261667661 -0.0008183165601506831 13.226303858080112 0.0008877576582679279 0.9999988855110076 0.0012003595639138943 0.0035832218950662504 0.0008172511984219338 -0.0012010851568370641 0.9999989447469055 0.1251678613401354
0.999999245293624 -0.0006556746044425046 -0.0010389913356072956 14.579240579976204 0.000659452958705474 0.9999931562822284 0.00364039977229351 0.0025793126602559556 0.0010365973073631163 -0.003641082190770926 0.9999928339675752 0.12629512880129135
0.9999997790448211 -3.4795298534050834e-05 -0.000663852089064654 15.923559185388564 3.783127500332507e-05 0.9999895393692182 0.004573808143478304 0.010640755481461511 0.0006636859977332669 -0.004573832247242651 0.9999893197327012 0.13291008217009168
0.9999975715972589 -0.0002400868550006562 0.002190698036537646 17.279871796257492 0.0002325418217711252 0.9999940433136991 0.00344372783780444 0.006529017708924194 -0.0021915117810227193 -0.003443210046133952 0.9999916707556578 0.16578330197206956
0.9999895028156865 0.00017483880615890037 0.004578612216357466 18.63542745809246 -0.00016803376387232934 0.9999988808771213 -0.0014866099552034739 -0.009315305164939634 -0.004578867009437575 0.0014858249885407457 0.9999884130833783 0.16450777718864906
0.9999971757675926 -0.00021294838361231045 0.0023670888923459183 19.979734675185895 0.00022241756446207382 0.9999919720107008 -0.004000805491013573 -0.014962897842011927 -0.0023662179243191615 0.004001320673955351 0.9999891951644271 0.17811386178001612
0.9999999869957316 -2.0152720609491376e-05 0.00016000751378168773 21.33411552683736 2.0793747097066102e-05 0.9999919707774303 -0.004007236989640673 -0.030166425821083347 -0.0001599254723182785 0.004007240264685264 0.9999919581923168 0.16312615508157086
0.9999990676043646 0.0004538761888425008 -0.0012879389762496065 22.684452244147664 -0.00045717021109186286 0.9999966226559974 -0.002558451093290257 -0.033481645311978295 0.0012867734064050669 0.0025590375151352696 0.9999958977621842 0.2086501672080019
0.9999992726008013 0.0011443752341549157 0.0003810553656402045 24.057521942913937 -0.001144601398237412 0.9999991686251971 0.0005938320923817269 -0.0176404081732362 -0.0003803754821006069 -0.0005942678169330564 0.9999997510800962 0.19332603952698602
0.9999877964502119 0.0018766297421942298 0.0045700340764844175 25.455087786916035 -0.00187843427303255 0.9999981594559559 0.0003906013088667879 -0.015226159733559131 -0.004569292651101857 -0.00039918105078246284 0.9999894810542546 0.20260317692586352
0.9999822884593975 0.0019796787328763225 0.005612810314013894 26.82361677940991 -0.0019744831822996575 0.9999976172785813 -0.0009310495813034849 -0.03665351139076409 -0.0056146401193059 0.0009199506914105642 0.9999838146225448 0.2084577559725783
0.9999862792516342 0.0020258298985531844 0.004830871732394467 28.203338114497015 -0.0020062374494990956 0.9999897575095877 -0.004057078654884503 -0.0405081224038189 -0.004839041203476913 0.004047331112945923 0.9999801011975655 0.25485728725585716
0.9999947946120725 0.0021456431730178206 0.002409764331390566 29.557708247958637 -0.0021338291066008495 0.9999857452267551 -0.004894498609139928 -0.037610367180553106 -0.002420231828272495 0.004889331106105588 0.9999851183488844 0.2365008016698896
0.9999966668710839 0.002579483601446908 0.00011185290461478504 30.945602083651078 -0.0025788242758424556 0.9999813247225747 -0.005540746469472976 -0.04872311278177756 -0.00012614308038854093 0.005540439552464958 0.9999846436908363 0.278595309401614
0.9999934244742804 0.003395880706039562 -0.0012724002641428293 32.32409937659041 -0.0033982936147814117 0.999992422660878 -0.0018990053543713821 -0.04710228761272555 0.001265941827090953 0.0019033168571059153 0.999997387384703 0.27901902849775945
0.9999885553754791 0.00352463792033216 -0.0032351268279174473 33.71865508594026 -0.0035299496680125295 0.9999924287354417 -0.0016376590408420134 -0.058382548595117253 0.0032293301787604265 0.0016490601333213836 0.9999934259920279 0.3003932365581805
0.9999881578374676 0.003934036346482161 -0.0028648809490870127 35.111110135409476 -0.003936561993701506 0.9999918675944584 -0.0008764842365204871 -0.03386403950121366 0.0028614095298697163 0.0008877516385123566 0.9999955121061946 0.30875959832158995
0.9999932124442307 0.003182886456587448 -0.0018558823432830234 36.50898061125752 -0.0031852752512567563 0.9999941005894437 -0.001285615760339833 -0.05632456898188109 0.0018517794256791753 0.0012915185302484655 0.9999974514431748 0.3449786405121692
0.9999953223997438 0.003046535134473418 -0.00027166580008684366 37.9082584534916 -0.003046570366465344 0.9999953508254796 -0.00012936934685977625 -0.054711900700852835 0.0002712704088045957 0.0001301963906978129 0.9999999547306316 0.35103073474982793
0.9999961256767126 0.002781243353690427 0.00011539918579491787 39.29490083829703 -0.002781514539912567 0.9999932023229932 0.0024204306785726736 -0.061870476819076106 -0.0001086665946106773 -0.002420742285554912 0.9999970640948693 0.3754388777323959
0.9999944790097162 0.003309731150814757 0.0002960233025895195 40.68840656835297 -0.003311020048307679 0.999984550221344 0.004465026859487055 -0.05111068517786695 -0.0002812406906089486 -0.004465982347206787 0.999989987902553 0.3905722571556267
0.9999947794054416 0.0031757041035076965 0.0005967120824783921 42.1206395292102 -0.00317974144852188 0.9999711981718855 0.006891449122216427 -0.06918834904740025 -0.0005748096928230215 -0.00689331053489613 0.9999760756456559 0.40743643624351045
0.9999955735097218 0.0029158526733908947 0.0005922534506083704 43.504037013912516 -0.0029205222591767626 0.9999633908974647 0.008042848660628467 -0.07052676392695693 -0.0005687800069722985 -0.008044542748422638 0.9999674803818734 0.42112555559999054
0.9999960165626655 0.0027310238856634622 0.0007129988340398536 44.93940708755882 -0.002736148329225452 0.9999696992142045 0.007287945236742332 -0.060646785745309746 -0.0006930736770959604 -0.007289867076237681 0.9999731883840131 0.44327856275920646
0.9999983891083866 0.0017915827900804747 0.00010959807571235748 46.33950836037664 -0.0017922883283708901 0.9999751558459812 0.006817286362888453 -0.06566974899983102 -9.738161991808305e-05 -0.006817471812330936 0.999976756027313 0.47094667383811023
0.9999992358962099 0.0008441347646718098 0.0009031298332154241 47.76669398111782 -0.0008496688542179222 0.9999807586756652 0.006144944367468459 -0.06442125381084259 -0.0008979252946338324 -0.006145707033383775 0.9999807118215956 0.4801591105559716
0.9999993031408625 7.116704067820129e-05 0.001178411236234014 49.15697676870161 -7.902008867115307e-05 0.9999777828989233 0.006665393040140058 -0.08314020520164812 -0.0011779106990548447 -0.006665481513460391 0.9999770916788938 0.49069637845719044
0.9999987575747474 -0.0009554131602860593 0.0012538080613470138 50.58745948242641 0.000945724575775928 0.9999698665102315 0.0077053018459274725 -0.0703645299693413 -0.0012611320265222008 -0.007704106515568959 0.999969527680123 0.5139027519442642
0.9999966144513656 -0.0021763215288797665 0.001426432756816524 52.04277417663173 0.002165952326830476 0.9999715102547637 0.0072309978097687575 -0.0861665902935973 -0.0014421290943193677 -0.007227883743525304 0.9999728386112621 0.511564813511903
0.9999904005943908 -0.003314272582774959 0.0028660628599315677 53.445655402784915 0.0032905959480110797 0.9999607462507251 0.008226660075644656 -0.061554497254845436 -0.0028932157501551756 -0.008217150049764142 0.9999620531538599 0.5394445864850514
0.9999869257490218 -0.003958760827857974 0.003236748944266255 54.902962696868485 0.0039406840493027406 0.999976710030892 0.005572289028496926 -0.07084160185304614 -0.0032587329200108486 -0.005559461170055377 0.999979236310062 0.5346356292642316
0.9999843798480839 -0.004301517860763682 0.0035688939374388935 56.28082768560482 0.004287051642002367 0.9999826042730454 0.004051214573054712 -0.0795796099785553 -0.0035862582257782083 -0.0040358512598530055 0.999985425222061 0.5394212499895183
0.9999814559716096 -0.005376746116208428 0.0028597751837468968 57.738560412797895 0.0053658954158116575 0.9999784270438246 0.003788484307068731 -0.09739502222694163 -0.002880083208226535 -0.003773068798759465 0.9999887344728207 0.5739806966091431
0.9999801483825578 -0.0052861644264141725 0.0034291845174561344 59.180288925498765 0.0052858897907217236 0.9999860256134094 8.914604845074812e-05 -0.07829790994753766 -0.0034296078373760733 -7.101798732617541e-05 0.9999941163559551 0.5608688782876582
0.9999799516941673 -0.005135222261361488 0.0037048214609033954 60.58495466627671 0.005131040490961183 0.9999861893217418 0.001137360655928405 -0.09966514202475521 -0.003710610894565715 -0.0011183282648464556 0.999992490326143 0.5911115009162893
0.9999777675521153 -0.004512120830478239 0.00490970132478494 62.04471117275403 0.00452521893671825 0.9999862233800169 -0.0026599706287441004 -0.08871667260486604 -0.004897631576813141 0.00268212896449427 0.999984409573047 0.5757218277637254
0.9999822139550776 -0.004241326416663047 0.0041931997005531475 63.42805133800188 0.004252840542684134 0.9999872005669789 -0.0027408118387545247 -0.09402596989512942 -0.004181521352319623 0.00275859610024212 0.9999874524346473 0.6064478846644148
0.9999885461025115 -0.003964033249052694 0.0026821827278365033 64.86938234780565 0.003977394489430134 0.9999796168448554 -0.004994619894598576 -0.10415394737343539 -0.002662329217161267 0.0050052307855356516 0.9999839297048343 0.6044903503942846
0.9999911906659728 -0.0031594615838879676 0.0027634024227624443 66.31319238118739 0.0031735517747352904 0.9999819110313307 -0.005109420638480475 -0.08865477627254491 -0.002747209417439395 0.0051181454285504505 0.9999831285715719 0.6165660373879284
0.99999316572511 -0.0025572835380817654 0.0026699820183960898 67.67698453917261 0.0025665495428754247 0.9999906762057224 -0.0034727978729059148 -0.0951732745132518 -0.0026610761952015577 0.003479626779979414 0.9999904053894495 0.6307649102781722
0.9999913947308412 -0.0019674220697697637 0.0036523574121748504 69.15818899349415 0.0019715255738135522 0.9999974290468403 -0.0011202618538700448 -0.09152991195130178 -0.003650143994239797 0.001127452929758074 0.9999927026227304 0.6376401370452697
0.9999868589724805 -0.0013312525584867761 0.004950722066331895 70.49497610119842 0.0013193094646836128 0.9999962138858289 0.0024148781633840885 -0.07961351702605514 -0.004953918135066361 -0.0024083148949245576 0.999984829242163 0.6524430270785697
0.9999833793319042 -0.0003455417202597828 0.005755142123759923 71.97055906479086 0.0003083537304760706 0.9999790778329652 0.006461332239496404 -0.08094847282656484 -0.005757254373572307 -0.006459450228294513 0.9999625640616884 0.6704667980574875
0.9999843074404795 0.00015771656129852921 0.005599999845605607 73.3211799804069 -0.00021394155515300797 0.999949565015526 0.010040998669015162 -0.07488963051866594 -0.005598133777918259 -0.01004203917272173 0.9999339069895861 0.6651117285901729
0.9999870481844738 0.000886254180441393 0.005011787787845385 74.71222392513275 -0.0009595468022347883 0.9998923602289095 0.014640601961496762 -0.0606656576454822 -0.004998273025462592 -0.014645221384066272 0.9998802602098785 0.6880684395448703
0.9999859888215331 0.0013343561253583024 0.005122660866331608 76.17900522491901 -0.001417758303945285 0.9998659442143557 0.0163120679782413 -0.07154640380404972 -0.005100208036180554 -0.016319102121927227 0.9998538267086454 0.6968316308783085
0.9999833842596342 0.0017673383616718264 0.005487050187873207 77.51488144221582 -0.0018588217920384091 0.9998586082455828 0.016712519222181553 -0.07156129769932397 -0.005456737687879028 -0.016722440979764525 0.9998452800216061 0.7104457343946853
0.9999839245184434 0.0017403278939114124 0.005396476953895878 78.95721168448 -0.0018223980465143974 0.9998821936123893 0.015240661476347712 -0.07873701965675482 -0.005369317466151166 -0.015250251004434077 0.9998692915947811 0.7246682961197927
0.9999901380395391 0.0018154220504382568 0.004053155121948347 80.29664611854457 -0.0018750738933357338 0.9998892714260864 0.014762417989769296 -0.07411092237888653 -0.00402590630272543 -0.014769872368741577 0.9998828146081183 0.7331215159359341
0.9999907616055113 0.0012861993279773883 0.0041015112968418 81.70290713515885 -0.001344712963991339 0.9998969076141873 0.01429565985289753 -0.10050247416243963 -0.004082701394160982 -0.014301043139365152 0.9998893997410174 0.7487069509104215
0.9999900705695831 0.0011966818398133413 0.004292634950051851 83.1320802751118 -0.0012549889387742854 0.9999066441047217 0.013606177934933902 -0.09241496715374732 -0.004275951941228981 -0.013611430042717367 0.9998982174237478 0.7557171076847942
0.9999936435957925 0.0009795917023450909 0.0034282893850832896 84.46548913116996 -0.0010272947116077681 0.9999022983061305 0.013940534698971503 -0.08722193686690576 -0.0034142984032859264 -0.013943967950853245 0.9998969488523299 0.7658790442898098
0.9999930569617566 0.00011813333268689466 0.003724523163679435 85.88920738489514 -0.00016830363881384667 0.9999092231645308 0.013472828373789342 -0.09362158969607344 -0.0037225934731364902 -0.013473361682227989 0.9999023006388241 0.7708378195979532
0.9999872365156497 -0.0008899957563320536 0.0049734005818627735 87.24305853072904 0.000827957056343472 0.9999220001468707 0.012462267425886455 -0.07970917313643726 -0.004984104022471149 -0.012457990601825418 0.9999099745363369 0.7983863826620731
0.9999815914339046 -0.0022134851510513865 0.005649537751148412 88.62320330324869 0.00215490499129752 0.999944072650317 0.010354127485010146 -0.08335870742546998 -0.00567214049491522 -0.010341762663271506 0.9999304349639642 0.7965465084610849
0.9999748762344945 -0.003158500933326856 0.0063459255953417434 89.99451979312344 0.003098004911705988 0.9999498812114657 0.009520369254532528 -0.08086519502197348 -0.006375677640414834 -0.009500470358344162 0.999934543756538 0.8106846760800929
0.9999707843032816 -0.004053635923603334 0.006480630808723203 91.37041495043151 0.004001780059618909 0.9999600343747653 0.007994711350179326 -0.07112824123787784 -0.0065127794553889425 -0.007968543719973067 0.9999470416050784 0.8283603407139075
0.9999725614537678 -0.0043634507550528185 0.005986370945657557 92.76135169304156 0.004325215456353246 0.9999702603884407 0.006385205551127701 -0.0593239905309873 -0.006014054443294219 -0.006359138006228363 0.999961695522869 0.8284978397786059
0.9999729684099995 -0.004414503123650769 0.00588001798173882 94.08545925686121 0.00438254564564663 0.9999756171141726 0.005436770253904527 -0.04304466250934307 -0.00590387524920014 -0.0054108538421579035 0.9999679329447223 0.8492224114787319
0.9999761430244183 -0.004705744707919303 0.005056614356655671 95.48356155206795 0.004682771850888017 0.9999787052385396 0.0045454061695815616 -0.025222583424238484 -0.0050778961982870015 -0.004521618758567421 0.9999768846998423 0.8469736738314574
0.9999789417331847 -0.004688551453186894 0.0044870452918211266 96.81138559568689 0.00466900857500096 0.9999796125623103 0.004356009487867437 -0.011960054348752809 -0.004507377187079265 -0.00433496770491346 0.9999804456117584 0.8533543806524628
0.9999824845279359 -0.00439479346834441 0.003964394998867433 98.17231821647016 0.00436857912168183 0.9999686967653661 0.006597045235025889 0.006364682406980329 -0.003993263551789866 -0.0065796109114422165 0.9999703808445828 0.8785634739693782
0.9999832226361398 -0.004109065469307686 0.0040828944646520504 99.53918589141753 0.004080914217501932 0.9999680088104923 0.006879498145129697 0.03277682836593069 -0.00411103215627581 -0.0068627207832167815 0.9999680007270542 0.8818768842234079
0.999979826128208 -0.003814848082702748 0.0050788060314356735 100.86490721811018 0.003776582019828816 0.9999645714494881 0.007522850130706673 0.04325878381865721 -0.005107324627097235 -0.007503517838152108 0.9999588053791045 0.8933416107161112
0.9999735824566791 -0.0037176682738867223 0.006246065270293383 102.22614908924943 0.003670412509471596 0.9999646851775852 0.007560189792812384 0.06426478797984533 -0.006273950969344872 -0.007537064435067956 0.9999519139433335 0.9023339367873868
0.9999770156912021 -0.0036949937467549527 0.005684638117651404 103.53882543691573 0.0036524194460812293 0.9999653421463414 0.007481599985322908 0.07642227519430311 -0.00571208556545691 -0.007460665343113698 0.9999558543011441 0.917107411228649
0.9999895837519961 -0.0032936652096362835 0.0031597716683949145 104.87183815959136 0.003268913965017745 0.9999641843248847 0.007806681046211446 0.09176354337290343 -0.0031853710928040346 -0.007796270708152498 0.9999645351581457 0.9255916702221293
0.9999919092537513 -0.0035794122869313356 0.0018355475252366422 106.19674267112188 0.003566733171581709 0.999970075296743 0.0068649053532452795 0.10958373155203756 -0.001860064923591662 -0.006858302902791769 0.999974751601146 0.9391867175119603
0.9999903021327095 -0.0033516521859077355 0.0028569333484298447 107.55356626248795 0.0033345967007390514 0.9999767157333591 0.005953860593604772 0.12092306878217698 -0.00287682209670513 -0.005944276133336963 0.9999781945001974 0.9534273202240614
0.9999847908109886 -0.002683598018059545 0.004818344983605155 108.90437506994914 0.0026735065249221283 0.9999942219819994 0.0020996107917233046 0.12446054377597392 -0.004823951654480472 -0.0020866969815929288 0.9999861874976785 0.9609062150897429
0.9999834508437955 -0.0018136349374379879 0.0054597405476960814 110.25313088106248 0.0018053681107092054 0.9999972171084812 0.001518690645815916 0.14120736578540274 -0.005462479704244829 -0.0015088086712896356 0.9999839422770118 0.9781650574245481
0.9999887587529518 -0.0011257136796007585 0.0046059891925984055 111.58123640120913 0.0011220300683349267 0.9999990487215253 0.0008022496930238759 0.15565807016526462 -0.004606887914473925 -0.0007970726163683611 0.9999890705697676 0.9910362934503484
0.9999978293947263 -0.00030157444640946347 0.0020616155532330945 112.89436941835781 0.0002961959844615011 0.9999965535599998 0.0026086655709688968 0.16501694367195868 -0.002062395154874219 -0.00260804926633728 0.999994472287347 1.0048492629466002
0.9999997964359886 0.0005559439863040722 0.00031313617701897954 114.25521582249777 -0.0005576250831993083 0.999985295044357 0.005394325659131794 0.18292533025518815 -0.0003101326294550262 -0.005394499173627987 0.9999854014916507 1.030032872860993
0.9999978252114677 0.0020315823438785746 -0.0004714292257868623 115.5593989007891 -0.0020280780751306573 0.9999711637235618 0.007318375548363178 0.20650611635273455 0.0004862835140733137 -0.007317403537167166 0.9999731092053517 1.0345518695968832
0.9999927504455856 0.0035121358813985596 0.0014710397083127211 116.91629832166096 -0.003524851972766369 0.9999556559193892 0.00873278955399912 0.22061588209222083 -0.0014403037328720109 -0.008737911442383922 0.9999607864455397 1.052393057947666
0.9999824960244474 0.004483046181483901 0.0038613393596865467 118.22667677290264 -0.004515643854083366 0.9999538895177519 0.008475128252872485 0.21882494567641908 -0.003823166920114922 -0.00849241633778284 0.9999566301892531 1.0595992986957574
0.999975237903875 0.00541052303956197 0.004499979947398964 119.58461536710576 -0.005449603154606669 0.9999471471577261 0.008718068397404015 0.21618263085065342 -0.004452572800743938 -0.008742375624673346 0.9999518715737729 1.0758090204087256
0.9999716598427904 0.006432306916247582 0.003912152730922236 120.90606248654852 -0.006466623483711513 0.9999401640900852 0.008823322515538424 0.2072121648426498 -0.003855164325262875 -0.00884837087991287 0.9999534209355937 1.0855675926540458
0.9999630685130015 0.007771928699765107 0.0036686147723641776 122.22722577278145 -0.007809551398640757 0.9999158904044073 0.010354855079302566 0.2046784172179845 -0.003587829011286548 -0.010383122894733424 0.9999396573003486 1.0880203550897776
0.9999545200752502 0.008902451230046531 0.003421131855510652 123.60100995198977 -0.008944338694316961 0.999882740422462 0.012429972268232631 0.2055677229663978 -0.0033100734731258004 -0.012460006716062833 0.9999168923696801 1.0985283032539492
0.9999458931188843 0.01003229586763868 0.002750249861554235 124.93293882189309 -0.010067509950472866 0.999863456201938 0.013103976316846124 0.21183018719229402 -0.002618411364539388 -0.013130955469404891 0.9999103569472548 1.1098218667131887
0.999937297383906 0.01104106613525468 0.0018698019057199699 126.2957211142828 -0.011066171004412527 0.9998408227569292 0.01399532093407695 0.2063027007078458 -0.0017149810117902712 -0.014015134938474382 0.9999003124475887 1.1313578886024362
0.9999295463417746 0.011769724616000832 0.0015414068885949692 127.66822680477941 -0.01178932790260915 0.9998407848967599 0.013394648358050435 0.20636502924768407 -0.0013835101508356455 -0.013411876807313955 0.9999090995986425 1.159988822691676
0.9999160267117629 0.01274632493365503 0.0023389582396120896 129.00043382263814 -0.012775892726259144 0.9998326372222053 0.013094812344481087 0.2112946239575695 -0.0021716560519759696 -0.013123595009590157 0.9999115236679774 1.1832017853775083
0.9999021084036721 0.013584768406661151 0.0033507726315659967 130.36687665594363 -0.013623527686816074 0.9998372215129445 0.011829199915529326 0.1976720520445668 -0.003189530256578002 -0.011873691279984678 0.9999244183197697 1.1981877546056066
0.999896002978095 0.013897753951148971 0.003851709171629115 131.68953413962635 -0.013937936087333843 0.9998465738971904 0.010609552472918355 0.181411635778329 -0.003703669269101332 -0.01066213398731859 0.9999362988374717 1.2147787137034753
0.9998979176743379 0.013784499529322147 0.003760558901157761 133.0846229673237 -0.01382006084233287 0.9998584106322551 0.009600239906113407 0.17788473288609666 -0.0036276919435333788 -0.009651231044112052 0.9999468453825413 1.2500303305686258
0.9998939042521264 0.013683443228588653 0.004994358902738204 134.4249660138578 -0.01371360557718541 0.9998876255687681 0.006055844823352615 0.16549847073267887 -0.004910932855655652 -0.006123692992070131 0.9999691910867184 1.2475371055346247
0.9999045391635647 0.012988347261457032 0.004713321070664014 135.78473701494318 -0.013013276278073894 0.9999012906831234 0.005297502310957505 0.16485903166568297 -0.004644050022327821 -0.005358332356235701 0.9999748602208709 1.2843443573350046
0.9999202818141537 0.011885270981897943 0.00426266939725128 137.1362581298683 -0.011905925726805208 0.9999173437850017 0.004853300993606903 0.15825498510184466 -0.004204634263667381 -0.004903665122497926 0.9999791373419123 1.305935060639703
0.999930030453095 0.010644666169296615 0.0051599690131438085 138.51306247572023 -0.01065832247069846 0.999939749405644 0.002626351211936641 0.16267128189068947 -0.0051317014900495155 -0.0026811640610132272 0.9999832383590712 1.3269482216237236
0.9999400303079715 0.00956499774720045 0.005333535955529766 139.8434242665379 -0.009576740373398151 0.9999517646059434 0.002180482809026913 0.16834418537619053 -0.005312422377165084 -0.0022314299352626746 0.9999833993066737 1.359943526866594
0.9999518987488023 0.008186346155749778 0.005402214849776928 141.20253648544153 -0.008189460075996411 0.9999663120435945 0.0005545462974103662 0.15928269450463514 -0.005397493152248586 -0.0005987608458738168 0.9999852541678406 1.3655582613456358
0.9999625215029322 0.007032438064164203 0.005049792507777635 142.54604933655864 -0.007036879792181708 0.999974869015043 0.0008623578943770619 0.1707894690643359 -0.005043601123036736 -0.000897860357351937 0.9999868778811501 1.398685114924634
0.9999711738026328 0.006048662892524407 0.004589688551229443 143.90898366108752 -0.006050611174062866 0.9999816105358558 0.0004107244042606911 0.17652726287814927 -0.004587119815853292 -0.00043848298547148764 0.9999893829758726 1.4117893570400197
0.9999830644422709 0.005386210946343668 0.002204441037199681 145.25268074032022 -0.005385965755673628 0.9999854887194126 -0.00011714724110073147 0.15779138008845614 -0.0022050400276896025 0.00010527221321010786 0.99999756335515 1.4363927633573108
0.999990784101692 0.004061302328756678 0.0013919536909306146 146.5858221751043 -0.004054025705254846 0.9999783080086251 -0.005191183659675395 0.18754802770290702 -0.0014130064629692 0.005185492802211133 0.9999855569342658 1.4670321775638364
0.9999878086146552 0.002960244137145024 0.003952161017492786 147.95978854800896 -0.0029050588932371516 0.9998992149897871 -0.013896780045549856 0.1820300466817307 -0.003992900560559307 0.013885129364037897 0.999895624516708 1.4875536081084482
0.9999829038597573 0.0014245557591600713 0.005671210549471154 149.28455831420504 -0.0012988573023623915 0.9997547749803484 -0.02210662510880192 0.17925020149277904 -0.005701311946867048 0.022098881077603355 0.9997395333271574 1.5050264251107932
0.9999959946552237 0.00046632050797092953 0.0027916336961425806 150.58717638808028 -0.0003944448675222285 0.999669822753426 -0.025692214567460417 0.15581037192781277 -0.0028026927687633415 0.025691010515699563 0.9996660026688544 1.5124358184741507
0.9999996339154238 0.0006393314886125061 -0.0005687040232601381 152.0071188709728 -0.0006521740123792252 0.9997380951038102 -0.022876098165173636 0.1767651067565389 0.0005539296669983772 0.022876460684571637 0.9997381460704954 1.550066607307607
0.999994019780479 0.0016040444460115723 -0.0030638937145920707 153.32841835488892 -0.0016643026256534718 0.9998032293929987 -0.01976695707742939 0.18018439052403734 0.0030315837526514633 0.019771938113040722 0.9997999199655924 1.570339593262849
0.9999929273776923 0.0022300054534960365 -0.0030285756174641236 154.69592665097585 -0.0022931079782407414 0.9997769596588642 -0.02099458480365961 0.20449820542390865 0.002981082084319203 0.021001381167801904 0.9997750022573335 1.599836731836421
0.9999956225938731 0.002909909106747484 0.0005359310429005311 156.0222103680456 -0.002896426928830682 0.9997163394237664 -0.023640038075067853 0.20574434806315056 -0.0006045693824705777 0.023638382307915685 0.9997203915984342 1.6137040202795903
0.9999884842706384 0.003330130822424197 0.0034556554829470363 157.3718435077211 -0.003222415434246749 0.9995227854068842 -0.030721612770696995 0.19627625752355723 -0.0035563133833240728 0.030710123431355086 0.999522006237957 1.6340146582155428
0.9999859585764987 0.0032952808894865858 0.004150153455057122 158.70771378239976 -0.003152157059598597 0.9994157338294752 -0.03403314384483575 0.19015482213428175 -0.004259877429311881 0.03401958403553817 0.9994120878528218 1.6574626951702973
0.9999859579398015 0.0032863169748346215 0.0041574083223164275 160.07493458259535 -0.0031413439270050907 0.9994028768729966 -0.03440961575359835 0.18915573391641388 -0.004268006742007363 0.03439607272231714 0.999399166649508 1.6916448669745394
0.9999798879748196 0.0043312844674914 0.004632884709226078 161.42276702017108 -0.004172165615214261 0.9994192095149487 -0.033820654733377774 0.19116697949530936 -0.004776680850395689 0.03380064536923507 0.9994171800067662 1.6902803788648741
0.9999770470209522 0.005420816211782619 0.004064502780693562 162.79223595189063 -0.005289282206480596 0.9994833550216967 -0.03170246880470243 0.18880467461607514 -0.00423425613259268 0.03168024283636408 0.9994890861279239 1.6996990693258063
0.9999786726362588 0.006288288168864697 0.0017640024181404953 164.14111531623655 -0.006236591676213378 0.9995906364713993 -0.027922471290465163 0.1865378114876576 -0.0019388648457474417 0.027910874414965602 0.9996085353239547 1.7168049226068336
0.999974168449473 0.007138243959698965 0.000841372068092318 165.4943992362303 -0.007114499582311284 0.9996502216923494 -0.025471909353834234 0.18585624593327948 -0.001022902477481243 0.025465265433693728 0.9996751842108081 1.723655029074901
0.9999716659659688 0.007286549231140918 0.0018903612212984482 166.83431094559856 -0.007241881842024711 0.999717276438641 -0.02264778879917732 0.18857778237376716 -0.002054850999703395 0.022633457323355366 0.9997417187438767 1.7469994421526744
0.9999702044395479 0.007322311259973251 0.0024441748998209997 168.1808979837488 -0.007269240459296691 0.9997518223657361 -0.021058295741451582 0.16399406629191451 -0.002597763706300113 0.021039901002656423 0.9997752618411423 1.7714073689251597
0.9999776658552771 0.006683385531752788 -1.2184648512443674e-05 169.5629651447479 -0.0066824290866534545 0.9998002171071851 -0.01883802043548024 0.17040535965978026 -0.00011371953899723602 0.01883768112745517 0.999822548674317 1.7856879396561358
0.9999776489320503 0.00610020257722845 -0.002736633853119028 170.9575952402834 -0.006138925943593801 0.9998778707459884 -0.014372097297450195 0.17343664044079088 0.0026486269250939605 0.01438857605828595 0.9998929710996206 1.8063628473008064
0.9999727017798138 0.006018952866533134 -0.004285778992203027 172.2974481698695 -0.006069183517718965 0.9999118950622436 -0.011805385400769267 0.14516522112702535 0.004214345335613194 0.011831074313979277 0.999921129376697 1.8137243699850891
0.9999741581979327 0.006440702491127532 -0.0031937889343088732 173.6548994905221 -0.006460988942360308 0.99995875728488 -0.006382738531778363 0.16129553546515246 0.0031525478938198618 0.006403208625301379 0.9999745298561749 1.8449503541918788
0.9999742348493609 0.007132815279295053 -0.0008078264831047855 175.07408720937357 -0.0071355374516229655 0.9999686983294027 -0.0034185474512670854 0.14594912779484906 0.0007834173292929185 0.0034242236480016438 0.9999938304558168 1.8603643109564982
0.999971686815831 0.007458995068130341 0.0009944643156780569 176.39733493075002 -0.0074563459344486336 0.9999687122188465 -0.0026414936470294742 0.1180088799177002 -0.0010141360891818736 0.0026340037879762045 0.9999960167680857 1.8834162067628135
0.9999769869488834 0.006311680286065169 0.0024876222782571154 177.80810591913496 -0.006302147534581515 0.9999728393141498 -0.003821461821059576 0.10510714193565009 -0.0025116745579698346 0.0038056965149554597 0.9999896040284373 1.9018055948185855
0.9999841004342409 0.005030917154838976 0.002547302750607711 179.19025905084217 -0.00501497920622846 0.9999680492099052 -0.006224993405438446 0.05377860694475983 -0.0025785387883843977 0.0062121197604201785 0.9999773800970696 1.9026786681886119
0.999996234198008 0.002274043802759255 -0.0015363315352208905 180.51410266985187 -0.0022849276717288192 0.9999720412047498 -0.007120106343377825 0.011776460066022698 0.0015200971475369158 0.007123589936904948 0.9999734715336567 1.915052236802248
0.9999817897994044 0.0006178012457423594 -0.0060031984142110695 181.9186357298607 -0.000643440460723525 0.9999906767829057 -0.004269933446770547 0.02960807763418209 0.006000504474886341 0.004273718391179406 0.999972864270406 1.9442545674702978
0.9999773959732595 0.0005685106159079781 -0.006699577465667168 183.32479714224164 -0.0005821223058047447 0.9999977702182574 -0.002029948800933459 0.030968435976767177 0.006698408479628571 0.002033802889398713 0.9999754971846296 1.940868511032026
0.999983120049163 3.002670125115078e-05 -0.005810225050583553 184.66082112349093 -2.3497150525494578e-05 0.9999993681836417 0.0011238684092598108 0.039737320676090856 0.005810255125649292 -0.0011237129146837149 0.9999824889490116 1.9479679183336607
0.9999971486079495 0.000338485352870386 -0.0023639381625590837 186.1059170578274 -0.00033041567100295695 0.9999941203704278 0.003413216966226214 0.04613103048988974 0.0023650795874275926 -0.0034124261515922983 0.9999913808360076 1.9727384656596338
0.9999997276816591 0.0007004045130019482 0.00023252983825690606 187.46903913244756 -0.0007017720905595604 0.9999821459026003 0.005934255805358518 0.03060969672947971 -0.0002283693070991444 -0.005934417372302534 0.9999823651134608 2.0019643793472133
0.9999991129190411 0.0012817047688675153 0.00036248312570235237 188.95190355711327 -0.00128290148308657 0.9999936635381267 0.0033206998329798703 -0.001007133863611069 -0.00035822467202993873 -0.003321161917389836 0.9999944207637375 1.9900678068367443
0.9999991701583065 0.0008650602842637962 0.0009546483136574707 190.3500377968091 -0.0008673437207174538 0.9999967580005605 0.0023940975833038622 0.004881032163063726 -0.0009525741799522049 -0.0023949236048022137 0.9999966784661631 2.0086529855035153
0.999998531453357 0.0009122139873175878 0.001450846914911769 191.71583110643013 -0.0009128409072117258 0.9999994902633272 0.00043150268107300296 -0.01948090786032178 -0.0014504525525806502 -0.00043282643980522266 0.9999988544236765 2.0270265551471804
0.9999981433460624 0.0013048264818405451 0.0014180029196782526 193.16034761994953 -0.0013021527075139513 0.999997375806073 -0.0018848817719095054 -0.034480192659120584 -0.001420458642214728 0.0018830318159952202 0.9999972182403437 2.034427089792979
0.9999973714792811 0.0014907154282647371 0.0017420683225610196 194.5247061691936 -0.0014827284177154527 0.9999884256823319 -0.0045771189421601275 -0.05905828708698037 -0.0017488713411329354 0.004574523896900692 0.9999880075181646 2.0442768066399863
0.9999908626246142 0.0019896726139601592 0.003783631875462656 195.9964678774989 -0.0019514584026153762 0.9999473226888913 -0.010076887288302926 -0.05410458548039808 -0.003803482270580731 0.010069411611785277 0.9999420685581789 2.054309178608612
0.9999882847289154 0.0023093968153478895 0.004254067614757827 197.4009044630882 -0.0022546333724171646 0.9999151076732852 -0.012833318942445653 -0.07803307984855767 -0.0042833437029560365 0.012823577233822575 0.9999086002398673 2.083927638492317
0.9999968567408958 0.0025058034695575426 8.635566009676284e-05 198.8294843459793 -0.0025048699432648727 0.9999517295332054 -0.00950074892408113 -0.07654867786706127 -0.0001101585012860972 0.00950050275106817 0.9999548631376225 2.108997779301029
0.9999805172365693 0.0028041542893247136 -0.005576904697504019 200.26007317578396 -0.002827472036685767 0.9999872762523424 -0.004177647101312872 -0.06345956002141087 0.005565118971337506 0.004193334251286154 0.999975722404645 2.123297607700371
0.9999729750648859 0.004132235104966665 -0.006080606295307181 201.68450026226566 -0.0040939633574815434 0.9999718177114773 0.0062931110614379325 -0.05292392289664649 0.006106439544353703 -0.006268047211155572 0.999961710757092 2.1692115672949743
0.9999829069649762 0.005354918950737518 -0.002347471172782165 203.1017089204589 -0.005325842591943594 0.9999111216485909 0.012222283098626423 -0.032875515847429364 0.002412711868800461 -0.012209571920757984 0.9999225495881919 2.184906105820573
0.9999808266037751 0.006190191027368486 0.00016721206694611458 204.57924058425846 -0.006191910853361982 0.9998853136487929 0.013820990899328006 -0.034617135316533154 -8.163831614991699e-05 -0.01382176126620541 0.9999044715625015 2.226692415232759
0.9999843466237831 0.005547043157404891 0.0007326797495994216 205.99838736341022 -0.005555540942799449 0.9999106829274621 0.012155744829881968 -0.03565386769031429 -0.000665185867607323 -0.012159624983781807 0.9999258477747314 2.2378263809487944
0.9999903733442906 0.004351858219607659 0.000560846487451467 207.44335412558831 -0.004356890320597857 0.9999471945410016 0.00930728941821455 -0.05254115383377559 -0.0005203128677383453 -0.009309643366776253 0.999956528962586 2.2748410234297824
0.9999942873788932 0.0033800134272596555 2.681065401514071e-05 208.8924927341861 -0.00338011832139559 0.9999697181753966 0.0070098168557620084 -0.05643067818892913 -3.1165670445116725e-06 -0.007009867434517128 0.9999754305725904 2.2944077667443143
0.9999959179800924 0.0027851579452716664 -0.0006379015381884636 210.35640424841696 -0.0027806024902219 0.9999713936715706 0.007034208436492907 -0.05498190181498506 0.0006574746716831518 -0.007032405972108431 0.9999750561855528 2.3047634376846973
0.9999966919770061 0.002555863991261469 -0.0002891267934785232 211.80573976968785 -0.002553357818911487 0.9999617981187204 0.008359585338039793 -0.05398303139390416 0.00031048171143845723 -0.008358819440180491 0.9999650162574055 2.3373407985389005
0.9999965275531182 0.0025946784021414126 0.0004610050922911302 213.26159392696871 -0.002599244909870475 0.9999446245074739 0.01019763916333683 -0.044478146993797464 -0.00043451996981714604 -0.010198802017716078 0.99994789645751 2.352139455221288
0.9999974432576891 0.002248446572553139 0.00024076149035619159 214.70970507387253 -0.0022507822152636665 0.999945595996285 0.010185235738755502 -0.039700824664879536 -0.00021784743357972525 -0.010185751599412957 0.9999481001566285 2.3857837284470738
0.9999980732397029 0.0018745853335819982 -0.0005826205530117392 216.16384295919218 -0.0018690551468205528 0.9999545243748665 0.009351781386048929 -0.04071163994737357 0.0006001247702070279 -0.009350674417464597 0.999956101405556 2.400247271749034
0.9999979014164384 0.0016784376140841185 -0.001174738223963138 217.64897990410003 -0.00166810293385342 0.999960380863472 0.008743805577770193 -0.040964000319115776 0.0011893676140210265 -0.008741827643885638 0.9999610821697629 2.4243863706831905
0.9999988862048204 0.0012228838482287816 -0.0008556542599245868 219.1303709833552 -0.0012147217130668833 0.9999543693520695 0.009475424257764485 -0.04601655517172743 0.0008672025591462374 -0.009474374322274213 0.999954741071276 2.446378541708976
0.9999983082415163 0.0011299035780813612 -0.0014514930278560366 220.62631597534738 -0.0011154006353701698 0.9999498357116354 0.00995399124452224 -0.04773876164801175 0.001462667265064604 -0.009952355408527597 0.9999494043331864 2.4660690908123946
0.9999984348130379 0.0008779901882451072 -0.0015360679359242547 222.07573843862733 -0.0008633538455417039 0.9999544698896201 0.00950330299982407 -0.032045918126160026 0.0015443418053713465 -0.009501961955218626 0.9999536627901263 2.487455385572719
