1.0 -2.1684043449710093e-19 -2.5135375298442207e-37 0.0 2.1684043449710093e-19 1.0 2.3183291766350204e-18 -8.673617379884035e-19 -2.51353752984422e-37 -2.3183291766350204e-18 1.0 0.0
0.9999996051917989 -0.0005752605321510217 0.000677267721610383 1.3273296131564947 0.0005753941083097035 0.9999998150465057 -0.00019704967556571635 -0.005147294397329037 -0.0006771542414461252 0.00019743929362565135 0.9999997512398984 0.014190926913472833
0.9999991949433092 -0.0005967494779263065 0.0011198226618697432 2.628292109638085 0.0005974884623972986 0.9999996039058764 -0.0006596935863360372 0.0026109771196390695 -0.0011194285465113297 0.0006603621363656997 0.9999991554004325 0.02238872817330788
0.9999988872748349 -0.001117982926636402 0.0009877060635002097 3.952068913162743 0.0011192782555432775 0.999998513100449 -0.0013118738802854152 0.0010290909243763538 -0.0009862379422804482 0.0013129779384500793 0.9999986517109183 0.04942137746404745
0.9999992821443365 -0.0005474306212199864 0.0010658473279201277 5.267740877157508 0.0005495005897131223 0.9999979618565761 -0.0019427639577488751 0.012071868060146682 -0.0010647816270901312 0.0019433482468600017 0.999997544815825 0.054373423007450884
0.9999984227272785 -0.0009066756234279397 0.0015272466301206708 6.589238739993435 0.0009101348451881187 0.9999970188182309 -0.002265835213452324 0.00541542470836749 -0.001525187699566118 0.002267221639987519 0.9999962667472896 0.06502565319406606
0.9999967102503768 -0.0006760305557410519 0.002474362768808948 7.92429047642065 0.0006848693568307137 0.9999933821118684 -0.003573050017964958 0.011495240015391416 -0.002471930902763611 0.0035747328787630477 0.9999905553766284 0.09339318125345765
0.9999957501914396 -0.0004940095026026021 0.0028732479306749947 9.23996116783227 0.0005043316540459898 0.9999934183791634 -0.00359288852292595 0.028083378439690235 -0.002871454098974428 0.0035943223237189107 0.9999894177432033 0.10374599477524664
0.9999967710920995 -0.001050772799946953 0.0023138024760362193 10.571777577076865 0.0010581512604536342 0.9999943521629684 -0.003189977754666479 0.023908076781415367 -0.002310437466199872 0.003192415807528563 0.9999922351498669 0.11967969255779266
0.9999995872641368 -0.0009084353337945112 -1.4724136773324488e-05 11.892859175313017 0.0009084254017602859 0.9999993688767297 -0.0006610668889360453 0.042682065634874936 1.5324664000490253e-05 0.0006610532403101685 0.9999997813868602 0.1271993531067222
0.9999992906587156 -0.0009340600094961055 -0.0007390628960228111 13.230849534657908 0.0009355724504711779 0.9999974636847216 0.0020487382247571183 0.04035277485823076 0.0007371473770806247 -0.002049428218387199 0.9999976282260484 0.14481480017451084
0.9999994118431507 -0.0007583566762018895 -0.0007753763630937784 14.571397515910515 0.0007628831606788417 0.999982572694851 0.005854256218350656 0.06544860567825117 0.0007709232360859109 -0.005854844296700356 0.9999825630857898 0.15853183525748013
0.9999999311385702 -0.0003683740130843195 4.498267905040197e-05 15.921907774167018 0.0003681019745967298 0.9999824983760678 0.005904866001356052 0.08356940574770096 -4.715709096611445e-05 -0.005904849036525556 0.9999825651150448 0.17749313634226052
0.9999956490329759 -0.00018187752289538616 0.002944288655026634 17.264332554541774 0.000169140866762547 0.99999063043078 0.004325556844907025 0.0710074450507958 -0.0029450477898743713 -0.00432504002501672 0.9999863102674443 0.19611911832655723
0.9999871383518112 -6.860453690939706e-05 0.00507133358920913 18.630105867856077 6.944594584306229e-05 0.9999999838539516 -0.00016573882140632267 0.08055141777584456 -0.005071322136892043 0.00016608887328969886 0.9999871269702776 0.21620745490234897
0.9999941863052064 -0.0003990678101602103 0.003386458425974027 19.966107793563296 0.0004060366336693148 0.9999978010924901 -0.002057412072685395 0.06911912671011312 -0.003385629932534718 0.0020587751376988828 0.9999921494466305 0.2406822703190863
0.9999995781150841 -0.0002491052254052581 0.0008841471825797383 21.321684503130996 0.0002517384447500832 0.9999955298965914 -0.002979398360580251 0.0753828605236007 -0.0008834010466502192 0.002979619677453697 0.9999951707229233 0.23118856066333168
0.9999999806034399 4.748789669790651e-05 -0.00019114920784131823 22.674251956683484 -4.764976195837087e-05 0.999999640257483 -0.0008468851190466476 0.08692210981123831 0.0001911089222837728 0.0008468942108342415 0.9999996231237167 0.279663608018173
0.9999991276723311 0.0007927548289436133 0.0010565009977036145 24.040783997246745 -0.0007941296154895817 0.9999988377529822 0.0013014802491020281 0.09566000513849797 -0.00105546801503623 -0.001302318112515867 0.9999985949764145 0.2582577573356817
0.9999822746909584 0.0016209671330970734 0.005729115939668353 25.430249274441437 -0.0016314682947453502 0.9999969969908844 0.001828748319630713 0.10691347692216918 -0.0057261343941601315 -0.0018380627755140771 0.9999819162915564 0.2761796420056776
0.9999768196765362 0.0017222377285344035 0.006587412755166199 26.803970505378444 -0.001724440536544941 0.9999984591191008 0.0003287312887183664 0.09798259232728414 -0.006586836451319728 -0.00034008327020672297 0.9999782487279075 0.2946092384774968
0.9999805362132312 0.0017090191270332329 0.006000537336115062 28.172912599984887 -0.0016847159079803426 0.9999903678403574 -0.0040528951153515555 0.09540228905893276 -0.0060074060132534945 0.0040427070299586506 0.9999737834527773 0.3129574913504184
0.9999919454605607 0.0015810822692439118 0.003689063954568024 29.533357119393546 -0.0015660360708807449 0.9999904589829568 -0.00407792521757655 0.10370793852876857 -0.0036954762924027726 0.004072115164546415 0.9999848805522307 0.3115500020389233
0.9999955872394886 0.0023502708098186846 0.0018170659512301486 30.92165467068288 -0.00234265123222107 0.9999885023339855 -0.00418415882070889 0.10438642752763246 -0.0018268789655526724 0.004179883605228396 0.9999895954890191 0.3479865804906979
0.9999959012952842 0.002775185392351184 0.0007040871183915772 32.30570024160727 -0.002773861731790222 0.9999943968366886 -0.0018740294342608863 0.11498255941450024 -0.0007092839523872642 0.0018720687128540537 0.9999979961354969 0.33426990063389406
0.9999933247660326 0.0033732060904615993 -0.0014042450097419305 33.685117472739876 -0.003373416637701398 0.9999942991217454 -0.00014759470767858375 0.11595377765400507 0.001403739136945229 0.00015233082592865023 0.9999990031553806 0.3720523476107829
0.999993104733032 0.00355191552082758 -0.0010836893115543568 35.08033973803317 -0.0035518872503618594 0.9999936916362829 2.8010704940739952e-05 0.12769638872176364 0.0010837819669056515 -2.4161369550388085e-05 0.9999994124162657 0.3602835245352755
0.9999952495341884 0.0030125003222334326 0.000652495873390398 36.47195833560368 -0.00301260968599103 0.999995448188237 0.00016669039164600774 0.12104777280549844 -0.0006519907484934595 -0.0001686553151772462 0.9999997732316985 0.3996530112914625
0.9999942083702575 0.002791386705699119 0.0019471482226856556 37.87553843835089 -0.0027942997644439436 0.9999949784918039 0.001494951505235729 0.13506572336352657 -0.0019429654573075166 -0.0015003837628501154 0.9999969868623584 0.40493373723560655
0.9999941107073367 0.002391806171022186 0.0024612626602845116 39.26715238259899 -0.0023999428901022293 0.9999916477222489 0.0033082865452949226 0.12857142243078643 -0.0024533293229606085 -0.0033141739516494677 0.9999914986769893 0.41240391606746113
0.9999919005841948 0.002957596109992064 0.002729723659995657 40.668220087011626 -0.0029736040451841814 0.9999782972982064 0.005878997496377501 0.14779181285265675 -0.002712276717491146 -0.005887066997249858 0.9999789927779371 0.4388512596487839
0.9999907144151879 0.0028483050348201543 0.0032339205046895375 42.09487343254851 -0.0028768169749883114 0.9999567318654842 0.008846373324282444 0.15206161410229152 -0.003208583409302675 -0.008855594577936316 0.9999556407347162 0.458251672714965
0.9999916323178428 0.0024804584140364827 0.0032530939661250067 43.4829550489551 -0.0025108969267593866 0.9999527950499972 0.009386323472014992 0.15174138889324354 -0.0032296580189539537 -0.009394413113885555 0.9999506559382448 0.4603127231602165
0.9999928696906003 0.002102924468205998 0.0031366027225736975 44.910330538015664 -0.0021298306843063283 0.9999607544946033 0.0085996099818516 0.15852188458164143 -0.003118395294766757 -0.008606229096694729 0.9999581033380953 0.47360908970429816
0.999995609945754 0.0012547913756674417 0.0026843226004280613 46.30633039538417 -0.0012770139304203781 0.9999647969693892 0.008293012564200395 0.14984305283090701 -0.002673822103493528 -0.008296404074779865 0.9999620094557528 0.4953338488109017
0.9999941760123482 0.0004378676390749196 0.003384702840019683 47.73791345812573 -0.0004650873229428777 0.9999675273131878 0.008045372143713163 0.16464721974024543 -0.0033810701215183604 -0.008046899469947967 0.9999619071613447 0.5168678043864591
0.9999905744948495 -0.0006556613790916518 0.004291972695246898 49.135606922317024 0.0006198012643168911 0.9999649363404011 0.008351163759046074 0.16622736172186536 -0.00429729773852458 -0.008348424875006123 0.999955917545495 0.5285050425326256
0.9999893469249905 -0.001592000013657991 0.004332617279139272 50.564553624792595 0.0015527130201816019 0.9999577877672313 0.009056034780277706 0.17607004447858743 -0.004346851597184077 -0.00904921099439912 0.9999496070610614 0.5449573645210453
0.9999859441176292 -0.0027826513751583195 0.004513138431071032 52.01507541090197 0.0027417839015858943 0.999955413218988 0.009036271082705535 0.18173574006754514 -0.004538081996910722 -0.009023770019646188 0.9999489873920678 0.5489751866670651
0.9999750148852244 -0.0037519928149491936 0.00599100619360062 53.42239238659733 0.0036904452236615815 0.9999406414322354 0.010251547499807803 0.19823342424539556 -0.006029114308614888 -0.010229181883524792 0.9999295043245036 0.5819446011758341
0.9999664427728213 -0.004624663885542645 0.006762086380370335 54.8755770061084 0.004568648098042072 0.9999553173392403 0.00827591563125049 0.20663752620174564 -0.0068000575604982155 -0.008244744321389066 0.9999428900733526 0.5843654748978132
0.9999586418404713 -0.005230100035880899 0.007440474593374885 56.2768246600071 0.005189725479864495 0.9999717615197528 0.0054353392282483065 0.2062224686239743 -0.007468691853572738 -0.0053965004120418904 0.9999575473115342 0.5805785455910346
0.9999593854998883 -0.0054389085518814035 0.00718648902109238 57.70247457461584 0.005410030428771084 0.9999772380662768 0.004031739091335189 0.23056725910290782 -0.0072082537029283964 -0.003992696219987274 0.9999660491513945 0.5977949394576615
0.9999575560017707 -0.005374819840029558 0.007483148177934748 59.15215100110847 0.005352546985346884 0.9999811951578904 0.002993254310402501 0.2462367124114274 -0.007499095661168585 -0.0029530733625011416 0.9999675209335454 0.6136388828547195
0.9999536251584363 -0.005202706116398537 0.008104281681174616 60.557772716381265 0.00518058025544486 0.9999828028351685 0.002748749195048919 0.24558661824992792 -0.008118443244756232 -0.0027066368405784438 0.9999633818277022 0.6320652631501718
0.9999487117804289 -0.004656911260277693 0.008993719262611437 62.011631408188 0.004649255179225962 0.9999888119674537 0.0008719897929283781 0.25934155285690574 -0.00899767941967315 -0.0008301309742622141 0.9999591754904928 0.6359643866415601
0.9999532784353913 -0.004245723024957233 0.008684168486857607 63.41105374545562 0.004260952650624297 0.999989415283099 -0.001735973581302313 0.26677378665150453 -0.0086767061043878 0.0017728953046330191 0.9999607850378018 0.6431169962964887
0.999960855330172 -0.0038029949809432503 0.007989057298936404 64.82678600999702 0.0038187545097983742 0.9999907910216761 -0.0019583119864607537 0.27815235426795715 -0.007981536277225278 0.0019887435775739746 0.9999661694165648 0.662128228572083
0.9999636070473538 -0.0030206709574321566 0.007978729711695267 66.28250460694971 0.003038769880124092 0.9999928353279366 -0.0022572484156227926 0.2858218583177472 -0.00797185414198062 0.0022814117912176427 0.9999656217599572 0.6712495419054014
0.9999663312016278 -0.002459030372290232 0.007828769557504764 67.6435697151422 0.0024642473836788766 0.9999967480352852 -0.0006568132811391984 0.2976205806106786 -0.007827128974815158 0.0006760831919247737 0.9999691390055641 0.6812981745400528
0.9999549343654236 -0.0018423700118036252 0.009313157948887986 69.12326990151918 0.001820865040913976 0.9999956578612259 0.002317047517110791 0.3161092088011352 -0.009317386368725197 -0.002299985094164449 0.9999539471294778 0.6922309101641952
0.9999453706356196 -0.0010092926555718656 0.010403704759778011 70.47775810897691 0.0009524583242242915 0.9999846055210779 0.005466401375189202 0.32967289606066447 -0.010409061798924764 -0.005456193653955404 0.9999309383068795 0.6992489421125565
0.9999340782194767 -0.00015850903600188548 0.011481031758993782 71.93376368968762 4.8685535948562154e-05 0.9999542503323954 0.009565295180792546 0.35025038854009244 -0.011482022691325231 -0.009564105659318568 0.999888339284869 0.7144554390643202
0.9999403103266639 0.00015251469348826667 0.010924858034940069 73.30109773767916 -0.0002974534019215965 0.9999119521733393 0.013266477391349178 0.354810890223031 -0.010921872792200506 -0.013268935155835368 0.9998523131215635 0.709223055415091
0.999943025139759 0.0008822667673055193 0.010638048679086283 74.68979221361481 -0.0010655872900234788 0.9998508261703067 0.017239197495313364 0.36931347239625517 -0.010621252189579228 -0.017249551063908488 0.9997947999414776 0.7213465739682066
0.9999415605150377 0.0017353737558474264 0.010670709099157417 76.14309406782158 -0.0019320543384999888 0.9998279318903479 0.01844922160696467 0.38373868074904444 -0.010636856715421538 -0.0184687598337659 0.9997728552973512 0.7213399199544503
0.9999361592759446 0.002005938532979784 0.011119963267686673 77.51290973701416 -0.0022152961891919332 0.999819926161985 0.018846954985804434 0.38552827953730695 -0.011080155019987116 -0.01887038579480276 0.9997605406819616 0.7291573472190518
0.9999332575777518 0.002078824262207708 0.011364808825165693 78.91446651762885 -0.002284015647845696 0.9998340808115646 0.018071915233707273 0.3853840046967097 -0.011325354849456305 -0.018096666471501363 0.9997720975303087 0.7468170423769245
0.9999457858115941 0.0017377830962019977 0.010266720388919 80.28452391004913 -0.0019133378496146384 0.9998517072892773 0.0171143965418213 0.38656804997060795 -0.01023545680011022 -0.017133112403414256 0.9998008261066126 0.7450073017739278
0.9999434386136942 0.0015774320036366757 0.010518140600651659 81.67725878360844 -0.0017555011202546812 0.9998549323893303 0.016942030354842732 0.3924027273139318 -0.010489889858237721 -0.016959536697726468 0.9998011483918992 0.7633744526731499
0.9999395727955311 0.0011613399398132283 0.010931699183332986 83.07899900410403 -0.0013371077411869707 0.9998697311654257 0.016085174604828563 0.3999928049328782 -0.010911594767913 -0.01609881948229616 0.9998108646693621 0.7617912769239192
0.9999474699597164 0.0009686523668681613 0.010203873468156424 84.44063794802169 -0.0011351167624317501 0.9998661640937813 0.016320704957913486 0.4148078341748403 -0.010186698734017433 -0.016331430218440027 0.9998147406174419 0.7646239762039551
0.9999440828733346 7.636400167852005e-05 0.010574747994409307 85.84335075685497 -0.0002495647303109022 0.9998658345365932 0.016378359010823264 0.4143906799679891 -0.010572078511409233 -0.016380082264179214 0.9998099439698365 0.7660970655024865
0.9999364254694743 -0.0010010036325304383 0.011231340572608463 87.20561877961447 0.0008194460640479179 0.9998691114031296 0.01615823536355118 0.42407543327271197 -0.011246044970494138 -0.016148004633497613 0.9998063654622719 0.7759781950647909
0.9999172474777409 -0.00210432922036185 0.012691335432913937 88.59373465356921 0.0019169575187242243 0.9998892588852677 0.014757887373932072 0.42999995933272184 -0.01272098543391243 -0.014732337370647886 0.9998105494368359 0.7877107379867658
0.9999064258660039 -0.003281715576680981 0.013280431271130863 89.98464545232942 0.0031170519404795424 0.999918249611315 0.012400729069050697 0.42741943401435195 -0.013320041256460653 -0.012358172887503056 0.9998349124049473 0.796366131025612
0.9998973461699122 -0.004181098892357775 0.013704580782318773 91.34358311971688 0.004026040801242592 0.9999277939140847 0.01132245351407415 0.4378464925771692 -0.013750931526027842 -0.0112661160194614 0.9998419807709629 0.8040418046030694
0.9999019420368005 -0.004456848045000347 0.013275647499783279 92.72300711760431 0.0043173090787272305 0.9999353318099012 0.010521076016333206 0.45233928911085625 -0.013321679824761772 -0.010462729267571582 0.9998565217784599 0.8099860461173027
0.9999004642400537 -0.004883393724293397 0.013236845479892703 94.07480841697401 0.004775543184155292 0.999955244911362 0.008167151373288311 0.46103670433016847 -0.013276136479461634 -0.008103125322458556 0.999879034463763 0.8183979138690132
0.9999058946743896 -0.004975199084100323 0.012784724849684341 95.44689344446891 0.004873145560966914 0.9999561152642804 0.00800124977181166 0.4793843844828577 -0.012823971605949438 -0.00793819498644717 0.9998862589377889 0.8170906617369262
0.9999139511483908 -0.004780443589979299 0.012216286583762087 96.79905474680325 0.004686437373728993 0.9999592785771771 0.007712230037643049 0.4849145186487675 -0.012252656999838681 -0.007654315547090638 0.9998956364791027 0.8185741627523273
0.9999209076025521 -0.004636961739174967 0.011690899243338163 98.13070100256427 0.004529816051726847 0.9999476508822293 0.0091747622121187 0.502045620010213 -0.01173283025642045 -0.009121078935127735 0.999889567208916 0.8250283886776587
0.9999217581243808 -0.004337040151590505 0.011733188491237185 99.47765219324722 0.004209982943818684 0.9999324697904929 0.010831985150371629 0.5212243464110744 -0.011779374901078778 -0.010781741112112065 0.9998724920636287 0.8223665690669133
0.9999042255819655 -0.004294878436147848 0.013156507232115975 100.81129945465635 0.00415061388982199 0.9999311803502727 0.010973010874317467 0.5262833942746671 -0.01320272955368035 -0.010917352358927731 0.9998532389054924 0.8268884812287602
0.9998839296386718 -0.0042297837555624555 0.01463680906853942 102.15373616330055 0.0040667168880775695 0.9999295363750339 0.011152761925284508 0.5480386957897472 -0.014682951477135737 -0.011091943661551437 0.9998306755254757 0.8272444049580471
0.9998954237173963 -0.003981584054588719 0.013902827677301251 103.49670316106067 0.003832473614203665 0.9999350294598397 0.010735408941719394 0.5565210806741955 -0.013944668336139141 -0.01068100405232396 0.9998457192874455 0.8400870801786599
0.9999257518880897 -0.003876672926689363 0.01155258058001831 104.8223738462761 0.003752958620185719 0.9999355895081927 0.010711308813505797 0.5658377149142417 -0.011593360713508234 -0.010667157162177136 0.9998758951717177 0.838820131324064
0.9999383735746454 -0.003957627097312202 0.010372378736412417 106.1542808703175 0.0038597784878566166 0.9999480242811238 0.009436675595870185 0.5778507910268622 -0.010409186467617897 -0.009396058962971276 0.9999016766227802 0.8414949689636
0.9999260247154915 -0.003614410534191323 0.011613833697986907 107.50788335876472 0.0035181636665533663 0.9999593900718997 0.008297031484179254 0.5852776024318868 -0.011643350939034399 -0.008255558341168987 0.9998981338793398 0.8523475627981008
0.9999062731974991 -0.003074849611265626 0.013341293796200759 108.8306003188271 0.00300412057789283 0.9999813452040537 0.005318317726953227 0.5919955609921995 -0.013357397944282638 -0.005277740402809114 0.9998968573689981 0.839167068099239
0.9998958492273299 -0.0021426352066422328 0.01427234431788131 110.1890228136245 0.002083766142629496 0.999989266182143 0.004138289400467701 0.603905092578795 -0.014281057965701727 -0.004108118166563558 0.9998895812781079 0.852183915575342
0.9999066134255834 -0.0015630455400051772 0.013576498680467307 111.48889857665952 0.0015173745779225802 0.9999931581021666 0.0033736216808637177 0.6119816243535559 -0.013581678915772338 -0.003352705995936624 0.999902143892258 0.8571614351113845
0.9999347087124297 -0.0008243949074443534 0.011397310438200164 112.83319589418052 0.0007763858810163358 0.9999908108422493 0.004216094878483927 0.6240649805177754 -0.01140068143366374 -0.004206970893315014 0.9999261602032176 0.8625694951318372
0.9999543211894398 0.00019934396543732844 0.009555929915505704 114.17971847510222 -0.00027164888330526583 0.9999713420537114 0.007565796599386884 0.6250290802996561 -0.009554147866283634 -0.007568046860487776 0.9999257187037778 0.8745219298478769
0.9999591416290885 0.0016625610095900732 0.008885435459562215 115.49115142284644 -0.0017570092174840754 0.9999419314571576 0.010632338987195436 0.6399189174323158 -0.008867242583031704 -0.01064751635914925 0.9999039965938507 0.8647593389307703
0.9999311737664293 0.003099281907147696 0.011315572533067728 116.86040122361628 -0.003225014557625037 0.9999330793090186 0.011110183827774728 0.6514614020002155 -0.01128038169541246 -0.01114591204181459 0.9998742529106158 0.8720346225478907
0.9999047252280707 0.003970147166852355 0.013220378135664854 118.15517071662079 -0.004125872122842566 0.9999221862154928 0.011772794623848663 0.6564799141762442 -0.013172609680787695 -0.011826218563129282 0.9998432991767734 0.8630506685806415
0.9998841021782316 0.004921850945973719 0.014406859286369584 119.52335999032205 -0.005080214340632785 0.9999268529841906 0.010976342896708912 0.6532578293324872 -0.0143517815439361 -0.011048260695626293 0.9998359676977603 0.8758304550412009
0.9998864089724809 0.005845705178603108 0.013892331808642522 120.84714942960704 -0.006002502964061759 0.9999184540542216 0.011271876506677584 0.6526782201091595 -0.01382530687843846 -0.011353984885502228 0.9998399611522519 0.8783963368981045
0.9998787930941255 0.007253975930972428 0.013776028231233403 122.15076961359989 -0.007435603951993145 0.9998855034000356 0.013179221688953661 0.6483676985022269 -0.013678849165919292 -0.013280057366229836 0.9998182480640397 0.8792136854698493
0.9998784048533331 0.008308630828474026 0.013196293483784318 123.51977257544141 -0.008503291137880915 0.9998548460593674 0.014764174593362335 0.6509654090029824 -0.013071707913600019 -0.014874591266820777 0.9998039192696068 0.8728643997577729
0.9998733988656717 0.009537178629561133 0.012736893836305354 124.85898224917928 -0.009734345653234456 0.9998323461913099 0.015508772494439316 0.6507555426109879 -0.012586848513938119 -0.015630794393400628 0.9997986044754805 0.8758594340527396
0.9998708843520412 0.010617282297737679 0.012061838237898892 126.19101129942345 -0.010813758288086117 0.9998079770232118 0.01634232885606603 0.6428584192001786 -0.011886010968947593 -0.016470652608901258 0.9997936988928682 0.8709494857356211
0.9998658789926501 0.011449445103914633 0.011710432659285503 127.5221324927313 -0.011637096277853297 0.9998029273101372 0.016083672848583343 0.6377976480435007 -0.011523975723472704 -0.016217791122490426 0.9998020710293772 0.8802492940656166
0.999843140884025 0.012449903834103621 0.012597361695577368 128.8505181709555 -0.01264795753560868 0.99979570635192 0.015766252897968087 0.6317465452511972 -0.012398499802196535 -0.01592311071326264 0.9997963451362822 0.8788004833737348
0.9998195812472328 0.013322121525969266 0.013539794409638107 130.22656140238132 -0.013530556434745608 0.9997895357944357 0.015421029748790525 0.6219226870137741 -0.013331503935195202 -0.015601448458211325 0.9997894107304957 0.8831931006632334
0.9998075958760567 0.013711036846187696 0.01402778304443914 131.54818558605768 -0.013908829214695481 0.9998038337670381 0.014101008992592633 0.603732609699602 -0.013831691813216645 -0.014293405938936604 0.9998021718561372 0.8768489791667003
0.9998014301545335 0.013694481383835146 0.014476237100067272 132.8943831499558 -0.01388029313446335 0.999821552819023 0.012814054044644689 0.5914328633816408 -0.014298172031799766 -0.01301244397434617 0.9998131018237176 0.8888100051613619
0.9997921304991657 0.013568768294416056 0.015217894693805566 134.2134707660036 -0.013737963782952329 0.9998443571988587 0.011069314734854754 0.577115759541019 -0.01506532917123274 -0.011276076648082525 0.9998229272988238 0.8771912236919931
0.9997979178404022 0.01298676600471458 0.01534494674918117 135.54663666889897 -0.013128213791211266 0.999871924637971 0.009153377705089295 0.5569425266339415 -0.015224108665162184 -0.009352979712293038 0.9998403614006852 0.8876330900186414
0.999818306816732 0.011840397950175394 0.014938484879823098 136.88688617068166 -0.011984557541787845 0.9998821185552738 0.009597883826410256 0.5495972069989212 -0.014823081145659191 -0.009775171087974564 0.9998423487208121 0.8879413446611851
0.999809054798301 0.01085429980118465 0.016249249802814187 138.22463300846476 -0.010981897661243002 0.9999093994508707 0.007784010120570759 0.5375278164699516 -0.016163287632354983 -0.007960971399594738 0.9998376723585127 0.8921645489222424
0.9998150497575737 0.009781373141354285 0.016558714253527517 139.56822360943482 -0.0098946445477443 0.9999281117714727 0.006772540026529727 0.5167457683788402 -0.0164912791357789 -0.0069351300353163005 0.9998399580352143 0.8926608380204032
0.9998222122151019 0.008502229126668157 0.01683021274902479 140.92676013718312 -0.008594836766762159 0.999948278217625 0.00543780015814553 0.5161085865648064 -0.016783108837534075 -0.005581486315028443 0.9998435748997253 0.892538396885585
0.9998389265977388 0.007319762402660203 0.016387249258188397 142.24391675533866 -0.0073879813152404 0.9999642775225551 0.0041062648331669695 0.5132871614821234 -0.016356606982105205 -0.004226672114447389 0.9998572881420978 0.877030017932105
0.9998528726017017 0.006277011021698729 0.015963467128378036 143.59531214065584 -0.006335994800394351 0.9999732767960148 0.003647034923100339 0.5042754783652588 -0.01594014805498083 -0.0037476427890622693 0.9998659244386273 0.8653445975894818
0.9998878612929575 0.0055603204955710665 0.013904951455568986 144.94891248014488 -0.0055832732686778375 0.9999831134444874 0.0016124160371012697 0.4920507871057412 -0.01389575109889585 -0.001689870366615796 0.9999020214198697 0.871289461099201
0.9999062782060736 0.004496372785295941 0.012931258092463566 146.25280913977352 -0.004482242861205313 0.9999893258454561 -0.0011214696088116419 0.5041336007182088 -0.012936162607644837 0.0010634034633967217 0.9999157588867487 0.8863244696774165
0.9998655792933823 0.003550416998218334 0.016006807409596115 147.63270954913773 -0.0033779410034407912 0.9999360876129033 -0.010789356050167648 0.49027865594469733 -0.016044091089445118 0.01073383568622038 0.9998136685965915 0.8709390575310776
0.9998447980843986 0.00213251709321099 0.017488056336119294 148.95566011223306 -0.0018197715382757863 0.9998384869270036 -0.0178798347606619 0.4766965137385664 -0.01752336083965061 0.017845235508876175 0.9996871907724517 0.8721697267115613
0.9998935886551634 0.0012782477353071417 0.014531945810037526 150.25621262656733 -0.0009901466003445038 0.9998031673338883 -0.01981530213836727 0.44744775793223374 -0.01455441431348274 0.019798804808678187 0.9996980425869301 0.8772226770688124
0.999932192081233 0.0012894174459498762 0.011573618374143906 151.653396664326 -0.0010703289596715464 0.9998204985817435 -0.018916263152957347 0.4664275343620399 -0.01159593185295299 0.018902592901608062 0.9997540829354274 0.8825474893737016
0.9999544300103765 0.0023055304461283106 0.009264039722768047 152.96349042290294 -0.0021596429484074084 0.9998739910350817 -0.015726982988260994 0.47284311836857024 -0.009299131408816795 0.01570625929174837 0.9998334059102556 0.8809025996122742
0.9999508951465222 0.0031831238404660595 0.009384829155896194 154.33597715270392 -0.0030304468835572356 0.9998635615104622 -0.016238065010961436 0.4753996046074961 -0.009435236475841022 0.016208827416890108 0.9998241096444986 0.8801191370872996
0.9999170476233191 0.003612493356312179 0.012363161570390357 155.66520125413513 -0.003374338868006664 0.9998093888504384 -0.019230179502976907 0.47714103568722654 -0.012430273909646404 0.01918686681726472 0.9997386420621481 0.8750798121724784
0.9998745332127736 0.0041520493173434255 0.015286540452447712 157.00366508449994 -0.0037237033975263145 0.999602562051593 -0.02794372868638273 0.47283981794811025 -0.01539648874078838 0.027883300133902122 0.999492606129779 0.863325931235346
0.9998556388242962 0.004256122913778997 0.01644952671055885 158.35680878153855 -0.0037645127859568146 0.999548725363683 -0.029802249366798043 0.4541284136731941 -0.016568945492787146 0.029736022625415998 0.9994204515636438 0.8712492871861869
0.9998494378449478 0.00412661001420702 0.01685445730163133 159.68517786859252 -0.003602196580570704 0.999512057534948 -0.031026940262452295 0.4460251415787252 -0.016974269378585698 0.030961555711002394 0.9993764337060475 0.8826468134813559
0.9998397235329195 0.005178466724550879 0.017137990780655102 161.04938852432295 -0.004660776515565055 0.9995357106713897 -0.03011046753061048 0.4484512098577013 -0.017285959848589758 0.030025765186298084 0.9993996442950589 0.8648662928079329
0.9998385005553662 0.006380499891562727 0.016800655592291946 162.39234911732842 -0.005906177560581833 0.9995867626262855 -0.028132206613145947 0.44961695957358855 -0.016973210474742907 0.028028435622339344 0.9994630142845429 0.8476286915673583
0.9998582323871742 0.007234955469809646 0.01520429370097858 163.74212830128985 -0.006852367476280093 0.9996623044319063 -0.02506635509723368 0.45480982401996833 -0.015380513241298688 0.024958616092252906 0.9995701612669287 0.8459610875003769
0.9998612809419367 0.007897887663420033 0.01466431872284928 165.0902768841774 -0.007547680762944864 0.9996885986999983 -0.023785250562785094 0.4553797439723266 -0.01484760547192652 0.023671269498905086 0.9996095335740152 0.8309955200561512
0.9998394908755398 0.008150794472061136 0.015954843628678828 166.43611576266926 -0.007783517023564133 0.9997063576593466 -0.022948100536353103 0.4530457436794333 -0.016137203862046954 0.022820232359835865 0.9996093375146902 0.8254878079222346
0.9998403607330074 0.007927179680650329 0.016012897039580982 167.76966909758914 -0.007575725525521919 0.9997316629102209 -0.021890878409204513 0.44587957564201064 -0.01618213311190748 0.021766074452581136 0.9996321206178166 0.8153207618133704
0.9998767168103695 0.00745212221246562 0.013820891977238129 169.15665456592652 -0.007193030769310269 0.9997992226119092 -0.01870226651968983 0.44168407705290336 -0.01395748863040069 0.018600546743368376 0.9997295675191266 0.8263778593248081
0.9999141910484337 0.0068159733654805715 0.011187182265319099 170.5640377918077 -0.0066427376786119124 0.9998585760640126 -0.015449980821290307 0.44485889510745863 -0.01129090678774563 0.01537434155748298 0.9998180559709773 0.8203044616813369
0.9999317671656298 0.006445546785540096 0.009742481185820148 171.91431505722912 -0.00634935976644946 0.9999311138005301 -0.009871842998512296 0.4471283821049194 -0.00980543948922427 0.009809310896617414 0.9999038107618936 0.8210788492398574
0.999918550740285 0.006787807470681603 0.01080821702173857 173.2707241460864 -0.006720198866203473 0.9999577032880865 -0.006279375925492925 0.44902617936988976 -0.010850383064515183 0.006206231107197153 0.999921872889476 0.8254191655600892
0.9998836739634333 0.007407059456964618 0.013333192100457992 174.63848783228474 -0.007382783465925944 0.9999710002164526 -0.0018690196368103247 0.45897885843100594 -0.01334664938034917 0.0017703661509764334 0.9999093622694057 0.8426966051048529
0.9998507370802282 0.007428623567263835 0.015598689432772045 176.0607052077006 -0.007429599954722832 0.9999724001305929 4.644795170944923e-06 0.4557752642696627 -0.015598224406545907 -0.00012053612417871469 0.9998783330317772 0.8385266042195115
0.9998353427090584 0.006518032398145799 0.016935250913894008 177.45969043705324 -0.006468691477435198 0.9999746771848949 -0.0029666512324731907 0.4515000690492755 -0.016954158794513615 0.0028566138384631505 0.9998521872041628 0.828481417263581
0.9998463378820869 0.005185904062761351 0.016745358247340025 178.86226082530177 -0.0051004659641744375 0.9999737779607855 -0.005140879086494993 0.4465496647547213 -0.01677157925564022 0.005054679998328161 0.999846570399372 0.8177488501201842
0.9999082536119019 0.0030283349251319347 0.013202785553719091 180.20010904109188 -0.0029257852006478883 0.9999654575234498 -0.007779687710786554 0.44113698189578177 -0.0132258889968099 0.00774034543795816 0.9998825745620058 0.8112204747704634
0.9999572485496145 0.0013764048041431786 0.009143663538193023 181.6157076699079 -0.0013330152759423466 0.9999878315793547 -0.004749711938023955 0.4507213523485864 -0.009150089800578643 0.004737320237775202 0.9999469154178166 0.8232920452227314
0.999963695637324 0.0008604824272156204 0.00847743931488605 183.01175906031594 -0.0008518554509638206 0.9999991157483943 -0.0010211976891264108 0.4783126696913879 -0.008478310541362928 0.0010139390623045402 0.9999635444244666 0.8222117744235123
0.9999530297673919 0.0004896408729910798 0.00967979911098586 184.3375076986627 -0.0005089225101241767 0.9999978912761123 0.00198958317430006 0.4943315083676425 -0.009678804517719894 -0.0019944159907766307 0.9999511703318136 0.8151770187480295
0.9999194940657523 0.0007287336372420896 0.012667846485329298 185.7829701703528 -0.0007924409554205048 0.9999870618037779 0.005024764907869075 0.4876555418374716 -0.012664020871038162 -0.005034398904847746 0.9999071343895115 0.8218839736850585
0.9998829492927536 0.0011084105788743035 0.015259722789535215 187.14716899281444 -0.0012108358087863586 0.9999767913269717 0.006704527131590153 0.49776251396823923 -0.015251937262819487 -0.006722219380733369 0.9998610854395366 0.8317607520653285
0.9998748304799392 0.001274904924746456 0.01577016138616376 188.60100653490645 -0.001346003090245833 0.9999889753491865 0.00449860598017913 0.5012531378611595 -0.015764252230722583 -0.0045192695777871005 0.9998655232350445 0.8142924334767043
0.9998617568448733 0.0011307279750282075 0.01658881108850454 190.02144908199543 -0.001198503353619131 0.9999909739064157 0.004076235445785995 0.4961430785097441 -0.01658405224289185 -0.004095553679859056 0.9998540871803547 0.8166167222597054
0.9998506779033572 0.0013246178521599933 0.01722983702019855 191.36788938921896 -0.0013424652408372635 0.9999985742797142 0.001024317146278968 0.5009320357740815 -0.017228455626492153 -0.0010472946503999661 0.9998510306493869 0.8136947810723297
0.9998474800793798 0.0016726085924293603 0.01738444590462426 192.82974330309744 -0.00166799027437234 0.9999985696599814 -0.0002801543074181122 0.5078493827243039 -0.017384889627457375 0.00025111449161111806 0.9998488398523815 0.8079840457674116
0.9998309459631942 0.0021228596671511737 0.018263979883310112 194.19688774313823 -0.002062514207852027 0.9999923542434838 -0.003322271770528434 0.502948845436646 -0.018270892958111875 0.0032840404090730088 0.9998276799274487 0.7985660602177422
0.9998006788942547 0.002509439556202265 0.019806695729001043 195.64289588718964 -0.0023433168152855537 0.9999619236387691 -0.008405958538790234 0.5012264375824488 -0.01982703580696471 0.008357869690682421 0.9997684905343552 0.7853294795582814
0.9997847593060192 0.0028534791851741593 0.020549761943754734 197.05513970930298 -0.0026082226653759157 0.9999251743306365 -0.011951690858364979 0.49114627382049797 -0.020582328195154015 0.0118955200132606 0.9997173922512708 0.7854487800606395
0.9998509531245404 0.003021810707517553 0.016998240967696646 198.47090397657135 -0.002850012190843055 0.9999447097267229 -0.010122001780874192 0.4962416733903626 -0.017027887903671268 0.010072047934154534 0.9998042832894607 0.7787711155757382
0.9999226406213474 0.0032120384140823673 0.012016471281461768 199.90983001767785 -0.003168087036385385 0.9999882293057264 -0.0036748434698621953 0.5131580854906673 -0.012028133577643003 0.003636489959364825 0.9999210468549075 0.7777487001552759
0.9999273793749381 0.004530241118163098 0.01116749263621014 201.3558303736875 -0.004602180918416623 0.9999687715129224 0.006424634599011175 0.5247623596768267 -0.011138038748481049 -0.006475562859547725 0.9999170021449226 0.7638875905670315
0.9998720571345505 0.005708859263849117 0.014942499370177218 202.78899802157963 -0.005896478220780782 0.9999039569089667 0.01254226862984226 0.5451024107375394 -0.014869462199892785 -0.012628772058154802 0.9998096884958603 0.7550242563152567
0.9998310119524443 0.006553640742602077 0.017175486344438745 204.21538511627836 -0.006800058869401537 0.9998742234585233 0.014328170245625896 0.5386574843950864 -0.01707942439087949 -0.014442543274363827 0.9997498218085584 0.7479136186561112
0.9998224949675663 0.006121706669806026 0.017818621278873 205.6983671532055 -0.006371257498364747 0.9998819463484948 0.013982147339931738 0.5358288986371891 -0.017730923120937166 -0.01409319246284821 0.9997434652407009 0.7496140250892079
0.9998243064240567 0.0048288784126045824 0.018111825334023106 207.1182498980788 -0.005018767244885172 0.9999327660316034 0.010453487060712415 0.5240229389673262 -0.018060128986127074 -0.010542549485921118 0.9997813192850431 0.7450515419590532
0.9998353253082048 0.0037148576034896886 0.017762941727711656 208.5561242623357 -0.0038638137587731583 0.9999575995606067 0.008358829118187376 0.5184982325916426 -0.01773113671127151 -0.008426085329222389 0.9998072853690109 0.7367007901725664
0.9998457030878972 0.003284505729892184 0.017256362269573756 210.0544144624324 -0.0034389476201212516 0.9999542328403542 0.008927814061955417 0.5247446112907141 -0.017226249038444955 -0.00898578025377273 0.9998112382331459 0.7263265468824215
0.9998454837009939 0.0030622808639789697 0.017309857267911444 211.51226832141052 -0.003229863822928212 0.9999481083356141 0.00966170873666933 0.5292358710656615 -0.01727937216482989 -0.009716124326962944 0.9998034908048942 0.7220372632832586
0.999834214833123 0.0029113295296107826 0.017974064910378278 212.95620993867232 -0.003109584982906481 0.9999345309462239 0.011012007200754986 0.5309028533724165 -0.017940828583612237 -0.011066073455630656 0.9997778096597303 0.7062137171925021
0.9998319966997993 0.002520531904241031 0.01815558575789468 214.39409950766517 -0.0027109376630623625 0.9999415081960431 0.010470482491739368 0.5421116448659888 -0.018128132619758576 -0.010517942077352096 0.9997803477275286 0.7105472937520289
0.9998442036696313 0.002285829012992913 0.017502667624225483 215.87359052399484 -0.002485004658093985 0.999932311981045 0.011366450989253365 0.5397064031786195 -0.01747550113988158 -0.011408174348475195 0.9997822064919663 0.7058991563267552
0.9998522326259031 0.0019976212564185147 0.01707402771207771 217.34175457684185 -0.0021760059396181324 0.9999431806710097 0.010435536770813034 0.5465483431784349 -0.01705221132720444 -0.010471147924661804 0.999799768528675 0.6931490853247052
0.9998509583375603 0.0013888883182770393 0.01720848920450506 218.8059618407378 -0.0015648632793604572 0.9999465825372843 0.010216813344817126 0.5412123850194558 -0.01719337995796995 -0.010242219546820778 0.9997997222566005 0.6899321724307711
0.9998559339842409 0.0011906903167737016 0.01693202684473165 220.2853259157673 -0.0014008818735199403 0.9999220438444678 0.012407407621200605 0.5499739533430494 -0.016915933508902636 -0.012429339904907459 0.9997796570760232 0.6904491171904187
0.9998575284605573 0.00111871634071749 0.016842542993710283 221.78586916650352 -0.0012906069661345195 0.9999471627738576 0.01019833291137669 0.5561537917688918 -0.016830244038781274 -0.010218617042502159 0.9998061425853183 0.6730655073631878
0.9998599682957641 0.0006667727050984967 0.016721220462442066 223.26512723956446 -0.0008704113926361683 0.9999255135835473 0.012174139340701908 0.5590289694559846 -0.016711857574830655 -0.012186988916011714 0.9997860726763299 0.672915723521459
0.9998591508120338 0.000341193995552279 0.01677981299347587 224.7239236175885 -0.0005299434302303279 0.9999366275883419 0.011245442063981353 0.5657095500678884 -0.01677491273894974 -0.011252750504254705 0.9997959681398448 0.6573395204071683
