1.0 -2.1684043449710093e-19 -2.5135375298442207e-37 0.0 2.1684043449710093e-19 1.0 2.3183291766350204e-18 -8.673617379884035e-19 -2.51353752984422e-37 -2.3183291766350204e-18 1.0 0.0
0.9999986518520871 -0.00011469251306382999 0.0016380291925735576 1.3103748299734068 0.00011555731440978437 0.9999998540012174 -0.0005278674558973812 0.0022132942175758256 -0.0016379684109782081 0.0005280560305083908 0.9999985191070602 0.015294017251549243
0.9999978272630312 -0.00011555676360642031 0.002081373549142707 2.611096483466412 0.00011825845722571776 0.9999991506600143 -0.0012979576985919967 0.007035427890126525 -0.002081221793557979 0.001298201018496153 0.9999969915904555 0.024326843170156126
0.99999938879233 -0.00043028850461066784 0.0010184629444574074 3.9433112249228435 0.00043320482943065455 0.9999958021298647 -0.0028649705450892364 0.008718876028208316 -0.001017225905190629 0.0028654099970634 0.9999953773278186 0.05021482336201898
0.9999989702789946 -0.00023274822493616113 0.001416075285463823 5.2512343005773054 0.00023700002862635895 0.9999954626003343 -0.0030031000199365614 0.010449181674100742 -0.0014153698939653502 0.003003432537464582 0.9999944880453373 0.06079825244175124
0.9999976218432424 -0.00028266650639038714 0.002162500290367774 6.580803638514495 0.00029001791576097025 0.9999941781411791 -0.0033999372577009634 0.008616542523489742 -0.0021615266522098026 0.0034005563359442432 0.9999918819766177 0.06419388065462582
0.9999950711524294 -0.00019416524226565317 0.003133683249192867 7.911723392911028 0.00020995813009794595 0.9999872761772769 -0.005040178680746678 0.005819004226614807 -0.003132664749248125 0.005040811780749552 0.9999823881589914 0.07863727127470578
0.9999916124080529 0.00024143775982332218 0.004088620959494525 9.218953146945534 -0.00022300793410509292 0.999989816547865 -0.004507445843106262 0.009930976242493948 -0.00408966759084557 0.004506496241576291 0.9999814828838687 0.0976994160256763
0.999996241180853 -0.0004124641784431113 0.0027106267664295256 10.574089385685795 0.000423874160117584 0.999991047543642 -0.00421012627671814 0.011681007849224614 -0.002708865973385828 0.004211259416258892 0.9999874635910528 0.09918265461466612
0.9999998847477783 -0.0004670409059787785 -0.00011125296453322519 11.888075422231609 0.0004669240431574799 0.9999993416873668 -0.0010481444417467392 0.018927956463167608 0.00011174241762366319 0.0010480923742617505 0.9999994445078493 0.11066321574886799
0.9999994180533471 -0.00044200178858267336 -0.0009841378896945406 13.224794109543694 0.0004444536797569294 0.999996794730475 0.0024925869499335704 0.018569055531938678 0.0009830330073772858 -0.0024930229030874006 0.9999964092350087 0.12345196439812126
0.9999997618898787 -0.0001302526780130822 -0.0006776831308052682 14.564105221589582 0.0001333432757802519 0.9999895828955695 0.004562490538699586 0.03743354015637645 0.0006770817946982488 -0.004562579816813012 0.9999893621562475 0.13440714716610502
0.9999999334445345 0.0003371010614421848 0.00013954856112345467 15.908465599734575 -0.00033789088393156513 0.9999837032196824 0.005699045955299258 0.04909603785215924 -0.00013762513249047123 -0.00569909272818327 0.9999837505686772 0.15389216456528368
0.9999959711992668 0.00041636143418045225 0.002807886819505879 17.26333304068693 -0.00042679185143315547 0.9999930078779082 0.0037151102284090757 0.05014437772531399 -0.0028063203577955785 -0.0037162936441845753 0.9999891568050123 0.16843429767878437
0.9999856278872572 0.0009432833614860307 0.0052777111921592105 18.60642128400219 -0.0009418436823324612 0.9999995185801225 -0.00027526351270525546 0.03852628251308925 -0.005277968302855693 0.00027028877764350643 0.9999860348997733 0.17954011926688582
0.9999950833527717 0.0008016750825296247 0.003031598150373221 19.952926617134565 -0.0007931824723927933 0.9999957611379415 -0.002801529531247312 0.035979392555370575 -0.003033831216265017 0.0027991111465986923 0.9999914803861781 0.18965641599296226
0.9999993637366134 0.0007022663284049155 0.0008828070980688924 21.294831942326464 -0.0006984848281990386 0.9999906116586992 -0.004276530533660731 0.032137999028766975 -0.0008858020733707385 0.004275911185296704 0.9999904659236618 0.1988360320828408
0.9999993444278892 0.0010357819453492814 -0.0004881593525976562 22.673471043363847 -0.0010366643484089643 0.9999978230912372 -0.0018108395333141806 0.03643508285925892 0.0004862826550247523 0.001811344403575466 0.999998241278769 0.23092342024097953
0.9999966834843872 0.0022107033587931775 0.0013212913704812844 24.021745298039313 -0.0022123328667916424 0.9999967925400512 0.0012330826802115496 0.04658814014990275 -0.0013185611524693195 -0.0012360017269991126 0.9999983668467755 0.23572138083515812
0.9999774720467827 0.0024867185707466493 0.006234711675447128 25.419702924350453 -0.002497599943875186 0.9999953704719815 0.0017381107918459854 0.06435528935755407 -0.006230360619290641 -0.001753643451298055 0.9999790534512207 0.24710591470924373
0.9999711471953323 0.0030205062715149195 0.006970030036859971 26.787215974674925 -0.003015799546254948 0.9999952173783758 -0.0006856919656459715 0.037843518591252526 -0.006972067838726156 0.0006646519680870789 0.9999754739531432 0.254057013906852
0.9999799581515102 0.002879310516152244 0.005638516316859446 28.15390777564152 -0.00285284046583105 0.999984899934018 -0.004696935727509005 0.0391188536085177 -0.00565195511132493 0.004680755804718802 0.9999730726017156 0.2593043165573397
0.9999900419332417 0.0028799947684771247 0.0034090562457999643 29.517714183518063 -0.0028622049017700732 0.999982322096042 -0.0052118402227925515 0.0364242103657626 -0.003424006053406845 0.005202030905442541 0.9999806073404649 0.2636545592635387
0.9999925745202035 0.00371223411120651 0.0010345155188350274 30.892661098690994 -0.003706963017328626 0.999980370700858 -0.005051399624150129 0.042436641019884785 -0.001053247190014547 0.005047527204315102 0.9999867064813803 0.3000777592472766
0.9999913121047407 0.004148942550581336 0.00040248074635609524 32.27518438786528 -0.004148297542148045 0.9999901310889163 -0.0015903937480573687 0.04782882982251054 -0.00040907522660289027 0.0015887103209921935 0.9999986543275821 0.30217817871388886
0.999987281048669 0.004926246240399907 -0.00108159089746924 33.65608272365043 -0.0049271908069191085 0.9999874807836622 -0.0008723913669707587 0.046263488787829474 0.0010772797421071084 0.0008777094757942784 0.9999990345467507 0.32752768313933256
0.9999874290711465 0.004866972553464114 -0.0012059344271827012 35.054432914623874 -0.004867555880914094 0.9999880375765066 -0.0004812521518956313 0.06193574077580042 0.001203577760269806 0.00048711605532209917 0.9999991570589066 0.33199904701812644
0.9999893952901286 0.004554308634156128 0.0006837983239982284 36.445353286635914 -0.00455401144551283 0.99998953558572 -0.0004355442689313459 0.051755994158765604 -0.0006857747714738334 0.0004324256247168273 0.999999671360467 0.3633111628378134
0.9999904358692772 0.003954950423108973 0.0018672271216665845 37.86063434407783 -0.003955506721310084 0.9999921336376952 0.00029432857112186357 0.04210768221183361 -0.0018660483784746482 -0.0003017115855548985 0.9999982134151882 0.3619207321388643
0.9999916144436435 0.0037368650560485003 0.0016753751664343984 39.249836952914244 -0.0037403828861548075 0.9999907965039286 0.00210153355989888 0.04198729653671499 -0.0016675065998015366 -0.0021077824819711985 0.9999963883308521 0.35723429767257725
0.9999905538125835 0.003939496520342742 0.0018364783605411322 40.650191292547646 -0.003949224033334244 0.9999780309873244 0.00532364276116152 0.043762873350995005 -0.0018154655427916068 -0.005330845137512407 0.9999841429617686 0.38475036670234924
0.9999874188946976 0.0042972226428565335 0.002587649489069235 42.05826510623178 -0.004318203740575136 0.999957399837858 0.00815791799204013 0.05101810730866069 -0.0025524828648674724 -0.00816898935411782 0.9999633755514034 0.4088930275850248
0.9999875689567769 0.004097132453918228 0.002841731438849064 43.45115620144196 -0.004121381398019577 0.9999546940168859 0.008580450394249749 0.05263036513896969 -0.0028064474496329646 -0.008592055589390264 0.9999591493823442 0.4121920303491719
0.9999905066017739 0.0036061363890642043 0.002445912237005131 44.87062866255013 -0.003625586935186621 0.9999614667564751 0.007995006042181521 0.048860063843441395 -0.0024169869058537625 -0.008003798009856442 0.999965048085039 0.43081264294230137
0.999993718376335 0.0028560913972423474 0.002099035445612342 46.27455485327595 -0.002871051861960575 0.9999702510808578 0.007159190910453271 0.04446036580622747 -0.0020785256980060322 -0.007165172378734672 0.9999721696305881 0.441765383994857
0.9999937667280363 0.0021716306255499997 0.0027839765623888925 47.695426201430614 -0.0021895590474316487 0.9999767815899695 0.0064530699782577 0.05718907452662842 -0.00276989823848595 -0.0064591254355875405 0.9999753033762162 0.4567469425294097
0.9999918997298687 0.0011980198260180418 0.0038425542474761674 49.10387716389052 -0.0012240856814131947 0.9999762099628576 0.006788307783490742 0.05713201639644661 -0.003834330305658164 -0.0067929564119983505 0.9999695763643471 0.47338213053757955
0.9999920951611245 0.000194535455055363 0.003971368935425932 50.53340767215835 -0.00022394884502303908 0.999972540797562 0.007407259802576502 0.07062847910704952 -0.003969818910145972 -0.007408090632867502 0.9999646797417375 0.4887003619478003
0.9999928626977544 -0.0008594778806347364 0.003679110126462305 51.96385589516774 0.0008326691769931204 0.999973138654093 0.007282076099829442 0.06591729903478821 -0.003685270083945471 -0.0072789606438502736 0.9999667172043045 0.4942610374476048
0.9999846175338388 -0.0018633992715965245 0.005224216578255319 53.381603223816214 0.0018212498873101423 0.9999658489933612 0.008061258948478325 0.08387729561317682 -0.005239059510053018 -0.008051620342580904 0.9999538607682401 0.5091960864181696
0.9999765794312305 -0.002713964927978086 0.006282912014777388 54.824912055000006 0.0026743728908457565 0.9999765698274943 0.006301390773415113 0.08785074191379873 -0.006299866558621576 -0.006284440341691271 0.9999604079617029 0.517706670371629
0.9999748674040565 -0.0033093696748607683 0.006269978675776948 56.23205466931746 0.0032807220530539196 0.9999841584674519 0.00457380333556553 0.08281179387419459 -0.006285015755763178 -0.004553118326700573 0.9999698833917213 0.5211113117339378
0.9999768330722697 -0.003815820843673083 0.0056367393094858215 57.666678618235004 0.0038001894031084844 0.9999889115496368 0.0027812476109121648 0.0909636044946684 -0.0056472895493869125 -0.0027597625009577694 0.9999802457207261 0.5383649570484805
0.9999747394410509 -0.0038008047284420424 0.006006193738011778 59.112098369771466 0.003794634764120273 0.9999922612799316 0.0010383290691444252 0.09791592722312654 -0.006010093743795447 -0.0010155115288134646 0.9999814235822211 0.5457350987415255
0.9999714307242846 -0.003392086962616916 0.006755107790789855 60.514958085826706 0.0033915888587939444 0.9999942449171556 8.519143387939666e-05 0.10955597981761171 -0.006755357891337087 -6.227845169863854e-05 0.9999771803702094 0.5589934783807509
0.9999663589389872 -0.0026311706235879044 0.007769036713391456 61.949686626372035 0.0026413875820541517 0.9999956598583293 -0.0013051192075370479 0.12877286344533356 -0.0077655690033523244 0.001325596339041433 0.999968968884735 0.5691902232004311
0.9999705938607297 -0.002509434568389737 0.007246664885750635 63.366797630002964 0.002533618975403778 0.9999912456797533 -0.003330065876634384 0.11880938514000568 -0.0072382448636996635 0.0033483282399163665 0.9999681977489538 0.580074807030689
0.999976811991195 -0.00142956151832909 0.0066582155110512685 64.78007903217313 0.001459240968308738 0.9999890124239253 -0.004454845364186591 0.1346415338927744 -0.006651773877899072 0.004464458006042617 0.9999679107446346 0.5967872082808686
0.9999788904467439 -0.0010862337899756186 0.006406149939905882 66.23024368299806 0.001115016069731504 0.9999892935245638 -0.004491055043989951 0.1434351277893187 -0.0064012030168774875 0.004498103199952429 0.9999693953654478 0.6034441080768097
0.9999796309390474 -0.00044543007665456813 0.0063670479072500605 67.61136958128138 0.0004684422195552863 0.9999933625722431 -0.003613222017122508 0.1462668036662869 -0.0063653962086694955 0.0036161310132366933 0.9999732023047426 0.6115210638107269
0.9999701980126382 -0.00011306056377739592 0.0077194756216949585 69.04612450556414 0.00011735184001682015 0.999999838850872 -0.0005554518663070785 0.1502576790254371 -0.007719411578007037 0.0005563412074057496 0.9999700501361779 0.6218982100086267
0.9999587285886216 0.001026714996472834 0.00902701366696162 70.4431892274876 -0.0010523241082943454 0.9999954343440902 0.0028326498099046854 0.17996800685337766 -0.009024064128683737 -0.0028420322465567355 0.9999552435580858 0.6384719886791033
0.9999502544469628 0.0016981960399190654 0.009828772134118913 71.87717413022646 -0.001759092026886567 0.9999792922998211 0.006190360796442956 0.1876013631243922 -0.009818056156662243 -0.006207342568216849 0.9999325350600137 0.6432555469503154
0.9999470186268753 0.002208501750893418 0.010053977284632129 73.2626054466704 -0.002319507958508183 0.9999363363551393 0.011042785857393673 0.1977416391355563 -0.010028949199892046 -0.011065521075762188 0.9998884809923895 0.6572725414925756
0.9999559292625486 0.0028628184019535026 0.008941129876599974 74.65883969414537 -0.0029942037689495403 0.999887233032191 0.014715840547489204 0.19916785898727762 -0.008897992833375437 -0.01474196357431924 0.9998517391261119 0.6589049428966334
0.9999518782903231 0.003528663853359262 0.00915366784763987 76.07199746301329 -0.003674238854153464 0.9998662678074546 0.01593569796507904 0.2056665733304292 -0.009096211986181348 -0.015968563874111878 0.9998311176870326 0.663060581236442
0.999947985377733 0.003908294952958788 0.009420815759470319 77.46182220838126 -0.004062135163520223 0.9998578102419164 0.016366378834464814 0.2009935112392468 -0.009355511580159579 -0.01640379617041745 0.9998216790379538 0.6716450473091229
0.9999434148567846 0.004324644575700035 0.009719286694303178 78.85730111578287 -0.0044679782523014515 0.9998808709278874 0.01477434001322479 0.20568717765235608 -0.009654235075299947 -0.014816929566657259 0.9998436149435208 0.6814675534545758
0.9999514406797848 0.004102134062871263 0.008960400579950154 80.25125908514931 -0.0042351259822952635 0.9998804070089945 0.014873983576758858 0.2045921030306587 -0.00889831390416338 -0.014911209731535398 0.9998492265506861 0.695986353051794
0.9999527908941868 0.003667903187607819 0.008997914710268154 81.6424348198551 -0.0037955128264269837 0.9998918817996284 0.014206294153737116 0.2001656237051138 -0.008944834560311995 -0.014239775187987117 0.9998585993715733 0.7015300602469884
0.9999507879033586 0.003913554034752544 0.009116241893979797 83.0233608120656 -0.004040067445423148 0.9998952148507847 0.013900977431086108 0.2148847069356811 -0.009060884420900223 -0.01393712356694183 0.9998618189330918 0.7119215664846398
0.9999570874891166 0.003163824952157695 0.008707088603852928 84.39946968863738 -0.0032853298367023376 0.9998969341625382 0.013975967237395233 0.20889620741582765 -0.008661973686597909 -0.014003973151530102 0.9998644202829822 0.7207562858785855
0.9999526271112412 0.0028852911527555447 0.009296162019397395 85.77835457285362 -0.0030077371889079742 0.999908554006281 0.013184731399264175 0.22522032819786833 -0.009257270133766003 -0.013212067212670138 0.9998698636470841 0.7232177069127148
0.999944331971001 0.0014716946449937606 0.010448304835740024 87.1659562898623 -0.0016099303999196717 0.9999111255882901 0.013234388873926712 0.22348437278640398 -0.010427899269558859 -0.013250473185165779 0.9998578318327027 0.7390137767256871
0.9999306824022498 0.000546498890059499 0.011761450996128416 88.55530316227183 -0.0006826359529584469 0.9999327865559092 0.01157395259581093 0.2296165488869152 -0.011754335316252251 -0.01158117910652943 0.9998638466770241 0.7499928612111038
0.9999236689639717 -0.0009065501950358999 0.01232211071097503 89.92728309460396 0.0007914109789884395 0.9999560140544574 0.009345781132880942 0.22547239495431 -0.012330041130993107 -0.009335315906023598 0.9998804038296994 0.7537325077302406
0.9999267044891977 -0.0015768439104805552 0.012004133148824443 91.31156227816551 0.0014901422506082096 0.999972766133203 0.0072281718285715215 0.22902534882903133 -0.012015203928593047 -0.007209754170038191 0.9999018223402545 0.7521395607639778
0.9999310142230168 -0.0020225061087319803 0.011570491085907627 92.68285926617229 0.0019528109505086166 0.9999799026229008 0.006031656462804209 0.23674651651539727 -0.011582457611426848 -0.006008645382601305 0.9999148678044275 0.7546060364375438
0.9999297680357673 -0.0021889240154762445 0.011647643864363838 94.0244208167305 0.002134903953922959 0.9999869178117222 0.004648267475018529 0.24543934715821014 -0.01165766619200024 -0.004623074417123563 0.9999213599088129 0.7675560979515222
0.9999346965861036 -0.002529450397698922 0.011144704749004334 95.37751711320693 0.0024802451261344734 0.9999871261092316 0.0044267369375369 0.2585821750065055 -0.01115575848479991 -0.004398806256866532 0.9999280971930649 0.7697066793966888
0.9999380024583607 -0.0025923438539504767 0.010829173233727713 96.74163037678424 0.002541827129809952 0.9999858368044956 0.004676035206761217 0.2853583793977998 -0.010841141749159157 -0.004648219417754879 0.9999304294308774 0.7759696495700915
0.9999467082902772 -0.00256618514834243 0.009999763658391201 98.0874598403729 0.0025055376818504615 0.9999784220327956 0.006072705305277975 0.28786336544453 -0.010015131569983595 -0.006047326895773917 0.9999315611465875 0.7852765452966073
0.9999456999792476 -0.002372758263329744 0.010147271122642028 99.42320701200254 0.002300385783124551 0.9999718785858998 0.007137945267043762 0.2944687042018576 -0.010163922385644375 -0.0071142150382395965 0.9999230383515164 0.7825652641109394
0.9999312487412276 -0.0021413277955436147 0.011528768628139098 100.78848523634136 0.0020541339432199562 0.999969239687727 0.007569690356459013 0.3071318465881666 -0.011544623187979915 -0.007545488295755899 0.9999048891178731 0.783510935793387
0.9999096797750413 -0.0022464888977521305 0.01325087090748017 102.09887626309819 0.0021326702153980823 0.9999607673600073 0.008597409990099742 0.32176630579930193 -0.013269665026924447 -0.008568373732382907 0.9998752416985108 0.7982727556446033
0.9999259517460035 -0.0016987684843404686 0.012050112467755156 103.45633838028701 0.001602845132669163 0.9999669897802577 0.007965565723199312 0.3314709646210473 -0.01206324634290519 -0.007945661422848358 0.9998956668334071 0.8028078165106527
0.9999555430945511 -0.002053082974179712 0.009203080179070684 104.7844044053671 0.0019741282675265724 0.9999612420204504 0.008580050961472775 0.3451165922920762 -0.009220339042823905 -0.008561501458228617 0.9999208398871963 0.7947976135016364
0.9999661626198156 -0.001792475784995747 0.008028738752791052 106.10731764624485 0.0017301136602879458 0.999968335165534 0.007767584759286197 0.34791073163399194 -0.008042407731696398 -0.007753431293976497 0.9999376000436461 0.7999184721759652
0.9999522203996359 -0.0020557471683596553 0.00955671603731118 107.46466925017036 0.0020027712300834124 0.9999825953308298 0.005549589427875875 0.3486872772892837 -0.00956795825858211 -0.005530184354777223 0.9999389337533389 0.8096171727046515
0.999930439753949 -0.0012562147856164123 0.011727641616565341 108.78482554156058 0.0012240051715990637 0.9999954607203047 0.002753243564535151 0.36503407816467504 -0.011731047046794047 -0.0027386973542460275 0.9999274384034013 0.8163066757948854
0.9999190423771975 -0.00023780422065123756 0.012722112270415975 110.14492048096426 0.00022605059045962284 0.99999954635661 0.0009253041147194463 0.3821860300031902 -0.012722326540337702 -0.0009223533633073281 0.9999186425263178 0.8269941109111644
0.9999309121047664 0.000397434714331245 0.011747896108570948 111.46147587389302 -0.0003978431724023167 0.999999920334496 3.24316440980599e-05 0.38578974089327317 -0.011747882283207679 -3.71032237209169e-05 0.999930990561454 0.8326095037124711
0.9999571397903012 0.0010064360016329395 0.009203568274016822 112.78973597097998 -0.001020017426759761 0.9999983977212848 0.0014710945965622402 0.39692838131411556 -0.009202072964771485 -0.0014804193451672153 0.9999565641625208 0.8381534684027452
0.999973411361157 0.0019330848839730754 0.00703134080822981 114.13930078697427 -0.0019661581304943423 0.999987022860312 0.004699822674889586 0.40271354164736384 -0.007022164405367766 -0.004713522440900237 0.9999642353170752 0.841832373997124
0.9999702289945522 0.0034876009734292703 0.006883150734442665 115.441376259655 -0.0035395452210834027 0.9999652423962582 0.007548881971553036 0.4113636371892947 -0.006856584004504652 -0.007573020457034829 0.9999478169469377 0.8424542832827889
0.9999481232654852 0.004645225097727548 0.009064913768230229 116.80123571096522 -0.004724186507628012 0.999950918411645 0.008708778878178527 0.408327376032481 -0.009024014609648707 -0.0087511514384854 0.9999209891330543 0.8511956011613419
0.9999183385605842 0.005855723428630121 0.011358992621196409 118.11625395931665 -0.005956068313681882 0.9999433618344389 0.00882033862633898 0.40860537065491037 -0.011306699805149017 -0.008887273280817072 0.999896582108944 0.8506989832651274
0.9999021849536012 0.006679838129488952 0.012288217428832817 119.47423685201666 -0.006774315906809933 0.9999476922038989 0.007662995503819473 0.39895818880249195 -0.012236387089708587 -0.007745490214353193 0.999895133607685 0.8552873265678835
0.9999005822324021 0.007876894593533176 0.011695306018479375 120.81663585164046 -0.007967113754261542 0.9999387104002114 0.007687687662030364 0.40091613686661287 -0.011634034112472276 -0.007780101202725139 0.9999020548411456 0.8551163110180868
0.9998964586559117 0.008869380651948743 0.011331639520285637 122.12516888732112 -0.008978200410536288 0.9999137209118634 0.009588672983288686 0.39432598032581434 -0.01124561624612489 -0.00968941788979305 0.9998898195782383 0.8609212154036587
0.9998837259417859 0.00986539725997872 0.01162792043636411 123.49901852469041 -0.009999408960633541 0.9998836006229748 0.011523759181507689 0.4047309881587244 -0.01151288049141532 -0.011638691599066687 0.9998659882407503 0.8689502526437056
0.9998864588670185 0.01090644561026931 0.0103980199328657 124.82697323339187 -0.01103980137839559 0.9998564235216615 0.012855159586615551 0.4056312818049807 -0.010256322922939291 -0.012968492072018863 0.9998633036837977 0.871458662306289
0.9998749133003296 0.012192253876779247 0.010075053253589815 126.17133227402682 -0.01232857847008929 0.9998317612620894 0.013581433078118285 0.4047581097120325 -0.00990776995924714 -0.013703945306104958 0.9998570087654944 0.8719292178670435
0.9998665882178911 0.012860682132275382 0.01007018473548435 127.5118560688945 -0.012993283212602773 0.9998282559073308 0.013214888598175068 0.3785434685673869 -0.009898502759069384 -0.013343970338608192 0.9998619695231593 0.8848407662769536
0.9998461027314389 0.013844027895499742 0.010775608770809587 128.86563305651907 -0.013982952103417313 0.9998186850929466 0.012925710405416475 0.379711988894807 -0.010594711096885128 -0.013074395995218263 0.9998583961072357 0.8936129657088724
0.9998200139860952 0.014569935943647208 0.012151403188200304 130.21105315514671 -0.014718811215671548 0.9998165861354992 0.01225359884904137 0.36281699454152916 -0.011970640302072769 -0.012430247582161172 0.9998510852701039 0.9001532123310445
0.9998120858413857 0.014743752677406382 0.01258629264259759 131.53383767563494 -0.014874018439202332 0.9998361201214495 0.010319712978410426 0.34156731550964764 -0.012432078706632415 -0.01050498250707614 0.9998675356073714 0.9009301444962389
0.9998080983616516 0.01489097456952429 0.01272891695423362 132.89344629438347 -0.014998213481655457 0.9998524766389866 0.008371293283797942 0.33867889772741006 -0.012602382426219408 -0.008560597832771548 0.9998839413261565 0.8986391154721957
0.9997961633411278 0.01487141370329168 0.01365550522047793 134.24596164443693 -0.014963046352219513 0.9998660474084764 0.006632833754271816 0.31768159493956416 -0.01355503641538015 -0.006835809697177476 0.9998847597066182 0.8995383293029312
0.9998140588974257 0.013870733373988402 0.01339590932795055 135.57266522000552 -0.013944255570761713 0.9998881348583649 0.005410684433354287 0.2883364234534426 -0.013319360631510402 -0.005596474347996761 0.9998956316072393 0.9071945553121771
0.9998316681255883 0.012725897154223117 0.013216919263719597 136.92006473064637 -0.012766817750288168 0.9999139513590803 0.0030163292263508017 0.29961012323215014 -0.01317739647026199 -0.003184559481458468 0.9999081031790744 0.9021063625638358
0.9998178613377788 0.011942629844167744 0.01488683117238249 138.25011037108868 -0.011975554449245862 0.9999260336086988 0.002124478102651672 0.2786660864076596 -0.014860358191610749 -0.002302369210333734 0.9998869280325833 0.9086453508794399
0.999830161012989 0.010839371180569114 0.014904937475560912 139.6071888273422 -0.010860243871892935 0.9999401543508463 0.0013201590240084777 0.26299531729431036 -0.014889735786223487 -0.0014818060654170544 0.9998880437423987 0.9163599301804635
0.9998406583151659 0.0098332593699678 0.014898489522724233 140.94343247375645 -0.00984086338595762 0.9999514819718048 0.0004371615379604213 0.2679347900846732 -0.014893467954600165 -0.0005837058799546681 0.9998889157800135 0.9162348947644081
0.9998558683885193 0.008430802156976903 0.01473648614935015 142.30595749869184 -0.008429959199232577 0.9999644601438238 -0.000119319614899813 0.2618832257273752 -0.014736968376818524 -4.925559807641545e-06 0.9998914049729598 0.9129807151434225
0.9998743557062377 0.007177523000164581 0.014133505036545821 143.64970897898283 -0.007181174143926664 0.9999741934873624 0.0002075986840354827 0.2473958634194639 -0.014131650255740015 -0.00030906776137694126 0.9999000954786276 0.9130176347372411
0.9999019741212849 0.0065278075212345625 0.012386681449159982 145.00184738095564 -0.006511130564334384 0.9999778415516263 -0.0013862122942047644 0.2518457922201979 -0.01239545590655871 0.0013054251093522402 0.9999223212520822 0.9165316038912973
0.9999281563939321 0.004967129342151351 0.010909155637839545 146.32708687058246 -0.00488189739940958 0.9999574621269317 -0.007825663834312631 0.24203876257440812 -0.010947562670014966 0.007771844231864775 0.9999098705927559 0.9177611189132986
0.9998933565362526 0.004116740247538097 0.014011709545973286 147.6691417211889 -0.003899244077772259 0.9998720392968006 -0.015514539248053084 0.2287957227522515 -0.014073785925911226 0.015458249648382626 0.9997814616542556 0.913329706527137
0.9998759436593773 0.002870917235887447 0.015487256874432807 149.01532536061202 -0.002518241895208842 0.9997381592107394 -0.02274360296170143 0.20791844891599431 -0.015548496680618253 0.022701780814442366 0.9996213650171879 0.9191343374280305
0.9999160271410741 0.0016545701654292382 0.012853056600609576 150.33882086692935 -0.0013195328493446274 0.9996602488914025 -0.026031627291409544 0.21090242032766493 -0.01289176091425459 0.0260124813108444 0.9995784878220332 0.9269003485677177
0.9999568963790959 0.0021432420803156192 0.009033930333536066 151.70724483627885 -0.0019100742967171314 0.9996668388087471 -0.025740299188385645 0.20636651045689905 -0.00908608827092491 0.025721934210159052 0.9996278432999058 0.9191098026152895
0.9999711712389406 0.002863159811861508 0.007032709784484873 153.05279643015953 -0.002701636376403426 0.9997347843021157 -0.022870553497718365 0.21903184088623728 -0.0070963266491010585 0.022850894343417836 0.9997136984035956 0.91390107800457
0.9999668472205892 0.0038980884466511346 0.007149081491839173 154.38212478294184 -0.003735492489869078 0.9997372094883095 -0.0226176493116818 0.21808050368912255 -0.00723536837852809 0.02259019413352115 0.9997186267012518 0.9281704302913657
0.9999354056462824 0.0043679530892028005 0.010493117783352619 155.73134919998176 -0.00409563244985773 0.9996578285108143 -0.02583508645000572 0.21184881680567008 -0.01060237378328361 0.025790441695599565 0.9996111457898543 0.9313623217069968
0.9998929397775396 0.0050209712679860664 0.013744047095227651 157.07627254364945 -0.004599830674502526 0.9995240715766629 -0.03050363743188958 0.20174058692746613 -0.013890663799677927 0.030437151416259828 0.9994401579248595 0.9456617070366254
0.9998770118665193 0.00534019653461091 0.014745963578282912 158.41066191166576 -0.004820668584303754 0.9993740942314118 -0.03504541244650471 0.19249532980462092 -0.014923883384716707 0.034970016873273745 0.9992769263945817 0.9346586996568762
0.9998727975397929 0.005055686429903512 0.015127087448372366 159.76398893201508 -0.004501946039448239 0.9993264807691626 -0.036418639669519665 0.17087836220975375 -0.015301020286442065 0.03634590579752973 0.9992221244097585 0.944140349451645
0.9998623046695594 0.005982516000835676 0.015478410873763723 161.11418339994117 -0.005439062307339877 0.9993754006298602 -0.03491740564708907 0.1680539727174242 -0.015677637006072585 0.03482840964221935 0.9992703305811194 0.9411554596727665
0.9998633328683963 0.007023224458226325 0.014966292243300918 162.47257914166224 -0.006558021619876091 0.9995006900094041 -0.030908947299414805 0.16375366455874507 -0.015175899898712942 0.03080657379414555 0.999410149574903 0.9405461368998377
0.9998906126644905 0.007791488580344268 0.012572009033252052 163.8161851221068 -0.00743875065929065 0.9995840354608811 -0.02786433276374833 0.1727170059225604 -0.012783884153836394 0.027767764718146844 0.9995326525674382 0.9278879460693396
0.9998906519744423 0.008711543244389023 0.011949607040643894 165.1773151996135 -0.00840137469085087 0.9996327105718934 -0.025765497433447065 0.16506886716672808 -0.012169675321412507 0.025662286901018325 0.9995965916476411 0.929980630057181
0.9998633036545096 0.009263809334160975 0.01369510283679426 166.52836222463816 -0.008949034002277952 0.9996983974020436 -0.022869827769614874 0.15994547784271068 -0.013902834082162214 0.022744143606785606 0.9996446444292482 0.9350049467195447
0.9998675908653839 0.008531762989052503 0.013856758544190526 167.85497657190788 -0.008216521545803403 0.9997096959039835 -0.022649783426164614 0.13491151283543512 -0.014045978454373042 0.022532930032808575 0.9996474266227047 0.933210954594565
0.9999003092799025 0.007832429278328544 0.011748385146709991 169.2499143801964 -0.007587257358758448 0.9997554917543067 -0.02076993579374851 0.15305069079829953 -0.011908191622887998 0.02067872720223495 0.9997152520660911 0.928297766965452
0.9999303567168917 0.0079246670769224 0.008745362642547749 170.60900910209782 -0.007765701710593798 0.9998066784270314 -0.01806376620887408 0.13715409995076377 -0.008886821308646198 0.017994594311256995 0.9997985892081472 0.9320165831550875
0.9999451104511564 0.0074535375262615635 0.007363481728716567 171.9591660375052 -0.007353897968561154 0.9998822700148486 -0.013467230399054331 0.12442441176148793 -0.007462993333276146 0.01341234089552721 0.9998821994826239 0.9127370564563431
0.9999315791636055 0.0077337768345557495 0.008776427932338212 173.33294834143513 -0.007658454637403957 0.9999338316601638 -0.008583727278405022 0.14489288061273695 -0.00884223184185211 0.008515926097406994 0.9999246441301257 0.926441548190524
0.9998988516307274 0.00907539387705315 0.010950969524600469 174.71405538018084 -0.009029726027831404 0.9999503583235211 -0.004212473919687854 0.16770825758750368 -0.01098865576013218 0.004113163580274001 0.9999311632957276 0.9424526444069162
0.9998710521779006 0.009202517688410038 0.013160269178568784 176.09072113958106 -0.00915446653997337 0.9999512264221733 -0.0037068206269095932 0.1560128953175257 -0.01319373938754268 0.0035858673966105894 0.9999065290295827 0.9427317384723016
0.9998529814346203 0.008548034012707841 0.014864273639113608 177.4704661091266 -0.008464601237035633 0.9999481172749881 -0.005666858398170334 0.1389109489421276 -0.014911942938424644 0.005540205115745147 0.9998734620366103 0.9412707435487692
0.9998651880422816 0.007113779018989709 0.014798644844767953 178.8805772684571 -0.0069772977649787404 0.9999328397364459 -0.009253827992019483 0.1444257876312691 -0.014863480651294905 0.009149325913751376 0.999847671787184 0.9299171910539148
0.9999311083362138 0.004726700249846826 0.010744155911901218 180.2195476128223 -0.0046205572804071775 0.999940490738229 -0.009882582284404523 0.11364862757101941 -0.010790228539267376 0.009832257469047883 0.9998934431633867 0.9258693589310886
0.9999761736974422 0.0028011673763131658 0.006309159908658544 181.63012026542964 -0.002745216055011703 0.9999569852677845 -0.008859537401878564 0.12654364836684162 -0.006333705568973936 0.008842006304785016 0.9999408497997627 0.9256164620428592
0.9999802136164399 0.0026344829492563416 0.005712431637194081 183.02707422759178 -0.002614856779969043 0.9999906628860057 -0.0034404454402437333 0.15657621692473941 -0.005721442094418868 0.0034254401756740075 0.9999777654827947 0.9343311306449832
0.9999721061316335 0.0025938030237157663 0.007004223335915648 184.36500713464267 -0.002594608062533771 0.9999966283965034 0.00010585191277219485 0.16741058549440718 -0.007003925161440342 -0.00012402217449202754 0.9999754645244218 0.9363489927314903
0.9999436971490379 0.0030372743610909618 0.010167472467082111 185.81302118573575 -0.003056050963162845 0.9999936526834128 0.0018317055976496052 0.15766519994685999 -0.010161844538466663 -0.001862674781428292 0.9999466322550592 0.9333444439866936
0.9999148104407736 0.0035133232608265917 0.012570935560130702 187.17246132239111 -0.0035490741773676984 0.9999897180048191 0.0028227570079710613 0.17102541091184692 -0.012560889047976087 -0.002867131721327562 0.9999169983663729 0.9472600441630932
0.9999027439995131 0.003785371407011717 0.01342287247779692 188.6164128904231 -0.0038011725750315543 0.9999921121156935 0.0011518652043606347 0.1720108666693423 -0.013418406362122437 -0.001202775833298506 0.9999092457323293 0.9334195081206533
0.9998934787868865 0.0034326945853517207 0.014186179448393997 190.0249588364489 -0.0034387516818308083 0.999994006431676 0.00040260103776712785 0.14793345923491114 -0.014184712416155819 -0.0004513409006531026 0.9998992900412833 0.9431086678372023
0.9998789703882488 0.003910969569864702 0.015058183567716047 191.3998421291164 -0.0038697994552563575 0.9999886972858546 -0.002762236904327896 0.1682470564883797 -0.015068816393849214 0.002703630441300302 0.9998828037099775 0.9386085688570005
0.9998771779411102 0.004589132207673528 0.01498562304683696 192.8450121245695 -0.004519895572230101 0.9999789700391618 -0.0046508089009803045 0.1664151673614043 -0.01500665107669037 0.004582504227799076 0.9998768929615609 0.9393771604690027
0.9998607249545055 0.004368782884591235 0.01610727877569914 194.2159530682703 -0.004245655082174151 0.9999615680240517 -0.007670520699589849 0.14474873927111437 -0.016140170580696913 0.007601066437476404 0.9998408466764294 0.9392049945713302
0.9998375822058012 0.005018512887456238 0.017309642897996635 195.66594024417927 -0.004806021673411485 0.9999128549605801 -0.012295716337686292 0.14056882698539558 -0.017369840659385127 0.012210528775633845 0.9997745704019917 0.9318141741793323
0.9998338348616844 0.004613985946744465 0.017635583332039715 197.07475784342347 -0.004336341546522871 0.9998665678698271 -0.015749368184288477 0.13564302695403463 -0.017705897542061293 0.015670277275645857 0.9997204327222358 0.9370322984503481
0.999888913322679 0.005659837067979084 0.0137886641396427 198.50555777940073 -0.005460800862231005 0.9998809716292233 -0.014429907405915564 0.1342862626369814 -0.013868693822238478 0.014353007286425018 0.9998008054175096 0.9266704962505771
0.9999461298229056 0.005800982744500716 0.0086073254493384 199.93568950545844 -0.00574333966220125 0.9999610166751749 -0.006706651882668745 0.1459144551886493 -0.008645895079019267 0.006656855800505455 0.9999404656123954 0.9369368002702049
0.999946098983953 0.006645079098662015 0.007977596790194007 201.35642500465147 -0.006662314221983733 0.9999755256373354 0.0021358126187411273 0.15304179651728814 -0.007963208899805518 -0.002188846752823453 0.9999658975454667 0.9399698961493743
0.999897907197261 0.007975892674321361 0.011855813704055073 202.79665130032785 -0.008092306488131824 0.9999191966936264 0.009803808406678698 0.16225246571300195 -0.01177666159145676 -0.009898748386560352 0.9998816555083606 0.9481800135006543
0.9998463294031759 0.008809824612670231 0.015156007696292864 204.2486705281733 -0.008991701783764463 0.9998878759425468 0.011974340989551597 0.15569737631168856 -0.015048816499244904 -0.01210877918686266 0.9998134378915778 0.944034857168032
0.9998499968080183 0.008259928469286198 0.015223582518183197 205.68705648159028 -0.00840409440347351 0.9999202163002061 0.00943038871979792 0.15107962757030283 -0.015144473588182685 -0.009556914556030204 0.9998396422946559 0.9305563772677703
0.9998529213357049 0.007087011791125343 0.015617616986245468 207.1260178889176 -0.007200865301918267 0.9999478206325109 0.007245933424725632 0.1399671178023926 -0.015565450053250699 -0.007357328058770856 0.9998517822599884 0.941786323802719
0.9998681074649356 0.005992738362695467 0.015094858773916 208.57049110309418 -0.0060737084153264015 0.9999673822185143 0.005323961413940442 0.13240264673690974 -0.015062461305304125 -0.005414940993936269 0.9998718921309161 0.9411501972478908
0.9998805461201001 0.005522197955023404 0.014436025087114793 210.04191413007695 -0.005596836963058124 0.9999711529109884 0.005135052276019533 0.1271571364203146 -0.01440725187463656 -0.005215234952908873 0.9998826093186173 0.9217974811680204
0.9998797312782747 0.005194584873072671 0.014612982819453767 211.5115320145759 -0.005292799394468271 0.999963611618453 0.006690419534625398 0.13154798636756762 -0.01457769712455032 -0.006766958473038344 0.9998708411687827 0.9267695463422364
0.9998652649403003 0.005436344040275415 0.015488645174414048 212.9667020223647 -0.005548005716781257 0.9999588655272373 0.007175436296637565 0.13786295610262844 -0.015448999916813387 -0.00726040060577261 0.999854296877607 0.9184367209344192
0.999866883478733 0.005160916697275972 0.015478380450471573 214.4240124032274 -0.005271285461983457 0.9999609137203086 0.0070982097196304154 0.1291518284140698 -0.015441142189101309 -0.0071788557924889335 0.999855007067228 0.9218966795721021
0.9998895881719091 0.004705491108467722 0.014095028160247242 215.858869622568 -0.004797930522543281 0.9999671579748187 0.006531679298991328 0.12761957743937757 -0.014063830492112704 -0.0065985850901655796 0.9998793263922887 0.9151887120363008
0.999888442418276 0.004430989275867687 0.01426425786331415 217.33921220236297 -0.0045258168347227165 0.9999678291411288 0.006622511967287715 0.12761292686592485 -0.014234454690381168 -0.00668633059424032 0.9998763289941671 0.9165255216112443
0.9998868154984024 0.003828708637832667 0.014549817271380862 218.832798308932 -0.003919938571377057 0.9999728051669622 0.006246839850135455 0.1151846683612981 -0.014525504261836067 -0.00630316719460903 0.9998746320460662 0.9146508015642556
0.9998942478990913 0.003726718306767984 0.014057189938697283 220.3288023398987 -0.0038141446536873306 0.9999735203086307 0.006197659407005669 0.11876715156241263 -0.014033720777874984 -0.006250620147353211 0.9998819852507106 0.9036235386056629
0.9998987392116127 0.003459814739578912 0.01380365911616372 221.79780860635125 -0.0035464632945283758 0.9999741316598739 0.00625768401101577 0.12139219130593193 -0.01378165161103778 -0.006306004523384992 0.9998851435969148 0.9090155935515112
0.9998977821246038 0.0031911610874011597 0.013937065444794257 223.283872851299 -0.0033014751689191663 0.999963349701242 0.007899336426588027 0.12343906147415631 -0.01391134659216108 -0.007944541848695051 0.9998716711112516 0.9074042112559046
0.9999028348822078 0.0028408846089866898 0.013647350261598563 224.78648985640788 -0.002940386450797357 0.9999692035652168 0.007276403552990984 0.12179522649267228 -0.0136262585490038 -0.007315825024181143 0.9998803947383763 0.9002041633468201
