1.0 8.809142651444726e-20 8.673617379884037e-19 -5.551115123125783e-17 -8.809142651444726e-20 1.0 1.7347234759768075e-18 0.0 -8.673617379884037e-19 -1.7347234759768075e-18 1.0 -5.204170427930421e-18
0.9999993011580781 -0.0003480319849955573 0.0011298482609536818 1.3160940844717768 0.0003481171165631284 0.9999999365833229 -7.515200288644408e-05 -0.058402083065748844 -0.0011298220340017183 7.554526988583102e-05 0.9999993588973364 0.018140396604628333
0.9999976844684006 0.0012037922336848642 0.001783799903291163 2.5652097675998258 -0.0012028053760217308 0.9999991230587825 -0.0005542029350592417 -0.11574037075546209 -0.001784465484192614 0.0005520560876714074 0.9999982554569841 0.031373844761168695
0.9999980809181707 0.000331312922298241 0.0019309043796530221 3.8959537602144017 -0.0003304698165386598 0.9999998499363579 -0.00043694045602045466 -0.111412337337189 -0.0019310488539138328 0.0004363015118798674 0.9999980403437371 0.047079866889944505
0.9999977395652275 0.0006939604905530325 0.0020097968237690945 5.220097427888635 -0.0006923431654456499 0.9999994360725089 -0.0008053046663267354 -0.09393369216246884 -0.0020103545400107026 0.0008039113768931943 0.9999976560978139 0.046029819307133055
0.9999970446917539 0.00046137232231707157 0.0023869946247495454 6.551231326880439 -0.0004587026988037659 0.9999992689050756 -0.0011188302589877261 -0.09840960341284788 -0.0023875090769447586 0.001117732031623033 0.9999965252317194 0.049415931859069485
0.9999949474751731 0.0005891710109757248 0.0031237640188543185 7.892980091317426 -0.0005820694623479391 0.9999972454726805 -0.0022738166576214782 -0.09112050244482783 -0.0031250950812199336 0.0022719869214634075 0.9999925359002246 0.062312729931530184
0.9999949739139204 0.0004825555597050728 0.0031335741621233712 9.223590997200814 -0.0004749504542927514 0.9999969413973332 -0.0024272655488429148 -0.0873747044756517 -0.003134735868250557 0.0024257650567254675 0.9999921445166087 0.06013331249046634
0.9999961429484724 -1.7753094610495285e-05 0.0027773679997356014 10.54017109697755 2.5134037334722526e-05 0.9999964684740501 -0.002657519088996165 -0.09249061659780526 -0.0027773110122006218 0.002657578645279101 0.9999926118823507 0.050471681411523715
0.999997894377289 -7.060814112462369e-05 0.002050915765848397 11.870613283378225 7.371239922785188e-05 0.9999988518507227 -0.0015135599487326485 -0.07184961781794172 -0.002050806541436482 0.0015137079396681612 0.9999967514351249 0.04938614403740587
0.9999981939753798 0.000173972180637229 0.0018925590239121381 13.192968748645686 -0.00017343416349203976 0.9999999445070524 -0.0002844406491569149 -0.06766182708513968 -0.0018926084036484552 0.000284111901058928 0.9999981686552522 0.06607170397602885
0.9999981887103219 0.00026659495919128514 0.001884543234593434 14.52912458912292 -0.00026707172754858834 0.9999999323971638 0.0002527416866177145 -0.0561245288126824 -0.0018844757275333366 -0.0002532445370466092 0.9999981923075846 0.06354889668378458
0.9999973235054408 0.0006661229453970981 0.0022156854868033834 15.889649274712463 -0.0006663718672557849 0.9999997717459607 0.00011160896469080945 -0.043790888524513384 -0.002215610635771929 -0.00011308513644511543 0.9999975391376034 0.07550923589089609
0.9999879921115005 0.0009711620752673836 0.004803381832984546 17.21552727453252 -0.0009673232343761516 0.9999992109782202 -0.0008014541143302178 -0.04462058087055096 -0.004804156384852567 0.000796798067707949 0.9999881425268348 0.08609058236595532
0.9999778191379383 0.0010507585122805933 0.006577015940508109 18.572204902309327 -0.0010113051880466836 0.9999814937371162 -0.005999120360727651 -0.049064437200570125 -0.0065831978513073534 0.005992335924723936 0.9999603759230742 0.11380657757324401
0.9999817185650806 0.0012377658040073217 0.005918654529728849 19.909449346497347 -0.0011946903790176044 0.9999728165287609 -0.0072759135808132475 -0.045410735329486876 -0.005927499517176909 0.007268709607049246 0.999956014337692 0.12696867645682072
0.9999913821655556 0.0008313783486811993 0.004067481366051423 21.31380000084511 -0.0007995933827638651 0.999969183323207 -0.007809805012998296 -0.04913617066958593 -0.004073848922588031 0.007806485378206841 0.9999612305189617 0.11023497216968389
0.9999949210905515 0.0013511079712903236 0.002886572422706237 22.645797480338622 -0.0013347130699183467 0.9999830113692962 -0.005674109076770684 -0.041262296366193274 -0.0028941897177969435 0.00567022751254463 0.9999797358875996 0.15664812526811722
0.9999896796349047 0.0021125829491557423 0.004022140843345632 24.003442435366324 -0.0020935211300732674 0.9999865863116201 -0.004737548533895875 -0.029616095925407312 -0.004032095355855244 0.004729079203821674 0.9999806888220019 0.14157875552898158
0.999959350504463 0.0028848341667090825 0.008542544733450352 25.37799508885036 -0.0028460010177436264 0.9999855781864527 -0.004554524927251164 -0.031672069737853296 -0.008555560583586249 0.00453002769710494 0.9999531395181296 0.13810056451287694
0.9999459730559282 0.003114766123627324 0.009917116578318619 26.757553819461613 -0.0030650955199057824 0.9999827030548808 -0.005019838693427034 -0.036216394219732044 -0.009932580666005782 0.004989170577288107 0.9999382241010011 0.15714423259609583
0.999957649157652 0.003113506848698265 0.008660598490027122 28.128757201749412 -0.003021239390576336 0.9999387605945924 -0.01064646293822362 -0.04343725294368936 -0.008693215955397692 0.010619846310246123 0.9999058189953189 0.16736021134104942
0.9999722354748155 0.0030344483215142865 0.006805909409049823 29.476691021772332 -0.002967397920167496 0.9999471796667989 -0.009840346843377066 -0.03288279651690846 -0.006835409942609105 0.009819877789394046 0.999928421023784 0.17323392655598244
0.9999806443791707 0.0035371745688301125 0.0051185215725258765 30.890136627026134 -0.0034868022031373813 0.9999457340762823 -0.0098168789867886 -0.04183642035744826 -0.005152967825922025 0.009798841702705315 0.9999387129338829 0.2049305918744905
0.9999846750542958 0.0042264748428407104 0.003575830946406045 32.257240634234805 -0.0041960524263595245 0.9999553002234558 -0.008472939221637176 -0.022453318079523117 -0.003611481772026949 0.008457805000184731 0.9999577104727925 0.16945979911223852
0.9999876500243063 0.004660959597156387 0.0017248926051118127 33.64127171397256 -0.004648084908846672 0.9999618593191566 -0.007394268973699772 -0.028803784146588893 -0.0017592912054703938 0.0073861602073704725 0.9999711743504636 0.20394755434765263
0.9999850622547372 0.004999710324386274 0.002208656619303798 35.03561221247126 -0.004983815068260307 0.9999620573139392 -0.007144614743976794 -0.01976024905465828 -0.0022442938210382986 0.007133500483401847 0.999972037767106 0.2003429395319874
0.9999835971334573 0.004568961916661646 0.0034539905957441954 36.42419742233083 -0.004544785102921455 0.9999653436566053 -0.006975414976590877 -0.018182326703520192 -0.0034857412984409817 0.006959602914784767 0.9999697063085806 0.2317982876936312
0.9999814976420586 0.0043219652320131705 0.004280769799785215 37.83181808940251 -0.004293722207059907 0.9999691003043085 -0.006585012239946933 -0.007479233403821291 -0.004309097719254509 0.0065665099653407725 0.9999691558361792 0.2078747340779635
0.9999830360922769 0.003620830056072731 0.004562577931079232 39.23472182552732 -0.0035955654089557527 0.999978226176174 -0.00553345126864964 -0.02125251276093617 -0.004582514272978508 0.005516952352308275 0.9999742815691214 0.19814424255801483
0.9999759882697922 0.0044305705205311356 0.0053285015449917195 40.62012103051723 -0.004418880078077112 0.9999878084814612 -0.002203721239168496 0.0005372072782016924 -0.005338200324824079 0.002180122314685481 0.9999833752038005 0.24259390083654486
0.9999770315254378 0.004185131714019042 0.005331143790009892 42.047150847400616 -0.004191622849655855 0.9999904866827268 0.0012069970710414202 0.0015523950402032511 -0.005326041631426844 -0.0012293154922849037 0.9999850609203923 0.2469977050887044
0.9999777623323125 0.003918149052344524 0.005396568248866806 43.44323784186396 -0.003921953162048287 0.9999920679377823 0.0006945105559458906 0.004388618117020055 -0.005393804247075072 -0.0007156601995587946 0.9999851972435506 0.23803490662735236
0.9999791515371134 0.003537704851214423 0.005401956636310696 44.87367242229699 -0.0035421452185478153 0.999993396384724 0.0008126464145516866 0.008656389733404006 -0.00539904606070425 -0.0008317639869931833 0.9999850791238359 0.25077602279816674
0.9999858131456533 0.0025388979300932685 0.004682681360840176 46.284179153738364 -0.00254184677235859 0.9999965748823403 0.0006238898730025998 -0.003661072147510763 -0.00468108132939838 -0.0006357836804708784 0.9999888415660942 0.2686165712454114
0.9999857088784992 0.0014340413492182262 0.005150297484029373 47.70540904699922 -0.0014341686874218245 0.9999989713584012 2.1031297620366024e-05 -0.006918440385119646 -0.005150262026468719 -2.8417392442038744e-05 0.9999867369088005 0.2809506274253369
0.9999841279590951 0.0002879816798422335 0.005626801617271724 49.10642430624654 -0.000289844632682768 0.9999999034549379 0.00033027292310666776 -0.012129812290697869 -0.00562670596148061 -0.00033189857924925936 0.9999841148855096 0.29050754121620304
0.9999832648460774 -0.0005477671126915504 0.005759338414289569 50.53271914559839 0.0005421328709403866 0.9999993730466539 0.0009797950038463697 0.00146627300676548 -0.005759871502933364 -0.0009766562801569116 0.9999829348657807 0.301623756911277
0.999981978167811 -0.0016328136678716281 0.005777305524021863 51.9836856691613 0.0016277714027462505 0.9999982902935027 0.0008773655634494909 0.01054856729082856 -0.0057787282210087915 -0.0008679456189976071 0.9999829263395202 0.2996408849467675
0.9999735758010182 -0.0026001433673590595 0.006788737304879602 53.39651548822364 0.0025880427841888974 0.9999950478331524 0.0017906266273029535 0.024609281597658867 -0.006793359571868183 -0.0017730097688330039 0.9999753530473073 0.3161277623226886
0.999966061614049 -0.0034759278528357107 0.007469507724727394 54.85128699398074 0.0034687001249969055 0.9999935034776317 0.0009803682851959148 0.030983799138106137 -0.00747286688833193 -0.0009544255307002504 0.9999716222635398 0.32826836918479885
0.9999575753937567 -0.0037212170501838577 0.00842614718034131 56.239131532384434 0.0037459950042445923 0.9999887008154493 -0.0029267324541197063 0.040931334414613316 -0.008415160965039671 0.0029581725938903486 0.9999602163490492 0.3273142675665635
0.9999539632079735 -0.004405297631388828 0.008524366102277128 57.6792699013397 0.004429316078422766 0.9999862682503938 -0.0028007980521217463 0.049333870319120315 -0.008511910698791252 0.0028384262241994904 0.999959744546162 0.3525161555106269
0.9999505185530516 -0.003898991356398841 0.00915195672443423 59.115465852016065 0.003926158290213734 0.9999879344063511 -0.002952341917762124 0.0798864540734 -0.009140335145024813 0.0029881278623774617 0.9999537616136632 0.36881822215544835
0.9999491890451291 -0.003713827649464715 0.009371596031560946 60.5277970200749 0.003741566658019016 0.9999886663904816 -0.0029441075948187564 0.07671828412498145 -0.009360555909362321 0.0029790224531447327 0.9999517515451889 0.37520719885016024
0.9999355830533443 -0.0032720757091830284 0.010868452710568046 61.979432436389715 0.003337018338352006 0.9999766556829098 -0.0059625831510102595 0.08517843362183261 -0.010848688970469287 0.005998467285614167 0.9999231592166696 0.38811768369338445
0.9999452793342577 -0.002938902522639198 0.01003997953663015 63.39313777429571 0.0030170297123835827 0.9999652201616633 -0.007775345571150951 0.0872797977489463 -0.010016779365051513 0.0078052110156386564 0.9999193681553294 0.3871018013308054
0.9999578805050054 -0.002378174091727155 0.008864620912735391 64.79527414859481 0.0024541867248136754 0.999960232329699 -0.008573839668096331 0.10129308350148485 -0.0088438783040483 0.008595233977263889 0.9999239509929839 0.3843259045803012
0.9999617636478227 -0.0017659209075072692 0.00856462291547791 66.2512175802805 0.001846485487257645 0.9999540398731427 -0.00940790267418655 0.10573179838609763 -0.008547615672294088 0.009423357402223914 0.9999190660256403 0.3818559585759082
0.9999638716970917 -0.0012513479594859545 0.008407700568321809 67.622378692552 0.0013157210911298326 0.9999698322868897 -0.007655285372852511 0.10735495675834794 -0.008397867501492547 0.0076660709893493564 0.9999353514987924 0.3903507152623652
0.9999531874023583 -0.0004780581710512141 0.009664081138383905 69.0880290207418 0.0005274881721940619 0.9999867898420928 -0.0051129147787218904 0.13170735765588712 -0.00966150920365818 0.005117773118395199 0.9999402300328837 0.4020800896528774
0.9999446914785093 0.0002720136650268386 0.010513800098675951 70.43849421378951 -0.0002493392965958597 0.9999976406894767 -0.0021578798380404735 0.13983058278661575 -0.010514362266160171 0.0021551389853759232 0.9999424001221718 0.4057249354007087
0.9999321679355089 0.0013460045551662218 0.011569260976005222 71.88191856755962 -0.001363806611807443 0.9999978980545582 0.0015309859539040906 0.16182261875282122 -0.011567175943981997 -0.0015466603385789319 0.9999319018225581 0.4195115145083069
0.9999333727914441 0.0019356361017709874 0.011379951265641584 73.25046674497729 -0.0019976724203727026 0.9999831939335737 0.005442532067833787 0.17165700658146124 -0.011369225251869144 -0.005464902861903189 0.9999204346116156 0.4179600038912544
0.9999376713874102 0.002353576340815178 0.010913936903411286 74.64722937479391 -0.0024407019055262716 0.9999652083819872 0.007976528052803744 0.17486202489820787 -0.0108947838221806 -0.008002668553473879 0.9999086263161705 0.4184045863074742
0.9999342122552751 0.0031967184125381424 0.011015995316516647 76.09898409532514 -0.0032940442459312505 0.9999556053874062 0.008828166673312593 0.1855142659785004 -0.010987285102718701 -0.008863873064122677 0.9999003506951953 0.4169784491656379
0.9999293163263747 0.003542709837292836 0.011349517966751682 77.46878755676143 -0.0036495118667404323 0.999949127073484 0.009403421085528392 0.18911934849495224 -0.01131562699117426 -0.009444176617682865 0.9998913761573357 0.41904747178176616
0.9999225379221045 0.0036856068972346574 0.011888416934830046 78.88183731518531 -0.0037910731266915993 0.9999535537815806 0.008861040804299286 0.18907807497627827 -0.011855206449715428 -0.008905424267626808 0.9998900677067695 0.4433915446212632
0.9999407540483644 0.0029972582562301582 0.010464455845098053 80.2526014781088 -0.003084390941328745 0.9999606283638761 0.008320351834087091 0.17617949662297536 -0.01043910559912083 -0.008352135359739294 0.9999106294610649 0.43148598758813533
0.999939860353045 0.00285215267980883 0.010589660156205292 81.65770215850527 -0.002937214027054025 0.9999634802227669 0.008025646050716413 0.18552185797295462 -0.010566383056284665 -0.00805626748954888 0.9999117201549569 0.45412805138808465
0.9999365151116391 0.002569345416329304 0.010971062415400537 83.02684456053002 -0.002662424316747785 0.999960517767823 0.008477877226335787 0.19737742881306766 -0.010948846658375337 -0.008506548632601854 0.9999038760737017 0.44927434780663966
0.9999474904475251 0.0024030692036815142 0.009962008135865173 84.40287440776186 -0.0024828178693406255 0.9999649119335591 0.00800065729407018 0.20699338362778935 -0.009942432455109226 -0.008024971034950406 0.999918370606703 0.4441837009346825
0.9999480176725901 0.001499855016529884 0.010085255950477136 85.79251140108117 -0.0015823518022590121 0.9999653162905039 0.00817694189818192 0.20838417443259188 -0.010072641929063696 -0.00819247526464044 0.9999157090643226 0.4422396036386176
0.999938932458381 0.00036088770559212954 0.01104541144807492 87.15910574743232 -0.0004472237441487319 0.9999693624886762 0.007814990397501647 0.21257273673323718 -0.011042252710202828 -0.007819452925513767 0.9999084582155656 0.45693952191382425
0.9999283191484298 -0.0007505986725922329 0.011949609475987576 88.54354601338568 0.0006679361579047776 0.9999758328852637 0.006920079964284593 0.21941434240282381 -0.01195451489123974 -0.006911602350817966 0.9999046551180064 0.4582926841587152
0.9999200682059669 -0.0018128070169759639 0.01251283060277443 89.90838889213049 0.0017400457956279636 0.9999815301391898 0.005823368536668981 0.21576411819218344 -0.012523156135880564 -0.005801130166092767 0.9999047541887139 0.4712847118138611
0.9999112449835592 -0.0026861397313261808 0.013049398789695266 91.27405082788549 0.002626171654311238 0.999985923475603 0.004610430900414001 0.2256315313428052 -0.013061599361134973 -0.004575751740336334 0.9999042239725463 0.4758244755499914
0.9999149537367719 -0.002932384794746988 0.012707730442727761 92.65310590347525 0.002883439658815011 0.9999883612768073 0.0038682149190072687 0.23199987691478985 -0.012718925635582039 -0.003831243967850952 0.9999117713580211 0.4881419598265411
0.9999152550590024 -0.0032181819100320524 0.012614515665863116 93.99832545991679 0.0031752321883559984 0.9999890992760619 0.0034233360338033958 0.24279079485467764 -0.012625395076606177 -0.0033829919072104263 0.9999145737336342 0.49348238985213183
0.999920388863476 -0.0036050243886629908 0.01209213522386099 95.38220690493795 0.0035752173305385318 0.9999905194953966 0.002485707216525361 0.2517240409224686 -0.012100981619455983 -0.0024422773151332247 0.9999237978592976 0.48566014757316295
0.9999263649916876 -0.0032843861165165146 0.01168235431528883 96.74421682830842 0.003258110743300168 0.999992121612055 0.002267471765118241 0.2612250890612804 -0.01168970952995437 -0.0022292423957142866 0.999929188077559 0.48799890377837196
0.9999343233664781 -0.003119025239574763 0.011028174607719212 98.0757986598098 0.003078289961973086 0.999988384424139 0.0037087932957165725 0.2689285011456023 -0.011039614329018154 -0.003674601795464653 0.9999323098175752 0.49620886768506284
0.9999304549516586 -0.002853242650836161 0.011443088155929603 99.41643242684219 0.0027889224387538476 0.9999802459630119 0.005632902926984391 0.2914537965243915 -0.011458934147622205 -0.0056005973011513215 0.9999186597609182 0.49281338448805473
0.999919463673962 -0.002694190499823079 0.012401915316864399 100.78005649360644 0.0026232171766927812 0.9999801112720473 0.0057354853314857705 0.2949745605829343 -0.012417121148636533 -0.00570249049928604 0.9999066439945709 0.49561688630317313
0.9998980641058871 -0.0028230547862642457 0.01399613371517162 102.08128094430225 0.002739017804144857 0.9999781294324148 0.006019837067319191 0.31453623224280763 -0.0140128219416287 -0.005980887770410272 0.9998839281650195 0.5018141704833147
0.999913839139342 -0.002585638286221751 0.012869684233694674 103.46706911275483 0.002508483543621449 0.999978807824513 0.0060076128518083615 0.31620549158544853 -0.012884945010886363 -0.0059748118396027216 0.9998991348208817 0.5027227848299182
0.9999421694529145 -0.002186132201384532 0.010529889638400614 104.7700850263818 0.0021235393984461066 0.9999800330383539 0.005951815272329475 0.3188209946050552 -0.010542690843521598 -0.005929110440087691 0.9999268459838285 0.5030759490684623
0.9999543922215459 -0.0025540442716901015 0.00920273517477282 106.06895739194789 0.002510448837378803 0.9999855880393054 0.004745667531513644 0.33219440170400105 -0.009214723190289405 -0.004722348096340037 0.9999463927156211 0.5035697251459063
0.9999438309538058 -0.0019905766362478647 0.010410213354293079 107.43570543636338 0.001951742005859516 0.9999911042592751 0.0037392653634262855 0.3410629859750874 -0.010417564042003358 -0.003718737281763821 0.9999388208047829 0.5117316939265687
0.9999210211860968 -0.0016352516873790908 0.012461032945628663 108.76637863391024 0.001636209536943677 0.9999986591856227 -6.667314408522108e-05 0.3464511949645969 -0.012460907210325164 8.705673926518902e-05 0.9999223560920216 0.5127128828248579
0.9999045932621471 -0.000987499319775258 0.013777852457966292 110.1151642821093 0.0010062523052662552 0.9999985767570451 -0.001354230476009822 0.36067687514888036 -0.013776495547060971 0.001367965269095252 0.9999041638284463 0.5315071990712712
0.9999175137842541 -0.00016907358884055254 0.012842781693918054 111.42347371589686 0.00018597598800332104 0.999999118201099 -0.0013149182317877884 0.35816860225166913 -0.01284254805122279 0.0013171982181730702 0.999916663501717 0.5164966965572212
0.9999505028230713 0.0011137971485785407 0.009886928734376084 112.76757182060237 -0.0011145580005063156 0.9999993763277892 7.144575596064931e-05 0.3609329179293968 -0.009886842992094115 -8.246177511876036e-05 0.9999511205732534 0.5297629336566887
0.9999617240133704 0.0019813779970903186 0.00852200970667167 114.11419748283338 -0.002007788549373002 0.9999932051855295 0.003091661028063868 0.36039737479474215 -0.00851582605206133 -0.003108653085194396 0.9999589076470328 0.5377564307452951
0.9999649160707195 0.003234457030767874 0.00772689558586562 115.4091345948396 -0.0032812255656771263 0.999976329136093 0.006047704216583667 0.3736318562712637 -0.0077071516441484505 -0.006072845726696283 0.9999518590203799 0.5330597814538515
0.9999387624437217 0.004909303650063407 0.009918170203710306 116.78248496672936 -0.00497157967170145 0.9999680216136173 0.0062641157170155275 0.3806885908098364 -0.009887100590477357 -0.006313041091242014 0.9999311930098461 0.551806909025401
0.9999127422430938 0.005117755119392271 0.012178525462227719 118.07522634232043 -0.005202213727730844 0.9999625695451133 0.006913499914336999 0.3892213896899964 -0.012142688014900302 -0.006976251950185224 0.9999019387102419 0.5401468515526062
0.9998986576499264 0.006119463136021098 0.012854049976651658 119.44625199920056 -0.006209554727950058 0.9999563551556717 0.006980631337115452 0.38551650730754294 -0.012810771247507808 -0.007059741830336574 0.999893016369918 0.5455546326140608
0.9998985196033349 0.007142009375260084 0.012326483567628692 120.76950592556614 -0.0072254754750402 0.9999511807003302 0.006740083098551869 0.3825959259571238 -0.012277744060653637 -0.006828463816956859 0.9999013096714504 0.5515458195437356
0.9998885030152237 0.008485447114289665 0.012287340039475372 122.0912205034662 -0.008590855470682175 0.9999265327197044 0.008551395525385218 0.381710058318548 -0.012213874907536577 -0.008656000832966767 0.9998879411760714 0.5505476928712085
0.9998839926982553 0.009648905114180007 0.011785574907180928 123.44249838603655 -0.009768382678019676 0.9999010522819191 0.01012246735567584 0.3773491334048873 -0.011686738024401289 -0.010236419081324721 0.9998793106564116 0.5416006782012559
0.9998750887256673 0.01083266825742463 0.011509137424822803 124.78713102108998 -0.010965075572995529 0.9998736998725402 0.011504408758209145 0.3768192936368696 -0.011383060375723605 -0.011629170289493888 0.9998675854006173 0.5427779904594819
0.9998724459618992 0.011929656062082796 0.010619562722137208 126.12357790264775 -0.012060857743653038 0.9998506539583598 0.012377620511537128 0.36772848466822794 -0.010470315976911088 -0.0125041227313503 0.9998670008546451 0.5488352806909242
0.9998661229026606 0.012832795791174786 0.010151631582332062 127.46041558953934 -0.012949811790726752 0.9998494812130018 0.011546310782063314 0.35640838928790186 -0.010001932122652579 -0.011676226713850832 0.9998818065569254 0.5512856440464657
0.9998458731145027 0.013788708046476325 0.010867453533686015 128.76231650525295 -0.013913182108022075 0.9998375017893605 0.011462695112386125 0.3514240889805295 -0.01070763183560212 -0.011612129262953689 0.9998752447552913 0.5450281888799247
0.999827387952583 0.014579161233777962 0.011517046393694495 130.13326260253436 -0.014714157271128438 0.999822993891983 0.011724950348377741 0.3402845052149689 -0.01134406786454946 -0.011892390112627948 0.9998649324692278 0.5648666714616022
0.9998201591354179 0.014978986151523654 0.011630965579011079 131.4588199351195 -0.015089283862264036 0.9998414553491735 0.009453976823061403 0.3177128782822566 -0.011487510563725115 -0.009627779552909724 0.9998876651714076 0.5501154015753025
0.9998161304610168 0.015006942067718338 0.011937209042955874 132.81210577802386 -0.015114793108432476 0.9998452906614909 0.008996542187319769 0.3023322967295167 -0.0118003516578263 -0.009175316442231731 0.9998882763933862 0.5681777750146806
0.9998090018121174 0.014846544721940297 0.012709838916238267 134.13549691338721 -0.014953299082172163 0.9998533614260053 0.008345926651796922 0.2942096715265961 -0.012584066990301951 -0.008534386617530969 0.9998843960693886 0.5674811434364432
0.9998171701123753 0.014242187275436809 0.012758779333973614 135.46910422923412 -0.014327945688947246 0.9998751992454029 0.006655516982193521 0.2664746568707821 -0.012662397909409746 -0.006837107252126018 0.9998964534608604 0.5742697532063712
0.9998392313108934 0.013170128058293084 0.012167960329076544 136.80857372937322 -0.013256197615730487 0.9998874894642754 0.007020088147679435 0.25510849366301713 -0.0120741358454558 -0.007180260424013127 0.9999013246835053 0.5740911873534382
0.9998322203314092 0.01228504377089447 0.013587085291246736 138.158828723057 -0.01236249475705625 0.999907725389277 0.005631112698574889 0.2488073053614578 -0.013516653082259793 -0.005798138183029237 0.9998918349916976 0.5941782168629787
0.999844823372045 0.01110999971643469 0.013671030774043174 139.49822639941502 -0.011178786502632359 0.9999251865546533 0.004965483457841067 0.22386816155353928 -0.013614841477320954 -0.005117538465155859 0.999894217850871 0.6004329937603107
0.9998574310390602 0.009874563586615835 0.01369710151618947 140.86908724470715 -0.009928262665936301 0.9999432710038816 0.003858027280090103 0.22523394473437228 -0.013658228157674578 -0.003993465666764226 0.9998987473917352 0.596550721077136
0.9998794208338985 0.0085634578561366 0.01295418783304483 142.20141341892227 -0.008628417833387443 0.9999504382234767 0.004967041611370855 0.21772006155398832 -0.012911010748973759 -0.005078216834951059 0.9999037541259744 0.5846609587985145
0.9998890625215641 0.0076354860023388395 0.012789136141889852 143.54292820282927 -0.0076980283174794785 0.9999586167997212 0.0048482004920988855 0.2077501339292975 -0.012751588519513546 -0.004946113777137709 0.9999064620996969 0.5931643987958857
0.9999172575090132 0.007073697272897413 0.010744344677326831 144.90011253629723 -0.007101469029427444 0.9999715358961209 0.0025488301584966635 0.1933812759475807 -0.010726009196242588 -0.0026249198929077775 0.9999390294024321 0.5895920946894747
0.9999381736098648 0.0056834915858515545 0.00955755623376971 146.20555171568412 -0.005678579739076692 0.9999837304030261 -0.0005409818804362355 0.19494941875772656 -0.009560475402147288 0.00048667508829526866 0.9999541791789479 0.6169934742408854
0.9999072316923681 0.005056976153030654 0.012647331793411449 147.60901293925085 -0.004947010443661317 0.9999498215404923 -0.008710998152218851 0.18519830853625813 -0.012690748479710037 0.008647623565196029 0.9998820748016735 0.6223525097652035
0.999894888998911 0.003584814779685679 0.014048489486441138 148.93534802445072 -0.0033619998651444514 0.999868695843925 -0.015852067003240294 0.1698087690795498 -0.014103471585466779 0.015803169756849356 0.9997756507911533 0.6229886439752698
0.9999304654309197 0.0026664746437850017 0.011487132630828206 150.22392611910118 -0.0024766862311165505 0.9998607242373072 -0.01650448887303355 0.12629472788912316 -0.011529541552758472 0.01647489121729009 0.9997978033737429 0.637847573945735
0.9999648147361322 0.0022751079601474205 0.008074228972638828 151.64104386481387 -0.002139583712856558 0.9998573539830594 -0.016753920959902066 0.16008531814498642 -0.00811119419497557 0.01673605597996854 0.9998270415221658 0.634109009109258
0.999978128232814 0.003491657596396116 0.005617061796633327 152.94690756491894 -0.003417847175724534 0.999908392397538 -0.01309676042594988 0.14965043758073657 -0.005662276634098703 0.01307727571785746 0.9998984565860266 0.6435153854818277
0.9999720091932764 0.004436216308773012 0.006025015752969704 154.3159754593956 -0.004352947747118641 0.9998957970557797 -0.013763970215677978 0.1563542184202451 -0.006085447877733526 0.013737358372299677 0.9998871197835676 0.647382576473236
0.9999612414282907 0.004748760496048968 0.007413832675687229 155.63434051212081 -0.004629702738856644 0.9998613649548179 -0.015994271575734027 0.15274577263977696 -0.007488757823681186 0.015959327819168166 0.9998445971058795 0.6195573047257543
0.9999348199317053 0.005066052887519099 0.010231861819294707 156.97006846289793 -0.004786415527841734 0.9996193122530811 -0.0271720591246217 0.14237160526218626 -0.010365621763460064 0.027121314105661643 0.9995784052322454 0.6098453661544863
0.9999215221674788 0.005189965911527616 0.011402357655733907 158.31129971217732 -0.004858262481291882 0.9995696814293993 -0.02892834687278009 0.126193123769669 -0.01154758814363259 0.02887068099242197 0.999516451584014 0.6241850096568815
0.9999219800883925 0.004970634687699401 0.011459778658843957 159.6494168857605 -0.004621140243864515 0.9995294140577946 -0.030324832994237275 0.1154013025762871 -0.011605119514886167 0.03026950980910139 0.9994744008612537 0.6242132876471844
0.9999179876111743 0.006162939092429999 0.011226586006547 161.0348579609263 -0.005832482835383996 0.9995555849959663 -0.029233792900450976 0.11925276455120908 -0.011401762828367808 0.02916591649707763 0.999509554291149 0.6176518835984884
0.9999171329099651 0.007187007988691503 0.01068055379114591 162.37031242464104 -0.006890261738843065 0.9995962505167276 -0.027565562683713508 0.1190709695579388 -0.010874355442292299 0.02748968659461195 0.9995629372503988 0.6164658308696022
0.9999189094942262 0.008230271660309372 0.009717873444065602 163.705885367332 -0.007983761075434389 0.9996520923668863 -0.025138691008013896 0.11557690492260962 -0.00992139077789731 0.025059067319106842 0.9996367385956405 0.6312127496875283
0.9999207158635107 0.008826105396795108 0.008981194270744645 165.06314279396975 -0.00860518851349236 0.9996665559945894 -0.024345996725617373 0.12419173848899363 -0.009193079878443965 0.024266781604513954 0.9996632485956995 0.6203105290601826
0.9999073739118196 0.009359934050684799 0.009881054161144043 166.4129099686254 -0.009110617071399091 0.9996463793246859 -0.024982252893294702 0.12662480573507065 -0.010111392255617531 0.024889916384211324 0.9996390607659547 0.6129174338280081
0.9999104562749593 0.009029145062749433 0.00987694140098339 167.735414918864 -0.008775612442416304 0.999638388275275 -0.025418129606074764 0.10663322076182445 -0.010102873762605387 0.02532917736221478 0.9996281132080521 0.6098066902264324
0.99993079305701 0.008560561268156132 0.008070061161665735 169.12538594883034 -0.008367719066692682 0.9996856510008483 -0.023634306857429677 0.10183292473251718 -0.008269847277899901 0.023565143194650542 0.9996880981847367 0.6086543580181785
0.9999523813275921 0.007764181872885492 0.005912068768427115 170.54740820149658 -0.00764297025030422 0.999765609339436 -0.020256144448025704 0.10126282716368994 -0.006067955424261094 0.020209994111604145 0.9997773432394725 0.6240821304842141
0.9999626769570007 0.007443542525755191 0.0043861563647893675 171.85837026768345 -0.007375333357038605 0.9998547160155686 -0.015367215730216353 0.10186110550727898 -0.004499905650306672 0.015334292813616457 0.9998722970024946 0.6237213058582642
0.9999552823549328 0.007897817974319547 0.005201707576468765 173.20714112005837 -0.007827201714257834 0.9998787898501794 -0.013458845458099257 0.10614245504235237 -0.0053073725882866645 0.013417528795765443 0.9998958954397321 0.6185528621356571
0.9999348782705395 0.008723280980531545 0.0073582326013700555 174.64189752215364 -0.008661019177536243 0.9999267779334282 -0.008451361930414365 0.10807917965624504 -0.00743141742115984 0.008387081769435922 0.9999372134761788 0.6316698585126005
0.9999104894984238 0.008778350031927668 0.010097205640138896 176.00027048481488 -0.008718402502906406 0.9999441976949429 -0.005965815452584083 0.10560807197745675 -0.010149012209058207 0.005877249946525265 0.9999312253771488 0.651774461699792
0.9999100125178308 0.007759283540482696 0.010943508830796601 177.4202680153377 -0.007656068996295955 0.9999261125371368 -0.009442143500976845 0.10398942472744203 -0.01101596451134828 0.009357509567586759 0.9998955373140622 0.6433387069956513
0.999921597789711 0.006402033049980245 0.010761609846968143 178.8192832131174 -0.006290584275287958 0.999926564532483 -0.010358286139206049 0.09214716991665517 -0.010827133653322144 0.010289777212997807 0.999888440608131 0.6426451385882109
0.999966251278548 0.004492692177479027 0.006878373421546849 180.15944886447303 -0.004397900015203839 0.9998960009317411 -0.01373483877473139 0.08816265724653706 -0.006939364479842042 0.013704124842908194 0.9998820141311203 0.6289681846003368
0.9999903874928388 0.0025650745397020986 0.003556025102292371 181.57724426166834 -0.0025235884249398574 0.9999292750808407 -0.011622234628756672 0.09384757629874158 -0.003585585500845151 0.011613148966156133 0.9999261364459407 0.6583208527562812
0.9999940641805595 0.0017719189161502392 0.002954980034085057 182.96965756821356 -0.0017480390184920222 0.9999659548519982 -0.008064334846795961 0.10810595864794527 -0.002969168778813662 0.008059121557961957 0.9999631166180465 0.666358138041445
0.9999904503564293 0.0014020099622982381 0.0041392709516577105 184.29744387956808 -0.0013828911366019114 0.9999883801212253 -0.004618141902578158 0.11501846805884033 -0.004145697534785758 0.004612373639857988 0.9999807694157705 0.6688219368305498
0.9999760798924363 0.0023144019823310422 0.006517912734919474 185.74837127837293 -0.002301976244462964 0.9999955201690912 -0.0019132556333730857 0.12605812268862615 -0.006522311578403128 0.0018982057878132712 0.9999769278670689 0.6714048068659628
0.9999584452969457 0.002625370738337175 0.008730126448193933 187.12081412981138 -0.002634172214444591 0.999996033728354 0.0009968271191044577 0.1454519835642398 -0.008727474781391258 -0.0010197823527679471 0.9999613948687684 0.6855360256256555
0.9999530037627137 0.002934910299722539 0.009239944126385052 188.57360570246337 -0.0029224474499043316 0.9999948020951064 -0.001362014563645849 0.14563717125180198 -0.009243893488605477 0.001334947302936816 0.9999563832232232 0.6791636954159893
0.9999485974026426 0.002591192234465149 0.009802462715661169 189.98206679817847 -0.0025647728008595786 0.9999930475771877 -0.002706794740751481 0.1332920050065708 -0.009809408390308293 0.0026815145147167253 0.9999482911565676 0.6816724188012948
0.9999413345003144 0.002863769971105687 0.010446357225510608 191.34694438404307 -0.0028020095656963104 0.9999785390988398 -0.005922000012148018 0.14035283669451945 -0.010463092283074384 0.005892381802185606 0.9999278991690217 0.6829495517924873
0.9999401905858625 0.0032431926768930787 0.01044494865326912 192.79424613612343 -0.0031613190690261764 0.999964225841905 -0.00784557825424238 0.13980960406517165 -0.010470019715964854 0.007812089199450845 0.999914671334253 0.678936357284345
0.9999315065053186 0.0034814192631370255 0.01117416743735739 194.14751930060328 -0.0033716855207905857 0.999946057287761 -0.009824166703124984 0.12976788786064178 -0.011207766715663333 0.009785818033059729 0.9998893057387258 0.6881784320660581
0.9999219957060045 0.003822154268269788 0.01189090577167349 195.59944697870986 -0.003675711985325691 0.9999174354456164 -0.012313059459884361 0.12229651052476306 -0.011936986417107288 0.012268391443512949 0.9998534867302642 0.6828402653155754
0.9999146229237844 0.004287755414392229 0.012343500990088716 197.02280460271962 -0.004098269045781349 0.9998740025682487 -0.015335683192423129 0.10876988695193485 -0.01240770139930686 0.01528378688860614 0.9998062086246161 0.685668466952733
0.9999395476322172 0.004311638321514699 0.010114882899046572 198.44128446605256 -0.004187776353855569 0.9999163813619624 -0.012234901438451263 0.11496474138623644 -0.010166789576216627 0.012191802942263075 0.9998739902261334 0.7166944587600066
0.9999820428068312 0.004436323590846282 0.00402903175389425 199.87872117739008 -0.004405509284896848 0.9999612246242678 -0.007625007270511499 0.1324849858166702 -0.0040627025263087 0.007607120409982105 0.9999628123921662 0.6934337471443015
0.9999731501850383 0.006086756394536008 0.004080478599917204 201.32666909717798 -0.006098456407017919 0.9999773114122197 0.002861029576977323 0.13194303192368828 -0.004062971629547681 -0.002885837379723946 0.9999875820249746 0.7088772130565987
0.9999519804082255 0.006694106170557915 0.007157221545062493 202.76505593073026 -0.006763741616175128 0.9999295934621659 0.009749867585618854 0.15489382273917435 -0.00709145098110598 -0.009797808998178061 0.9999268544557736 0.7069453438088787
0.9999251891989381 0.007611580014095786 0.009574959799241846 204.1973812001299 -0.007700306932234267 0.9999274384472783 0.009264076500871372 0.131294603867944 -0.009503750765748477 -0.009337113577205207 0.9999112445769519 0.7017678869945314
0.9999219946870548 0.007484946129645671 0.00999900607550398 205.65433257657006 -0.00756238303579475 0.9999415329702034 0.007729230493366993 0.13753346531919816 -0.009940568589451358 -0.007804243886243733 0.9999201362476318 0.7018595388460044
0.9999283332313933 0.0062197959291961195 0.010229493618297421 207.09317650679344 -0.006276398190170445 0.9999651201217661 0.005510477803257979 0.12759699719844136 -0.010194862767396992 -0.005574287260352582 0.9999324937688008 0.7211235644531555
0.9999375063103946 0.005162091080534187 0.009916465571241952 208.53891211698698 -0.005206311914650473 0.9999765958235154 0.004438707183518222 0.116817826751605 -0.009893320473770477 -0.004490058005184025 0.9999409790528205 0.7224068713029524
0.9999468329016035 0.004548335896009031 0.00925440493115489 210.06169524635288 -0.00458886797573373 0.9999799519663708 0.004363250627230231 0.1230405889791168 -0.009234373869082496 -0.004405485888277854 0.9999476576468062 0.7141919011904567
0.999946920774186 0.004479325436312866 0.009278538562697438 211.51613132113428 -0.004534224464213168 0.9999722901495366 0.005904213884968301 0.12200323074941526 -0.009251834560344974 -0.005945971470409375 0.9999395226615164 0.7274891745833083
0.9999437149133005 0.004250636565649673 0.009721064456874692 212.95599124348558 -0.004315964857695014 0.9999681789926388 0.006709206323640331 0.12542531775615134 -0.009692236725085296 -0.006750784467955979 0.9999302412950275 0.7143402096727811
0.9999478209902639 0.0036568087264579486 0.009538503381622678 214.3864191300249 -0.003719041306573566 0.9999718626774445 0.006514797399920975 0.13441511005864162 -0.009514411625693196 -0.006549931552323161 0.99993328495859 0.7248174162155275
0.9999532931763474 0.0034136269086166163 0.009042047174546864 215.84428416581505 -0.0034821569609006513 0.9999652526421788 0.007574172638844346 0.1371843017235031 -0.009015877587767788 -0.0076053047008082285 0.9999304342261667 0.7347063259440234
0.9999589221298779 0.0031025522233957877 0.008516350307150295 217.34096708686704 -0.0031612704670205562 0.9999712668204691 0.006889985667672268 0.1330653543722674 -0.008494729064975568 -0.006916625128448663 0.9999399981373609 0.730098295879976
0.9999578754625895 0.0025442551868662166 0.008818960590031132 218.82449964233143 -0.002614846304244512 0.9999645630205539 0.008002204816048844 0.13060121333040872 -0.008798288421596367 -0.008024927953378825 0.9999290928121821 0.7504019309436096
0.9999635171076466 0.0025671127207961696 0.008147047685146687 220.29992296612326 -0.002632533971166882 0.9999642976715875 0.008029517237013378 0.13549143707797687 -0.00812614414073365 -0.008050671676796236 0.9999345740932036 0.7397547924541074
0.9999631162414874 0.002434652456015011 0.008236420583724407 221.78989093293245 -0.002494079175178217 0.9999708788931787 0.0072125539631657555 0.13528984375837252 -0.008218620667820201 -0.007232830222122995 0.9999400684247514 0.7473499322403466
0.999966882371391 0.0019464153522334852 0.007902254597091598 223.27635679267922 -0.0020203072654517576 0.9999542136927966 0.009353548875917739 0.1394624740286741 -0.007883686890905062 -0.009369204090935843 0.9999250299375991 0.7575907535883465
