1.0 -2.1684043449710093e-19 -2.5135375298442207e-37 0.0 2.1684043449710093e-19 1.0 2.3183291766350204e-18 -8.673617379884035e-19 -2.51353752984422e-37 -2.3183291766350204e-18 1.0 0.0
0.9999996051917989 -0.0005752605321510217 0.000677267721610383 1.3273296131564947 0.0005753941083097035 0.9999998150465057 -0.00019704967556571635 -0.005147294397329037 -0.0006771542414461252 0.00019743929362565135 0.9999997512398984 0.014190926913472833
0.9999991949433092 -0.0005967494779263065 0.0011198226618697432 2.628292109638085 0.0005974884623972986 0.9999996039058764 -0.0006596935863360372 0.0026109771196390695 -0.0011194285465113297 0.0006603621363656997 0.9999991554004325 0.02238872817330788
0.9999988872748349 -0.001117982926636402 0.0009877060635002097 3.952068913162743 0.0011192782555432775 0.999998513100449 -0.0013118738802854152 0.0010290909243763538 -0.0009862379422804482 0.0013129779384500793 0.9999986517109183 0.04942137746404745
0.9999992821443365 -0.0005474306212199864 0.0010658473279201277 5.267740877157508 0.0005495005897131223 0.9999979618565761 -0.0019427639577488751 0.012071868060146682 -0.0010647816270901312 0.0019433482468600017 0.999997544815825 0.054373423007450884
0.9999984227272785 -0.0009066756234279397 0.0015272466301206708 6.589238739993435 0.0009101348451881187 0.9999970188182309 -0.002265835213452324 0.00541542470836749 -0.001525187699566118 0.002267221639987519 0.9999962667472896 0.06502565319406606
0.9999970475948089 -0.0005905823859052088 0.002357119876222218 7.920775061315334 0.0005988699117136926 0.9999936367211789 -0.003516798541244278 0.013577481692179802 -0.0023550279179379947 0.0035181997664021805 0.9999910380167961 0.090940119791897
0.9999961046970504 -0.0004906541744459825 0.0027476988930758054 9.239079783195322 0.0005004189332612517 0.9999935584732235 -0.003554235916655746 0.027581497891148728 -0.0027459372930103386 0.003555597072379092 0.999989908728004 0.09902563036548327
0.9999969530961345 -0.0009577345507185819 0.0022752017444456827 10.568429688630458 0.0009649506006874181 0.9999945016259676 -0.0031726311117361086 0.026577161345867902 -0.002272150696103098 0.0031748169023240974 0.999992378905385 0.11299674330914768
0.9999995206632363 -0.0009785905501926793 -3.215326974313432e-05 11.89857908952736 0.000978572845402004 0.999999372076703 -0.000546114810451095 0.04162990845179047 3.2687672346174877e-05 0.0005460830843615277 0.9999998503623794 0.12354452192215967
0.9999993457237145 -0.0009115041556731173 -0.0006911673583012701 13.22712833457208 0.0009126695527938156 0.9999981593630386 0.0016876921586107406 0.04077303361299697 0.0006896277476970133 -0.0016883218617975905 0.9999983369900476 0.14106585802134874
0.9999993929209029 -0.0005586990309994293 -0.0009497437645551531 14.568942767309869 0.0005643617853567348 0.9999820044456004 0.0059726276239621704 0.07652681142694977 0.0009463897721235442 -0.005973159997191381 0.9999817126858107 0.14710560006268358
0.9999999385046454 -0.0002502656378689801 -0.0002456782776006114 15.922334310062453 0.0002517004829862259 0.9999828113330751 0.005857788427949599 0.08972239366042582 0.00024420805156110466 -0.0058578499050639535 0.9999828128307593 0.166402736176265
0.9999964715272032 9.79620499821787e-05 0.002654682011168005 17.255762777657402 -0.00011073725833391443 0.9999884131876653 0.004812611315582773 0.0807603256340887 -0.002654179798595491 -0.004812888306622329 0.999984895603801 0.1937064428720347
0.9999882305829333 4.782223904029494e-05 0.004851433669312194 18.621543553033817 -4.722821847586579e-05 0.9999999913746678 -0.0001225567617894074 0.07763446192371373 -0.004851439488405725 0.00012232619479850807 0.9999882242162617 0.21407592897911398
0.9999928695252215 -0.0002252357538606767 0.0037696375911500848 19.97602447256407 0.00023149396117946888 0.9999985957237286 -0.0016598075541411122 0.06679469417065309 -0.003769258449531743 0.0016606683672633967 0.9999915173996801 0.2328550819908362
0.9999994528643229 -5.668148145857209e-05 0.0010445373447276348 21.32790250815252 5.945226037932049e-05 0.9999964795595362 -0.002652797384471764 0.06934154304372701 -0.001044383303010339 0.0026528580331378654 0.9999959357956273 0.22721464925955084
0.9999999496205048 0.0002087556861978017 -0.00023912350712569573 22.668837360524208 -0.0002089439700359709 0.9999996679848024 -0.0007876374180094122 0.09207533310480828 0.00023895900394338564 0.0007876873417435444 0.9999996612235658 0.2704375113516973
0.9999986892348423 0.0009291075483171445 0.0013260044347811852 24.03910318128215 -0.0009312591422082183 0.9999982494413131 0.001622920429132805 0.08418333599196251 -0.0013244942459115778 -0.001624153155617751 0.9999978039183484 0.25002828027796953
0.9999836249310281 0.0015539624129289767 0.005507728263116188 25.430545855935488 -0.0015631158978373042 0.9999974038159546 0.0016580199156277918 0.09166822915565014 -0.005505137463411171 -0.001666601983046361 0.9999834578128476 0.2671421031214633
0.9999773558158057 0.0017006619046486232 0.0065111907294720115 26.80759210366485 -0.001703782371620912 0.9999984363516043 0.00047372985615914135 0.08751944664394337 -0.006510374893939608 -0.000484812780916156 0.9999786897605907 0.2806068976962059
0.9999771793761386 0.001714330507124295 0.006534661265456778 28.175539610264565 -0.0016887857639479465 0.9999909196210355 -0.003912630588142308 0.08213275785920404 -0.006541309470236443 0.0039015056565540216 0.9999709943413491 0.31408611697649597
0.9999905813705776 0.001723168742975372 0.003983448206930317 29.527395990356545 -0.0017080738308162418 0.9999913602549324 -0.003789709656236215 0.09110657820643818 -0.003989944100177898 0.0037828699387266753 0.9999848850063205 0.308828771200165
0.9999952524548344 0.0020968702895205757 0.002257920012061983 30.9262362031661 -0.002088691154219169 0.9999912711308501 -0.0036187057588260144 0.08290209697446638 -0.002265488259565846 0.0036139724813008555 0.9999909033415505 0.34962345214780316
0.9999959256455853 0.002767291537028263 0.0007005639002893165 32.30824450658763 -0.0027658305340314006 0.9999940162049945 -0.002077916182705865 0.10539382141648569 -0.0007063099081256047 0.002075970075512432 0.9999975957343894 0.3163386537785398
0.9999934644973605 0.00353209179106933 -0.0007715504816991171 33.68562320629566 -0.0035323224658166 0.9999937169815492 -0.00029781776800709555 0.10808688525964388 0.0007704937143395922 0.000300541186718304 0.9999996580071572 0.37120456538223756
0.9999927593004698 0.003780125465699154 -0.0004381758734193255 35.07721225270427 -0.0037802694077047065 0.9999928009172986 -0.00032814140440031163 0.1241097197695684 0.00043693230327585106 0.00032979545127648035 0.9999998501625501 0.3526992698245003
0.9999948936918239 0.003114089267643747 0.0007176616965797277 36.47380055028912 -0.0031139939960267635 0.9999951425533954 -0.00013383201040801886 0.11405786004548808 -0.0007180749754036352 0.00013159653280620223 0.9999997335253056 0.3877770315206714
0.9999943398014556 0.002937615723566347 0.0016403593848787954 37.87920390269822 -0.002937684688944131 0.9999956842095548 3.963499319397907e-05 0.12841510121204833 -0.0016402358730522254 -4.445362750137254e-05 0.9999986538241717 0.36438969586679476
0.9999947851311213 0.0025115209421187204 0.0020302642980149195 39.27125843670101 -0.0025138573055978695 0.9999961801109936 0.0011490364956117096 0.11877404897428029 -0.0020273707134086604 -0.0011541342982749074 0.9999972788673037 0.36339334586776906
0.999993238641488 0.0028017771029656244 0.002381746496405927 40.671350667044145 -0.0028091410271064246 0.9999912675522545 0.00309411472399441 0.12627044003693777 -0.0023730566781414676 -0.003100784465374705 0.9999923768397946 0.3944987955721906
0.9999924970908906 0.002844620578516144 0.002629428776299871 42.09192736245059 -0.0028653675924378403 0.9999645269483561 0.007920512200022817 0.14054811302017328 -0.002606804650440522 -0.007927987053141914 0.9999651751890161 0.41864984857907206
0.9999918567252012 0.0027178679743439754 0.0029832326356975347 43.48071729255437 -0.0027411632617139847 0.9999655673960448 0.007832627035605024 0.15002027801272547 -0.002961841869054632 -0.007840740780072797 0.9999648745214816 0.423752659351054
0.9999933472035226 0.002207402778319944 0.002903949322798492 44.92128223685339 -0.002230736978803654 0.9999650553998075 0.008056785450236767 0.1521979076145095 -0.002886063274863248 -0.008063209797221844 0.9999633269708142 0.44420933183970707
0.9999968143545676 0.001457241686809212 0.002061001548486322 46.32072884169692 -0.0014727604340369269 0.9999704262918465 0.007548345408544581 0.15707657437536648 -0.002049940833432257 -0.007551356723727606 0.9999693869085245 0.4606922820942331
0.9999965317853534 0.00038384661298498414 0.0026055861226150466 47.74463827249883 -0.0004013516476646417 0.9999773327674105 0.006721076419026193 0.15756773813257266 -0.002602947198769317 -0.00672209886517396 0.9999740186888494 0.4751250673465984
0.9999937803202075 -0.0007512717944804352 0.003445999360320242 49.14008518149022 0.0007258013484470031 0.9999724551946556 0.007386613863940803 0.15103322033630429 -0.003451453795591342 -0.0073840668105853505 0.9999667809602645 0.49599216401867524
0.9999923028831161 -0.00182035021097048 0.003475701315096732 50.57287202082118 0.0017919896215633482 0.9999652197934438 0.008145426731978446 0.15430893528850922 -0.0034904079587570664 -0.008139135614992512 0.9999607849929527 0.5112349570946904
0.9999897478386491 -0.0028408421523266735 0.0035261641284360713 52.02381929869813 0.0028130407818658283 0.9999651185053113 0.007864386448931261 0.16464650850152437 -0.0035483826110870647 -0.007854386578475616 0.9999628581064005 0.5099799798821342
0.9999813859120357 -0.004003147417877376 0.004604632471226166 53.43438337002576 0.003961290550597831 0.9999510780473393 0.00906364656954289 0.17668114876763674 -0.004640690316975807 -0.009045237570931123 0.9999483225000516 0.5382355213983829
0.9999758661993063 -0.004761716325397258 0.00505896002983242 54.89411144627782 0.004721268650131254 0.9999570349338828 0.007977337185486945 0.19247277177403288 -0.0050967284879895845 -0.007953259952630128 0.9999553835121074 0.5496852733527999
0.9999694176627093 -0.005007343157829064 0.006007516442089525 56.280128723323756 0.004985800944052433 0.9999811068690858 0.0035955102314194575 0.19919785888994343 -0.006025406894851117 -0.003565447991164447 0.9999754907258347 0.5471608115423842
0.9999683019014696 -0.005214575890447154 0.006016925342250469 57.699369433851984 0.005193139142842477 0.9999801327147384 0.0035728814222142865 0.23324283463576972 -0.006035436863602002 -0.003541521438152526 0.9999755152641332 0.5735408669107007
0.999966629336662 -0.0047952932472135595 0.00661402870782103 59.13931947574449 0.004770329506239469 0.999981458739254 0.0037849879940801646 0.260653461411436 -0.006632056202758975 -0.0037533105902200427 0.9999709638235186 0.603890958257148
0.9999632555213323 -0.0053123445674445775 0.006728045955229063 60.568213990661256 0.0052957876288891766 0.9999829111077299 0.0024763129648358246 0.22510663872434258 -0.006741086008102583 -0.0024405916714706133 0.9999743003056251 0.5958578894633625
0.9999627201877663 -0.004681281788401251 0.00725560717656386 62.02643130811317 0.004687091145362615 0.9999887082952233 -0.0007838741261853564 0.25044068208935194 -0.007251855712718336 0.0008178525956566194 0.9999733704983617 0.5828393255081251
0.9999646623832483 -0.004347781793705691 0.007195191326884021 63.43560483880568 0.00436480749599675 0.9999877076068692 -0.0023522522571967357 0.2520291720973361 -0.007184875801225537 0.0023835747592466823 0.9999713476550656 0.6121528540327216
0.9999707507040889 -0.003937393912453814 0.0065570317582803045 64.84721764584512 0.0039500983989403755 0.9999903441274942 -0.0019257140012005323 0.26008582328383834 -0.006549386149832176 0.0019515585960720554 0.9999766482074002 0.6429575126232623
0.9999746147603867 -0.003196242539260826 0.006368191929142193 66.29968034454048 0.003210832318402638 0.9999922411788867 -0.002282134494351765 0.2777072478119442 -0.0063608482641290395 0.002302523758276677 0.9999771187350756 0.6418503087256889
0.9999775297642717 -0.002605974151852446 0.006176476767962354 67.66875393028236 0.0026116458894440923 0.9999961752379543 -0.0009103928882347374 0.28356505612060556 -0.006174080684073664 0.0009265032016542291 0.9999805109698509 0.6506057055449467
0.9999710033534945 -0.0017590368973905135 0.007409334747391632 69.12995374667717 0.0017465473810687495 0.999997043722928 0.0016917794330647403 0.31121041419549633 -0.007412288745790207 -0.001678789622936036 0.999971119403431 0.6684140934269565
0.9999640744191546 -0.0010372755141705833 0.008412724323981387 70.49429845813661 0.0009988862934375924 0.9999890761828446 0.004566151678799464 0.3226631105247435 -0.008417368782249501 -0.00455758428213048 0.9999541871147372 0.6727367488746201
0.9999564622577468 -3.8662662138199966e-05 0.0093312429059464 71.93224159588553 -3.6291469360079627e-05 0.9999677399323493 0.008032295905809207 0.34088265475108526 -0.00933125242936179 -0.008032284842296372 0.9999242021915019 0.6885562651469367
0.9999560901399529 0.000438546408924755 0.009360847668106737 73.31107010256278 -0.0005504713661818846 0.9999283551874414 0.011957486082495446 0.35040785848752537 -0.009354933099348919 -0.011962113909559532 0.9998846898805489 0.7013859082823769
0.9999615236770361 0.0008865779513363765 0.008727264464680891 74.71723417977948 -0.00101801196189758 0.9998859641962201 0.015067257714674796 0.3566426907978345 -0.00871291094558593 -0.015075562441620475 0.9998483948078943 0.7021256658334393
0.9999604163696633 0.0017096638163983425 0.00873170907924543 76.16744801904078 -0.0018443608340542104 0.9998790717662202 0.015441508250035688 0.3720846759525345 -0.008704253381162893 -0.015457001441321392 0.9998426461596444 0.6972582615735455
0.9999567556716362 0.0020771249525940697 0.009064895950135151 77.53260601176656 -0.002223517094395752 0.9998667966157636 0.016169260869377297 0.3750611864754735 -0.009030102900100057 -0.016188717591654907 0.9998281765705301 0.7035561739370592
0.999951025994661 0.0022596997985953647 0.009635318834622982 78.93414867735802 -0.0024116716839051922 0.9998724211061574 0.01579003961362722 0.3765026950673632 -0.009598408821969514 -0.015812503537741742 0.9998289030028864 0.7332385141021044
0.9999651322261955 0.001652483417043341 0.0081855745310614 80.30517134237438 -0.001775421659116506 0.9998853998436037 0.015034462329234392 0.36334358311706466 -0.008159792263256724 -0.015048470957317383 0.9998534699205015 0.7255235550322982
0.9999629398435151 0.0015720856508851546 0.008464483813018215 81.70200642896751 -0.0016958724647217 0.9998914352513035 0.014636998588229885 0.3780821186877005 -0.008440554253007625 -0.014650810823798318 0.9998570451750127 0.7522915522522307
0.9999630503229432 0.001553840128298828 0.00845479566226455 83.07016844260691 -0.0016815997825726293 0.9998841989700421 0.015124842882115519 0.4036860222750458 -0.008430315000414329 -0.01513850160660285 0.9998498665090177 0.739519595606261
0.9999690392139924 0.0013884588575752781 0.007745501626478668 84.44927018086592 -0.0015011176971709912 0.9998928960322043 0.014558266036534361 0.418190186334647 -0.0077244584990925425 -0.014569442210739936 0.9998640228023826 0.746827329118745
0.9999682653881382 0.00051591470280148 0.007949971613628684 85.84457690829672 -0.0006306217244298186 0.9998956419496394 0.014432862722241402 0.42177822737711423 -0.007941695844008745 -0.014437418125753011 0.9998642359965594 0.7478327902037318
0.9999624153282203 -0.0005957896681549626 0.008649448862389187 87.21922272326292 0.00047382936000350747 0.9999005403347991 0.014095563979995443 0.4253616590575622 -0.008656986582487262 -0.014090935840030856 0.9998632417038156 0.7642677391194362
0.9999519596402537 -0.001785764809946253 0.00963791759977029 88.5931023639525 0.0016563995232320892 0.9999086580836837 0.013413867075019834 0.4262766409064554 -0.009660991265695295 -0.013397258425902753 0.9998635800520158 0.766743422520192
0.9999415817795003 -0.00331118898512327 0.01028926896410306 89.92927404440668 0.0031855046234987344 0.999920410793033 0.012207564858961724 0.4110027143970941 -0.010328871603642108 -0.012174075200888456 0.9998725450298146 0.7790849556206626
0.9999334286806827 -0.0037910581497764472 0.010897985364224047 91.30750757019531 0.003674863994905155 0.9999364032396554 0.010662309822932522 0.4326065772957203 -0.010937713724210272 -0.01062155140486865 0.9998837677771556 0.7969520800691395
0.9999355160639435 -0.004206384642828844 0.010548461602128944 92.6913714744472 0.004102213617103133 0.9999427994270997 0.009877738472674365 0.4386845938333117 -0.010589407791499424 -0.009833829474394568 0.999895574667922 0.811963397532475
0.9999371407231173 -0.004171275170919717 0.010407452422420443 94.02197778884562 0.004078032682837619 0.999951503439823 0.008964397239935263 0.4516952166698713 -0.010444340664406953 -0.008921391813283365 0.9999056578078752 0.8233363168788359
0.9999393263103502 -0.004384023118114479 0.01010564393311338 95.39839600859288 0.004299095703296257 0.99995539032979 0.008410417738221364 0.48486591733908446 -0.010142064589467625 -0.0083664623167338 0.9999135666817236 0.8168368506350631
0.9999440236360009 -0.0041648584842047765 0.009726435547081936 96.76458891176486 0.004085756206058625 0.9999585351043644 0.008138468416018738 0.4858443167634035 -0.009759927810677957 -0.008098273009748967 0.9999195776578185 0.8235180022596199
0.9999503842502868 -0.004111230445169012 0.00907341291523468 98.11260440229898 0.004020398657232519 0.9999418524794578 0.010006400680917847 0.48717810877448503 -0.009114023937896754 -0.009969425468745208 0.9999087684001389 0.8383914499089218
0.9999516436201566 -0.00379679435515922 0.00907164670672816 99.44679148270757 0.003694729691217649 0.9999299881208843 0.011241344629402695 0.5145160553995725 -0.009113692657528863 -0.011207283756236261 0.9998956632553975 0.8344256776790943
0.9999403777908286 -0.0036034981461625314 0.010308038836062836 100.80728210431042 0.003484191067470912 0.9999270088067684 0.011568814604533507 0.5175427205446219 -0.010348974641989049 -0.011532209669413537 0.9998799462255457 0.8406388839244693
0.9999216966366022 -0.003461547943030615 0.012025734123824303 102.11620306735607 0.003321392483714235 0.9999265606193007 0.011655115616114193 0.5525044530469319 -0.01206519570284454 -0.011614260798430644 0.9998597601657735 0.8494336753006358
0.9999334021608907 -0.0036666975812739253 0.01094287767426878 103.48724549367027 0.0035406413639118566 0.9999274120852293 0.01151670175303025 0.5355056740002404 -0.010984311616058904 -0.011477189960246088 0.9998738015414435 0.8604768500513678
0.9999552637133599 -0.003442129774618793 0.008810352692118056 104.80955809941099 0.00333929653701388 0.9999264430904476 0.011660081780309963 0.5422440314272143 -0.008849840144472453 -0.01163013977131453 0.9998932043865069 0.8651270267546047
0.9999659148500539 -0.0035436740532530818 0.00745731267274528 106.128235141768 0.0034685188533461883 0.9999433111457755 0.010066969344687477 0.5714730059872695 -0.007492563984295931 -0.010040760380927145 0.9999215192283413 0.8712944588824083
0.999958884119879 -0.0031181654169657818 0.008515110930506711 107.48347008563609 0.0030386114982273254 0.9999517673958082 0.009339685335309851 0.5729421473399953 -0.008543822908349456 -0.009313427211945117 0.9999201283921024 0.8779972122273428
0.9999402988196572 -0.002645213809176334 0.010601963985904099 108.80158792172209 0.002583881599502806 0.9999798733777893 0.00579451423505678 0.5745909378555197 -0.010617078333252305 -0.005766774076055665 0.9999270083183179 0.8789596238405534
0.9999312117571963 -0.00211180923843003 0.011537418061483923 110.14674665778782 0.0020537907829551354 0.9999851988464171 0.005038256792923089 0.5855504282323559 -0.011547887131628123 -0.005014214777217734 0.9999207488361082 0.8878739668558493
0.9999437855928653 -0.0013841553818916901 0.010512362631144039 111.45938205828928 0.001336330934489772 0.9999887329639353 0.004555015347612518 0.5866066667966244 -0.010518549036983143 -0.00454071129474669 0.9999343688798252 0.8948952838361258
0.9999677718271509 4.8962021333303705e-05 0.00802825695673758 112.81954026409929 -9.26694268922293e-05 0.9999851774936065 0.005443914534376399 0.6131352335035756 -0.008027871412787943 -0.005444483060928934 0.9999529543357423 0.9078671046377509
0.9999777291374167 0.0007611206489894441 0.006630378913225027 114.15490393655405 -0.0008171213941742245 0.9999639855929141 0.008447474756483815 0.6005913792749114 -0.006623710576590735 -0.008452704448395817 0.9999423374603686 0.9177139872819188
0.9999817298238441 0.002047633578688715 0.005687461229746877 115.45567837228207 -0.002114177427437297 0.9999290970956677 0.011718832503630339 0.6146589888009544 -0.005663062097289949 -0.011730642700647512 0.9999151572756121 0.912889499199893
0.9999600440127235 0.0037120174124601877 0.008132115641180802 116.82918703491765 -0.003809728247460234 0.9999203424450724 0.012033068403756746 0.6320501178684389 -0.008086800897292367 -0.01206356876129853 0.9998945314181835 0.9314228329095634
0.999940611605492 0.0041804557702149 0.010064643639398595 118.12506506263828 -0.0043099956698757925 0.9999077129901746 0.012883688916005168 0.635159434748492 -0.010009855111861587 -0.012926302344909754 0.9998663478227116 0.9220950385048654
0.9999278890764557 0.005046087271948773 0.010897414846972719 119.49484120380883 -0.005183690996369093 0.9999067250749403 0.012636079200526442 0.6287801944412738 -0.010832635632998409 -0.012691656832411266 0.9998607782346955 0.9333501361332371
0.9999269806751283 0.006217877543754543 0.01036201316214525 120.81728578643083 -0.0063472047372213096 0.9999017879051958 0.012495100480458727 0.6348423046135515 -0.010283302482441805 -0.012559957915687358 0.9998682418935061 0.9443664744451324
0.9999186966862367 0.007387110986612856 0.01039377739656338 122.11937687339429 -0.007534233178657793 0.9998709652453563 0.014187606906348271 0.6234858894562987 -0.010287630811195561 -0.014264762549405185 0.9998453286392359 0.9442948675129923
0.9999113804342658 0.008725893729778233 0.010054355108989365 123.48470370513205 -0.008884048431909625 0.9998357953947624 0.015794173950615668 0.6349572563566321 -0.009914885854135072 -0.01588209765551891 0.9998247116432759 0.9431204436681193
0.9999025231122144 0.010227450471326779 0.009504921392850588 124.85065213604891 -0.010388811966576868 0.9998000639540844 0.017085218855253204 0.6477751128649235 -0.009328282786816683 -0.017182298282399477 0.9998088576152863 0.9544710964372973
0.9998996846423978 0.011079051105912563 0.008824697084102493 126.17238101503997 -0.011231789810253245 0.9997846350499661 0.017450799857439442 0.6267069509113129 -0.008629458250196287 -0.017548166416999092 0.9998087788700946 0.955768539696368
0.9998895889883186 0.012262794284470559 0.008392479318296949 127.50720773096668 -0.012405823141824741 0.9997749629432352 0.017208109251933012 0.6329225874508253 -0.00817957119567105 -0.0173103249013256 0.9998167068352407 0.9662470299077763
0.9998771945078414 0.012782816289855864 0.009066173990613333 128.8185892835746 -0.012938317677012163 0.999766528266793 0.017305747399418158 0.6068312936004822 -0.008842841105492775 -0.017420923197797224 0.9998091395842106 0.9651326920500592
0.9998598597374359 0.01352207308143658 0.009869874640313019 130.19011537898643 -0.013691394196037284 0.9997566972370008 0.017294278092267395 0.5922312591726604 -0.009633618780288247 -0.01742698681196068 0.9998017271038553 0.9775740926183479
0.9998574043939189 0.013856306041157134 0.009652650493463097 131.5195219539445 -0.014005959693446724 0.9997800129592936 0.015612776184275133 0.5706976740999127 -0.00943419163048466 -0.015745744504738902 0.9998315195863104 0.9701093043343959
0.9998458600634457 0.01413107039310859 0.010419643157699183 132.870510329259 -0.014283269046756007 0.9997902193662529 0.01468010507176801 0.5661599748200171 -0.010210011720206755 -0.014826668847896244 0.9998379496456153 0.990438452772067
0.9998414905700163 0.013872788342789728 0.011159725728003165 134.19527834300504 -0.014021834456870922 0.9998120273649129 0.0133902238564824 0.5508249223747108 -0.01097186826352767 -0.0135445812064737 0.9998480696719623 0.9868953636554882
0.9998473603438294 0.01317428830291608 0.011475806777224356 135.52925301203018 -0.013302830261973897 0.9998488111119077 0.01119775089586685 0.5211904347519748 -0.011326549364111359 -0.011348702384696846 0.9998714498542729 0.9992683451546251
0.9998678702005723 0.012125556089313176 0.010826496667730362 136.87505944374698 -0.01224424351313737 0.9998649195951586 0.010964536641289836 0.5161842462944112 -0.010692083116140179 -0.011095650160856466 0.9998812759053674 0.9989752402096387
0.9998528754364819 0.011788610335859062 0.012460182492568746 138.2013289112007 -0.011892425625901846 0.9998949111734714 0.008290767282229702 0.5417264468500339 -0.012361136441736774 -0.008437729300290114 0.9998879972427531 1.0105653663746756
0.9998739827175487 0.010049417055305815 0.012289340966692416 139.5604319796479 -0.010147545241796929 0.9999169192641452 0.007948703974021917 0.4855665337058216 -0.01220844011791762 -0.00807240894339948 0.9998928893655248 1.0126307959119212
0.9998805285209497 0.00897563750248984 0.012584379845274893 140.91541858399103 -0.009060315467284226 0.9999365884775817 0.006688027171649324 0.4977007101308806 -0.012523552543090687 -0.006801246594509523 0.9998984466816924 1.0209583685436043
0.9998965087620653 0.007640547081294006 0.012189905895118102 142.24437379706688 -0.007725003808941379 0.9999463802856812 0.0068964389155407564 0.4878292161639463 -0.012136559709618973 -0.00698989226401047 0.9999019178522224 1.0156983955980057
0.9999076317015387 0.006572571833865155 0.01189661147170421 143.5938199186392 -0.006651449378865311 0.99995607916899 0.006602874687668731 0.4761481617140792 -0.011852691094447457 -0.006681394500352947 0.999907432056263 1.0167470154547373
0.9999348468958115 0.006293848131489402 0.00952310029076114 144.93966046786912 -0.0063339032106987745 0.9999711966996491 0.004181798798264704 0.4754070606035816 -0.00949650638749047 -0.004241844736599363 0.9999459100969726 1.0186658881848845
0.9999482204269913 0.004988037200788491 0.008869946435944402 146.24669664235282 -0.004998143586965203 0.9999868846855072 0.0011175945857307829 0.4784790019303813 -0.008864255500438336 -0.0011618699830558772 0.9999600367177507 1.0438997472236908
0.9999235378377657 0.004155132588946465 0.01164703186115338 147.6404824168929 -0.004073437453013461 0.9999669980885705 -0.007029213401894328 0.46975842278930824 -0.01167585480052035 0.006981232477239149 0.9999074641224437 1.0460375865704867
0.9999089217287386 0.0027285185707213886 0.013217542649088813 148.9510685358316 -0.002538897371445539 0.9998939281238756 -0.01434177468597629 0.457755067335013 -0.013255272438110057 0.01430691047764233 0.9998097869420844 1.0514542872665151
0.9999458752214805 0.00180394555846102 0.010246580306093649 150.24327799384315 -0.0016298777925421186 0.9998546552991942 -0.016970909666570142 0.4313640918243535 -0.01027570561706083 0.016953290446152763 0.9998034785982292 1.0523439101616083
0.999971651953162 0.0016745045449705893 0.007341071079425386 151.65362040455244 -0.001561677110879499 0.9998809894737887 -0.015348226396515759 0.4452535884657829 -0.007365898089551471 0.015336326921600913 0.9998552598360866 1.0707621055827905
0.9999854333522186 0.0026661787133604718 0.004693034673216961 152.96939346009236 -0.002609751014537379 0.9999247231442545 -0.011989046856530636 0.4401037707861433 -0.0047246463378452196 0.011976624564308157 0.9999171156556067 1.0695511601007301
0.9999795193910773 0.003811732473530401 0.005141156867907106 154.34252957923914 -0.0037467594003783565 0.9999137382174479 -0.012588801293398386 0.4541049112870465 -0.005188698525244168 0.012569280789258638 0.9999075410196959 1.0822997427911125
0.9999592211278885 0.004272973886339879 0.00795598991158726 155.66233176921608 -0.004140603930625044 0.9998539595305217 -0.016580561215699157 0.4567708977414046 -0.008025676320180952 0.016546942476013873 0.999830879306245 1.0703306558699277
0.9999165339603806 0.004652244823299045 0.012053287135188231 157.0094639944503 -0.0043852078636053655 0.9997464307249503 -0.022087195492303185 0.4523767308349934 -0.012152985832797657 0.022032495792041622 0.9996833869103365 1.0922683156849602
0.9999114380069329 0.004683627942712572 0.012457117331141533 158.35492999155323 -0.004385249486089501 0.9997053847928725 -0.023872854941950978 0.4251889504896188 -0.012565258845417253 0.023816113146962574 0.9996373877685443 1.0904309828184058
0.9999059428040069 0.004214676298608966 0.013051515196631102 159.69342006769983 -0.003887074843995332 0.9996792664562083 -0.025025084749791766 0.40655594485289565 -0.013152801769475867 0.024971998744093865 0.999601622189729 1.1118142573518268
0.9999001733195375 0.005598400167354553 0.01297309951881013 161.0551336390555 -0.005276093146323612 0.9996798308171014 -0.024746690659617557 0.4203686006237111 -0.013107487809267805 0.02467577299817881 0.9996095737788191 1.0931132679740652
0.9999004373104606 0.0066297354163933715 0.012456406972246052 162.39381193996348 -0.0063472799135645 0.9997248937762564 -0.022579831747644455 0.41332210555404525 -0.012602678447396064 0.02249851933709619 0.9996674392634731 1.0882671248721647
0.9999063826509355 0.008000668308199873 0.011100236057994352 163.7399070683843 -0.00777623484460775 0.9997673965851799 -0.020116731765702188 0.4365046830746123 -0.011258601403484364 0.02002853044818489 0.9997360160875088 1.0863014822090284
0.9999111193822757 0.008604761441860839 0.01018388021399391 165.09580741435838 -0.008412183509019872 0.9997877962299441 -0.018804193103736492 0.44042871037989506 -0.010343524751983038 0.018716853106243634 0.9997713193053221 1.0676901064071482
0.9998981251902147 0.009069413017975298 0.011022022890708862 166.44207403274146 -0.00886378192856853 0.9997883799063102 -0.01856417986979763 0.44516175191760193 -0.011188056623771257 0.01846459184018964 0.9997669159544932 1.0708648195738568
0.9998998940029256 0.00854099548010122 0.011280663506516884 167.76420188793332 -0.008325146356364459 0.999783971375184 -0.019044750442322716 0.41864016234745294 -0.011440887687740093 0.018948930773901997 0.9997549920412713 1.0571085911106783
0.9999253873156073 0.008252447967340957 0.009006492340480458 169.1571610355202 -0.008104201654724351 0.9998330907750197 -0.016374141406824184 0.42531541560051705 -0.009140115823793817 0.016299929258050214 0.9998253700466448 1.0632081415324117
0.9999507846696452 0.007157006034610896 0.0068706261127599935 170.5763564158869 -0.007067713904611145 0.999891377622185 -0.012933691544627878 0.4218173578802562 -0.006962446317449245 0.012884495389015264 0.9998927513087826 1.0813009509328573
0.9999622729751255 0.007023122525320133 0.005111592356097377 171.9232690035903 -0.006983425388983059 0.9999456377645984 -0.007742950689963358 0.4215124698467791 -0.005165694169913562 0.007706962147632373 0.9999569582428025 1.0742925964401553
0.9999557517079235 0.007146724184206149 0.006117103863478291 173.28654092900462 -0.007116972276880333 0.9999628066791054 -0.004871751641462329 0.4109613416081149 -0.0061516934133468365 0.004828000816161602 0.9999694230706594 1.080701044827181
0.9999322430319664 0.008187174890990431 0.008275234882773841 174.65270359104267 -0.008182966471321221 0.9999663719267508 -0.0005422871753441361 0.4281644495472742 -0.008279396402514731 0.0004745344620212851 0.9999656126148811 1.1003033847910324
0.9999023407310241 0.008183470183867664 0.011328716448421988 176.02352038644887 -0.008208790957149357 0.9999639082896788 0.0021904038560694246 0.4286635504139228 -0.011310382471022846 -0.0022831850079679944 0.9999334289414364 1.1156489252933726
0.9998991651718078 0.0070743380655934 0.012313132406322523 177.4431218000211 -0.007061985400751887 0.9999745163784317 -0.0010464014149127578 0.4117613490862929 -0.012320221220477368 0.0009593407399148901 0.9999236429920153 1.1100186172988982
0.9999059940868793 0.005976741443570472 0.01234024111784221 178.84404921077606 -0.005942212789116999 0.9999783323672982 -0.0028328259894188188 0.4175787830444922 -0.0123569048025236 0.0027592313484337415 0.9999198435605061 1.1092402757716906
0.9999574318079582 0.0038161402605591766 0.008400693158569448 180.18227348679167 -0.0037615267680240322 0.9999717525924453 -0.006507298484528831 0.4157415593052289 -0.008425288624500343 0.006475422048411352 0.9999435401165852 1.0965602659729063
0.999986752718964 0.00215884066858464 0.0046726645021016745 181.602257430498 -0.0021437355070644524 0.9999924687054361 -0.003235263587857735 0.42325888663370187 -0.004679613729495971 0.0032252037726060064 0.9999838495075647 1.1189554297464985
0.9999903445837002 0.0010606249168139202 0.004264482871152989 182.9923814198344 -0.0010605950717785515 0.9999994375260152 -9.259961777746532e-06 0.4253876245764545 -0.004264490293838506 4.736982852131741e-06 0.9999909070087062 1.1310652205598868
0.9999849313694559 0.000825409834007498 0.005427313574008818 184.3211857677409 -0.0008393659307405953 0.9999963460955044 0.0025696810063615756 0.4447378163427618 -0.005425172703150438 -0.002574197786897343 0.9999819703409132 1.1260655054345536
0.9999668741495203 0.0016273536773358363 0.007975106497484454 185.77252590486674 -0.0016709572563405883 0.9999836769860001 0.0054638506025121185 0.4555471810848706 -0.007966084702339032 -0.005476995669886078 0.99995327091467 1.1299675464143775
0.9999398339149881 0.001964228582656884 0.010792143259845944 187.1415550109253 -0.0020542873073089757 0.9999631106131345 0.008340102910817335 0.46857816257339185 -0.010775363275778398 -0.008361771282393958 0.9999069818374586 1.150073407453198
0.9999345734296027 0.0022152256408050214 0.011222372098577533 188.59654449611273 -0.002282711489096562 0.9999793687459342 0.006004274372541236 0.4725013732239093 -0.011208839744423063 -0.0060294989711856565 0.9999190002463901 1.1382331505856196
0.9999296658251977 0.0017985179414820925 0.011723000295255057 190.00165450100417 -0.0018503708829222536 0.9999885470260609 0.0044138355546309155 0.45316360973826403 -0.01171492766960243 -0.004435217009556297 0.9999215415820254 1.132489392371719
0.9999207898838615 0.0023632966106024536 0.012362394070933848 191.36839972168718 -0.002385179684219751 0.9999956142289705 0.0017556880981766184 0.47309328459705396 -0.01235819064057238 -0.001785035561104769 0.9999220413472927 1.138766835371599
0.999920589761463 0.0026298098730801853 0.012324701664525895 192.82047857699158 -0.002627681670070807 0.9999965298029366 -0.00018886801015228672 0.4687680427640989 -0.012325155582340179 0.00015646761944558267 0.999924030143168 1.131914773287147
0.9999111016476161 0.0028681069119873225 0.013021626802826812 194.1758311435413 -0.002841052065714021 0.9999937681945144 -0.0020957087812306843 0.45769546143153383 -0.013027556371422432 0.0020585273564458282 0.9999130188371947 1.1352625990514298
0.9998881061988714 0.0036835119403200206 0.014498511020795895 195.63821416592634 -0.0035852477565849142 0.9999704681810668 -0.006797702866560194 0.47055772072861446 -0.01452312227306935 0.006744961491636382 0.9998717839872859 1.1337949556599691
0.999873999461321 0.003738343347170348 0.01542757240271023 197.0521040943734 -0.0035791013859834643 0.9999401701613005 -0.010336640220986772 0.45032762512254465 -0.015465291283744072 0.010280120952981895 0.9998275570710687 1.1405481459151974
0.9999123468693981 0.004041577096755945 0.012608101867589198 198.46136768611953 -0.003948146106413175 0.9999646289741826 -0.00742650273328913 0.4528085593225109 -0.01263767068944839 0.007376073148777351 0.9998929356808403 1.1563649173992725
0.9999669150270516 0.0042219521567542495 0.006952982904297041 199.90706516446562 -0.004207535253776852 0.9999889708775908 -0.0020868086316360585 0.4799218203308819 -0.00696171662520055 0.002057484668940195 0.99997365028208 1.143541943409469
0.9999677952292876 0.00512870541377419 0.006172915442166452 201.36121908686965 -0.00518107835513273 0.9999504652682558 0.008498437319679879 0.4721056536838308 -0.0061290236869658826 -0.008530145988040059 0.9999448343174073 1.1416750629983905
0.9999326655784243 0.006355266885303242 0.009709525840308467 202.79334855285657 -0.00649987916265953 0.9998673306547393 0.014935617169600205 0.4833431802384591 -0.009613317850662917 -0.01499772223314594 0.9998413136331783 1.1394325931761289
0.999904127250286 0.007344075088129896 0.011738861484141588 204.21139784617534 -0.007535891697735319 0.999837432103556 0.016380467053383765 0.47945912031922094 -0.011616653742104776 -0.016467359401764962 0.9997969190941574 1.1375378962598812
0.9998987218240756 0.007202453711827644 0.012274801632157488 205.67826510790815 -0.0073805567606059705 0.9998672431132556 0.014526648994218164 0.49400199890111285 -0.012168544550738574 -0.014615772631877055 0.9998191365011424 1.1319494742482914
0.9999020275332227 0.005923500436656651 0.012682565888938388 207.12832647811703 -0.00607072372826361 0.9999142724957528 0.011601464248283547 0.4812460658517684 -0.012612757365676717 -0.01167731997789016 0.9998522683625659 1.1396114048827077
0.9999120241576563 0.004579351654878183 0.012448834618530512 208.56810907780638 -0.004706717015489179 0.9999366856003954 0.010221135232055268 0.4636932587205616 -0.012401240255501218 -0.010278829160795568 0.9998702690405433 1.143052503744434
0.9999196632463915 0.0042495561957288 0.011941872774504023 210.07433476902816 -0.004369013425608003 0.9999405040361206 0.009995004235924795 0.4762051136530981 -0.011898687949095666 -0.010046375472210888 0.9998787384302966 1.1325183076026826
0.9999219614440824 0.00412010138128631 0.011793887672303341 211.52227777035563 -0.004253002101917114 0.9999274942582677 0.011265797774820601 0.4827150346505079 -0.011746616318756422 -0.011315078037291074 0.9998669841604283 1.1386257666400583
0.9999152276178668 0.0038633090595766337 0.012434324308937435 212.969080299278 -0.004017376139531639 0.9999151777378829 0.012389431721086227 0.47948303443158347 -0.012385405397610577 -0.012438334797235877 0.9998459329119705 1.1284969110138778
0.9999165460409931 0.003408210592692742 0.012461342383799246 214.4091953588031 -0.0035585328542469276 0.9999209328731088 0.012060880817627006 0.48941160363163144 -0.012419251079499911 -0.012104218385654432 0.999849613741935 1.140745181398099
0.9999229107323269 0.003208389336543002 0.011994950206489321 215.86287958206896 -0.003360233634343989 0.9999142082448197 0.01266037045499623 0.4889372771663629 -0.011953301741093315 -0.012699700311435514 0.999847906528531 1.1455500996044499
0.9999290833748159 0.0030203383558662735 0.011519799365293954 217.34555185776725 -0.003159295389335286 0.9999222437091869 0.01206339041183882 0.4903982317639103 -0.01148246810766173 -0.012098929365923373 0.9998608747392583 1.139019558797677
0.9999321950840304 0.0021736967102468853 0.011440291825139429 218.8222244605191 -0.0023197356188158096 0.9999158005399102 0.012767562699637715 0.4745676911600901 -0.01141157574970641 -0.012793235448558152 0.9998530437347612 1.1472521797131425
0.9999361310925596 0.002232250804154841 0.011079295645058412 220.28894262427758 -0.002383997377076732 0.9999032790889063 0.013702153982446844 0.4900379448359882 -0.011047637401243376 -0.013727691852600084 0.9998447380389871 1.145068373879013
0.9999336034715411 0.002505998001043103 0.01124760518676458 221.78195476045306 -0.0026348236604331874 0.9999309358030928 0.011453441763488934 0.5174706152207962 -0.011218126077780858 -0.011482316750986231 0.999871146723083 1.1448545440675861
0.9999386840765128 0.001680041402678697 0.010945572082680939 223.27957245459314 -0.0018314069327620246 0.9999026338014941 0.013833613608946117 0.49653024874717966 -0.01092126531032509 -0.01385281118474779 0.9998444006875776 1.149636924491179
0.9999384837549433 0.0014048354632562054 0.011002506222956048 224.75740010044947 -0.001546393289208913 0.9999160075763016 0.01286804027288178 0.5068218365289622 -0.010983504616473672 -0.012884262881150613 0.9998566689262762 1.1445757655834876
