1.0 -2.1684043449710093e-19 -2.5135375298442207e-37 0.0 2.1684043449710093e-19 1.0 2.3183291766350204e-18 -8.673617379884035e-19 -2.51353752984422e-37 -2.3183291766350204e-18 1.0 0.0
0.9999996144572926 -0.0005723897269502802 0.0006659243699802237 1.3271307127150507 0.0005725266515208768 0.9999998150031163 -0.00020544334102258209 -0.005205242904773986 -0.0006658066531284189 0.00020582452126511109 0.999999757168854 0.013546002618737998
0.9999992686506489 -0.0006310930990495225 0.0010317071617683797 2.620400249204164 0.0006317219644781507 0.9999996148242213 -0.0006093264874477984 0.0032616480561835828 -0.0010313222226384742 0.0006099777938922657 0.9999992821505244 0.023155165917102573
0.9999984080806568 -0.0013145955684215954 0.0012065134246878437 3.944431469168364 0.0013152995039614583 0.9999989651428909 -0.0005828381958469084 0.0014968510495183922 -0.0012057459796094815 0.0005844241945245251 0.9999991023120939 0.042724277089956374
0.9999982693395951 -0.0011225131002955203 0.0014836718485092886 5.281353298543882 0.0011239030501853354 0.9999989300638699 -0.0009363295623798803 0.0040281776702632355 -0.0014826192188752071 0.0009379954452273945 0.999998461001214 0.04780088003923954
0.9999973398947708 -0.001283892263733987 0.001916200416844922 6.607534484393501 0.0012862473470770085 0.9999984184071776 -0.0012283122181926316 0.0064139686018511045 -0.001914620365641709 0.0012307736584555114 0.9999974097091737 0.051704556735115835
0.9999955873067283 -0.0012486442469359438 0.002695599120037651 7.949290981745225 0.0012550274139721826 0.999996409671624 -0.0023676042853121673 0.013138965750601923 -0.002692633146481764 0.002370976888593394 0.9999935640769555 0.06850540356761943
0.99999513457282 -0.0012868064297812069 0.002841647391912859 9.27700516513716 0.0012941809013476847 0.9999957959743722 -0.0025948274271249353 0.022747517706333882 -0.0028382964049370007 0.002598492407964022 0.9999925959279515 0.06861049308687038
0.9999941343258271 -0.0016467312613993215 0.003003263240597652 10.600588229384428 0.0016538980012433067 0.999995787241789 -0.002385397257555129 0.030198438296737785 -0.002999322480340903 0.0023903503566628753 0.9999926451178686 0.08556560371113084
0.9999965777482895 -0.0016636723971672472 0.0020190804501022857 11.923421233814052 0.001665826877217654 0.9999980444927086 -0.0010658478194474016 0.05237169820886577 -0.0020173032801789476 0.0010692076103289234 0.9999973936378843 0.07771790103306954
0.9999972804595754 -0.0016546339169292894 0.0016435510500768498 13.260351696375018 0.001654095579540494 0.9999985779115402 0.0003288505901699358 0.05279607681863819 -0.0016440928401419664 -0.0003261311053207809 0.9999985952976309 0.08542045756633684
0.9999973696263268 -0.0016604736087247017 0.0015822666722857238 14.601738686553052 0.0016590738422105112 0.9999982316260054 0.0008855613181653 0.0642887982463493 -0.0015837343254442087 -0.000882933891560732 0.9999983561053135 0.0820879016181357
0.9999966255435517 -0.0012417673803856305 0.0022818666224329745 15.954452288747953 0.0012401365491512167 0.9999989747252481 0.0007159677311481411 0.07966730007561104 -0.002282753348266688 -0.0007131354889474466 0.9999971402333736 0.09104784323509879
0.9999928423074286 -0.0006285194956755151 0.003730991443818778 17.281039954117766 0.0006296460345466357 0.999999756540418 -0.00030077396165820316 0.08211525229303689 -0.0037308014931744667 0.00030312101277818004 0.9999929945943973 0.1021958664076563
0.9999857644679836 -0.0006883510927575646 0.005291222368736433 18.648791101843404 0.0007083579697698043 0.9999926041273243 -0.003780201005140686 0.08527362514072603 -0.005288581130036762 0.0037838952715029675 0.9999788562995746 0.1305105192569508
0.9999961951275185 -0.000518251342828647 0.002709454932563378 19.971046448888945 0.0005372238673997765 0.9999753112152955 -0.007006307899975344 0.08115558707436006 -0.002705757010936448 0.007007736825724636 0.9999717848537423 0.15814534741492856
0.9999978621376187 -0.00025392493946452504 0.0020521311647539206 21.327563643206567 0.00026880714327762905 0.9999736456242017 -0.007255053394936905 0.09631034390299623 -0.0020502348431238955 0.0072555895121472055 0.9999715760749998 0.15487983028586905
0.9999985492521912 0.00020159598000526785 0.0016914055024279094 22.678256720578695 -0.00019293168032355086 0.9999868682411158 -0.005121144666192902 0.10504919682934093 -0.001692415693476406 0.005120810910997807 0.9999854564066091 0.19910928012278512
0.9999951412304502 0.0005531554968956624 0.0030678224342530714 24.048480432871372 -0.0005397218419349771 0.9999902709050421 -0.004377989903333645 0.10915672326072612 -0.0030702142962976777 0.004376312860914669 0.9999857107328675 0.18415395861863945
0.9999731694540795 0.001969850923965998 0.007055498515351808 25.42973608824854 -0.0019370518504247083 0.9999873007431704 -0.004652545810290832 0.10741196096474656 -0.0070645737374272965 0.00463875411349199 0.9999642862413552 0.18944179853304818
0.9999617704702826 0.002078744597457681 0.008493316127199292 26.796180404024362 -0.002035124986881236 0.9999847131697592 -0.005141176235274915 0.09709511363919734 -0.00850387348364113 0.005123694730653301 0.9999507147295218 0.21155866368441667
0.9999633290383722 0.0021768306446015573 0.008282631637399222 28.173120773564158 -0.002118754299044442 0.9999731559410069 -0.007014148387590764 0.11250232971058137 -0.008297677911102818 0.006996342310635249 0.999941098133063 0.2572321863179926
0.9999752268497842 0.0022889476798894815 0.0066563056751630075 29.52647640493586 -0.0022474956626871954 0.999978078235663 -0.0062283072625436125 0.11107330277288496 -0.006670416026656878 0.006213192949617758 0.999958450028501 0.2588822319252972
0.9999783552107063 0.0030062501465979307 0.005852484100487973 30.904248833140958 -0.002970622350289031 0.9999770626225846 -0.006086840852169852 0.11343509025986967 -0.005870648426055495 0.006069323583708521 0.9999643487636416 0.2978883674808927
0.999981910887761 0.003157123108413049 0.005119616288385914 32.295866798078166 -0.0031279063085266887 0.9999788353112303 -0.005704834065964669 0.10114787897214123 -0.00513751879675987 0.005688717190495268 0.9999706217671295 0.2591905195326459
0.9999847762962274 0.0036962311017918257 0.004096956361265662 33.67464978154168 -0.003674351896249354 0.9999790178124686 -0.005335079470167218 0.11077993433086306 -0.004116590084827146 0.005319944591122894 0.9999773756818805 0.2692874037754482
0.9999813090744409 0.004001316950472873 0.004622874044278081 35.07334533542389 -0.003976736320111655 0.9999779722473883 -0.005314187448876423 0.11849753735095334 -0.004644035961069458 0.005295704170679227 0.9999751939159937 0.27257544024511504
0.9999756733198326 0.0036122828041320835 0.005966923955491765 36.46105371318247 -0.003582634931417011 0.9999812220873987 -0.00497194122460928 0.10870782923721699 -0.005984771966904041 0.004950442963589243 0.9999698373545917 0.30244192310700585
0.9999700558591168 0.003455674814408155 0.006924283117538036 37.86169149999876 -0.0034316894679248438 0.9999880813782452 -0.003472838731027367 0.11874331410790455 -0.006936201590963948 0.003448972750407755 0.9999699963971201 0.3015770563105852
0.9999723302327864 0.0032222267335616393 0.006704925330584643 39.252953668282 -0.0032003435978741057 0.9999895261348561 -0.0032719140333374924 0.12653834442949652 -0.006715397952969065 0.0032503654353818866 0.9999721688901495 0.275138906747124
0.9999698606629157 0.0035656290979148015 0.006896669843118907 40.64742783846929 -0.00354497813967207 0.9999892037538919 -0.003004247933550294 0.1320633774676133 -0.006907307418823174 0.002979708843678748 0.9999717048194058 0.2553852980630162
0.9999643092487951 0.0035205168717209203 0.007680246710632246 42.06609904632238 -0.003501807868449381 0.99999087208385 -0.0024480789681015384 0.1451266822918559 -0.007688795109294763 0.002421096845961233 0.9999675098321095 0.2523345649587744
0.9999624500662568 0.0033678474243890194 0.007984739270302008 43.45358777840247 -0.003348227245284656 0.9999913459153226 -0.0024693053224821766 0.15188962806873352 -0.007992986413262586 0.002442477878659606 0.9999650726250441 0.2487442459326843
0.9999606259964586 0.0031854427524947307 0.00828247615396777 44.88051373249275 -0.0031637710689014268 0.9999915411088677 -0.002628357535650047 0.16419579622466776 -0.00829077857586658 0.002602050188256341 0.9999622454500089 0.2598672672822908
0.99996509929945 0.0022770802852707236 0.008038351100534144 46.28774463911664 -0.002259591274565538 0.999995061947366 -0.002184108091540992 0.15135700387283077 -0.008043284796209468 0.0021658684766298593 0.9999653066899016 0.2771954197198518
0.9999600125452189 0.0015376206420731821 0.008809598931090134 47.7251153630365 -0.001520559802746464 0.9999969563392367 -0.0019429900023084212 0.16671343135568448 -0.008812559699194419 0.00192951678507063 0.9999593070503041 0.28611787487383894
0.9999555609561741 0.0004228162186255471 0.009417926484559943 49.12385828452368 -0.0004107676909250533 0.9999990948771837 -0.0012812161087781462 0.16583519247150422 -0.009418459679130154 0.001277290592843973 0.9999548295528224 0.3005271236725524
0.9999538246386632 -0.0006489725620126617 0.009587879073257586 50.553062075204075 0.000654702246564728 0.9999996089850725 -0.0005944700755686484 0.17090287881841912 -0.009587489529485762 0.0006007198316671578 0.9999538585255852 0.3052610520318254
0.9999522980025178 -0.001829177597500463 0.009594572882663459 52.006509314468886 0.0018360545585596314 0.9999980638207879 -0.0007079959981493595 0.18390556575985065 -0.00959325925543196 0.0007255783846046852 0.9999537203855317 0.30121035100242727
0.9999382145405248 -0.0027905025689128255 0.010760120674058214 53.40699215073876 0.0027891065479331363 0.9999960999592977 0.00014474411420261542 0.1964242319346143 -0.01076048261797214 -0.00011472404809244659 0.9999420977497752 0.31437658666654356
0.9999279752735909 -0.003637058872943905 0.01143748521362186 54.872215052801906 0.0036372680039791685 0.9999933851156888 2.516591137329253e-06 0.19555211996150712 -0.011437418708970483 3.908478913295052e-05 0.999934589823582 0.3213945539554943
0.9999290796219672 -0.0036370759402606337 0.011340520489392604 56.25756919727006 0.0036417176652484146 0.9999932933872531 -0.00038868105377154623 0.2250749991896655 -0.011339030770404228 0.0004299524621636112 0.9999356186885573 0.33801732203447393
0.9999277240494474 -0.004318275365946885 0.011220480166019182 57.70255437523823 0.004323708012225188 0.9999905469484367 -0.0004599595538821754 0.22434751238995135 -0.01121838786623075 0.0005084403898630338 0.9999369426429112 0.3606852100414433
0.9999243836412277 -0.004027532241394018 0.011619207535606559 59.151013561424854 0.004034114083283012 0.9999917154593393 -0.0005430803354206129 0.2521089489927707 -0.011616924002248712 0.000589912478419106 0.9999323472515498 0.3640384128001736
0.9999170438966134 -0.0038892348539153465 0.0122792172922054 60.54630338777029 0.003890778933057108 0.9999924257031291 -0.00010186101214400728 0.24575727721605606 -0.012278728124369602 0.00014962828210629613 0.999924602381112 0.37818529592379335
0.9999098162775572 -0.0035093675859207475 0.0129631651585891 62.015865806494745 0.003515542590744842 0.9999937175868822 -0.0004535934960232689 0.2542098496677904 -0.012961491892318131 0.0004991251484992012 0.9999158717622255 0.38598125084938917
0.9999133555348076 -0.0030319801447963716 0.012809704115350587 63.418857876025314 0.0030405943247190904 0.9999951641435081 -0.0006530511086846972 0.2682923475882905 -0.012807662131464713 0.0006919436390551078 0.999917739118937 0.4019184437328885
0.9999187057901986 -0.0026208020733078045 0.012478509820756446 64.83353252806259 0.002632126854172654 0.9999961388225366 -0.0008912060601615998 0.2763893963250376 -0.012476125964325334 0.000923978631068439 0.9999217432101433 0.4034510559621684
0.999923802642277 -0.001839296981160199 0.012206797123893637 66.29964177356801 0.0018537235042883436 0.9999975966594273 -0.0011706342464116043 0.2932913544710501 -0.01220461464276738 0.0011931730739158084 0.999924809032878 0.40084635674015645
0.9999241356518305 -0.0012689290686972833 0.01225205125512982 67.66314195161726 0.0012675289397638605 0.9999991892377842 0.00012204163689362137 0.3003493807599301 -0.012252196183810241 -0.00010650254874704171 0.9999249333554396 0.39659724562653237
0.9999093868676932 -0.0006038716413609523 0.013448174333888905 69.12527833402564 0.0005741270020991913 0.999997380858314 0.0022155483965798756 0.31618906817864795 -0.013449477018061663 -0.002207626678785861 0.9999071146623509 0.3928749609422806
0.9998983405440701 0.0001686261691181924 0.014257634531364343 70.46396249789873 -0.00022931966448286038 0.9999909195172718 0.004255384294350611 0.32626611115062587 -0.014256787496008555 -0.004258221250265527 0.9998892996537554 0.3860278503231102
0.9998905733821571 0.0012458057985733112 0.014740733679616768 71.92077179679879 -0.0013413312852229484 0.9999781550742313 0.006472264265299498 0.34886133397316843 -0.014732348485032153 -0.006491328234562771 0.9998704018850977 0.37785480355080675
0.999890816177438 0.001637631018418198 0.014685839733034427 73.29533021523585 -0.0017928162990331928 0.9999426337322435 0.010560068860683412 0.3539926147931135 -0.014667703764897184 -0.010585244884837057 0.9998363921447315 0.37367294618205216
0.9998878181027593 0.0024732193862362873 0.014772758563352984 74.69685100494475 -0.0026560008924386923 0.9999200094362666 0.012366098343293871 0.378158198966831 -0.014740992807912865 -0.012403947550848301 0.999814405385416 0.36238970850755586
0.999883385580003 0.0030068373420837585 0.014972447036781774 76.16299500817489 -0.003207019595905561 0.9999055543856122 0.013364031357084919 0.3877133660119827 -0.014930849486297231 -0.013410489849365008 0.9997985939656134 0.35079717413542766
0.9998726994081557 0.0033985912835261174 0.015589565598034172 77.50963196912845 -0.0036105901613107992 0.9999011214618169 0.01359084022745022 0.38905457876778754 -0.01554183441344412 -0.013645397637612976 0.9997861043775196 0.3484537769829453
0.9998695434805477 0.0034287912213062546 0.01578415061895926 78.95356422733596 -0.0036324658529297916 0.9999102811297758 0.012893210725035709 0.3833789053244896 -0.015738526355049822 -0.012948864109780824 0.9997922912817631 0.35683766893548274
0.9998816543053036 0.003060240421221739 0.015076880057012002 80.25309206291536 -0.00326116753807221 0.9999059624364457 0.013320325459003465 0.3763028337179833 -0.015034698865551971 -0.013367917287650773 0.9997976078274106 0.34871228715159
0.9998783456794943 0.0026742835694883757 0.015366914089294468 81.65085067168631 -0.002865088641443013 0.9999189125468246 0.01240804570641334 0.3739569564934582 -0.01533248539260568 -0.01245056378505539 0.9998049301504368 0.35282595844870773
0.9998762341780929 0.0023141394579606306 0.01556152577367293 83.05284765164863 -0.002502444346355757 0.9999237564733964 0.012092105376035823 0.3785513092534875 -0.01553235648988811 -0.012129550638868367 0.9998057910930354 0.3423422217526155
0.9998848111490016 0.002163702500836005 0.015022743591411097 84.3903839634689 -0.0023450242573106643 0.9999244930848818 0.012062710730786434 0.40162926315242364 -0.014995509153010836 -0.012096549939130645 0.9998143868662883 0.3374180513553651
0.9998817183512537 0.001270963344065166 0.015327555549477534 85.81346487757733 -0.00147268658865284 0.9999123620469933 0.013156725269384233 0.3990840922539319 -0.01530949055833926 -0.013177741755721815 0.9997959624948801 0.3354234208341633
0.9998707316306946 0.000447451147295167 0.016072330751021068 87.13931686981404 -0.0006470216040580421 0.9999227344032857 0.012413967395639481 0.407481651331161 -0.016065534268841337 -0.012422761807541115 0.9997937655325372 0.33298187605607105
0.9998554115758139 -0.0008132092461045363 0.016985129769357902 88.52561469280695 0.0006057596746795218 0.9999252084780116 0.01221517521043021 0.4193687792264117 -0.01699379291907519 -0.012203120130811899 0.9997811234771821 0.33405374857241055
0.9998391387954476 -0.0019159205074234934 0.017833277359665663 89.91609137686604 0.001716623655294802 0.9999359817665605 0.01118416611869983 0.4234709909085411 -0.01785356367797791 -0.011151753994499027 0.9997784197745231 0.33950191671164703
0.9998288026993802 -0.0026406973070202213 0.018313710996311218 91.25846486100714 0.0024490074341023747 0.9999420680133672 0.010481554261576728 0.4311268229886891 -0.018340328658762513 -0.010434909433404879 0.9997773477178833 0.3372712943762461
0.9998315520145028 -0.0031330462772274654 0.018084568485184523 92.63845120519942 0.00295190791830338 0.9999452990144592 0.01003420243595242 0.4466644543877456 -0.018115016862052212 -0.009979128213855496 0.9997861087073469 0.3272402581527514
0.9998280119969775 -0.003084389814609185 0.018287508459147717 93.9537774585876 0.0029091575739109395 0.9999496780596137 0.009600945301635938 0.45349614184530534 -0.01831620125413621 -0.009546092810484491 0.9997866716873512 0.3243997505944397
0.9998258515067753 -0.0033830485868151638 0.018352701191130957 95.3420650379753 0.003209276012500472 0.9999498217698759 0.009489704414207179 0.46655849345621964 -0.018383884416174966 -0.009429152912785012 0.9997865391517933 0.3142263814961155
0.9998328197678443 -0.0034642623469717977 0.017953590211230542 96.6964344034883 0.003287812241070901 0.99994609880621 0.009848338586225375 0.47382073594883967 -0.01798673971982983 -0.009787664105026527 0.9997903174294189 0.3055833390675478
0.9998332371128561 -0.002949614885144221 0.01802214572287524 98.03842375458507 0.002740110779510638 0.9999285163476959 0.011638470157699102 0.4902814227688234 -0.018055186438894064 -0.011587146617048506 0.9997698476529144 0.29987312621152773
0.9998215908678078 -0.002891072516075448 0.018666229781956686 99.4161138556785 0.0026544413153581957 0.9999159639776988 0.012689323222802217 0.5080877238885333 -0.01870134689987149 -0.01263751092012273 0.9997452440206327 0.29278349328077585
0.9997993643357664 -0.0027133330902025334 0.019846130538189833 100.75985310540347 0.002451308883414021 0.9999096704751554 0.013215217554933859 0.5097963956281475 -0.01988019513373434 -0.013163917114892074 0.9997157041517538 0.28379959672734395
0.9997809497936301 -0.0025196210120375837 0.020777486366318047 102.10067347304323 0.00224479232399116 0.999909828039624 0.013239965905988462 0.5268563314578552 -0.0208089725159361 -0.013190424546817485 0.9996964536113478 0.2653031166993694
0.9997790344174634 -0.002590038868747215 0.02086082543771535 103.40772039553686 0.0023131228016277923 0.9999090396143178 0.013287661964285533 0.5311876787021548 -0.020893343489950165 -0.01323647219733829 0.9996940852088603 0.2509092745683793
0.9998163318992853 -0.0022633017213094693 0.019031025531388187 104.75425618630742 0.002010294578847384 0.9999094891106447 0.013303093707694523 0.5424363134301926 -0.019059411931229366 -0.013262392386283947 0.9997303875370739 0.25133786939726305
0.9998319463213443 -0.00234242872815684 0.01818219301750596 106.0986552006591 0.0021204955712673126 0.9999231362915414 0.01221576880182481 0.5505053450768373 -0.018209410034500644 -0.012175160637170508 0.9997600626398588 0.2501610482202881
0.999807418052177 -0.002210116414579409 0.0194997998264938 107.41394390813021 0.0019882420488453 0.9999331511894719 0.011390348802729846 0.5589078200256087 -0.01952367028492656 -0.01134938490521193 0.9997449763619114 0.24668909536192477
0.999781974477489 -0.0017239240574364783 0.020809411229969217 108.75794502087456 0.0015393995306969676 0.9999593860039611 0.008880123403759441 0.5650278258541335 -0.0208238747349927 -0.008846153312332877 0.9997440231442227 0.2163067499557651
0.9997685323864011 -0.0005791965986641983 0.021506886832870806 110.10821524418397 0.000397334658411102 0.9999641405677779 0.008459296880617882 0.5714226383714285 -0.021511015204100464 -0.008448793395822973 0.9997329113893588 0.22024160061654996
0.9997760428337639 3.7779469823473087e-05 0.021162767975190868 111.44411718160572 -0.00023723388493394835 0.9999555805532411 0.009422347930042941 0.5760573201569602 -0.021161471965436225 -0.009425258253363947 0.9997316422976286 0.20755334270275133
0.9998158740663695 0.0006073512751263555 0.019179392308679894 112.76577555900232 -0.0008345992653447308 0.9999295236435556 0.011842769525684874 0.5833774954457928 -0.019170847893818704 -0.011856596071419768 0.999745917581378 0.20014698816016344
0.9998297180884408 0.0014114673894096317 0.018399526814502885 114.12547592080553 -0.0016749466906696001 0.9998961700705612 0.014312359407395094 0.5876915653522944 -0.018377414964362987 -0.01434074049802412 0.9997282699719938 0.19901066538370468
0.9998285334764809 0.002850513240277737 0.018296945661403236 115.42485528862377 -0.0031435273555010614 0.9998669600012767 0.016005640679783096 0.5971349910136745 -0.018248887145098956 -0.016060413197427775 0.9997044769560118 0.19166129839842733
0.9997919328298578 0.004282293707027168 0.019943746111094663 116.77676334109006 -0.0046069674491170665 0.9998571500062535 0.016262085730156303 0.6103279966223623 -0.01987125811970203 -0.016350582313145085 0.9996688409462211 0.1959515566344659
0.999752616658202 0.005242714007642626 0.021615259307081396 118.10525337281376 -0.005606980348249895 0.999842707052222 0.016826257036518126 0.6108478832152592 -0.021523644125766447 -0.01694329083497961 0.9996247584164913 0.18422994006423737
0.9997358272264453 0.0061067948730020565 0.02215813205652196 119.45146950157559 -0.006477628656624553 0.9998395156975307 0.016702789489008402 0.6039689384976861 -0.02205257551493854 -0.01684190921796959 0.9996149428690287 0.17588049513411655
0.9997285995006804 0.007152252085626804 0.022171437267615897 120.78507393261125 -0.007519081920809748 0.9998354911628543 0.016506181211956343 0.602954200273486 -0.022049733501254207 -0.01666841027925086 0.9996179136806654 0.15584029337616234
0.9997255936092101 0.00838003715291231 0.021874927657673758 122.11008295224048 -0.0087866100484012 0.9997891983975248 0.018556784513820573 0.6026234004753188 -0.021714809844205082 -0.01874389887272243 0.9995884819706954 0.14880252016802897
0.9997156065720076 0.009626716139991626 0.021818164742316126 123.45096551796274 -0.010060802790076507 0.9997518715107383 0.019873994515333112 0.6015788754374375 -0.02162142973029329 -0.02008785073461884 0.9995644011414581 0.12562564601060533
0.999716149663806 0.010619103540345363 0.02132732382119158 124.83466942463853 -0.011081353697790026 0.9997036736937591 0.021674141353846384 0.6042918143047439 -0.021090844022917065 -0.021904324760226305 0.9995375815121709 0.11965051781412389
0.9997028474322663 0.011825653696863617 0.0213159740678384 126.16248607047764 -0.012325356865907619 0.9996486601791706 0.023465757607990568 0.5939604445859323 -0.021030986994121963 -0.02372151168519408 0.9994973674149533 0.10556839860515647
0.9996844732757365 0.012724600140947971 0.021657295368217113 127.5051131081019 -0.013214304440986445 0.9996567852718861 0.022620650256332222 0.578526812659755 -0.021362023536035564 -0.022899698931020118 0.9995095135811938 0.0957228261804743
0.9996547892692152 0.013638739396118291 0.022456337163606177 128.82029427871524 -0.01413166095264514 0.9996594118836737 0.02193983571286291 0.5689149448076889 -0.022149457100350642 -0.02224960718917754 0.9995070567685288 0.07823752370708673
0.9996245672647275 0.014555819922733271 0.023213199417217608 130.1623263389542 -0.015032969189305443 0.9996765243491873 0.020514787410113103 0.5574680035288745 -0.02290708096113392 -0.02085604879898642 0.9995200302496866 0.06694910167294475
0.9996160241270494 0.01485469618592326 0.023391073289906836 131.48446969764768 -0.01533670502614148 0.9996709043748182 0.020563764863811108 0.5348278654697266 -0.023077906910528148 -0.020914610865538533 0.9995148769603043 0.058362122033616834
0.9996157213741538 0.01479642124971867 0.023440893750687263 132.8391132051686 -0.015264655056214306 0.9996849686817604 0.019923696889946923 0.5217005794833584 -0.023138709722992905 -0.020273857796397888 0.9995266733821596 0.05327928130830028
0.9996125301037373 0.014681460818086375 0.023648348099851474 134.17339217461839 -0.01514797085959808 0.9996917650471305 0.019670126481282135 0.5097023556268718 -0.02335227266116773 -0.020020729387309144 0.9995268089232818 0.03370929400994375
0.9996192227228026 0.01420791964440188 0.023654694722997097 135.49668713209266 -0.014663186578092218 0.9997084118788175 0.019185467888702325 0.483755860980782 -0.023375211708902742 -0.019525015700649025 0.9995360790083834 0.033516566321899664
0.9996416361782059 0.01308619773243451 0.023352743904454194 136.85157724621268 -0.013553818056629745 0.9997085130881611 0.01997956143527565 0.4751292972143299 -0.023084480393701177 -0.020288920325285974 0.9995276216678491 0.02767694382889809
0.999642746494801 0.012117692716267302 0.023823116999360176 138.19579685527708 -0.012596083911071775 0.9997199389714668 0.02003452752105635 0.4666273168013049 -0.023573672824494706 -0.020327448096621667 0.9995154209933146 0.0208549140816008
0.99964688783231 0.011042091831675864 0.02416964739415374 139.5026002392376 -0.01152776959842829 0.9997325523243576 0.02004830045442498 0.44972655008227924 -0.023941808103450295 -0.020319843282028075 0.9995068252862165 0.012985667880436091
0.9996570407937458 0.009912404951155746 0.024239327952223243 140.88592205651653 -0.010387481487688135 0.9997548663444336 0.01955268393256149 0.43833510594293057 -0.02403957195613234 -0.019797763729977564 0.999514956131952 0.00028474503163637504
0.9996726328686076 0.008527216631901348 0.02412288685167696 142.20448534878616 -0.00900086197409395 0.9997674885078511 0.01959472904704112 0.43429077902739055 -0.02395018950383261 -0.019805441151771207 0.9995169497930059 -0.01288534318446687
0.9996758953383902 0.0076484879802110415 0.024281781462742527 143.55367486500796 -0.008128197837913059 0.9997725184808051 0.019719119920926283 0.4267495537779918 -0.02412543635451108 -0.019910095985823214 0.9995106559704802 -0.035149767409851033
0.999723876135524 0.006710596421429753 0.02251975533242003 144.92419731321485 -0.0071328759987675594 0.9997992490632825 0.018723879204970883 0.4095364099049682 -0.022389586073654245 -0.01887933971739556 0.9995710464830829 -0.046181464234461296
0.9997343126998658 0.00575650431741636 0.022319647590644365 146.23434531563166 -0.006136667497593389 0.9998366274587345 0.01700175590836733 0.4093141024476522 -0.022218130491807153 -0.017134207013669744 0.9996063093175541 -0.04148912710208864
0.9996766125239958 0.0047729626994694515 0.02497777411256442 147.60904776360928 -0.0050406378922438905 0.9999304270541117 0.010664568487335211 0.39064784538493746 -0.024925134747641686 -0.010787023614105119 0.9996311208537682 -0.05158481024918261
0.9996363024467598 0.0034977001242748103 0.026740024764587013 148.92692066125943 -0.003605474899524018 0.9999855667699031 0.003983315531620098 0.3773294323081777 -0.02672570637642682 -0.004078277297608833 0.9996344853359976 -0.07057552212401796
0.9996969059099386 0.002191037471043521 0.024521330895688295 150.27827981664444 -0.0023145627656851178 0.9999847701577568 0.005010214740133766 0.35986642694033666 -0.02450997987145355 -0.005065452333112297 0.9996867519775192 -0.06643521364525912
0.9997947959890059 0.0029473689373084866 0.020041929289605798 151.6402847875623 -0.0030008738834498214 0.9999920122820587 0.002640100000908871 0.3766317530441494 -0.020033987851593563 -0.0026997015439783846 0.9997956545926451 -0.09561732126464904
0.9998095114483206 0.0037766314749390234 0.01914883474713283 152.94873598334706 -0.0038546058480762174 0.9999844232347562 0.0040367439363572675 0.38165024170940764 -0.019133291176022967 -0.004109786193251474 0.9998084950760417 -0.10701875473354393
0.9997920582346658 0.004711390542970561 0.0198404407723847 154.31883022125092 -0.00482361015394856 0.9999726184536128 0.005612052040748098 0.3858815682232277 -0.019813456941523908 -0.005706587612308086 0.9997874082933079 -0.09353642132360634
0.9997534891338793 0.00566109155654856 0.021468884624560345 155.64473142136663 -0.005724955286083764 0.9999793653175895 0.002914416923360606 0.38214447930633105 -0.021451942839907312 -0.0030366068924382907 0.9997652690341738 -0.12368061834607359
0.9996928783609872 0.0060536148991017745 0.024031285878575465 156.98298974664553 -0.00591230560544831 0.9999648387487383 -0.005946924300636598 0.372546322280807 -0.024066441298044715 0.0058030175652922684 0.9996935187298078 -0.14403053490155596
0.9996677932298658 0.006276811671947776 0.024998096210814603 158.32599451383234 -0.006081655778889618 0.9999504959531229 -0.007875221018515718 0.3547796534521552 -0.025046289983096135 0.007720575000495325 0.999656479036546 -0.15725549749720763
0.9996673372018847 0.006150290163670493 0.025047731685645565 159.6485619277668 -0.005950609297992234 0.9999499830137575 -0.008038763572140515 0.3484311259995271 -0.025095919602120247 0.007887040109495001 0.999653934828266 -0.16675609987706155
0.9996578703217801 0.00708590123777617 0.02517801237928757 161.02454088112634 -0.006911129684260352 0.9999514649159356 -0.0070216877573710855 0.3473273402930197 -0.025226545348311393 0.006845276920852926 0.9996583234253924 -0.19006338510444928
0.9996636873225555 0.008112429215510784 0.02463129596459277 162.367059390053 -0.007963965847934698 0.9999495618742537 -0.006119555168565932 0.34863001389060116 -0.02467969806632502 0.005921334284730033 0.9996778732690064 -0.22291794836853984
0.9996918047713026 0.00909038692615709 0.02310108955501041 163.7042550691053 -0.008990701771275426 0.9999498346047709 -0.00441537716973849 0.35588574592650374 -0.02314006816662051 0.004206321364781252 0.9997233837946476 -0.25399343622455456
0.999691715161123 0.009800575083018466 0.022812789532502206 165.06421684309817 -0.009709257976759601 0.9999444166574543 -0.004110219595646952 0.3543835313230168 -0.022851804037162023 0.0038874572185205736 0.9997313052658805 -0.28057226454162915
0.9996647608865155 0.010053320247802939 0.023859937001196124 166.40932517236294 -0.009938922751852536 0.9999385613113494 -0.004908300838524569 0.35705957769141794 -0.02390781579815773 0.00466951331338379 0.9997032619678589 -0.30090805413097366
0.9996713897727846 0.009786330174233294 0.023692619345910115 167.73517847703312 -0.00966117353357376 0.9999387962910989 -0.005391233426810782 0.3422504380155525 -0.023743929660093695 0.0051605633054036815 0.9997047536101183 -0.3312789341600478
0.9997118554882087 0.009355439786247307 0.022106147170614734 169.10003089658173 -0.00926353945318252 0.9999480353663207 -0.004255984473026917 0.335652576042855 -0.02214481503924356 0.0040499769679858974 0.9997465703134152 -0.3471887198243205
0.9997688352539089 0.008667145735089947 0.019676296395643517 170.48413214398778 -0.008662121681267699 0.999962425130879 -0.0003405500699890454 0.3333811213177426 -0.019678508658468354 0.00017003287320283187 0.9998063449417596 -0.363908197688714
0.9997900502714808 0.008544784945981451 0.018623695346974566 171.8059619683373 -0.008621203668074706 0.999954728484819 0.0040268881490920635 0.34314737676135226 -0.018588443330832427 -0.0041866013756568276 0.9998184545923614 -0.3804616764856378
0.9997763628629333 0.008734564140982438 0.019259585920560627 173.17055489173833 -0.008826913485969581 0.9999499250136378 0.004715194962177099 0.34337526882782093 -0.01921743632422394 -0.004884143168171433 0.9998033983172078 -0.3989480840115442
0.9997335016624319 0.009452358738998731 0.021061304993795812 174.5658005512763 -0.009608383247843527 0.9999270509496494 0.007319272538977142 0.3433082346461298 -0.020990584201850456 -0.007519687055093408 0.9997513939382423 -0.4061767964754077
0.999708777330159 0.009486215486931682 0.022189462471496783 175.90779743310793 -0.009680031942032971 0.999915789262968 0.008643573579087599 0.3476580006549271 -0.022105599078959336 -0.008855851080013561 0.9997164179861252 -0.4085972781680479
0.9996973717588644 0.008546332456531403 0.023067836915526895 177.32557610621004 -0.008722889937901768 0.9999333455979567 0.00756409627176373 0.33933362694469454 -0.023001654061179155 -0.0077630253651328335 0.9997052862457166 -0.4183335473531904
0.9997062623792862 0.00718855006995068 0.023145490004096353 178.74132331073787 -0.0073380777551997935 0.9999527108783676 0.006381897982767414 0.3371734306853719 -0.023098518881013868 -0.006549866784570577 0.9997117372876083 -0.4335176093880249
0.9997912278818619 0.00533558824066114 0.019723897905965487 180.0795368042165 -0.0054408809039094485 0.9999712137385363 0.00528852619055956 0.3219675149976018 -0.0196951127305305 -0.005394737473212156 0.9997914779303366 -0.4395643254366729
0.9998779776521408 0.003896552089941729 0.015127679533732953 181.50141208651166 -0.004032928895622616 0.9999514112225757 0.008995036325768539 0.3141877377056569 -0.015091894870684871 -0.009054947586232301 0.9998451093211502 -0.45255530116681053
0.9998801699671387 0.0032127771208395658 0.015143439822501038 182.8961832934947 -0.00339024845892098 0.9999257083346065 0.011708288812728666 0.3303389277209885 -0.015104698668715121 -0.011758225831616483 0.9998167793168006 -0.45278640429309314
0.9998596142700549 0.002932296617023631 0.0164970721125597 184.2302274432353 -0.003178749197529036 0.999883446163922 0.014932837670672354 0.3421806572952963 -0.016451361806136645 -0.014983181368095181 0.9997523978319904 -0.4621147454144174
0.9998115750072281 0.0028516576341679986 0.019201107528042216 185.67146387328958 -0.003198841511203009 0.9998315152152577 0.018075082167118197 0.35276335989628116 -0.019146328487523463 -0.01813309766971328 0.999652243970046 -0.47064704381589867
0.999778352873617 0.0031373862065428772 0.020818307642753987 187.01947819611715 -0.003569526996709358 0.9997782581926467 0.020753142468009186 0.3614053629007452 -0.02074858073066969 -0.020822854104774347 0.9995678591994615 -0.4688136244173525
0.9997713285484315 0.0033769912386902396 0.02111602573113706 188.47770260618256 -0.003786939716266197 0.9998045462230136 0.019404340735496173 0.36166162278978 -0.021046370235496638 -0.019479868633224404 0.9995887079283874 -0.48331752636557673
0.99976912987204 0.003212131110331175 0.02124545053967925 189.89541082780931 -0.003637751783628125 0.9997928559097646 0.020025284860829624 0.35463786847313483 -0.02117672582966085 -0.02009794729634607 0.9995737185408631 -0.4855027669116756
0.9997575760849151 0.0031181306599595794 0.02179601619568196 191.25732523305803 -0.0035071609027958247 0.9998348228346714 0.017833307869348048 0.35116177264241843 -0.021736809407475396 -0.01790542678487365 0.9996033747484221 -0.4910208688779485
0.99975305498187 0.0037051186116835895 0.02191121061218179 192.70064973520658 -0.0040615691273837235 0.9998597775594826 0.01624588793896075 0.35904948397897046 -0.02184794522698909 -0.016330869994435167 0.9996279157639523 -0.5065720803807732
0.9997412202923491 0.003849835205084937 0.022420330444894273 194.0756374080002 -0.00417293588116147 0.9998878639254687 0.01438214798614099 0.35421108287998293 -0.0223624474174067 -0.01447198477947074 0.9996451783518222 -0.5173194873754833
0.9997269076200318 0.004203928966342368 0.022987761129227985 195.52269942268094 -0.004492939664643023 0.9999113370546565 0.012535211316093633 0.34799654553370213 -0.022933025828668463 -0.012635070669180765 0.9996571568870632 -0.5303653302846981
0.9997150626446631 0.004568479430134746 0.02342909552402247 196.92707122406938 -0.004802586787533649 0.9999390077520203 0.009945649101659132 0.3354281871141907 -0.023382230037478063 -0.010055335479314528 0.9996760282946034 -0.5389794868906496
0.9997972446644171 0.004908583663994673 0.01952883426764761 198.346564426499 -0.005136789978593013 0.9999189111830087 0.011652658379195683 0.32384829576037233 -0.019470052649017397 -0.011750611260695232 0.9997413866519903 -0.5566782208464122
0.9998788880778275 0.005575397479657855 0.01453011077696946 199.7886109002172 -0.005841374196671663 0.9998149731126429 0.018327517214820722 0.33494284493312104 -0.014425239122511547 -0.01841017334814956 0.9997264515824064 -0.5643118039397552
0.9998751588095915 0.0067154179498180346 0.01430279543492105 201.24862753766251 -0.007132310339556012 0.9995452496234564 0.029298875480174076 0.3450692019086064 -0.014099537039002347 -0.029397229749446543 0.9994683616495041 -0.5779253278919789
0.999813630329625 0.007620830450979152 0.01773774366522714 202.68964222202754 -0.008223322528358033 0.9993830462160647 0.03414533500338449 0.37626084035347224 -0.017466584488401736 -0.034284834535639575 0.9992594600738955 -0.598682041688776
0.9997753794124167 0.008537695234886629 0.019398414389700625 204.15334663170646 -0.009202900648013322 0.9993635220652444 0.03446530697690989 0.3717594250131335 -0.019091813439826667 -0.034636087039762904 0.9992176160047185 -0.6165243626166786
0.9997748577482869 0.008311030856332833 0.019523334256673488 205.60421977380267 -0.008986928206068157 0.9993541932588764 0.03479125662172954 0.36778136854287674 -0.019221574748487534 -0.034958878443181594 0.9992038870431715 -0.6199196938979231
0.999779508623438 0.007037076327250956 0.01978417785608527 207.06822601635082 -0.007668437169883711 0.9994578167827322 0.032019799238385306 0.3559713102525265 -0.019548125435660483 -0.03216445287362119 0.9992914083305692 -0.6257030088817175
0.9997901753273619 0.005828228150934648 0.019637644347104657 208.50248463264262 -0.006433859295598015 0.9995011668998038 0.030919618699051018 0.3468255702475107 -0.01944764184797647 -0.031039476840805668 0.9993289448945236 -0.6268861031010662
0.9998049151080014 0.005506304843940774 0.018968719852635894 209.9940299994522 -0.0061141730405076715 0.9994647294003863 0.0321383193811251 0.3538363670217887 -0.018781603070902066 -0.03224802771609554 0.9993034154322245 -0.6442482765284283
0.9997969337104365 0.005287541616077972 0.01944564853295696 211.48027472817276 -0.005941722024936837 0.9994130142079283 0.03373904223895304 0.35208468570389584 -0.019255837623625417 -0.0338477316150096 0.9992414842178695 -0.6411038970350696
0.9997804282036319 0.004991568421593454 0.020351403530340546 212.92783252086542 -0.005725204032648109 0.9993299398752832 0.03615097934562098 0.36063821961354825 -0.020157316779441565 -0.03625955754770756 0.999139092952877 -0.6503281864415745
0.9997862002302179 0.004526391048254714 0.020175867101585237 214.3745078455572 -0.005254072491113613 0.9993321627344613 0.03616107363896059 0.36808843977844485 -0.01999871374565557 -0.03625934787806431 0.9991422877348235 -0.6611195258471527
0.9997967037864622 0.004314580942535917 0.019696078011005456 215.84902647317335 -0.005045721311536455 0.9992942215730857 0.03722364070167115 0.3603894086645855 -0.01952157253326723 -0.03731545419703622 0.9991128390146417 -0.664834646303683
0.9998016457873795 0.003953589863674297 0.019520199999923472 217.3037203364695 -0.0046949401661202355 0.9992636625178678 0.038080051315790946 0.36634425245970503 -0.019355273640114506 -0.038164144148226 0.9990840162287402 -0.6669216032883472
0.9998012304402445 0.0034467654853498368 0.019637194755416774 218.75741659412148 -0.004202793590244944 0.9992463075330487 0.03858955049758602 0.36449550397830127 -0.019489385218907317 -0.03866441114587091 0.9990621738283019 -0.6762990798367525
0.9998078258522223 0.003113787693557574 0.019354991367910572 220.2511821867679 -0.0038864413755506336 0.9991916577509896 0.04001158150165462 0.37234852521634637 -0.019214758340579036 -0.04007911434935397 0.9990117404990216 -0.6803996767411646
0.9998039935174603 0.0028871491128319416 0.019586702543776268 221.72034621434457 -0.0036873207298842177 0.9991547828880525 0.040940487268273124 0.3783866545389013 -0.019451946236124142 -0.041004685121689956 0.9989695879183199 -0.6806580181422464
0.9998137647291995 0.002621457089226289 0.019119723344084627 223.23974515795308 -0.0034317101332278018 0.9990918936623868 0.04246894610968677 0.3803185431030617 -0.018991030082291246 -0.042526650242351825 0.9989148235938728 -0.690118682954448
0.9998141613052439 0.002225208222008549 0.01914918540983945 224.71940891489348 -0.00304209023629806 0.9990817676463832 0.042736018106187976 0.3802659127846985 -0.019036505469384936 -0.04278632965033238 0.9989028688789352 -0.699725176411801
