1.0 8.809142651444726e-20 8.673617379884037e-19 -5.551115123125783e-17 -8.809142651444726e-20 1.0 1.7347234759768075e-18 0.0 -8.673617379884037e-19 -1.7347234759768075e-18 1.0 -5.204170427930421e-18
0.9999993011580781 -0.0003480319849955573 0.0011298482609536818 1.3160940844717768 0.0003481171165631284 0.9999999365833229 -7.515200288644408e-05 -0.058402083065748844 -0.0011298220340017183 7.554526988583102e-05 0.9999993588973364 0.018140396604628333
0.9999976844684006 0.0012037922336848642 0.001783799903291163 2.5652097675998258 -0.0012028053760217308 0.9999991230587825 -0.0005542029350592417 -0.11574037075546209 -0.001784465484192614 0.0005520560876714074 0.9999982554569841 0.031373844761168695
0.9999984091698322 0.0004055915906129057 0.0017369954710696094 3.8944829582311304 -0.0004044974431547802 0.9999997196066236 -0.0006302130534579257 -0.11314224857815662 -0.0017372505931423615 0.000629509440669169 0.9999982928376631 0.04668485731867588
0.9999982113221134 0.0006378854433875975 0.0017805770792268917 5.225808405944418 -0.0006362229888825574 0.9999993613657835 -0.0009340708397094899 -0.10551040451461681 -0.0017811717722811874 0.0009329363248863529 0.9999979785264226 0.045088914834922236
0.9999974154000406 0.00034780441641786916 0.0022468256110417402 6.55515553857689 -0.0003447878787565175 0.9999990389701403 -0.001342825422156671 -0.11235020724266186 -0.002247290492387543 0.0013420472732537728 0.9999965742914119 0.04658255884599741
0.9999953374972069 0.000523569367869415 0.003008464552590406 7.894231808027806 -0.0005164723570600806 0.9999970834588461 -0.0023593071241015317 -0.09639358362513925 -0.003009691039219304 0.002357742335046868 0.9999926913787569 0.07057195832813987
0.9999943210614108 0.0006196392592486105 0.003312686540603324 9.218280861909436 -0.0006111759838904649 0.999996548678597 -0.0025552093477718874 -0.07838471294900959 -0.0033142584154848436 0.002553170202439145 0.9999912484682416 0.08422350918553359
0.99999613535946 4.886101096395501e-06 0.00278015148338989 10.538056979720619 2.1544366006759415e-06 0.9999967934147475 -0.0025324208933622814 -0.0941799264374949 -0.0027801549422616476 0.0025324170961259435 0.9999929287760729 0.09476589148281911
0.9999999927427095 0.0001018335379187019 6.437788023080986e-05 11.874446898159054 -0.00010187049065541594 0.9999998299268117 0.0005742549526671642 -0.07363964805425373 -6.431939086836108e-05 -0.0005742615067058757 0.9999998330433549 0.12239647016409122
0.9999998747164134 0.0003094578862062073 -0.00039345009094586753 13.200611258077457 -0.0003087278790299406 0.9999982334826623 0.0018541085867528908 -0.06752304331997763 0.0003940231644335137 -0.0018539868854514354 0.999998203737574 0.12272655625232512
0.9999999550745333 0.0002141663960190456 -0.00020972287990017764 14.532838573035152 -0.0002134576584619612 0.9999942865742593 0.003373611516808595 -0.05773572176002411 0.00021044419588420041 -0.0033735665982926534 0.9999942873645066 0.12754870987484385
0.9999994545724543 0.0007745719340616691 0.0007006376472464099 15.886835860453276 -0.0007770148250290127 0.999993597083519 0.003493141841686012 -0.0381531974652752 -0.0006979274714898049 -0.003493684342269115 0.9999936535133416 0.15653064090776844
0.9999933664165845 0.001236523700684669 0.0034260957319106862 17.212605447233134 -0.001245187013186066 0.9999960302466913 0.0025276471590885614 -0.04625471605680336 -0.0034229566355366368 -0.002531896521641594 0.999990936392863 0.17015871980068048
0.9999833249777439 0.0010717151810780367 0.0056746095043134544 18.582793632724737 -0.0010589368441892486 0.9999968982291074 -0.0022543701834557644 -0.057069006598126415 -0.005677007945724248 0.002248323538702278 0.9999813581372651 0.19211118855442313
0.999989734339624 0.0010977436566226796 0.004396154482337186 19.92138823969424 -0.0010818739422779758 0.9999928963136064 -0.0036106607564092372 -0.061932889751361846 -0.00440008683337597 0.0036058676056115097 0.9999838183464117 0.21141318513908744
0.9999970220908757 0.0015170459990030375 0.001911643485979374 21.265992467220606 -0.0015079110055041384 0.9999874816984988 -0.004771021975868762 -0.09126997557714092 -0.0019188574152495005 0.004768125179947779 0.9999867913970106 0.20828856245825805
0.9999988309902816 0.0013602947968346484 0.000698295163770268 22.6283093949032 -0.0013583739192610123 0.9999953127586112 -0.0027439535532951284 -0.04624514717118496 -0.0007020244764335782 0.0027430017996483464 0.999995991543347 0.24985055491457683
0.9999935226251142 0.002721030342971835 0.0023559927181086553 23.977142525360687 -0.002720904155470015 0.999996296722367 -5.6763794823070206e-05 -0.04833165843522486 -0.002356138449221615 5.0352996765732265e-05 0.9999972230342362 0.22804180877023597
0.9999745815780167 0.003074170877633363 0.006433169614243368 25.37696517367213 -0.003074071255321134 0.9999952747098794 -2.5373806865827606e-05 -0.03900987577731589 -0.0064332172190686675 5.597140111946486e-06 0.9999793066283343 0.2460442636740164
0.9999662966007952 0.0028655522496741008 0.0076937814366458785 26.761539522019135 -0.002858486228956645 0.9999954827687992 -0.0009292461862602366 -0.04343001689742462 -0.007696409485555862 0.0009072222992198071 0.9999699706634847 0.2580229046080514
0.9999668325628462 0.0030362507675461108 0.007557443714996867 28.128121115195768 -0.002994924761436868 0.9999805350084868 -0.005473575596803943 -0.05663900130400621 -0.00757391575752611 0.005450760077014118 0.9999564615595424 0.29437143919317443
0.9999834979795983 0.0032574970671554082 0.004732069456832881 29.479109820935182 -0.003231446549221317 0.9999796407175742 -0.005502354364343681 -0.0522250411168142 -0.00474989701849865 0.005486972134862745 0.9999736654607986 0.288010060645299
0.99998895558601 0.0035653408149087535 0.003062197066554468 30.879214078592824 -0.0035482926707565395 0.9999782766907759 -0.0055547966361143095 -0.057770450367801214 -0.0030819352886659428 0.005543869715232964 0.9999798833893895 0.3155958076057093
0.9999897655558755 0.004188751866751306 0.0017097196565248498 32.26100916590463 -0.004182404056841073 0.9999844100348086 -0.003699619391355339 -0.03418326680005435 -0.0017251897896867268 0.0036924307893798857 0.9999916948030394 0.29606776143568025
0.9999883495984033 0.004826990381972946 -2.8832512268000416e-05 33.642799309486236 -0.004827046285785784 0.9999853842893611 -0.0024353299188447698 -0.050969333312752205 1.7076776765149456e-05 0.0024354407221444485 0.9999970341640383 0.3306162623598659
0.999986398217969 0.00521396402925896 0.0001340080405976356 35.02859985340332 -0.005213667650798251 0.9999841525091651 -0.0021242410771697 -0.03673062668725372 -0.00014508163347227754 0.0021235135103193767 0.99999773481828 0.32704871892540854
0.9999887041950395 0.004521298930136762 0.0014660621781025654 36.4251842772386 -0.0045182445703996444 0.9999876293765655 -0.0020800384223782554 -0.04243009488418221 -0.0014754485174931708 0.0020733908991938457 0.9999967620456834 0.3567162827239178
0.9999867177293658 0.0043703991793725356 0.0027320277931811437 37.83047154262779 -0.004368296293954946 0.9999901584701488 -0.0007752098651692701 -0.026633140057929754 -0.00273538888240664 0.0007632652617381075 0.9999959675287707 0.36142942693204644
0.9999864868135939 0.004020208898987071 0.00329607503167635 39.219250620449685 -0.00402316319946505 0.9999915108427226 0.0008901687252736344 -0.029385019667407513 -0.0032924683865460627 -0.0009034173440278329 0.9999941717275287 0.37276194899504583
0.9999824829016165 0.0044955427706476975 0.003850192867316786 40.61724006198081 -0.004507895789704002 0.9999847008408969 0.0032057697501681774 -0.016991275721273177 -0.003835722287578802 -0.0032230698626001947 0.9999874494488386 0.3965296380853767
0.9999821110424422 0.004341830710131788 0.004114134317856973 42.044160201335636 -0.004372382926907084 0.9999627152899621 0.007446495650075922 -0.015804167240061152 -0.004081649500055512 -0.007464351010681683 0.9999638111458573 0.4207821933819071
0.9999805445973662 0.004302014183373106 0.004516979158792786 43.43039510724752 -0.004337037308794015 0.9999603867686618 0.007772708720285071 -0.002456459007118679 -0.004483361923494525 -0.007792147806242092 0.9999595901327356 0.42715854123200664
0.999982072482608 0.003912059670286593 0.00453326620930202 44.873958815754534 -0.003945853649801773 0.9999643151154383 0.007469855064654228 0.001620129230974199 -0.004503881921479333 -0.007487608753715137 0.9999618246527158 0.4445408149093113
0.9999886925680614 0.0029763869458841194 0.0037088888858194872 46.266750139827394 -0.0030015913591801514 0.999972315347133 0.006808743540950277 -0.00816070003162841 -0.0036885207511250036 -0.006819799120377936 0.9999699421255752 0.45806007591931613
0.9999897242909567 0.0016650847454125865 0.004216492059406044 47.69821927186422 -0.0016919492459641025 0.999978243259442 0.006375759994659737 -0.02340083341112543 -0.004205784141574722 -0.006382828569765628 0.9999707850128441 0.47229574138809227
0.9999879335140226 0.0005977501322662216 0.00487601488247559 49.09525941245036 -0.0006312218553199321 0.9999762300868569 0.006865917291001542 -0.023988521458254704 -0.004871794877056523 -0.006868912290667511 0.9999645412006463 0.4845982999888136
0.999987189153405 -0.0001618973109281105 0.005059181587269775 50.516654184057415 0.00012278216874280255 0.9999701088390225 0.007730870132961679 -0.008315568451255978 -0.005060281969544195 -0.007730149916683011 0.9999573182534615 0.49905718768736773
0.9999848239805048 -0.0016529318743480409 0.005255437650436087 51.98554704835448 0.0016100169545834166 0.9999654139190589 0.008159584002325691 -0.01829677888422961 -0.005268743121922994 -0.008150998828598838 0.9999528996727852 0.5069393724788186
0.9999784539136494 -0.0021260332006158775 0.006210611185501821 53.38374207257507 0.002070712535038124 0.9999582472309825 0.008900333945349859 0.013621615345323124 -0.0062292742807519156 -0.008887281787554055 0.9999411044478389 0.5202842260824118
0.9999685871278293 -0.0030249562316102194 0.0073262812783523356 54.83936653490853 0.002962544480945495 0.999959359862094 0.00851480794788998 0.02508314253640963 -0.007351740458633779 -0.008492836039149318 0.999936909833936 0.5487803139192604
0.9999632269669707 -0.003352314423998091 0.007893459432037968 56.225066370435755 0.0033263043028141136 0.9999890030562361 0.003305974331463979 0.030677772627762886 -0.007904455293545224 -0.0032795967126878173 0.9999633812454907 0.5289182363892055
0.9999605198887598 -0.003941905182309159 0.007963670468760542 57.66571304301241 0.003912577927216615 0.999985519768355 0.00369485961525034 0.03545841280473153 -0.00797811993923267 -0.0036635552604860136 0.9999614632400033 0.5550492879997239
0.9999579190250069 -0.0035459146346601576 0.00846089053122752 59.10645442588138 0.0035123426614875907 0.9999859135502756 0.0039794660507395324 0.06463606244797927 -0.00847488219422588 -0.003949581044161159 0.9999562876352993 0.5842734600211974
0.9999529168129835 -0.003891447818093856 0.008889363930323356 60.53258609792184 0.003859137635029339 0.9999858959476836 0.0036489673090386687 0.03640894156897226 -0.008903438320142478 -0.0036144902251334567 0.9999538310574603 0.5890036208574538
0.9999470740940817 -0.003022206079903411 0.009834392767006426 61.981147841526706 0.0030123427402511203 0.9999949451263302 0.0010176015935007463 0.06903418732381114 -0.009837418457116167 -0.0009879231743580763 0.99995112340849 0.5848520368682035
0.9999525113178526 -0.0028554559822731355 0.00931780447601233 63.39347414168975 0.0028724877698650584 0.9999942272689636 -0.0018150048926393423 0.06175266964524759 -0.009312568020254697 0.001841683979848239 0.999954941123342 0.5954801241577774
0.9999595813295101 -0.002306811050297835 0.00868989816332637 64.79736789633503 0.0023188444314475266 0.9999963662515062 -0.0013749342843053165 0.0715717991167007 -0.008686694872821539 0.0013950292332554092 0.999961296863846 0.6117852417884335
0.9999632656291582 -0.0014786958539195103 0.008442798756403306 66.24315327591304 0.0014933936271787239 0.9999973800733382 -0.0017348261969982106 0.08189335044465583 -0.008440211356584973 0.0017473708911077094 0.9999628540737026 0.6120851144790642
0.9999656784261947 -0.001062134278813788 0.008216680620176869 67.62232347953199 0.0010638199138058562 0.9999994139871121 -0.00020078003746500027 0.07944164844861167 -0.008216462549735834 0.00020951421484725256 0.9999662223530166 0.6228228514398068
0.9999552910751994 -0.00028472838445663367 0.009451707806538047 69.08467362516272 0.0002631656471568736 0.9999973604101271 0.0022825241774619264 0.10777732011830418 -0.00945233275732737 -0.0022799347634584756 0.9999527265340693 0.6353386060386076
0.9999436881810897 0.0004903339201550039 0.010600945214756139 70.44673481018967 -0.0005502309108391642 0.9999838986678086 0.005647977609274053 0.11650791508335817 -0.010598005130413589 -0.005653492529122982 0.999927857552473 0.6397504591957659
0.9999322626114147 0.001524491255503494 0.011538895754312646 71.88445587928874 -0.001628773523430253 0.9999578709524338 0.009033460969377774 0.13722208136269667 -0.011524638199369802 -0.009051643314216066 0.9998926194685537 0.6506825699523792
0.9999331884710152 0.001978575164015891 0.011388759129489655 73.2498544834011 -0.002126136346721145 0.9999137649986687 0.012959248065475288 0.1439933229904792 -0.011362136173464288 -0.0129825962930268 0.9998511659517471 0.6506237154032055
0.9999404668112937 0.0023509793489074663 0.010655314604137118 74.66044160593559 -0.0025215727685840455 0.9998684099830425 0.016025117433435696 0.14124205033264264 -0.010616237750957845 -0.016051031558241977 0.9998148127938151 0.6499308233493505
0.999934901764632 0.003439791151096728 0.01087934142274806 76.11179852428305 -0.0036191875008879906 0.9998570983138677 0.0165131593950421 0.1672411363633386 -0.010820984926951025 -0.016551458794000235 0.999804458630287 0.6490407343980275
0.9999299216484405 0.003664114263111334 0.011257266933421004 77.46692219838883 -0.0038567686541846552 0.999845660841532 0.017140006765119314 0.1636070057529986 -0.01119272655305795 -0.017182222295940106 0.9997897249468417 0.6528071279467649
0.9999242504964356 0.003824116606169928 0.011699119681574994 78.88354284528265 -0.004018864779937288 0.9998529953465015 0.0166684259157662 0.16041612359926982 -0.011633657852196772 -0.016714180470822432 0.9997926255860096 0.6725302001027598
0.9999404760213002 0.0033871382344117253 0.010371678209266646 80.25249363787245 -0.003551556689734841 0.9998676691790876 0.015875470873590758 0.15208409764933808 -0.010316533302189745 -0.015911361505528528 0.9998201826907003 0.669126889233001
0.9999381079046933 0.003198224319094782 0.010656064995425766 81.64872774062327 -0.0033651506194742934 0.9998713359739482 0.015683980967224176 0.16269807727785268 -0.010604533053851988 -0.015718869516499877 0.9998202143484762 0.6889276586535541
0.9999312230508662 0.0030103667287892637 0.011335204460312883 83.0184670016436 -0.003185439066124639 0.999875432042077 0.015458763748309519 0.1781541336158399 -0.011287255908984497 -0.01549380814481192 0.9998162530001284 0.6938374084183093
0.9999449600513357 0.0027817454908287587 0.010116262153426895 84.399789581198 -0.0029325330483777117 0.9998843708141854 0.014921301935184502 0.1847356205244348 -0.010073585153895113 -0.014950146940582961 0.9998374947903295 0.6831582942457324
0.999942788838182 0.00196889004705984 0.010513920415411191 85.78035224422857 -0.0021265374138418405 0.9998851709928883 0.015004088347852676 0.1918473612620015 -0.010483171712155744 -0.015025588191655804 0.99983215331892 0.6869071897155565
0.9999377343831515 0.0009086233004233367 0.011122129309989862 87.15333347501148 -0.001072656415376505 0.9998906185005841 0.014751286138297213 0.19730351822575304 -0.011107509392512769 -0.014762297863723508 0.9998293343350544 0.6928235377237024
0.9999253095477584 -0.00026909527805425037 0.012218957138434027 88.54397877762707 9.944255262684851e-05 0.9999036233434128 0.013882872033313925 0.2015665787001277 -0.012221515331508037 -0.013880620031035061 0.9998289668491085 0.6968388600443968
0.9999168975437639 -0.0017776731284732433 0.012768628928058422 89.88489365021482 0.0016152332299415929 0.9999177819608523 0.012720862396169806 0.17524847898146226 -0.012790192651678028 -0.012699180947513848 0.9998375576938463 0.7060345371378329
0.9999085217592593 -0.0024116589910052294 0.013309095165483672 91.25907397966272 0.0022587111375114944 0.9999313784368962 0.011495070303657259 0.19070253601100173 -0.01333590406421997 -0.01146395735336821 0.9998453537145582 0.7138895760243352
0.9999101450384767 -0.002423261593435354 0.01318444736734322 92.64557942901028 0.0022846211838724833 0.999942049481188 0.010520370022368023 0.21589589174247661 -0.013209176930401965 -0.010489303247171369 0.9998577359615768 0.7313111548082692
0.9999112081826651 -0.002523778443453411 0.013084582265064593 93.97109478812703 0.0024005925286806713 0.9999527326930603 0.009421758604006819 0.218724426962198 -0.013107742223362707 -0.009389511278511457 0.9998700036363509 0.7395251498074171
0.999913184165588 -0.0030001508081150055 0.01283055832624614 95.34334173199548 0.002890332158431588 0.9999591070465524 0.008569143170429321 0.2366027848320325 -0.012855742368629417 -0.008531314657773804 0.9998809661946573 0.7352234023019344
0.9999234684792644 -0.0028254028510230583 0.012044678622815587 96.71557865487817 0.00272636596872458 0.9999624083683634 0.00823096463040129 0.2300854578031226 -0.012067481634627024 -0.008197496500259535 0.9998935828067536 0.7311982404631721
0.9999322940838449 -0.0023577586884443663 0.011395096409698161 98.05772254880351 0.002247465255896701 0.9999506011340142 0.009682158418814805 0.2521089665509487 -0.011417361697992578 -0.009655892796140311 0.9998881975431887 0.7395881424041376
0.9999314792870186 -0.002003905427259003 0.01153347709553154 99.40805152121516 0.001873284482223795 0.9999341147834309 0.011325056181981204 0.27356141927431743 -0.011555411551442393 -0.011302674697387919 0.9998693524698923 0.7367146300105054
0.999918395907533 -0.0017717131307309105 0.012651583232489565 100.75796875187916 0.0016253986480752132 0.9999317923037867 0.01156584710998884 0.27745207009424433 -0.012671211660336619 -0.011544339423249717 0.9998530735174742 0.7400777778643449
0.9998932097343466 -0.002154302005555681 0.01445434571381857 102.05480057044886 0.0019841430664993614 0.9999286896543175 0.011776195586496467 0.29350533947495827 -0.014478684451198908 -0.011746258513612542 0.9998261814473024 0.7471334891359686
0.999904770067283 -0.002256871351605679 0.013614599825056396 103.435119410014 0.0021030532182406596 0.9999339212319225 0.011301784678216353 0.27296332389785455 -0.01363920686313437 -0.011272076182044722 0.9998434439124412 0.7604125061896607
0.9999348753130008 -0.0017439896022148696 0.011278458806087866 104.75148611847536 0.0016139178620466687 0.9999322064993341 0.011531594621185923 0.2736337126379703 -0.011297805180999593 -0.011512641123572117 0.9998699008833359 0.7584509547599656
0.999949318102429 -0.0017646693041500489 0.009911970981297496 106.04492647759874 0.001668087923520642 0.9999511372856066 0.009743742807632402 0.31670491742642826 -0.009928681139330523 -0.00972671493716528 0.9999034014880461 0.756368862987226
0.9999349370956955 -0.0016385965687522675 0.011288781010916758 107.42497481188758 0.0015383566837486589 0.9999593658753664 0.008882570396497336 0.2981895282240137 -0.011302877250555598 -0.00886462629895013 0.9998968263608194 0.7694470068065911
0.9999106474654494 -0.001016813632733066 0.013329035046164561 108.75336149766729 0.0009476470878256753 0.9999860597148071 0.005194452911611344 0.3080279236754743 -0.01333413102614979 -0.005181357552833064 0.9998976720063344 0.7640636894399446
0.9998981943924169 -0.0003878624375275794 0.014263604506370682 110.09777588428969 0.00032796969953607333 0.9999911216007284 0.004201089810201172 0.32621625784797187 -0.01426510731332888 -0.004195984085616277 0.9998894441041433 0.7795482239119864
0.9999126343474701 0.00010542545462339405 0.013217887795560882 111.41127293099689 -0.00016097183479651467 0.9999911612464276 0.004201370858360496 0.3070290688422211 -0.013217328034475128 -0.004203131510504521 0.9999038133366301 0.7718495112512915
0.9999397655220406 0.0013322834830351569 0.010894510014097147 112.76173336540654 -0.0013904442488666207 0.9999848143277991 0.00533270837266455 0.324430363030492 -0.01088723989435454 -0.005347535368552934 0.9999264332304476 0.7760294765815003
0.9999548625740693 0.002119930476698878 0.009261679612689647 114.09494333103768 -0.0021973548617112925 0.9999626613328241 0.008357485972906257 0.3040523807365845 -0.009243616504694553 -0.008377459934226743 0.9999221838318042 0.7867120907745051
0.9999577994234643 0.0037865433260277958 0.008370272505891289 115.39887964708213 -0.0038818086787575086 0.9999275447201134 0.01139459834250661 0.3420971526975137 -0.008326519895147563 -0.011426609280344098 0.9999000458379778 0.7812069748202595
0.9999279625985943 0.005342209101583484 0.01074850758659128 116.76917259603553 -0.005469834594581004 0.9999144739207081 0.011879636079497533 0.3527527620705909 -0.010684124808891771 -0.011937572860021974 0.9998716636805344 0.7943954277847344
0.9999001283542658 0.005772009520208461 0.012900279966789887 118.06294854624174 -0.0059319108606929105 0.9999056273084644 0.012391485399538332 0.3604416876829157 -0.0128275387609522 -0.012466771152339367 0.9998400041338471 0.7805797611397797
0.9998858408406436 0.006588863464629023 0.013597505824363918 119.43671557624629 -0.006757073312557385 0.9999007565327881 0.012362000056901634 0.34443407092815786 -0.013514704830215812 -0.012452468165090326 0.9998311301364594 0.7854748892330379
0.9998833545077177 0.007702705274796553 0.013188847934648777 120.74692264724476 -0.007863680039850374 0.9998946883336238 0.012197326692189099 0.3476555303914896 -0.013093506582444858 -0.012299616809264882 0.9998386267351951 0.7907889919984351
0.9998763553744842 0.008730924542217433 0.013078414264601674 122.05979762555218 -0.008912591785857338 0.99986370547554 0.013897344364345981 0.3315916383563824 -0.012955295083366472 -0.014012188599953113 0.9998178928684675 0.7933116766797061
0.9998714240179365 0.01006891334593694 0.01248008078402707 123.4248039075222 -0.010258958154332117 0.9998309509796729 0.015258546479614889 0.3339585078473602 -0.012324334056308735 -0.015384617223542427 0.9998056932939287 0.7820312546733474
0.9998616718736326 0.011505701044957394 0.01201066032857122 124.76759380485352 -0.011704712743750985 0.9997931511709959 0.016632936335971276 0.34425938615303175 -0.011816802344565195 -0.016771216862060626 0.9997895225832861 0.7864926220198114
0.9998588976801681 0.012396446636914566 0.011336350408192957 126.10212776639136 -0.012590859155890092 0.9997720656582995 0.017242012500098818 0.3242364429674946 -0.01112002677675489 -0.017382314003467857 0.9997870774141708 0.7886174641741158
0.9998509152746909 0.01348099274506958 0.010789349330250256 127.44164572779047 -0.013659220560686351 0.9997685859789687 0.01661927144275881 0.3231126477431526 -0.010562808245789257 -0.016764167865449115 0.9998036756072374 0.7917237671247387
0.9998288034071154 0.01422887756073559 0.011828056512269574 128.73446338700242 -0.01441671296474265 0.9997688528816624 0.015949896393929557 0.30639574752277743 -0.011598373368195587 -0.016117687521678196 0.9998028295039805 0.7874823361924487
0.9998046845777053 0.015094299908262861 0.012757539212346397 130.1103242005129 -0.015315181190234341 0.9997313558923252 0.01739716272279459 0.29695274977303193 -0.012491513982917856 -0.01758914881318926 0.9997672648784026 0.8069107013368526
0.9997900504944338 0.015525369986086963 0.013372278008342772 131.43026128220777 -0.01572337707205037 0.9997663712773303 0.014831664654024511 0.27629326126639414 -0.013138886778849201 -0.015038808122801136 0.9998005820684733 0.7940464836917015
0.9997906317344772 0.015582765779025119 0.013261602718032582 132.78081236708104 -0.015770947890789172 0.9997747117970787 0.014205733127659182 0.26254304198265777 -0.013037250423340729 -0.014411906943368207 0.9998111456868516 0.8071401138932306
0.9997783786614239 0.01558698418029484 0.014150600174465565 134.11111941879278 -0.015767410477721514 0.999794650864802 0.012729684558364955 0.2614140539871331 -0.01394927696912583 -0.012949981710090397 0.9998188414136567 0.8056220440567348
0.9997925234863686 0.014646470372399323 0.014155948798629189 135.45096312630108 -0.01480878106798457 0.9998250133203862 0.011429905606350283 0.21399022119797237 -0.013986063922329404 -0.01163716651595244 0.9998344694855447 0.8109650940812373
0.9998134134584904 0.013655790169790311 0.013662271528569195 136.78671811928066 -0.013822433164644519 0.9998303020295622 0.012178156054312382 0.20396440872734198 -0.013493650725086577 -0.01236472960937312 0.9998325033983425 0.8154249181371555
0.999795062294866 0.013296106537638994 0.015265875728065655 138.13319912824437 -0.01345403408711013 0.9998565476665623 0.010289463304107082 0.23438631134500543 -0.015126876002263956 -0.01049274221752546 0.9998305256308034 0.8295989443213486
0.9998153782236476 0.011714584884031744 0.015230822975115505 139.4777055768301 -0.011867256776426516 0.9998798521419499 0.009972436873450778 0.18284555504882713 -0.015112170066104016 -0.010151343831602632 0.9998342725343564 0.837469386242696
0.9998262073336668 0.01072860268479814 0.015246383610782968 140.83729353154328 -0.010863890589671363 0.999902100215272 0.008818495696191012 0.19671958715921015 -0.015150280856507556 -0.008982598149746628 0.9998448789289511 0.8281695543177324
0.9998481255931777 0.009187549817049775 0.014809276692953004 142.16824348723821 -0.0093228186741057 0.9999152153071167 0.009091053255392157 0.1778582283534151 -0.014724496588303397 -0.009227736758374665 0.999849007637923 0.821083668903585
0.999859042487907 0.00819909223516793 0.01465162249325287 143.51854774492736 -0.008331642795830109 0.9999247098358346 0.009008795038447768 0.16332838677855863 -0.014576655428742105 -0.009129597266105325 0.9998520748442093 0.8232726532638228
0.9998924498425725 0.007732449851379467 0.012461860499720073 144.87093435826344 -0.007815226600672603 0.9999476305238939 0.006607453581388191 0.16034535128900193 -0.012410116075150994 -0.006704135212386602 0.9999005168465788 0.8193816224729389
0.999914492277851 0.006308767794431722 0.011454587798925041 146.17501500327012 -0.006351201135493143 0.9999730893555636 0.003671894446547448 0.1492177168041559 -0.011431114419156686 -0.003744330862252491 0.9999276521876621 0.8456447675340796
0.9998807293126664 0.005799831698936628 0.014313947793483849 147.5767574912846 -0.005724574625552082 0.9999696062942391 -0.005292989051643672 0.14485599732574805 -0.014344211185250186 0.005210416490871377 0.9998835408013599 0.8383884360023006
0.9998640806463858 0.0044301822794257555 0.01588060824178 148.8992135942916 -0.004234285260396584 0.9999147942115345 -0.012348082654335287 0.13608080901071037 -0.015933959378993567 0.01227916128551823 0.9997976450945626 0.8416652884879608
0.9999107325079439 0.00351714454516127 0.012890178806957952 150.18854589967847 -0.0033393675514023667 0.9998993739878153 -0.013787331980180298 0.0870653819005172 -0.01293737375913468 0.013743056174792555 0.9998218605167587 0.8492478523402365
0.999947315198206 0.003138710017376646 0.009773194325632374 151.60191555492077 -0.003004368791716922 0.9999012206210102 -0.013730359382678373 0.1241446545374226 -0.009815324552102734 0.01370027372138842 0.9998579708658105 0.8496356371100174
0.9999673171379133 0.0038117478199737884 0.007129883208069559 152.91206234356818 -0.003758072990375513 0.9999646140270464 -0.0075264587382768405 0.07750133356497274 -0.007158319872902948 0.007499418130555118 0.999946257148003 0.8664364962363976
0.999957268458143 0.0051917859276122864 0.007648961799552664 154.28282477481807 -0.005120603909568977 0.9999436758682726 -0.00929647818521918 0.10485854937243509 -0.007696796303039063 0.009256913628677556 0.9999275318125513 0.8661793217364012
0.9999412101988394 0.005279845997220468 0.009470975257390152 155.6254239626575 -0.005203664717686988 0.999954055849252 -0.008050345591138859 0.09105591555926626 -0.009513044706420812 0.008000588533133315 0.9999227432974696 0.873472598630572
0.9999032022179075 0.005809289409826556 0.012642719285313311 156.94453450889372 -0.00557913821236167 0.9998194547857261 -0.01816400420559238 0.09406160174879136 -0.012745956660122532 0.018091710491998505 0.999755085308543 0.8672260260093506
0.9998915658612213 0.005638511027900033 0.013603812442960835 158.2836234854817 -0.005351457199275839 0.9997641881874372 -0.021045900402670514 0.0675675683396922 -0.013719272044803438 0.020970818088550044 0.9996859538691426 0.8683939913946013
0.9998870779383358 0.005425338149038361 0.014014174178495039 159.62017928252448 -0.005118019147062181 0.9997476634435575 -0.02187270717486949 0.05135933257927229 -0.014129304722700017 0.02179851245190532 0.9996625368607834 0.8790568113209286
0.999869129885465 0.00749760875483494 0.014335583875186695 160.96035452346598 -0.007189137052485872 0.9997440809048366 -0.02144968540990821 0.10343222158344995 -0.014492736474650502 0.021343817809915757 0.9996671456193673 0.8698802930240752
0.9998699604987659 0.008193180271944493 0.01389006440689749 162.3162830940099 -0.007916622915632431 0.9997716291184411 -0.01984985368887707 0.07689744913806099 -0.014049525750288672 0.019737310021620543 0.9997064816331354 0.8582968974385705
0.9998736250210924 0.009223334753208487 0.012948516641303882 163.66445163696167 -0.008997632527189804 0.9998084342349206 -0.0173821011854744 0.08420468699860843 -0.013106357086754622 0.017263398528293065 0.9997650716419171 0.8707630065954333
0.9998722536683101 0.01001831522464307 0.012454304649968337 165.01984453331977 -0.009809039439195305 0.9998115502635766 -0.016752513388257565 0.10857940711630977 -0.012619789599468334 0.016628208550626338 0.9997820980548022 0.8556371206256603
0.9998505159810036 0.010773078513986536 0.013523552486392991 166.36785428095382 -0.010532687228437067 0.9997874587754407 -0.017722860240216215 0.11005355554306642 -0.013711607938847402 0.017577771607282865 0.999751475994436 0.8425760493457113
0.9998599821332517 0.010308083160202947 0.013181788575763052 167.68971530881646 -0.010077414396621985 0.9997969973303938 -0.017447345018865065 0.08714301106760383 -0.0133589613208712 0.017312063732868477 0.9997608867132864 0.8332870663106408
0.9998809495429629 0.01005040385623262 0.011707951289173582 169.0743100174617 -0.009861591475302672 0.9998221644329037 -0.016074468024726733 0.08483515509421961 -0.011867424094439137 0.015957095319335184 0.9998022481242641 0.8283923567388418
0.9999142925481233 0.008646115422810366 0.009831187419719176 170.48841019195876 -0.00851780388949484 0.9998789652120953 -0.013019291197658697 0.05448446089396495 -0.009942563798453116 0.012934435220942868 0.9998669140493793 0.841093166990027
0.999933157951811 0.008800842106692786 0.007498320260681055 171.85933362299818 -0.008743897184909996 0.9999329385627475 -0.007593591988548083 0.06552540525909958 -0.007564647416661251 0.007527519875887533 0.9999430546556037 0.820008532943634
0.9999255658382363 0.008691413592831302 0.008562833225123943 173.20732033050086 -0.008638243670096801 0.9999433014737344 -0.00622692412867175 0.04993542552343705 -0.008616468498112888 0.006152492792888846 0.9999439500807304 0.8159286460415727
0.9998880606238618 0.009986331007464969 0.011141786879204195 174.57510427557693 -0.009984124543736568 0.9999501252179142 -0.00025364103163296164 0.07060581049600693 -0.011143764128310508 0.00014237165137237295 0.9999378961972416 0.8481406975695867
0.9998565102659163 0.009623391241231247 0.013940918903787767 175.96196228132084 -0.009646521883298644 0.9999522025060459 0.00159289637544379 0.04305814508628169 -0.013924923497773115 -0.0017271491904451352 0.9999015518846118 0.8489610887220397
0.9998518223523961 0.008686529221961177 0.014861949692706471 177.39313013393047 -0.0086573393117357 0.9999604695220857 -0.002027281236352608 0.044161764351600685 -0.014878972230433092 0.001898315897264268 0.9998874999629309 0.837623234118336
0.9998663667359048 0.007428802882260298 0.014562333538190085 178.7889324972322 -0.007388293160608592 0.9999686913051052 -0.0028336431899296283 0.04097384191229894 -0.014582928187229031 0.002725673731658166 0.9998899483984197 0.8280397064785849
0.9999279881172547 0.005792740677160834 0.010510125366840279 180.1312043175874 -0.005727467256484938 0.9999641907597882 -0.006230033462834791 0.05221838165415805 -0.010545837975496597 0.006169388427495436 0.9999253591882873 0.8087721833493228
0.9999664150848497 0.0036945447876708666 0.007315670930683103 181.54951371470963 -0.0036645118318744036 0.9999848212191346 -0.0041144482460836445 0.06057136853392414 -0.0073307609010388715 0.004087501700004822 0.99996477551685 0.8330855961026978
0.9999775856120523 0.002313691670950592 0.006282921640642277 182.93989208925578 -0.0023150653485515087 0.9999972978933374 0.00021137278892011455 0.03649240118246427 -0.006282415612056661 -0.0002259134253063374 0.9999802399133703 0.8303863549934811
0.9999701560152474 0.0017236666256117167 0.007531006055341224 184.2630854105275 -0.0017439584254609678 0.9999948647415184 0.0026886984959851074 0.04117537252985209 -0.007526332961814643 -0.002701752015970599 0.9999680269129569 0.830957833649708
0.9999425567136828 0.003566642027529715 0.010107538649481758 185.71895520519706 -0.003628787639650396 0.9999745855528301 0.006136786513487656 0.08057504690918844 -0.010085394051281749 -0.006173112107621422 0.9999300863129067 0.8352303089361827
0.9999161400536388 0.00333769695547101 0.012512898915328278 187.08385189419744 -0.003451816089108196 0.9999525485584706 0.00910964308337819 0.08533970702813672 -0.012481899932252214 -0.009152071374995165 0.9998802137074362 0.8460342105309485
0.9999074763057243 0.003641071515718248 0.013106541349065264 188.53724878700487 -0.003721861445663659 0.9999741931042682 0.006144987619756593 0.0829431641421355 -0.013083828770532529 -0.006193199793733817 0.9998952233614371 0.8333238012576657
0.9999003822399491 0.003463968179554378 0.013683074247212395 189.95065421071465 -0.00353670868963335 0.9999797245944103 0.005295478423345595 0.07541393887848057 -0.01366445344857833 -0.005343343947237677 0.9998923599005111 0.837191831297009
0.9998872367259416 0.0039052158431978116 0.014500452468079275 191.31197394848203 -0.003933921816372717 0.9999903575847563 0.0019516650977667777 0.08703790173195784 -0.014492690975234942 -0.0020084886679319408 0.9998929582118113 0.8362062680511538
0.9998834924992639 0.004286964859135774 0.014650029343687155 192.7666246353154 -0.004290220950990688 0.9999907787500376 0.00019083785044163285 0.09383278700795393 -0.014649076136945983 -0.00025366747922354703 0.9998926643501012 0.8328254898923209
0.9998705814197114 0.004616842439829426 0.015411202980115835 194.11499666671358 -0.00458899437228918 0.9999877742370684 -0.0018418759581793382 0.0746915862040685 -0.015419518217494328 0.001770915661461805 0.9998795439029946 0.8349889460503295
0.9998505006575249 0.005084356648833247 0.016526513617948532 195.55189820517103 -0.005007383661832526 0.9999764384770021 -0.004695593648698849 0.07477813757995104 -0.016549998300905828 0.004612137066258269 0.9998524019813735 0.8354289701919998
0.999831944796668 0.005525247785700043 0.01748009728288662 196.98384340793748 -0.005373363817814913 0.9999475077214143 -0.00872403364353042 0.05957315002273015 -0.017527382160321632 0.008628640602010833 0.999809150506219 0.8328833683107383
0.9998725471209381 0.0057001424310843644 0.014913010767537177 198.39939300667342 -0.005612725344197883 0.9999668602028908 -0.005897101846044478 0.06382120576704384 -0.01494613087383912 0.005812647609942827 0.9998714048814801 0.8451521526570068
0.9999397737185662 0.005768869184128212 0.009336438507214906 199.83228234480168 -0.005763886029547585 0.9999832315591897 -0.0005605517625691574 0.07416945564503766 -0.009339515699487612 0.0005067038351434805 0.9999562573921533 0.8383758558862943
0.9999374817487404 0.007038008919320626 0.008689017461076776 201.30086804328167 -0.007127715893518362 0.9999211705699379 0.010336745725143284 0.06245568264402353 -0.008615582402172214 -0.01039803233773321 0.9999088221749896 0.826396749235819
0.9998965583222016 0.007865477138605796 0.012041882111955159 202.72374395218344 -0.008059991655295624 0.9998364344340394 0.016190766280308074 0.0817391100245444 -0.011912564372658013 -0.01628614894961561 0.9997964053558396 0.8176338637893668
0.9998589547755317 0.00898864116419809 0.01418713802014195 204.1486063057113 -0.009235325486882676 0.9998056208151999 0.01741922356146471 0.06315010749820359 -0.014027805185865995 -0.01754778950051076 0.9997476160338233 0.8109345004274469
0.9998463126006161 0.009261349272659116 0.014885516067673885 205.60745572233355 -0.00949214578492449 0.999834661500132 0.015509636724115709 0.09529372597184069 -0.014739414755983402 -0.015648548576980385 0.9997689095886534 0.8094353424995678
0.9998578195890185 0.007594422032368275 0.015055409681837346 207.0475654027741 -0.007792796128026593 0.9998830143530198 0.013161684422051245 0.05993708842339602 -0.014953693028837261 -0.013277136826625386 0.9998000323577142 0.8123472166104112
0.9998713237562828 0.006160685275351984 0.014811545726113831 208.51095402874242 -0.0063418090940273505 0.9999053094333469 0.012212846695908715 0.03312928215693155 -0.0147349037076464 -0.012305207188053262 0.9998157152639608 0.8163877189651217
0.9998807853462602 0.005808566608265309 0.014306489761757434 209.96699962096167 -0.005978623114160205 0.9999116433521353 0.011872723128698416 0.048769549453784804 -0.01423626218516484 -0.01195684083649382 0.9998271664623871 0.8024785183676666
0.9998781564285409 0.006095845161856745 0.014370559099240812 211.45065554601547 -0.006281646342301485 0.9998968044136657 0.012919808147564882 0.06621779766287693 -0.01429031897098016 -0.01300850472200019 0.9998132653593896 0.8064089498885766
0.9998704249619178 0.005919954726853887 0.014969549843130803 212.87435365975435 -0.006132966102968997 0.9998800250153865 0.014224004429480885 0.06638619716132614 -0.014883548409361607 -0.01431396909532988 0.9997867724047385 0.7945617076984794
0.9998749184108376 0.0050786057032766755 0.014978494484805701 214.31479534357248 -0.0052884297588440396 0.9998879795501394 0.014002173467917784 0.06095352665534251 -0.014905705069082844 -0.014079634769784818 0.9997897698222076 0.8040266671580211
0.9998831484226932 0.004888466010814535 0.014484212107797751 215.78424752517864 -0.0051032969349784855 0.9998769701622613 0.014832427297310448 0.06617510302083661 -0.014409922300831575 -0.014904611340040771 0.9997850802547947 0.8043288862740542
0.9998899554724339 0.00478900468246414 0.01404073999067604 217.28003430927623 -0.004983091981086778 0.9998920697850695 0.013820910796247752 0.07018241816161926 -0.013973036164071912 -0.013889356179504707 0.9998059011854633 0.7938792519148758
0.9998934994447136 0.003931514621730219 0.014054641972797939 218.75919414225413 -0.004142888216945767 0.9998782788792714 0.015042071089042819 0.04950070574443977 -0.013993793103597895 -0.015098695910741675 0.9997880791129531 0.7995173766684708
0.9998993693568828 0.004337951987892411 0.013506788376913097 220.21885618699636 -0.004542957524727267 0.9998743889859827 0.015184458727139633 0.07534110230370934 -0.013439222322608491 -0.015244291471184331 0.9997934781148079 0.7812192543834467
0.9998991443545786 0.003997232642898284 0.013628031779393299 221.70772891366113 -0.004193759048583348 0.9998871912630012 0.014422799077458828 0.06125625373245169 -0.013568843135066106 -0.0144784971383383 0.9998031104255434 0.7875954046176903
0.9999036624798482 0.0034967354585811166 0.013432743596103412 223.19825132758575 -0.0037214030480844764 0.9998530021106145 0.016736945054142898 0.06270400749163192 -0.01337224434190698 -0.01678532131132414 0.9997696915138686 0.7931425798079093
