1.0 -2.1684043449710093e-19 -2.5135375298442207e-37 0.0 2.1684043449710093e-19 1.0 2.3183291766350204e-18 -8.673617379884035e-19 -2.51353752984422e-37 -2.3183291766350204e-18 1.0 0.0
0.9999995295397155 -0.00043795438269228005 0.0008655150527340376 1.3229969388795335 0.0004380674950230034 0.9999998955329614 -0.00013050262823914883 -9.86459097629952e-05 -0.000865457808118253 0.00013088172085390113 0.9999996169263053 0.01638626271902344
0.9999991265080042 -0.00038896365970504643 0.0012632064360283822 2.6205887572793536 0.00039036749806347563 0.9999993063425473 -0.0011112729820306668 0.017414738575012374 -0.0012627733149898016 0.001111765126078582 0.9999985846899281 0.02467139262428871
0.99999942015976 -0.0008114536291936542 0.000707971151666384 3.945272693602264 0.0008131175266566 0.9999969008291328 -0.0023531196351864753 0.01441100268563415 -0.000706059510074917 0.002353693934504808 0.9999969807978577 0.05799678738693745
0.9999994478882032 -0.00020206840918091652 0.0010312088279171609 5.246513513534789 0.00020577272744773585 0.9999935226585143 -0.0035933686980193524 0.019290332211175633 -0.0010304760421290303 0.003593578908731193 0.9999930121304615 0.06932095006823348
0.9999971139651416 -0.0006269175415933096 0.00231927484003644 6.578377299135796 0.0006352688496552028 0.9999933115518034 -0.0036018446865994326 0.020418754171119484 -0.002317001268070695 0.003603307654609777 0.9999908237974335 0.07076361864011654
0.9999939338999474 -0.0007025771656648917 0.0034115317137524137 7.906120279960876 0.000719612859301848 0.9999872664627323 -0.0049949043759972105 0.02278191562183912 -0.003407978967126941 0.004997329058498645 0.9999817060234856 0.09949584831521874
0.9999916059724258 -0.00022249398706016213 0.004091268888077515 9.224301085207204 0.00024233951996566026 0.99998820520369 -0.004850847870199131 0.04054046678646156 -0.0040901413479110665 0.004851798628186737 0.9999798651942077 0.11696172686904063
0.9999948301044485 -0.0010074542462703755 0.0030536536013542176 10.549580863752475 0.0010200709346472523 0.9999909391225268 -0.004132932147437397 0.03233976214071788 -0.0030494621925316067 0.004136025723893095 0.9999867969486136 0.1242679056358032
0.9999991323013553 -0.0004983339654649751 0.0012194506122151197 11.872067739941249 0.0005005737878025551 0.9999981871848547 -0.001837131701195461 0.05777039162215753 -0.0012185328964508424 0.001837740532130768 0.9999975689407035 0.1294539548368831
0.9999996356489361 -0.0008369851366315683 0.00016780308669387813 13.226981194142455 0.0008365990685575745 0.9999970331712895 0.002287739193505207 0.06014544592977263 -0.00016971739255231615 -0.002287597976058969 0.9999973690422922 0.1487517687855453
0.9999997834251673 -0.0005612655979473547 0.0003437012470267288 14.56755122303328 0.0005597530980599041 0.9999902290877887 0.004385020572480639 0.0739263296277482 -0.000346159049945642 -0.004384827234957711 0.9999903266852294 0.15833043598250984
0.9999994122674938 -0.000151262060314971 0.0010735848621312837 15.915315101907057 0.00014510728292534285 0.999983568958381 0.005730685572888097 0.08126349257598456 -0.0010744340573205049 -0.0057305264197955695 0.9999830031847584 0.17858892759675332
0.9999916310070599 -0.00014971263399667176 0.0040884596081350415 17.27675004078591 0.0001377259703722618 0.9999956923323563 0.0029319529819893035 0.08120793192710621 -0.004088880946813562 -0.0029313653574286388 0.9999873439947848 0.18903409044724917
0.9999853694031052 0.00030187772324936733 0.005400911920724316 18.607323959903884 -0.0002925707192087271 0.9999984712234606 -0.0017239353572102733 0.08348102031663657 -0.005401424081617544 0.00172232998632196 0.9999839289695154 0.2087931582150187
0.9999905534712534 -0.00028816549685260995 0.004337041491922132 19.959815554212128 0.0003031269537425826 0.9999940047554057 -0.0034494299957682282 0.08533367291212453 -0.004336021483588983 0.0034507120848043154 0.9999846456340226 0.22469410476695387
0.999997834210499 0.0002471174614360752 0.0020665205712781286 21.30047822789821 -0.00023948581982753006 0.9999931543051291 -0.0036924232450111375 0.09475844994044617 -0.0020674188867677076 0.0036919203456264368 0.9999910477115823 0.23926415276552246
0.9999999854641615 0.0001369441039545959 0.00010157750394517993 22.670806883067996 -0.00013684519674269028 0.9999995171937951 -0.000973080453478172 0.10445676959714724 -0.00010171071253370803 0.0009730665389401196 0.9999995213981063 0.29660299671417084
0.9999972602270311 0.0008975590090397915 0.002161926515103812 24.034092004629063 -0.0009007875203921389 0.9999984800059949 0.0014928387532202405 0.10915502704912473 -0.002160583318116472 -0.0014947820996057879 0.9999965487471445 0.2645995982969631
0.9999705089279974 0.0019675093014739 0.00742362320100041 25.414887837414803 -0.0019667886295586514 0.9999980604220415 -0.00010437739924060697 0.11937125841456306 -0.007423814165808348 8.977362333735512e-05 0.9999724390821618 0.25471136201117317
0.9999671441538207 0.0016627166489144244 0.007933850653837853 26.803122435811467 -0.0016550659601947215 0.9999981591718153 -0.0009707778571445632 0.10975070083467534 -0.00793545017748743 0.0009576149152661789 0.9999680552918452 0.27713933715804157
0.9999726797628484 0.002226050848955026 0.007048718005808624 28.171758860752274 -0.0021945866650664703 0.9999876084775381 -0.004468409196061296 0.10874569332760814 -0.007058577567545498 0.004452818095521008 0.9999651738404348 0.30841683471067993
0.9999874789011185 0.0018762365245724667 0.004639156980411015 29.526260179909706 -0.001855147119734846 0.9999879456832008 -0.004546088148718046 0.11431054746823235 -0.004647630595171642 0.004537424907988605 0.9999789054300372 0.2954197494498752
0.9999922141008164 0.002639752100434377 0.0029331632404530324 30.909627387917944 -0.00262729862004741 0.9999875533137479 -0.004241523257685611 0.11319455488822182 -0.0029443233022189686 0.0042337839378791264 0.9999867029285237 0.3299624274117376
0.9999953148392532 0.0026153048266494396 0.001590748316533858 32.29847241639277 -0.0026108518003292195 0.9999926857083897 -0.002794992414718669 0.1307582572404408 -0.001598046438489455 0.0027908261116238267 0.9999948287552267 0.314228297028473
0.9999950263415875 0.0031531388399675684 -7.076399970462336e-05 33.68330974059444 -0.003153182223733067 0.999994835529201 -0.0006215760535446477 0.12997745083942158 6.880371864958788e-05 0.0006217960938236288 0.9999998043178139 0.34574358678490674
0.9999927298757408 0.0038128680847936453 4.725073041555086e-05 35.066087182336695 -0.003812870608856653 0.9999927295542973 5.344404747076828e-05 0.13307962056997139 -4.704661177875747e-05 -5.362381984715072e-05 0.9999999974555511 0.36046145066804364
0.9999952592005447 0.0028804347195282485 0.0010884265073149424 36.46653763448632 -0.0028783055753793985 0.9999939511490007 -0.0019526961936684353 0.13188057488901736 -0.0010940445374981091 0.0019495541122429886 0.9999975011495346 0.3664581694992315
0.9999937935779648 0.0026742877537255672 0.002293684930631495 37.86650585951904 -0.0026735282668735325 0.9999963702976061 -0.0003341230601838754 0.1423333317824435 -0.002294570146445898 0.00032798875497780703 0.9999973136820016 0.3814151246380864
0.9999917643027252 0.002311365730147986 0.003336002875360113 39.266065111003414 -0.002320741238838433 0.9999933610523044 0.0028092724000804564 0.14366923957186498 -0.003329487471859315 -0.0028169912632091385 0.999990489491474 0.4028554704903965
0.9999924628436425 0.00254665746269821 0.002930664032940528 40.666800895040424 -0.0025653692738031174 0.9999762362681995 0.006398888917229681 0.1556726756094611 -0.0029142986112124115 -0.0064063589232653435 0.9999752324077587 0.43465062377515196
0.9999909806470215 0.002589356751445181 0.0033665793057339123 42.091895933381096 -0.0026107939344252305 0.9999762462812435 0.006378920622324187 0.1586710662862674 -0.003349982035775564 -0.006387652533418644 0.999973987419409 0.4280952288452805
0.9999896313645538 0.002536206979951572 0.003782171008649723 43.4660388954033 -0.002569579069195002 0.9999575813600883 0.008844927579670269 0.17606525031317863 -0.0037595780070348965 -0.008854554457300589 0.9999537301488363 0.4497163427408362
0.999990336809983 0.0018133430542346318 0.004004756375162993 44.90014290453053 -0.0018382386200936865 0.9999789561110802 0.00622159254288341 0.1705904114666606 -0.003993390217890768 -0.006228894120285351 0.9999726264816482 0.44481703002748135
0.999994252311998 0.0010080982898417854 0.0032371408381605122 46.29879322852449 -0.0010298984621226889 0.9999767569278036 0.006739800687695416 0.1613450164094635 -0.003230271215515161 -0.006743095875794764 0.9999720476122741 0.4820564286853161
0.9999914126407334 0.0002511857009051161 0.004136610996203113 47.734492417107376 -0.0002703401752285397 0.9999892423241677 0.00463056714956774 0.16888131508359788 -0.004135403363627919 -0.004631645677365584 0.9999807229628677 0.4693862206892282
0.999987759848518 -0.0008946764109918448 0.0048661799455418965 49.13734460844477 0.0008648083283882545 0.9999807973326275 0.006136535876023987 0.17943342507972534 -0.004871576715800511 -0.006132252450950949 0.9999693311398005 0.49666524138378354
0.9999852561204787 -0.0018285901616525101 0.005113100789271508 50.56575192397637 0.0017956947419185858 0.9999777101393585 0.006430762383948155 0.18217147663773597 -0.005124746047794683 -0.006421486001360143 0.9999662501782147 0.5082549247101743
0.9999808919441566 -0.0032457937271826334 0.005261232711962429 52.01967674547417 0.003206366765550329 0.9999668460296077 0.007485055361425979 0.19414958206379113 -0.005285353226948601 -0.00746804289485668 0.999958145812407 0.5284638961327213
0.999966983153818 -0.004102101249910062 0.0070146537753102475 53.4186976473826 0.004055505133545442 0.9999697042517968 0.006644054235616566 0.2132757659336938 -0.007041695844310131 -0.0066153869055040285 0.9999533244985621 0.5230177684593583
0.9999561438802618 -0.004948912873527943 0.007951011098432383 54.88087135446456 0.004904395798018433 0.9999722443312121 0.005608695842606189 0.21486757935516648 -0.007978547359860984 -0.0055694549615485905 0.9999526608562316 0.5414915749794825
0.9999529747114411 -0.005326702312877594 0.008103987179795767 56.274787278518794 0.005304509717661604 0.999982128990428 0.002757512724578283 0.23690395590398558 -0.008118530802771105 -0.002714395372999673 0.9999633600864403 0.5357891456711802
0.9999505284075946 -0.005759923956128931 0.008109501426838703 57.6924915091346 0.005743808034959528 0.9999814857641188 0.002009178499513957 0.2444525850025745 -0.008120924000987897 -0.0019624996827991674 0.9999650989851421 0.5587426735788481
0.9999459229313571 -0.006125464351144314 0.008404159650989501 59.16018259721184 0.006130768763254541 0.9999810233131502 -0.0006055476498693592 0.24477640441886833 -0.008400290907341377 0.0006570388630972213 0.9999645010762154 0.549761382403616
0.9999407847976288 -0.005743972760775797 0.009243033875602678 60.55210164286698 0.005745766466496299 0.9999834789164043 -0.0001675170373064303 0.2540769632284946 -0.009241918957368088 0.0002206154318422928 0.9999572682184057 0.5722085606179442
0.9999331837664374 -0.004979773096550764 0.01043215522425494 62.01206917505459 0.0050150046539505 0.9999818007951149 -0.0033537750192768876 0.27991907182165565 -0.010415264328711742 0.0034058682396622556 0.9999399593628094 0.5614372533455458
0.9999402596089757 -0.004643574922233172 0.009895171806295676 63.42309553662416 0.0046828080981100115 0.9999812523606032 -0.003945406903726675 0.28276649985585955 -0.00987666550262673 0.003991508394242208 0.9999432580598201 0.5890670492785046
0.9999549268624389 -0.0039371433564860505 0.008639626480635269 64.84191922957817 0.003982034296228572 0.999978629882182 -0.005184899402851884 0.2899847683823712 -0.008619028158561488 0.005219068992120354 0.999949235547714 0.5988717830933221
0.9999559182680029 -0.0033728793675219253 0.008762716791456824 66.28583887312364 0.0034096116046776325 0.9999854496060199 -0.0041803259384228094 0.30579849948466936 -0.00874848955536795 0.004210019123275786 0.9999528687240621 0.6209111057941636
0.9999542976515976 -0.002799521714312912 0.009141405049069417 67.6554633969843 0.0028268818380676967 0.999991559839608 -0.0029814406956175576 0.31360424119001673 -0.009132981286177275 0.0030071461086837803 0.9999537717940302 0.6222820091804824
0.9999437072320463 -0.002164006141538245 0.010387465737662407 69.1123030858613 0.0021716789218598587 0.9999973773210613 -0.0007274349863729532 0.32536744481797253 -0.010385864320896708 0.0007499522774380867 0.9999457842272698 0.6239640346829272
0.9999359787809967 -0.001505053505366788 0.011214863050263419 70.47720586019702 0.001477358642227911 0.9999958400559429 0.0024773538809303203 0.34997908916819725 -0.011218544947203049 -0.0024606269028662514 0.9999340426070674 0.635388086277464
0.9999247933024601 -0.0005433964766506268 0.012252038985469914 71.92406827495992 0.00047487303573958924 0.9999842349147913 0.005595035074026949 0.36448329139651053 -0.012254886153377288 -0.005588796126969381 0.9999092874472258 0.635832829615876
0.9999252429885506 -0.00016350591464321375 0.0122262708993418 73.27982218048703 3.534265465075616e-05 0.999945060720371 0.010482093866694032 0.37276555247415827 -0.01222731308117109 -0.010480878147812763 0.999870313594751 0.6410949182762617
0.9999316910977025 0.0004805582619112868 0.011678279078954206 74.69517274056048 -0.0006557829224891844 0.9998872016813884 0.01500512787419596 0.38529817984220155 -0.011669750950538843 -0.01501176130636608 0.9998192156261216 0.6572658084892832
0.999929598539291 0.001330294167805694 0.011791025505853578 76.11519770111757 -0.0015299869356871377 0.9998552832764771 0.016943188722678432 0.3980490827352028 -0.011766779722133585 -0.016960036012425597 0.9997869273367341 0.6606124876102867
0.9999213203086216 0.0016587053197608015 0.012433900792794973 77.48487699316985 -0.00187167231958338 0.9998514176957908 0.01713590891797938 0.4049544834610629 -0.012403629911883684 -0.017157832857892543 0.9997758542476556 0.6627429367952216
0.9999232445780075 0.001550080657930731 0.012292363586552495 78.9384476904026 -0.0017324411693928794 0.9998884022107556 0.014838523242448765 0.4066628751111695 -0.012267990878081272 -0.014858680102082036 0.9998143407780463 0.672271364309939
0.9999318619470735 0.0017442113524264021 0.011542494956321151 80.26154251868067 -0.001902859027327459 0.9999036814147929 0.013747982421669256 0.4164260285427926 -0.011517403812524363 -0.013769009401640893 0.9998388689131448 0.6703480719083246
0.9999309126802352 0.0012297011647481215 0.011690068499257947 81.65788126567473 -0.0013846774282141915 0.9999111467765692 0.013258251030436525 0.4100145753768912 -0.01167272611225501 -0.013273522027393262 0.9998437683348816 0.6811387528389216
0.9999287003708218 0.0009784847664904136 0.011901123572204712 83.08294374359579 -0.0011472364538794668 0.9998987875044749 0.014180923651152118 0.422720545349828 -0.011886043212021 -0.014193565959358544 0.9998286176451039 0.6874073292225188
0.9999344399936403 0.0005819002734116497 0.011435781856823445 84.43079281124287 -0.000742101480049944 0.9999015864665818 0.014009520584458613 0.43568930941291867 -0.01142650427726505 -0.014017088630841475 0.999836464741268 0.6905664556263091
0.9999326272941245 -1.8216602743602469e-06 0.011607793474694669 85.84749385690017 -0.00016469219172131593 0.99989710550802 0.014344032667470811 0.43498390864967834 -0.011606625226636566 -0.014344977984125231 0.9998297394344116 0.6978511631240895
0.9999150254761819 -0.0014247923223298213 0.01295807832221466 87.18140454810649 0.00126878825623491 0.9999267188434827 0.012039398625657496 0.4384138458532518 -0.012974282381976272 -0.012021934525893629 0.9998435583064622 0.7038336431840194
0.9998968627153147 -0.002393740093683346 0.014161000686214247 88.55735279286537 0.0022568616994619872 0.9999506592526064 0.009673966898188622 0.4484680304863541 -0.014183458934285709 -0.009641009731435836 0.9998529293971278 0.7031478797275942
0.9998813394639688 -0.0035277294848993475 0.014995403176331227 89.96548624047037 0.003380200775064846 0.9999457522520375 0.009852248262559357 0.4488156739227925 -0.0150293457761675 -0.009800391716060368 0.9998390225870124 0.7162042246044233
0.9998800345411839 -0.004530252143483379 0.014811932400515128 91.33736166756904 0.00442298787645992 0.999963816900116 0.007266503202772275 0.45799453385881617 -0.014844315550595592 -0.007200118475947143 0.99986389303233 0.7142114810495788
0.9998864584280415 -0.004748971190034584 0.01430096237548005 92.6940539836309 0.004672330210943531 0.9999745701504182 0.005387799447468789 0.46903797478132025 -0.01432618520851168 -0.005320368889697603 0.9998832202273669 0.7144989603939889
0.999887222580041 -0.005033942764193946 0.014149259394694347 94.02030084688477 0.004983468715889868 0.9999811014244867 0.0036002546338182464 0.4854465714784335 -0.014167115469610383 -0.003529336214842979 0.9998934126321432 0.7176136137223199
0.9998914846306602 -0.005183723844695577 0.013789415150615826 95.4139370980917 0.005116859167136678 0.9999750020689445 0.00487985547719134 0.501616507389523 -0.013814366266962377 -0.004808767442549026 0.999893013797139 0.7213107576633943
0.9999012198642565 -0.005168949771031806 0.013070289676836403 96.76019987200362 0.005101342609411921 0.999973464455311 0.005200643116436594 0.5108187658977322 -0.013096824712626506 -0.005133453370557797 0.999901055524465 0.7279556739085465
0.9999064969077242 -0.004874064163763807 0.012776577798891858 98.08023685893502 0.004810692494299394 0.9999759980454517 0.004986037577888822 0.5202166248723482 -0.012800573403129813 -0.004924107181037124 0.999905944821322 0.735972862912531
0.9999037052373007 -0.004504139125183993 0.013126042185605076 99.45541481983531 0.0044167845925943885 0.9999679579201652 0.006676462149764615 0.5436507324711229 -0.013155693314300014 -0.006617844340539107 0.9998915600552414 0.7286903813265269
0.9998845991010847 -0.004520392152136016 0.014503604215982178 100.78564418888385 0.004415731685809794 0.9999640405113228 0.007240096542762014 0.5540754471470271 -0.014535810749383204 -0.007175217004417788 0.9998686046010233 0.735235869109284
0.9998579674811721 -0.00430388534128655 0.0162948284860093 102.13131124568328 0.0041764041322785 0.9999604716752365 0.007849378036651604 0.5659429061593235 -0.016327967201807105 -0.007780209380694088 0.9998364195352404 0.7411346773548666
0.9998778779909839 -0.0040492670955419655 0.015094122705084473 103.45298222406198 0.003944267135550121 0.9999678631892073 0.006979637925730387 0.5761290360363587 -0.015121900046310473 -0.006919250306199065 0.999861716495931 0.737838142521319
0.9999094273106889 -0.004051030510413743 0.012834575451253612 104.8002360338649 0.003958858082839219 0.9999662513796926 0.007198857154103587 0.5914745596518804 -0.012863305092011286 -0.0071473948714861684 0.9998917192019648 0.7407817971087474
0.9999216363030373 -0.004122056970270195 0.011820740221753206 106.12585693299134 0.00404526630586812 0.9999706089771161 0.006512833672851001 0.6038351435314129 -0.011847239069544229 -0.006464505260997215 0.9999089224015154 0.7436928587695862
0.9999102452404802 -0.003927783105050222 0.01280913670012139 107.4881656240899 0.00387654249124632 0.9999843950470684 0.0040226956959561605 0.6105190761153525 -0.012824737090337424 -0.003972679477177146 0.9999098679062706 0.7523529455472373
0.9998869939868512 -0.0031303291589076807 0.0147037510620746 108.81823179165596 0.003115580460437575 0.9999946203740039 0.0010258564452557022 0.6152211452378534 -0.014706883229736584 -0.0009799297978046232 0.9998913677611475 0.7427924515940129
0.9998789854288882 -0.0024312559803269227 0.015365659506032412 110.15566023063101 0.002436367465411599 0.9999969827712418 -0.0003139458331968698 0.6333828091630126 -0.015364849861638203 0.00035134423408160297 0.9998818919982292 0.7448107995065434
0.9998907349080637 -0.0018074052285130071 0.014671452939372791 111.4643233465568 0.0018233202274258828 0.9999977637402516 -0.0010714559459869266 0.6433367451723613 -0.014669483575114233 0.001098089630164568 0.9998917943711727 0.7519462599984237
0.9999212965631096 -0.0010492859936189999 0.012501986980217797 112.79920806904484 0.001034998791843287 0.9999988040465557 0.0011492097106919354 0.6490357551039406 -0.012503177878076567 -0.0011361797225178303 0.9999211867135267 0.7483541152273014
0.9999430025008956 -1.2998716631141578e-05 0.010676683966820635 114.13234588145528 -2.9120109719287474e-05 0.9999922189395183 0.003944770264258649 0.6540274571785645 -0.010676652167847784 -0.003944856328427596 0.9999352215053907 0.7638143615920505
0.999945608715367 0.001538606121703067 0.01031563386596275 115.46869221428074 -0.0015978033482099184 0.9999822908010475 0.005732809847701106 0.665075430144625 -0.010306630648024062 -0.005748980387138875 0.9999303588696533 0.7624200080579452
0.9999192759305813 0.0027842730669967266 0.012397154752222396 116.8207711015082 -0.0028858038935351757 0.9999623831969564 0.008179506522496329 0.679902850143882 -0.012373914431181868 -0.008214621996896718 0.9998896970301764 0.7584469869126276
0.9998817430332914 0.003651123482262625 0.014938850224312815 118.12867171566666 -0.003758249450238076 0.9999673818169286 0.007149186196115365 0.6800401150977814 -0.014912260384561617 -0.00720448468068409 0.9998628505403673 0.756486679300513
0.9998615174719448 0.00472717858621747 0.015956179408419244 119.48966199829658 -0.004835108002747085 0.999965648158318 0.006732327525954631 0.6794172489295156 -0.01592380636975426 -0.006808545066970058 0.9998500268064053 0.7646802882826338
0.9998725152060542 0.0056089428085096754 0.01494968548464036 120.79441321035179 -0.005723319652332526 0.9999545960817464 0.007619014841086759 0.6811529235953502 -0.014906272091841853 -0.007703605361280105 0.9998592188487145 0.7535616324443822
0.9998637623682102 0.006910887455036501 0.014989874498179774 122.12426842414939 -0.0070567027939692425 0.9999280867852759 0.009696607840645067 0.6798980431221884 -0.014921784362633979 -0.009801065887009016 0.9998406270295849 0.7605276731254713
0.9998613282115115 0.007949583137444363 0.014633129366365683 123.4912244661864 -0.00811091695033405 0.9999066119011267 0.010999113720397372 0.6841504215906121 -0.014544324437275089 -0.011116276550640061 0.9998324314715505 0.7515463064788362
0.9998597490760067 0.009193171543082293 0.013998849047128344 124.82131845537239 -0.009365646419935337 0.9998804244727837 0.01230534124933967 0.6821778121612876 -0.013884050014371766 -0.01243472368432085 0.9998262903135189 0.7575178177302861
0.9998572807055115 0.010298123371340012 0.013392791912393592 126.14602579300538 -0.010482622980006049 0.999850107559121 0.013779587420287351 0.676980186281921 -0.013248880542863375 -0.01391801239555968 0.9998153610018791 0.7536676944707996
0.999851923388784 0.011113112761186482 0.013138874400281551 127.49099353948921 -0.01127365752577911 0.9998619153345851 0.012208804587104478 0.6678493746062419 -0.013001382301150279 -0.012355119918957224 0.9998391445977935 0.7578203346841303
0.9998267941553846 0.012183871152687131 0.014068936445266269 128.82252103792297 -0.0123540026483371 0.9998508382961633 0.012069787778768475 0.6662808830038615 -0.013919781159598129 -0.012241504899086032 0.999828177863714 0.7570645859362594
0.9997991420354552 0.013043662750968804 0.015216387455851825 130.19865031427753 -0.013209724169232155 0.9998537238753337 0.010864347196259882 0.6551992319279268 -0.015072450780825912 -0.0110631692867399 0.9998251984786104 0.7546307272458374
0.9997900337179146 0.013347796363932437 0.01554750174652023 131.5215572845175 -0.013500078249160684 0.9998615162733714 0.009731195341851542 0.6362779340575682 -0.015415458656737923 -0.009939044609102351 0.9998317753635662 0.7572207710447846
0.9997757444312679 0.013406391564624174 0.01639297142436183 132.86420907728632 -0.013532502734717695 0.9998794995744132 0.007606424952354314 0.6212029407121349 -0.01628902135301037 -0.007826557099830931 0.9998366930590837 0.7620140447697894
0.9997627745043596 0.013215022115159554 0.017313518008790274 134.20009382699612 -0.013312032064657633 0.9998962649948204 0.005499913791800103 0.6096758085187398 -0.017239040508519852 -0.0057290871789099085 0.9998349829059003 0.7452125677169626
0.9997757619968588 0.01259793225641864 0.017021099449307932 135.53136158863046 -0.012681079030514967 0.9999081387101451 0.004785851631149498 0.594304112871926 -0.01695924403451927 -0.005000624368639328 0.9998436766803607 0.7514154961799111
0.9997951312908739 0.011561814738116136 0.016613846244189583 136.87689378539852 -0.011641964576097544 0.9999210158488471 0.004735686288020523 0.5853138180114063 -0.016557780886126673 -0.004928133903531457 0.9998507655587187 0.7468288301314442
0.9997774910685623 0.010462864625178796 0.01831657218166361 138.20687548312904 -0.01047151248250391 0.9999451014110894 0.0003762848587400557 0.5745879023897308 -0.01831162961015966 -0.0005680033462351957 0.9998321667126033 0.7343795575274945
0.999793256919435 0.009403284847523126 0.01802835689975677 139.52545902908724 -0.009406168929382314 0.9999557581880673 7.518377219419413e-05 0.5557087155988482 -0.0180268523181555 -0.00024474599898782957 0.9998374731399576 0.7331465859754799
0.9997915774291818 0.008135482190817377 0.018724733140724877 140.90882682986543 -0.008098505925590365 0.9999651058340233 -0.0020497112293935745 0.553968107932598 -0.018740755145981842 0.0018976416610144502 0.9998225757866666 0.724499642724361
0.999810507738712 0.007070474278428875 0.018137172015970107 142.23230996651532 -0.007041010770038761 0.9999737873618915 -0.001687825953914476 0.5509680179406468 -0.01814863032283736 0.0015598021004553173 0.9998340833532394 0.7272478874105761
0.999824268903618 0.006046512558982557 0.017744604735518633 143.57607295146997 -0.006015182975262927 0.9999802552553023 -0.0018184260541703736 0.5421768165909597 -0.01775524950880249 0.001711369455858323 0.9998408985080905 0.7131975762823001
0.9998656725007614 0.0052060739558086894 0.015541356072327409 144.9455241111672 -0.005141934768853913 0.999978110104158 -0.004164110871387766 0.529201208071523 -0.015562694542818374 0.004083638877644421 0.9998705548380169 0.707461624384417
0.9998823413822954 0.004127621352611253 0.014773832739967487 146.2583561453502 -0.004017143706666778 0.9999638070643478 -0.007499807851916616 0.5426409642266422 -0.014804254398619847 0.0074395768256770006 0.9998627339531941 0.7207627032467293
0.9998328136824748 0.003235109020110934 0.017996631724129384 147.63401486816437 -0.0029443067789105375 0.9998650545670691 -0.016161797956400718 0.527838399485173 -0.018046488339220037 0.01610610832013289 0.9997074159639923 0.7115651571982906
0.9998025974414148 0.002032098824004903 0.01976453196435066 148.9398968312209 -0.001566312630904624 0.9997213445962239 -0.023553764528425166 0.5061302852532613 -0.01980688804791479 0.02351815751898326 0.9995271799469836 0.7103176850155319
0.9998633041874554 0.0008765866474046494 0.016510739995343977 150.25395454370275 -0.00042233454983210965 0.9996218259335031 -0.027495940625794517 0.4907139650460517 -0.016528598636069466 0.02748520898990567 0.9994855520285969 0.6991474087061569
0.9999013370182074 0.0012586154675374693 0.01399042945395715 151.6140280553309 -0.0008934388662041891 0.9996595234316924 -0.026077557004332737 0.4986942169924395 -0.014018487657148757 0.02606248452137177 0.9995620185383095 0.7056723617899443
0.9999375603503304 0.0018653798861056811 0.011017974337860838 152.94759982141574 -0.0016195239939485137 0.9997504359560874 -0.02228099970033454 0.5125067631560736 -0.011056787176312687 0.02226176460871409 0.9996910329165927 0.696459462830837
0.9999359771580635 0.0027836721726214003 0.010967805349488194 154.3407417092474 -0.0025368070505609338 0.9997445656918665 -0.022458138381649787 0.5162702351751592 -0.011027519890578886 0.02242887734186623 0.9996876208427542 0.70289283990273
0.9998837313983607 0.003535572365061926 0.014833186203312579 155.64489605909822 -0.003143086713865365 0.9996465087984275 -0.026400349486787062 0.5105754953318674 -0.014921283148571881 0.026350657964589522 0.9995413939072425 0.6927727767908612
0.9998302317295146 0.004218550162578027 0.017936319417064465 156.98295180547268 -0.003638540563658589 0.9994732842100511 -0.03224771577865694 0.5005033089058274 -0.018062910681054752 0.03217697911396037 0.9993189547250807 0.7007842359366493
0.999817743291662 0.00411326608539061 0.018642994428989906 158.29868473032482 -0.0034610581547640596 0.9993854336441564 -0.03488231781763859 0.48905058392719675 -0.01877501732670078 0.03481143579331627 0.999217525197787 0.6915694226391522
0.999806174695651 0.004140432535937065 0.019247593586333364 159.65731131847903 -0.0034169038486293528 0.9992918110450404 -0.03747267199456681 0.48001277047818786 -0.019389115723480774 0.0373996416659107 0.9991122704654982 0.6973213044538338
0.9998000390284997 0.005200787596340078 0.01930890382669005 161.02090863638375 -0.004509595931524574 0.9993534808420093 -0.03566908848700993 0.4773198390705452 -0.01948192760342229 0.03557488070728449 0.999177102599693 0.6770054513270841
0.9997960381723914 0.006368714203058428 0.019165634197428245 162.37270976541083 -0.00570453486047755 0.9993880012894524 -0.03451204370504554 0.48568064019767965 -0.01937370219693349 0.03439567353713456 0.9992204948384071 0.6588201151958688
0.9998245614486115 0.007244108588659421 0.01727336721219664 163.73541476932172 -0.006726421515999932 0.9995319870143142 -0.029842288598664085 0.48401539322743903 -0.017481463831177647 0.02972086516191233 0.9994053574983209 0.664706667775921
0.9998401316424812 0.007758058945571933 0.01610973862429203 165.0798322647222 -0.007357930699412343 0.9996665906683598 -0.024750118329427417 0.49256082026054243 -0.01629638036401398 0.024627627228278506 0.9995638588725267 0.6672540983368671
0.9998110918509092 0.007872471046995483 0.017770897881280667 166.43426299654038 -0.0074736376494573264 0.9997211760826124 -0.022398991769343325 0.49092044577486116 -0.017942278344103956 0.022261947165796478 0.9995911566016429 0.6618316541638726
0.9998035326120946 0.007868549691400807 0.018192913514064216 167.7680805459978 -0.0074359684697942125 0.9996908897365773 -0.02372406690697878 0.47889165153975044 -0.018373963897115136 0.023584123970258795 0.9995529933661661 0.6453952711216735
0.999847930310269 0.007187270336513808 0.0158889709981854 169.1409062101362 -0.006807955745744382 0.9996935739032433 -0.023799370477485066 0.47958322172518175 -0.01605515471228148 0.0236875799031997 0.9995904814300175 0.624477988310032
0.9998915626400274 0.006516963653446326 0.013205761849423401 170.54534000594433 -0.006258466527728412 0.9997898346603372 -0.019522246453135696 0.48945439667918994 -0.013330212226567516 0.01943748169376182 0.9997222062890267 0.6259641252852417
0.9999076820293564 0.006235548296613305 0.012072504136270343 171.86842704056548 -0.006071879650499529 0.9998898041256798 -0.013546655787290345 0.48755272005165656 -0.012155644622541059 0.013472102395323463 0.9998353578269076 0.6339996062700445
0.9998951544835186 0.006528437227226588 0.012925151749611216 173.24110868696332 -0.006387521899071771 0.9999200406474871 -0.010913838715897036 0.4916672294264809 -0.012995368573810995 0.010830134758990608 0.9998569040501409 0.6230038690518214
0.9998506856075214 0.007336850116193842 0.015645354599432844 174.65176443413895 -0.0072576978251354595 0.9999606063522134 -0.0051099477485472555 0.4954125559658914 -0.01568222919257693 0.004995635503753807 0.999864546482905 0.6380040697942614
0.9998221876108324 0.0070252307645860415 0.017499694105716664 175.99457386535136 -0.006958609899823452 0.9999683194120499 -0.0038649606081377816 0.5073123748239269 -0.017526291945286654 0.0037424998256100884 0.9998393984964306 0.6370430951414657
0.9997973465845073 0.006389341298960097 0.019090366165795295 177.42103686162218 -0.006227312980156009 0.9999441867699118 -0.008534864855801535 0.48828251640344805 -0.01914383283530023 0.00841425355126755 0.9997813330931664 0.6126093593499456
0.9998006816657466 0.004983923247743706 0.019332807601818006 178.83253006469806 -0.0047992241903065305 0.9999425141410239 -0.009588318961085392 0.4862279464227064 -0.01937948368454353 0.009493625355412592 0.9997671262297694 0.6138620078252554
0.9998792121511595 0.0029235449050650083 0.015264795876945418 180.17011927533727 -0.002734328155245573 0.9999193558985189 -0.012401820391797198 0.480359213807866 -0.015299822140017601 0.012358583441439957 0.999806571721653 0.5957648298079459
0.9999355886275002 0.0011263168715478808 0.01129380389769079 181.57673919567148 -0.0010393719189349352 0.999969803760609 -0.007701381238670387 0.49022038112031946 -0.011302137062907995 0.007689146719505442 0.9999065649952186 0.6183351707880154
0.9999477078947794 0.0006821665746245147 0.010203730922636657 182.97476969900174 -0.0006392004235657621 0.9999909188951037 -0.0042134961901982675 0.5205471170002604 -0.010206512567749074 0.004206753628484443 0.9999390633059165 0.6033685404956812
0.9999322879803357 0.0003421804918301852 0.01163195456155377 184.2908405962998 -0.00035748310855222983 0.9999990734437941 0.0013135133727848781 0.5294325127711154 -0.011631494325242159 -0.0013175826594167533 0.9999314838106147 0.6145731617052653
0.9998875229717044 0.00047883130044540774 0.01499040113188952 185.75163950438787 -0.00046222688434657496 0.9999992758846404 -0.0011111149814830635 0.5336381650984402 -0.014990922313741342 0.001104061040161553 0.9998870202664913 0.5799284521208514
0.9998494274196469 0.000893685757249344 0.017329853270342192 187.10254064398714 -0.0009341788323105911 0.9999968523360503 0.0023286536669908215 0.539226084042872 -0.017327717637172044 -0.002344492217691636 0.9998471150919663 0.6039678426807306
0.9998323512649634 0.0010534345252858673 0.018280033907950678 188.56356392288427 -0.001062211420783609 0.9999993251997007 0.0004704328229335814 0.5422945017352302 -0.01827952600240082 -0.0004897712162552336 0.9998327955479772 0.5906844175812938
0.9998240509346048 0.0008330327196705011 0.01873961657037403 189.99476024005574 -0.0008274128494752613 0.9999996103715374 -0.0003076438686935168 0.5444173145792495 -0.01873986554629466 0.0002920843394977786 0.9998243506366733 0.5867192366406316
0.9998164938996718 0.0009626507813850546 0.019132481011116247 191.31573005518766 -0.0008808500668073492 0.9999904380058623 -0.004283456548562362 0.5457983200104853 -0.01913642153923848 0.004265817660978378 0.9998077816112235 0.55925135643062
0.9998122776975572 0.0014900196986973103 0.01931810566593251 192.78022980388388 -0.0013847540035044634 0.9999841281964099 -0.005461301274935641 0.5501605616232735 -0.019325936499233826 0.005433525242724955 0.9997984721842018 0.5614720949468593
0.9997895438728399 0.0019280490679396808 0.020424264719451305 194.1473836734565 -0.0017515695695475774 0.9999610103303267 -0.008655046111674076 0.5458360336463589 -0.020440155737705166 0.008617450083626044 0.9997539395208574 0.552824698060239
0.9997555350435289 0.0023546012360934946 0.021984676546319082 195.6162548295752 -0.0020411963115492884 0.9998961351343387 -0.01426718125735178 0.5411925225459698 -0.02201598663346712 0.014218818390829785 0.9996565017725457 0.5331547104930493
0.9997382357671691 0.0026015509553053715 0.022730857391989594 196.99276183418507 -0.00219618233128418 0.999838438851382 -0.017840206792493304 0.5399436403412793 -0.02277359717558413 0.0177856157570695 0.9995824303897233 0.5221140880428103
0.9998067791637459 0.002870624139763779 0.019446435541372112 198.44795228701565 -0.0025982716090933848 0.9998983940076293 -0.014016085245504227 0.5422166582895701 -0.019484694579641585 0.013962849924426871 0.9997126514649727 0.527686378649749
0.9998956962725181 0.0029647117307404014 0.014135312520420176 199.87218248717235 -0.002864798223995848 0.9999708089120571 -0.007083378777250156 0.5616996600952768 -0.014155900071423482 0.007042145136236397 0.9998750015302154 0.520729721285341
0.9998964115336234 0.004228011744521926 0.01375827456009583 201.3064684925557 -0.004285118552902678 0.9999823154650568 0.004123895746899228 0.5731697250180888 -0.01374059537175754 -0.004182424396436705 0.9998968463621624 0.5123089331920765
0.9998218490891471 0.005273782836133607 0.018123390923229638 202.72331540004146 -0.005427842933986739 0.9999494654966722 0.008461972228949082 0.59380655846885 -0.018077848462769847 -0.008558835640251413 0.9997999488534894 0.48916518208186144
0.9997833123261456 0.006146888198213692 0.019888292024192886 204.19333307261775 -0.006340635940480884 0.9999329144274419 0.009693450392532832 0.5897122043053079 -0.019827373250917407 -0.009817454360519028 0.9997552164704357 0.48653492387050956
0.9997751352579708 0.005530490316886481 0.020471751189410494 205.6006922871039 -0.005740248958477082 0.9999314850229016 0.010201705827433263 0.5916005239223172 -0.020413928132552245 -0.010316924771927336 0.9997383820787564 0.47810507783412765
0.999777292218535 0.004453288567497092 0.02062847995148584 207.09977689235993 -0.004539665897282123 0.9999811160021224 0.0041423511066872075 0.5758289565994015 -0.020609643318488247 -0.004235074979810716 0.9997786288685111 0.45060763082999045
0.9997864946339998 0.00329161097876279 0.020399275590658454 208.51965457797775 -0.0033517730209469006 0.9999901320019006 0.002915736002735514 0.5721044468824145 -0.020389476822007917 -0.0029834872190247193 0.9997876614756449 0.4565509272580862
0.9998035756236122 0.002832020252145541 0.019616060550762024 210.01423953607068 -0.002910267092883075 0.999987918280835 0.003961519633922092 0.5784556801142523 -0.01960460445119479 -0.004017829470411336 0.9997997382129377 0.44092013412262726
0.999803770970785 0.00275401703826616 0.019617210371285502 211.43028006773878 -0.0028265320030942736 0.9999892718422377 0.0036697298629035447 0.5770362399715281 -0.01960689341618951 -0.003724458428300937 0.9998008292354944 0.42215676799659263
0.9997872651826034 0.0025621543226503783 0.020466063224705504 212.8921634309413 -0.0027049722897775842 0.9999721645496931 0.006953650171890916 0.5866604963724141 -0.020447677217773526 -0.007007531022295023 0.9997663662103108 0.42212279848079726
0.9997733485174115 0.0021105937412508216 0.021184829202566223 214.30275842742262 -0.002234761880553411 0.9999804544831432 0.00583922006978901 0.5936623994428292 -0.021172090912796857 -0.0058852396506509615 0.9997585241050134 0.41498411542981906
0.9997850998581224 0.0018376286961389245 0.020648903662410147 215.76020192856825 -0.001972418162430316 0.9999768695931698 0.006509212336172017 0.5947345250713356 -0.020636464529489622 -0.006548541778135473 0.9997655989942359 0.4052552334658154
0.999797405955855 0.001557899634183611 0.020067884608818802 217.24041088433157 -0.0016774701839041481 0.9999809341383237 0.005942848948741189 0.5968023394866475 -0.020058243635103463 -0.0059753082410242435 0.9997809572869947 0.38977678636113877
0.9997931688137393 0.0009709339213012033 0.020314450046757835 218.72041233951057 -0.0011002291885164868 0.9999792047830224 0.006354486387350209 0.5977731077216607 -0.020307857816975406 -0.006375522632282738 0.9997734461477014 0.38539162585758346
0.9998030100233531 0.0007966626174063243 0.019831955952872283 220.20276680870245 -0.0009637539126833633 0.9999641101059106 0.008417225106284747 0.6041651872142643 -0.019824538497489084 -0.008434680122453376 0.9997678949859279 0.37883903523168244
0.9998010527747963 0.000738736304239594 0.019932614958447344 221.67718979856608 -0.0008752295346548141 0.9999762247333095 0.0068398787547317135 0.6136253980729168 -0.019927088188458147 -0.006855963593147265 0.9997779288019609 0.3690875263873688
0.9998105716487847 0.0002834467394156145 0.01946125579905351 223.1695364635511 -0.0004809889322438669 0.9999484061824433 0.010146606469086586 0.615683547000865 -0.019457375696052593 -0.010154045062799629 0.9997591239393044 0.3677368986957021
0.9998104764294286 -3.558792389887476e-05 0.01946817802103188 224.6606563312479 -0.00011065137999579978 0.9999717890663693 0.00751058104787866 0.6212383727098573 -0.01946789609154059 -0.007511311796505431 0.9997822669045818 0.33734955842731373
