1.0 -2.1684043449710093e-19 -2.5135375298442207e-37 0.0 2.1684043449710093e-19 1.0 2.3183291766350204e-18 -8.673617379884035e-19 -2.51353752984422e-37 -2.3183291766350204e-18 1.0 0.0
0.9999996051914594 -0.0005752611290653592 0.0006772677158721623 1.3273295998967096 0.0005753947053125701 0.9999998150461361 -0.00019704980779085916 -0.005147308646299193 -0.0006771542355139693 0.0001974394262517041 0.9999997512398762 0.014190927523121481
0.9999989870490615 -0.00031165808215843357 0.001388801674374139 2.6156968327369867 0.00031237633359076363 0.9999998175729207 -0.0005169866069084641 -0.03036965845740013 -0.001388640297964695 0.0005174199120015212 0.999998901976776 0.02452026432994671
0.9999987182179947 -0.0008211812593141431 0.0013744903444904164 3.9356760020056014 0.0008230091595484205 0.9999987770926088 -0.001329838039171969 -0.03727373345638129 -0.0013733966255403236 0.0013309675527527266 0.999998171151869 0.05154336902621366
0.9999987923756531 0.0011276826943029084 0.0010693825209622527 5.187390659098921 -0.0011249050205002754 0.9999960015461723 -0.002594509657443814 -0.09572131383176279 -0.0010723040287265197 0.0025933035704841178 0.9999960624625785 0.06678771452904118
0.9999980733461372 0.0011095433638340342 0.0016193262603596845 6.5012103858429295 -0.0011052975132432408 0.9999959555624438 -0.002620529748417384 -0.11183988171682155 -0.0016222273024878273 0.002618734862274916 0.999995255291894 0.0724068227352567
0.9999959662409984 0.0012239888338157904 0.002563074924116919 7.851583124789952 -0.0012142142883851158 0.9999919983161443 -0.0038116908775755434 -0.0972590085599662 -0.002567719882273788 0.00380856337993809 0.9999894507741505 0.10257653246055788
0.9999945977076248 0.0012370384208620308 0.003045372146547002 9.164029910558629 -0.0012254617325365236 0.9999920278015182 -0.003800339057209456 -0.08867829778263835 -0.0030500490336618697 0.0037965865396398183 0.9999881414954576 0.10718178705350892
0.9999965842045072 0.0007872041009448756 0.0024923661491471133 10.492558506382803 -0.0007784214015419705 0.9999934917686707 -0.003522851178119337 -0.09328669738231435 -0.0024951231311460915 0.003520899033629186 0.9999906887719281 0.12317786153913295
0.9999997156389752 0.0007268999858152844 -0.00020084416749978714 11.831292128586602 -0.0007269572083540197 0.9999996951585718 -0.0002849841764428164 -0.06966750317346941 0.00020063695128035039 0.00028513010051974376 0.9999999392228179 0.14174266724886106
0.9999994399812421 0.0007514090847260175 -0.0007452661199148205 13.165575448021423 -0.0007498963566251962 0.9999976624550009 0.002027989148992668 -0.06742875733678846 0.0007467882272920078 -0.0020274291409326634 0.9999976659164871 0.15324430191888824
0.999999375186514 0.0006630321122641087 -0.0009000083330559445 14.518779815616368 -0.0006578836691303304 0.9999834886460578 0.005708732288112073 -0.05626597271877714 0.0009037785455271438 -0.005708136620434754 0.9999833000408872 0.17361364433638207
0.9999992555958401 0.0012088068977276472 -0.0001661133631928813 15.876185096768227 -0.0012078529280471534 0.9999834346237388 0.005627749942456142 -0.03530925690628915 0.00017291347441164537 -0.005627545112623555 0.9999841502928613 0.18983828636464203
0.999995359455586 0.0014274098700638796 0.002691387812260733 17.20580637061392 -0.0014378577797503635 0.9999914233309779 0.0038840480803209866 -0.04939715810292755 -0.002685820600552604 -0.003887899889127549 0.9999888352387509 0.20313189147063088
0.9999886445315277 0.00144503339851407 0.004541220813295741 18.5790687564526 -0.0014444038916325169 0.999998946780727 -0.00014189726812968454 -0.03985220748167451 -0.004541421076686062 0.00013533629980424302 0.9999896785360789 0.23083448742320442
0.9999948782373422 0.001024823886985443 0.003032034809121802 19.91740190825243 -0.0010173658631195191 0.9999964560304031 -0.0024602628588798227 -0.051772554454785236 -0.0030345453998286646 0.002457165569286793 0.9999923769067349 0.2564382385310638
0.9999992734636997 0.0011284363640287353 0.0004239144313559658 21.275659967353352 -0.001127180167398408 0.9999950076610806 -0.0029519684594251417 -0.046030777675452945 -0.00042724342358653293 0.0029514884867732002 0.9999955530794972 0.24704449558090527
0.9999983089449682 0.0016116203904686967 -0.0008858820015243648 22.626149696672815 -0.0016125703734345695 0.999998124472424 -0.0010726921389960762 -0.03164231065874219 0.0008841515675043404 0.0010741188720846545 0.9999990322718588 0.30116941616933196
0.9999974230501603 0.002236158884281919 0.00039177350994976903 23.995253363572303 -0.0022366996726929742 0.9999965389109244 0.0013854027377877872 -0.030007906667145742 -0.0003886741733463411 -0.0013862754473558986 0.9999989635858485 0.27977005694284984
0.9999832968548709 0.0030125599468190764 0.004932595040166231 25.384802429320715 -0.003021465500987727 0.9999938171630253 0.0017989947049481154 -0.018500452951468353 -0.0049271449633425685 -0.0018138683218226774 0.9999862164671178 0.3007356212328963
0.9999774260187553 0.003290886349413641 0.0058581157328985506 26.74374650126661 -0.0032925062167880543 0.9999945440702595 0.00026689422278787343 -0.02994028413602343 -0.005857205452876191 -0.0002861760803919263 0.999982805475941 0.3206959025771646
0.9999812383845559 0.0031963532820213788 0.005225533904440695 28.12300120524853 -0.0031763278525918735 0.9999875977750867 -0.003836044497167894 -0.03113386928342017 -0.005237730449612423 0.0038193745178908734 0.9999789890582848 0.3494811807344578
0.9999918491166596 0.003196652153733522 0.002466397221061527 29.475543876575067 -0.0031874271137423246 0.9999879442290766 -0.0037351981071830267 -0.03208067480023066 -0.0024783076158155716 0.003727306200643331 0.9999899825397492 0.3403561549840048
0.9999914349126053 0.004100240502364923 0.00056402947732903 30.86009688853132 -0.004097634623305005 0.9999812706336981 -0.004546182168396009 -0.01462549935168946 -0.0005826593536723306 0.004543832043233558 0.9999895069941687 0.3771753760757317
0.9999902205211479 0.004369959177381443 -0.000679940331196185 32.25181760907279 -0.004371289223371367 0.999988511130263 -0.0019670887132108503 -0.020945695570071837 0.0006713364220752718 0.0019700416919506726 0.9999978341192247 0.3743186272843343
0.9999841354241478 0.004917935692929789 -0.0027464174008747866 33.631795273106 -0.004919010857334588 0.9999878275328948 -0.00038486130842509077 -0.022159899732921817 0.002744491247033786 0.00039836485977734633 0.9999961545292229 0.4075118244060292
0.9999838231915359 0.005100526602818536 -0.0025175352257331704 35.02736202335499 -0.005100511645830825 0.999986992229471 1.2361498551744419e-05 -0.010318310606379682 0.0025175655283648695 4.79419155491353e-07 0.9999968309267687 0.40767394406275953
0.9999891819773508 0.004549338413938638 -0.0009692513938095963 36.410737325610846 -0.0045491902569829165 0.9999896403667615 0.0001550069697814984 -0.016133411464365043 0.0009699465318826957 -0.00015059598391530278 0.9999995182621714 0.4471785068112384
0.9999899468271777 0.004483898607662189 2.9964223983770536e-05 37.81466421025865 -0.004483945404308391 0.999988316873279 0.0018056440838601412 -0.009495621391578331 -2.1867548914390686e-05 -0.001805760289352536 0.9999983693744644 0.46541205752346787
0.9999923428587868 0.0038633005489822434 0.0006238049877920982 39.21457080739822 -0.003865412388419817 0.9999866794159352 0.003420464553114201 -0.025081796273908538 -0.0006105823957594978 -0.0034228496256618725 0.9999939556265217 0.474880014084722
0.9999894659296066 0.004549180312869993 0.0006107276816744452 40.60709487241019 -0.0045528342748421165 0.9999709009560211 0.006121187896912283 -0.004840623162692017 -0.0005828635226107656 -0.006123903957809808 0.9999810788562099 0.5008909631920909
0.9999893796900331 0.004497357641724637 0.0010071153783624625 42.029922148157794 -0.004506216206835764 0.9999495829839529 0.008973600487879622 -0.0036861225407846475 -0.0009667071118823208 -0.008978043465101053 0.9999592292753233 0.5344928744736961
0.999990663726448 0.004199200888279122 0.0010193977820588485 43.422533692950495 -0.004208686577964654 0.9999461255599393 0.00948856864625315 0.005103786913781189 -0.0009794984566862972 -0.009492770384143609 0.9999544629097903 0.5358613076258718
0.9999924312615921 0.003817098108349329 0.0007531145737957368 44.85224587804009 -0.0038236846102588746 0.999952662565746 0.008947181884637126 0.004410714854265992 -0.0007189266522372081 -0.008949993838363536 0.9999596895649154 0.5572649137096222
0.9999956286568144 0.002949454078352665 0.00020829762932173204 46.245454285878495 -0.0029510751271714236 0.9999614828457158 0.008265832117281963 -0.008292742440588877 -0.00018390991404051068 -0.008266410686446003 0.9999658157314713 0.576668711778626
0.9999975772307488 0.0021184317276240427 0.0005981468448216206 47.669490563394774 -0.00212318151318982 0.999965302965403 0.008055120456707273 -0.0006358222411225724 -0.0005810618681545295 -0.008056370915332213 0.9999673780952957 0.6057507506239932
0.9999986246838046 0.001006526122462027 0.0013181561607250964 49.07429877170609 -0.0010170644872796633 0.9999673328001595 0.008018660259910397 -0.00329959195638478 -0.0013100421092356249 -0.00801998988153684 0.9999669812308665 0.6202159695615376
0.9999989973042903 0.00014466683416127944 0.0014087093103715216 50.49892976273894 -0.00015706249260320155 0.9999612390081669 0.008803170600712161 0.008937995023417758 -0.0014073811805800603 -0.00880338302920641 0.9999602590730562 0.6388512147736114
0.9999982677086336 -0.0009769701443057752 0.0015843323732714018 51.950400972512156 0.0009624810672018304 0.9999579455806065 0.009120345410583043 0.012068444927724912 -0.001593176050265213 -0.009118804721574001 0.9999571536773576 0.6559781476003181
0.9999943067069678 -0.0019070300855554112 0.002783844446736255 53.340295479528685 0.001878175519533037 0.9999448690904005 0.010331081090554703 0.03368496344305937 -0.002803392653315723 -0.010325793724192667 0.9999427578484664 0.6915554787790628
0.9999903697190144 -0.0028356047091471445 0.0033495992539638022 54.80937505842524 0.002812296275595366 0.999971943117415 0.006942907722237172 0.030005954231829664 -0.003369192616483177 -0.006933420794578291 0.9999702876671878 0.6917273003851953
0.9999864087423066 -0.003364402600954807 0.003982853977150074 56.21074779373066 0.0033473979684242533 0.9999852875052738 0.004268454033453415 0.031578607959919625 -0.003997156177284147 -0.004255063822483052 0.9999829584419733 0.6840294881548149
0.9999865547222507 -0.003691878236578367 0.003641484561170153 57.644644822997805 0.0036781577471406983 0.9999861389946292 0.0037673563942587037 0.04883992797101187 -0.0036553427076144907 -0.003753911786455841 0.9999862732137823 0.7234778012801377
0.9999858211937845 -0.003834870676426392 0.003694750098119907 59.091258924748296 0.003826048132453048 0.9999898198516572 0.002391975906712004 0.05109733460590597 -0.0037038854032791866 -0.002377805699636358 0.9999903135895738 0.7427954261802134
0.9999863386795339 -0.003436588919144064 0.003938567112716901 60.489525731527884 0.0034297334981138686 0.9999925941402322 0.0017460219989165135 0.05942205059806724 -0.003944538304095237 -0.0017324899103893904 0.9999907195050751 0.7635509209813924
0.9999835199943362 -0.002792385167158305 0.0050162062173917665 61.94140220527716 0.0027930461368636302 0.9999960916556763 -0.00012476638016142302 0.07269626783320664 -0.005015838216541348 0.00013877481940796868 0.9999874109750257 0.7809945741444057
0.9999846535989786 -0.0025850372987655536 0.004900015172899672 63.3507806067456 0.002593728727049277 0.9999950729524393 -0.0017682313581751218 0.07387751623524781 -0.0048954200862781376 0.001780913532304528 0.9999864315125327 0.8019285676927129
0.9999918882339546 -0.0020491556109688107 0.003467625638985934 64.76062612839256 0.0020583152737649398 0.9999943969172751 -0.0026399758121702778 0.08061180110582174 -0.0034621964883442893 0.002647091864120548 0.999990503004973 0.8227782516883818
0.9999945976423724 -0.001138273028359964 0.003083669986020857 66.25534244663919 0.0011484948609625219 0.9999938455608202 -0.0033150867314110403 0.08854914017603718 -0.0030798775339484384 0.0033186104012588 0.9999897505371645 0.8379754512906656
0.9999954513790502 -0.0004242575971917257 0.0029861725839282777 67.58504211454922 0.00042886753097179977 0.9999987171650414 -0.001543288991908384 0.10568649406889716 -0.0029855140010822145 0.0015445626445348686 0.9999943505002348 0.8508434454582109
0.9999897545263309 0.00018444504591067998 0.0045229218867465885 69.06611376390762 -0.00019363119711649938 0.9999979194457849 0.002030667639279568 0.12344283194859197 -0.004522537929976435 -0.0020315226129071335 0.999987709707747 0.8758842171040571
0.9999841006706232 0.0009709066219858456 0.005554794892376235 70.40806213941003 -0.0009999893572977606 0.9999857960951203 0.005235229631424878 0.14178299071436504 -0.005549633073481191 -0.005240701130558953 0.999970867887865 0.8930395773237447
0.9999756772636986 0.0018888865413114499 0.0067139398747192835 71.8647535800973 -0.0019515772131647065 0.9999544475485604 0.009343135139469775 0.1526763172278931 -0.006695985916080573 -0.00935601066092761 0.9999338122281515 0.9126611662429156
0.9999793899531386 0.00220855691756312 0.0060284280944963185 73.23657810336815 -0.0022845462919553862 0.999917659806175 0.012627527706649575 0.15166328768520604 -0.006000043098890318 -0.012641039675761398 0.9999020970068656 0.9269254711582147
0.9999819359552533 0.002809820674978479 0.005313442477186191 74.62783422851622 -0.0028935705264814832 0.9998706620988065 0.015820440060336022 0.1658691517144866 -0.005268302648119289 -0.015835529099744998 0.9998607308047152 0.9391254651142126
0.9999794927097361 0.003579862473967691 0.005310249019235822 76.0648275148752 -0.0036733756732671968 0.999836488746386 0.01770599001640421 0.17207684144395874 -0.005245995724537511 -0.017725133454093787 0.9998291349890204 0.9438759760640284
0.9999748862518408 0.003929284076225046 0.00589810073381967 77.432175387459 -0.004034314219112145 0.9998315989093803 0.01790246159312604 0.1741725879002677 -0.00582676362996041 -0.017925806786870363 0.9998223413570234 0.9669525599258
0.999976134419779 0.003961166917974699 0.005660366377207914 78.83096035323607 -0.004054356610107921 0.999854851985591 0.016548025663206033 0.1759923568526549 -0.005593995294452546 -0.01657057987880913 0.999847049852689 0.9920558450570672
0.9999825409808325 0.0037705838620108695 0.004549772616011117 80.2051818429686 -0.0038416320778221977 0.9998692195294515 0.015709414392147323 0.17790406057069788 -0.004489943930218835 -0.015726618673608805 0.9998662479894991 0.993303537252124
0.9999837533618187 0.0034196450006880328 0.004560596504697324 81.59773490424328 -0.003489971043049215 0.9998737367280076 0.015502603126235933 0.17403895635844469 -0.00450700726958212 -0.015518267610792497 0.9998694266032099 1.0214199471799352
0.999984404638465 0.0030361648305050806 0.004687449517225219 83.00337024643528 -0.003104595352448606 0.9998877008328435 0.014661078094998165 0.1802086633304423 -0.004642409670859025 -0.014675402084170798 0.9998815332858767 1.0341392091157298
0.9999897546925534 0.0027264901092544824 0.003613414121146979 84.35887234083307 -0.0027807445333043507 0.9998821861372337 0.015095737983512759 0.19105611730190009 -0.003571830030567647 -0.01510563130459993 0.9998795237092928 1.04772236243815
0.9999899545872638 0.0018189947412850023 0.004096581830387182 85.75743129087975 -0.0018817095979820572 0.9998802943573171 0.015357608046630932 0.18777252062688765 -0.004068156038150834 -0.015365162350468621 0.9998736729669369 1.0621950284733097
0.999989033579556 0.0006381061811239051 0.004639562600819088 87.12836609731613 -0.000707176503190487 0.9998887256275025 0.014900881329719775 0.1941038347918181 -0.004629537991921331 -0.01490399891004651 0.9998782116810381 1.0844713873483565
0.9999810824575641 -0.00029069174017203004 0.006144121199204266 88.50879907102508 0.00021039562555280418 0.9999146221493074 0.013065379661099 0.19982187527888107 -0.006147394625291575 -0.013063839800001642 0.999895767382281 1.1054626059243466
0.9999744942486843 -0.0015147184787595203 0.006979719193356381 89.93257061222904 0.001439514975613687 0.9999409976882909 0.01076703017458258 0.19895616646697736 -0.006995616393355694 -0.010756708143084123 0.9999176739018076 1.123513536560843
0.9999727675495975 -0.0023274134899290092 0.007003378159540666 91.27425279937988 0.0022575524312819727 0.9999477821905217 0.009966762226364808 0.20693691606173567 -0.007026209235330783 -0.009950680313615547 0.999925805420121 1.14863273526709
0.9999753311640313 -0.0026722252969721464 0.0064958660198728676 92.63602770465243 0.0026202953925973647 0.9999646486785363 0.007989708709775665 0.21737873639852154 -0.0065169866841547144 -0.007972490525159264 0.9999469827342772 1.1599447437999861
0.9999778366440915 -0.002874496087832782 0.006005288739406372 93.98763356293249 0.002836987901662529 0.9999764750313984 0.006245068728588936 0.22201217807013712 -0.00602309889080591 -0.006227893385408346 0.9999624671075068 1.1736200917621293
0.9999791187442347 -0.003154563829821381 0.005640106607800836 95.34850919350382 0.0031218580558014034 0.9999783171056223 0.005798217043795368 0.23809788195586093 -0.005658275159728791 -0.005780488357493152 0.9999672844031278 1.1849587850587284
0.9999850292451651 -0.0029774812764783256 0.004590848591959975 96.71539970537506 0.0029499754037396095 0.9999777286898103 0.005986632566426589 0.24180390062941742 -0.00460857143412264 -0.005973000051589576 0.9999715417649245 1.1920384460675137
0.9999877953010579 -0.002592087781194815 0.004205987382774955 98.029752824846 0.0025575481412109503 0.9999631356894454 0.008196719443618812 0.2554221352438029 -0.004227078948265573 -0.008185862389912917 0.9999575608297077 1.2197844272148253
0.9999892009769009 -0.002422836494914435 0.003965828147850718 99.39045182385803 0.002385696998687976 0.999953507594008 0.009342970634156797 0.27151481501871755 -0.0039882802571817215 -0.009333408474891464 0.9999484892267356 1.2276051654583875
0.9999821708972969 -0.002345036577822696 0.00549169290637655 100.74363435743656 0.002297891247923044 0.9999605896772058 0.008575475976730982 0.2730219014093367 -0.005511586281824098 -0.008562703770623221 0.9999481499161816 1.2429508410369339
0.9999742258326653 -0.002352581982008618 0.006783290380020343 102.08748458936498 0.0022903538517184824 0.9999553595783591 0.009166958587693088 0.29449405602570283 -0.006804553592680892 -0.009151186181719293 0.999934974806798 1.2564547669272281
0.9999812678759866 -0.0020519455473713925 0.00576657754694296 103.44544305572775 0.001999819755985138 0.999957223854982 0.009030569261178404 0.2963396257565215 -0.005784861111371259 -0.009018867983732295 0.9999425960535006 1.2785527917040997
0.9999927976708134 -0.001950525623803192 0.00325577276394997 104.75745277582266 0.0019228209635766718 0.9999621025838289 0.008490945510954605 0.30477218002885437 -0.00327221118536401 -0.008484624088246764 0.9999586510391514 1.2967782698176724
0.9999962898711646 -0.002102789100436607 0.0017316240656316464 106.09028202963529 0.002089388625306481 0.9999681373755771 0.007704459020034518 0.31513529439428933 -0.0017477697439964906 -0.007700812399872909 0.9999688209085841 1.306875888804301
0.9999932733545797 -0.0019871709824660242 0.0030829202194300066 107.45583598762764 0.0019663440737509945 0.9999753259136577 0.006743964328027318 0.3270774530388527 -0.0030962455614097677 -0.006737856881867232 0.9999725068960961 1.3326440887962223
0.9999889718562588 -0.0012545147142176388 0.004525743993461332 108.81274733015248 0.0012374415194445168 0.9999921154747374 0.0037732912484191327 0.3273996469743378 -0.004530441959510654 -0.003767649292496982 0.999982639806542 1.335018082374279
0.9999825565597512 -0.0005446429755655747 0.005881321301639022 110.13776880273603 0.0005311426431759173 0.9999972213474062 0.002296777080897782 0.3414487468126275 -0.005882555882993883 -0.0022936131966624865 0.9999800672387362 1.3554068017158647
0.9999887792685785 0.0001371697176685563 0.004735242486567631 111.43189349244827 -0.0001459379595740901 0.9999982755035125 0.0018514027419821181 0.3437235778476337 -0.004734980364267188 -0.0018520730195157758 0.9999870748097099 1.3753707386129037
0.9999968739331159 0.000994980391813063 0.002293935050504142 112.79284600011772 -0.0010017415181239643 0.9999951525109754 0.002948129658229711 0.3524904400968427 -0.002290990599476701 -0.002950418372159186 0.9999930231724131 1.3908406043818748
0.9999976825915144 0.0021229077250400027 0.00035787482683575324 114.12854527411531 -0.0021250177428278586 0.9999797271596396 0.006002463604690069 0.3476712807900871 -0.00034512489534085174 -0.0060032101848867155 0.9999819210147165 1.4177387510016606
0.9999944218202674 0.003336188135792386 -0.000161793299352115 115.42912132710022 -0.0033347687730405457 0.9999616578351506 0.008097047412950906 0.36715986930453537 0.00018880036936079497 -0.008096462702922766 0.9999672052853137 1.4338437541435962
0.9999868267308708 0.004829118615467592 0.0017395338804494526 116.804268324752 -0.004845543980139505 0.9999425112751955 0.009565293941741678 0.3749728187686983 -0.0016932419378284274 -0.009573596923472944 0.9999527384700173 1.4435263372558074
0.9999755056435952 0.005761141564468329 0.003974589376324019 118.10727545987316 -0.005800078050735962 0.9999346130732982 0.009855387996358303 0.37607224600138195 -0.003917551204720018 -0.009878199523574518 0.9999435353892393 1.4553034569341698
0.9999650710152164 0.0068162161341004815 0.00483693571865787 119.49484719275682 -0.006859859764369042 0.999935386422046 0.009064507984805643 0.3666472417767331 -0.00477483754136104 -0.009097372071463434 0.9999472179809527 1.481304535615378
0.9999607185875852 0.007755741549658183 0.0042906590187393 120.80180226802182 -0.007796713678545925 0.9999233661892499 0.009616288503047167 0.3649175863169731 -0.004215748760891482 -0.00964936380151396 0.999944557083347 1.490623922431786
0.9999501718881035 0.009158485396413237 0.003971886981731919 122.10815889224892 -0.009204530356104728 0.9998887926351836 0.011733668798721767 0.35788959048750685 -0.0038639826443078898 -0.011769643486454278 0.9999232696213876 1.5098559621082581
0.9999418734332969 0.010262689185655776 0.003305596071403001 123.46488698096323 -0.010305469540939216 0.9998598245501582 0.013195777660587956 0.3582748568270148 -0.0031697085432930627 -0.01322907635496606 0.9999074679621835 1.5179681538195466
0.9999309847589262 0.011405588402458613 0.002817493964127299 124.81589169187306 -0.011443217602797725 0.9998403747382826 0.013721436298924247 0.3585761054950387 -0.0026605431661998035 -0.013752730507216275 0.999901887143762 1.5374309573106195
0.9999193633986252 0.01253562914467703 0.0020309363445100786 126.12161117613275 -0.01256426105609031 0.9998121447738116 0.014758540134622031 0.34659114996889245 -0.0018455472366592524 -0.014782867270525048 0.9998890242375198 1.5511206279712104
0.9999094399788372 0.013369457544809102 0.001539300544290102 127.477340731174 -0.013389983277206016 0.9998094977717759 0.014201285617344045 0.3400025883091551 -0.001349143818963719 -0.01422061075716464 0.9998979718154493 1.5733020341121473
0.9998940240641842 0.014399286943214745 0.002145035258360644 128.8147462146881 -0.014428128319568249 0.9997965051126867 0.01409884667806474 0.3321460114692426 -0.0019415854157666167 -0.014128301383551733 0.999898305502159 1.585470004829751
0.9998778009363058 0.01525546300650393 0.003413801873894306 130.17111145800422 -0.015300768024988136 0.9997895715695534 0.013663787125623331 0.3189435598551017 -0.003204636113900436 -0.013714351214185792 0.9999008185205929 1.609025582837336
0.9998712897418819 0.015556255871997144 0.00392515644920346 131.49603060902461 -0.01560011964803241 0.9998132807625684 0.011403502872219733 0.2993953229308769 -0.0037470277384671607 -0.01146326803466642 0.99992727399001 1.6211855727544775
0.9998709903961587 0.01553525001403257 0.004081491296831714 132.81973847152682 -0.01557731543712581 0.9998236894599938 0.010485096011870303 0.2805575265998905 -0.003917883098931598 -0.010547322011172205 0.9999367000917687 1.6414356466883402
0.9998729940648264 0.015330954347621873 0.004354030159578276 134.15906770941487 -0.015367049688407236 0.9998467920107348 0.008381305967223408 0.2701130118149587 -0.0042248696682153745 -0.008447150089428129 0.9999553970711159 1.6434613665923257
0.9998815491216899 0.014752126134973053 0.0043889065275193135 135.49455335652178 -0.01478133908477562 0.9998683035316855 0.006699821455095983 0.2478225805409018 -0.0042894919128425016 -0.006763901770954755 0.9999679244315602 1.6751301187587269
0.9999003909620136 0.013590312709063135 0.003809403428671413 136.83664089240074 -0.013616721977307402 0.9998828231099085 0.006994635969939644 0.24048294212627017 -0.0037138977645069975 -0.007045810828367234 0.9999682812535433 1.6920414944405324
0.9999073002615935 0.012521305383659437 0.005348625530049188 138.17964314673793 -0.012555043486422366 0.9999011998512278 0.00632150449883334 0.22881710474103303 -0.005268943596737024 -0.006388070723142319 0.9999657148051679 1.7179724285726035
0.9999202421156347 0.011457866276695029 0.005312881308293082 139.51655398276256 -0.011471783351610922 0.9999308258919141 0.0025964625644084747 0.20470153741615743 -0.005282763873611778 -0.002657203699389065 0.9999825156843272 1.7157741635507004
0.9999362296046478 0.010021446014684283 0.00520647134013877 140.88858398414914 -0.010027122171658787 0.999949159734663 0.0010652543808435508 0.20326600816002474 -0.005195531252484839 -0.0011173923733613454 0.9999858788449406 1.7366695030099757
0.9999483620858748 0.008950891818935564 0.004811932815620096 142.1989142137555 -0.008954532037288581 0.999959636893337 0.0007354863281491596 0.19665658145803053 -0.004805155332505035 -0.0007785369557280567 0.9999881521110333 1.7393048992639772
0.9999596853031866 0.007927994348821599 0.004216002129651061 143.54091457352175 -0.007929327211353953 0.999968517532591 0.00029952236615787484 0.18465959583876845 -0.004213494787875171 -0.0003329403514142627 0.9999910677663052 1.7476378466018319
0.9999732463040566 0.007011287444893645 0.0020853116054143873 144.8930022150569 -0.007008465303881358 0.9999745188638584 -0.0013575850174119774 0.17699203829718965 -0.002094776888093428 0.0013429338629608763 0.9999969042144224 1.7660035450120548
0.9999810464984077 0.006048817559657363 0.001148237814841113 146.18794860106533 -0.006044718647866647 0.9999754636541756 -0.003540263561450917 0.18098429969976645 -0.001169624049677319 0.003533255686528312 0.9999930740179334 1.8086659410580501
0.9999783791660554 0.004968952585016653 0.004307053591109687 147.57787461724237 -0.004911978714274736 0.9999016122589696 -0.013139188217839347 0.163392420403132 -0.004371917833096414 0.01311774798207195 0.9999044009415798 1.8148309875444866
0.9999806431621743 0.0036407190979184014 0.005045638256385077 148.89370575711885 -0.0035308793249397502 0.9997602459386494 -0.02160980175484912 0.13806542077899234 -0.005123103762072112 0.02159156791762051 0.999753748681495 1.8237471926324567
0.9999948397134757 0.0025269514590729046 0.0019836992573078285 150.20739179054897 -0.002479088874414965 0.9997143670482167 -0.023770537136046148 0.11509053004567256 -0.002043199640932392 0.023765496706504713 0.9997154727728886 1.846976758682357
0.9999955866151926 0.0028616491698247827 -0.0007985700756213657 151.59744254242142 -0.0028788676880228538 0.9997434853020267 -0.022464988693318904 0.12338989814663201 0.0007340783144152481 0.02246718852426644 0.9997473113586469 1.8752568862400838
0.999986748222019 0.003663480914051735 -0.003616944559259256 152.93916305160678 -0.003737616554215465 0.9997785940609227 -0.020707319480280303 0.13974209357242004 0.003540282876555344 0.020720563823340338 0.9997790379038745 1.8822935979833462
0.9999841997119708 0.004359261825420025 -0.003549248194598252 154.32015091650993 -0.004427773776088005 0.9997994705192522 -0.01952981230864017 0.14073264402568914 0.003463400900446071 0.019545219000061405 0.9998029752248402 1.9095920989671962
0.9999874745372865 0.005004723773971021 5.923247235277524e-05 155.6292383868446 -0.005002526185231034 0.9997859675581927 -0.02007470561413923 0.13580068362707737 -0.00015968815112463546 0.02007415785716862 0.9997984810380639 1.9446667929739807
0.9999800003016777 0.005469960992338278 0.003174669021986963 156.98473756575538 -0.0053772285359969104 0.9995788079041676 -0.028518278386938403 0.12704139598137323 -0.0033293257468332144 0.028500637109116617 0.9995882298598989 1.953095319968011
0.9999778665785409 0.00561689501585904 0.0035660683406986016 158.31652745491826 -0.0055027440911435 0.9994964125434836 -0.03125125789745881 0.10150777522441144 -0.0037398075481367087 0.031230943038706247 0.9995051986039972 1.969385762065305
0.9999791491006771 0.005419638033747118 0.00351125155306859 159.64359566707466 -0.005298396110821663 0.9994191468881192 -0.03366445947994329 0.09636461586695394 -0.0036916612166604337 0.03364515354411502 0.9994270234891862 1.9911696459776902
0.9999728820525751 0.006435780625307285 0.0035799283805273024 161.00142992273055 -0.006316906114210633 0.9994588742643723 -0.03228088213382528 0.09316726091135857 -0.003785743864953596 0.03225739267108535 0.9994724252131483 1.9907327248032882
0.9999649500535035 0.0077052407009788005 0.0032753519252255612 162.3265240345703 -0.007601646144006442 0.9995045095653672 -0.030544235698343393 0.09443405244878252 -0.0035090797077597215 0.030518267058183737 0.9995280494990473 1.9927764432270467
0.9999616740519747 0.008558774890847833 0.0018433121114448728 163.68016632914384 -0.008503239436260534 0.999563876258763 -0.02827989034006562 0.0986692396321105 -0.0020845494146290453 0.028263132362218907 0.9995983443377714 2.017208914752214
0.9999571620966541 0.009230045405888317 0.0006929887524679969 165.04146135680904 -0.009209825749475611 0.9996446733023591 -0.025014120969649254 0.09529358483015511 -0.0009236239874013258 0.025006667111496295 0.9996868577303119 2.02681005048824
0.999952337951046 0.009490488355760114 0.0022918239474941536 166.37073415210148 -0.009437015278280511 0.9997064944242041 -0.02231295024657113 0.08943582303763244 -0.0025029120788845603 0.02229025878803654 0.999748408247939 2.055276563650793
0.9999545514871412 0.00930217454224608 0.0020891407170859555 167.71730316705205 -0.009252491028270792 0.9997006368248642 -0.022650124541218238 0.0843145914242343 -0.0022992107171736064 0.02262976537100014 0.9997412702041122 2.0556495111777386
0.9999603791137847 0.008895290742964445 -0.0003376465817419973 169.0879070174573 -0.008900064942835623 0.9997838382374565 -0.01879004106415778 0.0762209873205458 0.00017043071712384664 0.018792301662584027 0.9998233945810596 2.083976962923675
0.9999622821490542 0.008228127645913635 -0.002780682415835901 170.51298071367177 -0.008271078173026147 0.9998408882716919 -0.01580466405621093 0.07721425384536885 0.002650197183395555 0.01582706717988355 0.9998712319090757 2.1062028860039677
0.9999585612654497 0.007951582145882428 -0.004432616981998616 171.85746185535038 -0.00800110550767213 0.9999044911811098 -0.0112690206540245 0.07726664734268367 0.0043425870845519516 0.011304019516217047 0.9999266778520264 2.109534073388247
0.9999585139483035 0.008387092538947106 -0.0035534576181224767 173.231112511763 -0.00840836497398487 0.999946561971926 -0.00601436605049996 0.07407674028213762 0.0035028246837258744 0.0060439953067718275 0.9999755998723003 2.149086599025012
0.9999575437937885 0.009190287108067812 -0.0006702482860083496 174.58333111181625 -0.009189575131132515 0.9999572155610749 0.0010577127452347222 0.08346606636054504 0.0006799402936180618 -0.0010515085417835113 0.9999992160051845 2.2038218027487084
0.9999565445154706 0.00917319274156699 0.001661810941671097 176.01052972984007 -0.009172871238475771 0.9999579081334212 -0.00020098426485163831 0.0792211067759815 -0.0016635846603461671 0.00018573195319238726 0.9999985989938783 2.2056744342310344
0.9999629350528006 0.008334865671841628 0.002158363922215465 177.38835702249557 -0.008331118260011351 0.9999637827575859 -0.0017394371725399566 0.07447790468342594 -0.0021727837274038045 0.0017213911153088808 0.9999961579043701 2.2258859380638034
0.9999742211703595 0.006867026861951979 0.002097840987825046 178.82170460465903 -0.006856722069802377 0.9999645828170102 -0.004880417406363816 0.06085465127683231 -0.0021312806456339345 0.004865907282314767 0.9999858901950215 2.2310273546009336
0.9999871720211122 0.004662214424515537 -0.0019797853111769314 180.09934306846833 -0.004674804021745562 0.9999685747808675 -0.00640278518135231 0.05464827975189575 0.0019498719385601178 0.006411958154894064 0.9999775421438439 2.2532867914577603
0.9999801825800492 0.0030939075085891473 -0.0054828991874422825 181.5139697080894 -0.0031128625717734204 0.9999891969400116 -0.0034519689858973474 0.0670858600864049 0.005472159882588567 0.003468968088443693 0.9999790106430337 2.2896286892178335
0.9999716289822711 0.002535474961737169 -0.0070931373355904385 182.89917230837233 -0.0025334511996803716 0.9999967475058829 0.00029428332337908523 0.08749106188859299 0.007093860413201067 -0.0002763048569693511 0.9999748000825142 2.3120225575520754
0.9999789173919151 0.002366479504361183 -0.006046862529345855 184.23085742889648 -0.0023426130800039712 0.9999894510251462 0.003950949554739226 0.09715640500067137 0.006056148582289145 -0.003936700799163969 0.9999739123853016 2.327525461663596
0.9999926348425624 0.0026858873607458395 -0.0027415816083235824 185.68991471288655 -0.0026663283286084884 0.9999711467583609 0.007113110712820008 0.08897234172164767 0.002760607518966113 -0.007105748366932271 0.9999709432709893 2.3610784335257664
0.9999954463680135 0.0030100989157775485 -0.00021574928646234597 187.05176516437785 -0.0030084414059847165 0.9999687550375748 0.007310145614796063 0.09886100580271527 0.0002377468067732708 -0.0073094632579964606 0.9999732572540806 2.393778018800404
0.9999947367577487 0.0032278167311877927 -0.0003281096627015062 188.5057998718482 -0.0032258089706816914 0.9999771203147011 0.005945839184056287 0.09929313415189059 0.00034729423485492885 -0.005944749470570964 0.9999822695130383 2.3999194665248686
0.9999953421712134 0.003032941207046896 0.0003419115563055298 189.92106789073995 -0.003034897162610544 0.9999781475339281 0.005873146841839577 0.09352388005833456 -0.0003240911756231935 -0.005874157152139245 0.9999826944715903 2.4311078245681883
0.9999947646072367 0.003136888542286278 0.0007941589202142314 191.27490057165124 -0.003138298808750407 0.9999934898507312 0.0017808247365964332 0.09499534592284031 -0.0007885675014090683 -0.0017833077212727614 0.9999980989856265 2.4366452697148366
0.9999933434914574 0.003475883907719128 0.0011095962491240515 192.7396129460261 -0.0034762032493407848 0.9999939170886715 0.00028600109173142094 0.10023416801583007 -0.0011085953929561181 -0.000289856370049372 0.9999993434995543 2.4696893006946965
0.9999909612529024 0.0039052675262020754 0.0016811597321265339 194.12170322663326 -0.0038998852930146374 0.9999872978656185 -0.003192961340209628 0.08874109516482624 -0.0016936077460440392 0.0031863761497250525 0.999993489328723 2.478014071585876
0.9999862386253523 0.00420311142200077 0.003139492681024198 195.5611469169567 -0.004176501141487757 0.9999557029631516 -0.008434983680153043 0.08357321950928241 -0.0031748067870516626 0.008421755508416482 0.9999594964977437 2.4892832447374666
0.9999839283509855 0.004399545396710358 0.0035758970949253143 196.98081632386058 -0.0043565778199765965 0.9999192710863098 -0.01193614426526801 0.0767584896069628 -0.003628122025194104 0.01192037375777652 0.9999223676966355 2.5150784767023766
0.9999887617656684 0.0047322237245489 0.00028705571934204923 198.39912422417683 -0.004729132160675322 0.9999392749647437 -0.009953978701483252 0.07741558220655566 -0.0003341427420381852 0.009952509311903827 0.9999504167242615 2.5353137542838806
0.9999761189788711 0.004883389897758735 -0.004890191720268448 199.83556838368025 -0.00489903679870566 0.9999829025896605 -0.0031927992110901858 0.09239726845283826 0.0048745164272409585 0.0032166801929750864 0.9999829458836469 2.5665326481331947
0.9999597936294587 0.006557226113966144 -0.006116691116988476 201.3021310648302 -0.006515441937719994 0.9999554745470407 0.006826268362659022 0.10247417497763944 0.006161180153714448 -0.006786140957360112 0.9999579931927242 2.57654925594162
0.9999673116707427 0.007712201875939514 -0.002428483521149112 202.71670035039006 -0.007680448249572867 0.9998882709023156 0.012824056560358127 0.12382711397067309 0.0025271139019385006 -0.012804985521365742 0.9999148193926942 2.5979585868355777
0.9999627475758839 0.008625837268846524 0.0003136748324386244 204.17296949503555 -0.008629649426185947 0.9998438113986649 0.015423422401402551 0.11065348887946351 -0.00018058590824209132 -0.015425554745367694 0.9998810027445904 2.618656954690474
0.9999674611141645 0.00804563251696001 0.0005869499928667858 205.66089488082582 -0.00805346923614572 0.9998570902756758 0.014864072750142485 0.10725633809133195 -0.0004672752449521075 -0.014868316073486924 0.9998893512939241 2.6441641063761736
0.999977096654172 0.006741008475952051 0.0006041289759961461 207.0827685365856 -0.006747595068566341 0.9999092612256126 0.011659299980695852 0.09486906318927757 -0.0005254787180797541 -0.011663109361415491 0.9999318455535559 2.672003553944769
0.9999839379226692 0.005667774865562388 1.4991479493010705e-05 208.52426874566112 -0.005667678755662894 0.9999430671136857 0.009041014810152676 0.08412180401268983 3.62518105153476e-05 -0.009040954559563484 0.9999591290780129 2.6850031173412954
0.9999865098035031 0.005139513075101783 -0.000752074703352621 209.99182539906388 -0.0051310738359637885 0.9999282638673241 0.010823086462224966 0.0887504210247516 0.0008076461468074815 -0.010819081505828824 0.999941145859631 2.7060083941768824
0.9999860188814065 0.0052337384747758245 -0.0007549988695903343 211.47679708253992 -0.0052250201076414135 0.9999245087802741 0.011120966927486224 0.08284298802146209 0.0008131461062898715 -0.011116866559653882 0.9999378751059012 2.725682579748812
0.9999876921440319 0.00496137426042327 1.8052722298147904e-05 212.89291043657934 -0.004961211677699476 0.9999093886401368 0.012514027648878937 0.08726291297100507 4.403568815494184e-05 -0.012513963191405734 0.9999216963273186 2.744008482389303
0.9999901692911277 0.0044286120424771825 -0.00022071809835484766 214.35649338830444 -0.004425632040430533 0.999917648477443 0.012046163056495593 0.0972067899063214 0.0002740477046610323 -0.012045067817085576 0.9999274179854943 2.775642437302956
0.9999901581947712 0.004324844657215994 -0.0009895616642904494 215.8403695356383 -0.0043116835204397375 0.9999070238583091 0.01293649968262525 0.09199518597213989 0.0010454180102004167 -0.012932105687394651 0.9999158303295702 2.8023692203882464
0.9999909202056746 0.003967561555914829 -0.0015549795844771713 217.30562063280988 -0.003949657191143787 0.9999277529277278 0.011352934993969223 0.09443487199268996 0.0015999107101836224 -0.011346690275356576 0.9999343442974217 2.8176985418173017
0.9999928997340601 0.003461395934146769 -0.0014897045522961633 218.75327640105854 -0.0034434505350561494 0.9999234440203749 0.01188481160326103 0.08517696277966091 0.0015307285450664382 -0.01187959749400032 0.9999282634436842 2.8391340660261193
0.999992205181983 0.0033100704933520376 -0.002152442474032603 220.25700644750754 -0.003280958499536197 0.9999049561297015 0.013390818443392514 0.08684383774611486 0.002196562450580584 -0.013383651989969709 0.9999080222564534 2.867912634534263
0.9999936903517925 0.003079611935774041 -0.0017706628499545094 221.74309531871987 -0.003060814277310525 0.9999399509546812 0.010522637535777637 0.09277824820867488 0.001802962163491793 -0.010517151471505127 0.9999430678055438 2.883463590153163
0.9999930137455614 0.002622839923147325 -0.0026633007354202464 223.23462780036354 -0.0025857057671443795 0.9999007143868784 0.013851913019363966 0.09541604937215445 0.0026993676584529547 -0.013844929734303934 0.9999005107183898 2.9106073511605195
