1.0 8.809142651444726e-20 8.673617379884037e-19 -5.551115123125783e-17 -8.809142651444726e-20 1.0 1.7347234759768075e-18 0.0 -8.673617379884037e-19 -1.7347234759768075e-18 1.0 -5.204170427930421e-18
0.9999993011580781 -0.0003480319849955573 0.0011298482609536818 1.3160940844717768 0.0003481171165631284 0.9999999365833229 -7.515200288644408e-05 -0.058402083065748844 -0.0011298220340017183 7.554526988583102e-05 0.9999993588973364 0.018140396604628333
0.9999976844684006 0.0012037922336848642 0.001783799903291163 2.5652097675998258 -0.0012028053760217308 0.9999991230587825 -0.0005542029350592417 -0.11574037075546209 -0.001784465484192614 0.0005520560876714074 0.9999982554569841 0.031373844761168695
0.999998893052563 -0.0006640376133080303 0.0013315208209843396 3.931613394483722 0.0006660495189149528 0.9999986364621251 -0.00151110950263878 -0.029166100920057645 -0.0013305155718576897 0.0015119946887222312 0.9999979717981303 0.0531566782452808
0.9999991903329163 -0.00015489542021851027 0.001263068058652014 5.253275697352242 0.0001574034618028288 0.999998015876395 -0.001985816563402799 -0.028312600198005012 -0.0012627579586777988 0.001986013766837418 0.999997230591993 0.05928876175241688
0.9999988570827693 -0.00015162735981721966 0.0015042746753195964 6.562183782880894 0.00015504987279457382 0.9999973993997818 -0.0022753358455634264 -0.027125772002262467 -0.0015039257601355874 0.0022755664826399394 0.9999962799953263 0.06649220174943396
0.9999972735808504 -0.00021011682201388824 0.0023256572806138664 7.905140110222757 0.00021809877589703004 0.9999940854905621 -0.003432406855012849 -0.028305057563212905 -0.0023249223190716967 0.0034329047198391276 0.9999914049137596 0.09863195787676332
0.9999965559387276 -4.165550476866712e-05 0.002624190447043885 9.220101901316458 5.1141728084732726e-05 0.9999934647361887 -0.003614950820821555 -0.009271204630703724 -0.0026240227146658666 0.003615072576343716 0.9999900228277584 0.10453341845928314
0.9999980165158855 -0.0005957769834016897 0.0019005299473609147 10.552576219778963 0.0006020879935404057 0.9999943014977467 -0.0033218160818745653 -0.01043294164208091 -0.0018985400556220527 0.003322953779367805 0.9999926767351035 0.12058143316009219
0.9999998167880517 -0.00038038728067267145 -0.0004708814921689077 11.873519788979733 0.0003800482932063948 0.9999996687399559 -0.0007197800172531242 0.003195622839698232 0.0004711551313481293 0.0007196009276734236 0.9999996300936052 0.12968257987665496
0.9999987065116396 -0.0005757725582832532 -0.0015018192330315749 13.216459012282153 0.0005788692184627713 0.9999977058700386 0.0020623203165049406 -0.0054925102729864155 0.001500628360218442 -0.002063187005843313 0.9999967456816564 0.15342110337074513
0.9999986544462848 -0.0002875514991971062 -0.001615060294649285 14.558250717987393 0.0002966486967022668 0.9999840774736075 0.0056353170992394005 0.026207758091741407 0.0016134141349287805 -0.005635788622149044 0.9999828172430943 0.16513960094022462
0.9999996767886641 3.4940659678404676e-05 -0.0008032444942578811 15.91041912908851 -3.0117453175500316e-05 0.9999819760747218 0.006003883629259125 0.04121961147134888 0.0008034397962937749 -0.006003857497057431 0.999981653921535 0.18410130500664276
0.9999980206509527 0.0002641722476067677 0.0019720312371843676 17.25051184074433 -0.00027255399017277914 0.9999909262477056 0.004251251177967347 0.030673291994275785 -0.00197089028088258 -0.004251780248239818 0.9999890189178187 0.20506445055093475
0.9999927380608519 0.0003713769430083744 0.0037928755221525215 18.612124287749065 -0.00036977795503725886 0.9999998424764517 -0.00042226926935912384 0.03861681835647216 -0.003793031745755692 0.0004208636811110932 0.999992717865454 0.22419605764198103
0.9999983507307769 -2.8533747558888974e-05 0.0018159629817936064 19.9563115797045 3.3335959884405384e-05 0.9999965028310827 -0.0026444686268525565 0.026204423877586865 -0.0018158811744640854 0.0026445248022809514 0.9999948545188272 0.2529744351643557
0.9999998561077295 0.0002810194539512917 -0.00045696015881103265 21.299922618796742 -0.00028248241521755736 0.9999948253559809 -0.003204600590730614 0.03465659664549936 0.0004560572390967409 0.0032047292128226782 0.9999947608475092 0.2459950116243358
0.9999982917690768 0.0004888719843942497 -0.0017825439997766113 22.653350893064417 -0.0004908779113600196 0.999999246646869 -0.001125053141147498 0.04038750278119181 0.0017819926499298463 0.0011259262307724497 0.9999977783936914 0.2908320741718126
0.9999990964111725 0.0012203801862323367 -0.000563781021127905 24.02440398989583 -0.001219816569974999 0.999998757050211 0.0009989722561792615 0.047352933039135646 0.0005649994463244408 -0.0009982836440876825 0.9999993421024793 0.2793049981620406
0.9999910469511663 0.002068988235952464 0.0036912471049547987 25.416328671248547 -0.0020736935817386127 0.9999970417161208 0.0012713590901271795 0.06360042698407552 -0.0036886057581968497 -0.0012790022230173164 0.9999923791413983 0.2925936370310226
0.999987292303939 0.0020311928327019693 0.0046140531328420515 26.790143046198242 -0.002029448802595752 0.99999786746257 -0.0003826328131035795 0.042750701064964876 -0.004614820494228575 0.00037326396611652823 0.999989281995471 0.31282983095927547
0.9999901939267439 0.002051968172651427 0.00392447155313447 28.158898695174045 -0.002034957343052655 0.9999885391683052 -0.00433364519207621 0.05028298163545465 -0.003933319077432213 0.004325616563829337 0.9999829088751355 0.3365544237042739
0.999997195433121 0.001967484784400388 0.0013183813997906634 29.513246016110507 -0.0019612936319765815 0.9999871208065351 -0.004680977285304932 0.057727026229606127 -0.0013275741716865161 0.004678378424147151 0.9999881750911553 0.33598597739180275
0.9999959384325372 0.002761309267989504 -0.0007058962784642306 30.90338361468301 -0.0027645472873166713 0.999985469163985 -0.004628038372893726 0.058594387155422784 0.0006931065759494822 0.00462997105944541 0.9999890414255863 0.3737015859243994
0.9999929551946604 0.0032177666425057456 -0.0019327542224513426 32.28791929075005 -0.003222069285807413 0.9999923288976471 -0.0022271989982053054 0.07132952874979799 0.0019255727894532317 0.0022334107760390853 0.9999956520134166 0.36644260559929054
0.9999856889242927 0.00375389370493341 -0.0038118537038689896 33.673102816232344 -0.0037565955327209283 0.9999926976477661 -0.0007018839982798143 0.06977741380920194 0.0038091910704478437 0.0007161935461601172 0.9999924885368856 0.4060422807330966
0.9999848288596566 0.003954279327068508 -0.003834804496575312 35.063479894807635 -0.003953884904775374 0.9999921772691903 0.00011042909060483917 0.080007754984545 0.003835211165402113 -9.526503965783373e-05 0.9999926410128672 0.4108895700634423
0.9999917472790438 0.003369750310533681 -0.0022693956573975487 36.45564596667489 -0.003370529753593073 0.9999942620427786 -0.00033972150183515554 0.07233537681067373 0.002268237859066044 0.0003473677637943314 0.9999973672128599 0.4431012951204327
0.9999940975012679 0.0032660643028563923 -0.0010666707995162824 37.85790625240627 -0.0032651377886806724 0.9999942916730074 0.0008691930863571165 0.08328043040205922 0.0010695035511222057 -0.0008657051288104435 0.999999053357944 0.45594327694117465
0.9999960535683645 0.002715252756190501 -0.000721283693548486 39.25727635935745 -0.002712977424513804 0.9999913993750648 0.0031370255647117013 0.07525796520277989 0.0007297953073687895 -0.0031350563582775047 0.9999948193968006 0.473598916275003
0.9999942504198727 0.0033437483521853383 -0.0005643351436925477 40.652630653855404 -0.0033406565142321655 0.9999798747870493 0.005393517862315611 0.09153957068169635 0.0005823583527922052 -0.005391601601978507 0.9999852956373482 0.4957728380930047
0.9999946749892507 0.003254162133555819 -0.0002458087701424845 42.079298765206715 -0.0032520901557721773 0.9999626676478885 0.008005449402562648 0.0976233374428426 0.0002718506238308419 -0.008004607381176943 0.9999679256645743 0.5157125319899627
0.9999952489443662 0.003071183879463454 -0.0002644206375672497 43.46956500256948 -0.003068570881496642 0.9999513708139821 0.009372293208342484 0.10482710156318152 0.00029319181482194477 -0.00937143728658713 0.9999560441348125 0.5376692254963011
0.9999966418120154 0.0025526165744649914 -0.0004477871318975344 44.894718349813374 -0.0025488444556548504 0.9999628731671961 0.00823138379295192 0.10642096132486713 0.00046878207368022837 -0.00823021481066932 0.9999660213264937 0.5515593819090565
0.999998081430421 0.001697964825425259 -0.0009767553064611227 46.295061022099716 -0.001690167765492822 0.9999671381359928 0.00792880703742714 0.09583059019666146 0.000990186043918209 -0.007927140945125408 0.9999680894748766 0.5787476335990337
0.999999496187531 0.0008552072202604719 -0.000525590424570898 47.72728304229934 -0.0008512974404523363 0.9999722974009783 0.0073945739077544426 0.1067371163764136 0.0005318997573467778 -0.007394122748492743 0.999972521638184 0.6009671936283988
0.9999999732131182 -0.00022567124822056982 5.144171981898842e-05 49.12555250426971 0.00022527656672138952 0.9999714921700378 0.007547456372602499 0.10585650293882425 -5.3143497227682364e-05 -0.007547444581815652 0.9999715162223637 0.6192813332946874
0.9999992102980225 -0.0012410272703416525 0.00019812785156231465 50.55415909902159 0.0012393483189305555 0.9999651134742464 0.008260499390580735 0.11444478478373754 -0.00020837244458026994 -0.008260247317828266 0.9999658618648801 0.6368586200442838
0.999997458975531 -0.0022198270223580748 0.00039295097908061713 51.9934027954678 0.0022164885808977357 0.9999630845050342 0.008301614635040819 0.12738037366769914 -0.00041136462159679384 -0.008300722569076912 0.999965463795615 0.6524423059532007
0.9999928731896819 -0.0035851344789043955 0.0011833767840610143 53.41162474352699 0.0035745277919929917 0.9999544784270096 0.008846684397648815 0.12864165905752756 -0.0012150394681463598 -0.008842391335804145 0.999960167103948 0.6764645392478719
0.9999893354576131 -0.0041446178463363775 0.0020374282684089 54.86128031511566 0.004129087007259654 0.9999628314946872 0.007568769359292668 0.14946058749447302 -0.0020687221968068094 -0.007560275923239709 0.9999692808363849 0.6969701500861123
0.9999854557987878 -0.004761791094340112 0.0025324960936343316 56.26165253667841 0.00474981355601934 0.9999776051465351 0.004714708536402121 0.1479177373071769 -0.0025548898358764634 -0.004702611080456402 0.9999856788909292 0.7008804991075323
0.9999854590504301 -0.005076133921375903 0.0018205911437813478 57.69157067437463 0.005070714758807793 0.9999827364135033 0.0029689605583014277 0.16728137594156534 -0.001835630555249883 -0.0029596856884131478 0.9999939353421552 0.7213425396523871
0.9999843593328792 -0.005204440339120521 0.002048143151146827 59.14399249254523 0.005200520596171776 0.9999846445236357 0.001914497967308765 0.17509581416238723 -0.0020580755913833047 -0.0019038166126419077 0.9999960698958599 0.7399011260514344
0.999985202369043 -0.004753314758066512 0.002645948176945492 60.53850831509341 0.004750160044402208 0.9999880011646496 0.0011972912266688712 0.18700033202734254 -0.0026516075307063997 -0.0011847048322854656 0.999995782717089 0.7631108475959745
0.999984574369379 -0.004245616520622743 0.0035813075337958514 61.99880460016139 0.004246631595867152 0.9999909449640556 -0.00027588038025377876 0.1982300488176523 -0.0035801038226272834 0.000291084618352472 0.9999935490423746 0.7822406366365214
0.9999878490363456 -0.003821751413564162 0.003113839397858616 63.400511809142984 0.0038304008813208226 0.9999888093711145 -0.0027765377053413413 0.2086491915980001 -0.0031031933151373036 0.002788431220906448 0.9999912973834197 0.7921583621765906
0.9999916101491334 -0.0035551817035533234 0.002034776252610458 64.81884909905817 0.0035626193551514217 0.9999869435719315 -0.003663390369154447 0.2106525615798728 -0.002021725667287289 0.003670608767116536 0.9999912195897547 0.8149666078996785
0.999994384447108 -0.002718756724203692 0.001959447913120714 66.27095560546621 0.002725620997998387 0.9999901287217648 -0.0035090524651630894 0.22165986921201764 -0.0019498883108799308 0.0035143734722698564 0.9999919235247214 0.8379863762873082
0.9999964123450037 -0.0019726425690919144 0.001812175051124778 67.63159024918644 0.0019755883516319327 0.999996727880091 -0.001625201457107508 0.235344450539933 -0.001808963179893074 0.0016287757383675007 0.9999970373665155 0.8586704908035273
0.9999944543849942 -0.0014403923967892794 0.0030027435789393283 69.09898353164132 0.0014375417825860202 0.9999985142700576 0.0009512787713416305 0.25073924335222003 -0.003004109332382751 -0.0009469569265586843 0.9999950392875447 0.875314115929194
0.999991506856527 -0.0006311603993157997 0.004072818601755585 70.46332653505715 0.0006134902126835262 0.9999904011006827 0.004338356400141786 0.2637072707522866 -0.004075517705937777 -0.004335820919508231 0.9999822952494622 0.892582186718596
0.9999879069798482 0.00028196626698937676 0.0049098257695000865 71.90933004612741 -0.0003206435184270619 0.9999689126057139 0.007878515715560945 0.2823590541553588 -0.004907451660144779 -0.007879994744321227 0.9999569103721585 0.9107280341240626
0.999990460755586 0.0006395262849048314 0.004320810567689779 73.27418591821083 -0.0006920021954235324 0.9999258935442356 0.012154363526065378 0.28700182982429706 -0.004312717332781371 -0.012157237593019857 0.9999167975603341 0.9200282195303279
0.9999917774468607 0.0013312460407687641 0.0038305120606750157 74.67428573338486 -0.0013916804075203197 0.9998739202300939 0.01581792873125247 0.3001939486361053 -0.0038089715555991413 -0.015823129516078532 0.9998675513826849 0.9372214882256757
0.9999903511192079 0.002266788964354921 0.003762889351907494 76.1188781249215 -0.002332628721339536 0.9998426343119128 0.017585944827139134 0.3163126829257774 -0.003722433576573521 -0.01759455256623136 0.9998382745265667 0.9533650205998411
0.9999876821650694 0.0026020128344050736 0.004226706441389245 77.4740175442991 -0.0026760277193581482 0.9998415090380717 0.01760101361048878 0.31750346305064264 -0.004180238483306531 -0.01761210758770726 0.9998361562138777 0.9705375866999925
0.9999879562403285 0.0026163383160364233 0.004152366567028103 78.90312325245492 -0.0026871227533379043 0.9998495957965511 0.01713374322154999 0.31833890197889925 -0.00410691436475449 -0.017144694785546817 0.9998445842705311 0.9955523354358508
0.9999931752428843 0.002344087775076902 0.0028556470644421164 80.26327986627327 -0.002389819486376441 0.9998672447163298 0.016117745071733434 0.31768171257363753 -0.0028174865530215584 -0.016124459553038886 0.9998660228118795 1.0077817884099922
0.9999933487827983 0.002125436316492648 0.0029639349907285882 81.65340976682964 -0.002171965102945903 0.999873058461734 0.01578447116534187 0.32492026441931265 -0.002930009856010096 -0.015790803742762996 0.999871024462356 1.03582842334895
0.9999935343035348 0.0016107113478958197 0.0032151143181739445 83.05179563809669 -0.0016590973609801516 0.9998845509004891 0.01510404801613926 0.3251675253940588 -0.0031904148745823284 -0.015109284545629926 0.9998807582774294 1.0441846882965473
0.9999956228275164 0.0012701101190672485 0.0026722922918455843 84.42644409807819 -0.0013092435654740917 0.9998911842676088 0.01469372332681433 0.33365501728275354 -0.0026533388577185224 -0.014697157691341067 0.9998884704549313 1.0640894149187958
0.9999958880400788 0.0005968818150586005 0.0028049304863531034 85.82514124842467 -0.0006379418348544267 0.9998923256819129 0.014660493601197715 0.33980998010092855 -0.002795877885345366 -0.014662222700336704 0.9998885949406243 1.0762013457484367
0.9999936102415179 -0.0005789634763728869 0.003527644742352712 87.18686625170058 0.0005284823978985075 0.9998976915718292 0.014294302909991301 0.34719327169589553 -0.0035355597138690717 -0.014292347274695662 0.9998916084390793 1.1025971676018136
0.9999882976623067 -0.0016845209667086386 0.004535077458517152 88.55489702076378 0.0016279223684031335 0.999921107313816 0.012455079970623171 0.35150891912088705 -0.004555700517426944 -0.012447551463034195 0.9999121481687132 1.1166079848321213
0.9999829161445976 -0.0027819556259774153 0.005140830851321616 89.95176620547439 0.0027283818054666615 0.9999422063873253 0.010399029664889998 0.3526126039183263 -0.005169463383215516 -0.010384825860011148 0.9999327137563742 1.1397667311814839
0.9999788040722007 -0.003702921460891331 0.005355350500720309 91.28496846754783 0.0036513330754122434 0.9999471471933319 0.009610961798358889 0.3622367107406822 -0.005390656092118603 -0.009591203916692825 0.9999394729854028 1.1558407864858569
0.9999806418429122 -0.003973427230801587 0.004788299852652158 92.66805704685291 0.003933501923615924 0.9999576611240346 0.008318865425493255 0.3787000228212104 -0.0048211515278296395 -0.008299869600908298 0.999953933270205 1.1722969211604846
0.9999808083433167 -0.004299784341696123 0.004460358692046716 93.99398919834938 0.004268127591926388 0.9999658082225231 0.0070827588364318125 0.3822722598580031 -0.00449066051999575 -0.00706358552655244 0.9999649692502248 1.1891676819018717
0.9999824469104732 -0.004483402623399931 0.0038736251572611537 95.39878509197919 0.004457443174662025 0.9999677242610594 0.0066844323994120864 0.4030737768246192 -0.0039034691349022887 -0.006667048602953312 0.9999701562504947 1.1996944141935204
0.9999851446601771 -0.004478742303499808 0.0031066583886339262 96.74873173132313 0.004459535516862165 0.9999710702614919 0.0061620761972258145 0.4036679889836977 -0.0031341668651610134 -0.0061481304040670185 0.9999761884618033 1.2095589455148776
0.9999881351804105 -0.004134179709532622 0.0025764426123055647 98.08055289721676 0.004114825081000666 0.9999636127184347 0.007472713941345507 0.4261129097597905 -0.0026072424049142454 -0.0074620236682618754 0.9999687597569318 1.23296731322543
0.9999895367077338 -0.003846930860714584 0.0024753985546828094 99.43701621744088 0.0038245083174216488 0.9999521853034443 0.00900001349977088 0.44347444406249065 -0.0025099026239311793 -0.008990452147637915 0.9999564351305508 1.2431260380195297
0.9999845229421515 -0.003876381742026871 0.003990932315615683 100.75033485660327 0.003840429066793091 0.9999523295198587 0.008977181762159059 0.4446696943280768 -0.0040255410494336764 -0.008961715929329114 0.999951740168925 1.2659390037588474
0.9999784092947432 -0.0038132906528040916 0.005351612724424832 102.12235287774881 0.0037648854266917092 0.9999521765086558 0.009026091807982835 0.4666776071765819 -0.00538577590314276 -0.009005748719539504 0.9999449434383484 1.2831886978673326
0.9999846600618205 -0.003516719523083944 0.004279290226350567 103.46029370823534 0.0034773387706356993 0.9999518576469569 0.009175538320677955 0.47759939881901364 -0.004311352005996849 -0.009160517026672461 0.9999487472724212 1.2958272371548205
0.9999925578979808 -0.003414051963275717 0.0017967742890173265 104.7846364694128 0.0033974667926272603 0.9999523294455415 0.009154018561724797 0.48581075642529153 -0.0018279409308332509 -0.009147845955603992 0.9999564868264649 1.310299545970972
0.9999931920380181 -0.003657095728998217 0.0004914554349732199 106.11522214074098 0.0036530564961691687 0.999961464551632 0.007982768316246025 0.5038056817693409 -0.000520630244432606 -0.007980918655393509 0.9999680164293079 1.3241763487622231
0.999993456251788 -0.0032332840775552555 0.0016227531164646955 107.45783174750373 0.003222440236708287 0.9999727555742446 0.006641083358377127 0.5082650500833927 -0.0016441814145682528 -0.006635810675863036 0.9999766310690216 1.3507198292015854
0.9999902574247889 -0.002740221363207322 0.003460670799860111 108.78804615579452 0.002728740548115318 0.9999907727571902 0.003317887204012334 0.5135717897097677 -0.0034697306128075034 -0.0033084116065114503 0.999988507625021 1.3584506446942897
0.9999893451104501 -0.001828028328112788 0.004238865178873554 110.1420431390229 0.00181882985120592 0.9999959852316057 0.002172873360915567 0.5247844265507231 -0.00424282023486876 -0.002165140434667328 0.9999886552573248 1.383061480380423
0.9999945359051468 -0.0012177338655837947 0.003073318090042206 111.46247806220288 0.0012124636643863372 0.9999977924544883 0.0017161054783377883 0.5333788059158601 -0.003075401065310536 -0.0017123698148613989 0.9999938048297622 1.3972815306624655
0.9999997066659942 -0.0005261122391427304 0.0005566631272086888 112.77556768133438 0.000524400171849992 0.999995146114999 0.0030712783823277304 0.5466818220947686 -0.000558276262376642 -0.003070985567177769 0.9999951286757657 1.4114528306948004
0.9999989544637294 0.0006359532377182635 -0.001298705096342495 114.12167070091489 -0.0006281233119062688 0.9999816789947028 0.006020559445776321 0.5448259095032785 0.0013025100970319623 -0.006019737404116747 0.9999810329346415 1.440658228252377
0.9999964435911047 0.0020119775343013786 -0.001750643180053245 115.43765590944383 -0.0019968607737117336 0.9999610745567817 0.008594295683565756 0.560632413782075 0.0017678665653300223 -0.008590769328041124 0.9999615359253372 1.45008000544606
0.999993973376656 0.0034707328577947127 8.499292685892512e-05 116.78624351717345 -0.003471392233586803 0.9999472634969899 0.009665384671185662 0.5710067119706671 -5.144247646767257e-05 -0.00966562146533898 0.9999532854665564 1.4709898892281947
0.9999877705167757 0.004295956892483981 0.002450218616045896 118.10642470308626 -0.004319157895337915 0.9999451308166145 0.009543596346188834 0.5742379710841151 -0.0024090852960488222 -0.009554062514018219 0.9999514569205421 1.4845466005957808
0.9999806582846644 0.0052355315234606445 0.0033574195799862213 119.45808286309544 -0.005265775935383411 0.9999450601564853 0.009063568416534577 0.5716301005695301 -0.003309782525720075 -0.009081072530803615 0.9999532886396858 1.5061947306649006
0.9999777150537716 0.00624014599202962 0.0023727565901285053 120.79140100569738 -0.006263051088677667 0.9999326418319134 0.009771693308276083 0.5684546745419181 -0.002311619972758297 -0.009786336242361119 0.999949440739907 1.521217565539811
0.9999681446227418 0.007665143051647891 0.002226055199022543 122.10668640625968 -0.007689958968144312 0.9999058805712061 0.011361977389033386 0.5657469620276824 -0.0021387545019422183 -0.011378733722098567 0.9999329728277101 1.5384305968734007
0.9999603950084941 0.008764546324993768 0.001546331844582454 123.46671528684391 -0.008783836682789531 0.9998776485036122 0.012943424431629937 0.5669105594066419 -0.0014326994055322802 -0.012956494533795474 0.9999150347013536 1.5500207011012979
0.9999498578463007 0.009979582683485843 0.0008304954102266116 124.80234018584439 -0.009990007924541158 0.9998566163338294 0.013672838590901175 0.5668916139249117 -0.0006939271075141012 -0.013680449661056504 0.9999061774797877 1.5679969020874782
0.9999388525389437 0.011058534306360274 -1.4476754580804337e-06 126.12207766606899 -0.011057353397264831 0.9998339679797124 0.014483487487194165 0.5579589054945668 0.00016161357835047584 -0.014482585851247938 0.9998951087929737 1.5836554031483785
0.9999293391699128 0.01188670543722052 -0.00015133099558967174 127.46384256936501 -0.011883410666290492 0.9998308723647884 0.014036068438224417 0.5516680954096107 0.00031814801235809494 -0.014033278309610282 0.99990147808758 1.6064233328887534
0.9999162319545353 0.012928552589963527 0.0006177392432234123 128.81301333073117 -0.012935713632189112 0.9998252555286433 0.013495396248689225 0.5470949394715714 -0.00044315535658234377 -0.013502256663672402 0.9999087421751638 1.6269165774426468
0.9999042280324638 0.01378064629345896 0.001276146753775807 130.16177301384337 -0.013796348336668146 0.9998171146986278 0.013243788290528344 0.5347201646906108 -0.001093405403274923 -0.013260126072009926 0.9999114828429456 1.6472798756842706
0.9998989213644618 0.014092500190918183 0.0018837442912112447 131.49058858807274 -0.014112727563702283 0.9998377445534461 0.011194440003435457 0.5183241880942714 -0.0017256809955544445 -0.011219893254695839 0.999935565934353 1.6567045785537595
0.999898968032999 0.014057496864788202 0.002107251394620643 132.82726585767654 -0.014077408631791355 0.9998533463817376 0.009752553278741489 0.5039089701840017 -0.001969845871439445 -0.009781232598072441 0.9999502223591458 1.679742019216313
0.9998992805995449 0.013914924731468142 0.0027934792339192305 134.16603236535758 -0.01393442837727888 0.9998777870363476 0.007088208313454002 0.49253600564747285 -0.002694505949380473 -0.007126419929670833 0.9999709764671546 1.6856576580169103
0.9999077762946144 0.013323244739789998 0.002632499793531551 135.51992080435542 -0.013339542963108176 0.9998913423572031 0.0062737606462052115 0.47306257152930287 -0.0025486269037810674 -0.006308298400847903 0.9999768546682424 1.7103222777222904
0.9999242385777283 0.0121231262558969 0.002132349533732537 136.83761727991998 -0.012134767944938528 0.999911056675349 0.005534089383971381 0.4615438428871248 -0.0020650694111623846 -0.005559545680258014 0.9999824133154324 1.7294361824293858
0.9999334732488437 0.011161433460322395 0.002910580631905629 138.1973870455473 -0.01117127159101495 0.9999318663101371 0.003386063875055584 0.4531482795302881 -0.002872588996673699 -0.003418353497953334 0.999990031496224 1.740460522875467
0.9999441337541888 0.01001661180513148 0.003375923359667244 139.515696830306 -0.010024984226062905 0.9999466922689975 0.002472308952797432 0.43387649913676474 -0.0033509792378103786 -0.0025060144126068146 0.9999912453766341 1.7618189271249438
0.9999568093429028 0.00870866872617084 0.0032463114113395488 140.88110943082845 -0.008712833588640374 0.9999612347617348 0.0012710250364126822 0.43164588618824423 -0.0032351166313194183 -0.0012992547111100783 0.9999939229603235 1.7748835025660423
0.9999680199780414 0.007508635063300401 0.0027530747685976216 142.19313387340523 -0.007511772184238877 0.9999711467183637 0.0011309329832866523 0.4265105454541339 -0.002744503570303409 -0.0011515772864928945 0.9999955707751439 1.787340091957013
0.9999768736214255 0.006499342413749151 0.0020026908169757376 143.5414420839485 -0.00650226475354496 0.9999777998187583 0.001456167129915861 0.419122443365326 -0.00199318222808766 -0.001469155479955016 0.9999969343986916 1.8003485927657636
0.9999838693105225 0.005673427768454529 0.0002708064107807508 144.91535485758584 -0.005673589462898759 0.9999837249996445 0.00060009869360788 0.4109858467551184 -0.00026739738681419076 -0.0006016254580008886 0.9999997832726994 1.8212595116571506
0.9999884948458897 0.004763631067280571 -0.0005639103713167998 146.21589604655813 -0.00476411603644189 0.9999882801682616 -0.0008618146631319014 0.4159907419730533 0.0005597983952785994 0.0008644912822644938 0.9999994696401491 1.8663416312136212
0.9999919047575768 0.0035364199663611533 0.001919414789686799 147.57837000847792 -0.00351513359552037 0.9999335135997843 -0.010982359300052124 0.4063964076022318 -0.0019581254094133685 0.010975523395780245 0.9999378498842163 1.8709004966926956
0.9999921389806774 0.002019276854409819 0.0034124035275472373 148.89568976647686 -0.001953294136194173 0.9998131766990875 -0.019230089466694095 0.39577311693360473 -0.0034505968856244997 0.019223272870788535 0.9998092613900255 1.8844488554636893
0.9999993880142156 0.001090226716508315 0.00018808748222101288 150.21277562795052 -0.0010855011864335821 0.999722761683724 -0.023520660250987133 0.3713459239221591 -0.00021367818935967068 0.023520441687492313 0.9997233333099996 1.8961759343556934
0.9999939320550929 0.0012097599879803817 -0.0032668538022974074 151.5941975284434 -0.001281796760392404 0.9997540695163726 -0.02213950050288506 0.38189444868819544 0.003239266901499606 0.0221435536042362 0.9997495537301915 1.9186557356123275
0.9999835593632126 0.002287809938234925 -0.0052580347057553135 152.92440482170753 -0.0023876341473849545 0.9998155312285878 -0.019057878089522157 0.3922381940718517 0.005213463959658222 0.019070119029082143 0.9998045560777156 1.940442821540043
0.9999801571606152 0.0030283893415867322 -0.0055239608096992925 154.29511495596026 -0.003132404247089166 0.9998161065443004 -0.018919332393849443 0.39384449684790124 0.005465649884885378 0.01893626025887654 0.9998057534935194 1.963618067989148
0.9999910187169921 0.003484020506459966 -0.0024133144144045365 155.6299028537384 -0.0035351380160657075 0.999762353411842 -0.02151138070005254 0.3938975151940756 0.0023377948069865503 0.021519718899785666 0.9997656907565465 1.9860506635081996
0.9999920770461834 0.0038625047743525397 0.0009627573567743935 156.96801141242625 -0.003832922461349298 0.9995709876351982 -0.029037034686750684 0.38997909046537615 -0.0010745000070746483 0.029033114453368283 0.9995778727617336 2.008577905693328
0.9999902572461354 0.003887909325314288 0.002090352574555301 158.29658199672406 -0.003815413657612755 0.9994269660411533 -0.03363305172589129 0.37656049003737757 -0.0022199169869879893 0.03362474848758443 0.999432062852557 2.0157585330083507
0.9999908193241904 0.0038260480061931453 0.001929410269655707 159.6417272472934 -0.0037589317243736193 0.9994260808167764 -0.03366570087655822 0.3650657719528794 -0.0020571095318054934 0.03365813928120063 0.9994312872631622 2.044406452488108
0.9999859129408616 0.004882275095970169 0.0020826208773535 161.01392222290121 -0.0048129018306082745 0.9994728398256613 -0.03210729553850418 0.366461165871208 -0.0022382796519753063 0.03209681979130008 0.9994822581034065 2.0569695809896795
0.9999800185784503 0.0061030359663770154 0.001647845816547106 162.34569290997985 -0.006049970052056301 0.9995168492034006 -0.030487145174252526 0.36695822395170863 -0.0018331138020387886 0.03047656657991244 0.9995338006207138 2.0626127097288802
0.9999756271854835 0.006977018290791658 -0.00025739224696375956 163.70111820561556 -0.006981424907453745 0.9996108382574255 -0.02700799408598694 0.37145154074985165 6.885681101288218e-05 0.027009132789800556 0.999635184457151 2.0826068540232265
0.9999697530752398 0.007712004784167825 -0.0010089186552256456 165.04542006809314 -0.007734773191397625 0.9996589774992836 -0.024941972431313342 0.36900880165333527 0.0008162219805459506 0.024949021770316587 0.9996883914972619 2.093362926619229
0.9999682889002592 0.007953060666015985 0.00041233473101070714 166.40210475322522 -0.007942216573902601 0.9997320643466544 -0.021742141409485497 0.36344035271761815 -0.0005851408214738932 0.021738177090536052 0.9997635266736827 2.1154159031826856
0.9999691501572509 0.007854701383627361 4.898938261086667e-05 167.74923328652244 -0.00785190248942886 0.9997449076954805 -0.021177043331208716 0.3600194639978991 -0.0002153162373511411 0.021176005362896776 0.9997757400716366 2.1315034879524553
0.9999709250333801 0.007324757836244341 -0.002120615600776992 169.10898504312723 -0.007364581626454173 0.9997842179898341 -0.01942370705924601 0.3530074288222885 0.0019778840595887403 0.01943875976230188 0.999809093074048 2.1472370460841437
0.9999630611057909 0.006594768853720703 -0.005512299674570054 170.53361581613296 -0.006681171923803071 0.999852755572511 -0.015805983543622698 0.3628853674398144 0.005407251211184419 0.015842228309890037 0.9998598829018576 2.1746667872885124
0.9999566954383549 0.006490655452944466 -0.006669230824950435 171.87132773455482 -0.006553092659437135 0.9999345043890179 -0.009383171579259313 0.3615439643101171 0.006607891085825943 0.009426469332690306 0.9999337365302351 2.1979566737663507
0.999960255761628 0.006868807243601851 -0.005683870528948408 173.2374553580793 -0.006891615419828785 0.9999682403862701 -0.004002980850791973 0.36077628908532977 0.005656194307551999 0.004041992805148452 0.9999758345880756 2.2291943058727606
0.9999648805288812 0.00761820810599034 -0.0034929377484067244 174.62510507028864 -0.0076229628558299595 0.9999700335737928 -0.001349959898069608 0.36665059181029713 0.0034825488021072047 0.001376539022905787 0.999992988472499 2.2556983040381278
0.9999707186752875 0.007529985203206743 -0.001364226839104069 176.02113401407297 -0.007531486138848836 0.9999710346608067 -0.0010984334008622722 0.3670284292866276 0.0013559161365557367 0.0011086758928061443 0.9999984661634214 2.275020722158777
0.9999772136540919 0.006738617316547321 -0.00040399165804846877 177.434940432374 -0.006739784953127179 0.9999729001670427 -0.002962132728168674 0.36207728766165265 0.00038402003104607055 0.002964788048885808 0.9999955312702357 2.295374372883329
0.9999863740844943 0.00521486408930044 -0.00023840695438118314 178.8233474214581 -0.0052161682737082125 0.9999693232158204 -0.005843305214904468 0.3579417095012012 0.00020792759829446936 0.00584446916531301 0.9999828993269282 2.3069867616418294
0.9999865890024995 0.003058903847572643 -0.004179105454201498 180.16002119685555 -0.003089082219536964 0.9999690630525967 -0.007233982910731914 0.35126253262859924 0.004156848107276957 0.007246795496157325 0.9999651016754784 2.3275297550646634
0.9999638331955666 0.001521902057748846 -0.008367563262720387 181.57628141646993 -0.0015577448568813372 0.9999896330530099 -0.0042786934299451325 0.3606799190340851 0.008360964764300096 0.004291573211913753 0.999955837358619 2.361975864198422
0.9999553301037463 0.0010556735195282085 -0.009392728598656301 182.97482953312416 -0.0010587591960298179 0.9999993871715991 -0.00032355121868579543 0.3855570764223207 0.009392381278071677 0.00033348140346606357 0.9999558350067671 2.384043302410435
0.9999646522327875 0.0007160244711742463 -0.008377445548427363 184.29955956949746 -0.000686295384679648 0.9999934595277098 0.0035510421636182937 0.4021801079676948 0.008379933389064212 -0.003545167239991242 0.9999586033959783 2.406666600416878
0.9999855100774503 0.0009461368780182638 -0.005299477346827935 185.7524056237967 -0.0009198206599449473 0.9999872460482156 0.0049660518381246885 0.3949031298026335 0.005304108322331571 -0.004961105311667654 0.9999736265867173 2.4317987158713747
0.9999950101129836 0.0014181582536501602 -0.0028228666814579654 187.13461567264372 -0.0014041689102655824 0.999986755141305 0.004951550427417228 0.40461512696107654 0.0028298513750946615 -0.004947561938108112 0.9999837566541085 2.4558148449621338
0.9999962007444725 0.0016168651717874895 -0.002232541967546412 188.5778365597724 -0.0016065904905663655 0.9999881459932674 0.004596383354697299 0.40878080723550636 0.002239947235141292 -0.004592779111167582 0.9999869444229859 2.4803549420658144
0.999997407979835 0.0014166238755014117 -0.001782473115290284 189.98578739780942 -0.001410415893706503 0.999992952778114 0.003479241456921707 0.40306948841490225 0.0017873893303232441 -0.003476718410245782 0.9999923588050449 2.505141987527129
0.9999981876860772 0.0015015201298133932 -0.0011704964164161765 191.34141624959437 -0.0015004098012762592 0.9999984241803325 0.0009488979292697319 0.4069070616918289 0.0011719193612668396 -0.0009471399852732538 0.9999988647647851 2.528022857936169
0.9999977267689629 0.0018708229416812333 -0.0010229752818235118 192.7981655267738 -0.001870930519553166 0.999998244377581 -0.00010421490645979042 0.4110383022875646 0.0010227785182273027 0.00010612858523074265 0.9999994713302732 2.554108880100225
0.9999973170178027 0.0023110183954855408 -0.00015859120977804669 194.18935860134866 -0.002311636747443148 0.9999892624028196 -0.004016393234314516 0.41116605223305464 0.00014930754824151523 0.004016749063671316 0.9999919216844781 2.5738603822081347
0.999995591178822 0.0025616943719547754 0.001501780564243603 195.63433314557773 -0.0025480868575312177 0.9999563078038284 -0.008993872175080611 0.405994746592207 -0.0015247544998855682 0.008990005855387848 0.9999584265950435 2.5850648297964507
0.9999948775640581 0.0027675087529641052 0.0016080239260554809 197.06758212321543 -0.0027459741774207946 0.9999085334303008 -0.013243277505282201 0.4020075415224391 -0.0016445277320367717 0.013238794075263897 0.999911010970462 2.6025357786087504
0.9999916960457366 0.003056604799273109 -0.0026953676320736644 198.45493063066053 -0.003088221543867245 0.9999255503235636 -0.01180494378701932 0.40448042153613356 0.002659083914991026 0.011813169651696043 0.9999266864603191 2.62152487170841
0.9999652281208875 0.0032865817730337948 -0.0076642631342218335 199.8873872226251 -0.003313405634553272 0.9999884212720173 -0.0034897944064861243 0.4215886176457653 0.007652704897115821 0.003515067872430524 0.999964539574084 2.6495507857831413
0.9999532739513881 0.00485122732654926 -0.00836154933766429 201.33201087323235 -0.004803061141484921 0.9999718131182532 0.0057709247668232665 0.43387979333426013 0.008389309719590163 -0.005730494081605733 0.9999483891281636 2.6678166290429868
0.9999722889727601 0.006197214416549587 -0.0041250236428582035 202.77834075286174 -0.006140928978088519 0.9998897367747938 0.013520476460530168 0.45052156277969996 0.004208358096087107 -0.013494770317014945 0.9999000854566551 2.699684603102964
0.9999723081682305 0.007094481929868717 -0.0022474925691238165 204.22353059092268 -0.0070620225018814455 0.9998751510853238 0.014135419352953999 0.44062483782049683 0.002347495449286467 -0.01411915607420332 0.9998975641018772 2.716880848297589
0.9999773529479676 0.006534589444301151 -0.0016101962520750706 205.653577376812 -0.006513657027123856 0.999898399789881 0.012679210139767604 0.43401771673286055 0.0016928860885389281 -0.01266843472690346 0.9999183191132471 2.7425140210556873
0.9999848498656438 0.0052565751577263965 -0.001633541183079881 207.10272801403343 -0.0052422723925406815 0.9999489334231582 0.008639972572327 0.42977133527105443 0.0016788744289106628 -0.008631278207735559 0.9999613404612964 2.7569531792804773
0.9999895696825664 0.004004975078564227 -0.0021956094133292734 208.5617456295632 -0.003988084903532622 0.9999628326470417 0.007643853956391578 0.4192094074608278 0.002226141252938783 -0.007635017951813043 0.9999683748979252 2.785939685139827
0.9999898317441898 0.0035793019665688944 -0.0027431743763855886 210.02645776859495 -0.0035585805745479153 0.999965378784231 0.007521817413620968 0.4259768587994567 0.0027700022602143576 -0.007511979122808945 0.9999679481149067 2.8020620172756026
0.9999893305632968 0.003574058364820308 -0.002926579295787355 211.51127313371006 -0.003546281722763956 0.9999491352142948 0.009441973846967298 0.4284450599800123 0.0029601766015667935 -0.009431494631758113 0.9999511409381454 2.830891118064689
0.9999917718534544 0.0033293203731780932 -0.0023177254456393705 212.93314006655277 -0.0033059512603499726 0.9999443873909953 0.010014629873900024 0.4337773931406865 0.0023509384621493955 -0.010006885184699667 0.9999471662729223 2.846272236641863
0.9999927238930318 0.0029516753195997915 -0.0024165623936083123 214.3790429655462 -0.0029277248540695807 0.9999471500626693 0.00985522748212602 0.44444603175066844 0.002445524110165287 -0.009848080744655489 0.9999485160334373 2.877285232322894
0.9999909303749314 0.002730994402011215 -0.003268155053739161 215.8470303109277 -0.0026978342724562105 0.9999452715867005 0.010108190819222521 0.43953415162200205 0.0032955816053404116 -0.010099282201009991 0.9999435702282938 2.898988137776703
0.9999902867878471 0.0022565038523668477 -0.0037860956569279146 217.29765077071266 -0.0022194943297418127 0.9999499946074767 0.009751006585348554 0.4452570839942959 0.003807909515652753 -0.009742508653910475 0.9999452901785422 2.925918644532633
0.9999915176518449 0.001792306888824953 -0.003708404020092877 218.7818228713559 -0.0017569397777277022 0.9999531555619573 0.009518395048617635 0.4410381734005243 0.003725290187006715 -0.009511798867742168 0.9999478225864198 2.9510595341851555
0.9999894258305247 0.0016676158050704098 -0.004285707020338283 220.27129407512734 -0.0016199466065154777 0.9999370549713601 0.011102336159349496 0.45187464403732475 0.004303951687639682 -0.011095276144821259 0.9999291829160406 2.982098081226553
0.9999893482162303 0.0016059543846383003 -0.004327165884654794 221.7809596434683 -0.0015650869302201611 0.9999542996431795 0.009431284537070855 0.45346487290530196 0.0043421143443849244 -0.009424411686296328 0.9999461618044181 3.0010109183932365
0.9999886476668202 0.001065592811163801 -0.004644249072250323 223.2375648991225 -0.0010162792456347167 0.9999432207874345 0.01060765656245917 0.459471362458075 0.0046552888180212935 -0.010602816286863928 0.9999329520386893 3.0243612280092145
