1.0 -2.1684043449710093e-19 -2.5135375298442207e-37 0.0 2.1684043449710093e-19 1.0 2.3183291766350204e-18 -8.673617379884035e-19 -2.51353752984422e-37 -2.3183291766350204e-18 1.0 0.0
0.9999996144572926 -0.0005723897269502802 0.0006659243699802237 1.3271307127150507 0.0005725266515208768 0.9999998150031163 -0.00020544334102258209 -0.005205242904773986 -0.0006658066531284189 0.00020582452126511109 0.999999757168854 0.013546002618737998
0.9999992686506489 -0.0006310930990495225 0.0010317071617683797 2.620400249204164 0.0006317219644781507 0.9999996148242213 -0.0006093264874477984 0.0032616480561835828 -0.0010313222226384742 0.0006099777938922657 0.9999992821505244 0.023155165917102573
0.9999984080806568 -0.0013145955684215954 0.0012065134246878437 3.944431469168364 0.0013152995039614583 0.9999989651428909 -0.0005828381958469084 0.0014968510495183922 -0.0012057459796094815 0.0005844241945245251 0.9999991023120939 0.042724277089956374
0.9999985763318838 -0.0008800205240788166 0.0014397562580511227 5.276348118827755 0.000881273383638691 0.9999992334146602 -0.0008697857869248605 0.012604385612162781 -0.0014389897250110366 0.0008710533675077156 0.9999985852863005 0.04177979977458566
0.999997786687794 -0.0012070478149658944 0.0017232687212533166 6.606972188827152 0.0012091179588218897 0.9999985481118654 -0.0012007530649974663 0.008382052461006931 -0.0017218168528964884 0.0012028340425147947 0.9999977942660631 0.04278872157354516
0.9999967192755046 -0.0008840068948593192 0.0024041568246351104 7.940246282741048 0.0008895981560858923 0.9999969001183829 -0.0023255899779677405 0.02337723712865465 -0.0024020935344584255 0.00232772108182587 0.9999944058149609 0.061433015770509955
0.9999966058758929 -0.000873483241502648 0.0024546412611861773 9.262030326792253 0.0008794477276802168 0.999996661187287 -0.0024298530763327384 0.02751113273293585 -0.0024525106296572384 0.0024320035577892556 0.9999940352573641 0.0582192092397267
0.9999966097639618 -0.001266615935281217 0.0022751142070677457 10.574476610325048 0.0012719655674189169 0.9999964263568822 -0.002351462748944188 0.032548963269163136 -0.002272127676432485 0.0023543486438637696 0.9999946472248165 0.06110004242504724
0.999997806805724 -0.0012989856361764252 0.0016428694588934696 11.907043636708606 0.0013014713963886105 0.9999980086551906 -0.0015128971735503909 0.05167867038926468 -0.0016409009556764462 0.00151503200308172 0.9999975060579318 0.06758946893793702
0.9999991451798917 -0.0009577345750956518 0.0008901595191110357 13.236156610683853 0.0009575489971894848 0.9999995197344279 0.00020887994496383635 0.0725787209300108 -0.0008903591431434011 -0.00020802739505419574 0.9999995819925122 0.08023895090459714
0.9999991438000674 -0.0010495732809091816 0.000781533786806556 14.575054881114413 0.0010490553282608785 0.9999992300535031 0.0006628539199185936 0.07415105408309632 -0.0007822288988308473 -0.0006620334801998468 0.9999994749146726 0.07912984059682421
0.9999989496825459 -0.0006439758295796952 0.0012984332621091249 15.934384137696522 0.0006433258305944602 0.9999996675863909 0.0005009580655668693 0.09578146954967139 -0.001298755435378096 -0.0005001222237450514 0.9999990315555713 0.09075796933643786
0.9999929207313023 -0.0004012983609982963 0.0037413161995305836 17.26200724745015 0.00040304749444114744 0.9999998098364405 -0.0004667759634654563 0.08730930298139451 -0.0037411281716394854 0.0004682805871531221 0.9999928923113879 0.10385516771554835
0.9999846251498516 -0.0003324129454550589 0.005535247559452846 18.615863765370797 0.0003635519647617267 0.9999841104842583 -0.0056255318837981644 0.08191080395815646 -0.005533289607426372 0.0056274577422141285 0.9999688567277882 0.13173929432629877
0.9999875466130048 -0.00014150925095317187 0.0049886465133619174 19.95732880098007 0.00017616332653247702 0.9999758549414326 -0.006946833856749426 0.08122131461305546 -0.004987543020944116 0.006947626161703705 0.9999634267838655 0.1478140737676095
0.9999952683175395 -0.0006109749619556687 0.003014971331222077 21.353260677579804 0.0006335299770071095 0.999971780851764 -0.007485729084074669 0.070225494373929 -0.0030103126582568004 0.007487603738699804 0.999967436373781 0.132949884449949
0.9999985372122482 7.726895030661646e-05 0.0017086845446004347 22.6737730757206 -6.791503980228263e-05 0.9999850168039218 -0.00547371493664215 0.09684382965448174 -0.001709081891252299 0.0054735908843801286 0.9999835592858112 0.17791387247647666
0.9999962607218872 0.0008001547174369952 0.0026150133215340414 24.0454235936454 -0.0007907048151479014 0.9999931613915544 -0.003612749094506493 0.10405609535504044 -0.002617886196712741 0.003610667881807864 0.9999900548252009 0.1514029602039719
0.9999727456572348 0.001563700617160335 0.007215454463239967 25.414631319827198 -0.0015379931539030245 0.9999924554874798 -0.003567007874852111 0.11094078654296546 -0.007220977758568752 0.0035558133388300817 0.9999676063111793 0.15783035849945018
0.9999616277492366 0.0015241943361230777 0.008626694658028898 26.799797928290126 -0.0014878962569271931 0.9999900204490222 -0.0042125012869519435 0.09762486946672339 -0.008633029238092274 0.004199504017104885 0.9999539164242444 0.18255690179154205
0.999967128390268 0.0016734509083193509 0.007933580590042056 28.16934297666263 -0.001598781943208085 0.9999544583482393 -0.009408779186353288 0.09365561615394322 -0.007948964411753186 0.009395785839243474 0.9999242637186297 0.2040915493384067
0.999982682804506 0.001633570399653242 0.005653807465075059 29.524340813027965 -0.0015831242142153598 0.9999590027774056 -0.008915519173842824 0.10653349661607928 -0.005668139802891836 0.008906414102553889 0.9999442724367238 0.20017336551836595
0.9999906531997705 0.001979778065151025 0.003843695085340246 30.9289077359417 -0.0019455830555071836 0.9999586807336566 -0.008879838510862341 0.10273045577504854 -0.003861116376185161 0.008872277284757136 0.9999531861422873 0.23604934828598748
0.9999933428777932 0.00274849568690758 0.0023999940740248335 32.307257539195966 -0.002730953651411108 0.999969755717357 -0.007282138609185405 0.12462765712432271 -0.002419936414484526 0.007275535858518934 0.9999706048108221 0.20622207966480702
0.9999934907497168 0.0034542117607717516 0.0010425350391673079 33.680283678241324 -0.0034476214299894153 0.9999744728732219 -0.006258395033687418 0.12408350668376796 -0.0010641262479721108 0.006254760030085225 0.9999798726035912 0.24982155973883644
0.9999915458606881 0.00372981094815559 0.0017311029554411695 35.07638904133392 -0.0037193461370024225 0.9999750257276415 -0.00600952454988048 0.1338031607103545 -0.0017534741128638343 0.0060030351734326635 0.9999804442574074 0.25125087244175354
0.9999921140564022 0.0030286292154777304 0.0025688966664388635 36.469689824783025 -0.0030134948826274727 0.9999782018074962 -0.005874926249639567 0.12724007281097482 -0.0025866336424132416 0.005867138563344208 0.9999794427944398 0.27391770130412113
0.999989669382657 0.0028333957311765883 0.0035542926996340583 37.87701985695214 -0.0028142759861430624 0.9999816059686712 -0.005372855385251738 0.14330936424413956 -0.0035694507473755916 0.005362797119746411 0.9999792494989156 0.2562542088742121
0.9999909550711428 0.0023670729188478112 0.003533658401774848 39.27276521386912 -0.002350356713024943 0.9999860643798861 -0.0047272475445724466 0.13305240440830693 -0.003544798897697196 0.0047188994292085675 0.9999825830428009 0.23296613246369413
0.9999878331522019 0.002657772729769735 0.004155693886836503 40.666685724851284 -0.002648218060961763 0.9999938415700609 -0.0023029900246555185 0.13910807179787765 -0.004161789118371313 0.0022919568209194587 0.9999887131589362 0.26888351951228195
0.9999869620895994 0.0027249158625412707 0.004318620654378404 42.08932720678702 -0.0027344173909645596 0.9999938507915879 0.0021957551192365405 0.15509896308483778 -0.004312610850325283 -0.0022075354026003455 0.9999882640186833 0.28856086578306345
0.9999862522404233 0.0025354637217344313 0.004589853360211688 43.481638223192675 -0.002544193644786443 0.9999949639067638 0.0018971662573475285 0.16528814147018867 -0.0045850200490626224 -0.0019088176513114977 0.9999876669271096 0.28554956278467886
0.9999869644987919 0.002328251707965232 0.004544235521675022 44.907101741461844 -0.002335877653271772 0.9999958714065309 0.0016735726700541703 0.18142552903971582 -0.004540320261946468 -0.0016841656324018922 0.9999882744702768 0.29545948822921414
0.9999924737006343 0.001213855181319726 0.003684982725201448 46.31706077370721 -0.0012198073363139572 0.9999979544566506 0.0016134288260789224 0.16843046820920118 -0.003683016718469315 -0.0016179116518929629 0.9999919088421357 0.31867533704918116
0.9999905816288066 0.00013171371265633828 0.004338122310281044 47.740066129118404 -0.00013681030986659214 0.9999993008413428 0.0011745636485811324 0.16604239011790115 -0.0043379645711063685 -0.0011751460859622084 0.9999899004965283 0.338011404650316
0.9999886961071605 -0.0010803348866303803 0.0046303924708228986 49.14829545055504 0.001073787594854636 0.9999984206281807 0.0014162349188530043 0.1574782359787648 -0.004631915165702018 -0.001411246851890768 0.9999882768033937 0.34541651778436516
0.9999863124821076 -0.0018876333204111693 0.004879722213850523 50.565967742617296 0.001876614295920223 0.9999956814643798 0.0022617186772723973 0.17258635098514097 -0.004883970436132941 -0.002252530363490903 0.9999855363652719 0.3605549729328954
0.99998363112215 -0.0030019578492492364 0.004870907187695221 52.022046593088156 0.0029917294740058674 0.9999933075151097 0.002105820444711764 0.17877949684566774 -0.004877196173435579 -0.0020912135381955556 0.9999859197925856 0.35979689411760307
0.9999749213936046 -0.0037167246046967595 0.006028477591172448 53.42485226898974 0.003696862217350395 0.9999877130652965 0.0033025638803795164 0.20309299602090297 -0.006040678240094714 -0.0032801946056449155 0.9999763749858037 0.3880627969925028
0.999966657311578 -0.00487355540963965 0.00655230667615113 54.88827199704785 0.0048609590200816575 0.9999863094819288 0.0019369889306036553 0.2064309645159179 -0.006561656994559327 -0.0019050738519454872 0.9999766574031138 0.39084247009679024
0.9999581183512894 -0.005317901574017945 0.007448588201638842 56.28774155574868 0.0053336740750576745 0.9999835723918747 -0.0020992539734506106 0.20402737922246014 -0.0074373022131411035 0.002138894395020002 0.9999700553849387 0.38416015675221993
0.9999538655978124 -0.005786615018041932 0.007666926543597507 57.717305406880854 0.00580043632693817 0.9999815900542951 -0.0017817101056710506 0.2275764960855976 -0.007656475325440844 0.0018260994267799038 0.9999690213934002 0.4149816562015931
0.9999498281461481 -0.00510174842900901 0.008620519326353037 59.143232642018035 0.005113220235239226 0.9999860703371893 -0.0013092403949166312 0.26847542805525426 -0.008613719830297607 0.0013532533217566597 0.9999619855455169 0.4539220389342865
0.9999506368506588 -0.005143508190466038 0.008501069665434461 60.55568566889884 0.005164454654855345 0.9999836778278238 -0.0024438670293058383 0.2576576544111971 -0.008488360859430057 0.002487649781137603 0.999960878899013 0.4339631073835675
0.9999397401704361 -0.004736483571853421 0.00990362313774526 62.025187713545094 0.004789144191867174 0.9999744847556472 -0.005300371268837758 0.26750334049774865 -0.009878265322941348 0.005347481748597046 0.9999369101664155 0.452160823749634
0.9999485465530308 -0.004421972177665314 0.009129644491493605 63.434191709841734 0.004486947361031329 0.9999646657073032 -0.007108772064193073 0.2714929167423336 -0.0090978871096777 0.007149370527624914 0.9999330552347984 0.4558555113676755
0.9999585249581433 -0.003924706138126702 0.00821857927280942 64.8408771606779 0.003985765572399178 0.9999644813395893 -0.007426286558430646 0.2844024838870381 -0.00818914136744381 0.0074587358832043935 0.9999386507294777 0.46832628855423103
0.9999635920629407 -0.0031115019089275643 0.00794563430137799 66.2897735136947 0.003176090480777219 0.9999619137658592 -0.008129173818931995 0.2953145130852067 -0.007920037742233979 0.008154113905951596 0.9999353896270351 0.46598323579078665
0.9999664740990205 -0.002617725324790065 0.007758749390002814 67.66404827573383 0.0026692850174331695 0.9999743759101402 -0.006642472478010475 0.29692945042245605 -0.007741162410686337 0.006662960096636672 0.9999478383232207 0.47573130471442643
0.9999588342002512 -0.0017144089719486001 0.008910146281137699 69.12558023162421 0.0017520149543266599 0.9999895842075038 -0.004214489305174892 0.33578498184477895 -0.00890282811662595 0.004229926521881903 0.9999514225066862 0.48626657094697084
0.9999507256682411 -0.0010581810855690584 0.009870485719974665 70.4963821965627 0.0010686681318087731 0.999998870083404 -0.001057251313063492 0.33778073579953316 -0.009869355803806865 0.00106774749124595 0.999950726651725 0.4959219766566168
0.9999415313606697 7.974391849780357e-05 0.010813302038996166 71.93154314364756 -0.00010426223549826015 0.9999974251955926 0.0022668770525420207 0.3628079164422404 -0.010813093427199496 -0.0022678719303689332 0.9999389650210868 0.5090770648404367
0.9999405344389126 0.0004935310810632404 0.010894219251232703 73.30733549474256 -0.0005584018892903377 0.9999821285803173 0.0059523698900384265 0.3667531141724402 -0.010891086876521629 -0.005958099281635347 0.999922939670652 0.5173883947176743
0.9999462601603948 0.0010575225088359126 0.010313022708364922 74.70790076231438 -0.0011511346069137422 0.9999581554066826 0.009075369126461985 0.37867269159602335 -0.01030299375699659 -0.009086753094922257 0.9999056351665566 0.516454933298565
0.9999444089794858 0.0018416105267791757 0.010382072111795137 76.15541393798561 -0.001941448700087189 0.9999518945508739 0.009614539045784585 0.39150127119965605 -0.010363866441236493 -0.009634160824152912 0.9998998815969539 0.5112276933279217
0.999939386818727 0.002142034642691053 0.01079973963471888 77.53147386771701 -0.0022569188046184193 0.9999408813173454 0.010636737648352605 0.39073200957055343 -0.010776316907810675 -0.010660467057311952 0.9998851061177091 0.5176508263827222
0.9999368731346481 0.002024329826541466 0.011052232102885869 78.93348086684992 -0.0021372301776142 0.999945562708641 0.010212926439916725 0.38324518491770493 -0.01103095611769812 -0.010235902893864788 0.9998867657385394 0.54242990440648
0.9999533713459439 0.0015431813094397714 0.009532771125292811 80.28036201206191 -0.0016328187708201623 0.9999544626905575 0.009402470319022848 0.3737985605345819 -0.009517827312085357 -0.009417597182118377 0.9999103558952536 0.524921880627066
0.9999484636948083 0.0016754106856817126 0.010013139039635794 81.67843649653682 -0.0017642976956920478 0.9999590616921618 0.008874806666769217 0.4027853243063024 -0.009997860172744497 -0.008892015450158594 0.9999104834199912 0.5539888570169395
0.9999405479086321 0.0015005723787499478 0.010800413451375241 83.03551163637187 -0.0015919070523996981 0.9999630059020049 0.008452967488594153 0.4184977172647253 -0.010787329610289779 -0.00846965819634077 0.999905944781766 0.5590867743836967
0.9999527586735855 0.001283608614525643 0.009634976388699121 84.44509028765418 -0.0013637457603549038 0.9999644968664028 0.008315359536609607 0.4352292777873192 -0.009623960649711116 -0.008328106366196691 0.9999190077330093 0.5522409352326734
0.9999521057576826 0.00021089504081285468 0.009784769494376079 85.8217050840565 -0.0002925673484194694 0.999965127061185 0.008346200683820748 0.4290992080839254 -0.009782668098374338 -0.008348663652928634 0.9999172961900835 0.5493159663103236
0.9999453112748683 -0.0008750655607965901 0.010421550732553207 87.21094270004929 0.0007881342752891798 0.9999648886510127 0.008342679996968744 0.4373519307326777 -0.010428485209798541 -0.008334010165101536 0.9999108915152375 0.554994566347083
0.9999337713465271 -0.0022368115829721567 0.011289357583741522 88.59615591284607 0.0021514197072517987 0.9999690296491971 0.007570411857119577 0.43224347004047836 -0.011305941533306689 -0.0075456223325481705 0.9999076153673698 0.5557444319026964
0.9999259911660109 -0.0030905728415841394 0.011766926114386775 89.93348619905039 0.0030126144837347647 0.999973435638112 0.006637181034363895 0.43829458141921107 -0.011787126224952647 -0.00660124061229333 0.999908739474626 0.5649926366533518
0.9999144472688445 -0.004067666903502503 0.012431903675753924 91.31760378670138 0.0040026883734871 0.9999782225773401 0.005247176083220848 0.447381656500966 -0.012452976705423679 -0.005196966136672823 0.9999089533123247 0.577781871620867
0.9999208093431488 -0.004185664883787163 0.011868245532644964 92.69511392738694 0.0041289562073757976 0.9999799620486481 0.004798668755172673 0.46304990308138083 -0.0118880933366158 -0.004749285279379265 0.9999180554056193 0.580137745877876
0.9999241268310681 -0.00403717193509609 0.011637947580751196 94.08042965250701 0.003983129107957075 0.999981194830811 0.004663117761002365 0.4841731538250893 -0.011656554535332694 -0.004616408507714967 0.9999214036657356 0.5921289706691016
0.9999247698045407 -0.004516589444732418 0.011404172531318443 95.43905932395108 0.004472424199468639 0.9999824120132942 0.003895264542287395 0.5028775006652311 -0.011421565265599705 -0.0038439672035705283 0.9999273832449141 0.5851370149257364
0.9999320006428972 -0.004046405913846592 0.010937124369470462 96.79902973564893 0.004006966639797813 0.9999853998368209 0.0036255112109972246 0.5111647903780692 -0.010951634975674853 -0.00358143998608192 0.9999336152860276 0.5945574155239615
0.9999406347396818 -0.0040407475880006065 0.010119256659088036 98.14071011191672 0.003992362359963212 0.9999805240332178 0.004797144675521479 0.5048559553599418 -0.010138443627558386 -0.004756460152382481 0.9999372920576718 0.6009380144797914
0.9999416080462948 -0.0037944944642775732 0.010118414379268872 99.48367682800776 0.003724511061265257 0.9999690764602106 0.006926336742328297 0.531597065780216 -0.010144383428505696 -0.00688824615371584 0.9999248189487954 0.5982041289996236
0.9999299199835091 -0.0035505195121735846 0.011293756370964338 100.85818446095767 0.00347300513766017 0.9999703310875769 0.006875694867822048 0.5404501263177955 -0.011317833586283594 -0.0068359897451124845 0.9999125841227912 0.601711800804675
0.9999097815771671 -0.003898794067017808 0.01285410872541907 102.12946154463447 0.0038085228557041845 0.9999679679077701 0.007039766477850249 0.5573206667891191 -0.012881143581199876 -0.006990176194351041 0.9998926010211359 0.6120572398888887
0.9999204385574816 -0.003896326369961438 0.011997299522495657 103.52150393518058 0.003815236298046224 0.9999697745229486 0.006774511976045745 0.545305233186518 -0.012023332608050146 -0.006728200453483814 0.9999050808910083 0.6234023576444117
0.9999484211411146 -0.003391482719085802 0.009573552233006077 104.82822575777982 0.003322395535337377 0.9999683932820665 0.007223165842540329 0.5480405204231158 -0.009597746886573097 -0.007190986152692373 0.9999280839004638 0.6158035871095489
0.999958485417639 -0.0037323119379801214 0.008312477901270775 106.12943052293141 0.00368883400321775 0.999979469092313 0.005239646701123612 0.5694518176675487 -0.008331863234487735 -0.005208765828245892 0.9999517232414714 0.6272720678580328
0.9999495208781658 -0.002913719991985567 0.009615920722160057 107.51164162457407 0.002869906422265172 0.999985452899881 0.004567014971191499 0.5959889125895002 -0.009629087841223835 -0.00453918763964983 0.9999433366160895 0.6329105096459207
0.9999286078142753 -0.0031276620590205027 0.011532432729047398 108.83525160759108 0.0031173157012651036 0.9999947225269222 0.000915019738898179 0.5695019114843577 -0.011535233739464754 -0.0008790041800189947 0.9999330806280126 0.633986851890349
0.9999196584098894 -0.00230718546149751 0.012464093256088833 110.17338676815197 0.002305310603850149 0.9999973291907326 0.00016478598743298445 0.5970247886673006 -0.012464440158707516 -0.0001360391419140874 0.9999223065943084 0.6406917920292695
0.999928111213249 -0.001424035284074674 0.011905651137760615 111.48803227640978 0.001423027538325666 0.9999989831605725 9.311523109496645e-05 0.5996683665957869 -0.011905771630999692 -7.616646772324334e-05 0.9999291208883456 0.6288165718735991
0.9999600147293717 0.0002314270883493258 0.008939540476867987 112.85122307308507 -0.0002416849269273082 0.9999993136717921 0.0011464049636812816 0.6187129849203677 -0.008939269032246379 -0.0011485196765554748 0.9999593843610458 0.6513178273434826
0.9999725215298491 0.0008743364569457596 0.007361502631625245 114.17367032148657 -0.0009071849739554157 0.999989642446139 0.00446004662150405 0.6072339670085907 -0.007357526803104382 -0.004466602310819234 0.9999629574454939 0.655591852673224
0.999975938408221 0.00231336619904543 0.006539949650182643 115.48450481453278 -0.0023617151718662646 0.9999698689023108 0.007394835288380948 0.6345559679224282 -0.006522645632317203 -0.007410102855185044 0.9999512715475842 0.6515560123012667
0.9999533207245112 0.004060309662572512 0.00876756850368518 116.85764927294018 -0.0041293292040233956 0.9999605173555768 0.007868441414406204 0.6472026532676499 -0.008735274028191194 -0.007904278297932298 0.9999306062783763 0.6697370883823452
0.9999313091630235 0.004021579684501336 0.011009262117109894 118.13733317035854 -0.004111453077239915 0.9999583113189762 0.008153010345597681 0.6350617469929714 -0.010976015174719798 -0.008197714373102696 0.9999061578817992 0.6681116691479944
0.999919160417567 0.004920277890575277 0.011724482730907626 119.52881371267001 -0.005014978237650643 0.9999549302435314 0.008061480939013956 0.6313409628289968 -0.0116842895848967 -0.008119627278004268 0.9998987693910633 0.6724552132943005
0.9999171092223403 0.00619884775011919 0.011284900132882317 120.84381443574027 -0.006286102320702712 0.9999504960878348 0.0077129949634766075 0.6432552336331456 -0.01123652980470132 -0.00778329366424021 0.9999065760048207 0.6836349746873359
0.9999082663638885 0.007495533792308301 0.011281659023888887 122.15966303120325 -0.007604238050444567 0.9999247778152863 0.009623631057063183 0.6426423434096143 -0.01120867614105699 -0.009708536667215321 0.9998900489028513 0.6785599808377294
0.9999029768903765 0.008711319714377134 0.010869669479657717 123.52570328799044 -0.00883301885548595 0.9998982760941392 0.011198894671678311 0.6441863103960129 -0.010771006622490203 -0.011293820115559636 0.9998782101053786 0.6804417611491843
0.9998931699153827 0.01017336100331311 0.010495307640264297 124.87001294646008 -0.010307303033745423 0.9998651051069128 0.012787927655119201 0.6584262737027606 -0.010363795672342468 -0.012894739836006315 0.9998631493478614 0.681952030991741
0.9998867681334042 0.011404343056618048 0.00981793619774685 126.20637514861967 -0.01153144571092969 0.9998491549697812 0.012988189482379033 0.6560779868585582 -0.009668333442323006 -0.013099933803697934 0.999867448746476 0.6858408312578959
0.9998837665224127 0.012129612510581722 0.009237204409140352 127.54159170036947 -0.012242403141132405 0.9998499773454191 0.012253422693064852 0.6394159850335236 -0.009087189350018742 -0.012365084015406631 0.999882256911787 0.691719812058561
0.9998666602254547 0.012936626711219073 0.009965212437765446 128.84471583819126 -0.01305929999010758 0.9998385141848481 0.01234504906444986 0.6236656232191434 -0.0098038999058333 -0.012473541677080787 0.9998741392318669 0.6923966564126542
0.999849223780622 0.013657330313387613 0.010724133251620261 130.21268403326144 -0.013790373879392954 0.999827625192213 0.012431632666957916 0.6106579997673366 -0.010552501767544986 -0.012577648079455972 0.9998652146540729 0.7068317538019369
0.9998490368247901 0.013845765353669527 0.01049753982182485 131.53601199293226 -0.013963454200185793 0.9998395322191912 0.011221932030997752 0.5757865471733137 -0.010340479067189665 -0.011366819849023041 0.9998819279790895 0.6966680154412137
0.9998391844649941 0.014115885960632783 0.011061056546361973 132.89866802298198 -0.014226697613701973 0.9998487454167955 0.01000436721978514 0.5771023896364256 -0.010918163004081473 -0.010160120668891446 0.9998887766469877 0.7167251245304752
0.9998324933668582 0.014116678657487667 0.011649231369176104 134.23476360301493 -0.014214596702614957 0.9998639684982651 0.008365987059655114 0.5779016298710042 -0.011529546755765048 -0.008530174827138134 0.9998971475451989 0.7070539973732353
0.9998426418038322 0.013296510503533102 0.011742846297342674 135.562569569307 -0.013379824232132796 0.9998856674984667 0.00704501488022857 0.5387966931982202 -0.011647829593997874 -0.007201023508838439 0.9999062322668932 0.7211179603958221
0.9998618242363787 0.01232849841964022 0.011150809899635182 136.90302191265678 -0.0124194849751608 0.9998898437552813 0.008127530251614229 0.5342658582565515 -0.011049381324428462 -0.00826489453992475 0.9999047968134723 0.7247625161621194
0.9998516760848133 0.011669282211371278 0.012667031343644936 138.25357170501712 -0.011751195718469708 0.9999103962783401 0.006411615528000206 0.5482299019950847 -0.012591077379467122 -0.006559517296573583 0.9998992136726882 0.7444725926599338
0.9998669819212984 0.010300960914189942 0.012645499904640202 139.6062713168697 -0.01037696008034131 0.9999284010758278 0.005959146031898778 0.5086723973935326 -0.01258320957009487 -0.006089575205449323 0.9999022851812732 0.7457276968632286
0.999876912684252 0.009126471059590097 0.01276193586439999 140.96631728167972 -0.009186829685865386 0.9999468532248548 0.004678983440189932 0.518973914122982 -0.012718555001708994 -0.00479564924792603 0.9999076157860582 0.7511569953913146
0.9998936539464722 0.007765017123503232 0.012344444363523747 142.29664483010336 -0.007829100783972474 0.9999560827838052 0.0051514740203188174 0.5071341254228815 -0.012303900945912773 -0.005247572080431075 0.9999105345023493 0.7512375176920071
0.9999059084196483 0.006742480531805133 0.011946265682458825 143.64077454604504 -0.006804573391330516 0.9999635112686575 0.0051646792949429305 0.4949657593887396 -0.011911007028780621 -0.005245482583694685 0.9999153028252065 0.7500281197398361
0.9999279593726478 0.006843557128375964 0.009861125223986742 144.97072271796205 -0.006872353103121037 0.9999722111697994 0.002889230175664218 0.494685404015697 -0.00984107858308812 -0.0029567911682431285 0.9999472038854396 0.7522724090350326
0.9999488439721776 0.005022978996590237 0.00877947155045982 146.29454964538576 -0.005025168801323284 0.9999873479080782 0.00022738136783592347 0.4852901913880754 -0.008778218339943883 -0.0002714880624358202 0.9999614338448299 0.7819585760770952
0.9999219972059208 0.0044737195860787915 0.011661275092703366 147.71486750661717 -0.004362788078284976 0.9999451572515404 -0.009520954226131743 0.48500569941490435 -0.011703229635726344 0.009469335893147756 0.9998866766258245 0.7666583375489051
0.9999088538649032 0.0029700519564155154 0.013170525955774039 149.0229665658515 -0.0027640355241621566 0.9998739776726306 -0.01563294216495858 0.4671706714647662 -0.013215296825901978 0.015595113481086392 0.9997910523530981 0.7859111931210161
0.9999424167354549 0.0015255713063521113 0.010622421825888946 150.32342568295462 -0.0013556369154320333 0.9998712876262532 -0.01598657027544984 0.42068431584039256 -0.010645443241660004 0.01597124956938603 0.9998157798941668 0.8034079641248414
0.9999716547117997 0.0015736837296202386 0.00736296763977236 151.72421067974255 -0.0014521964676764134 0.999863204909194 -0.016476121938556073 0.4575605155210677 -0.007387888626967422 0.01646496244253321 0.9998371487964435 0.8032709069411298
0.9999863710458355 0.002273442917719414 0.004699912752422775 153.0437254698034 -0.002216978928273359 0.9999257275465715 -0.011984339568428745 0.44108767239044794 -0.0047268093902871405 0.01197375662687723 0.9999171397797061 0.8133611905528108
0.999980131631638 0.0035093817808549356 0.005236466507899727 154.4152135092621 -0.003441836046801705 0.9999114752542593 -0.01285283702058625 0.46177548289075854 -0.005281108463105879 0.012834558596501068 0.9999036873614549 0.8235519372633189
0.9999691423560676 0.0037280745931022267 0.006914896636888964 155.74208271222153 -0.0036333665529520837 0.9999001157097024 -0.01365859623884319 0.4529762476276683 -0.006965126212961379 0.013633050412586242 0.9998828066094972 0.8091865986423534
0.9999408556771323 0.00431656621527988 0.009982605060480388 157.05552270051288 -0.004086422119218209 0.9997280072613652 -0.022961111721416745 0.4547892079983005 -0.010079003023513212 0.022918960563885125 0.999686518336985 0.8150959794556674
0.999932293013097 0.004357719883577826 0.01078979457571122 158.42525774510437 -0.004084877932796411 0.9996745566736575 -0.025181233321675153 0.43835258111064024 -0.010896015870212824 0.025135453382478714 0.9996246724753313 0.8179983150430281
0.9999310948564383 0.003754984289191918 0.01112230336722278 159.75708233901807 -0.0034640306325403147 0.9996542687714404 -0.026064217210836845 0.4125842181113085 -0.011216328765751994 0.02602389325263964 0.9995983948311411 0.8326269413478007
0.9999256697118415 0.00504031009314958 0.01110181631492307 161.1224510108436 -0.004758295329320399 0.9996689803625936 -0.02528415168384519 0.42436006346739213 -0.01122558136064076 0.025229446584846413 0.9996186579631946 0.8269868045188764
0.9999267046633816 0.006194954588728795 0.010402299681994586 162.4628074591388 -0.005942981184814097 0.9996923337478761 -0.024081503698106417 0.42594692764374614 -0.010548283067276032 0.024017917964897696 0.9996558774603209 0.8208507333941579
0.9999219169445107 0.007873982423122535 0.009703628950826937 163.79651296714397 -0.007646422624740918 0.9996999958074498 -0.023269091164648505 0.4571529097778946 -0.009883938236291216 0.023193076194960218 0.9996821439745516 0.811958572206832
0.9999233803200666 0.008547497311504039 0.008953981181655551 165.15718740476544 -0.008347255710012838 0.9997194340412406 -0.02216701428639048 0.46790569107489055 -0.009140941494357603 0.02209057468630485 0.9997141840039209 0.8062112758547728
0.9999103280645557 0.008986131007403883 0.009929012002725633 166.51039833082328 -0.008759358277660664 0.9997050465169244 -0.022651569728335548 0.4669121838027144 -0.010129633379154096 0.02256256674476209 0.9996941137715536 0.8038268574485853
0.9999156125140554 0.008339888420420714 0.009960628081424271 167.83020871782304 -0.008105533199780393 0.9996946976894302 -0.023341202693655406 0.43258089790828785 -0.010152250104719793 0.023258496786636513 0.9996779352096541 0.8003197752774638
0.9999366980381288 0.007502571712698462 0.008385185406409477 169.19257805302666 -0.007316683126890731 0.9997315546824609 -0.021983737630580612 0.4179306324305548 -0.00854786901073701 0.02192099427228041 0.9997231636535636 0.7987776122775644
0.9999600108587882 0.006393241248532463 0.00625325112483229 170.65473013720188 -0.006276515936120583 0.9998089530107152 -0.018511154132606195 0.40144456223266617 -0.006370402734190169 0.018471165257112024 0.9998090987898883 0.814661031031344
0.9999675070544936 0.006523237153758212 0.004736265644709909 171.94339307963997 -0.006459563672202713 0.999890194584878 -0.013336896572269212 0.4249582305859981 -0.004822745316330721 0.013305869007715193 0.9998998424730167 0.8156889407089213
0.9999598666608527 0.006926589662244745 0.0056822023248548625 173.30167886810335 -0.006859876243543893 0.9999082857772007 -0.01167741975023989 0.43142054169253835 -0.005762565881008554 0.011637971891653406 0.9999156716667241 0.8085173200162525
0.999931982746273 0.008285479160529428 0.008208575770953573 174.70422572035528 -0.008242591048937176 0.9999522741178344 -0.005244919386532537 0.44420399923749315 -0.008251640679709354 0.005176902708345661 0.9999525539266557 0.8434826387078992
0.9999043294657569 0.00827346374164804 0.011085202449691505 176.0841004655564 -0.008229762819801156 0.9999582060317161 -0.003982109210153723 0.44999857314429803 -0.011117684991257393 0.003890499652667733 0.9999306281402164 0.8535982594625114
0.9999040206931988 0.007110518674114344 0.011890749587808894 177.4968391906723 -0.007045028724281314 0.9999598344870835 -0.005540485794459732 0.43008275153031833 -0.011929667717457909 0.005456183350074488 0.999913952843644 0.8558796966807106
0.999915285766096 0.005921201057343082 0.011591404977176725 178.8937553712137 -0.005837536494054162 0.9999567635267305 -0.007238386893984298 0.4358400311118162 -0.01163376374983539 0.007170108450012245 0.9999066181828321 0.8482567265949436
0.999962916153625 0.0038330355322363278 0.0077119489201416865 180.23094843825234 -0.0037495848025882943 0.999934578172106 -0.010806479055671739 0.41670307359360176 -0.007752866008545463 0.010777161703393285 0.9999118690436035 0.8336220260843775
0.9999904884998952 0.001993276695731287 0.0038794017264615795 181.6502256117115 -0.001960627728334237 0.9999627832916839 -0.008401664743353061 0.4345540803498403 -0.0038960041904373575 0.008393978768323726 0.9999571802191256 0.8488197576517682
0.9999921290983298 0.0007694206209695397 0.003892265830758807 183.04032868739523 -0.0007506325784458966 0.9999880722004144 -0.0048261794031247305 0.43538423914034496 -0.003895932766545306 0.004823219755204666 0.9999807789448113 0.8688013878027534
0.9999858313166776 0.0010791614530477908 0.0052127321484586285 184.37007574346833 -0.0010714106036538353 0.9999983167763025 -0.001489471006806193 0.469885451372745 -0.005214330753960325 0.0014838649264653136 0.9999853043418531 0.8760825685762751
0.9999693037302915 0.0014801267746637511 0.007694207034331748 185.82358422887748 -0.0014939654275243051 0.9999972763463376 0.0017931445028713771 0.4552377860171797 -0.007691531996787037 -0.0018045843393255962 0.9999687914184646 0.8780690863139321
0.9999529645470534 0.0018750822211996794 0.009515921406953204 187.19161145083308 -0.001919544657824699 0.999987274402911 0.00466544537463319 0.4830749336722906 -0.009507052217495496 -0.004683492169397792 0.9999438388525793 0.8887935755193097
0.9999482612446857 0.0021734842334862592 0.009937343710290716 188.64701161048384 -0.002193684049875783 0.9999955490772928 0.002022269985162 0.4843418321828331 -0.009932904108013346 -0.002043964747825456 0.9999485784899594 0.8756550740756429
0.9999401730256864 0.0017036219912928904 0.010805000762190809 190.0424138777715 -0.0017085963137991236 0.9999984385763329 0.0004511579907712864 0.46558600904861064 -0.010804215288332272 -0.0004695923838266371 0.999941522497689 0.880382789029249
0.999933052266026 0.0019103844044603717 0.011412336192742872 191.41510580649452 -0.001879601304643051 0.9999945683377137 -0.0027074700377445445 0.46797000255050036 -0.011417446513322426 0.0026858381367638106 0.9999312117283962 0.87828902807627
0.99992786180309 0.0028069011527462346 0.011678719785120148 192.86909281352982 -0.0027474664833140503 0.9999832099732767 -0.005102077955574855 0.4997506400060601 -0.011692844727597764 0.005069623009693011 0.9999187848544081 0.8816093898731835
0.9999215811576557 0.00262667774877337 0.012244676360675983 194.21971338903225 -0.0025468889572208813 0.9999754538929647 -0.006527248133695278 0.47350612102039985 -0.01226152077897292 0.006495550443445191 0.9999037268320503 0.8896319300753934
0.9999098637455547 0.0031356190638534547 0.01305497136850947 195.67351158318422 -0.0030147817122749003 0.9999525300939851 -0.009265454649681006 0.46859544055298424 -0.013083404586480388 0.009225261607367096 0.9998718513253096 0.8806694577635412
0.9999002150266512 0.003561841033332328 0.013670160134765975 197.08951741093483 -0.0033928134206343196 0.9999177566935802 -0.01236805020895499 0.4566510864633137 -0.013713088884333771 0.012320435760627059 0.9998300645889374 0.8825062435380839
0.999927532409304 0.00373499808044032 0.011444637136204009 198.5152148802728 -0.00362975851344244 0.9999510677664748 -0.009202549962960431 0.46861828168928243 -0.011478448630993865 0.00916034180725796 0.9998921608628601 0.915790161833354
0.9999767321369875 0.004000959202685286 0.005525170593750467 199.9630210868517 -0.003975913052708455 0.9999818052141045 -0.004536667955442673 0.49284390259269073 -0.005543221087860334 0.0045145947989920195 0.9999744452403632 0.8968451618238443
0.9999694256707663 0.00566502755935296 0.005390286303121233 201.4059512308338 -0.005697452952842748 0.999965652911408 0.006019304553838661 0.5019956020527565 -0.005356001636294408 -0.00604983142025386 0.9999673558603094 0.9027982761882465
0.9999476122231825 0.005679963884244936 0.008515328498029408 202.83165214476335 -0.00578448574319402 0.9999076133215898 0.012300591295093512 0.4936828033898216 -0.008444674880802914 -0.012349203690757486 0.9998880860548153 0.902084313858421
0.9999204196058336 0.006718856149974856 0.010677613372362105 204.26875178497994 -0.006862891055218592 0.9998851765349467 0.013510531893407859 0.46721168916950157 -0.010585612011494735 -0.013582736017258651 0.9998517160562499 0.8944493784363462
0.999916823132513 0.00679079410704162 0.01096503223791563 205.72510913163194 -0.006911467205608705 0.9999155557389957 0.011005135721162561 0.4947039151030522 -0.010889372693068946 -0.011080004809167801 0.9998793202460886 0.8849484694462819
0.9999194690616032 0.005605619415582612 0.011385623501994742 207.1758097928265 -0.005706198999867198 0.9999448155695237 0.008820720413051509 0.48919021953031094 -0.011335549591239339 -0.008884978705599256 0.9998962758550837 0.9072048845399384
0.9999264500725553 0.00457825556594931 0.011230940355563386 208.61333316580635 -0.004665256708724086 0.9999592200694809 0.007732630721629349 0.4792664796741803 -0.011195080398955292 -0.00778445720703989 0.9999070318788906 0.910099795062949
0.9999342355179698 0.004279379127082051 0.01064009179377452 210.129788633125 -0.004358682698024097 0.9999628138180854 0.007441294655850874 0.5036515454412123 -0.010607852008356771 -0.00748718206696911 0.9999157042373447 0.9036268484903353
0.9999347796245663 0.004421932876393757 0.01053010003782388 211.5880462776659 -0.004516458581582727 0.9999495698105252 0.008969918484931045 0.5120808621274526 -0.010489904625436697 -0.009016892224160604 0.9999043242008543 0.9125754088245378
0.9999319390412574 0.003816857017522727 0.011024921210546426 213.03760356626685 -0.003924143518528283 0.9999450006505819 0.009726087165652722 0.4982349624628234 -0.010987191763001199 -0.009768688571946064 0.9998919213298743 0.8962224891582659
0.9999347605933488 0.0030955185073420328 0.010995104469388835 214.4822828729043 -0.003206445759256907 0.9999439988620124 0.010085526532638547 0.49740718718498783 -0.010963268796988187 -0.010120123764970252 0.9998886887210329 0.9094615052162216
0.9999408049916957 0.003124115882285139 0.010422399556421406 215.9259300730864 -0.0032358237713553894 0.9999373199715076 0.010718468767484661 0.5151760807676863 -0.010388260541609975 -0.010751559335876192 0.9998882377619844 0.917061121415853
0.9999471191629624 0.0028712567153657094 0.009874956332398615 217.41448964870165 -0.002970054884304594 0.9999455393683985 0.0100048523840679 0.5130829696422105 -0.009845692036445716 -0.010033652481386726 0.9999011892013161 0.9142649557461489
0.9999495650833605 0.002149609427216168 0.00981052847243949 218.90077949169572 -0.0022566562048127138 0.9999379004156246 0.010913423622565449 0.4996280188278944 -0.009786459644396579 -0.010935012194904616 0.9998923195604243 0.9237352088108164
0.9999523415484213 0.0024909061402633263 0.009439810296293342 220.3655284501804 -0.0026065019540321716 0.9999215306195626 0.012253111890251824 0.5239665647523314 -0.009408548208583181 -0.012277132809895095 0.9998803684594347 0.9255761613046259
0.9999502546852922 0.0022890135854106894 0.009708170354143168 221.85899362622106 -0.002392206284854136 0.9999406255884794 0.010631210975764357 0.5219536565590683 -0.009683258950888557 -0.010653906068964257 0.9998963590200555 0.9301478301819305
0.9999561795085888 0.001645679455037556 0.00921579088946237 223.34274334957058 -0.0017600020234339521 0.999921434940466 0.01241073484837671 0.5190507289665471 -0.009194642758940596 -0.012426410814489879 0.9998805142909852 0.9355224884601214
0.9999543188787531 0.0014082276202239876 0.009453943658514154 224.84772865046205 -0.0015201953539529885 0.9999286689244091 0.011846774630466522 0.5264487931907589 -0.009436586343299226 -0.011860605297744452 0.9998851318427314 0.9366942091441715
