1.0 -2.1684043449710093e-19 -2.5135375298442207e-37 0.0 2.1684043449710093e-19 1.0 2.3183291766350204e-18 -8.673617379884035e-19 -2.51353752984422e-37 -2.3183291766350204e-18 1.0 0.0
0.9999996051917989 -0.0005752605321510217 0.000677267721610383 1.3273296131564947 0.0005753941083097035 0.9999998150465057 -0.00019704967556571635 -0.005147294397329037 -0.0006771542414461252 0.00019743929362565135 0.9999997512398984 0.014190926913472833
0.9999991949433092 -0.0005967494779263065 0.0011198226618697432 2.628292109638085 0.0005974884623972986 0.9999996039058764 -0.0006596935863360372 0.0026109771196390695 -0.0011194285465113297 0.0006603621363656997 0.9999991554004325 0.02238872817330788
0.9999988872748349 -0.001117982926636402 0.0009877060635002097 3.952068913162743 0.0011192782555432775 0.999998513100449 -0.0013118738802854152 0.0010290909243763538 -0.0009862379422804482 0.0013129779384500793 0.9999986517109183 0.04942137746404745
0.9999992821443365 -0.0005474306212199864 0.0010658473279201277 5.267740877157508 0.0005495005897131223 0.9999979618565761 -0.0019427639577488751 0.012071868060146682 -0.0010647816270901312 0.0019433482468600017 0.999997544815825 0.054373423007450884
0.9999984227272785 -0.0009066756234279397 0.0015272466301206708 6.589238739993435 0.0009101348451881187 0.9999970188182309 -0.002265835213452324 0.00541542470836749 -0.001525187699566118 0.002267221639987519 0.9999962667472896 0.06502565319406606
0.9999967102503768 -0.0006760305557410519 0.002474362768808948 7.92429047642065 0.0006848693568307137 0.9999933821118684 -0.003573050017964958 0.011495240015391416 -0.002471930902763611 0.0035747328787630477 0.9999905553766284 0.09339318125345765
0.9999945534948707 -0.00044094296687638483 0.0032708637841041117 9.237384747043135 0.0004519796462362342 0.9999942049961627 -0.003374268586240105 0.02794032277056028 -0.003269356969434477 0.0033757285721249686 0.9999889578198421 0.11229969181988875
0.9999970061031009 -0.0011113868950739746 0.002180046789422801 10.577262213185136 0.0011181226635601407 0.9999945978873307 -0.0030909541997497536 0.02287695012438184 -0.002176599766573545 0.0030933825054744353 0.9999928466734804 0.12266524527480321
0.9999995640968012 -0.0009332041399107243 -3.059805045455373e-05 11.889965353807252 0.000933186448657513 0.9999994003097894 -0.0005731868050933244 0.038255264733899376 3.11329324046577e-05 0.000573158001553323 0.9999998352603093 0.12671820991827917
0.9999990694125764 -0.0010633379353396915 -0.0008546849807897152 13.237375202608515 0.0010658368898779124 0.9999951433042237 0.0029287129748814048 0.03680784248788936 0.0008515666182368661 -0.0029296212042396936 0.9999953460661176 0.15247106039459407
0.9999992820998161 -0.0008665138402985489 -0.0008276192464674128 14.57813048491639 0.0008715968572945124 0.9999806394835498 0.0061612480058236985 0.05939958436867213 0.000822264416660819 -0.006161964932996879 0.9999806768480047 0.1667979582820212
0.9999999044280814 -0.00037802805442873504 0.00021963291689839425 15.921146852241725 0.0003766286767020901 0.9999798505818167 0.006336922061005989 0.08358042818214066 -0.0002220240257406935 -0.006336838735319338 0.9999798973880297 0.1847756475540112
0.9999959873247533 -0.0002833495878251066 0.002818696046600108 17.268788305278623 0.00027369823127283016 0.9999941011638562 0.0034238467795223246 0.06541206392061287 -0.0028196495651477433 -0.0034230615686146534 0.9999901660645606 0.19776247248865755
0.9999866678060685 -0.0001304392831584772 0.005162092183315103 18.635178150846514 0.00013059970099777257 0.9999999909994143 -3.073905446653727e-05 0.08445604870847875 -0.00516208812727302 3.141281234316574e-05 0.9999866758409341 0.212781388008946
0.9999951631012998 -0.0005253132438799746 0.0030655864040284573 19.962326017608884 0.0005315564166714195 0.9999977859200999 -0.002036075311462841 0.07005641522918167 -0.00306451003924857 0.0020376949952967357 0.9999932282657346 0.2473091958624665
0.9999995241023774 -0.0003369864955604658 0.0009155518121296605 21.330082380451564 0.0003397570586695531 0.9999953589562576 -0.0030276444782840906 0.08120015943168889 -0.0009145272877111119 0.0030279541026260294 0.999994997554384 0.23712051133615217
0.999999979115853 0.00013570704604890787 -0.00015281325557039093 22.672928652574516 -0.00013578309232935661 0.9999998669081431 -0.0004977415470503072 0.08314860407331004 0.000152745688197145 0.0004977622861117899 0.9999998644507214 0.28544830304875884
0.9999992731413053 0.0006157394186094492 0.0010366203882370727 24.0485510047799 -0.0006171522384864073 0.9999988804830903 0.0013631418417131163 0.10038928196696835 -0.0010357798875579205 -0.0013637806034946776 0.9999985336301699 0.26649296652575993
0.9999819675117978 0.0015566903297058216 0.005800117796317689 25.437928616295213 -0.0015705547641466238 0.9999959187796449 0.002386583706212873 0.1075877078803583 -0.005796378952982381 -0.0023956500728079654 0.9999803312324508 0.2772747680092225
0.9999761437663952 0.0017342912465100585 0.006686114863053502 26.802407504456227 -0.0017387238593882153 0.9999982724607991 0.0006572022200797778 0.0990641257722949 -0.006684963532470504 -0.0006688118491490912 0.9999774317219763 0.3024621505796728
0.9999816298853734 0.0017358826871619085 0.005807460984682026 28.178075280155756 -0.001713831981485948 0.9999913121660878 -0.0037997858209705216 0.10839125265252489 -0.005814006512847085 0.0037897630061026534 0.9999759172223229 0.3160597057047725
0.9999930609441119 0.0014020853942584724 0.003451408433242023 29.546793736557177 -0.0013874727574005202 0.9999900800514839 -0.004232578171083281 0.11330287875018256 -0.00345730863148179 0.004227760065811015 0.999985086419719 0.31621122808956975
0.9999952720511983 0.0026022698542112494 0.0016383121972680127 30.918772867002797 -0.0025955424998682477 0.9999882466180237 -0.004095092787955565 0.11509089445289955 -0.0016489494780712567 0.004090821117630465 0.9999902730267941 0.34985649164221916
0.999995854463747 0.002783338615772839 0.0007376187840161759 32.306743476537775 -0.0027821000150792413 0.9999947272544059 -0.0016749277274642489 0.11946386863792034 -0.0007422767857624623 0.0016728686547604992 0.9999983252664162 0.3375103015254484
0.999993854709041 0.0031029517683865923 -0.0016316355219382322 33.68598512260064 -0.0031025758982588885 0.9999951598913498 0.00023284473187673018 0.12076055241943119 0.0016323501306175652 -0.00022778102793299593 0.9999986417735047 0.37594255449169517
0.9999939204955229 0.0032499914354459265 -0.0012635377569278142 35.081422844288134 -0.0032489070941913805 0.9999943530989739 0.0008592862491414106 0.13527808501425126 0.0012663232948054643 -0.0008551759083245506 0.999998832549058 0.3740196053402975
0.9999954242042779 0.002927341727245537 0.0007630471270782209 36.47375318771219 -0.002926743362944245 0.9999954096556023 -0.0007841179831781296 0.11947095002977542 -0.0007653390057203569 0.0007818811520996267 0.999999401458856 0.38914608108235466
0.9999938860735557 0.0026223841621605395 0.0023132048795155347 37.86976403798419 -0.002629358542987897 0.999991991581389 0.003017158719733416 0.14027200522655822 -0.0023052742051611723 -0.0030232225180585677 0.9999927728921071 0.42314883808226733
0.9999934882403179 0.002417114984980756 0.002679744784627628 39.26358356339089 -0.0024275560158225234 0.9999894488349632 0.003899896221254787 0.13648954508589373 -0.002670290012601884 -0.003906376056640601 0.9999888048260104 0.42867095050717163
0.9999921316506889 0.002737869954761987 0.0028706627844408378 40.675763926728564 -0.002756986939177336 0.9999739096158383 0.006676758991636084 0.15265828418077187 -0.002852307789907606 -0.006684620836367558 0.999973589743522 0.4466206488330355
0.9999909035125844 0.0028012290131738293 0.0032165211177556364 42.099709987965674 -0.0028319333701973394 0.9999500883053033 0.009581286531714445 0.15380122924540246 -0.0031895211979194515 -0.009590308349151401 0.9999489251658288 0.4804529933521687
0.9999921526294492 0.0022727789193685392 0.0032448660224967943 43.49551577241173 -0.0023075100854832165 0.9999396609713243 0.010740103060883905 0.1590618976377197 -0.003220260350604192 -0.010747506340388386 0.9999370585345547 0.4792246305083412
0.9999939343680367 0.0018696959303247645 0.0029386160454824496 44.90663150769643 -0.0018950013265078656 0.9999609456963044 0.008632268075362366 0.15769539732118423 -0.0029223615633889874 -0.0086377843965055 0.9999584233774985 0.4846050853592331
0.9999943789168497 0.0011134812238903042 0.0031626403949870335 46.31208626219131 -0.0011391896623794816 0.9999662317102193 0.008138653830765489 0.1545929092141503 -0.0031534713598014037 -0.008142210929959369 0.9999618792831829 0.5100842360457685
0.9999929149110939 0.00046566123534043933 0.0037354099142464857 47.73495327212671 -0.0004988841210583804 0.9999602871704141 0.008898044543413431 0.1750704939645523 -0.003731118096134928 -0.008899845036668613 0.9999534346738731 0.527151820860793
0.9999900055704547 -0.0007100514625499868 0.0044141348101739974 49.138482606530744 0.0006782302840286828 0.9999738046424465 0.0072062495510635035 0.175107834588905 -0.0044191359883675885 -0.007203183728804035 0.999964292053114 0.5300983036603006
0.9999884110676075 -0.001489129177726787 0.004578233805067584 50.55908452353856 0.0014483136164682067 0.9999592958735124 0.008905559152446193 0.18559872501949076 -0.0045913089800375725 -0.008898825228164004 0.999949864138902 0.5460962245372116
0.9999851127298383 -0.0026960886307260488 0.004743988278656996 52.00123472884517 0.0026487766969408373 0.9999469773173284 0.009951207763299812 0.19270099071114566 -0.004770566077784524 -0.009938493851378337 0.9999392321732674 0.56570737507017
0.9999726582309987 -0.0038259403025309967 0.006328109609641782 53.41138066353952 0.0037639257192239803 0.9999450622886117 0.009782906919961558 0.19422770577289022 -0.006365190775643404 -0.009758820903466591 0.9999321225768095 0.5858091367211153
0.9999614165021556 -0.00474060593943603 0.007395414953152221 54.880150317193646 0.004676224545510522 0.9999512314285961 0.00869871763159206 0.20651397459879145 -0.007436291481799819 -0.008663799383710908 0.9999348179502684 0.5948889549534496
0.9999544261128935 -0.0056045978458381905 0.007728789052639413 56.283645252154045 0.0055660424718515485 0.9999720038960636 0.005001059417046669 0.21867727566487616 -0.007756601603493479 -0.004957812731206411 0.9999576267144958 0.5733195414907059
0.9999569196763655 -0.005606045579939802 0.007398043275774055 57.702491926381185 0.005584325492886947 0.9999800464011596 0.002953321574818656 0.24016545694103136 -0.007414452113546979 -0.0029118812631070304 0.9999682729203789 0.5915647307062671
0.9999588800888624 -0.0058034254746638725 0.006968384618264871 59.15182768001923 0.005790541265476891 0.9999814904808755 0.0018677064811164748 0.23882660073546533 -0.006979094732188218 -0.001827278962506163 0.9999739763055399 0.610569658595411
0.9999506830860381 -0.005443258535143423 0.008306764248814323 60.56973455555766 0.005419930940240343 0.9999813126494128 0.0028281974047487573 0.2516334869379519 -0.00832200362706103 -0.002783035838215249 0.9999614987424037 0.6443805416608434
0.9999457909082881 -0.004774605784866319 0.009253020285147446 62.004193155216036 0.00476915795752726 0.9999884409990436 0.0006107378145928299 0.2664588432848439 -0.009255829361779714 -0.0005665755917265546 0.9999570033831077 0.6450079676112315
0.9999549279279739 -0.003902441284317473 0.008655233363866359 63.3996485431965 0.003917448660146773 0.9999908516256125 -0.001717632404585332 0.2724979836587618 -0.0086484512229442 0.001751461419678414 0.9999610675793031 0.6503192166787681
0.9999592948168876 -0.003916914442045557 0.008128129585972293 64.84245273087912 0.0039326614023990365 0.9999904194928073 -0.0019222634817395166 0.29047073282550007 -0.00812052237277529 0.0019541504171489534 0.999965118597914 0.6734179653637431
0.9999598574719758 -0.003055918168365102 0.008422874139752654 66.32673540485588 0.003074939528776461 0.9999927494741491 -0.002246273809261249 0.2773744821677506 -0.008415948640541121 0.0022720834667901454 0.9999620040007519 0.6732796985475487
0.9999649787532825 -0.0024178879647564887 0.008012183518690381 67.61189515905912 0.0024242110863043225 0.999996757729948 -0.0007795705233725853 0.30179096767069913 -0.008010272626841564 0.0007989664459524665 0.9999675980675883 0.6895552753785552
0.999954478745934 -0.0017638401493091835 0.009377062646423575 69.09097800012141 0.001736862266138016 0.9999943318338645 0.002884373348084133 0.3089401597515649 -0.00938209706919158 -0.002867955381514349 0.9999518743852196 0.7084935807190481
0.9999399613087121 -0.0011375384146172802 0.010898613869977541 70.39062588104858 0.0010768228937053828 0.9999838787294624 0.005575189112079321 0.3351047153575774 -0.010904780162258603 -0.005563118508096501 0.9999250659334816 0.7043856236020386
0.9999296407153772 -0.00012033161944732344 0.011861666793421051 71.71275531788552 6.148655681496154e-06 0.9999536710660555 0.009625782239012242 0.3318079772713368 -0.011862275541008974 -0.009625032042555048 0.999883315780981 0.7137366439035739
0.999941805635663 -0.0001369240947809179 0.01078733488319495 73.29529932202871 -1.69177674191693e-05 0.9998983214692687 0.014259959212003934 0.36799491424742037 -0.010788190574840237 -0.014259311860364745 0.9998401307055992 0.7387412114310457
0.9999390447581789 0.0006213512108496234 0.011023642355111128 74.69390394308283 -0.000830241688181442 0.9998199955865613 0.0189548707204124 0.3830007843255577 -0.011009880418961414 -0.018962867609122764 0.9997595671886311 0.7453978291916302
0.9999425171350707 0.0016194680895656216 0.01059904470627837 76.13652186136126 -0.001825981903918929 0.9998081191538335 0.01950360643984033 0.39094490341237564 -0.010565425484350806 -0.01952183898049821 0.9997536044381906 0.7447277887072635
0.9999365430291551 0.0019972433707028114 0.011086971354741572 77.51455174396 -0.0022012834455904344 0.9998278773660217 0.018421997528703528 0.389291019514613 -0.011048269823589845 -0.01844523409104837 0.9997688278163265 0.7339963785509609
0.9999323135024769 0.0017152238387311048 0.011507667911766436 78.92822020908895 -0.0019207847990818745 0.9998383710362221 0.0178757486385744 0.4006560929673758 -0.011475147029126309 -0.01789664244535625 0.9997739900546738 0.7482571855335051
0.9999459254431788 0.0018963325731092336 0.010224974931833365 80.29146448293773 -0.00207084624613761 0.9998519149096564 0.01708390609075668 0.3951576564787428 -0.010191063997900984 -0.017104156637060487 0.9998017753736614 0.7618078123896078
0.9999405252954007 0.0018506446105084362 0.010748068965342654 81.63941500637024 -0.002022162192683684 0.999870440819342 0.015969108797967316 0.3888225916632145 -0.010717123309202266 -0.015989893378644916 0.9998147161238001 0.7556861913109226
0.9999406998214068 0.0011969060972177616 0.01082424392138661 83.1280204624017 -0.0013636448353356412 0.9998803297249239 0.015409954637841637 0.39593208635687727 -0.010804504312475167 -0.01542380124909931 0.9998226687976173 0.7660713317563947
0.9999444403325305 0.0008767321018674775 0.010504646061809439 84.46397290635302 -0.001044169253641777 0.9998723335631605 0.015944475078529495 0.4161320515948521 -0.010489325937927693 -0.015954557837234287 0.9998176964455001 0.7780659525820437
0.9999349961479104 8.789418836763075e-05 0.011401568018921615 85.8922538248539 -0.00030726028567156465 0.9998148532196165 0.019239669242310898 0.4174276664680051 -0.011397766000199074 -0.019241921838743816 0.9997498884091742 0.785336206658694
0.9999253099368993 -0.0011995277547607124 0.012162881268900935 87.24093171311375 0.0009577113518546858 0.9998021555786578 0.019867875810863713 0.42111020368585433 -0.012184306979157705 -0.019854743348503234 0.9997286290939169 0.8009693303322603
0.9999115037869729 -0.002112866909935703 0.01313470166754679 88.57495618064986 0.0019279432707109648 0.9998990728063788 0.01407576767671973 0.4213903125904678 -0.013163116242724515 -0.014049199064892147 0.999814659012567 0.797082667624303
0.9999009294027966 -0.004214537604460731 0.013430154586010316 90.1300442472595 0.004045334635422686 0.9999124200200386 0.012601093498477198 0.4348515598416852 -0.013482086155747454 -0.01254551563111302 0.9998304073143797 0.8274731933786637
0.999897656102378 -0.004251478045854907 0.013660243606765992 91.57647650465348 0.004129270538516358 0.9999513146388551 0.008962001832463474 0.44713913942094946 -0.013697680306910301 -0.008904677784791069 0.9998665312269226 0.7962867470398712
0.9998966090691777 -0.004747335745180358 0.01357328166961498 92.89653379807234 0.004626282692818018 0.999949371311582 0.008936012646481872 0.45402628179514154 -0.013615016724422545 -0.008872294905743629 0.9998679481325018 0.8077108663991517
0.99990954380521 -0.004097488504476524 0.012810729690865778 94.19669251056617 0.004011930326010465 0.9999695253977353 0.006697215159088769 0.4440263258118605 -0.012837781051100101 -0.006645213599544683 0.9998955107979536 0.847141354252586
0.9999084974647747 -0.00448522368064914 0.012762423996687759 95.44063273331355 0.004380429919064861 0.9999565610902422 0.00822725752002868 0.4676298337722336 -0.012798770701159106 -0.00817059980119276 0.9998847097377916 0.8316600041218882
0.999913442912813 -0.004456978470589133 0.012379096298088902 96.81728970515813 0.004386086671322024 0.9999738610746651 0.005747991922241612 0.47573254224858375 -0.0124043913980616 -0.005693198603527588 0.9999068549438515 0.8123694531280456
0.9999132269612424 -0.0045122761686037065 0.012376506442986362 98.08845016270584 0.004395809481988596 0.9999459553956024 0.009421419583817628 0.49174339287916363 -0.0124183496066543 -0.009366197294234957 0.9998790221528265 0.8264292865865827
0.9999260485490242 -0.004377607985235614 0.011346099834832103 99.4148277422138 0.00422274323368049 0.9998980901607719 0.01363736530356946 0.5220732804802686 -0.011404642594872554 -0.013588445134311575 0.9998426317606761 0.8606968008105139
0.9999037455639014 -0.003378172372991578 0.013456877747044857 100.68764974021938 0.0032429627718018436 0.9999441704092173 0.010056801533414018 0.49837153834051123 -0.01349010006416787 -0.010012193368095109 0.999858876634207 0.8357582493476045
0.9998795711085837 -0.004188310466254579 0.01494327056414065 102.20658443378316 0.004055440290096978 0.9999520735748395 0.008910889822698605 0.5372408013163947 -0.014979875959710355 -0.008849215152604088 0.9998486358981618 0.8409915805256017
0.9998928152998919 -0.004175192647380435 0.014033020986710422 103.46659444582292 0.004057204918188818 0.9999562711779474 0.008425842399844884 0.5651415761412566 -0.014067586854468654 -0.008368004436689771 0.9998660307770434 0.8486013933519029
0.9999262001841864 -0.002936326316669288 0.011788645934814835 104.69796066827399 0.0028169810997987245 0.999944746489626 0.01012761498482943 0.5435167811752493 -0.01181773255314943 -0.010093659175918326 0.9998792223272482 0.8413967989891952
0.9999355337660732 -0.002600497706805753 0.011052860427742055 106.00326041654695 0.002480574926212002 0.9999380620819114 0.010849827091118045 0.532309886685596 -0.011080390787047926 -0.010821710195186745 0.9998800505702959 0.8344876754581954
0.9999289582659918 -0.0016360154463815554 0.011806857098634788 107.45412988600486 0.0015454967186195221 0.9999693779174175 0.007671679564851862 0.5155140457024646 -0.011819046534349462 -0.00765288709652967 0.9999008668153593 0.8587699650348439
0.9999104787341868 -0.0022183818979967344 0.013195199859196587 108.8816204888961 0.0022174061650297376 0.9999975376290811 8.857580840846854e-05 0.559833836183672 -0.013195363862690157 -5.930876147339735e-05 0.9999129356373994 0.8733602794592494
0.9998927726682711 -0.0020105157883265738 0.014505205686997435 110.14459143911441 0.001970620318642831 0.9999942379294637 0.0027641930885899907 0.6002138102752479 -0.014510679560825714 -0.0027353124384878274 0.9998909731788496 0.8775390538989879
0.9999019107908114 9.155122629382593e-05 0.014005727944567397 111.43137508306836 -0.00013341949518944508 0.9999955256358151 0.0029884624120953907 0.5517709737712128 -0.014005391680441334 -0.0029900379133328235 0.9998974490802316 0.868201588629635
0.9999323769482663 0.0006189109305734807 0.011612858384140914 112.7374974871031 -0.0006585590636597148 0.9999939668833293 0.0034106446461575073 0.5684323634689911 -0.011610677437159595 -0.003418061761102028 0.9999267518289765 0.8659606076479099
0.9999541787686393 0.0012071593706881505 0.00949647984200865 114.06702418249641 -0.0012898523433493307 0.9999612662536672 0.008706450097186083 0.5947427764108278 -0.00948560193494715 -0.008718300213699636 0.9999170038544776 0.9133467427230553
0.9999560775278767 0.0017239269570607188 0.009212550727648176 115.42465420750867 -0.0018188252842689504 0.999945273148601 0.010302552225296439 0.6381034334292434 -0.009194285706245786 -0.010318855731929581 0.9999044886021542 0.8547328882121905
0.9999228597977989 0.003808330457143529 0.011822481673516834 116.89699178787279 -0.003933501580729182 0.9999362680003101 0.010582414796558848 0.6253552325708099 -0.011781426870538621 -0.010628102217292585 0.9998741127882814 0.8539529822997792
0.999886367046351 0.004158316044717712 0.014490044945476382 118.18167734253433 -0.004277144962102313 0.9999574007254202 0.008179411068931983 0.6524927760731788 -0.014455415103788796 -0.008240457641032293 0.9998615583329741 0.8636732026188838
0.9998451009139223 0.0067819973792254224 0.016241265036221246 119.27710000737157 -0.00690515666125045 0.9999477392156728 0.007539074807180565 0.5660707349286734 -0.016189286269387905 -0.0076500554908350595 0.9998396789791226 0.8203746686160936
0.9998585877871036 0.007217230516981838 0.01518933876255949 120.38232502598218 -0.00734461249639713 0.999938187986324 0.00834726745138202 0.5901366730812828 -0.015128155725560645 -0.008457646853107586 0.9998497922758454 0.8561641180889623
0.9998688671505124 0.008204109239856023 0.013962130737518834 121.67259166727654 -0.008361645037907975 0.9999016162948874 0.011262354244638458 0.604557066889649 -0.013868359506844641 -0.011377623761234416 0.9998390961960513 0.8696494060166223
0.999868731606871 0.010169812108044643 0.01261326589563755 122.93702557544513 -0.01034819592979 0.9998462089466756 0.014158859274650108 0.5670657527742831 -0.012467333149702163 -0.01428752521074718 0.9998201999497143 0.8965404214686507
0.9998675696425178 0.010256814632622886 0.01263490921047512 124.15184821084442 -0.01047996725287304 0.9997879952231926 0.01772385099148474 0.6091604730750579 -0.01245044029517208 -0.01785391725033078 0.9997630840230474 0.8976373009061303
0.9998527428396856 0.011974253346580596 0.012292676386758829 125.34517086367538 -0.012150675007195855 0.999822789415411 0.014378833835059241 0.5741762747710609 -0.012118322195220781 -0.014526080764564195 0.9998210536114921 0.8854524505464992
0.9998450545968129 0.012841363532371166 0.012040190236264658 126.68857704694798 -0.01300132045674902 0.9998269901874817 0.013302456879171864 0.5674538288865212 -0.01186728548055006 -0.01345693409624924 0.9998390262737559 0.8838200096355215
0.9998032235106873 0.014547865382345135 0.013486062081114941 128.05315538075192 -0.01474583792415466 0.9997832342284255 0.014698463173529594 0.5286853018211224 -0.013269307500886562 -0.014894434147231227 0.999801020858591 0.8496680593763862
0.9997739961517194 0.015393096174293902 0.014663192319233081 129.48305949737826 -0.0155935724149807 0.9997851364004753 0.013657288604319454 0.5145951031286314 -0.014449813775984472 -0.013882853555802549 0.9997992144720796 0.8659511839405908
0.999801803746333 0.014946891257490994 0.013150804816278066 130.988025946966 -0.015125105945756561 0.9997936824093738 0.01355816301841078 0.5374369347331762 -0.012945439185626056 -0.013754383157412096 0.9998216003609096 0.9497364959680243
0.9997648098405708 0.015114886971983156 0.015552015826619976 132.69956759714256 -0.015264074641480607 0.9998381828411657 0.009519251977707508 0.5134581761080086 -0.01540561682590389 -0.00975440027372024 0.9998337455024777 0.8707892643681636
0.9997545711277566 0.015043022162850988 0.01626360948140263 134.09124882894665 -0.015176886819566074 0.9998516977922605 0.00813907417341665 0.49353926385786506 -0.016138761279034932 -0.008383907569998033 0.9998346115624503 0.8900361995086262
0.999759082562595 0.014280113681134413 0.016668988777130144 135.46393017242693 -0.014408914104678896 0.9998670545522157 0.007632589036528759 0.4866424374900858 -0.016557778471830046 -0.007870932240238838 0.9998319300751239 0.8870711380349503
0.9997871708127318 0.013285502351829024 0.015783171592961474 136.9304627025363 -0.013449961609907662 0.9998558755098803 0.010359862019479835 0.4708828819399608 -0.015643260880178745 -0.010569940190473935 0.9998217664931108 0.9083004214107734
0.9997738192616686 0.01185446478825798 0.01765734927785839 138.1961514852069 -0.011929484702163979 0.9999202317795073 0.004149394263898908 0.4751445757928304 -0.017606751934333885 -0.0043590988289316495 0.9998354867395548 0.8780771726180127
0.9997744909006969 0.011294122791605615 0.01798360738618493 139.39130790233654 -0.011358792193156239 0.9999293686275404 0.0034979416863714203 0.4331712919339496 -0.017942830996389714 -0.0037014249278752957 0.9998321630500482 0.8917463688947782
0.9998048394103455 0.01024655008557104 0.016890568462816894 140.6164233199203 -0.010293646575314746 0.9999433636797384 0.002703751658869788 0.4113371227980863 -0.01686190771638048 -0.0028770895353141582 0.9998536885084587 0.9349660391315412
0.9998110524842785 0.009472762854956063 0.01697427742712887 141.95555330056595 -0.009521774892512748 0.9999507216157276 0.0028089398502094743 0.3898858191086142 -0.016946832541088197 -0.0029700343566271474 0.9998519809265494 0.9031987588706323
0.9998427496302015 0.007407273767352136 0.016112365042214253 143.2332379010142 -0.0074608856928829684 0.9999668211948076 0.0032698156261916794 0.43574092556704686 -0.016087610033681362 -0.0033895139602972517 0.9998648408652626 0.8714324072712505
0.9998610603580291 0.006659571006233527 0.015281037063321044 144.6911807869621 -0.0067067293584326055 0.999972898137241 0.0030369017633009817 0.4182667330304977 -0.015260398455820078 -0.0031389655971571597 0.9998786262011753 0.8672176940696682
0.9998936046880201 0.006521396393793393 0.013048014909262462 146.05874374900094 -0.0065976231450153525 0.9999613712491434 0.005807527732962695 0.3856706607167435 -0.013009637690330762 -0.0058929957243995705 0.999898005762867 0.9830735337804115
0.999881511223715 0.005082100553131878 0.014530511585883463 147.33430778894805 -0.005102547315205268 0.9999860428641333 0.0013704334452566153 0.39400781671743795 -0.014523344100988876 -0.0014444136871558158 0.9998934874001453 0.9549652525853162
0.9998239560790763 0.0036206341916587468 0.018410536614550766 148.6795898367248 -0.0032982535783791624 0.9998412310730367 -0.017510972836684662 0.3827238728138857 -0.018471014420389363 0.017447167518098473 0.9996771568720959 0.8728808250975582
0.9998501588510329 0.0028322527567697753 0.017077417541479675 150.19312177720204 -0.002391483195757439 0.9996648963141533 -0.025775490011585304 0.345189343813023 -0.01714469753855919 0.0257307874254694 0.9995218786623816 0.820207985661625
0.9999285831662813 0.0027201404035599903 0.011637413942025991 151.55651797126228 -0.002493864693776216 0.9998084137327627 -0.01941433666303993 0.3745941116947455 -0.011687994094893994 0.01938392801682983 0.9997437942436432 0.9144481750558494
0.9999398783431206 0.004504017828306924 0.009997675857286484 153.00045068965906 -0.004310402034260501 0.9998043713973034 -0.01930386927913942 0.33245975470883216 -0.010082664997316861 0.01925961469618105 0.9997636756295492 0.8823609330680134
0.9999515949316616 0.005190730017196556 0.0083584756693246 154.2446155675818 -0.005065293197349732 0.9998752774847016 -0.014959020011877324 0.3384012345699815 -0.008435081413418557 0.01491595778954333 0.9998531710230105 0.9200207449441835
0.9999226422271663 0.005559740171200115 0.011126493188381853 155.6361480064636 -0.005425558512955232 0.9999126317695528 -0.01205371903227891 0.35603779095755395 -0.011192536632277024 0.011992419143582645 0.9998654454509465 0.9812343809741062
0.9998891096687367 0.005736403906359943 0.013742708469743889 157.07433293561047 -0.005477996845284875 0.9998088655062897 -0.018767631858841904 0.36297029104988554 -0.013847740480826503 0.01869026819628512 0.9997294203724959 1.0105788682869938
0.9998373998304693 0.00716118115025546 0.016549664189329013 158.40959532752717 -0.006638394284613287 0.9994838830318513 -0.031430865099367294 0.26302234281821635 -0.016766204745509546 0.03131589123920693 0.9993689055270459 0.8987337816813673
0.9998311091733563 0.00605112811462841 0.01735329875604121 159.618034262675 -0.005453777728949961 0.9993978679579777 -0.03426598648122825 0.3156135657276372 -0.017550197652997448 0.03416555823616617 0.9992620803336589 0.8840608103415899
0.9998085687688583 0.007316812848531751 0.01814635131662985 160.82017948418058 -0.00671607090215882 0.999434494804235 -0.03294821675054624 0.299664945275787 -0.01837716539633272 0.03282003725079179 0.9992923120623177 0.860244683669024
0.9997981028183577 0.008455468978460416 0.018227963275335254 162.01664841451915 -0.007828866342409273 0.9993851185034475 -0.03417738675854023 0.30699918447963975 -0.018505741071499094 0.03402778215230083 0.999249542201141 0.8166135679445473
0.9998243829901218 0.009626902198699648 0.0160787416323237 163.0540050746872 -0.009288818337299288 0.9997369389290501 -0.02097071278400842 0.28981237587082964 -0.016276394942339043 0.020817677460019248 0.9996507906628452 0.8661263873341879
0.9998539981652725 0.01047744593619337 0.013498350994595638 164.35926626258671 -0.010291749970663087 0.9998524465902747 -0.01375372422229858 0.27966130747543905 -0.013640463168841165 0.01361279449987516 0.9998142975525224 0.9632293321128325
0.9998326293138372 0.010506887679119056 0.01497727180354453 165.80241514400777 -0.010250621606484064 0.9998014835129232 -0.017085617402906098 0.28138253730148877 -0.015153815231140835 0.016929231425442264 0.9997418481824616 0.9099415558666673
0.9998015207507472 0.010485828572213887 0.01694008570365807 167.11718837468192 -0.01009879124655826 0.9996896398020518 -0.02277363580551274 0.26584810555021 -0.017173628616328464 0.022598041322155257 0.9995971163466562 0.8616582404707269
0.9998413892464794 0.009727808531573704 0.014918649095782933 168.60106010631296 -0.00942939527808222 0.9997566269450299 -0.019944256922390803 0.2732621567356906 -0.015109032211221993 0.01980041970943279 0.9996897821449265 0.8315459446372694
0.9998921119816255 0.009474490680235727 0.011224901927172822 170.08609517888826 -0.009338048555243906 0.999882630967644 -0.01214599268904829 0.25123321515526587 -0.011338661565829937 0.012039863602742087 0.9998632288659899 0.8613291869870378
0.9999090000078716 0.00896810807794558 0.010077933357601652 171.66757255538755 -0.009007120695183638 0.9999520911150525 0.0038323949973999663 0.2652491800654956 -0.010043081202517854 -0.003922819411595306 0.9999418723144978 0.9311115605245804
0.9999087932386121 0.00907016550004477 0.010006862740341 173.42656554281612 -0.009120854470127853 0.9999457457139737 0.005031465219977931 0.2765456037386764 -0.00996068360289474 -0.005122277455087377 0.9999372715604895 0.9332754040529576
0.9998540899554376 0.010093964389669797 0.013780808477147025 175.33379378324696 -0.010171702562886064 0.9999326829426763 0.005582656180808276 0.26614533694581355 -0.013723529660983957 -0.0057220159001017965 0.9998894555238009 0.8825827878859577
0.9998203378745976 0.010083240703315958 0.016050552303414314 177.44749178453512 -0.010137800005228273 0.9999430947460417 0.0033214877333583846 0.2539872131334891 -0.016016147582350752 -0.0034836082770381815 0.9998656647220129 0.8735997039581609
0.999809724101011 0.0088627094010706 0.017377225760525 179.36561265416813 -0.008871428507831593 0.9999605579019396 0.0004247312937829546 0.25739894300222443 -0.017372776096252204 -0.0005788112936531484 0.9998489144006687 0.8500302862464448
0.9998146896614128 0.007598701724826258 0.017687455140576427 181.3518110949318 -0.007512662772951807 0.9999596474843383 -0.004925779233574788 0.24334373731009212 -0.017724170934424126 0.004791986549974345 0.9998314311070603 0.8345651381534794
0.9998813657785504 0.005475103784858357 0.014397138860406692 183.55134079263888 -0.0053728851750210055 0.9999601536152999 -0.007129045277017282 0.24202767633114636 -0.014435597449251705 0.007050845354335367 0.9998709412249525 0.8194988455823258
0.9999525839030022 0.004323136734305366 0.008725848639861684 185.6340187497508 -0.0043494925273807605 0.9999860297112872 0.0030037138696647984 0.2267214013722909 -0.008712741271467633 -0.0030415244587307343 0.9999574177276267 0.9105487001192752
0.9999552862377367 0.004198856479760879 0.008473200662602291 187.66055754757258 -0.004235759910027949 0.999981602186711 0.004342076241080226 0.2249248657029854 -0.008454813019278064 -0.004377772534191726 0.9999546745950278 0.8671001679765844
0.9999442125442007 0.004253549782408913 0.009668459732903208 189.78529836064942 -0.00431809411741784 0.9999684672960293 0.006664718810488133 0.21702169546121627 -0.009639806146978432 -0.00670609632187922 0.999931048827653 0.8508367148022088
0.999893508869436 0.005211588231164272 0.01363122404173742 192.0184104326026 -0.005360977725014731 0.9999257210832238 0.010945877490035786 0.15778556225176968 -0.013573166122874429 -0.011017788539619296 0.9998471770711247 0.8066704700720632
0.9998609667413254 0.005999761967377227 0.015557957559941233 193.97762091448362 -0.0062067319778768325 0.9998924313384069 0.013289177187631495 0.1233127797667064 -0.015476552111401295 -0.013383893622719733 0.9997906519498164 0.8653624284515103
0.9998361771493317 0.00679410301350644 0.016776740674281438 195.80123067730514 -0.007066250292940142 0.9998435414856889 0.016216061672086245 0.10114478000909408 -0.01666394221688703 -0.01633195375934073 0.9997277530989099 0.9243151386507924
0.9998073627068953 0.007162345661911626 0.018273978266978408 197.68093398243292 -0.007434533716347707 0.9998617862801532 0.014870643734609309 0.054600726360318215 -0.01816494386182332 -0.015003637601611204 0.9997224243124769 0.873833654903552
0.9998213442878205 0.008092892499547276 0.017081703588525274 199.5739547175364 -0.008131392224164959 0.9999645511632612 0.0021856068617713237 -0.024878833000902954 -0.017063410180624957 -0.0023241144223561144 0.9998517082673608 0.8501474995034108
0.999787161972806 0.00933920440480244 0.01839592388132801 201.55058201001404 -0.009503432847664316 0.9999155860211077 0.008860338378109086 -0.06361175418633862 -0.01831162249698891 -0.009033276988445364 0.9997915204623301 0.8515107424777107
0.9997659399777353 0.00600748806466533 0.02078401663751045 203.50728613751562 -0.0060803676673386545 0.9999755798895335 0.003445105748937332 0.18185981137979174 -0.02076281265785997 -0.003570673850169178 0.9997780533192306 0.7281263172541393
0.9998111109633755 0.005421496367869421 0.01866413060697011 205.33806911209342 -0.005402971187510574 0.9999848600812004 -0.0010428378249407622 0.22862398377671328 -0.01866950177502845 0.0009417990843992598 0.9998252660930093 0.8620261945035986
0.9998270907876777 0.005955627869063124 0.017615874197272303 207.10123302755736 -0.005797981773273894 0.9999428099650371 -0.00898666826930232 0.19777452761865738 -0.01766838799680574 0.008882977874054404 0.999804441263232 0.8589234200345751
0.9999107694942011 0.0056674913180321685 0.012096800885961786 209.08533443614186 -0.005522690676776453 0.9999131034998539 -0.011970185336031277 0.22675301381138666 -0.012163590637769029 0.011902310340867514 0.9998551805493365 0.9237673566023445
0.9999002866322235 0.006959038564113912 0.01228774084445142 211.10182980730121 -0.0069341118625415145 0.9999738162050884 -0.0020700234080612365 0.17316828806671217 -0.012301824477490538 0.0019846124295024963 0.9999223602000457 0.7397300155999925
0.9998920094424091 0.00962102635052485 0.011108794047242639 213.14620875854638 -0.009673253317687244 0.9999423672669979 0.004657286197380296 0.12620363914006696 -0.011063345943854405 -0.004764241433319974 0.9999274495582626 0.7356607839265755
0.9998227907846292 0.009467775853128043 0.01627108625846485 214.84740187164203 -0.00949121454930399 0.9999540272640166 0.0013638932705461728 0.21367202331964155 -0.016257425196339007 -0.0015180839467191715 0.999866686887365 0.65606308621556
0.9997798379944132 0.010636824628579322 0.01808683227339756 216.3051629067153 -0.010748663432114383 0.999923640408226 0.006097506636642243 0.2026094005888602 -0.018020593061503113 -0.0062905734700118955 0.999817826862039 0.7508435297124642
0.9998059889142562 0.009808929747677423 0.017081259566889554 217.90422327122874 -0.010088105737960698 0.9998156777392984 0.01633525847139384 0.1982088516669218 -0.016917879707754498 -0.016504406802810234 0.9997206559345873 0.867757084488283
0.9998733013168739 0.007818131357238585 0.013865718004376084 219.7474797310312 -0.008068425826776133 0.9998038396042209 0.018088195524568335 0.22730958261310216 -0.013721582211018095 -0.01819777829126855 0.9997402457873185 0.9712973634394726
0.9999071164194366 0.007202604648061579 0.01157069661044643 221.56700138861206 -0.007282481473183156 0.9999498408535573 0.006876135581710793 0.1988385972941533 -0.01152059014807917 -0.0069597602853149225 0.9999094147668632 1.0094340766363032
0.999898752154644 0.006850094071748181 0.012472435640008479 223.36145050927377 -0.006875357053682055 0.999974396763797 0.0019837545878609053 0.18751422628694922 -0.01245852739975065 -0.002069306185337297 0.999920248353308 0.9616626670424304
0.9999108527054964 0.006741046883442754 0.011525837439521153 225.32864616938264 -0.00687940428189752 0.9999042494912163 0.012006899938527334 0.1989345855437529 -0.01144379475931174 -0.012085120451316335 0.999861485119406 1.060899270884437
0.9999154449257969 0.00809416847808161 0.010177791287603764 227.23562243521695 -0.008284259941818561 0.9997893990172011 0.018775746324453047 0.14512983546690453 -0.010023673780704028 -0.01885847420848945 0.999771915946065 1.1325410502516222
0.9999276156745438 0.006703246984576283 0.009991490944080084 229.0144525884445 -0.006934552030645211 0.9997045090708193 0.023298208763905613 0.18432603094921265 -0.009832364901494438 -0.02336580885259534 0.9996786301492634 1.143029122433317
0.9998947690129267 0.00733926424090431 0.01251343681760325 230.65156911126502 -0.007593768508271596 0.9997627785633876 0.020413752204279427 0.12161780873734165 -0.012360646440568867 -0.020506628187420863 0.9997133052130267 1.0016702786345633
0.9997853870259786 0.009352637673744722 0.01848534711217501 232.3152306519955 -0.009631820388161343 0.9998400180562927 0.015072037991010317 0.016687331366194855 -0.018341426480079068 -0.015246850879309791 0.9997155223427012 0.6638631769912975
0.9997492058420899 0.011845549176503722 0.01900548296722988 233.97265074856307 -0.012097700080415361 0.999839589468991 0.01320761080755655 -0.11256564628540332 -0.01884598288428999 -0.013434221048747051 0.99973213944233 0.6187099586398298
0.9997778768178198 0.010840900096729788 0.01807406735477991 235.46307192658657 -0.011159232775291211 0.9997827291354675 0.017605852615065094 -0.10086377431602186 -0.017879277097222448 -0.017803634671865524 0.9996816303418562 0.6698417557796
0.9998164883088384 0.007977654021241804 0.017416852244303883 237.01313639726132 -0.008275270823544671 0.9998198258637053 0.017083199427121477 0.02745269924922708 -0.017277430323388344 -0.01722419362951943 0.9997023644841665 0.7054699823611563
0.9998472505262318 0.007029332054597069 0.016002003187130256 238.73198491923569 -0.007345129676231699 0.9997777234505423 0.019762407800934054 0.044315064455581275 -0.015859529790446282 -0.01987692589203101 0.9996766392848783 0.767121184435116
0.9998198691960162 0.007159479447603253 0.017577571359560545 240.41806404728928 -0.007559307017659632 0.9997117770713392 0.022786392041694203 -0.0004562916141227936 -0.017409366394957007 -0.022915161769107583 0.9995858188884144 0.7408405051174827
