1.0 8.809142651444726e-20 8.673617379884037e-19 -5.551115123125783e-17 -8.809142651444726e-20 1.0 1.7347234759768075e-18 0.0 -8.673617379884037e-19 -1.7347234759768075e-18 1.0 -5.204170427930421e-18
0.9999993011580781 -0.0003480319849955573 0.0011298482609536818 1.3160940844717768 0.0003481171165631284 0.9999999365833229 -7.515200288644408e-05 -0.058402083065748844 -0.0011298220340017183 7.554526988583102e-05 0.9999993588973364 0.018140396604628333
0.9999976844684006 0.0012037922336848642 0.001783799903291163 2.5652097675998258 -0.0012028053760217308 0.9999991230587825 -0.0005542029350592417 -0.11574037075546209 -0.001784465484192614 0.0005520560876714074 0.9999982554569841 0.031373844761168695
0.999998076981022 0.00036355733164700806 0.0019271378581966181 3.897466215932887 -0.00036260070872061364 0.9999998108940518 -0.000496721840377596 -0.11854557392982597 -0.0019273180806302446 0.0004960221036188856 0.9999980197015835 0.047730326064239124
0.9999976514442392 0.0007893509477420332 0.0020184229207372306 5.215031612824197 -0.0007876940271921637 0.9999993522869329 -0.0008215618259456439 -0.10149970709070485 -0.0020190701139842695 0.0008199699967828722 0.9999976254997204 0.04567872134898219
0.9999971888530161 0.0004470785963121408 0.0023286061912365743 6.544369786013408 -0.00044445319769773067 0.9999992652070951 -0.0011278504443471868 -0.10905125475086143 -0.0023291087179867754 0.0011268123173259381 0.9999966527676887 0.046798645478064144
0.9999952131325184 0.0005527904485863105 0.003044361143056453 7.881511568301972 -0.0005458980510385983 0.9999972873445893 -0.0022643539433757093 -0.09895108453674717 -0.003045604597985843 0.0022626811933987986 0.9999928022573211 0.06076804944774885
0.9999952861557941 0.0004211064823325632 0.0030414364241305946 9.213982486930568 -0.00041376586289003755 0.9999970012681996 -0.00241376312412631 -0.09368674085375074 -0.003042443754976855 0.0024124933034565376 0.9999924616776162 0.05858403031012682
0.9999956259020258 -1.462598291338104e-05 0.002957695538098731 10.537186541898995 2.1808615753985373e-05 0.9999970511020042 -0.0024284381152805045 -0.09270542139032258 -0.002957651297861907 0.0024284919962997724 0.9999926773359014 0.058200422682085265
0.9999972673466092 2.731133100589994e-05 0.0023376384248255935 11.870136055638667 -2.4057801072333657e-05 0.9999990311302922 -0.0013918188456879966 -0.05858488406607901 -0.0023376741723837306 0.001391758803889305 0.9999962991365996 0.05956899948113057
0.9999975763119756 -1.330523936102792e-05 0.0022016341987677354 13.202422923854648 1.4229592113610588e-05 0.9999999117687389 -0.0004198333396828873 -0.07445605649668556 -0.0022016284185316973 0.00041986365049448144 0.9999974882702565 0.07106857574070267
0.9999976130635195 0.0001055677295638384 0.002182366311537408 14.536889479422369 -0.00010589425763515716 0.9999999832171657 0.00014950610191009027 -0.0624470928141527 -0.0021823504918913814 -0.00014973684510896982 0.9999976074597416 0.06683902398396421
0.9999964250332314 0.0007108039321311606 0.0025777273957994064 15.883318387086858 -0.0007108565380002722 0.999999747151496 1.9491706688491735e-05 -0.0398788167714792 -0.0025777128892431325 -2.132403137877448e-05 0.9999966774652536 0.0794597055661196
0.9999870266380002 0.0010253213204959618 0.004989516197098414 17.21605602666282 -0.0010208177771821579 0.9999990693944792 -0.0009050642195144336 -0.043291890399634714 -0.004990439535467781 0.0008999590909551444 0.9999871427107838 0.09041515764561206
0.9999769064170393 0.001132412982682018 0.006701065097766934 18.577550331696923 -0.0010909785252923713 0.9999802856609967 -0.006183692683884722 -0.04969909904616621 -0.0067079354845740605 0.006176239162146472 0.9999584279715565 0.11646449837930384
0.9999813266148072 0.0010697519325904114 0.006016814148119277 19.912649554267986 -0.0010256068222332636 0.9999725706412808 -0.007335263847677883 -0.05494697681699666 -0.0060244960234427745 0.007328955987832143 0.999954994913167 0.12710134103197623
0.9999906285266683 0.000957439360435632 0.004222104772498596 21.29344000193884 -0.0009238980801180543 0.9999680587096262 -0.007939015860881452 -0.055219192614787124 -0.004229571039292399 0.007935040666112664 0.9999595721120182 0.11405539400482687
0.9999943143419008 0.0013980917105962036 0.0030686517300669513 22.63764795464095 -0.001379780856322097 0.9999812805939664 -0.005961096077040065 -0.04312174220311738 -0.0030769284457406176 0.005956828117374008 0.999977524102477 0.15208974332468345
0.9999879168535185 0.002062471837576028 0.0044623263977094894 23.99802115627156 -0.0020452763893824403 0.9999904793698884 -0.0038546094577803663 -0.04024627607704606 -0.004470233937001945 0.0038454361911467055 0.9999826146633991 0.13994541801649032
0.9999585228002331 0.0029853999502846623 0.008604653759003482 25.380245753766463 -0.0029510573861399256 0.9999876411580586 -0.0040010987797531586 -0.0419226293984201 -0.008616492295545874 0.003975539998349101 0.9999549745574758 0.1370396763733321
0.9999470025502654 0.0028134960848543006 0.00990334945965707 26.762302412262095 -0.002766519929566712 0.9999848729598549 -0.0047539687569404 -0.0487794190529427 -0.009916574923777396 0.004726318995070558 0.9999396599048054 0.15249242499224128
0.9999492020489863 0.003120803227884483 0.009584044491147865 28.130227376134798 -0.003027555797158123 0.9999480928811266 -0.009728589275584409 -0.05158110354366009 -0.00961390802382518 0.009699078853723559 0.9999067459727926 0.17953714900623433
0.9999713695594238 0.0028799755061548822 0.006997556897537112 29.491161178904868 -0.0028156269543655773 0.9999538219440325 -0.009188374414222841 -0.04187246808088779 -0.007023696057217404 0.00916840883719977 0.9999333017622174 0.17940383558849693
0.9999799541284453 0.0034342629957870383 0.00531950927699986 30.882720167075647 -0.0033850547918980772 0.9999516540695128 -0.009232059775662754 -0.04499972233009407 -0.00535095742163658 0.009213867880609652 0.9999432343355049 0.20828049707707158
0.9999851104038366 0.0039159718783559425 0.0038005440235151858 32.27039407121748 -0.0038862857501630026 0.9999621272513539 -0.007787223254503174 -0.029733304409513807 -0.003830894633741778 0.007772337305812225 0.9999624568048092 0.1673500704188299
0.9999871197378277 0.004635918051719033 0.002066064437841517 33.647964913454516 -0.004621875079656452 0.9999665326976197 -0.006750685553959915 -0.0389752414550158 -0.00209729091725932 0.006741049511621912 0.9999750795006295 0.2014117542746815
0.9999849711235542 0.0048969439971263086 0.002465251815402873 35.039819061410995 -0.004881188589355527 0.9999678810779052 -0.006356949781088611 -0.03013592840048046 -0.002496302261242406 0.0063448208842445475 0.9999767555913324 0.20527073981073357
0.9999849196659927 0.00421995365054841 0.003514602649725767 36.436823142396264 -0.0041978153141292215 0.9999714526449754 -0.0062826938239805485 -0.038794337066798315 -0.0035410149938539404 0.0062678454260331196 0.999974087327531 0.22817409779564346
0.999981330593637 0.004045239877382327 0.0045797924094352635 37.8397273210687 -0.0040197248857814566 0.9999764261341069 -0.005566775359366223 -0.02325181186317239 -0.004602203387695323 0.005548261925454988 0.9999740179192581 0.21352637119611123
0.9999815451602797 0.0036003137749496734 0.00489357533726778 39.234883096278054 -0.0035778258558722435 0.999983035951533 -0.004596408521899068 -0.027388528936327525 -0.004910040835335271 0.004578815335547171 0.9999774627205947 0.20128916417281173
0.9999761833652195 0.004062785397112382 0.005579110784510723 40.63511144969756 -0.004056037511147737 0.999991029705541 -0.0012202738053290589 -0.014345151333258295 -0.005584018448840936 0.0011976156598926808 0.9999836920943732 0.24288168925045597
0.9999758020078781 0.004010753595942929 0.005684123001297188 42.05615595512621 -0.004023304746549958 0.9999894899838587 0.0021983950369560035 -0.00911434148231502 -0.005675246040272921 -0.0022212107992613107 0.9999814287300377 0.252607000177767
0.9999767661807968 0.003795754828118491 0.005662097127473792 43.44075836959594 -0.003805882616824372 0.9999911751725795 0.0017789981647727837 -0.004339292740240814 -0.005655294519570655 -0.0018005061088832842 0.9999823877557289 0.24427620570719705
0.9999770887876867 0.0034365006806205546 0.0058320118977192754 44.87337400968384 -0.0034484680048928185 0.9999919666844216 0.0020431923653586575 0.0023833640032837836 -0.00582494361537305 -0.002063257059778017 0.9999809063188072 0.2591891570250005
0.9999845453053012 0.002346912931456706 0.005039955380955123 46.27892456879212 -0.002356274056204247 0.9999955085637751 0.0018522485925984526 -0.012606909559338497 -0.005035585678142712 -0.0018640954827705196 0.9999855839085428 0.2797221564252728
0.9999846844065989 0.0013589453724246628 0.005365092702783622 47.712613138364944 -0.0013637042947412103 0.9999986799060269 0.0008834572996636124 -0.009413797613870071 -0.005363885050147966 -0.0008907601689512942 0.9999852175324844 0.2781162819124712
0.9999822175559445 0.0004108383648613869 0.005949435581089033 49.10377605677158 -0.0004201769089024714 0.9999986816486751 0.001568487257458977 -0.008843483727126893 -0.005948783342902593 -0.001570959181374246 0.9999810718528575 0.2974661399427757
0.9999817039317245 -0.0006163138077961391 0.00601763733498663 50.5341868333851 0.0006035193110427664 0.9999975542179343 0.0021277505941065156 -0.005102359789675329 -0.006018933979227852 -0.002124079904297856 0.9999796301516916 0.3038633195390058
0.9999802663370403 -0.0017131712107954747 0.0060441691657820975 51.985565915407065 0.0017019187298736448 0.9999968100796864 0.0018663609213069418 0.0029221492317781776 -0.006047347281163433 -0.0018560374064597904 0.9999799921578466 0.2999061305425957
0.9999714569656146 -0.0026549339099237535 0.007073653935552941 53.39832173327445 0.0026346959465093165 0.9999924141015697 0.0028688179768673527 0.013645599439821207 -0.007081216797660837 -0.002850099164746182 0.9999708662273195 0.31925956309250053
0.9999633636508386 -0.0035635299129203094 0.007782840783439605 54.85387637476987 0.0035462868812805378 0.9999912294558357 0.002228196751062837 0.025547867404641836 -0.007790712769465077 -0.0022005149318992576 0.9999672307273764 0.33092372388453445
0.9999544212690477 -0.003866731931442312 0.008729476997764348 56.24325583793488 0.0038837361821442043 0.9999905923249407 -0.001931800942625468 0.028341554253511474 -0.008721925117291274 0.0019656158792574637 0.999960031389487 0.3288693485366503
0.9999498579303118 -0.00448255457935108 0.008954793665545276 57.680628216340324 0.004502176085447261 0.9999875058618367 -0.0021722179261638016 0.040237069917221466 -0.00894494469770372 0.002212425064552302 0.9999575456686592 0.34737894411749776
0.9999486765861763 -0.004253320618648587 0.009195295387844074 59.127739193819714 0.004274424454455878 0.9999882730443463 -0.0022766355371364247 0.05926183883647779 -0.009185504294151587 0.0023158232879003722 0.9999551307300549 0.3646805048730414
0.9999450528417851 -0.004140927595324296 0.009630369457599321 60.53650900010058 0.004160318534366794 0.9999893570845272 -0.0019943588860950393 0.057177616580554445 -0.009622008466644802 0.002034314706289038 0.9999516380889346 0.37446424899416886
0.9999315702243904 -0.003385826452309284 0.011197814421570928 61.98627765184372 0.0034427485997901965 0.9999812314409317 -0.005067962900081048 0.07827521150036378 -0.011180445011883103 0.005106167360437571 0.999924459498928 0.3844982137318303
0.9999421370495447 -0.0030812600639324663 0.010306715733349155 63.39916688849874 0.0031578656872807524 0.9999674511059485 -0.007424595138705614 0.08070379481462452 -0.010283503152658968 0.007456712753687852 0.9999193202442976 0.38162793955516705
0.9999525748903315 -0.0026028255537148756 0.009384735975652432 64.80020740164358 0.002672634034978736 0.9999687983706326 -0.007433660774354699 0.08812207711119416 -0.009365094634377671 0.007458390196955056 0.9999283311408669 0.389101631853807
0.9999558891876253 -0.001957000272142918 0.00918639368415849 66.25956980069343 0.0020316427476148105 0.9999649436923734 -0.008123042167470673 0.08854994057140549 -0.009170174847383151 0.00814134732358687 0.999924810351771 0.3867770909031828
0.9999589850028981 -0.0013890387440616244 0.008949797949751726 67.63010576549922 0.0014487214671079543 0.9999767353354142 -0.006665582798066091 0.09609379246107581 -0.008940330982946049 0.00667827517362303 0.9999377336227596 0.39313197568793723
0.9999484066563235 -0.000616843605482984 0.010139207535428478 69.10173846655537 0.0006609023689273971 0.9999903524299887 -0.004342609239368476 0.12441270728299925 -0.010136431005973504 0.004349086215916748 0.9999391672574626 0.39796841822118184
0.9999391267201013 0.0001612830305760644 0.011032535611773572 70.44980616510858 -0.00014815755829414182 0.9999992803640259 -0.0011905128173210094 0.13065028514312604 -0.011032719681879178 0.0011888057933630244 0.999938431023234 0.40425345516875894
0.9999265590955245 0.0010784573675580702 0.012071178280966408 71.91006184910069 -0.0011128762817252246 0.9999953337972999 0.002844976275537725 0.14339677676045984 -0.012068053768776838 -0.0028582010659082024 0.9999230934251397 0.4216370998923607
0.9999267722552677 0.0015892226500390132 0.011996853692962153 73.26229484361693 -0.0016626298675663299 0.9999799431419855 0.006111380832113251 0.15058115202177452 -0.011986900728929602 -0.006130879636744459 0.9999093591550159 0.41776004769606867
0.9999329470490896 0.0019527471554338716 0.011414384971145348 74.66510939550754 -0.0020531025404838315 0.9999592866256068 0.00878691420043012 0.15551333364190048 -0.011396761631306618 -0.008809759914685905 0.9998962455947941 0.4139999854912598
0.9999297027780005 0.002827566622010413 0.011514962843949969 76.11885164593228 -0.002935886287960923 0.9999515011385162 0.009400847968795069 0.173464864218989 -0.011487822857426847 -0.009433993736818354 0.9998895087399258 0.41491607749676884
0.9999246576422052 0.0032764452121094778 0.011829790610618597 77.48037048901435 -0.003396574163786889 0.9999427287754554 0.010149012417275432 0.17628235765752628 -0.011795860420882 -0.010188428527901661 0.999878519421766 0.41332921359100355
0.9999187776847629 0.0033319244111955485 0.012301882503415518 78.91146154291066 -0.0034489736533941896 0.9999488706864966 0.009505818930447722 0.1703560384999609 -0.012269580846465553 -0.009547475714467396 0.99987914424361 0.4357826049308667
0.9999363707439977 0.0029250293408739454 0.010894891769876918 80.26637568997373 -0.003020614106384241 0.9999570046130231 0.008767258167223136 0.17182810052045788 -0.010868778852411056 -0.008799609576876396 0.9999022134776739 0.4270430251924002
0.9999355187536735 0.002766825526934269 0.011013764630021194 81.67094125423483 -0.002862125778596679 0.9999585223207684 0.00864649490213185 0.17875171748019014 -0.010989384461811014 -0.008677460145031185 0.9999019627516399 0.4473771955229419
0.9999320092784162 0.002366821649167684 0.011418186183027054 83.05054533644265 -0.002470615440954767 0.9999556812309908 0.00908469224618583 0.18568983739472142 -0.011396178296786807 -0.00911228451849613 0.9998935410287846 0.4431379833162895
0.9999429368838438 0.0021706050608773916 0.010459992819444161 84.4056231832028 -0.0022574780777964943 0.9999630009999982 0.008300627916357863 0.19666977854556944 -0.01044158842520611 -0.008323767461146705 0.9999108400884608 0.4355000068792734
0.999943792351994 0.0013168551883802082 0.01052036259475005 85.79791811754804 -0.0014114967865354474 0.9999585597907802 0.00899368544981854 0.20151430596265474 -0.010508083247375802 -0.009008029393908178 0.9999042132088977 0.4363647157896622
0.9999347426740264 0.00022661122342247062 0.011421866781838838 87.16085062666019 -0.00032323791877169683 0.9999641726279473 0.008458662882080357 0.20831695250978682 -0.011419540738423882 -0.00846180287280641 0.9998989908893124 0.4480856160330221
0.9999234374089235 -0.0009633723422581416 0.012336581133070356 88.54990129948409 0.0008675622733121671 0.9999694419043292 0.007769336731422574 0.2065730378468909 -0.012343688914768584 -0.007758039138498764 0.999893717438359 0.45118499864038575
0.9999171078389479 -0.002071532207801833 0.01270772227056223 89.88350661467422 0.001985289443336008 0.9999749395410957 0.006795507016263559 0.2027687957417206 -0.012721480920863034 -0.006769715215128944 0.999896162048383 0.455891718755648
0.9999051863551986 -0.002826654045306932 0.013476955401112586 91.25864784355103 0.002754769788937436 0.999981897159487 0.005349448263400453 0.21207573214009223 -0.013491832469512263 -0.005311815153127081 0.9998948720122498 0.4653002982628606
0.9999078781489605 -0.0031890751575722755 0.013193370126051138 92.64035134688082 0.0031274176839972533 0.9999841050601361 0.004691362883921486 0.2206308209091215 -0.013208121527054651 -0.004649669527844987 0.9999019582434112 0.4771676463744045
0.999910401584708 -0.0033767214315005745 0.012953244963403264 93.98736214968768 0.003321403466062214 0.9999852831594357 0.004289725347703773 0.22785550972554586 -0.012967539540079192 -0.00424631804239238 0.9999069015170159 0.4795443259857596
0.9999150826520374 -0.003705220898894049 0.01249395145897955 95.37879908762586 0.003662828797281289 0.9999874634270638 0.0034141871519409424 0.2444299965959873 -0.01250644514523393 -0.0033681340230267676 0.9999161187334826 0.47206347113473146
0.9999205400723662 -0.003479486427026956 0.012116382116445622 96.73797790694084 0.0034415468670226574 0.9999891143465874 0.003150705236853469 0.25002493351975347 -0.012127213057816486 -0.0031087557851308505 0.9999216300995387 0.4749702930319487
0.9999282099007223 -0.003213767817657768 0.011543255223353534 98.06141734753307 0.003157225545348317 0.9999829461355404 0.0049131827709472 0.26052537377324214 -0.011558848194915072 -0.004876385392800656 0.9999213038504119 0.48582222372313577
0.999925488348052 -0.0029853407597009033 0.011836616596740544 99.41210834478674 0.002907886783974551 0.9999742850639577 0.006555410382133305 0.28461432012461735 -0.011855882352712151 -0.0065205023867079 0.9999084563610129 0.479504064623414
0.9999143702534103 -0.0027738961290564856 0.01278896637696063 100.79075533920407 0.0026905655425944024 0.9999750699422522 0.00652842638380889 0.2827749670576982 -0.012806756723965196 -0.006493457804052767 0.9998969056797606 0.48033313875731304
0.9998906516966533 -0.0028903622891847383 0.014502774061522877 102.07242627344938 0.002792534336647703 0.9999732436892296 0.006761187589434232 0.3029793111135053 -0.014521928302431656 -0.006719948770499271 0.9998719697475777 0.48986673981060913
0.9999089873805491 -0.0026960176443341245 0.013219245230585692 103.46623323678068 0.002605794286721948 0.9999732279510876 0.006837632427801844 0.3079282717875042 -0.013237325701976617 -0.0068025634832671105 0.9998892430356054 0.48649395315791094
0.9999370172321271 -0.002195037404494963 0.011006515329998409 104.76756173512554 0.0021212657456820615 0.9999752394699838 0.0067097450462032734 0.3084515352599783 -0.011020970944196245 -0.006685974703939691 0.9999169145192541 0.48783660909914556
0.9999512683222698 -0.002653615807320044 0.009508906552861303 106.07088328250998 0.0026010848888008194 0.9999813126914606 0.005532506237176956 0.3281726381669041 -0.009523410002995747 -0.005507503155722299 0.9999394842043715 0.48844064927072484
0.9999369696760091 -0.002130559979505881 0.011023492610513216 107.43216393875818 0.0020833221814876954 0.9999886067216248 0.004294903448492166 0.33146677638736033 -0.011032517566196436 -0.00427166725266335 0.9999300157586201 0.49991208555787714
0.9999167920079066 -0.0016977481000820791 0.01278775633195829 108.76867820393699 0.001687197399829116 0.999998227395345 0.000835805660291788 0.3375076392738426 -0.012789152651793687 -0.0008141606453480864 0.9999178839869265 0.4958685587704901
0.9998962422660405 -0.0008718446568031422 0.014378615689489825 110.11191773472625 0.0008837286531630952 0.9999992731706077 -0.0008201718868116051 0.35206616093284926 -0.014377890176212145 0.0008327935823127948 0.9998962859861666 0.5194604019563939
0.9999091551201031 -9.124856752027066e-05 0.013478619391480835 111.42177154211728 0.00010090486293814817 0.9999997387690273 -0.0007157374419795861 0.3534775739182092 -0.013478550560431677 0.0007170324791399246 0.9999089031202861 0.5008699762627681
0.9999448494737015 0.00101888237959263 0.010452745558600504 112.76278336304844 -0.0010269243146017492 0.9999991808475965 0.0007640226357638214 0.3454348889214403 -0.010451958547007667 -0.0007747146780818274 0.9999450766815641 0.513758657851847
0.9999581642460428 0.0019664882021341867 0.008933234679285309 114.1092869855062 -0.002002119025317952 0.9999900700222546 0.003981378692690702 0.3484295543536782 -0.008925316638236345 -0.003999097527820331 0.999952171827168 0.5170136330713712
0.9999606202925099 0.003289860451331217 0.008242249840287496 115.40911073866341 -0.003345533638332131 0.9999716223667102 0.0067499530342263634 0.36527521277421243 -0.0082198095412084 -0.006777261947146522 0.9999432501155282 0.514569489250011
0.9999348937930308 0.004916067296081824 0.010297594741514803 116.77998244967254 -0.004989821218586018 0.9999619971483578 0.007148842093244515 0.3752579158894011 -0.010262059214730118 -0.007199759815993213 0.9999214237125161 0.5304483751554213
0.999906219403435 0.005267312073437165 0.012641511849876023 118.07561497261614 -0.005365006623412387 0.999955911190328 0.007706645148930286 0.39285437890273484 -0.012600361195627453 -0.007773744209955237 0.9998903938925996 0.5178421266228654
0.9998923919526039 0.006204112378714364 0.01329336318967208 119.44803668507707 -0.006307698061764256 0.9999499608749559 0.007764579276160903 0.3814170237845036 -0.013244525679006436 -0.007847594266171966 0.9998814918797986 0.523053092774141
0.9998902622228248 0.0073455854888965656 0.012864909086188323 120.76908930571108 -0.007440252608521141 0.9999454831149327 0.00732621588307473 0.3853265207965131 -0.01281039238633903 -0.007421130093815516 0.9998904043319141 0.5271980267029865
0.9998817934028329 0.008597300326020511 0.012746985864846044 122.08434498781604 -0.008715821472588222 0.9999190311843729 0.009271759884887735 0.3817918341064136 -0.012666241652216624 -0.009381764354813596 0.9998757666930419 0.5237113665842441
0.9998771805988393 0.009767447573702997 0.012256454854933926 123.44066401971337 -0.00990060956179257 0.9998921065705578 0.010851412267402355 0.37574654390121565 -0.012149141863564333 -0.010971425877576364 0.9998660041056461 0.5159367571194428
0.9998689081732388 0.010980537485391921 0.01189933884663745 124.78148485524508 -0.011127498159933497 0.9998617530391496 0.012355306316696086 0.37625714470468147 -0.011762025895051792 -0.01248609650814122 0.9998528652460988 0.5167030516495383
0.9998655210500834 0.012046031889686983 0.011128024575717875 126.12102307533586 -0.01219038736959935 0.999841226202037 0.012996801244394209 0.36536724801571313 -0.010969697854738267 -0.01313070837844701 0.9998536143988559 0.5203507306474017
0.9998589972194213 0.012979751481057074 0.010654188418795951 127.45788757532021 -0.013108758628128178 0.9998405062735892 0.012129404841218999 0.3565908243679105 -0.010495052482131001 -0.012267357745770216 0.9998696744112877 0.5226142815486223
0.9998389084689541 0.013966884632635158 0.011273120476126679 128.77732185140619 -0.014108488163558088 0.9998213193672584 0.012580934005616046 0.3532588516848365 -0.011095389733999794 -0.012737954010498893 0.9998573082466704 0.5195809338237153
0.9998181947531243 0.014799297020691382 0.012023237845818043 130.13767469473188 -0.0149522205469283 0.9998071672196054 0.012730258325103607 0.3400523087885913 -0.011832520497331552 -0.012907718001304866 0.999846679383734 0.5385454482344023
0.9998124961485333 0.015142145179045234 0.012070127779591416 131.46059081637023 -0.01526986244634437 0.9998276409824229 0.010560285431416138 0.3167296189139322 -0.011908142009090635 -0.01074261452812932 0.9998713879229625 0.5227324952539909
0.9998093618710442 0.01512562898900119 0.012347277542134985 132.80908358365997 -0.015247633373244886 0.9998352549096569 0.009847472582177219 0.30014874995505336 -0.012196294172023437 -0.010033862039549384 0.9998752782327608 0.5393247117382303
0.9998002477211989 0.015018913885395783 0.013186996713893518 134.13054554006717 -0.015147530692706669 0.9998381384567994 0.009708202776801676 0.29154818930524856 -0.013039055584768483 -0.009906013978642271 0.9998659179692606 0.5471871568199833
0.9998090607866948 0.014381130660714173 0.0132297033128736 135.46199673878613 -0.014481486553293472 0.9998668488032644 0.007521383611859317 0.2621860760199487 -0.01311977576157353 -0.0077115332554189425 0.9998841951640282 0.5460241352603198
0.9998303866874033 0.013341143894004731 0.012696918370890516 136.80415423223315 -0.01344307795154428 0.9998778176800182 0.007977052502840466 0.2506937425926429 -0.012588944026656914 -0.008146385151944976 0.9998875711284994 0.547564237290711
0.9998265309615892 0.012373250106866131 0.01392158996333263 138.15579607211535 -0.012466892375137878 0.9999001065286908 0.006659846726430673 0.2446459591658712 -0.013837795338165529 -0.006832250412986744 0.9998809107961174 0.5623413464461712
0.9998356400084916 0.011262211004285634 0.014207588539406305 139.49512731979752 -0.01134814441591244 0.9999177120804493 0.005982364592295957 0.2211966379671587 -0.014139044774160562 -0.006142611097449412 0.9998811708107018 0.568874481766008
0.9998484981330078 0.0100510941273001 0.014211132538005846 140.86647715826496 -0.010121077870161367 0.9999369639968669 0.004861256573612933 0.2235018843532327 -0.014161375777612317 -0.005004352063206444 0.9998871995862897 0.565425998934964
0.9998677658784288 0.008794746727882224 0.013678566711163923 142.19593688116225 -0.008868870775163176 0.9999462634563426 0.005367805032982137 0.216820898827694 -0.01363062318651695 -0.005488408666549597 0.999892035912806 0.5569012402871734
0.9998801956163481 0.007819160009062675 0.013358710677531057 143.54112452018686 -0.007891075317594826 0.9999546109069013 0.005339199973763276 0.20544184760412243 -0.013316356278853195 -0.00544397490630358 0.9998965135416136 0.5617787944544683
0.9999102748982167 0.0071295859135968994 0.011340685943683506 144.89932374895542 -0.007166976288746868 0.9999690036140382 0.003259794782545718 0.1802839501731705 -0.011317093436442069 -0.0033407807243835664 0.9999303788666002 0.5584331648508518
0.999930438508016 0.005971676694869072 0.010171392363821547 146.2023783250044 -0.005974017101766406 0.9999821354543355 0.00019972945423211934 0.1921027959333316 -0.010170017936791075 -0.00026047963268353597 0.9999482501037372 0.583428786211477
0.9999013594306041 0.005153828704125506 0.013065582976600475 147.61280020106165 -0.005051928470568742 0.9999566604724816 -0.007820178735207569 0.170079490859039 -0.013105320582044422 0.007753400957700284 0.999884060952084 0.5857292702632036
0.9998874071356602 0.0037016988528884324 0.014542024519615194 148.94242493687443 -0.003485704228877455 0.9998836494283706 -0.014850504093533827 0.15630022269285485 -0.014595304640717536 0.014798142836376585 0.9997839726916204 0.5878034440656009
0.9999280550106092 0.002863008210260359 0.011648518647794176 150.22289746211652 -0.0026715907227310635 0.999861690999746 -0.016415281725837984 0.11563077039315452 -0.011693904639180372 0.016382980654215364 0.9997974047471684 0.5959350064073878
0.9999615491566041 0.0025671133603252672 0.00838511403140981 151.63965513556877 -0.002428280267893967 0.9998604956526849 -0.016525516273567995 0.15453731872109586 -0.008426367145161843 0.016504519446583207 0.9998282838440671 0.5934830859344219
0.9999748620208796 0.0037798184325394052 0.005999024832419772 152.95699451262885 -0.0037020509441195583 0.9999096550101363 -0.012921943983675868 0.1430976634827232 -0.006047325452635836 0.012899410456573154 0.9998985123825032 0.6003355962739614
0.999968626851758 0.004679374291750133 0.006391304127265705 154.31928104855555 -0.004595737565376615 0.999904432375468 -0.013038608519436985 0.145638447733538 -0.00645170585501865 0.013008826700769614 0.9998945674016985 0.6120444307273968
0.9999574978319538 0.005148415854419481 0.007648290256530275 155.6392657093133 -0.005023355058037145 0.999854826139288 -0.016281662996603614 0.14533644621227046 -0.007731004696613918 0.016242550913081383 0.9998381924622688 0.5674238756180183
0.9999286102802657 0.005577783834740168 0.010567055903575387 156.9748401867098 -0.005286455570842587 0.99961058063588 -0.02739964357973002 0.13771753959983976 -0.010715770176421459 0.027341825255305183 0.9995687054231112 0.5644437130596353
0.9999160524781864 0.005595257961079897 0.011686791039017421 158.30246857788632 -0.005236578124692653 0.9995210688431735 -0.030499363733427435 0.11982574959017162 -0.011851845678402848 0.030435604593122355 0.9994664615318848 0.5646898865132287
0.9999168034636928 0.005459019545844212 0.011686969519460199 159.64775397421923 -0.005088591263797477 0.999490978232883 -0.03149429583312679 0.10951671756639102 -0.011852948574118801 0.03143220540580305 0.9994356027645936 0.5669883445083068
0.9999126026190678 0.006475827225342905 0.01152609150187625 161.0360676561112 -0.0061267987780722595 0.9995292119761084 -0.030063545086246875 0.1070626851162743 -0.011715351479794727 0.029990299567815154 0.9994815318311477 0.5643198625290802
0.9999096567009252 0.007728713267554195 0.010997519150509246 162.37012642451566 -0.00741313038979974 0.9995676461639728 -0.028452877535300306 0.11561691916847676 -0.011212668463024912 0.028368780965048555 0.9995346358843676 0.561265520778361
0.9999123150317223 0.008685728413567951 0.0099960176984411 163.70798483977435 -0.008422161208612462 0.999623493625079 -0.026113946338457098 0.11214942784268425 -0.010219072779756139 0.026027468465400393 0.9996089942756641 0.5818397759046273
0.9999148803838044 0.00920831716648379 0.009243315530884132 165.06549856591292 -0.00897084109111294 0.9996367999737805 -0.0254124408174024 0.118725852900416 -0.0094739641734621 0.025327357405410852 0.9996343176230488 0.5635414597397654
0.9999030256915632 0.009530693506236646 0.010154067862055383 166.41602877558404 -0.009263617520717447 0.9996181755664403 -0.026032450281353287 0.11453380639250207 -0.010398298095693549 0.025935862401536846 0.9996095269845129 0.5584349105952452
0.9999052017392542 0.009319083643174237 0.010136183445099393 167.7383742022242 -0.009047111617450913 0.9996064250367126 -0.026554562634403464 0.09646726366906254 -0.010379658287370029 0.02646034212504809 0.9995959748760811 0.5539952383651319
0.9999264761099734 0.008804649858912708 0.008337896326565222 169.13032900849996 -0.008595473970820059 0.9996554950779901 -0.02479937474202411 0.09337378545337671 -0.008553373691564998 0.024725883224676466 0.99965767665599 0.5516274482532665
0.9999481650563883 0.008108187287861704 0.006158287039999127 170.5513260707722 -0.007975363084940342 0.9997414238153887 -0.021295048514686152 0.08890342553579768 -0.0063293588952937595 0.02124483011192191 0.9997542680126402 0.5675176995273099
0.9999592809122179 0.007756219262769942 0.004612762758689488 171.86426224350444 -0.007680282765101867 0.9998383288311546 -0.016258211979549523 0.08527870815117894 -0.004738119264876664 0.016222122637673683 0.9998571862836012 0.5661258782361346
0.9999518831653829 0.008197685927079578 0.005387884505589176 173.22181223291824 -0.008118932168636784 0.9998622015602996 -0.014479669589870639 0.09290121299230945 -0.0055058418471366655 0.014435229005170346 0.999880647812089 0.5596333862831194
0.9999297092344884 0.009013377333641897 0.007702961720837316 174.64799332150503 -0.0089500271117693 0.9999261663935259 -0.008219414592611404 0.09136337795425264 -0.007776477668577785 0.008149895127425217 0.9999365507893399 0.5852691605623939
0.999908002012386 0.009054256066539304 0.010099898944021862 176.00315553619876 -0.008977696770457361 0.999930818383722 -0.007599960997113532 0.08598996268175614 -0.010168012209652248 0.0075085879858641635 0.9999201131261252 0.5876875061734965
0.9999037478094936 0.008143943841465225 0.011232599665066435 177.42410040937955 -0.008030745359318997 0.9999168841068388 -0.010086228583804169 0.0902192981870497 -0.01131380773667143 0.009995051614575708 0.9998860418556306 0.5863285725861207
0.9999171960257008 0.006657287416897134 0.011012793303644653 178.81652020160098 -0.006533617942812011 0.9999156213156513 -0.011227737328262506 0.07245838136772773 -0.011086610333070354 0.011154854243060168 0.9998763205007601 0.5844943849099495
0.9999644595578069 0.004648133169143462 0.007033809729096853 180.15468405305472 -0.004551289474755332 0.9998954874158524 -0.013722245061643887 0.058749715677785745 -0.007096857429891805 0.013689744462799046 0.9998811056876529 0.5780903480354566
0.999988615242817 0.002848149252280652 0.0038285023951951896 181.57290546975892 -0.002800826164218865 0.9999203092291857 -0.012309775132285861 0.08416901756657039 -0.0038632573757270148 0.012298912018806766 0.9999169025502082 0.6055159273444073
0.9999921124095018 0.002429292288866591 0.0031422376990962097 182.9682650625306 -0.0024026715092323493 0.99996142740611 -0.008448128168643865 0.1050679048404947 -0.003162639467452979 0.008440511768273542 0.9999593769112266 0.6124595128569559
0.9999892545909423 0.0020174110059612833 0.004173817854725478 184.29772788734945 -0.001995409764087545 0.999984129353745 -0.00526871715941489 0.12070813429972213 -0.004184380781523473 0.0052603320679929615 0.9999774096768435 0.6092265696359396
0.9999749288022223 0.00254936441123281 0.006606247655740674 185.74513116687936 -0.0025331272777425347 0.9999937533829337 -0.0024650479319922288 0.10117119921829187 -0.006612490694511129 0.0024482516641477154 0.9999751402062973 0.614445588519743
0.9999568956675277 0.0026780923577699495 0.008890142197088923 187.11848004715688 -0.0026746564886823633 0.999996343759253 -0.00039834757883628295 0.11584387589804618 -0.008891176504195394 0.00037455233181705246 0.9999604025614824 0.623183115969715
0.9999510057799474 0.0028361889292519197 0.009483779416937186 188.56623742898495 -0.0028089229766671687 0.9999918872865369 -0.002887094182955295 0.10615853982777614 -0.009491890822311635 0.0028603135261177047 0.9999508601002098 0.6200503956962049
0.9999454904656242 0.0025613461691309995 0.010122035529687667 189.97168833881312 -0.0025240534927692244 0.9999899866663732 -0.0036953647928791838 0.10403729443741613 -0.010131399282824709 0.003669614801132333 0.999941942652564 0.6264556340909005
0.9999390677601174 0.0027850444417799906 0.010681961172208716 191.3398194097649 -0.0027098377954002236 0.9999714869444046 -0.007048551434098389 0.10550599985894916 -0.01070128712585008 0.007019175567958133 0.9999181034605766 0.6249840906143268
0.9999369805575314 0.003207177245538124 0.010758667557027571 192.79087187535745 -0.0031117178325798887 0.9999557497177146 -0.008877827358864698 0.10682294974255095 -0.010786664248846323 0.00884378994544221 0.9999027128945014 0.6235201122629459
0.9999280978931068 0.0035403271793663454 0.011457099429458564 194.14681608612108 -0.0034146164352378463 0.9999339610980905 -0.010973323893990253 0.10501341295544517 -0.011495191972023061 0.01093341328887067 0.9998741525989063 0.6312781507302171
0.9999190691583336 0.004014916053697299 0.012072099345745676 195.60801777361084 -0.0038533259919275214 0.9999030722653413 -0.013379011664984961 0.0931751808264943 -0.012124644833219868 0.013331411156124153 0.999837620048503 0.6204225219267486
0.9999117241408799 0.004416899590127752 0.012531357612945658 197.02526369376207 -0.004210633446309095 0.9998560060684668 -0.016438907956276595 0.0796329200462424 -0.012602162179309746 0.01638469184406103 0.999786340865678 0.6237183727906673
0.9999365594476569 0.004571382963649655 0.01029463635988472 198.44270996234587 -0.00443239410784383 0.9998992670830544 -0.01348367788266188 0.0935731398315962 -0.010355238406495436 0.01343719258514544 0.999856095092176 0.6506713038134267
0.9999792119164075 0.004687470517828755 0.0044275676375584916 199.88047788373683 -0.004648712282889797 0.9999511399623764 -0.008723941887408763 0.11131798922328373 -0.00446824452683362 0.008703178045315509 0.9999521435962624 0.6342613021308583
0.9999687835705756 0.006539301140573126 0.004435022545166827 201.33106803550626 -0.0065469276992032215 0.9999771111895985 0.0017072886711348122 0.11850117195165277 -0.004423756558022226 -0.0017362711476260463 0.9999887078064519 0.6459989995956483
0.9999426701207474 0.0073106932767740265 0.007823697054646795 202.7720577389747 -0.007372288719306587 0.9999418288149482 0.007873267762245796 0.14599948503942878 -0.007765682895221949 -0.007930494942294909 0.9999383988122174 0.650236609442589
0.9999106886229844 0.008544213440483533 0.010276730715189213 204.2066019580063 -0.00862923663199692 0.9999286709546467 0.00825767994190688 0.11767497596023134 -0.010205442305851093 -0.008345622778284992 0.9999130959877386 0.6465005168642585
0.9999101588511861 0.008045987840811163 0.010720835128915852 205.65596011374444 -0.008115718396989127 0.99994609256306 0.006476656758632431 0.11467592507592089 -0.01066814609464313 -0.006563082167235591 0.9999215552288937 0.6467042567656034
0.9999155291929909 0.006667249898647071 0.011157161712994064 207.1138037763519 -0.006712802230184638 0.9999692660771309 0.004050331762010177 0.10329529000508154 -0.011129814235616792 -0.004124885447247104 0.99992955379623 0.662394029165163
0.9999246092562397 0.0056435330121673835 0.01090533534086607 208.5416302779612 -0.005672329761298261 0.9999805022145892 0.0026114872653415144 0.0939474907630682 -0.010890384696384951 -0.002673149041585192 0.9999371249210453 0.6683370939044608
0.9999360970845149 0.005060803683307086 0.010108907629737112 210.02794782904138 -0.00508622382884575 0.9999839637292882 0.0024905042510245732 0.0991388869607122 -0.010096141567470884 -0.0025417612674118743 0.9999458022188549 0.6544636491421354
0.9999359564840443 0.0049885421313179 0.010158611014481284 211.50854794356385 -0.005032293593723962 0.9999781535693937 0.0042858377398673425 0.10068954829378386 -0.01013700900295738 -0.004336684372878975 0.9999392152611698 0.6655977394171488
0.9999327368779184 0.004788866981304245 0.010563544522125278 212.9437398293434 -0.0048400812739936485 0.9999766318111074 0.004827985602102331 0.1021440508187588 -0.01054017709038539 -0.004878789270745905 0.999932548766243 0.6531126922162663
0.9999366434607011 0.004292339386348342 0.01040600245718584 214.38213806697965 -0.004346228349564755 0.9999772339827313 0.0051615710185311725 0.11007468890026122 -0.010383610339375926 -0.005206470862139155 0.9999325343729354 0.6645579484530934
0.99994214374516 0.004026916370310577 0.009974623144773445 215.83219542060493 -0.0040828140975480804 0.9999760410626001 0.005589984777626341 0.11994930950135183 -0.00995187376219112 -0.005630385894035706 0.9999346273448608 0.6717327215596807
0.9999494154582762 0.0037344367664826966 0.009339191971938915 217.3345998368413 -0.003783318418399916 0.9999792091441458 0.005221856106167293 0.10923034691861504 -0.00931949711071268 -0.005256925097969625 0.9999427542175191 0.669705986840686
0.9999487408863765 0.0031624243882856784 0.009618454747964272 218.81743159178984 -0.0032233410373953037 0.9999748056067586 0.006324414935949203 0.10583525206771352 -0.009598211932797893 -0.006355094311950842 0.9999337413568857 0.6868500615167933
0.9999556771216384 0.0030774251412580248 0.008897934968613535 220.28848430401268 -0.0031338643643873568 0.9999750167658098 0.006335987560279873 0.10738911755832982 -0.0088782141420077 -0.0063635916523887125 0.9999403392277613 0.671570994452699
0.9999554196395881 0.002928142998183641 0.00897689879620891 221.77385698687522 -0.00297687058580445 0.9999808831148905 0.0054195614471024695 0.10002654832328424 -0.008960857934961425 -0.00544604290707806 0.9999450203094786 0.6811034999886205
0.9999586210544699 0.0025294061500484213 0.0087383226863723 223.27447364061817 -0.002592333657411556 0.9999707373244012 0.007197520482922942 0.10785397764076536 -0.008719861527095647 -0.007219875305124132 0.9999359166544257 0.6881043908361072
