1.0 -2.1684043449710093e-19 -2.5135375298442207e-37 0.0 2.1684043449710093e-19 1.0 2.3183291766350204e-18 -8.673617379884035e-19 -2.51353752984422e-37 -2.3183291766350204e-18 1.0 0.0
0.999999605191816 -0.0005752605669382756 0.0006772676666057745 1.3273296181958805 0.0005753941431156976 0.999999815046477 -0.00019704971926772806 -0.0051472914502177945 -0.0006771541864095126 0.00019743933731957285 0.9999997512399269 0.014190925790177144
0.9999991949427005 -0.0005967506105383338 0.001119822601905854 2.628292136493784 0.0005974895951637137 0.9999996039050855 -0.0006596937592120932 0.002610928857959863 -0.001119428485696238 0.0006603623104738848 0.9999991554003855 0.02238872222501785
0.9999988872738748 -0.0011179839288187879 0.000987705901274616 3.9520689250911336 0.0011192792573348144 0.9999985130995639 -0.0013118737003340345 0.0010290636455376027 -0.000986237778940667 0.0013129777593055387 0.9999986517113146 0.049421367772926404
0.9999992821437903 -0.0005474319932305861 0.0010658471357157654 5.267740827495107 0.0005495019615738203 0.999997961855411 -0.0019427641694633494 0.012071873158001916 -0.001064781432103527 0.00194334845992984 0.9999975448156186 0.05437341299940499
0.999998422726841 -0.0009066767965680368 0.0015272462200102274 6.589238778037251 0.0009101360174767321 0.999997018817045 -0.002265835265889441 0.005415403617607984 -0.0015251872867494008 0.00226722169384068 0.9999962667477971 0.06502564482824083
0.9999970475945212 -0.0005905832952467283 0.002357119770430185 7.920775030409063 0.0005988708198663178 0.9999936367218499 -0.0035167981957765692 0.013577476411228083 -0.0023550278091542735 0.003518199423011749 0.9999910380182605 0.09094010921650815
0.9999961046970325 -0.0004906559686458215 0.002747698579214166 9.239079726540322 0.0005004207260924352 0.9999935584726474 -0.0035542358263001717 0.02758147591996972 -0.002745936972816462 0.0035555969867929033 0.9999899087291876 0.09902560810680207
0.9999969530955378 -0.0009577355100517693 0.0022752016028468923 10.568429661072269 0.0009649515593121769 0.9999945016254007 -0.0031726309988376698 0.026577202188927482 -0.002272150551568313 0.0031748167914685387 0.9999923789060653 0.11299672648980776
0.9999995206615804 -0.000978592253446411 -3.2152929463014055e-05 11.898578974001339 0.0009785745488168072 0.9999993720746266 -0.0005461155598768803 0.04162995835042791 3.268733372975589e-05 0.0005460838340642685 0.999999850361981 0.12354454840125285
0.9999993457217995 -0.000911505967849298 -0.0006911677390147974 13.22712826408868 0.0009126713649340245 0.9999981593630405 0.0016876911775196286 0.04077309696078735 0.0006896281262457161 -0.001688320882303847 0.9999983369914401 0.1410658638431825
0.9999993929225978 -0.0005587025447284405 -0.0009497399130870139 14.568942881507768 0.0005643652707233355 0.9999820044770554 0.005972622028190643 0.07652658575011002 0.0009463859028947652 -0.005973154402569943 0.9999817127228907 0.14710569561045186
0.9999999385044887 -0.00025026757301498717 -0.00024567694425971074 15.922334374594172 0.00025170240923126 0.999982811357952 0.005857784098421257 0.08972234248779833 0.00024420670799709873 -0.005857845575672591 0.9999828128564486 0.16640269560875265
0.9999964715233997 9.796057375305108e-05 0.002654683498414827 17.25576281594825 -0.00011073577859001676 0.9999884132072028 0.004812607290044663 0.08076034442136319 -0.0026541812933758074 -0.00481288427731656 0.9999848956192263 0.193706463406206
0.9999882305704477 4.782164524308775e-05 0.004851436248716091 18.62154363506713 -4.7227608753796734e-05 0.9999999913743024 -0.00012255997777307058 0.07763447710773948 -0.0048514420678888465 0.0001223294135789979 0.9999882242033536 0.21407594426920573
0.9999928695235042 -0.00022523853565361394 0.0037696378805028305 19.976024527939817 0.00023149674870873944 0.9999985957207759 -0.001659808944290808 0.06679462044706967 -0.0037692587339425957 0.0016606697679752889 0.9999915173962819 0.2328550796710543
0.9999994528601082 -5.668313588325735e-05 0.0010445412899842985 21.3279025381348 5.945392918611382e-05 0.9999964795494778 -0.002652801138629047 0.06934145503330968 -0.0010443872436409565 0.0026528617892596054 0.9999959357815473 0.22721470847638825
0.9999999496218729 0.00020875285280701095 -0.00023912025901840433 22.668837475708408 -0.0002089411348912987 0.9999996679827453 -0.0007876407818683488 0.09207526488898025 0.00023895575736615021 0.000787690704246776 0.9999996612216928 0.2704375727413812
0.9999986892400465 0.0009291058484654031 0.0013260017010484064 24.039103204436056 -0.0009312574322342454 0.9999982494498689 0.0016229161384611489 0.08418331723615928 -0.0013244915189401418 -0.0016241488601469235 0.9999978039289368 0.2500283980560522
0.9999836249248422 0.001553960622086305 0.005507729891488299 25.430545956729354 -0.0015631140860140956 0.9999974038259154 0.0016580156161179781 0.09166823186243526 -0.005505139101484438 -0.0016665976761629973 0.9999834578110075 0.26714213802033765
0.9999773558003665 0.0017006602463011898 0.0065111935337320605 26.807592046614456 -0.001703780693506655 0.9999984363559982 0.0004737266165601568 0.08751937217883188 -0.006510377704518948 -0.00048480953523453784 0.999978689743866 0.28060694068429237
0.9999771794041973 0.0017143250827778645 0.006534658394785158 28.175539778749055 -0.0016887803555371234 0.999990919633046 -0.003912629852879283 0.08213258704926304 -0.006541306577185432 0.003901504961607625 0.9999709943629854 0.3140861135365003
0.9999905813678179 0.0017231623760584163 0.003983451653927848 29.52739606600344 -0.00170806743848123 0.9999913602540986 -0.0037897127573195276 0.09110642894981992 -0.003989947528357231 0.0037828730593461525 0.999984884980837 0.30882880994414025
0.9999952524671732 0.002096865878817189 0.0022579186434741124 30.926236402023275 -0.0020886867402741768 0.9999912711269632 -0.0036187093806323628 0.082901926812469 -0.0022654868826145493 0.003613976115959546 0.9999909033315343 0.3496235206358083
0.9999959256587434 0.0027672867271443594 0.0007005641176484061 32.308244579915026 -0.0027658257246711625 0.9999940162211374 -0.0020779148154457428 0.10539348114879092 -0.0007063101117165667 0.0020759687110533088 0.9999975957370781 0.31633875692703983
0.9999934645105837 0.003532087533624828 -0.00077155283346094 33.68562324679786 -0.003532318211898263 0.9999937169954852 -0.0002978214285540666 0.10808683491546463 0.0007704960544359618 0.0003005448522703482 0.9999996580042525 0.37120453914471513
0.9999927593204642 0.0037801200947809774 -0.00043817657762590737 35.07721226209841 -0.0037802640378268785 0.9999928009369913 -0.0003281432544044504 0.12410956687979818 0.0004369330022551749 0.00032979730158292064 0.9999998501616345 0.35269928184448945
0.9999948937057084 0.0031140841807471564 0.0007176644231201039 36.47380073664558 -0.0031139889113353278 0.9999951425697073 -0.0001338284380602965 0.11405762890400901 -0.0007180776901370927 0.00013159295563725134 0.999999733523827 0.3877770820894359
0.9999943398175843 0.002937610599438906 0.0016403587289473165 37.87920389248825 -0.002937679565599238 0.9999956842245858 3.963549226542812e-05 0.1284150309690304 -0.0016402352158852507 -4.4454116239592636e-05 0.999998653825228 0.36438977551805596
0.9999947851410894 0.0025115147648403814 0.002030267029810089 39.271258507119285 -0.002513851138140627 0.9999961801227135 0.0011490397889490447 0.11877382301426181 -0.002027373444043842 -0.0011541375859522801 0.9999972788579733 0.3633935422279223
0.9999932386656513 0.0028017674649756063 0.002381747688984746 40.67135081953896 -0.0028091313897458605 0.9999912675833529 0.0030941134229428347 0.1262701002767839 -0.002373057904250233 -0.003100783144803051 0.9999923768409796 0.39449889820456413
0.9999924971014883 0.0028446177829779093 0.00262942777021285 42.091927191412395 -0.0028653647956459667 0.9999645269361817 0.007920514748828777 0.1405479722587646 -0.002606803659248894 -0.007927989591775916 0.9999651751714731 0.4186499476146097
0.9999918567351211 0.0027178642123641093 0.0029832327378221907 43.480717250348114 -0.002741159494229283 0.999965567423309 0.007832624873352324 0.15002024122606805 -0.0029618420066000015 -0.00784073860695606 0.9999648745381136 0.4237527542536162
0.9999933472062259 0.002207397292769421 0.0029039525616490394 44.92128244103168 -0.002230731522777889 0.9999650554028956 0.008056786577615738 0.15219780438167596 -0.0028860665553169123 -0.008063210915996079 0.999963326952325 0.4442094872559386
0.9999968143595628 0.0014572367658466693 0.0020610026042008206 46.320728745775014 -0.0014727555224482989 0.9999704262943967 0.007548346029006058 0.15707657020558735 -0.002049941925361756 -0.007551357335656831 0.999969386901665 0.46069237202352353
0.999996531783201 0.00038384377512920315 0.0026055873667396486 47.74463828622251 -0.000401348824005999 0.9999773327536208 0.006721078639323189 0.15756782218650686 -0.002602948461050986 -0.006722101078590831 0.9999740186706844 0.47512516553497525
0.999993780310816 -0.0007512736141445621 0.0034460016889128874 49.14008537111215 0.0007258031348342564 0.9999724551590241 0.007386618512079759 0.15103331632741115 -0.003451456140930241 -0.007384071450780036 0.9999667809179048 0.4959922849960308
0.999992302874395 -0.001820350152716951 0.0034757038547175265 50.572872055618035 0.0017919895376753126 0.9999652197820061 0.00814542815453916 0.1543091214280268 -0.0034904105003648383 -0.008139137033211837 0.9999607849725376 0.5112351134486584
0.9999897478223313 -0.0028408457440452805 0.0035261658623377216 52.02381945838845 0.0028130443186151874 0.9999651184039122 0.00786439807685645 0.1646465486014958 -0.0035483844058504885 -0.007854398188804564 0.9999628580088363 0.5099802083547392
0.9999813858828462 -0.004003148937898073 0.004604637488782162 53.43438348439167 0.00396129195094491 0.9999510778967924 0.009063662566661863 0.17668119692994605 -0.004640695411408902 -0.009045253541163673 0.9999483223319465 0.5382358461394812
0.9999758661778196 -0.004761718879427987 0.005058961873028266 54.89411163687746 0.004721271163854522 0.9999570348819461 0.00797734220800693 0.1924729662023509 -0.005096730375133686 -0.00795326495343844 0.9999553834627141 0.5496854255606757
0.9999694176121866 -0.0050073460419354015 0.006007522447777757 56.28012884785506 0.0049858037329978955 0.9999811068111538 0.003595522476063463 0.19919797214130178 -0.006025412971760859 -0.003565460188554509 0.9999754906457275 0.547161105690544
0.9999683018624049 -0.005214578634790469 0.006016929456116508 57.69936954903609 0.005193141836126389 0.9999801326791312 0.0035728874733219067 0.23324300641073822 -0.006035441018531254 -0.003541527451359586 0.9999755152177593 0.573541039387461
0.9999666291926498 -0.004795299939032905 0.0066140456291491736 59.13931965771025 0.004770335952302393 0.9999814586044401 0.0037850154872298785 0.26065351368783785 -0.006632073280048064 -0.003753337958552337 0.9999709636075323 0.603891360301993
0.9999632554286524 -0.005312347767465685 0.0067280572031834605 60.56821409156822 0.005295790672629229 0.9999829110442633 0.0024763320845323125 0.22510668714815654 -0.006741097364932489 -0.002440610710189817 0.9999743001825986 0.5958581917750335
0.9999627200964306 -0.004681285034850156 0.007255617669795932 62.02643145046889 0.004687094283748409 0.9999887082931307 -0.0007838580300879833 0.25044081975764276 -0.00725186627862235 0.0008178365720413739 0.9999733704348424 0.5828394811251854
0.9999646623069867 -0.004347786265703212 0.007195199223218329 63.43560503148586 0.004364811884708955 0.9999877076211752 -0.0023522380317855212 0.2520292743819432 -0.0071848837488954955 0.002383560600202412 0.9999713476317109 0.6121530909958961
0.9999707506517076 -0.003937399044192825 0.00655703666507237 64.84721777701981 0.003950103485878659 0.9999903441234179 -0.0019257056834332976 0.2600859217269421 -0.00654939107941824 0.001951550331184791 0.9999766481912433 0.6429576183844908
0.9999746147014061 -0.003196246577100827 0.006368199164016139 66.2996805419069 0.003210836327351849 0.9999922411823822 -0.0022821273223503813 0.2777073582124473 -0.0063608555126777 0.0023025166350825093 0.9999771187053692 0.6418503897274889
0.9999775297101079 -0.002605979251651813 0.00617648338540255 67.66875413075414 0.0026116509081463603 0.9999961752377229 -0.0009103787449618933 0.2835651481053633 -0.006174087333701378 0.00092648910693022 0.9999805109418536 0.6506058274542897
0.9999710032927854 -0.0017590413698718626 0.007409341878947263 69.12995389022747 0.0017465517713265654 0.9999970436992 0.0016917889260655216 0.311210572269354 -0.007412295901413979 -0.0016787990705743243 0.9999711193345289 0.6684141963273504
0.9999640743698812 -0.0010372790849553504 0.008412729740497723 70.49429852251899 0.0009988897483388002 0.9999890761298762 0.004566162523116961 0.32266323102197514 -0.008417374225814386 -0.004557595091357765 0.9999541870196483 0.672736825387819
0.9999564622115852 -3.867106731779027e-05 0.009331247817903114 71.93224237234246 -3.628324016767533e-05 0.9999677398150475 0.008032310546274938 0.34088278248306203 -0.009331257408144526 -0.008032299405143531 0.9999242020280583 0.6885564648652364
0.9999560901177551 0.0004385427943473682 0.009360850208681042 73.31107027762046 -0.0005504679520146624 0.9999283549721427 0.011957504243712362 0.3504079606343875 -0.009354935672982616 -0.011962132039152567 0.9998846896395766 0.7013860701796809
0.9999615236045315 0.0008865753871369139 0.008727273032687053 74.71723447101579 -0.0010180096365012446 0.9998859640093539 0.015067270272514182 0.35664293721953894 -0.00871291953848618 -0.015075574986312196 0.9998483945438669 0.702125763280925
0.9999604167531543 0.0017096195558556414 0.008731673827637941 76.1674494716935 -0.001844316666517096 0.9998790707224092 0.015441581114797629 0.3720818913434204 -0.008704218683582619 -0.015457073858447577 0.9998426453421771 0.6972567460456721
0.9999567560699542 0.0020770852551136518 0.009064861107451335 77.53260214917361 -0.0022234789421848463 0.9998667929300697 0.016169494028287407 0.3750581202027412 -0.009030068186235082 -0.01618895032360502 0.9998281731157468 0.7035532494045655
0.999951025891449 0.0022596588028212673 0.009635339160273126 78.93414708747264 -0.002411632081761342 0.9998724194432077 0.015790150964714946 0.37650117344320266 -0.00959842952471288 -0.015812614549185127 0.9998289010484633 0.7332383434122974
0.9999650705277853 0.001659576817129704 0.008191674380092832 80.3051924806923 -0.001782724046575276 0.9998851699518501 0.015048880534231295 0.3643017955830686 -0.008165758956470972 -0.01506295837967592 0.9998532030580874 0.7250223434355573
0.9999629209796651 0.0015804435386582204 0.008465155877889355 81.7013348073618 -0.0017042864279151195 0.9998913397356839 0.01464254518008172 0.3785639695879962 -0.008441094335894815 -0.014656429299124108 0.9998569582728383 0.7520704871442528
0.9999629668331051 0.001581922439828942 0.008459461196121993 83.06923990101835 -0.0017096206979887781 0.9998843841130542 0.015109454124070634 0.404833539532732 -0.008434581163480287 -0.01512335704308909 0.9998500597151275 0.7397017843031832
0.9999695272920057 0.0014346023554837502 0.007673747681831452 84.45916014430674 -0.0015464115370239166 0.9998924473999189 0.014584314997918195 0.4220248441904471 -0.007651999657666775 -0.01459573734629336 0.9998641964549771 0.7455499574172012
0.999968451453219 0.0005517944485895997 0.00792411642631424 85.84529853582633 -0.0006661065514035992 0.9998956535812146 0.014430462621067857 0.4236915656369963 -0.00791532692397823 -0.014435285666808436 0.9998644758803086 0.7474571186183523
0.9999626014917881 -0.000586594329881967 0.008628529704854332 87.22363608721076 0.0004647271692068876 0.9999002142888097 0.01411897637404059 0.42587431135314724 -0.008635950812365956 -0.014114438433202566 0.9998630921187568 0.7627938776642293
0.9999522588959993 -0.001755409877747201 0.009612412025570057 88.59506131365053 0.001626045962474032 0.9999082316050811 0.013449324998945902 0.42808486973255383 -0.009635138987899354 -0.013433052689558576 0.9998633492593492 0.766256872341783
0.9999425435013101 -0.0032718115835445967 0.010208082341575647 89.9297005436549 0.0031473538033477038 0.9999208139353336 0.01218441721775367 0.4129749782736028 -0.010247139121099015 -0.012151588697019117 0.9998736595350292 0.7782382814634404
0.9999338559448694 -0.0038194059914456982 0.010848772884418136 91.30585826900689 0.0037033774759413583 0.9999359477465056 0.010695111012432198 0.4336741827713471 -0.010888926967147302 -0.010654226493278003 0.9998839526301709 0.7964858283526273
0.9999345819988694 -0.004219352238826728 0.01063149986741293 92.68713514919415 0.004114330849781723 0.9999427183503486 0.009880905817482681 0.44059779422923234 -0.010672581899644887 -0.009836517920490796 0.9998946639075514 0.8123168910253072
0.999937389131433 -0.004151725148661615 0.010391390441275959 94.02069648786589 0.004054519136504969 0.9999479918197938 0.009358126422181201 0.45559968913301124 -0.01042970237278062 -0.009315408410358703 0.9999022174565689 0.8245095127922312
0.999939358714541 -0.004384078085065336 0.010102413221444102 95.40437253688874 0.004297600987944845 0.9999540768377736 0.008565911583975695 0.48435548738097667 -0.010139502911936769 -0.00852197599504501 0.9999122793554636 0.8182545658442506
0.9999443491270479 -0.004164964333863702 0.009692869594817572 96.7671474708406 0.004084894046901582 0.9999574931228985 0.008265929348467947 0.4841063972343177 -0.009726884882123551 -0.008225874996978681 0.9999188580535042 0.8239302598874579
0.9999496907654437 -0.004104917204493415 0.009152354496935954 98.1197825200778 0.004009662051545165 0.9999378597046982 0.010401891146315166 0.48572150946968357 -0.009194484668850584 -0.010364669986625007 0.9999040129271123 0.8417599398768594
0.9999493361126622 -0.003891231506442262 0.009283508238237575 99.45791138108315 0.003782288034296221 0.9999241182152031 0.011723997132983204 0.5095548981576967 -0.009328424576088583 -0.011688290247587534 0.9998881759306969 0.8372074365303872
0.9999403097063656 -0.003585602948905825 0.010320875729825802 100.80923255385706 0.003461105854197047 0.9999213416850986 0.01205533860737106 0.519164111005109 -0.010363289564793236 -0.012018897377260784 0.9998740662379594 0.8398344380033574
0.9999235158369183 -0.0035253374829944868 0.01185472361411541 102.12553531165062 0.003380169974470383 0.9999193340251555 0.012243361206509573 0.5563170423295605 -0.011896929321457715 -0.012202353802458309 0.9998547722716534 0.8458742325503709
0.9999329019987628 -0.003639972955012906 0.010997367740474724 103.49103894241419 0.003507533143337608 0.999921385844712 0.01203824495675586 0.5377020181883101 -0.011040322077767827 -0.011998863582741671 0.9998670604441082 0.8608251725686261
0.9999571941053923 -0.0034616453193672576 0.008580615860990024 104.80813152597379 0.003355388980486376 0.9999178970029945 0.012366916264727686 0.5389103554284449 -0.008622721244514483 -0.012337595583907682 0.9998867097894378 0.8593259231254564
0.9999661990116167 -0.0036008371613802186 0.007391536105374118 106.11514193622568 0.0035239124675063714 0.999939772558908 0.010393906664995916 0.5713233887537321 -0.007428517697439988 -0.010367508214441722 0.9999186626412381 0.8695912381683749
0.9999581326045762 -0.0030756755840063567 0.008618193411071909 107.48629423191942 0.0029915730647303296 0.9999479470541826 0.009754674403795287 0.5732469913001927 -0.008647747022610924 -0.009728484045709593 0.999915282946313 0.8772240407809128
0.999940591164333 -0.002429941742640034 0.010625889376975341 108.81158116899776 0.0023653800983319917 0.9999786933113441 0.006084233750213814 0.585847149796822 -0.010640447308020317 -0.006058738025711414 0.9999250334773208 0.8780387883026247
0.9999306303066325 -0.002022621832074354 0.011603601833270276 110.14430667971683 0.001960358485168757 0.9999836344982729 0.005374730712725646 0.590566127092207 -0.01161428298218551 -0.0053516106499918005 0.999918231004046 0.8900810638841802
0.9999413604790663 -0.0013500236545560336 0.010744907603417638 111.46026750673484 0.001296307809649396 0.9999866367609345 0.005004586458205941 0.5877763142405442 -0.010751520326748445 -0.004990364284013288 0.9999297480698213 0.8899807583417902
0.9999676261515396 0.00017571718858589577 0.008044611384317253 112.82135010240593 -0.00022425036620732017 0.9999817791607777 0.006032500163189929 0.6153963550536683 -0.008043404790777794 -0.006034108874992736 0.9999494453068397 0.902260141571674
0.9999777192263585 0.0009091665908838042 0.00661320398599393 114.1516484370847 -0.0009693232442940529 0.9999581340124037 0.009098935920185458 0.6008621906382241 -0.006604654669126657 -0.009105143521196723 0.9999367354478782 0.9138875353028043
0.9999814711606014 0.0020995055925001494 0.005713966376026572 115.45830875073408 -0.0021698471713749545 0.9999216008036605 0.012332234570342517 0.6137758628532621 -0.005687626810206322 -0.012344404502127091 0.9999076290231792 0.9058135137757166
0.9999594942207298 0.003988486513465814 0.008068574418947434 116.8335228268347 -0.004090447977736938 0.9999114913954592 0.012660079409304591 0.6403264195769977 -0.008017365724701563 -0.0126925706868377 0.9998873038978924 0.9295973206616756
0.9999402945276359 0.004041684463782982 0.01015244633967456 118.10729979529664 -0.004174294470790618 0.9999058076526184 0.013074826508833855 0.6272075861169194 -0.010098645733754748 -0.013116425170761769 0.9998629789851627 0.9250434452402695
0.9999281084735878 0.005019949693176024 0.010889352116214583 119.49626615319553 -0.005163250677428852 0.999899917459288 0.013171784516577837 0.6241518886576571 -0.010822140586545508 -0.013227062031574173 0.9998539523866163 0.9295362731606788
0.9999265846064136 0.0063847115238433874 0.01029858515088188 120.81579895421031 -0.006517901820039315 0.9998948812592773 0.012951578566332833 0.6423453929763518 -0.01021481048365517 -0.013017752887993584 0.9998630885058863 0.9407220594044166
0.9999211323818396 0.007217354160188294 0.010278074486314088 122.1218319185821 -0.007368751160629258 0.999863776727675 0.014769207636261765 0.6190382198725134 -0.0101700797711981 -0.014843779397333437 0.999838102739964 0.9454654586910092
0.9999121804241781 0.008720340898055892 0.009979333343848712 123.4839826120388 -0.008883398737774214 0.9998258246645089 0.016413578549492446 0.6336168346501897 -0.009834463189806979 -0.016500787513217086 0.9998154866500178 0.9432562073910341
0.9999021522953957 0.010178894966097874 0.009595620475220737 124.84095485497551 -0.010349424979490898 0.9997863465065338 0.017892756682833307 0.6459353571873026 -0.009411441846455723 -0.017990315071902813 0.9997938654172591 0.9498571668287248
0.9998992530961311 0.011091760562400684 0.008857567692407132 126.17141847743763 -0.011252136109805926 0.9997698397361007 0.018266280054185874 0.6277926467558453 -0.008652923827562756 -0.018364106340301996 0.9997939220197113 0.9542445400144052
0.9998905538857819 0.012183250177647218 0.008393370305975353 127.50818871250912 -0.012330545881137354 0.9997668333874955 0.01772671702862325 0.6311265968259141 -0.008175444223865538 -0.017828271745981825 0.9998076389177539 0.9637333155538024
0.9998759198722419 0.012897504496145237 0.009044293085140223 128.8067049978216 -0.013051734593464866 0.9997667707402217 0.01720628802997463 0.6114500835028666 -0.008820265514130192 -0.01732219678449039 0.9998110543571819 0.9590342713293449
0.9998609147719958 0.013541978980977084 0.00973477871276087 130.18363874987145 -0.013711994391695166 0.9997508069112149 0.01761548438666251 0.5940667028278005 -0.009493804353880886 -0.017746517564113957 0.9997974438821279 0.9740617375547039
0.9998604471363286 0.013723862261873884 0.0095258520331827 131.5092623526333 -0.01388002058086586 0.9997671026036451 0.016525301213211125 0.5614863760871379 -0.00929684252936002 -0.016655214082374647 0.9998180697321161 0.9667797306887547
0.9998528051077683 0.013972814303318272 0.009956333590836638 132.86130072467162 -0.014115766844755576 0.9997961624174667 0.014435329635688039 0.5627057904120096 -0.009752601935459931 -0.014573746112494844 0.9998462345179568 0.9800226705992953
0.9998457550356324 0.013914392037860974 0.010717081293093293 134.19125078664584 -0.014060622590987875 0.9998073909504467 0.013692329721942335 0.5566494787685379 -0.010524496642588683 -0.013840906584371388 0.9998488207100825 0.9861906142463808
0.9998518206857848 0.013253849020653238 0.01098508795863986 135.52772872960196 -0.013382606414354327 0.9998416243099992 0.011731672630135777 0.5288746239875003 -0.010827858369955142 -0.011876943347508386 0.9998708395087038 0.9994302128088883
0.9998717129852052 0.01212711172646918 0.010463781974280707 136.86595890861298 -0.012253781973775822 0.9998513718960292 0.012127610851577455 0.5170815919954259 -0.010315153870433287 -0.012254275939518673 0.999871706931358 1.002696124765749
0.9998573574608504 0.011688183344569388 0.012192255800670052 138.20779273366048 -0.011812057608101383 0.9998788404469503 0.010138033415062763 0.5392883492472466 -0.012072283399097952 -0.010280602928124678 0.9998742766853072 1.0205872573570232
0.999879379139565 0.009959961321380842 0.011917480520416699 139.56518417153205 -0.010073860364531102 0.9999037887193657 0.009535755974956024 0.4834350186650885 -0.011821358163673207 -0.009654660798525125 0.999883514723606 1.0193570866852169
0.9998864772932835 0.008999501590992779 0.012084763015544009 140.91574241573093 -0.009097805821368364 0.9999257717702505 0.008104374060071739 0.5035474428530438 -0.012010930657730807 -0.00821339885690487 0.9998941332080875 1.0249357944613016
0.9999029689422816 0.0075384596798146455 0.011714278725827016 142.24596038589618 -0.00763797641376796 0.9999349246490745 0.00847394733004805 0.489018978315943 -0.011649635904751654 -0.008562598478587737 0.9998954784829168 1.0211522922912646
0.9999149123035092 0.0065062713404854715 0.011306484259470461 143.59716179215206 -0.006598643377291947 0.9999450013665536 0.008151818669618144 0.4802981179608001 -0.011252824474104138 -0.008225732507624546 0.9999028509140615 1.0243599288031435
0.9999385590094431 0.006313178047147822 0.009111640305870925 144.93925144938217 -0.00636823830807635 0.9999615624471867 0.006026538727390599 0.4756693825344236 -0.009073243464721402 -0.006084193547726818 0.9999403276405565 1.028180088343993
0.9999545414491946 0.004870777767063752 0.008196984755065076 146.24681104794018 -0.004898956216697121 0.9999821479925428 0.0034210998534541658 0.47700017073439654 -0.00818017500532699 -0.0034611010046366646 0.9999605519802859 1.0637340605123728
0.9999299201554893 0.004271479982676536 0.01104125158640119 147.64864642839805 -0.004206837859901721 0.999973915358355 -0.005871210957018598 0.4747084107094466 -0.011066042339387225 0.005824350748273268 0.999921806765561 1.0546834800170122
0.9999167756664271 0.002811803085198352 0.012591088287602033 148.9558546881831 -0.002651156447334463 0.9999151074391245 -0.01275732277931854 0.4618203813897984 -0.01262589047742285 0.012722880114739423 0.9998393447005564 1.0642763050181274
0.9999516101290022 0.0014943161459363473 0.009723395480589642 150.25720396510124 -0.0013525141740250198 0.9998928809990724 -0.014573854424412957 0.42955087459503294 -0.009744131866155062 0.01455999816727027 0.9998465173953172 1.071190345931014
0.9999756402179308 0.0015154391112900216 0.006813399668242987 151.66129865600365 -0.0014250184072156578 0.9999111154834527 -0.013256336416081102 0.4476217489366915 -0.00683288323318478 0.013246304274672008 0.9998889173952197 1.0862576366362462
0.9999880139174375 0.002411324731183374 0.004261165861566082 152.9792446662002 -0.0023697782379981536 0.9999498706357727 -0.009728328047733194 0.44822494219124914 -0.004284410410045138 0.009718113425062777 0.9999435994589374 1.091164866740347
0.9999833090363699 0.00342477914425524 0.004653228608714987 154.35055134472063 -0.0033779113933607866 0.9999438634336316 -0.010042892812403966 0.4564760068268732 -0.0046873620822902775 0.010027006992912002 0.9999387420074659 1.1068618919754836
0.9999638497250961 0.0040341423596134685 0.007484980854206347 155.6650462166434 -0.003927737791773856 0.9998917954978842 -0.01417639488221508 0.4597383797909908 -0.007541360540680621 0.01414648335947117 0.999871494188006 1.0931606845099093
0.9999242441190461 0.004306883701370582 0.011530688432915884 157.01079581343367 -0.004093107335262833 0.999820489223549 -0.018499616242645373 0.4436795181815418 -0.011608294245759336 0.018451018442514205 0.9997623754788624 1.1209668613492925
0.9999244749211678 0.004127358923298877 0.01157624127017523 158.3475460721643 -0.0038920825080211393 0.9997868959478131 -0.020273489704231096 0.41752604383539205 -0.011657450294888629 0.020226902861166695 0.9997274509851508 1.1156228047140009
0.9999143692181268 0.0038037625548917424 0.012521406532076196 159.68825700662316 -0.003533112700695292 0.9997611712927046 -0.021566582716872836 0.40072747926957836 -0.012600450220516035 0.021520496413083408 0.9996890000837134 1.142121713281698
0.9999130108898145 0.005094401104630691 0.01216625376402507 161.05148537995743 -0.004835904276604203 0.9997639244848437 -0.02118276017168995 0.41381749577449184 -0.01227129508621799 0.021122082663623643 0.9997015919467459 1.1246100540543926
0.9999124513321528 0.006318067884333659 0.011626336015028518 162.38912503561633 -0.006095783038751066 0.9997998312050993 -0.019056205062904445 0.4142822273298694 -0.011744407182564491 0.01898366509565373 0.9997508136328104 1.1215307796756933
0.9999148908555034 0.00784363178701478 0.01042537701075023 163.74161750177421 -0.0076675844509399484 0.9998291255311899 -0.0168204604046295 0.44581079085685227 -0.01055552907789335 0.01673909137097161 0.9998041726388022 1.1217024408553493
0.9999198922558202 0.00833151817014298 0.00952863453436537 165.09755755828334 -0.008181872516040925 0.9998442515648818 -0.015637441440107383 0.4479286559440574 -0.009657434091940632 0.015558226686936752 0.999832323716891 1.1037464386612676
0.999907700117938 0.008917609851920028 0.01025024289392945 166.4470553343646 -0.008756570875890764 0.9998391918163121 -0.015649695671138875 0.45727300131727283 -0.010388152451283815 0.015558494227678335 0.9998249944595384 1.1086681240975025
0.9999119233507422 0.008396341251747258 0.010278472386671705 167.76628410504242 -0.008228084307145936 0.9998332234227617 -0.01630410895094879 0.4298003432437538 -0.010413653040785651 0.016218100802317052 0.999814247266317 1.0945986001516241
0.9999312298416592 0.008217016231572949 0.008367570232569206 169.15068012517213 -0.008094513292002703 0.9998610827711879 -0.01457031276923043 0.43118059969445155 -0.008486132329424469 0.014501579358044917 0.999858834913314 1.0931620699087994
0.9999560354514867 0.006815178956306194 0.00644053568724762 170.58853467185898 -0.006743185620469976 0.9999152722136285 -0.011134533741170169 0.41412810968253194 -0.0065158738349568954 0.01109061448878696 0.999917267406873 1.1153276439924662
0.9999636602936975 0.007198519556250312 0.004567210114399464 171.9457155007102 -0.007168815174510655 0.9999532610171296 -0.006487208197842929 0.4346973235173496 -0.0046136949427218014 0.006454230969429011 0.9999685278655368 1.097149234600649
0.9999593256874905 0.007104029061823782 0.005556954355394651 173.28761405876088 -0.007078880325337635 0.9999646732971597 -0.004532285410735584 0.4219853947792902 -0.005588955533793786 0.004492764048287203 0.9999742889930959 1.1022627500174291
0.9999344362053866 0.00837225496060884 0.00781208278825107 174.67055723535785 -0.008381477651298722 0.9999642151627652 0.001148575768442007 0.4416466681718654 -0.007802187064965054 -0.0012139772607560487 0.9999688255821847 1.1409259659563842
0.9999140849039331 0.007952072036200655 0.010420525949356468 176.04541786581112 -0.007982259696906802 0.9999640554366432 0.0028585599229198648 0.4430151833364117 -0.010397419913674417 -0.002941493673775594 0.9999416189328785 1.1414708078039963
0.9999077312594041 0.006932594013659993 0.011681956510489073 177.4608743526184 -0.006932163776474052 0.9999759692746593 -7.732128978117747e-05 0.4257223029684035 -0.011682211821711393 -3.6670803172094573e-06 0.9999317606284467 1.136955533702191
0.9999182687632974 0.005568131553831245 0.011508766415630992 178.86995118800536 -0.005546546166697018 0.999982800148753 -0.0019066285112544995 0.41589385748022534 -0.011519184824935556 0.0018426387759023126 0.999931954216541 1.135328270700811
0.9999629823538616 0.0037767403500718563 0.0077311159801818725 180.20745482345802 -0.003740206875346345 0.9999817973848965 -0.0047345275795884515 0.41879427499945177 -0.007748856335001721 0.004705436345378701 0.9999589062027995 1.1333280888515724
0.9999897410114176 0.0021517080123489973 0.0039859784930989205 181.62947565068635 -0.0021433700125886783 0.999995508617855 -0.002094924606420996 0.4306841656370949 -0.003990468256607189 0.0020863596878404464 0.9999898615817792 1.1489935056886256
0.9999924385783125 0.0009559984958188902 0.0037694632344116305 183.0196202215507 -0.0009614220369772397 0.9999985049738164 0.0014372605187477727 0.4300900638405488 -0.003768083580071375 -0.0014408736960360548 0.9999918626814548 1.1678802080403203
0.9999864158068493 0.0008715645839054583 0.0051389276067158075 184.34821055137596 -0.0008962807908881981 0.9999880337572177 0.004809264301071788 0.44783587947161196 -0.0051346745286209704 -0.0048138048931962735 0.9999752308932133 1.1706085192300393
0.9999727019211562 0.0015260550901449257 0.007229562114296226 185.79907836204308 -0.001575057734184701 0.9999757937089244 0.006777255295501772 0.46411712242747577 -0.0072190446484704275 -0.0067884572671752606 0.9999508999157384 1.1647290056982254
0.9999493345545075 0.001913343913799037 0.009882683798694262 187.16901660635943 -0.002008553843449671 0.9999515834522814 0.0096330920650161 0.4744134299410066 -0.00986377389518887 -0.009652453902642622 0.9999047635141068 1.18168481267687
0.9999448582997207 0.0021167480646334487 0.010285899940326764 188.62232907455163 -0.002184538187626276 0.9999759402138079 0.0065838276418760736 0.473027789561348 -0.010271716159354584 -0.006605934539639301 0.9999254239572067 1.1695420232834348
0.9999404145738916 0.0018397332539571015 0.01076023621247044 190.02922999141654 -0.001902960332061471 0.9999809683131161 0.005868709699529642 0.464504813324747 -0.010749234566632002 -0.005888836312637433 0.9999248849604226 1.1714383346826018
0.9999300711379622 0.0023539710149859117 0.011589290508507563 191.39553414821924 -0.00237895919485256 0.9999948744017391 0.002142830697774647 0.48577874928517606 -0.011584186945107704 -0.002170251301279444 0.999930545899119 1.173206280502579
0.9999321811499371 0.002489799562519334 0.01137690638388944 192.8422469445656 -0.002499794436743621 0.9999965019252828 0.0008643870498064247 0.4741855044868245 -0.011374714436122405 -0.0008927683553564974 0.9999349072995504 1.1710014265092308
0.9999224868736061 0.0027856677261812795 0.012135085488876896 194.19763477304758 -0.0027737020604588574 0.999995650517692 -0.001002757486914839 0.46790960033987394 -0.012137826056705743 0.0009690206484226709 0.999925864340752 1.1797652244865935
0.9999001258574212 0.0034639081167101094 0.01370181195580709 195.65520089577427 -0.0033807282284411422 0.999975745667011 -0.006089232656985021 0.4756677780183573 -0.013722572169922426 0.006042302397634652 0.9998875844787637 1.176840134388333
0.9998889177376158 0.0037205753231206525 0.014432931260293488 197.06965068982637 -0.0035813607422373666 0.9999469325056302 -0.009659504532560205 0.461873953212848 -0.014468104254992509 0.009606741999532192 0.9998491808605041 1.1806189997753416
0.999919483558053 0.003962595376642788 0.01205505034736096 198.49123028587107 -0.0038847543119260295 0.9999714994670577 -0.00647371126482337 0.46582945941709913 -0.012080359470329123 0.006426359115808739 0.9999063790293481 1.2021582021189992
0.9999722044587529 0.004151285486925355 0.006193314032735657 199.93406830899195 -0.0041431795944567 0.999990544373744 -0.0013210700023725498 0.4883077364920851 -0.006198739609800939 0.001295373270194316 0.9999799486166415 1.1872308666476672
0.9999688828581982 0.005576302827331701 0.005580157892470451 201.39416801020644 -0.005631483629171379 0.9999349141634317 0.009922390291898335 0.491790063170782 -0.005524464450187236 -0.009953506103292249 0.9999352019049986 1.1886012010581601
0.9999413790067686 0.00621797429470158 0.008864273558071591 202.8014786280117 -0.006353603604348497 0.9998619103934374 0.015355515804570249 0.49449755673860907 -0.008767569291468793 -0.0154109357294107 0.9998428040390466 1.1815086957467582
0.9999168573699571 0.0072039913865452505 0.010694898573228738 204.24306000890826 -0.007387524438173783 0.9998244041709906 0.017221652266808468 0.4762912539718986 -0.010568955959055435 -0.017299229237918837 0.9997944958028672 1.1747524342748321
0.9999064710141086 0.007620223351143357 0.011356998731645924 205.71183981481923 -0.007789037632061823 0.9998587251779248 0.014894985006418027 0.5229402852799271 -0.011241891161109966 -0.014982051984083576 0.9998245636117709 1.1761765877883579
0.9999114068814876 0.006108247014585413 0.011826567832342868 207.16392748243152 -0.006254417603236731 0.9999040241773721 0.012362228534603132 0.4973753043110727 -0.01174992122222618 -0.012435101620261966 0.99985364308931 1.192025387929831
0.9999247100557224 0.0046158441648324715 0.011369617523270086 208.59334124998887 -0.004746794857391958 0.999922402616331 0.01151766836498893 0.46443942679384376 -0.011315571508381953 -0.011570770442369493 0.9998690289797003 1.1907463745038942
0.999931141610289 0.00441536442099049 0.010872745512251246 210.09206307134605 -0.004537525861932369 0.9999265716115548 0.011236647374292226 0.4939061948164512 -0.010822333251042641 -0.011285209000800331 0.9998777531082546 1.1834779576049645
0.9999319884442617 0.004366928553199652 0.010814269319563677 211.55121601629884 -0.004503045404009216 0.9999105455055954 0.012594584899555691 0.49618710537648814 -0.010758302282155774 -0.012642425467999973 0.9998622045113476 1.1952305987762557
0.9999283673547016 0.0039125915106074174 0.011311577566022444 212.9982737213136 -0.004062576208394876 0.9999037369012775 0.013266966699724506 0.48712436047460306 -0.011258580457233647 -0.013311970497703853 0.9998480063527437 1.1816039620105967
0.9999298291456362 0.0034352180769390084 0.011337374543633386 214.4382460820431 -0.003585817915439965 0.9999052544369981 0.013289998463496485 0.4976739774207103 -0.011290646334734988 -0.013329719653702422 0.999847408297535 1.1952071935402535
0.9999363940515109 0.0033470503608524133 0.010770566611986582 215.9094082813556 -0.003495727051925894 0.9998984591835928 0.013814891047541371 0.5032484257989643 -0.010723233823793822 -0.01385166329936311 0.9998465600681943 1.201071480204296
0.9999429877977887 0.0030560800177116517 0.01023139916906422 217.3941060862949 -0.0031897838533956123 0.9999094009279886 0.013077278570076074 0.49899380037392393 -0.010190507004070067 -0.013109168957492989 0.9998621421257252 1.1934156569096215
0.9999435837642178 0.0023481492196709567 0.01035931870419021 218.8627662653762 -0.0024928987572192707 0.9998991371246029 0.01398216840339267 0.489267026649401 -0.010325441615692816 -0.014007204314806593 0.999848580277396 1.2044132879222282
0.9999481347856796 0.002567212631488881 0.009855818481746327 220.32995030618818 -0.0027129233551483126 0.9998868018642452 0.014799442711155554 0.5095956387829408 -0.009816709505200782 -0.01482541321503075 0.9998419071720759 1.2040775999763806
0.9999456725544041 0.0024160065532750643 0.01013976587771308 221.79230081313105 -0.00255319082007056 0.9999050937750482 0.013538266482392758 0.5161098976064593 -0.010106095010270287 -0.013563419740113616 0.9998569400112183 1.2119282343296605
0.9999499375318748 0.0018256944494821213 0.00983815377887423 223.29732278619338 -0.0019808171159059695 0.9998735125686072 0.01578085001729967 0.5115188576642828 -0.009808098365788399 -0.0157995475723928 0.9998270727995691 1.220253684398349
0.99995118935378 0.0013137236037004479 0.009792499183245262 224.79475612846255 -0.0014570657345464152 0.9998916913900686 0.014645219307100568 0.4998127206126589 -0.009772198800985862 -0.014658772779497635 0.9998448002121094 1.2145318948788
