1.0 0.0 0.0 0.0 0.0 1.0 0.0 0.0 0.0 0.0 1.0 0.0
0.999999091359243 -0.00020690393382330238 0.0013320928835183377 1.3107573 0.00020809607465234478 0.9999995779590815 -0.0008948618231827009 0.0077851 -0.0013319071708891889 0.0008951382133749091 0.9999987123746046 0.0157089
0.9999981601660928 0.0004167871229360391 0.001872419003238654 2.6196588148095237 -0.00041413832066607885 0.9999989134048446 -0.0014148069060580357 -0.0068256941025383235 -0.0018730066419771223 0.0014140288625867333 0.9999972461804557 0.02504487996464397
0.9999979675071581 -0.0007680488719915417 0.0018641573117141577 3.9398522607744777 0.0007723891906175824 0.9999969902845586 -0.0023286985126259583 0.013318388343346975 -0.0018623631468652807 0.0023301336345200796 0.9999955510304807 0.03903402949282434
0.9999980385057916 -0.00027386778362187026 0.0019616271323406637 5.256630604971221 0.0002787502264346336 0.9999968632472688 -0.002489135178050219 0.015575115226903805 -0.001960939285267051 0.002489677099633304 0.9999949780999198 0.051550723704078504
0.9999969511570321 -0.0005544275957994381 0.0024063014527180146 6.5765511314691505 0.0005624000121263974 0.999994351433813 -0.0033137300273002514 0.021311434586066623 -0.002404450637192829 0.0033150732282239484 0.9999916144181533 0.06102217421395957
0.9999910592682972 -0.00033792276693243113 0.004215114668960564 7.903499775487489 0.00035662595299123574 0.9999900919470006 -0.004437209230926415 0.02213748436347439 -0.004213573471360252 0.004438672778314957 0.9999812718159117 0.07764172496618679
0.9999878840546758 -0.0004900435725538036 0.004898122206437302 9.23944711718314 0.0005116626904161732 0.9999901296571091 -0.004413478180448369 0.024508045619042147 -0.004895911063676667 0.0044159308933741795 0.9999782645683862 0.08851736698366908
0.9999921404392725 -0.0008198201033243934 0.0038790404329561573 10.560743821792279 0.0008344822078834627 0.9999925086492921 -0.00377972019338258 0.03486976576801924 -0.003875912683104387 0.00378292747666715 0.9999853332727332 0.09808798531423978
0.9999935250793118 0.0012557940501913977 0.0033723553720288162 11.855050271205467 -0.0012555156845701716 0.9999992082562842 -8.465914388108725e-05 0.03745894725964037 -0.003372459016436823 8.042455065631844e-05 0.9999943100098491 0.10980271053528194
0.9999991793996876 -0.000418279972031909 0.0012108847246499424 13.233916979633857 0.0004158625019474075 0.9999979214926011 0.001996013240717455 0.05250757755070522 -0.0012117171001795855 -0.0019955080412372033 0.99999727484095 0.11082593464561699
0.9999998382358394 -0.00023576690917805572 0.0005176313937244974 14.583256978202662 0.0002336786614209655 0.9999918498041902 0.004030597905655497 0.0726051024194598 -0.0005185774565376372 -0.004030476294238015 0.9999917431350437 0.1326065520426885
0.9999983101052591 0.0006222015804771499 0.0017299282700429428 15.92449732719319 -0.0006315960153712541 0.9999850291777405 0.0054353019113080984 0.07966182171035219 -0.0017265205181547037 -0.005436385342022219 0.9999837322883375 0.14624156346725317
0.9999913608604122 0.00013255223356662925 0.00415459197109433 17.292963336004462 -0.00014410761958053077 0.9999961221366049 0.002781176863554005 0.08427119523568022 -0.004154207208948995 -0.0027817515449381452 0.9999875021323054 0.14836629592106942
0.9999745281134701 0.001186284409428292 0.0070381711788344015 18.64529863381911 -0.001177018943608952 0.9999984355108145 -0.0013204553494143162 0.08396110774461069 -0.007039726603286063 0.0013121376541196377 0.9999743599433575 0.16236448682148816
0.9999828625526781 0.0006236853591870343 0.005821135415408751 19.99650318309735 -0.0006086412580085027 0.9999964715734734 -0.0025858067256465164 0.07453911182820559 -0.00582272760575661 0.002582219428337699 0.9999797137872612 0.17962893241717484
0.9999929699061079 0.0012032113009298594 0.0035513970388084113 21.35151458532321 -0.001190520872621363 0.9999929070116982 -0.0035733158753174453 0.07307688284877514 -0.0035556713028337345 0.0035690627422696685 0.9999873094158385 0.18011571667468695
0.9999973714751268 0.0004286856508432479 0.0022523923836741226 22.717895036855985 -0.0004244542189507114 0.9999981450082661 -0.0018787811587992341 0.0929313119855025 -0.0022531936120287217 0.0018778201829262441 0.9999956984457019 0.2079668490034309
0.9999924541469535 0.001357506750560699 0.0036398934840879004 24.071674578468798 -0.0013587073825229619 0.9999990233609055 0.0003274011053878935 0.09991314974286604 -0.003639445480014919 -0.0003323441850156924 0.9999933219696723 0.2039827867141961
0.9999666901660188 0.0022391059531986605 0.007848882910811464 25.42299634400966 -0.0022494481032222886 0.9999966131424627 0.0013090786205361888 0.10244165463609484 -0.00784592516203077 -0.001326690670120809 0.9999683401739365 0.2168084392872817
0.9999482347852389 0.002867568493228725 0.00976241777540402 26.820960066088155 -0.0028624379305691038 0.9999957576993549 -0.0005394741761039786 0.09601935513767372 -0.0097639233394431 0.000511501935173016 0.9999522009410209 0.21830348532635344
0.9999412837817518 0.003287903403275046 0.010325632189491514 28.218998698000235 -0.0032475657528507145 0.9999870398640744 -0.003920895378206231 0.10645850739075079 -0.010338389893152711 0.003887131988582351 0.9999390020892877 0.22744848891562305
0.999972977743201 0.0028195358408079066 0.006789256294908168 29.59220780712459 -0.002783719914698071 0.9999821910215944 -0.005279066497784781 0.11435464319776054 -0.006804019902385934 0.005260024457540095 0.9999630180441045 0.2281200304296763
0.9999823574833975 0.0032664518032290237 0.004961352090295297 30.97604688721014 -0.003242649908139675 0.9999832322951172 -0.004797952707468783 0.10675223914385422 -0.004976941181080745 0.004781780131608638 0.9999761820339788 0.24437207682071876
0.9999859392975043 0.0038133097752358074 0.0036850883091196665 32.35462033169726 -0.0038028543842183616 0.9999887360868122 -0.0028400700752299044 0.11820882447760805 -0.0036958768675850926 0.002826016287616942 0.9999891770044922 0.24619771790750547
0.9999887269912562 0.004219667195821681 0.0021772228097578714 33.718147454091195 -0.004218343271577775 0.9999909152847682 -0.0006123136243424003 0.11668721000475606 -0.002179786790022841 0.0006031224485352915 0.9999974423831604 0.26142318296580097
0.9999880831742299 0.004521349592523649 0.001841441661237997 35.124809812772874 -0.004520845916743385 0.9999897423944956 -0.0002775932051934818 0.11692207922567695 -0.0018426778683810652 0.00026926502314849156 0.999998266015807 0.2726570427037874
0.9999817945409151 0.0044904105324959755 0.0040307319411062225 36.50099198294526 -0.0044893339686019815 0.9999898847743396 -0.0002760969422661949 0.1232081200180366 -0.004031930957960603 0.0002579966139730718 0.9999918384519434 0.28867148866472175
0.9999737298757231 0.0038523472055445027 0.006139949465783597 37.913492725865524 -0.0038604013520627243 0.9999917030314301 0.0013004498071401678 0.10808142305205001 -0.006134888738635372 -0.0013241183133814258 0.9999803047314766 0.30942033528872614
0.9999757164034511 0.003624569382606712 0.0059522348908239535 39.29775148673966 -0.0036445566308102384 0.9999877454909287 0.003350533529822094 0.12573600590882075 -0.005940017707859899 -0.003372145423957124 0.9999766721403405 0.3089372065168414
0.9999719040291749 0.004844686506205969 0.005720154274402629 40.73515736580857 -0.004875951361291881 0.9999731818063646 0.005464500560662336 0.14964440293385264 -0.005693527078068279 -0.005492238224235084 0.9999687090447879 0.3130840798221853
0.9999702336047915 0.0041155883106922895 0.006526395424385573 42.12522932335667 -0.004168887181208966 0.9999579005555365 0.00817419697792883 0.1335614875496026 -0.006492479037232198 -0.008201161467775294 0.9999452928368283 0.3237282053764083
0.9999723349131828 0.0035418874724753783 0.0065409816854675625 43.528741012230014 -0.0036053363419526205 0.9999463181889778 0.00971402543588603 0.13975501692514397 -0.006506224568726151 -0.009737339135511664 0.9999314242828962 0.3318641395016994
0.9999662733894941 0.003679600570601666 0.007342521581064375 44.94076240801901 -0.00374247795700108 0.9999562891698126 0.008568174162534904 0.14321671608972214 -0.0073106731748129195 -0.008595364412228114 0.9999363348575508 0.3439399195809717
0.9999733868389993 0.002712334951145325 0.006772654786253342 46.32262026838848 -0.0027575685846065352 0.9999738965118958 0.006678481138509604 0.14302756163176178 -0.006754363718527151 -0.006696979463088782 0.9999547634952437 0.34575579629926945
0.9999792304155578 0.0017439867513658204 0.006204615033972638 47.70447642205409 -0.0017737098179531469 0.9999869634426598 0.0047882040694069245 0.1441768379738213 -0.006196183582693093 -0.004799109807000556 0.9999692874554047 0.34834986509609905
0.9999713123216518 0.0005513029277919191 0.00755450850785687 49.16277203515359 -0.0005984261552959003 0.999980371151434 0.00623692215577015 0.14671937698125084 -0.00755092178810849 -0.006241264048434969 0.9999520139502833 0.35816582103163225
0.9999642920095465 -0.00040066225760146705 0.008441218845747193 50.616828672765934 0.00033915147504899834 0.9999733910258939 0.007287126762440815 0.159787406990283 -0.008443913910233568 -0.007284003701965201 0.999937819870789 0.3771474491344569
0.9999604712028117 -0.0003561248490812959 0.00888421110413726 52.01813611455623 0.0002929135513074742 0.9999746430172571 0.007115302113104316 0.17395218686521174 -0.008886519763240806 -0.007112418547945075 0.999935219536194 0.3745347881086068
0.9999439305108324 -0.002985220090482496 0.01015993580486748 53.464149832733135 0.002905595825208966 0.9999650230629554 0.007842841551600515 0.16973870734779337 -0.010182993049598764 -0.007812881140422081 0.999917629377959 0.3822481604367696
0.9999314205208659 -0.002847105382673357 0.011359940407563137 54.895223062871075 0.0027674598071704666 0.9999715253338682 0.00702066148398799 0.18747193078743532 -0.011379605500153744 -0.006988741832190459 0.9999108270572251 0.3894331602248785
0.9999301091664689 -0.0035112358244358483 0.011289287192678365 56.32181667334322 0.0034642977506184063 0.9999852854691375 0.004174624091190908 0.19258193115863212 -0.011303779165776096 -0.004135222871005815 0.9999275596303857 0.3891533935096358
0.999931109709556 -0.004540126826810173 0.010824189734675048 57.76690327669561 0.0045280090675196534 0.9999890944238135 0.0011437514266446987 0.19405070462563695 -0.010829264467184551 -0.0010946606040095597 0.9999407626200973 0.3867659875211549
0.9999237315417964 -0.004554347984325853 0.011479939632566457 59.2115606901582 0.004541526824215559 0.9999890343783299 0.00114265357850005 0.20813666471429831 -0.011485017789913675 -0.0010904299762916807 0.9999334504499947 0.397437923578876
0.9999168132478272 -0.0033645717034109157 0.01245175656533374 60.596473809482994 0.0033589633907086707 0.9999942476091233 0.0004712892992264209 0.2305642920231301 -0.01245327062460317 -0.00042942509974731207 0.9999223628086502 0.40346327933861037
0.9999034414910637 -0.0030832572788002774 0.013549952726099344 62.018588866802546 0.0031061804959462377 0.9999937796202235 -0.0016710366801792967 0.22897902541501713 -0.013544716204240128 0.0017129639262478842 0.9999067988655412 0.4085776247099011
0.9999106255918743 -0.0022180088394860445 0.013184129294518208 63.46283746305676 0.0022638077496856873 0.9999914521560154 -0.003459882855850564 0.2433477783532562 -0.01317634254788006 0.0034894199649379266 0.9999070996574478 0.410945575507217
0.9999214779224492 -0.0023363669673350665 0.012311757745292142 64.90833092518962 0.002387456217430992 0.9999885943616944 -0.00413656854560223 0.25317197125265334 -0.01230195277972833 0.004165637516222601 0.9999156511535805 0.41264754053607056
0.9999236283660747 -0.0017822753005483868 0.01222951061886895 66.34664957048648 0.001839369446620244 0.9999874556216156 -0.004658896805704826 0.253319110905082 -0.012221053770555679 0.004681035586322951 0.9999143632084584 0.4203951314707981
0.9999231169124159 -0.001263129381118949 0.012335508434018106 67.7515936663652 0.001294484854810851 0.9999959509754516 -0.0025342339400535128 0.2668682618510806 -0.012332257421893329 0.0025500072291677685 0.9999207033010225 0.4234557521795719
0.9999077718761978 -0.0004965163353912944 0.013572074753192014 69.1623823164441 0.0004963262449196229 0.9999998766791897 1.7374239644676777e-05 0.2800588610749886 -0.013572081706066554 -1.063646035313165e-05 0.9999078950008494 0.4261156798652648
0.9998868517364589 -6.427936111080409e-05 0.01504259261950475 70.55074231419235 8.262182986618091e-06 0.9999930660884295 0.003723937002442237 0.2936655305418447 -0.01504272768778907 -0.0037233913607840584 0.9998799191405363 0.426622789718804
0.9998730701855706 0.0009561130158496605 0.015903753191684897 72.00485652643248 -0.0010705836869664715 0.999973573071823 0.007190758551125147 0.30087235551378927 -0.015896457726496994 -0.007206872128205204 0.9998476702107564 0.4302784504609426
0.9998745402160708 0.001661827295961778 0.015752528614143467 73.41439537766264 -0.001852582882361314 0.9999250437943572 0.012102674477846622 0.3210726698716613 -0.015731235309567847 -0.012130338943786134 0.9998026720872193 0.42679968021227227
0.9998822502303938 0.0017736762258417393 0.015242694868366316 74.81206432290026 -0.0020041634644912096 0.9998836896040044 0.015119212700750539 0.33071758297542725 -0.015214105396369372 -0.015147981269093967 0.9997695082670103 0.430527621079143
0.9998822294326953 0.0029251917736635076 0.015065540740049411 76.2309630231222 -0.003188215308941655 0.999842404415534 0.017464295454084483 0.33777556958116745 -0.01501208006395607 -0.01751027086172619 0.9997339785495452 0.4276009135512006
0.9998708679328627 0.003130606171491606 0.01576219414240492 77.62049348971007 -0.003388067968442841 0.9998608507991363 0.016334014652516438 0.3438769333772857 -0.015708865478609745 -0.01638530879252597 0.9997423434071144 0.4241240735944226
0.9998681097088105 0.00293848769304034 0.015972741699781964 78.98560545222502 -0.0031718802063133446 0.9998882915591992 0.014606285591575218 0.3394091327510725 -0.01592803701925949 -0.014655022787553441 0.9997657365322186 0.42594950403805415
0.9998760967398271 0.0030275268742923915 0.015447499776767702 80.40563198672268 -0.003250451658297412 0.9998906495872552 0.014426483701652726 0.346346410147711 -0.015402134019182941 -0.014474907564555205 0.999776600705704 0.4307353019542913
0.9998792493267993 0.002848313042320639 0.015276579410627034 81.79372618819318 -0.003066889131882867 0.9998929944488641 0.014303630418064503 0.34675493115408956 -0.01523420351475542 -0.014348754820429105 0.9997809921569695 0.43403564125206956
0.9998767159876146 0.0024706099568641464 0.015506415197075978 83.1776288724947 -0.002689511425431349 0.9998968051986215 0.014111891506191892 0.34680867843695323 -0.015469950035974239 -0.01415185641642468 0.999780178642212 0.4295034894427378
0.9998797918847594 0.0017652819059131503 0.015404076093124067 84.56020330752897 -0.0019759202253282113 0.99990461289676 0.01366970544830712 0.3518211606065565 -0.015378475859240398 -0.013698499464284183 0.9997879043040447 0.4316807492116576
0.9998766240998913 0.0010616162652569597 0.01567193509143052 85.93862699614373 -0.0012774140037642718 0.9999044266330448 0.013766111037790053 0.3555314968582106 -0.01565582294444008 -0.013784432180801649 0.9997824186478702 0.42589431578687487
0.9998593427070881 -0.00011560119081112762 0.01677144709660789 87.3354788880405 -0.00010137151203797115 0.9999163264564508 0.012935602407811454 0.3619648818667162 -0.016771539141241073 -0.012935483067945836 0.9997756692141656 0.4282137993850892
0.9998345666587793 -0.0014662927353095844 0.018129790397717213 88.71535622698977 0.0012557108417631689 0.9999316834131758 0.011621174500624259 0.3688214602405028 -0.01814559187606344 -0.011596486196536407 0.9997681026134815 0.42954822938008796
0.9998273240296757 -0.0016614846445197704 0.018508419501239572 90.11709767821846 0.0014908930704287883 0.9999563192723743 0.009226959688747016 0.373753421574329 -0.018522941491847016 -0.009197772340150632 0.9997861279406052 0.43040242909348025
0.9998198205305397 -0.0029598950112445952 0.0187500798878709 91.49296773169466 0.0028321884868093743 0.9999726380065833 0.006833882244377122 0.37913455804586865 -0.01876979442227101 -0.0067795471587147925 0.9998008464477655 0.42128879857151147
0.9998211259617324 -0.003799255986030179 0.018527863734553594 92.85493210984055 0.0036898605954013624 0.9999755801298729 0.005934987170233042 0.388938978271992 -0.018549959822060983 -0.0058655603207997415 0.9998107291846408 0.41598550291937436
0.9998216119470149 -0.0040220984805669395 0.018454457658927836 94.21513899043428 0.003927074473286365 0.9999788598641852 0.005182461847931014 0.40296329275949444 -0.0184749119011107 -0.005109065329061573 0.99981627066262 0.4138111947710572
0.9998295716510148 -0.0041718750773201444 0.017983968151871695 95.56198841891354 0.00407680180073103 0.999977538491262 0.005319981206188476 0.4163016305261027 -0.018005758501819815 -0.005245757456829033 0.9998241218781823 0.40991508847600916
0.9998358580658462 -0.004007542343498333 0.01766908401978742 96.91851629766886 0.003912865074077511 0.9999778201907249 0.0053896765690103834 0.42695052229168856 -0.017690291479941864 -0.0053196551553219154 0.9998293628696765 0.4065512747010691
0.9998462808344155 -0.0038644927718307224 0.017102058273890202 98.28502626267152 0.0037592832396201007 0.9999738389472963 0.0061797419469495464 0.44191782492600284 -0.017125492434128125 -0.006114500521141893 0.9998346515260739 0.40525404264588366
0.9998466821044292 -0.003415666768859882 0.017173977561671636 99.64314605859842 0.0032983781375554968 0.9999710772210966 0.0068531323452487945 0.4487342940928715 -0.017196888858929994 -0.006795435365295265 0.9998290299205008 0.40060283275593545
0.9998174187850226 -0.0033896288652906174 0.01880530537402585 101.00639185489631 0.0032291248862163923 0.9999581585707084 0.008558846905250517 0.4603086512957355 -0.01883352984769437 -0.008496559541007585 0.9997865305301138 0.40647136652161325
0.9997883736501756 -0.003560215119661904 0.02026160857973853 102.33331689511515 0.00337902202681448 0.9999540604855172 0.008969901263053052 0.48064346143730813 -0.02029261254937633 -0.008899538573900837 0.9997544739030141 0.3990474644457692
0.9998001225273362 -0.0030532720821841203 0.019758353269330477 103.68430235941238 0.0029043994860775816 0.999967212599597 0.007558980712879278 0.4865489135443659 -0.019780785069070935 -0.007500083691837291 0.9997762096022622 0.3958349209883742
0.9998468478902193 -0.003230796759965631 0.017200078961690277 105.0245426149003 0.003089812537346904 0.9999614662946165 0.008216993635432499 0.5021246008800787 -0.017225963615329007 -0.008162590165901991 0.9998183026426887 0.38832356556426545
0.9998590039452595 -0.003110819627409047 0.016501364514469177 106.34479591838708 0.002976342810192899 0.9999622139552194 0.008167744196064145 0.5107058079931454 -0.016526149372127465 -0.008117478858725357 0.9998304820937939 0.3833232438305104
0.999870657317838 -0.0029908740073969916 0.015802636092323904 107.66505336966895 0.0028628385988543055 0.9999629457688046 0.008118574045442457 0.5191363441089263 -0.015826332169882287 -0.008072283570731337 0.9998421702688891 0.37924720455501815
0.9997986670884512 -0.002252387657184933 0.01993870702924612 109.01520152013903 0.0021824992751877117 0.9999914011702365 0.003526227800508507 0.5268948094635949 -0.019946478011672954 -0.0034820016411591364 0.9997949858243443 0.3768129764800889
0.9997091337282611 -0.0014949252629947551 0.024071002030408305 110.36533368382024 0.0015210962189137558 0.9999982717865603 -0.0010689668776677596 0.5336478057940477 -0.02406936240498836 0.0011052702614313594 0.9997096799426655 0.3688326818274568
0.9997978886133699 -0.0005996504918733365 0.020095331386547826 111.70448568506919 0.0005894642703214681 0.9999996947765691 0.0005128144327308813 0.5369074678724621 -0.020095632762408666 -0.0005008653072421586 0.9997979369241679 0.3633466794661584
0.9998586186414178 0.0005551682694020589 0.01680578818944105 113.03499634611534 -0.0005863038917665102 0.9999981209355422 0.0018478022435249682 0.5453260700287014 -0.016804730769108045 -0.0018573942977530605 0.9998570653399417 0.36023652111531956
0.9999071631463526 0.001714442094589124 0.013517609881835356 114.36551886131252 -0.001757669768453675 0.999993377917125 0.0031866469655272276 0.552212073188782 -0.013512057045404155 -0.003210110621480316 0.9999035551012906 0.36149533742509643
0.9998835140557486 0.0022965414194290653 0.01508920862856635 115.6776902757257 -0.002408258588571468 0.9999697952280502 0.007389784986169467 0.5660830760034709 -0.015071781915159408 -0.00742526289636203 0.9998588434678276 0.35198417253099984
0.9998387924321057 0.0037752893516174147 0.017553812640566303 117.09888258590296 -0.003922989326600717 0.9999571306092324 0.00838731771748085 0.568685326010908 -0.017521395568045314 -0.00845482903802055 0.9998107403720395 0.34512056780025036
0.9997952935488644 0.00444666326332257 0.019738241648196347 118.38632514558643 -0.004611236890278935 0.9999549210864604 0.008300137909243194 0.5751065066996003 -0.01970044395138612 -0.00838945652550526 0.9997707284809478 0.34145276669180247
0.9997465716330582 0.005118176350398393 0.021922517619849927 119.67376077929417 -0.0052992906731396195 0.9999522436256889 0.008211454579585624 0.5806400439179866 -0.021879443007261024 -0.008325547357215912 0.9997259500657641 0.33497991290307894
0.9997597121116397 0.006031551454360191 0.02107459194159354 121.04577613879883 -0.006201084654124572 0.9999488649623471 0.0079883671439331 0.5738080335912907 -0.02102533204407613 -0.00811713296474159 0.9997459915222812 0.32358318533949215
0.9997542423460725 0.008097275310765989 0.020637079337260784 122.37392064079673 -0.00829750037262589 0.9999191548109742 0.00963510921959506 0.5732321404793542 -0.02055739279668046 -0.009803977491248748 0.9997406041702789 0.31363689240901677
0.999751522570022 0.009336103251160615 0.020241795745596685 123.71137885818133 -0.009582071689671153 0.9998810157244585 0.01208876734655197 0.5736716380891914 -0.020126525310067568 -0.012279721898672083 0.9997220270700423 0.30273421832604097
0.99976253039675 0.009858507430514923 0.019434316194034615 125.07958836017687 -0.0100884505242334 0.9998798439394365 0.011769488080119713 0.5681177071386786 -0.01931595145746978 -0.0119627553218507 0.9997418599340543 0.2947878647697285
0.9997650975357173 0.010859461323283286 0.01875691470274203 126.44038926541168 -0.011121232834867842 0.999841422870419 0.01390853308903123 0.5606863601596069 -0.018602901107904732 -0.014113865956007006 0.9997273282541321 0.28896658108527656
0.9997561466594713 0.011858720989850757 0.018628417890165318 127.78935537627355 -0.012117877818905701 0.9998304979469173 0.013861183657454935 0.5577981222956538 -0.01846088442550441 -0.014083540453468922 0.9997303884720738 0.28540256120329044
0.9997189943599889 0.013014843855067104 0.01981277757611921 129.11789145650076 -0.013267974364490802 0.999831337242868 0.012698737079007504 0.5453938679107361 -0.01964416381818694 -0.012958044087236591 0.9997230596126697 0.2787040135957451
0.9996939025748072 0.013573995670278487 0.020684482016605835 130.47407880407383 -0.013795154317561903 0.9998487921855661 0.010587090366067729 0.537177379351173 -0.020537645242497557 -0.010869195306364302 0.9997299964096734 0.2649180523037314
0.999652745324336 0.014427608553014054 0.02205068880917387 131.79014132667336 -0.014643158157201663 0.9998462624363312 0.009645175544405703 0.5203694350958551 -0.021908141972819335 -0.00996471793580828 0.999710326900627 0.2571970402855653
0.9996625132506786 0.014030435344441594 0.021863359425808335 133.14389039029146 -0.014201995630167538 0.9998694094299638 0.007711511284826161 0.5062623914848666 -0.02175230841674833 -0.008019412086976402 0.9997312269346805 0.2433995550010744
0.9996562746521984 0.013780932631244178 0.02230287973113443 134.4832230832985 -0.01392145078682333 0.9998841325490706 0.0061574901204015185 0.4927011791330034 -0.02221543959678479 -0.006465862077549727 0.9997322976032713 0.23393892062407376
0.9996568313799862 0.013302280750669939 0.022566984782117716 135.81390554553946 -0.013403996775984249 0.9999006478585883 0.004362027327384362 0.4783023972816693 -0.022506717791703445 -0.004663018207749152 0.9997358170614069 0.22557506283235412
0.9996570634882168 0.012824102634209035 0.02283194712989876 137.14459244271075 -0.012886017184089568 0.9999136776126573 0.00256668741032675 0.46455409790519003 -0.02279706075893486 -0.0028600200625615146 0.9997360223108875 0.21683090406590513
0.9996617395942086 0.011560339158348198 0.02329731636958389 138.54633815188149 -0.01161260640672906 0.9999303463835381 0.0021094439409120864 0.4545969706237785 -0.023271307739852427 -0.0023792729648816633 0.9997263552073815 0.20231587200048437
0.9996591501924671 0.010153350437101158 0.024051879580937616 139.9107779689265 -0.010174770943386166 0.9999479404580569 0.00076838137651632 0.440021384348951 -0.024042825805718652 -0.0010128418393659695 0.9997104164100143 0.1905633848335306
0.9996671340707015 0.009039679413898927 0.02416413157893372 141.22491435291926 -0.009043275870744471 0.9999591079622254 3.955901861674651e-05 0.42871867810995357 -0.02416278585750618 -0.00025806875881251827 0.9997080039592162 0.1771391348588663
0.9996648313294331 0.007906949749926779 0.02465167638819862 142.54545922001088 -0.007898932151113055 0.9999687136524317 -0.00042259575614977973 0.42254071923758285 -0.024654246570691405 0.00022773219609042712 0.9996960119276651 0.16447491200430853
0.999697252298429 0.0067249589992779335 0.02366809399654479 143.90809254593634 -0.006689538705927778 0.9999763838143321 -0.00157540011219548 0.42215077794113154 -0.02367812954760453 0.0014165945325470349 0.9997186301360285 0.1436833164729991
0.999746994912445 0.005697553068488229 0.0217596887056657 145.24102745339337 -0.005638626107608249 0.9999802705265173 -0.002768474910863912 0.4209142698410649 -0.02177503293118781 0.0026450797237975 0.9997593968021009 0.13428670619006255
0.9997639922232091 0.004830491197093668 0.02118079811305219 146.57537775742642 -0.004684430825304496 0.9999649450293122 -0.006940087922176956 0.41394662629553164 -0.021213579654410324 0.006839230023870377 0.9997515736276321 0.1280473929270195
0.9996988080346617 0.0039919745424998624 0.024214816813853707 147.93821553416942 -0.0035830304405115236 0.9998506275555804 -0.01690811845162792 0.4037660920898575 -0.024278696565895524 0.016816263436445853 0.9995637839463258 0.1111706205129337
0.9996795946729949 0.0025677009677580933 0.025181638274280202 149.2952313089071 -0.0019472568602338011 0.9996946800552865 -0.024632394521820363 0.38482125770816517 -0.02523719844112638 0.02457546705351716 0.9993793725277427 0.09670820777677898
0.9997533143274265 0.0013840626233095454 0.022167427951404174 150.69508040175577 -0.0007858685652436123 0.9996358998547086 -0.026971283474562627 0.38105966160531113 -0.02219668673302616 0.026947209360559225 0.9993903916917323 0.08795604406579637
0.9998066375831405 0.0016098340333562304 0.01959836419397942 152.0080233496126 -0.001109787448583542 0.9996742341498555 -0.025498900931588832 0.38264072188024495 -0.019633028714739174 0.025472220383882194 0.9994827212974726 0.07654009575985044
0.9998545425691234 0.002543012888312353 0.016864957436607056 153.3409134984802 -0.002174876944956308 0.9997597465685497 -0.021810984651396446 0.3928774917517778 -0.016916371187786935 0.021771132874497622 0.9996198548244216 0.0676445495483364
0.9998552701386711 0.0032969156089628824 0.016690390150992607 154.7203216883203 -0.002948393878544027 0.9997779903402981 -0.02086329323601333 0.39449496823029856 -0.016755469240279073 0.020811063850324718 0.999643013216196 0.07458919777150821
0.9998553863090714 0.00405098371086952 0.01651653715861148 156.0997295924701 -0.003721756187528415 0.9997947406639073 -0.01991544806603737 0.3950743863866732 -0.016593824140869934 0.019851097495219436 0.9996652334299804 0.0817513769514649
0.9997483880319326 0.0053176923248512845 0.0217918052462512 157.51117934284792 -0.004744421859379357 0.9996435073572242 -0.026274486860213244 0.3875266113616433 -0.02192375626512407 0.026164486367698733 0.9994172144626797 0.055160392502225056
0.9996585247441192 0.005226004969198355 0.02560317906966226 158.89661982218598 -0.004386229250451608 0.999454057286406 -0.032746730626186875 0.36850275394544574 -0.025760335777581786 0.03262324701502714 0.9991356909123119 0.04124284056951652
0.9996531228958213 0.0047162168373635575 0.025911217327153707 160.214131063103 -0.003813042658978123 0.9993871619738783 -0.03479599384236106 0.3561575725985558 -0.026059443399904673 0.034685123331765516 0.9990584805851694 0.02037444566755742
0.999653332675895 0.005537677960416205 0.02574001928482394 161.56701659063415 -0.00466635210097749 0.9994181059428119 -0.03378867667950364 0.3582464034667341 -0.025912152130729914 0.033656851256305166 0.9990974810975478 0.005987221314049988
0.9996692314776902 0.006624661955288803 0.02485038210535886 162.91072015404754 -0.005834161452802326 0.9994788421650762 -0.031749120058692286 0.3607101549089362 -0.025047758321790518 0.03159363730779934 0.9991868953727907 -0.020677524996580265
0.9996825717622599 0.007642778931368151 0.024007158203340095 164.24913151591332 -0.006974361273452276 0.9995890683308647 -0.02780382632411289 0.36403837745398543 -0.024209791399789748 0.02762756601006138 0.9993250740358407 -0.0321255569604398
0.9997068339876861 0.008183371130629927 0.02278768341133859 165.6629892573505 -0.007626432941270244 0.9996726753929918 -0.02442088436585098 0.3640940697164676 -0.022980069601925307 0.02423993625314079 0.9994420152722889 -0.047944397168006726
0.9996820162323472 0.00866747716145182 0.02367997595617008 167.02717450583646 -0.008141295957916638 0.9997197945236558 -0.0222272746351158 0.367013749987171 -0.02386599509248865 0.022027421030047144 0.9994724643535761 -0.05916083105277165
0.9996698936019096 0.008299922211196409 0.024314915530077155 168.38938473439077 -0.0077672458084955785 0.9997295437185768 -0.02192052254843769 0.3523153625351971 -0.02449027804042058 0.02172442651796005 0.9994639941358411 -0.07349061629832511
0.9996989650065196 0.007664743542203357 0.023307317977963968 169.7325646816339 -0.00722672683999794 0.9997967777650243 -0.018819606527620592 0.35091100504939676 -0.02344682887031259 0.018645505547092527 0.9995511949564262 -0.08916412952242588
0.999776867847551 0.007323721193298486 0.0198135717331152 171.10894048105195 -0.007035919729517746 0.9998692950713495 -0.014556394027452452 0.36379260605844493 -0.01991758897307237 0.014413739327651972 0.99969772119781 -0.10478205908716585
0.9998423639684598 0.006997493668169277 0.01631815848451609 172.4853589121896 -0.006830063583244167 0.9999236929808665 -0.01029361194890353 0.37700765635202876 -0.016388942778919433 0.01018053524475499 0.999813862304739 -0.11563846099569852
0.9998104895336556 0.006766907679055419 0.018253601807178322 173.83875205425986 -0.00663199102016699 0.9999503178809551 -0.007441670839623376 0.36899351954042847 -0.01830305202910999 0.007319202841841267 0.999805694900854 -0.13008313102242036
0.9997196436501076 0.007273412394954819 0.022532899774219496 175.237478052529 -0.007230540782572401 0.9999718920830312 -0.0019835130134216745 0.3694967102813949 -0.02254669332948095 0.0018200318721861566 0.9997441343183218 -0.13169418032866834
0.9996842838620688 0.007586896000020582 0.023953530183826576 176.61440546780534 -0.007530589683297485 0.999968667867744 -0.00243997988341728 0.37190674667566376 -0.023971291542268482 0.002258825335110978 0.9997100954226185 -0.15053947070724577
0.9996374729234802 0.006803676525602973 0.02605057989553241 177.99430303979676 -0.00669740890131338 0.9999689009206659 -0.004164361358474666 0.36257175422919585 -0.026078102714100323 0.003988380279049092 0.9996519521221287 -0.16660229576402363
0.999652070522031 0.005151842153131514 0.025868831118655792 179.37921006337996 -0.004956419809958847 0.9999587387326783 -0.007612800721074627 0.3574871376687492 -0.025906983685557924 0.007481935216276876 0.999636358303226 -0.187568294691099
0.9997169729402262 0.0037162610464695567 0.023498157780254023 180.72326923435992 -0.0035291188915142 0.9999617672830408 -0.008000580730633176 0.3529973539080839 -0.023526991628356936 0.007915388557254426 0.9996918661712253 -0.20023484140745634
0.9998097652341371 0.0016927273411778715 0.01943110950532802 182.14975818298413 -0.001546289243992769 0.9999703116918454 -0.007548822721947153 0.3647114538502198 -0.019443310727176387 0.0075173405577971695 0.9997827000198116 -0.22198152593737341
0.99984840942833 0.0011407356624967093 0.01737402906027076 183.58702779249228 -0.001085867188850996 0.9999943949141906 -0.0031671805521601617 0.3761669983771194 -0.01737754459315244 0.0031478345493549855 0.9998440438796258 -0.2308213444970678
0.9998348062871885 0.00035294028326206186 0.018172384813687915 184.93701791571013 -0.00038824331819504456 0.9999980444152211 0.001939183554812144 0.39565564452579294 -0.018171664860055645 -0.0019459185208604852 0.9998329880521666 -0.23437708230349433
0.9997669931371034 0.0010258661241214716 0.02156170290794349 186.39652139033112 -0.0010620840078389578 0.9999980442948675 0.0016683476857052328 0.399581747472324 -0.02155994923823643 -0.0016908592890850672 0.9997661274436682 -0.2582411964768064
0.9996863523402268 0.0011441096072951455 0.02501775285468572 187.75219337695776 -0.0012012189373855283 0.9999967069749495 0.002267843098976327 0.40245990881906896 -0.025015075809521482 -0.00229718359379548 0.9996844346741527 -0.2685218391246658
0.9996687166782064 0.0009779779562799724 0.025719651126422223 189.1804039557829 -0.0010319683979897974 0.9999972918169923 0.002086000936424807 0.40754336338201524 -0.025717541409967477 -0.0021118517462751143 0.9996670186347194 -0.2854043521388463
0.999655479010187 0.0007648039991665309 0.02623620322677237 190.6021615008136 -0.0007851276864052289 0.9999993996712825 0.0007643504371237888 0.4106489326950551 -0.026235602898155054 -0.0007846858718941201 0.9996554793570898 -0.3051177956416327
0.9996231286506032 0.0011292129753513087 0.02742855345868411 192.02511928629377 -0.0010579988851153967 0.9999960323755365 -0.0026107224180904926 0.40846336035861297 -0.02743139269411395 0.0025807191326302705 0.9996203572274925 -0.326664415163945
0.9996234473753741 0.0012745692571909815 0.027410562390825868 193.44445875730995 -0.001142260409768632 0.999987624840757 -0.004842045693471502 0.41214183844282887 -0.027416394703334155 0.004808912408228534 0.9996125327660318 -0.3442651061273899
0.9996237535840864 0.0014198850590058242 0.027392247021390665 194.8637990580479 -0.0012265551890346192 0.9999742313560624 -0.007073343355190178 0.41565309449581445 -0.027401584494877774 0.007037083932380857 0.9995997362028958 -0.36183301123667244
0.9996240472752134 0.0015651596562107118 0.02737360744170405 196.28314016361554 -0.0013108828025960744 0.9999558519882361 -0.009304604277373937 0.4189970557607802 -0.02738696214259265 0.009265222594802452 0.9995819676018916 -0.37936850316112547
0.9996243284472905 0.0017103923244259777 0.027354643744708175 197.70248204911675 -0.001395242829971993 0.9999324868289231 -0.011535817334333405 0.42217365031511517 -0.02737252771938991 0.0114933172853724 0.9995592270516186 -0.3968719547317042
0.9996404810737521 0.0027587149235355195 0.026670172301807186 199.1510702736005 -0.0024351699690938777 0.9999231452044989 -0.01215621781494449 0.4193011608105109 -0.026701658110668783 0.012086901021908507 0.9995703718487396 -0.4212829229198842
0.9997675544526169 0.0029962500004024994 0.021350867658453263 200.56363993537101 -0.002893713355583467 0.9999841402493712 -0.004831735996699352 0.42923734363551513 -0.021365006127998545 0.0047688295902842265 0.9997603686771592 -0.44255088429550643
0.9997689216276379 0.004256799355407497 0.02107090427005413 201.98067153060916 -0.0043319987295735805 0.9999844056677935 0.0035245153194212544 0.4334712078158802 -0.021055572528833215 -0.0036149800106867183 0.9997717713483439 -0.4674226703691896
0.9996910559133568 0.0048771849119982405 0.024372234082492193 203.4293589229007 -0.00513380352966751 0.9999319287878745 0.010477683516873471 0.4606368872076106 -0.024319473435014807 -0.010599568759867796 0.999648044240546 -0.4870246253281831
0.9995961756940551 0.005599925278947255 0.027859044755520895 204.87434192453117 -0.0059475807857116625 0.9999052808145144 0.01241191693675154 0.4604572511434228 -0.02778690016207893 -0.012572598622305328 0.9995348007664692 -0.5005151610016471
0.9995877764858299 0.0058195286672450995 0.028114234583315023 206.32586513592562 -0.006129474960736554 0.9999212499012515 0.010950960351702168 0.4505650182391441 -0.028048291156864757 -0.011118771605261155 0.9995447295049731 -0.5246815533392953
0.9996001588680425 0.004253480657402068 0.027954074716958332 207.782434408259 -0.00446227119588433 0.9999625824784314 0.00741092294121836 0.44965821880862505 -0.027921506527380707 -0.007532698411817775 0.9995817364917579 -0.5485577372070429
0.9995911755647466 0.002988329662583572 0.028435042094493084 209.20761073962095 -0.0031332748620433097 0.9999823185468238 0.005054224209240965 0.44521688884756944 -0.028419435633501907 -0.0051412527214787975 0.999582864598392 -0.5679991437548825
0.9995802714842771 0.0017243280462127116 0.028918982558312736 210.6327818313187 -0.0018031032066613177 0.9999947344193091 0.002698138706889434 0.44262162460404936 -0.028914177806831712 -0.0027491501313190525 0.9995781172551299 -0.5881459342506357
0.9995674467090666 0.00046148536389787763 0.029405892449920694 212.0579450085227 -0.00047176628557947623 0.9999998300020253 0.00034268424571566234 0.44187410066700167 -0.029405729307214697 -0.00035640872517267566 0.9995674944978611 -0.6089936853174193
0.9995527013360679 -0.0008001888375138561 0.029895768088372122 213.4830975964632 0.0008607258365519088 0.999997605256451 -0.0020121213674989917 0.4429759776568029 -0.029894086418616354 0.002036953408296866 0.999550996406891 -0.630537968279226
0.9995360354767534 -0.002060685020008907 0.03038860577030171 214.90823692045055 0.002194363086349436 0.9999880601994046 -0.004366260330878339 0.44592890221271536 -0.030379245449151146 0.004430918175733528 0.9995286231069425 -0.6527743491944001
0.9995174492571135 -0.003319993654479287 0.030884401769951622 216.33336030589538 0.003529135381772756 0.9999711949030452 -0.006719714847585938 0.45073450698043865 -0.030861202731110357 0.006825467479225472 0.9995003747671529 -0.6756983888891616
0.9994969428176567 -0.004578105220794644 0.03138315233919976 217.75846507832878 0.004865032632200798 0.9999470094948713 -0.009072467125959629 0.45739441059976743 -0.03133995462098993 0.009220583216441876 0.9994662516010748 -0.6993056429911593
0.9994745163134074 -0.005835010207874228 0.03188485370758802 219.18354856342253 0.006202044738508045 0.9999155041577193 -0.011424499379646036 0.4659102176923547 -0.03181549749951792 0.01161624728076979 0.9994262538666724 -0.7235916619630742
0.999450169913906 -0.007090699113758794 0.03238950208235084 220.6086080870094 0.007540161593140884 0.9998766791297641 -0.013775793827735024 0.47628351884958137 -0.03228782777168189 0.014012441561451008 0.9993803818663208 -0.7485519911362563
0.9994239038032064 -0.008345162445682446 0.03289709364844385 222.03364097510322 0.008879373080194024 0.999830534704515 -0.01612633269489415 0.4885158906205313 -0.03275694186675611 0.016409147943719008 0.9993286359468037 -0.7741821707444002
0.9993957181798753 -0.009598390720144364 0.03340762456857271 223.4586445539192 0.010219669075486945 0.9997770712308152 -0.018476098211503 0.5026088955000729 -0.03322283623832848 0.01880634830893587 0.9992710164993099 -0.8004777359572592
0.9993656132569906 -0.010850374462980572 0.033921090983222185 224.88361614989424 0.01156103944664049 0.9997162891128382 -0.020825072613787538 0.5185640819170478 -0.033685507364327474 0.021204024534729256 0.9992075239594318 -0.8274342169144027
