1.0 -2.1684043449710093e-19 -2.5135375298442207e-37 0.0 2.1684043449710093e-19 1.0 2.3183291766350204e-18 -8.673617379884035e-19 -2.51353752984422e-37 -2.3183291766350204e-18 1.0 0.0
0.9999995321199635 -0.00025190396668124795 0.0009339722938252794 1.3119770474243708 0.0002521993074323402 0.9999999182331685 -0.00031611574712894704 0.0037867200547348234 -0.000933892586646692 0.00031635114639036346 0.9999995138831763 0.016121324269501948
0.9999985146236422 -5.3100893615151436e-05 0.0017227683547999266 2.607822587397768 5.5890001220282774e-05 0.9999986879204205 -0.0016189606990818953 0.0067137804516997366 -0.001722680126130899 0.0016190545798414006 0.9999972055138207 0.02284810410656652
0.9999983958230485 -0.000879223657685632 0.0015605502520864946 3.9446429553037397 0.0008828936939108602 0.9999968428127696 -0.0023526290014114007 0.004534944735239785 -0.0015584768380613682 0.002354003027354779 0.9999960149019056 0.0469030598004097
0.9999993105193604 -0.00013030517951027673 0.001167039572506072 5.253115491561733 0.00013437943550483948 0.9999938949476961 -0.003491705815707282 0.0046351112865602945 -0.0011665774603153284 0.003491860234362689 0.9999932229816024 0.05786927873584411
0.9999985244194824 -0.0007140353460749934 0.001562469961992662 6.584350165712352 0.0007199025463526734 0.9999926805179844 -0.003757745438443065 0.004735084469112854 -0.0015597753624572751 0.0037588647196913445 0.9999917189841312 0.06612633625726173
0.999995843557791 -0.0004641821391338753 0.0028455934501440965 7.915793945285769 0.00047832109609065527 0.9999875348051537 -0.0049700546516506326 -0.0022310938027135466 -0.002843250968667472 0.004971395101283799 0.9999836004428653 0.0867379358028164
0.9999942385973245 -0.00012862751041161095 0.0033920830062043965 9.228857806724653 0.0001466123367177497 0.999985932039882 -0.005302285087723024 -0.0002927458575376508 -0.0033913532667856215 0.005302751860339413 0.9999801895766374 0.0893521655645102
0.9999965819348646 -0.0010475414464997826 0.0023955741494149853 10.576024180804595 0.0010579657363543437 0.999989960080823 -0.004354359431023305 -0.0019369014061982213 -0.002390988726067189 0.0043568789829081245 0.9999876503129627 0.102614298793855
0.9999998124650935 -0.0006116620271354379 3.0648693470046634e-05 11.891295103999685 0.0006117114440193044 0.9999984694687535 -0.00163916724580781 -0.000552762969863288 -2.9646030200878796e-05 0.0016391856865632737 0.9999986560947958 0.1074637460071676
0.9999990816486453 -0.0009862097562082215 -0.0009295655883568315 13.245604669716586 0.0009874061118466928 0.9999986837808472 0.0012874260147861022 -0.0009826252410068273 0.0009282946927486219 -0.0012883426912199832 0.999998739220242 0.12095582052025672
0.9999989852530076 -0.0007550870314958483 -0.0012080300203657396 14.586619298333218 0.0007598513072201773 0.9999919169296572 0.003948252947925012 0.0002428792736450343 0.0012050389811760652 -0.003949166864637344 0.9999914759447348 0.1250646057937827
0.9999998632426821 -4.331520482947574e-05 -0.0005211894186625089 15.92225948379366 4.5828027794184525e-05 0.9999883716986945 0.004822278215266213 -0.00209726774551015 0.0005209744801462725 -0.004822301440867542 0.9999882369280173 0.13280977072928912
0.9999977775705623 -0.00038938331698457307 0.0020720122027959014 17.287774845427702 0.00038323562630268213 0.9999955262418406 0.002966585033110671 -0.0077319897283902326 -0.002073158071834713 -0.0029657843711905197 0.9999934530479051 0.14220705033221576
0.999991337018691 0.0004437087317750681 0.004138720832834238 18.62839005929338 -0.0004378732156212286 0.9999989089825614 -0.001410780186244082 -0.01824310663522162 -0.004139342292904888 0.0014089557296820656 0.999990440298873 0.1541735798689217
0.999997436887518 -0.00011566658404441555 0.002261158914306277 19.983726457345682 0.0001239665909962371 0.9999932545705502 -0.0036708916740749086 -0.022504691340195705 -0.002260719062318009 0.003671162573328946 0.9999907058141497 0.16852055639863864
0.9999999371255189 0.0003058191094906323 0.00017950941586372397 21.32655209037731 -0.00030507888325140774 0.9999915104575722 -0.0041092504983458 -0.025075163870326423 -0.00018076457923899987 0.004109195475446682 0.9999915408825774 0.1673725619616664
0.9999992706410514 0.00022012952773033996 -0.001187543833307838 22.69936202810174 -0.0002232513968526295 0.9999965183230393 -0.002629353649282195 -0.025481812714004865 0.0011869609002867815 0.002629616852359192 0.9999958381108548 0.19556151052790824
0.9999993645039393 0.0011256594580677521 -6.230972646137039e-05 24.063856925602625 -0.00112566155328522 0.9999993658783191 -3.360099893918555e-05 -0.019506260418009652 6.22718636671655e-05 3.3671117249356366e-05 0.9999999974942354 0.18488616542726127
0.9999889155676417 0.0020814451137606627 0.004223307719109568 25.450072757375796 -0.002082163564817406 0.9999978185625077 0.00016572602436535434 -0.02736648680186343 -0.004222953556604131 -0.00017451780484218932 0.9999910680635076 0.19763318004726443
0.9999825206049744 0.002192087498550109 0.005491196310541909 26.816816036901052 -0.002182952308353904 0.9999962244917424 -0.0016690480760772864 -0.03573231766908232 -0.005494834277906943 0.0016570318824649258 0.9999835303851753 0.20306127919013894
0.9999844649535068 0.0023032412131082335 0.005075916819957162 28.18913223867104 -0.002278971539797018 0.9999859695406769 -0.004781946310163551 -0.03646789350244966 -0.005086859578333131 0.004770304152434235 0.9999756837333215 0.24121389564583917
0.9999956299791563 0.0020470506261803414 0.002132980619749938 29.565377340705275 -0.002035943405260914 0.9999844250488251 -0.005196594483024352 -0.03470855058488484 -0.002143585090671409 0.005192229145971816 0.999984222775267 0.23351497217175754
0.9999961906893496 0.0027504236521535795 0.00023189765705041278 30.944162948631092 -0.00274905474653186 0.9999799188433787 -0.0057100444823456825 -0.045298218807580296 -0.00024759804167633407 0.0057093852316575985 0.9999836706744197 0.2686244710768692
0.999994426855941 0.0031043396368482593 -0.001228548931537232 32.327966422795775 -0.003107280204422002 0.999992295008461 -0.0023989025495955887 -0.03926865453076659 0.0012210924573084632 0.0024027066259412256 0.9999963679604442 0.27455156319002216
0.9999889264707523 0.003520706173142156 -0.003122749415904542 33.717030298820355 -0.0035259356332945535 0.9999923882209506 -0.0016707118451301931 -0.04810510729532119 0.00311684356071927 0.0016817039578930994 0.9999937285593425 0.2985339030370012
0.9999879895109849 0.0038414873232761513 -0.0030436505915815617 35.11656452950401 -0.003845901150126427 0.9999915595316586 -0.0014456520275567394 -0.052378467738618775 0.003038071447807373 0.0014573402438796893 0.9999943231245324 0.3064697968919724
0.9999931754364993 0.0033895143747788513 -0.0014697866272547792 36.5018137101623 -0.0033917796207231237 0.9999930598366911 -0.0015414634139113736 -0.06493103154385159 0.0014645516142959083 0.0015464380864255558 0.9999977318063347 0.341046205594942
0.9999952225653309 0.003088108510431305 -0.00013576576124270677 37.90966945314682 -0.0030881281959598762 0.9999952212043568 -0.00014502653084491593 -0.06753386267952952 0.00013531725478173798 0.0001454451000654791 0.9999999802674815 0.3503375603955874
0.999995683789834 0.0029347391579517376 0.00014038439147550554 39.29661251748591 -0.002935006193637191 0.9999938083872068 0.0019413721677540596 -0.06850508644692596 -0.0001346861013488458 -0.0019417758174422436 0.9999981056813703 0.3670510282055735
0.9999945087497076 0.003307090143975528 0.00021360058647493233 40.69498521974147 -0.003308071942712196 0.9999831402282013 0.004772412321583334 -0.07058980751954466 -0.00019781418746609268 -0.004773092721179843 0.9999885891626075 0.38878042049584116
0.9999945680388417 0.0032814031904127776 0.0003102997137477746 42.1192205347748 -0.003283439163558474 0.9999714500025401 0.006805748090899404 -0.0711579586715647 -0.0002879584511931123 -0.006806729972572681 0.9999767924842111 0.3997128284098691
0.9999958784424109 0.0028171644480375338 0.0005537893675522987 43.510486227932866 -0.0028216523548764243 0.9999617596802703 0.008277527114141417 -0.08001742437792689 -0.0005304490353661947 -0.008279055598909778 0.9999655873389899 0.4163780798193549
0.9999967054497276 0.002515824664091563 0.0005096233414958731 44.940303038638575 -0.0025194607065128606 0.9999704399389301 0.007264404042377762 -0.08030990589502976 -0.0004913323101390355 -0.007265664085417467 0.9999734840074305 0.43403355995298215
0.9999986111672409 0.0016471985269699183 -0.00025377273708124097 46.33627532672421 -0.0016453621889491044 0.9999736255602376 0.00707396403586743 -0.09603066378657149 0.00026541826710719255 -0.007073536663248261 0.9999749470022823 0.4541360603930171
0.9999996523058294 0.00082830872064439 9.639960377381797e-05 47.771383430409685 -0.0008289133529713475 0.9999788492197306 0.006450892638742959 -0.09954297989805105 -9.1054234218369e-05 -0.006450970302723983 0.9999791881290729 0.46818581162031464
0.9999996334660913 -0.00017701514948728866 0.0008376952428006625 49.16495521129901 0.00017138388991984297 0.9999774217904526 0.006717628813911759 -0.10423232384628217 -0.0008388654512106284 -0.006717482784203734 0.9999770856023644 0.4809463841989593
0.9999987053183582 -0.0012277455958728046 0.0010401934238779432 50.59472201131662 0.0012204456732915338 0.9999748272752902 0.00698965865490158 -0.10559330709061515 -0.0010487487620054487 -0.006988380105955279 0.9999750310230394 0.4947864904358509
0.999996149363557 -0.002557743436798063 0.0010766645579306311 52.05019015649568 0.002550101038619203 0.9999719621621597 0.007040729667655032 -0.10910431491955215 -0.0010946427506820617 -0.007037956952957365 0.9999746341378748 0.5029724332456224
0.9999912791403744 -0.003602256729000477 0.002113146860986826 53.44545688103208 0.0035864301990219415 0.9999658457217144 0.0074461337943789695 -0.10695760919198334 -0.0021398975735467175 -0.007438490203974185 0.9999700444022611 0.518112913773326
0.9999864546403323 -0.004242110342116338 0.0030157976894808155 54.90494903823727 0.004223444551314362 0.9999720526135555 0.006168995700634018 -0.10065840338767336 -0.0030418829662794806 -0.006156175085048961 0.9999764239502558 0.5300256804847536
0.9999830386438723 -0.004835450499986813 0.003246666448873766 56.30312007765841 0.004819528262364948 0.999976409084436 0.00489422332193816 -0.10222864510706874 -0.0032702556316488193 -0.004878492908564608 0.999982752718788 0.5412811462061827
0.9999820897093317 -0.0053609279752671124 0.0026609606915532053 57.73082082262008 0.0053540508517308585 0.9999823261077437 0.002584881355694748 -0.09997772974403375 -0.0026747710247931353 -0.002570588140861292 0.9999931188146122 0.5547859130691741
0.999981109108863 -0.005458753599595683 0.00282549722125763 59.19149268029678 0.0054544764921761685 0.9999839701502053 0.0015192527207515262 -0.09762796564305803 -0.002833745155219676 -0.00150381241254171 0.999994854205072 0.5631115235746267
0.9999794634711535 -0.005291639166688465 0.0036154101943930823 60.592000147333906 0.005289403666937022 0.999985814058164 0.0006276075839233629 -0.10558225455347177 -0.0036186799792667507 -0.0006084713311024071 0.9999932674362597 0.5774545290004556
0.9999792655571321 -0.004556892417707121 0.004550075528172825 62.04637949974344 0.004566084496944124 0.9999875515616239 -0.0020118633540561104 -0.09066602664513745 -0.004540851041974444 0.0020325976685194526 0.9999876245326902 0.5782932817362777
0.999981880338743 -0.00436203239192828 0.004148694686720239 63.43716908775085 0.004376218946675621 0.9999845876093658 -0.0034166140340469993 -0.09798401836761421 -0.004133727364329875 0.0034347077224500537 0.9999855574361756 0.59278958037203
0.9999876510272324 -0.00396312641258197 0.0029985700051765704 64.86601489643094 0.003976649382917383 0.9999818896708726 -0.004517365377762756 -0.10000297631438071 -0.00298061281004297 0.004529233854501444 0.999985300885952 0.6028967371427439
0.9999906851900827 -0.0032689210306049666 0.002818454960489838 66.32610998240736 0.0032821491483119004 0.9999835610337796 -0.00470161240099893 -0.09882448456123805 -0.002803039428348571 0.004710819195921237 0.9999849754633648 0.6173115402334863
0.9999928871854864 -0.0026049147094701565 0.002727635934556366 67.69064202161736 0.002613414717108301 0.9999917260896137 -0.0031173411477539025 -0.09472305133180053 -0.002719492958530856 0.003124447418578826 0.9999914210563894 0.6288297464303152
0.9999912389872374 -0.0020523904639113185 0.003648238225955006 69.15426813184071 0.0020560145160288075 0.9999973964499775 -0.000989897760409168 -0.09143559087941684 -0.0036461970708605808 0.0009973899186527498 0.9999928552046112 0.6376211680750965
0.9999864196129508 -0.0013978129098579676 0.005020628321304355 70.51526104964182 0.0013851089753797398 0.9999958328506963 0.0025329339447739056 -0.08203493372738935 -0.0050241479673643645 -0.002525945429200681 0.9999841886434458 0.6492640779827203
0.9999834738495342 -0.0005805046730357034 0.0057197064734620835 71.96517000626785 0.0005458655153367032 0.9999815144355063 0.0060558086256308884 -0.08154336070345673 -0.005723116166665373 -0.006052586355904638 0.9999653054680183 0.6614838019140844
0.9999845470471297 0.00011944324754222381 0.005558003261736903 73.32291467850283 -0.00017808522821484557 0.9999443143608869 0.010551609497478643 -0.07297234760287237 -0.005556433442267903 -0.010552436242233659 0.9999288835396022 0.6695197780831385
0.9999868823478612 0.0008905962595339823 0.005044003420640529 74.72486273538736 -0.0009625187915490157 0.9998976496431757 0.01427458565524826 -0.06606558531943099 -0.005030774272499642 -0.014279253354276213 0.9998853905492686 0.6820795283435622
0.9999855465241972 0.0015523519980851505 0.005147518428961263 76.17159790958766 -0.0016347271471948636 0.9998700549515723 0.016037483539942166 -0.06530374649513088 -0.005121953714812242 -0.016045666530678394 0.9998581410258806 0.6935921916657054
0.9999844786945359 0.0016427652312677463 0.0053238794513082175 77.5320519546915 -0.0017305605456773721 0.99986189869077 0.016528421179473774 -0.07298590048155493 -0.00529599190094442 -0.01653737793252819 0.9998492224335136 0.7052639701709563
0.9999852144948221 0.0017961337184332217 0.005132708389354344 78.95739142894445 -0.0018733622279340004 0.9998845148356622 0.015081362863328522 -0.07574658655640966 -0.00510502749332375 -0.015090755299783435 0.9998730958470552 0.7190602598281537
0.9999900999234959 0.0017842767676874683 0.0040763232714178844 80.32337476734402 -0.001843820176957946 0.9998909774148775 0.014650379226346379 -0.07816513691532685 -0.004049738528825659 -0.014657750193566866 0.9998843683032109 0.7290824454196625
0.9999909297480531 0.001389481365046864 0.004026135015165768 81.71667626945843 -0.0014462210443107258 0.9998992002264955 0.014124370113594768 -0.09109321284087608 -0.004006103632602276 -0.014130064683185414 0.9998921403860188 0.7431543687373316
0.9999899981174348 0.0011634941831509117 0.00431855836805481 83.11962292911626 -0.0012220025670772185 0.9999071724206148 0.013570307717106106 -0.09036392766394971 -0.004302368512642649 -0.013575449277893782 0.9998985932593788 0.7527940605151395
0.9999928453521385 0.0008703850016391611 0.0036812599042884823 84.47440680182703 -0.0009204638595265305 0.9999067655712105 0.013623982941985092 -0.08975737682830111 -0.003669058573708789 -0.013627273933884094 0.9999004127483464 0.7646674517422122
0.9999927207339304 8.053778768503015e-05 0.0038147074352185536 85.87722105613493 -0.00013277510041907674 0.999906204953781 0.013695388482993417 -0.0905506547981431 -0.0038132466382684474 -0.013695795288779504 0.9998989370638833 0.7727864009237868
0.9999893654071048 -0.0009164627220826094 0.004519863800492803 87.24050639446686 0.0008588295868648491 0.9999185176902028 0.012736576932930569 -0.08825690937057343 -0.004531168109516337 -0.012732559691859545 0.9999086710491397 0.7861283295788342
0.9999815507627007 -0.0021196228381730443 0.005692568247128508 88.6229209394949 0.002055329248526751 0.9999343058944927 0.011276502870095734 -0.0867727198634544 -0.005716096211967652 -0.011264594725200819 0.9999202143920146 0.7992657929489727
0.9999746236926421 -0.00322555065216152 0.006351991321553091 90.00244384741258 0.0031671586065667562 0.9999528342322329 0.009181416954104833 -0.08030117351896475 -0.006381306850449641 -0.00916106619966333 0.999937674952277 0.8117766219938042
0.9999718681725949 -0.003935935792625696 0.0063852386679549315 91.3725256028022 0.003888290132097152 0.9999646352338623 0.007457176507053164 -0.07209564651122857 -0.006414363823408745 -0.007432139062547044 0.9999518084616358 0.8234790486510029
0.9999720526807443 -0.004407282231096044 0.006039016541952665 92.74623924239317 0.004370088123858052 0.9999714879159252 0.00615838331060859 -0.06075470067002306 -0.0060659860903424165 -0.006131820165834341 0.9999628016052424 0.8316769189235242
0.9999720865052925 -0.0045997516472155685 0.005887995842021246 94.10057988030567 0.004570804039985743 0.9999774483129176 0.0049204284380836546 -0.04553199037494745 -0.005910495806594557 -0.004893378216548359 0.9999705600111185 0.8440690429784766
0.9999762839267309 -0.004734981140772649 0.0050011536351847775 95.47920407285584 0.004711661359322512 0.9999780214986924 0.00466441494675231 -0.028651570861410836 -0.005023129634128679 -0.004640740582810739 0.9999766155743453 0.8468465620595136
0.9999786211198395 -0.004721389677802755 0.004523912330591193 96.81484793555956 0.004700966855887051 0.9999787600353249 0.004514464401681013 -0.013761789903759071 -0.004545130788480002 -0.004493101125562532 0.9999795767056401 0.8592411236307897
0.9999821287478953 -0.004481448337342061 0.003957120876022395 98.17578844327974 0.004457872574376555 0.9999723819081975 0.005946662337542185 0.006275156341011331 -0.003983661247940079 -0.005928915722613657 0.9999744888752992 0.8759606295690531
0.9999829219562665 -0.004197055804956123 0.004067003611690086 99.52703910637506 0.004169784033949136 0.9999689208639592 0.006691054272616625 0.02757838268767377 -0.004094959940907723 -0.006673981475773095 0.9999693441672817 0.8815913575576714
0.9999795861066263 -0.0038662735686509223 0.00508717001020967 100.87122743497957 0.003827033198380901 0.9999630246719152 0.007700850985003574 0.045098248775405705 -0.005116755507048957 -0.007681225012137799 0.9999574078906532 0.8957675398138842
0.9999729873185543 -0.003833439300153784 0.006271313764946307 102.20840202622949 0.003783027757602371 0.9999605979544122 0.008030643787362427 0.06376063341166115 -0.0063018516478554575 -0.00800670230409057 0.999948088344601 0.9014758070005664
0.9999775320162904 -0.003603574458379526 0.005652407781804954 103.55485553419403 0.003560695936618623 0.9999649493855942 0.007577693891487255 0.07602075173851787 -0.0056795164456001105 -0.0075573971305635595 0.9999553134223325 0.9170347455432516
0.9999897402900927 -0.003373201532106652 0.003023379892875682 104.88747443401058 0.0033493301523863503 0.9999634519102419 0.007866182764436 0.092668439587221 -0.003049803613868811 -0.007855975762245431 0.9999644905409091 0.9280097276354615
0.9999919319805426 -0.0035693211905900354 0.0018428022303910178 106.21051943062946 0.003555660853356079 0.9999665666506677 0.007363617098391392 0.10760857267076229 -0.001869023733888978 -0.007357005308834286 0.9999711901965815 0.9381156809000802
0.9999897862762691 -0.0034381032440795054 0.0029337329845536392 107.55626292214626 0.003421490646782863 0.9999781910466541 0.005648967411439095 0.12052766300102259 -0.0029530907360908174 -0.005638871974479781 0.9999797409837661 0.9527538419542289
0.9999838980288301 -0.002822816544721234 0.004922945238489972 108.89850419955208 0.0028107864663780608 0.999993051198892 0.0024488841071862015 0.12772998638093444 -0.004929823780496515 -0.0024350073274738413 0.9999848836741525 0.9582955856505777
0.9999822192252973 -0.0019084543551550683 0.005649693374299758 110.2354090862342 0.001900775469863851 0.9999972629661615 0.001364226080395698 0.1407347656523584 -0.005652281474102364 -0.0013534630248209977 0.9999831097833493 0.9755983282021148
0.9999889487759946 -0.0010909780226555444 0.004572974178290366 111.57841468145818 0.0010871672444053581 0.9999990598117838 0.0008357289818948857 0.15169564065411353 -0.004573881640786074 -0.0008307481583305501 0.9999891946737391 0.9922312380331776
0.99999741862117 -0.0005212613042385599 0.0022115690468827057 112.89255636522975 0.0005161336916969761 0.999997179128609 0.0023184781294963343 0.1669585816574266 -0.002212771341264482 -0.002317330679329363 0.999994866797582 1.0037630813876162
0.9999998274766038 0.0005174681986776969 0.0002779809814053085 114.25225755878478 -0.0005189854045711059 0.9999848177248807 0.0054858886141519875 0.18397198953626723 -0.0002751379881222592 -0.005486031935779951 0.9999849137625462 1.026087339870031
0.9999979315046894 0.002025740689364393 -0.00018264994368452506 115.55591252535643 -0.0020243674730594046 0.9999718233798242 0.007228719303165277 0.20338405983971414 0.00019728830805085243 -0.007228334599988347 0.9999738557863571 1.0349665361856664
0.9999923248254248 0.003570815887612809 0.0016123163892305308 116.91671508742449 -0.003585042342144687 0.9999538905132584 0.008908665377223556 0.2164542139331585 -0.0015804308422829423 -0.008914377224185878 0.9999590172187346 1.0508083000391726
0.999982215207183 0.004474812533067847 0.003942755651694531 118.22563821006905 -0.0045074444943696826 0.9999553390877082 0.008306790843443665 0.21780887606103225 -0.0039054082328543677 -0.008324414861144415 0.9999577250582918 1.0598488981281866
0.9999752585060366 0.0053577282001774544 0.004558193097958615 119.59372808209798 -0.0053974686615101 0.9999471396119123 0.00875130356020573 0.2145491128909304 -0.004511065044229649 -0.008775689744280866 0.9999513175958512 1.0743127286262013
0.999971596951001 0.0063899533433648 0.003996722098742705 120.91121099638166 -0.006425404457864148 0.9999395630416926 0.008921011239862798 0.20913399869956203 -0.003939475703417501 -0.008946438411933537 0.9999522197439855 1.0801184360964287
0.999963120360506 0.0076901326953673615 0.0038235818295830194 122.2270764229966 -0.007729100597580285 0.999917253551242 0.010283338684183555 0.2062430298829944 -0.0037441852027323102 -0.010312512286964016 0.9999398147726185 1.086837612152322
0.9999557673611141 0.008736887694721984 0.003482831413570767 123.60100325794835 -0.008778441069201353 0.9998882614826078 0.012099732297981003 0.2081511256473004 -0.003376728244928627 -0.012129770925209645 0.9999207300399676 1.096776929695346
0.9999468457038262 0.009969979787643458 0.0026277880436540463 124.93034219978261 -0.010004328460019158 0.9998601740625839 0.013399467735830372 0.2088757507683205 -0.0024938281882361016 -0.013425044751265795 0.9999067701512947 1.1156237136391394
0.9999393620969022 0.01086635754091306 0.0017872892976352384 126.30397347478035 -0.010890750169034404 0.9998390537866781 0.0142568609348571 0.20929556918913253 -0.0016320814918614399 -0.014275461349925586 0.9998967684282467 1.1346783453955822
0.9999287919623308 0.01184080968230609 0.0014853386217578977 127.66822112942658 -0.011860065508066838 0.9998357458319823 0.01370475110128281 0.20775200690844117 -0.0013228192991646915 -0.013721391426205853 0.9999049822690307 1.1605026034498818
0.9999160168689727 0.012739762896185903 0.002378581559960163 129.00438272353506 -0.012770073954718904 0.9998313872164263 0.013195542734870981 0.20929874598687065 -0.002210072414973636 -0.013224809194304523 0.9999101059603782 1.1830268305350748
0.9999035879924286 0.01350874550573691 0.0032138006672180757 130.37869850823353 -0.013544320359047941 0.9998442161717744 0.01131789617646651 0.20274602444770323 -0.0030604094299387444 -0.011360333741181578 0.9999307859604134 1.2029638862819687
0.9998980130556485 0.013747942421374284 0.0038675013309202337 131.719474492248 -0.013788769653140976 0.9998472956460758 0.010735698425413985 0.1985607362843804 -0.003719316982822364 -0.010787931609321373 0.9999348914868277 1.2278487500188082
0.9998969599349876 0.013805813517840725 0.0039330682526933555 133.1073527921107 -0.013843397521576827 0.9998571777504484 0.00969455754368984 0.1924349330604435 -0.003798665269451708 -0.009748005643151798 0.9999452717664861 1.2549967160917657
0.9998978180452487 0.013530062970915113 0.004614202461307639 134.4471192450524 -0.01356309158671107 0.9998820692449588 0.0072034817296790475 0.18841253452319848 -0.00451619474351507 -0.007265328514417236 0.999963408823851 1.2680105725379094
0.9999067921626918 0.012883366157099584 0.004519498133347395 135.78014856832905 -0.012908923669699632 0.9999005885333948 0.005672101926131657 0.18102093940699138 -0.004445973077414896 -0.005729915098206863 0.9999737003523453 1.2950582017661088
0.9999228285928915 0.011698399382702103 0.004181424479028806 137.14676060265992 -0.011721420410825835 0.9999160427498435 0.005524106719269701 0.18079487363817154 -0.004116450211493124 -0.005572692650415972 0.9999759996791324 1.320396652270824
0.9999309920215095 0.010626155888043822 0.005009591392809722 138.50546858432068 -0.010638936578438014 0.9999402003900405 0.0025315355825831893 0.17594754971076304 -0.004982391329461716 -0.0025846576115421496 0.9999842475367655 1.3371855842441756
0.9999403080283102 0.00955846981151693 0.005293017580781723 139.8518279366196 -0.009569775433906422 0.999951972444133 0.002114758433588158 0.17633662163920336 -0.005272549515438053 -0.002165285189103409 0.9999837557488908 1.3634668992452277
0.9999506430185586 0.008272886514954983 0.005501897443779385 141.21306452247785 -0.008277006973279466 0.9999654810315879 0.0007265678421025111 0.17547634477563498 -0.005495696710652187 -0.000772071224415443 0.9999846004932721 1.3798287921869328
0.99996252856022 0.007062927365029874 0.005005650056423652 142.54851163651736 -0.007065947963178111 0.9999748641701065 0.0005860096915244472 0.17966975097464932 -0.005001385291368887 -0.0006213573957181499 0.9999872999494314 1.402335468643778
0.9999718078320311 0.006038215076641652 0.004463574781223992 143.90872834271894 -0.006039690072470685 0.9999817106455526 0.00031704608910065825 0.1823320166993118 -0.0044615787528475195 -0.0003439957591779495 0.9999899879408541 1.4169224233015558
0.99998496149176 0.005065083956810573 0.002102787396243467 145.2621189163384 -0.0050626372155778985 0.999986503504717 -0.0011672672505126593 0.18213475122920578 -0.0021086713226071744 0.001156604046825824 0.9999971078819838 1.4452499816890068
0.9999902950150887 0.004155143185785901 0.0014644660260836086 146.59126853671546 -0.004146486721353527 0.9999742021996828 -0.005865286265611527 0.18750953629164846 -0.0014887993503407357 0.005859156954165789 0.9999817267111839 1.4709917079550068
0.9999873664693008 0.0030389807060533444 0.004003935321733905 147.96546050065982 -0.0029797369493237713 0.9998872123982117 -0.014720178336087207 0.17952639433609993 -0.004048218065424286 0.014708061694241426 0.9998836356555162 1.4833621278592422
0.9999832166367172 0.0014794549774188926 0.005601576372247047 149.28622315142346 -0.0013544324191155932 0.9997513523350994 -0.02225756089426606 0.17182401418494864 -0.005633112612612552 0.02224960038089906 0.9997365769667448 1.5029880243480993
0.9999974182275028 0.0002775442752037748 0.0022553286909512684 150.63767536288046 -0.00022406670763031893 0.9997196258489711 -0.023677404555901976 0.16812694689583313 -0.002261267883170426 0.02367683808215568 0.999717106988768 1.5367866975059985
0.9999996191680995 0.0005982157250550619 -0.0006354538553746782 152.00938635958414 -0.0006126997507736998 0.999734287709384 -0.023042972404314816 0.18138357398127258 0.000621500339030915 0.023043352971234658 0.9997342735053009 1.55824606548348
0.9999927396642267 0.001335029807826576 -0.0035690775063396615 153.34062023538905 -0.0014082694475089559 0.999786857791405 -0.020597469862879438 0.2001761168509757 0.00354081854904456 0.020602346541140126 0.9997814790848055 1.576637253815388
0.9999912862126811 0.0022485706939070755 -0.003517304158328841 154.69773807458918 -0.002320215124353364 0.9997871721001891 -0.020499441594433957 0.21178946882348557 0.003470461134261124 0.020507423868964852 0.9997836773351394 1.6079317413618053
0.9999959069331764 0.0028126313187625835 -0.0005246160107487847 156.04206891454987 -0.002824203234353414 0.999718829210118 -0.02354328776619487 0.21519176604644497 0.00045824991553281805 0.023544673024179147 0.9997226807366127 1.628551887882763
0.9999907507047203 0.0033496338378888576 0.0026978617758860557 157.37450483108844 -0.0032655866479963623 0.9995270713252636 -0.030577273125405258 0.20546827914169322 -0.0027990085484229914 0.0305681802057838 0.9995287649237777 1.6468753477753995
0.999985917132935 0.003297633034561069 0.0041582631196032714 158.73020818254253 -0.0031534887179959074 0.9994097882451036 -0.034207172768039286 0.1941551167286079 -0.004268611566768954 0.0341935779971384 0.999406112738483 1.6631604331031842
0.9999863663744867 0.003326058807766578 0.004025468663199069 160.08272338594924 -0.003183684502157128 0.9993867010956402 -0.034872422143638455 0.18588646742582451 -0.004138987574497398 0.034859130883897256 0.999383664953494 1.683809128104769
0.9999809530412206 0.004327960536601606 0.004400262760999003 161.44417164601023 -0.004176165193949661 0.9994151563527792 -0.03393972446297513 0.1846489564694859 -0.004544579083376019 0.03392070179025559 0.9994141948116464 1.6902936343532513
0.9999780528831573 0.005401969962692519 0.0038356841021642924 162.7938881730107 -0.005281099780461403 0.9995100069006662 -0.030852165086732632 0.18655548531040586 -0.004000467112505568 0.03083123134019076 0.9995165988801432 1.701582293141409
0.999978369216871 0.0063124376736555955 0.0018477632380039131 164.14243420021432 -0.006260981472877632 0.9996254439291478 -0.026641545759409344 0.18507995164433028 -0.002015244244201736 0.02662940067051139 0.9996433433032832 1.7179563822889798
0.9999749842186437 0.007025543456704693 0.0008201683127783413 165.49473275639753 -0.007003501592393622 0.9996791960330714 -0.02434041873340473 0.1782547622231616 -0.0009909098690959767 0.024334065788727 0.9997033916816633 1.7328696216120647
0.9999714360018143 0.007337604456918639 0.0018129372033513383 166.84730873319546 -0.007293174298568087 0.9996994453963277 -0.023405736111593047 0.1643993247390879 -0.001984134350338589 0.023391845483172823 0.9997244044114214 1.746207150414856
0.999971998968821 0.007124521379502147 0.0022896448225100635 168.19039299702467 -0.007073965401229637 0.9997464421113138 -0.02137780389262444 0.14974005454608372 -0.002441370885882834 0.021361008423815563 0.9997688467977562 1.7670494224953097
0.999977695613034 0.006678590842743239 -6.856239236331508e-05 169.56823419347285 -0.006678724025442953 0.9998091771622364 -0.018357666179654907 0.14424984250780667 -5.405403214854007e-05 0.01835771463246176 0.9998314814965743 1.789523140987781
0.9999771036695053 0.0061921757158941906 -0.0027293033269989433 170.9577846739813 -0.006232847304688244 0.9998657429369645 -0.015154131964194741 0.13354346612597356 0.0026350998508059852 0.015170796321066294 0.999881444566185 1.804507180619983
0.9999726824361499 0.005901865532422404 -0.00444998479637728 172.30332676363935 -0.00594079496060683 0.9999437519528755 -0.008786346546889362 0.12461037286903721 0.004397878657581745 0.008812542972559654 0.9999514976985983 1.8304452654862355
0.9999749092496045 0.00616265037577422 -0.003493223667515913 173.67743067768617 -0.006181342158560946 0.9999665002738684 -0.005365569788056918 0.11814341081792654 0.0034600405148091226 0.005387027972609934 0.9999795038145823 1.8468529636236553
0.9999760032361383 0.006792392702035479 -0.0013624805540205997 175.0592608049173 -0.006796280570928601 0.9999727879479579 -0.002869483226960484 0.10555377202895823 0.0013429528211994376 0.00287867416876664 0.9999949548436483 1.8598865649132388
0.9999737967722908 0.0071839516938825764 0.0008925283576486077 176.41543632317646 -0.0071816266313260105 0.999970879672434 -0.00258148137055888 0.08099622120561772 -0.000911047604395224 0.0025750039219921968 0.9999962696665744 1.8733110928104084
0.9999770518536049 0.006447448035043753 0.0020799471166459767 177.8148681692712 -0.006438758378768683 0.9999706270551191 -0.004157814032856812 0.050736552179642375 -0.0021066933123901842 0.004144326341807002 0.999989193142836 1.8867475447150501
0.9999872327992466 0.004551718279260917 0.0021945612799537575 179.1856488422393 -0.004536631848682596 0.9999663768326017 -0.006831118191668726 0.03041462805474832 -0.0022255808173932863 0.006821075060814879 0.9999742595312341 1.8902954947696322
0.9999963565705632 0.0022800363907358916 -0.0014450881135973294 180.5143878872135 -0.002291917172538329 0.9999631444612687 -0.008273864562963381 0.00669152825183766 0.0014261701418008118 0.008277146439985061 0.9999647268206702 1.8999115867487855
0.9999821398094025 0.0008706999801522707 -0.00591286256842767 181.96696664450022 -0.000903437447090235 0.9999842667962018 -0.005536240677737575 0.0008856889584282088 0.005907949135507627 0.005541483700887692 0.9999671935095696 1.9132691268002695
0.999974184485252 0.00041922828021169657 -0.007173186928024148 183.33946968622067 -0.00043007568760832003 0.9999987663486939 -0.001510740213745933 -0.0016715936464036297 0.007172544733791068 0.0015137862265100774 0.9999731311656839 1.9241276608767577
0.9999814016872679 4.959696760277112e-05 -0.0060986736023293155 184.68253193095023 -3.6658330168893175e-05 0.9999977486412486 0.0021216429014101726 -0.0030019722959118036 0.006098765099081375 -0.0021213798752414796 0.99997915218853 1.9339559217585038
0.9999954334787988 0.0001333271603603471 -0.0030191464716661817 186.12819134000134 -0.00012035038853675195 0.9999907566014804 0.0042979329197493825 -0.005268794147034229 0.003019691595683765 -0.00429754993769667 0.999986206168465 1.948695528515668
0.999999596009811 0.0007251207531499107 -0.0005312062763968037 187.49820490958624 -0.0007228341839837739 0.999990527632217 0.004292103980886421 -0.011692356440710273 0.0005343135382868031 -0.004291718272863197 0.9999906477879227 1.9647573398946612
0.9999994562775003 0.0010407841579017953 -6.490793797906487e-05 188.9468999188198 -0.0010405433842087706 0.9999929595554555 0.003605289029571359 -0.021269316348188683 6.865980870496204e-05 -0.0036052195297691493 0.9999934988178538 1.9720937288245284
0.9999996613350078 0.0007461570618339817 0.0003472456027690132 190.33167073011026 -0.0007472277843788814 0.9999949355485866 0.003093626967852447 -0.03169987443088503 -0.0003449355125517863 -0.0030938853917116863 0.9999951544345979 1.9896993091354078
0.9999989458161006 0.0007817874750993716 0.0012235910392564796 191.72109996992256 -0.0007818008550384404 0.9999996943389933 1.0456712031129019e-05 -0.04201444308902766 -0.0012235824903259144 -1.1413305528539645e-05 0.9999992513575326 2.0080563720445315
0.9999987566395908 0.0011366659864602657 0.001093027770766997 193.1572583045063 -0.001135068140125955 0.9999982880159968 -0.0014613642231533978 -0.05098411336202433 -0.0010946869825272268 0.0014601217451521086 0.9999983348510634 2.028117051903626
0.9999970057629222 0.0014753149693708236 0.0019524115681382257 194.54675672914897 -0.0014658309010692602 0.999987163534096 -0.00485016564695164 -0.061031126407323555 -0.001959542028056576 0.004847289219197644 0.9999863318977245 2.0434605199541487
0.9999920853200658 0.0019541386667688027 0.003465636925213259 195.9970385531415 -0.0019200581540576402 0.9999500368912048 -0.009810050864461572 -0.07028385169891863 -0.003484633970935733 0.009803318996611583 0.9999458746665938 2.056886431055474
0.9999888015449012 0.002260326342640045 0.004157849157550393 197.40474954490278 -0.0022069995755748316 0.9999158233459622 -0.012785748911975026 -0.08151727578114921 -0.004186399128796435 0.012776429360013912 0.9999096143727907 2.0847852939527303
0.9999972057728623 0.0023589661613185146 -0.0001540295996485975 198.82489336294728 -0.0023604881729699283 0.9999392236960009 -0.010769262269265768 -0.07898508191813192 0.00012861591302326225 0.010769595762549138 0.9999419979504102 2.1051679188836996
0.999980873904206 0.002741499559883204 -0.0055440063080416735 200.2485734497266 -0.0027598648405477064 0.9999907210761814 -0.0033077042795115505 -0.06726750663127007 0.005534886795802986 0.003322941724127981 0.9999791613261027 2.134818742503473
0.9999736541677623 0.004018498553084838 -0.0060450508476985135 201.68034139659437 -0.003983024622313363 0.9999748454625188 0.0058688974321876326 -0.05515403114659004 0.006068482943079839 -0.005844665224830945 0.9999645060716801 2.169126895876881
0.9999834692443588 0.005305672150749584 -0.0022160959016670543 203.11719202960404 -0.005277586527562154 0.9999080360214411 0.012492661053140956 -0.038811807096920156 0.0022821740645094725 -0.012480758902139353 0.9999195079298963 2.205138486469182
0.99998178789993 0.00603330001131678 0.00015218223597934387 204.55624355128188 -0.006034885295708823 0.9998737186968155 0.014701252289151284 -0.03627169082746526 -6.346595260575558e-05 -0.01470190295081162 0.9998919191701161 2.2422720100493967
0.9999838995847359 0.005650501978518431 0.000521918284445289 206.00000727132232 -0.005656812323985008 0.9998994304231268 0.01300498034745985 -0.04514511082083238 -0.0004483811281603447 -0.01300772335565932 0.9999152954563034 2.2642148064126673
0.9999904156162297 0.004349441466756861 0.0005010335390994295 207.44117124968326 -0.004353940399654846 0.9999467298698029 0.009358452098694252 -0.05033351023017118 -0.00046030280935485007 -0.00936054387386531 0.9999560832055122 2.2864869535533257
0.9999949360335184 0.003181826438960598 -6.23524809565998e-05 208.87559105489947 -0.0031812821533045085 0.9999679230577244 0.0073506666011970865 -0.060499661907792913 8.573902621534095e-05 -0.007350431016832919 0.9999729815413445 2.3095184016140085
0.9999959204369343 0.002780284731412448 -0.0006550773242985234 210.34592286457908 -0.0027749782410918804 0.9999644141372983 0.007966803299400941 -0.05746611687007412 0.0006772039943782925 -0.007964952973003288 0.999968049949041 2.31980970604165
0.9999966986146563 0.0025507381923746773 -0.0003106355777239743 211.79293345404656 -0.0025479512268029012 0.999959220344935 0.008664040148543347 -0.056104202754454095 0.00033272260821942093 -0.008663220060906833 0.9999624182507272 2.3363451753742788
0.9999968565931235 0.0025059619101188623 8.341928293642907e-05 213.26236648581565 -0.0025066587640643046 0.9999488906162722 0.009794529959468943 -0.05071921652879823 -5.887030042233997e-05 -0.009794708274952782 0.9999520289614379 2.3521932680933726
0.9999974238387936 0.002266562868763616 0.00012250933793026453 214.7288373990935 -0.0022676442862807193 0.9999504120007126 0.009696975249843866 -0.0498450397704688 -0.00010052445889668666 -0.009697228076472584 0.9999529757255918 2.3788948564963754
0.999997984387968 0.0018796022039109963 -0.0007059146946782558 216.1858659451376 -0.0018726358619931157 0.9999507839960432 0.009742834322049811 -0.050341346792286926 0.0007241926052419139 -0.009741492763102964 0.999952288293705 2.3989734680018264
0.9999977966561464 0.0016943373323308436 -0.0012393158825039301 217.66260384187586 -0.0016834524349118053 0.9999604589729405 0.008731922956916821 -0.051468921677542204 0.0012540617017300258 -0.008729817388148018 0.9999611080525171 2.422323993264911
0.9999986157351082 0.0011128686293639957 -0.0012369524167030895 219.1382088806649 -0.0011015554498791885 0.9999579021079414 0.009109368116148852 -0.05393839797750632 0.00124703787362356 -0.009107992934694522 0.999957743787828 2.443893762547856
0.9999984941375696 0.0009349788641455271 -0.0014620318453477537 220.62731164902877 -0.0009205576161548334 0.9999512252895547 0.009833596269602528 -0.048589424690150304 0.0014711547398384539 -0.009832235577009055 0.9999505802024867 2.4691474071819393
0.9999985087250995 0.0007705506621957552 -0.0015455740855598915 222.11636542986355 -0.0007568819683208132 0.9999607730258672 0.008824938481152763 -0.05122839333594497 0.0015523135195557062 -0.008823755503587445 0.9999598650253668 2.4905217002234203
