1.0 -2.1684043449710093e-19 -2.5135375298442207e-37 0.0 2.1684043449710093e-19 1.0 2.3183291766350204e-18 -8.673617379884035e-19 -2.51353752984422e-37 -2.3183291766350204e-18 1.0 0.0
0.9999996144572926 -0.0005723897269502802 0.0006659243699802237 1.3271307127150507 0.0005725266515208768 0.9999998150031163 -0.00020544334102258209 -0.005205242904773986 -0.0006658066531284189 0.00020582452126511109 0.999999757168854 0.013546002618737998
0.9999992686506489 -0.0006310930990495225 0.0010317071617683797 2.620400249204164 0.0006317219644781507 0.9999996148242213 -0.0006093264874477984 0.0032616480561835828 -0.0010313222226384742 0.0006099777938922657 0.9999992821505244 0.023155165917102573
0.9999984080806568 -0.0013145955684215954 0.0012065134246878437 3.944431469168364 0.0013152995039614583 0.9999989651428909 -0.0005828381958469084 0.0014968510495183922 -0.0012057459796094815 0.0005844241945245251 0.9999991023120939 0.042724277089956374
0.9999985763318838 -0.0008800205240788166 0.0014397562580511227 5.276348118827755 0.000881273383638691 0.9999992334146602 -0.0008697857869248605 0.012604385612162781 -0.0014389897250110366 0.0008710533675077156 0.9999985852863005 0.04177979977458566
0.999997786687794 -0.0012070478149658944 0.0017232687212533166 6.606972188827152 0.0012091179588218897 0.9999985481118654 -0.0012007530649974663 0.008382052461006931 -0.0017218168528964884 0.0012028340425147947 0.9999977942660631 0.04278872157354516
0.9999967192755046 -0.0008840068948593192 0.0024041568246351104 7.940246282741048 0.0008895981560858923 0.9999969001183829 -0.0023255899779677405 0.02337723712865465 -0.0024020935344584255 0.00232772108182587 0.9999944058149609 0.061433015770509955
0.9999966058758929 -0.000873483241502648 0.0024546412611861773 9.262030326792253 0.0008794477276802168 0.999996661187287 -0.0024298530763327384 0.02751113273293585 -0.0024525106296572384 0.0024320035577892556 0.9999940352573641 0.0582192092397267
0.9999966097639618 -0.001266615935281217 0.0022751142070677457 10.574476610325048 0.0012719655674189169 0.9999964263568822 -0.002351462748944188 0.032548963269163136 -0.002272127676432485 0.0023543486438637696 0.9999946472248165 0.06110004242504724
0.999997806805724 -0.0012989856361764252 0.0016428694588934696 11.907043636708606 0.0013014713963886105 0.9999980086551906 -0.0015128971735503909 0.05167867038926468 -0.0016409009556764462 0.00151503200308172 0.9999975060579318 0.06758946893793702
0.9999991451798917 -0.0009577345750956518 0.0008901595191110357 13.236156610683853 0.0009575489971894848 0.9999995197344279 0.00020887994496383635 0.0725787209300108 -0.0008903591431434011 -0.00020802739505419574 0.9999995819925122 0.08023895090459714
0.9999991438000674 -0.0010495732809091816 0.000781533786806556 14.575054881114413 0.0010490553282608785 0.9999992300535031 0.0006628539199185936 0.07415105408309632 -0.0007822288988308473 -0.0006620334801998468 0.9999994749146726 0.07912984059682421
0.9999989496825459 -0.0006439758295796952 0.0012984332621091249 15.934384137696522 0.0006433258305944602 0.9999996675863909 0.0005009580655668693 0.09578146954967139 -0.001298755435378096 -0.0005001222237450514 0.9999990315555713 0.09075796933643786
0.9999929207313023 -0.0004012983609982963 0.0037413161995305836 17.26200724745015 0.00040304749444114744 0.9999998098364405 -0.0004667759634654563 0.08730930298139451 -0.0037411281716394854 0.0004682805871531221 0.9999928923113879 0.10385516771554835
0.9999846251498516 -0.0003324129454550589 0.005535247559452846 18.615863765370797 0.0003635519647617267 0.9999841104842583 -0.0056255318837981644 0.08191080395815646 -0.005533289607426372 0.0056274577422141285 0.9999688567277882 0.13173929432629877
0.9999875466130048 -0.00014150925095317187 0.0049886465133619174 19.95732880098007 0.00017616332653247702 0.9999758549414326 -0.006946833856749426 0.08122131461305546 -0.004987543020944116 0.006947626161703705 0.9999634267838655 0.1478140737676095
0.9999952683175395 -0.0006109749619556687 0.003014971331222077 21.353260677579804 0.0006335299770071095 0.999971780851764 -0.007485729084074669 0.070225494373929 -0.0030103126582568004 0.007487603738699804 0.999967436373781 0.132949884449949
0.9999985372122482 7.726895030661646e-05 0.0017086845446004347 22.6737730757206 -6.791503980228263e-05 0.9999850168039218 -0.00547371493664215 0.09684382965448174 -0.001709081891252299 0.0054735908843801286 0.9999835592858112 0.17791387247647666
0.9999962607218872 0.0008001547174369952 0.0026150133215340414 24.0454235936454 -0.0007907048151479014 0.9999931613915544 -0.003612749094506493 0.10405609535504044 -0.002617886196712741 0.003610667881807864 0.9999900548252009 0.1514029602039719
0.9999727456572348 0.001563700617160335 0.007215454463239967 25.414631319827198 -0.0015379931539030245 0.9999924554874798 -0.003567007874852111 0.11094078654296546 -0.007220977758568752 0.0035558133388300817 0.9999676063111793 0.15783035849945018
0.9999616277492366 0.0015241943361230777 0.008626694658028898 26.799797928290126 -0.0014878962569271931 0.9999900204490222 -0.0042125012869519435 0.09762486946672339 -0.008633029238092274 0.004199504017104885 0.9999539164242444 0.18255690179154205
0.9999705576697994 0.0017001443342017663 0.007482867284225964 28.168497337284403 -0.001626820640233353 0.9999507135158977 -0.009794079520382939 0.09351699166837299 -0.007499149828811821 0.009781617876913583 0.9999240384667003 0.19120065614180815
0.9999832317433432 0.0016955604226510086 0.005537265299075883 29.518778517639365 -0.0016455818390762372 0.999957983186468 -0.009017977714671173 0.10800105420865024 -0.00555232316693768 0.009008714475692021 0.9999440058177984 0.1982828391086099
0.9999905552986001 0.0020530117735718403 0.003830725290972156 30.93309242256091 -0.0020186606165491 0.999957913110839 -0.008949693644523988 0.10364805122434273 -0.003848937894083498 0.008941876183062192 0.9999526131409499 0.23488312879377696
0.999993270089955 0.00286979096281626 0.0022856234659380673 32.302705572681774 -0.0028529741276929785 0.9999690855502141 -0.007327242489187501 0.12938320604778156 -0.0023065804614240334 0.007320672352890701 0.9999705432875894 0.2044411156782383
0.9999931074105181 0.003638755367536452 0.0007379639771078299 33.674503419645944 -0.0036338524659615384 0.9999720129115919 -0.0065397637415130355 0.12840873396307304 -0.0007617399240616113 0.006537037013388251 0.9999783432151786 0.24038862693176025
0.9999919993439638 0.003669104587720342 0.001593398753092196 35.07762075549795 -0.003659053625859639 0.9999736762374121 -0.006265633152234872 0.12392132446822922 -0.0016163460721855495 0.00625975269157423 0.9999791012424285 0.24981818533355854
0.9999920732822276 0.0031561300454762834 0.002427388689077826 36.468745525919665 -0.003141297241196852 0.9999765197911376 -0.006090329879988549 0.1266243245457487 -0.00244655356660551 0.006082656454270138 0.999978507602091 0.2703996511131058
0.9999897603984996 0.0029517989204912655 0.0034301576179803727 37.87489026628602 -0.0029327110686740614 0.9999802621451961 -0.005556485023152412 0.14244578565592053 -0.0034464915405204217 0.005546368465746485 0.9999786795191701 0.2549263514667011
0.9999905749896763 0.0026278660626924055 0.003456045684478272 39.266010556105115 -0.0026107813968736303 0.9999843965584518 -0.0049386698742280005 0.14409227340524783 -0.003468969921228772 0.004929600347433669 0.9999818324790207 0.23269293562791038
0.9999872591704059 0.0031653734983084093 0.003932163205612499 40.66205877182059 -0.003153312847533365 0.9999903170336693 -0.003069602089367854 0.15679164538701668 -0.00394184156771261 0.003057163639335856 0.9999875577403636 0.2663370471030989
0.9999869675003972 0.0028701973691706273 0.004222179108213269 42.08866946944492 -0.002878742078290405 0.9999938180523172 0.0020190842468473277 0.1554336354064238 -0.004216357836629479 -0.0020312124977935747 0.9999890481912201 0.29338957648083713
0.9999862700618392 0.0026621353879055488 0.0045136152900762646 43.48111033984306 -0.002670226914741452 0.9999948371460586 0.0017876155771202292 0.16421672471807444 -0.004508833112251951 -0.0017996434102992504 0.9999882157843469 0.2884374661639088
0.9999863998199917 0.002399983343920997 0.004630362296909584 44.908183832007666 -0.002410153966012759 0.9999946927414537 0.0021921785478565214 0.17150911290010512 -0.004625076530377955 -0.0022033086198876327 0.9999868769629997 0.31435032991575407
0.9999915064821786 0.0013388495429977685 0.003898005310960062 46.32307686859966 -0.001345484246382886 0.999997649914919 0.0016999519940102817 0.1683209048774794 -0.003895720170365636 -0.0017051822601759387 0.9999909578180264 0.3240827846736648
0.999991172953903 0.000118005600174125 0.0042000105899200595 47.75197172524979 -0.00012114960483136265 0.9999997126668615 0.0007483241062662394 0.16092719417849283 -0.004199921076682549 -0.0007488263303981142 0.9999908999196325 0.33379062754809924
0.9999882908570885 -0.0007502691516121244 0.0047807159420886584 49.14269109726253 0.0007428733909069797 0.9999985250083013 0.0015485865641787213 0.1678114086749093 -0.004781870747300035 -0.0015450169648944681 0.9999873732376495 0.3541683507952986
0.9999854813180715 -0.0017223143929988598 0.005105955953234979 50.57118727444453 0.001708967349742626 0.9999951147670771 0.002617226122792538 0.17584361165087592 -0.005110438695671872 -0.0026084622121056236 0.9999835395351394 0.37066347628535623
0.9999832196871182 -0.0029387511310345234 0.004992402825732845 52.0300199998531 0.002927278323401605 0.9999930617306901 0.0023038081728924834 0.17816439419338445 -0.004999138505971311 -0.002289155361697066 0.9999848840767186 0.367860928923475
0.9999749813990253 -0.003725996930562514 0.006012779963746672 53.436178861110335 0.0037081241512086026 0.9999886820182614 0.002980880852993771 0.1989067679578881 -0.006023818664121471 -0.002958510140925685 0.9999774801596523 0.38603960104030166
0.9999675246050128 -0.004663175806491271 0.006573015040353463 54.88965378916422 0.004651057053801188 0.9999874580549722 0.0018577946703948439 0.20905401623598172 -0.006581595825120575 -0.0018271628698109405 0.9999766717640177 0.3972449794215293
0.9999610566425651 -0.004911080303384978 0.007332563572055593 56.27934120849916 0.004929188751990019 0.9999848414392734 -0.002453566774815957 0.21808957582275168 -0.0073204027574845665 0.002489614814570683 0.9999701063139554 0.38514542259944984
0.9999553314758028 -0.00556061625700428 0.007642944456142186 57.72268794580122 0.005576365889792203 0.9999823692539426 -0.0020409127209940945 0.23120422699932092 -0.007631460972873864 0.0020834414111976403 0.9999687095481066 0.4138462413065343
0.9999517785871257 -0.005232373070231047 0.008310401464297313 59.17183915042198 0.005245199048703569 0.9999850851036077 -0.0015223197002171744 0.2556011933354458 -0.008302312170916797 0.0015658360016652605 0.9999643092482013 0.4454556801251921
0.999949944142635 -0.005078558801476526 0.008620756906508906 60.568040468023455 0.005090967483733569 0.9999860354773903 -0.001418062160505269 0.2544745477469739 -0.008613434809687898 0.0014618791712842363 0.999961835096754 0.4566946488508656
0.9999400836491922 -0.004490663571870904 0.009983138400865281 62.027582304027916 0.0045417229751595085 0.9999766923713913 -0.005097790343754276 0.27345965560416763 -0.009960013256189351 0.005142825551799102 0.9999371727670097 0.45612573974444737
0.9999483753405579 -0.004165567854279954 0.009267939265549181 63.438193535595246 0.004225258836208764 0.9999703984076223 -0.006430357398166293 0.2769800783912392 -0.009240878829719528 0.006469184875430731 0.9999363758787365 0.46936517173323883
0.9999562391702498 -0.003683793986617782 0.008599384068315702 64.8497965707843 0.003742414149421625 0.9999698040516545 -0.006810677002335904 0.28792430804518293 -0.00857403527077257 0.006842561418072696 0.999939830826043 0.4802388399396992
0.9999617016302729 -0.003170295573904491 0.008157481146961475 66.31548297182954 0.0032314665580983042 0.9999666792216877 -0.007496537216220442 0.28436790254698724 -0.008133443094584396 0.0075226107385911855 0.9999386268322185 0.4801353842681874
0.9999650426535067 -0.002570325601908941 0.00795656315696642 67.68415440175438 0.0026190764301882493 0.9999778257702184 -0.006122777680071838 0.2929821105885786 -0.00794064919408082 0.006143402491040689 0.9999496010780793 0.4857948530770099
0.9999553445231842 -0.0017532460013346904 0.009286284939558895 69.15237739918697 0.0017855296850015183 0.9999923877467736 -0.0034693417604130345 0.3249313274797209 -0.009280131640437695 0.003485767772725451 0.9999508630826671 0.49970234630645416
0.9999477408377864 -0.0010480436353378917 0.010169424661483755 70.50089767351463 0.0010550954873380397 0.9999992066480757 -0.0006880964552362604 0.3316465452843286 -0.010168695438440723 0.0006987902099611433 0.9999480533134323 0.5036312288229785
0.9999388592376468 0.00022791275331542272 0.011055579690386395 71.94233338426838 -0.00025524231273375505 0.9999969153230234 0.0024706670758948834 0.36153789329174957 -0.011054982490958466 -0.002473337869155129 0.999935832922248 0.5141559310944454
0.9999366369847238 0.0005082546411849836 0.011245607715918614 73.3118787802019 -0.0005885652280639791 0.9999743413037155 0.007139350472743564 0.3676650873181509 -0.011241690560272877 -0.007145516875640534 0.9999112790552604 0.5263278509383098
0.9999426483293756 0.0013197376883569238 0.010628186320749263 74.69744780501784 -0.0014241410861775623 0.9999507519342768 0.009821686629144085 0.38741008018288103 -0.010614700853123108 -0.009836259375818484 0.9998952825807762 0.5254188092504464
0.9999397367469787 0.001969349524546765 0.010800210036526814 76.1634791936538 -0.002083322288570787 0.9999421584873546 0.010551750939641618 0.39146355171263936 -0.010778805250345294 -0.010573615375095267 0.9998860015098094 0.5210150418876462
0.999935086503331 0.0023175506466777446 0.01115579394646597 77.52705947685757 -0.0024434410067261316 0.9999333439519973 0.011284380754968001 0.392677363313974 -0.011128898221413134 -0.011310906770746835 0.9998740975804908 0.5247852157346926
0.9999305706475972 0.0023915902731703634 0.011538378583489576 78.94785330445211 -0.0025180721196568605 0.999936769126139 0.010959792989785107 0.38650909782395687 -0.01151143766741847 -0.01098808652787249 0.9998733663606033 0.5454607797097141
0.9999492519452946 0.0017247787568308553 0.009925657272220997 80.29985847414292 -0.001822099225177414 0.9999502769473426 0.009804263733012615 0.37616367897708475 -0.009908253552428723 -0.009821851718125435 0.9999026741340219 0.5316953530528049
0.9999467900188895 0.0018766185443294908 0.01014373864795382 81.70101582008428 -0.001974368925680102 0.9999516320386357 0.009635115495639623 0.40216429642120516 -0.010125166579578931 -0.009654630293702842 0.9999021297685228 0.5525133122310176
0.9999427619549661 0.0012022303731623416 0.010631437156083829 83.1070282914605 -0.0013123245481174626 0.9999455282865305 0.010354625249226278 0.4035485342468922 -0.01061840939850796 -0.010367984466681652 0.9998898710757823 0.5514420279594597
0.9999523623600791 0.0013531712109569824 0.009666537030959994 84.46726922145959 -0.0014466417311344063 0.9999522071602143 0.009669054923710084 0.4263535263723708 -0.009652991152944464 -0.009682578328617797 0.9999065293509746 0.5505104160187629
0.9999524083254406 0.0003039673781093464 0.00975134288107602 85.86304317726304 -0.00040114522440894883 0.999950265912999 0.009965178524820461 0.42314654207195385 -0.009747828817752215 -0.0099686159699155 0.9999027985404302 0.545931221906845
0.9999436523418195 -0.0006810093230453109 0.010593789105150273 87.22355969152963 0.0005789165990452087 0.9999533943109592 0.009637118945133869 0.4398994140779305 -0.010599858342158408 -0.009630442995689947 0.9998974435265013 0.555294708267229
0.9999315539773879 -0.0017632020076281893 0.011566264697232122 88.58149665325556 0.0016561563733500022 0.9999557718887944 0.009258045817153072 0.4412633936121504 -0.011582076948162377 -0.009238256597745555 0.999890249031663 0.5611666119868971
0.999922972619066 -0.0030374778553194444 0.012034224400805977 89.98120101643728 0.002929552778450106 0.9999554264554363 0.00897567951993579 0.44936433107775775 -0.012060951420546608 -0.008939733251320395 0.9998873009595765 0.5727074736954896
0.9999083707327935 -0.0041622785493866145 0.012881210182568013 91.36129621144514 0.004065950363031468 0.9999636430874073 0.007495368637075769 0.44103726877046706 -0.012911939673633164 -0.007442307480722015 0.999888940769537 0.5874994373346678
0.9999137091504243 -0.004197637995517749 0.01244805560315806 92.73612101581384 0.004112217000551001 0.9999678780136575 0.006879870071698193 0.45886850423454506 -0.01247653495090317 -0.006828087295989624 0.9998988515342425 0.5930425274358044
0.9999158737665709 -0.004287161893258024 0.012241961956160468 94.06393476206375 0.004214749432023353 0.999973506737196 0.005934788196752398 0.47447533737836123 -0.0122670810244468 -0.005882692123173627 0.9999074520456999 0.5994785235896463
0.9999164277106517 -0.00445204966134828 0.012137415218318588 95.4388412060974 0.004388326201101749 0.9999764753236846 0.005271754202638668 0.503359438443481 -0.01216059980106684 -0.005218050692854874 0.999912442046525 0.5950996000190113
0.9999245301299581 -0.004194719258338602 0.011547223680451647 96.80644836586474 0.00413563567850645 0.9999782596816247 0.005135823365712963 0.5098319237426002 -0.011568515977312064 -0.005087680655550424 0.9999201392829478 0.6009495373900237
0.9999336377376942 -0.004041926654042036 0.010788092954049908 98.16484655721959 0.0039699104494501395 0.9999697506683356 0.006688614156171452 0.5115301531753461 -0.010814801509284546 -0.006645342521656435 0.9999194365003036 0.6062938790402669
0.9999313759518078 -0.004052073548428665 0.010992001049970794 99.49889646867642 0.003958397736251368 0.9999557790731516 0.008530591161705946 0.5227075057421774 -0.011026081556295253 -0.00848649504593388 0.9999031977783396 0.6056523576723241
0.9999200125680304 -0.00366397491086711 0.012105525754890848 100.87125032316683 0.003561215760709146 0.9999575389675635 0.008499294337732268 0.537180843876285 -0.012136152942982635 -0.008455504111894654 0.9998906031371424 0.6064198222987518
0.9999016859902579 -0.0038642845244882887 0.013479082274158555 102.17462687846914 0.0037432780934634957 0.9999525732700685 0.008991055537776592 0.5567316041664336 -0.013513187002137259 -0.00893971563765801 0.9998687290146457 0.6080662461826567
0.999914635321051 -0.003934891343153138 0.012459482368348278 103.53927225145002 0.003821984034452893 0.9999515368435908 0.009072838705791599 0.5463138844930994 -0.012494579176986728 -0.009024444263138946 0.9998812153935743 0.6131762272941405
0.9999406330525434 -0.0036754054961049497 0.010257766078337829 104.85305956231718 0.0035818412948228893 0.9999519528976559 0.009124818305190628 0.5466050900506314 -0.0102908106297511 -0.009087534902449729 0.9999057535217903 0.6141412918324394
0.9999529540771723 -0.0036114194991994615 0.009002626368853793 106.14374426882064 0.0035482699578656494 0.9999690593017836 0.00702069935349442 0.5804300607108136 -0.009027702511851386 -0.006988425309527948 0.9999348291259039 0.6207576221781703
0.9999449120223297 -0.003106190814282624 0.010026190666480198 107.5311740250333 0.0030368751668000665 0.9999714361281328 0.006921294464259443 0.5878905457425677 -0.010047403140942513 -0.00689046489469191 0.9999257828377356 0.6192574459229331
0.9999266107299534 -0.002713338884110802 0.011807241261542136 108.86345002382942 0.002672967837474842 0.9999905327191737 0.00343361543608556 0.5919851715117554 -0.011816446041349144 -0.0034018030694136767 0.9999243968114933 0.6155485378749528
0.9999150302922913 -0.0021370725558995485 0.012859436863915165 110.19429874226637 0.0021005301833281545 0.9999937197438667 0.0028545132288866305 0.6052036812246395 -0.012865456405239836 -0.0028272590464586645 0.9999132395551972 0.6232164304276515
0.9999231114791535 -0.0012438795917148872 0.012337904741485209 111.52960002366103 0.001212341477840292 0.9999959797326532 0.002563346771736739 0.6148655470654142 -0.012341043634545499 -0.002548191926127298 0.9999205995277415 0.6104093587258844
0.9999564770309485 0.00015717963320288587 0.009328415643449866 112.86074391722993 -0.00019121591543840385 0.9999933281552306 0.0036478872650958665 0.6241449585011442 -0.009327780032126457 -0.003649512239748177 0.9999498355318052 0.6345737372752327
0.9999666029916873 0.0010772818092917894 0.008101380448331329 114.20405647816503 -0.0011284208839175817 0.9999794521012945 0.00631047078305978 0.6155766352416958 -0.008094415826603843 -0.0063194017991010385 0.9999472714065115 0.6485567573858416
0.9999711765940402 0.00235680197732193 0.007217441760802828 115.50149036250613 -0.002423622286296424 0.9999541561133335 0.009263461916837116 0.6384781699677505 -0.007195278739858273 -0.00928068726501522 0.9999310460265473 0.6423718118636084
0.999948385561243 0.003935056846815027 0.009367045482753172 116.88168767372804 -0.004026464704066141 0.9999442665805691 0.009759677998499059 0.6428017586129747 -0.009328118537547751 -0.009796890336214406 0.9999084993859636 0.6575019119368777
0.9999220386082976 0.0041748029002543026 0.0117680808193244 118.16415036175619 -0.004294205582203412 0.9999393745863854 0.010139376223718178 0.6385501749436501 -0.011725037477291733 -0.010189120302182946 0.9998793453830436 0.6545896908813976
0.9999082905321492 0.005293437850538928 0.012465554171291407 119.54289602409435 -0.005418524928741848 0.9999350942787844 0.010022315963641167 0.6495428129205315 -0.012411692578835568 -0.010088941738405235 0.9998720733883548 0.6573234054320047
0.9999094287282426 0.006300798660077584 0.011892614372149316 120.86209628390023 -0.006419698056332841 0.9999295291998485 0.009986196024255796 0.6470494973241101 -0.011828855279569714 -0.010061638555151462 0.9998794135356325 0.6704862042321339
0.9999005319454688 0.007574670555713179 0.011897503147334534 122.1826216416651 -0.007714278906628777 0.9999014139898179 0.011732527524521025 0.6441131600018558 -0.011807460189184025 -0.011823141170404462 0.999860388862738 0.6616330853091013
0.9998965632581363 0.008811419315639682 0.011367571165901631 123.54506773393226 -0.008963741527973327 0.9998697812213306 0.01341908857665915 0.6452310823869432 -0.011247849678385316 -0.013519596519589984 0.9998453412341131 0.6595354319755036
0.9998873085662969 0.010223699236800336 0.010993004228255531 124.88690626054701 -0.010388625272758975 0.9998327448185828 0.015051872092230705 0.6577705534537901 -0.01083727977811726 -0.015164378076733915 0.9998262824133783 0.659238394213931
0.999885303080575 0.011101164641737679 0.010302661164167044 126.2228084756236 -0.011259573495009372 0.9998172886311897 0.015447050167812278 0.6363474847942487 -0.010129298503701284 -0.015561282009315945 0.9998276070473596 0.6659950897308841
0.9998791089782191 0.012109283913400593 0.009753597901675432 127.55469724864453 -0.01225034815518388 0.9998193109437817 0.014535282383854674 0.6335193737061161 -0.009575823672128298 -0.014653010168776608 0.9998467847095345 0.670932767944741
0.9998614904296832 0.012905810284287273 0.010509044515961677 128.86057919993152 -0.01305806963850015 0.9998088587697938 0.014551039232955275 0.6187656647232527 -0.010319242852484858 -0.01468625160988698 0.9998389006438 0.6655890746542986
0.9998437267991009 0.013807584814271027 0.01103959157222411 130.23859951081647 -0.01396338035100027 0.9998022090721698 0.014162158860233108 0.614970878295676 -0.010841862831548326 -0.01431409571037904 0.9998387673391824 0.6764037209238716
0.9998399811219362 0.014077149858666675 0.011038387651412346 131.56388004196364 -0.014229169342364933 0.9998032986137781 0.013816469188419065 0.5891139397429676 -0.010841719877976634 -0.013971325379679347 0.9998436173608464 0.6674197227687245
0.9998366217972692 0.014022270346566331 0.01140638625298424 132.92137431728167 -0.014164818792810374 0.9998213633422892 0.012513964716787347 0.5804927519576851 -0.011228874457901264 -0.012673489602077207 0.9998566372434174 0.6886479282301435
0.9998281998683496 0.013964522470004697 0.012188636519333282 134.25347886397776 -0.014096011776735296 0.999842648284167 0.010769453286661118 0.577824283874933 -0.012036328344052057 -0.010939414257087535 0.9998677192587557 0.679141908778543
0.9998338955958717 0.013468902044910521 0.012278839329843324 135.58244670299194 -0.01358777426961634 0.9998611192247471 0.009649593412885763 0.5441557900429279 -0.012147164606666618 -0.009814832670028632 0.999878050289973 0.6884896381495458
0.9998563447891388 0.012338408633504522 0.01162125024666238 136.9304595820939 -0.012462809201801631 0.9998651526212896 0.0106936878767134 0.5389650338148614 -0.011487740060707238 -0.01083698509723713 0.9998752880146103 0.6931526077424732
0.999852937061961 0.011409021533411385 0.01280384614950779 138.28407023007313 -0.011518745384091327 0.9998972835483042 0.008528825094845762 0.5331975289224851 -0.012705225434701461 -0.008675055064502552 0.9998816533301734 0.7020181057444612
0.9998620546765329 0.010191463501494276 0.013115093965337932 139.62989723145157 -0.010300710837768146 0.9999125861387728 0.008289477517200005 0.5055665837868817 -0.013029465616771062 -0.008423428813089627 0.9998796321921816 0.7084885317379164
0.9998734060753618 0.009057967490730236 0.01308147729393605 140.9904840132467 -0.009151571205687362 0.999932821941621 0.007113392181906994 0.509033994338064 -0.013016165630558187 -0.0072322077406042325 0.999889131155787 0.7096832311315163
0.9998901731545657 0.007727882441179049 0.012646005768928478 142.32046559884716 -0.007828360104049333 0.9999380305683949 0.007915289071231072 0.5089545209848073 -0.012584053679708478 -0.008013417247038737 0.9998887071754592 0.7103542331063404
0.9998994032765781 0.006862053283690715 0.012413522943735192 143.66421365591668 -0.006961775312407982 0.9999437008817768 0.00800804291668735 0.4998815831248125 -0.012357872456147024 -0.008093657491378614 0.9998908818950045 0.7113216637429799
0.999926827968798 0.006586974442922076 0.010146451396733935 145.0108690543207 -0.006644813957674786 0.9999618063849535 0.005677342583359239 0.48713852760339 -0.010108667356574898 -0.005744348442532471 0.9999324063681729 0.7092282355939373
0.9999446106564762 0.005100460394062218 0.009206569547692006 146.3280647775789 -0.005129725638834708 0.9999818565489069 0.003157924614592079 0.4806044774768455 -0.009190295639323522 -0.00320497687507529 0.9999526321727904 0.7388250457302776
0.9999199250148207 0.004388760920349385 0.011869386502231238 147.74459829164152 -0.004322815106863152 0.9999751108920859 -0.0055759183918436435 0.4760823328932309 -0.011893562456522889 0.005524162736980013 0.9999140097019085 0.7326506737951658
0.9999067969893601 0.002957048467911628 0.01332866080433407 149.06207060708553 -0.0027902892974651745 0.9999178211625149 -0.01251260193745969 0.4592273908108714 -0.013364565840872691 0.012474244905696302 0.9998328768318822 0.7398152453573197
0.9999396333216757 0.0015678007617860635 0.010875279917517704 150.3534949328082 -0.0014262470107610826 0.9999143274881349 -0.013011667972075798 0.4272582663522597 -0.010894747907928659 0.012995371665427314 0.9998562020527253 0.7562529586406138
0.9999717821868039 0.0016144497657422027 0.007336782816822654 151.75632050213358 -0.0015090177219517365 0.9998958485081554 -0.014353222692865363 0.45975449026667475 -0.007359191236961082 0.014341746341015957 0.9998700698671943 0.7407913572633074
0.999985097204347 0.0024503542064945676 0.004878640535566481 153.07622721108999 -0.002401707040303935 0.9999475886813363 -0.009952471736899329 0.4490580293971951 -0.004902771920568255 0.009940606351925408 0.9999385716997075 0.7590568833451263
0.9999793753947379 0.0035483360616404636 0.005353325727403659 154.44220520437057 -0.0034948519845534546 0.9999442178774888 -0.009967303696765198 0.4616121714894132 -0.005388394450676643 0.009948389044018546 0.9999359953320377 0.7785017504916469
0.9999618199502498 0.00363522983703048 0.00794630390912408 155.7693365707566 -0.0035686907966555282 0.9999585879702654 -0.008371785383720676 0.460791402083157 -0.00797640820056643 0.00834310784691031 0.9999333825128915 0.789557581557519
0.9999287288563092 0.004245219546242789 0.0111586432333706 157.0967895439335 -0.004016062088816226 0.9997822148266003 -0.02047911525716375 0.4581875341930562 -0.011243151386698588 0.020432841883145435 0.9997280082699864 0.7816713275901446
0.9999232135953204 0.004047949059183489 0.011712430218417051 158.42797714507074 -0.0037895296488700187 0.9997507362148463 -0.02200238402793759 0.4311083615317123 -0.011798575263453145 0.021956309942400696 0.9996893087732137 0.7807534012337211
0.9999172135650004 0.003836899960731931 0.012281865293864084 159.773661156141 -0.003549658307949471 0.9997216467141637 -0.02332442961826524 0.4206925084868031 -0.012367940099389758 0.023278902246711263 0.9996525030068628 0.798491764516565
0.9999139993280542 0.005027164283348323 0.012112867829057877 161.15660061261207 -0.004755858984083952 0.999739482048677 -0.022323750544354013 0.4268273460716467 -0.012221937370953359 0.022264223595519005 0.9996774122658716 0.7902104665399168
0.9999153430075276 0.006314852335883628 0.011376706822028524 162.4896697830676 -0.006071029305456168 0.9997538364960443 -0.021340314304453555 0.4339158588878491 -0.011508667225647707 0.021269439377110004 0.9997075379966246 0.7809955117402437
0.999912563540276 0.007725190227052893 0.010732507175359889 163.82564137706484 -0.007505154554816008 0.9997638717156855 -0.0203929759272843 0.458316283209527 -0.010887512545188159 0.020310643712554238 0.9997344346488022 0.77432272894472
0.9999154996258138 0.008393781600906586 0.009926632787365044 165.18392757200024 -0.00820123384592623 0.9997804622457034 -0.01928126228160887 0.46472917792209845 -0.0100862962212768 0.019198222370939474 0.9997648197883003 0.7660801310300953
0.9999027493583211 0.008683677173109968 0.01091263379865936 166.53781311217037 -0.008466720737175595 0.9997686531647241 -0.01977257669481494 0.4547874448978599 -0.011081807868263845 0.019678259576163412 0.99974494729127 0.7637360839419927
0.9999058195193007 0.008366675845427904 0.010878916615790477 167.85953111503466 -0.0081430086724744 0.9997578388859336 -0.020443947659092673 0.4363099559759659 -0.011047330048287483 0.02035343512592524 0.9997318111260535 0.7577932436767507
0.9999251804985426 0.00829949470323144 0.00898620012175287 169.24732636786777 -0.008129882469467149 0.9997911578546282 -0.01874955164089685 0.458328071366406 -0.009139935228972287 0.018675092057953566 0.9997838278951292 0.7511981554006414
0.9999529731499941 0.006840226082126633 0.006874794224758716 170.67551942224668 -0.006734393215693379 0.9998602485536787 -0.015301349946723868 0.41614580365798737 -0.006978498155319973 0.015254332804848532 0.9998592930478644 0.7699561135377
0.9999617851119881 0.006972867269445134 0.0052732758024608885 171.97437562743482 -0.006920321554386525 0.9999268687447865 -0.009917979221105756 0.43583850296397086 -0.0053420469138722535 0.009881107442442524 0.999936911135138 0.7717582530821687
0.9999540863320445 0.0073199215661653985 0.006184171416715458 173.33003752073122 -0.0072669418530514635 0.9999370728508487 -0.008546455088583113 0.44147836997432705 -0.006246341645355523 0.008501122675387404 0.9999443555164995 0.7590273733640184
0.9999332431463084 0.008004206863670014 0.00833318206865923 174.75876323042257 -0.007988143914228005 0.999966175185222 -0.001959092198807134 0.4420594990475707 -0.0083485811795435 0.0018923947583479354 0.9999633593459147 0.7859211493883242
0.9999066207341037 0.00804277944832072 0.01104823564424824 176.11357586455992 -0.008019780876400033 0.9999655844688241 -0.0021243805255864437 0.4392885165464905 -0.011064941337381586 0.0020355777235547766 0.9999367097454377 0.7848677877459939
0.9999048615920365 0.007124067503843021 0.01181166486195203 177.52787091430807 -0.0070871695662917365 0.9999698839840268 -0.0031627760765873094 0.43611807660344964 -0.011833840971933525 0.003078763903369774 0.9999252379156545 0.7933914842170957
0.9999141627469657 0.005758411447048844 0.011768935195722065 178.92497465066944 -0.005704657080924162 0.999973166673101 -0.004595957066778217 0.4312132859701578 -0.011795084807820185 0.004528424822949327 0.999920181486002 0.7884602295738834
0.9999617089379493 0.003624522997944194 0.007965142241864587 180.2609897166612 -0.0035657304688268996 0.9999663873271517 -0.007383074028368407 0.41228520226727255 -0.007991634633755566 0.007354389772242306 0.9999410216242548 0.7837261449593763
0.999988956552534 0.0018459041974803402 0.004321968378877013 181.68147827732176 -0.0018240595888242036 0.9999855708166144 -0.005052817549275315 0.42885529263024 -0.004331233033525997 0.005044878220886067 0.9999778945677478 0.8043292342449453
0.9999916135640715 0.0013176488227393485 0.003877705907437691 183.07461465285928 -0.0013111216093908565 0.9999977203127446 -0.0016853276949395219 0.45769132408508856 -0.0038799177375341202 0.0016802294170366854 0.9999910614937796 0.8140254987538216
0.9999871326828007 0.001104108857882735 0.004951304117180147 184.4022796085435 -0.001110129778227794 0.9999986475821231 0.0012134437771212732 0.473961198920461 -0.004949957646925083 -0.0012189247534968332 0.9999870059864474 0.8106524263133259
0.9999636375897432 0.0017646578496400235 0.008343229648185362 185.85276436480626 -0.0018066821184227113 0.99998570693509 0.005032079614950334 0.45820608400692037 -0.008334230499069907 -0.005046970200222201 0.9999525332203456 0.8267714229071245
0.9999493321198658 0.0017911667928072574 0.009905802065191238 187.21303617334578 -0.0018635084882342617 0.999971628774879 0.007298560229933869 0.47092331158360196 -0.00989244808673168 -0.007316649973590238 0.9999243001867767 0.8364275816223644
0.9999445779086631 0.002201904690720011 0.010295276917048308 188.67029933145753 -0.0022503553453293574 0.9999864374635662 0.004696891498117448 0.47568805913076223 -0.010284795179558515 -0.004719799218009766 0.999935971191884 0.8212453787995488
0.9999386546350185 0.0021431790713438586 0.01086709483613148 190.086626404212 -0.002192887694832309 0.9999871787454724 0.00456438256818199 0.4815676051828488 -0.010857173217148875 -0.004587932883012158 0.9999305339180287 0.8322756198193684
0.9999311139244924 0.0021991298596219155 0.011529580806970877 191.44926288722664 -0.002205627556168223 0.9999974158645306 0.0005508823326484582 0.4787649961820572 -0.0115283395511853 -0.0005762743456654187 0.9999333804284519 0.8280079804043441
0.9999254552993032 0.0029232733316003263 0.011854885807544326 192.90109809272633 -0.002907575610953301 0.9999948736133978 -0.0013411752276295717 0.4996936455990469 -0.011858745656592484 0.0013066062732789937 0.9999288289330891 0.8325422155248009
0.9999196652030086 0.00283907788653687 0.012353249655751578 194.24880741751068 -0.002800997381960541 0.999991275761802 -0.0030988407429144915 0.4776304125138107 -0.01236193973328617 0.0030639903782280356 0.9999188939153979 0.83620442595938
0.9998994484181841 0.003371011004459983 0.013774227303876096 195.70689568730646 -0.003262263056034493 0.9999633949955876 -0.007909886766041804 0.4752360943565034 -0.01380038741355722 0.007864156261556636 0.9998738442191242 0.8283390243597616
0.9998878734430673 0.003814595028968986 0.014480656278829517 197.14087672588443 -0.0036505387839745346 0.9999290487801544 -0.011338914066262036 0.4643212034257808 -0.014522882223833442 0.011284780475505159 0.9998308555058362 0.8330800412672734
0.9999190725121904 0.003935197249802957 0.012098043187485105 198.55059707638014 -0.003834383793349346 0.9999578285968544 -0.008344970268916112 0.4728282474932034 -0.012130372100080502 0.00829790639070707 0.9998919935784287 0.8530847105263524
0.9999698485196415 0.004289297156173092 0.006473328472378342 199.99259066218553 -0.0042689915711375355 0.9999859347819123 -0.0031473718100441398 0.4909068114780593 -0.006486737436555866 0.0031196423274390405 0.9999740946990466 0.8417586414518964
0.9999658555195685 0.0056030536020239725 0.006074009001504307 201.4427965577048 -0.005648482125969666 0.9999560113459376 0.007487991906762653 0.4976615222914602 -0.006031786193998455 -0.007522045164447497 0.9999535171155977 0.8423940936511735
0.9999327096961218 0.006255836075093965 0.009769370234198348 202.86139024728234 -0.006377656693630168 0.9999016743049525 0.012488683567580788 0.5099297807331945 -0.009690282496887387 -0.012550148889735173 0.9998742881922587 0.8409243206992392
0.9999094655924413 0.007556527005682985 0.011133710893079768 204.30982670422196 -0.007714180154462286 0.9998696195450771 0.014185744087896449 0.501175108149849 -0.011025064316492651 -0.014270347241576591 0.9998373893520995 0.8297271597895755
0.9999070073774321 0.006974238179764396 0.011719069899954426 205.75548130918443 -0.007121277476776629 0.9998958558970669 0.0125524805106828 0.49530390134129104 -0.01163030543910413 -0.012634767971127695 0.9998525384443993 0.8262392126262638
0.9999103086732484 0.005865791677051801 0.012040228277348238 207.2095855853473 -0.005984763181458359 0.9999333901537079 0.009869035686147217 0.49324328288330216 -0.011981536572205033 -0.009940208434133395 0.9998788101753406 0.837864428635826
0.99992159958363 0.004865567264883934 0.011537804873787395 208.63170236175594 -0.0049607949587105234 0.9999537508994085 0.008239331015394745 0.49005095100950546 -0.011497182241416135 -0.008295921732665 0.9998994911905462 0.8347266493199382
0.9999280357779505 0.004500095506674241 0.011120809578457212 210.13642345429355 -0.0045927270021353505 0.9999548569227621 0.008318111279735104 0.501269313286493 -0.011082875255697512 -0.008368587515764523 0.9999035636595449 0.8284554234435617
0.9999286905872228 0.004460047648138348 0.011077983367853978 211.6020013950734 -0.004570821461719158 0.9999396084768171 0.009994347922446238 0.5026886127534067 -0.011032739083618416 -0.01004427071549515 0.9998886894520342 0.8399357354765727
0.9999248920761556 0.004149974622099788 0.01153203872368227 213.0527137053331 -0.004273085337408093 0.9999339278994188 0.010671484308157744 0.5017652376732968 -0.011486990388600819 -0.01071996018070761 0.999876558133821 0.8237292428626982
0.9999276613528179 0.003482834619708754 0.011512685372937658 214.48720016308994 -0.003605417692528425 0.9999368500290945 0.010644102458860234 0.5042186105744013 -0.011474886698651866 -0.010684840518419994 0.9998770730236538 0.8372159120808391
0.9999364445470496 0.0033428462962123463 0.010767183719301 215.96817917451918 -0.003466071987548543 0.9999284816558219 0.01144630588703442 0.5094377456018815 -0.01072815042691015 -0.011482898245753418 0.9998765172941583 0.840871576354411
0.9999419017369623 0.0030304848844019583 0.010344530537087537 217.4447864553146 -0.0031432226650727644 0.999935658518618 0.010899494218336664 0.5072255568404177 -0.010310834202192282 -0.010931376139498298 0.9998870894824834 0.8312344920285614
0.9999435626940942 0.0024028505196707255 0.010348803603417207 218.93732444899655 -0.0025266436357303033 0.9999252167917777 0.011965654844357465 0.49860735871937895 -0.010319278006721519 -0.011991127273796648 0.9998748548534079 0.8492412706533131
0.9999465585898853 0.0025630171798528517 0.010015533294873721 220.40300491825053 -0.0026953472745650624 0.9999089606786838 0.013221401496958883 0.5130076563944911 -0.009980734808341498 -0.013247690266988847 0.9998624323552093 0.8504030349832148
0.9999462736344616 0.002335357107210224 0.010099304517453035 221.87784163039902 -0.0024555497098837442 0.9999261167189374 0.011905098865962803 0.5205257024836181 -0.010070755690450168 -0.011929258592547218 0.9998781289083463 0.8491234721818834
0.9999523865165107 0.0018917619299965353 0.009573188430974556 223.37355914539796 -0.0020167617170794754 0.9999126217465675 0.013064514689892398 0.5221162611381228 -0.009547636990965457 -0.013083199482775894 0.9998688276564995 0.8529907417574649
0.9999517605761421 0.0016109406440357884 0.009689240987563708 224.86556540163224 -0.00173612807278458 0.9999149518334998 0.012925747913554974 0.5273452285615156 -0.00966759432271443 -0.012941946146205176 0.9998695133115921 0.8509188610864129
