1.0 0.0 0.0 0.0 0.0 1.0 0.0 0.0 0.0 0.0 1.0 0.0
0.9999991026986411 -0.00021369547900763092 0.0013224734987388111 1.3108280526873803 0.00021489548040893325 0.9999995652986385 -0.0009073160786629824 -0.003942406356058893 -0.0013222790345137395 0.0009075994581048717 0.9999987139198623 0.010135860520850082
0.9999990571083818 -0.0001718748423119492 0.001362439498113168 2.6126429344597533 0.00017348552252455975 0.9999992861845158 -0.0011821730973887905 0.011682522534992155 -0.0013622353397680588 0.001182408346255924 0.9999983731113675 0.02209889971766169
0.999998957174895 -0.0006922474011343399 0.0012674551899001896 3.936045320425745 0.0006948656836003315 0.9999976233556114 -0.0020665054586424896 0.01096453695734168 -0.0012660216445767494 0.00206738401475568 0.9999970615519483 0.04766450150005813
0.9999993141248658 -0.00018144334176106378 0.0011570774010495365 5.255196726607005 0.0001845259638218799 0.9999964329353231 -0.00266459505335126 0.016445496534038186 -0.0011565898006486908 0.0026648067365944153 0.999995780543643 0.051746121941245164
0.9999989496385786 -0.00030455108356269205 0.0014170287143382297 6.568206980746449 0.00030845953309024894 0.999996146929878 -0.002758800122176509 0.02224358565834494 -0.0014161830588606868 0.0027592343204548915 0.9999951905141887 0.061198453693462405
0.9999974212725429 -0.00026006446214062797 0.002256061776609154 7.9118471809763715 0.0002691682542505239 0.9999918195218958 -0.004035893672934556 0.01734970411210827 -0.00225499372842788 0.004036490525674618 0.9999893108166311 0.09172424538763235
0.9999968061653738 -0.00010325939662079324 0.0025252715792278995 9.226993948685477 0.00011396240849306884 0.9999910106680185 -0.004238584165057737 0.03542376790349847 -0.00252481120507992 0.004238858413752131 0.9999878286297923 0.1002429846829275
0.9999980801087306 -0.0006047381343288067 0.0018638858983065188 10.557879990937021 0.000611764784271952 0.9999927002450265 -0.003771631014467097 0.03457230596223486 -0.001861591443293097 0.0037727640331001256 0.999991150325266 0.11844773733707827
0.9999997729343698 -0.00047279857977355915 -0.00048020069936120286 11.877882057233519 0.0004721845388030805 0.9999990718442165 -0.001278026786380623 0.04343677303779795 0.0004808045029096599 0.0012777997528389047 0.9999990680269765 0.12785790069775785
0.999998539669626 -0.0006018838678020028 -0.0015994981790806075 13.221093849612847 0.0006049594004329504 0.9999979680007499 0.0019230232695209072 0.041391250952308174 0.0015983374922181744 -0.0019239880927310272 0.9999968717886472 0.15391277534227912
0.9999982775612607 -0.0004944387707720204 -0.001788967527366385 14.565725276613751 0.0005027194979604433 0.9999891491568881 0.004631289408931692 0.06189815558242356 0.0017866582265179717 -0.004632180780676626 0.9999876753008493 0.15649111151849093
0.9999995756683734 -0.0001134226723316085 -0.0009142200885834001 15.916348793767545 0.00011825899943912385 0.9999859913590529 0.005291795580066583 0.07997208379603986 0.0009136070720063089 -0.0052919014493433 0.9999855804466224 0.179741878908114
0.9999983897788387 4.541479632158579e-05 0.001793983619224339 17.25805262902723 -5.1592641143597086e-05 0.9999940689444501 0.003443750008598019 0.0689617077279139 -0.001793816581802615 -0.0034438370197519656 0.9999924610759084 0.2005162399384367
0.9999929553540038 0.00039061869011620406 0.0037331835481727157 18.61274241651076 -0.00038643102231030504 0.9999992954475162 -0.0011223972275179698 0.08999082824521673 -0.003733619347283777 0.0011209467026918423 0.999992401753663 0.21805711622938664
0.9999984847931601 -3.787918923072746e-05 0.001740395515638787 19.959272346010028 4.3468525602393034e-05 0.9999948418331492 -0.003211606697909097 0.07547520692121248 -0.0017402648853304863 0.0032116774840876914 0.9999933282806777 0.24779939854178953
0.999999823681894 0.00017997764307340882 -0.0005659012538287401 21.305966352788534 -0.00018215023731313484 0.9999926049348408 -0.0038414706718369897 0.08493081438669742 0.0005652056901146415 0.003841573073563837 0.999992461401009 0.2420288942598201
0.9999982996659451 0.00037807500307986656 -0.0018049167600365402 22.660721104179185 -0.00038073415747969994 0.9999988424088638 -0.0014731674832462506 0.08862943368910725 0.0018043577028801318 0.001473852171831364 0.999997286022845 0.2896414942706013
0.9999992389188446 0.001067278270832063 -0.0006189336185889136 24.031270297688597 -0.0010670634636685541 0.9999993703836166 0.0003472865313211597 0.09245278463985249 0.0006193038802667988 -0.00034662582555709283 0.9999997481565889 0.2752884274375741
0.9999916890485381 0.0019277239698551468 0.003592452386327957 25.424937742258017 -0.0019297861032126044 0.9999979751455319 0.000570640370104095 0.10353710724574679 -0.0035913450750150746 -0.0005775682922312655 0.9999933843058264 0.2903542543160643
0.9999883271009847 0.002093299077150728 0.004354740032147649 26.79058007633118 -0.002088174322466496 0.9999971223365242 -0.0011810362694347344 0.08761342078231578 -0.004357199762804202 0.0011719290270014802 0.9999898206444817 0.3056890374332746
0.9999912471734597 0.0019328194004183744 0.0037107661788624113 28.164440838127643 -0.001914756759015235 0.9999863325075107 -0.004865028749349508 0.09453944865161544 -0.0037201186839438682 0.004857880951974649 0.9999812806796105 0.3333968887438054
0.9999972964556333 0.001982699386155577 0.0012149010528904299 29.517148828072642 -0.0019762879719293102 0.9999842343427305 -0.005255982480464331 0.10627615111731716 -0.0012253029324144748 0.0052535672763445946 0.9999854492259359 0.3340072609841481
0.9999962689945749 0.002612695589227445 -0.0007973823973454244 30.90919428519866 -0.0026168241436687347 0.9999829451305747 -0.005221271816629387 0.10069768852817142 0.0007837272042472904 0.0052233389455450235 0.9999860511536794 0.3702216142103068
0.9999930110792258 0.0031423705859434294 -0.0020256603378238317 32.29196606843648 -0.0031479788326084744 0.999991204790157 -0.0027713844193263605 0.11387398005179998 0.002016933804834457 0.0027777417862057427 0.9999941080469406 0.3657113890728424
0.9999857494861014 0.0036217458273395857 -0.003922216450194556 33.67706994678252 -0.0036270958378419663 0.9999925002842814 -0.00135777427239598 0.11691006947173806 0.003917269521380672 0.0013719811783764562 0.9999913862964736 0.4030507834281699
0.9999850202198529 0.003870332466854835 -0.003870382732549144 35.06867649974061 -0.0038730107059850244 0.999992265438229 -0.000684727529543058 0.12787798568559533 0.003867702673646282 0.0006997073062346273 0.9999922756130238 0.40814066067593985
0.9999918208020974 0.00327767670593394 -0.0023696337939452935 36.46174960464371 -0.003280017640303522 0.9999941359292652 -0.000984678303537539 0.11923961603611045 0.0023663924411067667 0.0009924426903040236 0.9999967076167406 0.44083518089173507
0.9999944275700174 0.0031569952725697555 -0.0010854537126551245 37.862254216541274 -0.0031568026131890705 0.9999950012370692 0.00017915952472917878 0.12805671579388292 0.0010860138925019485 -0.00017573196325866602 0.9999993948458681 0.45356595369248537
0.9999960162811428 0.002693406698518267 -0.0008443827336169601 39.26340616594734 -0.002691324050433572 0.9999933575243665 0.00245798331973142 0.12247482745494764 0.0008509974735634375 -0.0024557010202581643 0.9999966226621962 0.47019083313686055
0.9999945120356686 0.003241160034522504 -0.0006861342258025919 40.66111294785552 -0.0032379046240493987 0.999983742589218 0.004693669236995466 0.13662325177828316 0.0007013360041828488 -0.004691421841123665 0.9999887492811697 0.4919868688685564
0.9999948411456425 0.003185014962112522 -0.00041636737659213465 42.08238759636592 -0.003181891276936875 0.9999682984469714 0.007299155360062887 0.14339090285187936 0.0004396020961322504 -0.0072977928690598735 0.9999732741274826 0.51196837415888
0.9999952784444661 0.0030511620065929836 -0.00036537540173113456 43.47212497914615 -0.0030478357019715716 0.9999567896131617 0.00878234615992808 0.1534260419133591 0.00039215597465060495 -0.00878119108939895 0.9999613677021443 0.5349528648301425
0.999996814996571 0.0024610522583246967 -0.0005596592673186928 44.899686340811435 -0.0024567708972788376 0.9999686604753347 0.007526110809918495 0.15153018760704803 0.0005781638798684323 -0.007524711884629417 0.9999715218132871 0.5496542475470738
0.9999981517795266 0.0016206349953013957 -0.0010343982516609043 46.295595586975566 -0.0016130500056360404 0.9999721124137704 0.007291945174028466 0.14268792483733114 0.001046186986323315 -0.007290263160800434 0.9999728784101277 0.5775173307526222
0.9999993526941198 0.0009934836423182308 -0.0005546184219228328 47.724377667284315 -0.000989700906347658 0.9999765288812248 0.006779541191912197 0.1625787255583449 0.0005613407676845645 -0.006778987897120465 0.9999768648421989 0.5997183892644606
0.9999999566882081 -0.00028523015749856663 -7.257643683596973e-05 49.13080043943019 0.00028571399289014016 0.9999771354538335 0.006756251701925785 0.15176038687985352 7.064769067163885e-05 -0.006756272145403976 0.9999771736372791 0.6148139148965118
0.999999135142656 -0.0013131996745441514 7.225340592494967e-05 50.55757013862141 0.0013126144282798208 0.999970424364426 0.007578089455289334 0.16190040013085144 -8.220281359089948e-05 -0.007577988060459907 0.9999712832575008 0.6355155985039213
0.9999978701936761 -0.002053238080833811 0.0002093358429167303 51.99054637088386 0.0020516353397025755 0.9999705977718445 0.007388801273085155 0.1857170690205401 -0.00022450065612212748 -0.007388356055556283 0.9999726805239489 0.6485123159397109
0.9999936986879461 -0.003340585569907325 0.0012012795059658029 53.404201322219485 0.0033310974098417377 0.999963910291257 0.007815491351490886 0.1894737225199786 -0.0012273444697688393 -0.007811440524590206 0.9999687370225548 0.6723334871843115
0.9999901846209073 -0.003922345260870228 0.002060550775450612 54.85632897279458 0.003909340359633396 0.9999726519197177 0.006277935217853158 0.20847183600900648 -0.002085118652792376 -0.006269818203229532 0.9999781705916895 0.6888286303802111
0.9999852909809832 -0.004805990383938046 0.0025140163300906254 56.26611789569529 0.004795528912461552 0.9999798864073765 0.004150865348337739 0.1955475977879186 -0.0025339147831394465 -0.004138748255183044 0.9999882249500501 0.7015489124994377
0.9999856487572646 -0.005045680125448891 0.0018009418603372122 57.69254749947852 0.005041077432756035 0.9999840394110792 0.0025511686377119244 0.21944596674495442 -0.001813785497136481 -0.0025420533379016943 0.9999951240616114 0.7237126061113506
0.9999853468479066 -0.005051705781147129 0.0019458566680724595 59.14175688796951 0.005049575417462761 0.9999866478032032 0.0010981818683148594 0.231660597692614 -0.001951378378304206 -0.0010883400264919119 0.9999975038160903 0.7374971943511848
0.9999858410012106 -0.004639138551377513 0.002606950441171021 60.53637787747552 0.004637162217665375 0.9999889567326784 0.0007636355520079439 0.2415878145286648 -0.002610464263048928 -0.0007515358876039632 0.9999963103282636 0.7640687318765135
0.9999847586969499 -0.00420118005412206 0.003582242308338663 61.99968911936939 0.0042043278965247415 0.9999907818771977 -0.0008716579427004885 0.2503496060839861 -0.0035785472948262676 0.0008867055787666872 0.9999932038531438 0.7829858304301526
0.9999881941940256 -0.0037824012877746495 0.0030503955596112653 63.39668351623069 0.0037930118238406934 0.9999867506790594 -0.0034801620135891534 0.2601460742714805 -0.003037191774659636 0.003491691113896658 0.999989291722311 0.790429979321525
0.9999921806512995 -0.0034350784958201595 0.001959303954587391 64.81673841290994 0.0034436730589485886 0.9999843897152061 -0.004400163834403447 0.26432079870828107 -0.0019441584611290176 0.004406876630230791 0.9999883997758394 0.8118833399273193
0.9999950565719112 -0.0025545919766847467 0.0018332734582396776 66.26585157051512 0.0025626006357781814 0.9999871263098882 -0.004379531079149841 0.278089900629209 -0.0018220619422888485 0.00438420737698253 0.9999887293444633 0.8341356766756469
0.9999968646358148 -0.0018404436989438867 0.0016980828986901642 67.63339101002741 0.0018447890918288031 0.9999950190252662 -0.0025609915783186814 0.29046291638730154 -0.001693361079768785 0.0025641161534859327 0.9999952789071581 0.8565535403442615
0.9999950298979212 -0.0012633981538058316 0.002888599065406448 69.09803281003491 0.0012630913334395473 0.9999991964635493 0.00010803952560103954 0.30747966504938035 -0.00288873324124899 -0.00010439042418827228 0.999995822152723 0.8743182549218629
0.9999918649445798 -0.0005637224731921311 0.0039940282465789284 70.46834870601062 0.0005484565779883009 0.9999925447917062 0.003822244941083286 0.31584964973552265 -0.003996153155637752 -0.003820023295844354 0.9999847189742331 0.893357359336686
0.9999885501968573 0.00035489902572211063 0.004772161131905509 71.91272524248808 -0.00038916658583614954 0.9999741354515836 0.007181711302063731 0.33476858027564 -0.004769488919768743 -0.007183486238537859 0.9999628240594272 0.9119112813504506
0.9999905172240177 0.0007547624072932834 0.004289032029487785 73.27713363628463 -0.0008037445678756527 0.9999343511878648 0.011430105387677138 0.3407875599818357 -0.004280123445771821 -0.011433444284743438 0.9999254756706004 0.9197528570511743
0.9999919496587737 0.0014041734316621454 0.0037588448516030423 74.67466475500733 -0.001461100062383544 0.9998836328660969 0.01518505558449261 0.3511018794190291 -0.003737084993990817 -0.01519042538806078 0.9998776350995543 0.9394124534469789
0.9999905114286121 0.0022878300975812537 0.003707139893188212 76.11458713735739 -0.0023503638269971026 0.9998535278594324 0.01695283507051225 0.36577941886832366 -0.0036678116941590245 -0.016961387339833024 0.9998494179109594 0.955835237947248
0.9999880789024298 0.0026070839267725424 0.004128579226167589 77.47338142312793 -0.0026772176236178062 0.9998506451873527 0.01707395162902786 0.36607362462979576 -0.004083449378132235 -0.01708480119384938 0.9998457056012907 0.9725245106239767
0.9999881759920292 0.0026592597481290055 0.004071389655454976 78.89746479260926 -0.0027256033187932974 0.9998621700829504 0.01637717691061209 0.36815162962088355 -0.00402727732881011 -0.016388080259898765 0.9998575957918767 0.995727500685298
0.9999929871732826 0.0024162331285659234 0.0028613671074269285 80.25713498410019 -0.0024599622974535453 0.9998787100213908 0.015379006192025412 0.3714465813723914 -0.0028238607880260837 -0.015385937196923345 0.9998776418876573 1.011073729311637
0.99999335016235 0.0021894519108658314 0.002916492998358539 81.63879413721423 -0.0022326020347078297 0.9998868678102361 0.014875048530686174 0.3734760338992144 -0.0028835948456894704 -0.014881460982230756 0.9998851068996879 1.034711790175432
0.9999935910542542 0.001595386537353414 0.003205088487615625 83.05728317751144 -0.0016401453809040715 0.99990049337688 0.014011183668818821 0.3729392389379365 -0.0031824163062858023 -0.014016350682981207 0.9998967017347269 1.044313233061625
0.9999956389590349 0.0013065401203058583 0.002648587515168806 84.42880992981773 -0.0013433324340696563 0.9999019667530236 0.013937443862023675 0.38346286388096745 -0.0026301180359545482 -0.013940941013773646 0.9998993612573055 1.0662200566930538
0.9999960319379702 0.0006733356730303948 0.0027354574362663023 85.81275762293798 -0.0007106537986884437 0.9999063854139131 0.01366438361806167 0.3905149175171683 -0.002726000640610635 -0.013666273360158108 0.9999028962319055 1.0781005072617367
0.999993690128039 -0.000508525583694548 0.0035158364350836263 87.1695063468428 0.0004618610639971335 0.9999119655777161 0.013260760870551135 0.39676875286406316 -0.0035222703566161495 -0.013259053368891188 0.9999058911294082 1.1033554982480145
0.9999884480415114 -0.0017001758912077091 0.004495907635645886 88.53933563685949 0.0016495577082375923 0.9999354847242473 0.01123856523991481 0.398838807136236 -0.004514725118597682 -0.011231019153379785 0.9999267380492833 1.118003215397899
0.9999841371357164 -0.0025953468501950677 0.004998965059299049 89.90686545206174 0.0025520902486886408 0.9999594165863529 0.008640139793047287 0.4029378646888568 -0.00502118634382937 -0.008627244925700986 0.9999501779252268 1.1334003904022871
0.9999800281011971 -0.0037043054068452586 0.005120695283029127 91.2686609657573 0.0036623448478206332 0.999959840359366 0.008179541471679352 0.4049279943370569 -0.0051507891574458205 -0.008160624358717766 0.999953435706449 1.1532716776706013
0.999981785823902 -0.003870527733233771 0.004631094417765806 92.64448473605357 0.0038375761828768193 0.9999674086881958 0.007103138070980188 0.4279475283050693 -0.004658436377220358 -0.007085236515534243 0.9999640485507658 1.1684039408008629
0.9999817200488914 -0.004205904711792972 0.004343953684813632 93.96245099831336 0.004180251172542296 0.999973870001063 0.005897865311421192 0.43029488183730896 -0.004368646036811293 -0.005879598681247242 0.9999731722657125 1.1886591021768655
0.9999831991292639 -0.0044204948495567735 0.0037497579239361228 95.37460352884965 0.0043998668480886224 0.9999752409968058 0.005491681445560093 0.4523044086391897 -0.0037739410332132107 -0.005475090744952117 0.9999778901307831 1.1975950245728262
0.9999854252346783 -0.004394950650592179 0.003135877388979682 96.7172134345322 0.004379395339551545 0.99997815808756 0.004950176185849195 0.45236736113877773 -0.0031575646754688725 -0.004936370791370282 0.9999828308669757 1.2121929758418553
0.9999887205347009 -0.004102791153153739 0.002392886985538159 98.06595288285041 0.004087726696373426 0.9999720085230874 0.006266790307493548 0.470624993402078 -0.0024185313369296034 -0.006256938153437549 0.9999775004624435 1.2330674607558347
0.9999900388402492 -0.0037383592045351142 0.002438624763033907 99.43194684657581 0.0037194070119014413 0.999963202360019 0.007730455185534809 0.4922119432121551 -0.0024674342456959177 -0.007721307943192733 0.9999671460462536 1.24710942096438
0.9999848264018545 -0.003835857057260786 0.003953879953819127 100.75505900840128 0.0038046496517110465 0.9999617900895117 0.00787038766560863 0.4933976914721988 -0.003983918558490514 -0.007855225115519738 0.9999612111633649 1.269175182885364
0.9999792784511513 -0.003750691182094229 0.005232110852338034 102.11587787543917 0.0037086671333653926 0.9999609726774419 0.00801866011739329 0.5143603333767532 -0.005261982174854658 -0.007999089800779777 0.9999541620024143 1.2827618852119478
0.9999850737506213 -0.0034887416797436447 0.0042048730607026664 103.44981581898043 0.0034549492996444387 0.999961893763715 0.0080171282777379 0.5259428303145719 -0.004232682518390663 -0.008002480988845758 0.9999590215087425 1.2966307962244559
0.999993058033779 -0.0033381424049995887 0.0016555028042958965 104.7818556550022 0.0033246713645436196 0.9999618762159915 0.008074198097130397 0.5345051069649817 -0.0016823925133189583 -0.00806863804355258 0.9999660327408892 1.312241980240609
0.9999940989411215 -0.0034183380453954365 0.0003421227001820477 106.11392888259924 0.003415791549496712 0.9999683472433223 0.007185880568793109 0.5462853143199005 -0.0003666756399934382 -0.007184669544660607 0.9999741227014373 1.3256899817786065
0.9999940658447287 -0.003081469019306711 0.001540397355038059 107.46879450106123 0.003072749874959658 0.9999794248147855 0.005630999493569789 0.5542355314992685 -0.0015577174115643424 -0.0056262328225643796 0.9999829593651545 1.3536700642452488
0.9999906190336766 -0.0026052702199367323 0.0034604062948223563 108.7910381806975 0.002597346701245248 0.9999939995824131 0.0022922890921916127 0.5591473317841535 -0.00346635756344694 -0.0022832797134300104 0.9999913854623911 1.3609546468424558
0.9999892339556181 -0.0017359534157909866 0.004303305542763144 110.13758996092571 0.001731398281267211 0.9999979371852865 0.0010620193799513343 0.5733936940476287 -0.004305140282011417 -0.0010545572103830474 0.9999901767898735 1.3859621363131491
0.9999948826819248 -0.0010773648477666513 0.0030122906480078496 111.46595444485831 0.0010753451513890737 0.9999991960076261 0.000672024483751238 0.5805720077867418 -0.0030130122417047728 -0.0006687817926452906 0.9999952372327305 1.4019118179013452
0.9999997811264065 -0.00032551240771220766 0.0005760111210624875 112.77243424091546 0.00032439823096543877 0.9999980784895652 0.001933334674916001 0.5901884417662968 -0.0005766393386760531 -0.001933147394771404 0.9999979652120414 1.4147666502355078
0.9999986367116581 0.0007757221389981808 -0.0014576796589609439 114.12167126398032 -0.000768259981234426 0.9999866343929855 0.005112808620572359 0.5894428063506745 0.0014616262950269082 -0.005111681773392534 0.9999858670791409 1.443080164496359
0.9999956595150086 0.0022777148132771593 -0.0018689479319904398 115.43696705473985 -0.002263336669924005 0.9999681037238266 0.007659558870656276 0.6041730939951363 0.0018863346102139095 -0.007655295566067304 0.9999689186127408 1.4534123801749232
0.9999933906150438 0.0036355643865651085 -3.738742676146976e-05 116.78766502956924 -0.0036351038336411646 0.9999558371037244 0.008666594620066246 0.6145268983221567 6.88937383779293e-05 -0.008666401432027793 0.9999624436646968 1.4738348594299806
0.9999872112876006 0.004439529410507285 0.0024223624544964326 118.1125945458556 -0.004459174710757536 0.9999567171313579 0.008165759289625207 0.6191179062416967 -0.0023860054791750977 -0.008176456597475509 0.9999637256097658 1.4901664893477085
0.9999801212717241 0.005336474686928882 0.0033584370328648087 119.46420706164754 -0.005362507063855605 0.9999552735259781 0.0077906652845765 0.6171025714067085 -0.0033167121337326264 -0.007808520058370472 0.9999640125700124 1.5102991152396927
0.9999768718416551 0.006384134459957471 0.0023449112937286246 120.79754089364722 -0.006404524285777896 0.9999408284015107 0.008793279500479213 0.6120483015794963 -0.002288635062904012 -0.008808094169447235 0.9999585889558883 1.5276996454097105
0.9999666909472885 0.00784240212721223 0.0022613546394043647 122.1032072012607 -0.007865361138261164 0.9999157182621982 0.01032920453651598 0.6092748094544631 -0.0021801582728759863 -0.010346646851398201 0.9999440953417534 1.541368198948257
0.9999590942051335 0.008900811127794563 0.0016079420749197705 123.47048347965647 -0.008919106008750318 0.9998911466608148 0.01175348362510437 0.6104154576264703 -0.0015031515072150188 -0.011767344245336375 0.9999296325966934 1.5542036043366216
0.9999483260597753 0.010131689700655186 0.0008331110747707616 124.79706567234781 -0.010141370304290001 0.999869460629774 0.012578326926752424 0.6101143373171898 -0.0007055626156004813 -0.01258612584295254 0.9999205426520953 1.5724124196585432
0.9999369402740879 0.011230059190802315 -3.529683418483488e-05 126.13249122283747 -0.011228541081955997 0.9998445036246273 0.01359736874522401 0.6012927961912216 0.00018799060150308803 -0.0135961149669251 0.9999075508852505 1.5868104212436756
0.9999272195247818 0.012063301104059466 -0.00018005530161708809 127.47334100247645 -0.01206001845994886 0.999845727264205 0.012770185051863354 0.594061116752975 0.0003340781114283001 -0.01276708416146534 0.9999184416510326 1.608845712948451
0.9999140554673895 0.013098374782807896 0.0005605861284760784 128.81656302418062 -0.013104334827414212 0.9998367968176112 0.012436082109322184 0.5910576743936572 -0.00039760217473823397 -0.012442359404384947 0.9999225118002708 1.6308214509467225
0.9999021967422087 0.013928428833977031 0.0012632578209515013 130.16122527120405 -0.013942465537049318 0.9998321959465348 0.011882238992635488 0.5769934708472046 -0.0010975449209713439 -0.011898689799585178 0.9999286057395297 1.649972535382734
0.9998967572667111 0.014238353524150513 0.001934966779344053 131.48515504245478 -0.014256923248356246 0.9998488745833686 0.009948272908482964 0.5609157690170519 -0.0017930273300576472 -0.009974832494457613 0.9999486425660575 1.6612458225030287
0.9998970210790254 0.014199902168911439 0.0020760577266046424 132.8276645638142 -0.014216430449214773 0.9998655134898646 0.008176065002915386 0.5443885526158276 -0.001959679201678093 -0.008204737170842398 0.9999644203397359 1.6809868767093281
0.9998969782402356 0.014067582050720428 0.0028523746759927565 134.17105497601466 -0.014084943444797613 0.999881822694299 0.006160764050284896 0.5334619974412347 -0.0027653705362661865 -0.006200304893525672 0.999976954206958 1.690588010255226
0.9999055521462203 0.013485906896564 0.0026489813777134546 135.527817131934 -0.013499606207880828 0.9998952318757401 0.005223591139421151 0.5145447203217781 -0.0025782589851313623 -0.005258857987900152 0.9999828483495448 1.715619335924552
0.9999221355400649 0.01228213536833935 0.002207262510409549 136.85078082500658 -0.012291536818805942 0.999915221353167 0.004297467728662183 0.5013800079060454 -0.0021542933012962126 -0.0043242637570738715 0.999988329813569 1.7342963760376768
0.9999319497348068 0.011248818002983918 0.003091923848252943 138.21279041633585 -0.011255055826177461 0.9999346446650017 0.002007515137293922 0.4927927733166446 -0.0030691396021163965 -0.002042178300878826 0.9999932049218585 1.7458756516902079
0.9999423173334819 0.010174879321620244 0.0034400343801248862 139.53374775755756 -0.010179447572118699 0.9999473259526396 0.0013130755088332539 0.47572893880869077 -0.003426492794748473 -0.001348017416755332 0.9999932209751082 1.7651939819596492
0.9999555606561067 0.008851141478759983 0.0032456135712947776 140.8933200404927 -0.008851555002423047 0.9999608178272715 0.00011306747168903558 0.47209403179237514 -0.0032444856249146527 -0.00014179117408770446 0.9999947265902419 1.7766646484699755
0.9999668011412333 0.007672256148572548 0.0027446495149634617 142.2114182505557 -0.007672414234979741 0.9999705654887534 4.7073449558476655e-05 0.4678271338019764 -0.0027442075679836356 -6.8129974782309e-05 0.9999962323344675 1.790703892291911
0.9999758006675854 0.006659730921834387 0.0020114828536032183 143.55681671551898 -0.0066601082393441665 0.9999778048628721 0.0001809416257127555 0.4598903560302944 -0.0020102331859256457 -0.00019433394057278956 0.9999979605963494 1.8019600198224988
0.9999830129515432 0.005823170458790819 0.0002539570072327621 144.92516974287307 -0.005822901454893167 0.999982498202726 -0.0010474287000846012 0.4501771341313667 -0.0002600519183927275 0.001045932140735622 0.9999994191993098 1.820739677879873
0.9999882453927846 0.004798697740253982 -0.0006939569566929051 146.2362049532493 -0.004801310500940238 0.9999812014435308 -0.00381368286912019 0.45636416933198815 0.0006756431999377752 0.0038169699435993895 0.9999924870951361 1.8630501918955553
0.9999917448597133 0.003611467571088205 0.0018621263139634676 147.59744686130557 -0.003585824647224376 0.9999011544662264 -0.013594968139235759 0.44776877725060027 -0.0019110400376588376 0.01358817865243372 0.9999058502313526 1.8667965820557717
0.9999920128190011 0.002122260453282406 0.0033867844294134444 148.9040269688903 -0.002049661498923351 0.9997710848450893 -0.02129734244954629 0.43334830148310577 -0.0034312076507718205 0.021290230582167228 0.9997674494080188 1.8849161353552044
0.9999991692275896 0.0012075537268922995 0.0004509524668467437 150.21809824175972 -0.0011951690562174116 0.9996475232102647 -0.026521706402688756 0.41558719695730245 -0.00048281990197901643 0.0265211454047526 0.9996481359615305 1.891532452089002
0.999993887029627 0.0013920733797456214 -0.0032074967004239734 151.59833142648029 -0.0014719072702409847 0.999685783412346 -0.025023347742296028 0.4198778217011614 0.0031716545154916865 0.025027915913025268 0.999681721365698 1.9119640218752494
0.9999834376044876 0.0023695602852448323 -0.005244969091109865 152.92900656479497 -0.0024810197458256847 0.9997690431864493 -0.02134724401585585 0.43039843766439745 0.005193174148142008 0.021359903326238647 0.9997583635419915 1.9377503316592777
0.9999802861142529 0.003171203618186317 -0.005419488026454203 154.3012192994912 -0.003286549859454073 0.9997654007421007 -0.021408924984877342 0.4309436460299137 0.00535032455821148 0.021426314349387878 0.9997561138000223 1.9612110616254517
0.9999905427098186 0.0036219918895947925 -0.002407418882121105 155.6298616737849 -0.0036796239406871613 0.9996959339872975 -0.024382369386916295 0.4317538633777589 0.0023183741236921986 0.024390997191927614 0.9996998071408266 1.9830933443491732
0.9999916500050962 0.003971523176169569 0.0009627687917994692 156.9644683010468 -0.003938988147240808 0.9994890448624054 -0.03171960864217233 0.4274119771131885 -0.0010882520210003994 0.031715551448742385 0.9994963429166918 2.001813383390809
0.9999892934180407 0.004037482457685442 0.0022609256272020555 158.29985015174037 -0.003952446494529774 0.9993283736857604 -0.03643047780747647 0.4135370977657543 -0.002406494545129073 0.03642115157401038 0.9993336322280099 2.0120416005619517
0.9999900981577273 0.0039626018747274195 0.0020251846536015784 159.64960706841907 -0.003886686727660784 0.9993367603152041 -0.036206810809477595 0.3995671670239017 -0.002167314647161807 0.03619858103703355 0.9993422664323398 2.0398758991622574
0.9999849117338973 0.005027667609408458 0.0022133375158694397 161.01175824964628 -0.004947695219350268 0.999383272654753 -0.03476484790549195 0.4022476739635244 -0.0023867585898595953 0.03475337244476965 0.999393069060992 2.050944447144061
0.9999791278612379 0.006216556454619775 0.0017601896842674876 162.34159390534634 -0.0061549619058719465 0.9994341613049063 -0.033067713266805014 0.4047734056505372 -0.0019647610071816973 0.033056189172451386 0.9994515636445719 2.0580518910620706
0.999974298069214 0.0071597853418464315 -0.00037506644936838817 163.71513847281727 -0.007167534703423561 0.9995733790056213 -0.028314067697166233 0.4064682330035425 0.00017218379128058225 0.028316028272749948 0.9995990060497253 2.0822669261242504
0.9999688213858742 0.007836303909014412 -0.0009739595430380291 165.04477733099307 -0.007858950712289866 0.9996320617489188 -0.025961086597204266 0.4047932834854157 0.0007701622216832064 0.025967931466547464 0.9996624797327851 2.0996765635036936
0.9999670404937728 0.008107484393681216 0.00043199876365575165 166.40455552372094 -0.008095280823844255 0.9996980637773386 -0.02320016612491323 0.401781643909761 -0.0006199633123694045 0.023195904307586012 0.9997307465857218 2.117426030485341
0.9999679903439728 0.008000877440154415 6.517379852025358e-05 167.7535368638035 -0.007997346772778914 0.9997112875278162 -0.02265797947901943 0.39517391550674846 -0.0002464386988849294 0.022656732987422767 0.9997432729047515 2.1340452545355157
0.9999697599115636 0.007477810128764495 -0.0021357944863915914 169.1180733313949 -0.0075214561817532055 0.9997466192314353 -0.021216150268636137 0.39092115742003597 0.0019766029737709368 0.02123157297501836 0.9997726308264747 2.147092530932816
0.9999618159566591 0.0067410970449601985 -0.005560956688466701 170.53290429574315 -0.006835593671592729 0.9998295169757315 -0.017152598731159253 0.3961266607390186 0.00544438130713262 0.017189956215933576 0.999837418842422 2.174920039501598
0.9999557681766688 0.006662092537418016 -0.00663914250721771 171.87306473924272 -0.006732373651708929 0.9999209384867013 -0.01062035408488996 0.3946870250003591 0.006567863824870401 0.010664581515349896 0.999921561856669 2.2042536542088356
0.9999594498973091 0.007005360955076664 -0.00565892913544517 173.24159917717304 -0.0070445276798767 0.9999511653518413 -0.006931200564254417 0.39551317705666134 0.005610097221827253 0.00697078398629287 0.999959966688556 2.2234722984335704
0.9999639510682284 0.007790407839788641 -0.003377293251620791 174.6422576298417 -0.007795919118399874 0.999968296233516 -0.0016217807924073803 0.4024067133327204 0.003364551844904604 0.0016480514339709997 0.9999929818340496 2.265356409807499
0.9999697389606024 0.007697864748143732 -0.0011242959503261075 175.99497179794227 -0.007701492766226917 0.9999650321788969 -0.003259053333325682 0.4017210211969424 0.0010991688843795214 0.0032676134681128986 0.9999940572473351 2.271094058661236
0.9999762752575325 0.006883515958032113 -0.0002571577860769489 177.4146528748053 -0.006884891596256467 0.9999594859891862 -0.005798676396410912 0.3969450241739014 0.00021723208607346428 0.0058003093277870284 0.9999831544690754 2.289752744058928
0.9999856029276033 0.005363667803343096 -0.0001581303674468106 178.79627356300134 -0.005364841982866282 0.9999476542690328 -0.00871247337774052 0.391061354369114 0.00011139127705346776 0.00871319628806459 0.9999620331804748 2.3042865885228294
0.9999864939416432 0.0032243229112857512 -0.004076233072814874 180.13749618808401 -0.0032626023792896464 0.9999503140764643 -0.009419384485999256 0.38470007806326817 0.004045659404201687 0.009432556394964606 0.9999473283727703 2.325319416964064
0.9999640048606948 0.0016021852479036693 -0.008331985681197354 181.55443047880144 -0.001657986700501494 0.9999762159660714 -0.006694668197731953 0.39446107664195507 0.008321061414341205 0.006708241543665768 0.9999428780847086 2.3574301273166927
0.9999551358410237 0.0011933949903463958 -0.009396920429406567 182.95503136141568 -0.0012192367915607755 0.9999954898107538 -0.0027447804642115625 0.41733256219182596 0.009393602440261507 0.002756114393059363 0.9999520808852026 2.381018833568264
0.999964843415495 0.0008745809099951917 -0.008339486870090253 184.27858363610488 -0.0008611401944088758 0.9999983248620234 0.00161515036841705 0.43487344927800126 0.00834088547997808 -0.0016079121179020546 0.9999639214731855 2.406425910938544
0.9999867427106258 0.00113251568573466 -0.005023127632689808 185.72370435409343 -0.0011199768335317356 0.9999962519801385 0.002498334959069183 0.42511510078763043 0.0050259382094370395 -0.0024926760513391912 0.9999842631317845 2.4273350784715366
0.9999956061761682 0.0015802196289224902 -0.0025080937546640364 187.08548507888648 -0.0015724758453851493 0.9999940004244882 0.0030864923042851302 0.4374151707214497 0.0025129560428899145 -0.0030825348259345166 0.9999920914842144 2.4570781714415295
0.9999962568937271 0.0017384330911655414 -0.0021128296009294235 188.5315675240896 -0.0017322937904738706 0.9999942826956244 0.002904089235405694 0.4391819384382733 0.002117866086066028 -0.00290041832349304 0.9999935510876008 2.478201262533451
0.9999975978112082 0.0015526404271965302 -0.0015471520665143242 189.9460887185739 -0.0015514476242915389 0.9999984986131595 0.0007718689629975567 0.43525937027957046 0.0015483481785970195 -0.0007694667834245736 0.9999985052682764 2.4997472798342293
0.999998024483484 0.0016904827256323833 -0.00104560857101429 191.30792129158039 -0.001692589638111764 0.9999965325748893 -0.0020174187753656055 0.4389485611680172 0.0010421945338547531 0.002019184576154315 0.9999974183587681 2.5205308503734205
0.9999976607030759 0.0020033910754239555 -0.0008154830315499539 192.76441905720512 -0.002006268762834824 0.9999917094765639 -0.0035434254317874155 0.44069968109293206 0.000808377403882296 0.0035450532207960224 0.9999933895399682 2.5452428921936225
0.9999970944116331 0.0024097986934046513 6.354957662784085e-05 194.1330806023513 -0.0024092921562289993 0.9999723656956776 -0.007033004784304491 0.4395413419839286 -8.049594621942637e-05 0.007032831239791105 0.9999752660966947 2.5653629952554238
0.99999496180076 0.0027041724044106256 0.0016624754747106307 195.597614243327 -0.00268439182573346 0.9999269213726213 -0.011787533872596461 0.43492030496881423 -0.001694229507099219 0.011783011749077466 0.9999291425998637 2.5773512827160223
0.9999941583002009 0.0029819455056530725 0.0016707383020831486 197.0030691177268 -0.002957641327214232 0.999892438973119 -0.014365334739121834 0.4268948601447946 -0.0017133952411182536 0.014360309376499573 0.9998954174269221 2.596674092246297
0.9999921462680286 0.003183708885486742 -0.002360381323870313 198.40761989744317 -0.0032122414647821258 0.999920606315509 -0.01218452175494248 0.4332489239932995 0.0023214019543235905 0.01219200817573565 0.9999229800487681 2.6200922543370315
0.9999639396583966 0.0034473874040176597 -0.007761114800427292 199.84247272647116 -0.0034881708683273736 0.999980148232316 -0.005247457028756926 0.4502083896878309 0.007742870711315244 0.0052743398982165145 0.9999561136828885 2.640998910322557
0.99995369709568 0.005006371745983037 -0.008218266643382035 201.28862300520672 -0.00497380024004902 0.9999797143422329 0.003978971625735189 0.46046232278553645 0.008238020141562616 -0.0039379113711890705 0.9999583130701899 2.6627786471480914
0.9999718933187427 0.0063163818136166856 -0.004039293665198038 202.7300706632391 -0.006270295035206254 0.9999162413205184 0.011322267600546406 0.4786328021420753 0.004110471104455595 -0.011296621806165214 0.999927742570966 2.6930495037491227
0.9999709394603473 0.0073360260290876575 -0.0020743569825596463 204.18150541081096 -0.007309957850145305 0.9998975464945908 0.012306950488513711 0.46934914364884217 0.0021644285665377424 -0.01229142937978237 0.9999221149733525 2.7108935835116097
0.9999762183324457 0.006718530757759528 -0.0015569566461595906 205.60287003187275 -0.00670123560555902 0.9999185809094785 0.010859327480728697 0.4613920697445219 0.0016297886058533376 -0.010848635694499129 0.9999398236357367 2.7353507492472215
0.999984527518452 0.005361839983317411 -0.0014816867724673003 207.05974271412418 -0.0053518590591401325 0.9999635003736929 0.0066599943695768975 0.4536865527706757 0.001517342515553267 -0.006651961544160867 0.9999767242687729 2.7509872102955626
0.9999890974451628 0.004217807565481413 -0.002003768985946793 208.52528287436763 -0.004206960666331608 0.9999766407518679 0.005386968773034748 0.4457635516640634 0.002026443377055769 -0.0053784802640040015 0.9999834826022325 2.778035081519746
0.9999894163078152 0.0037371625918068085 -0.002683447058801375 209.98898190848632 -0.0037214685155649743 0.999976081513568 0.005829843296151822 0.45352754317823496 0.0027051699470917825 -0.005819795231142375 0.999979405807452 2.7944927412678666
0.9999893555528435 0.0037130367379433695 -0.002739003320837651 211.4707874084198 -0.0036932009208606076 0.9999671742966001 0.007211837229934226 0.4547566561197434 0.0027656912277098434 -0.007201644774327172 0.9999702431895549 2.8229496320689966
0.9999916338616542 0.0034996087177886323 -0.0021177689962879162 212.89102605795495 -0.0034814263803471454 0.9999575649772852 0.008529238832211546 0.45961849056216125 0.0021475281272857623 -0.008521794618568333 0.9999613828240677 2.8382383652336975
0.9999925072233381 0.0031098465406633378 -0.0023052877641932964 214.35147633169706 -0.003090572324494042 0.999960630445533 0.008317807504358784 0.46897875836246705 0.002331064110934435 -0.008310620522320825 0.9999627491695102 2.8674541414354007
0.9999910646015331 0.002865730043737569 -0.0031077819113922538 215.8054907092382 -0.0028383499673690984 0.99995743487865 0.008779077421531969 0.4650290226280434 0.0031328080942012483 -0.008770178004290247 0.9999566338052956 2.8948111720405594
0.9999905167218703 0.002448699534512936 -0.0036014353967049858 217.25693947064744 -0.002420727918751821 0.9999670323910093 0.007750755283294656 0.47204024224623475 0.003620295936845349 -0.007741963685514204 0.9999634770608483 2.917619609794371
0.9999919717216681 0.0019659892992332974 -0.0034916154263961775 218.74956123857214 -0.0019403566624575344 0.9999712564991028 0.0073294741713122976 0.4677556690419288 0.003505924732934843 -0.007322640348998277 0.9999670431719668 2.9414357280778787
0.9999899244717418 0.0019239901138547448 -0.004055763435171767 220.24592606091815 -0.0018874274216522707 0.9999577212564503 0.00899962873318693 0.4754232401184189 0.004072907159300608 -0.008991883098050036 0.9999512775458725 2.9730774394854294
0.9999896964734737 0.001766177895047611 -0.004181813306824053 221.74083826540559 -0.0017341730176202684 0.9999692755468401 0.007644645594975501 0.47794558960924527 0.0041951866269623024 -0.00763731484036541 0.9999620351949339 2.9928085066526307
0.9999888812629923 0.0012350136404617933 -0.004551053910572044 223.18799753835853 -0.0011986974805536363 0.9999674900382209 0.00797383163922697 0.48242502903357454 0.004560753746824548 -0.007968287643433564 0.9999578520704222 3.0104144251291984
0.9999878991615985 0.0008995741787514975 -0.004836558349652167 224.65821534157183 -0.0008607443064291124 0.999967432681306 0.008024505965893105 0.4899570644658363 0.004843619474279167 -0.008020245822580983 0.9999561065403489 3.0381234466526887
