1.0 -2.1684043449710093e-19 -2.5135375298442207e-37 0.0 2.1684043449710093e-19 1.0 2.3183291766350204e-18 -8.673617379884035e-19 -2.51353752984422e-37 -2.3183291766350204e-18 1.0 0.0
0.9999995622310688 -0.00020898707973956429 0.0009120647297475064 1.3116891180443588 0.00020930124975141219 0.9999999187982626 -0.0003443783605845875 0.0032870811907168935 -0.0009119926850583615 0.00034456910611423104 0.9999995247706237 0.015504638978060158
0.9999989988542619 -6.679966917061373e-05 0.0014134455341563905 2.609818430185161 6.861670576127435e-05 0.9999991713549224 -0.0012855276023349708 0.0062842219796659 -0.0014133584900931603 0.0012856233013108173 0.9999981747935872 0.026547110242592483
0.9999989935067596 -0.0006658201805465505 0.0012528643002818112 3.9374867225155143 0.0006682942380432505 0.9999978257056382 -0.001975339668928921 0.011674059134091018 -0.0012515463551710196 0.001976174962755825 0.9999972641783763 0.046620966356785046
0.9999990611417575 -3.480364981269688e-05 0.0013698555798204468 5.244629297495015 3.8435970374590476e-05 0.999996483574554 -0.002651671398003814 0.01593400945930034 -0.001369758474982674 0.002651721560188749 0.9999955460573249 0.05957300206936228
0.9999981911626488 -0.000421464673018989 0.001854734201996808 6.578851829473212 0.0004268566822573849 0.9999956814546617 -0.0029077251244831446 0.023446681417688523 -0.0018535006888242469 0.002908511570569266 0.999994052530134 0.07057766863356793
0.9999950745999758 -0.00023452953890254214 0.0031298197526553 7.906630571354436 0.00024713765725230995 0.9999918545941318 -0.0040286062561686155 0.025132257838508833 -0.0031288494318354406 0.004029359909992558 0.9999869871953079 0.09181772449220832
0.9999932394629629 0.0001316997371163311 0.0036747358474309845 9.22309804237856 -0.00011601907239822012 0.9999908894080467 -0.00426704118548923 0.030302813021397364 -0.003675264336614536 0.0042665859985549295 0.9999841442122834 0.10242226758141826
0.9999960288165349 -0.000633902494850489 0.002746000507435832 10.564572473780226 0.0006431757756971533 0.9999940895682441 -0.003377447779044573 0.03953547074034038 -0.0027438433048138674 0.0033792005275862336 0.9999905261189792 0.12075976766820344
0.9999998221820373 -0.00023370171979895607 0.0005486523489392395 11.883113676089044 0.00023408464260568404 0.999999729019018 -0.0006979729727497343 0.048625718900473215 -0.0005484890827807824 0.0006981012797266185 0.999999605907087 0.13153568329689455
0.9999997397725474 -0.0006233699912021548 -0.0003631317826273848 13.234945180678556 0.0006242587097601342 0.9999967979599783 0.0024524214265749245 0.05808130366008044 0.0003616018539417757 -0.0024526474765656395 0.9999969268775054 0.14843041290440961
0.9999998081925735 -0.0005047320411941365 -0.000358971284149172 14.574504181337144 0.0005065760413331987 0.9999865820245628 0.0051554972162550314 0.07086675540599423 0.00035636432284796745 -0.005155678073644455 0.9999866459048693 0.16120135801961266
0.9999997927132006 0.00019126372923866246 0.0006148103298006874 15.90708097817093 -0.0001947926761486395 0.999983478555157 0.005744969324644884 0.0800126871958899 -0.0006137013679883415 -0.005745087894338046 0.999983308528556 0.17810455674177156
0.9999947797735268 -1.2717825456153961e-05 0.0032311397296827062 17.271896941133065 -7.054474328069041e-08 0.9999921677987971 0.003957820240681163 0.0814678659846725 -0.0032311647576132364 -0.003957799807903089 0.9999869476123124 0.1923483443851108
0.9999840974936209 0.0006812371051950746 0.005598274365824333 18.614580892325506 -0.0006784556057420077 0.9999996454813702 -0.0004987335210765305 0.07846908533536417 -0.005598612136911937 0.0004949274093375548 0.9999842051697617 0.2109471142844328
0.9999924341352568 -4.510765352593268e-05 0.0038896834759940516 19.974127046328675 5.550790068247045e-05 0.9999964240197361 -0.002673736451701887 0.08063797516155324 -0.003889548960585225 0.002673932130737607 0.9999888606858796 0.23093343282988646
0.9999983685845967 0.0005533414540982955 0.0017194886973453463 21.313865693103246 -0.0005473666382829126 0.9999938182933458 -0.0034732930855662573 0.08260247765457139 -0.0017213999850171008 0.003472346228434586 0.9999924897686789 0.2346725666867986
0.9999995391109686 0.0005345711971531144 0.0007975032824767783 22.685392780621708 -0.0005334780072421728 0.9999989187718908 -0.0013703489574423324 0.09106002891107902 -0.0007982349692765094 0.001369922875401624 0.9999987430653348 0.2649481581920149
0.9999975283000767 0.001255777117085855 0.0018347799785182932 24.051641587571357 -0.0012578122673460974 0.9999985945956779 0.0011084741626557907 0.10397959046962311 -0.001833385403422237 -0.001110779231605149 0.9999977024310912 0.2590488509772984
0.999976276033427 0.002344750353162938 0.006476844609884295 25.423693884232197 -0.002354096959375237 0.9999961982973243 0.0014358336965850382 0.1041508524474337 -0.0064734533152796606 -0.0014510467531168906 0.9999779941906197 0.271603637463537
0.9999694979922688 0.0022848366407673235 0.007468775442809351 26.802507742572946 -0.002280562915831334 0.9999972309186078 -0.0005806788299183817 0.10341786730613739 -0.007470081517429366 0.0005636281057466794 0.9999719397090508 0.27409451144383506
0.9999717283320351 0.0025456790908292334 0.007075454374758851 28.16661126152971 -0.0025148201918349508 0.999987302929807 -0.004366882019599805 0.10530404055213406 -0.00708648121746742 0.004348965065033255 0.999965433545989 0.30022308416187066
0.9999886492862878 0.0021401291148000893 0.004256893933081598 29.54259090061244 -0.0021205828852466145 0.9999872133438492 -0.004590890657557875 0.10945244276419493 -0.00426666460040171 0.004581811451253535 0.9999804010964479 0.2948045066939025
0.9999916937489447 0.003075122743522372 0.0026750800416448484 30.922019523239715 -0.003061845661995824 0.9999830449991352 -0.004953263106245743 0.10916852615905125 -0.0026902665776930954 0.004945031280977837 0.9999841544401447 0.32056526938151086
0.9999934928740234 0.0033049175395083604 0.0014462813238661518 32.30502766057003 -0.0033020518182439516 0.9999925892597995 -0.0019793633500365397 0.11604953960990085 -0.0014528122385035996 0.001974574774194703 0.9999969951910159 0.3213429854950018
0.9999929521086994 0.0037458494123938074 -0.00025366337562320105 33.68887811694457 -0.003746012940648181 0.9999927741756391 -0.0006472893924456191 0.11997526162714037 0.00025123689410586086 0.0006482350567079942 0.999999758335638 0.3427221559923285
0.9999919019637317 0.0040236622485827845 -7.841599276665735e-05 35.0817615064894 -0.004023677624741101 0.9999918855868897 -0.00019692320578410094 0.12217960289747525 7.762300399791421e-05 0.00019723713176835549 0.9999999775360914 0.353216766534187
0.9999922731274494 0.003595517592406704 0.0015893201815482638 36.47001419874463 -0.003594766090991386 0.9999934257810978 -0.0004754485620997775 0.1197266112173065 -0.0015910192166787985 0.00046973165407297577 0.999998624004066 0.37497364096136776
0.9999893753033507 0.003420667223214782 0.0030900349775268843 37.87548680251328 -0.003422728325065707 0.9999939233421957 0.0006619739387460694 0.12357399478937589 -0.0030877518078868318 -0.0006725432557168055 0.9999950067247046 0.38441748111956214
0.9999892595311185 0.003207926255095866 0.003345150452092579 39.26267753606399 -0.003218337171283991 0.9999899803340918 0.0031115168768298786 0.1288569474555597 -0.003335135418120279 -0.0031222492797231957 0.9999895641611357 0.3969036350263058
0.9999874110103851 0.0035040598246074035 0.0035915714516994014 40.66020093159557 -0.003524378781068889 0.9999777329822384 0.005666771030361498 0.13533410950774796 -0.003571634773411356 -0.00567935774965491 0.9999774939070363 0.4142484301868579
0.9999853956598839 0.0034759524281460807 0.004138383943362752 42.082438856360554 -0.0035076015387539524 0.9999644703796953 0.007665162079234643 0.13767008711498688 -0.004111593169411121 -0.007679565936488286 0.9999620588145515 0.4246360821464001
0.999986170275843 0.0030910984773282165 0.004254922708577745 43.472316013519446 -0.0031288836157767463 0.9999554767087435 0.008902510180184831 0.14125198468663278 -0.00422721472975235 -0.008915700218874 0.999951319287712 0.4343649217077142
0.9999866365983859 0.0027549813921818197 0.0043745516543209914 44.90002696807103 -0.0027901917276200888 0.9999635983259134 0.008063302872545579 0.14458225135015396 -0.004352178163944006 -0.008075400957228892 0.9999579223370397 0.44928083685735
0.999991099493324 0.0018804845741662972 0.0037768653536006777 46.296919038451755 -0.0019091058756218868 0.9999693822260374 0.0075888026218106355 0.14265845737402646 -0.0037624790881242865 -0.00759594551346023 0.9999640720360247 0.46393897521993854
0.9999898518592384 0.0010936375093093336 0.0043703701830278404 47.72933277058328 -0.0011246642502880948 0.9999741395117651 0.007103199140461577 0.14841559728996045 -0.004362488838105038 -0.00710804225530222 0.9999652216084489 0.47747971824057034
0.999986304032403 1.570489836367014e-05 0.005233689040310338 49.132849011781744 -5.461649639423032e-05 0.9999723602101157 0.007434771876049201 0.15382014181471992 -0.005233427619908274 -0.0074349558954130935 0.9999586654788188 0.4879740766408852
0.9999847146887183 -0.0009866769655961132 0.005440299393256076 50.55491132869013 0.0009427910659459826 0.9999670451015426 0.00806348906463039 0.16197654988674537 -0.005448076167664401 -0.008058236746025987 0.999952690524215 0.5009343704313222
0.9999820937411112 -0.0020893482835385134 0.005607746507607068 52.00184478447006 0.0020431042358677555 0.9999639670640461 0.00823955694298541 0.17117454572529567 -0.005624759748192258 -0.008227952192702297 0.9999503302067008 0.5111381253228783
0.9999720490496361 -0.0033214827865400017 0.00669842306597334 53.41005342479124 0.0032645303861435836 0.9999585842692317 0.008495445110870187 0.1799175634656984 -0.006726363120586818 -0.00847334044946746 0.9999414775579606 0.5233904810559773
0.9999613197949742 -0.003957867085295001 0.007854565680441662 54.862884800860705 0.00390250527114751 0.9999675248822236 0.007051215039128938 0.19192297639302464 -0.007882218374410813 -0.007020289812715047 0.9999442915305049 0.5320740345452332
0.9999550851622846 -0.004561295615173256 0.008307962469780567 56.268570233470946 0.004516690596534394 0.9999753282124695 0.005379820853826642 0.19887676251468753 -0.008332296450766677 -0.005342054724082436 0.9999510164438964 0.5412085320925276
0.9999559976106703 -0.005069730992805331 0.007893077353586547 57.69349965082827 0.005042739773361316 0.999981382987035 0.003435761184180873 0.20868079575181794 -0.007910348793022442 -0.003395807267374455 0.9999629467510162 0.5525143520191098
0.999953299707931 -0.005006275603155492 0.008266535417326786 59.14883465327248 0.004986629204648808 0.9999846973849712 0.002395521876939043 0.22138495063207497 -0.008278401560447018 -0.002354187858434427 0.9999629622476681 0.5610476293223572
0.9999484242667631 -0.004665030580413259 0.009021435368138236 60.54951317066407 0.004652006873497977 0.9999881075711076 0.0014640862010711015 0.22911798682586457 -0.00902815808825997 -0.0014220429104103622 0.9999582342055564 0.5703128975863888
0.9999424020439199 -0.004030016873137061 0.009947439803182863 62.0053726434318 0.004033680416645723 0.9999918040369294 -0.00034825459607601785 0.24325208759204173 -0.009945954802435255 0.0003883593304529492 0.99995046235306 0.5772694716277706
0.9999460729592454 -0.003646036622731815 0.00972407272335135 63.40427243849539 0.0036651360838670186 0.9999913878587021 -0.001947045431832747 0.25019852485819566 -0.00971688997931248 0.0019825804832548956 0.999950824502764 0.5878468658267579
0.9999547246444691 -0.0032355084500344583 0.008948751101344644 64.82898562919453 0.0032625607685201562 0.9999901475005255 -0.0030100829073475993 0.2586971662497145 -0.008938923785097091 0.00303914246904429 0.9999554286340052 0.5958472892726382
0.999958506063606 -0.0025544386400630716 0.008744197749094323 66.27821211176364 0.0025811545139249174 0.9999920317163841 -0.0030453481104019404 0.26893394910577173 -0.00873634891796101 0.003067791872411877 0.9999571315114519 0.6072553424708539
0.999959589617262 -0.0020093478475056137 0.0087625141200992 67.66298377783305 0.002022436856993365 0.9999968520412214 -0.001485145382492681 0.2811732889958187 -0.008759502362388408 0.001502806998715766 0.9999605055648388 0.6179272539715882
0.9999495108514259 -0.0013338238296982414 0.009959752104615463 69.10753907439745 0.0013237321924651985 0.9999986039049735 0.0010197652605087562 0.29516558556912403 -0.00996109838706025 -0.001006529728939155 0.9999498804524295 0.6249510359716403
0.9999339302604832 -0.0006798677391319859 0.011474880987634082 70.49322881507679 0.0006221387155071913 0.9999871372006186 0.005033723942547538 0.3088309366670322 -0.011478155655058248 -0.005026252397999609 0.9999214912829856 0.6348647149342066
0.9999242889752284 0.0001885126071994043 0.012303689705975814 71.92923432738273 -0.0002919402505807211 0.9999646349559123 0.008404975215866455 0.3234435215058767 -0.01230167014165553 -0.00840793080883551 0.9998889816430822 0.6427526282709496
0.9999264997982165 0.0005756114906253076 0.012110477806394128 73.31141196258092 -0.0007314936121134082 0.9999168953118964 0.012871184363271298 0.3345799420181951 -0.012102062567295787 -0.012879097065778423 0.9998438222744528 0.6473485915229853
0.9999315525636243 0.0012715310128461775 0.011630709203792208 74.712874091484 -0.0014587816494264674 0.9998692357042898 0.01610538568984672 0.3466672966019152 -0.011608709824916075 -0.01612124998264072 0.9998026521045031 0.6534065794116973
0.9999288336275244 0.0020358295808292097 0.011755129868122811 76.13187835692446 -0.0022447216394555847 0.9998393230090132 0.01778452669146664 0.357924133315014 -0.011717034823707407 -0.017809648025605397 0.9997727379420506 0.6585600937730395
0.9999213092697112 0.002238464087172594 0.012343603480231195 77.51305251515558 -0.0024638609848707214 0.9998299560607151 0.018275348223110867 0.3629456716998938 -0.012300595814592436 -0.01830432304564056 0.9997567939756383 0.6641519621883494
0.9999218474845689 0.0023650649605772194 0.012276212395467763 78.92644458320271 -0.0025743677376915425 0.9998511235497307 0.017061751583354243 0.3657858777046923 -0.012234032605707712 -0.01709202164968229 0.9997790712163009 0.6709826684575455
0.9999324455242884 0.002115081383747034 0.011429383997226256 80.30175451110993 -0.00230051834462761 0.9998655431090357 0.016235865194656945 0.36730855976971094 -0.011393507061566107 -0.016261061896849408 0.9998028635000127 0.6766841636623429
0.9999298912604823 0.0018453327877219253 0.011696465735536324 81.68931825114788 -0.002031391901447624 0.9998712780527421 0.015915425602814427 0.3700768995577382 -0.011665590886995389 -0.015938069898157253 0.9998049269318383 0.6853386164468789
0.9999283800310378 0.0014500989338302084 0.011879899898008575 83.0881447374205 -0.001635027619939667 0.9998774180829779 0.015571624590898803 0.37437379488849504 -0.011855863240887778 -0.015589933316084274 0.9998081778451372 0.6880080862092562
0.9999329879212467 0.001003075289628968 0.011533148176074431 84.45751568628653 -0.0011836981929864959 0.9998765948878049 0.015665051999804478 0.3809532695581096 -0.011516011700058042 -0.015677654018761658 0.9998107784170924 0.6955719849779695
0.9999292929582171 0.0002092340324377991 0.011889714260642883 85.84666568668032 -0.00039423782031948777 0.999878861678118 0.015559773321349937 0.3870507001358651 -0.01188501832649385 -0.015563360510841909 0.9998082456896366 0.6982944099706071
0.9999185671711329 -0.0007762536653161771 0.012737992647020673 87.21449187929366 0.0005851938183801755 0.9998873810797457 0.01499608967972788 0.39536770936228244 -0.012748198877621856 -0.014987414311167707 0.9998064116806024 0.7050087511627002
0.9999006865040893 -0.0019782516836927403 0.013953624938594268 88.58659460880413 0.0017911176601176253 0.9999084654875103 0.01341091137618982 0.39987083700271514 -0.013978877858347852 -0.013384586907647529 0.9998127043637388 0.7097137722621994
0.9998881462322187 -0.0030826482088701606 0.014635310188639807 89.97120338451397 0.002918907564385831 0.9999330595965149 0.011196262974015986 0.4060393253501911 -0.014668844635073537 -0.011152291512200516 0.999830211281445 0.7116888419489682
0.9998846152677427 -0.003822903865975204 0.014701753531791623 91.33669963659412 0.0036859264271100747 0.9999496540199722 0.009332918713447907 0.41239026906462684 -0.01473669220863241 -0.00927765225525329 0.9998483660392603 0.7152644067167554
0.9998852504188277 -0.004371280649285972 0.0145044096868368 92.70201535008505 0.004254061116184463 0.9999581238700196 0.008102682911865123 0.4238627462144662 -0.014539221399311403 -0.008040050487132633 0.9998619747891537 0.7168579187665948
0.9998857642710519 -0.004567198678206307 0.014408299841700604 94.06116236254877 0.004468697562896182 0.999966476649959 0.006861218431029446 0.4353590087537488 -0.0144391533749706 -0.00679604830035242 0.9998726541801777 0.7227039562619778
0.999893243987012 -0.00470920850974828 0.013831991336814063 95.43033277127374 0.00460807348438719 0.9999624849148874 0.007334468052027465 0.44953636484699105 -0.013866011967846868 -0.007269946220945395 0.9998774332857263 0.7212694821389278
0.9998988045660155 -0.00462471559084404 0.013453350257709867 96.77861962245045 0.004529379697359974 0.9999644780194519 0.007108264122994769 0.4623925878744297 -0.013485746067977157 -0.007046609467603224 0.999884233273033 0.7251996456156451
0.9999048416908639 -0.004488869667483962 0.013044447565027128 98.13527554993048 0.004384919646104556 0.9999584923810506 0.007986613469647413 0.4762486772894098 -0.013079756988018013 -0.007928654622613449 0.9998830213545031 0.732348791742515
0.9999041256774335 -0.004195083806381645 0.013196239051521987 99.48205891380375 0.004070615932829272 0.9999471112133504 0.00944483255557375 0.49223465553826273 -0.013235162982558085 -0.009390210217714181 0.9998683185364422 0.7300910100565847
0.9998829454919291 -0.004051357125269719 0.014754044185491002 100.83739310260059 0.003902104646051299 0.9999410683518164 0.01013081451609179 0.505060981749682 -0.014794218252924329 -0.010072056834218001 0.9998398295614219 0.7373436658221273
0.999859765233779 -0.004121491253409474 0.016231548801656035 102.17367789113611 0.003948661612532716 0.9999353259963756 0.010665453388955233 0.5198548492599101 -0.01627445661526623 -0.010599864827927541 0.9998113746739969 0.7361604992963063
0.9998756714452959 -0.003924717149076941 0.015272139572385567 103.51972279939443 0.0037685205377654754 0.9999404385936559 0.01024292526983253 0.5318665082817132 -0.015311430526737979 -0.010184098410103634 0.9998309078213167 0.7395699005173071
0.9999070852445792 -0.0037294795503728926 0.013111516310985049 104.85903042761592 0.003593881221778318 0.9999399756421558 0.010350320310436154 0.5444277416207832 -0.0131493306085757 -0.010302237380696893 0.9998604697704067 0.7428259989320415
0.9999202571448574 -0.00386715501856796 0.012021832781420045 106.18480360112012 0.0037487367365571763 0.9999443892919151 0.009857245888133168 0.5550124535546683 -0.012059283736692144 -0.00981139315701375 0.9998791478174132 0.7443804825140813
0.9999058138237158 -0.0037644594705383756 0.013198194059310808 107.53002200863328 0.0036592308179931145 0.9999613997027724 0.00798806198604949 0.5665939672580529 -0.013227755340691882 -0.00793901438259142 0.9998809921882102 0.7474116840403189
0.999876321493376 -0.0031641051999724405 0.015405523527564675 108.85911916886154 0.0030891036700037558 0.99998327327512 0.004889847491741453 0.5726033002202646 -0.01542073783548669 -0.004841653463438726 0.999869371086218 0.7467957446407806
0.9998653234106273 -0.0022750491096019164 0.016252974881866385 110.1975664381944 0.002216809093119449 0.999991061172352 0.00360046286442161 0.5820301973174751 -0.016261020829159006 -0.0035639482238545035 0.9998614291363835 0.7501412946896852
0.9998829871963648 -0.0015256011305167245 0.015221184463265047 111.5313383327094 0.0014782452761748393 0.999994034102102 0.0031219466855695677 0.5889664388224711 -0.01522585650062557 -0.003099080733804482 0.9998792772092177 0.7528928601749045
0.9999153957237671 -0.0008305553734654436 0.01298120072851106 112.84951648169726 0.0007726728641878626 0.9999897407861871 0.004463328244636598 0.5975228478398691 -0.01298477459285436 -0.004452920406433375 0.9999057791255268 0.7499285381435592
0.9999362047760522 0.00020005466343728858 0.011293642290992341 114.19708428256783 -0.0002854633600709708 0.9999713711485819 0.007561441257798953 0.6058460991302443 -0.011291806265399293 -0.007564182795036368 0.9999076348592945 0.75757293171917
0.9999368713667475 0.0016259846189016318 0.011117978921541294 115.5070345705434 -0.00173565898640873 0.9999498622440415 0.009862073108905318 0.6172443541035944 -0.011101385911841809 -0.009880747549734791 0.9998895589307325 0.7555347943453485
0.9999090195031025 0.0030228876695878267 0.013145906833732056 116.86272949464949 -0.0031719417965232763 0.9999307551893075 0.011332414207959524 0.6259974183286038 -0.01311073993272607 -0.011373081230622951 0.9998493694160826 0.7580963865068585
0.9998722748155089 0.003917150202791709 0.015494837512804102 118.1785915156843 -0.004087822050304137 0.9999311593977163 0.010998462457270501 0.6264260091870842 -0.015450688209412538 -0.011060397815074747 0.9998194556188771 0.7571249720569355
0.9998576198403419 0.004727449150264502 0.01619849597147509 119.53747714321071 -0.004906414092791532 0.9999271704435126 0.01102637336482389 0.6273922612128222 -0.01614518962280369 -0.01110427995694023 0.9998079954764721 0.7587727138864525
0.9998589213571657 0.005744352407779009 0.01578416288246479 120.86843410490327 -0.005923880563366016 0.9999180298333562 0.01135082610430867 0.6269281543934412 -0.015717665906740414 -0.011442728240875263 0.9998109916123394 0.7540670841940517
0.9998529816308809 0.00706681935228125 0.015622905878223438 122.18885995441283 -0.007266907289301138 0.9998918250976017 0.012787891203636461 0.6283604325414457 -0.015530846154872154 -0.012899541357333755 0.9997961765532434 0.7532381990254254
0.9998488318293826 0.008131749982715271 0.015368413439180944 123.5476777511871 -0.00835695745059992 0.9998578038708533 0.014646955339694583 0.6291675481115951 -0.015247122731448376 -0.01477317436344523 0.9997746138843692 0.7466384863013087
0.9998491215724928 0.009392278779206752 0.014612295851374961 124.86737350622059 -0.009620744285390007 0.9998313354813101 0.01564422797887819 0.6259383949025368 -0.014462896325065144 -0.015782448764169718 0.9997708432140321 0.7480510098726457
0.9998477941359158 0.010356957162415458 0.014040014240700038 126.2194732042132 -0.010594209907421057 0.9998005386261701 0.016930613670432526 0.6226689816148897 -0.013861864159652924 -0.017076779589718503 0.9997580868994577 0.746078638933823
0.9998393148850802 0.011330797338096596 0.013890912202468932 127.5644315078074 -0.011551667170340783 0.9998064650838511 0.01592455217957662 0.6153797145539384 -0.013707785952493863 -0.01608245653553494 0.9997767006667356 0.7470984344958712
0.9998130703139184 0.012274186026856523 0.014938834855296405 128.88986619023092 -0.012504894331652116 0.9998024528707635 0.015449364108552539 0.6067695045358106 -0.014746255362291592 -0.01563328471507305 0.9997690475113777 0.7448782364055403
0.9997885916109027 0.013085466033778767 0.01586009657493682 130.24913045982723 -0.013317842926075064 0.9998041965469258 0.014635697009459802 0.5960270304044536 -0.01566547619716339 -0.014843825175309106 0.9997670997335734 0.7414093977495589
0.999774404273753 0.013416547520868053 0.016466232467763266 131.5755453420353 -0.013640007650093287 0.999815368434992 0.013534372261261455 0.5819935670350381 -0.016281607732884628 -0.013755918501550383 0.9997728161716596 0.7412830239739642
0.9997677623654156 0.013454890985485355 0.016834109522589107 132.93377865096494 -0.013655906930584777 0.9998361350622617 0.01188356973565682 0.5680281360637096 -0.016671458866968632 -0.01211069495643074 0.9997876742223417 0.7404737124624462
0.9997566383625204 0.013271430605763012 0.017621951644159386 134.27588713181032 -0.013448860453004328 0.9998596677714571 0.009988639370170936 0.5544868408806503 -0.017486915182166666 -0.010223203687109508 0.999794825903687 0.7328149654016717
0.9997667982996074 0.012686680960058408 0.017475615696440207 135.5984566595559 -0.012833694069723877 0.9998829787792252 0.008326166231113489 0.540793047496996 -0.017367939263963073 -0.008548501260518822 0.9998126213505819 0.7311366327481768
0.9997824349406884 0.011509329788197763 0.017395922277780952 136.95364852481032 -0.011646300846961456 0.9999018111920183 0.007793051488559949 0.5307627868640907 -0.017304521393270513 -0.007993954137208019 0.9998183086124208 0.7265325823718537
0.9997757712235714 0.010486789659723337 0.01839658981837929 138.29140918727273 -0.01059528618563456 0.9999269885366902 0.005810121047847887 0.5188323895200212 -0.018334317139110424 -0.0060037353854798855 0.9998138866691458 0.7203062612327112
0.9997821519606254 0.009411341160488912 0.01862995648255677 139.64097459285546 -0.009501016482530256 0.9999436732539889 0.0047308567002961755 0.5091553733819517 -0.018584383411341904 -0.0049068296160490465 0.9998152547927738 0.7164271402560365
0.9997876332830435 0.008118186945486898 0.0189415779440046 140.98570065557288 -0.008190184991485987 0.9999595159013691 0.003726583972616134 0.5012054342158772 -0.018910558005937134 -0.0038809275976044552 0.9998136472347666 0.7108466086000208
0.9998068036593296 0.006885655162211853 0.01841040764083882 142.32681018624362 -0.006951847965345217 0.9999695914916157 0.0035338225702279133 0.49770719637996097 -0.018385515124180688 -0.003661126203537908 0.9998242690535873 0.7067574453660477
0.9998195193571263 0.005910690764122947 0.01805526092793815 143.67115216088786 -0.0059746843439985094 0.9999760527386113 0.0034924341504992806 0.4939240265096607 -0.018034185855607607 -0.0035996783185315642 0.9998308909293253 0.697272541753499
0.9998588294030498 0.0050229088958448544 0.016034077802824138 145.01217288706013 -0.005049289466450949 0.9999859638698838 0.001605222446671129 0.48823425120697694 -0.016025789860314613 -0.0016859565366141496 0.9998701573754013 0.6959348935794629
0.9998731500775344 0.004086635528993866 0.015394257503425362 146.35745126043284 -0.004033307429467985 0.9999857634559434 -0.003493610827405697 0.4857282375589837 -0.015408315456531952 0.0034310778899834067 0.9998753979968228 0.6976658183744978
0.9998284783082754 0.0031993943554610837 0.018242199415555268 147.70861010595374 -0.002986352416530644 0.9999271653942438 -0.011693827682892744 0.47353907588994 -0.018278283918435088 0.01163734430147836 0.9997652107142987 0.6883866013055137
0.9998029268967301 0.0017558478323192997 0.01977433607283821 149.0427141734812 -0.0013820915687685709 0.9998204444236675 -0.0188989083112142 0.46061522325114473 -0.019803969087719506 0.018867853901540627 0.9996258334484573 0.6845470587691633
0.9998576217531812 0.0005008473297518722 0.01686669422337265 150.3804773234791 -0.000135113672073998 0.9997649967062664 -0.02167794052060332 0.45335199917690294 -0.01687358783330002 0.021672575132445086 0.9996227195901264 0.682806157973604
0.9998997841608701 0.0009602398058843184 0.014124431831424174 151.73656763776373 -0.0006679275078728779 0.9997858052017418 -0.020685685629179672 0.45625832553190165 -0.014141269670350676 0.02067417849928308 0.9996862521989037 0.6832261459486837
0.9999309375124456 0.0016642343128769838 0.011634024653297475 153.0749595407339 -0.0014620198139127171 0.9998480916421417 -0.017368250851233752 0.46679800728791354 -0.011661162186738386 0.017350042182066826 0.9997814727892966 0.6761509079871099
0.9999264955000788 0.0025297119640625676 0.011857662261579749 154.4335312916571 -0.002325853610842663 0.9998498022897051 -0.017174494642304 0.4701272572198419 -0.011899327792431974 0.01714565305307667 0.9997821925696976 0.6808943189729569
0.9998857482764075 0.003155871003810943 0.014782789721021084 155.76979162088196 -0.002859255783916384 0.999795025559423 -0.02004324132955722 0.4681292824281013 -0.014843013511102185 0.019998683577676687 0.9996898206969346 0.6760485829228451
0.9998268881265304 0.0038277982800919356 0.01820828766098995 157.11070969066242 -0.003351121689799423 0.9996527283186973 -0.02613795608697935 0.4577584674032553 -0.018302015261675134 0.026072413108717617 0.9994925039799197 0.6782861955502698
0.9998011622262214 0.0038653586680781637 0.019562592196945033 158.46051105913904 -0.0032812883867613055 0.999550465271399 -0.029801015456737263 0.4465656492070745 -0.01966898974578428 0.029730899382576722 0.9993644002386133 0.673836377764233
0.9997995314446728 0.0038032282520820276 0.019657883351856673 159.79834362882377 -0.0031970172179730393 0.9995211316832981 -0.030778018120846073 0.44118653439350414 -0.01976552564240634 0.03070900150447276 0.9993329181122163 0.6716652653270915
0.9997834440685709 0.00480436293317915 0.020248038502360885 161.15954255327148 -0.004206076213909294 0.9995562970399214 -0.02948759011386024 0.4417064772151539 -0.020380723472673414 0.029396039608194438 0.9993600447116565 0.658147772462855
0.9997884605770178 0.005826497306750108 0.019725263652777804 162.50748786662797 -0.005305679746835023 0.9996386000975336 -0.026353727582022608 0.44728950746418117 -0.019871684867197047 0.026243496797832947 0.9994580506536335 0.6477756012172661
0.9998155292864289 0.006678036683178593 0.01800864302928315 163.85905210764784 -0.006267461342986409 0.9997213197306608 -0.022759652991644296 0.4500687683112987 -0.01815561417336793 0.022642586028190623 0.9995787547621968 0.6438510030204116
0.9998266127906389 0.00729004730068574 0.017134747326744856 165.21099245855825 -0.006944232549747494 0.9997727377974336 -0.020155654078176728 0.45101803280248065 -0.017277788917933128 0.020033171675445185 0.9996500137761863 0.6318421285647401
0.9998009561365627 0.007639946645637845 0.018430391305309914 166.56653066953473 -0.0072958013397514685 0.999799114109815 -0.018668227233456024 0.4496210064277072 -0.018569313159778337 0.01853004696380653 0.9996558497644543 0.6246205251198645
0.9997973014055184 0.007427725771623106 0.018713230402698598 167.9181458569158 -0.007100171996438021 0.9998214793814012 -0.017509909343207543 0.4455620762603761 -0.018839948510118453 0.017373492954726042 0.999671555103319 0.6178504451863949
0.9998405093806016 0.006887172122711051 0.016477944704700077 169.29486646091888 -0.006648601151855105 0.9998729180984539 -0.014489436014071386 0.44710918267573324 -0.016575641895943353 0.014377569802802895 0.9997592378079349 0.6146167098590403
0.9998832369852144 0.006223208438802877 0.013956506464611136 170.66367310411852 -0.006075034060854705 0.9999250005307965 -0.010634250074452659 0.4478172054668373 -0.01402163888883803 0.01054822213521093 0.9998460524764086 0.6123847836373093
0.9999016920856453 0.005849926369661909 0.012743018705670383 172.03471799169625 -0.005790217430673725 0.9999721089685846 -0.004717485243943722 0.4506714604352189 -0.012770260231062373 0.004643236628779417 0.9999076761417727 0.6123520054651158
0.9998872060184535 0.006059786747388142 0.013742424283472623 173.4012288179617 -0.006047173845623551 0.9999812556595227 -0.0009591757321584138 0.4556029986898236 -0.013747979091183018 0.0008759647142061033 0.9999051083761539 0.6084144303390707
0.9998482483061361 0.00675625796676569 0.01605718958715594 174.78101838172017 -0.006791607915710508 0.99997462977379 0.00214799224641948 0.46245281052686704 -0.016042269822896398 -0.0022567204208618716 0.9998687677849887 0.6028469124193033
0.9998061658371126 0.006859816590450466 0.018454638182244323 176.15359859730458 -0.006900452870777903 0.9999739034935409 0.002139177895540069 0.46089611624045995 -0.01843948221264205 -0.0022661086108072552 0.9998274102301326 0.5957074117289969
0.999786948679715 0.006183056927117715 0.01969332518243447 177.54618733378018 -0.006188625234406693 0.999980825673026 0.00022181974993002498 0.45887287171612173 -0.01969157605203684 -0.00034364710011282784 0.9998060430599816 0.5914406702886212
0.999794625547362 0.004503591143806563 0.019759159734659915 178.92789518884203 -0.004450868470944346 0.9999864188629272 -0.002711431273850142 0.45252014733026025 -0.019771102560675064 0.0026229289940610584 0.9998010920913356 0.5758577611204403
0.9998659078529285 0.002438958671888538 0.01619314033892041 180.2676149532345 -0.0023778123052357845 0.9999899748018686 -0.0037942462227973177 0.4516834246483739 -0.016202232009208516 0.0037552331958164895 0.9998616833850393 0.5716465086986118
0.9999278096488262 0.0008274265215369698 0.01198711208974167 181.68123116761487 -0.000808278322693783 0.9999983898908004 -0.001602155410603804 0.45926554869293346 -0.011988418455060577 0.001592350827588239 0.999926868446782 0.5694193726646927
0.9999385871091987 0.00012571156091617237 0.011081796183962602 183.07000260153367 -0.0001572322924036063 0.9999959447569386 0.002843544915071471 0.4750727937374202 -0.01108139377811571 -0.0028451127009760666 0.9999345518810984 0.5636337699314374
0.9999224767945307 -0.0001701006114689143 0.01245036011018372 184.4272988045153 8.778583251210124e-05 0.9999781387150952 0.006611685529536036 0.4880950309616839 -0.012451212581065598 -0.006610080005252882 0.9999006321368066 0.5640606774480625
0.9998791953538066 5.314473749088702e-06 0.015543315939034968 185.86444895692438 -0.00013320269642292493 0.9999661501403624 0.008226835995933083 0.49630519976367593 -0.01554274607866819 -0.008227912567515736 0.9998453502912915 0.5586069659961299
0.9998371202927686 0.00036259372930016944 0.018044428792600712 187.238794823393 -0.0005179597125119538 0.9999628312889153 0.008606262742475859 0.5026744682100658 -0.0180406375275371 -0.008614207244069865 0.9998001454446565 0.5536211003838544
0.9998252768287275 0.0005089521175377353 0.01868573739782921 188.67922921925543 -0.00065340570470008 0.9999699452081837 0.00772539586862647 0.5103760718180728 -0.018681243945295634 -0.007736255430373238 0.9997955598403968 0.5398878957673366
0.9998106061629819 0.00040193977638294716 0.019457395725707715 190.08291303587248 -0.0005332533115087821 0.9999771164227788 0.006744054543825851 0.514794528077681 -0.019454239767114846 -0.006753152982162807 0.999787941255486 0.5361183067610056
0.9997948867232088 0.0004616443389226448 0.020247749668305164 191.47214053195262 -0.0005400032493111406 0.9999923861808496 0.003864709150940926 0.5152105945276901 -0.020245811384499872 -0.0038748502983952547 0.9997875237551967 0.526278926147467
0.9997913056703832 0.0008234218922149426 0.020412424704031828 192.90434986530713 -0.0008642031944271602 0.9999976482625637 0.001989125984135237 0.5175147774967525 -0.020410738809486774 -0.0020063513474566828 0.9997896660275708 0.5174329892804799
0.9997681951747472 0.0012857851015108718 0.021491921126346496 194.3079122761037 -0.0012592006298926197 0.9999984254068328 -0.0012504389744312958 0.516937583850165 -0.021493495081118013 0.0012230864760234405 0.9997682400079881 0.5048869500458004
0.9997344679273508 0.0017526246056880292 0.02297655206963024 195.7437610549155 -0.001618494101501133 0.9999815495003854 -0.0058550094493264645 0.514216918941093 -0.02298638977439256 0.005816267342534474 0.999718858939522 0.48718392695294477
0.9997185859389629 0.0021023469611159604 0.02362898782122186 197.15331545956823 -0.0018872528188130094 0.9999566164584005 -0.009121594041894398 0.5113748857313342 -0.023647139467560273 0.009074433223200638 0.9996791822663306 0.481339151237121
0.999805156165834 0.002200221591159131 0.019616542232567095 198.58769957125014 -0.0020644717409247265 0.9999738025204956 -0.006937739482850955 0.5153719091601067 -0.019631292892808013 0.0068958899099958795 0.9997835060860456 0.46884960809862875
0.9998893986105893 0.002523872951484488 0.014656759924310274 200.01514542502952 -0.0025224655650612463 0.9999968120225179 -0.0001145088394711902 0.5280177517066449 -0.014657002204652318 7.752500243000253e-05 0.9998925773683125 0.4605304400625208
0.9998898266844604 0.0035314785304926153 0.01441745998116405 201.44455556220683 -0.0036612793344628037 0.9999529170712409 0.008986583018654503 0.5440711831762913 -0.01438504523993 -0.009038379285292445 0.9998556786723473 0.4501397119180986
0.9998244834294793 0.0046633262976548415 0.018145405005577788 202.894679956387 -0.0049576081700583065 0.999856368256424 0.016206942287376232 0.5627795944147218 -0.01806722048924565 -0.016294055508551997 0.9997039958402073 0.44149516485262863
0.9997732200927505 0.005472193029409075 0.02058065812411236 204.322603989545 -0.005833275480893704 0.9998293944921506 0.017525832551503917 0.5664060087606748 -0.020481242211758295 -0.01764191069323946 0.9996345740842275 0.4332551811139273
0.9997626505344889 0.0049967280471378125 0.02120554892183861 205.78717917928765 -0.005343630401497385 0.9998523116850199 0.01633402682299215 0.5636116488382795 -0.021120800420100967 -0.016443464566355245 0.9996416979411519 0.42042209209162373
0.9997644303656205 0.0038314802531721768 0.021363603038247823 207.22620148560347 -0.0041096441464138905 0.9999071577595653 0.01299179303166656 0.5574426771216752 -0.021311841795023864 -0.013076529365904602 0.999687356016393 0.40946718482227656
0.9997702585928359 0.0027301699606827024 0.021259732011483227 208.66025379255655 -0.002965058086347993 0.9999348286914608 0.011024826543932026 0.5519394159750289 -0.021228246836676862 -0.01108533002508232 0.9997131973693636 0.4026686975790817
0.9997860586975139 0.002264300329002898 0.02055990705502345 210.1339702002464 -0.0025014871009548753 0.9999305367756549 0.011517994002182274 0.555939069883842 -0.02053239869997858 -0.011566960169838393 0.9997222744522872 0.38475185748085194
0.999781481838366 0.0020233114390391113 0.02080612371158624 211.57552315765096 -0.0022859083024589872 0.9999179396021768 0.012605105512062313 0.5603465975447093 -0.02077891229862446 -0.012649911958512918 0.999704064476647 0.3719090132456118
0.9997673841350225 0.0018646642992592613 0.02148722054769635 213.05546913493578 -0.002155783458018746 0.9999060969207849 0.01353329000368416 0.5663911703732868 -0.021459967788801763 -0.013576463740339488 0.9996775227116046 0.3563462257083924
0.9997659406467208 0.0016118152646337953 0.021574660468489472 214.5132642404831 -0.0018945559088867578 0.999912511727644 0.013091201183330205 0.5706087134087435 -0.021551672340818732 -0.013129011465720387 0.9996815265259467 0.34944526785621927
0.9997830738482653 0.0012263592874753233 0.020791856324343255 215.97240022505306 -0.0015024929947340488 0.9999108149479169 0.013270443285492019 0.5731194186233979 -0.020773727670181985 -0.013298804197773125 0.9996957507389908 0.3365392235707411
0.9997906480990149 0.0009406369781442303 0.020439549305867877 217.454810694063 -0.0011959721918161615 0.99992136181446 0.012483582724204693 0.5774648181113614 -0.0204261994572671 -0.01250541439501335 0.9997131513521971 0.32495761782940163
0.9997893599697759 0.00038521764879996317 0.0205204117548561 218.9154049098348 -0.0006522391538522184 0.9999151877313514 0.013007379761603833 0.5815779636241748 -0.020513660699932754 -0.0130180241027374 0.9997048168200193 0.3132164562739668
0.999791311969888 0.00012916802106682725 0.02042830940514365 220.4049782598465 -0.0004009190243132436 0.9999114822670272 0.013299131343535919 0.5898942756248132 -0.020424783315029085 -0.013304546071888716 0.9997028644954236 0.3014104241052903
0.999790537387401 -9.973132243527055e-05 0.020466348093283796 221.88143169468873 -0.0001711705964537894 0.9999124084641212 0.013234277468284799 0.5954923602766377 -0.02046587528641386 -0.013235008618960787 0.999702947127604 0.2935088221662334
0.9997966730099539 -0.0005620862886080561 0.020156802753197985 223.36856789335047 0.00027645353342310063 0.9998995548320047 0.01417052646173212 0.6055190834413569 -0.02016274315838569 -0.014162072791895654 0.999696403655913 0.27654995721807035
0.9997931777925592 -0.0009572372057649238 0.020314658165670386 224.85900180425855 0.0006664271249351391 0.9998972811574584 0.014317227692885971 0.6124748803407081 -0.02032627645052802 -0.014300728333014705 0.9996911181233941 0.2692484301514759
