1.0 -2.1684043449710093e-19 -2.5135375298442207e-37 0.0 2.1684043449710093e-19 1.0 2.3183291766350204e-18 -8.673617379884035e-19 -2.51353752984422e-37 -2.3183291766350204e-18 1.0 0.0
0.999999605191816 -0.0005752605669382756 0.0006772676666057745 1.3273296181958805 0.0005753941431156976 0.999999815046477 -0.00019704971926772806 -0.0051472914502177945 -0.0006771541864095126 0.00019743933731957285 0.9999997512399269 0.014190925790177144
0.9999991949427005 -0.0005967506105383338 0.001119822601905854 2.628292136493784 0.0005974895951637137 0.9999996039050855 -0.0006596937592120932 0.002610928857959863 -0.001119428485696238 0.0006603623104738848 0.9999991554003855 0.02238872222501785
0.9999988872738748 -0.0011179839288187879 0.000987705901274616 3.9520689250911336 0.0011192792573348144 0.9999985130995639 -0.0013118737003340345 0.0010290636455376027 -0.000986237778940667 0.0013129777593055387 0.9999986517113146 0.049421367772926404
0.9999992821437903 -0.0005474319932305861 0.0010658471357157654 5.267740827495107 0.0005495019615738203 0.999997961855411 -0.0019427641694633494 0.012071873158001916 -0.001064781432103527 0.00194334845992984 0.9999975448156186 0.05437341299940499
0.999998422726841 -0.0009066767965680368 0.0015272462200102274 6.589238778037251 0.0009101360174767321 0.999997018817045 -0.002265835265889441 0.005415403617607984 -0.0015251872867494008 0.00226722169384068 0.9999962667477971 0.06502564482824083
0.99999671025042 -0.000676031506330865 0.0024743624916060314 7.924290445281585 0.0006848703053135854 0.9999933821128274 -0.003573049567776471 0.011495242433065687 -0.002471930622472739 0.0035747324307332387 0.9999905553789227 0.09339317320524931
0.9999957501909511 -0.0004940106247464174 0.002873247907781817 9.23996119245518 0.0005043327737889643 0.9999934183814966 -0.0035928877163960717 0.02808341371949353 -0.002871454072454801 0.003594321520396458 0.9999894177461669 0.10374597577126295
0.9999967710918701 -0.001050773755133984 0.002313802141349299 10.5717775846944 0.0010581522139007616 0.9999943521628831 -0.0031899774650578794 0.023908083838213103 -0.002310437128771933 0.003192415519772106 0.9999922351515651 0.11967967870287478
0.9999995872625612 -0.000908437062029497 -1.4724513922894985e-05 11.892859132165661 0.0009084271297484407 0.9999993688752834 -0.000661066702153164 0.04268206634220515 1.532504212259986e-05 0.0006610530531582667 0.999999781386978 0.1271993328431052
0.9999992906577392 -0.0009340616893766398 -0.0007390620941138222 13.230849570353744 0.0009355741284335712 0.9999974636839069 0.0020487378562885016 0.04035281880916226 0.0007371465720756043 -0.002049427850406718 0.999997628227396 0.14481478444514814
0.9999994118422428 -0.0007583581587642681 -0.000775376083880805 14.571397605405075 0.0007628846416514329 0.9999825726931901 0.0058542563090550025 0.06544865782030586 0.0007709229481284292 -0.0058548443883346376 0.9999825630854752 0.15853182808716004
0.9999999311378235 -0.0003683760150610614 4.498288607726931e-05 15.921907901109606 0.00036810397529766955 0.9999824983730224 0.005904866392374582 0.08356940996735825 -4.7157309954667736e-05 -0.005904849427373445 0.9999825651127265 0.1774931317181195
0.9999956490264549 -0.000181879069847219 0.0029442907742248565 17.26433262636812 0.0001691424120280187 0.9999906304415151 0.00432555430267624 0.07100747821967311 -0.0029450499153133958 -0.004325037477860637 0.9999863102722014 0.1961190560190384
0.999987138345065 -6.860691934096029e-05 0.005071334887214269 18.63010591272856 6.944833404896343e-05 0.9999999838536051 -0.00016573991147149635 0.08055142292754933 -0.005071323434425756 0.00016608997554126747 0.9999871269635142 0.2162074424198954
0.9999941863054357 -0.0003990688020547177 0.003386458241414829 19.966107858018297 0.0004060376292934044 0.9999978010895908 -0.002057413285438979 0.06911912674212418 -0.003385629745441399 0.00205877635374259 0.9999921494447604 0.2406822343698633
0.9999996021383997 -0.0002409812698159391 0.0008588661537449324 21.31970908361697 0.0002435267750524361 0.9999955749440838 -0.002964926130846832 0.07588412222931327 -0.0008581478615502555 0.0029651341081212 0.9999952357696354 0.2301798214137609
0.9999999681954697 6.180850525080411e-05 -0.00024451741955500513 22.672728612842533 -6.202368882653516e-05 0.9999996107672858 -0.0008801240475245801 0.08813631600853046 0.00024446292522901345 0.0008801391854049911 0.9999995827963591 0.2766856373947431
0.9999992343677411 0.000819921160878181 0.0009268188720343461 24.037668590488547 -0.0008209915021063322 0.9999989958985275 0.0011550648858370698 0.09647789238350288 -0.0009258708792720667 -0.001155824911900064 0.9999989034153427 0.25703452816552685
0.9999818884470604 0.0016682123409719818 0.005782719553654343 25.430659238421224 -0.001678610929806425 0.9999969822135107 0.0017938308776934751 0.10755840286058287 -0.0057797096118336186 -0.0018035053248773387 0.9999816709946968 0.2747824240376791
0.9999770330764645 0.0017239553590869376 0.006554486822877281 26.80290803974233 -0.0017260131624190845 0.9999984629106586 0.00030830971940907267 0.09647299594504567 -0.006553945235852414 -0.00031961576901251045 0.9999784715920667 0.29415673343874377
0.9999807037576143 0.0016646764664459749 0.005985061794881987 28.17150931459056 -0.0016405037919652653 0.9999904875566538 -0.0040414778874332345 0.09288746153819212 -0.005991732615449611 0.004031581385526671 0.9999739224058779 0.3129512992727496
0.9999920271730501 0.001540321651713622 0.0036841552007266833 29.534264269279664 -0.0015252672005044935 0.9999904906932456 -0.0040855945771543336 0.10144782615300878 -0.003690413296752064 0.004079942682326546 0.9999848673442054 0.31010336806002464
0.9999958310090679 0.002248907196313268 0.0018111821847459275 30.93229790823096 -0.0022411783638924543 0.9999884229137397 -0.00425806975435134 0.10000646359103375 -0.001820737220246506 0.004253992820171625 0.9999892941732229 0.34720359408574875
0.9999959048122075 0.0028023799085735044 0.0005805391137973125 32.305817300498 -0.0028013690970323823 0.9999945715294208 -0.001734716942977532 0.11406398876467838 -0.0005853972982658755 0.0017330835346528733 0.9999983268643329 0.33285248918390764
0.9999932341732205 0.0034019377562670814 -0.0013994382034009248 33.68741760828892 -0.003402202275923563 0.9999941950680318 -0.00018668131384013106 0.11607206829864013 0.001398795001547418 0.00019144122262732363 0.9999990033609042 0.36961131458711277
0.9999929689959524 0.0035985990856307096 -0.0010545346276646928 35.0813322219478 -0.0035986398465002916 0.9999935241990827 -3.675804331027473e-05 0.1298943804680553 0.0010543955212473377 4.0552675194951945e-05 0.9999994433026277 0.3598704371312359
0.9999952475162518 0.003037711678534043 0.0005265478783976331 36.4760951290263 -0.0030378014943282113 0.9999953714442844 0.0001698590258506496 0.12197547597315485 -0.0005260294584949101 -0.00017145776653022145 0.9999998469476098 0.39592372389484126
0.9999946864924436 0.002862162579283948 0.0015604525783515753 37.881209884871275 -0.0028633881418914588 0.9999955933846767 0.0007837216198864906 0.135473369116515 -0.001558202563344317 -0.000788185636984577 0.9999984753829245 0.39066515012746106
0.9999950642205071 0.0023425618783941555 0.002093785679093619 39.27340572131299 -0.0023479238532806263 0.9999939613769857 0.0025621208291283252 0.12666470519617634 -0.0020877711089290736 -0.0025670242324044796 0.99999452578421 0.39784167272680176
0.9999920639654795 0.0030317242956904083 0.0025846960856890137 40.66824295262959 -0.0030464004336461887 0.9999791533050173 0.00569318889362432 0.14911880870234062 -0.002567382024229337 -0.005701017731557014 0.999980453282146 0.4344008901522129
0.999992290570233 0.00269619425410892 0.0028547043004096056 42.094803928187204 -0.0027200386551379354 0.9999611710079593 0.00838199654648628 0.14770056739799248 -0.002831993964192449 -0.008389696832118702 0.9999607956301347 0.444334711549747
0.9999927683930574 0.0025131137265976683 0.0028543687544610977 43.47964180475691 -0.002537474848602053 0.9999601141809127 0.008563367835671434 0.1559045747953173 -0.0028327341883716173 -0.008570548797684223 0.9999592598252814 0.44529462802700254
0.9999931895834077 0.002207937548626557 0.0029573296374251932 44.91041419919983 -0.002232309362430613 0.999963366120435 0.008263365658099169 0.1656026694587129 -0.0029389763036528726 -0.008269911055774 0.9999614847529961 0.46463806571537936
0.9999962052259922 0.0013712498304853566 0.002389394801537867 46.307349819504424 -0.001389986983203092 0.9999681604524561 0.007857863419368033 0.15572823200344812 -0.002378543630406697 -0.007861154828224044 0.9999662718186874 0.4858268688171467
0.9999952722479278 0.000386904783598629 0.0030505387198221556 47.73819534122213 -0.0004103858097965965 0.9999702667102738 0.007700472639469254 0.16228152035258067 -0.0030474686675703968 -0.007701688131346627 0.9999656978790061 0.5076265711399253
0.9999930773169468 -0.0005642088962420328 0.0036779051788073946 49.13650006956131 0.0005360169751385063 0.9999705051169894 0.007661695757177069 0.16830203206970307 -0.0036821194963309206 -0.0076596712980769015 0.9999638850636657 0.5114708328731231
0.9999915039486806 -0.0014845466189641015 0.003845536606481716 50.56490945185581 0.0014518983112622754 0.9999629998918875 0.008478846531855037 0.17973553218277027 -0.0038579815641631063 -0.008473191167034926 0.999956659565652 0.5304121088175016
0.9999876970090009 -0.0028225575988602373 0.004079092942753446 52.019823555494625 0.002787115091241801 0.9999585433355088 0.008668540811199572 0.1777759118708285 -0.004103391292903572 -0.008657065260720671 0.9999541076474304 0.5406813293792512
0.9999783126421202 -0.0037386793007900218 0.005421856001753409 53.42801393696768 0.003686006702483958 0.9999462326322615 0.009692533164058622 0.19992040337316502 -0.005457801755940624 -0.009672337961060765 0.999938327237415 0.5679369125332783
0.9999708925290486 -0.004855715917230409 0.00588524575435601 54.886283155431684 0.004808176159702588 0.9999559160672836 0.00806519460751513 0.19649419073051905 -0.005924148603409427 -0.008036662551767288 0.9999501570170153 0.5701978046803632
0.9999630626796755 -0.0049333988924272 0.007038100002943269 56.27087677948448 0.0048986215943071934 0.9999757502013831 0.004950001581503011 0.21845667870798463 -0.007062349662755252 -0.004915341753051678 0.999962980631129 0.5776367504884812
0.9999620014966658 -0.005366964949470166 0.00686958878049634 57.70034484497969 0.005338531250029133 0.999977135480148 0.004150734996373833 0.23221421067230721 -0.006891708559887371 -0.004113903760276706 0.999967789555732 0.5985569290502916
0.9999601844768128 -0.005185279838345261 0.007262391761442256 59.15123450909358 0.005164889138897403 0.9999826752884923 0.0028236577435433903 0.2534752188597899 -0.007276907398168116 -0.002786035869801938 0.9999696418506167 0.6139540046136241
0.9999556027046824 -0.005198259228449117 0.007859435126592486 60.55531668294476 0.005176094502585821 0.9999825771516511 0.0028378581434990945 0.2443271519840376 -0.00787405011512964 -0.002797050971320843 0.9999650873108762 0.632803372648341
0.9999539368400122 -0.004526912360433623 0.008463525426307147 62.014117740673015 0.004520882847649009 0.9999895132756463 0.0007314075566161063 0.26539981565092313 -0.008466747689557502 -0.0006931112587423763 0.9999639162391534 0.6296942429005363
0.9999546820038999 -0.004508168675072854 0.008385126932634785 63.42256809928649 0.004521588120426839 0.9999885260054553 -0.0015821182971398654 0.25477985613672205 -0.008377898265586678 0.0016199606890359183 0.9999635926112597 0.6447497781467365
0.9999661684237412 -0.003771136481749775 0.007310303521601666 64.83127698513731 0.003789570977764244 0.9999896707153089 -0.0025095048301436956 0.2799452105632858 -0.007300764326179331 0.002537122843703773 0.9999701304778705 0.65380320756465
0.999969052601941 -0.0029002404941746523 0.007313169179810193 66.28035410805755 0.002919249956262776 0.9999923848767068 -0.002590013183193999 0.28968388159357167 -0.00730560182801088 0.0026112819978333437 0.9999699042412519 0.6664894167499025
0.9999716049058341 -0.002450569062199355 0.00712629590472572 67.6542194893479 0.0024571466619521883 0.9999965631499039 -0.0009143952437034069 0.2964019961788766 -0.007124030624020114 0.0009318796335587375 0.999974189560919 0.6763878149617125
0.9999599475897346 -0.001856752229411167 0.008755323380314855 69.12992180469566 0.0018384469865193986 0.9999961085318624 0.002098340727641208 0.31572290987171403 -0.008759185408076998 -0.002082160486152965 0.9999594698180005 0.6882539777941413
0.9999516037101658 -0.0010116204338588809 0.009786054443196223 70.49155162261772 0.0009613975582485761 0.9999863514441304 0.005135429893516424 0.3288054412333681 -0.009791115983502342 -0.005125773068916298 0.9999389283842507 0.6963324018036124
0.9999398824927701 -1.8471893794081803e-05 0.01096499243658533 71.93843913241774 -8.592252889624769e-05 0.9999546786125451 0.009520154316014273 0.3542654564726157 -0.0109646713431941 -0.00952052412794783 0.9998945622427722 0.7159988517444156
0.9999428292996985 0.0003103545638881263 0.010688396145292146 73.31291438900024 -0.0004465671134557406 0.9999186930113272 0.012743937552128782 0.35190486196051673 -0.010683571964806621 -0.012747982058508404 0.9998616655535449 0.7118470425645822
0.9999470585552233 0.0010294725004156317 0.010238177236596773 74.69041754249412 -0.0012013894637824922 0.9998581515339766 0.016799805785065593 0.36841366072400805 -0.010219430028792836 -0.016811216417335746 0.9998064543962777 0.7220898225504289
0.9999462244054773 0.0019046375623192175 0.010194147977496812 76.13621864972623 -0.0020850743754841673 0.9998408360331721 0.01771877719641709 0.38356910065431404 -0.010158777587859621 -0.01773907991536691 0.999791040308762 0.7195250446344861
0.9999405535732817 0.002230042701163008 0.010673154599734431 77.51284793957876 -0.002427173414874222 0.9998260512250711 0.01849259638059507 0.38749195357819305 -0.010630058737983082 -0.01851740265891682 0.9997720278393443 0.7302959375166733
0.999937826170107 0.002300811051840435 0.010911006493659637 78.92267533700065 -0.002496817294954072 0.9998351460874625 0.017984619864152843 0.38630263445818913 -0.010867828559402843 -0.018010744481175445 0.9997787272119953 0.7512195488988779
0.9999524866717913 0.0016968408654617195 0.009599225488460587 80.28993831875104 -0.0018587724890691542 0.9998557012472136 0.016885545542763725 0.37677153334687385 -0.00956918824848231 -0.01690258603055069 0.9998113488162379 0.7428940975839123
0.999951437767876 0.0016854098805024137 0.009709866090332898 81.6896157380364 -0.001847707738037983 0.9998583350691774 0.016730085738191357 0.39114026946094926 -0.009680293491020116 -0.016747214282594704 0.9998128938614967 0.7634488007316989
0.9999441990498945 0.0013998271480715598 0.010470877251712408 83.05939099242393 -0.0015658678892449427 0.9998729004537297 0.01586603277443934 0.404837676739887 -0.010447336704554808 -0.0158815434451968 0.9998192985402813 0.7662945260791296
0.9999541783093749 0.0011458760425008027 0.009504117513897375 84.43483933541326 -0.0012978607283294166 0.9998711376986924 0.016000736065955375 0.4152120728738684 -0.00948455793132228 -0.0160123379060563 0.999826809100271 0.7666541940141935
0.9999534471617774 0.00033371046398340706 0.009643243572829013 85.83674022542223 -0.0004810223894778404 0.9998831703559524 0.015277900915703531 0.4198997641943339 -0.009637018560711664 -0.015281828302119538 0.999836783478686 0.759740342786631
0.999948675608535 -0.0007628251059463076 0.010102685118051152 87.19461613758992 0.0006041155855599998 0.9998765117901794 0.015703382268235547 0.42678730997065795 -0.010113416489794027 -0.015696473112160866 0.9998256545712073 0.7711668438340569
0.9999346704365065 -0.0018795242287717618 0.011274850229982527 88.58282336151066 0.0017152214576033687 0.9998924607053712 0.01456451303371038 0.4312791961936246 -0.01130101209566887 -0.01454422267538566 0.9998303619676601 0.7736006703275298
0.9999217504061462 -0.0029371649611279397 0.012160021657042237 89.9658741171101 0.0027921086698611754 0.999924951235653 0.011928789777373069 0.43437404621861464 -0.012194145885805203 -0.011893904252523495 0.9998549083980872 0.7930504888785809
0.9999155873338487 -0.003911667144969052 0.012390200440322977 91.34247677557904 0.0037720060038617213 0.9999293174446909 0.01127528648421844 0.44085322282354655 -0.012433429836985496 -0.01122759879677474 0.9998596655769986 0.7930756338090414
0.9999188820016532 -0.004328864538861108 0.01197874569260248 92.71410967640121 0.004206259041322307 0.999938706757979 0.010241587379776072 0.4498804435593029 -0.012022345920873596 -0.01019037089533472 0.9998758020572227 0.8040907021726611
0.999919182490045 -0.004353618259855149 0.01194464300377353 94.0429723406823 0.004249233605388284 0.9999526849133088 0.008750539893713476 0.46295365546178263 -0.011982174352219176 -0.008699077118412505 0.9998903707682563 0.8168614651202951
0.9999212711773334 -0.0047864209429697435 0.011599207803219795 95.4149380920035 0.0046904909436012235 0.9999546901730365 0.008283531593154642 0.4775003804450248 -0.011638330714220543 -0.008228473461310839 0.9998984155816444 0.8130661858557108
0.9999289125347711 -0.0045495570782486975 0.011021406780528048 96.77251279609227 0.004463322689642944 0.9999593350217149 0.007836265277410194 0.4818215578493814 -0.011056610131420523 -0.007786516122219447 0.9999085565885913 0.8162724731121329
0.9999361437749236 -0.004207921828811618 0.01048817269203417 98.11935949322175 0.004113226197380467 0.999950732187735 0.009034078119087132 0.5063154693713701 -0.010525670657231473 -0.008990361010281877 0.999904187243018 0.8263978214838144
0.9999364566756479 -0.004024658713339015 0.010530182011305475 99.47511285556635 0.0039100946056330995 0.9999331916589121 0.010877655032042953 0.5200137157402621 -0.010573257356419355 -0.01083578982180232 0.9998853893761087 0.8257566865804061
0.9999216493293434 -0.004051707471388732 0.01184393807193601 100.8207118644946 0.003920796502389267 0.9999312004345916 0.011055394711324914 0.5204757823143197 -0.011887916439494967 -0.011008090842767946 0.9998687410749096 0.8303119801693495
0.9998997052345084 -0.0037881818842572424 0.013646580156026827 102.12837878840713 0.00363700253181484 0.999931933856031 0.011086021266514524 0.5501423903134991 -0.013687647150867543 -0.01103527675003328 0.9998454235443214 0.8360899570230946
0.9999112193661434 -0.0037552821198373054 0.012784805118293172 103.48601987258296 0.0036198049485337523 0.9999372301429433 0.010603432755144708 0.5520018957957524 -0.012823821499337694 -0.010556212874830414 0.999862048470635 0.849111911795189
0.9999378923008213 -0.0036535594357277133 0.010529152123550961 104.81748340524828 0.0035414063447642514 0.9999370084749355 0.010650705295803241 0.5595032479233698 -0.010567401861031698 -0.010612755798867356 0.9998878434265822 0.8522365899170523
0.9999528264980093 -0.0037753481251201026 0.008949386860345071 106.15750333924267 0.0036857973059643023 0.999943187580015 0.010001825360315816 0.5722074003315823 -0.008986638796642 -0.00996836791320738 0.9999099319260139 0.8494738120683489
0.999940736729082 -0.003429787859586039 0.010332452997183673 107.49524754295551 0.003342421136857632 0.9999586189997755 0.008460999291204562 0.5788293454641712 -0.010361044862592816 -0.008425962455417955 0.9999108219766676 0.8633866294111597
0.9999191685447627 -0.002789156106003128 0.012404716238873773 108.81799521659703 0.0027257574692703367 0.999983153075857 0.005124822990718162 0.5910469417091824 -0.012418801188897025 -0.005090596495875699 0.9999099255454698 0.8579319475114836
0.9999039192557004 -0.001985029403830955 0.013719034782220389 110.17730022724317 0.0019346755535277842 0.9999913474803177 0.0036826614019392356 0.6046788364413644 -0.013726226269169112 -0.0036557656878795745 0.9998991079552191 0.877907925255401
0.999919000511251 -0.001629093934494981 0.012622934267961438 111.47846508250397 0.0015854654128122534 0.9999927381863347 0.0034655265143089167 0.5929871334405924 -0.012628488270789167 -0.003445232582742956 0.9999143221578763 0.8772575024812814
0.9999477087986925 -0.00042271105611238686 0.01021767995233346 112.82996962425275 0.0003755000781366363 0.9999892480219342 0.0046219952637231165 0.6214468247097742 -0.010219523860562005 -0.004617916834417863 0.9999371161108951 0.8809477129178598
0.9999650738536341 0.000397072539762289 0.008348257680159269 114.17672197318046 -0.0004625603307042274 0.9999691282235528 0.007844019235586976 0.6160156437997519 -0.008344885309974624 -0.007847606847056396 0.9999343868254243 0.8927859787500088
0.9999682402595296 0.001975243416182945 0.007721197167957468 115.48643049573815 -0.0020584960611683203 0.9999396748236871 0.010789314503944034 0.6306105144121553 -0.007699419862937923 -0.01080486589207328 0.9999119830299207 0.8856015834111985
0.9999439885760174 0.003341115981372719 0.010042741392906136 116.8514839069231 -0.0034551154472844377 0.9999295538329142 0.011355595482198066 0.6440623094912464 -0.010004093558724395 -0.011389658270044649 0.99988509029616 0.900116219657932
0.9999197855137266 0.004027494071061234 0.012008406625794816 118.14941205424417 -0.004173692926504367 0.9999171761800134 0.012174607490311627 0.6468585732035361 -0.01195837888420139 -0.01222375031221888 0.9998537778609262 0.8878975971937316
0.9999032122551449 0.005022414115829501 0.012974647520906633 119.5171897806707 -0.005175210599915945 0.9999173395104772 0.011769933794860996 0.6469450383679614 -0.012914461548557483 -0.011835941142892268 0.999846551816914 0.899560202194486
0.9999043055016825 0.006022037247314411 0.012454513502741772 120.83716923946318 -0.006169606331506166 0.9999108195769527 0.011844359444942772 0.6460865897481182 -0.012382075630210723 -0.011920065450270141 0.9998522872118406 0.9047851005185046
0.9998967402966065 0.007265340355542908 0.012398531112144387 122.14220583674884 -0.0074317478563490705 0.9998822129483373 0.013428676529556217 0.6330296276822328 -0.012299506820208021 -0.013519432645415363 0.9998329595852128 0.906282942191122
0.9998904014961959 0.008633023099492546 0.012027298447271717 123.51710807810062 -0.00881388175535279 0.9998476481403625 0.01506638631485509 0.6509936292312881 -0.011895397604904838 -0.015170742247807838 0.9998141567788845 0.9029137719787721
0.9998859631695861 0.009959972588327256 0.011351634352321957 124.85713574148929 -0.010141477239406145 0.9998198299699013 0.016045499006278302 0.6550239797284341 -0.011189776397750465 -0.016158791569843352 0.9998068225208161 0.9087630868666606
0.9998821568424214 0.010814220571796566 0.010896103045201371 126.18109637552102 -0.010996884753430346 0.9997976181884104 0.01684610312509838 0.6362379611643525 -0.010711720397157771 -0.01696394111656281 0.9997987216174699 0.9067377908280615
0.9998741064034989 0.011835396758579935 0.010568572626961203 127.51729585397395 -0.01200638061652349 0.9997956378757731 0.016264357013635367 0.6368530427976024 -0.010373917692729545 -0.016389199740768814 0.9998118702853861 0.9148329841340963
0.9998565044973751 0.012601826216595705 0.011320971261225995 128.8459283091456 -0.012781252459690003 0.9997915908152379 0.015918998734143614 0.6210350621471958 -0.01111800341124484 -0.016061410621197595 0.9998091923407211 0.9150877402589825
0.9998350676901873 0.013472410763408736 0.01217914468181883 130.21605576532352 -0.013664282425519907 0.9997816318721655 0.01581062797062227 0.6142490259335232 -0.011963477870348372 -0.015974439559865123 0.9998008264039362 0.921942742666693
0.9998296692893999 0.013741989513531026 0.012320313829573276 131.54079958866117 -0.013915111429940147 0.9998040719624894 0.014077903292668495 0.5904026690384011 -0.012124441535242777 -0.014246943933187239 0.999824995939801 0.9119252703479527
0.9998227931342041 0.013821394413145612 0.012780899256103291 132.88623431139698 -0.013990183648824912 0.9998148333932095 0.013212633665580115 0.5786599342008935 -0.012595915639227918 -0.013389099423969342 0.9998310231863304 0.928505160359124
0.9998138190391014 0.013730679224514373 0.01355712751583458 134.2152357406583 -0.013880530333964256 0.9998429132429185 0.01102178368329865 0.5687688540856392 -0.01340366129440042 -0.011207911756746642 0.9998473506380652 0.913402150096832
0.9998163436629393 0.01318571669963193 0.013907401611667813 135.54506881118354 -0.013316979732611384 0.9998672495610023 0.009388360139962191 0.5484649203815699 -0.013781763140918888 -0.009571840493523746 0.99985921152645 0.9317177758129719
0.9998392098592265 0.01201788797748136 0.013308824014099576 136.8962463015941 -0.012137011750662712 0.9998866777736558 0.008906433434643252 0.5390400620155684 -0.013200279309235839 -0.009066530721404136 0.9998717671015799 0.92945397366761
0.9998330639909737 0.011091330466260525 0.014519867041737133 138.2334255337408 -0.011196767378684429 0.999911388532581 0.007200519641910293 0.5307317892580525 -0.01443871707213461 -0.007361893189534114 0.9998686543631502 0.9306505658814319
0.9998388939785413 0.009808725373772151 0.015032464678458512 139.5819030322395 -0.009907258502367167 0.9999298327185591 0.006494295065792524 0.4985269005583962 -0.014967709134482067 -0.006642179309249488 0.9998659155793287 0.9365473974293551
0.999844942123659 0.008809452823715558 0.015247467025169313 140.93096852147153 -0.008892253197300916 0.9999460376561982 0.005371183179179181 0.5150653004110448 -0.015199327051287079 -0.005505934672327281 0.9998693240321818 0.939604253529912
0.999861495678344 0.0074588500416937955 0.014878004433403228 142.25953792843148 -0.00752796151477735 0.9999611088365323 0.004594628368524682 0.5031266257841223 -0.014843155166502597 -0.004705993037430584 0.9998787598375289 0.9294209022494655
0.9998741722771429 0.006450150291462964 0.01449259032456927 143.6128322080616 -0.006517377417005538 0.9999681984379425 0.004596292460226357 0.49465196002551426 -0.01446248266040671 -0.0046901678001077625 0.9998844127804495 0.9241583764841101
0.9999079679221489 0.005889598713445377 0.012221632983918625 144.95897388904896 -0.0059233331556445175 0.9999787416691089 0.0027258639351323472 0.483730266117967 -0.01220531892767524 -0.002798005872080221 0.9999215976030388 0.9295819571438624
0.999925866027762 0.004652700396332566 0.01125232543308417 146.27050367073332 -0.0046504931298349 0.9999891616853623 -0.0002223183652404284 0.49201515988745254 -0.011253237857586787 0.0001699730217756872 0.99993666586784 0.9453865713515116
0.9998918297649934 0.0039545470167666325 0.014166521348085187 147.66140460580033 -0.0038114879406881486 0.9999416164253596 -0.010111196779666138 0.4933154315184981 -0.014205679458989633 0.010056107523854555 0.9998485252139832 0.9334595578644518
0.9998696864254147 0.002457245189684857 0.01595531615545452 148.97329782253078 -0.0021980511950389107 0.9998656698040803 -0.016242257176329634 0.4742649467812348 -0.01599308408302556 0.01620506998799493 0.9997407748852687 0.9479623251775878
0.9999160251015703 0.001659455521723083 0.012852585438238773 150.2677798352078 -0.001413661189667773 0.9998163946385454 -0.01910964609879292 0.44781599978214 -0.012881937242380577 0.019089872166981818 0.9997347810662244 0.943346460573156
0.9999494685344827 0.0015268649784213495 0.009936249843039407 151.67260080694342 -0.0013489260881970058 0.9998390479704443 -0.017890180322291987 0.46125880297335525 -0.009961966473252749 0.01787587303862981 0.9997905842660715 0.9517635592386845
0.9999677758527578 0.0027094269191380526 0.007556868521997849 152.98142539880337 -0.002598342537857312 0.9998889979770829 -0.014671071550545506 0.469082061353797 -0.007595779890496637 0.014650963454841957 0.9998638174260032 0.9518121744669941
0.9999628597755535 0.003594978088431554 0.007832956149520124 154.35401394713938 -0.0034761815042236147 0.9998795310406255 -0.015127444203449877 0.4727005748122353 -0.007886395351889338 0.015099653589486504 0.9998548920867624 0.9593665614348658
0.9999351510437511 0.004030042338241691 0.010651406755099005 155.68302127560088 -0.003832204182368972 0.9998209700155882 -0.018529493468325456 0.47545802571767637 -0.0107241744770972 0.018487473484499216 0.9997715766143508 0.9493391526854739
0.999885359695561 0.0045111744012065105 0.014453953507622437 157.0251932848974 -0.004156143170015373 0.9996912027740552 -0.0244995014258105 0.4730609286317846 -0.014560011690549785 0.024436620095358016 0.9995953469569006 0.9598768583125279
0.9998749292287059 0.004525709524831731 0.015154004526432566 158.36807927171154 -0.0041162114191285095 0.9996284310186326 -0.026945439368839957 0.4478059233878753 -0.015270321000009378 0.026879692195478012 0.9995220354969835 0.9583139686102381
0.9998695477466207 0.004130595858676875 0.015614918085613461 159.70572640916413 -0.0036940303444178125 0.99960432814856 -0.027884427311325535 0.4303483604052362 -0.015723919002038178 0.02782310774371473 0.9994891860579078 0.9758333766629691
0.9998630220288696 0.005489848457390156 0.015614055950042165 161.06689629635653 -0.005058932320830055 0.9996088694552656 -0.027504823397708208 0.44230791498757066 -0.015758946128133607 0.027422065390497973 0.9994997178322013 0.9525518475192635
0.9998607572365436 0.006421283848012324 0.015402378131599195 162.40414310366697 -0.006033292125204818 0.9996665904624589 -0.025105921598187947 0.4318728128862604 -0.015558455080677214 0.02500949873359469 0.9995661356051417 0.9438302103740053
0.999876083879002 0.007679869679898556 0.013741778941999683 163.7575990433778 -0.00736962340247189 0.9997199765179182 -0.02248682285069935 0.4500760898319179 -0.013910626790218683 0.022382764635155566 0.9996526928436649 0.9395238726027755
0.9998833698380415 0.00825571424946826 0.012848731593176888 165.10411248498073 -0.007983560695323319 0.9997456960190413 -0.02109042555348002 0.44688999101295934 -0.013019580636351686 0.020985387145199895 0.9996950055123911 0.9166998121699386
0.999867794828537 0.008492213288068142 0.013866332542838119 166.45208161882454 -0.008200958332018863 0.9997473511282834 -0.020927928574452078 0.44635471848954356 -0.014040553662698024 0.020811444578664795 0.9996848236456298 0.9159668093738706
0.9998655496674688 0.008139279030669406 0.014234982438744532 167.77924790623848 -0.007849888991024614 0.9997637544591871 -0.02026855970459395 0.4318902495828081 -0.014396590950605302 0.02015409155806841 0.9996932283268052 0.9067840425368103
0.9998966950092414 0.007916380571491114 0.011997092491244254 169.1657155939564 -0.00769708266790186 0.9998044380939841 -0.018216489397687167 0.4351908635120084 -0.012138954979718643 0.01812226493073871 0.9997620863414357 0.9076237537199429
0.9999294629351564 0.0069417597389704365 0.009637485457117815 170.58488292600606 -0.006800717894758945 0.9998704158790526 -0.014591150947279322 0.4409750207935746 -0.009737524856227777 0.01452457991051011 0.9998470969043705 0.9159932637559092
0.9999462705384304 0.006686486517367079 0.007921296253589219 171.93493450459974 -0.00661661399544479 0.9999392610680952 -0.008814453688533343 0.4366883029807079 -0.007979752848261806 0.008761567933029065 0.9999297767702668 0.9114907638824195
0.9999323595457121 0.00715344182252088 0.00917085619975303 173.27980175645183 -0.0071036606417598375 0.9999599206315325 -0.005449324367847834 0.44403079461947015 -0.009209470062465681 0.005383809122834605 0.999943098511359 0.9175929894299523
0.999902813457208 0.007939635063847922 0.011459748488197629 174.6638476582306 -0.007927454180928224 0.9999679634320109 -0.0011079620237064258 0.4569708907950629 -0.011468178171318876 0.0010170077136426488 0.9999337210959242 0.9355973333094814
0.9998728019408717 0.00780948000551518 0.013906543817707888 176.05804534085615 -0.007828840586335786 0.9999684586103429 0.0013382972497432647 0.45015991139005496 -0.013895653780377245 -0.001446999135586289 0.9999024037372436 0.942375883196777
0.9998588613386782 0.006841091646455395 0.015344603859565289 177.46928554020943 -0.006804770346105103 0.9999739238364714 -0.0024180048857975664 0.43810703080968144 -0.015360745524191081 0.002313247106508615 0.9998793409130751 0.9306128651375193
0.9998677775575225 0.005719589997596295 0.015222144804198274 178.857710317724 -0.005653326209302067 0.9999743721812923 -0.004392594153996022 0.4447848427075388 -0.015246878531417582 0.004305957604284804 0.9998744878354274 0.9266301496817638
0.9999279760186238 0.0034941897002938637 0.011481873263391864 180.19423805247396 -0.0034181386432049787 0.9999721359607255 -0.006636537527963589 0.435024553639072 -0.011504742653100133 0.0065968129034102915 0.9999120576110697 0.9191434655934184
0.9999692718776683 0.0018583245554401541 0.007615899834729058 181.61327026740213 -0.0018282299310040746 0.9999905013583416 -0.003956610722820129 0.4423870215381717 -0.007623180160888157 0.003942565527572439 0.9999631709724591 0.9313692104004606
0.9999756222815027 0.0011096721995559721 0.006893726882525447 183.0068196952537 -0.0011081773615323621 0.9999993616266559 -0.0002206563300436912 0.4613326202844616 -0.00689396733794907 0.000213011478877991 0.999976213637331 0.9337615098773602
0.9999664171466134 0.0007574728592838645 0.008160319468792207 184.33120024279654 -0.0007772357586010719 0.999996772335664 0.002418930100261701 0.4794009249861687 -0.008158460856120632 -0.002425191357779545 0.9999637783256639 0.9301809959249827
0.9999360579180483 0.0013814666329302345 0.011223708177586082 185.78438997148984 -0.0014429921919408809 0.999983968196248 0.00547550217051529 0.47853274371427956 -0.011215964017752105 -0.005491347778771656 0.9999220205849679 0.9386114027348404
0.9999059079107967 0.0016925618959897054 0.013612882109006576 187.14795617706596 -0.0017971709232878059 0.9999689240934829 0.007676003126288188 0.48929046621284483 -0.013599466965949674 -0.007699745551025755 0.9998778767513018 0.950027937594271
0.9998984105982467 0.0019477334072574807 0.014120014790164403 188.6034521634057 -0.002022827449870619 0.9999838774564759 0.005305939711300799 0.4949700360249471 -0.014109452583578791 -0.005333963037569911 0.9998862296212032 0.9336228468957187
0.9998886667911786 0.0016141465610178373 0.014834033619984822 190.0176349584303 -0.0016821562777419273 0.9999881272243507 0.00457337518613524 0.4819367931430674 -0.014826475401002731 -0.004597819180378717 0.9998795105841343 0.9349654581514474
0.9998759367044134 0.002123890338373418 0.015607699680044725 191.37740228868572 -0.00214368112617533 0.9999969193176418 0.0012513938048910043 0.4989670591368753 -0.015604993774467961 -0.0012846964840786174 0.9998774093478874 0.9330023441892856
0.9998729412279976 0.002406513240507041 0.015757858169702176 192.8293554666977 -0.0024018334804218945 0.9999970656979524 -0.0003158977957147334 0.4991704351082598 -0.015758572143614716 0.0002780099067970013 0.999875787342851 0.9285033145602817
0.9998606285603742 0.0026774861654927703 0.016478911453348115 194.18519427377794 -0.002626408409561938 0.999991682367279 -0.003120444699939847 0.4889764421793257 -0.016487129335329278 0.0030767294474482432 0.999859344259075 0.9188477606915401
0.9998309793704716 0.0032562850180038443 0.018094454923129714 195.6424723765179 -0.0031093616985521572 0.9999620190699893 -0.008142007571707653 0.49085370105907883 -0.018120280376175926 0.0080843691993681 0.9998031298279362 0.9092239074940349
0.9998175044943699 0.0034603292271236413 0.018787863856505313 197.05655755288848 -0.0032462874402581095 0.9999296214310394 -0.011411126264894256 0.47666049873547267 -0.01882602784726208 0.011348052979170084 0.9997583719924911 0.9113818004330436
0.9998787407570509 0.0035297393697362126 0.015167225259622568 198.46883171376044 -0.0033860266826968755 0.9999492316258975 -0.00949046859123801 0.47793153760211265 -0.015199954124880228 0.009437961154769846 0.9998399303307718 0.906441640574588
0.9999425816236841 0.003664209395077913 0.010070105524319214 199.9097977667962 -0.0036287911796686677 0.9999871741455798 -0.003533188207867393 0.49553630879810706 -0.01008292270803761 0.0034964430278322965 0.999943053156437 0.9038797904039213
0.9999458838397967 0.0047822229874215855 0.00923903323657094 201.35977118952124 -0.00484481543055838 0.9999653852565941 0.006764321996704247 0.4990565117766258 -0.00920636493365918 -0.006808717348359387 0.9999344399573296 0.8941170567628386
0.9998975091605633 0.005971015552702478 0.013012230699260071 202.788152618791 -0.0061386910045827196 0.9998981495066285 0.012884373712775055 0.5144879310594593 -0.012933972601317673 -0.01296293124604072 0.9998323233253958 0.8856679017922897
0.9998597108547753 0.006890359685049053 0.015267008640068164 204.2090519018359 -0.007116579141415674 0.9998649541961513 0.014813091225407969 0.5114368334720438 -0.015162879368023496 -0.01491966198474154 0.9997737197863984 0.8844233402365661
0.9998573406805513 0.006385747677496381 0.015637151716835065 205.70638275600396 -0.006624910717119332 0.9998611412660986 0.015290805866437242 0.507176303809697 -0.01553733713369719 -0.015392219224472595 0.9997608067643678 0.8865724702626029
0.9998568560389335 0.005292007205994577 0.016070534890633287 207.13180673199128 -0.005468385483651046 0.9999250809500609 0.010951221265971872 0.5023800528306235 -0.016011376959573304 -0.01103753354449179 0.9998108864485886 0.8842826013911906
0.999867751133874 0.004277924568959298 0.01569011165899339 208.56591273659595 -0.004417556803934719 0.999950853755747 0.008875543084041317 0.4942016147035593 -0.015651371645111364 -0.008943681263045882 0.9998375093639424 0.8763053586106789
0.9998780121550777 0.003801830333034877 0.015149484972408825 210.05081984842556 -0.003939312949709298 0.999951237905207 0.009055585311193843 0.5001561377382522 -0.015114318452867054 -0.009114159202190455 0.9998442326081312 0.8688628021357865
0.9998764369083714 0.00372905673575888 0.015271052723409471 211.51207597394497 -0.00388110701576971 0.9999430724123399 0.00993926269408799 0.5039645723280981 -0.015233119304719031 -0.009997303157924013 0.9998339892231194 0.8678099802789987
0.9998691605134858 0.0033264475897961656 0.01583024322269245 212.95009700448813 -0.0035047260896508368 0.999930602819947 0.01124750813176522 0.501108387151924 -0.015791730402137116 -0.011301517180004782 0.9998114307009779 0.8541162101107778
0.9998674538650417 0.0030426428950424476 0.015994281029540976 214.39040281684407 -0.00321819842939705 0.9999347379575152 0.010961889650264001 0.5168332747303018 -0.015959884094432296 -0.011011909464247623 0.9998119923013744 0.8608925716390848
0.9998768633945263 0.0028011452240829017 0.015440583983686947 215.86307897772443 -0.002977611357808601 0.9999303836420337 0.011417604831887855 0.5143198107215406 -0.015407526697219823 -0.01146217496502724 0.9998155963307161 0.8598689764402393
0.9998852500613896 0.0026573900663579794 0.014913919260460776 217.34338704629315 -0.0028140303730664223 0.9999409997133538 0.010491821830252886 0.5276038572308317 -0.014885158471839681 -0.010532586116122351 0.9998337345213827 0.8483333518616356
0.9998862470507213 0.0019261054455890784 0.014959380890809766 218.79138624177637 -0.0020785717251640525 0.9999459898721025 0.010183166417401416 0.5152574139109674 -0.014938959080444687 -0.010213102198334037 0.9998362466149541 0.8467944646816462
0.9998920089136878 0.0018020769085733436 0.014585027575064314 220.28256838425966 -0.001973792155264275 0.9999288116472468 0.011767573337469625 0.5234588980628959 -0.014562783218794988 -0.011795090357453627 0.9998243851739075 0.8426626852651607
0.9998915415416121 0.001805874008858998 0.01461656500696179 221.7705973051451 -0.001957215575530424 0.999944558708355 0.010346439810101832 0.5375969784290804 -0.014597070278981106 -0.010373925419882605 0.9998396407477818 0.8379810030395479
0.999893745009652 0.0012861094583379287 0.014520489421308569 223.25580627896574 -0.001469185682730724 0.9999194806526638 0.012604511285126607 0.5363358989447922 -0.014503109459795833 -0.012624505288065694 0.9998151237515008 0.8435513240986141
0.9998920637498377 0.0007968684409796658 0.014670577724760554 224.74203396556493 -0.0009709853415200738 0.9999291352223989 0.011865147316914565 0.5334211673027128 -0.014660083136088384 -0.011878111553327927 0.9998219803686903 0.8330767132724678
