1.0 -2.1684043449710093e-19 -2.5135375298442207e-37 0.0 2.1684043449710093e-19 1.0 2.3183291766350204e-18 -8.673617379884035e-19 -2.51353752984422e-37 -2.3183291766350204e-18 1.0 0.0
0.9999996051914599 -0.0005752610969017927 0.0006772677421528302 1.3273295959154128 0.0005753946731389207 0.999999815046159 -0.00019704978524805178 -0.005147312860110633 -0.0006771542618139539 0.00019743940370223732 0.9999997512398627 0.01419092852461359
0.9999991949428657 -0.0005967496321374857 0.001119822975648044 2.6282920171819724 0.000597488617459966 0.999999603905404 -0.000659694161823399 0.0026109762400404113 -0.0011194288598438235 0.0006603627122134275 0.9999991553997014 0.022388708028767117
0.9999988872757363 -0.0011179820410826763 0.0009877061532334787 3.952068808489606 0.0011192773705897513 0.9999985131007983 -0.0013118743690614316 0.0010290961727642378 -0.0009862380326292207 0.0013129784264530968 0.9999986517101884 0.04942135819837043
0.9999992821442277 -0.0005474311691831761 0.0010658471485380796 5.267740694700931 0.0005495011378471176 0.9999979618553259 -0.001942764446234031 0.01207187853760505 -0.0010647814463751412 0.001943348735830252 0.9999975448150672 0.05437340678847292
0.9999984227268571 -0.0009066776428856897 0.0015272457071025206 6.5892385409734615 0.0009101368637532018 0.9999970188146067 -0.002265836002113336 0.005415373039356255 -0.0015251867712543648 0.0022672224308891062 0.9999962667469123 0.06502567679298941
0.9999967102494661 -0.0006760317879224998 0.0024743628002192523 7.924290284094144 0.0006848705875216999 0.9999933821133362 -0.0035730493712519515 0.011495233267742707 -0.002471930930211893 0.0035747322351156025 0.9999905553788613 0.09339317585394218
0.9999957501878145 -0.0004940088702651082 0.0028732493010680707 9.239961079543686 0.0005043310257344534 0.999993418380608 -0.003592888209084236 0.02808339950818166 -0.0028714554717895937 0.0035943220087513426 0.9999894177403934 0.10374599695263487
0.9999967710900016 -0.0010507737787681041 0.0023138029381900493 10.571777440562613 0.001058152242995114 0.9999943521588257 -0.003189978727332144 0.023908137748174484 -0.0023104379241970377 0.0031924167829468315 0.9999922351456947 0.119679677177426
0.9999995872630804 -0.000908436487460297 -1.4724705383981272e-05 11.89285904840684 0.0009084265550568767 0.9999993688759813 -0.0006610664361581397 0.042682067149508736 1.5325232962107436e-05 0.0006610527869982291 0.9999997813871511 0.12719931700927947
0.9999992906576297 -0.0009340622298786372 -0.0007390615592164685 13.230849475183021 0.0009355746685666754 0.9999974636813773 0.0020487388443242538 0.04035279791533418 0.0007371460351475039 -0.0020494288383403 0.9999976282257671 0.14481476813055977
0.9999993904490303 -0.0007884205155912616 -0.0007729777865114714 14.572984872981774 0.0007929366296004642 0.999982517458688 0.005859695255393902 0.0647419538569676 0.0007683443689409203 -0.0058603046060117705 0.9999825330858813 0.15874866285736855
0.9999999292346237 -0.0003733817278074037 4.600905503393412e-05 15.922365628858907 0.0003731033925654282 0.9999824782862351 0.005907953484749274 0.08355382659136215 -4.8214170756382676e-05 -0.0059079359005362 0.999982546832088 0.17753755428128942
0.9999956825920865 -0.00018083781563116915 0.0029329328106026116 17.26459878917418 0.00016809084331075196 0.9999905427674737 0.004345816503468916 0.07161123576127457 -0.0029336909611386588 -0.004345304741656845 0.9999862557975717 0.19589072323728998
0.9999871719644455 -7.251165498641024e-05 0.005064646938379227 18.630268277943365 7.33629151416093e-05 0.9999999832148616 -0.00016789329652769662 0.08052594822325179 -0.005064634679147635 0.00016826270005008192 0.9999871604991888 0.2160532686491556
0.99999418645999 -0.0004010249286756214 0.003386181511588893 19.96624466799693 0.00040798157192213104 0.9999978073552036 -0.002053980482362669 0.06917572710945508 -0.0033853503895191817 0.0020553500411208668 0.9999921574387214 0.24069450369445797
0.9999995797385725 -0.00025383855154766295 0.0008809589481108424 21.32191767676564 0.00025645843196967 0.9999955416182448 -0.002975058437408078 0.07541234502017853 -0.0008801998359350197 0.0029752831164562344 0.9999951864577278 0.2311353083528642
0.9999999759823797 5.545502601803656e-05 -0.00021203768549073426 22.673438405865088 -5.5643922792278614e-05 0.9999996015450969 -0.0008909620650557721 0.08686143471319954 0.00021198819267878008 0.0008909738422655841 0.9999995806132214 0.278592768812967
0.9999989021343829 0.0007828813237385943 0.0012581044717391817 24.040380560749924 -0.0007848465785563461 0.9999984715501211 0.0015623422384199689 0.09520886097631867 -0.001256879420229807 -0.001563327942168254 0.9999979881279103 0.2605684934639655
0.9999823251405823 0.0015987542337784894 0.005726551434749902 25.43042910632599 -0.001609974678783359 0.9999967923896201 0.0019552984439264454 0.1052814515775924 -0.00572340702453855 -0.0019644834871080266 0.9999816915407304 0.27475090159394994
0.9999767579083166 0.0017135829195146193 0.006599036047024171 26.80430988768586 -0.0017160095336777113 0.9999984621042158 0.0003620780076214044 0.09780169179295498 -0.006598405447705062 -0.0003733936009409311 0.999978160572903 0.2941247009921008
0.9999805953420583 0.001722848063041859 0.005986713112754643 28.17168658876551 -0.0016986962970383795 0.9999904085906501 -0.004036973816493729 0.09567614377533898 -0.005993610784258815 0.004026725873001632 0.9999739307144514 0.3118870757868427
0.9999917979770369 0.0016200324176305887 0.003712071338072633 29.533080553026647 -0.0016057445775957651 0.9999913042244435 -0.003848773810969385 0.10325561230089243 -0.003718274197075326 0.003842781604815449 0.9999857036310734 0.3119496470643567
0.9999954854659858 0.002389851602489986 0.001821443648744506 30.920671456622426 -0.0023823612958637414 0.9999887430609643 -0.004103426130534834 0.10578232828468347 -0.001831229724378153 0.004099068268626626 0.9999899220677305 0.3464060064715023
0.9999958386186338 0.002795077427296675 0.0007143441681906303 32.30531701406486 -0.002793806704021972 0.9999945242713353 -0.0017737168450359137 0.11424665277622306 -0.0007192979325517678 0.0017717137243976157 0.9999981718188103 0.3335243899182987
0.9999933853683612 0.0033735863155765623 -0.001359461251937467 33.68465916391724 -0.0033737786899885307 0.9999942990986178 -0.0001392394165875463 0.11565256533489654 0.0013589837655925481 0.00014382501697174772 0.9999990662383087 0.37189842694940345
0.9999931487303588 0.003545544058240207 -0.0010637714385646712 35.08005368740983 -0.00354545943408751 0.9999937115238062 8.142630901526608e-05 0.12781997783371712 0.0010640534496294176 -7.765419265909518e-05 0.9999994308798793 0.3594651749081292
0.9999952129730053 0.003021540541468337 0.0006665761996893658 36.47174269537372 -0.0030216658860154908 0.999995417251038 0.00018711546080844968 0.12087886165095187 -0.0006660077679872104 -0.00018912873564471886 0.9999997603319585 0.3987430394484496
0.9999941427619706 0.002804552978506159 0.001961867564917719 37.8750465140598 -0.0028075352780126644 0.9999949051273888 0.001519034208809293 0.13480409259122608 -0.0019575973575376264 -0.0015245333238636525 0.9999969218006275 0.4037364090549975
0.9999940660498606 0.002396943960252316 0.002474373601172252 39.266883507950595 -0.0024052667852135254 0.9999914418904715 0.003366130940385879 0.12801827137100671 -0.002466283997984982 -0.003372062494569825 0.9999912732808092 0.4118382761513362
0.9999918528049128 0.0029635548045115223 0.0027407420014285235 40.66807055675567 -0.0029797111787384744 0.9999780980519917 0.00590971552721174 0.1474192621604363 -0.0027231682079957398 -0.0059178339991861235 0.9999787815727237 0.43804115125874976
0.9999906242874157 0.002858598660887685 0.0032526529111779447 42.09419522041563 -0.0028874856533656007 0.9999561246819184 0.008911292707636452 0.151853538336499 -0.0032270363905960303 -0.008920601146533676 0.9999550035433186 0.45790701583512344
0.9999915504039323 0.002485050583854975 0.003274697594526316 43.48260918537119 -0.0025158693303039253 0.9999522687350673 0.009440903193264419 0.15127983213327528 -0.0032510801670753166 -0.00944906213269001 0.9999500716048576 0.4595637688912921
0.9999928087432053 0.0021066661767712887 0.0031534773655280453 44.910353984617586 -0.002133974184912863 0.999960038237733 0.008681479238575596 0.15793042539588736 -0.003135062368339 -0.008688146247119777 0.999957342839551 0.4734854844218045
0.9999955427262414 0.0012617397971891502 0.0027060192782233238 46.305996309420195 -0.0012843378468956376 0.9999641828347889 0.008365615568983579 0.14942096519957943 -0.0026953671261923996 -0.008369053724118279 0.9999613462208516 0.49510521734077173
0.9999940952346645 0.00044762451914610846 0.0034072170600875514 47.73715587172625 -0.00047517290891513846 0.9999671722686096 0.008088794460684914 0.16434296986733235 -0.003403484466150179 -0.008090365715493522 0.9999614803961592 0.5161184474860535
0.9999904920241556 -0.000650765971093262 0.004311886470924736 49.13514567744302 0.0006145424854302801 0.9999645569962787 0.008396849931345433 0.1657927661938536 -0.004317198028916198 -0.008394120256870382 0.9999554492807629 0.5279124003995652
0.9999892432772415 -0.0015788442145624037 0.004361259079235639 50.56385473170959 0.001539038124946396 0.999957268345093 0.009115527712073336 0.17595416831720884 -0.004375464713608596 -0.009108717514873226 0.9999489419834267 0.5445737374797497
0.999985868539738 -0.002771204179715006 0.00453686546196577 52.01444016617124 0.0027299027596181984 0.9999550084079644 0.009084535802702628 0.1814177637758198 -0.004561836444753006 -0.009072022223401298 0.9999484427014371 0.5483611893928027
0.9999750179642423 -0.003745809831171609 0.005994360359700546 53.42212732568443 0.003684213494910494 0.9999406395201377 0.010253975179497455 0.19784719989611896 -0.006032413972629078 -0.010231634510992297 0.9999294593304551 0.5800318988687835
0.9999663539147422 -0.004618695788347863 0.006779283713725377 54.87531729647938 0.004561731010958825 0.99995436196362 0.008394319514600512 0.20618884431450055 -0.006817745128716753 -0.008363111809861453 0.9999417866617114 0.5842102111206589
0.9999585624977966 -0.005218490225901846 0.007459265855450462 56.276699355004915 0.005177637541648994 0.9999715495678392 0.005485628895749803 0.2060528713958582 -0.007487680336888667 -0.005446780210064027 0.999957132695455 0.5797457783751454
0.999959821560895 -0.005449209592915399 0.0071176807118238416 57.70302106852176 0.005421570670588116 0.9999777109956743 0.003896675931538062 0.22970984117734622 -0.007138755869674287 -0.0038579303601916004 0.9999670767270136 0.5933429621862046
0.9999576417577882 -0.00536775814932424 0.007476754820994073 59.15168791470487 0.00534551857340576 0.9999812385700739 0.0029913105894258853 0.24580503487968855 -0.007492671178175973 -0.002951216751002983 0.999967574573448 0.611812851847432
0.9999535974860589 -0.005194299148298455 0.008113083941808022 60.55761897533585 0.005172056513936999 0.9999828155401232 0.0027601550435402116 0.24515070787841994 -0.00812728159383438 -0.0027180656367579784 0.9999632790323296 0.6305537123437058
0.9999484953339373 -0.004631106722290992 0.009031031498207396 62.01155102473293 0.004623155999924805 0.9999889072018752 0.0009010559360545079 0.2593644066645822 -0.00903510420500075 -0.0008592576600129702 0.9999588134359728 0.6351509917813523
0.999953187855963 -0.004239014885634332 0.008697864651539461 63.4109395698889 0.004253918387512776 0.9999895143648803 -0.0016956823533595799 0.2662712684777181 -0.008690585426167203 0.0017326029812062946 0.9999607351350652 0.6418928873162698
0.9999608294312367 -0.0037973810249473747 0.00799496720097065 64.82653437845458 0.0038129183057284467 0.9999908701914151 -0.0019290380531390167 0.27767783999230167 -0.00798756891595107 0.0019594466484155887 0.9999661790838954 0.6609728317173185
0.9999635768670622 -0.0030032706728694404 0.0079890740700384 66.28190367873044 0.003021143002008623 0.9999929588523322 -0.002225969613297732 0.28506949681306937 -0.007982332628529827 0.0022500246717298165 0.9999656092860315 0.6701010371933404
0.9999662671721266 -0.002445361167308226 0.007841219714095059 67.64271387621899 0.002450177442242755 0.9999968154926128 -0.0006046777114010274 0.2970477557387818 -0.00783971608827876 0.0006238696935750147 0.9999690743409322 0.6802509087712812
0.9999549675762671 -0.0018322746904435223 0.009311583592772154 69.12266038336264 0.001810548238611861 0.9999956204194063 0.00234116575287751 0.315671024919229 -0.009315832470696485 -0.0023242012532367173 0.99995390561461 0.6910772042478711
0.9999454986807684 -0.001006664315075311 0.010391645443630351 70.48010237004583 0.0009502588450697182 0.9999847979310231 0.00543147447553677 0.3289926144672054 -0.010396955140652296 -0.005421303700014843 0.9999312540319937 0.6967033166466392
0.9999340227078013 -0.00015130881931565504 0.011485962608127778 71.93373064086823 4.116130315282405e-05 0.9999540199792307 0.009589381269059791 0.34960342822970936 -0.011486885441286291 -0.009588275810460884 0.9998880519487376 0.7129981200518895
0.999940182545189 0.00016366279095814728 0.01093638633118546 73.30092157167725 -0.00030936071289547443 0.9999112110835406 0.013321946006359168 0.35448315806168357 -0.010933234994428739 -0.013324532409727854 0.9998514495706943 0.7082886717974725
0.999942741778184 0.0008842207016396831 0.010664488683415387 74.68999130060058 -0.0010684267347917957 0.9998501268810093 0.017279532410976538 0.36851711191608794 -0.010647611442961523 -0.017289937240499122 0.9997938219656988 0.7204811717477972
0.9999414607959739 0.0017423271586926546 0.010678917421062943 76.14308001451101 -0.0019396380900525184 0.9998270851510374 0.018494258635048423 0.38319215290790504 -0.010644847828570263 -0.018513889230859296 0.9997719355534311 0.7199467177562232
0.9999360120744467 0.0020149376436245856 0.01113156695816813 77.5122677693995 -0.0022249050533093566 0.9998192384791744 0.0188822711670843 0.3849209747253184 -0.011091508200223917 -0.01890582960929907 0.9997597451651213 0.7277483120158692
0.9999332185897054 0.0020845067509842633 0.011367198090886611 78.9152172460712 -0.0022899021898319847 0.9998338098090511 0.018086157985568486 0.3845102051716944 -0.01132760825564505 -0.018110979938231974 0.9997718128137457 0.7451648106768043
0.9999455479489888 0.001752535007332904 0.010287359138502235 80.28437913810039 -0.0019288751713369776 0.9998509537579362 0.01715662291707203 0.3858061297789968 -0.010255758264012104 -0.017175531735386655 0.9997998902440612 0.7437286664925693
0.9999432641173845 0.0015899458109970492 0.01053283525878425 81.67673893312337 -0.0017686920047634029 0.9998542165247082 0.01698285683724708 0.39164078257727014 -0.010504297923368404 -0.01700052264138479 0.9998003010376907 0.7620551682690573
0.9999394159659135 0.0011706230825142148 0.010945046338254664 83.07886539186232 -0.0013470098535615998 0.9998691213342653 0.0161222134553117 0.399238607238208 -0.010924740829981499 -0.016135979791847492 0.9998101220701633 0.7602842844459456
0.9999471658997396 0.0009828455508154139 0.010232273633063931 84.44040004413682 -0.0011498169199050249 0.9998660765763626 0.01632503699358522 0.41396073041978343 -0.010214858301971356 -0.01633593971629634 0.9998143796442699 0.7636287374915468
0.9999436871689545 0.00011530835346280097 0.010611747968158862 85.84358128902674 -0.0002893490146716476 0.999865457938181 0.016400679840164543 0.4146104443851407 -0.01060842910631968 -0.0164028267702702 0.9998091860479382 0.7651036441898956
0.9999362068433242 -0.0009755388522877962 0.011253024825903481 87.2048569971253 0.0007933304768816116 0.9998686985912674 0.016185061141673104 0.4238448155383014 -0.011267336443861693 -0.016175101277980393 0.9998056877354258 0.7746365772565305
0.9999170995022341 -0.0020938538965012145 0.01270471955218335 88.59254568737174 0.001905964256127288 0.9998889075789121 0.014783091723456465 0.42909341933137013 -0.01273426178833655 -0.014757651456443486 0.9998100071014474 0.7861041178641067
0.999906231598317 -0.003267967391370253 0.013298435997582077 89.98453040075704 0.0031027256863854482 0.9999179634515428 0.01242736738952369 0.42658590678266645 -0.013337957271182498 -0.012384940696187997 0.9998343423486633 0.7950244204260851
0.9998972180557155 -0.004167773107510662 0.013717980600849208 91.34336616845134 0.004012316089703561 0.9999276453205842 0.011340433996471945 0.4370826725652333 -0.013764252396598595 -0.011284227530333727 0.9998415932361518 0.802591538041743
0.9999017599874463 -0.004443909150212309 0.013293684420498227 92.7225619610826 0.004303893798027655 0.9999351629086557 0.010542602952556922 0.4514441707827561 -0.013339672866395078 -0.010484352641180196 0.9998560553787295 0.8085730087937036
0.9999003510332893 -0.004867888567766305 0.013251100497568648 94.0742951197975 0.004759455518243881 0.9999550345765572 0.008202219709687071 0.46014757675673446 -0.013290432147778787 -0.008138334343582309 0.9998785585897106 0.8168524773567896
0.9999057520546034 -0.0049632309734862065 0.01280052133398842 95.44669781006623 0.004860675995256649 0.9999559415864548 0.00803048658648426 0.4784119218774688 -0.012839814523084098 -0.007967510542848062 0.9998858224511249 0.8155254956828124
0.9999134290465603 -0.00481605590756852 0.012244999707816647 96.80013410118882 0.004721913176458695 0.9999591629442424 0.007705581081533985 0.4838381227071974 -0.012281610167369797 -0.007647094176566879 0.9998953365239541 0.8157100693408323
0.9999205683286687 -0.004631511887635691 0.01172203612460953 98.13116265425177 0.004523702146370274 0.9999473817965779 0.009207049313409984 0.5013140422039982 -0.011764061890473312 -0.009153290982118263 0.9998889058850656 0.8235863176338846
0.9999215216149904 -0.004317478545743184 0.011760526781112347 99.47431261693754 0.004189994509804545 0.9999324327542753 0.010843148625957581 0.5196092414113452 -0.011806547216270351 -0.010793021130519727 0.999872049883237 0.8202719017776354
0.999903967527559 -0.004281651982956681 0.013180408906532076 100.81049605529142 0.004136719781977621 0.9999309004012513 0.01100372537771862 0.5252335854363498 -0.01322661226814871 -0.010948145004506329 0.9998525865590729 0.8251796071666002
0.9998837046158788 -0.0042147841447930465 0.01465649474597655 102.15266357845243 0.004051558298022374 0.999929643492951 0.011148674334543212 0.5471223871989627 -0.014702452822021334 -0.011087996152271051 0.999830432734643 0.8251369966277917
0.9998951972646499 -0.003976741022448631 0.013920489141083415 103.49653204946361 0.003827352097484308 0.9999349801591985 0.010741826192284273 0.5558680451601249 -0.013962301493970451 -0.010687421806204534 0.9998454046261991 0.8380019800320437
0.9999255801080891 -0.003861815255825348 0.011572408065360949 104.82103263942187 0.0037381550346382293 0.999935889813304 0.010688426461035589 0.5648204626180989 -0.01161294288448735 -0.010644371574021245 0.9998759107566078 0.8369269329509348
0.99993824863872 -0.0038630396980861123 0.010419972822432063 106.15160452453702 0.00376400850149652 0.9999477241379504 0.00950690440332246 0.5732865161575199 -0.010456153658486183 -0.009467096472745 0.9999005165190414 0.8390341561380821
0.9999257127201022 -0.0035781129267564694 0.011651873200423598 107.51064094067092 0.0034812031279247216 0.9999592720831576 0.008326788078472376 0.5841227715892998 -0.011681192831962775 -0.008285606966604247 0.9998974439667387 0.8504303239219491
0.9999060232982822 -0.0030432208125700474 0.013367250237098467 108.83074588969333 0.0029717872672987184 0.9999812163765847 0.00536053863376751 0.5899609219268838 -0.013383312454440782 -0.0053203102439738715 0.9998962852449521 0.8367551965818566
0.9998954312939332 -0.0021204663371279255 0.014304897763786878 110.1882910878798 0.0020610616559979082 0.9999891972753445 0.004166216204452655 0.602489418736288 -0.01431357755312985 -0.00413629727234105 0.999889000110765 0.8504614407330118
0.9999063406585198 -0.0015261619002166357 0.013600762505924024 111.49020376102457 0.0014799165517355593 0.9999930921498466 0.0034096186866613104 0.6101689132306362 -0.01360587218402851 -0.003389171350471678 0.9999016920476077 0.8549203178253011
0.9999348197240273 -0.0007740459673936204 0.011391099873029706 112.83243727240595 0.0007253889492275546 0.9999905990222995 0.004275006186574079 0.6215788534540416 -0.011394301836853112 -0.0042664645625236095 0.999925980843476 0.8603319265285373
0.9999545104458527 0.0002295505116548417 0.009535425819423383 114.18020775957577 -0.00030238970240653254 0.9999707838833992 0.007638058659646536 0.6231024458889304 -0.009533393911037432 -0.007640594622339412 0.9999253650719909 0.8715198201023762
0.9999591018134817 0.0016899533320700395 0.008884748623928228 115.49191644228465 -0.0017848970563611078 0.999941276920066 0.010689099773422287 0.6385457063691677 -0.008866162804345667 -0.010704520970291398 0.9999033975279429 0.8623189467186124
0.9999304371918264 0.003144684838899087 0.011368013662323605 116.86060625679654 -0.0032717438071753853 0.9999321983156726 0.01117561917956345 0.6492690283924809 -0.01133209909165056 -0.011212035000409834 0.9998729288271219 0.8703839212604715
0.9999039528094809 0.0040080837430251075 0.01326726877259388 118.15260622790424 -0.0041659759592287 0.9999205770106895 0.011894717941887494 0.6542521395141216 -0.013218540020837225 -0.011948846610398411 0.9998412350290413 0.861293063137559
0.9998837173058117 0.004957896874403665 0.014421204016815849 119.52227760935743 -0.0051176483850752675 0.9999257202052216 0.011061814818362345 0.6510901845841665 -0.01436528947562783 -0.011134331172180151 0.9998348189214205 0.8736459350513841
0.9998856262090774 0.005888063868762436 0.013930728780590446 120.84612393702176 -0.0060453490471068135 0.9999181553020072 0.011275480137432839 0.6508413556128578 -0.013863197877100412 -0.011358406635984294 0.9998393862732714 0.8763675845563298
0.9998781944169876 0.007291448251551275 0.013799677960723105 122.15095590441325 -0.007473723750464222 0.9998848985461901 0.013203526520472044 0.6463179088694143 -0.01370181676736571 -0.013305053238150212 0.9998176012531503 0.8769211207712434
0.9998773735238289 0.0083513029042457 0.01324740181662983 123.51966436788194 -0.008546937186284647 0.9998542323516388 0.014780524796118162 0.6487287255581603 -0.013122034134364028 -0.01489193702365466 0.9998030018117869 0.8709354418806183
0.9998727816070486 0.009563328125694085 0.012765710185633489 124.85825953121123 -0.009761328815738636 0.9998316103046232 0.015539224414843657 0.6486784384575114 -0.012614953869686118 -0.015661857834374283 0.9997977641243461 0.8738215019417855
0.9998701051359845 0.010653533522703663 0.012094423460249979 126.19150484231776 -0.010851419167306376 0.9998063662440753 0.016415746095545473 0.6404748060055141 -0.011917195870280542 -0.016544855432992753 0.9997921024899581 0.8682896740525584
0.9998654139042603 0.011487199503377439 0.011713168897946333 127.52180900152227 -0.011675663839074223 0.9998013993080976 0.01615056703298058 0.6352280271316699 -0.011525317868898313 -0.01628515241376235 0.9998009606211035 0.8776164112159343
0.9998415680966019 0.012505154276586218 0.012667273686437207 128.84978049169678 -0.012705235290070133 0.9997938184240227 0.015839748651298544 0.6294486007897345 -0.012466583427398365 -0.015998179822440263 0.9997943001137867 0.876413444436122
0.9998194861006575 0.013356671519292712 0.01351275469114398 130.2271691364881 -0.013565307772466971 0.999788340091683 0.015467948854177425 0.6195087794386424 -0.013303294270802474 -0.015648461350654144 0.9997890517598708 0.880360580432928
0.9998070589787945 0.01374376275578369 0.01403402299719622 131.54959306535318 -0.013942761579730827 0.9998022191849896 0.014181745742360152 0.601039224563147 -0.013836336787744116 -0.014374682538508512 0.9998009423311288 0.8742426135094878
0.9998051370738825 0.01371197687349163 0.014201041190558475 132.88909968854588 -0.01390334308893473 0.9998126696946583 0.013465606892800193 0.5876626091898141 -0.014013740814874472 -0.013660424893131542 0.999808485591172 0.8849139713456452
0.9997922805801546 0.013605271185284892 0.015175384288655435 134.21453646527848 -0.013772579906373929 0.999844914881934 0.010975528573184982 0.574728060469945 -0.015023705769751304 -0.011182252935482702 0.9998246073608265 0.8719722643187753
0.9997991005446946 0.013026291510238224 0.015233984360959052 135.54876764721703 -0.013170857511011349 0.9998688102679009 0.009428189957632994 0.5547120284146961 -0.015109171467829906 -0.009626940476749158 0.9998395045979195 0.8849127438913952
0.9998197299595719 0.011898116983368045 0.01479670219403064 136.89067227257848 -0.012040746483763541 0.999881539887759 0.009587836867503096 0.546682859092785 -0.014680872170360935 -0.009764271807677444 0.9998445534123709 0.8863093619801006
0.9998097235746055 0.010902110763985983 0.01617592737869016 138.2257451852253 -0.011031205849488525 0.9999078438803588 0.007913042653631418 0.5344953441021792 -0.016088167800501308 -0.008089976972882 0.9998378484181328 0.8902328495568601
0.9998158868336299 0.009819830817901479 0.016485246670584507 139.57015750398864 -0.009934536983886503 0.9999269089684542 0.006890696315225756 0.513562331511128 -0.01641637627486701 -0.007053200940046078 0.9998403647315411 0.8892163222700793
0.9998225790083647 0.008540737262011237 0.016788874652096244 140.92743155287445 -0.008633872690961336 0.9999476961170801 0.005482816110365426 0.5127685233452041 -0.016741169236907525 -0.005626796350064876 0.9998440240434586 0.8900024775057028
0.9998388354071541 0.007361916019383927 0.016373924520075835 142.245125748142 -0.0074318020305812575 0.9999635156215279 0.004211382719808308 0.5100220446675419 -0.016342323281707857 -0.004332391759523836 0.9998570692110939 0.8747752301646134
0.9998532483681347 0.006311704483396987 0.015926208406376496 143.6024362098645 -0.006374868553714818 0.9999720032041636 0.0039184000274328345 0.5010414182217215 -0.015901030740550406 -0.004019352480984226 0.9998654919673053 0.8644055738091834
0.9998883793319119 0.005602914956645042 0.013850495333792049 144.95293912857156 -0.005627462817054958 0.9999826622900464 0.0017340073684189961 0.4893897926881595 -0.013840539702101789 -0.0018117569648467714 0.9999025737527906 0.8702311296944136
0.9999063728142639 0.004542568944999202 0.012907775672140817 146.2556157001428 -0.0045299287604967505 0.999989231442645 -0.0010083373309430744 0.5009463196695804 -0.012912217115863793 0.0009497716189052345 0.9999161827788491 0.8849540095880659
0.9998668556931867 0.003584186526942784 0.015919311956247614 147.63504568744068 -0.0034199926459336422 0.9999408017461001 -0.010329407227346323 0.48776190601627617 -0.015955392082992074 0.010273587995762553 0.999819923212761 0.8724319101163799
0.9998451493803175 0.002187036051157559 0.017461217997646 148.9582603599467 -0.0018821195911116286 0.9998457933372512 -0.0174598731853225 0.4741279734078607 -0.017496710733595995 0.017424305412662138 0.9996950828599644 0.8733850482076975
0.9998944443542103 0.0013210278202196186 0.014469106229596584 150.25869724355576 -0.0010382151972415862 0.9998086138410348 -0.019536064047622176 0.4445767520316526 -0.014492144727036143 0.019518979859787372 0.9997044499082937 0.8772415185437822
0.9999330849019687 0.0013271817787008308 0.011491923553457082 151.6564852892236 -0.0011117102909422793 0.9998238486438434 -0.018735948954924645 0.46350213178811017 -0.01151476524559794 0.018721919547386515 0.9997584207746388 0.8811206456579209
0.9999550564259112 0.002343421675894926 0.009186593661501508 152.96973422014173 -0.0022024745552868975 0.9998801716689706 -0.01532290472016526 0.46857469429187637 -0.009221400874374114 0.0153019828152725 0.9998403948070087 0.8821314871459147
0.9999514507820849 0.003227690220189449 0.009310107123238752 154.34044800869844 -0.0030788095193758445 0.9998678662870132 -0.0159615443676033 0.47217226249234723 -0.009360395864870686 0.0159321054006701 0.9998292609274619 0.8798651723879514
0.9999181179631216 0.003664863843884877 0.01226075617956416 155.66598602357794 -0.0034288864652097972 0.9998095425828394 -0.019212529711156685 0.4735462243287104 -0.012328832333097749 0.019168915809173 0.9997402425430334 0.8733707474745783
0.9998756299356601 0.004198972959970957 0.015201752755788701 157.0049585553031 -0.003774313263629992 0.9996048031161208 -0.02785663559314726 0.46918348630043333 -0.015312714330081502 0.027795794884529657 0.9994963304417793 0.8623715910994703
0.9998568401203367 0.004295415251742411 0.016366082988626678 158.35914522861302 -0.0038088339537115505 0.9995531706538276 -0.02964712161059202 0.45026258724667473 -0.016486116840801868 0.029580541639653544 0.9994264352656559 0.8709078200354374
0.9998504858414272 0.0041692898688591214 0.01678162640065747 159.68870269788636 -0.003649454477552719 0.9995161656506323 -0.03088876956231907 0.4427376213941946 -0.016902291107364277 0.030822907472320117 0.9993819394657253 0.8824188773917457
0.9998409372188205 0.0052154495082534 0.017055771686364646 161.05377710024757 -0.004702764964379849 0.9995399609903375 -0.02996248295993808 0.4443913917618996 -0.01720419318306848 0.02987750775854033 0.9994054984174632 0.8642106749192879
0.9998389869278055 0.0064288477473195375 0.0167532127014908 162.39556588680665 -0.005958691960179172 0.9995911706547634 -0.027964004347792032 0.4461095262876759 -0.016926139822868776 0.02785967454370959 0.999468530932823 0.8479591174916298
0.9998585928513627 0.0072794087644877745 0.015159304381551018 163.74600726434235 -0.006900578875030244 0.999666278613888 -0.024894043734388433 0.45097624468901587 -0.015335459317623966 0.02478591556307042 0.9995751507901833 0.8466854589771182
0.9998614247930709 0.00793332934261834 0.014635350911807031 165.09414576518427 -0.007585844929884221 0.9996915788300106 -0.023647455953245314 0.45117485667867874 -0.014818440115947759 0.02353315749963184 0.9996132273687797 0.8317569472420709
0.9998398966924273 0.008202683078403295 0.015902734745685907 166.43792256097197 -0.00783906584160136 0.9997094461700186 -0.022794128304582217 0.4494272338213682 -0.01608508715572932 0.022665816304514464 0.9996136907538046 0.8258783691449615
0.9998414066461071 0.00797821471786217 0.015921986240715374 167.77236169419706 -0.007631198122030334 0.9997345807604006 -0.021737820660049943 0.44170165185350785 -0.016091189239958708 0.021612869354666005 0.9996369128374072 0.8149379937663576
0.9998774078163766 0.007490332300552139 0.013750064015509796 169.15956518398835 -0.007234788997198318 0.9998019160813039 -0.018541478590429677 0.43758371084070496 -0.013886222184933173 0.018439726738231483 0.999733539154934 0.8266090647202387
0.9999142895169286 0.0068638435987390415 0.011149047982138486 170.56778109265832 -0.006692411460100553 0.9998599136799754 -0.015341598506051766 0.4407188623739245 -0.011252788485735077 0.015265669553747847 0.9998201508693306 0.8206021132775742
0.9999321479509419 0.006495310874003706 0.009670079155103884 171.91971470790048 -0.00640170821701194 0.999932662324767 -0.009679305140763943 0.44300327142493096 -0.009732298090387862 0.009616743354890296 0.9999063959297021 0.8217041782769107
0.9999189563348048 0.0068238037641244085 0.010747858600829559 173.27237765404485 -0.006757728216089315 0.9999581179433332 -0.006172152670213404 0.44504684274420886 -0.010789526017030345 0.006099021349009501 0.9999231910836512 0.8262338641930946
0.9998838233691509 0.007467103112857936 0.013288421117290703 174.6406107094328 -0.007443786407375083 0.9999706687182759 -0.001803260115844479 0.4540686083178856 -0.01330149648009156 0.0017041344506713114 0.9999100790156903 0.8430779398845035
0.9998512043669753 0.007475701034059532 0.015546157723322403 176.06413033699064 -0.007479181176638834 0.9999720167996917 0.0001657301544827512 0.45141549172300155 -0.015544483742989565 -0.00028197802477283494 0.9998791374529011 0.8393339188453958
0.9998362207632961 0.0065624403601557 0.016866120665064294 177.46543745706117 -0.006515336445966967 0.9999747243192054 -0.0028462455489471615 0.4465766309241118 -0.01688437267904745 0.0027358909423525137 0.9998537057289864 0.828846897735252
0.9998455192791692 0.005235557507119141 0.01677875188915959 178.8645412712038 -0.005155799441884665 0.9999752209214013 -0.004793253103033256 0.44205424389859527 -0.01680343147941485 0.004706004758213126 0.9998477375129337 0.8216290326856834
0.9999085827962311 0.003083585222848808 0.01316501244230912 180.20232072483736 -0.002983613138565538 0.9999666177573906 -0.007606669671019751 0.43608445217566316 -0.013188028778862465 0.00756669498645618 0.9998844038307177 0.8129068576198125
0.9999577470480395 0.0014332941829288532 0.00908018647352618 181.61794585190654 -0.0013923096306059047 0.9999888229803824 -0.0045183390976938536 0.44591130424049263 -0.009086561093249061 0.00450550575345423 0.9999485660899785 0.8248351695235874
0.999963548151508 0.0009094413189964283 0.00848971641070252 183.01479069192624 -0.0009026599096858404 0.9999992705375084 -0.0008025768117454814 0.4733951557642324 -0.008490440114287102 0.0007948842296885933 0.9999636396318254 0.8243644260162101
0.9999533196220443 0.0005153814854732852 0.009648469245344283 184.33977111014184 -0.0005364720566691964 0.9999974723956538 0.0021834376648079434 0.49004447249215083 -0.009647319554484356 -0.0021885118752522663 0.9999510686234531 0.8169427503263899
0.9999194559399274 0.000818057045229488 0.012665402301954298 185.7883565563729 -0.0008827143928828743 0.999986603845176 0.005100288765494967 0.4812124610102608 -0.012661060307106837 -0.005111057900433838 0.9999067829748122 0.8234314598842828
0.9998830900351663 0.001167003802492564 0.015246126191679862 187.15239522037018 -0.0012710903238848997 0.9999759413048952 0.006819174493824965 0.4927464057120041 -0.015237801387214134 -0.006837756467853669 0.9998605175200039 0.8329847212197841
0.9998752634708845 0.0013281743217917294 0.015738279829775218 188.60453240785853 -0.0014010337680645058 0.999988349422933 0.004619320597104103 0.49590504671756913 -0.01573196120673196 -0.004640794260578712 0.9998654751641447 0.8153359754704713
0.9998628298571091 0.001187476634103994 0.01652002933948158 190.02437504257213 -0.0012552352062384768 0.9999908405851651 0.004091837038777392 0.4907857086750622 -0.016515019064805667 -0.004112012283341106 0.9998551622611501 0.8171254750813658
0.9998512443567081 0.0013799537989289017 0.017192582291648946 191.37130420521055 -0.0013985121460844152 0.9999984523420128 0.0010674630469562907 0.4957135589383437 -0.017191082633724774 -0.0010913482909614774 0.9998516268110925 0.8147773978834585
0.9998480230022583 0.0017290958516995255 0.01734765476976738 192.83347638971492 -0.0017258182967453193 0.9999984899863661 -0.00020390241368229683 0.5022997366807536 -0.017347981141389808 0.00017393252519834736 0.9998494973233695 0.8093751272954745
0.9998316959464816 0.002184899575690354 0.01821554266626412 194.20096114091595 -0.002126454175115204 0.9999925313442323 -0.003227297382608372 0.49706540726574083 -0.01822245794132821 0.003188019698622304 0.9998288746365438 0.799655846434154
0.9998021581728039 0.0025650173220551718 0.019724735717898963 195.6456791017323 -0.002399434281142192 0.9999617247841415 -0.008413779284916715 0.49557491251499003 -0.01974556223899137 0.008364786480381367 0.9997700451198784 0.7862935556636037
0.9997855555935322 0.0029274962749415894 0.02050055101923895 197.0586782207967 -0.0026837722575823665 0.9999255183693333 -0.011906094249988966 0.4856267405553621 -0.020533879151335418 0.011848522244583591 0.9997189466683214 0.7866365552831972
0.9998505449584671 0.003084569121676335 0.017010972329349592 198.4759748555988 -0.0029136214239657995 0.9999451027429296 -0.010064904899177385 0.49043477899935245 -0.017041084368493227 0.010013837114976372 0.9998046431727452 0.78088002313659
0.9999227041127015 0.003263117868945936 0.011997410625467825 199.91619719959323 -0.003219442878210775 0.9999881274770169 -0.0036578808842289 0.5078164855737894 -0.012009204282410242 0.0036189731668851885 0.9999213379289996 0.7793423907961262
0.9999276969238899 0.004583854035561771 0.011117068258588636 201.3609981602573 -0.00465854426435869 0.9999666903291878 0.006701954746731571 0.5179704828563076 -0.011085977170392588 -0.006753259529359964 0.9999157437483954 0.7665398031064147
0.9998726069759286 0.005760540393732213 0.014885764795012786 202.79436838158728 -0.005950668176123204 0.9999008825017749 0.01275988716365282 0.5387950784682422 -0.014810785509821454 -0.01284684188988317 0.9998077811689797 0.7566767643822351
0.9998315315793401 0.006621564769497934 0.01711909284145549 204.22223362132078 -0.00686984136271537 0.999871486649709 0.014485008268959685 0.5327135611348678 -0.017020979389040864 -0.014600173454587763 0.9997485289790297 0.749595308162445
0.9998233636327657 0.006179356739643558 0.01774984744572709 205.7050426344223 -0.006431095292464466 0.9998790507101459 0.014160683751737351 0.5293387766956986 -0.01766019669770425 -0.014272333420352069 0.9997421757389936 0.7511756803472568
0.9998242195510147 0.004901461224817526 0.018097117921530445 207.1282444579443 -0.005092278852353268 0.9999317693124211 0.010513106858627304 0.5187268753466845 -0.018044353557111537 -0.010603414430863817 0.9997809604643976 0.7477326447092779
0.9998361666672475 0.0037800312946882205 0.01770172837762959 208.56198672813287 -0.003930089181902703 0.9999565756997779 0.008449917975727923 0.5123944803771598 -0.017669018738076272 -0.008518102968702377 0.9998076053414717 0.7384090590484198
0.9998467745078788 0.003361422420137757 0.017179299913098522 210.05827219990874 -0.003518228766338697 0.999952354140571 0.009105576043157884 0.5179742402809606 -0.017147873703130034 -0.00916462154392745 0.9998109622020646 0.7289785207146993
0.9998465435081262 0.0031374140125175957 0.017235024460874538 211.51522014637175 -0.0033095555609257182 0.999944836747954 0.009968465433399722 0.5224953084441342 -0.01720279851774214 -0.010023975978712124 0.9998017721672313 0.7251500420169353
0.9998350028666355 0.0029733540093744965 0.017919994659869754 212.96114657407531 -0.003174544853055156 0.9999321357265909 0.01120920185536833 0.5240950170789398 -0.01788544960717412 -0.011264240196009157 0.9997765888363038 0.7089856277952021
0.9998335428441899 0.002586861474360115 0.018060862419825713 214.39546810446205 -0.002780521694087123 0.9999388256085877 0.010705780664064732 0.5352090375543835 -0.018032063186005982 -0.010754217230036915 0.999779571460142 0.713074737188286
0.9998453742833859 0.002348822848397953 0.0174272934026691 215.87626293224955 -0.0025514847426069023 0.9999292780389234 0.01161588766154875 0.5328328829754275 -0.017398777247959536 -0.011658557019816818 0.9997806562434041 0.7089811102281869
0.9998532023309071 0.0020632836398453702 0.017009310663617085 217.34905778250808 -0.002244427085715051 0.9999409017221428 0.01063746258112137 0.5392378102667943 -0.016986357340136236 -0.010674077183972163 0.9997987436182263 0.6963930848367117
0.9998524432218621 0.0014552629257501646 0.017116483081817443 218.81209435857946 -0.0016352270273173703 0.9999434861159822 0.010504789706872415 0.5342295388089627 -0.017100228531874553 -0.010531228989696263 0.9997983173621189 0.6923955185781396
0.9998573268693958 0.001254302180006607 0.016844958641313593 220.29075544943547 -0.0014664327967709946 0.9999197093066949 0.012586680057385065 0.5427921945549389 -0.016827818647670568 -0.012609586276149238 0.9997788869812693 0.693206761197156
0.9998582583094113 0.0011814709399762561 0.016794862812429534 221.79309654082914 -0.0013562306469976611 0.9999450199485524 0.010397967037902417 0.5483421084996856 -0.016781654534117937 -0.01041927092013412 0.9998048883980266 0.676496524530876
0.9998616232757174 0.0007328338789443589 0.016619183341949353 223.2710133380553 -0.0009386290436625515 0.9999229420012994 0.012378571605178239 0.5516701429080146 -0.01660883126429577 -0.012392457947154921 0.9997852637992131 0.6754884972958247
0.9998610628035532 0.000398010038368724 0.01666423347647283 224.73545623690828 -0.0005857279340195928 0.9999364173995172 0.011261353426909253 0.5578311587530911 -0.016658691789463817 -0.011269549513082117 0.9997977221626563 0.6585965332448883
