1.0 -2.1684043449710093e-19 -2.5135375298442207e-37 0.0 2.1684043449710093e-19 1.0 2.3183291766350204e-18 -8.673617379884035e-19 -2.51353752984422e-37 -2.3183291766350204e-18 1.0 0.0
0.9999996144572926 -0.0005723897269502802 0.0006659243699802237 1.3271307127150507 0.0005725266515208768 0.9999998150031163 -0.00020544334102258209 -0.005205242904773986 -0.0006658066531284189 0.00020582452126511109 0.999999757168854 0.013546002618737998
0.9999992686506489 -0.0006310930990495225 0.0010317071617683797 2.620400249204164 0.0006317219644781507 0.9999996148242213 -0.0006093264874477984 0.0032616480561835828 -0.0010313222226384742 0.0006099777938922657 0.9999992821505244 0.023155165917102573
0.9999991639575837 -0.0008551953100190437 0.0009699098491139878 3.9413289267319627 0.0008559994161672708 0.9999992900610052 -0.0008289405800344141 0.016376335037490905 -0.0009692002544408344 0.0008297701292695049 0.9999991860658684 0.045058962823039984
0.9999992608095861 -0.00044391347215893786 0.0011319545532621994 5.259560611432063 0.00044531254724632335 0.9999991369637407 -0.0012360293317515653 0.02066726656892158 -0.0011314048862720281 0.0012365324916560122 0.9999985954542038 0.046347289417656944
0.9999985857381601 -0.0008046302183131994 0.0014768520208467062 6.586068340794044 0.0008065832771988391 0.9999988004347882 -0.001322328401588039 0.015756375124364955 -0.0014757862638759475 0.0013235177356123531 0.9999980351759232 0.04792059376104135
0.9999971974566345 -0.0004815579716722285 0.0023180122512248087 7.920752289023829 0.00048708996494243483 0.9999970335521393 -0.002386551966301515 0.023906440941374518 -0.002316856111838142 0.0023876743583923212 0.9999944655791428 0.07269546951796839
0.9999966200770081 -0.00039221354464066854 0.0025702146010295026 9.236890042760294 0.00039850113014522446 0.9999969284710398 -0.0024462717214999677 0.03737122825914089 -0.002569247245637878 0.0024472876867131575 0.9999937048559702 0.07991795426408244
0.9999971049146114 -0.0009475112455502848 0.002211873602927369 10.56820503141596 0.0009523135397990824 0.9999971897067047 -0.002171100553814676 0.028670399880682672 -0.0022098102447238527 0.0021732006654735774 0.9999951969572404 0.09672205103917232
0.9999995536894504 -0.0008922933599298146 -0.00031053737252561853 11.894561926203325 0.0008924720054003765 0.9999994360797128 0.000575616170655077 0.043354431314342336 0.0003100235789203505 -0.0005758930596631173 0.9999997861162593 0.11268703064088635
0.9999992129624105 -0.0008119964460071652 -0.0009564184916882592 13.22493314451151 0.0008144358904406596 0.9999964094828048 0.0025529817232270405 0.044714450402781825 0.0009543420455652372 -0.0025537586554803707 0.9999962837670896 0.1221441220193204
0.9999992517845198 -0.0006543183071917732 -0.001033585000602505 14.574407329871287 0.0006613733610920573 0.9999763863044473 0.006840279144604968 0.07017622749077188 0.0010290848739703557 -0.006840957612188046 0.9999760708553332 0.1350833525469634
0.9999999534994353 -0.0001868397177284379 -0.0002410229187698185 15.92121068167266 0.00018845213947400996 0.9999774878826249 0.006707325379462542 0.09124596726680456 0.0002397642980529695 -0.006707370488852827 0.9999774765934514 0.14869890791187257
0.9999963786342421 0.00012542888831252005 0.0026883054133723205 17.257987214538446 -0.00013982084247769237 0.9999856573454657 0.005354022178573569 0.08256338521155167 -0.002687595306886635 -0.005354378670828721 0.9999820535692208 0.17271293450411201
0.9999878649454608 8.126321707460305e-05 0.004925785024591456 18.62521951155599 -8.467142636568947e-05 0.999999757185841 0.0006917073143791656 0.08202076738629736 -0.004925727618179466 -0.0006921159937171833 0.9999876290149207 0.19795894569717773
0.9999942558778112 -0.00023594360170461914 0.003381204223279454 19.96931855575902 0.00023922182177426557 0.9999995017405713 -0.0009691705365899914 0.07513980744030399 -0.0033809738689755007 0.0009699738273900913 0.9999938140641028 0.21831300251850252
0.9999995844130076 -3.364615009879615e-05 0.0009110662701513961 21.321555118410878 3.5562710366246826e-05 0.9999977865656101 -0.0021037108104968684 0.07883818022135779 -0.0009109934717962878 0.00210374233620791 0.999997372176086 0.21059112439231598
0.9999999224100645 0.00027430657682800315 -0.00028272914075830444 22.667555746608922 -0.0002743272805555477 0.9999999596937396 -7.319195582494251e-05 0.09602160455560751 0.0002827090523276964 7.326951046230141e-05 0.9999999573535844 0.2562741079542472
0.999998781039772 0.000939522019921806 0.0012470835354487005 24.03865070258281 -0.0009421782659497791 0.9999972853727962 0.0021310906018951717 0.09458041567795283 -0.001245077943534881 -0.002132262979183409 0.9999969516131048 0.23716659451812733
0.9999835449140935 0.0016843524550195998 0.005483872523196128 25.433151384776792 -0.0016986784603647922 0.9999951543682991 0.002608779678290678 0.10612485499923989 -0.005479451845913852 -0.0026180520867314996 0.9999815605353628 0.25333762352112194
0.9999781147390482 0.0018345564140331589 0.006356449142633629 26.803743199646682 -0.001841966397863604 0.9999976306789834 0.0011600845696652584 0.09845218032140138 -0.006354305841576984 -0.001171767546642185 0.9999791246611542 0.2706415737907037
0.9999799577587323 0.0018248110089630703 0.006062519742278495 28.17366379789674 -0.0018062469946051344 0.9999936680445259 -0.0030661608974731345 0.09417237709287392 -0.006068076518834386 0.003055149036672437 0.9999769219895654 0.2964962641147267
0.9999909557574137 0.0018214186405532793 0.003843284729234058 29.52989991064703 -0.001808933665955957 0.999993084243295 -0.003249496049316203 0.10270295345914664 -0.003849176842688551 0.0032425144129510845 0.9999873348887552 0.28743783112508026
0.9999951351996446 0.0024410093761994853 0.0019419192232839038 30.924646192313915 -0.002434456033238125 0.999991358529287 -0.00336990957936706 0.10452532751876542 -0.0019501284231259884 0.0033651656684605563 0.9999924363009738 0.3289108383956859
0.9999953636817369 0.0029944362661018967 0.0005531423676376522 32.29846927413216 -0.0029939481364572172 0.9999951298715705 -0.0008811967414367724 0.11520272420478125 -0.0005557783612434111 0.0008795365763674425 0.9999994587627655 0.310568113814674
0.9999929551282737 0.003571261247513052 -0.0011557624861506782 33.68376249203041 -0.0035705045774348473 0.9999934104959305 0.0006560958618347729 0.11833188275812746 0.0011580979599750965 -0.0006519645844763576 0.9999991168752579 0.3494874256810791
0.9999925927236248 0.00375900905143123 -0.0008272537904152555 35.077057184843085 -0.003758423010937602 0.999992685878061 0.0007088348555505451 0.13111681036913359 0.0008299122564181424 -0.0007057204353330838 0.9999994066019808 0.3375702238806873
0.9999947506638232 0.0031880826099055432 0.0005785966387767206 36.4720620243249 -0.0031886459151768856 0.9999944406729124 0.0009752745750291076 0.12335183613704963 -0.0005754841662562205 -0.0009771143952937691 0.9999993570325098 0.37513706145649584
0.9999940751764959 0.0030630694234161865 0.0015707379195667385 37.8740947686468 -0.003065295587207685 0.9999942982628051 0.0014168291509971836 0.13659903240322852 -0.0015663891175812948 -0.0014216355325480361 0.9999977626862696 0.361808789439037
0.9999946710745535 0.0023939171452222966 0.002219680877316777 39.270971736044544 -0.0024015480310366527 0.99999119407111 0.0034415617515822393 0.12172585329294315 -0.0022114225172813595 -0.0034468740819966963 0.9999916142995964 0.3785683033336914
0.9999917228665377 0.00311148562712936 0.0026216131685917487 40.66304742972533 -0.0031284304954960367 0.99997408233466 0.00648441065859615 0.14445721030910416 -0.0026013690719343683 -0.006492558520847721 0.9999755394822439 0.4096440391232872
0.9999920256433139 0.0028872943792846942 0.0027590181132129323 42.0912360836158 -0.0029128971934789675 0.9999523143016545 0.009321166917574038 0.14966474150350234 -0.00273197359465797 -0.009329129323383043 0.9999527507169254 0.4197019116782295
0.9999921432281657 0.002705127803469427 0.00289754473764431 43.477150594443245 -0.002732222146046106 0.9999521989562284 0.009388011756924238 0.15692597141684542 -0.0028720104603585216 -0.009395854733359237 0.9999517335700485 0.422324830545333
0.9999926571306385 0.0023714964707871565 0.003010263990838386 44.90477268164595 -0.0023986629529493195 0.9999561409522885 0.009053319161794554 0.16546299568287126 -0.002988662049085282 -0.009060473293168081 0.9999544868257056 0.4416434132961367
0.9999959264718081 0.0014652055641954135 0.002449533107505969 46.302524046917156 -0.0014865539768209705 0.9999607327116202 0.00873631456128276 0.15167445412180924 -0.0024366364242772876 -0.00873992033684142 0.999958837450543 0.46455861139435595
0.9999949094285202 0.0004978027763567421 0.003151715317350096 47.73499512086081 -0.0005248136240498188 0.9999630946898085 0.008575186822523354 0.1595410632338389 -0.003147330250510644 -0.008576797233059553 0.999958265559877 0.486143765700153
0.9999922549457421 -0.000484441683125671 0.003905811667987308 49.130365204578034 0.00045021006025223944 0.9999615256142768 0.008760399652405841 0.164082170075795 -0.003909905297035096 -0.008758573366928833 0.9999539989585243 0.49645993359799523
0.9999907899060633 -0.001484467971656684 0.004026966338161389 50.56436920606433 0.0014457543459686821 0.999952878283661 0.009599531581958193 0.17188453875095944 -0.0040410267777722195 -0.009593621165286108 0.9999458147997412 0.5153232156662775
0.9999878098568618 -0.002689903594525408 0.004140598547194176 52.017497824764945 0.002650269818998882 0.9999509056263969 0.009547900650677253 0.1741483111962954 -0.004166078199382588 -0.009536810557039433 0.9999458450520387 0.5193790936404177
0.9999793294531857 -0.0037496364093657186 0.005223111443826057 53.42930327959407 0.003696040134093843 0.9999408056186494 0.0102335011630154 0.19075868460254228 -0.0052611741735315454 -0.010213984801429309 0.9999339951020726 0.5389357401885247
0.9999735306861739 -0.004490104146451217 0.005725110634886835 54.879995554102614 0.004439584177867251 0.9999513652282138 0.008806660579296332 0.205624213764593 -0.005764375018621144 -0.008781010362442516 0.9999448313970423 0.5420905407385828
0.9999635648701182 -0.004770225142809803 0.007079116069968174 56.26785722764921 0.004726766657056323 0.9999699598177022 0.006143056173658115 0.21627287877488396 -0.007108207173044202 -0.006109371020807598 0.9999560735234899 0.5599848894047654
0.9999624541699598 -0.0051598948534833855 0.006961733655636672 57.69732191554798 0.005123897590848575 0.9999734630285319 0.005178697925509578 0.2299797247024881 -0.006988270449082867 -0.005142832276691191 0.9999623569676531 0.5781183807695507
0.9999614099000111 -0.005005268885283369 0.007219833389211646 59.14595668802456 0.004978731853829886 0.9999808020271681 0.003688876011635175 0.25336056098353943 -0.007238158599369095 -0.0036527880430668267 0.9999671325596672 0.5887383736572283
0.9999576710577428 -0.005017749658596004 0.00771221635710385 60.54879780698853 0.004990407855106606 0.9999812094306824 0.0035604234283789175 0.24239614709592705 -0.007729936753610005 -0.0035217856143324334 0.9999639219011213 0.6046456818420587
0.9999546536624142 -0.0043581455766053805 0.00846741908814627 62.01037137873812 0.004344634728610607 0.9999892605398348 0.0016133673076574235 0.26209275393178477 -0.008474359442231577 -0.0015765063043267798 0.9999628492398686 0.60639152922758
0.999955671307287 -0.0042936055402531806 0.008379759653938786 63.41630168758063 0.004301001163758943 0.9999903767635745 -0.0008647365112245779 0.25171026871945706 -0.008375966176054994 0.0009007395346091052 0.9999645152998723 0.6183218015305371
0.9999661634886026 -0.0037323064913905336 0.007330877583193668 64.82696397461872 0.0037437110029841566 0.9999918025105954 -0.001542575617746544 0.27163980942722543 -0.007325060123410778 0.0015699681094388047 0.9999719389534507 0.6311770662969618
0.9999690123406884 -0.0028622067615762014 0.007333630127167783 66.27672399426919 0.0028741235268429336 0.9999945657020752 -0.0016149242305600136 0.28530744042479295 -0.007328968026984659 0.0016359519467238001 0.9999718045469519 0.6410738588379573
0.9999721228604698 -0.002336649664724008 0.007091795983380399 67.65105709768228 0.0023363460931369777 0.9999972694346302 5.10902822434612e-05 0.2948476326287149 -0.007091895998858751 -3.451996815343916e-05 0.9999748515935355 0.6501704860452391
0.999960567169223 -0.0017549829383012947 0.008705408749288223 69.12125263420486 0.001729060077658425 0.9999940517740412 0.00298442084564594 0.3113066170064684 -0.008710594575214739 -0.002969250986755674 0.9999576536487552 0.6654517318198
0.9999512346170282 -0.0008669743379261029 0.009837517134842442 70.4874323463538 0.0008057934996289445 0.9999803222812812 0.006221394302007069 0.3237794587987026 -0.009842717344153328 -0.0062131639059715684 0.9999322564601867 0.6762556107188513
0.999939779623726 0.00014118414036586613 0.010973476800579056 71.92946487941178 -0.00025551220502971283 0.999945699790153 0.010417878128209435 0.3510077071406762 -0.010971410099318065 -0.010420054616922735 0.999885518758129 0.6937579134550321
0.9999442371876223 0.00039323760997563923 0.010553098097064598 73.30454607882741 -0.0005372179915693521 0.999906771188903 0.013644058319002129 0.3491894779705616 -0.010546748887391886 -0.013648966802102555 0.9998512248295449 0.6884182230029072
0.9999477794722613 0.0011840103842714986 0.010150687065608987 74.68501426524341 -0.0013610250617663983 0.9998468185879403 0.017449555018849202 0.36677363315327915 -0.010128471714687665 -0.01746245913336775 0.999796217527222 0.69740775384137
0.9999459942787756 0.0020330448750376165 0.010191921034171627 76.13210719572326 -0.002223156827461096 0.999823103439394 0.0186767074865824 0.38056300754236994 -0.01015214753395654 -0.018698357076356555 0.9997736270491905 0.6981544619992534
0.9999403545455032 0.002374179178448641 0.010660704697244528 77.49993705647964 -0.0025797011467291768 0.9998102884240694 0.019306276268946505 0.3839827878534865 -0.01061284567902477 -0.019332626169456225 0.9997567789577549 0.7053570440502753
0.9999370057902447 0.0024669563339070498 0.010949820897476464 78.91474652902511 -0.0026721585785479283 0.9998203446468085 0.018765340361111615 0.382605642666762 -0.010901560428273976 -0.018793417911169532 0.9997639538528307 0.7290160243149125
0.9999521025144316 0.0018821850222156583 0.009604689297944476 80.28177016374825 -0.0020523010412033817 0.9998406559765044 0.017732758299539523 0.3726545753338196 -0.00956978251603335 -0.017751620658851386 0.9997966289333947 0.7205086073418812
0.9999508939247714 0.001825081141931471 0.009740575849297441 81.67782517197223 -0.0019960026519769886 0.9998437031467037 0.017566594755377776 0.3853178906432456 -0.009706992967126907 -0.01758517434408119 0.9997982476133995 0.7409908045721545
0.9999440508074698 0.0015513296560816516 0.010463681524502695 83.05156286138379 -0.001725728599767158 0.9998594117154493 0.016678688942345185 0.3985520924628638 -0.01043633630868626 -0.016695813257632086 0.9998061475626754 0.7439145024907675
0.9999542218565848 0.001317805505631241 0.009477213717194444 84.43127373268698 -0.0014768477800611319 0.9998578772543506 0.01679417199681148 0.4112742564926251 -0.009453735337239933 -0.016807399592836676 0.9998140518151863 0.7435905007331668
0.9999528955644194 0.0005082574206317949 0.009692694502968892 85.82953498302459 -0.0006635902173789325 0.999871302574331 0.01602928371244078 0.414398812035272 -0.009683300075744306 -0.016034960639330957 0.9998245414756223 0.739341584538071
0.9999483150868124 -0.000814695046036789 0.010134269930636207 87.19452559554868 0.0006477157739633908 0.9998641657354953 0.016469078369426654 0.4138692474663533 -0.010146310626094248 -0.016461663040049174 0.999813015533722 0.7499307485231312
0.9999350328981584 -0.0018359774391791084 0.011249851990207501 88.57827031228526 0.0016637599805263744 0.9998815837909891 0.015298702505460863 0.4217359943173898 -0.011276607898031624 -0.015278991539568992 0.9998196790080939 0.7491550778491238
0.9999226931621925 -0.002795176624681315 0.012115885725145947 89.95594393562178 0.002639114765348236 0.9999135966220408 0.012877669184681481 0.42853492195767645 -0.012150834231577727 -0.012844698439885978 0.9998436732557071 0.7697593276343898
0.9999138022060231 -0.003850547989123606 0.012552347910939675 91.33987923205352 0.0036994797484502687 0.9999207194133904 0.012036142961867525 0.4315671505431553 -0.012597698499512592 -0.011988668316004198 0.9998487734775315 0.7759169136392341
0.9999195667371168 -0.00423175675502041 0.0119562657641433 92.70987623407568 0.004093567439432492 0.9999248152821477 0.011558827301306628 0.43791736555622296 -0.012004280981187675 -0.011508953806882384 0.9998617110482808 0.7771257096221734
0.9999196906875286 -0.004243525801655687 0.011941719479531895 94.03932899632635 0.00412775153457554 0.9999444057167229 0.00970294507344885 0.4540801107736062 -0.011982230285967566 -0.009652873385693945 0.99988161708913 0.7944453150151706
0.9999232176120771 -0.004507208118830172 0.01154313455193474 95.4161616094315 0.004399754390901945 0.9999469124796057 0.009317423667705408 0.47702572552396505 -0.011584517323145463 -0.009265921296737267 0.999889964776581 0.7896274774339932
0.9999298221090926 -0.004366218247781016 0.011013037505218187 96.77040283242191 0.004269295185586393 0.9999520864716896 0.00880896586058277 0.47688655597256396 -0.011050971699218454 -0.008761329757937888 0.999900552617797 0.7952390809808678
0.9999367723751974 -0.004082556239915294 0.010477785377671906 98.11904167865283 0.003977018467653532 0.9999413504924309 0.010073673584219267 0.4995967705859792 -0.010518297199669215 -0.010031366303818389 0.9998943629774588 0.8031038347289159
0.9999378767989768 -0.003913191402985514 0.010436928465686942 99.47270138911057 0.003788202216438147 0.9999211971280252 0.011968669851931475 0.510283858661183 -0.010482941701719 -0.01192838912430176 0.9998739027828347 0.8021066349296907
0.9999239867058096 -0.003709013969714449 0.011758572435987266 100.82526988672932 0.0035655990351607975 0.9999192904985622 0.012194219629495023 0.5207059223020719 -0.011802851938423902 -0.01215136635215828 0.9998565081959988 0.8075342085299206
0.9999013324000195 -0.003621611749897552 0.013572376099959807 102.12717776570075 0.0034554697824611524 0.9999190601557683 0.012244707664432369 0.5431303007805468 -0.013615623131103993 -0.01219660057302505 0.9998329149118936 0.8137417740778936
0.9999134176404515 -0.0037708389535297746 0.012607061361741187 103.50167177442125 0.0036216177127967506 0.999923366649805 0.011838273221295178 0.5367087972359091 -0.01265073546219831 -0.011791590278932701 0.9998504474624988 0.8240395198194818
0.9999406348088918 -0.0035327471303372546 0.010307596989776508 104.81602541294161 0.0034101137626768585 0.9999234871477677 0.011890793681400844 0.5486139757074782 -0.01034881549338656 -0.011854937703806554 0.9998761735684687 0.8258292794948856
0.9999548641811536 -0.0036161037395862675 0.008785977133763721 106.16107875963337 0.0035181841296474527 0.9999318147710802 0.011134998385452002 0.5648020794342985 -0.008825643369203492 -0.01110358511286657 0.9998994041486178 0.8245013662227205
0.9999432285410583 -0.0031410490706188926 0.010182018739954736 107.49672441056765 0.0030439062391934527 0.9999498399960465 0.009542123803845278 0.578882921208136 -0.010211480288960283 -0.009510588973185399 0.9999026324436252 0.8400321473956962
0.9999207977639332 -0.0027404879532992896 0.012283644610513038 108.81282413922122 0.0026632891325235448 0.9999766293223697 0.006296641967615269 0.5781943593029902 -0.012300613404873212 -0.006263428362292761 0.9999047276490968 0.8340031453933305
0.9999093772719863 -0.00170954690358495 0.013353452472417739 110.18726121609573 0.0016445514018826048 0.9999867561298179 0.004876783330303103 0.5932006298396112 -0.013361612710868484 -0.004854380943910292 0.9998989460397566 0.8526019552734789
0.9999200076320783 -0.0013326227529938187 0.01257785568618611 111.48115412206836 0.0012770958496196153 0.9999894089374047 0.0044216557091973085 0.5884714375293 -0.012583614872333207 -0.004405238883193053 0.9999111193036743 0.8549178538095986
0.9999500784806824 -0.00032991699257816926 0.009986576052642514 112.82701887967775 0.0002714932556792923 0.9999828457959483 0.005851017454156649 0.6098234941444189 -0.009988335090961127 -0.005848014074430162 0.999933014703233 0.8566192090900284
0.9999670009881664 0.0006226915999907969 0.00809994999389398 114.18094618598664 -0.0006950477119795636 0.9999598569488366 0.00893316290796828 0.6039082219159615 -0.008094062231682814 -0.008938497974130172 0.9999272920620559 0.8681047736518143
0.9999697580827481 0.002029319476325759 0.007507648259817118 115.48614818788887 -0.002118200164173021 0.9999275458483796 0.01184973762161375 0.6155919252378441 -0.007483057396186898 -0.01186528196460564 0.9999016046271282 0.8625638153410708
0.9999452132439389 0.0035528597046694775 0.009846202234988537 116.85337791473458 -0.00367538627475436 0.9999156909748628 0.012454014533240012 0.6340698933975574 -0.009801124744880284 -0.012489520814736732 0.9998739669696143 0.8761014543527321
0.9999208529175004 0.0042096444842880535 0.011856086793477244 118.14362226284025 -0.004364440645439004 0.9999051791821116 0.013060792573257245 0.6332303060510628 -0.011799981296214089 -0.013111504036727244 0.9998444123478931 0.8697910014903795
0.9999040757375532 0.005218108912052709 0.01283006869862453 119.51718943165696 -0.005382106247227938 0.9999038331064749 0.012781137325069865 0.6360380540162125 -0.012762141504191953 -0.012848964096793957 0.9998360024853408 0.8791157873389711
0.9999048447990143 0.006237856694000636 0.01230408433505341 120.83332323542595 -0.006395244135870229 0.9998977034761717 0.012793882738267483 0.636046962014222 -0.012223019262915882 -0.01287135295697514 0.9998424506256751 0.884821374456787
0.9998962474758786 0.007457115746235262 0.012324191998013668 122.14005757115555 -0.007633516829407275 0.9998681975250637 0.014328886865178582 0.6223462616651688 -0.012215715471138396 -0.014421477134024153 0.9998213826943295 0.8866096924314759
0.9998908672075976 0.008747402759448939 0.011905318971050386 123.51993902866336 -0.0089387197223101 0.9998302260842467 0.01611267507430597 0.6354772663732025 -0.01176235370002329 -0.01621733496256896 0.9997993024013107 0.8839108990696135
0.99988735566678 0.010035264900412516 0.011161067873314869 124.85416863805735 -0.010224056550558488 0.9998034058138239 0.016988772490358073 0.6381888612297395 -0.010988386839985874 -0.017100970190510063 0.9997933847416666 0.8901386630158385
0.9998816520471139 0.010977476376491699 0.010778539415795518 126.17830126389627 -0.011166785787991358 0.9997816308460572 0.01766333824517003 0.6215140882071939 -0.010582286836946215 -0.01778160946601119 0.9997858918639024 0.8871427204631978
0.9998729507065216 0.012013063896175333 0.010477057853243769 127.51959678626136 -0.012192172118897754 0.9997776906376727 0.017202332464672142 0.624289591336792 -0.01026807598613199 -0.017327885013132722 0.9997971349311393 0.8958415037953446
0.9998574611171591 0.01276416321280115 0.011051406508929003 128.84351726137683 -0.012952360743777942 0.99976939767566 0.01712856743604622 0.6074213282853247 -0.010830226198545652 -0.017269267753009004 0.9997922177091413 0.8945639747410059
0.9998345762002415 0.013614211693565062 0.01206123851212288 130.21460817073057 -0.013817979123214974 0.9997604224475896 0.01697531031727105 0.5981691576569513 -0.011827243441897822 -0.017139164138896917 0.9997831591726208 0.9033785285960025
0.9998200645087174 0.014050826526792392 0.012744131186472685 131.5426287887466 -0.014237987344940722 0.9997903349739464 0.014716175082176673 0.5814195940335879 -0.012534684764657874 -0.014894977898538725 0.9998104926991178 0.8974127604793598
0.9998178262946047 0.014084856191275464 0.012881422654464968 132.89318338205027 -0.014261960515708029 0.9998035842109112 0.013761885091223431 0.5688962007193248 -0.012685058367238962 -0.013943092378907264 0.9998223239501772 0.9112501268662289
0.9998102877435592 0.013984113473173406 0.013558506278752854 134.2226830336262 -0.014138956954331877 0.9998351356988622 0.011392599276794492 0.5588316005018026 -0.013396955564049644 -0.01158214109771929 0.9998431754976415 0.891771637734687
0.9998142762340813 0.013409492705117279 0.013841912581420715 135.55344532641192 -0.013552097976838815 0.9998555203751031 0.010260556313287704 0.5367960319751667 -0.013702323852049617 -0.010446237639619028 0.9998515502014437 0.9127842731319835
0.9998381422682723 0.012230581681344624 0.013194776893382528 136.90182965457367 -0.012358333847322045 0.9998771217182286 0.00964432729581432 0.5248110810157781 -0.013075199809116434 -0.009805831744763531 0.9998664334868658 0.9092305968878197
0.999831744489726 0.011349851833146437 0.014410536908697532 138.24047940266715 -0.011466324354972537 0.9999020508016444 0.00802572167796855 0.5192092870684069 -0.014318034656260439 -0.008189607196396737 0.9998639528543626 0.9128148932343934
0.9998376183072687 0.010024770189110532 0.014974678637750559 139.58822759215388 -0.010136231256159414 0.9999213485134363 0.007386041090631261 0.48405631430064555 -0.014899457492473983 -0.00753662853843529 0.9998605929811932 0.9184111752639152
0.9998438390586534 0.008991383393224509 0.015213563722205864 140.93785558523362 -0.009086797764787638 0.9999394050464965 0.006214204827696355 0.4997557290482801 -0.015156767558929647 -0.006351476988446137 0.9998649564502348 0.9210740102549267
0.9998612033908184 0.007630863192861754 0.014810262684915119 142.26566363238697 -0.007712333529366235 0.9999553987658176 0.005451641094809502 0.48696363921137753 -0.014768001401549732 -0.00556510611099466 0.9998754601091964 0.9112331541131115
0.9998740704446714 0.006649139411309101 0.014409448202248354 143.61677391785844 -0.006728133280450072 0.9999625655498293 0.005440562614639962 0.4791813363889891 -0.014372733733176943 -0.005536826175011631 0.999881377004764 0.9067157956432529
0.9999081235075294 0.006046411563036323 0.012132001107049881 144.96443443844464 -0.006088236056804591 0.9999756404508501 0.0034134859936355883 0.47078257368338366 -0.012111066235790448 -0.00348703486109653 0.9999205781773419 0.9105433172986244
0.9999260223313531 0.004901334750501315 0.01113224066672738 146.27800070384546 -0.0049014564653646585 0.9999879876564572 -1.6349533534757968e-05 0.48159755421869965 -0.011132187076964959 -3.821586895554269e-05 0.9999380345553573 0.9206702869965251
0.9998915949561564 0.00418780744709551 0.01411596985048093 147.66612760971506 -0.004053561487805515 0.9999464157714094 -0.00952545144212549 0.47923513560461967 -0.014155104213611963 0.009467198883395343 0.9998549920713524 0.9107656238560513
0.9998705196043256 0.002656008030400455 0.01587103170932699 148.9765443823719 -0.002409005742387883 0.9998760028594035 -0.015561992071565197 0.4590633143415595 -0.01591039652268782 0.015521743692148898 0.9997529368575249 0.9291124885786702
0.9999170202668628 0.0018985108496116288 0.01274159476644123 150.2738265751358 -0.0016628544424725773 0.9998278432649134 -0.018480225846431077 0.4344670000902967 -0.012774486124359163 0.01845750494476046 0.9997480347644964 0.9227738531094669
0.999950158319539 0.0017365897646550253 0.009831842793605694 151.6782981545504 -0.0015661183057308983 0.9998487720959697 -0.017319936825349273 0.44635358146044335 -0.009860433569642635 0.017303675741614285 0.9998016576579816 0.9301307464827544
0.9999678783779274 0.0028317636496256304 0.007498221587759216 152.98739977841893 -0.0027283391804695267 0.9999014986152939 -0.01376768797604265 0.4480707115479359 -0.0075364698408999335 0.013746788043830945 0.9998771061689607 0.9340024543538994
0.9999623187728947 0.0038444894249500547 0.007783375578575602 154.36178336414898 -0.0037330447469982727 0.9998910307047278 -0.01428254505170799 0.45763354291042574 -0.00783743652303663 0.014252951178566738 0.9998677052347719 0.9411204989408972
0.9999349856729114 0.004218169131942796 0.010593935835596846 155.68704764145482 -0.004030416333301017 0.9998355392274069 -0.017681918505092997 0.4583504763411661 -0.010666778871556233 0.01763807095503402 0.9997875365703909 0.9330783155320213
0.9998986152214496 0.00482668067906352 0.013396358902699522 157.01398778974064 -0.00447585148784395 0.9996494223562885 -0.02609596015090554 0.45743578783652594 -0.013517619305423084 0.026033354304838236 0.9995696766268736 0.9237829496748896
0.9998819055934853 0.004791036341960932 0.014602083327752244 158.3695448426365 -0.0043828384358594345 0.999602234573834 -0.027859708581440833 0.43410343444969374 -0.014729752000144593 0.02779241993363774 0.9995051854794184 0.9323597670340547
0.9998766530056726 0.004482356353598832 0.01505281554039433 159.7053749281813 -0.004046311865655181 0.9995748636557935 -0.028874197959208273 0.41548208122505637 -0.015175840486103001 0.028809728027543776 0.9994697061124561 0.9475681538255404
0.9998683571974399 0.005608337833336113 0.015225466233901083 161.0759258983537 -0.0051776712700443124 0.9995894699461918 -0.028179483545844753 0.4211127709533159 -0.01537725578612286 0.028096941460563785 0.999486919316631 0.9279195158372174
0.9998654235903034 0.0067429342125896 0.014955518940773927 162.40791966409915 -0.006351275545766561 0.9996396068948594 -0.02608289911096602 0.41814168646896177 -0.015126004347642726 0.025984402346326402 0.999547905218744 0.9203536497615802
0.9998796980890748 0.007857890345618594 0.013373216091006177 163.7599171137368 -0.0075422216782619145 0.9996955389370847 -0.023493495300774644 0.43242345338147226 -0.013553753777329309 0.023389805228085987 0.9996345396043175 0.9135188159283286
0.9998830334459707 0.008502000747385836 0.012713591552946036 165.1070420238908 -0.008218691368052772 0.999720375464722 -0.02217259553755073 0.431073424495596 -0.01289854794464807 0.02206551300030367 0.9996733169375648 0.8960027437137216
0.9998658154936344 0.008818972988766122 0.013804952831242024 166.45821171772414 -0.00851937577287641 0.9997301223744864 -0.021612557774007266 0.42958658267911537 -0.01399182774657872 0.02149204812291488 0.999671106226339 0.8955795194355829
0.9998685036679099 0.008398766300221652 0.013872133849157664 167.787260067249 -0.008111190734364393 0.9997536930949795 -0.02065821211577421 0.4145879312148469 -0.014042220542544044 0.020542976113110296 0.9996903531467385 0.8856504759190841
0.9998964370389807 0.008173826775240721 0.011844988501479194 169.1736155193214 -0.00795294338820292 0.9997958119648568 -0.018576465460273514 0.41990560797762955 -0.0119944107073193 0.018480339103518994 0.9997572761317635 0.8894575159401277
0.9999262708762009 0.007469581635387201 0.009573826915441742 170.5825255755503 -0.007322896322724311 0.9998566512620533 -0.015266044559075553 0.41876471191835 -0.009686485485519565 0.015194810865072846 0.999837631679121 0.8974252971758496
0.9999454611013701 0.00704699705210957 0.007708090250901802 171.93700608944587 -0.006976874539522829 0.99993437602627 -0.009086630982607789 0.41400802318890884 -0.007771617877137711 0.00903235702914188 0.9999290067210121 0.89810563745212
0.9999334512779581 0.007375365942763972 0.008871132541097492 173.29263354045827 -0.007318776649886529 0.9999527707008988 -0.006394675593393099 0.4152307844033724 -0.008917876636311876 0.006329324198204654 0.9999402037779527 0.8968155058489309
0.9999017150066101 0.0080774760793139 0.011459262935643153 174.6739937133504 -0.008058057423696903 0.9999660199257063 -0.001739742652935384 0.4312802909255602 -0.011472926278700495 0.0016472322635715856 0.9999328270381332 0.920670580356438
0.9998715982542654 0.008012269421332773 0.01387769949166591 176.0421429558571 -0.008021223647722578 0.9999676555996726 0.0005896827010209987 0.42431617022369505 -0.013872525929124246 -0.0007009231160712962 0.9999035262119697 0.9221371062077688
0.9998587495936293 0.007172901372044603 0.015199682462830598 177.44611319803542 -0.007133909266752335 0.9999711263083471 -0.0026179931607152496 0.415433225368716 -0.01521802219862044 0.002509190212544143 0.9998810508079646 0.9213113780108754
0.9998700812219905 0.005982294962304919 0.014967726083615763 178.84552808193212 -0.005913604631659681 0.9999717990894031 -0.004629287867785471 0.42032702804999456 -0.014994997745601151 0.004540173222069151 0.9998772609024186 0.9126425026588724
0.9999311006159601 0.0036744530685844895 0.011148650842201019 180.1805657650731 -0.00359676726129809 0.9999691692335663 -0.006980246958343539 0.4054844412937308 -0.011173955710606415 0.00693966692127079 0.9999134881262475 0.9053303123695252
0.9999704562812496 0.0020352385614322154 0.007412446874513523 181.59951998096676 -0.002003103189184673 0.9999885751742716 -0.0043401726398238265 0.42066582736537567 -0.007421195475319604 0.0043251965190100276 0.9999631085859063 0.9181783694534154
0.9999761232350112 0.0012240161131681449 0.006801084063044998 182.99210766867066 -0.0012199559561539 0.9999990751907551 -0.0006011032353949494 0.4346000220474842 -0.006801813533385381 0.0005927918599832486 0.9999766916935954 0.9246043510664658
0.9999675162532304 0.0009545414362821334 0.008003454815992525 184.31717990050112 -0.0009713892041562394 0.99999732017513 0.0021014389290305415 0.45366294446732 -0.00800142745760169 -0.002109145136024727 0.9999657637466574 0.9180381287138594
0.9999391578455198 0.0016819927007882078 0.010901903858829448 185.7709453128553 -0.0017408345412393356 0.9999839577553284 0.005390150933856872 0.46072269130193066 -0.010892662773293463 -0.005408801396263803 0.9999260446478845 0.926038139729394
0.9999090943757314 0.0019172259940085843 0.013346431327984172 187.13205663351724 -0.0020123436619776725 0.9999726486865291 0.007117046566766147 0.46550338030179556 -0.01333242129887883 -0.007143257193697935 0.9998856036662264 0.9356185504897733
0.9999014337549046 0.0020952804746911355 0.013882815802944759 188.58937825370836 -0.0021648502393255046 0.9999851661852868 0.004998082915045241 0.467370076062538 -0.01387213748228466 -0.005027644489893146 0.9998911373707419 0.9201574730308897
0.9998922665750619 0.001961018762710839 0.014546808887093856 190.005233886603 -0.0020250353382447045 0.9999883253196462 0.0043873062679129285 0.4635230394472334 -0.014538035467840793 -0.0044162914104374906 0.9998845642847547 0.9223878860021241
0.9998802075718396 0.0023598159193388524 0.015297116555796571 191.36219612082272 -0.00237477029752288 0.9999967199040142 0.0009595036458636824 0.4746610028487353 -0.015294802127807792 -0.000995715842626567 0.9998825318895375 0.9183088698390502
0.9998795762736012 0.002709496566361984 0.015280431253097108 192.81577575057773 -0.002695384186627126 0.9999959218021478 -0.0009440779413006546 0.47630395214883287 -0.015282926912415522 0.0009027776191525113 0.9998828017010595 0.9077485378425165
0.9998685281769926 0.002892834850097059 0.015954869717573893 194.17518961372951 -0.0028407114924183974 0.9999905576212408 -0.0032886207711913975 0.4625175203284335 -0.015964232502426623 0.0032428652284566786 0.9998673047488444 0.9023066270388235
0.9998387546576394 0.0035848763242907747 0.01759583321131212 195.63745144399851 -0.0034401201744637074 0.999960049794926 -0.008250114381893164 0.4678020224848781 -0.01762470589388722 0.008188252308558408 0.9998111432997161 0.8938029954493251
0.9998239355962212 0.003678151631944565 0.01840024482054153 197.04202785962917 -0.003464698808485342 0.9999264946331925 -0.011619001365985098 0.4496397220269356 -0.018441628752632507 0.011553204367131522 0.9997631868586688 0.8996453001684546
0.9998827195687614 0.003704964392899877 0.014860025121943978 198.45701684792004 -0.0035605584591466032 0.9999462994080724 -0.009732457221103507 0.4509577904459662 -0.01489528553725848 0.009678405806172536 0.9998422170171724 0.896077173734403
0.9999456189249785 0.003881323462027602 0.00967959301442604 199.90300584076954 -0.0038439432253720217 0.9999850949163056 -0.0038773761369425433 0.4694761208741005 -0.009694498090253453 0.003839957475067792 0.9999456342388658 0.8903288246183149
0.9999483348661321 0.004956260555583929 0.008874856604744645 201.3489479867246 -0.00501273146213122 0.999967260988543 0.0063521236102260575 0.4702240815918559 -0.008843083271019027 -0.006396282699833897 0.9999404419493622 0.8814787199901062
0.9999016632337523 0.00612949213961819 0.012613214835486301 202.78058498762223 -0.006288205675302048 0.9999010688818754 0.012582166676227816 0.48452043570256714 -0.012534844704298173 -0.012660243875756793 0.9998412853514529 0.8746437456409153
0.9998648544548401 0.006893412042612493 0.014924935390559321 204.19817181869794 -0.007107910824934927 0.9998715278572827 0.014366815375993481 0.472882662310035 -0.014823981574002915 -0.014470958874721291 0.999785397432639 0.8759785076642956
0.999858808833907 0.006757639291612005 0.015384950713123288 205.70163283618425 -0.006983299216025497 0.9998681295931853 0.014661410432994813 0.4867072515463125 -0.015283845370201467 -0.014766778085612754 0.9997741476631961 0.8794354221436901
0.9998601810780051 0.005605495466455677 0.015754260224914586 207.12074790320966 -0.00577063164374703 0.9999286816927857 0.010456162707211628 0.47760782514855715 -0.015694524685092137 -0.010545612770391422 0.9998212199919574 0.8749663557599854
0.9998715875460404 0.004439453290712695 0.015398041194915455 208.55288582006665 -0.004569302642201466 0.9999542129286044 0.008407943844904928 0.4636864495959764 -0.015360009489733524 -0.008477222470519703 0.9998460915599263 0.8694901999249454
0.9998822143698997 0.003999867502942698 0.014817504739494076 210.05482910270828 -0.004128080755156666 0.9999542195464503 0.008632367029288851 0.4711135259342094 -0.014782298063052701 -0.008692518116653596 0.9998529510846915 0.8599733140173959
0.9998811668903201 0.003872866329637177 0.01492156172941224 211.51033569856398 -0.0040189020209858975 0.9999442023929895 0.009769366775475947 0.4721834173905012 -0.014882893690328261 -0.009828174145833014 0.9998409405842319 0.8618843220470966
0.9998747214314035 0.00344405528163181 0.015449269422546928 212.95009900047285 -0.0036149072935938204 0.9999324718395862 0.01104464603479365 0.4680423188605468 -0.0154101877902932 -0.011099110054064016 0.999819651671378 0.8467545254493981
0.9998727642571761 0.003185519806994557 0.015630347413696864 214.38459373145943 -0.0033558198803646704 0.9999351650052639 0.010881372102179194 0.48555975981313254 -0.015594671193845803 -0.01093244023330472 0.9998186275424663 0.8562805689303873
0.9998819484280782 0.003019994966816742 0.015065484992860449 215.85337292653173 -0.0031899022141984898 0.9999314410794023 0.011266661649901033 0.4873152153153914 -0.015030426857995532 -0.011313389026719651 0.9998230310896006 0.8550774947012908
0.999888551508426 0.0027815465030403357 0.014667909238645449 217.31450688701904 -0.0029441415690382795 0.9999343341563214 0.011075170688331151 0.49340698454556187 -0.014636139955711587 -0.011117120778584389 0.9998310822497926 0.8489862081931375
0.9998891757670116 0.0021482493359303197 0.014731639717177183 218.79379197428491 -0.002300328528232095 0.9999441619295659 0.010314141342838767 0.4848274659535049 -0.014708659783550604 -0.010346885897144574 0.9998382855640222 0.8460124885430272
0.9998952824399769 0.0020338702243871813 0.014327858395067831 220.27517091593117 -0.002201476820964937 0.9999292238803271 0.011691908736108411 0.49269212453231476 -0.014303064499802782 -0.011722226836104363 0.9998289912499624 0.841751552230423
0.9998953101854209 0.0020306645792536053 0.014326376742480957 221.76586062432978 -0.00217585823099092 0.9999463592757065 0.010126411616079488 0.5063501906869622 -0.014305044919872275 -0.010156523648680454 0.9998460935150041 0.8361186951255279
0.9998980188218822 0.001516443819943885 0.014200435000935568 223.2495146054403 -0.001694423653965337 0.9999200636401108 0.012529774875784466 0.5021977478059046 -0.014180299170177078 -0.012552558627543266 0.9998206601122755 0.8407847804245424
0.9998963945032072 0.0010616160645491707 0.014355250984162042 224.73408152325473 -0.0012271559089039165 0.9999328000350982 0.011527770918252469 0.5035313399837822 -0.014342048245004487 -0.011544192708888582 0.9998305042690177 0.831819176957726
