1.0 -2.1684043449710093e-19 -2.5135375298442207e-37 0.0 2.1684043449710093e-19 1.0 2.3183291766350204e-18 -8.673617379884035e-19 -2.51353752984422e-37 -2.3183291766350204e-18 1.0 0.0
0.9999996051917989 -0.0005752605321510217 0.000677267721610383 1.3273296131564947 0.0005753941083097035 0.9999998150465057 -0.00019704967556571635 -0.005147294397329037 -0.0006771542414461252 0.00019743929362565135 0.9999997512398984 0.014190926913472833
0.9999991949433092 -0.0005967494779263065 0.0011198226618697432 2.628292109638085 0.0005974884623972986 0.9999996039058764 -0.0006596935863360372 0.0026109771196390695 -0.0011194285465113297 0.0006603621363656997 0.9999991554004325 0.02238872817330788
0.999999102687649 -0.0008507388029438782 0.0010348272251406905 3.945302074349055 0.0008516251441557348 0.999999270680177 -0.0008563724235695839 0.016513246536891773 -0.0010340979211701802 0.0008572529400208179 0.9999990978790363 0.04486720063839641
0.9999991926527938 -0.0004347538950349128 0.0011940196027057659 5.264168903175195 0.0004363061011732933 0.9999990597775817 -0.0013000311298989736 0.020335264410390148 -0.001193453286464377 0.001300551038360054 0.9999984421169114 0.046480002644112776
0.9999984393077471 -0.0007602190512867688 0.0015948194456095 6.589148272387613 0.0007623749666455744 0.9999987959099113 -0.0013516520031534932 0.0164680539740106 -0.0015937899736997055 0.0013528657440623354 0.9999978147915115 0.048878376962113015
0.9999968954020754 -0.00045546794843979516 0.002449843904953583 7.923600367790106 0.0004613418143825177 0.9999970192899804 -0.0023976185861816464 0.024131290406044736 -0.00244874456426072 0.002398741357972025 0.9999941248277194 0.07345221278214903
0.9999965195034948 -0.0004382052582149752 0.002601721939069851 9.242646303615558 0.0004445571212913017 0.999996921130701 -0.0024413312115154095 0.034721412082559064 -0.002600644124534118 0.002442479328486293 0.9999936354521799 0.07682544319944562
0.999996958931809 -0.0009449233380073506 0.0022779918830049934 10.57246731911111 0.0009498398417038512 0.9999972200984548 -0.002158147269661761 0.028821868438878566 -0.0022759462666898777 0.002160304434038304 0.9999950765645516 0.09589414067944867
0.9999996418483159 -0.0008454502735571227 -3.894964596124937e-05 11.897643781156242 0.0008454635059846173 0.9999995844629356 0.0003409771491638943 0.04881559801727446 3.866135055219048e-05 -0.00034100995754658534 0.9999999411087527 0.10840306416593141
0.9999994146039681 -0.0007858215256107098 -0.0007438254170354936 13.22642583085375 0.0007877572053700024 0.9999962950718917 0.0026056248915683 0.045328559823377516 0.000741775105088337 -0.0026062093200776345 0.9999963287145976 0.12492977694580262
0.9999994684402175 -0.00048241055996790447 -0.0009112624946616831 14.574696804500892 0.0004887229826701983 0.9999758009566067 0.006939643437463304 0.08035327001487474 0.0009078926857043878 -0.006940085103552334 0.999975505174815 0.13322208636646415
0.9999999787838264 -0.00015565757459949986 -0.0001349187395916863 15.924872471317183 0.00015656629116874094 0.9999771275151623 0.00676165168589042 0.09536955719479003 0.00013386315136314832 -0.006761672666160711 0.9999771306702031 0.15273020043123467
0.9999964476497394 0.00017561598118845615 0.00265967045496767 17.25780439629337 -0.00019090948427652398 0.9999834447095249 0.005750987779603768 0.08681879240931868 -0.0026586164579890026 -0.005751475106395734 0.9999799259448311 0.1789760111773976
0.9999874640281202 0.0001133597361344568 0.005005890148544189 18.627766979366115 -0.00011734685522713875 0.9999996761483789 0.0007961990034276076 0.08476027006868771 -0.005005798270469609 -0.0007967764477658341 0.9999871534829674 0.19810583639961835
0.9999934043643947 -0.00024131423054762037 0.003623947454112726 19.97487184116192 0.0002445550549413004 0.9999995706001785 -0.0008938636828918511 0.07479386444086039 -0.003623730195963485 0.0008947440419614629 0.9999930339820204 0.21960864821976736
0.9999994484070392 -9.301781468938959e-06 0.0010502852441473284 21.324460326350497 1.1365921065040851e-05 0.9999980686834056 -0.001965324470592298 0.07830701079568962 -0.0010502649346952665 0.001965335323992335 0.9999975171972334 0.21205517120293044
0.9999999606113457 0.00024045121317585517 -0.00014477748894878577 22.67233846637539 -0.00024044625022053703 0.9999999705046815 3.429631238465323e-05 0.09420683556267752 0.00014478573126844795 -3.4261499829433555e-05 0.9999999889316208 0.25712863106314304
0.9999989395908693 0.000951467063728883 0.0011025096659039969 24.03993797040071 -0.0009538722662075096 0.9999971620924484 0.002183102093130174 0.0977385696747912 -0.0011004293873451197 -0.002184151431542313 0.9999970092643714 0.238570737002547
0.9999818053186939 0.001744575177222458 0.005774555309029051 25.43915382196749 -0.0017596914604532925 0.9999950360299366 0.0026136949802642207 0.10988005811342118 -0.005769966856925968 -0.002623808860582237 0.9999799113529898 0.25585562576150866
0.9999774633437599 0.00175787278490734 0.0064794048994821 26.809830501926232 -0.0017663263641121262 0.9999975960913945 0.001299193060291445 0.09584391855970077 -0.006477105507461876 -0.001310608524521768 0.999978164466375 0.27199384934060644
0.9999795325693047 0.0018353062873198776 0.006129118477102435 28.176455696365846 -0.0018167317873340257 0.9999937449380064 -0.0030347274135235176 0.09487173152944221 -0.006134649793388736 0.003023530336084814 0.9999766118946078 0.2976028716504987
0.99999095559571 0.0017965419135431576 0.0038550180195840553 29.53298806369913 -0.001783924111993891 0.9999930491436669 -0.003274031019129298 0.10387056149426777 -0.0038608731578597465 0.0032671243478717966 0.9999872096966813 0.2888984666458797
0.9999953230698277 0.002381663153602294 0.0019187285096325828 30.931328817154252 -0.0023755290177870127 0.9999920809658017 -0.0031929402705494787 0.10436965683728956 -0.0019263178233499183 0.0031883673421389015 0.9999930617825982 0.3307613480720446
0.9999954826339469 0.002952920639584023 0.0005612231251420453 32.30433659191409 -0.0029524989956974724 0.999995359630877 -0.000750643985706434 0.11774711086670188 -0.0005634371129779564 0.0007489835840594308 0.9999995607810088 0.3113424760392717
0.9999927306520185 0.003610077920445234 -0.0012271839828608302 33.686836016606456 -0.0036091596406728176 0.9999932059540704 0.000749674855126115 0.11903293311547529 0.0012298820299584904 -0.0007452403025760987 0.9999989660030073 0.35054768743923886
0.9999925774653033 0.0037494555834901317 -0.0008869031101279772 35.082913737033024 -0.0037486440290080817 0.9999925552465756 0.0009149422759477212 0.13135028378630148 0.0008903270427781342 -0.0009116108007088426 0.9999991881414229 0.3389492565041556
0.9999946521800139 0.0032089705542787082 0.0006309669996601799 36.47612708451206 -0.003209698719663229 0.9999941802224558 0.0011564408102542514 0.12462415915822092 -0.0006272523430647321 -0.0011584598397879327 0.9999991322622723 0.3771773299546778
0.9999943415631835 0.0029729880256986023 0.001574224829661415 37.881725415188825 -0.0029754179035914167 0.9999943823038219 0.0015434536263771133 0.1353162572941376 -0.0015696273169951657 -0.0015481288695847418 0.9999975697805915 0.3631659600164514
0.9999946293401598 0.0024460809936287524 0.002181279122240569 39.27294078639531 -0.0024538026088750517 0.9999907082585895 0.0035443263452189905 0.12656690714976052 -0.002172589145050763 -0.0035496597382486663 0.9999913398485756 0.3770036032738563
0.9999915898198298 0.0031525251981417185 0.0026233327055858687 40.6712491149751 -0.0031696678610813114 0.999973483105537 0.006556393172375871 0.14818141833562798 -0.002602593948264534 -0.006564653125293844 0.9999750656061804 0.4112951319760037
0.999991566299232 0.002868296151509695 0.0029394230039038695 42.096395380491245 -0.0028956815553194096 0.9999520476458915 0.009355075473717686 0.15027013625642108 -0.0029124489246727643 -0.009363508208786163 0.9999519200218004 0.42360022245655843
0.999991991761248 0.00260420455396214 0.0030388372798181027 43.48134971205324 -0.0026336128608645355 0.999949350330648 0.009713951647708835 0.15405132593098822 -0.0030133862465967338 -0.009721876977007018 0.9999482009641163 0.42975912405936384
0.9999924599219557 0.0023489618418704545 0.003092325581335101 44.910717910763346 -0.0023774823041988217 0.9999543744552155 0.009251842290683258 0.16634271265574646 -0.003070452267787984 -0.009259124480418782 0.9999524193364039 0.44462558960835913
0.999995540443042 0.0014585391930619664 0.002606100046179012 46.31173437496669 -0.0014817570432780346 0.9999590339822678 0.008929431858420309 0.15535708281718882 -0.002592969358301027 -0.008933253644209245 0.9999567358087224 0.46763562542990683
0.9999945432368047 0.0005468836904705606 0.003257977109082855 47.73961715430092 -0.0005754485915372163 0.9999613491263974 0.008773204217018792 0.16390242070699704 -0.0032530532631219575 -0.008775031142059598 0.9999562072775603 0.48936358717423856
0.9999916223725115 -0.0004816196109503049 0.00406487728508911 49.13790343933677 0.0004454112091237288 0.9999602608813739 0.008903834393642653 0.16684256217332974 -0.004069004011705109 -0.008901949258728392 0.9999520981055782 0.4982115180516857
0.999990338437824 -0.0014940183320400484 0.004134119039138534 50.569474924233056 0.0014537957012305562 0.9999517476544552 0.009715391956060509 0.17464431331788927 -0.004148434531883443 -0.009709287925709588 0.9999442585559009 0.5161978466265956
0.9999872120692488 -0.002686992600386204 0.004284363282515341 52.01993409487915 0.0026459087119103013 0.9999507416287953 0.009566267982365737 0.17966099874194993 -0.004309856733040324 -0.009554809615459035 0.999945063865087 0.5178356655693303
0.9999779551940451 -0.003672294579328449 0.0055320320370346775 53.43034335615306 0.0036138061333264248 0.9999378609129825 0.010545838895004832 0.1963473656486622 -0.005570415708623143 -0.010525614722727568 0.999929088437546 0.5445643182218052
0.9999703006211739 -0.004576951677661671 0.0062007571263266 54.88375640903287 0.004519729258758194 0.9999473625473553 0.009211090164334766 0.2031170082286173 -0.006242589448847746 -0.00918279085726826 0.9999383513142421 0.5535200174135376
0.9999616727772467 -0.004954128034828764 0.007218697385609355 56.2761682183581 0.004911157040663449 0.9999701888471875 0.005958351570885009 0.2109561877247402 -0.007248000624477172 -0.005922671047327356 0.9999561932677914 0.554163007469293
0.9999610802547539 -0.005251237173684877 0.00708960393049207 57.701784472854534 0.005215403289559997 0.9999735799769931 0.005063488572461073 0.23107316722394333 -0.007116006202413353 -0.005026316359115011 0.9999620485796376 0.5760681323580499
0.9999584908105725 -0.0050756442931656695 0.007566669733201017 59.15452331377009 0.0050446360998996995 0.9999788235214454 0.004111466318187858 0.25183706735073874 -0.007587377838336135 -0.004073124559261508 0.999962919989468 0.5960217410027517
0.9999544216639497 -0.005071236255172899 0.00808932367755241 60.558148499805064 0.005039709972495953 0.9999796450396394 0.003912905543210038 0.24334292570699395 -0.008109002288143402 -0.0038719593542777477 0.9999596251912622 0.611872460241217
0.9999524585084322 -0.004433033108713805 0.00868498361538274 62.01538726057721 0.004417662969861111 0.9999886433709629 0.0017881227547158216 0.2618608192921693 -0.008692811790619726 -0.001749670414181429 0.9999606860655147 0.6090197159150783
0.9999543017612511 -0.004324320117490869 0.00852611545138328 63.423374275609184 0.004331749676501442 0.9999902540229347 -0.0008531142283749838 0.2538818105929896 -0.008522343217037355 0.0008900082404056389 0.9999632881018298 0.6169241693561636
0.9999632985295187 -0.0037373417089129318 0.007709336606703382 64.83351203680266 0.003746382557357815 0.9999923110949079 -0.0011586064038212023 0.27494934525958853 -0.007704947222308674 0.0011874460054546265 0.9999696114184099 0.6364670718299437
0.999966306981339 -0.0028040511702188214 0.007715063132409458 66.28323216589412 0.0028169608319588337 0.9999946496527066 -0.0016629484754088109 0.28894695850883334 -0.007710358861523825 0.001684625476314884 0.9999688557166323 0.6435565771627991
0.9999690298284915 -0.002367893064802362 0.007505495739741743 67.65592739585762 0.0023672374899310227 0.9999971934594271 9.622855831113039e-05 0.29508553327151293 -0.00750570253419929 -7.845828720054125e-05 0.9999718287400727 0.6548957493865769
0.9999577487929244 -0.0017002901815752836 0.009033805526183368 69.12901421488674 0.0016722191830324323 0.9999937534065857 0.003113973476498292 0.31528168582894855 -0.00903904375420104 -0.003098735404463441 0.9999543457212947 0.6664193140597343
0.9999480737513023 -0.0009048392394127633 0.010150422011475197 70.49104421670744 0.000841790666625696 0.9999803387430464 0.006213977455368809 0.3259067558664873 -0.010155845092054286 -0.006205110256318487 0.9999291752005105 0.6741934893605808
0.9999361103998411 2.2736287592820144e-05 0.011303742809261845 71.94080317788053 -0.00014179358301829567 0.9999445283145885 0.010531865375846987 0.34961938919481894 -0.011302876316076684 -0.010532795297373639 0.9998806454823531 0.6921261693918195
0.9999417628227555 0.0003694622005719531 0.010785845381910457 73.30519526103373 -0.0005203460524968893 0.9999020052460825 0.013989608459448234 0.3535359420045004 -0.010779619794119897 -0.01399440611620812 0.9998439660239736 0.6863159091409847
0.9999454935106982 0.0010380036883997049 0.010389059437176435 74.6940875048589 -0.0012216876522567555 0.9998427765464601 0.017689818177296753 0.36673114262116197 -0.010369063936857536 -0.01770154615304448 0.9997895467431458 0.6954093201748917
0.9999434345818123 0.001902667278416236 0.010464582837186891 76.14401227594047 -0.0020997072921948735 0.9998201071367581 0.018850586047357672 0.38134769612657704 -0.0104268339401664 -0.018871492316967844 0.9997675469386446 0.69583266221784
0.9999386606836702 0.0021670500634793496 0.010861802988930047 77.51371870632714 -0.0023778734566125346 0.999808305956752 0.01943442969871253 0.3834184390264351 -0.010817605463885856 -0.01945906559709988 0.9997521313696288 0.702640498425872
0.9999337521090665 0.0023186358263396645 0.011274543050108195 78.91672565363203 -0.002530391590484893 0.9998199888104748 0.018803911652123598 0.38623803522302425 -0.011228914082970453 -0.018831194941555895 0.9997596199014993 0.7257541229473817
0.9999484272950234 0.0018649596781158692 0.009983219701500201 80.29160950058403 -0.0020426231503372872 0.9998392013977125 0.017815696423383712 0.38134765328558584 -0.009948388858258708 -0.017835169575405305 0.9997914463953677 0.7204639604425007
0.9999462031114881 0.0017845911217304073 0.010217931172542945 81.6876160200302 -0.0019655411060250055 0.9998409413737859 0.01772649432183941 0.3900923832410124 -0.01018467137806173 -0.01774562445533884 0.9997906607293403 0.738747522369198
0.999941404033242 0.001399141308266176 0.010734565833240147 83.07142116478065 -0.0015800606893713535 0.9998565444927648 0.01686398064531472 0.39987173878070204 -0.01070943080871093 -0.01687995374955599 0.999800167660101 0.7393178089900078
0.9999490264507895 0.0011412532492351601 0.010032050694615463 84.43528997879756 -0.0013130943009157885 0.999852248466788 0.017139341272797582 0.4108479753111478 -0.010011008114826742 -0.017151640648335374 0.999802781022135 0.7433505032101999
0.9999474823544412 0.00029371630103513537 0.010244328369840206 85.84304938482686 -0.00046597552913177603 0.9998584798564624 0.016816751348896052 0.4122530578716723 -0.010237939237017234 -0.016820641779042 0.999806106507817 0.7407018431244278
0.9999425463345014 -0.000798081947372842 0.010689578816709183 87.20087278735033 0.0006175977382302493 0.9998573859423513 0.016876799150365874 0.4209864646250347 -0.01070152340123092 -0.01686922765669297 0.9998004333641587 0.7491377007334701
0.9999253903132681 -0.0019661731835081226 0.01205603458317745 88.58083140131978 0.001776203676461011 0.9998744192458313 0.01574772486143081 0.4233107845008352 -0.012085483331586018 -0.015725135955661978 0.9998033112526773 0.7562494602012317
0.9999144184540242 -0.0030455722895764395 0.012723217249564522 89.9666113743363 0.0028812521887949705 0.9999124673085928 0.012913408019058567 0.4248903836869092 -0.012761432269742148 -0.012875644072087657 0.9998356683156256 0.7708513617464089
0.9999045298398257 -0.003959548717102049 0.013238322391977813 91.3404888783364 0.0038007642237207215 0.9999207976351665 0.011998026836446634 0.43408796536673633 -0.01328478065730595 -0.011946565640773272 0.9998403843475607 0.7776653360619988
0.9999081173994775 -0.0043203651853640215 0.012848782171775309 92.71503887546586 0.004179831512430393 0.9999313730371535 0.010944323851218981 0.44696002941227664 -0.012895183874622742 -0.01088961251366463 0.999857555140802 0.7862308814388739
0.9999085595989063 -0.004492084926546927 0.012755140683386946 94.03861142500675 0.004372173547722636 0.999946134576196 0.009413397080378685 0.45676137785156234 -0.012796739401460724 -0.009356768626880617 0.9998743392754683 0.7964380836741166
0.9999116692795439 -0.004808364468503147 0.012390854277811187 95.41482396150869 0.004698234226341576 0.9999493404579542 0.008901860078462318 0.4735853929796565 -0.012433029950512785 -0.008842858635086565 0.9998836050348108 0.7925735408796201
0.9999202205398418 -0.004548122842242583 0.011784190008903272 96.7771994648686 0.00444606919794384 0.9999525134041415 0.008671989704056693 0.47788454215084103 -0.011823071692295514 -0.008618904533178304 0.9998929590013157 0.7940926008244436
0.9999275744383818 -0.004403971535631073 0.011200487154047261 98.10910557990242 0.004294824896784473 0.9999432417824011 0.009750266294231764 0.49479534096493316 -0.01124279132958478 -0.00970145599463416 0.9998897346181246 0.8029001251538058
0.9999279820545136 -0.004097961631746742 0.011279956332051233 99.46869363787651 0.003969490315896253 0.9999272726141368 0.011388267167827221 0.5147010338117445 -0.011325804652220387 -0.011342671330799336 0.9998715267253395 0.8007678360770939
0.9999112977452725 -0.004071138217133119 0.012681580145304518 100.79415380893246 0.003923272704354644 0.9999242883022366 0.011663001095472749 0.5175056952552413 -0.012728101690827638 -0.011612213263746535 0.9998515649487505 0.8050757635510009
0.999891314223971 -0.003940160789811544 0.01420686004753889 102.14238131700212 0.003770888164433052 0.999921819902061 0.011922016868031333 0.5399061116203079 -0.014252724017227856 -0.011867148633969178 0.999828000528785 0.8057694633862854
0.999902057426619 -0.0037425540910158194 0.013485875681245126 103.48627448414021 0.003589033691187437 0.9999286900543377 0.011390067751314055 0.5492623530790007 -0.013527541948842719 -0.011340550916592354 0.9998441866179602 0.8202656724995682
0.9999309226281095 -0.003633270447406105 0.011178073087691176 104.80885735266008 0.003506832909662435 0.999929889497903 0.011310093353086054 0.5581472818421355 -0.01121838201531169 -0.01127011244699086 0.9998735582414362 0.8201872934305046
0.9999431363309185 -0.0037214420514731948 0.00999374673201447 106.13995298648632 0.0036215899873526863 0.9999435300802638 0.009991032808675342 0.5682730810157535 -0.0100303634355705 -0.009954271428791125 0.9999001471595413 0.8248142059768715
0.9999324187844186 -0.0033448123017544326 0.011134185852942185 107.49476429673197 0.0032451320330316546 0.9999546044496087 0.008958691763577855 0.575768718671061 -0.011163645552865673 -0.008921954421125346 0.9998978806594588 0.8327842788112694
0.9999111152560112 -0.002867604210492803 0.013020692515071226 108.81720185923498 0.0027916157739870796 0.9999789896031227 0.005850404574748028 0.5828675472118638 -0.0130371955899455 -0.005813535792421862 0.9998981119757853 0.8237228448615912
0.9999010294971986 -0.0019383867644408458 0.013934628347892051 110.17271621424985 0.0018710338950909966 0.9999865129892729 0.0048449016210993815 0.5949672740329192 -0.013943831704587403 -0.0048183499567955165 0.9998911706086259 0.8356800563902563
0.9999119954580336 -0.0013517285315524763 0.013197506170122518 111.48033589771674 0.0012986322189176708 0.9999910324613819 0.004030949166066013 0.6019696117116933 -0.013202836569973285 -0.004013455717509078 0.9999047841068219 0.8408538909420086
0.9999399975872675 -0.000601232701648006 0.010937995447708515 112.81940841374272 0.0005468107307269602 0.999987461133765 0.004977808079009757 0.6136793304338081 -0.010940851118646346 -0.004971528385231447 0.9999277882338876 0.8455722090798758
0.9999602729151693 0.0003964930075070146 0.008904795602089245 114.16629982379774 -0.0004722411366148569 0.9999637122334636 0.008505951127285425 0.614372918102395 -0.008901099916801216 -0.008509818421439878 0.9999241738305487 0.8556149491496393
0.9999622431033969 0.0018631194650583199 0.00848770602000553 115.47571460092412 -0.0019581234655023255 0.9999353764082983 0.011198605256396696 0.628207920322755 -0.00846629317452251 -0.011214802408141988 0.999901270169625 0.8511031073910927
0.9999353250882044 0.0033357033966758837 0.010872843399792364 116.84927991448407 -0.003465095667004746 0.999923147349811 0.011903466136648784 0.6396026318122159 -0.010832301360537767 -0.011940371723578976 0.9998700359398401 0.8575449547473603
0.9999091660961265 0.004182477152077528 0.012812745288240487 118.14091604396123 -0.004340209173644195 0.9999148393280208 0.012307586113753245 0.6444959077084167 -0.01276017794852384 -0.012362078162298862 0.9998421659853275 0.851995920515186
0.9998887267363267 0.0051355174866409125 0.014005734745162429 119.50941102312638 -0.005298738017330493 0.9999181933530386 0.01164173427883554 0.6389229414076106 -0.01394480265300091 -0.011714651584222356 0.999834140954003 0.8638094802288973
0.9998911388701006 0.006063989694510307 0.013451335920202112 120.83384305160723 -0.006225313893366009 0.9999088116418524 0.01198390036288205 0.6392548163107039 -0.013377439066664104 -0.012066334570336313 0.9998377106781152 0.866807382986571
0.9998840341935352 0.007414096196620266 0.013302230732045318 122.13700913162275 -0.007596385373145791 0.9998772145380008 0.013705866517343505 0.63228308505167 -0.013198980798681644 -0.013805325976442642 0.9998175833023544 0.8670800140405743
0.9998814342938502 0.008539882469773207 0.012813577247408147 123.50977237724116 -0.008737398958370873 0.9998426405562636 0.015438652302602536 0.6381701204212094 -0.0126797166338643 -0.015548779144384786 0.9997987098677432 0.8632466655068569
0.9998766997808042 0.009765978860177486 0.012296783821392598 124.84782185237988 -0.00996467546570803 0.9998190807960788 0.01620218870853813 0.6378452244298082 -0.012136328864636652 -0.01632272443517106 0.9997931176942071 0.865745056006837
0.9998739284022574 0.01081071430018451 0.011629950892301278 126.17774930196222 -0.011006366347599139 0.9997967265924692 0.016892761609813785 0.628573450580838 -0.011444964013049161 -0.017018635412492603 0.9997896673037968 0.8610493687071555
0.9998686493847405 0.011660222679011158 0.011257139272941927 127.51117325590614 -0.011847478951084655 0.9997901244273811 0.016713597457913378 0.6242855781790039 -0.011059892406264345 -0.01684477083718969 0.9997969456221619 0.8709767211856274
0.9998470325624161 0.012602553062152563 0.012127948402204967 128.83653873006566 -0.012801426190542796 0.9997825321951127 0.016462436181089564 0.6151024455133992 -0.011917842238383672 -0.016615173000724095 0.9997909286758592 0.8698754567913343
0.9998232346840672 0.01350019613058079 0.013086026529257964 130.21368456639266 -0.01370999891066981 0.9997767467244354 0.016077706272156406 0.6069699826097853 -0.0128660528429672 -0.016254273700788857 0.9997851085461825 0.8752112093274529
0.999808307859004 0.013926492928971834 0.013762279273953478 131.5361992590358 -0.014121872748003774 0.9997994028787264 0.014203052961650994 0.59008590540432 -0.013561719883708714 -0.014394679504649358 0.999804417351591 0.8706271930311762
0.9998050991918147 0.013885582664791696 0.014034038054128232 132.8821492873675 -0.014075866785770864 0.9998090861029825 0.013552170311356587 0.575930030839576 -0.01384317898008675 -0.013747070232526587 0.9998096741159025 0.8832746732182776
0.9997957936227533 0.013782022659302184 0.014779272839600396 134.20321945427435 -0.013948345279907275 0.9998398727838032 0.011210372679835713 0.5629877423247791 -0.014622404665490458 -0.01141422985079588 0.9998279355162626 0.867547784574855
0.9998020049878725 0.013210190200608261 0.014880917212785736 135.5343832087104 -0.013353682867483495 0.9998648944128501 0.009584992157257926 0.5429540122621088 -0.014752287148259659 -0.009781809425856325 0.9998433308415131 0.8809146893347956
0.9998234142446679 0.012001646139917159 0.014460318740170036 136.87694687027982 -0.012143900149792435 0.9998783311750921 0.009790226537965484 0.5321511783733482 -0.01434106053564284 -0.009964102390332203 0.9998475136970977 0.882892506731715
0.9998139791712275 0.011050703364366872 0.015807878065987702 138.21283853893743 -0.011183253769250725 0.9999028397965253 0.008321406249948959 0.5215381978840162 -0.015714384777295736 -0.008496641807027104 0.9998404198616268 0.8881182448586896
0.9998193351106197 0.010011450748783223 0.016157598610656423 139.55196534259656 -0.010129052090351304 0.9999226841828865 0.007213040984377422 0.5017572232651706 -0.016084136368153198 -0.007375398999108209 0.999843439767894 0.888642856643087
0.9998281825978116 0.008669331441621343 0.016384382060744287 140.9140489671533 -0.008766315852162023 0.999944423266696 0.005856798119690178 0.49999140328844177 -0.016332696946225887 -0.005999422488039092 0.9998486135112019 0.8885864079999761
0.9998451585746261 0.007455695026901636 0.015939620025170468 142.23316082824857 -0.007530360961668668 0.9999609302983906 0.004629421191070662 0.49527739397476367 -0.01590448171642062 -0.004748735457276156 0.9998622389973976 0.8737503223553493
0.9998578332925814 0.006434970109828634 0.015585389412850087 143.589042944465 -0.006502215790802206 0.9999697529156966 0.004267838273725064 0.48706461493770653 -0.015557454588537611 -0.004368571094355928 0.9998694320726678 0.8644779476314549
0.9998920350795543 0.005796977978963917 0.013502341677601998 144.9355141379857 -0.0058284000148505245 0.9999803949980705 0.0022889676209579403 0.4730480996374749 -0.0134888078692741 -0.002367417541185093 0.9999062193008159 0.8716180938315982
0.9999120499108444 0.004638460395519391 0.012424859285010739 146.2428789288397 -0.004630153969637986 0.9999890377225338 -0.000697215159323189 0.48666728062575465 -0.012427957085159454 0.00063962482764708 0.9999225653833247 0.88364117647109
0.9998722169034133 0.0037776876649334456 0.015533156168661858 147.61901011709887 -0.0036208210215934347 0.9999422908208355 -0.010114577752396877 0.4758211106217035 -0.01557046947858077 0.010057042501943822 0.9998281934294165 0.8722371541679295
0.9998520114693844 0.0023429359932121067 0.017043057576555595 148.9453879283165 -0.0020485807579376206 0.9998487936371185 -0.017268270882658268 0.4608251434398931 -0.01708093901119858 0.017230801296816315 0.9997056271769033 0.8730483914848771
0.9998996349685154 0.0015409035558129767 0.014083522501895299 150.2451080944271 -0.0012712810937548942 0.9998161300816445 -0.01913347519257476 0.4313068906618554 -0.014110415805722015 0.019113650744844515 0.9997177424258278 0.8800333366797978
0.9999365741865746 0.0014919867250735945 0.011163403586240593 151.64356200250114 -0.0012884465344101385 0.9998332112544049 -0.01821783681540485 0.45008235792632617 -0.01118872242684801 0.018202297885623064 0.9997717183648166 0.8864496543649104
0.9999585548302662 0.002520876200545119 0.008748360129017911 152.95534348372482 -0.002390725088247357 0.9998867868633365 -0.014855904202199014 0.45496573215241276 -0.008784819595067947 0.014834373572686339 0.9998513731077174 0.8847066531044165
0.9999536750274368 0.0033758108099681103 0.009013972514856625 154.3290918735374 -0.003239384391580585 0.9998806362667688 -0.01510693905214251 0.45690212842992045 -0.00906389474160376 0.015077039501734642 0.9998452523725739 0.8895668764781205
0.9999215861097924 0.003811721221315413 0.011928638355146447 155.65108008922314 -0.0035846526162767846 0.9998130687579666 -0.018999415948874655 0.45853422327613996 -0.011998828996927873 0.018955166106070037 0.9997483332222133 0.8791013705420498
0.999880420890476 0.00436535527291222 0.014835349447381052 156.99072556199368 -0.00395527804827258 0.9996123340028011 -0.027559707636934022 0.4553932116779227 -0.014949906201896547 0.02749773413962837 0.9995100674439157 0.867063079545726
0.9998623964960183 0.004439563280152042 0.015983690159684733 158.34675717599484 -0.003970911611117363 0.9995647107621948 -0.029233899156062036 0.4338502368806751 -0.016106518376606725 0.029166406648259514 0.9994447962689147 0.8764345120256145
0.9998559070310616 0.004315293985204217 0.016417777343911887 159.6753255671495 -0.0038131280479915403 0.9995276147708176 -0.03049602211845858 0.4266115766942042 -0.016541621129219055 0.030429024768814972 0.9994000446377997 0.8890172804295872
0.9998463175563129 0.005412306881415299 0.016674777458845907 161.03948566038054 -0.004917030256041856 0.9995496915563562 -0.029601299347400356 0.42945152595442354 -0.016827479981917075 0.029514759762102424 0.999422690793862 0.8711974766472459
0.9998449563046602 0.006545503884606164 0.016346856915897368 162.38027045386187 -0.006092914863313044 0.9996009036566238 -0.02758459347769141 0.42837493021322326 -0.01652088800884005 0.02748071665291286 0.9994858030365623 0.8549287244064716
0.9998635385465793 0.0074608792081705625 0.014739049038328086 163.73089257776755 -0.007097085201536595 0.9996726170386604 -0.02458231324992948 0.43562154208737996 -0.014917629394621728 0.02447435442492031 0.9995891507558133 0.8523744800908284
0.9998670236602327 0.008064186436471525 0.014174057074291658 165.0786988694754 -0.007732630680208394 0.9996987782313799 -0.023292900752156665 0.4332005200232951 -0.014357625834062837 0.02318020059887639 0.9996281993224305 0.8374841764890224
0.9998444219187346 0.00838142684216439 0.015520426607570173 166.42424308799198 -0.008030403143741437 0.9997136278835521 -0.022542733846088216 0.4335442386806996 -0.015704922264707762 0.022414591408188324 0.9996254005919736 0.8330111108117958
0.9998469445985059 0.008053888499393754 0.015531331464871182 167.7562249298085 -0.007722487037060559 0.9997437123123051 -0.021280810275300297 0.422001112877693 -0.01569874424897725 0.021157612626433734 0.9996528921865604 0.8241961653339397
0.9998815825858486 0.007666717584534151 0.0133432472471179 169.14603891241123 -0.007423474446173463 0.9998070854252039 -0.01818471777910968 0.4204375623944977 -0.013480090235815716 0.01808351113688525 0.9997456045375724 0.8356564965166887
0.9999177292635052 0.007006586618563887 0.010744414757066792 170.555180815051 -0.006845455736031846 0.9998646470195959 -0.014960861477362355 0.4236494760896004 -0.010847785040336202 0.01488608022064095 0.9998303506972487 0.8311330058080284
0.9999356212586028 0.006584450933807584 0.009241122446558631 171.90716348517327 -0.006498064490372268 0.999935200916827 -0.009347145302374158 0.4229485917784635 -0.009302069449911257 0.009286494135302772 0.9999136125339149 0.8320924148680761
0.9999225756443328 0.0069835993345019115 0.010299128950480699 173.25812636048212 -0.006920682992942921 0.9999572508233189 -0.006131938745725423 0.42751744927785224 -0.010341511674541387 0.006060186977749327 0.9999281610546229 0.8338808478053995
0.9998889419372149 0.007562376180404928 0.012841894649275584 174.62973780628732 -0.007547031821858564 0.9999707483162531 -0.0012429088915453868 0.43527205803428837 -0.01285091834683043 0.0011458526689206352 0.9999167669957856 0.8564385604182018
0.9998558053441303 0.007642844393688985 0.015164282021068305 176.05027598264536 -0.007647930526466343 0.9999707156644473 0.00027743863381953724 0.43382000096718554 -0.015161717524838103 -0.0003933740040320817 0.9998849771741698 0.8498607905964016
0.9998411804606022 0.006721654691134648 0.01650555098633856 177.4525393516333 -0.006680938318976385 0.9999745051620452 -0.002520731858156549 0.4279093738768338 -0.016522073669110283 0.0024100589486234438 0.9998605966321188 0.8411609775643721
0.9998515825388083 0.005422692632058069 0.016352593043884943 178.8538141055029 -0.005349315949059972 0.9999754426799093 -0.004527566233254692 0.4247872520985997 -0.016376743068077477 0.0044394190765908335 0.9998560365596362 0.8339031324410313
0.9999136378498289 0.0032765193302445777 0.012727185981186523 180.19143080778937 -0.0031837032073476212 0.9999682414340089 -0.0073061725454105185 0.4190252496862926 -0.012750720599585798 0.007265021985811164 0.9998923134916764 0.8252735240370415
0.999960921711412 0.0015838204563769765 0.008697503252372101 181.60718799422608 -0.0015451950567347814 0.9999889231064061 -0.0044459011152807905 0.42680446082725443 -0.008704448420187453 0.004432288038042475 0.9999522925622243 0.8362749584321765
0.9999671190014487 0.0009442048862328553 0.00805415377772237 183.001871989386 -0.0009398300646640093 0.9999994087860329 -0.0005469433554781156 0.4512210031866716 -0.008054665442582898 0.000539355835568706 0.9999674151990607 0.837445277075346
0.9999570451695627 0.000602600875955507 0.009249037135907703 184.3268931815098 -0.0006255584165985613 0.9999967304660127 0.0024794624320788584 0.46866603813266505 -0.009247512769632968 -0.0024851417402163125 0.9999541527380674 0.8317505902319562
0.9999255694385862 0.0009392147300529462 0.01216443416727411 185.77614649504983 -0.0010054698568473133 0.999984688586324 0.0054416562992944464 0.46286986995442686 -0.012159137028838257 -0.005453482245641866 0.9999112035166475 0.8377686048523503
0.9998899437958133 0.0013700637890955842 0.014772380350475968 187.14258556087188 -0.0014728924284511016 0.999974748153915 0.0069522401000382305 0.475376222193874 -0.014762482308186888 -0.006973233090050641 0.999866712685432 0.8467350913374999
0.9998816262535182 0.0015513098968938407 0.015307740467606745 188.5942693169789 -0.0016255115021441566 0.9999869849618098 0.004836074787005099 0.4790183153169785 -0.015300038986100755 -0.004860385230916227 0.9998711344280475 0.8318380011941413
0.9998695175997822 0.001410394529596777 0.016092189473463844 190.01434745387783 -0.0014829501010976116 0.999988785700389 0.004497703020363805 0.4757295244451362 -0.01608566547509402 -0.004520980063284796 0.99986039630815 0.8341218710400305
0.9998585689609497 0.001603426956835451 0.01674129915376215 191.35967836095864 -0.0016236715170759675 0.9999979669504412 0.0011957365048786515 0.47823314990927906 -0.016739347841726093 -0.0012227497612171479 0.9998591396376068 0.8296087287517836
0.9998541943757318 0.0019777991963008078 0.016961081911116654 192.82310922880097 -0.0019772148531688473 0.9999980439970039 -5.122100119190432e-05 0.4857324717445542 -0.016961150040044604 1.767782980137658e-05 0.9998561491918793 0.8272370429195216
0.9998396831914835 0.0023610951312097997 0.017749173088773343 194.19123615618417 -0.0023081811519347246 0.9999928328145078 -0.003001103028160398 0.47705986696743213 -0.01775613176690553 0.0029596535941149604 0.9998379669902915 0.8169567706029778
0.9998090705760517 0.002784144415018964 0.019340913466740276 195.6362124468199 -0.0026282566912763762 0.9999638962503026 -0.008080746418431761 0.47745933684632574 -0.01936271315225161 0.00802837068093866 0.9997802911658107 0.8055601086611673
0.9997932029459535 0.003219511677937298 0.020079494207446813 197.04777394734072 -0.002986031125419053 0.9999277132063986 -0.011646972994737069 0.4702854216339668 -0.0201155402907626 0.011584606440347091 0.9997305446631272 0.8061250024569949
0.9998586512755827 0.00330037561802393 0.016485902770327663 198.4625963957079 -0.0031403243922417004 0.9999477815617718 -0.009724839967972456 0.47149780946480724 -0.016517137526951695 0.009671694291650035 0.9998168044684208 0.8001286360584996
0.9999277858032416 0.0033888074023157347 0.011529924675236254 199.90439480499646 -0.0033481759690545732 0.9999881237556535 -0.0035414778452386095 0.4867542065444962 -0.011541789129370594 0.0035026178835380426 0.9999272567400367 0.7977075295857864
0.9999321477119514 0.004594085024286142 0.010704875289039361 201.35150271372316 -0.004667539840251895 0.999965666020352 0.006846959348027642 0.49255702115781336 -0.010673052234666382 -0.0068964601980662215 0.9999192591368228 0.7872827662346057
0.9998792349043684 0.005823138925351141 0.014408562041754606 202.78308398497262 -0.006009230324030092 0.9998986579894584 0.012905925065365526 0.5140216791311862 -0.014331948854492488 -0.012990950848037773 0.9998128977154156 0.7767182213680177
0.9998384473874289 0.006699977646664737 0.016679011524362776 204.20851217741998 -0.006942978105992328 0.9998699764539692 0.014554217291169081 0.5079230829374717 -0.01657932992962456 -0.01466766803118501 0.9997549626451532 0.7712718560641654
0.9998322836126703 0.006250490725824791 0.017214412901959558 205.69069914425677 -0.0065016946007351115 0.9998726325372982 0.014575550427060565 0.5052215740039693 -0.0171211160030982 -0.014685028723819092 0.9997455762933832 0.7726111248184582
0.9998327412148618 0.005040333509334747 0.017580802964882427 207.11142351219962 -0.005227262594797595 0.9999301249925622 0.01060287027762291 0.4955739253387175 -0.01752613250378906 -0.010692996328146133 0.9997892250414514 0.7687033201723206
0.9998453278122564 0.003833204668283326 0.01716470197738507 208.54976405185863 -0.0039804674199778005 0.999955496067919 0.008553464951738204 0.4873890029215662 -0.017131150898871076 -0.008620465505595941 0.9998160887099922 0.7595052518871771
0.9998533530085849 0.003456287737904657 0.016772792032419104 210.04134130246243 -0.0036104110532827914 0.9999514613711774 0.009167324237361107 0.49344370476473026 -0.01674029299374134 -0.00922653655059063 0.9998173001172586 0.7545174968202054
0.9998549730074725 0.003249662067505093 0.016717435469397034 211.50370492405207 -0.003418185831404195 0.9999435340687859 0.010062041524896216 0.49869916108615603 -0.01668379326917063 -0.01011772555833408 0.9998096232141787 0.74760808204197
0.9998450008283016 0.003100132128062706 0.017330998224050397 212.94789088215248 -0.003297170513366656 0.9999301263338025 0.011352141501572103 0.5007179111384779 -0.01729459410507428 -0.011407525185353904 0.9997853596567046 0.731914480801426
0.9998437208660343 0.0026883283534500048 0.017473028799486548 214.38808842792514 -0.0028790219989637857 0.9999364744978267 0.010897623648589714 0.5118598308634492 -0.017442622425917844 -0.010946225811705878 0.9997879450480417 0.7367229827051722
0.9998533242061347 0.00246999901222491 0.01694783699537278 215.8594116924165 -0.0026654560662207677 0.9999300902383519 0.011519981765629033 0.5098885892364675 -0.01691819783254603 -0.011563465778086883 0.9997900083724071 0.7345189702650831
0.9998616851813444 0.0021095981715065913 0.016497275589531377 217.33144236013743 -0.0022886288616182646 0.9999386177554372 0.010840797907873316 0.5140994667341409 -0.016473393222282397 -0.010877054605928879 0.9998051395141174 0.7228660824463893
0.9998611916108378 0.0015342768851207454 0.01659046427907959 218.79582095377773 -0.0017113636451737226 0.999941661894289 0.010665085211168695 0.5103016631587587 -0.01657313322910334 -0.010691997125294025 0.9998054873086281 0.7213906136526116
0.9998665775137777 0.0012989901104983519 0.01628311381700803 220.27657937121865 -0.0015081525468339954 0.9999164307126964 0.012839667701187097 0.5175009895968108 -0.01626507444742533 -0.012862512020373647 0.9997849784517396 0.7210760233074848
0.9998672539547098 0.0012221546988125925 0.016247486173562524 221.77431626234372 -0.0013966547860425375 0.9999414229911585 0.010733123581961669 0.5236196719659749 -0.016233416907002654 -0.010754390931578019 0.999810391649944 0.7061347437182376
0.9998686706769788 0.0008312382957108765 0.016184883118113082 223.2478314000702 -0.0010412354015857817 0.9999153336184033 0.012970791172307618 0.5294269843290953 -0.016172730984274814 -0.012985940000357018 0.9997848809293014 0.7093948606516209
0.9998687602924062 0.0004399409103693259 0.01619471035004818 224.71678236113237 -0.0006332401755130632 0.9999286015901065 0.011932758647278857 0.5329381109306083 -0.016188304364778 -0.01194144773674765 0.9997976498410786 0.6936236524573061
