1.0 -2.1684043449710093e-19 -2.5135375298442207e-37 0.0 2.1684043449710093e-19 1.0 2.3183291766350204e-18 -8.673617379884035e-19 -2.51353752984422e-37 -2.3183291766350204e-18 1.0 0.0
0.9999995587202348 -0.00028312362719757673 0.0008957680209293332 1.3148734051471291 0.0002833405295690109 0.9999999305713597 -0.00024202359407223532 0.0035639311869769584 -0.0008956994361395563 0.00024227729465754166 0.9999995695120236 0.016557894492900443
0.9999985845732249 -0.0002069454249765471 0.0016697380446390904 2.6120714631466027 0.00020946008612158202 0.9999988440640587 -0.0015059870578793782 0.007627888399815647 -0.0016694244573971704 0.001506334669739604 0.9999974719857264 0.022181811305372088
0.9999984702572203 -0.0007959881423670626 0.0015575256326504125 3.941772874096157 0.0007994265402293482 0.9999972423217445 -0.0022082269160777867 0.006382098599018165 -0.0015557636150549895 0.0022094686653864343 0.9999963489172302 0.04729450631728948
0.9999993190127903 -0.00021819547770776518 0.001146457452029775 5.257472230493452 0.0002223992114057559 0.9999932486162192 -0.003667868668773183 0.005032637942570549 -0.0011456493994991754 0.003668121142234774 0.9999926161601091 0.05576330351546651
0.99999825105724 -0.0005425632523058553 0.0017898345114903073 6.57947386410621 0.0005487658720535092 0.9999938400504294 -0.0034668021596373478 0.00791791507238141 -0.0017879425267451428 0.00346777829649534 0.999992388858639 0.06846147113755006
0.9999958509321634 -0.0003951244971633001 0.0028534181415154937 7.915712323702077 0.0004094187642637109 0.9999873626573934 -0.0050106787749773654 -0.002375270218650917 -0.0028514022399614303 0.005011826228260648 0.9999833754133733 0.08960619697467234
0.9999928319333026 -0.0001258854320952637 0.003784208618936712 9.235176252843447 0.00014450106826841903 0.9999878891223976 -0.004919423540700809 0.013776274428213284 -0.0037835435050912252 0.004919935100132743 0.9999807393330912 0.10284408174208483
0.9999963242180023 -0.0009653549007622518 0.0025337009293918407 10.568108143535376 0.0009768176541596575 0.9999892769738714 -0.004526783023770186 -0.004637776888032601 -0.0025293038082738893 0.00452924134810083 0.9999865442069988 0.10816627720329575
0.9999996224332294 -0.0008682730356965734 3.514732318516719e-05 11.897250497361545 0.0008683270501899375 0.9999983950662403 -0.0015671225470350657 0.014221261858173405 -3.378657652481896e-05 0.0015671524747131297 0.9999987714450395 0.1189959117046022
0.9999991830720301 -0.000919907267065231 -0.000887482897166633 13.231211352720702 0.0009208259609877075 0.9999990401003465 0.0010353153797035078 -0.004313793391724239 0.0008865296511306136 -0.00103613175121706 0.9999990702476538 0.1289038375779751
0.9999995288056255 -0.0006992624325375198 -0.0006733651144352369 14.577137037503007 0.0007022059230501421 0.9999901566281779 0.004381044806190571 0.016706181438220977 0.0006702949862038108 -0.004381515582838636 0.9999901764646635 0.14423627962398894
0.9999999689987558 -6.946972981142894e-05 -0.00023911596399078336 15.929046367153463 7.06199700417832e-05 0.9999884113723464 0.004813744263112694 0.015002594690157536 0.0002387787834515709 -0.004813761000242845 0.9999883852774116 0.1467312106085668
0.9999966510886281 -0.00010165516149823892 0.002586015807526672 17.275104470839622 9.420686791573025e-05 0.9999958478399783 0.002880178443915239 0.018645673262873242 -0.002586297854980081 -0.0028799251780032877 0.999992508519126 0.16249658878486017
0.999988350917936 0.00021055089739440458 0.004822208699990402 18.630830207682145 -0.0002013471618606071 0.9999981575491792 -0.0019090200541826213 -0.0012057307720663127 -0.004822601761193577 0.001908026877815706 0.9999865508824038 0.1705031781827977
0.9999964304680884 -0.00022819944361574638 0.0026621375049828266 19.981777917194865 0.00023813944317011446 0.9999929997857238 -0.003734122273707802 -0.009841460521995873 -0.002661266744824606 0.003734742904582264 0.9999894846220881 0.18030668415276005
0.9999999641033357 2.74531044335343e-05 0.00026653265166657995 21.3286309382527 -2.629924878261307e-05 0.9999906330692686 -0.004328173064109394 -0.008540568612990674 -0.00026664897686082956 0.004328165899133903 0.9999905978949365 0.18393906394822282
0.9999993889307304 0.0003535880282125656 -0.0010474319415050646 22.688636973814923 -0.00035638413168578994 0.9999963706984274 -0.0026705018861663044 -0.020139328701958708 0.0010464838825624048 0.002670873542427641 0.999995885644538 0.21088909401204461
0.9999993216117781 0.001135900368306874 0.0002578882257849063 24.050391426393098 -0.001135925002522557 0.9999993502867398 9.539647262700323e-05 -0.010861927442180373 -0.0002577796973431141 -9.568934959468503e-05 0.9999999621965873 0.20151540546374316
0.9999858365589388 0.0019206458281366841 0.004963647965187426 25.444550655739306 -0.001921547815080305 0.9999981381685566 0.00017695596854381166 0.003934031817429341 -0.004963298853968822 -0.00018649134914071441 0.9999876653666598 0.2160609458276514
0.9999780992000092 0.002266037272371816 0.006218214809457868 26.803747112044288 -0.0022612104570980513 0.999997136790707 -0.0007831587685486669 -0.0262779509937195 -0.006219971672367155 0.000769080924393488 0.9999803600405993 0.21700427152828486
0.9999817128077104 0.0021515705276468193 0.005651972613364026 28.188217726573974 -0.002123987052057867 0.9999858282311046 -0.0048818045797096 -0.012611055102541095 -0.005662396061769781 0.00486971058856116 0.9999721112059192 0.24787367241368105
0.9999943052061092 0.002159100206208757 0.0025938083295489714 29.54872982435093 -0.00214719122913949 0.9999871819669961 -0.004585354024646594 -0.02301733441655383 -0.002603675320848352 0.00457975850950523 0.999986123247127 0.2423860392332585
0.9999960238583578 0.002807316783584144 0.00026690813308524785 30.939746132908997 -0.0028058328935881742 0.9999814497524585 -0.005406242016821709 -0.018445507448495328 -0.00028208021582324966 0.005405471621218321 0.9999853505463487 0.27150885753030524
0.9999943756173993 0.0032043516704047827 -0.00099038575308974 32.317811108601745 -0.003206463637693788 0.9999925731274042 -0.00213828926326325 -0.03027588008970761 0.0009835265668483848 0.002141452872610895 0.9999972234236887 0.27720686338504275
0.9999891431717666 0.0034177491794153943 -0.0031674167933387746 33.71394258593297 -0.003422724612903959 0.9999929151310992 -0.001566730299170062 -0.048959863079956874 0.003162039661411686 0.0015775544848662018 0.9999937563940221 0.29833980339658794
0.9999893190684198 0.0037217972954446776 -0.0027404331719304885 35.10872455024023 -0.0037250714243172106 0.9999923531097421 -0.0011906153554185179 -0.031681626227797334 0.002735980987129052 0.0012008109478363776 0.9999955362205902 0.30775894371909546
0.999993625202291 0.0033961761251533563 -0.0011025164429262608 36.50116040739872 -0.003397871448045703 0.9999930422252843 -0.0015394708972261484 -0.03663610155466193 0.0010972804575587027 0.0015432072925530198 0.9999982072418179 0.3353986982431298
0.9999948648802657 0.0031684297770989012 0.0004809010779278249 37.90479012342025 -0.0031682084110498674 0.9999948752392536 -0.00046038103090265397 -0.03589130075339575 -0.00048235729839198136 0.000458855071950963 0.9999997783917052 0.343235107697859
0.9999954208906722 0.0029935037779429434 0.00044399641730882876 39.29042375960208 -0.002994437489450672 0.9999932748948073 0.002117429876100128 -0.05134862037216793 -0.00043765489705258217 -0.0021187496996744027 0.999997659676212 0.361721313803959
0.9999943630250124 0.003339169146770865 0.000351948304417549 40.686030875915286 -0.0033409978969167193 0.9999802126156444 0.005330301138164314 -0.04602115169661845 -0.0003341425631776202 -0.005331446949935004 0.9999857319092945 0.3922341521804914
0.9999942846288684 0.003316231577350858 0.0006582687316576667 42.118886241193756 -0.0033206991455938285 0.9999706401606465 0.0069059231020427835 -0.05815337294622164 -0.0006353477647317026 -0.006908069544544035 0.9999759371646828 0.4035496497264931
0.9999947601121858 0.003063174587190857 0.0010472390464308025 43.5013644952489 -0.0030717940933815413 0.9999605816074001 0.008330624972837144 -0.05023997689097752 -0.001021679607238712 -0.008333798224014049 0.9999647513677378 0.420903185628526
0.9999963222705424 0.00264742668742999 0.0005887081827032898 44.94253237771717 -0.0026518559706249383 0.999967185828835 0.007654732227268591 -0.06588503183761732 -0.0005684235223486152 -0.007656265244543645 0.9999705288143268 0.44271697173015284
0.999998566806663 0.0016739773316211811 0.0002533466260842999 46.33782517883245 -0.001675693312545296 0.999974570801915 0.006931796408434695 -0.07122616898120362 -0.0002417365136276283 -0.006932211005077355 0.9999759427176431 0.46490563691947673
0.9999991156989104 0.0008991213447531133 0.0009798888736103574 47.76941397992451 -0.0009050818505599171 0.9999809884885331 0.00609946623403506 -0.06408679038298767 -0.0009743860841591784 -0.0061003477199054945 0.999980917982666 0.47410210297739885
0.9999990975696996 7.629424247062641e-05 0.0013412825857533686 49.15642805088148 -8.518183466506242e-05 0.9999780350393651 0.0066273812977353025 -0.0850756285252899 -0.0013407474934984973 -0.006627489569897067 0.9999771391277701 0.4891716055068251
0.999998393538155 -0.0008343109987641489 0.0015864571429985645 50.58636996024509 0.0008225407702257314 0.9999722411635501 0.007405425648002204 -0.06737217698740834 -0.0015925915328628556 -0.007404108825788123 0.9999713210011102 0.5094395366116864
0.9999955127885551 -0.002206837516000228 0.0020259000302568905 52.04116266705897 0.0021911790933190857 0.9999679609993958 0.007699071950041187 -0.06337131448100383 -0.0020428257232623327 -0.007694598292885965 0.9999683095079441 0.5258469238557223
0.9999911328452632 -0.0033927437663924076 0.002494698495344344 53.4343326969433 0.003372489904830884 0.999961680255499 0.008078634317807852 -0.08337582504485881 -0.002522011635358102 -0.008070149337816149 0.9999642554346513 0.534656725730975
0.9999856400490666 -0.00415367986338866 0.0033862426450116303 54.89583411441327 0.004135211564550671 0.9999766377049482 0.005442799796342623 -0.07104737151682532 -0.0034087711825263652 -0.0054287188082585815 0.9999794544345029 0.546478022019784
0.9999825849034998 -0.0043570077108086155 0.003980750371828128 56.28386321229302 0.004345493145633023 0.9999863629718659 0.002896646271249664 -0.07601609250528185 -0.003993316796362633 -0.0028792975024200676 0.9999878814599987 0.5397241105949284
0.9999797536106327 -0.004982114485433142 0.0039586492737065 57.710660231532245 0.004976394117575937 0.9999865612296207 0.0014535686239746633 -0.06719819238079369 -0.003965837919624973 -0.001433839395499111 0.9999911080775584 0.5665091019712134
0.9999807550271926 -0.005202168658343169 0.003380387033465151 59.17960611965364 0.005197020192573673 0.9999853248660734 0.0015300436632871537 -0.07601770006418523 -0.0033882969710237604 -0.001512446277966827 0.9999931159512512 0.5805246075662542
0.9999792769353321 -0.0047191729998501755 0.004378938922599507 60.57162331701581 0.004723130417735541 0.999988446479356 -0.0008938382745555705 -0.06843613412054851 -0.0043746701529867515 0.0009145020511099402 0.9999900129236546 0.5841814155713043
0.9999791438384671 -0.004138859613686915 0.0049579964889657465 62.02934373749841 0.004147851975953144 0.9999897689556647 -0.001804801369167001 -0.06748154091666832 -0.004950475943986281 0.001825328763471636 0.9999860803845388 0.5947054415907491
0.9999815451538074 -0.004150838902712431 0.0044362020025659745 63.43803699862804 0.004166593775130538 0.9999850250902903 -0.003548110974099541 -0.08612990043488693 -0.004421407933779099 0.0035665293459063527 0.999983865379991 0.6060495986323892
0.9999877668419681 -0.003927057304846877 0.0030073887906344426 64.86566541038144 0.003940256188627808 0.999982576642911 -0.0043955422615084535 -0.09661370297086427 -0.0029900748454788177 0.00440733837243924 0.9999858173098702 0.6111994250662336
0.9999897635523923 -0.003086326380519239 0.003308682502653558 66.31088460194809 0.003099667891251255 0.9999870563140597 -0.004034756907838171 -0.07998552350447702 -0.0032961870994227247 0.004044971423176295 0.999986386585733 0.6329274880448785
0.9999927956645546 -0.002547036150616303 0.002814467238367482 67.679799523896 0.002555711309536003 0.9999919815096024 -0.003083059552000192 -0.08979497135180983 -0.00280659200645551 0.0030902303063563953 0.9999912867210208 0.6357540354042024
0.999991019454906 -0.0019806124752580045 0.003746756431986892 69.15742019408114 0.001983901818735275 0.9999976497721387 -0.0008744048105656422 -0.09226635548395827 -0.003745015769179304 0.0008818301548335874 0.9999925985888428 0.6391067897014336
0.9999858695965517 -0.001381370255321157 0.005133461156586893 70.50094926195374 0.0013671318672857059 0.9999952120491064 0.0027761176704471048 -0.07857160376189894 -0.005137271424202189 -0.002769060324447758 0.9999829702286103 0.654508303618459
0.9999820366910817 -0.0005243797639458055 0.005970872718414008 71.95047678836416 0.0004830009305765762 0.9999758744314757 0.0069294491199965525 -0.060043717298667136 -0.005974362330608908 -0.006926440707082028 0.9999581648318464 0.6758744426138248
0.9999839426925351 0.0001925277206241803 0.00566368167974029 73.3212436373993 -0.00024990165464750495 0.9999486469989863 0.010131185224817148 -0.06778631893750683 -0.005661440298690695 -0.010132437908684172 0.9999326386291083 0.6702568912699758
0.9999871674254397 0.0008364938463621425 0.004996525041545322 74.71543510938672 -0.0009090686482800181 0.9998938682626062 0.01454048847305089 -0.05413980989710072 -0.004983831722530923 -0.014544844065414031 0.9998817974803194 0.6926865714104449
0.9999845193454252 0.0016615732415829522 0.005310390179811015 76.15975168576028 -0.001747383076940032 0.999867321023893 0.01619527711666875 -0.06071859918388525 -0.0052827759635821515 -0.01620430568911011 0.9998547458282391 0.7011265701184145
0.9999830719110611 0.0018368357383875048 0.005521043903817055 77.51367218083558 -0.0019273306765178835 0.9998631521717838 0.01643053028869119 -0.06765337299179236 -0.005490108175714405 -0.016440893028495378 0.9998497665892834 0.710505379219113
0.9999829403973208 0.001805104874038351 0.005555223732867511 78.9388955699015 -0.001890100589451297 0.9998806543805417 0.015333118251076782 -0.0648119600993737 -0.005526882854760657 -0.01534335660582361 0.9998670086436378 0.7307272080746463
0.9999886171216764 0.0019111337384225878 0.004371864008777171 80.2899632109234 -0.0019737797204546796 0.9998947951893853 0.014370203436011829 -0.06420690700666837 -0.004343940687037536 -0.01437866895825574 0.9998871856656112 0.7345366233692928
0.999989446378072 0.0014186568270302706 0.004369730573419305 81.70096550304253 -0.0014788560392601277 0.9999036248479763 0.01380412984192451 -0.09138007195669666 -0.004349726116929529 -0.013810446360805551 0.9998951702323714 0.7480409279340053
0.9999881879102402 0.0011914648173897541 0.004712159970000148 83.11262218837128 -0.001255650337860173 0.9999061574660917 0.013641832854296264 -0.07647878674037367 -0.004695464005077777 -0.013647588541000484 0.999895842548009 0.7627019028303184
0.9999923593775947 0.0009871164936598707 0.0037824314216471683 84.45430270562372 -0.001040975655747975 0.9998977237464356 0.014263885038130723 -0.07983724191092449 -0.0037679644525471906 -0.014267713472200584 0.9998911114697236 0.7747952159172783
0.9999912400826654 0.0002545579668369216 0.004177913136335512 85.87767257519182 -0.0003128431299441167 0.9999025604443926 0.013956064843785816 -0.0764447582680095 -0.004173953414844462 -0.013957249621233672 0.9998938810173315 0.7837436205156522
0.999988144984878 -0.0008298787309273534 0.004798040328574715 87.21104942441505 0.0007669702578211365 0.999913919557732 0.013098291160196063 -0.07829861161760009 -0.004808497304386552 -0.013094455925528442 0.9999027020553991 0.7961095213734781
0.9999801559659041 -0.002057969539215039 0.0059541948054981355 88.59835779931976 0.001988445045961241 0.9999300543609108 0.011659008194750102 -0.08121424541550364 -0.005977772219259457 -0.011646937243830278 0.9999143038741536 0.8062014830484009
0.9999700888730331 -0.0032043057872147493 0.0070394448417731995 89.99834842831437 0.003138219906709551 0.9999510916677707 0.009379011048638652 -0.0728744232143163 -0.007069153773647674 -0.009356639185913715 0.9999312378199159 0.824180899544585
0.9999685683205803 -0.003918346719661492 0.0068926721867005524 91.36655805311982 0.003865897144160888 0.9999635980634863 0.007606404354024335 -0.06810121711828052 -0.006922225809634214 -0.007579518910238939 0.9999473154536341 0.8327545525408131
0.9999717852506255 -0.004403206584831115 0.0060860886001068495 92.74288479343795 0.0043660416711301985 0.9999718244366127 0.0061063911632071345 -0.060212300715111515 -0.006112804822911105 -0.006079646756468625 0.9999628350656405 0.8322353591488006
0.9999727613471274 -0.004492352854550509 0.005856221446566469 94.08786022144756 0.004461918583337099 0.9999765271345635 0.005199659840160738 -0.05102015288242697 -0.005879442690994124 -0.005173388225130723 0.9999693336337446 0.856673754016989
0.999974581767996 -0.004717080804543869 0.005346491055339556 95.47662804724675 0.004692225600585415 0.9999781710440132 0.004651930178257165 -0.03020826896789087 -0.0053683178775695605 -0.004626724992213462 0.9999748869741738 0.8549684026340245
0.9999774580701143 -0.004708550502180312 0.004786742504176306 96.81688655662792 0.0046875080131741345 0.9999793433233662 0.004397748878208013 -0.019838801198858783 -0.004807350648673217 -0.004375211850615818 0.9999788732273313 0.868664390931118
0.9999805111736112 -0.0045291214972327356 0.004297014245552201 98.16606768146484 0.0045014763635342495 0.9999692495838398 0.006421572804304406 0.00236802010880358 -0.004325966194009923 -0.006402104747326756 0.9999701490901078 0.8875880567595459
0.9999821513573203 -0.004184768950644333 0.004264349377726353 99.5274986822858 0.004153432670002285 0.9999645022280643 0.007330980891749846 0.02871240010339436 -0.004294876464038251 -0.007313138355669663 0.9999640353750476 0.8908507663280626
0.9999771810161215 -0.003869166232411887 0.005537779312778941 100.86264203190531 0.0038262064599462004 0.999962669317579 0.007747265026317354 0.03649075302745005 -0.005567548039931471 -0.007725899554621305 0.9999546554143818 0.9031997179858822
0.9999711358249547 -0.0038450441769089113 0.006553102488722505 102.20934396805629 0.003796070992697293 0.9999648982888981 0.00746940660909852 0.059517033727955755 -0.006581592661999405 -0.00744431496856906 0.9999506311877004 0.9021841281351045
0.9999762105982365 -0.0036529412774129336 0.005851004838061944 103.55273685438343 0.003608571252158536 0.9999647905467413 0.007576006885550008 0.07163680307624502 -0.005878473535650772 -0.007554712889023575 0.9999541838814692 0.921103555519207
0.9999895269530654 -0.0033058866679255812 0.003164979861433383 104.87630256085964 0.0032811011630136788 0.9999641606904867 0.007804595423771523 0.0881589134852371 -0.0031906675387005246 -0.00779412906677308 0.9999645349674897 0.9281432610258327
0.9999913532960919 -0.0035725103472749402 0.0021284977964479744 106.20795750750561 0.003556846297644266 0.9999668966396028 0.007318091921871884 0.10097967064406362 -0.00215457129513151 -0.0073104579049910225 0.9999709570921316 0.9442155262372182
0.999989151663241 -0.003422183734338313 0.00315993897408259 107.55289189520214 0.003403640828213493 0.9999770670125675 0.005854970371866598 0.1172540039683191 -0.003179903291613445 -0.0058441515578694396 0.9999778668088732 0.9568675371383836
0.9999835181045811 -0.002743736769787433 0.005043354808353297 108.89874713950569 0.0027330299791346207 0.9999939997494377 0.0021286174514687436 0.12439908038941301 -0.005049164912931179 -0.00211479872793188 0.999985016667761 0.9621327148212081
0.9999821421611845 -0.001941683779922392 0.005652010511956897 110.22475855253566 0.0019327512087532288 0.999996875394747 0.001585456876703197 0.14188560682735052 -0.005655071307556422 -0.0015745046337209733 0.9999827704034029 0.9767511950223848
0.9999884712976982 -0.0011516640010441653 0.004661645816788014 111.57341583344193 0.0011475001596768326 0.999998940402316 0.0008957888305280102 0.15373543310203258 -0.004662672525067559 -0.0008904292639261368 0.9999887332468551 0.9912588568425386
0.9999976662887864 -0.00037890622176170674 0.002126933721622038 112.89101245589912 0.0003735677579516774 0.9999967807440442 0.0025097706425535023 0.16800455877502812 -0.0021278778421896455 -0.0025089702316119116 0.9999945885874911 1.004439987962384
0.9999998466006187 0.0005267989256320181 0.00017111876334629297 114.25143870716252 -0.0005277107730975707 0.9999854253581838 0.005373136193347021 0.18504085786994812 -0.00016828570697767942 -0.00537322567032615 0.9999855499585064 1.0283530609731817
0.9999977703203783 0.0020850029910780433 -0.00033483846731394303 115.56067787984396 -0.0020825168445652797 0.9999714692061418 0.007261122316993797 0.20433646315823523 0.0003499683758561719 -0.007260408820268946 0.9999735816439844 1.0339619401428546
0.9999923125255481 0.0034780423830255125 0.0018105554364645628 116.9097964004795 -0.0034949300908772994 0.9999496240459644 0.009409295084876609 0.21239664165644637 -0.0017777383009075223 -0.009415550515837135 0.9999540924737581 1.051480190124358
0.9999814938663709 0.004503880261383684 0.004089863979658138 118.2314427508815 -0.004537308038074047 0.9999560759233682 0.008201162094891756 0.21508267151936716 -0.004052747284079691 -0.008219567295799647 0.9999580060947165 1.0630616635708607
0.9999743853789027 0.005401608477777967 0.004695871797478103 119.57887793187682 -0.00544102486611147 0.9999497314672458 0.008421982366960623 0.21363908999412978 -0.004650143491539771 -0.008447316996291558 0.9999535084198026 1.0762381158605687
0.9999711524733204 0.006387044998126263 0.004110946043349426 120.9059844148222 -0.006423172904906139 0.9999403335135237 0.008835850988826086 0.2135488632429194 -0.004054265779780556 -0.008862001413618122 0.999952512802449 1.0886507897017832
0.9999615164054168 0.007775887560942296 0.004062176857183108 122.22638085780825 -0.00781632305535604 0.9999190990922874 0.010034957118132109 0.21189198857249084 -0.0039838175251585995 -0.010066322223534449 0.9999413974602803 1.1043471146748303
0.9999537347892121 0.008831127272731814 0.0038130659840562788 123.60492436330608 -0.008876510503542467 0.9998879499803521 0.012053839445148061 0.21613408859893293 -0.003706189739672669 -0.012087128491983505 0.9999200795475766 1.109413845923405
0.999945388534186 0.010073892109721486 0.002781482873848852 124.94131117094375 -0.010111091660744843 0.9998550196683342 0.013700564567303283 0.21675090191998844 -0.0026430616042459926 -0.013727940187680062 0.9999022741666106 1.126721060713783
0.9999384324968421 0.010938343488595266 0.0018665094384674966 126.30707087168732 -0.010963274265572582 0.9998430790871077 0.013914877613174918 0.21401565817700072 -0.0017140108331678183 -0.013934483963796726 0.9999014413048551 1.1385022146452353
0.9999272062350727 0.011958589427006163 0.0016044842906121984 127.64647778397459 -0.01197916849134778 0.9998371635634203 0.01349614314203358 0.20167585248931733 -0.0014428281874240823 -0.013514381094621237 0.9999076356096351 1.1592485732245574
0.99991680097176 0.012665406811828851 0.002445118543691331 129.00360860240704 -0.01269611472627237 0.9998351399786377 0.01298081410217067 0.205596764329185 -0.0022803081500432686 -0.013010777616601644 0.9999127561245291 1.1825445075465126
0.999901688045423 0.013570970849462195 0.0035274628441182994 130.35047169555435 -0.013611848665357446 0.9998373122209623 0.01183497641202518 0.19066859702620914 -0.0033662768491308863 -0.01188182818276855 0.9999237422619838 1.195255209983883
0.9998977744616273 0.013749116186177582 0.003924593072357577 131.70704538591136 -0.013791070449906956 0.9998458011167584 0.010871079294785571 0.19005469493709926 -0.0037745201721954853 -0.01092409233240007 0.999933206371397 1.2239653638550443
0.9998949431500267 0.013832050226847779 0.00433324930355479 133.06955081137082 -0.01386831767186679 0.9998680875873315 0.008454418336257815 0.1744766266028485 -0.004215735755118564 -0.008513625019592144 0.9999548718622598 1.2341784662882793
0.9998978533183658 0.013558723391855937 0.004521498568741759 134.43543135545895 -0.013591879095001655 0.9998803569543653 0.007384619115295642 0.17643518621206183 -0.004420831594943656 -0.0074453204628324434 0.9999625110228958 1.2565996857720756
0.9999048755244891 0.012941399791802482 0.004770751909787824 135.76140753103914 -0.012968822034381072 0.9998992960925469 0.005762580035889599 0.1595971221801393 -0.004695695624352311 -0.005823902905974317 0.999972015907218 1.2755389084381754
0.99992228685664 0.011709408902494478 0.004279017473851103 137.14594291066388 -0.011732392591024047 0.9999166663447655 0.00538621667415735 0.16610735531705373 -0.0042155914742090525 -0.005436001207235855 0.9999763390597787 1.3097265245416916
0.9999294073681241 0.010591887967829672 0.0053844395910024835 138.48409752701357 -0.010606338517357553 0.9999402070105501 0.002662327356563556 0.15671629498992187 -0.005355918566168415 -0.0027192486048969755 0.9999819597489433 1.3159145256059759
0.9999406258422595 0.009538286872960983 0.005269333327808914 139.83338254040487 -0.009549845925878065 0.9999520384164807 0.002172857454423314 0.16340469934727236 -0.005248355264504079 -0.0022230497642547367 0.9999837562764524 1.3526371906256942
0.9999507995844329 0.008124352037872172 0.005691512489481552 141.19235848495805 -0.00812745612523983 0.9999668351900343 0.0005224719695721928 0.15548859643259164 -0.005687078985340696 -0.0005687037817786834 0.9999836667209235 1.3575704089350935
0.9999623442074288 0.0069808037339666945 0.005155438527562376 142.54596901953522 -0.006984878827912311 0.9999753067698384 0.0007728637184505586 0.17225356965133776 -0.005149916013200622 -0.0008088447290744647 0.9999864119753135 1.3946187346536738
0.9999717797863416 0.005909288282787188 0.004638959250466217 143.89040954707286 -0.005913354457573308 0.9999821433156427 0.0008633011715135095 0.1634111434514102 -0.004633774918537793 -0.0008907086193322431 0.9999888673221117 1.4003673563158932
0.9999845720190182 0.004976962328349033 0.002466894793679933 145.26830239119886 -0.004974008944246973 0.9999869072499761 -0.0012019000167366727 0.16855182894542511 -0.0024728443063488045 0.0011896111170777923 0.9999962349261254 1.4307053113662973
0.9999899783358759 0.004170944970392501 0.0016267900505287525 146.58324033718196 -0.004162089291994091 0.9999767065147338 -0.0054095693610090164 0.16564663037198762 -0.001649315173036969 0.005402744302672196 0.9999840449294478 1.452115855735052
0.99998853303391 0.002916802992677581 0.003798165477013142 147.96550128363495 -0.0028627089012589276 0.9998954947336133 -0.01417055077156037 0.17471257433225262 -0.003839101253616563 0.014159515236215696 0.9998923789237719 1.4804145043826722
0.9999833019540588 0.0013542402764022995 0.005617993087506732 149.28285774619468 -0.0012310046431449762 0.9997598103375429 -0.021881642109511802 0.17311542696359655 -0.005646276704701879 0.02187436095327071 0.9997447833783679 1.5000626900649536
0.9999951871269144 0.00039728314729685045 0.0030769935177204157 150.60591029018343 -0.00032128890685090506 0.9996958739728011 -0.024658798332350483 0.149305064923556 -0.0030858542489161896 0.024657691048799977 0.9996911902061038 1.5152034145588202
0.9999995992870724 0.0005975413100658774 -0.0006666108890760499 152.00590241081346 -0.0006127226219857471 0.9997350235103463 -0.023011026438556115 0.17645702996483445 0.0006526842139786422 0.023011425665312144 0.9997349890306764 1.5537585001444607
0.9999945202215098 0.0014451224723797333 -0.002978447245154422 153.3315847092311 -0.0015050000140982627 0.9997948184842261 -0.020200393735047385 0.1855762823998711 0.002948644079896573 0.02020476560451025 0.9997915147394265 1.5663904273343325
0.9999940799786579 0.0024244610796535747 -0.002441719908330158 154.68497792064602 -0.002472913331726491 0.9997961220841444 -0.020039934260384445 0.1881813415609185 0.002392636054911026 0.020045853785259585 0.99979619875189 1.59054313040119
0.9999960416267537 0.002813351618731843 4.223142620672116e-05 156.02270139304244 -0.0028115528527149626 0.9997134937279696 -0.023770267747193888 0.20252667691486712 -0.0001090934478824934 0.023770054919715157 0.9997174463755913 1.6188707682405445
0.9999893272200935 0.003292070875425158 0.003241560620438736 157.3740048214143 -0.0031909261944324235 0.9995226834298536 -0.03072821666166693 0.1983821941436928 -0.0033411728369670945 0.030717545125478984 0.9995225204994321 1.64029907427902
0.9999838482749432 0.003276518948601297 0.004644094402020609 158.7129783228056 -0.003118403295679401 0.999428666518732 -0.03365436229487427 0.18472404935758055 -0.004751710231160814 0.03363933655957881 0.9994227415291842 1.6569042007067947
0.9999855099329933 0.0032444651051745394 0.004295738613176204 160.0814990378774 -0.0030919224842586583 0.9993806757266028 -0.035052888605505254 0.1831020581523979 -0.004406806031897027 0.03503909859599601 0.9993762262682545 1.6838681608725363
0.9999786946284154 0.004240284704504086 0.0049628897705984625 161.4303440812662 -0.004068675412727984 0.9994104093024344 -0.034092222842261335 0.18561842027994685 -0.00510452442801726 0.03407130410719982 0.9994063688344188 1.6890076191244243
0.9999770977764041 0.00544497240268787 0.004019477355821052 162.78759479829472 -0.005315299998929517 0.9994865942917068 -0.03159581328414442 0.19146040768383932 -0.004189452064574863 0.03157372494177879 0.9994926454880493 1.7016047747124532
0.9999782781198925 0.006302895762820587 0.0019278986949108532 164.13388159570155 -0.006246531299993943 0.9995894067558867 -0.027964240524867373 0.1939004662211109 -0.0021033628058460705 0.027951590409446416 0.9996070650302995 1.714033483082405
0.9999743323325019 0.007091567917552449 0.001021929859589858 165.49139608932026 -0.007066254042152552 0.9997116984896443 -0.022947504368938054 0.19625559977513612 -0.0011843690214385163 0.022939694144024875 0.999736149042636 1.7367776654589215
0.9999699284194988 0.007292086609367056 0.0026396457307818794 166.84909486079974 -0.007234089372973582 0.9997458495538483 -0.021351914452764353 0.19685820315220257 -0.002794674873107072 0.021332176933820567 0.9997685372223002 1.7524134452500357
0.9999693789803915 0.007391689096785906 0.002569831486040949 168.17924399342235 -0.007333687802430389 0.9997334687795272 -0.021890829707228037 0.16906611635942834 -0.0027309567529850793 0.021871313045878846 0.9997570642615448 1.7653368916813053
0.9999769036568249 0.006796421754408147 2.8359220292659295e-05 169.55630900190295 -0.006794701284600824 0.9998018417166353 -0.018711208792513388 0.17764086926711029 -0.0001555228671669595 0.01871058393958334 0.9998249296058174 1.7864981676633325
0.9999781343216696 0.006113815684894915 -0.0025203444852084818 170.95146184496974 -0.0061499757351610685 0.9998745260991706 -0.014598282652968638 0.1797774846608045 0.00243077703829824 0.014613463509044251 0.9998902629825235 1.8063201662615342
0.9999721652080247 0.006297583078506436 -0.004001156900725563 172.29502997386274 -0.006338441209803098 0.9999270464777239 -0.010282309340101442 0.1548226416217845 0.003936111304928285 0.010307384231946383 0.9999391305765016 1.8233100257747448
0.9999748117380313 0.006440132675076741 -0.002983384087964437 173.66021420787783 -0.006452877431266687 0.9999700112567613 -0.004282167676467636 0.17017990496895477 0.002955716892051665 0.0043013112279564345 0.9999863811369505 1.8553127307610076
0.9999739712718635 0.007187674583538929 -0.0006277840867538163 175.04929210685273 -0.00718872988468207 0.9999727238024636 -0.0016952326469404232 0.15993792013010535 0.0006155821825814565 0.0016997014924163027 0.9999983660353717 1.870078567529921
0.9999703928310252 0.007610370051633691 0.0011383009453625273 176.40448506590664 -0.007607364565724233 0.9999676266801414 -0.0026217543838844746 0.11976111416514607 -0.0011582166158277817 0.0026130172908825394 0.9999959153291119 1.8798624197610332
0.9999764199842294 0.006341591134561111 0.0026350896391186536 177.80401618546617 -0.006331033157232301 0.9999719750303097 -0.003995894536130244 0.1007541043336834 -0.00266035612017635 0.0039791174729965255 0.9999885444991107 1.8967640860817994
0.9999834589501162 0.005165858387906644 0.0025289787024212157 179.1810927244313 -0.0051486989097986845 0.9999639954560595 -0.006745271758047621 0.05695681179031519 -0.00256373276638642 0.006732139234282931 0.9999740524511787 1.8962957581535216
0.999996377871584 0.0022582374346395272 -0.0014644478142923404 180.51336059203814 -0.002269045869640762 0.9999698868460087 -0.007421376693155244 0.014309427508486528 0.0014476444844847523 0.0074246727112401625 0.9999713888709904 1.9110797813162872
0.999981688184307 0.0006899543602090273 -0.00601225906329772 181.9203822589247 -0.0007192331615628164 0.999987887456142 -0.004869049667178759 0.031318441204774165 0.006008826817498187 0.004873284722132884 0.9999700721003075 1.9360992129908985
0.9999798774266617 0.00045699865436475695 -0.006327392352979325 183.31441119249803 -0.00046760585614467095 0.9999984878319446 -0.0016750159962115284 0.06267926778762402 0.006326617304842426 0.00167794101629768 0.999978578984282 1.9548933317223842
0.9999854750266818 0.00012593630368617307 -0.005388309169782774 184.65002706545096 -0.00011671973069909705 0.9999985298438242 0.0017107561762992058 0.06907840825777582 0.005388516694436121 -0.0017101024056161707 0.9999840195911114 1.9695110167329957
0.9999971526214643 0.0003926094773808057 -0.0023538493499472056 186.14016232007089 -0.0003831146662276978 0.9999917947082552 0.004032832666412797 0.042115088855621166 0.0023554133642520905 -0.004031919389203569 0.9999890977675319 1.9733405548399199
0.9999996007075452 0.0008756214659111313 0.00017852674413885487 187.50088137323323 -0.0008765042744363283 0.999987083996705 0.005006353965081232 0.05563098486284586 -0.0001741407672890649 -0.005006508445536207 0.9999874521953652 1.9967099186608415
0.9999987586727848 0.0014295541821154605 0.0006625916767295963 188.97667555113577 -0.001431989452355824 0.9999921681513981 0.0036895856236429294 0.015040052675318629 -0.0006573120248533474 -0.003690529867952177 0.9999929739404151 1.9948423994722553
0.9999985668431605 0.0011724570983650524 0.0012213336880338111 190.37071609666359 -0.001174848967332907 0.9999973899740249 0.001959534394204719 0.01896466748029538 -0.0012190330303111852 -0.0019609664685067553 0.9999973342809372 2.0078854387436484
0.9999980161922883 0.001104160696173888 0.0016578421652085151 191.73436563789576 -0.001103616736778126 0.9999993368970056 -0.00032899186565351637 -0.013577025430461154 -0.0016582043257758262 0.0003271615906364556 0.9999985716608337 2.0177980257830095
0.9999966943861122 0.001691678974968465 0.0019363468424318502 193.16815918387002 -0.0016878615876304045 0.999996632392102 -0.001971377111599655 -0.00639912067260938 -0.0019396752587863577 0.001968102309532427 0.9999961821093066 2.037675804600522
0.9999955098925379 0.0018050990755495806 0.002392030955172648 194.52675026031952 -0.0017911831234865645 0.9999815346985653 -0.005807058198447426 -0.033435110962982524 -0.0024024691009856994 0.005802747558654314 0.9999802779370148 2.0486787165177662
0.9999889999172615 0.0022930418208135105 0.004091699363702224 195.9854090321052 -0.0022506938272257933 0.9999441680397066 -0.010324494209154567 -0.033196473103836784 -0.004115145413106156 0.010315171476363285 0.9999383295061962 2.0617097947871503
0.9999878546179113 0.0023651862952171433 0.004323946167112485 197.40074229067912 -0.002308875881796286 0.9999130664892946 -0.012981854880493748 -0.06932578817436288 -0.0043542747765419176 0.012971713755886571 0.9999063830846394 2.0855416924886274
0.9999970665324813 0.0024217900637922805 -4.3119821201048716e-05 198.82446213410046 -0.0024221085794756195 0.9999423762792841 -0.010458370378218297 -0.06874872841747325 1.7789359011085917e-05 0.01045844413981737 0.9999453088192939 2.1057309172817193
0.9999816808462071 0.003017910288608193 -0.005246921905680875 200.26077831577516 -0.003033730747339748 0.9999908686025794 -0.0030098487024469048 -0.0571463422683896 0.00523779054058545 0.0030257113128797863 0.9999817051433012 2.1226706134883617
0.9999723662004592 0.0039854575855502415 -0.006275584696946691 201.67751791084552 -0.003954921669664387 0.999980317035252 0.004870742927297995 -0.04779117730165942 0.006294873314181192 -0.004845788884256559 0.9999684459521949 2.155515116574953
0.9999830415433841 0.005384703646042204 -0.002218466201411248 203.12505635559364 -0.005356389953963232 0.9999065611959145 0.012576882126414954 -0.028532862409618984 0.0022859816936244342 -0.012564785871830606 0.9999184468963914 2.1809282228160787
0.9999812248398835 0.006096833764093659 0.0006152932465816205 204.55207393016616 -0.006104681819748469 0.999887779676889 0.01368067661706011 -0.022658958270827013 -0.0005318153870601424 -0.013684175929662343 0.9999062258539648 2.200361906220768
0.9999840885860013 0.005609335234577812 0.0005982750625055295 206.0120434923113 -0.005616799685313659 0.9998957079673628 0.013305064815384618 -0.03758835301260862 -0.000523580098315906 -0.013308213504172871 0.9999113047251781 2.2457848639820104
0.9999897174130397 0.0044247574013220915 0.000993272434144252 207.45389299189065 -0.00443440186524516 0.9999408917181983 0.009927192448614631 -0.0443886479319846 -0.0009492883052559524 -0.00993149494052967 0.9999502308914977 2.2614183621883686
0.9999943503444324 0.0033212814191680554 0.0005180433872685644 208.8929176705571 -0.0033252556382939546 0.9999635078128292 0.007869289523333179 -0.05219265218433871 -0.0004918883576564132 -0.007870967691252208 0.9999689024731953 2.283355974749697
0.9999957094577645 0.002912588976320112 -0.0003128762011995505 210.35676964639595 -0.002909997987170011 0.9999638858906257 0.007984912412443498 -0.05122253537233658 0.0003361216698235643 -0.00798396768372382 0.9999680711313979 2.3051092013353074
0.9999961344630544 0.0027784459697861594 -0.00010628707324434652 211.801118519575 -0.002777362908798722 0.9999546800866388 0.009106263124943925 -0.050807931316170354 0.00013158351640270844 -0.009105932726572466 0.9999585314776596 2.3256936771117975
0.9999964678161051 0.0026038589991963356 0.0005331731668447554 213.24656808282654 -0.0026094455902177763 0.9999387039732612 0.010760069237057301 -0.04350582552766057 -0.0005051227823331769 -0.01076142251688308 0.9999419666342582 2.3504202165934114
0.9999971136129974 0.0023734939026114946 0.0003732189282017711 214.7119130196377 -0.002377247942254708 0.9999430697407666 0.01040220984375479 -0.03961229266754269 -0.0003485080991136005 -0.010403067052880577 0.9999458259015827 2.3772935438377663
0.9999978313176326 0.002003245226545774 -0.0005695336632769928 216.180547432267 -0.0019977950403229088 0.9999536890468905 0.009414275144228152 -0.04342683436627528 0.0005883663893742822 -0.009413116916127855 0.9999555225383352 2.398099632354809
0.9999981538952628 0.00173518281336252 -0.000825437260241907 217.64068074079356 -0.0017277478476079113 0.9999586848489956 0.00892431971871727 -0.03679245664977325 0.0008408884833737261 -0.008922877096038643 0.9999598367789017 2.421667572786799
0.9999988769028813 0.0012122892115895344 -0.0008812195206470105 219.1198707197815 -0.0012037290676328244 0.9999527088037081 0.00965045037591327 -0.05027232995511272 0.0008928769835993834 -0.00964937878796829 0.9999530450274645 2.445170441719459
0.9999983278851293 0.0010960978822343714 -0.001463829354066029 220.61600127121028 -0.0010805972444529683 0.9999437818855186 0.010548240520665081 -0.04052010857988439 0.0014753089644358203 -0.010546641072828895 0.9999432943050023 2.466805927007987
0.9999985952492224 0.0008863573812056935 -0.0014226279115703607 222.1083942831565 -0.0008729886892165895 0.9999557152816086 0.009370451771122808 -0.043842302009799716 0.0014308704799864877 -0.00936919666989763 0.9999550843730084 2.494887356911788
