1.0 -2.1684043449710093e-19 -2.5135375298442207e-37 0.0 2.1684043449710093e-19 1.0 2.3183291766350204e-18 -8.673617379884035e-19 -2.51353752984422e-37 -2.3183291766350204e-18 1.0 0.0
0.9999995632914309 -0.0002398631692966072 0.0009032622029969937 1.3128340561664482 0.00024016679583613692 0.9999999146948322 -0.00033605094643922453 0.0027674504590725377 -0.0009031815196990018 0.0003362677332719903 0.9999995355934692 0.016094290805174286
0.9999985937858257 -5.243423860366637e-05 0.0016762091223477724 2.6122308361359288 5.512504025222678e-05 0.9999987100113406 -0.00160528405116408 0.0012585961633866365 -0.0016761227882100482 0.001605374194886234 0.9999973066894197 0.023083397904977376
0.9999983719039918 -0.0008865798066209511 0.001571676051996102 3.943030946904759 0.0008902330419419303 0.9999969003524412 -0.002325246361302543 0.0054716513408402745 -0.001569609663884915 0.0023266417335309395 0.9999960615241176 0.044665001197264215
0.9999992562584635 -0.00010899504206574609 0.0012147438416549954 5.2530754757128975 0.00011313562162804089 0.9999941827527158 -0.0034090557430644943 0.0026733865870713267 -0.0012143652050155616 0.0034091906384077822 0.9999934513467276 0.055996602255665405
0.9999986014053935 -0.0006931366875259801 0.0015220869847683341 6.587272534247433 0.0006987602973955954 0.9999929210054285 -0.0036972520982019442 0.005343343806954763 -0.0015195135088505354 0.00369831050119924 0.9999920067571206 0.06455880627104142
0.9999960955279049 -0.0004399686915823486 0.0027595935381235087 7.912971252943412 0.0004534308628726292 0.9999879919305711 -0.0048795896463364715 -0.002999941166537215 -0.00275741353406055 0.004880821878994031 0.9999842870007447 0.0850657602121935
0.9999945396889077 -8.969186848683549e-05 0.003303414557445225 9.232682235483521 0.00010725899840106651 0.9999858531760013 -0.005318077037051137 -0.00538980181771208 -0.0033028908363546762 0.005318402319632837 0.9999804025624152 0.0881197358265869
0.9999966742848165 -0.0010598275102196297 0.0023512092537652297 10.574612681180703 0.0010699441333062497 0.9999901582298516 -0.004305654768800934 -0.0017363826722781761 -0.0023466228623307 0.004308156111966738 0.9999879665036259 0.10100056987338837
0.9999998490214775 -0.0005489304469025018 2.5147297731732035e-05 11.89448302094321 0.0005489762729753686 0.9999981193971756 -0.001860061064538465 -0.001227732983801524 -2.412620628822985e-05 0.0018600745889789782 0.9999982697687281 0.10541435159033735
0.9999990185881085 -0.0009542240863807848 -0.0010258066157833056 13.247678415397719 0.0009553981153761296 0.9999988885367487 0.0011446133444773694 0.0017809888979483342 0.001024713258014056 -0.0011455922748476815 0.9999988187898418 0.11784666551185553
0.9999988341303682 -0.0007194802613731395 -0.0013468801200288791 14.585369060035639 0.0007246637430187331 0.9999923185033652 0.003851986075225219 0.0006484334099179207 0.001344098346025561 -0.0038529576195008098 0.9999916740239483 0.12177800317363702
0.9999998267265068 -2.6847581211619484e-05 -0.0005880698631390381 15.920819109984553 2.9520222672197652e-05 0.9999896699461028 0.0045452315277632735 -0.004366334587210558 0.0005879417598730893 -0.0045452481001484355 0.999989497466946 0.13109285954919256
0.9999980318701942 -0.0003492959567273012 0.0019530100032286355 17.28653414574419 0.0003435537652202367 0.9999956199460441 0.0029397380048445144 -0.009621309388767095 -0.001954028287538375 -0.002939061255118404 0.9999937718268 0.14045677207004484
0.9999910582614427 0.00047240069111205245 0.004202408208038796 18.626812836471 -0.00046594129456711364 0.9999987088549375 -0.0015379165022557963 -0.019664813019630658 -0.004203129294938726 0.001535944675087757 0.9999899872389149 0.15621267232145367
0.9999974756167798 -0.00018871970419371704 0.0022390053464122752 19.988401415261187 0.0001967615183766747 0.9999935293391137 -0.003592014032292443 -0.02218563012939044 -0.002238312974742322 0.0035924455147641064 0.9999910421050033 0.1662800247818106
0.9999999178868376 0.00034183232132376255 0.00021766254225119824 21.33099677724553 -0.0003409364927684515 0.9999915266017477 -0.004102497655568187 -0.031049224939207795 -0.0002190630642066213 0.0041024231095953675 0.9999915610323938 0.16286822861635078
0.9999994423198759 0.00020681075718772182 -0.0010356588472928121 22.702885720998836 -0.00020955876913771572 0.9999964562054524 -0.0026539897624126485 -0.02690984425003703 0.001035106303498303 0.0026542053137285936 0.9999959418663124 0.19333080473355996
0.9999993743417622 0.0011166546378154868 -6.632121730913075e-05 24.07035498834799 -0.0011166565626037617 0.9999993761185899 -2.8992274957878615e-05 -0.018693165468134293 6.628880157426364e-05 2.906631484117107e-05 0.9999999973804721 0.18332576324009953
0.999989261475836 0.0021487863528940683 0.004106050440709475 25.446346397973826 -0.002149540768531739 0.9999976736551941 0.0001793284254028125 -0.025961680501233667 -0.004105655550147168 -0.00018815262250013577 0.9999915540598802 0.20124372164302706
0.9999837159636108 0.0020342597286908933 0.005331941012881676 26.822756916870613 -0.0020264659661243132 0.9999968710978505 -0.0014667072635617848 -0.032008947275939406 -0.005334907993280023 0.0014558783826513454 0.999984709470519 0.20495654818062883
0.9999845042035326 0.002381343546439394 0.005031953470475823 28.19294752331204 -0.0023561445956762597 0.9999846851688718 -0.005007794959515431 -0.03675027746973062 -0.005043801687166912 0.004995861349768832 0.9999748003994474 0.23777284149884687
0.9999960891654116 0.001907485976602761 0.002045275319192206 29.571813234244026 -0.0018967648713920564 0.9999845189369757 -0.005231077270307911 -0.036319574276392076 -0.0020552218626917252 0.005227177406052218 0.9999842262153241 0.2311777722607443
0.9999957633569515 0.0028953217138234667 0.00030063320065950693 30.948234355412808 -0.0028935257841948207 0.9999789259454568 -0.005811641205946881 -0.0483470945641733 -0.000317453436075568 0.005810746694179873 0.9999830670797241 0.2631139232772912
0.9999946673816328 0.0030441222973590604 -0.0011825936479548254 32.33392445112483 -0.0030472742932659684 0.9999917852853123 -0.0026727291810291704 -0.0424306402108998 0.001174447818790643 0.002676318615607242 0.9999957289863735 0.27032584283518923
0.9999892491046302 0.0035547233793792395 -0.002977518573233354 33.72029190313513 -0.0035600726776370208 0.9999920551387695 -0.0017931932048635471 -0.04841960615871174 0.0029711206114524068 0.0018037741089507488 0.9999939594023937 0.29473102218630587
0.9999876726085085 0.003913295640993387 -0.0030562637720794672 35.11257580327335 -0.003917013528787055 0.9999915946683561 -0.0012114444492420929 -0.05707775086762898 0.0030514973428863467 0.001223400941834874 0.9999945958124482 0.3105346673635041
0.999993101998593 0.0033323441613063425 -0.001640560155029008 36.50447696807093 -0.0033347167245935377 0.999993394951007 -0.0014455859455770742 -0.06477345346324048 0.0016357321291633978 0.0014510467773098646 0.9999976094189684 0.33846443558550143
0.9999946265136466 0.0032710903085832704 -0.00021659184108949704 37.90678688145424 -0.0032710880073745395 0.9999946499170539 1.0978026743352691e-05 -0.06966051450789656 0.00021662659242206928 -1.0269476779192772e-05 0.9999999764837284 0.3536821299806532
0.9999957102137168 0.0029273386930614206 0.00010120444768583326 39.30003598236163 -0.002927541388940157 0.9999935840057967 0.0020643276526411884 -0.06918814173419688 -9.516081214595038e-05 -0.002064615077326085 0.9999978641522201 0.37207330112581244
0.9999948561242384 0.003202221897294636 0.00018303000857891927 40.69993191188883 -0.0032030444922357807 0.9999838901165529 0.0046861512295957855 -0.07189238578250359 -0.00016802096390536794 -0.004686713377876953 0.9999890031828695 0.3901173042763885
0.9999945742326058 0.0032820148903002886 0.00028263688573273445 42.11876787554205 -0.0032838713691413723 0.9999712175559843 0.006839608792426326 -0.07756909366861234 -0.0002601810528518221 -0.006840499825476872 0.9999765696594883 0.40118638664151185
0.9999961022562495 0.002745148468865541 0.0005095411587857485 43.510966315781836 -0.002749198926968676 0.9999632006594622 0.008126452617485026 -0.0811084836761475 -0.0004872140890469309 -0.008127821772662103 0.9999668500183709 0.4147077800269162
0.9999968214539796 0.0024763466838027067 0.0004741192247375817 44.93864173738217 -0.0024797708928983634 0.9999698159574612 0.007363281219678467 -0.08668288415037902 -0.00045587087687247614 -0.0073644335222035175 0.9999727782798092 0.4337129552072525
0.9999987298844129 0.0015711436062214696 -0.0002678382526991197 46.33708080086672 -0.0015692368495792267 0.9999744324897873 0.006976522230851388 -0.09475646012523488 0.0002787925230385226 -0.006976093068205897 0.9999756279031169 0.44962926125075847
0.9999996318393369 0.0008571037440032089 4.116263597053272e-05 47.767852743684244 -0.0008573491549331482 0.9999792377082823 0.006386634856415708 -0.101427403555599 -3.568777269286154e-05 -0.006386667795859147 0.9999796043924336 0.46342193061984416
0.9999996399942013 -0.00034525182461773687 0.0007751210521387241 49.17252144715273 0.00034016772390172974 0.999978492733102 0.006549683744510914 -0.10614722880454708 -0.0007773656716668391 -0.0065494177154227316 0.9999782501785733 0.4749018584140584
0.9999986008968575 -0.001383163384275878 0.0009407780715887584 50.6011026611044 0.0013766652251513637 0.999975432036357 0.006873144590307012 -0.10856105023004359 -0.0009502616405194458 -0.006871839837613075 0.9999759371205192 0.4892157778810871
0.9999963390636489 -0.002476054664740372 0.0010913352357245464 52.045942970610106 0.0024682851941472328 0.999972003385778 0.007063994113386559 -0.10909530947737991 -0.001108795517609114 -0.007061274525949537 0.9999744541609897 0.5014060393914458
0.9999909838988735 -0.0037611270995626315 0.0019713051270025344 53.45400563935002 0.0037466767294805836 0.9999664560083047 0.007283493095748497 -0.10840744975445347 -0.0019986331448216227 -0.007276041583992147 0.9999715319369948 0.5131717317659207
0.999986925737332 -0.004235371047043233 0.002865307399437892 54.90300543486541 0.004218102597944783 0.9999730664023257 0.006006170194293945 -0.10353076651435132 -0.0028906685857457096 -0.005994005507461719 0.9999778577214117 0.52207293303073
0.9999826935970105 -0.005007367584953349 0.003088490948114678 56.31361506316988 0.004992953692396074 0.999976690386044 0.004657155569590702 -0.10413969747782865 -0.0031117390464202245 -0.004641654278696309 0.9999843859409325 0.5357565888407333
0.999980962357185 -0.005576685021420701 0.002641118583055655 57.74318122723092 0.0055701325928465125 0.9999814069213644 0.0024818207966301035 -0.10419306433133296 -0.0026549098093925725 -0.0024670621679111957 0.9999934325075158 0.5467811534016315
0.9999810985811565 -0.005493523833619421 0.0027611005619140997 59.19362621436039 0.005489817240003391 0.999984021971112 0.0013482244435046341 -0.10056168815872461 -0.0027684629480830194 -0.0013330410226835533 0.999995279296126 0.5573512477351249
0.9999799507332674 -0.005318940848908629 0.0034361315076542475 60.59810736403561 0.005318302044212766 0.999985838715276 0.00019501864664582698 -0.10162426853753266 -0.0034371201402635617 -0.00017674035144362108 0.9999940774664566 0.567736322285781
0.9999795746673251 -0.004732151435004596 0.004296160023993747 62.047654864630914 0.004740271439416874 0.999986994149182 -0.0018818499314779379 -0.09746860431635636 -0.004287198949923678 0.0019021764587279452 0.9999890007644502 0.5755399918593235
0.9999821979126549 -0.00447162663378371 0.003950748413128335 63.45040251320823 0.004484500794299625 0.9999846442717355 -0.0032558368135567925 -0.0990333560401834 -0.003936128859898508 0.0032734959872622086 0.9999868954709455 0.5883194643867155
0.9999872338639062 -0.004027393537144177 0.0030515914717239956 64.87537626575148 0.004041017405329353 0.9999818374214177 -0.00447157753095731 -0.09871369443355973 -0.0030335272445050723 0.004483851980441188 0.9999853462845715 0.5994673889187496
0.9999910106558312 -0.0032224766355969424 0.0027557670188627713 66.312931766398 0.003236013069778407 0.9999826520556019 -0.004921768712269824 -0.0982116339240953 -0.0027398589272886525 0.004930642166887254 0.9999840908438896 0.6137250321642569
0.9999928074968024 -0.002728582583022215 0.002634348449019374 67.70614001698094 0.0027376667819584218 0.9999902980466414 -0.003450940912339598 -0.09461040255536594 -0.002624906713425142 0.003458128059677035 0.9999905755631244 0.6262116273874421
0.9999915811244207 -0.0020216275139480094 0.0035708125792547436 69.13669730134146 0.002025602415959154 0.9999973325259597 -0.0011098990124458418 -0.0909806573448869 -0.0035685592518236208 0.001117122714931626 0.9999930086864138 0.6370254419983137
0.999986716312416 -0.0014092043502209146 0.004957957423265479 70.53156810460644 0.001396173141319062 0.9999955647274182 0.0026308223146594427 -0.08352313715336837 -0.004961642799623335 -0.0026238652006475593 0.9999842485920154 0.6504377571627697
0.9999839563107422 -0.0004930304229152959 0.005643052553155957 71.9537089141386 0.00045907096834844294 0.999981788484531 0.006017636838886325 -0.0808279560267876 -0.005645916662652719 -0.006014949732190797 0.9999659714234068 0.665276369800637
0.9999848367056643 1.8788886239666123e-05 0.005506905276450432 73.3420446813932 -7.690507881685927e-05 0.9999443093270519 0.01055330896231167 -0.07363280071858613 -0.00550640030826818 -0.01055357244836598 0.999929148322131 0.6726429868093577
0.9999868261561679 0.0007260326210796325 0.005081376855471051 74.74391409218366 -0.000798219896500347 0.9998985910893716 0.014218663175089593 -0.07036068647313255 -0.005070538345286386 -0.014222531916749074 0.9998859981151682 0.6850740086480936
0.9999861670983479 0.0015446450235182606 0.0050278905821927265 76.16043832857135 -0.0016239364859686751 0.999873780243587 0.015804632602142366 -0.06747280217166388 -0.005002843415970737 -0.015812578953177815 0.9998624574933318 0.6929997535549545
0.9999846856970908 0.00163744305630706 0.005286506552333104 77.5455139150623 -0.0017238787183787329 0.9998642330922501 0.016387300723752735 -0.0692707660452507 -0.0052589555479039705 -0.016396163059805728 0.9998517436217539 0.7045942153331552
0.9999857373261596 0.001831517801479735 0.00501703964504143 78.9495871184391 -0.001907756412850431 0.9998821429632514 0.01523353697226287 -0.07310064730544812 -0.004988547857471416 -0.015242890990849951 0.9998713760601985 0.7171807832547776
0.9999900209535132 0.0016806088154346153 0.004139268945328404 80.33324195243945 -0.0017417115089354684 0.9998889183703176 0.014802613325226921 -0.07860078682149388 -0.004113931746142416 -0.01480967502162108 0.9998818675680352 0.7282891020222622
0.999990716113646 0.001455104502033556 0.004055904018317241 81.72352619862959 -0.0015127509492102226 0.999897371598632 0.014246327762364548 -0.08445863405396575 -0.0040347578717072775 -0.014252331073730253 0.999890289875785 0.7408209275672145
0.9999908426263779 0.001178539269842754 0.004114086602886123 83.10789475865619 -0.0012351120478531292 0.9999043484763752 0.013775645039883665 -0.0880670428292382 -0.004097457945587316 -0.013780600249084285 0.9998966476067209 0.7494976752265309
0.999992579911614 0.000793633532054833 0.0037696508500007346 84.48682915101944 -0.0008448994068248717 0.9999069196598335 0.01361756811532935 -0.08907501097304692 -0.003758492610935941 -0.013620652047537436 0.9999001708026124 0.7653552824253995
0.9999923105019541 3.9168741341708665e-05 0.0039214031637779395 85.87311790712036 -9.252580507302849e-05 0.9999074111910832 0.013607368743493924 -0.08944131254446785 -0.003920507102223068 -0.013607626940643307 0.9998997260291181 0.7725485959094208
0.9999890569205326 -0.000970787132660649 0.0045764190724476685 87.25149706049977 0.0009121904793147407 0.9999178040620142 0.012788785256188625 -0.08641916338554828 -0.00458845809755846 -0.012784470741588035 0.9999077474248034 0.785123375231784
0.9999815179158174 -0.002133129844551805 0.005693292882353467 88.63356740381796 0.0020688820431586587 0.999934385573736 0.01126695497313296 -0.08393223789179691 -0.00571695319811785 -0.011254967984911922 0.9999203178962758 0.7990890603509404
0.9999750456280675 -0.0032414459864627564 0.006277033460265111 89.99813198866472 0.003184309578172154 0.9999536044632874 0.009091154678580798 -0.07894582287784459 -0.006306210720773956 -0.009070939796755623 0.9999389730166282 0.8088815948951994
0.9999717723653898 -0.004006856762115818 0.006356065709911902 91.3769212959842 0.0039597541497321375 0.9999647350607079 0.007406009859698013 -0.0707911680268271 -0.0063855163843271326 -0.007380632347986982 0.9999523745892348 0.8190463108153
0.9999712302615115 -0.004466929480908032 0.006130676169211325 92.74002256397502 0.004430991611176948 0.9999729948683425 0.0058630919641069566 -0.05795324961209173 -0.006156700627837971 -0.005835758309807797 0.9999640188338421 0.8278778130652911
0.9999723041590153 -0.00465810569998668 0.005804564255608325 94.11239516701775 0.004629536244887619 0.9999771524257967 0.004925649251876087 -0.043096476441590675 -0.0058273758302520755 -0.004898640391270543 0.9999710220867652 0.8399348961742751
0.9999758906655714 -0.004771781535105244 0.005044619765506143 95.4725038445942 0.004748131324928472 0.9999777301160311 0.004689831650633858 -0.02743578252836168 -0.005066886274482545 -0.004665766064783226 0.9999762783638971 0.8460514491412301
0.9999786411706726 -0.004731300452821808 0.004509101737631675 96.82620507668243 0.004710398872247901 0.9999781650479058 0.004634821451540178 -0.010120962252087503 -0.0045309320144436655 -0.004613482789440041 0.9999790929972646 0.8599694733433898
0.9999820203636641 -0.004515223697244265 0.003946099893336023 98.18142696515585 0.004491932644979568 0.9999725568201026 0.005891362132813029 0.008768527544573962 -0.003972592417717881 -0.005873530593333131 0.9999748597579101 0.8745869906156633
0.9999831764922883 -0.004184314467693959 0.00401724343654749 99.52230106207892 0.00415630449863596 0.9999671715137767 0.006955647177045865 0.02888561346062764 -0.004046216171641766 -0.006938833271694504 0.9999677398434011 0.8810254338135322
0.9999786235885865 -0.0039223465606667346 0.005231401660567071 100.88236268136058 0.0038812143482793633 0.999961658671743 0.007849672709052352 0.0477262695459198 -0.00526199021843147 -0.007829200720032455 0.9999555065476796 0.8974530346643472
0.999972623014039 -0.003909417109045903 0.006282489975331104 102.21128726276744 0.003856728588557295 0.9999574755977363 0.008376911172786626 0.06549157403317998 -0.006314971656060025 -0.008352451979511868 0.9999451773366944 0.9030103367558286
0.9999778343114143 -0.0036695632693121176 0.005555644991014135 103.55982752112563 0.003624671741984966 0.9999608760172103 0.008068964596284109 0.08075506918650577 -0.005585037208159025 -0.00804864835272023 0.9999520121581223 0.9173064070810899
0.9999890098629408 -0.003466037831194772 0.003157013634422771 104.89573681817681 0.0034400981434218004 0.9999605831117555 0.008185227398280105 0.09620820646397171 -0.0031852595025885274 -0.008174277004766603 0.9999615169182015 0.9279484272933687
0.9999915984104876 -0.0035823247257489605 0.0019925004385035468 106.21950311229622 0.0035666190673530208 0.9999629777216951 0.00783086294025327 0.10907381132973522 -0.0020204793655326106 -0.007823690658501642 0.9999673532309009 0.93943928663302
0.999989817536345 -0.0034232172692859734 0.002940477368504785 107.56865994125128 0.0034060248982146694 0.9999771928968033 0.00583203914785885 0.12074344255879998 -0.0029603746418600963 -0.005821964424202429 0.999978670228632 0.951256743640792
0.9999841830095338 -0.0028281553169472408 0.004861611693507768 108.89312990105238 0.0028141790138863513 0.9999918950674122 0.002879270040020673 0.12963294573265224 -0.004869715313345336 -0.0028655430530323666 0.9999840371404827 0.9614217767587105
0.9999826400275623 -0.001955510874696873 0.005558382923638127 110.24628095178421 0.0019464220402899194 0.9999967607554916 0.0016400974864999383 0.14245704812543494 -0.005561572147147179 -0.001629250055421837 0.9999832070887535 0.975555926665364
0.9999892927397347 -0.0011595935258592806 0.0044799273141449495 111.57993278240434 0.0011544127243204654 0.9999986621859046 0.0011588605018997198 0.15500267905072213 -0.004481265127970419 -0.001153676408583235 0.999989293589485 0.9906008847023918
0.9999974905997528 -0.0004892066333578452 0.0021862001433898565 112.89589625110388 0.00048406171480189783 0.9999971138958049 0.0023532709824271294 0.17057141561215167 -0.0021873450695631437 -0.0023522068213380353 0.9999948413090021 1.0031227963761733
0.9999997982820554 0.0004930076946913255 0.00040047379591015916 114.25231356468056 -0.0004951125953107246 0.999985974845999 0.005273042273206811 0.18760640285568742 -0.00039786852878837453 -0.005273239489160009 0.9999860172252029 1.025961259559652
0.9999979640063582 0.0020161808260963487 -8.36541376602491e-05 115.55894684094912 -0.0020154976293458257 0.9999699122521412 0.007490818363254573 0.2057068343473912 9.875446505141212e-05 -0.007490634507279875 0.9999719399274332 1.0366562868670914
0.9999925132881848 0.0035058010010913373 0.0016379032084234543 116.91947804249004 -0.003520278351484007 0.9999540079206511 0.008921305047708732 0.21692415860617636 -0.0016065515576818286 -0.008927004131675265 0.9999588629485342 1.0519346494377673
0.9999825597022024 0.00449036363878054 0.003836264566318393 118.23463173044067 -0.004522845540437602 0.9999536393242626 0.008500768811115136 0.21753602268000236 -0.0037979151713296794 -0.008517971387261273 0.9999565090561675 1.0621238806263333
0.9999756189843494 0.005323029945684905 0.004519600542602934 119.59133989206285 -0.005361873684561347 0.999948416996215 0.008626335105625034 0.216328063257614 -0.004473449167942283 -0.008650358314027929 0.9999525786523983 1.073867957363218
0.999971458184623 0.006354936649922452 0.00408626923905565 120.91524239704624 -0.006391080418763118 0.9999400253434422 0.008893807240836542 0.21161158849417838 -0.004029504584869297 -0.008919669070751798 0.9999521001510366 1.077390516385717
0.999963323679923 0.007653594106292264 0.0038436691139749376 122.23286574237673 -0.007692721580871963 0.999917668550073 0.010270255890948782 0.20869056024529667 -0.0037647482891666655 -0.010299447492099259 0.9999398722181633 1.0854952200052477
0.9999560309755978 0.00870382539637487 0.0034899196264015996 123.60407395738152 -0.008745779507366134 0.9998874258782962 0.012192083959830584 0.209774560176598 -0.003383408981760532 -0.012222069953344378 0.9999195835414555 1.0978887586098312
0.9999472654274036 0.009923562435747458 0.0026437232914272757 124.93180298397793 -0.009957664502663312 0.9998631016236839 0.013214496930240424 0.21004164131698633 -0.002512226484657016 -0.01324012537896664 0.9999091897757711 1.1162360489901726
0.9999398663945317 0.010822583240866657 0.0017706741316878044 126.31312484810087 -0.010846729528869992 0.9998396517644313 0.014248481256200946 0.21052774333763 -0.001616184832763858 -0.01426683046704075 0.9998969174344979 1.1359532243668269
0.9999295578969654 0.011775773461704692 0.0014867425325676758 127.66680382143822 -0.01179475814179857 0.9998395566529982 0.01348126968473987 0.2087099385471602 -0.0013277516168359769 -0.013497855804342459 0.9999080182518436 1.1582107011687943
0.9999167711100231 0.012701918746721575 0.002260998243563593 129.01171961138868 -0.012730873641115109 0.9998306493867284 0.013288995569530011 0.20770722953941648 -0.0020918196001747263 -0.013316674024121442 0.9999091411141792 1.183896478667726
0.9999047026654885 0.013453657550438865 0.0030959143975155365 130.38805317297272 -0.013489520515498095 0.999838551004041 0.011870331183334273 0.2039181431373005 -0.0029357151944936067 -0.011910962373192243 0.9999247524447233 1.2040796076532179
0.9998986041674982 0.013728092174285122 0.003784292423051882 131.72493415375158 -0.01377015406171966 0.9998410803014727 0.011322411346560871 0.19967156475292266 -0.0036282559178401116 -0.011373373590916482 0.9999287385269793 1.2311849112961608
0.9998976072721443 0.013747294067622196 0.0039732703480827095 133.10370823617603 -0.013785103942957956 0.9998584072855474 0.009650714465272405 0.19364677724354123 -0.0038400365522321153 -0.009704498247034343 0.9999455369334126 1.252915444080045
0.9998988616493895 0.013478270666680777 0.0045390188466981896 134.45407393147784 -0.013512375442090977 0.9998800575502665 0.007568766292319292 0.18850994834394913 -0.0044364605449576 -0.007629333726575644 0.9999610547839959 1.268798066848584
0.9999076366279823 0.012855670492676979 0.0044102096579112385 135.791050820657 -0.012881781549255919 0.9998993581631499 0.005944177742832335 0.18323632079322466 -0.004333349415898614 -0.006000440075931766 0.9999726080257074 1.2952648203511326
0.9999227401119106 0.011668634888236615 0.004284479773949609 137.16107506300892 -0.011691058580053872 0.9999178933331417 0.0052464980214981085 0.1820439843071672 -0.004222908519741431 -0.005296182781670407 0.999977058482632 1.3193527860393586
0.9999325314913053 0.010570968665414088 0.0048152971730073485 138.50489553958565 -0.010584894213626416 0.9999398433936676 0.0028756926702726967 0.17820444605950803 -0.004784608643962125 -0.0029264680627602265 0.9999842715287085 1.339391041991976
0.9999421876511624 0.009447313836483496 0.0051351355077089555 139.8700619641101 -0.009457730383085202 0.9999532585427936 0.0020080004107996706 0.17764775572611258 -0.005115925273927761 -0.0020564510506919736 0.9999847990432993 1.3617864211926152
0.9999519068160541 0.00821531114484447 0.0053565583849111646 141.20897513654646 -0.008220437962274913 0.9999657737564087 0.0009357966954958415 0.17725702280296976 -0.005348687189017255 -0.0009797849459476946 0.9999852156741188 1.3800919880148796
0.9999635262356774 0.007008331379626002 0.004881545819004668 142.57166111379027 -0.007013028086703834 0.9999749612467873 0.0009456831084298165 0.18174680205125457 -0.004874795930579618 -0.000979883033742207 0.9999876380205284 1.4030839300676445
0.9999728396520016 0.006001039288308146 0.0042787247834285115 143.91744623628037 -0.0060032254130981556 0.999981856341727 0.0004982689966564173 0.18365277754672446 -0.004275657019883116 -0.0005239416128526023 0.9999907220780774 1.4202711611467154
0.9999851041276583 0.005016438961669762 0.002151014398005228 145.25297502833962 -0.0050135706459788565 0.9999865384518611 -0.001336796335404799 0.184707204056277 -0.0021576913992421036 0.001325992160012323 0.9999967930511664 1.4419992836395479
0.9999904560906906 0.004087795766152924 0.0015419641068543737 146.61545726283947 -0.004078417948567279 0.9999734624706802 -0.006036626660307198 0.18688842216924917 -0.0015665996838405277 0.006030280273200376 0.9999805905542654 1.4664142448531239
0.9999880365819647 0.003029682405552445 0.0038402757021960567 147.95576406065032 -0.0029747400981400387 0.999894284556136 -0.014232731056320105 0.17917513124451473 -0.0038829903806099314 0.014221136962089457 0.999891334920555 1.4832060833661747
0.9999855606937482 0.0013796320745528162 0.005193748102164902 149.3101068981838 -0.0012680025284988912 0.9997694326015757 -0.02143534009786576 0.17250531591950896 -0.005222123475904878 0.021428444900699548 0.9997567460015162 1.5071791367740204
0.9999975974248572 0.0001929613813654008 0.002183554537587261 150.65556378265438 -0.00014029664473924695 0.9997097042132556 -0.02409331066285216 0.17258911056056628 -0.002187569739412042 0.02409294643148762 0.9997073294074045 1.5327926684142157
0.9999996602620413 0.0006435686106982376 -0.0005150681947662859 151.99718730747628 -0.0006555237471438287 0.9997222717893733 -0.023557367784011 0.18289850049862189 0.0004997643633417395 0.023557697420112027 0.9997223540202768 1.5571966217588833
0.9999923067973842 0.0012687628602728318 -0.003711682482486493 153.3511086728105 -0.0013460363635953597 0.9997808506753446 -0.020891117945004138 0.2006738783224214 0.0036843631952189204 0.020895953284992462 0.9997748669596357 1.5742519561247992
0.9999915151851418 0.0022055115883585874 -0.0034792637666364082 154.6981251954738 -0.0022775311210519677 0.9997803687430585 -0.0208333177383415 0.21019740766620892 0.003432551487866242 0.020841065103004472 0.9997769089130112 1.608538867407206
0.9999959235451487 0.0028090891505667703 -0.0005117726344777298 156.04903721708487 -0.002820435004854843 0.9997148413048662 -0.023712469739982832 0.21356191294842602 0.00044501625658134825 0.02371381649862333 0.9997186888658234 1.625143478570257
0.9999908046088687 0.0033338023159230293 0.0026974913949617658 157.3953849196265 -0.003252287113775196 0.9995541902074617 -0.029679007180753485 0.20474788291397722 -0.0027952327697560956 0.029669961254170714 0.9995558413980377 1.64920611376378
0.9999860308930344 0.00330145129783125 0.00412776430084318 158.74029737187416 -0.0031609107743867547 0.9994302735113546 -0.0336026343029156 0.19463576892209397 -0.004236350064812013 0.03358911740947003 0.9994267479559376 1.6645451291844418
0.9999862072562149 0.0033105657271276638 0.0040774320223337145 160.08961530620695 -0.003167557099891068 0.9993964330938055 -0.03459387375529833 0.18887635163480673 -0.004189496312125649 0.034580481112109415 0.9993931350808377 1.6850371904274921
0.9999808624297696 0.0043266567283115984 0.004422082741163581 161.4478332986951 -0.004174939798973325 0.9994212245869839 -0.033760712710611526 0.18566893499321277 -0.004565594363200635 0.033741604683370556 0.9994201616244801 1.6915249844314775
0.9999784531191784 0.005377694890967975 0.0037647968118622722 162.7968505873997 -0.005260351874677892 0.9995205071477913 -0.03051367708383785 0.18699325938387829 -0.003927084864059367 0.030493215453307236 0.9995272591659462 1.7027378547301035
0.9999776824672614 0.006368983274461422 0.002017577620494166 164.14624559496116 -0.006313568776384069 0.9996321915888202 -0.02637461636949321 0.18314383482174634 -0.002184815029002779 0.02636128963806023 0.9996500932785968 1.7198189389288727
0.9999746745572856 0.007076293073177447 0.0007591576866481339 165.4988378390028 -0.0070561994915882414 0.9996912294771503 -0.023825527385526932 0.176538786629419 -0.000927519695535306 0.02381956722541543 0.9997158435897714 1.7369685896051006
0.9999713522458831 0.007368433543670454 0.0017323032796366827 166.85478760048574 -0.007327338624996281 0.9997168424904144 -0.022639455595722648 0.16425930929103674 -0.0018986300889761343 0.022626113853434306 0.9997421938558344 1.752234766935108
0.9999718208917386 0.007172481759933277 0.002216512545446223 168.20836409146943 -0.007124081960391383 0.9997515129052178 -0.021122497483717355 0.14943123793399785 -0.002367462498609456 0.021106111653534012 0.9997744381470184 1.770601510173781
0.999977586652428 0.0066950505017745535 -4.991557418499657e-05 169.57906663030684 -0.006694852727443968 0.9998126354190241 -0.01816240632249505 0.14169732373130525 -7.169200578849858e-05 0.018162333419587375 0.9998350486480317 1.7898938788070222
0.9999774785649641 0.006200297329674606 -0.0025687887963493504 170.9449928602696 -0.0062375712548586185 0.9998715247717858 -0.014765725697863955 0.1311892696551647 0.0024769068810073323 0.014781416155687805 0.9998876810265916 1.8085200609454595
0.9999731235094421 0.005894166165955753 -0.004360167884160113 172.3137117291443 -0.005931434783514884 0.9999455603119436 -0.008584549716900394 0.1259855192421164 0.004309331755489307 0.008610181045781058 0.9999536461467502 1.8330265179407323
0.9999747356545495 0.006177075380845448 -0.0035173558752575676 173.67819496034258 -0.0061974499358449535 0.9999639087112117 -0.005811444681682985 0.11672371330031174 0.003481331197480533 0.005833096496280439 0.9999769273930066 1.846127907126866
0.9999748352456371 0.006962073387815702 -0.00136323497740723 175.05192998571056 -0.006966027523762848 0.9999714805914262 -0.0029176127791681974 0.10039640840653395 0.0013428834644661294 0.0029270356905332583 0.9999948145495892 1.8604161788446052
0.9999740310126437 0.007172830115520301 0.0006984328588162512 176.42631877112666 -0.007171098248023067 0.9999712826837172 -0.0024513583579066755 0.07582952864501555 -0.0007159959787524675 0.0024462861679622537 0.9999967515115951 1.8745934860634443
0.9999768687738608 0.006448643736933938 0.002162616743440121 177.80564769628896 -0.006439887671975412 0.9999711364379732 -0.00403164206257773 0.04973597175782104 -0.0021885529459540077 0.00401762179684818 0.999989534420786 1.888995138307911
0.9999877004295074 0.004507860254547648 0.0020683775359790196 179.1912068961009 -0.004494032381657529 0.9999678431558653 -0.006642012282397446 0.025766478303207156 -0.0020982522866630202 0.006632635232874983 0.9999758024508439 1.8882331329603317
0.9999961925006404 0.0022993557062884183 -0.0015257613043774963 180.5239706927993 -0.0023117965052332893 0.999963684257032 -0.008202790014448316 0.00685716114150756 0.001506844763194929 0.00820628603198187 0.9999651925384307 1.8973639915076062
0.9999836087653601 0.0009337002772486215 -0.005648929491455652 181.96298744502334 -0.0009647651191259049 0.9999844148785382 -0.005499020666669461 -0.002372112541300345 0.005643707015082333 0.005504380421065183 0.999968924700817 1.9118134213563205
0.9999750398074437 0.00042349581901298327 -0.007052688380500468 183.3369589756005 -0.0004385725418901707 0.9999976218975415 -0.0021363177168294526 -0.004495384601863156 0.007051766886863729 0.0021393575093980747 0.999972847497981 1.9185170889672007
0.9999820509839334 0.00010746354479312871 -0.005990505951295556 184.69994397230784 -9.588265961513863e-05 0.9999981262673348 0.0019334601974527567 -0.004847441188131507 0.005990702503175409 -0.001932851108101558 0.9999801875887904 1.9343736102145448
0.9999950093985738 0.00023002658570176604 -0.003150915060130879 186.13549865788056 -0.00021872071727480107 0.9999935391984762 0.0035879970113518456 -0.00796650074951454 0.0031517200373960864 -0.0035872899346868193 0.9999885989408731 1.94705134563865
0.9999994546212673 0.0007435743120239216 -0.0007333855811234677 187.5018760940418 -0.0007407477299572641 0.9999923261973829 0.003846925934775332 -0.015209684837901869 0.0007362404285726334 -0.00384638058303934 0.9999923316238188 1.9630490515620564
0.9999994990422245 0.0009464711431161286 -0.0003257417309298789 188.94390574921619 -0.0009452436846102315 0.9999925296890892 0.0037479434884755965 -0.020935225193108007 0.00032928661789574437 -0.0037476337056001883 0.9999929233809267 1.9684073034976968
0.9999996776891529 0.0007209216055511484 0.000353402927338496 190.33783140129856 -0.0007220184176522043 0.9999948929086866 0.0031133335749178484 -0.02984529768382261 -0.00035115665303802967 -0.003113587734879057 0.9999950911181625 1.9870552758934752
0.9999988481276362 0.0007834241508501408 0.0012999961540462559 191.72816745095105 -0.0007838443256897698 0.9999996407152393 0.00032273435737907406 -0.04098557511192977 -0.001299742849087569 -0.00032375298023905465 0.9999991029258647 2.0075627035699872
0.9999987404830782 0.0011046488304603558 0.0011396417061251278 193.1565650945849 -0.0011029443609463317 0.9999982739966204 -0.0014951647121529534 -0.05044715329304334 -0.001141291371050317 0.0014939058675744277 0.9999982328480712 2.0240389555881717
0.9999969302022398 0.0014923227174121689 0.001978018959459496 194.55268622264333 -0.0014827231962523404 0.9999871602174321 -0.004845712764847046 -0.061907231801195665 -0.0019852249293671764 0.004842765034895036 0.9999863031605967 2.039850106323793
0.9999927215325422 0.0018580902318347803 0.003332323908306838 195.99456378831147 -0.001827516268267763 0.9999564252241456 -0.00915466204929506 -0.07113816371327722 -0.0033491888911690035 0.00914850554123168 0.999952542763972 2.056760055723342
0.999989812540664 0.0021678619803496327 0.003959190488190046 197.39434421820096 -0.0021183776806202813 0.9999201234530289 -0.01246030455813802 -0.08125804881015897 -0.003985886462240214 0.012451790558528514 0.9999145291578659 2.0829792469309605
0.9999972694376191 0.002335131496300635 -9.098461781963358e-05 198.83725924994263 -0.0023359458505162 0.9999440593724598 -0.010316078843728134 -0.07807729859145245 6.689012745670606e-05 0.010316263210171782 0.9999467837035575 2.1077878588030092
0.9999815524994614 0.002765816622034279 -0.005407857170839233 200.25763902644672 -0.002784906610276525 0.9999899067853519 -0.003525708807493728 -0.0697232721683998 0.005398051124151803 0.0035407041441611045 0.9999791620120014 2.1354656661905853
0.9999741693774189 0.003953168792033621 -0.006002752238980311 201.6751941231257 -0.00392246034710663 0.9999792053069224 0.005118911853225523 -0.05613887822044478 0.006022863336177224 -0.005095234070914511 0.9999688813693135 2.1671616568517362
0.9999834385470521 0.005218458436222272 -0.002426998797604867 203.129642943164 -0.0051881590077162325 0.999910555094982 0.012327401013831967 -0.03779276189807741 0.0024911117447452623 -0.012314605198486595 0.9999210693155138 2.2039877859682377
0.9999817389638382 0.006041975645403406 -0.00012755061088379937 204.55312287173504 -0.006039559516031005 0.9998812135490454 0.014180356573113579 -0.036783487561174256 0.00021321282865730375 -0.014179327275603674 0.9998994455535521 2.2422505253815124
0.9999844497801952 0.005557406828818466 0.0004641412922681625 206.01455781149758 -0.005562981349755833 0.9998996961559056 0.013025009244905053 -0.04153601169334568 -0.00039170946178928613 -0.013027388712500877 0.9999150632463895 2.2651900097594586
0.9999906476040644 0.004296143676903029 0.0004978492856302119 207.45104003248946 -0.004300815910973639 0.9999427485813447 0.009798088695536007 -0.04986128105288438 -0.00045572678625727104 -0.009800138218060021 0.9999518736439285 2.288559197550666
0.9999949521435224 0.0031762699302431566 8.364690440581745e-05 208.87554579478223 -0.003176830558614451 0.999963892738625 0.007881685518826257 -0.05733871046762335 -5.860952343209608e-05 -0.007881911465251006 0.9999689355357885 2.3108300938781507
0.9999960237003339 0.0027613709009283094 -0.0005722012483296429 210.35780117543212 -0.002756585514897958 0.9999625665987648 0.008201624077577093 -0.056098390573827046 0.0005948275549589013 -0.008200014143789262 0.999966202402972 2.3198936366465595
0.9999967205976485 0.0025356638253767614 -0.00035944806744070597 211.79292208369964 -0.0025324095960194775 0.9999582319988036 0.008781865375020946 -0.05559155549412983 0.00038170091236416437 -0.008780926306015728 0.9999613740728298 2.3350576019987415
0.9999970349596758 0.0024351205928084046 1.6110717686743314e-05 213.27386441617983 -0.0024351621582077466 0.9999498012673966 0.009719307102719562 -0.05104633446976019 7.557775924527288e-06 -0.009719317516792133 0.9999527662894321 2.352700417223623
0.9999976439476422 0.0021683111471301085 0.00010259597353892381 214.73304623632256 -0.00216918856998554 0.9999524517200213 0.009507308770952313 -0.05019041268712949 -8.197629168958555e-05 -0.009507508921248192 0.9999547992554463 2.377222648330002
0.9999982059918898 0.001782133467921796 -0.0006418826250809525 216.18441795406923 -0.0017758237622655547 0.9999513773749421 0.009699965769090338 -0.05079435033733002 0.0006591380486975336 -0.009698808496854875 0.9999527482090211 2.3969377030121586
0.9999979285653078 0.0015952576805410837 -0.0012641273773989824 217.68005879112175 -0.0015838666173567909 0.9999585919315404 0.008961349721428901 -0.051470896071601116 0.0012783706942971211 -0.008959328949425052 0.9999590472580085 2.4212534808440345
0.9999985200686535 0.00107738478799943 -0.0013413062742230922 219.1386280268108 -0.0010650762315792606 0.999957628420234 0.009143685077810654 -0.05274903700325654 0.0013511007081663938 -0.009142242952352542 0.9999572960485245 2.4412804907437495
0.9999984662816103 0.0008773354187519642 -0.001515822215888272 220.64099143781604 -0.0008630884068708 0.9999556897339446 0.009374094468970563 -0.04914800347474501 0.0015239792744989483 -0.00937277180316808 0.9999549133015431 2.465723159207965
0.9999985047297308 0.0006615815596873479 -0.0015977634813367418 222.11395657392785 -0.000646818442633584 0.9999572601378106 0.009222772011996425 -0.04892227893846067 0.0016037968090380757 -0.009221724758572941 0.9999561928546032 2.4905062774955966
