1.0 -2.1684043449710093e-19 -2.5135375298442207e-37 0.0 2.1684043449710093e-19 1.0 2.3183291766350204e-18 -8.673617379884035e-19 -2.51353752984422e-37 -2.3183291766350204e-18 1.0 0.0
0.9999996051917989 -0.0005752605321510217 0.000677267721610383 1.3273296131564947 0.0005753941083097035 0.9999998150465057 -0.00019704967556571635 -0.005147294397329037 -0.0006771542414461252 0.00019743929362565135 0.9999997512398984 0.014190926913472833
0.9999992601539638 -0.0006470405596256914 0.0010300631238006621 2.623440015128795 0.0006476885246415298 0.9999995925270339 -0.00062884444906315 0.0025565359774911375 -0.0010296558162135466 0.0006295111438800191 0.9999992717620447 0.02334949003255532
0.9999983865324534 -0.0013303332004357654 0.0012071230532606607 3.9461945310002564 0.0013310064323033728 0.9999989590390047 -0.000557084180507161 0.0020274243918167096 -0.0012063806891118795 0.0005586899702183868 0.9999991162551846 0.04234461964541795
0.9999985941994876 -0.0008635833129860243 0.0014372970848619692 5.279320172421826 0.0008648361681006644 0.9999992464633675 -0.000871281297626511 0.013000389035556727 -0.0014365435778164169 0.0008725230992821107 0.9999985875219977 0.04301812525486972
0.9999977931357295 -0.001191163591171408 0.001730564350120825 6.609836906458676 0.0011932121504741368 0.9999985881374855 -0.0011832023493067736 0.008000341498876518 -0.0017291525192424078 0.0011852646685495255 0.9999978025872011 0.044665623117091435
0.9999967474933951 -0.0008686532023628613 0.0023980083913875756 7.943066977960599 0.0008741740284179276 0.9999969679180314 -0.002302167350958461 0.022704755649917287 -0.002396001335387786 0.0023042561397996256 0.9999944747753575 0.06369782393350688
0.9999967051155134 -0.0008573013915610714 0.0024196678368933995 9.264881023014711 0.0008631309300304756 0.9999967253368087 -0.0024092157762811454 0.027271826302346622 -0.0024175944892586222 0.002411296328343882 0.9999941704264592 0.059628969725748084
0.9999966503591559 -0.0012337765086073843 0.0022753166801738546 10.576212668436414 0.0012391285319670689 0.9999964656102039 -0.0023523026125911247 0.03293103962350993 -0.0022724064226132476 0.00235511414303988 0.9999946447888727 0.06278623838941524
0.9999974436091644 -0.0012969608425499068 0.0018522061734394068 11.906138899547644 0.001300445561504994 0.9999973845375801 -0.0018814248166792785 0.058794464358796796 -0.0018497611947483313 0.0018838287003193606 0.9999965147804017 0.050493624849423144
0.999998032492155 -0.0010981886335002225 0.0016519665686728503 13.233324844987884 0.0010991529806139684 0.9999992260084426 -0.0005829624694753311 0.059080110750508924 -0.0016513250873069383 0.0005847770864699306 0.9999984655794304 0.06680031768761753
0.9999981817239485 -0.0011513626702203041 0.0015201686743667678 14.569263025197095 0.001151403142290493 0.9999993368036891 -2.5748511704671753e-05 0.06710828414440607 -0.0015201380203213207 2.749879187524703e-05 0.9999988442114399 0.06346065283967187
0.9999980038802898 -0.0005396935023619104 0.0019237895829270451 15.921589808776506 0.0005400188691743121 0.999999839974687 -0.00016861263705424158 0.09353213579831181 -0.0019236982759273805 0.00016965118315833495 0.9999981352999711 0.07619356375937039
0.9999938573846737 -7.109965094076709e-05 0.003504302749527788 17.24751507129935 7.542820747955899e-05 0.999999234424874 -0.001235095239712395 0.08337752296079412 -0.003504212251880347 0.0012353519762723089 0.9999930971771698 0.07895361176080884
0.9999898267714507 -0.00018259803056335316 0.004506995846809603 18.614342915362222 0.00019713684389188347 0.9999947783104562 -0.003225598996475612 0.09329161463064477 -0.004506383324652374 0.0032264546766564866 0.9999846411318278 0.0896992444088669
0.9999884563620679 -8.375231824220893e-05 0.004804178197952353 19.961683892626738 0.00011319881543280172 0.9999812086003338 -0.006129407169011548 0.08253174605270096 -0.004803574568659915 0.006129880240635588 0.9999696746599862 0.13380133596829263
0.9999922660466459 -0.00016942796603306823 0.003929267241931184 21.332491541267753 0.00019538758251841785 0.9999781525346639 -0.00660728969041959 0.09000863272986417 -0.00392806193774808 0.006608006319976797 0.9999704518543978 0.13093539228058976
0.9999961577665122 0.00014073103249380062 0.002768509886077163 22.672561295158246 -0.00012890285258003274 0.9999908661714043 -0.004272113975455088 0.09862871950143759 -0.0027690858179930953 0.004271740692173997 0.9999870421136423 0.1727098815540568
0.9999922976064795 0.0009229079342780113 0.0038148353383700316 24.03768599437115 -0.0009115842697211954 0.9999951770237586 -0.0029689970260650305 0.11058330877362535 -0.0038175570504220334 0.00296549661379554 0.9999883159757419 0.14823692785697645
0.9999654855365193 0.0015357551089693739 0.008165120449726884 25.43967885011943 -0.0015129185324815498 0.9999949291212151 -0.0028022864539649444 0.10411054957389997 -0.00816938267112929 0.002789836572503131 0.9999627383051187 0.1514020829806235
0.9999524708919394 0.0018117326955128371 0.009579852908312265 26.800694399449352 -0.001779769470607022 0.9999928250903622 -0.0033439779346854524 0.09121100430661466 -0.009585842567890648 0.0033267690686577226 0.9999485207898591 0.17462343031383973
0.9999643967667983 0.0017399893902383982 0.0082569749748368 28.17822993944244 -0.0016650295424500586 0.9999574208378141 -0.009076573583106876 0.0893890148172354 -0.008272416541494505 0.009062502320476552 0.9999247162543065 0.17460767483483144
0.9999765953014291 0.00191732181311856 0.0065675510220297795 29.515983485460684 -0.0018632999678263303 0.9999644641389219 -0.008221835110775027 0.10465028703526826 -0.00658308154225079 0.008209405363594513 0.9999446328177297 0.1831302016698799
0.9999851009297851 0.002303716429443179 0.004948818956111014 30.93037921133338 -0.0022641391923048605 0.9999655315263043 -0.0079880806852219 0.09907137130692996 -0.004967050650589264 0.007976756855292736 0.9999558489042933 0.22668618181631933
0.9999895127957729 0.002746704585577238 0.0036646844874347385 32.306672463190125 -0.00272071930395626 0.9999712566726368 -0.007076970751455981 0.11242024173679112 -0.0036840175002238523 0.007066925955990528 0.9999682427820349 0.18864985301292153
0.9999929610407374 0.0034453594990366625 0.001485721003603058 33.68207644983122 -0.0034366781459673167 0.9999772355742009 -0.0058066837954266395 0.11069504401815687 -0.0015056932951899886 0.005801536977511865 0.9999820373668715 0.22685293871661572
0.9999907068786531 0.003878524296935895 0.0018823404606263105 35.07736371181364 -0.0038678714199277503 0.999976668807261 -0.005630400679568217 0.12742243491153163 -0.0019041341892154125 0.005623067704701239 0.9999823775360133 0.2141848577634462
0.9999893267077673 0.0032536603035838345 0.003280269070542342 36.4761404995245 -0.003235797635420454 0.999979988643901 -0.005436168265074941 0.12366086428506748 -0.0032978908727975477 0.005425495956360418 0.9999798437515721 0.24693033707061168
0.999987373184825 0.002998363289023991 0.0040327767729584395 37.87699934010474 -0.002977313983922697 0.9999819670698848 -0.0052154708785446605 0.13887898623951436 -0.004048341926593925 0.0052033981810776595 0.9999782675513577 0.21674182681363013
0.9999886620817275 0.0022484386370196247 0.004197645970328507 39.285525844153106 -0.0022303344248654103 0.9999882132393574 -0.004312654717327995 0.11713500939936124 -0.004207293233174757 0.004303243666490251 0.9999818902248164 0.20328122948307384
0.9999848449054366 0.002901138037873605 0.004679033824951334 40.665482321686675 -0.0028913114235691994 0.999993603497249 -0.002105536235379721 0.13968569228118827 -0.004685112346761182 0.0020919757818296187 0.9999868365931756 0.23361570982164606
0.9999842797864319 0.0028350206207219445 0.00483764799164911 42.09226482191022 -0.0028462549342927594 0.9999932652293968 0.0023169654072109558 0.14933761264143983 -0.004831046766492685 -0.0023306981634865277 0.9999856143131314 0.25183647396237846
0.9999833925078611 0.002652926336101195 0.005116316089178695 43.4850339182504 -0.0026646274462483717 0.9999938471040491 0.0022815596894435477 0.15643373968745278 -0.005110231799230634 -0.002295154874733848 0.9999843087744222 0.25540891406495236
0.9999848169188675 0.0023512102779921253 0.004983747783319875 44.91150554779479 -0.0023639331058527132 0.9999939584351624 0.002548512006225784 0.16886161588790935 -0.004977725586061884 -0.002560254558337436 0.9999843335495744 0.2705124182894639
0.999990184465522 0.0014452281805856278 0.004188351479692495 46.316214227644736 -0.0014546049605499447 0.9999964408772706 0.0022365950014130677 0.16173143888452834 -0.004185104182710945 -0.002242665444876605 0.9999887276138077 0.2865228414502124
0.9999884419149309 0.00018373277121124592 0.004804402024972185 47.74556863296631 -0.00018867088106695008 0.9999994544289474 0.0010273972484475225 0.15394947883649107 -0.0048042106372859225 -0.0010282918244657769 0.999987931015208 0.2943272509209733
0.9999844871757585 -0.0009764350555239917 0.005483792703729216 49.147475953163344 0.0009670144890681891 0.9999980527556601 0.001720281333311528 0.14518327966738295 -0.005485461768444122 -0.0017149517398900062 0.9999834841884724 0.3108432363914544
0.9999822422822979 -0.0018385389537987301 0.005668764819859114 50.57602712671947 0.0018224436321823698 0.9999942975567071 0.0028431590309268683 0.15820459184869803 -0.005673959752679394 -0.0028327775385631236 0.9999798905738765 0.33158945939477447
0.9999799090210224 -0.0026992808139765173 0.005735454419222823 52.01783380005536 0.0026854249981771963 0.9999934608252459 0.0024221476681937633 0.1792156306746823 -0.005741954970813455 -0.0024066968722025943 0.9999806186938218 0.3241001022256986
0.9999695934041756 -0.0037392464130952536 0.0068432670085380905 53.42988736903372 0.003716724052128119 0.999987644821188 0.003300934306222382 0.19620399798973145 -0.006855525465514946 -0.003275399400961321 0.9999711363481227 0.3474715779852366
0.999961804781541 -0.004695668186373451 0.007371545179066861 54.890848873071384 0.004679761198573351 0.9999866874335869 0.002173658373868772 0.19920468793664797 -0.0073816538233563165 -0.002139078279409799 0.999970467329384 0.35530654932701483
0.9999510564930226 -0.004845839627261381 0.008625685873875875 56.27722635209872 0.004855153731898268 0.9999876527146752 -0.0010591980144465018 0.21268043674481935 -0.008620446666359747 0.001101025204541822 0.9999622371083676 0.3626931549003001
0.999948989744799 -0.005218761376306904 0.0086476839704717 57.702143412842126 0.00523224435803493 0.99998513012415 -0.0015372539037269463 0.23596326101205095 -0.008639532819186321 0.001582422283677578 0.9999614264622322 0.38215960663779924
0.9999458374647534 -0.0049060623944476404 0.009178926336698303 59.14478362511776 0.004919831605149913 0.9999868051348898 -0.001478111326247828 0.259557954942581 -0.009171553515610924 0.0015231900398836532 0.9999567803151357 0.4035496805735144
0.9999397050754668 -0.0051001380532613655 0.009724957862432965 60.56086820864698 0.005119511250744168 0.9999849581681071 -0.0019682586421747575 0.23950154533746015 -0.009714773190452018 0.002017926997358204 0.9999507743646641 0.41125503015144377
0.9999339229162895 -0.004393709030120706 0.010622858475882919 62.01741089949576 0.004448037237648091 0.9999771222646229 -0.005096068297803469 0.26364098684195225 -0.010600224807639587 0.005142982434542953 0.9999305900739839 0.40706213374812356
0.999937302126144 -0.004307029564870366 0.010336407161873713 63.42600654958141 0.004378750987215839 0.9999664269443876 -0.006926147837481049 0.25655655911730535 -0.01030622901359454 0.006970974135801945 0.99992259058545 0.4236952606062491
0.9999494845737562 -0.0037093245264432713 0.009341799196990987 64.83154360775428 0.003778215985368657 0.9999657203098131 -0.007367719405934382 0.2809655201517807 -0.009314149700712341 0.0074026425575063216 0.9999292212444432 0.43529704551445986
0.9999532277507301 -0.002962610953104872 0.009206804398763736 66.28599569721543 0.0030360580995073337 0.9999635999731408 -0.007973774512289823 0.28352545197064416 -0.009182846079128636 0.00800135395398616 0.9999258240853619 0.4296540622629767
0.999957848668732 -0.0024268502266633733 0.008855014611989849 67.65921955608536 0.002487761514576083 0.9999732777467295 -0.006874215235848171 0.2950918212652246 -0.008838095295243422 0.006895954643087275 0.9999371649664356 0.4282200868780235
0.999944595919495 -0.0017692922447278274 0.010376641862884247 69.12537758546418 0.0018077953216097526 0.9999915122131683 -0.0037023475925503403 0.3129401591328252 -0.010370003253277301 0.0037209013120000074 0.999939307121164 0.4470545816244
0.9999336116787151 -0.001006031541360141 0.01147868179272253 70.49061252648681 0.0010087473281441951 0.9999994645784098 -0.00023080667634022505 0.32344190639694065 -0.011478443447992114 0.00024237044306146775 0.9999340911242999 0.4559987435073277
0.9999228681042787 5.975197661824095e-05 0.012419914323968 71.93777720497022 -0.00010301978371898322 0.9999939285643858 0.003483133831794823 0.3493771819611372 -0.012419630793126572 -0.003484144667966789 0.9999168032926016 0.46805512672408006
0.9999236533724873 0.0004684417892590975 0.012347792859780089 73.3055417018971 -0.000556222812797667 0.999974593313851 0.007106570409195258 0.35128817557039665 -0.012344150128724288 -0.007112895970587644 0.9998985091840628 0.4711894932820588
0.9999276753419312 0.0010110067763570356 0.011984237588584412 74.70286242690523 -0.0011401142680204414 0.9999413392262899 0.010771176620488435 0.36506988945516666 -0.011972644851382488 -0.01078406099908845 0.9998701714740922 0.47766491601532934
0.9999264255678582 0.002005588407886619 0.011963321705318185 76.13263654573235 -0.002146624196816309 0.9999282167435531 0.011787848175787805 0.3830432993413029 -0.011938821367472967 -0.011812661647399029 0.9998589528374288 0.4714374590594549
0.9999199059928622 0.002355328317472159 0.012435193112388053 77.50651382592048 -0.002512556936430539 0.999916912339665 0.01264339648797027 0.38558697822611515 -0.012404380551509385 -0.0126736279583921 0.9998427428838524 0.4780133134638752
0.9999164230409416 0.0023863929652476203 0.012706378776977962 78.92487852932008 -0.0025428828241879408 0.9999209468032749 0.012313971373391703 0.38345938364582416 -0.01267598832245712 -0.012345253041459985 0.9998434447689255 0.49639199357875613
0.9999346506253483 0.0018642440546480018 0.011279143268326002 80.28759974870377 -0.0019895885328158436 0.9999362810504241 0.011111947467347357 0.37667748070218826 -0.011257709191163269 -0.011133662162635852 0.9998746449183594 0.48507543444344403
0.9999338771214863 0.0017015114806293442 0.011373048996357042 81.68290055759039 -0.0018251449591356259 0.9999392626369441 0.010869217219412133 0.3847938771392249 -0.011353864129466814 -0.010889255978528098 0.9998762492796615 0.5029355494469262
0.9999244692026785 0.0015384762597092391 0.012193809107082123 83.05208944686505 -0.001660774965621769 0.9999483612307691 0.010025801634432955 0.4037964001219007 -0.012177754975988466 -0.010045295550542331 0.9998753893966223 0.5038513174923599
0.9999390307749096 0.0011623179522842564 0.01098106324141939 84.43249061222383 -0.0012720332069066534 0.9999492934373052 0.009989618899364625 0.4092028301147578 -0.010968895316064474 -0.010002978117131613 0.999889805810787 0.4966828206960852
0.9999353564595407 0.0003672550042566383 0.011364331299860694 85.82934329117008 -0.0004758726101143055 0.9999542220222328 0.0095565373001835 0.4148229029473277 -0.011360301377608253 -0.009561327505775754 0.9998897562076217 0.49370551734340223
0.9999290617871947 -0.0007288013855798963 0.01188866022397152 87.20024353149404 0.0006121297528528611 0.9999516504607905 0.009814379140155247 0.4216248493849684 -0.011895238145843826 -0.009806405522994598 0.999881161798827 0.5025222129143964
0.9999143809482745 -0.0017762685539916196 0.012964399054839634 88.59545234346652 0.001666452335897643 0.999962685318773 0.00847649141337045 0.43172473354590374 -0.01297897181756735 -0.00845416111112523 0.999880029528776 0.5000468489486107
0.9999042065977719 -0.0028200110883560264 0.013550836341050209 89.94700404623406 0.0027343942927165743 0.9999762105272605 0.006332571941328742 0.43110290888067054 -0.013568371896890833 -0.006294911993165123 0.9998881304261322 0.5138025746337905
0.9998942456096149 -0.0037877831223775194 0.014041021892904123 91.32691148151676 0.0037087937519982095 0.999977175652528 0.005647390804479535 0.43614748278145066 -0.014062092507316253 -0.005594718313839666 0.9998854717822959 0.5169183873341705
0.9998942427258964 -0.004179437701208946 0.01392966848520753 92.7052699380794 0.004114761619939234 0.9999806368478161 0.004668475794885537 0.44860078458562935 -0.013948910366661103 -0.004610664804349842 0.9998920790113525 0.5312029164401613
0.9998981502050294 -0.004082475739315204 0.013675620951106996 94.03518889295111 0.004041706469419512 0.9999873097662909 0.003007476548723791 0.4598681245653116 -0.013687725354327735 -0.0029518973921825063 0.9999019614324249 0.5366817881890684
0.9999028641517147 -0.0046398858536756135 0.013142820110706662 95.41118541586995 0.00460444255497309 0.9999856845764494 0.0027257569458457548 0.4730847170607584 -0.013155279166763716 -0.0026649768169225065 0.9999099142065798 0.5274854340508962
0.9999096930733197 -0.00437514221566858 0.012706841803224976 96.76744305557038 0.004347213875533139 0.9999880761768899 0.00222468774507961 0.47906179025775486 -0.012716423614361204 -0.0021692474813653443 0.9999167900059608 0.5298570096731807
0.9999173282655905 -0.004135874927442879 0.012175022496396182 98.1133828158055 0.00409493299573867 0.9999858838711265 0.003385791228392338 0.5010497443196855 -0.01218885384126065 -0.0033356554178147852 0.9999201494344286 0.5369188527410281
0.9999189239907075 -0.003946440379861828 0.012106653278011966 99.46840062908304 0.0038826125855920103 0.9999784645235734 0.005291106555967677 0.513245534959578 -0.012127273592032315 -0.00524367212977677 0.9999127127593785 0.5345215399167013
0.9999025934908229 -0.003923881555137836 0.013394278027108714 100.81759980088852 0.003851843875835481 0.9999780024327337 0.005399810125887987 0.5139976679301271 -0.013415171600931048 -0.005347691481443448 0.9998957122454005 0.5370119076286703
0.9998762453996447 -0.003732495016422029 0.015282747346663319 102.11951206307462 0.0036493073217379692 0.9999783941775986 0.0054675162608795735 0.5427230121023907 -0.015302824627534278 -0.005411068188801322 0.9998682632724549 0.5425529609964042
0.999888885226432 -0.0038035586846864367 0.014413540230461064 103.48891981242102 0.0037329070549883404 0.9999809022862742 0.004925491614844638 0.5384931013976201 -0.014431999361203958 -0.0048711399139454966 0.9998839879657925 0.5534211260773165
0.9999212173347913 -0.003617293866259535 0.012019746619375257 104.80669918945223 0.0035557855763056322 0.9999804953991525 0.005134706437656387 0.5495981949129284 -0.012038085921117136 -0.005091562270138142 0.9999145765919232 0.5501989649557917
0.9999381653712189 -0.0036838099937148514 0.010492615401844436 106.15198467061745 0.0036382442724309104 0.9999838835071736 0.004358429135081494 0.5656981871592569 -0.010508501922488296 -0.004319984935345277 0.9999354524755604 0.5466034828977526
0.9999238495625425 -0.0031960694273562595 0.0119197406113259 107.49116070538045 0.003162589617613025 0.9999910042453413 0.0028265624536879318 0.5788799301771889 -0.011928667274106509 -0.002788649961818563 0.9999249623489026 0.5583527503275327
0.9998990493796915 -0.0026974873127996843 0.013950434107449597 108.80801241834538 0.0027038073792624395 0.9999962504424933 -0.0004341965108593288 0.5837826873839222 -0.013949210559915362 0.0004718719651358585 0.9999025936868069 0.5493933686615544
0.9998805686703346 -0.0018743297577578154 0.015340641559185408 110.1713802966021 0.001905992680154972 0.9999960830981065 -0.0020496293197062665 0.5970991351412026 -0.015336739790171139 0.002078623680271981 0.9998802246950403 0.5701510187529598
0.9998984133495554 -0.0014720391634323263 0.014177308691815575 111.47075923354413 0.0015032822752904474 0.9999964647033913 -0.0021933360709085387 0.5881026060325444 -0.014174029894229289 0.0022144257541115236 0.9998970913024685 0.5665647940731461
0.9999301608728886 -0.00018575879638776154 0.011816889201009812 112.82839339586758 0.00019836759241091348 0.9999994123050596 -0.0010658516940379849 0.6227877325276683 -0.011816684264956004 0.0010681213437466338 0.9999296100675173 0.5672361625570158
0.9999499348217102 0.0005026187241252245 0.009993759276446388 114.17612020074553 -0.0005235450328835925 0.9999976759042026 0.0020914317564441473 0.6090126238139318 -0.009992684857231435 -0.0020965592315693978 0.9999478739858055 0.5785987524897683
0.9999555018002819 0.0018961807825932902 0.009241153487859047 115.47557667115636 -0.0019442674877616882 0.9999846036408161 0.005197336361627264 0.6180234998854144 -0.009231156118411084 -0.005215072363791703 0.9999437928088548 0.5673389864183964
0.9999262454899973 0.0034908169061933676 0.011632616971480325 116.84627029816475 -0.0035563950639388125 0.999977874988998 0.005621528852270087 0.637508449097395 -0.011612735871745692 -0.005662484420742184 0.999916536834829 0.5811765363384267
0.9998992646110116 0.004157337711044113 0.01357118909728844 118.13536723604811 -0.004243581444312009 0.9999709464817078 0.006332314663923198 0.6355308457478961 -0.01354446923594723 -0.006389267221972834 0.9998878560206054 0.5704813687815785
0.9998814385743772 0.005130678218130059 0.014518434332118116 119.51529347903035 -0.0052197539004911475 0.9999677464078616 0.006104122639714243 0.6380898703861573 -0.014486647771390306 -0.0061791815804660005 0.999875969683912 0.5767609333498132
0.9998826276737969 0.006138728064146548 0.014037339274150034 120.8266865360487 -0.006224295444613203 0.9999622656176441 0.006060155694886744 0.6381082524749149 -0.013999607935985306 -0.006146816947214264 0.9998831069775387 0.5806457315834606
0.9998742572402555 0.007425876699070367 0.014011640285773314 122.13422500015969 -0.007533951070205136 0.9999421558634725 0.0076762300892240605 0.628321128384602 -0.013953827056383376 -0.007780827871194537 0.9998723665689134 0.5793689173856046
0.9998692074396652 0.008731714266509517 0.013613419112907617 123.50953466273842 -0.008859917723370676 0.9999167014208408 0.00938573798911718 0.6414354334617741 -0.013530331552136718 -0.009505124177689075 0.9998632820253257 0.5738837976681848
0.9998652862105962 0.009978801765326291 0.013031997020060436 124.85043908635602 -0.010114893691345356 0.999894560247449 0.01041908408514577 0.6432169571042577 -0.01292665295485746 -0.010549497755290384 0.9998607951812571 0.57601759753042
0.9998619922536143 0.01091960832044575 0.012520327502159426 126.17138361819505 -0.011059221332464746 0.9998768292076232 0.01113642838746407 0.6270067999960608 -0.012397179927420367 -0.011273356547080858 0.9998596008250407 0.5732645289690372
0.9998556961057561 0.012015293142664408 0.012009150493257601 127.50987944166586 -0.012142609948109458 0.9998702429959302 0.010585565403301222 0.6334524072211216 -0.011880403550466661 -0.010729860295238527 0.999871854844171 0.5786216531342799
0.9998360552334109 0.012728337072656009 0.012878357451813701 128.83764421092766 -0.012860992611121475 0.9998645434754446 0.010270811540359486 0.6135602524542468 -0.012745882642975872 -0.010434756154589978 0.999864319965287 0.5780950094847443
0.9998132196440646 0.013559727099458782 0.013771696553363702 130.20837812590548 -0.01369885984220131 0.9998555662193274 0.010059221602680008 0.6049777743656943 -0.013633307155398905 -0.01024599927856248 0.9998545656418188 0.5826805038242252
0.9997999420920705 0.01393521696118492 0.014348711473067167 131.5360865495709 -0.014048241574906641 0.9998708439829382 0.00780655247211626 0.5860018575705639 -0.014238072248225521 -0.008006564874622828 0.9998665772079607 0.5736616572085009
0.9997966807071502 0.0139658642565005 0.014544823221122303 132.88280638908316 -0.014067916331713703 0.9998769723288301 0.006937862539406937 0.5719616259231651 -0.014446140558938215 -0.007141067294235851 0.99987014865974 0.5832022631840021
0.999787501135791 0.013851915309639848 0.01526686002114965 134.21185545505617 -0.013925631583970881 0.9998918327135405 0.004732827669033475 0.5612264975979998 -0.01519964991828183 -0.0049444226166278915 0.9998722535040914 0.5660489129821558
0.9997902528454594 0.013293142476692396 0.015580201484787828 135.54295772113346 -0.013347939796115836 0.9999050689729392 0.0034184127048937046 0.5399377239925226 -0.015533280993128774 -0.0036256592939861105 0.9998727777953916 0.5826502836964204
0.9998145073197074 0.01211035465574831 0.014976323419400259 136.890694425199 -0.012157419841751449 0.9999214271460306 0.0030555976562215274 0.5288401490571224 -0.014938142315625113 -0.003237104316717883 0.9998831797064098 0.579063383963786
0.9998057517817622 0.011238477825883797 0.016191211204306954 138.22918764940724 -0.01126136652736941 0.9999357133594134 0.0013231675392994177 0.5224614493338376 -0.016175299936681257 -0.0015052456802562295 0.9998680382467481 0.5778622730113167
0.9998112479186019 0.009967871275140283 0.016676632684403298 139.57429024751985 -0.009979612265528829 0.9999500096208485 0.0006209656147155709 0.4910769567284205 -0.016669609307898663 -0.0007872747342483067 0.999860742465677 0.5812796787582695
0.9998175519327042 0.008877936521746035 0.01691286759867582 140.92906424451292 -0.008868664847344443 0.9999604784669006 -0.0006231276534803647 0.5025706698707079 -0.016917731263971756 0.0004730194107041416 0.9998567730537795 0.5812818817673147
0.9998334497102963 0.007591318484847136 0.01659652747022372 142.2541154547548 -0.0075698164580961765 0.999970426404142 -0.0013580117485777932 0.49417588644055765 -0.016606345750917285 0.0012321529045363018 0.9998613459275345 0.5702430661058202
0.9998473042113791 0.006607266447658348 0.016177524264468033 143.60738562587838 -0.006587084751914272 0.9999774592761422 -0.0013004822575195022 0.485532725403466 -0.01618575224414677 0.0011937209559494024 0.9998682895534644 0.5615471403319334
0.9998848712398802 0.006018040426680527 0.01392937382048533 144.9550035600586 -0.005969438326502742 0.9999759587554476 -0.0035281322522214406 0.47846742773893175 -0.013950271383527396 0.0034445755247815148 0.9998967570843402 0.5644066287260179
0.9999063206690691 0.004753783285449214 0.012835553378005318 146.26566050540052 -0.004667349905081972 0.9999662890802339 -0.006755482808028623 0.48392901500488844 -0.012867234780953184 0.006694941940078546 0.9998948004772856 0.5736899465715436
0.9998645223857667 0.00401860283032892 0.01596207084230118 147.6576862461877 -0.003760518878839563 0.9998622529918287 -0.016165813925258465 0.48090220656764515 -0.01602483610039305 0.016103598150607884 0.9997419060710415 0.5643699794411537
0.9998419266320768 0.0025731953858734624 0.01759262385668598 148.96782994223963 -0.002173473767176123 0.9997399032481451 -0.022702463856877592 0.46365549842907305 -0.017646465947608728 0.022660638095507276 0.9995874637672604 0.571848338038556
0.9998928054148096 0.0016939065008357386 0.014543327008219843 150.26786651695681 -0.0013282603344518848 0.9996836912434902 -0.025114800144015705 0.43203257181945043 -0.014581268949769499 0.025092790649036148 0.9995787805137012 0.5697479867258671
0.9999319689925976 0.001583440446348313 0.011556387971144003 151.6708473894823 -0.0013037933656432758 0.9997071086976936 -0.024166028679897728 0.44737386614316493 -0.011591268672860538 0.024149317498654142 0.9996411620951304 0.5719914234583056
0.9999531489517237 0.0027813871125106633 0.009271665829948681 152.9766927695734 -0.0025863470066211786 0.9997765047379249 -0.020982168219212564 0.45538368263793866 -0.009327953188841593 0.020957205437470705 0.9997368577928686 0.5715466581249838
0.9999477715044365 0.0037205479536174895 0.009519022336151185 154.35126217696205 -0.0035147171252906733 0.999761610636306 -0.021549214868034856 0.4611328247298521 -0.009596927989752809 0.02151463271414083 0.9997224712650682 0.5749635972186561
0.999916001249412 0.004103184490997596 0.012294483414059055 155.67756443919666 -0.003799290963862301 0.9996891672062238 -0.02464009656430522 0.4613969575464274 -0.012391764747510772 0.024591316507239065 0.9996207837569621 0.5663197920160988
0.9998731211846015 0.004725132171909438 0.015212319301182758 157.00739114104428 -0.00422017914438815 0.999444579029451 -0.033056369078179035 0.46029760598090647 -0.015360065773050009 0.032987976212576396 0.9993377115894537 0.5563270149195874
0.9998526337929307 0.0047377229898058195 0.016500444788299266 158.36172186038246 -0.004148142473638328 0.9993580825786266 -0.0355839247243672 0.44109011135045706 -0.0166584396435634 0.03551023466048765 0.999230463718455 0.5589456384672566
0.9998485213872997 0.004434788695013653 0.01683053560825989 159.69551468413562 -0.0038199066707042422 0.9993303043804442 -0.036391634477112904 0.42194707067944603 -0.016980653481460432 0.0363218308475669 0.9991958676912267 0.5697360656702956
0.9998393129073713 0.005646440916614957 0.017013702415726254 161.06100736573254 -0.005038576723510308 0.9993547924271835 -0.035561377889813596 0.43131074974116745 -0.01720352026525423 0.035469938790418 0.9992226590368569 0.5506453671450524
0.9998371358261268 0.006687260103924434 0.01676252890556432 162.3978430284449 -0.006124166497830188 0.9994225806590786 -0.033421547741751094 0.4254735339712306 -0.016976348479996316 0.033313448051046204 0.9993007644204202 0.5377580864107832
0.9998542100832801 0.007769469142630369 0.015205062577369241 163.7498134012384 -0.007298290996469209 0.9994988558391816 -0.03080214480677774 0.4391137051229736 -0.015436758962646806 0.0306866831933424 0.9994098428309182 0.5311543280550513
0.9998557536420098 0.008510951161887215 0.01469815019954667 165.0982521359743 -0.008073249280811873 0.9995296276924068 -0.029586246992960214 0.44214384110441896 -0.014943043699940574 0.02946331745405713 0.9994541602142557 0.5168289389607945
0.9998374243375158 0.008762676762903328 0.015758819437741912 166.44680525683327 -0.008303318235791737 0.999545440133305 -0.028982201693326864 0.4397642246544228 -0.016005617776194914 0.02884663939987437 0.9994556976649521 0.5094641836724972
0.9998404903393779 0.008181523788257875 0.015876288811131872 167.7743887122861 -0.007742362603191696 0.9995910354801667 -0.027528487227028442 0.416799679938641 -0.01609502094540418 0.02740117618260464 0.9994949353771517 0.5012167855960652
0.9998744868942565 0.007989383576501878 0.013681381802100283 169.17159755701178 -0.007643084869274507 0.9996537259560199 -0.025179583712366314 0.42564935787086094 -0.013877813647271165 0.025071855382370844 0.9995893198489354 0.5044711012010142
0.9999092556127316 0.00730202739576891 0.011320818694090096 170.5766878303405 -0.007051519601608886 0.9997328325293227 -0.022012260997124562 0.4254120354092513 -0.011478528272437418 0.021930434533060348 0.9996936027753154 0.505646413590684
0.999931378125729 0.006903700998843275 0.009464562963974885 171.93303798311138 -0.00675182973362563 0.9998494281153663 -0.0159854275083021 0.4230363008380916 -0.009573496478748167 0.015920427440669516 0.9998274291872962 0.5023999999657484
0.9999159924003264 0.007314844822945833 0.01070052275764079 173.2766335243973 -0.007172335663632858 0.999885877066116 -0.013296256798522813 0.426877784484529 -0.010796561637796827 0.013218392070910382 0.9998543435760336 0.5029765138614972
0.9998826988881089 0.007956676855643942 0.013087389260131331 174.6660158425979 -0.007850556582466908 0.9999360519206039 -0.008140075600437861 0.4380371103332624 -0.013151320297857032 0.00803637747061562 0.9998812226517573 0.5237165246297045
0.9998450412941389 0.008030177068833542 0.015665556350313893 176.0551657989419 -0.007934602669847789 0.9999495865543605 -0.006153570527351755 0.43601940617856266 -0.015714180856580603 0.00602831701278456 0.9998583519249115 0.520061471954633
0.9998328014029557 0.007048041015741303 0.016872888210322973 177.46251194744337 -0.006888629301203488 0.9999312660987887 -0.009487352867050212 0.42537575033988373 -0.01693859572302936 0.009369535522839615 0.9998126303358135 0.5087382425318983
0.9998412118132279 0.005749781024134687 0.016866866277716847 178.85436661190712 -0.005556614439853326 0.999918697666655 -0.011477024552872393 0.4246674918087847 -0.01693148534011989 0.011381479464240266 0.9997918717059978 0.5036565705879236
0.9999089627199175 0.0036235025124871827 0.012997557536727714 180.19247348260254 -0.003434014536235741 0.9998879324990763 -0.014571547168630633 0.41870134853264973 -0.01304890097071282 0.014525586813093124 0.9998093485816142 0.48514090896604134
0.9999564030409099 0.0019602582716052694 0.009129589530415627 181.60898960813486 -0.001853576814397876 0.9999300792294444 -0.01167907980921552 0.43038512338452656 -0.009151845195281557 0.01166164824137232 0.9998901188079699 0.49727562211535664
0.9999632413613977 0.0011345024425751498 0.008498754627296518 183.00255928247537 -0.0010669410088452519 0.9999678299333501 -0.007949889009932785 0.4430780073515769 -0.008507500390293686 0.007940529112999764 0.9999322829244562 0.5012608643472014
0.9999532415338818 0.0008068423805437199 0.009636584003433812 184.3269410584013 -0.0007559587021964208 0.9999857605078721 -0.005282736784403722 0.4633835295174338 -0.009640709119294669 0.005275204912197935 0.9999396126470895 0.49468288118327053
0.9999214167880682 0.0014142947919923879 0.012456324449197934 185.77897858694493 -0.0013878280678307597 0.9999967617976289 -0.0021331496690237105 0.4683587782560417 -0.012459301015566006 0.0021156948025785843 0.999920141638174 0.4980113489136284
0.9998852789500461 0.0017863844418008088 0.01504120239922259 187.14458837414972 -0.0017822689349193876 0.9999983705684145 -0.000287015608135516 0.47170123418288157 -0.015041690610829248 0.0002601752136236282 0.9998868335228873 0.5058130150941446
0.9998756107121162 0.0020170577468772185 0.015642716551750063 188.5975426590757 -0.0019805367762506408 0.9999952778635487 -0.002349835032955297 0.47870568827298515 -0.01564738243766514 0.0023185617632376977 0.9998748840200955 0.4927910532917956
0.9998660724888854 0.0018307962019637033 0.016263003133423194 190.0158370018668 -0.0017835817245644048 0.999994154334885 -0.0029172131032518802 0.47317529362250893 -0.01626824888802287 0.0028878160129862636 0.9998634929813132 0.48920318531190043
0.9998512882756396 0.002214844212214393 0.017102508548729006 191.37012127284325 -0.002105077517774008 0.9999770890964849 -0.0064335006617549685 0.4826954012942375 -0.017116365916510747 0.006396541818534418 0.999833043198001 0.486461458013685
0.9998462191320019 0.0025277633955997276 0.017353630734133655 192.82368186917682 -0.0023926023091793806 0.9999666782918338 -0.0078049830356037905 0.4891993147880641 -0.01737278163193539 0.00776226244157073 0.9998189504806143 0.4833053695559535
0.9998323844018465 0.0027776494777714137 0.01809662301914066 194.1798200393745 -0.002588419858642658 0.9999418204057734 -0.010471670651020303 0.47434561742633846 -0.018124656795471736 0.010423073777283352 0.999781404282496 0.4740344379150157
0.9998009287357931 0.00329987799598561 0.019677746422219512 195.63353869312706 -0.0029931317254790106 0.9998738698378193 -0.015597614497651348 0.47621137339232217 -0.019726734689742592 0.015535611373712411 0.9996847006520233 0.46030171236827544
0.9997860303752659 0.0035871621493209173 0.020372180398336142 197.04952334564632 -0.0031992227916120414 0.9998135400735693 -0.019043373101598222 0.4641625426453327 -0.02043669347026329 0.018974123254356816 0.9996110864765011 0.4588521131805691
0.9998534957636573 0.0036199357574153855 0.01672970634249737 198.460154485009 -0.0033338907585320774 0.9998483217554448 -0.01709440420812302 0.46275445405069104 -0.016789049455052114 0.01703612479212057 0.9997139082109757 0.45296083589051295
0.9999263842545277 0.0037678383700125453 0.01153384002333325 199.90073655377424 -0.003638925728621469 0.9999309077928661 -0.011177560560176807 0.48282686387214724 -0.01157515836643108 0.011134766928512898 0.999871008017654 0.444694018021341
0.9999302273790552 0.004832931196632746 0.010778828773081969 201.35161714007583 -0.004823636810073273 0.9999879718196839 -0.0008881125376270614 0.483588314481644 -0.01078299131017511 0.0008360574164483022 0.9999415123427975 0.43487251617394873
0.9998751250579867 0.0060500768950181305 0.01459900201520506 202.77795179738467 -0.006127023697051187 0.9999675437583848 0.0052317311129979815 0.5018651444825695 -0.014566875810940613 -0.005320526232179076 0.9998797418338474 0.42501655983902387
0.9998346619626661 0.00685262242706791 0.0168431084979313 204.19889728706167 -0.006971713441478036 0.9999510415354328 0.00702208970984623 0.49276258936651834 -0.016794164155770126 -0.0071383540172269225 0.9998334861126795 0.42248965689358825
0.9998319300032331 0.006319210539163357 0.01720986124789432 205.69701942453193 -0.006448648791057752 0.9999512603365579 0.007476087218516709 0.4862081749244066 -0.01716177947590626 -0.007585811063492569 0.99982394890087 0.42078727808571903
0.9998310849485357 0.005304299547561861 0.01759732868772012 207.12412148108862 -0.005360909569247124 0.999980601389317 0.003171355175646114 0.48563922920670877 -0.01758016550616851 -0.003265157173778594 0.9998401254847727 0.41450016098807957
0.9998416563569152 0.004308268182697613 0.017265602761738948 208.55572494260744 -0.004327964566596547 0.9999900253622311 0.0011035845026548922 0.4779461763256724 -0.017260676005605834 -0.0011781346740380276 0.999850329330605 0.40568545063027406
0.9998531761152885 0.003877904399256764 0.01669095772088369 210.04323066676025 -0.0039037160482543022 0.9999912341487925 0.0015141421959186116 0.4859698085290016 -0.016684939711749145 -0.0015790766431951486 0.9998595497887541 0.3969286034397633
0.9998514863746474 0.003771729269957519 0.016816041529520875 211.50482070843324 -0.003813264420285538 0.9999897560890704 0.002438592090251248 0.48836463689365467 -0.01680667155832497 -0.0025023539389537343 0.999855626586106 0.39399789950869774
0.9998409591323946 0.003362814748626454 0.017514220455951975 212.93893181322252 -0.003429979162903704 0.9999868738643333 0.0038062241106067173 0.4845833848025521 -0.017501190935342446 -0.0038656921766402827 0.9998393694688363 0.3811436787828701
0.9998394933316311 0.003172712741333945 0.017632965383282594 214.3806230344931 -0.0032330418111301508 0.9999890142893116 0.003393927126257234 0.5049080533367568 -0.01762200371678968 -0.003450390492659875 0.9998387668971701 0.3841375605453888
0.9998510594555546 0.002860555199980127 0.017019874545740145 215.85705487404195 -0.0029279172123886357 0.9999879744431058 0.0039342432527430405 0.49987024206077446 -0.017008415752275845 -0.003983490068046164 0.9998474111585605 0.3790810319767028
0.9998611445230403 0.002498953846790082 0.016475645745988667 217.33466541407748 -0.002555495763853385 0.9999909148692507 0.0034116887841112342 0.5028020325095927 -0.016466970409781782 -0.003453318495348502 0.999858446719781 0.36681889453405775
0.9998597387501889 0.00192647795368517 0.016637052295950392 218.79032749675758 -0.0019757767087961557 0.9999937049557726 0.002947262327012032 0.4979464992810062 -0.01663126972907366 -0.002979720040743886 0.9998572508791831 0.3649164962871149
0.9998668651057697 0.0018704981568196275 0.01620966687522861 220.27314162738205 -0.0019380277053540056 0.9999895053311831 0.004151298123363785 0.5091708973109725 -0.01620173176465496 -0.004182160224225965 0.9998599969114101 0.3552287996027209
0.9998667421222736 0.0018548158481247825 0.016219052252231983 221.7635184213213 -0.0019001403063438147 0.9999943317517177 0.002779555945074869 0.5222481637536288 -0.01621380475419924 -0.0028100040222637686 0.9998645990396837 0.3484374768102251
0.9998701528762971 0.0012254643357707566 0.016067844419582672 223.247844010769 -0.00130809893210178 0.9999859686769395 0.005133354305611832 0.5167453500964201 -0.01606132822384233 -0.005153706084446734 0.9998577264037524 0.3500201822397579
0.99986728035764 0.0008751640796211592 0.016268243852673416 224.7339896133574 -0.0009428081354715285 0.9999909407847177 0.004150838627890571 0.5202682740053975 -0.016264463810282657 -0.004165625562726519 0.9998590474565078 0.3392901355259695
