1.0 0.0 0.0 0.0 0.0 1.0 0.0 0.0 0.0 0.0 1.0 0.0
0.9999892969968681 0.0045303436830397 0.0009390835016066084 0.039943307140294725 -0.004530076220123923 0.9999896980404844 -0.00028674438223567125 0.09102212710657549 -0.0009403728778071016 0.00028248719337031135 0.9999995179498019 -0.00628761029104685
0.9999637300483544 0.008450719169239842 0.0010601572075208815 0.08804502706467586 -0.008448495746652325 0.9999621381888767 -0.002084492347935716 0.18235419008493098 -0.0010777325274917637 0.002075460009840528 0.9999972654754345 -0.016986303047208294
0.999903272013889 0.01390255272490257 0.0004069934275378253 0.1242845434578502 -0.013900966098324712 0.9998966367295877 -0.0036713755449616086 0.2569665115407537 -0.00045799285145286536 0.003665362818360443 0.9999931776557067 -0.026751803903007562
0.9998167275251041 0.019142574531669964 0.0002705573717131372 0.20161922085497827 -0.019141469460727534 0.9998102200688394 -0.0036232572063281112 0.3283030725517306 -0.00033986449647330463 0.0036174142973447007 0.9999933993811787 -0.03371741626051072
0.9997011159048959 0.024444504417277715 0.00038087045017158453 0.3034078195539254 -0.024442265293850494 0.9996884241308576 -0.00506264022697187 0.39633463100717786 -0.0005045055115213433 0.005051817747743111 0.9999871122227688 -0.04322522256768422
0.999498679406209 0.03161145709416796 0.0017622842074622644 0.46404684849838446 -0.031598154186780546 0.9994752593661947 -0.0071247853908933635 0.4372878239856845 -0.0019865843130196757 0.007065528661142246 0.9999730655310201 -0.051800525567147856
0.999224177042374 0.03930438044308533 0.0024919253551609973 0.7314395622556191 -0.039285094558055664 0.9992008918456371 -0.007366076326504341 0.4180283188078826 -0.002779453103599356 0.007262466032173498 0.9999697651567153 -0.059812357454716844
0.9989261104365101 0.046303051081535596 0.0016289102878792418 1.1159078205194557 -0.046292552599705716 0.9989100207106405 -0.005980810787111019 0.3700102219018819 -0.0019040645967858295 0.005898981641643682 0.9999807880922528 -0.05760937276922058
0.9994776417766157 0.03217809052869418 -0.003002345513459752 1.7346356126524065 -0.032193867063436354 0.999467252863033 -0.005363336454478322 0.7889824454434445 0.0028281640965152214 0.005457191983915376 0.9999811100933326 -0.05866931700343724
0.9998034321390883 0.019568602566989533 -0.0031885539786540326 2.388831622471594 -0.019581926894582668 0.9997994231061721 -0.004202582023101149 1.064592957394006 0.0031056757710359495 0.0042641939614519965 0.9999860856171272 -0.061995352929685645
0.9999709368317014 0.007067745822802092 -0.002858751635560335 3.1056251976373144 -0.0070707166723348765 0.9999744712498265 -0.0010304437730446004 1.2113124219619988 0.002851395740531454 0.001050627247935423 0.9999953828516994 -0.06435511470768117
0.9999953183695822 -0.0025118745751519043 -0.0017474910690741562 3.890266403011657 0.002513493087547667 0.9999964137149604 0.000924613279503336 1.2661068111789446 0.001745162289484446 -0.0009290012575283511 0.9999980456807137 -0.057663404509930884
0.9999659552521537 -0.008216443730502336 0.0007605189485454337 4.652505682648314 0.008215733088574295 0.9999658151557586 0.0009328717471449134 1.2911116425089078 -0.0007681578385418266 -0.0009265917670714564 0.9999992756803537 -0.0513348455088514
0.9999264450181614 -0.011424509307611493 0.004072485779251037 5.496007758173114 0.01143031959185643 0.9999336828473189 -0.001406307727871441 1.310322666748056 -0.004056149327863389 0.0014527541009221878 0.9999907185360034 -0.04717760983429381
0.9999546628492507 -0.00927158599435581 0.0021702394316436948 6.516630297558629 0.00928071076380116 0.9999479742002128 -0.004232883250161738 1.297171086499115 -0.0021308809821435903 0.004252832707749003 0.9999886863161003 -0.02938026556761631
0.999967916623903 -0.008004624955206246 0.0003028236737660239 7.6319627811893405 0.008006036478815846 0.9999555049508393 -0.004989138042972666 1.306717835973454 -0.0002628740207280248 0.004991402391959254 0.9999875083216844 -0.01225083411441618
0.9999695086063287 -0.007808060790170279 -0.0001266661538691758 8.959453313043369 0.007807587375807261 0.9999637912040914 -0.003384946101433593 1.330017175114223 0.00015309143237170517 0.0033838539326455667 0.9999942630313315 0.017023678406994966
0.9999714129557312 -0.00753574666787888 0.0006211227543419194 10.346293672626269 0.007536425140207653 0.9999709986639548 -0.0010973272615832567 1.3539714263560618 -0.0006128355606971469 0.0011019769373812299 0.9999992050393864 0.016253891571244402
0.9999647886355031 -0.006581952567983735 0.005205707401155408 11.720501764893106 0.006584641820518843 0.9999781961949719 -0.0004996266063287893 1.3692152470868029 -0.005202305378301642 0.000533886732453274 0.9999863253983565 0.03492343986402436
0.9999544452967923 -0.006329052751371828 0.007144957834364804 13.09372037079542 0.006341975849446122 0.9999782918646581 -0.0017874959484023385 1.3770455445299523 -0.007133489574502823 0.0018327276695857765 0.9999728768500572 0.04226913124737374
0.9999561179777412 -0.005782170042942538 0.007370795647705518 14.485991181673215 0.0058188583792940065 0.9999707402414133 -0.0049658381167446515 1.4012592682654803 -0.007341866659607531 0.005008509821742593 0.9999605051317367 0.05780944359306936
0.999974595068319 -0.006116211716888631 0.00366076114840346 15.859396007408604 0.006142719718968264 0.9999546753719706 -0.007274214472437384 1.4109943031136174 -0.003616104589978622 0.007296516701208409 0.9999668417660774 0.0550546743354534
0.9999847209013843 -0.005124656563325448 0.002072645384165784 17.231258472580016 0.005138507425130029 0.9999641271235082 -0.006733513760470034 1.4152360219953146 -0.002038064086927071 0.006744061182145455 0.9999751816587996 0.07915014919815727
0.9999874145443184 -0.004969888952729595 0.0006862628993772744 18.61170406479642 0.004972734996770421 0.9999787750349036 -0.004209677700898393 1.4409386170496956 -0.0006653267027709411 0.004213037323722973 0.9999909037870732 0.08499122622197884
0.9999896249294933 -0.004448365982617402 -0.000980853432481481 19.97856487482963 0.004446245504331106 0.9999877964745905 -0.002153555852121051 1.4545253315880233 0.0009904212672059366 0.0021491723936626662 0.999997200057948 0.10435212491331951
0.9999903601360937 -0.0042902514307855966 -0.000934546706364032 21.387997477629554 0.004288610428886638 0.9999892709981515 -0.0017509166670482553 1.4665657785698092 0.000942048552346682 0.0017468918816986795 0.9999980304546998 0.11991244901280883
0.9999890028451174 -0.004612992409334014 0.0008452750199202292 22.7708231053814 0.004614394087295241 0.9999879693752399 -0.001663872588580712 1.4795767022370387 -0.000837589419112424 0.0016677547227702085 0.9999982585175584 0.1417295709765461
0.9999826597506222 -0.005023348440014681 0.0030734619765864614 24.182659810296762 0.0050239546040315415 0.9999873618981802 -0.00018953642005752814 1.48658113519903 -0.0030724710263810404 0.0002049740668963256 0.9999952589424731 0.16037284739655755
0.9999815060231465 -0.005244732063446742 0.003079025375402256 25.570348024132695 0.005240091183780232 0.9999851254317822 0.0015133933951752047 1.510018379481965 -0.0030869169190935494 -0.001497231032788503 0.9999941146042656 0.1677717088039524
0.9999837508064329 -0.004950826606831445 0.002826205761638409 26.97464994444338 0.004940620780852889 0.9999812905559203 0.0036067720216192483 1.5327047889766152 -0.0028440093877891617 -0.0035927502035655993 0.9999895018231826 0.17486510023875057
0.9999826901311689 -0.004611856514180929 0.0036537949481888353 28.376513335202215 0.00458981152556507 0.9999713520175296 0.006019034340625344 1.547978528228499 -0.003681449197068101 -0.006002159921765169 0.9999752101967743 0.1898390648486171
0.9999802703004389 -0.005119202101596774 0.0036404367463452425 29.780626214322158 0.005092934172587853 0.9999611920716367 0.007188627976538057 1.5666624354228669 -0.00367709550798187 -0.0071699456423592175 0.9999675348970639 0.19970042608421068
0.9999761952418936 -0.00548421639699478 0.00418716133640083 31.210495748035957 0.005456488139479239 0.9999632986272776 0.00660515977383068 1.57345526040456 -0.004223231787368386 -0.006582155343429853 0.9999694193045631 0.21702826883134055
0.9999722677719525 -0.006449383639512221 0.0037241291181860548 32.597268699595034 0.006430913749418334 0.999967068016317 0.0049503768743490405 1.5845426604532575 -0.0037559333548495472 -0.004926290036217888 0.9999808121314693 0.2240176870534648
0.9999636106415123 -0.00717793646945263 0.004610273400854567 34.03187571589061 0.007150755083171236 0.9999571128855551 0.005885498392286416 1.5992533799968958 -0.0046523214130825006 -0.005852317286819571 0.9999720527533976 0.24593099698028426
0.9999532144684213 -0.008194631260600561 0.00513973664442081 35.432981171542465 0.008166871888688079 0.9999520760815338 0.005398865045908381 1.6235493990330758 -0.005183732036377891 -0.005356636886420707 0.9999722172957817 0.25045244865349325
0.9999416012140281 -0.009248871550158055 0.005590396817253873 36.868271237915465 0.00921745621803117 0.9999417287235248 0.005619400170597839 1.6465167480882958 -0.0056420441680621256 -0.005567542766545527 0.9999685844091044 0.26235543552766677
0.9999359126790689 -0.009632185495947047 0.005949078689102646 38.27999311415528 0.00959736815498099 0.9999368107203586 0.0058536391155872974 1.6680740874978621 -0.006005086108893419 -0.005796168473176413 0.9999651710794007 0.26996414303140137
0.9999069745348315 -0.011486052480266545 0.007356145391476284 39.70861381627481 0.011438823136034797 0.999913896621681 0.006430604023633157 1.6834890927306991 -0.007429374257801936 -0.0063458601676064895 0.9999522660891722 0.2812305425923403
0.9998934073309498 -0.011851444160879153 0.008527440847332526 41.15666412299872 0.011811871859542742 0.9999193037250451 0.004676079682247398 1.7100914187402583 -0.008582171011867224 -0.004574856207854854 0.9999527073974052 0.2887983222420985
0.9998826651924468 -0.012716989919301836 0.008540141394707598 42.58800912140162 0.012694891375305764 0.9999159398344274 0.0026368538076262885 1.7233293041307254 -0.008572956352298202 -0.00252812824555666 0.9999600556957041 0.29589724959201513
0.9998728500692391 -0.013684247534273554 0.008186883646282908 44.016109711405086 0.013686079709623485 0.9999063271438371 -0.00016780912894270226 1.7387950884789702 -0.008183820415849722 0.00027983413418001694 0.9999664728260935 0.29865960766530275
0.9998748691722399 -0.013202367401536488 0.008714556373732413 45.451441084293705 0.013208857788736416 0.9999125227889712 -0.0006876377767644983 1.7721148353213698 -0.008704715602077464 0.0008026610679128506 0.9999617911007885 0.3098297193393238
0.9998731640758491 -0.012767538729960637 0.009520804363550382 46.85913776913402 0.01277777707542377 0.9999178454037215 -0.0010153108833972776 1.7903355556811522 -0.009507059164684924 0.00113683682123925 0.9999541606634181 0.32460054177208364
0.9998669620852968 -0.012352076697818142 0.010652902495138427 48.29012415518635 0.012385718573985112 0.999918495397782 -0.0030978277618394596 1.8064316120597161 -0.01061376962844722 0.003229359485594803 0.9999384576720646 0.3318638184609842
0.9998769175174911 -0.011801503425073544 0.010338004286531624 49.71109831611633 0.011851797656304603 0.999918160889497 -0.0048173037770082965 1.8305896034778486 -0.010280306806432453 0.004939234786274405 0.9999349575105831 0.3386684918382911
0.9998891165032007 -0.011412327105779574 0.009566268262983943 51.13545358546311 0.011464143063718452 0.9999198150382108 -0.005379304580051374 1.8572205247801468 -0.009504110808659644 0.005488377171901947 0.9999397729832311 0.3430992568177501
0.9998960865605436 -0.01072941054234012 0.009627867381920363 52.57654985679401 0.010786028232545222 0.9999247279673112 -0.005848076133681357 1.8775608053290458 -0.00956439626305094 0.005951314889376697 0.999936550074659 0.3556209949493844
0.9999031016097378 -0.010122502527547221 0.00955627196170748 53.971931784560276 0.010160819465715983 0.999940498199599 -0.003969610575729583 1.8966682928594119 -0.009515520953234434 0.00406632548102302 0.9999464584956891 0.36472206196370255
0.9998958473782834 -0.009422365458894914 0.01093221957443837 55.4010762711179 0.009439415078082035 0.9999543090990117 -0.0015090252820294152 1.9281265133615209 -0.010917501483782219 0.001612061871377912 0.999939102854706 0.3700381460099439
0.9998851403364948 -0.0088735767119301 0.01228681287420129 56.79230518069352 0.008845386526182128 0.9999581249776959 0.0023467910629418236 1.954696671135509 -0.012307122794162023 -0.0022378399022628358 0.9999217603398284 0.3743733632886373
0.9998834921858448 -0.007985388224349696 0.013009059502750034 58.21806633155945 0.007909419000149326 0.9999514278284104 0.005880737624122546 1.9706824863941863 -0.013055387597453802 -0.0057771583698312135 0.9998980854546378 0.38473371145035756
0.9998872023512231 -0.007697653086183856 0.012896848886809557 59.600822893212005 0.007555622386232636 0.9999106705113371 0.011025586965105269 1.9977892100028378 -0.012980567961422064 -0.010926899584658178 0.9998560434986957 0.38461987083948496
0.9998996277385803 -0.006972808960172116 0.012333465995144758 61.00779826422408 0.006797936380672117 0.9998765734493527 0.014164248237924993 2.0265685702490086 -0.012430708315006957 -0.014078984423109868 0.999823614288241 0.393399691137928
0.9999100752882605 -0.005976776516611618 0.012004977280097178 62.42801983703511 0.005789144355875444 0.9998614918780119 0.015603937551243651 2.047274251773846 -0.01209657574076255 -0.015533035825193867 0.9998061800436128 0.3925589023549524
0.9999014748694749 -0.005770121633269996 0.01279633737387818 63.8182280716656 0.005569668344382834 0.9998620876173394 0.015645591712342626 2.0659654746287015 -0.01288484956770632 -0.015572778873181694 0.9997957137384539 0.3962299546960687
0.9998962658115673 -0.005934072882775561 0.01312419121718802 65.1884948465944 0.005753220311652085 0.9998885662019519 0.013775181837292096 2.0755689663082024 -0.013204471671710356 -0.01369824651649896 0.9998189836016539 0.40003446646712343
0.9999032811332654 -0.005948544742361245 0.012571523152673207 66.59844749431919 0.005777739453787922 0.9998911001081523 0.013579604239935298 2.0911975665061724 -0.01265093299856633 -0.013505655850689099 0.9998287609157424 0.40812811940483823
0.9999053370056971 -0.006009596449506907 0.012377470583176915 67.9821366978206 0.0058459723148941685 0.9998956080611962 0.013213538043401007 2.1024870263598974 -0.012455586506336295 -0.013139928859966813 0.9998360868834142 0.41701962923859687
0.9998999430229819 -0.0063504107256354275 0.01264026211173272 69.37372865863735 0.006187588287808297 0.9998979180061018 0.012878948646657607 2.11768246748057 -0.012720758382193602 -0.012799447280191466 0.9998371649701282 0.41473978241950143
0.9998947608876825 -0.007069875780032766 0.012668228203621637 70.75850897398048 0.006907346200484924 0.9998938617964668 0.012827849009658453 2.1362647093528224 -0.01275757491966146 -0.012738995180266574 0.9998374679336468 0.4212827242827345
0.9998855249301701 -0.0077802050969162494 0.012977112304673513 72.1364767399807 0.007613004001660275 0.9998880119270664 0.012884322823085437 2.152208443793899 -0.013075901696972753 -0.012784053081425079 0.9998327804096155 0.4194263494674691
0.999863264888451 -0.008853532879912848 0.013966620283791415 73.51290577378202 0.008687045191481469 0.9998910232751363 0.011936365428464912 2.1714348605225946 -0.014070777251043044 -0.011813404646629003 0.999831214104764 0.4252124948425601
0.9998304052389551 -0.0102199595652708 0.015320352025690872 74.88712313793383 0.010058556105251025 0.9998934861835054 0.01057552537105472 2.188643843809765 -0.015426801638200248 -0.010419631196953886 0.9998267075233264 0.4300868774747643
0.9998156285865889 -0.010829514058387151 0.01585655887206798 76.27173510993528 0.010702185640898056 0.9999099794468246 0.00809297381427393 2.20333805054525 -0.015942774429562698 -0.007921781864578393 0.9998415241004837 0.43329348414541746
0.9997999717863386 -0.012022700284061428 0.015983463139008065 77.63593573200716 0.01192683665369351 0.9999103909083259 0.006079532958618344 2.2246159103822736 -0.016055123278022918 -0.005887684726481456 0.9998537734014354 0.42852174347264543
0.9997943934495415 -0.01257033137510866 0.0159109269366485 78.99364053208427 0.012490781284513254 0.9999090357761016 0.00508925890569267 2.2473158505632065 -0.015973453282426487 -0.004889472612325134 0.9998604611883638 0.429331002897327
0.9997973816025283 -0.012721647709549156 0.015599853213491584 80.34481005156941 0.012659230365105432 0.9999114900890694 0.00409339399762043 2.2685542427293695 -0.01565054718824724 -0.003895082465196992 0.9998699358943132 0.4307133920342291
0.9998024950082552 -0.01283220897339125 0.015175815896710097 81.70623423038184 0.012768969138830827 0.9999094127398113 0.004256728962145174 2.2946181970823 -0.015229064396712223 -0.004062108712084977 0.999875779719867 0.4290881459919352
0.9998084558637336 -0.01268926686787139 0.01490080835835574 83.05976710334953 0.012626913941127684 0.999911155049995 0.004271188465564174 2.316673391843119 -0.014953682747064625 -0.0040822191196645125 0.9998798542121744 0.42990559034913783
0.9998192523646033 -0.012519969010857248 0.014307794276294406 84.41719294624312 0.012447618737983378 0.9999093421124349 0.0051346220923718065 2.3439554621801717 -0.014370782471368559 -0.004955596053437141 0.9998844546640956 0.43190555192710356
0.9998200413070428 -0.012191801235099173 0.014534269277371985 85.7720937690065 0.012107279086463738 0.9999093611711435 0.005889247442440379 2.364343667628452 -0.014604752442468947 -0.005712217166709177 0.9998770283295515 0.4313597431731904
0.9997990782706867 -0.012025331457716216 0.016037284446484758 87.12219885845042 0.011907548639658866 0.9999015743880929 0.007419691476563197 2.3900909817819675 -0.016124930216269446 -0.007227235954726193 0.9998438646538644 0.4401062765437787
0.9997753622368768 -0.01206929505360711 0.01742289244157711 88.45508643573537 0.011941108620924816 0.9999010028845345 0.007442738434558416 2.4178749743122046 -0.017510996231655838 -0.007233017863309404 0.9998205081231151 0.4344732027475157
0.9997861419316827 -0.011785280533212048 0.016993456508750157 89.80148364107627 0.011678100245666262 0.9999113740571774 0.006392652480754509 2.435723236802517 -0.01706728965048228 -0.006192834071813997 0.9998351646297232 0.43577641628841685
0.9998222481054406 -0.011968825466883775 0.014567752411611271 91.14331206561606 0.011863306958213204 0.9999029207355808 0.007308286561830021 2.4639514638663336 -0.014653809791243427 -0.007134165781497478 0.9998671759474876 0.4327338287532833
0.9998337230763078 -0.011804520069899082 0.013898903024645947 92.4693833702951 0.0117046850798539 0.9999052687071339 0.007242510538181564 2.4830604552809845 -0.013983080724597422 -0.007078623992950557 0.9998771757250067 0.43130494591767315
0.9998245785935471 -0.011806464614030749 0.01454026937692396 93.81568870904101 0.011735184607211034 0.9999187499068245 0.0049778536547200524 2.507130381108185 -0.014597858831710567 -0.004806347687254044 0.9998818937951814 0.43501055938880034
0.999785708735298 -0.011032425238829021 0.01751634099940733 95.14856862337977 0.010989032857431455 0.9999363120487217 0.002571576026458364 2.5250654010844675 -0.017543596139793054 -0.002378537313394916 0.9998432701152379 0.4316081123422223
0.9997884185077962 -0.010319450412256877 0.017794020368327317 96.48552676932407 0.010315975940254376 0.9999467477061291 0.0002870406503877129 2.5408623966064283 -0.0177960348976835 -0.00010341723189851979 0.9998416326832947 0.43519546556571975
0.9998112330018365 -0.009243021697336706 0.017089906765395107 97.83212987092672 0.009249282472104 0.9999571831887978 -0.00028733756492827915 2.5566530314067704 -0.017086519162736583 0.0004453527001737486 0.9998539155916097 0.4295511702366123
0.9998600596367208 -0.008361405406703576 0.014489583944273937 99.14547131507594 0.008343245890473978 0.9999643321394582 0.0013132771597613464 2.575787953444428 -0.014500047974558634 -0.0011922032175807817 0.9998941580288503 0.4278712933938796
0.9998874140035623 -0.00785232424390805 0.01278672441391402 100.4732141554292 0.007797994680934714 0.9999603789286727 0.0042932332549544105 2.598274628080699 -0.012819929649766604 -0.004193039088044182 0.9999090297756997 0.42958529225646036
0.9999002102425022 -0.00645250800618078 0.012567207224761116 101.78747121407568 0.006370840471779634 0.9999583999510504 0.006527691706741704 2.6189163798191166 -0.012608804411325038 -0.006446976637564519 0.9998997222439616 0.42422495163761614
0.9998775463666699 -0.0048609075339338895 0.014874940326411446 103.14685457755263 0.004737831187696196 0.9999543457311388 0.0082981569668621 2.636877651840123 -0.01491459779560448 -0.008226665871197972 0.9998549278476548 0.42797848313566694
0.9998405053858653 -0.004161547086645951 0.01736793930156139 104.44993578161488 0.004026717469659868 0.9999615430002291 0.007790896419566099 2.6519432792205038 -0.017399693565020854 -0.007719718028950309 0.9998188118941335 0.4224674544432697
0.9998280681681354 -0.003243278821835597 0.018256923225401143 105.80747913335478 0.003106008965842938 0.9999667339803164 0.007542124438319314 2.6606836236683806 -0.018280777102696218 -0.00748412153982168 0.9998048815210389 0.4252264024504335
0.9998374389756706 -0.002414032435013653 0.017868074042132268 107.15142539882696 0.0022737737530579903 0.9999664787057643 0.007865838652957167 2.673412975435223 -0.017886463470801695 -0.007823932016393835 0.9998094120942804 0.41440302640988347
0.999839880849165 -0.0005078030409786927 0.01788728038576935 108.46185613507775 0.00034707325853602575 0.9999595499255766 0.008987661141332672 2.682720050457888 -0.017891120805605367 -0.008980013847972894 0.9997996134964293 0.407044241077386
0.999845687661195 0.0004543517033130082 0.017561162542432403 109.82656707404172 -0.0006539446421668784 0.999935242045034 0.011361517184966197 2.696944791813405 -0.017554863192774117 -0.011371247990831857 0.9997812368200425 0.4000553449280614
0.9998612826210436 0.0014203868935584812 0.016595120260916314 111.14230658328296 -0.0016139970403528559 0.999930727460618 0.01165912919703251 2.7011002203546934 -0.01657741020049272 -0.011684296348174803 0.999794312191209 0.4000129084293908
0.9998719579354799 0.002617792503643161 0.015786541631328692 112.47998675270898 -0.0028304449335506987 0.9999053606002218 0.013463224889246098 2.705659393161754 -0.015749803673314203 -0.013506183966914862 0.999784740171055 0.393707619159707
