1.0 -2.1684043449710093e-19 -2.5135375298442207e-37 0.0 2.1684043449710093e-19 1.0 2.3183291766350204e-18 -8.673617379884035e-19 -2.51353752984422e-37 -2.3183291766350204e-18 1.0 0.0
0.9999996051917989 -0.0005752605321510217 0.000677267721610383 1.3273296131564947 0.0005753941083097035 0.9999998150465057 -0.00019704967556571635 -0.005147294397329037 -0.0006771542414461252 0.00019743929362565135 0.9999997512398984 0.014190926913472833
0.9999991949433092 -0.0005967494779263065 0.0011198226618697432 2.628292109638085 0.0005974884623972986 0.9999996039058764 -0.0006596935863360372 0.0026109771196390695 -0.0011194285465113297 0.0006603621363656997 0.9999991554004325 0.02238872817330788
0.9999991297251735 -0.0011131932896795331 0.0007080604462187886 3.9562097944440935 0.0011146090694200458 0.9999973742646027 -0.00200227633515423 0.00047344728201316797 -0.0007058296664590338 0.0020030638032185926 0.999997744767398 0.05173028230973858
0.9999996288164539 -0.0003334231744514298 0.0007944784082740131 5.26656695477245 0.0003353454767374765 0.9999970139353063 -0.0024206742618351922 0.013528144349004451 -0.0007936689270133944 0.002420939788061316 0.999996754564822 0.062422889273245956
0.9999985624519988 -0.0008230334252767769 0.0014824675095542143 6.580017076130548 0.0008269321088967915 0.9999961965545122 -0.002631170803436302 0.010655802676431235 -0.0014802963295510137 0.002632392920986019 0.9999954396047446 0.07085588757270843
0.999996247178893 -0.0006763498281607705 0.0026548406807742927 7.934154671954254 0.0006866830530920842 0.9999921855418923 -0.003893240492699516 0.0077855169497888154 -0.002652186742094785 0.0038950489161685676 0.9999888971880767 0.1054481517595619
0.9999943208871476 -0.0004784892225714305 0.00333605178564288 9.245016304818481 0.0004906606953463245 0.9999932234509248 -0.003648603062912551 0.025331701427165936 -0.0033342833614811935 0.003650219211572858 0.9999877791524119 0.11684426328307827
0.9999972800596305 -0.000936087641561636 0.0021362615167908527 10.592395867439258 0.000943348187558269 0.999993774201855 -0.0034002428922792023 0.02514842210798892 -0.0021330652915080937 0.003402248882251309 0.9999919373349994 0.12570226252838435
0.9999997520298489 -0.0007013752730453453 -6.33479849271103e-05 11.885806426900698 0.0007013187807406476 0.9999993603008199 -0.0008874400929933392 0.04878311471592652 6.397037294099087e-05 0.0008873954458031338 0.9999996042184788 0.13736057964177795
0.9999992152263382 -0.0009485537461155445 -0.0008184085157799917 13.244325817087784 0.0009504471015822814 0.9999968659726912 0.002316181146309335 0.041034950071814874 0.0008162089285623396 -0.0023169571826331084 0.9999969827516475 0.15178842441226006
0.9999991664905933 -0.0008331806567628648 -0.000986320491497274 14.581597206990407 0.0008390773463351127 0.9999816883948583 0.0059932315302621665 0.06321663814439497 0.0009813089858033749 -0.005994054134027951 0.999981554003729 0.1781201858473822
0.9999998781786836 -0.0004294569986349405 0.0002433296208259242 15.926674262817528 0.00042801985037109084 0.9999826459437978 0.005875764652275411 0.08514665249150588 -0.0002458487863222602 -0.005875659786574129 0.9999827079407158 0.189399835144987
0.9999966242385943 -0.00016586472706196393 0.002593067740717943 17.2687177671762 0.00015222236923279563 0.9999861524115277 0.0052604005112910565 0.07516802867292895 -0.0025939043478780304 -0.005259988030518959 0.9999828019451898 0.21708686466477925
0.9999875027987855 -0.0001150956701016495 0.004998099562417835 18.641393815053068 0.00011730224766192823 0.9999998957947135 -0.0004411924125411617 0.08869822132717207 -0.004998048262253072 0.00044177318718351756 0.9999874120957819 0.21567791872525705
0.999995606390817 -0.0005086975859116382 0.0029203468678169033 19.967901494866926 0.0005145013845743472 0.999997893638806 -0.001986959052536483 0.07078353492546209 -0.0029193299552382574 0.0019884528451218726 0.9999937617644898 0.24979134630359542
0.9999997485060007 -0.0003168163740754968 0.0006345197557929359 21.327340977342327 0.0003185635380394369 0.9999961533677268 -0.0027553161383073303 0.08657469361874293 -0.000633644385760395 0.002755517580220217 0.99999600280084 0.24661898541253818
0.9999999590449985 5.60967454039224e-06 -0.0002861442520412181 22.683755705589807 -5.747117858120336e-06 0.9999998846249218 -0.0004803302131391939 0.08987969250083831 0.00028614152453113506 0.00048033183797201016 0.9999998437021645 0.2960712523885884
0.9999991285697429 0.0007472637908563783 0.001088327423899331 24.054644713578266 -0.00074998371068686 0.999996591470872 0.0025009140471985627 0.10662848214451467 -0.0010864548717920905 -0.0025017280956662097 0.9999962804792559 0.28306716395267983
0.9999826785991865 0.0015880477375845939 0.005667504387200907 25.430138480161062 -0.0016013000431762444 0.9999959929069074 0.0023345252836115635 0.10990828513334773 -0.005663774339388253 -0.0023435602213833433 0.9999812145164133 0.28766835033753624
0.9999764626095545 0.0018797769889379475 0.006598535091521567 26.805612230824522 -0.0018847045145628336 0.9999979496820413 0.0007406217700729637 0.11025724227491021 -0.006597129358665678 -0.0007530406266456812 0.9999779551640324 0.3146045008825559
0.9999820208677173 0.001759052492367039 0.005732684854889479 28.178805924908065 -0.0017349553649000848 0.99998965083553 -0.004205728440635611 0.10395267259073625 -0.00574002362348678 0.0041957068729433595 0.9999747237668751 0.31504854624545064
0.9999930592033874 0.0014012284464663069 0.0034522606928323505 29.545782448292254 -0.0013880378671157275 0.9999917393319802 -0.0038202903921687945 0.11447606624703659 -0.003457585274424118 0.003815472007741375 0.9999867435508474 0.3235916858963826
0.9999954539719318 0.002663782517638637 0.0014129041612588814 30.91356505735539 -0.002657667488176398 0.9999871701440348 -0.004312348646339683 0.10675542516353498 -0.001424373192836082 0.004308574012828409 0.9999897036224841 0.35808886553231817
0.9999960973510953 0.0026934532947653 0.0007420188189824279 32.315172091034285 -0.002691778260762255 0.9999938476373331 -0.002249225928419811 0.12454578479292018 -0.0007480724388011218 0.0022472198003546918 0.9999971951914642 0.3465799304763358
0.9999940927474295 0.0029756716260145723 -0.0017204210588267848 33.69027415215604 -0.0029760893481344045 0.9999955425657524 -0.0002402931926894903 0.12474127631934584 0.0017196983565276262 0.0002454119000043906 0.9999984912041427 0.3827056822701053
0.9999938912395493 0.0032610569893093072 -0.001258169661334938 35.08808613350119 -0.0032596439304678746 0.9999940561861306 0.0011235274168792946 0.14159170585235675 0.0012618260699441496 -0.001119419368419376 0.9999985773466115 0.3794085373729475
0.9999956971884828 0.002844453442241595 0.0007174183823418361 36.478632351156165 -0.002843837240223993 0.9999955877925488 -0.0008584784133208131 0.12622624853529618 -0.0007198571188209643 0.0008564344983374839 0.9999993741626435 0.40024683334342365
0.9999941945372725 0.002614263440231517 0.0021855247463134636 37.87127640802916 -0.0026198797519723445 0.9999932633903171 0.002570876128700741 0.14211439833247272 -0.0021787890758136687 -0.0025765870156055 0.999994307022552 0.43125762453883654
0.9999936308499562 0.002420779292301929 0.0026226107487188777 39.265880717765135 -0.0024315603600440724 0.9999885752051 0.0041154554413213775 0.1380182172131712 -0.002612618176618229 -0.004121806265704584 0.99998809239879 0.4392837309724099
0.9999919495447114 0.0029362929227390393 0.0027347814609775005 40.67397612553124 -0.0029535799293140324 0.9999755481687794 0.0063387246469763445 0.15061475080455983 -0.0027161022382426836 -0.00634675101299119 0.9999761704861824 0.4520762953004841
0.9999905176458692 0.002904463088814917 0.0032447977613741597 42.102969076762705 -0.002933998583222672 0.9999539702677438 0.009135042314607149 0.15577347191438654 -0.0032181160109844395 -0.00914447592493564 0.9999530100406709 0.4792562595977883
0.9999925924281327 0.00226830958859431 0.0031096399265513382 43.489660804664624 -0.00230111300093309 0.9999413161890224 0.01058626738385583 0.16244095565849204 -0.003085444509215457 -0.010593344598182586 0.9999391286885441 0.4878866493400274
0.9999942059164473 0.001835684794910687 0.0028667742966408624 44.91160687030078 -0.0018607721281462253 0.9999597846900737 0.008773057030956082 0.16244740876777045 -0.002850554441027424 -0.008778340612839507 0.9999574066306344 0.49898676620707677
0.999994991869645 0.0011925419562514184 0.0029315660168542567 46.30914042431179 -0.001216818510071246 0.9999648696530671 0.008293299249270969 0.15609526684052527 -0.0029215729226125245 -0.008296824899140062 0.9999613128057759 0.5228412459082574
0.9999934822805203 0.000477476039809009 0.0035787446276927906 47.738027851088894 -0.0005068066558949024 0.9999662562310105 0.008199362557585644 0.17662680761256513 -0.0035747088681978463 -0.008201122848037645 0.9999599807194982 0.5278827984701078
0.999989455687142 -0.0006715720676599252 0.004542852131803427 49.14172559787582 0.0006347587506819343 0.9999669916758405 0.008100162967385362 0.17907064918622406 -0.00454814202306004 -0.008097193941589116 0.9999568739972792 0.5432511762710206
0.9999879314501706 -0.001294595173243352 0.004739301356348371 50.55738893809418 0.0012512819868369608 0.9999575310788006 0.009130735577098701 0.18897805052210595 -0.0047509206895388015 -0.00912469517994402 0.9999470829451301 0.5580670932967308
0.9999851084582733 -0.002796517446304809 0.004686400737002444 52.00659002721673 0.00275039282770927 0.9999480007377116 0.009819936860617128 0.1968954069788739 -0.00471361867237366 -0.00980690118364279 0.9999408014918612 0.5743335230805249
0.9999714969436208 -0.0038914242761030576 0.006470094082586831 53.41225003451882 0.00382551099134744 0.9999409794410028 0.010168731495277956 0.19740800564338612 -0.006509283062615211 -0.010143690239322855 0.9999273647532302 0.5946461638774175
0.999963566911973 -0.00481022784178198 0.007051705949218697 54.87572744464799 0.004749518004425003 0.9999517325223085 0.008600854862105286 0.21145369510060266 -0.007092737652679933 -0.008567049302035262 0.9999381474565547 0.6008588243618456
0.9999555424575033 -0.005425445913089376 0.007712175125375353 56.28094663161133 0.005384112875974707 0.9999710859956744 0.005370149082687524 0.21676979419380252 -0.007741087588903766 -0.005328387117662162 0.9999558409518219 0.590588082618666
0.9999573530557468 -0.005660243827543802 0.007297513929914095 57.70655083519266 0.005640349975326606 0.9999803287633005 0.002743818251579281 0.24051888490982365 -0.007312901059112663 -0.0027025407036007287 0.9999696084140982 0.5987821189147025
0.9999586282827196 -0.005755755315613276 0.007043649884011517 59.15354803005684 0.005737378747492396 0.9999800920908783 0.0026263866863391874 0.24318554646700694 -0.007058626498800494 -0.0025858659410624265 0.999971744145446 0.6249527781018547
0.999950877108326 -0.005288455378193299 0.008383054932563316 60.56405241759156 0.005261258009803733 0.9999808355966421 0.0032630665938483123 0.25257666911190296 -0.008400150858394856 -0.003218800887670924 0.999959537574597 0.659365082179701
0.999945903488291 -0.004737671616040438 0.009259836102440919 62.00621318796829 0.004721505067509891 0.9999872925400612 0.0017669601849800382 0.2656465357680112 -0.009268089710559662 -0.0017231442355157163 0.9999555656563249 0.6759602184678699
0.999954964025843 -0.003950203137223005 0.008629357754171537 63.39058780222415 0.003966990517461401 0.9999902706738726 -0.0019291303298342465 0.27640967038288183 -0.008621653339654652 0.001963276029953147 0.9999609055562727 0.6558291388380789
0.9999603065405488 -0.003875785056415077 0.008022694904332736 64.82928062114868 0.0038972341009122263 0.9999888688749976 -0.0026596414167283796 0.2859669918384359 -0.00801229740425452 0.0026908021665220305 0.999964280699069 0.6699850893263427
0.9999618004151799 -0.0032560533498159254 0.008111462692705292 66.26651599370537 0.0032913799921363606 0.9999851411134292 -0.004345615043060399 0.2899928067155863 -0.008097192610983251 0.004372146948383697 0.9999576590050613 0.6601079274366378
0.9999650678190783 -0.002505380322212137 0.007974096251422997 67.6249419979416 0.0025063222852331497 0.9999968533225384 -0.0001081370620697521 0.3037332524744593 -0.007973800235046635 0.0001281189397458711 0.9999682005420716 0.7102805253988919
0.9999543684931742 -0.0018513145230350538 0.009371956356810793 69.09221093649842 0.0018349470309485083 0.9999967769401406 0.0017547303850850488 0.3235918981861606 -0.009375174708280375 -0.0017374532706023957 0.9999545426444753 0.7002237560394486
0.999939634665445 -0.0009815926926565598 0.010943651169612776 70.41797833006873 0.0009266629785522882 0.9999869539732613 0.005023263779927467 0.34484374981553956 -0.010948439197466662 -0.005012819472539763 0.9999274990318424 0.6981366607249667
0.9999307363907608 -0.00048402816271287525 0.011759597687349755 71.93938983055314 0.0003739576468913388 0.9999561200614796 0.009360454437166056 0.36263798297419814 -0.011763612400489587 -0.009355408506828068 0.9998870404975561 0.7249758593678358
0.9999420463057225 -0.00025691664935353377 0.01076280742927033 73.29590474946176 0.00011104950617383664 0.9999081708095943 0.013551295739461509 0.37093097127232105 -0.01076530064287339 -0.013549315187361096 0.9998502509676247 0.7362540379326358
0.999938209995809 0.0009106683609362595 0.011079118805840981 74.68540333554031 -0.0011153905517588191 0.9998284957052617 0.018486077995905025 0.3772523390999685 -0.011060384003035193 -0.01849729328550603 0.9997677320492073 0.744202366041163
0.9999404444606687 0.0014683745424893776 0.010814407427293359 76.1430276386423 -0.001682050472013513 0.9998030221998948 0.019775932498016503 0.3988094804131812 -0.010783238753274815 -0.019792945110808428 0.9997459482717749 0.7466253850583638
0.9999376891193708 0.0015287606367551901 0.011058063552367945 77.5302009280399 -0.001737105990450965 0.9998207001526317 0.018856033757912945 0.40376095703053655 -0.01102725448108639 -0.018874067850283924 0.9997610560635939 0.7502316331797823
0.9999358907330931 0.0016267038728938607 0.011205724355240485 78.91982972054262 -0.0018261885262042495 0.9998396349875929 0.017814862989748683 0.4111191903698838 -0.011174947842494731 -0.01783418465718771 0.9997785066695177 0.7643169707501254
0.999941641186503 0.0016165338166324917 0.010681808819803216 80.29138592457838 -0.001798154882652847 0.9998536146451323 0.01701516735390057 0.4075335557111549 -0.010652739566005258 -0.017033381915607233 0.9997981711526862 0.7607919579833988
0.9999437467386795 0.0014941332260539572 0.010500996339130915 81.64594066016595 -0.0016573953486785722 0.9998776270851426 0.015555831550983218 0.41077711403456146 -0.010476468816820766 -0.015572360787214889 0.9998238570771569 0.7596728077459315
0.9999397773447335 0.0007999356151212993 0.010945400256564068 83.13563437178288 -0.0009723826775630428 0.999875346923329 0.015758968458653332 0.4145536505928878 -0.01093142971861904 -0.015768662529336966 0.9998159096185372 0.7734652027250852
0.9999429839019481 0.0007250006521712306 0.010653793658724254 84.4470145880389 -0.0009029950197464751 0.9998599398016471 0.016711833527206465 0.41979254528826 -0.010640185396065 -0.016720501006282685 0.9998035863612594 0.7847307792772724
0.9999372141054204 -9.661749322448709e-06 0.011205701840634316 85.88668034601558 -0.00020376113484741937 0.9998186140063747 0.01904462044178884 0.4243164340801079 -0.011203853287620334 -0.019045707994781284 0.999755837531588 0.8020827023746054
0.9999264162098614 -0.0014515722314774342 0.012043882420534665 87.21477326808481 0.001239222459146475 0.9998439859136368 0.017620106697406872 0.43407684264760815 -0.012067580262820185 -0.017603885093582586 0.9997722124245163 0.8001844338292678
0.999911511273901 -0.0022176197117000905 0.013116851175406442 88.58398312090685 0.002036397761773196 0.9999025192443483 0.013813221672068372 0.4329127128101156 -0.013146205007504153 -0.013785288231304177 0.9998185551000145 0.8079846490301925
0.9998981877599997 -0.003686261461837981 0.013784976993206804 90.00696688283288 0.003501558586570329 0.9999040974230388 0.013399068776706904 0.44385727655267354 -0.013833047449245899 -0.013349435682944593 0.9998152026075688 0.8221824637673542
0.9998937950200465 -0.004213120741477975 0.013951641266426115 91.35275572894253 0.004047897956379376 0.9999215968267346 0.0118496717932583 0.4504706694068467 -0.014000471511490448 -0.011791938478932536 0.999832454456428 0.847207182584759
0.9999003440118132 -0.004949141197940174 0.013221499402890448 92.76535965029457 0.004843511793675113 0.999956194591176 0.008009325329810954 0.46503693192915746 -0.01326055951166131 -0.007944488664292534 0.9998805141922211 0.8108822518017569
0.9999013980588166 -0.0052267836449157255 0.013033606283495407 94.13019496103652 0.005128376439343791 0.9999581791927057 0.007572292962183984 0.47500596665423966 -0.013072639944567928 -0.007504705080014742 0.9998863862892332 0.8317242632896917
0.9999024926593227 -0.005291176262798469 0.012923181784261563 95.42837185788488 0.00516900340088928 0.9999418084914856 0.00946895108333463 0.49606281488752174 -0.012972531654024472 -0.009401227820502333 0.9998716569330047 0.8409924992101033
0.9999134585029151 -0.005073436965101041 0.01213819352705784 96.8022963106205 0.00499761138851341 0.9999678608887466 0.006269056547364846 0.501510867276346 -0.012169609079529365 -0.006207852039619123 0.999906677239384 0.8307767529428384
0.9999206945453183 -0.004937913583007266 0.011585405882194158 98.1428294396842 0.0048705410579954495 0.9999711071923914 0.005836318208043552 0.5091902574656145 -0.011613890382245185 -0.005779428161151627 0.9999158543399137 0.8238759943616395
0.9999164948897361 -0.004648020649489426 0.012058157050984425 99.47129348014599 0.004533557121643108 0.9999445716955279 0.00950265207572009 0.5374120250645033 -0.012101657210856891 -0.009447192211938326 0.9998821432809276 0.8328951697722535
0.9998864476132164 -0.004615238144662192 0.01434543329044359 100.7368439268286 0.0044947079062363305 0.9999544250610114 0.008422909339388307 0.5395719230717735 -0.014383653230668793 -0.008357474365500215 0.999861621996749 0.8407905650642207
0.9998734911167969 -0.004363662018847336 0.0152957580947763 102.19576542295974 0.004198819987719643 0.9999329428778448 0.010792574223205472 0.5539263830536483 -0.015341827551480676 -0.010726984731877939 0.9998247647092677 0.8424965151926079
0.9998890302284257 -0.004456560422836502 0.014215002569683 103.51160812558768 0.0042948140584862194 0.9999259213570357 0.011388870465783215 0.5806961770800455 -0.014264704730961524 -0.011326555852551443 0.9998340999043079 0.8627404373433627
0.9999181643981149 -0.004473515397520797 0.011985498182917425 104.8099845889864 0.004355997348756473 0.9999423610563652 0.009813248805540476 0.5979334482620946 -0.012028707071094512 -0.009760236934109713 0.999880016792609 0.8515895240574546
0.9999321856716245 -0.003970957878030046 0.010947856022932577 106.16314518070392 0.003857802546620191 0.9999391232259545 0.010337659387920868 0.5931829704882562 -0.010988239962762042 -0.010294723679647202 0.9998866321973109 0.8609252092144585
0.9999154326607996 -0.004649764981062398 0.012145254727112361 107.49275544088262 0.004549385616341665 0.9999553755138162 0.0082794970581943 0.6264649537768345 -0.012183210466842592 -0.008223543435995842 0.9998919655223143 0.8703836129535292
0.9999034723052125 -0.0034597997566813495 0.013456442978105674 108.88185111734347 0.003386929003977414 0.9999794981740511 0.005434330087055687 0.6161244647144238 -0.013474968790366765 -0.005388229506686754 0.9998946905544014 0.8573762467928989
0.9998857106408063 -0.002426246831379427 0.014922432195958102 110.20074539153532 0.002392791352280579 0.9999945848056664 0.0022594045426604964 0.6239406150979073 -0.014927833261200263 -0.002223440050049674 0.9998861015678084 0.8727235147246554
0.9999047204725062 -0.0013750569299297404 0.013735326542847722 111.45621151244207 0.0013359775311676788 0.9999950350693891 0.0028539447449935306 0.6198143193540647 -0.013739182684403758 -0.0028353227348422386 0.9999015930601141 0.8799045686870763
0.9999218216584055 -0.0011937406453061794 0.012446909440004594 112.60145150940475 0.0011519222425805684 0.9999936702941775 0.00336636996284383 0.6450293156087934 -0.012450849227381225 -0.003351768913787614 0.9999168675438302 0.8666590263500035
0.9999516054700388 -0.00013986269508256026 0.009837029852474062 113.58726624102006 5.04800044122931e-05 0.999958720077162 0.009086010863595463 0.6448384533905633 -0.009837894574607726 -0.00908507457706014 0.9999103346051926 0.883420114709167
0.9999564571188642 0.0013201884778390055 0.00923801757263259 114.83054999122385 -0.0014295728611944396 0.9999288341683107 0.011844109094295157 0.6628792317160007 -0.009221723685072316 -0.011856799786873777 0.9998871816915598 0.8883973266041388
0.9999297993344508 0.0026011185939731852 0.011559869593778714 116.22769292995653 -0.0027578158725734088 0.9999042547970365 0.013560077079293353 0.6825241750930936 -0.011523491423091564 -0.013591005144708087 0.9998412342590091 0.8876959913611028
0.9998994874149147 0.003965676560424599 0.013612070996317989 117.54498137522629 -0.004101973700263147 0.9999415883060983 0.009999689377183298 0.6664796822433842 -0.013571620358418957 -0.010054520639786959 0.9998573486930779 0.8663914060663157
0.999878246249246 0.004717955360410397 0.014873922641629261 118.90123202991346 -0.004868864584850857 0.999936876539291 0.010126060166779404 0.6697181737155089 -0.014825209448314109 -0.010197246396161378 0.9998381015598222 0.8933787753071386
0.999879364449193 0.0056520365964239675 0.014467585527329466 120.47306513792597 -0.005816825249429011 0.999918399858222 0.011373573272741223 0.6723418716956697 -0.01440212111792961 -0.011456356632258467 0.9998306510604779 0.894486617743362
0.999873042115192 0.0070795290145531375 0.014275150445560453 122.08716867758393 -0.007268567598980271 0.999886003000426 0.013234384341216786 0.6720259461998359 -0.014179829913307802 -0.01333646402777326 0.9998105176236473 0.8904455486611417
0.9998723409965072 0.008154934272218525 0.013740406004915367 123.57198413908475 -0.00833575932035696 0.9998787281357865 0.013154624210326447 0.6684783151110708 -0.013631464584453155 -0.0132674816215294 0.9998190621831058 0.8806372712060501
0.9998633130284714 0.009461221409263034 0.01355878125695239 124.88384742587246 -0.009646792111468417 0.999859793292262 0.013686970428593495 0.6631561497608265 -0.013427384767224455 -0.013815898342126902 0.9998143959212193 0.8787317091342803
0.9998615718239153 0.010735789965905865 0.01271141233762993 126.19562670420606 -0.010928921788429323 0.9998243960041462 0.015222871722722596 0.6490917298186624 -0.01254575060933742 -0.015359686479613683 0.9998033227454768 0.8813149888959995
0.9998507281373564 0.01141967577089025 0.012965818465712507 127.49146487391977 -0.011630330025337607 0.9997996748448023 0.01628943227154936 0.6502055008236096 -0.012777201051083127 -0.01643779746545763 0.9997832474830656 0.8886897297971036
0.9998354565674019 0.012614458271529344 0.01303592087927771 128.8482632242251 -0.012821903799790884 0.9997905083387455 0.015954253937488696 0.6405665367833422 -0.012831935692008894 -0.016118774093237066 0.9997877407470684 0.8979281131249701
0.9998046457102371 0.013525018599731466 0.01441333716056971 130.27443828124464 -0.013742237122866197 0.9997918548228183 0.015079719785454563 0.6249313811366565 -0.014206383603375628 -0.015274845394498419 0.9997824052077972 0.8865824810434534
0.9997958733867592 0.013889327917498279 0.014673040884821064 131.54811366421487 -0.01410341600583494 0.9997941021994797 0.014589272226633853 0.6087083700780918 -0.014467384551942564 -0.014793234167573837 0.9997859045851215 0.8855006832843411
0.9997791443274756 0.0138090574157053 0.015842111636718826 132.79079297131923 -0.014000653527225774 0.9998294037092481 0.012047621309615219 0.593309364014054 -0.015673042736848775 -0.012266760440273897 0.9998019215422972 0.8968247299906095
0.9997608677516626 0.01424228972400484 0.016594110276240005 134.00623804138976 -0.014388955730129726 0.9998581630065705 0.008752817953240002 0.5552039982783602 -0.016467096448338273 -0.008989496790349265 0.9998239963523666 0.8683089850816104
0.999786383049872 0.012956141696138667 0.01610362258637256 135.35881904780558 -0.013110305391821094 0.9998688806196452 0.009504812515283933 0.5710484009593461 -0.01597836539161432 -0.009713905536244852 0.9998251506531755 0.9119380088921275
0.9997973729375179 0.011749833334158983 0.016344861084060556 136.71757338573912 -0.011874770837146163 0.9999008534225272 0.00756790211795602 0.5659961039440011 -0.01625431895844959 -0.0077604601359189136 0.9998377730280427 0.9005273746261119
0.9997939316266978 0.010609660519453643 0.0173069172902531 138.05614247488833 -0.010731922641448833 0.9999180016199745 0.006986835673928909 0.5612110730706865 -0.017231370196466474 -0.007171132405588002 0.999825812199892 0.8907261884599786
0.9997964540248483 0.009568363792716162 0.017762233352529053 139.353240529013 -0.009616505215663415 0.9999503098974442 0.0026268923545634936 0.5431905453409777 -0.017736215683639377 -0.0027971682708739917 0.9998387882568308 0.8867630931807345
0.99980229536363 0.008695099878653145 0.017881986011541524 140.63931169157954 -0.008756633657024471 0.9999559957899852 0.0033656872486453266 0.5189165649897304 -0.017851934142086308 -0.0035216078372348036 0.9998344396577002 0.882034040287289
0.9998156913953453 0.00768763994726369 0.017592141191134236 141.9822145067552 -0.007757260495709549 0.9999623353120618 0.003892668345684907 0.5149034588922041 -0.017561553155950368 -0.004028417715310661 0.9998376686750013 0.8872681395336084
0.9998451966973055 0.006080393056575821 0.016510949748691987 143.29495278169293 -0.006137544015077889 0.9999753409131235 0.003412934096246674 0.5292856770670349 -0.016489790622966353 -0.003513742443590033 0.9998578601077509 0.8750129159176043
0.999875914080778 0.0058083183080928314 0.014643082993707217 144.61347557879446 -0.005813703839859251 0.999983047387767 0.00032524565703921226 0.4854757226565102 -0.014640945624894921 -0.0004103358464607789 0.9998927314145764 0.8793865489978272
0.9998949552160878 0.004531066156197877 0.013767642242082694 145.9449290200662 -0.004470965586966276 0.9999803558288562 -0.0043929970537480495 0.5111306419800231 -0.01378727674843676 0.004330980937643797 0.9998955713493184 0.8682340310894269
0.9998504500709082 0.0034140341230416388 0.016953520696567474 147.4173992542116 -0.0032193598065962618 0.9999287262997255 -0.011496871011035806 0.5027186362235553 -0.016991563066354635 0.011440572171680501 0.9997901780338446 0.8671699631489961
0.9998205668895169 0.0021686834223683554 0.018818364353434522 148.78491597868398 -0.001760303816485549 0.999763181255271 -0.02169061402574539 0.48808566344310167 -0.018860947887069112 0.021653595972811093 0.999587608179617 0.8498086072545237
0.9998642577859886 0.0012823294712937495 0.01642624829963423 150.14161371120812 -0.0009147113619487394 0.9997493884622853 -0.022367913903869704 0.4630825484875447 -0.016450814727499267 0.022349852357759707 0.9996148532281761 0.8709064919418522
0.9999254838978148 0.0013243310193748227 0.012135600482557827 151.53994103916855 -0.0010561289189876533 0.9997556435431908 -0.02208025804303696 0.4799994633221887 -0.01216187664086485 0.02206579594965344 0.999682544313784 0.8554457466595288
0.9999430212357292 0.0020981662927982126 0.010466708182124168 152.89136013829355 -0.0018959997122617602 0.9998121739605687 -0.019287871456763937 0.4967182064288815 -0.010505211423530844 0.019266927581981286 0.999759184021081 0.8539177033671826
0.9999459708978189 0.0030025106730033496 0.009951895039483457 154.25696614196576 -0.0028509268037552873 0.9998802415987829 -0.015211005118646636 0.4974017787047006 -0.00999637442166029 0.01518181115738058 0.9998347789051968 0.8712868361774614
0.9999047132379406 0.0036885874438947145 0.013302584982646509 155.49444290063573 -0.003368387596610579 0.9997059693619921 -0.024013096156033743 0.48912266306158586 -0.013387248020067086 0.02396599976359561 0.9996231352093551 0.8522112726570144
0.999851171620872 0.004419468521395668 0.016676417671604268 156.8057304053389 -0.003938800978288537 0.9995789661384145 -0.02874676156564505 0.47251884081916806 -0.01679644174290601 0.028676798141476795 0.9994476078280092 0.8503207432770258
0.9998160227706443 0.0043182117356142975 0.01868886455879394 158.0010935131115 -0.0037016895414833067 0.999451841894127 -0.03289852928286685 0.4621372689035222 -0.018820682921430198 0.032823296328120026 0.9992839501926004 0.8537190926089242
0.9998196126466434 0.0044222708329907726 0.018471212407302408 159.4914013369587 -0.0037685891936011595 0.9993705269991725 -0.03527531007498053 0.45319614458548835 -0.018615582252668756 0.035199336443686405 0.999206918916857 0.8557570686372227
0.9998169824136619 0.005467908160422384 0.018333130054316134 160.86787713207073 -0.004935458456673739 0.9995682840310925 -0.028963542755672186 0.4500230960649726 -0.01848358534110011 0.02886775951622137 0.9994123320899396 0.8732576138034466
0.9998047409023686 0.0069098422919566015 0.018513080474299982 162.18917281050608 -0.006400078168414414 0.9996025654129476 -0.027454511820320916 0.44097027892695995 -0.018695429082687686 0.0273306659149433 0.9994516074488348 0.8550629336251362
0.9998341979098356 0.007446027536005353 0.016617261023671524 163.60979495643826 -0.007015037292763197 0.9996413333640352 -0.025845577609236104 0.4578596015310472 -0.016803747849123547 0.02572472165266235 0.9995278249023967 0.8339925175922619
0.9998425419462428 0.007996082241704474 0.015841527175736433 164.89183683254524 -0.007659623935600709 0.9997461878025065 -0.021187027529147695 0.46564044849376335 -0.016006919617492628 0.021062351320296317 0.9996500166964534 0.8341829786259678
0.9998190930107635 0.0083424228736886 0.01709342656493127 166.21125122087207 -0.008042774780405573 0.9998140872254632 -0.017524404678779047 0.45877843991369616 -0.017236444673012264 0.017383755811403303 0.999700310097443 0.838821486228621
0.9998074382366929 0.008395077102859822 0.017737224332419713 167.61741661187335 -0.00806132826529792 0.9997906765018206 -0.01880473787722047 0.4366454394938392 -0.017891378738952794 0.018658131215877435 0.9996658305185542 0.8174428959568512
0.9998611707347684 0.007587449164651968 0.014834752174271649 168.85790830222373 -0.007344136584719548 0.9998387392171284 -0.016387776497377396 0.44889957724447443 -0.01495670133161785 0.016276552948239164 0.9997556556026076 0.8183663774906778
0.9998940426612836 0.006758994129469048 0.012892612180357813 170.15403412218097 -0.006616847789079638 0.9999172043408106 -0.011036384761049813 0.4559914165914781 -0.012966139587844162 0.01094990692269042 0.9998559790102638 0.8153584124215923
0.9999102832620295 0.006609109982058158 0.011650969577384096 171.5216301506938 -0.0065887564144549125 0.9999767017213523 -0.0017844616546260524 0.45257028684808104 -0.011662491833182553 0.0017075361580097571 0.9999305328894152 0.8558041062014091
0.9999056674447809 0.0067047689746190745 0.01198758878191195 172.91782946776527 -0.006748382462925706 0.9999707439129556 0.003601479182801614 0.46757430240716635 -0.01196309098608351 -0.0036820362799763516 0.9999216604629043 0.8461130653162523
0.9998771196961951 0.007448147189892936 0.013793861369415662 174.52026897211755 -0.007508960467943917 0.9999622927009223 0.004362188556896666 0.47048068541087534 -0.013760851017717736 -0.0044652300895647815 0.99989534487341 0.8494452803947213
0.9998425543894249 0.00740675721788835 0.016124713316677846 176.04227891046102 -0.007453212338348921 0.9999682402014343 0.0028228025588152342 0.471275851268549 -0.0161032933858038 -0.0029425390331870313 0.9998660037255837 0.8311993274860038
0.9998182635492566 0.006727220027110334 0.01783772362315103 177.45745100062115 -0.006658121345311805 0.9999701106282609 -0.003930301547518888 0.4581112505645152 -0.017863630468081735 0.003810821540058216 0.9998331702567631 0.7889341893422005
0.9998275916390225 0.0051681581346073825 0.017834717233755158 178.81776083801884 -0.0051266677491259745 0.9999840469328761 -0.002371319788106249 0.454986105659196 -0.01784668807096665 0.002279478283091154 0.9998381367519716 0.8096990259786088
0.9998864233976069 0.0030887470364843773 0.014751269331355128 180.03355596009678 -0.0030165794622099267 0.9999833859025713 -0.004912043075669598 0.44776806343291253 -0.01476619631082232 0.004866986806399762 0.9998791286380252 0.814783264745827
0.9999477566198575 0.001409615222224033 0.010124080987407401 181.31472798869467 -0.0014023223411937036 0.9999987521806968 -0.0007274126069870704 0.4611185568455093 -0.010125093726267364 0.0007131773795410271 0.9999484856006631 0.83350573574467
0.9999592889557488 0.001016554812701351 0.008965882412024418 182.70969319804834 -0.0010283530419421202 0.9999986113711572 0.0013113907802468436 0.4855541241459162 -0.008964536861132508 -0.001320557484610859 0.9999589457606723 0.7982218652574802
0.9999464898151027 0.0006621231204555616 0.010323715388755176 184.09838906988918 -0.0007101942898460061 0.9999889206283187 0.004653412154616254 0.5000589873432766 -0.010320519876698672 -0.004660494993390546 0.99993588127234 0.795135254308563
0.9999023486713247 0.0009995674599104678 0.013938937780966911 185.57117712980894 -0.0011166815997722805 0.9999641236565691 0.008396691131312521 0.48449123065948996 -0.01393004464362224 -0.008411436538607448 0.9998675920298566 0.8030601467955244
0.9998562385890122 0.0010368825894734584 0.01692415519687726 186.79744949124603 -0.0011706928655497502 0.9999681212710647 0.0078984757916767 0.5112446681344036 -0.016915425884289514 -0.007917153283396677 0.9998255783140579 0.8003176337209577
0.999845990057224 0.0014697096318361694 0.01748817086169013 188.14048845157285 -0.0016394242771187479 0.9999516665695944 0.00969416384895133 0.5015425673315709 -0.017473077992419463 -0.009721341383204747 0.9998000735482979 0.8086436724098418
0.9998401266498931 0.0011505570739219143 0.017843692419048127 189.41350266937533 -0.0013151179717675121 0.9999566912350741 0.00921336631873437 0.5022918431395039 -0.017832319126975082 -0.009235359907578213 0.9997983379271698 0.8237848760817844
0.9998300222755655 0.0012767947634396593 0.01839283424527799 190.97766205081956 -0.0013727257869626372 0.9999855169349517 0.0052039931063709135 0.5061564680543215 -0.018385923429516005 -0.005228356861328543 0.9998172943614121 0.7960961373202615
0.9998266450819384 0.0017242244537043806 0.018539332086908424 192.50811508223399 -0.0017599325218734302 0.9999966274004991 0.0019099280472170991 0.5173870521604564 -0.018535976416522458 -0.0019422249252705323 0.9998263075857855 0.7860632794977466
0.9997973485111807 0.0020847368747791144 0.020022881465346545 194.04512944428572 -0.0020241600772518756 0.9999933148382447 -0.0030451690923108585 0.5149848801514075 -0.020029095985441822 0.0030040224669668947 0.999794884545337 0.7542384573176285
0.9997621855160055 0.002479507879310258 0.021666205319270482 195.52340349830274 -0.002286603351698927 0.9999575684511756 -0.008923717965319473 0.5088322519119036 -0.02168741241762939 0.008872053758234596 0.9997254337090453 0.7479033333563898
0.9997587598444325 0.003098219415525095 0.02174449702282553 197.01507469008706 -0.002737350512834655 0.9998583627988058 -0.01660606074485217 0.49115472514594355 -0.02179286641294093 0.016542532386097954 0.9996256377243246 0.7103157450868428
0.9998351100819716 0.003062945422947965 0.017898910936366204 198.33242362731403 -0.0028166016724827827 0.9999011931665821 -0.013772097119331674 0.5051521757121816 -0.017939325583491 0.013719412136887597 0.9997449466380052 0.7201391558644744
0.9999083877497515 0.003286634464467022 0.01313065655591755 199.70998808517064 -0.0032879985524843784 0.9999945911315429 8.229931534899286e-05 0.516761905395052 -0.013130315046157255 -0.00012546535547254623 0.9999137858261747 0.7572447973502887
0.9999141729633645 0.004437346198580143 0.012327070442913583 201.02181705387937 -0.004592280440623751 0.9999104631637497 0.012568874890386161 0.5399536082421871 -0.012270194266810605 -0.012624405505585662 0.9998450213499517 0.7433585343922308
0.9998364775642948 0.005753636552380214 0.01714391432102092 202.24338010886387 -0.006080483397325374 0.9997995820801225 0.019074155133776423 0.5449694529034056 -0.017030732617190673 -0.019175279367864062 0.9996710773087747 0.7517611747657753
0.9997984069025273 0.006625545885045921 0.018953830665421258 203.6199773207597 -0.006965615086515761 0.9998149342102792 0.017932583097852638 0.5510588666962957 -0.018831509807628707 -0.01806099310171058 0.9996595294231657 0.7261374101381356
0.999787942497571 0.0061296903656717855 0.019659525235743006 205.13112283086548 -0.006465569519418804 0.9998334431720771 0.017066995208835412 0.536231527135666 -0.019551635411478707 -0.017190486051587923 0.9996610529284647 0.727185754979481
0.9997925359105834 0.004853344150373739 0.019782067334907952 206.64727131932162 -0.00513612277545801 0.999885000696308 0.01426904430505586 0.5274691425017397 -0.019710539828229484 -0.01436768711735673 0.999702487836545 0.7242903347734931
0.9998034579593953 0.0037519223321488796 0.01946711409658219 208.26507669896986 -0.003926583418878233 0.9999523132156433 0.008941657415638229 0.5234089437752284 -0.01943263736836606 -0.009016339251468422 0.9997705127835148 0.7015926349488742
0.9998181111781835 0.0034386936362544216 0.018759529476117687 209.75956441347282 -0.003719522358915774 0.999881240106196 0.014955628944212573 0.5260080817389965 -0.01870587377031265 -0.015022685171813547 0.9997121631833423 0.7061851861671676
0.9998198963116033 0.0030048859204945895 0.01873887937043497 211.3225419594879 -0.00321868179804388 0.9999299571229576 0.011389509891262443 0.5362204308472052 -0.018703342667497725 -0.011447773088467353 0.9997595378211588 0.677672649546043
0.999804834069687 0.0032688199955439685 0.019483546564280904 212.88622334873253 -0.003522187162524678 0.9999095000656885 0.012984062383439486 0.5253852287561576 -0.019439340741854303 -0.013050153034414343 0.9997258651937042 0.6727646989445224
0.9997956274731998 0.0029950666049075856 0.01999332042215356 214.26188489035493 -0.0031753237701182715 0.9999545455958542 0.008990220305633461 0.5282033893852115 -0.019965485329078707 -0.009051868217173164 0.999759692664869 0.6389308740882675
0.9998140621582311 0.002707607626957321 0.019092144237756573 215.78593400001472 -0.0028727327235364025 0.9999586625690059 0.008626735182222789 0.5277003460382681 -0.019067997203586488 -0.008679977773215775 0.999780510646462 0.6252692990091924
0.9998301678089018 0.0022776345477121766 0.01828791732512273 217.21423817836788 -0.0024733128223082303 0.9999398614826175 0.010684387760031425 0.5367680020073716 -0.018262482386205384 -0.010727804947461134 0.9997756728077067 0.6444573547745268
0.9998267062972855 0.0017387009564237197 0.01853467813871398 218.5886968265939 -0.0019609366138198738 0.9999263283535914 0.011978839380430352 0.5334475394664857 -0.01851248503897225 -0.012013108851987466 0.9997564569000752 0.6322690116922607
0.999824170012753 0.001419915117715997 0.018697938372128856 219.99881639623285 -0.0016910073543810542 0.9998935745406572 0.014490689646619273 0.5411808991579525 -0.018675372886153473 -0.014519760100142541 0.9997201643531041 0.6427251054247876
0.9998204821343142 0.001662030258974291 0.018874351912734195 221.44035849919717 -0.0018939291843444509 0.9999228628241499 0.012275236608747627 0.5325708667415878 -0.01885249418385184 -0.012308779670393953 0.9997465065735781 0.6196454535504786
0.9998174212928826 0.0008563126289261162 0.019089023231482493 222.88339036097332 -0.0010846733320149762 0.9999279386764306 0.011955790984595144 0.5529136689304686 -0.019077409756393875 -0.011974313466168014 0.9997463019456488 0.5924533680469692
0.9998273245640978 0.0005185379119520203 0.018575580029492472 224.24538935956303 -0.000758217445134795 0.9999165270479656 0.0128982185840108 0.5540834069006463 -0.018567341255659207 -0.012910075707326303 0.9997442591902826 0.5997382287713338
