1.0 -2.1684043449710093e-19 -2.5135375298442207e-37 0.0 2.1684043449710093e-19 1.0 2.3183291766350204e-18 -8.673617379884035e-19 -2.51353752984422e-37 -2.3183291766350204e-18 1.0 0.0
0.9999995346459611 -0.00038981647846688734 0.0008824686817920155 1.3232664746076273 0.0003898957604434933 0.9999999199702124 -8.967086946183796e-05 0.0019374528033721747 -0.0008824336559856796 9.001489853089155e-05 0.999999606604003 0.014706718183163364
0.9999989710999223 -0.0002948439385682298 0.0014038754035362896 2.6131328822589914 0.00029546983405445384 0.9999998570479116 -0.00044564754412651774 -0.025124287904094964 -0.0014037438063722453 0.00044606188843224095 0.9999989152654706 0.02705531958433626
0.9999985212021993 -0.0009097154340304565 0.0014594558039447356 3.942981417894254 0.0009116692080158579 0.9999986885117185 -0.0013385940751562881 -0.03283629795267522 -0.00145823615019548 0.0013399226365632302 0.9999980390754065 0.04949112197970882
0.9999984988002393 0.0013803636387687383 0.0010473745712345191 5.177006920150546 -0.0013775006809064853 0.9999953267594139 -0.002729276681976441 -0.09594362588084451 -0.0010511370708931038 0.0027278298256019 0.9999957270185211 0.0667848643188176
0.9999981391069737 0.0011736796040323451 0.0015310972460002754 6.50121475023404 -0.0011695430454078443 0.9999956716177191 -0.002699799046595283 -0.10928368188757266 -0.0015342593179020602 0.0026980033384221623 0.9999951834015659 0.07428219654471799
0.9999959882878816 0.001252820216974687 0.0025404428052956834 7.848825102516623 -0.0012435902995957002 0.9999926327348397 -0.003631522987761793 -0.09903893802400376 -0.0025449737345973884 0.003628349149107671 0.9999901790473457 0.10291955686143936
0.9999949234522346 0.001314439110734132 0.00290264010577702 9.163745017415794 -0.001303171111264872 0.9999916218209095 -0.003880468147243667 -0.08600352518172737 -0.002907716426039074 0.0038766658111295186 0.999988258254753 0.10781592747487795
0.9999966837350208 0.0007334312657232474 0.0024687238686132863 10.49453521863473 -0.0007244690283320618 0.9999931518193892 -0.0036292504668464023 -0.09442462507761794 -0.0024713687681098815 0.0036274499173078634 0.9999903669253566 0.1252627130501653
0.9999997442956626 0.0007010494133153013 -0.00014120314951837713 11.83340793451855 -0.0007010912328930095 0.9999997103284001 -0.0002963346064659476 -0.066666326834037 0.00014099536341382693 0.00029643352698208766 0.9999999461237343 0.13986319258300084
0.9999995345944221 0.0005927898189802774 -0.0007611906264959191 13.171539601249005 -0.0005912344621373069 0.9999977404937264 0.002041922930169617 -0.0731815981640222 0.00076239933770507 -0.002041471937716655 0.9999976255669698 0.15247061912514742
0.9999993250070763 0.0006977752347356445 -0.0009290291241227306 14.516516733176408 -0.0006928830531450479 0.999985947842484 0.005255856794431496 -0.05740066074822201 0.0009326834759676129 -0.005255209538229369 0.9999857563356804 0.16813287867689938
0.9999992781367893 0.0011971256591072892 -0.00010303424975599886 15.87337417340188 -0.0011965070050175784 0.9999824151413034 0.005808423121035499 -0.035888461900767145 0.00010998585027041962 -0.005808295646946946 0.9999831256600236 0.1910756353571027
0.9999962730723617 0.0015089364156931513 0.0022752916911589617 17.203356644640667 -0.0015199471835939814 0.9999871061429707 0.0048453388288240045 -0.041956909025612756 -0.0022679510456680113 -0.004848779093794638 0.9999856727670422 0.21968492966930553
0.9999888791099628 0.0013784722368222729 0.004510151958911318 18.581821978412314 -0.0013785404367640543 0.9999990497405277 1.2012733044513395e-05 -0.04298989009730806 -0.004510131113877707 -1.8230026303540024e-05 0.9999898291407777 0.23343988087402182
0.9999944062631385 0.0010939501364863706 0.0031608093159632127 19.91402005735431 -0.0010857929332118658 0.9999960789721458 -0.0025812969685635695 -0.052252878775859386 -0.003163620732512915 0.0025778505450490623 0.999991673060545 0.2559667512480199
0.9999993048733669 0.0010966396797709188 0.00043316763033557826 21.279903609373573 -0.0010952933174978175 0.9999946066708678 -0.003096281919509592 -0.04829315020792725 -0.0004365607997326699 0.003095805321590703 0.9999951126900967 0.24918540434492406
0.9999982498850923 0.001600076904551532 -0.0009695259933630522 22.62279918390107 -0.0016012693184735722 0.9999979610632256 -0.0012303682217321306 -0.04002961221326174 0.0009675553327851631 0.0012319185406729988 0.9999987731059409 0.2990512882744851
0.9999975245854368 0.002193018364305878 0.00037615615462261944 23.996665134410698 -0.0021935659170486833 0.9999965261810817 0.0014614699233686092 -0.03353038794211024 -0.0003729498175434251 -0.0014622914289449454 0.999998861305457 0.28274473375335596
0.9999816861280201 0.0030028038669733417 0.005254576814423886 25.38737116437301 -0.003012833367494699 0.9999936528929729 0.0019018435446335898 -0.015288360040949899 -0.005248832599912259 -0.0019176398788729476 0.9999843860849195 0.30184555968030735
0.9999783165850636 0.0031936304325743707 0.005759087111898634 26.744117361292037 -0.0031949826304533296 0.9999948705801559 0.00022560888400174393 -0.032180499115752076 -0.005758337059725111 -0.00024400417532048255 0.9999833908702029 0.3162622430314041
0.9999824458734717 0.0031667093115725444 0.005007983331171398 28.123994375831057 -0.0031470274753321948 0.9999873133864339 -0.003933101098585302 -0.0299177097121316 -0.0050203747846943765 0.0039172717952917656 0.9999797252038178 0.34561412117991275
0.9999923806529558 0.003138673275416608 0.002321070034258946 29.478929487589248 -0.003130031299283676 0.9999881911859757 -0.003717578871515013 -0.035951957192609955 -0.002332710890627852 0.003710285524136367 0.9999903960744974 0.3419370792027419
0.9999913680386993 0.004123257024010605 0.0005124447333507648 30.85519458544574 -0.004120932438169551 0.9999815744659438 -0.0044574257651737205 -0.015804039076578454 -0.0005308144033781369 0.00445527553872258 0.9999899343273128 0.37723378506500893
0.9999901665797574 0.004373378637161512 -0.0007350531171447354 32.249524578639004 -0.004374577187934562 0.999989091686868 -0.0016369427905720026 -0.02033654233719042 0.0007278861283246217 0.0016401422404238115 0.9999983900563117 0.37605709860842373
0.9999841406685002 0.004887618714492793 -0.002798141308614724 33.63322211863631 -0.004889163524106726 0.9999878991760472 -0.0005455103206401249 -0.023578102144212004 0.002795441202347244 0.0005591822396324887 0.9999959364035972 0.4089917636573294
0.9999841498374101 0.005112946329954941 -0.0023575100803814738 35.026524561919274 -0.005112863280310243 0.999986928378191 4.125320992062642e-05 -0.010511760309415908 0.0023576901893495547 -2.9198929327598136e-05 0.9999972202183333 0.41039931711680877
0.9999894275211112 0.0045233049316450915 -0.0008273805024221175 36.41155165385037 -0.004523212062911575 0.999989763716679 0.00011408108658337024 -0.016426082809855917 0.0008278880566624305 -0.00011033746299431717 0.9999996512134441 0.44606796675986515
0.9999904689226893 0.004346711049648736 0.0004100814931573201 37.813589857574286 -0.00434755609588904 0.9999883802868927 0.0020827979234593003 -0.012478187468308453 -0.00040102340737993304 -0.0020845609244466564 0.9999977468904513 0.46861354895590684
0.9999926026580304 0.0037965010379191547 0.0006174213211288804 39.212021728663196 -0.0037986266055097194 0.999986734413033 0.003478711524426026 -0.028374730438500903 -0.000604206198759545 -0.0034810311442645147 0.9999937586590438 0.4733613911154153
0.9999897269385499 0.004492372464115772 0.0006038269686138688 40.60663974601453 -0.004496177267915405 0.9999690591775687 0.006454849146475764 -0.0089171670767444 -0.0005748106991452047 -0.006457497748503866 0.9999789849369276 0.5014457548327885
0.9999892833661422 0.00453216394788265 0.0009447977660687926 42.03013512347124 -0.004540504857531378 0.9999489977524292 0.009021402859373518 -0.0026483355684067357 -0.0009038631024606451 -0.00902559603914841 0.9999588599775643 0.5332699756495998
0.9999907677600507 0.004187132589191678 0.0009655647803151514 43.42135585681718 -0.004196586275061517 0.9999411327276603 0.010005985356753223 0.00360582508479509 -0.0009236115527760307 -0.010009945055000233 0.9999494726943434 0.5373730813492474
0.9999923074201362 0.003855113797501002 0.00072332438096024 44.850899593295246 -0.0038613533946043914 0.9999535341704201 0.008832861939843043 0.004777187699101069 -0.000689239083157113 -0.008835587003400968 0.999960727904747 0.5548576921061422
0.9999958215162856 0.002889935024069504 7.228779583548152e-05 46.245091655219724 -0.0028904321251929615 0.999961948570652 0.00823084521262527 -0.010757362991067023 -4.8498437323865e-05 -0.008231019763139936 0.9999661234069683 0.5744210233088866
0.9999980522803973 0.0019253182639445113 0.00043426373841698907 47.671790322198696 -0.0019285018604150187 0.9999703605965182 0.007453778172418844 -0.011183388176074708 -0.0004198999718480797 -0.007454601132976431 0.9999721259144987 0.5958436717551958
0.9999987681305098 0.0009762027428522332 0.0012291320790328724 49.07823802237684 -0.0009859721245075081 0.9999677303499406 0.007972836243039369 -0.004674709563444444 -0.0012213093107620386 -0.007974038311512915 0.9999674610288947 0.6169095285860757
0.9999988181485042 0.00011810415836042089 0.0015328904078916923 50.4981893079031 -0.00013184901476745328 0.999959763408801 0.00896962536853931 0.009391412887391874 -0.0015317693795520375 -0.00896981687786418 0.9999585971767759 0.6432476995673876
0.9999985471447567 -0.0008713949500756263 0.0014650526328175175 51.943230760099496 0.0008584941743159202 0.9999610570075254 0.008783362462369724 0.01604275253937986 -0.0014726493569782555 -0.008782091962265176 0.9999603522963487 0.6534676492059585
0.9999949424330695 -0.0018807917988315635 0.002564708656270571 53.338116747304156 0.001856221274727161 0.9999526824848949 0.009549200691278405 0.03527451002211885 -0.0025825473589755404 -0.00954439172878553 0.9999511163230261 0.6821403492388327
0.9999905144867605 -0.0028976902419421214 0.003251819147199185 54.80708693362196 0.0028731875209124726 0.9999676370889236 0.0075146236276204025 0.026870644605981292 -0.0032734889604229102 -0.007505209261364495 0.9999664774901053 0.6979636007928867
0.9999874353874536 -0.003091766116418621 0.003945890204343125 56.205569241228986 0.0030727045249490355 0.9999836257665172 0.004827699840755739 0.043168292243453164 -0.00396075171220351 -0.004815514627891913 0.9999805614434427 0.6905127832040455
0.9999864207581676 -0.003828079395470583 0.0035361147338567075 57.64425166455802 0.003812987845498248 0.9999836363325598 0.004264761517447353 0.04298427448351739 -0.0035523827157427092 -0.004251220442718867 0.9999846537331402 0.7329802731723567
0.9999851827354773 -0.00382733114187448 0.0038711556187729186 59.09198013326559 0.003817382648046968 0.9999894009101221 0.002574035184973232 0.050969793711929993 -0.0038809662730703125 -0.0025592193625260115 0.9999891941901381 0.746371766528219
0.999986373992058 -0.0033838691133901244 0.003975079878384195 60.48207076380088 0.0033765783373771005 0.9999926076319003 0.0018394021538885891 0.061392153573043874 -0.003981274789266155 -0.0018259549215735359 0.9999904076238315 0.7667632508100756
0.9999836086623783 -0.002819943118490671 0.004983003850684738 61.93980327306335 0.0028196860099498023 0.999996022959245 5.862165599081502e-05 0.07168087579335239 -0.004983149342810746 -4.4570188858157976e-05 0.9999875830409722 0.780027459880671
0.9999844025687651 -0.002578795188253396 0.004954234004051659 63.35368919098258 0.0025856534856468997 0.9999957071615764 -0.0013784246336667931 0.07526965483435168 -0.004950658061512898 0.0013912130662046438 0.9999867776680662 0.805511880238044
0.9999928223606481 -0.0020441000069700713 0.0031901226225421837 64.76490874242846 0.0020541287235724625 0.9999929492252091 -0.00314357361223903 0.08112925021844912 -0.0031836743508633276 0.0031501039713120473 0.9999899704810031 0.8144504774511294
0.9999947937324699 -0.0012392453355853125 0.0029793923798583947 66.2569250164324 0.0012489935201283992 0.9999938662155461 -0.0032722387552441235 0.08605968219573223 -0.002975318998293375 0.0032759429608701044 0.9999902077893441 0.8323108547520941
0.999995417184586 -0.0003813467201421122 0.0030033622000776266 67.58587863035113 0.00038587259077204055 0.9999987907802063 -0.0015064994088814523 0.10754060275243926 -0.0030027840697441337 0.001507651420025911 0.9999943551215807 0.8520963524611359
0.9999893407861952 0.0001731133382062255 0.004613929535981554 69.06502369888037 -0.00018366591375013216 0.9999973684329152 0.002286786845517251 0.12725594503948032 -0.004613521520811861 -0.002287609891751543 0.9999867410421801 0.8790774933392856
0.9999838862998892 0.0009473268531816875 0.005597295097036586 70.40906900477165 -0.0009775695861478993 0.9999849267540293 0.0054028346673640005 0.14055047235797652 -0.005592092477267123 -0.00540821935315798 0.9999697393747241 0.8950749662969977
0.9999787210154315 0.001977694766418083 0.0062166099887956405 71.86232886336867 -0.0020319429836504273 0.9999598094433657 0.00873216500637863 0.15091124219728863 -0.0061990905827471994 -0.008744610991823035 0.999942549877016 0.9105133400923441
0.9999797407925108 0.0022647415503738227 0.005948861256812752 73.23258186818697 -0.0023386585813669866 0.9999197859976227 0.012447981623881148 0.153936044513104 -0.0059201926136398615 -0.012461641793066216 0.9999048248724669 0.9228825304869227
0.9999825175945013 0.0027944046990635227 0.005211123462416858 74.63110605615644 -0.002878365571933689 0.9998650400299901 0.016174570704059813 0.1657853903017782 -0.005165221872969892 -0.016189287452021316 0.9998556033021962 0.9405414856799718
0.9999782209835153 0.0035485369476398426 0.005564660292874525 76.06269617809744 -0.00365177235736076 0.999819351075232 0.018652875760906535 0.16938385757830557 -0.005497464624158606 -0.018672790392253474 0.9998105344422378 0.9535894217716894
0.9999757560812622 0.003899492382272043 0.005768986814738122 77.42004228004343 -0.00400197534488998 0.9998324724531626 0.017860885239391052 0.17545143484802303 -0.0056983719645976715 -0.0178835395645383 0.9998238382683206 0.9633080411095671
0.9999763585449039 0.003961739550364246 0.005620228732804409 78.84877283759387 -0.004054071842237657 0.9998554252276185 0.01651342315803113 0.17612503959510759 -0.005553994307877559 -0.01653581756773165 0.9998478483672378 0.9914208012247384
0.9999816304001411 0.003895686844595244 0.00464354242840205 80.22375138467213 -0.003968476874266784 0.9998677580412081 0.015770783777177826 0.1833329421987143 -0.004581490322365878 -0.01578892186493217 0.9998648508137332 0.9977536951103947
0.9999825472867363 0.003408668902720151 0.00482556714199085 81.58605648968269 -0.003483742362978456 0.9998716895211255 0.015635473555936155 0.17406626792091395 -0.0047716518186705975 -0.015652011707177393 0.9998661139714855 1.021506143939833
0.9999856087448442 0.0029975140099054434 0.004449405911357069 83.0095600354519 -0.0030630730869450453 0.9998857615780874 0.014801397794545734 0.17719785982508193 -0.0044045302209919715 -0.014814813639353382 0.9998805535714572 1.0304225994940477
0.9999899409611545 0.0027091193878491493 0.0035747235766143194 84.35514232665349 -0.0027635610057269583 0.9998789210795211 0.015313585844608492 0.18722070330024754 -0.0035328044206335315 -0.015323310771336203 0.9998763500753134 1.050400398274052
0.9999910546401294 0.0018166695183687823 0.003819731873154747 85.77418859843065 -0.001874473941647494 0.9998829535066445 0.015184387846454659 0.1860426998788676 -0.003791699772377692 -0.015191412004501267 0.9998774144934697 1.061859835087375
0.9999876354406017 0.0006487382196550633 0.004930325003146813 87.12420062419312 -0.000718938336561537 0.9998982047432912 0.014250027326691863 0.19492769774661384 -0.004920578582089506 -0.014253395731039026 0.999886307845323 1.0914681215814008
0.9999808802174597 -0.00031269169704246263 0.0061758743038715725 88.51195161787165 0.00023495098857513732 0.999920784155296 0.012584522727980298 0.1969966710923056 -0.006179320152540087 -0.012582831086869356 0.9999017393545686 1.1053829774994195
0.999976481618756 -0.0013275386537924048 0.006728584583442814 89.89213619066697 0.0012531104815974204 0.9999381212254685 0.011053661574383629 0.20203306474375798 -0.006742842389880393 -0.011044969950288752 0.999916267852115 1.1165292530740547
0.9999749668407484 -0.002289556725544117 0.006695044573754952 91.27045835564981 0.0022217077573936346 0.9999462814224929 0.010124143616589813 0.2067065451723786 -0.006717864726591842 -0.010109015744824765 0.9999263363339251 1.1441967545007996
0.9999779043887742 -0.0027102068457702092 0.006070050501324875 92.64300141326054 0.002660040018126657 0.9999623680006214 0.008257528061811303 0.2164891485291149 -0.0060922016822704435 -0.008241199029435988 0.9999474824795649 1.147219003860461
0.9999781773906629 -0.002835243801612686 0.005967087650877782 93.96400800599025 0.002797512641789209 0.9999761022778862 0.006322087957754181 0.22232664626657933 -0.005984869711770744 -0.0063052569901604905 0.9999622118204373 1.1762714653672526
0.9999821155690725 -0.0031104381260266567 0.005108200922664332 95.35934777229802 0.003074534271152151 0.9999706221401873 0.0070215450993618665 0.23672984112853862 -0.0051298909362344014 -0.007005714184222869 0.9999623013832829 1.1784888493236183
0.9999858969942893 -0.0029538132931945693 0.004413705875522397 96.70574297682005 0.002927333947054107 0.9999777522310991 0.0059938100404527146 0.2426000318803554 -0.004431312276188455 -0.005980805118673756 0.9999722963370752 1.1886147732742711
0.9999878554636148 -0.0026668008306717306 0.004144526343274561 98.03181989202994 0.002634415620221891 0.9999661102533972 0.007799884552370991 0.2509707219466696 -0.004165186624930406 -0.007788871421452101 0.9999609915903517 1.2163448105519272
0.9999894857017015 -0.0024249555295120157 0.003892053022043424 99.42103449966312 0.0023875839957570133 0.9999512784928308 0.009578104364456542 0.27328043940687474 -0.003915089872495039 -0.00956871105390405 0.9999465544918175 1.2248299548547192
0.9999828445548146 -0.0023420737782879975 0.005368918557646256 100.75978203553393 0.0022941041918945796 0.9999575532416135 0.00892349712850652 0.27281974355414707 -0.005389590153092746 -0.008911027183371632 0.9999457714858935 1.2465219283972895
0.9999741043039224 -0.0024022156664998103 0.006783810246447974 102.10115975966457 0.002338819199229457 0.999953666817639 0.009337780395337407 0.29231120230636687 -0.006805927293286737 -0.00932167248136593 0.9999333906695129 1.2565531266619507
0.9999808160766298 -0.0020715808868770535 0.005837467888263367 103.44599491257189 0.0020188909718405453 0.9999573021979531 0.009017641611598367 0.2981930696815806 -0.005855899415222314 -0.009005683406634688 0.9999423013896442 1.2771563615997195
0.9999925891840528 -0.0019312707619954178 0.003330430935819174 104.75939162023968 0.0019027213597912938 0.999961601476181 0.00855425184445617 0.30825684465853287 -0.003346823628665501 -0.008547851568391291 0.9999578656149285 1.2986228202933212
0.999995604755892 -0.002176326810119204 0.0020134722529532635 106.10644209404931 0.002160580025311197 0.9999673225297725 0.007790106969233969 0.3191727125238952 -0.002030360276424504 -0.0077857224618809616 0.9999676295575244 1.312430491117088
0.9999930596669216 -0.00202406291660276 0.0031279046178205737 107.45128572323186 0.0020034383233724926 0.9999763257692078 0.006582866852651827 0.32940831357365236 -0.0031411547037661415 -0.006576554601380065 0.9999734406856525 1.3356418673464285
0.9999886109326137 -0.0012813365904619407 0.0045974103148942414 108.80532856098397 0.0012654610741090508 0.9999932328689007 0.0034543920846475 0.3271833133260429 -0.004601805442591784 -0.0034485348985480637 0.9999834653601638 1.3393790043756655
0.9999804207928525 -0.0005432880996054739 0.00623400906240505 110.14928352482104 0.000532102727309379 0.9999982460394269 0.0017957685700558258 0.34307826978280054 -0.006234973747892701 -0.0017924162771068267 0.9999789559517003 1.366093937950114
0.9999891011973933 0.00014468606295868134 0.004666535371438331 111.44298643016546 -0.00015164694046140061 0.9999988764546136 0.0014913392356571277 0.34627872492684786 -0.004666314352371501 -0.0014920306476568122 0.9999879996054508 1.3787871840196666
0.9999968402115109 0.0010339496402311133 0.0022914002564696214 112.7772333214933 -0.0010410547613641746 0.999994647641408 0.003101756521752704 0.3505528978716305 -0.0022881809320340197 -0.003104132194005339 0.9999925642680271 1.3869844328923966
0.9999976313017394 0.0021336183231138108 0.00043019037859611415 114.1197195932531 -0.0021361357067796838 0.9999800835455578 0.005938807663262769 0.347840686899727 -0.00041751066188125126 -0.00593971254104782 0.999982272592758 1.4197667710847381
0.999994568317901 0.0032941208687855415 -0.00011001089295913136 115.43343239782877 -0.00329316365478859 0.9999642175145191 0.007792224568003279 0.3678687189700376 0.00013567548605967434 -0.007791819959242258 0.9999696341058989 1.4339226527675735
0.9999869385793762 0.004841409823558286 0.0016381152485099883 116.80343640584435 -0.004856909209596781 0.9999421823622631 0.009593871248061823 0.3746869199020317 -0.0015915726740496588 -0.009601702115510908 0.9999526359847791 1.4405610195824472
0.9999746976084005 0.005799214855160449 0.004119860440804603 118.10872493237738 -0.0058388214241455036 0.9999362218994523 0.009667486634389821 0.3740632841869638 -0.004063533851828949 -0.009691297153263475 0.9999447817015308 1.4598138672811387
0.9999658664976282 0.006800720424723714 0.0046921254621286055 119.48741673920438 -0.006843982290241893 0.9999336438481935 0.00926648837936515 0.3663519133766325 -0.004628795313952132 -0.009298284905228478 0.9999460566209373 1.4813303611785873
0.9999611285441137 0.007723590423447532 0.004252946243901888 120.79138974798575 -0.007763330818313628 0.9999256040102521 0.009408354762534918 0.36558557905618105 -0.004179963563012417 -0.009441006074731719 0.9999466962338086 1.495978719238778
0.9999503294671939 0.009163379939562039 0.003920595175957198 122.11899203582301 -0.009208848288792542 0.9998886686012666 0.011740848179773543 0.35815724494544116 -0.0038125728379284113 -0.01177636917176602 0.9999233877740263 1.5116127357703546
0.9999419247730605 0.010232534981284035 0.0033826482234450787 123.48482112428779 -0.010276856079537525 0.9998579969180204 0.013355606620615215 0.35916380368456635 -0.0032455061650303826 -0.013389593979689857 0.9999050882272735 1.5214329481113777
0.9999314642335608 0.011412684057294694 0.0026110301291657973 124.79872521657173 -0.011448426027625016 0.999834907889291 0.014109943568380225 0.360124854470751 -0.0024495667406784676 -0.014138868717873006 0.9998970407067729 1.539147424543967
0.9999202073270855 0.01250311012551806 0.0018031129048264897 126.13420844006104 -0.01252767935334669 0.9998188722339303 0.014327594874627802 0.34719437972528255 -0.0016236468144627877 -0.014349040457845866 0.9998957289682565 1.5454850681150838
0.999909580819671 0.01336737090705571 0.0014640970128778398 127.48036773241583 -0.013386618608614332 0.9998118555360546 0.014037520143508926 0.3377410274834282 -0.0012761768127566376 -0.014055850190761105 0.9999003972637263 1.573774589183426
0.9998932378153029 0.014421333010384523 0.0023533222120325904 128.8198609398029 -0.014452677640586577 0.9997989988943459 0.013895392001706237 0.3330532672763367 -0.002152459116299572 -0.013927920306613854 0.9999006850461126 1.587282886713403
0.9998790415597907 0.015247333801599504 0.003069374759932859 130.16924279068033 -0.015288653359506313 0.9997862024753953 0.013921437364032568 0.31810079591139645 -0.0028564537327196373 -0.013966680055418576 0.9998983810969505 1.6118083201214453
0.9998718495852237 0.015494663620405781 0.00402489829864929 131.49406815807907 -0.015539906173934748 0.9998135295557911 0.011463744296554987 0.2989739705455426 -0.0038465209123701794 -0.011524821754889133 0.9999261886561371 1.623431806959403
0.999868605402417 0.015581693917572356 0.004470206402954093 132.843387221884 -0.015623436085281177 0.99983319376759 0.009460067937924171 0.27997822435005804 -0.004322056861617746 -0.009528664920128927 0.9999452606864662 1.6441169663462216
0.9998699970543313 0.015381296477705525 0.004837841381898545 134.16602190846618 -0.015422352865763258 0.9998443675852746 0.008566892090250557 0.26773482180488717 -0.004705318549829567 -0.00864038926594383 0.9999516006540905 1.652007504873449
0.9998810092436601 0.014780617290368624 0.004415960415972331 135.50834498520126 -0.014810517923293789 0.9998670807120216 0.006816851712013487 0.24628723798125227 -0.004314616173377634 -0.00688144323056173 0.9999670143691446 1.6753012123794506
0.9999008005920929 0.013558578223314776 0.0038149615796443394 136.84091187357984 -0.01358544148147538 0.9998824631674214 0.007106027723259582 0.24207114117854173 -0.0037181655484010002 -0.007157150746811196 0.9999674746901233 1.6959583691708122
0.9999081299832991 0.012499698045607209 0.005243008875678011 138.17442871789123 -0.012512538610137814 0.9999187782824122 0.0024234718356208247 0.22691006827344531 -0.005212290363324507 -0.0024888525422130285 0.9999833186819626 1.6937968891083595
0.999920781402469 0.011452614183112378 0.005221929513962632 139.51162192055386 -0.01146622768060117 0.9999309204948518 0.002584542724542481 0.20584765126383894 -0.005191969014991933 -0.0026442138134317303 0.9999830256514639 1.712779558792562
0.9999354967242909 0.010030060121972868 0.005329191748792582 140.88455485518386 -0.010032315480063222 0.9999495963895468 0.00039664403567965653 0.20386470208791968 -0.0053249447747627555 -0.00045008258371770176 0.9999857210924633 1.7328314191784748
0.9999490792630257 0.00890499758831401 0.004747620349103271 142.19743083189618 -0.008909266606705874 0.999959925535413 0.0008788013097211694 0.19791811555650282 -0.004739604367216043 -0.0009210543759484074 0.9999883438367063 1.7429938783650325
0.9999588791289835 0.00792857701419433 0.004402012907393683 143.5358703731591 -0.007935845108443603 0.9999671722644835 0.001636079395249114 0.18686447952042742 -0.004388896617791649 -0.0016709458108377752 0.9999889727024872 1.7561223883965502
0.9999730219834064 0.007033979422488949 0.0021162322315692018 144.89257094855736 -0.007032957503369754 0.9999751484198728 -0.0004899504150469364 0.17421547282553101 -0.002119625940991811 0.00047505382580462175 0.9999976407520834 1.7734127093332155
0.9999810119217677 0.006032177754016829 0.0012604076568025757 146.20475099017304 -0.006027804034274326 0.9999758966384116 -0.003445536348549033 0.18284686328249128 -0.0012811613644534488 0.00343787343407679 0.999993269803257 1.8061915351032938
0.9999783420805828 0.00507407304719099 0.0041915572858536275 147.59253705636073 -0.005019106270813124 0.9999026167474928 -0.013021735435762807 0.1592541702586862 -0.004257222335174316 0.013000415540608167 0.9999064282490439 1.8201162527054124
0.9999799195778598 0.00359642070304224 0.005217873051710298 148.8911420314931 -0.003481517937839754 0.9997548608956142 -0.021865432729305443 0.1408965770045994 -0.005295231241932253 0.021846827543559058 0.9997473063991603 1.8259863222169468
0.9999943369022052 0.0024237245873583594 0.0023348924265715796 150.21175161171627 -0.0023695612891445252 0.9997343265700822 -0.022927308101063422 0.11952520677212645 -0.0023898415880586115 0.022921645590767155 0.9997344081407797 1.8530658467099
0.9999956043409782 0.002865131581401182 -0.0007630987766387459 151.60482990927304 -0.00288149801537676 0.9997452196699321 -0.02238733383648888 0.12219636442147731 0.000698761696882264 0.022389434297013348 0.9997490810018035 1.8720275795325154
0.99998674188948 0.0035984226943623202 -0.0036833950881351002 152.93048011417628 -0.0036728116520083997 0.9997853097198486 -0.02039227606117683 0.13641808385143764 0.00360922427004348 0.020405534114525708 0.9997852707845167 1.8780513040872537
0.9999839246372461 0.004326474430260767 -0.0036649810497676057 154.31861943749135 -0.004398988271405186 0.9997900186256542 -0.02001418393794812 0.14023024330148673 0.003577620616959756 0.020029984411333943 0.9997929787487022 1.9021580456845075
0.9999874109371317 0.004964807529865718 -0.0007270855820279078 155.63951840928783 -0.00498009839809027 0.9997275372105252 -0.02280460398523386 0.13498641909917672 0.0006136670086805467 0.022807937854382933 0.9997396768077343 1.9204311964272716
0.9999786577985794 0.005504291955548058 0.003519476867329573 156.9837200253407 -0.005407678935132094 0.9996236335658306 -0.026895133856896448 0.12418190087038948 -0.003666190923302778 0.026875527654614297 0.9996320648405591 1.9666362707392362
0.9999792384785708 0.00557230891569485 0.003236044679154577 158.29919018284625 -0.00546386578286888 0.9994533863795838 -0.03260482518108676 0.10434913772002197 -0.0034159599711079173 0.032586466941515804 0.9994630825547012 1.953792108015299
0.9999790190503024 0.005415527203284816 0.0035543669345632634 159.64095708282824 -0.005292013536340788 0.9994117351807162 -0.03388477793643048 0.09655301730031404 -0.003735779962232839 0.03386525724367825 0.9994194256166393 1.9885748711240276
0.9999727558260486 0.006424458247475785 0.0036350986072077123 160.99960715626693 -0.0063022238906863225 0.9994455552416764 -0.03269348683895204 0.09556149010045367 -0.0038431210870002027 0.03266968692662218 0.9994588145473664 1.9888255115122404
0.9999651073999841 0.007659869763477054 0.0033332233265694934 162.33257514971064 -0.007554772927373371 0.9995069443382298 -0.030476115659160502 0.09796113346691249 -0.0035650229387822175 0.030449870522898315 0.9995299375189243 1.9958891059905066
0.9999615971173936 0.00857500328751197 0.0018093117615598855 163.67932606670465 -0.008520032227860293 0.9995583381788435 -0.028469942535680224 0.09860367250740402 -0.0020526425084709697 0.028453433813300476 0.9995930115616879 2.014640245188584
0.9999574172052892 0.009205891008450637 0.0006444741015479 165.04172355779815 -0.009186698692965546 0.9996393357609176 -0.025234955252511595 0.09496010275538147 -0.0008765519104442075 0.0252279600882062 0.999681340071193 2.021880599745479
0.9999526173627575 0.009463958648076198 0.0022795868218119407 166.3692505289719 -0.009409323331970811 0.9996936846825439 -0.022891077743803487 0.09069078535807436 -0.0024955287626282022 0.022868543734700934 0.9997353660062491 2.048692372815303
0.9999537560872298 0.009343135748918598 0.0022784866508543853 167.7176534231339 -0.009288542410498602 0.9996946812526102 -0.022896883087672786 0.08358726825547319 -0.002491719673079447 0.022874660426320352 0.9997352355716244 2.05403519366728
0.9999608697403971 0.008836450292506303 -0.0004196835195555981 169.1051521400877 -0.00884291229317011 0.9997740455936385 -0.01933030417516843 0.0764863183851969 0.0002487774182321743 0.019333258999902174 0.9998130641306099 2.079056654216154
0.9999619979797248 0.008246853566138483 -0.0028270130271125207 170.50050771149307 -0.00828972358968435 0.9998454435275151 -0.01550385565183683 0.07532987821459741 0.002698718066680135 0.015526701630579207 0.9998758115172461 2.1124946770079753
0.9999588097450802 0.007933536044930078 -0.004408834202621185 171.85027109403487 -0.007982027876280703 0.9999066202762155 -0.011092247688302796 0.07693284157001345 0.004320421760046689 0.011126982233300104 0.9999287595734984 2.11444661453729
0.9999567970561585 0.008451411527531759 -0.0038700987559932083 173.21811542053746 -0.008469609310973137 0.9999530389845478 -0.004710153255149977 0.07598553028986492 0.0038301095687087107 0.004742727987121554 0.9999814182233248 2.157033137213253
0.999957468147307 0.009201845477939102 -0.0006228452677262175 174.6139264635266 -0.00920167189687067 0.999957624243069 0.00028098480289659054 0.08362043284805819 0.0006254044529244504 -0.0002752416342962096 0.9999997665556293 2.19120008636206
0.9999575034084914 0.009094148066561095 0.0015125633871907263 175.9580472208051 -0.009092819356264601 0.9999582695864616 -0.0008830185749902734 0.08106037940309439 -0.001520530568961561 0.0008692275840659726 0.9999984662139217 2.2051920925652375
0.9999624990157037 0.008424782247898352 0.002005892904558201 177.37242495629872 -0.00842134347775635 0.9999630663571986 -0.0017166524222035299 0.07654476413733777 -0.0020202812424785577 0.0016996957329191234 0.9999965147429849 2.22476108884238
0.999973912358041 0.006823163479877808 0.0023704521677752636 178.7635067496368 -0.006812227033790482 0.9999662553062817 -0.004591493392386476 0.06175278877870221 -0.00240170068762592 0.004575225552811172 0.9999866494833558 2.236140048346554
0.9999870309309575 0.004705351493458736 -0.0019487527321795197 180.09713698526625 -0.004716287830004829 0.9999729397518439 -0.0056459182742860155 0.05355311621915393 0.0019221339684631343 0.005655035930776576 0.999982162825732 2.2618942250959186
0.9999763268029236 0.0030773287750225885 -0.00615433841633555 181.51294372016065 -0.0030960894597275444 0.9999905827225577 -0.0030411669235130517 0.06341350343923312 0.006144921788739838 0.003060149311671542 0.9999764374336029 2.2885484938060516
0.9999690118537733 0.002592312973547646 -0.007433387224914508 182.90247513455805 -0.002591484401770103 0.9999966347665168 0.00012109598349650005 0.08579512801578032 0.007433676128519986 -0.00010182872391077288 0.9999723646632077 2.3077245854485575
0.9999771142956108 0.002335411837389363 -0.006349546170627651 184.23255497101485 -0.0023065192374680664 0.9999869710691404 0.004553862204063088 0.09848186467277684 0.006360098586526812 -0.004539112635327112 0.9999694723352576 2.332671943211471
0.9999922640754083 0.002707645062315341 -0.0028531469564904116 185.68486675112237 -0.002687638789915626 0.999971939261526 0.006992659528232324 0.08911644249998034 0.0028720005351239083 -0.006984937205111925 0.9999714807259089 2.3590609245792864
0.9999951749238305 0.0030048394867820197 -0.0007880791308896149 187.05310607653576 -0.0029974771060087718 0.9999533459348022 0.009182651294302051 0.10176847071805623 0.0008156347569969302 -0.009180244738157553 0.9999575280213109 2.3969138762154483
0.9999948368781603 0.0032053582488055688 -0.0002278058792699081 188.51357563747754 -0.0032041708391656806 0.9999821936405953 0.005034450414549821 0.09592323375593939 0.00024393904004102717 -0.005033694492113587 0.9999873011261217 2.3955446029825
0.9999952915835477 0.0030205003155360094 0.0005416535602988094 189.92433370289424 -0.0030233460459028957 0.9999812129772084 0.005332266996082752 0.09297694932221093 -0.0005255372700968368 -0.005333879495698878 0.9999856366668989 2.4305143760021433
0.9999946936255316 0.0030953771866744618 0.0010155593786118286 191.27940150973347 -0.003096905555080768 0.9999940692760331 0.0015068472859724596 0.0935627092588605 -0.0010108890948966804 -0.001509984381557631 0.9999983490238398 2.4363273622354993
0.9999935533088458 0.0034833413636769354 0.0008715926185491548 192.73048926344342 -0.0034832309577317545 0.9999939253204323 -0.00012815743777188076 0.09804589944315852 -0.0008720337400073371 0.0001251206531889994 0.9999996119509139 2.4582038536056094
0.99999132350381 0.0038767389403330577 0.0015244055519881656 194.1069740967054 -0.0038727707683236597 0.9999891272950823 -0.0025974869000629 0.09104887059164776 -0.0015344587561889026 0.002591560689716898 0.9999954646144736 2.482820965891179
0.9999861333914747 0.0042215301172862365 0.0031482865556698957 195.56214649796107 -0.004194635230244026 0.9999550685773494 -0.008500932993130497 0.08449742455877522 -0.00318403204333157 0.008487609200319265 0.999958910370826 2.48776897465101
0.9999835122079862 0.004435894078816776 0.0036466636672399274 196.9821089214663 -0.004392806617298103 0.9999214361653791 -0.011739878491217135 0.07772214720288853 -0.0036984540288438755 0.011723665838253792 0.9999244356935726 2.5190655460747116
0.9999887807004552 0.004736845552163218 -2.7702558233925116e-05 198.3979128602021 -0.004736906842520041 0.9999506448881462 -0.008733241170705484 0.08049432221353682 -1.366682362436012e-05 0.008733274414294447 0.9999618641384392 2.5432775679708555
0.9999744947859118 0.00493375078106876 -0.005164095360350569 199.835147015579 -0.004949161442386131 0.9999833254229789 -0.002975680933511135 0.08994771450410856 0.0051493279831148165 0.00300116297977412 0.9999822385633113 2.564369265073502
0.9999591644538329 0.006539705290448278 -0.006237121091216564 201.29415445739238 -0.006497283512540969 0.9999557874411039 0.006797681222276627 0.1045405433653023 0.006281300163985079 -0.006756879291219562 0.9999574440197412 2.5769773048629077
0.9999666857976506 0.007726610779108694 -0.002631877795611428 202.73341886007444 -0.007693571743309578 0.9998942567170503 0.012340354050352482 0.12187003168643852 0.002726948604836469 -0.012319694400660424 0.9999203912718156 2.586205748642587
0.9999623092794783 0.008669715500299128 0.0004648156590700271 204.17098807809435 -0.008676123421243975 0.9998303788908047 0.016246178918417203 0.11292052050654605 -0.0003238870673327297 -0.016249599386254265 0.9998679140851325 2.6287638142144996
0.9999672784497454 0.008072529284521124 0.0005256431867682682 205.64375877729043 -0.008079286176855438 0.999862835057443 0.014458084443139025 0.1064551717656043 -0.0004088577768854306 -0.014461858173935149 0.9998953382696987 2.6435920282875545
0.9999773112961097 0.006722452994251028 0.0004307188681621366 207.0900204785083 -0.006726854006947347 0.9999147111906839 0.011194631732250585 0.09202463003706438 -0.0003554267470547155 -0.011197275123510212 0.9999372453817469 2.6621545700552742
0.9999839097434781 0.005672680618126257 -3.080182471999286e-05 208.52589537438521 -0.005672200683793691 0.9999463617656367 0.008666010100916527 0.08476676863946292 7.995968010045527e-05 -0.008665695948459742 0.9999624489550487 2.679486855155402
0.9999865393899385 0.005131975141312553 -0.0007641139208042333 209.99546654479312 -0.005123699275574545 0.9999321135702339 0.01046498718099606 0.08932234487571489 0.0008177681019052416 -0.010460931225941838 0.999944948571279 2.7065421511276804
0.9999865489113762 0.005162756285201159 -0.0004979396105399242 211.45232030900576 -0.00515693645465403 0.9999255870874156 0.011055600132503146 0.08324907961771097 0.0005549799264739641 -0.011052883579716163 0.99993876100582 2.730541977268709
0.9999880955146779 0.004878648876192407 8.725864010959274e-05 212.89793803081088 -0.004879359068719734 0.9999096741266074 0.012523395829426158 0.0868312071758225 -2.615350740737118e-05 -0.012523672511081267 0.9999215753962054 2.7454428658254413
0.9999901643123136 0.0044209812318172425 -0.00035525143221125523 214.35657271071764 -0.00441620398491148 0.9999123776575854 0.012479348922029804 0.09647502584731016 0.0004103912716182113 -0.012477657316260701 0.9999220667866583 2.7754242078299405
0.999990078888942 0.004325088781811206 -0.0010657066749189667 215.8341826032954 -0.004311328791182985 0.999911419893967 0.01259225197035703 0.09251853202287208 0.0011200748822434337 -0.012587532429356226 0.9999201465415116 2.800268431038713
0.9999905017608138 0.004002160416125718 -0.0017260069986469902 217.31389167261176 -0.003982554938534607 0.9999291619103141 0.011216524305620002 0.09300555445282326 0.0017707750611908857 -0.011209543850692904 0.9999356031676951 2.814297151582285
0.9999927982771081 0.0034437925862818596 -0.0015948938967345226 218.77101858003633 -0.003423415216373147 0.9999146579963432 0.0126078131455166 0.08441039129235921 0.0016381764787335123 -0.01260226236350547 0.9999192464200025 2.838547949628694
0.9999926040651265 0.003318883866930895 -0.0019434054968240338 220.25777812947504 -0.0032926859968793235 0.9999057050172667 0.013331890070383727 0.08714981636488799 0.0019874692383065598 -0.013325392444527375 0.9999092378222265 2.8707221944197987
0.9999934237272122 0.00309945655808495 -0.0018830484254478306 221.74921389704173 -0.0030779852719349837 0.999931412667796 0.011300264016890368 0.0868943775858913 0.001917943949595161 -0.011294393707951753 0.9999343769276942 2.883280949396961
0.9999926468577437 0.002646028824967973 -0.002775745287584719 223.24273891018214 -0.0026091900093072654 0.9999095723372363 0.013192394621927507 0.09254260406814732 0.002810401739865908 -0.013185055169500403 0.9999091238518818 2.9018518539408493
