1.0 0.0 0.0 0.0 0.0 1.0 0.0 0.0 0.0 0.0 1.0 0.0
0.9999988058036057 -0.00011786835736721739 0.0015409407557690645 1.313934098570642 0.00011851231250038095 0.999999905693657 -0.00041781276762954087 0.010716473244957052 -0.0015408913635439696 0.0004179948891314326 0.9999987254662269 0.01815799437856404
0.9999974416272246 0.0005603853256397436 0.002191507995037213 2.6266587627560587 -0.0005581968540397246 0.9999993451088631 -0.000999098652265443 -0.003900387531149685 -0.0021920664400616463 0.0009978728033302184 0.999997099543089 0.026956493545523846
0.9999982378024009 -0.000501258128742292 0.001809180030068029 3.941084317590929 0.0005052269381557824 0.999997465735455 -0.002193916226428576 0.01106911375155218 -0.0018080757267849464 0.002194826406801833 0.9999959567914313 0.0421344115082629
0.9999981757583352 -4.54247231478518e-05 0.001909559267570983 5.25751634033144 5.046123362672649e-05 0.9999965203603056 -0.0026375596571382156 0.012133394644432076 -0.001909432812575545 0.0026376512043083207 0.9999946984171759 0.05457608772945583
0.9999964880638573 -0.00035144385941808645 0.002626851188229953 6.57649306966217 0.0003596693339152077 0.9999950321929808 -0.0031314896342501367 0.020273317079830776 -0.002625737595737393 0.0031324234344756756 0.9999916466778637 0.06351496840821905
0.9999907490853371 -0.00013840670374774437 0.004299137975282387 7.903528660784905 0.000157044762025657 0.9999905903574114 -0.004335266263839977 0.021240795968089275 -0.004298497492017154 0.004335901315761973 0.9999813612658444 0.0814155283411615
0.9999865716267138 -1.9991047996724693e-05 0.005182293566486465 9.237270764383071 4.2049305814059985e-05 0.9999909406373201 -0.0042563922685432765 0.02354111749461978 -0.0051821615284673985 0.004256553023966037 0.999977513226296 0.09179270241745682
0.9999922257723511 -0.0005828674622632812 0.0038998282501335997 10.560932398890635 0.0005962792466745895 0.9999939095613052 -0.0034387921362406468 0.02833024385111343 -0.0038978001384230203 0.0034410907889388925 0.999986482932776 0.10277794453733421
0.9999902922832419 0.002221634189000104 0.0038052175768242104 11.858365191858038 -0.002222071138166051 0.999997525080127 0.00011060505393683967 0.03080476332875697 -0.0038049624352463054 -0.00011905944436620727 0.9999927540166054 0.11431192937472548
0.999999419747818 0.00012791854165281237 0.001069645209447309 13.227700363072284 -0.0001305509231025402 0.9999969625288626 0.0024612780227458845 0.04733351333268405 -0.001069327117335586 -0.002461416237753427 0.9999963989783267 0.12412470939712557
0.9999998026198789 -7.752968927119651e-05 0.0006234976748480107 14.567150502321754 7.460654012208433e-05 0.9999890133338486 0.004686965485251621 0.05989003173092849 -0.0006238542036649075 -0.004686918043133512 0.9999888217401179 0.13771311405674297
0.9999978400282411 0.0009865450554344816 0.001829389981918486 15.910488360014513 -0.0009969747563328046 0.9999832061398408 0.0057090699434976695 0.06753269182442212 -0.001823727004675066 -0.005710881467699282 0.9999820297648725 0.1512965978811824
0.9999909059307729 0.0007308737124361066 0.004201651980914457 17.271393574973867 -0.0007471380548535622 0.9999922298018675 0.0038706744394090362 0.06572511646044481 -0.004198790359048919 -0.003873778453315921 0.999983681866867 0.16478983501807343
0.999977932390564 0.0013711466278429783 0.0065003606682820635 18.618091467740033 -0.0013672421283830905 0.9999988822722222 -0.0006050646813644636 0.06702301078640807 -0.006501183035045858 0.000596163762078032 0.9999786893768854 0.1786456319349594
0.999985274354572 0.0007001535830102265 0.005381529426822126 19.972619138542928 -0.0006878983521587204 0.9999971669513115 -0.002278790294896176 0.06456506239151029 -0.00538310968387714 0.002275054793013484 0.9999829229820979 0.19347914522821905
0.9999955928355881 0.0010225695831077904 0.0027872317535749874 21.326063671286274 -0.0010132121141277308 0.9999938532676518 -0.003356609617731296 0.06512124441419449 -0.002790646988104865 0.0033537707676232404 0.9999904822102188 0.19595003215413154
0.999997086259705 0.001230348987727987 0.002076948114090921 22.67137819838357 -0.0012272395284677357 0.9999981253270086 -0.00149774016712095 0.0728044376331414 -0.0020787869635908837 0.0014951868902708845 0.9999967215250873 0.21869005297282493
0.9999921823199462 0.001917204519993393 0.0034582691942525337 24.0328965387936 -0.00192144914024122 0.999997404339749 0.0012244782424145574 0.08143992783849148 -0.003455912642539658 -0.0012311135582054446 0.9999932704909639 0.21766245101806733
0.9999648784249879 0.0028507291309061 0.007881323487928592 25.397782352511705 -0.0028626577463438294 0.9999947735835548 0.0015026630368245968 0.0883175833544863 -0.007876998611556895 -0.0015251717926661914 0.9999678128539321 0.22958850077403023
0.9999486083857383 0.002972777809445522 0.009692428979421231 26.782233946276424 -0.00297063379032313 0.9999955599051419 -0.0002355947490189404 0.07853071613779901 -0.00969308631495906 0.0002067899843879009 0.9999529995532755 0.22941827245007756
0.9999451556221861 0.003374657559195567 0.009914506244907223 28.164777112229544 -0.003337522562826089 0.9999873627859178 -0.0037596823812576525 0.09144220986152309 -0.00992706859373737 0.003726386295525016 0.9999437820969296 0.2404779077023686
0.9999757966074692 0.0031216451355333547 0.006217839729764983 29.547991541964652 -0.0030882288071978374 0.9999807771241145 -0.0053766369680659475 0.08889066231823342 -0.006234504157640474 0.005357304723438916 0.999966214551276 0.24024666365851877
0.9999825225456831 0.003944038214142824 0.004404448403351408 30.918657140503598 -0.003923100142028852 0.9999810117587935 -0.004752410665685121 0.0804893522743931 -0.004423108459897505 0.00473504851348807 0.9999790074932208 0.25999873239112087
0.9999857441283574 0.004174736677138327 0.003329131077616228 32.305104460220676 -0.004166729637034836 0.9999884187659368 -0.002408463853425881 0.09617754849409295 -0.00333914722455445 0.0023945579295476535 0.9999915580584342 0.2611956082662106
0.999987177642183 0.004791394366889765 0.0016392349563831426 33.670976749063456 -0.004790878689812495 0.9999884729957331 -0.00031836620659285984 0.0957186396268379 -0.001640741478963683 0.00031050874856731027 0.9999986057748862 0.27797864099905173
0.999986360357188 0.004935123707564479 0.0017098694614146117 35.07165160897395 -0.004935653259873423 0.9999877728862309 0.00030562220816577614 0.09029834861500939 -0.0017083402712410997 -0.0003140573623692104 0.9999984914696075 0.2896350346853846
0.9999844834976428 0.004496242858932924 0.0032888545279576007 36.454895735234636 -0.0044964084326455265 0.9999898901820816 4.295154315198058e-05 0.09513438196104643 -0.0032886281576679863 -5.7738909927513e-05 0.9999945907808996 0.30788088891334886
0.9999755686438324 0.004186513305806257 0.00559778722215196 37.86711479700858 -0.004194000416281216 0.9999903254073488 0.0013264434450991859 0.08881116378937899 -0.00559217989270853 -0.0013498881602269015 0.9999834525260918 0.3272643928156098
0.999976015632312 0.003972512704734398 0.005673385491666208 39.258361289419376 -0.003992624610599203 0.9999857705050266 0.0035380412924794122 0.0994345414167234 -0.005659249848271622 -0.0035606081333356006 0.9999776472306148 0.32756652861295077
0.9999757676388792 0.004361503351626244 0.0054259951665992364 40.66808569726003 -0.004391366118632323 0.9999752108450879 0.005503962112341911 0.11484593885459732 -0.0054018551115642965 -0.005527656269678876 0.9999701320427115 0.33223834351656306
0.9999709321325401 0.0046642003730154825 0.0060315938904552885 42.06387681155965 -0.004712710751689067 0.9999564634485559 0.00805366778728803 0.11077293598638126 -0.0059937673753599745 -0.008081858841717594 0.9999493778738565 0.34264203601510496
0.999973397342805 0.003949292355399556 0.006132511441516449 43.473966256968254 -0.004004470395360724 0.9999513767563025 0.00901156701290336 0.1153682530500816 -0.006096623946203919 -0.009035884741792089 0.9999405902169346 0.3489097077990001
0.9999688195746974 0.003815907408574901 0.006913662490717132 44.88900746495145 -0.003876003823239153 0.9999546425511981 0.008699967509586588 0.1127116676383325 -0.006880150634150483 -0.008726493623146125 0.9999382540118649 0.3653927584816256
0.9999756993722452 0.002773870339373602 0.006395803962716549 46.27267543064411 -0.0028185267483064437 0.9999716412955632 0.006983731926899655 0.11071819203077551 -0.0063762506191521705 -0.007001588962375601 0.9999551595846905 0.3680146532675369
0.9999709420498014 0.0020890589263720975 0.007331499767090901 47.70790150660381 -0.0021467065697319504 0.9999667742820705 0.00786396737113472 0.11329268224969924 -0.007314827881514271 -0.007879477439078488 0.999942201893865 0.38525404941013597
0.9999695824930996 0.0010910882118812563 0.007722927883254732 49.11489290579025 -0.0011466502878387955 0.999973467845248 0.00719366378601591 0.12474206519617906 -0.007714874055579835 -0.007202300470178351 0.9999443022420017 0.3847834799732385
0.9999667010764534 5.8783979422217654e-05 0.008160470741251202 50.55922898579411 -0.000121462023899905 0.9999704978647431 0.007680406702413075 0.1319065811990924 -0.008159778505070086 -0.007681142140429692 0.9999372070636069 0.3966327573448323
0.9999635674520534 -0.000692293175606842 0.00850790801088765 51.96311260454875 0.0006264655794100195 0.999969869206827 0.007737455612748648 0.1364095831866429 -0.008513008248588305 -0.007731843806004444 0.9999338714544672 0.39835320585825273
0.9999464914118501 -0.0023945108070335067 0.010063827856520373 53.400061163039155 0.0023084125779835435 0.9999607139380774 0.0085581430123764 0.1422883580543435 -0.010083925054287297 -0.00853445361141997 0.9999127349709344 0.4072040537653499
0.9999345733256988 -0.00267480759333747 0.011121801665713573 54.84558137390645 0.0026012805465841005 0.999974702217524 0.006620291873643245 0.1553984567648349 -0.011139228315768024 -0.006590927803647061 0.9999162351233308 0.4100435192226109
0.99993231855384 -0.0035896668460769707 0.011066734092590956 56.278253316346955 0.003540187028719526 0.9999836650564242 0.004487393020772595 0.15689812663801983 -0.01108266156406597 -0.004447910999038581 0.9999286928078427 0.41312630232770575
0.9999339080969019 -0.004575315191268283 0.010547318567159658 57.70331327361604 0.00455991332476786 0.9999885026241406 0.001483849722745699 0.15837935479914975 -0.01055398638085182 -0.0014356567938186484 0.9999432745216317 0.41075151171312063
0.9999268416904723 -0.004141283795911524 0.011364903670458278 59.13860550999404 0.004127592439810286 0.9999907275825767 0.0012278963798702668 0.17672343499963086 -0.011369883357708485 -0.0011808968585774844 0.9999346634830905 0.4208910504726163
0.9999201719424419 -0.0035577217229366166 0.012124040528616094 60.5488573501 0.0035480750122582373 0.9999933717463778 0.0008170844620157319 0.1855195876299183 -0.012126867126540531 -0.0007740022305030795 0.9999261672814861 0.4315030635505504
0.9999077642022607 -0.003164058017326138 0.013208021233301894 61.97296045558516 0.0031801394865134847 0.9999942272605421 -0.0011967282220591569 0.18780170799565435 -0.013204158469310995 0.0012386211907396498 0.9999120541410945 0.43567203443012603
0.9999140535161721 -0.0026778355047279434 0.012834125520167248 63.40296493527964 0.0027146850631126645 0.9999922406807362 -0.002854656429212323 0.19819707969687814 -0.01282638163574992 0.0028892516903774065 0.9999135643438406 0.43847780490571053
0.9999253025831858 -0.0023635325112040645 0.011991787522832071 64.82270242820856 0.0024061332851989595 0.9999908418516574 -0.003539312846772862 0.21012725614003788 -0.011983312419282376 0.0035679023083536312 0.9999218320931792 0.4388625677601956
0.9999253075213194 -0.0015803251887468153 0.01211948640383345 66.26512456086002 0.001628568747408184 0.9999907861430036 -0.003971824886902276 0.21919172533062153 -0.012113097961704795 0.0039912656382485095 0.999918668020742 0.44768022156054654
0.9999266037988546 -0.0009514811291741447 0.01207814964923432 67.65973206994214 0.0009780232141031494 0.9999971197096037 -0.0021918127404634744 0.22626541933348202 -0.012076029392194645 0.002203464580475065 0.9999246542904928 0.45277269525813285
0.9999106439167743 -0.000263956979323647 0.013365422127817161 69.09179310588755 0.0002584698681654705 0.9999998816129735 0.00041227098638938267 0.2439682424611911 -0.013365529367328807 -0.0004087795885734586 0.9999105937652522 0.4541215951967531
0.9998895535407495 0.0002166250180326976 0.0148604775724878 70.47839793024762 -0.00027831855279817947 0.9999913517449089 0.004149575179828711 0.2573542175703145 -0.01485945015348882 -0.004153252820554569 0.999880966531589 0.4552758075276207
0.9998774643490377 0.0011084594142659336 0.01561498013657868 71.9088470382588 -0.0012322940164973812 0.9999678523570399 0.007923112008937357 0.26265577860117173 -0.015605695703675829 -0.007941383391839727 0.9998466865932137 0.4637539539450249
0.999878600305262 0.0014992798735445198 0.015509249222673063 73.29832114926842 -0.0016964800949413733 0.9999177896721825 0.012709675542058173 0.2742740375480411 -0.015488918841470778 -0.012734443723920897 0.9997989434562154 0.4596130189538934
0.9998862536244246 0.0021769313554531305 0.014924502765127749 74.70329602059697 -0.002414088741578086 0.9998708171436433 0.015890915645446195 0.2921050313520322 -0.014887981342695413 -0.0159251371854859 0.9997623407676262 0.46397893446874255
0.9998864964160629 0.003299992152123875 0.014700487631591121 76.11884075537738 -0.0035548326556073956 0.9998432751692911 0.01734324835594588 0.30012314935665774 -0.014640951116688764 -0.017393537608586498 0.9997415202940495 0.45861381643389737
0.9998729277093463 0.0033563198901736652 0.015584080041342409 77.50364417488716 -0.0036299797135976087 0.9998391294268713 0.017565264421438777 0.3044000262126319 -0.015522618375100638 -0.017619602257457963 0.9997242609515236 0.46025399683195256
0.9998682509955322 0.003190541594432295 0.015915435761221838 78.883021901678 -0.00343708810758032 0.9998741491959818 0.015487807945358662 0.3014155010772269 -0.01586401829537874 -0.015540470197062325 0.9997533829448031 0.46006324009073757
0.9998786971743251 0.0032368336974424932 0.015235282885116023 80.29322851697488 -0.0034695682191721957 0.9998773189261164 0.015274462134350937 0.30613101061488285 -0.015183972910503982 -0.015325469152241672 0.9997672613973299 0.4643550259971304
0.9998832151710368 0.0031133647057882854 0.01496205131118694 81.6783268284487 -0.003338586205962674 0.9998811457044161 0.015051521749291736 0.3027670117547892 -0.01491341213053521 -0.015099716058019045 0.9997747689922926 0.4695354700815969
0.9998796648798991 0.0028344250627903474 0.015251943949016942 83.07101153102529 -0.0030591115727391163 0.9998868493377607 0.01472855586239305 0.3057636978430484 -0.015208471193583602 -0.014773440898095644 0.99977519865617 0.463569259970505
0.9998826397934527 0.002091822895712874 0.015176656965531794 84.45257507105589 -0.0023124187223520936 0.9998917273967666 0.014532247010106593 0.3114074801218404 -0.01514461486235186 -0.0145656362883057 0.9997792170675422 0.46656402480113685
0.9998787944778332 0.001330631277908858 0.015512117004369004 85.83806292969686 -0.0015570647841784435 0.9998922855342643 0.01459427553265622 0.315875342100811 -0.015491026525471276 -0.014616659996985195 0.9997731649467891 0.46158550630367223
0.9998639519124746 0.0002613034359156078 0.01649270706958546 87.2096678135563 -0.0004861335955850823 0.9999069950723787 0.01362955903371343 0.3212727165604934 -0.01648761171595265 -0.013635722417261745 0.9997710866663745 0.4638850051523092
0.9998398858377836 -0.0010667277015788533 0.017862384496437327 88.58335377742412 0.0008465337412532077 0.9999236209921749 0.012330270172320877 0.3267239966053538 -0.017874173225992863 -0.012313174810266862 0.9997644220803115 0.4656385777227396
0.9998301116747111 -0.0017233229392673807 0.018351510743849702 89.97532508127703 0.001543144858590602 0.9999505153078372 0.009827799323158172 0.32926038951611314 -0.018367539097005937 -0.009797810655338144 0.9997832947263532 0.4650508341773879
0.9998245560073162 -0.0029279507917795104 0.018500927245243128 91.34174466810991 0.0027847578320642245 0.9999660069747022 0.007760800144737731 0.33635512913665816 -0.018523021583683873 -0.007707917956927277 0.9997987225797897 0.4577547944801307
0.9998279533586095 -0.003480228590629397 0.01821954147861837 92.69508354857521 0.0033574837618490076 0.999971492489809 0.006763247037678427 0.3464566392254239 -0.018242559730560014 -0.006700911629077906 0.9998111355640205 0.45515561308071684
0.9998303515562432 -0.0035846101054309585 0.01806706056089246 94.04087635792213 0.003478650344616634 0.999976586543503 0.005892822463292898 0.3564044515078405 -0.01808776101950742 -0.0058289737686863085 0.9998194116769814 0.45251906654186835
0.9998385945532325 -0.003742855609678231 0.01757201962501135 95.40511908320217 0.003641320655995795 0.9999765114576546 0.005806661421094001 0.37172772513685204 -0.01759334037915774 -0.0057417388362849845 0.9998287387395098 0.4470446975213513
0.9998429384100167 -0.0036066589667985223 0.01735196019822318 96.76368573114921 0.003504238418129316 0.9999762814367594 0.00592932348753209 0.3797056121766387 -0.017372933682381228 -0.005867586813001148 0.999831862164964 0.4449526112799595
0.9998551810165311 -0.003377647368230804 0.01667958310797253 98.12406828231636 0.003264788099092265 0.9999716255090292 0.006788912688915741 0.3945951838525518 -0.016702040386369105 -0.006733474221052543 0.999837837937656 0.4445591527086189
0.9998510334390843 -0.003098108549567336 0.016979771912781463 99.47686807893912 0.002973030855883247 0.9999682992940414 0.007386575289837512 0.40238853876899977 -0.01700211805408228 -0.007334993551297081 0.9998285482277836 0.4396652398305567
0.9998247660698713 -0.002935532658306501 0.018488369353172093 100.82313477601487 0.002772894463263569 0.9999572911785324 0.00881628465894854 0.4158350845766839 -0.01851346022824743 -0.008763473449724436 0.9997902046546931 0.445421451744546
0.9997998908819914 -0.002927637983874411 0.01978906587470569 102.15554396243576 0.002747635361252384 0.9999546630850494 0.009117141788239108 0.4314686181544932 -0.0198148603901128 -0.00906094422787361 0.9997626071210203 0.4372470366875835
0.999807310727385 -0.002631868220964728 0.019452883738448477 103.50424326242194 0.0024726237614866157 0.9999632757508349 0.008205685918553633 0.43720500810264445 -0.01947376562989934 -0.008156005108341555 0.999777101174489 0.4360675299149637
0.999852200356254 -0.0028344588368926196 0.01695710134012198 104.84405442496501 0.0026845258901130632 0.9999571624625856 0.008858135273265207 0.45306157931686547 -0.016981482959462585 -0.008811304266458738 0.9998169783283445 0.4287831152938097
0.9998635444200737 -0.0027059694054338184 0.01629632686540027 106.17556389358998 0.0025637087209768226 0.9999584824112774 0.008744189575317984 0.4611454040440786 -0.016319311790669904 -0.008701217346553785 0.9998289698140211 0.4241062400421919
0.9998520609078221 -0.002705680571863892 0.016986335420676187 107.51966491561869 0.0025904247532207315 0.9999735003676675 0.00680354775335897 0.47292264173418064 -0.017004293516008875 -0.006758539418940519 0.999832574057749 0.4253045168887711
0.9998010802789421 -0.001892202779076905 0.019854960128473462 108.85145736057109 0.001810528978723473 0.9999898296364607 0.004130691039015394 0.4780479200569364 -0.019862574301374426 -0.004093921382422136 0.9997943378264537 0.4182119569789622
0.999796294228303 -0.0011413178383156979 0.020151115129060933 110.19164979358578 0.0011008446358911712 0.9999973549515836 0.002019463028672355 0.4812293487677093 -0.020153366677564212 -0.001996868405400633 0.9997949061323183 0.419269631941433
0.9998112392806326 -8.972551085294141e-05 0.019428786824147188 111.53661010627816 6.254171143625669e-05 0.999999018388538 0.0013997537265546538 0.48465798230974466 -0.019428893346245528 -0.0013982743984551798 0.9998102634660473 0.41006265521715957
0.9998559785972402 0.0007178894466487373 0.016956022472788396 112.85436669706564 -0.0007695635990350567 0.9999950793900128 0.003041211539676266 0.4936545107661498 -0.016953755785145515 -0.003053822277803711 0.9998516111575123 0.4050113328337572
0.999883377118218 0.0012583563478163104 0.015220009920152232 114.18162142421805 -0.0013485505909597733 0.9999815837904539 0.005917219891049869 0.5028491769861461 -0.015212283654048921 -0.005937054761186273 0.9998666600136198 0.4037831518537431
0.9998859644463158 0.002697397000793062 0.014858739942575859 115.49673546947407 -0.0028227066652442 0.9999605765211455 0.008418891291640423 0.5109349491480454 -0.014835445067235851 -0.008459873102983613 0.9998541594236324 0.3953559193973533
0.9998417142009618 0.0042688945194639324 0.01727203182210651 116.85619555530482 -0.004443908143161797 0.999939047092391 0.010107115334073007 0.516388126967266 -0.017227832832289423 -0.01018227084410959 0.9997997415164498 0.39609371999093856
0.9997927232150939 0.004940663817240231 0.01975096066503001 118.15844475940389 -0.005126589153151418 0.9999429218490157 0.009373960086767788 0.5195650687185379 -0.019703519731290135 -0.009473272143168829 0.99976098564862 0.38667891030664686
0.9997684366689262 0.005905210390516923 0.020693030972164177 119.51626439759633 -0.006095743382305143 0.9999394970587457 0.009156644282680315 0.515433276492006 -0.020637707071966545 -0.009280663346237165 0.9997439443850937 0.3870500266865815
0.9997710078555058 0.006731283859074792 0.02031309107927041 120.8598867512541 -0.006930047222470682 0.9999286432530897 0.009730511164861235 0.5153334400858716 -0.020246142770426724 -0.009869053634656259 0.9997463155637413 0.3731656251005229
0.9997573826331345 0.008627148791009787 0.020266923157747602 122.17425131130253 -0.008842519816534947 0.9999051303744547 0.010561254382825158 0.513957653899483 -0.020173886929356337 -0.010737902708738575 0.9997388217587527 0.3619071579882011
0.9997543499353205 0.009605921473606031 0.019974134725882994 123.53931533977895 -0.009866878196257691 0.9998667161552481 0.01300748398348785 0.5158003052190798 -0.019846523626696564 -0.013201371048621917 0.9997158792888965 0.35183316014539057
0.9997639039284407 0.01047759901257217 0.019035659187303464 124.8527897493802 -0.010735897833412989 0.9998509900309005 0.013518070570123743 0.5085605320533831 -0.018891185761458762 -0.013719243898993637 0.999727415572548 0.349572677370973
0.9997648202657179 0.011698103208523544 0.018260847197753217 126.1996095566756 -0.011977776838616143 0.999811479091511 0.015281987398547713 0.5008971877010022 -0.01807863438043015 -0.015497117737430777 0.9997164609631929 0.34019264185680387
0.9997539288814781 0.012632656945179366 0.018234518489770327 127.55028517402627 -0.01289746051700853 0.9998119995017087 0.014478299783029475 0.4950735567487581 -0.018048190996899673 -0.014709916073876046 0.9997289038388553 0.33285278474937935
0.9997192024657071 0.01353275830425568 0.019452009510819216 128.87266626791893 -0.013798173951422021 0.9998126363959353 0.013575805634116072 0.48481934520353503 -0.019264646815778927 -0.013840395792302972 0.9997186188260052 0.32780797160088054
0.999691187402145 0.014223601047442165 0.02037692331370489 130.23132259290412 -0.014473164260933771 0.9998214041338795 0.01215266851492123 0.47343621616341464 -0.020200429370818757 -0.012443834176037968 0.9997185072030196 0.3172986004811021
0.999657171346294 0.014967490848509613 0.021482876753965357 131.57024205413668 -0.01520455221976823 0.999824834460863 0.010914301952211082 0.45750307423993186 -0.021315753979688948 -0.011237197738203175 0.9997096398551281 0.3100866225491568
0.9996636144422291 0.014650476771981636 0.021401436649250902 132.9133014973855 -0.01485249543481822 0.9998463403883039 0.009311229321344405 0.4410224147027968 -0.02126173416391469 -0.009625961898407162 0.9997276026587809 0.2983926156664948
0.9996489383782524 0.014401884430762287 0.022239283353469714 134.25592557933282 -0.014576053101176236 0.9998641964526076 0.0076894296390052 0.4261492647184167 -0.02212552090289941 -0.008010891150458095 0.9997231051384933 0.2889958217454795
0.9996557324902934 0.013893093821150442 0.022257548008971815 135.58349051723314 -0.01402372782632955 0.9998852794494687 0.005723897108698792 0.4110200332534573 -0.022175471971256983 -0.006034060352254646 0.9997358844007338 0.28049781242549027
0.999667129196642 0.0129403596315495 0.022319899111569227 136.9507096616178 -0.013056605057728704 0.9999019037315053 0.005070303588365481 0.39882303975170635 -0.022252098060878613 -0.005360037939964862 0.999738022746545 0.2707611678703817
0.9996622950763371 0.01200231986582924 0.023048646826845907 138.28575117525872 -0.012084482774198773 0.9999211012373782 0.003428786419284377 0.38432376119396877 -0.023005674925775297 -0.0037061594767760072 0.999728464785885 0.2572429213902996
0.9996585621772349 0.010766672900964551 0.02380835610425564 139.63411223048456 -0.010817156044615951 0.9999395074661092 0.0019926222776837847 0.3710883452283797 -0.02378546196418812 -0.002249480624217217 0.9997145550786342 0.24487860228886285
0.9996705981849581 0.009526040211901187 0.02383169491264075 140.9585226987061 -0.009551040451483183 0.9999539502421791 0.0009354257617096813 0.3625677905891125 -0.02382168656544027 -0.001162735112903975 0.9997155471914174 0.23057390378665252
0.9996701273050561 0.008360683164538345 0.024284471394596954 142.2875650858545 -0.008380406149161732 0.9999646313626762 0.0007105043858069688 0.3533561768205882 -0.02427767218387885 -0.0009137837432148755 0.9997048362554832 0.21989167638242155
0.9996959591186101 0.007134318169803262 0.023602771578236554 143.6587059300135 -0.0071339007211889995 0.99997454821566 -0.00010188909136536915 0.35309154041951485 -0.02360289775478035 -6.652171626781456e-05 0.9997214105901897 0.20049312202419348
0.9997494493016236 0.006236711710113782 0.021497489345159177 144.9880597507794 -0.006207619360253723 0.9999797246697082 -0.001419757504986961 0.3503844723137349 -0.02150590809471913 0.0012859535526967033 0.999767894183686 0.1917838912856758
0.9997684310996555 0.00537118233181456 0.020838295921012454 146.33064148326991 -0.005256148428857395 0.9999706671016317 -0.005571161459817899 0.3429947198462995 -0.020867608397396698 0.005460342175719712 0.9997673367254488 0.18537374686309654
0.9997088965988283 0.004472075473710447 0.02370912487019735 147.6719194786599 -0.004112589033064322 0.9998761751056144 -0.015189505179954625 0.3308359108948848 -0.023774117703887394 0.015087577576409899 0.9996034995588389 0.17171119678350785
0.9996852863815536 0.0031728686078464864 0.024884957243854984 149.03429326209604 -0.0026007400444181296 0.9997323190648417 -0.02298970135637114 0.31100447467792075 -0.024951239316965964 0.022917746879462547 0.999425941495675 0.1560333447809902
0.9997551028891704 0.0019307008869894288 0.022045558308856197 150.37338149236163 -0.001358593128082554 0.9996626638380954 -0.02593670666902693 0.3050611829554818 -0.02208819756740072 0.025900403900476095 0.9994204723768748 0.14682492621617782
0.9998020099535406 0.002236454594645462 0.019772181561635467 151.70595473794748 -0.0017640114714332366 0.9997132861414396 -0.02387956816637835 0.30557346482767483 -0.01981991817311162 0.023839961894477676 0.9995192979930307 0.13483880700100273
0.9998440330861851 0.002934237089175666 0.017415503284604106 153.04231539217784 -0.002572367882133351 0.9997810806995837 -0.02076472004750856 0.3161850665624287 -0.017472619306518392 0.020716682356906015 0.9996326958671833 0.12430817130429304
0.9998421610859053 0.004073474022333569 0.017293343356792005 154.3909410368346 -0.00373397163795969 0.9998005548825715 -0.019619070118358298 0.31793737922664006 -0.01736981205636495 0.019551400612015508 0.999657957685145 0.12609270142181073
0.9997874210530706 0.004874557933286535 0.02003375623803767 155.74151199311282 -0.004401842707923752 0.9997124350548079 -0.023572674382880382 0.315824388193041 -0.020142901598944937 0.023479477884775033 0.9995213742754246 0.11792312022196619
0.9996949434180274 0.005216903651642736 0.02414133427787822 157.09931822805302 -0.004487674323805096 0.9995349227134185 -0.030162875450527947 0.29859955461513166 -0.02428746350671971 0.030045335620859318 0.9992534197709007 0.10397291475901904
0.9996609285238593 0.005443073638530373 0.025463717956751338 158.45216961549409 -0.0045810541420833436 0.999418471137517 -0.03378954708331254 0.2869009024603837 -0.02563282906280042 0.03366143934108626 0.9991045318562636 0.09251180242442525
0.9996400825251373 0.005257133022004268 0.026307184598995975 159.79346089780094 -0.004331791382519117 0.9993741124493005 -0.03510867342397351 0.27708236924558105 -0.026475290226077444 0.0349820799633447 0.999037193045826 0.07418244206090718
0.9996337816891933 0.006168132816832879 0.02634875031792005 161.1402091840004 -0.005284030344492475 0.9994249936228394 -0.03349270286653301 0.27665563080873856 -0.02654018705813253 0.033341209629245534 0.9990915784908699 0.061690846757093
0.9996499291135769 0.0072152632618036295 0.02545504270834052 162.49371795222206 -0.006420703894040364 0.9994938161292996 -0.031159044927512446 0.27969708839083984 -0.02566697848843194 0.030984697761194172 0.9991902495120345 0.03545712884364634
0.9996734436489044 0.008241207535747296 0.024188603959170454 163.83455279151286 -0.007581286124586505 0.9995999450124221 -0.027248376683021772 0.28105254671556423 -0.024403486714771043 0.02705609782499011 0.9993359982541641 0.021651480661692403
0.9996949160505368 0.008840079885813966 0.023063560226518585 165.1897648025663 -0.008288359197017656 0.9996797884596281 -0.023908652139639528 0.28387313025377225 -0.023267529403248544 0.023710198922098993 0.9994480719589904 0.005132713397038697
0.9996633813383797 0.009224684674332536 0.024249313470202694 166.5502460347647 -0.008665449929530316 0.9996963733329345 -0.023066666913468016 0.2821066204435909 -0.024454733460739713 0.02284877103122204 0.9994397929208777 -0.011724388954312747
0.9996557777366539 0.008949033103433124 0.024662539290170475 167.92668033225323 -0.008416516416403074 0.9997310058477206 -0.021611991997898247 0.26774891496000736 -0.024849311643141383 0.021396980002291406 0.9994621958621764 -0.02416696564786958
0.9996873952679786 0.00821417458088069 0.023614382868904795 169.2781879825121 -0.007774284084659812 0.999795663210987 -0.018659912418706674 0.26407863063653847 -0.02376283336000604 0.018470494320878692 0.9995469816823254 -0.03934180764608167
0.999768084362497 0.007788247867919133 0.020077865556147437 170.65640243620297 -0.007470617558359441 0.9998465244888967 -0.015846682326933658 0.27450633308554706 -0.02019820198531568 0.015693013178541368 0.9996728274660357 -0.05488580480413047
0.9997980091299582 0.007481504330227253 0.018653901273698342 172.02698820843798 -0.007301837918983748 0.9999264765286812 -0.009681151787977378 0.27940212809908205 -0.018724959353146397 0.009542988520047447 0.9997791292417187 -0.06418105542421305
0.9997753258090374 0.007436445192587603 0.019849362365851952 173.383851354509 -0.007314676006166021 0.9999540252419405 -0.006200235266932066 0.28045930187353324 -0.019894557505963237 0.006053650579454498 0.9997837565675409 -0.07733788806511825
0.9997015668004338 0.007824522535022917 0.02314204364045439 174.790524616927 -0.0077856826595031495 0.9999681282393972 -0.0017679510519140983 0.27893550959256747 -0.02315513943562614 0.0015872468287480483 0.9997306238008423 -0.08610596890182697
0.9996649858601355 0.008170533772672102 0.024559283847962292 176.15022609733418 -0.008118541552493263 0.9999645887456943 -0.0022159733110165003 0.2813307229942185 -0.024576519857693383 0.002015845362204589 0.99969591928704 -0.10553732432684791
0.9996235756801427 0.00727830248169723 0.02645247166959763 177.54850769464628 -0.00716855792756322 0.9999653113539368 -0.004241210447886628 0.2726030556299462 -0.026482422881698643 0.004049987877637676 0.999641075024684 -0.12402403493764413
0.9996339760325753 0.005713497490597147 0.02644371206411129 178.93092526675076 -0.005513530874943675 0.9999557008455516 -0.007628717046304793 0.26717142165929136 -0.026486127285726916 0.007480126530111546 0.9996211946374977 -0.14497122214604072
0.9997011204343259 0.004242927122241037 0.02407628234982862 180.27806948642024 -0.004057536108464573 0.9999617843580436 -0.00774378616737919 0.2623467759693788 -0.024108218579601104 0.007643781322940793 0.999680132044248 -0.15711159353469703
0.9998133122326169 0.0021907533541992894 0.019197429051432176 181.693587462183 -0.0020595177883828072 0.9999743956407131 -0.0068532072396681664 0.27049771941801937 -0.019211951200308684 0.006812390383086539 0.9997922245488537 -0.17599362333537807
0.9998375298103915 0.0017244207398994088 0.017942696446360765 183.10502986973586 -0.0016818791241980347 0.9999957396328082 -0.0023857910311311393 0.27842048135960695 -0.017946734111420642 0.002355225964624989 0.9998361704026263 -0.1882817880083614
0.9998219178703415 0.0013729460855386707 0.018821465541188142 184.45188006183497 -0.0014058681282660365 0.9999975048199669 0.0017360554847984553 0.2928691327917078 -0.018819035067660996 -0.0017622068228721312 0.9998213533157988 -0.19626811793878618
0.9997540037611885 0.001425524184571051 0.022133681218288515 185.89424539353786 -0.001522334371499607 0.9999893466258593 0.004357652217460482 0.3013575975684005 -0.022127233481277448 -0.004390275115091355 0.9997455231322013 -0.20849230988172177
0.999676681379061 0.0015957320725492467 0.025376886059954723 187.25112164377944 -0.001689680534666283 0.999991797150849 0.003681115416033202 0.30397349652930183 -0.025370803823254327 -0.0037228040732793224 0.9996711774594654 -0.22370227122354877
0.9996519189687095 0.0014936610522097058 0.026340271047153155 188.6870055233444 -0.0015767047309984375 0.9999938515195621 0.0031322396560760734 0.30964749989204937 -0.02633543059013143 -0.0031726802128421655 0.9996481276908886 -0.24335019864456967
0.999643269321183 0.0015718797405926195 0.02666201970852603 190.11125660851542 -0.001612541056993804 0.9999975693965334 0.0015036330551818364 0.3096060910250363 -0.026659591373391783 -0.001546090264583746 0.9996433743054056 -0.2650250423365317
0.9996147489716243 0.0015723059020267185 0.02771067470393213 191.52144127364468 -0.0015286605423929056 0.9999975577455289 -0.0015961515979404097 0.30782725503539776 -0.027713116665990908 0.0015531764638728734 0.9996147111800272 -0.28566878933879697
0.9996099665803841 0.0019511965591771285 0.0278587068104528 192.92379858529884 -0.001846752502877388 0.9999911720421255 -0.0037743003337520494 0.3097628343548605 -0.027865825276787156 0.0037213800939570876 0.9996047454428375 -0.3034017332999065
0.9995760594494106 0.002621238250302165 0.02899707719104631 194.3431459990397 -0.002431732137660602 0.999975469214643 -0.006568686913342237 0.30886067076893897 -0.02901358396336126 0.006495389056091852 0.9995579132129419 -0.3261214451031913
0.999526127255666 0.003141326399430545 0.030621120190847905 195.77944043168606 -0.002810999658667556 0.9999374608617364 -0.010824631462653233 0.3073875383159299 -0.030653208872956243 0.010733426006431129 0.9994724480204321 -0.35058371419825485
0.9995013978929984 0.0032537171193182447 0.03140651102636905 197.19328043821503 -0.0027982541653967796 0.9998904420421716 -0.01453525666566505 0.30299778705375086 -0.031450363806605236 0.014440125955765624 0.9994009992884807 -0.3705717637526654
0.9996189727981829 0.0034589387701483426 0.027385123050482386 198.6320482238674 -0.00311006943906114 0.999913601408145 -0.012771733910387169 0.30714218185355757 -0.027426933659997703 0.012681697898068707 0.9995433646663021 -0.3955960015834683
0.9997471204798855 0.00421774757688804 0.02208858749569815 200.04050090399963 -0.004107973174487453 0.9999789982088008 -0.0050127535069056425 0.3135592327092889 -0.022109266124752964 0.004920746559309718 0.9997434503935118 -0.41629870043119743
0.9997381763921032 0.005310705760186873 0.02225702290336097 201.46337106013786 -0.005388440744929223 0.9999795856641366 0.0034340881351698055 0.3201116341713263 -0.022238331109379665 -0.003553119658897713 0.9997463838244973 -0.4409391933890785
0.9996509899748334 0.005832001095084075 0.025765985437442827 202.90571864506433 -0.006120994534705622 0.9999190856115526 0.011151486701899424 0.34066833720690215 -0.025698865115831117 -0.011305308177288842 0.9996058014731481 -0.4589855948260506
0.999565149987859 0.006492383331746267 0.028763864281814475 204.3487104595476 -0.006852288595358783 0.9998992461641822 0.012431559085890224 0.3462145808888192 -0.02868025576515829 -0.012623251521447519 0.9995089276491088 -0.4774587925366101
0.9995514128622178 0.006680798744796134 0.029194862104073706 205.79692993017085 -0.007001377666738716 0.999916166086791 0.010892268315673696 0.33372930202322854 -0.029119645532046594 -0.01109178643972499 0.9995143913509518 -0.5035455724088258
0.9995603873370319 0.005033660368981709 0.02921804801715168 207.25371370186997 -0.005258441964047074 0.9999571297504336 0.007621512276796046 0.3335269326130697 -0.029178431327841925 -0.007771803173289131 0.999544005144687 -0.526171797342898
0.9995629302319544 0.0038297860927319098 0.029313499357683966 208.68174962756942 -0.003991609024796812 0.9999771061706639 0.005463898968497686 0.3276631735240545 -0.029291902695150782 -0.005578518892027406 0.9995553334175498 -0.5476688169624037
0.9995785735107193 0.003331424795872589 0.02883707660469561 210.14972334742373 -0.003482735059697363 0.9999804232058593 0.0051984383745918615 0.33020285954129197 -0.02881919386068237 -0.005296679512668267 0.9995706074366936 -0.5767668629812275
0.9995702168485052 0.0036288464768239838 0.029089741536835946 211.6038753674261 -0.0038195230468350224 0.9999715679578546 0.006501885849870079 0.33293768975154747 -0.02906532011051955 -0.006610200387105281 0.999555657488724 -0.5938530475497888
0.9995271928817846 0.0030816142917679122 0.030592390282822055 213.07784051241197 -0.003331902638242498 0.9999613692053293 0.008133788896472907 0.3378273435880004 -0.03056614327436496 -0.008231874049078073 0.9994988479908175 -0.6256003699209134
0.9995423623066159 0.0028997266657737643 0.03011075455337472 214.5424683232532 -0.003101451857305121 0.9999730462993932 0.006654898277837074 0.3399356009091315 -0.030090645571117187 -0.006745239801173922 0.9995244143036918 -0.6491627718924226
0.9995707652277392 0.0027324056136886978 0.029168806310750642 216.0013232939171 -0.0029222678563127565 0.9999748094864953 0.0064684420862721834 0.342969469773105 -0.029150397126073004 -0.0065509046710953206 0.9995535703479741 -0.6736238711181554
0.9995826088591637 0.002232468364783254 0.028803196893890125 217.47807820440602 -0.002417683478019524 0.9999766154040352 0.006397144026085492 0.3385134489126935 -0.028788241921105063 -0.0064641109280868525 0.9995646314256028 -0.6970837251324963
0.9995917961026812 0.0018467313377778752 0.028510186733545786 218.9286564501012 -0.002027049029162662 0.9999781187493781 0.006297070325780066 0.3464963167571205 -0.028497933897897787 -0.0063522913834708735 0.9995736671990366 -0.7262492544053456
0.9995821330723479 0.001532528381955997 0.02886538756527503 220.4287233624397 -0.001732007735907038 0.9999747847720516 0.006886941940506113 0.34890815347130594 -0.028854105283959045 -0.006934059189799526 0.9995595827320224 -0.7480669673014808
0.9995879533751652 0.0018765357312397152 0.028642661903147928 221.89910733951254 -0.0020593499461029952 0.999977689956915 0.00635442099889626 0.34990082854876337 -0.028630098586071035 -0.00641078794541738 0.9995695169686152 -0.7694782602177108
0.9995705255068631 0.0007076021824620115 0.02929614031037438 223.37040923336227 -0.0009453610108177273 0.9999667261260476 0.008102649771121247 0.3584857095897613 -0.02928943206163263 -0.0081268653185346 0.9995379348627051 -0.7929128765287976
0.9995843015989773 0.0004391118139137588 0.02882761137693415 224.8616860072418 -0.0006610159269591213 0.9999702242189338 0.007688545602361376 0.3644603728591171 -0.028823376881083315 -0.007704404996504626 0.9995548284555584 -0.8206808875612883
