1.0 -2.1684043449710093e-19 -2.5135375298442207e-37 0.0 2.1684043449710093e-19 1.0 2.3183291766350204e-18 -8.673617379884035e-19 -2.51353752984422e-37 -2.3183291766350204e-18 1.0 0.0
0.9999996051917989 -0.0005752605321510217 0.000677267721610383 1.3273296131564947 0.0005753941083097035 0.9999998150465057 -0.00019704967556571635 -0.005147294397329037 -0.0006771542414461252 0.00019743929362565135 0.9999997512398984 0.014190926913472833
0.9999991949433092 -0.0005967494779263065 0.0011198226618697432 2.628292109638085 0.0005974884623972986 0.9999996039058764 -0.0006596935863360372 0.0026109771196390695 -0.0011194285465113297 0.0006603621363656997 0.9999991554004325 0.02238872817330788
0.9999988872748349 -0.001117982926636402 0.0009877060635002097 3.952068913162743 0.0011192782555432775 0.999998513100449 -0.0013118738802854152 0.0010290909243763538 -0.0009862379422804482 0.0013129779384500793 0.9999986517109183 0.04942137746404745
0.9999992821443365 -0.0005474306212199864 0.0010658473279201277 5.267740877157508 0.0005495005897131223 0.9999979618565761 -0.0019427639577488751 0.012071868060146682 -0.0010647816270901312 0.0019433482468600017 0.999997544815825 0.054373423007450884
0.9999984227272785 -0.0009066756234279397 0.0015272466301206708 6.589238739993435 0.0009101348451881187 0.9999970188182309 -0.002265835213452324 0.00541542470836749 -0.001525187699566118 0.002267221639987519 0.9999962667472896 0.06502565319406606
0.9999967102503768 -0.0006760305557410519 0.002474362768808948 7.92429047642065 0.0006848693568307137 0.9999933821118684 -0.003573050017964958 0.011495240015391416 -0.002471930902763611 0.0035747328787630477 0.9999905553766284 0.09339318125345765
0.9999957501914396 -0.0004940095026026021 0.0028732479306749947 9.23996116783227 0.0005043316540459898 0.9999934183791634 -0.00359288852292595 0.028083378439690235 -0.002871454098974428 0.0035943223237189107 0.9999894177432033 0.10374599477524664
0.9999967710920995 -0.001050772799946953 0.0023138024760362193 10.571777577076865 0.0010581512604536342 0.9999943521629684 -0.003189977754666479 0.023908076781415367 -0.002310437466199872 0.003192415807528563 0.9999922351498669 0.11967969255779266
0.9999995872641368 -0.0009084353337945112 -1.4724136773324488e-05 11.892859175313017 0.0009084254017602859 0.9999993688767297 -0.0006610668889360453 0.042682065634874936 1.5324664000490253e-05 0.0006610532403101685 0.9999997813868602 0.1271993531067222
0.9999992906587156 -0.0009340600094961055 -0.0007390628960228111 13.230849534657908 0.0009355724504711779 0.9999974636847216 0.0020487382247571183 0.04035277485823076 0.0007371473770806247 -0.002049428218387199 0.9999976282260484 0.14481480017451084
0.9999994118431507 -0.0007583566762018895 -0.0007753763630937784 14.571397515910515 0.0007628831606788417 0.999982572694851 0.005854256218350656 0.06544860567825117 0.0007709232360859109 -0.005854844296700356 0.9999825630857898 0.15853183525748013
0.9999999311385702 -0.0003683740130843195 4.498267905040197e-05 15.921907774167018 0.0003681019745967298 0.9999824983760678 0.005904866001356052 0.08356940574770096 -4.715709096611445e-05 -0.005904849036525556 0.9999825651150448 0.17749313634226052
0.9999956490329759 -0.00018187752289538616 0.002944288655026634 17.264332554541774 0.000169140866762547 0.99999063043078 0.004325556844907025 0.0710074450507958 -0.0029450477898743713 -0.00432504002501672 0.9999863102674443 0.19611911832655723
0.9999871383518112 -6.860453690939706e-05 0.00507133358920913 18.630105867856077 6.944594584306229e-05 0.9999999838539516 -0.00016573882140632267 0.08055141777584456 -0.005071322136892043 0.00016608887328969886 0.9999871269702776 0.21620745490234897
0.9999941863052064 -0.0003990678101602103 0.003386458425974027 19.966107793563296 0.0004060366336693148 0.9999978010924901 -0.002057412072685395 0.06911912671011312 -0.003385629932534718 0.0020587751376988828 0.9999921494466305 0.2406822703190863
0.9999995781150841 -0.0002491052254052581 0.0008841471825797383 21.321684503130996 0.0002517384447500832 0.9999955298965914 -0.002979398360580251 0.0753828605236007 -0.0008834010466502192 0.002979619677453697 0.9999951707229233 0.23118856066333168
0.9999999806034399 4.748789669790651e-05 -0.00019114920784131823 22.674251956683484 -4.764976195837087e-05 0.999999640257483 -0.0008468851190466476 0.08692210981123831 0.0001911089222837728 0.0008468942108342415 0.9999996231237167 0.279663608018173
0.9999991276723311 0.0007927548289436133 0.0010565009977036145 24.040783997246745 -0.0007941296154895817 0.9999988377529822 0.0013014802491020281 0.09566000513849797 -0.00105546801503623 -0.001302318112515867 0.9999985949764145 0.2582577573356817
0.9999822746909584 0.0016209671330970734 0.005729115939668353 25.430249274441437 -0.0016314682947453502 0.9999969969908844 0.001828748319630713 0.10691347692216918 -0.0057261343941601315 -0.0018380627755140771 0.9999819162915564 0.2761796420056776
0.9999771118464406 0.0017367049777942314 0.006539085491978425 26.803672907595967 -0.0017378228720128833 0.9999984763263173 0.0001652776729854673 0.0972901330120238 -0.00653878848998856 -0.00017663766241471574 0.9999786062932643 0.2943932680409216
0.9999815865053544 0.0017199978958281365 0.005819644101919521 28.17141959947691 -0.0016950125228914962 0.9999893377760278 -0.004295493779355489 0.0972717006409516 -0.005826970291832703 0.004285550314672257 0.9999738398956838 0.3069452093829507
0.9999923746201784 0.0015634672672687467 0.003578585139533672 29.531365704305617 -0.0015476432939900229 0.9999890325576012 -0.004420357988613888 0.10223894253787454 -0.0035854569766320924 0.004414785908412107 0.999983826951042 0.3140480742455938
0.9999956696167032 0.0024620856518719745 0.0016121048614699052 30.917815344748696 -0.002454984425577368 0.9999873407293641 -0.00439220132560468 0.11349216275262596 -0.0016228984292620751 0.004388224613362116 0.9999890547828165 0.34857677517659086
0.9999956960194061 0.0028880637528538905 0.000516749865116371 32.31228377913261 -0.0028871435522223776 0.9999942609192675 -0.0017727184313619086 0.11495653302298092 -0.0005218666232928089 0.0017712188705749992 0.999998295218017 0.3378745686263185
0.9999931274583362 0.003390578769950159 -0.0014996705306110124 33.684223459484144 -0.0033907338641620227 0.9999942463561393 -0.00010088844966072665 0.118402922712447 0.0014993198318053182 0.00010597273995388156 0.9999988704042722 0.3724138920200911
0.9999932481621197 0.00348930070777973 -0.0011525670236248251 35.07813761106529 -0.003489119996907403 0.9999939003993062 0.00015876343858747696 0.12915395564484275 0.0011531139668048411 -0.00015474092199257286 0.9999993231914843 0.3579221612570292
0.9999952372805375 0.003019366164415692 0.0006394092639902632 36.47188124067149 -0.003019368505916773 0.9999954416928876 2.6966988007090625e-06 0.12366046865557812 -0.0006393982070453529 -4.627298151172824e-06 0.9999997955742396 0.3975637924439103
0.9999938377134641 0.0028430406348409704 0.002059527869867941 37.87227707730482 -0.0028456406232434616 0.999995156607905 0.0012605912005920444 0.13567339020078623 -0.0020559339827597306 -0.00126644410863906 0.9999970846231394 0.40294343866125565
0.9999935656616716 0.002387602581222994 0.002677310062409642 39.26601976771767 -0.002397178336006171 0.9999907215817881 0.003579146037862257 0.12756898293325059 -0.002668739642888626 -0.0035855409981061024 0.9999900108123428 0.41802877669453564
0.9999922875567941 0.0029260871584633344 0.002619702439390648 40.669723837496306 -0.002942668919391355 0.9999755194947137 0.006348315596150476 0.14811176910870177 -0.0026010625830074634 -0.006355975552073437 0.9999764177460491 0.4414185433874306
0.9999903788976311 0.002892772655293606 0.0032975716121291174 42.09427047768983 -0.0029227971309729738 0.99995398643187 0.009136863572516155 0.15309643976972362 -0.003270989009995356 -0.0091464137986635 0.9999528207598197 0.46580834689925
0.9999920073521706 0.0024746652737140293 0.003140264886833734 43.481679511998806 -0.002505193085562867 0.9999492806486343 0.009755005785889873 0.14899265498853184 -0.0031159652405723364 -0.009762794787445385 0.9999474879205197 0.4636448953448688
0.9999931689791847 0.0019985303741198797 0.0031093200722413653 44.90416789427319 -0.002024806786172131 0.9999620722644246 0.008470784504192485 0.15958960532568106 -0.003092273022647593 -0.008477022412469868 0.9999592881405582 0.4763832235676446
0.9999951563837005 0.0012338950810472861 0.002857396029171343 46.304046562588674 -0.0012568515215284053 0.9999668386904501 0.008046231644692807 0.15087419406350477 -0.00284737306852976 -0.008049783994380937 0.9999635460576812 0.50088514220624
0.9999940023651065 0.000484738779812383 0.003429323859107433 47.73599739821867 -0.0005114092478051927 0.9999696000371388 0.007780582378331744 0.16621223739185645 -0.003425448057781175 -0.007782289501174647 0.9999638504844679 0.5182314955299905
0.9999896137962907 -0.0006502521956373877 0.004511038863417322 49.13507827902291 0.0006153538840151232 0.9999699083917406 0.007733282007747797 0.17015059787320425 -0.004515931702608022 -0.007730425803019976 0.999959922635783 0.5230263532827223
0.9999891732253517 -0.0015065121206726882 0.004402709768753883 50.561451903707216 0.00146711785300817 0.9999589852260196 0.008937305575766849 0.18257804445770787 -0.004415993351783864 -0.008930749519470064 0.9999503691262569 0.5459923678769066
0.9999852007558169 -0.00272222515678311 0.004710388470665501 52.00684707989531 0.00268035963254747 0.9999570550179154 0.008871515774546845 0.18926065902462122 -0.004734336446537286 -0.008858758947708233 0.9999495529517064 0.5516388225315533
0.9999723074211887 -0.0037800959149913147 0.006410558916115424 53.41601517400096 0.0037177653677578255 0.9999459717366934 0.00970730798060068 0.19922226768969215 -0.006446907119993394 -0.009683206206283079 0.9999323341637436 0.5787275960707097
0.9999643283909604 -0.00467293940620048 0.00703602038950389 54.87619546419109 0.004620768776610658 0.9999618481214279 0.007412880512411538 0.20315845166661325 -0.007070391893568263 -0.007380104259708626 0.9999477704458305 0.5764495435479134
0.9999579432137321 -0.005283426966581111 0.007496479390443232 56.27190617860438 0.005241869836306741 0.9999708463261725 0.005552413739749334 0.2130662114167802 -0.0075255966130104365 -0.005512884653876151 0.9999564858024629 0.5836880797224497
0.9999603873485023 -0.0054447030859332704 0.007041231578299141 57.69832809278295 0.005427048480754375 0.9999820881269782 0.002523998810588869 0.23203851183960003 -0.0070548478807660985 -0.0024856857231639567 0.999972024852628 0.5859990707367846
0.9999576167922833 -0.005491633386616357 0.007389626637663889 59.146228166257806 0.005475868822136749 0.9999826919837662 0.002151881396073766 0.24294640247911514 -0.007401316081604801 -0.0021113255663251598 0.9999703809736632 0.6067026819670719
0.9999527660146694 -0.00524740515149692 0.008181104985737138 60.55314875750034 0.005232092531109425 0.999984522678334 0.0018919861337680134 0.24636495203666867 -0.008190906381928586 -0.0018490924694306281 0.9999647443333599 0.6315595590789537
0.999946999132322 -0.004496689070635106 0.009261679851208649 62.00124067207361 0.0044864165461732 0.9999892979546324 0.0011296206335414758 0.26227308660497567 -0.00926666028504751 -0.0010880090089379296 0.9999564716744215 0.645171802688648
0.999952413019959 -0.0041546815411185435 0.008826682097658876 63.40199698253601 0.0041709859117037675 0.9999896277323327 -0.0018295639575817931 0.27223710823580316 -0.008818989289346685 0.0018662928608346833 0.9999593703640522 0.6457221495310502
0.9999608155096282 -0.003762715815149422 0.008013077749133266 64.81574842410687 0.0037867071789201004 0.9999883872902289 -0.0029809618294271596 0.28152379440874986 -0.008001768183367048 0.0030111882009949435 0.9999634515578846 0.6526524323401071
0.9999615171559308 -0.002996174146403049 0.008245431928859329 66.3197573104734 0.0030177253144042008 0.9999920601038903 -0.0026025109230211414 0.2819383815530179 -0.008237568885043144 0.0026272932196590177 0.9999626191959388 0.6681855223766014
0.9999648048103815 -0.002479033395142271 0.00801520642037463 67.62885741697794 0.0024884912623323566 0.9999962189760527 -0.001170232812599042 0.3030085152245775 -0.008012275068464688 0.0011901373971761977 0.999967192972451 0.6787540257248612
0.9999537859003264 -0.0017716089457930648 0.009449204482267033 69.09919880853649 0.00175922132201335 0.999997582527459 0.001319120759493601 0.31132511958396797 -0.009451518605212763 -0.001302436555514072 0.9999544851917382 0.6829767664013012
0.99993991873674 -0.0010335678253457388 0.010912866457179414 70.4760132706365 0.000973879781575596 0.9999845465556212 0.005473409186225902 0.33292170981383784 -0.010918354955434438 -0.005462452516885973 0.9999254727916316 0.6964584287635277
0.9999309002516337 -0.000293499694543377 0.011751960682657464 71.94770008172524 0.00018515070525904368 0.999957480716299 0.009219678884272536 0.3461856193966014 -0.011754166970643475 -0.009216865922973045 0.9998884382476798 0.7096285966254869
0.9999405576018741 -6.469404148299388e-05 0.010903076516932508 73.29812337391817 -7.250216977690409e-05 0.9999208359470554 0.012582391759012284 0.3567900647908891 -0.010903027390980277 -0.012582434328176689 0.9998613935641723 0.7034319740793546
0.9999390522324324 0.0010510639513109303 0.01099031778772155 74.6854859696241 -0.0012496319278752725 0.9998358292804221 0.018076307896684768 0.3671007841501118 -0.010969514143738946 -0.01808894003807763 0.999776204961765 0.7265857622049379
0.9999411658547501 0.0016017562703937154 0.010728429796268266 76.14262229649721 -0.0018141860873774499 0.9998019132077999 0.01982026929340693 0.3820806432841882 -0.010694557395402975 -0.019838566552880223 0.9997459966007584 0.7334661647119898
0.9999347260460462 0.0018749306827660684 0.01127068241737176 77.52348927103195 -0.0020867961857169515 0.9998207921133481 0.01881565676548232 0.38383457531479925 -0.01123338457000862 -0.018837948210247996 0.9997594424551989 0.7301221932604819
0.9999311548479257 0.001988685159546629 0.011564198884046868 78.9199222380931 -0.0021931651739400104 0.9998410002647383 0.017696446426536113 0.38596101781241765 -0.011527167519100628 -0.01772059031024771 0.9997765275740589 0.7384473992121442
0.9999424554702853 0.0018504133336726919 0.010567010861682496 80.28817114897353 -0.0020267247679748037 0.9998585108757639 0.016698820797127287 0.3946121685417228 -0.01053461602391027 -0.016719276293974555 0.9998047247665088 0.7424166318684344
0.9999412659381809 0.0015832615038662487 0.010721844848649681 81.65464564429759 -0.0017594402978693621 0.9998632679956566 0.016442313793499544 0.3939674091587603 -0.01069434634684953 -0.016460212515518966 0.9998073276187556 0.754602112458755
0.9999390150005346 0.0010748437232350042 0.010991405311938946 83.1071267526483 -0.0012441798728295224 0.9998804691192242 0.015411018472640793 0.40036399375261233 -0.010973527063107068 -0.015423753916950703 0.9998208287082764 0.7553783835587332
0.999944469808948 0.0009243668576974344 0.010497754255747754 84.4443437052235 -0.0010959250749514253 0.9998657554251581 0.016348396750385286 0.4112068921128381 -0.01048123307305835 -0.016358993672909897 0.9998112457255509 0.7698733357381071
0.9999389630444175 0.00019665155343801907 0.01104678748873631 85.85811387694912 -0.00038814981538229853 0.9998496495813509 0.01733573107112727 0.4047483971342349 -0.01104171750116753 -0.017338960759404214 0.9997886981329646 0.7745058132557173
0.9999282703898555 -0.0011385499770512452 0.011922993713903308 87.20958008844794 0.0009372822047776238 0.9998572075006529 0.016872643867062134 0.42008265858123295 -0.01194050154811884 -0.01686025838905973 0.9997865552755916 0.7865612794408706
0.9999130573931583 -0.0021389007574779675 0.013011639336231657 88.56874637804638 0.0019696836137157547 0.9999135043947573 0.013004002286131123 0.42029478025817074 -0.013038328156952118 -0.012977242871484836 0.9998307822658422 0.7826147534371823
0.9999009520118363 -0.0033349505365713977 0.013673487877714312 89.96763654951357 0.0031776640722285367 0.99992872407398 0.011508658602391364 0.4246719644103822 -0.013710894094385168 -0.01146406894173927 0.9998402804980561 0.7946714837676436
0.9998934115699575 -0.004150589401268265 0.013997789347381252 91.34358495538712 0.004007060152531537 0.9999392723168101 0.010266213881561646 0.4356842686003142 -0.014039550132592372 -0.010209029638024109 0.9998493220210355 0.808668364993747
0.9998966474876129 -0.005009887137086606 0.013475732778084575 92.74687695927344 0.004908991143540759 0.9999597506269411 0.00750992224052096 0.449084915536955 -0.013512814251122052 -0.00744299381832923 0.9998809957660136 0.7911137966938251
0.9999007762863075 -0.005080170074355121 0.013138852843966268 94.0963186383741 0.0050244790095608565 0.9999782683166134 0.004268196948343932 0.46440299523569156 -0.013160250480984627 -0.004201757551667728 0.9999045719671227 0.7894553980260434
0.9999054504361443 -0.005067069839481803 0.012783387318425753 95.44992041844506 0.0049797496644340125 0.9999641161168263 0.0068533620927092856 0.4796816307071575 -0.01281765506520767 -0.006789056041603216 0.9998948026851091 0.8041977307187568
0.9999117436136983 -0.0047929805248031355 0.012390815998254517 96.78221902553847 0.004704822325725261 0.9999634833402334 0.007134187616690924 0.48291826501839935 -0.012424557549349569 -0.007075261391330134 0.9998977802985399 0.8162556238716978
0.9999205875186761 -0.004469887604302212 0.011782986086336699 98.08093378059066 0.004371365807388133 0.9999553835129609 0.008373896609423212 0.4959913091954484 -0.011819890747544864 -0.008321723875028364 0.9998955140885791 0.8204132777773068
0.9999173398862924 -0.00439667570381999 0.012082327485889792 99.46432666020269 0.004283369213424624 0.9999467595629631 0.009387799939877728 0.5202224367676607 -0.012122959329402003 -0.009335270873687658 0.9998829364354672 0.8215972015914562
0.9998930716945035 -0.004504771349466692 0.013912304353323855 100.79343256813344 0.004367644838200328 0.9999417398837053 0.009871196326467045 0.5274798615877323 -0.013955961303250731 -0.009809376811874366 0.999854493049196 0.8260709329852782
0.9998731559873492 -0.004096452475726681 0.015391264178499571 102.17771323840256 0.003937203411042556 0.9999385534005226 0.010362811036123637 0.5330494537592501 -0.01543276920057856 -0.010300898037765627 0.9998278457486655 0.8299795080612461
0.9998898764212595 -0.0041592544408037505 0.01424554782292373 103.48607332337677 0.004028054844300209 0.9999493246322763 0.009226209493931502 0.5582222030786019 -0.014283200077358798 -0.009167811622805984 0.9998559603390875 0.8350903341749366
0.9999207711801906 -0.003955789756769559 0.011950024678347361 104.82361552998772 0.0038411865317221055 0.999946560553166 0.009597985409558024 0.569658750545025 -0.01198735368800765 -0.009551322698653261 0.999882530893637 0.8359960625264842
0.9999341770917606 -0.0038957629798697657 0.010791872619170435 106.16337183119018 0.0037904654349797734 0.9999451815351276 0.009760445505567606 0.575450272900097 -0.010829305407547977 -0.009718896824517046 0.9998941289901169 0.8341278946995541
0.999920715163546 -0.0037383271751989405 0.012024487380088295 107.51106123600815 0.0036453770719080875 0.9999633800922448 0.007742719192642588 0.5862705500784492 -0.012052991862037425 -0.007698271521820868 0.999897725771366 0.8526128160298849
0.999905870103352 -0.0031232896097127 0.013360239326912392 108.88678061949746 0.0030567127489976973 0.9999828244577024 0.005000729623365931 0.5905553165846182 -0.01337562858443037 -0.0049594204913230855 0.9998982431769553 0.8334972829608615
0.9998868567075925 -0.002171920569483438 0.014884775592871479 110.21927723924935 0.002135572540788119 0.999994700194652 0.0024574198931844524 0.6031020950372602 -0.014890034027272049 -0.00242535433457498 0.9998861957958107 0.8478444656879947
0.9999029804169767 -0.001424375171799277 0.013856439247409083 111.49773506486795 0.0013900586352749488 0.999995944028826 0.002485892774747562 0.6080448419830465 -0.013859923890039028 -0.002466390331437092 0.9999009048043187 0.8537939709830755
0.9999275604885599 -0.0009868691567620524 0.011995826968776512 112.83210920023896 0.0009552953295132212 0.9999960654611598 0.0026375126602865345 0.6289283309720317 -0.01199838265062439 -0.0026258620426810853 0.9999245689862322 0.849406700733976
0.9999522420969822 0.00019805722668810182 0.009771095053949479 114.17907570442041 -0.0002735346708446774 0.999970133353502 0.007723831935189711 0.6259622158894766 -0.009769273463375116 -0.007726135794442599 0.999922431052371 0.8719028074512127
0.9999515713209018 0.0018173309018680514 0.009672244892083865 115.4831939381642 -0.0019176898872544266 0.9999443203160746 0.010376836373380497 0.6323078921382264 -0.009652848199140453 -0.010394882203118315 0.9998993794105624 0.8531261753266564
0.9999263026082135 0.0031576430118852965 0.01172256980687633 116.86387319070697 -0.00328187679105321 0.999938498856771 0.010593761786817634 0.6468797555375152 -0.011688397537555902 -0.010631453083985425 0.9998751689927734 0.8536835285657455
0.9998952597782663 0.004032311062929001 0.013899997857734932 118.17242440444309 -0.004169192256457111 0.9999429663110138 0.009832698564462195 0.6525518495314384 -0.013859556590380276 -0.00988962044886755 0.9998550435430605 0.8652314322483416
0.9998692047115276 0.005000767563992148 0.015380695475437453 119.49668262993387 -0.005148794502303575 0.999940665981455 0.00959970998193081 0.6475535206566971 -0.01533177695866551 -0.00967764642540001 0.9998356263781335 0.8667023471473533
0.9998761246139726 0.005896876889645128 0.01459322684986997 120.81884569430377 -0.006051259765503725 0.9999259566043506 0.010557630611299825 0.649420052046816 -0.014529889269839343 -0.010644630187217804 0.9998377739243419 0.8690911600530946
0.999872785244288 0.007463189591706431 0.014096599907357187 122.15635795311445 -0.007646047099628234 0.999886746724381 0.012962703756692373 0.6384522803454614 -0.01399826030548527 -0.013068837976336865 0.9998166102752886 0.8716165753844775
0.9998710094024987 0.008370176419880051 0.013707833640973121 123.5070055149002 -0.008560638425340703 0.9998668110924667 0.01389516266662801 0.646967939229647 -0.013589702946683225 -0.014010718128688357 0.9998094917289689 0.8702495795099163
0.9998650519391642 0.009535107816131391 0.013377579363517132 124.80974940486347 -0.009727594162818091 0.9998490213029831 0.01439821208589608 0.6469104969510135 -0.013238271129417042 -0.01452640073802477 0.9998068472755637 0.8735844187005488
0.9998643164342681 0.01054207543139821 0.012657541903239722 126.13854374481711 -0.010726370475517664 0.999836147787104 0.0145815827215777 0.6423241539917965 -0.012501747792029009 -0.014715373724203562 0.9998135646600826 0.8680513026236185
0.9998576828798154 0.01136253850762894 0.012470232751195708 127.4719002950839 -0.011561518097850203 0.9998051147669146 0.016001993163037277 0.6374711688079032 -0.012285979223465535 -0.016143890627090457 0.9997941935768286 0.8790341793480114
0.9998299340192792 0.012646323279042663 0.013422874003944162 128.86573153626483 -0.012845138987779918 0.9998075135734426 0.014830313768599902 0.6264295781216908 -0.01323274134064566 -0.01500021031894057 0.9997999241083183 0.8698865036213179
0.999805905954605 0.01348711283972282 0.014361344141142547 130.2423880175461 -0.013690794898651775 0.999805724902695 0.014180077109795 0.6131958969134786 -0.014167305789556318 -0.014373943058370081 0.9997963178606031 0.8712544836694962
0.9997962103046107 0.013898699797762676 0.014641174968905362 131.52851267900772 -0.014095902350049084 0.9998101422202303 0.013453068441833678 0.5937498743975815 -0.014451415068300746 -0.013656707417765541 0.9998023059310422 0.8605186251764231
0.9997834191623259 0.013791662731470809 0.015585403658239644 132.8381338375248 -0.013953733528300368 0.9998491937550094 0.010338426770027663 0.5800578870368919 -0.015440469186851047 -0.01055366223447565 0.9998250907657451 0.8742714602395065
0.999771287733252 0.01352521933736353 0.016566250815177798 134.15646498190287 -0.013663664912980673 0.9998724260239722 0.008272601651350374 0.5738908082832181 -0.016452248640868285 -0.008497065305877773 0.9998285469998578 0.8557608598504473
0.9997811937721398 0.013169545874499903 0.016252004215307356 135.45093281444082 -0.013310328986560429 0.9998745589742336 0.008584955349406216 0.5464548967471504 -0.016136905583923288 -0.008799396430506572 0.9998310711818443 0.8764077477683104
0.9998053407253219 0.011751846536957183 0.015848493937747125 136.8488357336552 -0.011865032087657771 0.999904636811362 0.007066703382570187 0.5508255083046729 -0.015763935761155947 -0.00725337067232779 0.9998494321362633 0.8795375229958664
0.999794809512481 0.010857769101244556 0.017101102948221772 138.1767103288031 -0.010966708614993196 0.9999200837089142 0.006289475153921199 0.5306814809466582 -0.01703144662251138 -0.006475727426476277 0.9998339836094002 0.8731489989290495
0.9997888623123831 0.009903807101151966 0.018004038464022702 139.41282130224113 -0.009963283970485471 0.9999451909630959 0.0032168373134469994 0.5126935026972805 -0.017971192743785936 -0.003395537465687799 0.99983273929027 0.8728733812702305
0.9998036028559979 0.00855528544248662 0.017876319732083593 140.6535059746108 -0.008606736988517334 0.9999590321094529 0.002803244751472043 0.5079274574945903 -0.017851604817959426 -0.002956550984465601 0.9998362761030927 0.8670692680863832
0.9998146477089187 0.0075806920352554695 0.01769755166561599 141.95421697657804 -0.007619915637078841 0.9999686568109819 0.0021499491446303866 0.5039616841452436 -0.017680698865552073 -0.0022844044973055594 0.9998410745632119 0.8637486645438067
0.9998391577846695 0.006286700451901704 0.016796903222648166 143.31626036425885 -0.0063255949879788215 0.9999774315605052 0.0022634526067563405 0.5044179834073221 -0.016782294494228335 -0.0023693389548635224 0.999856360096002 0.8468288621303072
0.999875841825196 0.005251249413856991 0.014856827183121719 144.66440120486928 -0.005242234375954003 0.9999860509451868 -0.0006456731353776217 0.4983725376709746 -0.014860010535098687 0.0005677099996026446 0.9998894227824661 0.8515231568365477
0.9998954971830315 0.004810281618452707 0.013632897852228338 146.12955005899286 -0.004791566865104766 0.9999875332197727 -0.0014050950184547558 0.4858345184361042 -0.013639486796626408 0.0013396252404431236 0.9999060804916329 0.874112522815429
0.9998499150427088 0.003285121357775186 0.01701044875224469 147.44716736355946 -0.0030584885779518156 0.9999064464145213 -0.01333206909307955 0.49548873864892706 -0.017052654828694325 0.013278041886844534 0.9997664230043659 0.8450345550586837
0.9998241497004591 0.0024082141306839347 0.018597585339362 148.84018150542965 -0.0019452142491371393 0.9996887070974416 -0.024873782248998357 0.4590953114551876 -0.018651697436936725 0.02483323189893748 0.9995175960312928 0.8098243170689431
0.9998717661175982 0.0014686518733200821 0.015946610378075137 150.1910413090678 -0.001080581910220265 0.9997037145443193 -0.02431697902753311 0.434650174064338 -0.01597759880615498 0.02429662914820025 0.9995771056543985 0.8475803929217168
0.9999262975309878 0.0016293841487611913 0.01203098554841508 151.55318756678497 -0.0013629415136345681 0.9997543617456759 -0.022121450244650388 0.44683648923000546 -0.012064074618503413 0.022103422309495354 0.9996828981361074 0.8334416814282574
0.9999434956494111 0.0023273942247945263 0.010372499436415768 152.86525485660135 -0.0021037298750863475 0.9997661573387386 -0.021522196931195534 0.4638402014494972 -0.010420164540386181 0.021499159896490986 0.9997145624100393 0.8240393191596173
0.9999457738504267 0.0032237822499241843 0.009902352582914048 154.27612769717481 -0.0030483397867253834 0.9998390224927023 -0.017681536284566167 0.46772105019047466 -0.00995775994970444 0.017650391747574233 0.9997946322560155 0.8442017121154668
0.9999075380796346 0.00345824966677836 0.013151266127876383 155.66558359137807 -0.0032048929103127206 0.9998098086485929 -0.019237338472285724 0.4801950912044528 -0.013215292390160295 0.019193411351452996 0.9997284476335244 0.8526733727458157
0.9998434780018034 0.004293466751536199 0.017163497327495118 157.05741852135046 -0.0037420787227133065 0.9994799140093455 -0.03202964780799701 0.46224638834594767 -0.0172920890609115 0.03196040730536401 0.9993395399066249 0.8251711179464825
0.9998283898109972 0.004369060225583673 0.018002839795260017 158.36044883204195 -0.0037504323223652874 0.9994061082609419 -0.03425441618410734 0.4434827526382235 -0.018141807664726596 0.0341810193450093 0.999250985854501 0.8312201409021042
0.9998237654139479 0.0042130238893930685 0.01829449488732092 159.61829352432616 -0.0035539052507189465 0.9993486196268073 -0.03591247982893724 0.44337757548726864 -0.0184338783478605 0.03584113390648118 0.9991874725242276 0.8428355764979081
0.9998024220437035 0.005491427123945778 0.019103955184378005 161.00706704784923 -0.004870414645321826 0.999463017296073 -0.03240302638045638 0.4311975947528544 -0.019271635548830962 0.03230358007361274 0.9992922909628098 0.8298840934555088
0.9998018036194667 0.006851633678894385 0.01869247429292693 162.47546029105203 -0.006289767966423108 0.9995315078223888 -0.02995335856345447 0.4290210468692625 -0.018888946455269853 0.029829850590181534 0.9993764994813403 0.8245180934499929
0.9998373227146689 0.007407075237669518 0.01644576976571284 163.71600437134117 -0.00700603949995029 0.9996799068303783 -0.024310476962233072 0.44338700565408273 -0.016620575119064555 0.024191302487250075 0.9995691758786293 0.8331696496078638
0.9998393492875242 0.00809934375216479 0.015989879520634916 165.01320223410306 -0.007765310531725864 0.9997526041532698 -0.02084299501274082 0.441908837326144 -0.01615473827228464 0.02071548019089928 0.9996548871044519 0.8214952732982059
0.9998116175346 0.008511321143886622 0.01744381997248355 166.34814177810642 -0.00817146538357233 0.9997771960667038 -0.019462409369983957 0.42988662739380995 -0.017605584237163692 0.019316201422261797 0.9996584055397537 0.8144477067307615
0.9998149771414915 0.008056015916819 0.01746745806083192 167.7595260252771 -0.007719535982556007 0.9997849799577893 -0.019245846695243287 0.4356416958971014 -0.017618747054571907 0.019107445102648935 0.9996621855876495 0.8017954301329706
0.999857231006598 0.007621676474115815 0.015080704610278155 169.07734400338458 -0.007344635418527545 0.9998048047966264 -0.018341445857639155 0.42710902254985994 -0.015217553495469173 0.018228064990659522 0.9997180421060274 0.7923859276015109
0.9998963002639267 0.006931957392252784 0.012622863590451327 170.44259082428374 -0.0067497147480764545 0.9998731965663031 -0.014423319281721426 0.433323000718325 -0.012721244802720723 0.014336622858779185 0.9998162987147561 0.7848183689576362
0.9999177714622443 0.006508468901784109 0.01104944100547959 171.84096204717173 -0.006426727984892118 0.9999518399856487 -0.0074172014077803425 0.43725912716266124 -0.011097183488943002 0.007345579750427011 0.9999114435672505 0.7977943507426063
0.9999061780446276 0.00675295925416208 0.011917745151548316 173.20687911237746 -0.006732180046275122 0.9999757493767941 -0.0017828096206321622 0.44248837114582784 -0.011929495379527241 0.0017024099478416522 0.9999273918342068 0.803447974902883
0.999863601953325 0.007518829236820683 0.014705260821564295 174.59409528348706 -0.0075169825229363324 0.9999717307337239 -0.0001808511840665705 0.4493536879309609 -0.014706204903800743 7.028732772740577e-05 0.9998918554508878 0.8030358235548964
0.9998394285305007 0.00757054507247557 0.01624204430198085 176.0466474654176 -0.007575344936464143 0.9999712792801757 0.00023401679945174689 0.4439219668790793 -0.016239806184049115 -0.0003570183110912083 0.9998680619126856 0.7994016681417389
0.9998058495217196 0.006725856660181453 0.018520964184929756 177.38859393683654 -0.006666280497066817 0.9999724120804186 -0.0032765503816597546 0.4411157857639634 -0.018542490838266163 0.003152448295503175 0.9998231034054259 0.7790227833755164
0.9998264068076058 0.005308385978974311 0.017859935287955476 178.86416638830877 -0.005209165000302163 0.9999707661572887 -0.005597448597751453 0.4336232210195975 -0.01788912659107077 0.005503441568970428 0.9998248302981405 0.7740714346304723
0.9998836564144936 0.0031096608876390124 0.014933306544326015 180.31955382322238 -0.0030310323711822905 0.9999814403116898 -0.005285061487185078 0.4307443607429372 -0.014949464135806579 0.005239183268637397 0.9998745243682978 0.780791122274654
0.9999491395664861 0.0016751873991518965 0.00994545260014 181.78178667702082 -0.001682321226501794 0.9999983335750442 0.0007089727959687151 0.4408008807878686 -0.009944248364495444 -0.0007256681833213456 0.9999502914296056 0.8170750235998422
0.9999602808599287 0.0012147257096042443 0.008829560803505462 183.0574999731735 -0.0012200115305956022 0.9999990797896116 0.0005932889644548598 0.45932336222081704 -0.008828831995093536 -0.0006040375655177495 0.9999608426654625 0.7810962622203141
0.9999471828141515 0.0006787957908504355 0.010255282459123367 184.31037890151222 -0.0007609589833745167 0.999967629770976 0.008010015707969623 0.4802686320280818 -0.010249513328334244 -0.008017396490795638 0.9999153308305867 0.7967614154393337
0.9999008311203382 0.0007170217464791817 0.014064629560424655 185.6968366458994 -0.000828204983203156 0.9999684441495883 0.007900935486229634 0.47886767280187803 -0.014058520596516993 -0.007911800355598034 0.9998698722402682 0.7810218241167113
0.9998618670779544 0.0011153677007331878 0.016583205910776187 187.0490745095547 -0.0012325049860095927 0.9999743531462767 0.007055067763314286 0.48608199404294555 -0.016574911609010246 -0.007074532110157965 0.9998375984631583 0.7745648375212377
0.9998438032148408 0.0012608724907803596 0.017628935686670705 188.39203661159027 -0.001401529848119149 0.9999672672247305 0.007968700847000623 0.4955129474932165 -0.017618311126995394 -0.007992163641101868 0.9998128427027562 0.7779522569188422
0.9998406069803895 0.0013082640096707373 0.017805872019294604 189.77864627870753 -0.0014165117553967292 0.9999805857931321 0.006068074758204801 0.4823381173517933 -0.01779758768859761 -0.006092329776476287 0.9998230490393594 0.7726619367540404
0.9998257887878057 0.0013920074406290383 0.01861328531257071 191.15871049618656 -0.0014382326210007955 0.9999959145557016 0.0024702952928596614 0.4842096799869572 -0.018609770599602143 -0.002496635173842749 0.9998237060857473 0.7574418057249148
0.9998257636779482 0.001727945160206304 0.01858645989237753 192.74785741157405 -0.0017488119889834434 0.999997858660584 0.001106494859396718 0.4981351879384608 -0.01858450813002127 -0.0011388062916945973 0.9998266445628438 0.7575830368126056
0.9997974881923477 0.0022590160057762362 0.019996986046853824 194.15712519902473 -0.002151547987007011 0.9999831371488968 -0.0053940948369942 0.48514452618272674 -0.020008834187229044 0.005349977994022797 0.9997854891375108 0.7235900159635851
0.9997612822890288 0.0025138154865894935 0.02170389751856156 195.59171571244127 -0.002306849747090305 0.9999516827800959 -0.009555655367306104 0.48863696658255784 -0.02172687000101923 0.009503306632628425 0.9997187755979204 0.7197997910797712
0.9997591241358266 0.0028866755987078897 0.02175685664687636 196.9649226892508 -0.002577948302138449 0.9998957863401545 -0.014204599316967725 0.47940391891311157 -0.02179559335545617 0.014145089720179327 0.999662377278995 0.7074815232773597
0.9998325623176811 0.003084944150481072 0.018036919050899127 198.35902027745627 -0.002887735204703272 0.9999358830147758 -0.010949467788361943 0.4858430403934396 -0.018069541074631434 0.010895548588725169 0.9997773645698841 0.7194982950704568
0.9999068313954875 0.0034201675228026983 0.01321480165390383 199.81262569594543 -0.003406070327975466 0.9999936062175586 -0.0010891321880155747 0.4943603490579581 -0.013218442175874541 0.0010440201712860445 0.999912087539862 0.7262141919502559
0.9999117770791556 0.004674417828524722 0.012433337298146753 201.24295918194466 -0.00480290639883528 0.9999351663659459 0.010324492957619093 0.511683647584597 -0.012384270205754723 -0.01038329825596228 0.9998693999562136 0.7155995559387351
0.9998455566840746 0.005850675778328168 0.01657203584506216 202.67243516410068 -0.006086019299187156 0.9998808433792896 0.014186592692068307 0.5280279978888149 -0.016487060023032078 -0.01428525939763113 0.9997620257920079 0.7074248938489295
0.9997969804820578 0.006621468655339771 0.019030343449505483 204.139671064228 -0.006898586567113447 0.9998705875349531 0.014533330171844246 0.5288870530407116 -0.018931648695658422 -0.014661662093846978 0.9997132730649874 0.6717028285973633
0.9997889356035794 0.006057763812761925 0.019631294971306924 205.53242836532615 -0.006348979637256019 0.9998702272661402 0.014806048909914485 0.5256091400523418 -0.01953905581719283 -0.014927562572163735 0.9996976508792179 0.679327727462268
0.9997938979105063 0.004862015149780827 0.019710974344245066 206.9645874569691 -0.005065888974049612 0.9999340546550647 0.010306459624180721 0.504994533247192 -0.01965956433440955 -0.01040418904891518 0.9997525965859831 0.6719904858796191
0.9998056542543888 0.003714408088583462 0.01936122138463624 208.4188817238037 -0.003841381119449994 0.9999713333402235 0.006525050871113498 0.502247443959153 -0.019336429661355868 -0.006598156585513234 0.9997912616229572 0.6507994117336532
0.9998208776566491 0.003332879720236261 0.01863074111940471 209.94101340401554 -0.0035064836038296693 0.9999506687848242 0.009293253979020174 0.5070669454929649 -0.01859884874458399 -0.009356917737852485 0.9997832419658889 0.6495350613053893
0.9998152669150449 0.003071999498811401 0.018973530580179317 211.48064255592394 -0.003227250462517085 0.999961520824638 0.008157311109031604 0.5128294556473195 -0.01894774123873029 -0.008217036519125958 0.9997867089598629 0.6294129455971038
0.9997943369349853 0.002915556098183934 0.020069463504823498 212.838191601596 -0.0031412285543457198 0.9999320946631514 0.011222243346674673 0.5150664118541151 -0.020035381601119128 -0.011282978117543405 0.9997356039918237 0.6323518523975854
0.999791343769785 0.0027856591291245923 0.020236329366368988 214.24625648981424 -0.002979974581262825 0.9999496847114613 0.009578507031070408 0.5167148948275043 -0.020208628714063467 -0.009636812163032058 0.9997493401732415 0.6226422857966483
0.9998112818667431 0.0022756897446394673 0.01929305284723328 215.7586621237103 -0.002456632342556066 0.9999531753353571 0.009360133239972604 0.5221095564554923 -0.019270848697281108 -0.009405762750711677 0.9997700565717919 0.613302161849405
0.9998191586975747 0.0018645363320281072 0.018925469757456227 217.18568479046573 -0.0019780361395883373 0.9999801617803312 0.0059802524037876476 0.5260226992263187 -0.018913943911948283 -0.006016606190293049 0.9998030121857238 0.5798304233733966
0.9998193080979384 0.0014761550673490235 0.01895183687078719 218.7080228128163 -0.001675500719497187 0.9999433964947997 0.010506974054542498 0.5239350873585885 -0.0189352542073972 -0.01053682934572847 0.9997651881194105 0.5995093997488106
0.99982185546884 0.0013420194646392482 0.01882701013445144 220.16661440418463 -0.001574630986915481 0.9999225475844234 0.012345823971341803 0.5249715101536377 -0.018808983600961896 -0.012373270223867321 0.9997465300364217 0.6029391273717336
0.999827818582281 0.0011360262181747398 0.018521410136080895 221.6696658893169 -0.0013074127610206566 0.9999564191052054 0.009243947326059621 0.5365508021513293 -0.01851010158993248 -0.00926657081806771 0.9997857304464812 0.5754284332706383
0.9998199403494548 0.0008256061411024042 0.01895798655217502 223.10085771601157 -0.001049858214253928 0.9999295666579852 0.011821993102022553 0.5390861658973692 -0.018946890967719173 -0.01183976763598337 0.9997503864590317 0.5746606398026696
0.9998275929081442 0.0002962302748707921 0.018566009456272917 224.43912079343255 -0.00043840484174285634 0.9999706101873587 0.007654185960381852 0.5483269970320921 -0.01856319640312255 -0.0076610057528773735 0.9997983380313019 0.5305392955119084
