1.0 -2.1684043449710093e-19 -2.5135375298442207e-37 0.0 2.1684043449710093e-19 1.0 2.3183291766350204e-18 -8.673617379884035e-19 -2.51353752984422e-37 -2.3183291766350204e-18 1.0 0.0
0.9999995428144973 -0.00027016809243965293 0.0009172676807461274 1.312229946372557 0.0002704634076992144 0.9999999116335562 -0.0003218422360263234 0.0029944246144840516 -0.0009171806481874707 0.0003220901762274259 0.9999995275186769 0.016024781564121973
0.9999986787689651 3.1324680455637075e-05 0.0016252627752694091 2.606466015620205 -2.885662172212676e-05 0.9999988465691676 -0.0015185610391606574 0.011158718835283776 -0.0016253084690805177 0.0015185121331975791 0.9999975262435811 0.02676375450990427
0.9999990151319048 -0.0005791120796126767 0.0012784226295059432 3.939913150625447 0.000582796080449049 0.9999956737797447 -0.0028831875628954067 0.013565660943552105 -0.001276747410022607 0.002883929783033597 0.9999950264201606 0.05277707663131761
0.9999989890288279 7.743227559741171e-05 0.001419839978645355 5.244415290575036 -7.245719278053869e-05 0.9999938594307234 -0.003503691025449121 0.01756665633672644 -0.0014201025587886951 0.0035035846056994473 0.9999928540762845 0.06453334927665286
0.9999969081400512 -0.00034830603964733315 0.0024621927708951374 6.580317177349091 0.00035696217510007783 0.9999937549456037 -0.0035160557159417817 0.027595408214913627 -0.0024609527309257494 0.0035169237544769496 0.9999907874370451 0.07204440957935836
0.9999932102839483 -0.00036888199241751014 0.0036665122499302733 7.907852654433621 0.0003875437550820686 0.9999869688389532 -0.0050903793689791085 0.027840730832279628 -0.003664586721734875 0.00509176574067399 0.9999803221692919 0.09384467006015552
0.9999943908125754 -1.5992902755841363e-05 0.0033493413700704518 9.223637923786214 3.470754530278096e-05 0.9999843887762642 -0.005587575426568836 -0.003272950977609596 -0.0033491997212025176 0.005587660332228356 0.9999787802314803 0.08494013945214064
0.9999965995907745 -0.0007757601823676133 0.0024897797146957654 10.562082873332486 0.0007867420301601991 0.9999899539492216 -0.004412826487846467 0.00688499699748576 -0.0024863314071613555 0.004414770296777958 0.9999871638972975 0.10779890243499476
0.9999999430343545 -0.00021866838050859811 0.00025712920346172385 11.879493104908187 0.00021912917002524977 0.999998367859126 -0.001793393847180634 0.014165753161772638 -0.00025673662526246385 0.0017934500895277392 0.999998358810194 0.11773120893604397
0.9999995042011136 -0.0007839244568705247 -0.0006140520931184403 13.235527605468482 0.0007849638314621963 0.9999982566886421 0.0016942406736277886 0.026034656381414344 0.0006127228659345703 -0.0016947218423088808 0.9999983762429652 0.13645429030778505
0.9999997131280388 -0.0005472522135695024 -0.0005236972931361014 14.572444069713013 0.0005494970911774874 0.9999906207708426 0.004296093957487662 0.04129080506504783 0.0005213413343312423 -0.004296380495198 0.9999906346150715 0.15282573845450864
0.9999997264548457 0.00012884371235713244 0.0007283471229208164 15.907173345304805 -0.0001324400030743993 0.9999877907606782 0.004939715500264549 0.049508231406542806 -0.0007277017790734413 -0.0049398106113245095 0.9999875342829254 0.16548556638603357
0.999994889555805 -9.359922841960349e-05 0.0031956378796586956 17.27523157444836 8.433834730023335e-05 0.9999957972688029 0.0028979875386817345 0.05621817528270002 -0.0031958956986492745 -0.0028977032138608 0.99999069474009 0.1806151441732694
0.9999847054141364 0.0006166045501635646 0.0054962475045680715 18.61106022133663 -0.0006080160200572596 0.9999985918730441 -0.001564151031207535 0.05164920311428615 -0.005497204227796789 0.0015607853016323073 0.9999836722141617 0.19794268450565075
0.9999933147285138 -0.00023755297172643584 0.0036488445931800203 19.983647438728553 0.0002497927087048835 0.9999943430374822 -0.003354325064297924 0.009446271446312231 -0.0036480271219157634 0.0033552140944987903 0.9999877171428146 0.18668389664458515
0.9999994225981313 0.00039953039892178356 0.0009975865196948236 21.318907508559157 -0.00039507898305774945 0.9999899832308389 -0.004458402245610718 0.011229424413269974 -0.0009993577943286803 0.004458005545853217 0.9999895636808177 0.18990707489730593
0.9999998783637691 0.00017052388060481182 0.0004628110338704564 22.697146813508684 -0.00016946377906500761 0.9999973644016612 -0.002289644461198721 0.019864904953472876 -0.0004632002531451933 0.0022895657529882064 0.9999972716633723 0.2245451847196085
0.9999992456523222 0.001130033507415261 0.0004813720582878663 24.06242054929844 -0.0011303115251477876 0.9999991943447227 0.0005776727114168254 0.0014628791325826873 -0.0004807188809477068 -0.000578216376036124 0.99999971728755 0.20162544468691976
0.9999829834745108 0.0024211379651838645 0.00530762210129033 25.438698630020653 -0.0024252775834254447 0.9999967597489512 0.0007736408998666859 0.0007941223108428086 -0.005305731811908162 -0.0007865001920901466 0.9999856152102329 0.21489829061678767
0.999975393389728 0.0023460137354358096 0.00661126573448037 26.813435920896627 -0.0023390655747278777 0.9999967041759098 -0.0010584940033264302 -0.014960476704578571 -0.006613727186382175 0.0010430037732921137 0.9999775851267032 0.21660141659984192
0.9999776323401978 0.0026123392134723327 0.006157150568735758 28.17568304443995 -0.002583706927205324 0.9999858340149121 -0.004653625255119552 -0.008179626755952695 -0.00616922019437137 0.00463761289183671 0.9999702161908918 0.25164048730615884
0.9999927681148152 0.0022184107190039173 0.0030890729922335475 29.555484606851056 -0.0022032800985952315 0.9999856022985515 -0.004892928817210685 -0.0053630299331354145 -0.0030998830424182762 0.004886087339064365 0.9999832582976769 0.24656951377774083
0.999995774307049 0.002850533687579474 0.0005708114763144789 30.944771421523434 -0.002847212267699299 0.999979487540051 -0.005737410691232192 -0.033374261849144916 -0.0005871544500217685 0.005735761225258372 0.9999833780082641 0.2708312340933744
0.9999944084120054 0.003307089613459021 -0.0004962892422621088 32.326085556438365 -0.0033086581133578694 0.999989426686142 -0.0031936338879311244 -0.015361222815228512 0.00048572236138021813 0.0031952580818742 0.99999477718615 0.274216034187328
0.9999897364587891 0.003813241465707456 -0.0024466643835568238 33.70329823608132 -0.003817544804083894 0.9999911703036166 -0.0017566065216297155 -0.01963280031917159 0.002439944415425955 0.0017659287435310741 0.9999954640731739 0.2951141011260344
0.9999873988647177 0.004268391588087941 -0.0026425262584949556 35.10654001478005 -0.0042718026845772325 0.9999900481944951 -0.0012865511242269375 -0.03650097360151417 0.0026370084565912944 0.001297823262987278 0.9999956809112617 0.30537867407937924
0.9999929779228277 0.003672037839458756 -0.0007484939148809754 36.50127929480181 -0.003673068711005709 0.9999923012652929 -0.0013805710368798157 -0.040966472964220874 0.0007434186433374114 0.0013833106119825803 0.9999987668894754 0.3343060021629453
0.9999938341825695 0.0034151838492148838 0.0008173837042832238 37.90307583822178 -0.0034148154389538176 0.9999940674878331 -0.0004516908863611639 -0.03147447720809357 -0.0008189214625643914 0.0004488968868246879 0.9999995639295165 0.3443112649868034
0.9999946690543134 0.0032335761347443127 0.0004537051189150911 39.28794648762216 -0.0032344899873409127 0.9999927123464483 0.0020281342448970415 -0.05194415239740238 -0.00044714368597701304 -0.002029590937687873 0.999997840409243 0.36564506326783097
0.9999935078149581 0.0035391873350071575 0.0006771122087163584 40.685320970680664 -0.003542719931414915 0.9999797371009563 0.005289094723113278 -0.04183010919068259 -0.0006583793914023361 -0.005291459204249255 0.9999857833969775 0.38911931452676285
0.9999932248033097 0.003512590159573912 0.001100934988227778 42.10537682352206 -0.0035201874194673312 0.9999694680033789 0.006976484900813907 -0.03573166597968681 -0.0010763958422734224 -0.006980313131251707 0.9999750579892384 0.4013321789103939
0.9999948869455912 0.003046482313694149 0.0009721256022928589 43.49985000306551 -0.0030546683959609177 0.999958923624844 0.008533467292617718 -0.06780382210635102 -0.000946088613715473 -0.008536393181889382 0.9999631167737034 0.41955891963534886
0.999995824747257 0.0027091733658067725 0.0010054191799130773 44.924244829726504 -0.0027162817419147402 0.9999708395488184 0.007137357040941034 -0.05523447517560419 -0.0009860535238385936 -0.007140058242432839 0.9999740232959768 0.4373338965428717
0.9999979525766642 0.0019244442235583517 0.0006255852539128809 46.32422867195371 -0.0019285766672371728 0.9999758712837858 0.006673637858908543 -0.05504167395238971 -0.0006127271155161246 -0.0066748306842707205 0.9999775353480789 0.4561517687229075
0.9999983563835515 0.001098197870699395 0.0014426335752144776 47.753672064971475 -0.0011073916760507845 0.9999789854741877 0.006387667312086704 -0.04733718739932477 -0.0014355883363131041 -0.006389254373624426 0.9999785580274597 0.47677091766081
0.9999988445000897 0.0001110308379781656 0.0015161367479308782 49.15517992762157 -0.00012130696071899563 0.9999770120783613 0.006779424714082125 -0.08298265530605616 -0.001515349169891109 -0.006779600798398403 0.9999758700738272 0.48911483504133313
0.9999980281304095 -0.0008291417595665103 0.0018045108021696623 50.57598882255624 0.0008155276556618509 0.9999713001127133 0.007532188628329141 -0.06618898730590961 -0.0018107042650457122 -0.0075307021473713254 0.9999700044877506 0.5089443486323226
0.9999954298335106 -0.0019447157692230586 0.0023148202239166955 52.0223409872941 0.0019275618793602922 0.9999708374856868 0.007389768830978544 -0.05481857606165026 -0.0023291237179153003 -0.007385273099283475 0.999970016012458 0.5206440979357971
0.999988792476876 -0.003280849419773457 0.003413348462153249 53.43316910432983 0.0032549747732723965 0.9999661360263294 0.007558567311189667 -0.04812845593623597 -0.0034380313937880337 -0.007547372235235047 0.999965607964833 0.5352081196597367
0.9999848406123216 -0.0038425397355244468 0.003943784214523183 54.88977756728075 0.00381760963447917 0.9999728073780187 0.006309545245305098 -0.07770770227501614 -0.003967921651008036 -0.006294393767848979 0.999972317719279 0.5417256449378666
0.9999810249634324 -0.004237646847288268 0.004471248402943106 56.28816299385519 0.004220202076271679 0.9999834750158144 0.0039037917121052205 -0.061351754044772444 -0.00448771740627523 -0.003884848065721104 0.9999823840188324 0.5504334295885154
0.9999789992679702 -0.004919399774580766 0.0042190673005865 57.716502206909716 0.004910450049662712 0.9999856773197644 0.00212899874162302 -0.04918157815865883 -0.004229480268164284 -0.0021082365118552603 0.9999888333553887 0.5693419938467215
0.9999793212703617 -0.005262646771905089 0.0036961575481754745 59.18669989233469 0.005256318535649452 0.9999847066800754 0.001719744578510722 -0.08285089342441816 -0.0037051514299101993 -0.0017002808349463807 0.9999916904144573 0.578082453266505
0.9999776371723336 -0.004517838341409518 0.0049309524391945485 60.577380566534984 0.00451934542531799 0.9999897443296075 -0.0002945378290269139 -0.060694399783828415 -0.004929571194674638 0.0003168159196767366 0.9999877994033276 0.588355379287771
0.9999785515652309 -0.003970002802152453 0.005209173375280627 62.04195288411436 0.003980216540190552 0.9999901740859366 -0.0019518216801695156 -0.06720595129939187 -0.005201373452851126 0.0019725134546785396 0.9999845273327358 0.5901142677293256
0.9999801770491208 -0.00406866352970838 0.004805360120839278 63.44316266859477 0.004086151478794885 0.9999850447215957 -0.0036350652319531475 -0.08607653509018945 -0.004790498398003479 0.0036546286035975214 0.9999818472426729 0.5993320064470482
0.9999874980847534 -0.003924244922484658 0.0030990282321260204 64.8674951165903 0.0039382761503595825 0.9999819636499426 -0.004534573383272354 -0.09673852778564944 -0.003081177560393048 0.00454672152139611 0.9999849167203715 0.6068254776975169
0.9999901859917507 -0.003144530564066939 0.0031208729092031527 66.31629920422792 0.0031592179025615834 0.9999839059724795 -0.004712445041307149 -0.08090196878926151 -0.003106004254324788 0.004722258310899013 0.9999840263794303 0.6257922946174573
0.9999926800181524 -0.00257067052575288 0.0028340012633943767 67.68410135804716 0.0025792691503726895 0.9999920691785081 -0.0030346253040134004 -0.08862808653209205 -0.0028261777656105177 0.0030419127426420515 0.9999913797058969 0.6341273110525232
0.9999908181472005 -0.002022464501428085 0.0037779966427991412 69.15440684009832 0.0020251954153773185 0.999997690692531 -0.0007191614107432083 -0.09006873482566842 -0.003776533439819251 0.0007268059889893034 0.9999926047467712 0.6398988986009949
0.9999865864239695 -0.0013668039165950542 0.004995880221785655 70.50728368070267 0.00135467764888193 0.999996130374907 0.002429832027016188 -0.08134327064788519 -0.0049991819935333815 -0.0024230316270066085 0.9999845684294983 0.6488685532646958
0.9999834223902346 -0.0005362703538951468 0.005733006089386232 71.96522861484267 0.0005010001140232555 0.9999809519711899 0.0061518040994962015 -0.07925811935971978 -0.005736195917082604 -0.006148829880584009 0.9999646433487037 0.6625078563987818
0.999984458477411 0.00011014123835838689 0.005574107331803953 73.3236755569859 -0.00016921486905403321 0.9999438199810877 0.010598502156339234 -0.0731417919148097 -0.005572626846196391 -0.010599280661320808 0.9999282979691572 0.6699481031991913
0.9999867089481587 0.0008608184179399325 0.005083396372705347 74.72905428231041 -0.0009335527347526455 0.999896981661615 0.014323216932075816 -0.0664484727642238 -0.0050705430007184 -0.014327772180042608 0.999884495598384 0.6827987399383586
0.9999855789871548 0.0015428696013847865 0.005144061733490519 76.17246301112093 -0.0016251559555941375 0.9998701783848554 0.016030759331905196 -0.06555911740717023 -0.0051186605518275625 -0.01603888805468108 0.9998582666478908 0.6933831071680887
0.9999844995945012 0.0016525732729094239 0.005316913795874347 77.5321954501252 -0.0017404232974467329 0.999861346311392 0.016560769279119564 -0.07257440683687169 -0.005288808701475046 -0.016569766261121218 0.9998487242321066 0.7053926200429772
0.9999853664357762 0.001789727145175541 0.005105270908814876 78.95700937108069 -0.0018667714679578464 0.9998838453052243 0.01512650197251605 -0.07598730141877551 -0.005077605596438953 -0.015135810991946724 0.9998725544523277 0.7188762843617306
0.9999900833230494 0.001795489124181283 0.004075472287442582 80.32456743223146 -0.0018549038974596424 0.9998913728191997 0.014621966121807647 -0.07801715466546165 -0.004048775999231714 -0.0146293807299232 0.999884787679244 0.7287685488902514
0.9999908246844661 0.0014042028891054327 0.004047068213876459 81.71271170623315 -0.0014619127574734575 0.9998967930482731 0.014292167885546858 -0.09095900808879658 -0.004026581424866209 -0.014297953211049074 0.9998896715018131 0.7440720311101836
0.9999900074481961 0.0011621482458436603 0.004316759804683777 83.11992075415209 -0.0012207795518116651 0.9999067087613631 0.013604538628882288 -0.0900434850968949 -0.004300546598111631 -0.013609672496924909 0.9998981358685913 0.7527168522011155
0.9999929032645972 0.0008671041970999493 0.003666272051164093 84.47463816585044 -0.0009170280264106259 0.9999065861902371 0.013637373390240863 -0.08978218651573247 -0.003654104547020069 -0.013640638683633688 0.999900285276618 0.7646429414488523
0.9999927314057936 7.941846061532643e-05 0.003811932356217351 85.87536738063235 -0.0001317187557032884 0.9999058421229581 0.01372186352313236 -0.090289733920987 -0.003810483663481481 -0.013722265887461442 0.999898584674048 0.7727256118093683
0.9999893739167566 -0.0009161298475250932 0.004518048215292594 87.24225093273306 0.00085892729365673 0.999919659285487 0.012646628732590535 -0.08819464419473726 -0.004529271186123267 -0.012642613673534702 0.9999098209448811 0.7858593910463924
0.9999816099981536 -0.0021167535999059217 0.005683222650749956 88.62345067784437 0.002052485407675565 0.9999341535278854 0.01129052311111491 -0.08651951928663934 -0.005706747686028435 -0.011278650746814813 0.9999201093428312 0.7993547709954595
0.9999747781209469 -0.003220262961466308 0.006330326091276631 90.00164962077943 0.003162232780094811 0.9999530851946389 0.009155746477900125 -0.08029320155518885 -0.006359513016527545 -0.009135497588095292 0.9999380477199628 0.8115576051101291
0.9999717661096451 -0.003933343994756768 0.006402795372038746 91.372423712117 0.003885653578431312 0.9999647447704131 0.007443850650780754 -0.07209535844815343 -0.006431848865273021 -0.007418761437168336 0.9999517954876189 0.8234707108239993
0.9999720489941524 -0.004407905460619872 0.006039172119335937 92.74517741535077 0.004370613845064468 0.9999713874709264 0.006174299481548892 -0.06049515731641365 -0.006066215051748313 -0.0061477320143904805 0.9999627025174614 0.8317227050372814
0.9999720414272122 -0.004604875579757387 0.0058916453379946965 94.10188995140516 0.004575895156281079 0.9999774125588174 0.00492296208509806 -0.04556396739839881 -0.005914181888687896 -0.004895864894739616 0.9999705260454029 0.8440429794307905
0.9999762929989229 -0.004731486239573852 0.005002647108990429 95.47824643628928 0.004708521092883169 0.9999783693639092 0.0045924539644216856 -0.028532787271871217 -0.005024268031289861 -0.004568790021677672 0.9999769411783892 0.8462074176502585
0.9999786137407654 -0.00472323154569192 0.004523620769122562 96.81459168272964 0.004702807442530264 0.9999787488065296 0.0045150346051954235 -0.013721624940265598 -0.004544850190659561 -0.004493664328074691 0.9999795754502444 0.8591416004117295
0.9999820360813264 -0.00448707284273762 0.003974127822376403 98.1777470208253 0.0044631724468286536 0.9999720241378816 0.006002585551060287 0.006200887544540574 -0.004000950681336776 -0.005984740503304612 0.9999740873016428 0.8761538788508428
0.9999830081848846 -0.004195959353441774 0.004046883568069734 99.5271260651492 0.004169048825205371 0.9999692950403863 0.006635360451837575 0.027532887329178857 -0.004074601011424561 -0.006618376049834349 0.999969796906417 0.8812026234065272
0.9999795831779406 -0.0038655686155892317 0.005088281296306204 100.8707286548349 0.0038262384293287727 0.9999629052693384 0.007716734075115391 0.04546664575897962 -0.0051179221129376016 -0.007697107546493738 0.9999572797918237 0.8957728189929091
0.9999731084698169 -0.003834373346986028 0.006251393304517857 102.20892927879362 0.0037838716197849728 0.9999602747997118 0.008070386487005846 0.06378057688873702 -0.006282089841512408 -0.008046514992254963 0.9999478931142876 0.9014077626478509
0.9999775184629616 -0.003621008953337491 0.005643656865669289 103.55421261964658 0.00357788061201185 0.9999644646085348 0.007633366917209756 0.07612026216746438 -0.0056710968060645975 -0.007613002976908152 0.9999549394081164 0.9173129863799561
0.9999896525688852 -0.0033861007009482295 0.0030379396312615716 104.88695203863833 0.003362267192457303 0.9999637989532993 0.007816389333457695 0.09267102566912162 -0.003064296736068012 -0.007806094089152646 0.9999648368720695 0.9277329784023154
0.9999919118820919 -0.0035761331805670665 0.0018405004410174072 106.21097516947526 0.003562506773105467 0.9999666099646555 0.007354420526871061 0.10768543965386723 -0.0018667393739126173 -0.007347804248163666 0.9999712621154874 0.9381018246217263
0.9999897298328927 -0.0034582078210371793 0.0029293390730306818 107.5590212222519 0.003441515770265381 0.9999779224860582 0.005684233428549928 0.12125971348397944 -0.0029489316610056683 -0.0056740936839064495 0.9999795540224435 0.9530589387536794
0.9999839112208273 -0.002818587984071231 0.004922688419216427 108.8982165144168 0.0028065466310224028 0.9999930572119713 0.0024512902445327192 0.12768973737488898 -0.004929563419262913 -0.002437435051666762 0.9999848790431105 0.9583593785672492
0.99998222731853 -0.0019082759507710848 0.005648320986587697 110.23536506829792 0.0019005789747746154 0.9999972585182791 0.0013677556385169596 0.14064394854709855 -0.005650915557010472 -0.0013569962497217807 0.9999831127146828 0.9756474425925014
0.9999890060049489 -0.0010959875682807385 0.004559241218071468 111.57771238952469 0.0010921083110568724 0.9999990396242282 0.0008532584943974408 0.15148992385241838 -0.004560172000189054 -0.0008482699284514071 0.9999892425768675 0.9922607717202686
0.9999974194702458 -0.0005178090205031911 0.002211996082217125 112.89081160975707 0.0005126293125357243 0.9999971271269039 0.002341569799646899 0.16711649209450335 -0.002213202213397487 -0.0023404298231254005 0.9999948120486455 1.0036388216143874
0.9999998394701363 0.0005005194338453566 0.0002655936711240658 114.25516141748928 -0.0005019613638813352 0.999984984057639 0.005457077425919821 0.18450983855732542 -0.0002628583096811371 -0.005457209867657321 0.9999850747716035 1.0259986654054842
0.9999979240774775 0.002028256452192875 -0.00019497820358339678 115.55585809322562 -0.0020267920628147277 0.9999717496419117 0.007238234040690748 0.20344384035882038 0.0002096536902748393 -0.007237823834402234 0.9999737846321134 1.034825551129514
0.999992350138674 0.003569479466437748 0.0015995250765322127 116.92111943876569 -0.00358361310407328 0.9999537753042801 0.008922161836558617 0.21672009516392546 -0.0015676036655004229 -0.008927825662282392 0.9999589174299571 1.0510373612626223
0.9999822710437696 0.004468973835880965 0.00393520914301597 118.22524918357621 -0.004501485375506997 0.9999554889076857 0.008291973999325703 0.21791696996361673 -0.003897977367707737 -0.008309541277688452 0.9999578777609561 1.0595978003892426
0.9999753400896763 0.005362241931956891 0.004534928224294557 119.59162095384225 -0.005401731383487518 0.9999472076341313 0.00874089484916401 0.21472081673315382 -0.004487818021821538 -0.008765175763591917 0.9999515144161923 1.0742321428723447
0.9999715471192191 0.006392046781862407 0.004005831990213675 120.91338340942768 -0.006427629946887873 0.9999394342994992 0.008933829305694784 0.20914215981254577 -0.003948483919329925 -0.008959323118177131 0.999952068853304 1.0803059358868483
0.9999631695018046 0.007684925102744155 0.0038211995590732416 122.22840846638952 -0.0077239242845363945 0.9999171406112298 0.01029819913909926 0.20651719738101113 -0.0037417420477362864 -0.010327334507364838 0.999939670944413 1.086928171843667
0.9999558175451316 0.008731853334798175 0.0034810479725232916 123.60051662386674 -0.008773309946771253 0.9998885768340586 0.012077373445369058 0.20842220689011795 -0.0033752022495428502 -0.012107380150164406 0.9999210065578551 1.0966580252127474
0.9999468886315352 0.00996425896907296 0.0026331462757412717 124.9286389756643 -0.009998644718875597 0.9998604203628363 0.013385323889920302 0.20917745811259128 -0.00249940390851542 -0.01341094087115513 0.9999069454929556 1.1156448341412737
0.9999393067124153 0.010872218370762864 0.001782627048140271 126.30644558912401 -0.010896465797188396 0.9998396741465894 0.0142089069098507 0.2093417545217735 -0.0016278589082037267 -0.014227468859236559 0.9998974593453244 1.1346243368913076
0.9999288183331265 0.011838454011063126 0.0014863625214727554 127.667661270374 -0.011857713048674065 0.9998358881619055 0.013696400430365798 0.20786597210058042 -0.001323974385175291 -0.013713050358018926 0.9999050951673893 1.1606540534548921
0.9999160336038634 0.012736970347949433 0.002386488691190759 129.00579868600698 -0.012767349533799406 0.9998316400998705 0.013179007591039777 0.20914099060432867 -0.002218226273290576 -0.013208370132546592 0.9999103051927418 1.1830335037214923
0.9999036777021625 0.013504266946095222 0.00320469841615414 130.38603435925927 -0.013539325974068045 0.9998458050564784 0.011182699277485091 0.20262942807224843 -0.0030531901116417925 -0.011225011590699548 0.9999323362832762 1.2030439642731334
0.9998979722372987 0.013748237137687547 0.003876995143686133 131.71813543469696 -0.013789745018943677 0.9998456047038191 0.010890807443291952 0.19862568631062386 -0.0037266671505213613 -0.010943159053045617 0.9999331773783131 1.2286877073598867
0.9998969458877327 0.013805991439523192 0.003936013815553738 133.1059030753711 -0.01384364258071498 0.9998570762931074 0.00970466623313283 0.192438552163158 -0.003801468726930777 -0.009758154895824605 0.9999451621206771 1.2549817106442
0.999897872094984 0.013525610836728269 0.00461554237510679 134.446395089999 -0.013558803588845885 0.999881880696389 0.007237644664618328 0.1882204889136823 -0.004517103625347505 -0.007299486731651548 0.9999631559554043 1.2683452473635914
0.9999068705028217 0.012876789922409768 0.004520907270394319 135.7812876082618 -0.012902543238230655 0.9999004305914028 0.005714304954487608 0.18103336635991585 -0.004446875221879561 -0.005772103985672767 0.9999734537058169 1.2953821096382707
0.9999227785686837 0.011696826802635325 0.0041977544273421805 137.1481333991473 -0.011719707830003374 0.9999163700445995 0.0054682140787287075 0.1810518416737099 -0.004133442616328018 -0.005516988270841358 0.9999762384639732 1.3204103532960143
0.9999312118711919 0.010624825077105752 0.0049683616907588105 138.505862984978 -0.010637363615666345 0.9999402862122972 0.002504097637294991 0.17597497875972068 -0.004941459411691325 -0.002556775654982917 0.9999845223187871 1.336862092547124
0.9999404324338999 0.009555511370645557 0.005274825717579539 139.85220939340908 -0.009566884860052579 0.9999519567105205 0.002135177949504227 0.17668824410273834 -0.005254169580425795 -0.002185514412447512 0.999983808483304 1.3635821081559683
0.9999507897374299 0.008273452416959853 0.005474311700532012 141.2122766310187 -0.008277647861126638 0.9999654627789863 0.000744174102536112 0.17534709273341428 -0.005467965743991646 -0.0007894519060721777 0.9999847389417053 1.3798556123574077
0.9999625637865143 0.007062720604716216 0.004998900195151366 142.5497060721637 -0.007065679499529845 0.9999748727479596 0.000574496224384216 0.1798375069794636 -0.004994717080204949 -0.00060979534404999 0.9999873403953308 1.4022337473071185
0.9999718242875812 0.006036729225365867 0.0044618977157945775 143.90864247649253 -0.006038268034876332 0.9999817145505583 0.00033148705059182266 0.18237916001856813 -0.004459815030423343 -0.00035841984506018476 0.9999899907424619 1.4170214662171077
0.999984920186991 0.005066710166956509 0.0021184538468426617 145.26072032829683 -0.00506431525346362 0.9999865329003548 -0.001134340751779724 0.18231112777160707 -0.0021241726932334478 0.0011235951280029746 0.9999971127080105 1.4455778878670824
0.9999903020445181 0.004156863383706296 0.0014547521172332658 146.59032776365274 -0.004148212704086498 0.9999739918056839 -0.005899834198301019 0.1875759998078715 -0.001479239086506375 0.00589374236075761 0.9999815376559259 1.4707758399885666
0.9999875144391747 0.0030364889169437136 0.003968715260473313 147.96541038376398 -0.0029781062547522717 0.9998884711440813 -0.014634758497737684 0.17954913647637089 -0.004012710916181373 0.01462275651882975 0.9998850299623924 1.4834236552357225
0.999983234381061 0.0014761147348757585 0.005599289426490624 149.28701148747538 -0.0013514900287539598 0.9997527228666623 -0.02219609414732427 0.17176398935111434 -0.005630668831880069 0.02218815463223985 0.9997379563478228 1.5031574250660091
0.9999973105698485 0.00028285367904376014 0.0023019224283762603 150.63701274405037 -0.00022852526452203778 0.9997222227833696 -0.023567457420816815 0.16820184471610167 -0.002307949148808392 0.02356686799035438 0.9997195987394925 1.536896767457827
0.9999996272594299 0.0005985588098209995 -0.0006222606788576106 152.00783951075547 -0.0006127562735275984 0.9997336226650415 -0.023071806231447965 0.18153752487045993 0.0006082850898380109 0.0230721789257845 0.999733616794427 1.5578923088141032
0.9999939207121501 0.0014550106489765093 -0.0031688298713381294 153.33475795414273 -0.0015184496920432357 0.9997966168185325 -0.020110179232156387 0.1911151861469882 0.003138924859701753 0.020114868685330387 0.9997927481275792 1.570349043135508
0.9999921453471942 0.0022323363260638033 -0.0032750448002158137 154.69840310152833 -0.0022988373866699 0.9997883538775734 -0.020444138461714657 0.20518918854650037 0.003228713456739911 0.02045150667553488 0.9997856326653803 1.605968720726743
0.9999960345433898 0.0027823775009266877 -0.00043505509753237427 156.04271970452552 -0.002791897030766185 0.9997158572742836 -0.023672980913137652 0.21193816167488536 0.00036906431031854354 0.023674101667994024 0.9997196610559124 1.6265433806864182
0.9999908957416821 0.0033028422801657242 0.0027017895219177846 157.37981401989273 -0.003219815929463176 0.9995393585384529 -0.030177864701109974 0.20299361835186808 -0.0028002176931035626 0.030168890689093526 0.9995408930181201 1.6473846696462353
0.9999855991053663 0.0033056536783100973 0.004227793235321176 158.72799316060653 -0.003159855094568197 0.9994154934999937 -0.034039486893095515 0.19291048716446552 -0.004337844817750399 0.03402563748003797 0.999411546409393 1.6622085943731177
0.9999863369022711 0.0033309396064636902 0.004028752923123666 160.08316405824917 -0.003188541506745562 0.9993874734931831 -0.034849835408105066 0.18594435057139413 -0.004142367902208434 0.03483651340548225 0.9993844396036555 1.6843156844517286
0.9999795313239613 0.004310010038352534 0.004728715108759761 161.4346685276107 -0.004147741581265086 0.9994198501848478 -0.033804722987644295 0.18681616616176505 -0.004871670440983981 0.03378441756143833 0.9994172701915596 1.6923469535948839
0.9999776459702803 0.005401461564723705 0.003941037008405342 162.7931043055487 -0.0052763441859100604 0.9995024947927343 -0.031095387039432584 0.1882987183180461 -0.004107036859905335 0.031073897664520803 0.9995086518545832 1.7023098836117625
0.9999786266555689 0.006226748594421883 0.001993447763077874 164.13858221236225 -0.006171313463059083 0.9996243989837325 -0.026701607564948444 0.19175336733913664 -0.0021589632194460324 0.026688734671274906 0.999641460884583 1.7192926546412424
0.9999747238474251 0.007076634055834184 0.0006876893961308647 165.49881729727434 -0.007057987891231426 0.9996840884850193 -0.024122770089752957 0.18377269547697025 -0.000858180163470101 0.024117306655504822 0.999708767114949 1.7334808670524442
0.9999701184194667 0.007393691809977785 0.0022573412628395175 166.84985581079698 -0.007342344111294605 0.9997317652336848 -0.02196559959782815 0.183062159404216 -0.002419142639281099 0.021948369054666413 0.9997561786979519 1.7501567002566945
0.9999699826186009 0.007180679315126997 0.002910619578078756 168.19171572378204 -0.00711930194933556 0.9997629442181691 -0.0205759789067841 0.17971344534924547 -0.003057679105003496 0.020554639690141603 0.9997840553768095 1.7647639409904368
0.9999763849558253 0.006869421962967333 0.0002014263482780856 169.5405483115063 -0.0068646373578459905 0.9998118553272691 -0.018141959678851342 0.16454922925099402 -0.0003260132272528787 0.01814014853683687 0.999835400816773 1.785550031103768
0.9999757765389017 0.006414551181734242 -0.0027018268926323587 170.9392181755399 -0.006453432869464062 0.9998720504467273 -0.014636800868234448 0.14915968879935193 0.0026075926867822844 0.014653882372734526 0.999889225960449 1.8057941461086067
0.9999715134334267 0.00608513976311738 -0.004465802920575557 172.30022935916588 -0.006124250353474451 0.9999425514340089 -0.008797010245102401 0.13288274087606727 0.0044120153297627475 0.008824109343599288 0.9999513334232931 1.8297645356377343
0.9999745361164749 0.006238591900311017 -0.003465124780165568 173.67863139887342 -0.006257271904647672 0.9999658079066086 -0.005406437458706033 0.12242568856728717 0.00343127774335605 0.005427982017745327 0.9999793814595694 1.846349072645661
0.9999760314836188 0.006791695095427436 -0.0013451156096632975 175.05798336374377 -0.006795671107666843 0.9999724875677507 -0.002973711781780742 0.10526501895183596 0.0013248820585376841 0.002982781469606248 0.9999946738369336 1.8592457259457853
0.9999738118757736 0.007182073173336334 0.000890723058917489 176.41719886457327 -0.007179750488768934 0.9999708866791772 -0.002583984709505946 0.08116560933149974 -0.0009092554942737646 0.0025775218704757537 0.9999962648107508 1.8735341705017392
0.999977079570317 0.006442988860726912 0.002080439511336719 177.81709538245676 -0.006434299334721983 0.9999706599833877 -0.004156797380100691 0.05063224123421851 -0.0021071606704231834 0.00414331593395491 0.9999891963451307 1.8866538053810002
0.9999872392614931 0.0045606363749969795 0.002172995635582983 179.18820057142094 -0.004545960972781799 0.9999671459569622 -0.006711277488028651 0.030863173877221737 -0.0022035319401254526 0.006701313493818194 0.999975118112669 1.8904923774839346
0.9999962020723324 0.0022921944794595463 -0.0015302566384230603 180.56624104749812 -0.002304102286983752 0.9999667242025494 -0.007825701264029422 0.029225534030830676 0.0015122676886778045 0.007829197410402337 0.9999682078518031 1.9133789884968848
0.9999824715218271 0.0009806600584538767 -0.005839088537441094 181.97555237670772 -0.0010147440163239382 0.9999824490863517 -0.005837106632854921 0.016287782264519206 0.005833261838770612 0.005842929497412869 0.999965916034746 1.9165621454533293
0.9999785626840485 0.000276830592909899 -0.00654198266332536 183.36248549630307 -0.00028483994323946223 0.9999992110788376 -0.0012234001426028396 0.03337743666010759 0.006541638827629951 0.0012252373341579428 0.999977852632209 1.9442136538456571
0.9999843782632604 9.84094065908104e-05 -0.005588697972638248 184.7079563935305 -8.483504791787856e-05 0.999997046182848 0.002429079783303282 0.04356676214304591 0.0055889205089463545 -0.0024285677193980806 0.9999814328408189 1.9655212066850816
0.9999969952124815 0.00042045491363074887 -0.0024151156646550222 186.15364512805198 -0.00041086536376905373 0.9999920360553916 0.003969762643454542 0.03153151651520657 0.002416765537017034 -0.003968758427785197 0.9999892040421641 1.9625434514261146
0.9999994803871974 0.0010162326240769947 8.060141981778471e-05 187.51423245177222 -0.0010165453516147135 0.9999915641454044 0.003979732852312213 0.011160219875243791 -7.655640551629627e-05 -0.003979812719390721 0.9999920775835353 1.9743172786682333
0.9999986859894613 0.0012604403918250416 0.001019465236987277 188.957378368219 -0.001265288206956287 0.9999878293437875 0.00476866963140289 0.01632004246237159 -0.0010134422056076674 -0.0047699532826625006 0.9999881101696045 1.9975337849514114
0.9999990163125813 0.0010996204769343763 0.0008707517882467282 190.3352459884361 -0.0011021520918246114 0.9999951519690481 0.002912267015038022 -0.011994788389397099 -0.000867545178371071 -0.0029132238511824756 0.999995380235407 1.9975467785730046
0.9999984911034892 0.0009649566629933369 0.0014445239297160286 191.71960280615647 -0.0009647151530980741 0.999999520570811 -0.0001678774004446739 -0.030283789720326797 -0.0014446852315852176 0.0001664835930110403 0.9999989425833383 2.012307876462697
0.9999984986386645 0.001177929761644341 0.0012709059341582643 193.15563425742602 -0.0011760179847925393 0.9999981775365472 -0.0015039631922556685 -0.045323393703152685 -0.001272675180983223 0.0015024663260279321 0.9999980614445324 2.0298224735665706
0.9999966616222868 0.0015220006734596456 0.002088123136085527 194.54420370042067 -0.001511748440479029 0.9999868394386727 -0.004902608092311249 -0.058846876133853844 -0.002095557428031142 0.004899435008659152 0.999985801987039 2.044166267295593
0.9999921063610868 0.001955109123064762 0.0034590119736754143 195.99709535597066 -0.001921232461689508 0.9999504257462315 -0.009770103160080817 -0.07028766338826274 -0.0034779421135596005 0.009763380472325129 0.9999462887177528 2.05724980757566
0.999988807369929 0.0022554073844067335 0.004159119185272228 197.40512028155638 -0.0022022821939654547 0.999916496312774 -0.012733827182912714 -0.08152038319759233 -0.004187491851344746 0.012724525103771362 0.9999102716608517 2.085426365475905
0.9999972022900816 0.002359794591437822 -0.00016365053010227343 198.82583702002168 -0.0023614179489384155 0.9999393942896749 -0.010753206631908981 -0.07909353088217509 0.0001382652530950594 0.010753562994855269 0.9999421692106176 2.1052482960303887
0.999980526040337 0.002739580008426486 -0.005607338180291441 200.2490784787607 -0.0027589911824580076 0.9999902187124236 -0.003456941876014565 -0.06742434891030559 0.005597812764450341 0.003472345152264399 0.999978303420328 2.1343837665835412
0.9999735693210127 0.004020623110148404 -0.006057660373467372 201.68128987816382 -0.003984687463532246 0.9999744623366988 0.005932700923533991 -0.05508381850867805 0.00608135882941512 -0.005908406234871861 0.9999640532591918 2.1695925641343328
0.9999834611629053 0.005300926463760063 -0.0022310489197401133 203.11965903861724 -0.005272869581754717 0.9999092259954931 0.012399057039453935 -0.038694356600613995 0.0022965728880815295 -0.012387087943485127 0.9999206397536007 2.2041073332715886
0.9999817641458922 0.006037899985010758 0.00012304243260065188 204.55435289767362 -0.006039054325329749 0.9998745621180789 0.014642057643510991 -0.0364983892654006 -3.461971879223835e-05 -0.014642533693018761 0.9998927917574584 2.2419425734538923
0.9999838884452183 0.00565242148624507 0.0005224761457855935 206.0001470674717 -0.005658767164859547 0.9998985989705329 0.013067904611656144 -0.04510709077638361 -0.00044855786135941254 -0.013070650638253306 0.9999144747865878 2.2645814548850915
0.9999900343375768 0.004408064788479369 0.0007072413679107034 207.44687861266374 -0.004414529757153743 0.9999459245268851 0.009415941222002264 -0.04898345620453156 -0.0006656970445480276 -0.009418969523974781 0.99995541893654 2.2817657135103553
0.9999948213086 0.0032182823766334335 3.8112278327890165e-06 208.87995590244432 -0.0032182180205176155 0.9999658025952489 0.007618183038757352 -0.058467564074760184 2.07063667169123e-05 -0.007618155851900456 0.9999709812152863 2.3079989317537613
0.9999959104718178 0.0028000744202439335 -0.0005819131217022613 210.3473680780168 -0.002795378817731675 0.9999647353833407 0.00791920747238921 -0.055757573057326634 0.0006040669710311371 -0.007917548418952905 0.9999684732680966 2.31940991363241
0.9999966533526714 0.002577670659794048 -0.00022112762560668532 211.79473229739486 -0.0025756992027074575 0.9999605983185547 0.008495150617585623 -0.0553569118453401 0.00024301661330390411 -0.008494552629063531 0.9999638911073528 2.3369358452196334
0.9999968093510504 0.0025169955259108944 0.00021452561971081483 213.26144525590905 -0.0025189980838465575 0.9999477137769788 0.009910820392219861 -0.05083922714430137 -0.00018956891239109503 -0.009911329159896174 0.999950863601763 2.3519951209112895
0.9999974230864661 0.002267894382498519 0.00010234987554464401 214.72942450419436 -0.002268780824381657 0.9999503397078455 0.00970416156787236 -0.05001113816625709 -8.033677931328674e-05 -0.009704368770522094 0.9999529082775687 2.3788339365455857
0.9999979901243122 0.0018748180120705172 -0.0007104961348878805 216.187327498807 -0.0018678410904827865 0.999951244137491 0.009696417768674389 -0.05044351158336364 0.000728640512721286 -0.009695071186204685 0.9999527362219165 2.3988824061894634
0.9999977910749042 0.0016976413394189675 -0.0012392978637466088 217.66500311365567 -0.0016867311998224452 0.9999602772529973 0.008752077123075195 -0.05161129883592538 0.0012541065233610217 -0.008749967428019742 0.9999609318802594 2.422381880037273
0.9999986369504192 0.0011116627565401274 -0.0012207797587883435 219.13716117292802 -0.0011004710414291997 0.9999577115075255 0.009130397588233518 -0.05404446485108649 0.001230878056803944 -0.009129041710276403 0.9999575718682574 2.443795953303314
0.9999984773969935 0.0009323426433034156 -0.0014751070774117617 220.6291793049266 -0.0009178001452005722 0.9999512754121547 0.009828755999542202 -0.048514006404874424 0.0014841989717763848 -0.009827387180758932 0.9999506085875499 2.469080588631465
0.9999985047989153 0.0007743906462023997 -0.0015461950267848582 222.11700132801369 -0.0007606597646832278 0.9999604480688087 0.008861359644529302 -0.05114760206849537 0.0015529960258069094 -0.00886017026666952 0.9999595419746689 2.4905461169545395
