1.0 -2.1684043449710093e-19 -2.5135375298442207e-37 0.0 2.1684043449710093e-19 1.0 2.3183291766350204e-18 -8.673617379884035e-19 -2.51353752984422e-37 -2.3183291766350204e-18 1.0 0.0
0.9999996144572926 -0.0005723897269502802 0.0006659243699802237 1.3271307127150507 0.0005725266515208768 0.9999998150031163 -0.00020544334102258209 -0.005205242904773986 -0.0006658066531284189 0.00020582452126511109 0.999999757168854 0.013546002618737998
0.9999992686506489 -0.0006310930990495225 0.0010317071617683797 2.620400249204164 0.0006317219644781507 0.9999996148242213 -0.0006093264874477984 0.0032616480561835828 -0.0010313222226384742 0.0006099777938922657 0.9999992821505244 0.023155165917102573
0.9999991639575837 -0.0008551953100190437 0.0009699098491139878 3.9413289267319627 0.0008559994161672708 0.9999992900610052 -0.0008289405800344141 0.016376335037490905 -0.0009692002544408344 0.0008297701292695049 0.9999991860658684 0.045058962823039984
0.999999332088467 -0.0004839936910932611 0.001049558348449928 5.260888625314376 0.0004855804095608984 0.9999987389289221 -0.0015120688579829506 0.0173454952127488 -0.0010488251930944876 0.0015125774930274203 0.9999983060360862 0.05072148602377287
0.9999988395165922 -0.0007528305260879164 0.0013244665597668492 6.5808003983348335 0.0007550501034258627 0.9999983102485854 -0.00167612628261933 0.015901237874712183 -0.0013232024827164721 0.0016771243761155255 0.9999977181919051 0.05797805790735003
0.9999974962232119 -0.0004189199134364259 0.0021981932156794723 7.914908151773676 0.0004254895440712316 0.9999954423063321 -0.002989034160296816 0.020465206000039295 -0.0021969310310564817 0.002989961984651586 0.9999931167869982 0.08044009271466034
0.9999963940106317 -0.00032934224452799436 0.0026652390923662134 9.23128424377856 0.00033749127399767176 0.9999952684240232 -0.0030576509293013124 0.036877530093138995 -0.002664219467964913 0.0030585393983813603 0.9999917736018507 0.09314088337394096
0.9999972800091561 -0.0008337865033356439 0.0021782502969610916 10.563394377533976 0.0008396747762099966 0.9999959924743922 -0.0027036977319041112 0.03382922464563244 -0.0021759872608892853 0.0027055193997016663 0.9999939726039443 0.11017443101550747
0.9999995884282824 -0.0008674640545340395 -0.0002657995109590773 11.890739378013773 0.0008674944072962853 0.999999617217226 0.00011410019631011065 0.04359965736807417 0.00026570043139668883 -0.00011433072893891595 0.9999999581658817 0.12460943634502676
0.9999993863007024 -0.0007800885777478382 -0.0007866765722819075 13.22137057682809 0.0007819467794822129 0.9999968987112924 0.002364556413173295 0.04786474810742181 0.0007848295691213806 -0.002365170101258875 0.9999968950016492 0.1374928295732285
0.9999992249604263 -0.0006198018471812487 -0.0010797797077261684 14.563027582428505 0.0006266928593139898 0.9999793665125756 0.006393262482336465 0.07163484538991217 0.0010757948722090814 -0.0063939342175375 0.9999789799143853 0.14682693488486345
0.9999999715270547 -0.00017307141094269685 -0.00016429295958145403 15.91266328083721 0.0001741220948172944 0.9999793965879216 0.006416859134518346 0.0939105647366859 0.00016317899972167457 -0.006416887558845752 0.9999793982511196 0.168736639154973
0.9999963057308401 -7.553440890880597e-05 0.0027171343774900734 17.258988572670926 6.214769469990692e-05 0.9999878626770975 0.004926523739346666 0.07610890558008793 -0.002717473520811391 -0.004926336675804199 0.9999841731470656 0.1882072789491555
0.9999880125708114 6.884242493257486e-05 0.004895914153579922 18.6210190367303 -7.057742716370447e-05 0.9999999347785737 0.00035420569577435996 0.08724548784898574 -0.004895889449882397 -0.0003545469907832377 0.9999879522088883 0.20956578184264218
0.9999949553849329 -0.0002269112680769022 0.0031682354651052136 19.961595568115182 0.00023163098928407922 0.9999988639976365 -0.0014894128109189115 0.07582964547972211 -0.0031678939014326214 0.0014901391589196718 0.9999938719479816 0.23401336117193697
0.99999975293354 -0.00015179365338293646 0.000686361089834447 21.313577090254515 0.00015347567497068972 0.9999969839088106 -0.002451248355246871 0.08305044740184923 -0.0006859869357636193 0.002451353089357154 0.9999967601397294 0.22394337005195578
0.9999999067475409 0.00019935549675850544 -0.0003830956739019747 22.664313081503252 -0.0001994932003227156 0.999999915500891 -0.00035944495258314317 0.09294295385491778 0.00038302398420365203 0.000359521344046034 0.9999998620185059 0.2697703463544496
0.9999990881230613 0.0009560465179170041 0.0009537966771906866 24.032353665243537 -0.0009576834129764684 0.9999980670131937 0.0017172106325374298 0.10173847662727595 -0.0009521531002685263 -0.0017181225019097528 0.9999980707279099 0.25194069034548716
0.9999824014927764 0.0017777850515375546 0.005660051682651901 25.42469539109425 -0.0017914319550229039 0.9999954987064098 0.0024069354934269102 0.11092177327317493 -0.005655747191157311 -0.0024170327324066266 0.9999810850593527 0.2678180005290108
0.9999779051196725 0.0018011524694667553 0.006398837570448065 26.800427563187963 -0.0018068824931723967 0.9999979717042321 0.0008898106977141821 0.09915525129106255 -0.006397221906977354 -0.0009013529850359983 0.9999791313395842 0.2877484943745993
0.999980240045728 0.0018415556626343583 0.006010673076233414 28.16497448167249 -0.0018212597320388499 0.9999926280040663 -0.003380377273223241 0.09955338828153976 -0.0060168539184852834 0.0033693634802867065 0.9999762221466375 0.3108559785164371
0.9999920445764792 0.0017184347866987023 0.003599689658391352 29.52740693504878 -0.001706107269749718 0.9999926796658192 -0.003424881422552942 0.10572781089315061 -0.0036055487428369383 0.003418712719475693 0.9999876561346169 0.30426671470157773
0.9999956069015217 0.0024343475167752505 0.0016911918356315612 30.912984390640823 -0.0024281632407102756 0.9999903935047795 -0.0036492357326943117 0.104753384307789 -0.001700059097149287 0.0036451132113940977 0.9999919114416588 0.34358449238018746
0.9999954560323112 0.002947578178745466 0.0006322164264697378 32.296570362885646 -0.0029468080322459307 0.9999949192326855 -0.0012156608227392614 0.1177466840115539 -0.0006357964696390444 0.0012137922783721235 0.9999990612351364 0.3315655869162071
0.9999926911257244 0.003487658385648707 -0.0015665037875625346 33.68100893131443 -0.0034870434416443153 0.9999938421858986 0.0003951181091460756 0.11892455608838191 0.0015678721783101068 -0.00038965275451876094 0.99999869497293 0.3654691394987247
0.9999923521464126 0.003741804277716801 -0.0011377826824344312 35.07412296881179 -0.0037410540465337176 0.9999927839063172 0.0006607949110937745 0.13338547582727345 0.0011402470373130282 -0.0006565333509228458 0.9999991343999519 0.3584431641973659
0.9999949470732276 0.0031477264968556152 0.00044457385659726694 36.46671804970755 -0.003148081076966358 0.9999947254680687 0.0007991380200022671 0.12417401645004206 -0.0004420560437580585 -0.0008005335365616386 0.9999995818661681 0.3946549756788999
0.9999941271252293 0.002968647038508219 0.001712556513406467 37.869656486710504 -0.00297150293021633 0.9999941948037894 0.0016674918460823586 0.13798022441174368 -0.0017075963769492756 -0.0016725709198093135 0.9999971433064855 0.39485282844558606
0.9999942403438442 0.002574624809952373 0.0022114669850368312 39.26195034636479 -0.002582848513607157 0.999989730703677 0.0037238932239360267 0.13279506808985173 -0.002201856646943094 -0.003729583659806689 0.9999906209725323 0.4057090099618809
0.9999919260518338 0.0031191271603202295 0.0025335502563369806 40.66069945033901 -0.0031351902957088983 0.999974852946251 0.006361136449837616 0.1504571262283036 -0.002513645351541317 -0.006369028252529 0.9999765582583249 0.4328400732069035
0.9999912393649573 0.00296738293836489 0.0029522587681077702 42.08704333063889 -0.002994784011111944 0.9999520770013564 0.00932067429965444 0.15384157002380122 -0.00292445927712398 -0.009329434021983943 0.9999522034571282 0.45025708701110584
0.9999918223584499 0.0027097268960100942 0.0030020986618839946 43.47144319971189 -0.0027390107946280375 0.9999482893977681 0.009793689312225413 0.15858711348724 -0.002975405198213725 -0.009801832003586202 0.9999475341503073 0.4532496049815701
0.9999929090874544 0.002350308682087812 0.002942418037810259 44.89919177276455 -0.0023767980548700996 0.9999563887170297 0.009031693916585848 0.1661109912717081 -0.0029210624465584836 -0.00903862340710303 0.9999548843228319 0.46891117102695506
0.9999958612250217 0.0014637171544486303 0.002476906320190952 46.303166147729804 -0.0014854641502867287 0.999960167463618 0.008800959174495034 0.1539204204079955 -0.002463925543810528 -0.008804602104847679 0.9999582031528568 0.4908194439154442
0.999994831318431 0.0005001937916557178 0.0031760262268108706 47.730055849884955 -0.0005266545582059803 0.9999651158971916 0.008336043647470556 0.16263716392461597 -0.0031717457967060164 -0.008337673229804728 0.9999602108252678 0.5113639357230377
0.9999920120628149 -0.00044559163280220106 0.003972059750294007 49.12647982191349 0.00041125838385637796 0.9999625871774578 0.00864031897021073 0.1706925948579988 -0.003975761198165309 -0.00863861640901205 0.9999547827924187 0.5204261266354673
0.9999903148084772 -0.001399389396147299 0.004172768692422044 50.55511641383249 0.001359394778164091 0.9999532618769388 0.00957215271019437 0.1803984383873656 -0.00418596883404634 -0.009566387562091124 0.9999454794607214 0.5423039333515112
0.9999871450828297 -0.002706071630352869 0.004287988505450958 52.00996808448715 0.002665021906249085 0.999950844867216 0.009550157463639306 0.17983224196053 -0.004313621138984353 -0.00953860711385538 0.9999452023221057 0.5449159431145619
0.9999771859138007 -0.0035593330214235773 0.005740975558106494 53.41431355484846 0.0034983067216817956 0.9999376439022319 0.010605194827739303 0.20173238158560447 -0.005778364993422311 -0.010584869186526407 0.9999272828772635 0.5756769286369952
0.9999696384643272 -0.004576397484953842 0.0063070385746903665 54.87305300955176 0.004518389095582089 0.9999476437994641 0.009181166586070865 0.2032633209968998 -0.006348725029787398 -0.009152390177432745 0.999937961797899 0.581279653523701
0.9999614530523013 -0.004885027102898035 0.007295815220661855 56.264244669361894 0.004842084241609248 0.9999709184502895 0.005892068726813429 0.21503317203866573 -0.0073243859624714585 -0.005856514653638721 0.9999560263363507 0.5803216701319837
0.9999611732587979 -0.005257969436342226 0.007071473134707586 57.69258692237457 0.005223501719037202 0.9999744311411434 0.004883860536291861 0.23148506518535442 -0.007096971514640277 -0.004846733059827481 0.9999630704050861 0.6012562139653682
0.9999602676459303 -0.0051629365729520555 0.0072668573278358755 59.144273112626 0.005135689067110331 0.9999797311641406 0.0037632377946142243 0.24923669219844866 -0.007286139395140015 -0.003725767952586903 0.9999665148523115 0.6159841233628478
0.9999558356401523 -0.005055485926049955 0.007922678288062366 60.5478691307209 0.005026715329769134 0.999980715071727 0.0036471382796856365 0.24548530297005777 -0.007940963556023159 -0.003607152157754806 0.9999619640521897 0.6350825472779134
0.9999523611440911 -0.004399072960439551 0.008713414912985159 62.003610738562244 0.004386566918835777 0.9999893221114805 0.0014538547686527602 0.26458919962900834 -0.008719717485313281 -0.001415563531067533 0.9999609805921759 0.6341087612287739
0.9999545720262489 -0.004171855996984835 0.008570268452135328 63.40777669600408 0.004179009314616568 0.9999909342135538 -0.0008169283028808151 0.2623881496434304 -0.008566782648672276 0.0008527064231735534 0.9999629408767138 0.6462142771464525
0.9999636211625302 -0.003646223470468857 0.007711122222038483 64.81683198905355 0.0036567265403211063 0.9999924050452251 -0.0013484075332651324 0.2792738003858346 -0.007706147061218394 0.0013765559450516244 0.9999693597261873 0.6618367351401133
0.9999666000269476 -0.0028030261288142008 0.007677361204722419 66.27197064240288 0.002817050103225779 0.9999943823322859 -0.0018164615564591497 0.28972495947619786 -0.007672226486653506 0.001838028397866378 0.9999688788119089 0.6694770979939686
0.9999698396383145 -0.002329876861373337 0.007408878966085618 67.64324609600128 0.0023305475683506258 0.9999972809169037 -8.189524370290002e-05 0.29716112552659124 -0.0074086680148946985 9.915951857134457e-05 0.9999725505260806 0.6798347662604929
0.9999592709439238 -0.0016530654852860197 0.008872644915576185 69.11452648633421 0.0016287139305824077 0.9999948893849941 0.00275108975233495 0.31775683286450074 -0.008877147302420448 -0.0027365267026710463 0.9999568529078526 0.6924465737671632
0.9999492178744047 -0.0009325206728730054 0.010034544212909852 70.47861855400932 0.0008715435060316933 0.9999811405784581 0.0060793831367195435 0.32592133120590544 -0.010040024117663868 -0.006070328870876804 0.999931172142921 0.700735538018416
0.9999369725874653 7.155500506584644e-05 0.011227009062787497 71.92704139997733 -0.0001872034619555998 0.9999469339944298 0.010300201454501575 0.35245379039299424 -0.011225676259294779 -0.010301653994419274 0.9998839233218528 0.7183930824494341
0.9999423965473744 0.00039589135372561466 0.01072598979718911 73.29422192341954 -0.0005443257613761659 0.9999040830654868 0.013839377819592335 0.3556642729727319 -0.010719482103108425 -0.013844419056210606 0.9998467006318704 0.7125504182557355
0.9999462302588829 0.0010916845856265116 0.010312362281008049 74.68431396161978 -0.0012717913716214617 0.9998464960016047 0.017474752645463484 0.37082668411635256 -0.010291702374064324 -0.01748692820590767 0.9997941229093944 0.7219415438988777
0.9999446155840539 0.0018875687857328046 0.010353880844289008 76.13502804635598 -0.0020805117418116184 0.999823800077449 0.018655837413033772 0.3823670203429369 -0.010316842314913593 -0.01867634554104453 0.9997723525292549 0.7211170351947909
0.9999393576416592 0.0021642057613144505 0.010798020772755065 77.50341032732867 -0.002372761278726882 0.9998101693538685 0.019338957068653753 0.3845072872687438 -0.010754117495189036 -0.019363405434265738 0.9997546736509353 0.7285935908514932
0.9999348817787572 0.0023064989793050482 0.011176415550675094 78.90564906974137 -0.0025145247746500283 0.9998231957603673 0.018634762801930167 0.3864539152567058 -0.011131458451639592 -0.01866165271311718 0.9997638888011281 0.7521835448140326
0.9999489848285468 0.001860399254626259 0.009928074081720105 80.27885767449726 -0.00203540036457339 0.999842225464667 0.01764600020451654 0.3820160558148043 -0.009893679078817495 -0.01766530759639609 0.9997950049994299 0.7467833716441317
0.9999463555412984 0.0017980248752017336 0.010200644402351893 81.66541699896048 -0.001975977040924169 0.9998455748151792 0.017462016986521424 0.3920204685648778 -0.01016767202504181 -0.017481236485214022 0.9997954914964055 0.7654404412759815
0.9999423517532623 0.0013810762613851695 0.010648276786193078 83.06365300526556 -0.0015581622383433436 0.9998603288194987 0.01664016176012066 0.39951240182002956 -0.010623808196411533 -0.016655794226761434 0.9998048405654384 0.7654918220299755
0.9999495317605483 0.0012403071198765778 0.009969732699941836 84.42611332250154 -0.001409645041929347 0.9998545611528584 0.016996159645068152 0.41540156172341663 -0.009947202255693309 -0.017009355663083262 0.9998058486462315 0.7708217036233675
0.9999478275689716 0.00046270514760590205 0.010204314971655006 85.83758072127434 -0.0006363016678644935 0.9998550252953812 0.01701539043807568 0.4173490568297118 -0.010194962495361932 -0.01702099572642751 0.9998031548480927 0.770202147228869
0.9999420439538931 -0.0008164115991332911 0.010735092240473377 87.19192986373454 0.0006365157623146204 0.9998594981517076 0.01675048666456213 0.4216610058436651 -0.010747259231776078 -0.016742682817163724 0.9998020699073836 0.77807890898575
0.9999252070630722 -0.0020457647759874256 0.012057990145683966 88.57761332140899 0.0018570430988266247 0.9998759375134586 0.015641642257493937 0.42152631829892423 -0.012088493322212776 -0.015618080165745361 0.9998049529288876 0.7864756331917031
0.9999155673387231 -0.0030318490326435342 0.012635904602469246 89.95694113611565 0.0028702635376945105 0.9999141313297029 0.012786381598791878 0.42738561380375284 -0.01267358595282434 -0.012749033634319135 0.9998384081242765 0.7961371456017139
0.9999052052386401 -0.003990679646067041 0.013177822757781859 91.33784408988984 0.003835892462556553 0.9999236029891585 0.011750494210695846 0.4335917624012617 -0.013223708469591615 -0.0116988316144118 0.9998441232878098 0.8066187567166246
0.999912965528071 -0.004293715219722214 0.012474990119065606 92.70851594141914 0.004155151683192076 0.9999296257886596 0.011112073822688136 0.4452739429491898 -0.01252182428196965 -0.011059271213019903 0.9998604384797353 0.8044171242925247
0.9999105150615718 -0.004479211286483171 0.012605496243825582 94.03117170572976 0.004361183128687746 0.9999465414856918 0.009375193465819165 0.4569820432206624 -0.012646815845109332 -0.009319379649661815 0.999876595991688 0.8217949208920595
0.999916616059263 -0.004759435907426463 0.012004528247114702 95.41417917913665 0.004650672807631385 0.9999480348231466 0.009071873883788932 0.47461135005997074 -0.01204708143199145 -0.009015288302107332 0.9998867897946252 0.8162570115289975
0.9999239690829839 -0.004609827754122017 0.011437025024425921 96.7618944043002 0.004509355606629773 0.9999511547319526 0.008795104447794492 0.47935164297973204 -0.011477010296456782 -0.008742862135021012 0.9998959148813156 0.8169873568589604
0.9999304103470067 -0.00442082479499318 0.010937585263618705 98.10337405942292 0.004313586055676232 0.9999425880892224 0.009808848085681679 0.4968737473647011 -0.01098032051477693 -0.009760985276071216 0.9998920720396943 0.8267142734623636
0.9999294843195852 -0.0040461104187112075 0.011164917323843188 99.46995404927075 0.003916408731566835 0.9999248808031697 0.011614408870632382 0.5173941434494101 -0.011211071804959782 -0.01156986349299393 0.9998702166420087 0.829571483842617
0.9999138096010431 -0.004058641761343729 0.012486024034168118 100.81835391637325 0.003912638626037575 0.9999239490571641 0.011695612891510212 0.5195689948852789 -0.012532542763174039 -0.011645751542047328 0.999853645211593 0.8313450270906868
0.9998912275506727 -0.003953511961514013 0.014209250873253148 102.14538097820999 0.0037827757472637395 0.9999205694189661 0.012022706038845539 0.5423393383339321 -0.014255654136334572 -0.011967647890072023 0.9998267608586623 0.8348307920038823
0.9999041742308366 -0.0037554578320342026 0.013324372113557359 103.487844275956 0.0036031379511036765 0.9999280999442678 0.011437322184480994 0.5506679090493746 -0.013366366471635006 -0.01138821664344851 0.9998458124976208 0.8478347101283649
0.999932367894171 -0.003633048185189021 0.011048103839148104 104.81426468769311 0.003507415847534643 0.9999292127570094 0.011369587029439914 0.5587169343965606 -0.01108862803186071 -0.011330067785836069 0.9998743280494501 0.8484789267605414
0.9999436297721637 -0.0037219854269089675 0.00994404859963249 106.14514870286172 0.003622310219084716 0.9999432087436194 0.010022881631094861 0.5710273715840202 -0.009980788883985578 -0.009986296210112216 0.9999003239029663 0.854674611560292
0.9999338199406741 -0.003394061076713922 0.010992546941408507 107.49344396287843 0.0032955596920494017 0.9999543695895399 0.008966494582716438 0.5767283660931519 -0.011022478177237333 -0.00892967458495994 0.9998993778809141 0.8621580664415379
0.9999122794470849 -0.0028390683085331163 0.01293727568208016 108.81770271569805 0.0027638128247040087 0.999979179468245 0.0058311207057961945 0.5859316309604822 -0.012953561271120054 -0.005794852988216903 0.9998993073951198 0.8546450294279742
0.9998999334925163 -0.001933377609433754 0.014013745134000532 110.18156043940002 0.0018704688204700332 0.9999881220243216 0.004500795114411702 0.5987681752456785 -0.014022280415575522 -0.004474132462232542 0.9998916730279622 0.8700531995416131
0.9999131077480248 -0.001385749407802503 0.013109410828322541 111.48972312083099 0.001333607534463915 0.9999911692217237 0.003985344340713361 0.6032725466922197 -0.013114817750582215 -0.003967515236115666 0.9999061257829257 0.8708511909933447
0.9999411529313895 -0.0005870775911840661 0.010832636527901437 112.8232670210414 0.0005311979631820888 0.9999865428880895 0.00516060766297561 0.6144229605317052 -0.010835520429015219 -0.005154549701882881 0.9999280084658112 0.8756043039158578
0.9999605871231955 0.00039784649861977696 0.008869380947827113 114.17206485575758 -0.0004728900498521037 0.9999640977042699 0.008460477379323986 0.6136994549855711 -0.008865696545387367 -0.008464338169569903 0.9999248743801287 0.8860383282472971
0.9999639447688153 0.001873092005067365 0.008282553273610022 115.48215874841934 -0.0019667825528217843 0.9999340133730609 0.01131815647679978 0.6304907414930455 -0.008260806787448257 -0.01133403837932278 0.9999016444857146 0.8791380123686431
0.9999364512368323 0.0033009447639499394 0.010779482898336355 116.85045551236738 -0.0034288009745371867 0.9999237390156798 0.011864209909622872 0.6395188928439747 -0.010739497742780494 -0.011900416655223976 0.9998715133814269 0.8897604374858116
0.9999113880903464 0.004122525581632708 0.012657833545493269 118.15155525281129 -0.004279090865174054 0.9999143699831958 0.012366975478103606 0.6441410700719926 -0.012605766482218159 -0.012420043636687268 0.9998434063229394 0.8835073151393051
0.9998902474508058 0.005109689689383049 0.013906262044296213 119.5188099616374 -0.0052711579027482445 0.999918830993665 0.011599410270647913 0.6397512805719384 -0.013845863899761389 -0.011671439308874041 0.9998360213341628 0.8950381654350641
0.9998924597215497 0.005996486024110484 0.013383241287210808 120.83902404085298 -0.006156129456393143 0.9999100102104036 0.01191946102584356 0.6392427986015701 -0.013310562050686854 -0.012000568169596076 0.9998393947537283 0.9001176829849911
0.9998844096038001 0.007405854693097982 0.013278582285951702 122.14495251964168 -0.00758723326289673 0.9998778906532528 0.013661539965033056 0.6358658914637073 -0.013175785467078049 -0.01376070852341988 0.9998185043187884 0.8995267683050002
0.9998826603110319 0.008513664369988157 0.01273511398962318 123.51959548748938 -0.008709717283307565 0.9998431813444999 0.015419258858795403 0.6390177733086314 -0.012601842491411934 -0.015528368810177107 0.9998000116662916 0.8960263093962262
0.9998786079471957 0.009762027245355735 0.012143812977767518 124.8520205305392 -0.00995785467047801 0.9998196515681471 0.016171130712176275 0.6415836301087962 -0.011983759841539793 -0.016290093990201034 0.9997954902568077 0.8976597783376223
0.9998759338573707 0.010753666341385292 0.011509802477401099 126.18430043478311 -0.010947318799222665 0.9997973138998089 0.016896370315403173 0.6292814190069497 -0.011325771671670651 -0.017020275524949897 0.9997909967173618 0.8931660560166201
0.9998701025847548 0.01161797841243549 0.011171415969338414 127.51833725779306 -0.011804172031084555 0.9997900602401417 0.016748043696930257 0.6246044924376469 -0.010974492234831074 -0.016877737485276486 0.9997973307113626 0.9027733468244713
0.9998480254736386 0.012590426379811536 0.012058487469023214 128.84293212811318 -0.012787434428100364 0.9997836981654948 0.016402390169537377 0.6168606117478564 -0.011849366110179801 -0.01655409454187237 0.9997927557632561 0.9023860198471609
0.9998240678190536 0.013472948274900254 0.013050405148588812 130.2178751025613 -0.013682957087675059 0.9997761330879429 0.01613878536498606 0.6085999603450427 -0.012830046574244925 -0.01631451416690389 0.9997845900654804 0.9085597066164094
0.999810352114893 0.013856754899076593 0.013683937575146675 131.54081944040857 -0.014051483700392588 0.9997998924555691 0.014238358460514028 0.5890445580827836 -0.013483901872647832 -0.014427937811738959 0.9998049904860394 0.9021810879422332
0.9998059792263554 0.013877537249103273 0.01397919393699812 132.88744132717665 -0.014065156236951787 0.9998111053907334 0.013413609409478467 0.5763792161299459 -0.01379040547839657 -0.013607626437394002 0.9998123109961597 0.9163637105983256
0.9997995855179221 0.013720967922694605 0.014578197332163785 134.21629264662616 -0.013879914838214756 0.9998447094859114 0.010858401222888215 0.5635809436706974 -0.014426945701534594 -0.01105856917949606 0.9998347719925664 0.8962920696445964
0.9998034261672218 0.013180483216086565 0.014811613230000055 135.554234354882 -0.01332354840984812 0.9998651315113324 0.009602179210811575 0.5443120455644677 -0.014683054248183038 -0.009797634919538934 0.9998441949963646 0.914479595053247
0.9998254141485352 0.011980134031915614 0.014339372764779113 136.89738564801561 -0.012113586325142025 0.9998837841001128 0.009256312439749687 0.5342618867223603 -0.01422681443799995 -0.009428397648395512 0.9998543409260824 0.9131978876633946
0.9998186814037695 0.01100878866063532 0.015537402879922408 138.2360693469852 -0.011129541632411873 0.9999083650140744 0.00770680724638906 0.5224569308134049 -0.015451136498004434 -0.00787833403112938 0.999849585804692 0.9144839662725482
0.9998226799361922 0.009948440706586575 0.015988658878031015 139.57712141269005 -0.010058886353622152 0.9999259985565734 0.006842237643081337 0.5023643756258309 -0.01591940609870302 -0.007001852479666823 0.9998487618491696 0.9182167969540354
0.9998305783710734 0.00864375383548489 0.016251156075687157 140.93513795515312 -0.00873400708571297 0.999946782135831 0.005490903060834507 0.502405506735554 -0.01620282920947817 -0.005631910495409741 0.999852864130408 0.9189959115371388
0.9998471686707588 0.0074582681753343 0.01581181636915525 142.2593662217674 -0.007531871650315909 0.9999610522242431 0.0046005373629273375 0.4977162200630662 -0.015776888492673637 -0.004718926828137779 0.9998644015660726 0.9066426165873431
0.9998609787673064 0.0064392551027271224 0.015380478932923054 143.61074880224794 -0.006507557175783725 0.9999691677287792 0.004394916542637345 0.4893404912339058 -0.01535170472905185 -0.004494394901968936 0.9998720546031763 0.8980406549380896
0.9998952719332902 0.00579364080733989 0.013261933933153268 144.96218932361026 -0.005822721881959141 0.9999807251918318 0.0021552620962215613 0.48087429420784095 -0.013249191497489586 -0.002232256932698639 0.9999097339028404 0.9031288739815301
0.9999143413234551 0.0046172487964874906 0.012247082478386323 146.2746659390585 -0.0046125733143760495 0.9999892779836271 -0.00040998195518688636 0.4900978612904852 -0.012248844153656638 0.00035345627085643053 0.9999249176241005 0.9162329994660438
0.9998760472950409 0.0038140000105712215 0.015275583444329976 147.67212631524342 -0.003654468658380147 0.999938636867694 -0.010457884967955324 0.4809953758385762 -0.015314532460060364 0.01040076454388962 0.9998286299123628 0.8984064869884906
0.9998547475014568 0.002286580310668643 0.016889507076324306 148.97891255053588 -0.002005073736707717 0.9998591069440004 -0.016665711519654746 0.4627532768511732 -0.01692523494988212 0.016629426076351837 0.9997184596726533 0.9129437734246812
0.9999022131484112 0.0014499026711636243 0.013909059031918075 150.2721962166769 -0.0011864178715685575 0.999820051189257 -0.01893297791013203 0.43440704263116986 -0.01393400708853171 0.01891462455761883 0.999724002124737 0.9146513409130268
0.9999392387121836 0.0014321794146060314 0.010930130183270135 151.67088985464613 -0.0012350189278483256 0.9998367964993611 -0.01802373696388059 0.4531014837201418 -0.01095415957281573 0.01800914290075121 0.9997778138966846 0.9202544672472456
0.999960229997039 0.0024159805514608343 0.008584955576109918 152.98723274217937 -0.0022881424234677933 0.9998868218477865 -0.014869697353430448 0.4576153231319081 -0.008619908846312977 0.014849462384465389 0.9998525844535151 0.9171840831336233
0.9999549569771838 0.0033229040866448794 0.008890575076424607 154.36189605440256 -0.0031887704166533447 0.9998815213695302 -0.015059049338644265 0.46134243720147844 -0.008939561509853831 0.015030021030750575 0.9998470796615985 0.9260205437693702
0.999923141208811 0.0036822532733350073 0.011838609966343647 155.68603979725512 -0.0034706148838297207 0.999834686841327 -0.017848076121351485 0.4611734447291878 -0.011902374025056395 0.0178056170838427 0.9997706204389241 0.9230662888208132
0.9998833499411012 0.004295763762865011 0.014657179955744152 157.01977391728886 -0.0039058881914289583 0.9996405101579925 -0.026525355577343222 0.4594281933974447 -0.014765857509723845 0.026465012086944024 0.9995406808065594 0.9089961119631976
0.999861735878362 0.004327846669392363 0.01605549343729144 158.367116998707 -0.003846742493655761 0.9995462139792798 -0.029875888135343726 0.4410171216114999 -0.016177505941775513 0.029809996023050695 0.9994246607116564 0.9115687106090669
0.9998591136686774 0.004188575165533711 0.016254496355454912 159.70350498315912 -0.003690815340412895 0.9995269452914634 -0.030532990656646587 0.42872285962137746 -0.016374696815812977 0.030468696631109266 0.9994015848645587 0.9231507404625081
0.999849571094568 0.005254168810000409 0.016529636781390238 161.0736636300218 -0.004766081694150622 0.9995554787183856 -0.02943007695103652 0.43306376594350743 -0.0166769195984556 0.02934686821749925 0.9994301584795866 0.9060479672139312
0.999847861841961 0.006420570414350667 0.016218182561965364 162.40760794129102 -0.005974786930120566 0.9996070462822422 -0.027387130993058388 0.4308148837157042 -0.016387650569820344 0.027286064180193595 0.9994933294476536 0.8928874291255865
0.9998648208630171 0.007451468976245623 0.014656589325726417 163.75981283099767 -0.007085843747212356 0.999666281644498 -0.024841822828718624 0.44177789498429054 -0.014836806224960952 0.0247346104307184 0.9995839475641272 0.8867166798337458
0.9998672422139137 0.007998308785143309 0.014195950271835043 165.10665055907506 -0.007664845584967779 0.9996970099152095 -0.023390992042843166 0.43677724968049053 -0.014378737416807985 0.0232790769397597 0.999625598155195 0.8763776382081954
0.9998472880687368 0.008264836990183875 0.015397824882696544 166.4516821201252 -0.007918378739230689 0.9997171208043646 -0.022427163190507207 0.43597852614250343 -0.015578826006300985 0.02230181248592209 0.9996298961816359 0.8711460544203945
0.9998507234609698 0.008043426597885737 0.015291634416887134 167.7836943396973 -0.0077190645887957625 0.9997464362019127 -0.021153707557991182 0.42852859516020947 -0.015457905306001267 0.021032512692007062 0.999659285243433 0.8622227262140736
0.9998840783271942 0.007573690722860904 0.013208675808416464 169.17325265898347 -0.007332629444599266 0.9998074023277314 -0.018204142278668168 0.42472957203867234 -0.013344004391695603 0.01810517769888627 0.9997470380487686 0.8708190012872685
0.9999180050016301 0.006938178893574115 0.010763129061792161 170.58044358151622 -0.006775644164173688 0.9998635629143532 -0.0150647337306657 0.4261211955839625 -0.01086618238943795 0.014990571365232231 0.9998285897344722 0.869730147245287
0.9999367780042552 0.006585518047372103 0.00911432644339127 171.93892465581484 -0.00649925472293918 0.9999341123707874 -0.009462061365885734 0.43001990575112325 -0.009176038497920428 0.009402226826298703 0.9999136954998624 0.8672671969289106
0.9999232142435337 0.006922143849198151 0.010278596276302296 173.28923499083265 -0.006857152060298482 0.9999563601656878 -0.006344858533603129 0.43028880218235976 -0.010322067743536247 0.006273889441207932 0.9999270439530963 0.8688918293610206
0.9998916071491549 0.007550429122302131 0.01263981695868586 174.6776553396182 -0.007543731473641213 0.9999713789069249 -0.0005774793820629079 0.44248529020787075 -0.012643815410452092 0.0004820654024140794 0.9999199475682111 0.8962908356452838
0.9998559639258339 0.007592342351419417 0.015179187710826266 176.04948544129948 -0.007597985908639034 0.9999710855386239 0.00031416052942276096 0.4411215223060433 -0.015176363598496799 -0.0004294465333048897 0.9998847401393829 0.8866246778689834
0.9998435055304762 0.00669331269113823 0.01637571414465081 177.4503432419888 -0.006653117890703724 0.9999747231957288 -0.002507786266413666 0.4325574732874026 -0.016392085616573227 0.002398444254983398 0.9998627640802985 0.8859330244491362
0.99985091612758 0.0053715308843588555 0.016410124155450585 178.8468737974744 -0.005295936994321992 0.9999751811030652 -0.004646528730578915 0.4311906564108463 -0.01643467584685185 0.004558929024486181 0.9998545482198691 0.8756849700331267
0.9999153611220241 0.0031912515311316274 0.012612949927638159 180.1840862043938 -0.0030985167321985374 0.99996807700587 -0.007365063695784558 0.4234435651504827 -0.012636051055307709 0.007325358888663956 0.9998933289760863 0.8643340252964793
0.9999617930472041 0.001503069666411972 0.008611226823071243 181.60095689817558 -0.0014651344882034543 0.9999892028805266 -0.004409932346485216 0.434767745070011 -0.008617762282167351 0.004397147251003997 0.9999531985394622 0.8754192539001372
0.9999682918226759 0.0008360001815875262 0.0079193720039045 182.99345762243576 -0.0008321655574574689 0.9999995349264459 -0.0004874908994850853 0.45407068964054975 -0.007919775863294506 0.00048088521341885823 0.9999685224544254 0.8774711828166739
0.9999584777224767 0.0004885290632375095 0.009099679681259984 184.32192872955497 -0.0005059501076806936 0.999998043628082 0.0019122642330780377 0.4726191721035281 -0.009098727682247745 -0.001916788815426447 0.9999567686031238 0.8710816850751982
0.9999252209837213 0.0008855860434473656 0.012197056120872131 185.77330552976778 -0.0009513407212423769 0.9999850413462859 0.005386282066396797 0.470847215708414 -0.012192103653109219 -0.005397482841689537 0.9999111059426661 0.877615720942916
0.9998903381959784 0.0013599141533660335 0.01474660014468831 187.1334692568897 -0.0014720246046642624 0.9999700796287245 0.007594273558792303 0.48263518205321376 -0.014735831360839793 -0.007615148115301739 0.9998624229329187 0.8933380052128956
0.9998817717790675 0.0015799188485912162 0.015295303867031557 188.5875831279364 -0.0016660540564925848 0.9999828176633342 0.00562037738767311 0.4897669565602483 -0.015286161317800128 -0.00564519570350655 0.9998672237040452 0.876497228117062
0.9998699066708704 0.0014334494332054533 0.01606595645168204 190.0079770710283 -0.0015077495002603677 0.999988220937766 0.004613531962191693 0.4845655573132594 -0.016059153945004866 -0.004637155210270915 0.9998602904236803 0.8754678576212769
0.9998585069090504 0.001675506977790937 0.01673794604996944 191.36155867173943 -0.0016987390344733121 0.9999976133860523 0.0013738660386012653 0.4897051946383436 -0.016735604180819718 -0.0014021050483609043 0.9998589668818979 0.8719254983677183
0.9998533482313723 0.002019594307268366 0.017005977459357505 192.81571646427423 -0.0020255672991144015 0.9999978927544468 0.0003340116505413612 0.49406877258319043 -0.01700526705555913 -0.0003684094189732182 0.9998553321190367 0.8736499795981575
0.9998404362525862 0.002342287347370456 0.01770919885879822 194.18076120278016 -0.0022922186594880245 0.9999933200262865 -0.0028470399404133466 0.48598809889411854 -0.01771574914744524 0.0028059922999826956 0.9998391263795178 0.8578095647648614
0.9998087240174214 0.0028523645577022702 0.019348886145867876 195.63262128963999 -0.002699462848071559 0.9999649619570258 -0.007923872703142796 0.48717513301209386 -0.019370809972421788 0.007870125457303338 0.999781392528536 0.8472901106164213
0.9997918872219067 0.00316187385016069 0.020154026868439857 197.0427328910028 -0.002932334837543774 0.9999306198449964 -0.011408633082080963 0.47553019646017886 -0.02018870123754009 0.011347160444652886 0.9997317931786428 0.8507743604695801
0.9998583475071062 0.003133675787932863 0.016536777086688634 198.46512549306888 -0.002976413934290074 0.9999501980146788 -0.009525883187218812 0.4795761166673495 -0.016565804551861366 0.00947531352836926 0.9998178796926411 0.844512511385366
0.999928219777345 0.0033438360416729674 0.01150539236341572 199.90112463755412 -0.0033058836203456394 0.999989037238662 -0.0033161025289765267 0.49281583570232956 -0.011516354735699414 0.0032778290102387837 0.9999283121357156 0.8409839284623631
0.9999331801315499 0.004514604762948924 0.01064206821252149 201.3462131976458 -0.004588213759982209 0.9999656509085871 0.00690255731293729 0.49885801520765677 -0.01061054034902612 -0.00695092416877303 0.999919547307033 0.8311678118372745
0.9998818008052403 0.005703895465374399 0.014277604665698615 202.77547106184923 -0.005891090221453432 0.9998967908544408 0.013103537499214307 0.5187402849496856 -0.014201389878198304 -0.01318609932886527 0.9998122060217192 0.8174470369587696
0.9998428933823792 0.006636112739200852 0.016436257495703724 204.2091467060656 -0.00687660475649536 0.9998694935575563 0.01461876054865618 0.5142263359035348 -0.016337100715102602 -0.014729489491106508 0.9997580413677881 0.8094216635764798
0.9998374179049009 0.006039808717198425 0.016989951969328884 205.6980459913972 -0.006299083331217895 0.9998638919873171 0.015248575315777784 0.5055080937098131 -0.016895541022613675 -0.015353117293703863 0.9997393772793581 0.8137231431040476
0.9998366743159304 0.0048948823042176785 0.0173972647300689 207.1258956737619 -0.005085551658958811 0.9999273068018979 0.010932441457757494 0.500171639799002 -0.017342487053023967 -0.011019130597787202 0.9997888861673171 0.8090261603645201
0.9998460079281154 0.0038263440578708073 0.017126573544111255 208.55571044109035 -0.003977319430661234 0.9999534581527673 0.008789906624557453 0.49518188563468046 -0.01709214323475963 -0.008856670902362307 0.9998146918405278 0.8039766026087677
0.9998566817104555 0.0033658014165839525 0.016591787721073184 210.04687016177616 -0.003522849891877147 0.9999491865122646 0.009445312175874042 0.4991220478718217 -0.016559153589369675 -0.009502408867468011 0.9998177327183786 0.7954037548596806
0.9998573727226366 0.003160071435656303 0.016590604591398665 211.50759967725742 -0.003329538051150928 0.9999424665527037 0.010196948605394085 0.5049522001746433 -0.016557426990705032 -0.010250733291655744 0.9998103690592687 0.7892300863461157
0.9998474779198654 0.002942558407689072 0.01721517491347659 212.94790703799077 -0.0031398798152402737 0.9999295593870644 0.011446284058025334 0.5052962746552372 -0.017180280906612153 -0.011498591827197648 0.9997862873304282 0.7733325198001785
0.9998465894504247 0.002613120021015951 0.017319618012810754 214.3845361924882 -0.002802443107036075 0.9999364927692312 0.010915893962515796 0.5192366278264536 -0.017289993550772053 -0.0109627565933404 0.999790415082526 0.7759449448664585
0.9998560096882516 0.0023569866514365407 0.01680489524549226 215.85626718233743 -0.002552008812728162 0.9999295412035529 0.011593096198683664 0.516850265950301 -0.016776386419809722 -0.011634313145911356 0.9997915760878946 0.7753303382320621
0.9998632574816301 0.0019867269377543515 0.0164170415817977 217.3185405688423 -0.002169487273281197 0.9999357945519017 0.011122054613619333 0.5219736574271042 -0.016393891032782437 -0.011156150318638657 0.9998033709919533 0.76560513727138
0.9998622913670934 0.0014774551830744622 0.016529229514031404 218.79656998681114 -0.0016528577111302714 0.9999424202052063 0.010603034261064827 0.5191866090414209 -0.016512612256462562 -0.010628894596173383 0.9998071615247268 0.7620458171051967
0.9998672335492927 0.0012354895712051541 0.016247733380492173 220.2734004352848 -0.0014473196341210845 0.9999140294884835 0.013032225365644518 0.5273555435615431 -0.016230235376013615 -0.013054010786869455 0.9997830626000901 0.7651295412090799
0.999868770980949 0.0011597526172664558 0.016158458803782066 221.76976678182416 -0.001334945705520588 0.999940401783578 0.010835626463658102 0.5330825737490722 -0.016144929142306284 -0.010855775180214413 0.9998107287923181 0.7485574383985482
0.9998714725947042 0.0006642463756488167 0.016018647510013747 223.2432410985952 -0.0008751674100249275 0.9999129703660531 0.01316380551896189 0.5354597988631272 -0.016008509402878908 -0.013176132607448161 0.9997850354732306 0.7515800061983671
0.9998717347602976 0.0002852926328773111 0.016013514153570704 224.72429350731474 -0.000479542933321443 0.9999263396996343 0.012127869287989276 0.5397540546651417 -0.01600887460154788 -0.01213399287147796 0.999798220718054 0.735892043803014
