1.0 0.0 0.0 0.0 0.0 1.0 0.0 0.0 0.0 0.0 1.0 0.0
0.9999995848578309 -0.0006103934511487032 0.0006765382477191575 0.036033840991834015 0.0006110549695033631 0.999999335040329 -0.0009780238873909701 -0.025263107556911423 -0.0006759408184725764 0.0009784368834303398 0.9999992928823875 -0.004405918256492437
0.9999992235974565 -0.0009171839112829343 0.0008435509214737007 0.17216077503044702 0.0009183181914665649 0.9999986735010279 -0.0013452464026524104 -0.030986813798578434 -0.0008423159641470463 0.0013460200063562992 0.999998739366185 -0.0012270644536536445
0.999999261568171 -0.0010229428635068595 0.0006560876548453947 0.2982625778170769 0.0010237836527252529 0.9999986535722443 -0.0012824666588495874 -0.03240802647684788 -0.0006547748813544102 0.0012831374036511723 0.9999989624135909 0.004596740723284095
0.99999947234945 -0.0007200638657807453 0.0007326724035398557 0.3894722087361626 0.0007213234285653889 0.9999982600848079 -0.0017203255123426978 -0.03444354584914816 -0.0007314323845131911 0.0017208530983821313 0.9999982518341123 0.0024558232075984968
0.999999134511488 -0.0009430608443729869 0.0009173944183228173 0.49257475138594264 0.0009447743438493979 0.999997806832771 -0.0018691525051391753 -0.04265871334925578 -0.0009156296817836844 0.0018700176181187772 0.9999978323258476 0.004523386806193495
0.9999987371123291 -0.000571556382135764 0.0014829352814594435 0.6314583759578862 0.0005740488616324081 0.9999984225313716 -0.0016808934151350437 -0.026104239549554965 -0.0014819722168164485 0.0016817425696656696 0.9999974877469833 0.008604063341584969
0.9999985422778785 -0.00027734213016048507 0.0016847918152551337 0.7238587211328446 0.00028125001749571324 0.9999972699098489 -0.002319713619502777 -0.0021058897157351496 -0.001684143861304997 0.0023201840857324353 0.9999958901941861 0.005476858173638584
