1.0 -2.1684043449710093e-19 -2.5135375298442207e-37 0.0 2.1684043449710093e-19 1.0 2.3183291766350204e-18 -8.673617379884035e-19 -2.51353752984422e-37 -2.3183291766350204e-18 1.0 0.0
0.9999996051917989 -0.0005752605321510217 0.000677267721610383 1.3273296131564947 0.0005753941083097035 0.9999998150465057 -0.00019704967556571635 -0.005147294397329037 -0.0006771542414461252 0.00019743929362565135 0.9999997512398984 0.014190926913472833
0.9999991949433092 -0.0005967494779263065 0.0011198226618697432 2.628292109638085 0.0005974884623972986 0.9999996039058764 -0.0006596935863360372 0.0026109771196390695 -0.0011194285465113297 0.0006603621363656997 0.9999991554004325 0.02238872817330788
0.9999991297254904 -0.001113192972496114 0.0007080604973781535 3.956209785049906 0.0011146087524121192 0.9999973742647505 -0.002002276437813383 0.00047345982494330623 -0.0007058297181391784 0.002003063905710853 0.9999977447671563 0.05173028038735281
0.999999431251721 -0.0005318922087600134 0.0009244387014966354 5.270882392727214 0.0005340632542580712 0.999997096502214 -0.002349843310145761 0.011699019050802659 -0.0009231861540424388 0.002350335682417706 0.9999968118196704 0.05854686742637156
0.9999984690023622 -0.0008948684495088448 0.0015037298260182639 6.5785192671325285 0.0008987235313460304 0.9999963066242507 -0.002564962742825531 0.008026997785436708 -0.0015014289679462704 0.0025663102532530605 0.9999955798716004 0.07091744258535529
0.9999962201293646 -0.000714485190641188 0.0026550400930556326 7.921763906200662 0.0007247512996683157 0.9999922577822378 -0.0038677010142952506 0.005531513175885915 -0.002652256122060523 0.003869610638643874 0.9999889957649375 0.10122487062505886
0.9999946660907112 -0.0004587710790887041 0.0032337778563313263 9.234805070245908 0.000470094804457801 0.9999937581429577 -0.0035018118165948057 0.028499398436438693 -0.0032321511415663753 0.0035033133204172614 0.999988639932863 0.11277609908998841
0.9999972638002228 -0.001034490390915605 0.0020981472061655636 10.569155794882755 0.0010410090425066374 0.9999946278309262 -0.0031081520974525463 0.0249231446968248 -0.0020949205810857113 0.0031103277831415984 0.9999929685596997 0.12647643678222603
0.9999995386991782 -0.0009590246796325099 -5.360125455014538e-05 11.884139396285372 0.000958981835715082 0.9999992251978636 -0.0007936986274516456 0.0401524232520263 5.4362389591695424e-05 0.0007936468586883316 0.9999996835846471 0.13083162858876207
0.9999991083373172 -0.001004906021942295 -0.0008794819256556769 13.23384088076249 0.0010073220138827129 0.9999957087940222 0.0027509445471471093 0.03641507311210686 0.0008767137108761226 -0.0027518280157370393 0.9999958293991237 0.1557669381054156
0.9999992112930292 -0.000830529984629268 -0.0009421429107381937 14.575769901867954 0.0008362146427859647 0.9999813520197901 0.006049492354222722 0.05751877392033073 0.0009371010568838718 -0.006050275416643489 0.9999812578288614 0.17086565907248097
0.9999999020679043 -0.0003963520458407339 0.00019689905404611649 15.918626816867302 0.00039513371911073134 0.999981013289719 0.006149547089893602 0.08217118363263635 -0.00019933270115089598 -0.0061494686862000525 0.9999810719715407 0.18801874740287566
0.9999959091788615 -0.0002629632936177911 0.002848240833997224 17.26558608556324 0.0002532990148276032 0.999994212021852 0.0033928988202141497 0.06776204409756723 -0.0028491165562901924 -0.003392163483874692 0.9999901878327344 0.19852170068421468
0.999986965078562 -6.70106306259431e-05 0.005105407186736082 18.63024952607283 6.801183059984846e-05 0.9999999784924347 -0.0001959324398004882 0.08214057676986825 -0.005105393947374853 0.00019627711392525578 0.9999869481287926 0.2160309821886832
0.9999954551945807 -0.0005198327352983249 0.0029697414215008556 19.961645288449542 0.0005262817445453208 0.9999975044470862 -0.002171204072612424 0.07084462618559777 -0.0029686053474020416 0.0021727571256085444 0.9999932332314876 0.2497750512585619
0.9999995369071152 -0.00035985025720197396 0.000892576802097812 21.32769531774819 0.0003626123726256672 0.999995140670784 -0.003096311852219576 0.08313407342648654 -0.0008914582561568812 0.0030966340777315473 0.999994808066305 0.24151177979208194
0.9999999559135543 0.00019483386741868156 -0.000224081800776071 22.672735878088762 -0.00019495346331984512 0.9999998385160411 -0.0005338174206394473 0.08335240184269474 0.00022397775887789608 0.0005338610826284628 0.9999998324131399 0.2901417659058311
0.9999991678435551 0.0006088220567956286 0.0011373864340406751 24.043749518531587 -0.0006105200323524732 0.9999986989213029 0.0014931245733609529 0.09773175345430798 -0.0011364759070376096 -0.001493817728050224 0.9999982384640025 0.2693270685195746
0.9999826819467851 0.0015776246556124945 0.005669824244272593 25.43306377620962 -0.001589887891406802 0.9999964053965891 0.002159039229219874 0.10871312827164815 -0.005666397709982574 -0.0021680162237759835 0.9999815956519629 0.2826644312812912
0.9999768034894077 0.001731013650406073 0.006587569722510792 26.800456483201305 -0.0017331513775822253 0.9999984472706437 0.0003188143725292319 0.09764901844618862 -0.006587007621767103 -0.00033022423268775107 0.9999782509047619 0.30483994443569506
0.9999817914983693 0.0017078431018893515 0.0057879135836114304 28.175095287252397 -0.0016861218639094252 0.9999915259489383 -0.0037556655034612714 0.1043719147284783 -0.005794278623959272 0.0037458379907800814 0.9999761972332015 0.31850661169245414
0.999992840516207 0.0015255769902699917 0.0034628790297430052 29.53877340590232 -0.0015103100349995655 0.9999891482100232 -0.004407088130561957 0.1102978183667229 -0.0034695648035531364 0.004401826557137302 0.9999842928981609 0.3171702131533253
0.999995351616756 0.0025761138270403946 0.0016310678804416973 30.918105191486788 -0.002569164456309492 0.999987674822431 -0.0042484817552043575 0.11264367628758769 -0.0016419923498339549 0.004244271525008695 0.9999896449565591 0.35219001094832825
0.9999960778823368 0.0027282522050766284 0.0006331349373250988 32.30785263523193 -0.0027273814475038943 0.9999953393232218 -0.0013721232722631027 0.11591226083565555 -0.0006368754848309877 0.0013703910901523533 0.9999988582082865 0.3420448215426628
0.9999936898317027 0.003203434976532666 -0.0015356761141522683 33.68247242165867 -0.0032030467419641695 0.9999948376681762 0.0002552029914158553 0.12198354501198175 0.0015364857126714104 -0.00025028253866788184 0.9999987882844187 0.3805375917924814
0.999993931163704 0.0032909032871789234 -0.0011434995914636535 35.084280291187746 -0.0032906815949308907 0.9999945665434843 0.00019569913071866907 0.1391119492513238 0.0011441374052209277 -0.00019193504999324103 0.9999993270550409 0.3683639455964413
0.9999950190761583 0.003051637870022514 0.0008058096448944393 36.48527749384263 -0.003051721220934304 0.9999953382626283 0.00010222818208790486 0.12755795463825378 -0.0008054939250296603 -0.0001046867792904733 0.999999670110053 0.40185924549885843
0.9999937724132344 0.0028110383276381966 0.002133822454830385 37.87605472386568 -0.0028149704806303233 0.9999943414484483 0.00184201310451558 0.13713918754442617 -0.002128632411049217 -0.001848008280440402 0.9999960268868342 0.41536282536675856
0.9999933855096037 0.0024268450901898386 0.00270912531076326 39.26158846852925 -0.002437140642260258 0.9999897967651786 0.0038035129849619802 0.13230536597758133 -0.002699867132108525 -0.003810090346061706 0.9999890969050732 0.4304302271465584
0.999992181198201 0.0028208968848593315 0.002771296308454592 40.673206680648605 -0.0028388327269243878 0.9999749131939064 0.006489530922015813 0.14795631147323673 -0.0027529204879193614 -0.006497347428316211 0.9999751026426522 0.44636890797041184
0.9999905493619724 0.0028565500442135545 0.003277393565855876 42.09851319892164 -0.0028878340413653605 0.9999499340576373 0.009580698965968675 0.15536169857652607 -0.003249861734003673 -0.009590072990957125 0.9999487331352233 0.4788907351587549
0.9999919405507859 0.0025235603298165723 0.003122575337000052 43.48610658204381 -0.0025546926462831033 0.9999466694973737 0.010006583162764284 0.15489211140741793 -0.003097156592181278 -0.010014479735466377 0.999945057398991 0.4745933361924643
0.9999933634897469 0.0020219207309221717 0.0030306456442113524 44.904596505079276 -0.0020475242566813053 0.9999620407018778 0.008469049518949721 0.15623234966731503 -0.0030134068562362704 -0.008475198634485684 0.9999595443752837 0.4826471507789667
0.9999948094084039 0.0011413536817901076 0.003013049621710823 46.30556324467261 -0.0011653034054679566 0.9999676483628126 0.007958912973489466 0.1508235267271886 -0.0030038682099972945 -0.007962382779007697 0.999963787962473 0.5096388458197864
0.9999936140796992 0.0004703622336957747 0.0035426768397246616 47.73881014911086 -0.0004980362340149085 0.9999693401144263 0.007814780293042887 0.16757103904809958 -0.0035388924441436534 -0.007816494769910356 0.9999631886473525 0.5212310924842138
0.9999889941637499 -0.0006028982487687876 0.004652748120575053 49.1378129567413 0.0005653432807694067 0.999967287977298 0.008068665459825838 0.17598552877075263 -0.004657460504048537 -0.008065946257527951 0.9999566233455449 0.53524091866268
0.9999880980280864 -0.0014531864417514806 0.004657472633909447 50.56254759123615 0.001412953898097081 0.9999617629586823 0.00862995839188779 0.1865170508522248 -0.004669835484463879 -0.008623274884252033 0.9999519147273127 0.5501047458503066
0.9999850087412795 -0.0027088948479228095 0.004758590275081354 52.00918518061307 0.0026657219954632563 0.9999554435942031 0.009055647550749106 0.19143910248165952 -0.004782909046396865 -0.009042826716430108 0.9999476741640186 0.5609991363925187
0.9999733787352193 -0.003775362317264369 0.00624407401006245 53.416218060168106 0.0037160375387162376 0.9999481073979379 0.009485440226616201 0.19849429049799677 -0.006279560962408831 -0.009461984498784451 0.9999355169026972 0.5813376467257176
0.9999631579529141 -0.004647637577518469 0.007216799968376362 54.87811003966455 0.0045931694057995825 0.9999609815883632 0.007545733605600033 0.20425538741507898 -0.007251588215359827 -0.0075123076205047155 0.9999454883655258 0.5822371524562338
0.9999559379454644 -0.005417300213595835 0.007666487200923899 56.28026889484242 0.005371846311487773 0.9999679463470884 0.005937132775353276 0.21676893432249453 -0.007698404692656179 -0.005895687982092793 0.9999529866090734 0.5942246805025561
0.9999588091830307 -0.005432303135017585 0.0072711773396358205 57.69859459107831 0.005409347629131208 0.9999803352989998 0.00317300701659875 0.23588033521615087 -0.007288271090071218 -0.003133543991944336 0.9999685305081197 0.5945404207647939
0.9999580895243895 -0.005594963939776849 0.007246762949455746 59.15495397913963 0.005579988901338263 0.9999822580540262 0.0020850182329385613 0.24266654405729104 -0.007258299979606082 -0.0020444939920041703 0.9999715681586765 0.610324816059429
0.9999510809583984 -0.005387842365188943 0.008294989136735353 60.564582956148044 0.005368398779308717 0.9999827945688955 0.002364500101147648 0.246468820440533 -0.008307585971688706 -0.0023198536225128037 0.9999628004553435 0.644228201487556
0.99994619909446 -0.004617510587709562 0.009288568916403863 62.006814213555074 0.004607631224719785 0.9999887964923713 0.0010847231147924007 0.26152371170445254 -0.009293473572318437 -0.0010418664555343808 0.9999562719755546 0.6476650319736338
0.9999527215837967 -0.004118050350982613 0.008808873847705376 63.400427060415296 0.004134906559685408 0.9999896534464917 -0.001896192951175362 0.27384629761436047 -0.008800974088172644 0.001932527172432133 0.9999594032728665 0.6513288521214303
0.9999587838474022 -0.0038200362318149407 0.008236378428162343 64.81057394513603 0.003843635914253767 0.999988547994101 -0.002851375739562176 0.2826080362271855 -0.008225391746472353 0.00288291585675445 0.9999620151419651 0.6574386402348618
0.9999603900331027 -0.0030274993036754974 0.00836974389162499 66.30695668446931 0.003049663598763831 0.9999918737766388 -0.002636651782354813 0.28243272243895823 -0.008361693415781536 0.0026620722479422593 0.9999614969860425 0.6724712259414342
0.9999640064116323 -0.0024892066373035904 0.008111086950202686 67.63282756589449 0.002496659816301075 0.9999964702963878 -0.0009088919227079528 0.30185632977765126 -0.008108795900663183 0.0009291098332813112 0.9999666915372527 0.6859732540390653
0.9999534987870953 -0.0017327717769789136 0.009486715206836907 69.10429853450526 0.001718931825281093 0.9999974468287843 0.001466836491470073 0.31241663810229675 -0.00948923267850257 -0.0014504612651076764 0.9999539242511585 0.6891404303044427
0.999939775684007 -0.001041464774813452 0.0109252165260186 70.4701516678693 0.0009786677438893537 0.9999829801034843 0.005751670435749792 0.335399443421779 -0.010931020742119086 -0.005740631888322961 0.9999237760604845 0.7044315339741941
0.999928803232918 -0.00040980346479592726 0.011925624776276485 71.9537299899511 0.00029624769456386034 0.9999546188782126 0.00952220675223077 0.3513472468815397 -0.011928985811365688 -0.00951799586304832 0.9998835467454513 0.7164109917541639
0.9999400623239574 -0.00016593081172588565 0.010947338787405007 73.30095721928035 2.3148324754251353e-05 0.999914955702075 0.013041504034139754 0.3639347578276136 -0.010948571766014195 -0.0130404689441424 0.9998550269644102 0.7156983084618378
0.9999402893207042 0.0007939006400635373 0.010898968529184937 74.69260258987494 -0.000990154951556557 0.9998372603749182 0.018013116308672573 0.37829427349758715 -0.010882894210565727 -0.01802283240091758 0.9997783454975658 0.7356717619795801
0.9999394590098293 0.001630372076138907 0.010882104668834009 76.15016343055737 -0.0018506972024926057 0.9997928845128549 0.020267288850012673 0.3831986778604247 -0.010846807594624258 -0.020286201328945454 0.9997353733867012 0.7433869052789358
0.9999336617551793 0.0018569718048487803 0.011367662230853691 77.53023709139005 -0.0020710232412267486 0.9998202320114521 0.018847135678944305 0.3893474755990308 -0.011330620089521997 -0.01886942808572198 0.9997577515238903 0.7343468529373018
0.9999301407321799 0.0018958423865451522 0.011667023483667964 78.91193236268779 -0.002103936990823223 0.9998384662557362 0.01784978555936806 0.39301058681908846 -0.011631298485626043 -0.017873085268698224 0.9997726070054711 0.7445136571799701
0.9999425233288641 0.001725043248489411 0.010581789286068769 80.31005414990847 -0.0019009031216178037 0.999859878021711 0.01663162318390917 0.39885755652822785 -0.010551616275535344 -0.016650782209859164 0.999805688544416 0.7495391689850799
0.9999411791699476 0.0015445821288155232 0.01073557014145427 81.65395862974536 -0.0017219174410196567 0.9998619054501572 0.016528914964613863 0.39838952469324773 -0.010708557351065224 -0.016546428485581636 0.9998057523858475 0.7602872379693479
0.9999396502841859 0.0009707459374510897 0.0109431915758162 83.10798580631754 -0.0011342304758891536 0.9998877024808113 0.01494309033875411 0.406622567156483 -0.010927456738310918 -0.014954600628887565 0.9998284605917471 0.7580294286116287
0.999944035260094 0.0008225522241950454 0.01054749996910647 84.440028164978 -0.0009951972299992596 0.9998654492210591 0.016373546849813122 0.4174644670212663 -0.010532612697390474 -0.016383127351275006 0.9998103106129476 0.7751663835854895
0.9999385668334373 8.484396269714891e-05 0.011084013740228627 85.86043648785159 -0.000267548251383443 0.9998641079763362 0.016483142862291456 0.41597495239623333 -0.011081109016013009 -0.01648509575912503 0.9998027058579046 0.7721249190981319
0.9999285944821705 -0.0011307588196525077 0.011896525602165028 87.20414100164827 0.0009490535539479982 0.999882981037263 0.015268383325946802 0.42729652717871175 -0.011912398342186537 -0.015256002639226624 0.9998126570259095 0.7902956628366767
0.9999123775808737 -0.002210248154100464 0.013051895021857144 88.56998280088713 0.002038292068837151 0.9999111490285602 0.013173435915759547 0.4258394663652727 -0.01307985191072129 -0.013145678053330057 0.9998280395260536 0.787606529777161
0.9999002939622884 -0.003387390993938533 0.013708673035107893 89.96790074874168 0.0032274232145659775 0.9999266429018945 0.011674440215327164 0.4269764502304998 -0.013747213300279833 -0.011629032513556391 0.9998378767226591 0.8004933720708268
0.9998935671304381 -0.004221829623836577 0.013965334431917631 91.34183310761038 0.00408141118699289 0.9999409864826402 0.010068050200862771 0.4403583317475623 -0.014007015881003974 -0.010009980357208475 0.9998517909167126 0.8096339177349007
0.9998995888416008 -0.004825117305443557 0.013324056341309697 92.69046078673594 0.0047398710390010364 0.9999681445839934 0.006422105556538958 0.45499179955010516 -0.013354619310610289 -0.006358306396706472 0.9998906070580093 0.7934147900398538
0.9999031169290028 -0.004818215130483244 0.01305915612209845 94.0927487254973 0.004770626190969957 0.9999818756302574 0.003672810468630456 0.4625876051654793 -0.013076615824095719 -0.003610154283245016 0.9999079802185 0.7904020463523072
0.9999039610787682 -0.004964291227475623 0.012939259314113079 95.45782715048225 0.0048711098433785105 0.999962049263012 0.007223041091620077 0.4821063686563784 -0.012974625539212857 -0.007159318845134623 0.9998901955943917 0.8154171378171519
0.9999119305387405 -0.004909405838619206 0.012330000024364086 96.78203514503626 0.004821084848562547 0.9999625827510138 0.007182634530926299 0.4880431948512301 -0.012364801137585972 -0.007122557983872498 0.9998981852471752 0.8188410249110136
0.9999176539370521 -0.004939418626911217 0.01184430194860561 98.09979439010843 0.004839871423337591 0.9999528500035192 0.008418634951414315 0.5074343185426545 -0.011885326652102596 -0.008360616811440232 0.9998944139742482 0.8281092940525268
0.9999176077129589 -0.00443393095148733 0.012046495005218028 99.47234467258814 0.004321520070291045 0.9999470292202657 0.009341478354478861 0.5246685612028228 -0.012087276362993109 -0.00928864951877118 0.9998838026192053 0.8251449878129327
0.9998959929656077 -0.0045410422124331044 0.013688761337187 100.78714754874903 0.0044290610401670795 0.9999565726964855 0.008199764594229577 0.534448019908167 -0.013725402348348082 -0.008138283401504735 0.999872682731983 0.8195130273608857
0.9998724914469915 -0.0042662411871819475 0.015388308344931318 102.18140759437905 0.004103869071921203 0.9999357374066163 0.010567843475707174 0.5431845946307123 -0.015432404421425037 -0.010503344382591215 0.9998257451428996 0.837500583158663
0.9998897689138564 -0.0040941499486354185 0.014271929007428085 103.47746152137587 0.003962634421042934 0.9999495407959128 0.009231109927208552 0.5604885106994224 -0.014309002405483912 -0.009173537934795448 0.9998555388914534 0.8385267479782845
0.9999207726347364 -0.004047792340132411 0.011919053264531914 104.82660725767009 0.003932279978896773 0.9999452323404269 0.009698942922668196 0.5767301499574676 -0.011957659792750049 -0.009651305446455068 0.9998819263670385 0.8424007585450539
0.9999360471662564 -0.004155033087424139 0.010518425621956684 106.17857881159767 0.004052506493944632 0.999944256259192 0.009749952070014145 0.5867611482039309 -0.010558350659016816 -0.00970670254481135 0.9998971452889881 0.8373442533139728
0.9999191927553741 -0.003963886405502656 0.01207872360828279 107.51212510565104 0.0038799933140611304 0.9999682441282429 0.0069610622006775705 0.5969887027462296 -0.012105932897710019 -0.0069136343295789346 0.9999028193024726 0.8533239884660795
0.9999039939488281 -0.0032734461319410286 0.013464302269447597 108.87770128534801 0.0032044250691001205 0.9999816321564986 0.005144609761843131 0.6013034500633455 -0.013480895562175908 -0.005100970500444916 0.9998961173815984 0.837285524301557
0.999886866792233 -0.002310242695936234 0.014863256544150527 110.2161880333248 0.0022691581895448896 0.9999935600253879 0.0027804368113536013 0.6124721436558139 -0.01486958430899067 -0.0027463951713076738 0.9998856698523292 0.852000825957478
0.9999036307765926 -0.001635093716477459 0.013786066455882753 111.50226644989021 0.0015947404869285171 0.9999944136750313 0.002937587702478245 0.6212987177955042 -0.013790792673629414 -0.0029153194110999826 0.9999006525401232 0.859317113270991
0.999927743185006 -0.0010208450760683374 0.01197774120071684 112.8465497987931 0.0009878392008586443 0.9999956999822575 0.0027611937107268995 0.6313320953017146 -0.011980508447220829 -0.002749162113367973 0.9999244519087531 0.8601437503407534
0.9999525092584678 8.211674783613529e-05 0.009745382728946131 114.1745386761427 -0.0001497397829531918 0.9999759174187497 0.0069384551974688005 0.6340451225779054 -0.009744578271598924 -0.0069395849565810136 0.9999284401170612 0.8760137039877923
0.9999534115547456 0.0016147364093492813 0.00951668778273068 115.47604839613274 -0.0017095987773541735 0.9999488537109956 0.009968311496259354 0.6439460192789631 -0.009500104843954235 -0.009984116805922748 0.9999050281999584 0.8605340794977113
0.9999253452168425 0.0030272173219237425 0.011838071982549459 116.8482629476872 -0.00314532594284069 0.9999453399819246 0.009971157061577439 0.6581123613995349 -0.011807240053944484 -0.010007647261929107 0.9998802108645761 0.8615417524410351
0.9998972025677102 0.0038248152110865632 0.013818649929299825 118.15345332227349 -0.003964724406481423 0.9999410175611326 0.010111496387157137 0.6651055806390739 -0.013779160266436694 -0.010165244089931249 0.9998533905303038 0.8655485911523726
0.9998731502356175 0.004747596108893713 0.015203413073680427 119.4896498708126 -0.004892006406159968 0.9999431401229847 0.009475483856091265 0.6623353428047797 -0.015157562839197782 -0.009548657087348651 0.9998395228418429 0.871988644457894
0.9998775969698892 0.005700762408927991 0.014570256884380876 120.83445389680345 -0.005853629724061586 0.9999280469897623 0.010470714507287624 0.6624861109518332 -0.014509517454880346 -0.010554721748890133 0.9998390229192048 0.8747294588298297
0.9998720790205387 0.007306766707621681 0.014228027109408048 122.1407799581422 -0.007483514327459502 0.9998949996564293 0.01240913677014195 0.651610241553638 -0.014135862494250829 -0.01251402502593678 0.9998217724020586 0.8740413458771231
0.9998691131086154 0.00821810638276953 0.013936261294636468 123.52753332127612 -0.008412665493484616 0.9998671644558991 0.01395996068099662 0.658353336934099 -0.013819685621808952 -0.014075374609640806 0.9998054311309339 0.8679924511238298
0.9998690508149671 0.009415101185461404 0.013161956239256263 124.82835804520455 -0.009608324519821026 0.999845855009374 0.014695112129405375 0.6580311108608193 -0.013021571422005088 -0.01481965216331052 0.9998053893570789 0.8792154799057893
0.9998641276413226 0.010498325282321233 0.012708714424498474 126.14037104025428 -0.010688380991996305 0.9998306591692101 0.014980370390372632 0.6503272512200817 -0.012549293519031774 -0.01511417055380135 0.9998070199196663 0.8679422456055375
0.9998616904616565 0.011242908637494359 0.012255486629568282 127.47008239911392 -0.011435793280380357 0.9998100282648493 0.015783852922828984 0.6486427981328016 -0.012075702017149133 -0.015921821077064156 0.9998003165804574 0.8838349763488645
0.9998301255410885 0.012539515388488473 0.013508538570589887 128.86025273058922 -0.012734124211300423 0.9998149648124199 0.014417982442449481 0.635231414119312 -0.013325244502913492 -0.01458755260355451 0.9998048015327673 0.8727050288284802
0.999805619240903 0.013321326175126654 0.014534992371864059 130.23340060799939 -0.013524004686803068 0.9998114247841714 0.013936146105591865 0.6257154706841384 -0.014346603484643658 -0.01413000849189271 0.999797238358095 0.8784100176476012
0.9997974331018236 0.013671583654131582 0.01477093644264355 131.54402495473087 -0.013864803926444546 0.999818600104001 0.013058870477831391 0.6086312871836705 -0.01458972155614291 -0.013261021320532236 0.9998056237781674 0.870135969215336
0.9997859266412099 0.013642772308298964 0.015555566653806897 132.85628451555502 -0.013796086957285734 0.9998568861257299 0.009791590862890014 0.5938308613283022 -0.015419755991718175 -0.010004100694371871 0.9998310602769113 0.8756381302708972
0.9997749125529906 0.013409577289648473 0.01644102997299674 134.17067183256515 -0.013548067104435233 0.9998734292949085 0.00834117903976104 0.5847086319931258 -0.016327097335220156 -0.008562045722406122 0.9998300441903383 0.8637350632386501
0.9997825211498929 0.01296686655155824 0.01633311896111876 135.4984005857038 -0.013090175550476478 0.9998864505229252 0.007465478197906515 0.5606310506198274 -0.016234460484465908 -0.007677658008780395 0.9998387349269274 0.8769817831604032
0.9998070582026225 0.01161798838195248 0.015838835631904573 136.83889251063115 -0.011718265696593148 0.9999117868377435 0.006253062610849546 0.5629760422770671 -0.01576479042936255 -0.0064374598179696195 0.9998550047350917 0.8741721251211961
0.9997904372897829 0.010764683547661311 0.017412727874267904 138.18595430790225 -0.010804289316161782 0.9999392511383738 0.0021820552698604717 0.5398889963387948 -0.017388180936408183 -0.0023697301421814615 0.9998460059142987 0.8540461524915182
0.9997951024751158 0.009791266031547242 0.017716776689678228 139.5442938178954 -0.00984997323719168 0.999946272972924 0.003229426386374209 0.5246447270366869 -0.017684204647059037 -0.003403274461143477 0.9998378301649438 0.8671184082201153
0.9998072585480094 0.008462687349435493 0.017715210344202276 140.89067769666923 -0.008507653056609514 0.999960772442095 0.0024644302540375025 0.5202155789457172 -0.01769365971702829 -0.002614670119605343 0.9998400361587766 0.8634370975977618
0.9998220190721445 0.007519088648162771 0.017302990620158793 142.16150445146602 -0.007514554408917936 0.9999717118542544 -0.00032705245351105313 0.5087866532922318 -0.017304960287028843 0.00019696997995973986 0.9998502385619016 0.8508111400736497
0.9998355103197063 0.006117153708088527 0.017074329686522866 143.5686818283902 -0.006102688514767383 0.9999809741666584 -0.0008991649416852503 0.5197519594028003 -0.017079505163329047 0.0007948177226561664 0.9998538186995954 0.8310579262849981
0.9998748395238243 0.005404640332613507 0.014869268646503595 144.90488160235367 -0.005393870569319883 0.9999851608886523 -0.0007643054216720001 0.49841918225102855 -0.014873178795678893 0.0006840068503017932 0.9998891542001745 0.8436381563407328
0.9998940719354037 0.00436818343995194 0.013883943311344465 146.2154107715569 -0.004314467215290086 0.9999831010064462 -0.003896546442661937 0.5133977001850062 -0.013900729516319784 0.0038362318708029144 0.9998960211161696 0.8545913561775511
0.9998499275798182 0.0031910034504893307 0.017027619199739795 147.4980922264394 -0.002950862353595742 0.9998961008152137 -0.01410957071997076 0.5053621803564273 -0.017070873732838443 0.014057207102077212 0.9997554601993863 0.8419734211193772
0.999824760648936 0.002053364240646947 0.018607302023476217 148.89069593091122 -0.0016328335284410734 0.9997435391253888 -0.022587382134953003 0.48451360616633316 -0.018648910101290866 0.02255304131014768 0.9995716975183404 0.831392438783217
0.9998765377239975 0.0011710201845941209 0.01566965286145585 150.24656088738067 -0.0007872077241342703 0.9997000641510364 -0.024477786673080325 0.4584622388030085 -0.01569361695309025 0.02446242931805912 0.9995775607419309 0.8424868112229239
0.9999205290447256 0.0015310536623248893 0.012513651329609611 151.6153290732777 -0.001239043107232287 0.9997275197677902 -0.023309890414185266 0.46180628066253837 -0.012545930300076554 0.02329253300150045 0.9996499675082672 0.8410209317757339
0.999942881989318 0.0023057241089372432 0.010436301798543646 152.92443492097593 -0.0020903462515891582 0.999785582532518 -0.020601442004433486 0.47923537434374736 -0.01048156531465062 0.020578449806703977 0.9997332965306835 0.8366541562021936
0.9999408596031744 0.0029368738900604685 0.010471488328721915 154.3011131149646 -0.0027300031993002984 0.9998019039528597 -0.019715474500207875 0.4905249934032577 -0.010527315830566134 0.019685721322583484 0.9997507929466288 0.8439777555021813
0.999903574152155 0.003494068931824063 0.013440010418356725 155.6156822574206 -0.0031488727085924478 0.9996667897639278 -0.02562018820672706 0.4874640645868538 -0.013525050772953021 0.02557539687634772 0.9995813984244637 0.8274464971295921
0.9998530704618903 0.004008223426554243 0.016666482319098827 156.97470350447736 -0.0035061231936944545 0.9995423320254786 -0.030047189373024898 0.4817875129840565 -0.016779290452240518 0.029984339813152537 0.9994095230574345 0.8351716081362359
0.999823954580387 0.0043509247785268644 0.018251830067365832 158.28699608883414 -0.003724137424799291 0.9994068515714536 -0.034235593064465476 0.45512413824275 -0.018389960513215026 0.034161593721693785 0.9992471140147047 0.8263627930292365
0.9998257097265931 0.004216130053225849 0.01818720476292937 159.64124014359507 -0.003561097532409646 0.9993490659009199 -0.035899346335604355 0.4513600366741026 -0.018326722404158932 0.03582832301871369 0.9991899031293239 0.838907559995098
0.9998003814618411 0.005211721017815628 0.019288213830971707 160.9888360701683 -0.004543302558409069 0.9993930834136887 -0.0345372730067449 0.4521375775690276 -0.019456506125704664 0.034442746535549906 0.9992172644527656 0.8154580294667042
0.999800440490931 0.0066018356610596015 0.018854573982053344 162.36836408122224 -0.006014869665889048 0.9995006643184494 -0.031020047870378726 0.4497603816029957 -0.019049948478742116 0.030900449719746505 0.9993409136376208 0.8089507506643374
0.9998389771522695 0.0072518843127875356 0.016414321217073244 163.70300082207535 -0.006796267052974764 0.9995947026991329 -0.027644910742785783 0.4588960812545945 -0.016608146231532422 0.02752890317004819 0.9994830308559551 0.8029473579270675
0.9998446558166342 0.007926975211621145 0.015742531528014705 165.0486210138607 -0.007573466723156373 0.9997206331015985 -0.02238969300219046 0.46032370085197466 -0.01591561612723291 0.022266989354949564 0.9996253669992359 0.8098670077293254
0.9998198289409168 0.008071957046567577 0.01718002229318502 166.41460674501528 -0.007731281096110567 0.9997739758858902 -0.01980465687489553 0.45940085525866325 -0.01733600153348198 0.01966826506730554 0.9996562521187338 0.8111583294146716
0.9998162847937344 0.00791585080367805 0.017456688325906102 167.7461952460566 -0.007547634884830887 0.9997497431750374 -0.02105906524734602 0.45548719859656617 -0.017619020089074212 0.02092343966704812 0.9996258198964251 0.7948819720007989
0.9998559445249423 0.007432536441360949 0.015259344683944027 169.09805493428243 -0.007145364714077325 0.9997979487050741 -0.018788441346441215 0.4482151347104296 -0.015395907288574715 0.018676701185532864 0.9997070305202359 0.7966842078202078
0.9998981111893466 0.0067434282028906965 0.012581471140117007 170.53062333353466 -0.0065853091794385145 0.9998993471417598 -0.012566992022510961 0.45655475006455515 -0.01266494938751599 0.012482858709250443 0.9998418761461517 0.79902794283614
0.99991636758573 0.00640882089601953 0.011233202966292157 171.88811817514664 -0.006310011841078392 0.9999412852652134 -0.008809640896121018 0.4559869150446957 -0.011289002822420676 0.008738022480853484 0.9998980974971396 0.7938888445525554
0.9999045481835465 0.006703120072695761 0.012081502520334795 173.2267310014181 -0.0066435431846502465 0.9999656071778822 -0.004964654602598246 0.4597077082478459 -0.012114365679288376 0.004883916733569058 0.9999146911119609 0.7887966099015968
0.9998645643895978 0.00741847166035189 0.014690784738204083 174.6275709876714 -0.007403433598881881 0.9999720134111165 -0.0010777594651474609 0.4633438142839045 -0.014698368921300112 0.0009688512488116708 0.9998915037534377 0.804290073122379
0.9998382271094742 0.007367128992229668 0.016408687363562543 176.05326599330772 -0.007360811045631522 0.9999728096706197 -0.0004453989189869517 0.4648909328304498 -0.016411522517237605 0.00032454561832636464 0.9998652692232128 0.7967768481708091
0.9998121982225231 0.006603422827056414 0.01821985434665269 177.36018735000792 -0.00653437800476262 0.999971252865207 -0.003846472056159212 0.4627956395593914 -0.018244730459423156 0.003726694266377304 0.9998266057473705 0.7790230914276354
0.9998236910568091 0.0051596587297675555 0.01805449316183014 178.83175695500938 -0.005042714295131864 0.9999660503027412 -0.006516845438829134 0.4532767289581308 -0.018087504915712132 0.006424652809938354 0.9998157660300201 0.766390018005081
0.9998889974450516 0.002991731431504622 0.014595969696171305 180.19523721817473 -0.0028264992188732742 0.9999318421848745 -0.011327925093716829 0.452239712470687 -0.01462886497632378 0.011285412168144235 0.9998293033221719 0.7455664817107032
0.9999447375449076 0.0012237608110395877 0.010441468561614401 181.44355877960666 -0.0011833488739864118 0.9999917895493553 -0.0038756314737384483 0.45980187505236475 -0.010446125678367712 0.003863061396763025 0.9999379756839704 0.788347546201578
0.999954375540654 0.0009149233930373669 0.009508404297542251 182.8498667025144 -0.0009010499449413126 0.999998523497812 -0.0014632536323513992 0.48285179705531245 -0.009509729023340689 0.001454619325026757 0.9999537234975036 0.7644870952555235
0.999941799898952 0.0005623831284052561 0.010774067943964748 184.2962242060021 -0.0005703766627223882 0.9999995643742816 0.000738865149884241 0.49868006262592335 -0.010773647725209197 -0.0007449674247756797 0.999941685068799 0.7516366736955064
0.9999063454218013 0.0006066733731839806 0.013672319943435427 185.73715429974627 -0.0006796992533187429 0.9999855263999333 0.005337134022430587 0.49941302795835296 -0.013668884158644059 -0.005345927241051615 0.9998922855326923 0.7636428601399707
0.9998608736259825 0.0008665907431144325 0.016657803347710293 187.06844945693769 -0.0009568172579323052 0.9999849120630326 0.005409264924542013 0.5113039778958309 -0.016652864396912707 -0.005424450826849294 0.9998466169571237 0.7678459859777506
0.999844439835032 0.0011622541675863256 0.01759958227404629 188.4816062261637 -0.0012525743189424742 0.9999860990388065 0.005121795263940416 0.5155190786370313 -0.01759338479504504 -0.00514304330140481 0.9998319968459968 0.7646839807870733
0.9998284339829973 0.0010533257895543613 0.018493055558463974 189.9665892527205 -0.0010961043726951654 0.9999967468137838 0.0023032405547933686 0.5103911730427949 -0.018490569334434628 -0.0023231157160473106 0.9998263359099211 0.749050754427794
0.9998265023681775 0.0012304883428503968 0.01858631379953872 191.27674865776856 -0.0012616234856124317 0.9999978204806256 0.0016635324401431527 0.5096625316565949 -0.01858422633303214 -0.0016866927512047885 0.9998258756399365 0.7594060665519642
0.9998263647865538 0.001590487931026069 0.01856638429652548 192.76020620698944 -0.0015701598305366067 0.9999981518982628 -0.001109413433132932 0.5192790227876469 -0.018568114492634322 0.00108006860907396 0.9998270143259724 0.7384298405963609
0.9998003832802571 0.0020710999572494484 0.01987219508806091 194.13798653281026 -0.001951225092350539 0.9999797962038417 -0.006049785513739941 0.5081596729152535 -0.01988432330480101 0.006009802749704631 0.9997842246993197 0.7192527930045369
0.9997605450560416 0.0023902053287568727 0.021751769301208874 195.62264239977523 -0.0021370681357577217 0.9999298136251955 -0.011653358454325037 0.5067680257448172 -0.02177809654285148 0.01160408298695946 0.9996954835193576 0.7021182453854034
0.9997485335721064 0.0027784105258600563 0.022251967449479947 196.9856903476509 -0.002470838751291615 0.9999012000403514 -0.01383781462984678 0.5011677807640182 -0.022288216085816312 0.013779353860565304 0.9996566234617251 0.7110183657934931
0.9998296581321698 0.0028579327011993396 0.018234224414103103 198.39554430018947 -0.0025989961975896054 0.9998956763583449 -0.014208505151945841 0.5103901869032098 -0.018272929104918373 0.014158694168720933 0.999732780017422 0.6914386420801364
0.9999085736288352 0.003250220165732501 0.013125564842034197 199.86336299254359 -0.0031965916567931714 0.9999864664442456 -0.004104720469342405 0.5181961155373035 -0.01313872845171475 0.004062388118580503 0.9999054309370693 0.7036599744955768
0.9999118025076175 0.004445373487422367 0.012515025390502074 201.27277408460307 -0.004533597412658723 0.9999650127603064 0.007029918191583464 0.5326378313909624 -0.012483336912361349 -0.0070860362571570495 0.9998969718874514 0.6986107741329851
0.9998347710225286 0.005628811927191976 0.0172843030121587 202.71575585096141 -0.005879512450809928 0.9998777553054056 0.01448812543997215 0.5530923788472603 -0.017200639164536527 -0.014587354856583783 0.9997456411961092 0.7072308712816374
0.9997989786117669 0.0065043255288376196 0.018965656231266996 204.15510168329195 -0.00676924721337073 0.9998799486514658 0.01393791867197465 0.5490963954575473 -0.018872722618423605 -0.014063500067807379 0.9997229807835822 0.6697174875040643
0.9997860180937728 0.005919688523236304 0.019821082512978445 205.58649970635454 -0.006184211494517304 0.9998922813450369 0.013310944174197217 0.5446515542964611 -0.0197401507691688 -0.013430673639299675 0.9997149310944621 0.6692693536516715
0.9997949097473263 0.004679813475431984 0.019703750637142994 207.0340004352782 -0.004864020259845659 0.9999448190127292 0.009311296177872939 0.5334867707351483 -0.01965908823540295 -0.009405225964081112 0.999762502784695 0.6565669850056571
0.9997991891484346 0.003444675956565233 0.01974121540551894 208.47067883974984 -0.0035761381893345133 0.9999716410251613 0.0066278489041949155 0.5312118786893154 -0.01971782477312394 -0.0066971152745279715 0.9997831545056238 0.6535861846516083
0.9998187949633175 0.003051638949481578 0.01879001697236264 209.9646776333327 -0.003208631704017054 0.9999601517349846 0.008330643716696801 0.5375762802203331 -0.018763846105946558 -0.00838942440627307 0.9997887455044909 0.6482754068327257
0.9998160715557426 0.0027573367099401813 0.018979466618173495 211.43454092509856 -0.002927711976947452 0.9999556181836238 0.008954896179586171 0.5430132355622401 -0.018953932611001447 -0.009008815531197473 0.9997797705901548 0.6336841326540502
0.9997973702474563 0.002769865275838381 0.019938562952843266 212.85031570454666 -0.0029657904782862746 0.9999475454592294 0.009803592040736714 0.5409478048860151 -0.019910362455507827 -0.009860739141463714 0.9997531411755975 0.6135816100963754
0.999797183281939 0.0024847722036968915 0.019985449922300794 214.2915129864271 -0.0026565743075416945 0.9999597102519983 0.008574408766108104 0.5510133242608711 -0.01996333926099456 -0.008625762565451093 0.999763502687368 0.609843680306664
0.9998101236124437 0.002185288444349649 0.019363399404158148 215.78929187992122 -0.0023426755987470634 0.9999643763647293 0.008109122797017353 0.5473264351180819 -0.019344988837138036 -0.00815294522936732 0.9997796261631751 0.5976783871421648
0.9998220848585686 0.0018271911939160617 0.018773918115462418 217.2219567122532 -0.0019779587404084053 0.9999659210319375 0.008015263811644337 0.555972767782566 -0.018758632900253005 -0.008050971810277868 0.9997916260624629 0.5837375373786843
0.9998154817201818 0.0012170641808492836 0.01917084420208324 218.68436002378343 -0.0013819039840039812 0.9999621713252119 0.0085875642615623 0.5578030951624209 -0.019159667377589017 -0.008612471964956507 0.999779341891316 0.5850911840642087
0.9998187230038892 0.0010414915590488383 0.019011481431086115 220.178667666958 -0.0012530954466640379 0.9999373656562698 0.011121803639739303 0.562394486587816 -0.018998707394811156 -0.01114361071339979 0.9997574051026551 0.5936299201637536
0.9998229485109849 0.000931037796500945 0.018793743624460513 221.7006287883972 -0.001087320635056293 0.9999649036349344 0.008307179558258554 0.5675538901162581 -0.018785349734222256 -0.008326143585001082 0.999788870696391 0.5652007696111373
0.9998231255543111 0.0005991592092547918 0.018797835382038323 223.1397835492174 -0.0007939931773363826 0.9999460293912951 0.010358951656304401 0.5686629450937031 -0.01879061419013732 -0.010372044775514306 0.9997696402199518 0.5600391076430132
0.9998286294423427 0.00013696809124629923 0.018511968755065836 224.58440224618445 -0.0002664256443564555 0.9999755278961165 0.006990895955399213 0.5779296709757923 -0.018510558198568262 -0.0069946299848646885 0.9998041980240693 0.5205006168061623
