1.0 8.809142651444726e-20 8.673617379884037e-19 -5.551115123125783e-17 -8.809142651444726e-20 1.0 1.7347234759768075e-18 0.0 -8.673617379884037e-19 -1.7347234759768075e-18 1.0 -5.204170427930421e-18
0.9999993011580781 -0.0003480319849955573 0.0011298482609536818 1.3160940844717768 0.0003481171165631284 0.9999999365833229 -7.515200288644408e-05 -0.058402083065748844 -0.0011298220340017183 7.554526988583102e-05 0.9999993588973364 0.018140396604628333
0.9999976844684006 0.0012037922336848642 0.001783799903291163 2.5652097675998258 -0.0012028053760217308 0.9999991230587825 -0.0005542029350592417 -0.11574037075546209 -0.001784465484192614 0.0005520560876714074 0.9999982554569841 0.031373844761168695
0.999908059569469 0.013321790507420913 0.002530277790188537 3.9048444643606643 -0.013353951258412789 0.9998243611141393 0.01314986344001399 0.3679001840087685 -0.0023546536490674907 -0.013182443642188317 0.999910335373034 0.48357582011579575
0.9996596294811031 0.026028375557097642 0.001774500369782223 5.297511407677766 -0.02607380504556881 0.999076861584878 0.034140611244620644 1.2737235676893122 -0.0008842376090993719 -0.03417525876375085 0.999415464065011 0.992624420369904
0.9990016395378043 0.0446178564506871 -0.002229593354156828 6.779436164324025 -0.04440721757904157 0.9972501812609662 0.05933021997142586 3.041720984000608 0.00487064961444391 -0.05917197698840219 0.9982359209683939 1.3775001164164509
0.9979094541043093 0.06412015594478965 -0.008082512657299763 8.71016804446596 -0.06309347397417042 0.9936603249993082 0.09305037379903296 6.12113225836157 0.013997676632578468 -0.09234589392000564 0.9956285958754925 2.051636201217255
0.9952209899944573 0.09675746287195157 -0.013159576476287647 11.136249896485904 -0.09417818582823698 0.9867052879879139 0.13245053405249038 10.824120339555563 0.025800201327788375 -0.13057820658620933 0.9911022558627212 2.4721533093281955
0.9897393892587321 0.14061060666602518 -0.025388947255929054 14.448515935127087 -0.13454092811501614 0.9769455588513815 0.16575920397526128 17.070249067530398 0.04811112149703075 -0.1606425607788128 0.9858393822802595 2.4181778291156037
0.9790381440258252 0.19933889974364405 -0.041812863947127604 18.705244961384093 -0.1863860011787013 0.9596171938820445 0.21070144700633653 24.941428408318608 0.08212533778975113 -0.19849142111170529 0.9766558168761271 2.2961370109489794
0.960717440279608 0.27061011436347576 -0.06158056468387102 23.969977569275557 -0.24391841110582357 0.9291659701411878 0.2777668242522777 34.38205561595368 0.13238507720361953 -0.2518347988975548 0.9586727415536649 2.054914762247598
