1.0 -2.1684043449710093e-19 -2.5135375298442207e-37 0.0 2.1684043449710093e-19 1.0 2.3183291766350204e-18 -8.673617379884035e-19 -2.51353752984422e-37 -2.3183291766350204e-18 1.0 0.0
0.9999996051917989 -0.0005752605321510217 0.000677267721610383 1.3273296131564947 0.0005753941083097035 0.9999998150465057 -0.00019704967556571635 -0.005147294397329037 -0.0006771542414461252 0.00019743929362565135 0.9999997512398984 0.014190926913472833
0.9999991949433092 -0.0005967494779263065 0.0011198226618697432 2.628292109638085 0.0005974884623972986 0.9999996039058764 -0.0006596935863360372 0.0026109771196390695 -0.0011194285465113297 0.0006603621363656997 0.9999991554004325 0.02238872817330788
0.9999988872748349 -0.001117982926636402 0.0009877060635002097 3.952068913162743 0.0011192782555432775 0.999998513100449 -0.0013118738802854152 0.0010290909243763538 -0.0009862379422804482 0.0013129779384500793 0.9999986517109183 0.04942137746404745
0.9999992821443365 -0.0005474306212199864 0.0010658473279201277 5.267740877157508 0.0005495005897131223 0.9999979618565761 -0.0019427639577488751 0.012071868060146682 -0.0010647816270901312 0.0019433482468600017 0.999997544815825 0.054373423007450884
0.9999983632201441 -0.0008533883813952062 0.0015953950304451819 6.57889539099067 0.0008570864237168344 0.9999969445053396 -0.002318702837155967 0.008486189273785059 -0.0015934114016630482 0.002320066433370931 0.9999960391580807 0.0689265343603408
0.9999956889221702 -0.0008023214956472781 0.0028246092281922863 7.9153901253390115 0.0008122104050434906 0.9999935396099433 -0.003501578591841082 0.002792215141505927 -0.0028217815883419817 0.003503857673268565 0.9999898802138316 0.09908516867245958
0.9999942711904 -0.0005073308559135344 0.00334667025319915 9.23343595085714 0.0005186587144694743 0.9999941369909946 -0.003384815618887376 0.025361410797570642 -0.0033449334102362773 0.0033865320076144415 0.9999886713465521 0.11215254406324529
0.9999969994669548 -0.0009537772441952394 0.002256405561022353 10.58157286185156 0.0009608727355575956 0.9999945909224544 -0.003145607957028843 0.027547300602369193 -0.0022533931466611253 0.003147766637112167 0.9999925068641888 0.1222955487220362
0.9999995000358832 -0.0009988329831215408 4.754634961990461e-05 11.885171334355936 0.0009988616313577755 0.9999993172943038 -0.0006063714766556584 0.038191899944012536 -4.6940653328833105e-05 0.000606418665716025 0.9999998150264714 0.12875365720329643
0.9999991926209694 -0.001075515017699576 -0.0006767753365179376 13.239267738431131 0.0010771971481018869 0.9999963195881328 0.002490071583912188 0.041258777840435364 0.0006740947363223131 -0.002490798593943009 0.9999966707537835 0.14877393126986377
0.999999277520153 -0.0008310109913131731 -0.0008685504614643646 14.574601230098366 0.0008365235186841433 0.9999793879528177 0.006365838350976774 0.06024810027557358 0.0008632424772226881 -0.006366560314675036 0.9999793606481011 0.17460694632918736
0.999999852341099 -0.0004611670145686469 0.0002874765466128981 15.923098146709235 0.0004593555708430344 0.9999802395793888 0.006269724332671905 0.08192030150790616 -0.0002903622560080879 -0.006269591352938128 0.9999803037630429 0.18584334382252626
0.9999966606880754 -0.00020037304666982165 0.0025765215583375255 17.26290100179332 0.00018643218175781992 0.9999853493665569 0.0054098332032372 0.07470043344822089 -0.0025775677954255243 -0.005409334791581207 0.9999820474595394 0.21620808442526337
0.999986330393081 -6.343303636338161e-05 0.00522828874772277 18.628669759534894 6.488237111182209e-05 0.9999999595192773 -0.00027704101086181617 0.08595757229925773 -0.005228270962525347 0.0002773764475909068 0.9999862940285975 0.21313512108161325
0.9999953283325554 -0.0005720079947226421 0.0030026854511706995 19.964766951295868 0.0005780307299294007 0.9999978223269266 -0.0020052984515830175 0.07563114869851062 -0.003001531865557334 0.0020070247279586127 0.999993481307854 0.24623673801218107
0.9999996319433014 -0.0003038349391981064 0.0008023699842051643 21.329488985133384 0.0003061704206404734 0.9999957126316057 -0.002912211888039324 0.08503845800719771 -0.0008014817124275188 0.002912456478135804 0.9999954376017561 0.2390989933294583
0.999999972932315 0.000215779486339075 -8.703207756535394e-05 22.678689236927873 -0.00021580743931861481 0.9999999250971177 -0.0003212987833880639 0.089379832896704 8.696274135995963e-05 0.0003213175568610476 0.9999999445962531 0.2905239752984493
0.99999902650102 0.0006779912270395736 0.001219559309119607 24.050930762653895 -0.0006812307592935398 0.9999962358382914 0.0026578626565299667 0.10395282767133757 -0.0012177527109373506 -0.0026586908704175362 0.9999957242114541 0.27618331154765835
0.999981924722037 0.0015789655459279898 0.00580147369340071 25.431939529220703 -0.0015939519066988028 0.9999954027792696 0.0025794839882153785 0.11194101310735922 -0.005797374106401914 -0.0025886846333805493 0.9999798443795452 0.2825620500774281
0.9999763217872152 0.001712048950661134 0.0066651896673991734 26.80391649559802 -0.0017167759002152147 0.9999982788525525 0.0007035427784791873 0.10578727379712008 -0.006663973695949349 -0.0007149687568349297 0.9999775398848998 0.30593777305756686
0.9999813448049302 0.001756286078282498 0.005850256518699953 28.17439714266969 -0.0017335677610800751 0.9999909463942208 -0.003886112763211991 0.10392550260534833 -0.00585702867852839 0.0038758984509254637 0.9999753360089724 0.31399537895773194
0.9999923605064743 0.0013533168643866905 0.0036670781494250538 29.543790603690468 -0.0013389091854034258 0.9999913869234263 -0.003928536770288115 0.11138763304865085 -0.0036723631196637456 0.003923596873639037 0.9999855594640806 0.319813020879872
0.9999952964630333 0.002630993023879478 0.0015763652870926324 30.914013645573174 -0.0026246249248219646 0.9999884420992246 -0.004028276550843941 0.10853005830406229 -0.0015869454351225857 0.004024120236073144 0.9999906439864883 0.3559232761699229
0.9999960362599606 0.0026990801937228563 0.0008015176076593596 32.3107630590737 -0.0026974596770837915 0.9999943296001248 -0.0020160552788315283 0.12096718173339628 -0.000806954557606562 0.0020138852262853646 0.9999976465425493 0.33839209115450875
0.9999941373887355 0.003055062508557605 -0.0015465384661846487 33.68497347627128 -0.003053761737760354 0.9999949821439844 0.0008427491329348614 0.1260385043549414 0.0015491053571574517 -0.0008380214322302923 0.999998448995133 0.3831841753904462
0.9999941028868506 0.0032054069717486608 -0.0012327033983217904 35.08005336328444 -0.00320208848621866 0.9999912695886961 0.0026846556043924855 0.1434758345127759 0.001241298050105171 -0.002680692547315931 0.9999956365237889 0.3980128235098472
0.9999955809190723 0.0028404792180918917 0.0008773939471896509 36.47083354822626 -0.002840136068093428 0.9999958899338767 -0.0003921000746446749 0.12533521020534216 -0.0008785040931559524 0.00038960642372737315 0.9999995382185898 0.39855133980424484
0.9999939669793945 0.002591756651795374 0.0023127477751291015 37.86619554524081 -0.0025986480144004473 0.9999921781683159 0.002981716063684343 0.1453172096958484 -0.002305001802763458 -0.0029877080923435394 0.9999928802581767 0.4258475378684355
0.9999932805220467 0.002461437667099817 0.0027166588608073124 39.26252083164557 -0.0024730554652303747 0.999987776471085 0.004281460624733016 0.13643596151274265 -0.0027060871051972526 -0.004288150303595626 0.9999871443471425 0.433770900136614
0.9999917826013497 0.0028283882155583054 0.0029042985172046537 40.67375493142766 -0.0028477521260608543 0.9999736003256892 0.006684980142631556 0.15183447780510526 -0.0028853141256130377 -0.006693195931761839 0.9999734376925297 0.44666882607436337
0.9999892088184663 0.002969324547932328 0.003572864165730736 42.10042340698328 -0.0030021058921605058 0.9999531267878092 0.009204976235468868 0.15585757943633555 -0.0035453641322114563 -0.00921560301946313 0.999951250338814 0.4658260788227697
0.9999917091713292 0.0023653674948268216 0.0033146078528767686 43.491009361003925 -0.0024020636601886796 0.9999353841793284 0.011111145589514933 0.15838890431278985 -0.0032881117341624234 -0.011119015367981685 0.9999327756496785 0.4877583650903881
0.9999941804423312 0.0017928790811692452 0.002902527531402114 44.90682208858425 -0.0018190011801728593 0.999957643838359 0.009022292610213844 0.1599984941923558 -0.002886228711791786 -0.009027519805466799 0.9999550857763488 0.4956820575058193
0.9999942937181429 0.0011599350135074995 0.003172866514231346 46.30898799944561 -0.0011845076504615713 0.9999692378095351 0.007753733052122728 0.15017901006667386 -0.0031637750834547676 -0.007757447091796487 0.9999649056551132 0.5022479110020454
0.999993132142048 0.0005373578297963604 0.003667003585951222 47.73448045970404 -0.0005698603332624675 0.999960514155047 0.008868223608731884 0.17617984371328055 -0.003662093381823648 -0.008870252382917417 0.9999539527871902 0.5320639570494053
0.9999889096832483 -0.0007330441157753871 0.004652220634542974 49.1362452735516 0.0006933114881330763 0.9999633235300384 0.008536446212579568 0.18118819627929578 -0.004658307599178381 -0.008533126102675878 0.9999527418479472 0.5383832000077307
0.9999884808937483 -0.001322772447162077 0.004613930305778068 50.54908192838228 0.0012792540259133362 0.9999547918412253 0.009422196289036198 0.18619625377807994 -0.004626185140127119 -0.00941618536483707 0.9999449654177095 0.555852059140807
0.9999849883626516 -0.0028140546961128673 0.004701504601170186 51.99084168392425 0.0027657176745632386 0.9999435785665534 0.010256241478230883 0.1928385322773983 -0.004730100960037515 -0.010243084480880755 0.9999363506569933 0.5685370775698874
0.9999730188326451 -0.004009123486669594 0.00615536640623544 53.40688434655482 0.0039433403489614995 0.9999353804471758 0.010662316673882713 0.1982754095459913 -0.0061977151934103705 -0.010637756287419793 0.9999242103617407 0.6062689171509148
0.9999624585692938 -0.004707743014985846 0.0072745176993510305 54.8802031124284 0.004652201793880509 0.9999600449189646 0.007633189643336806 0.20389874388666918 -0.007310162140632341 -0.0075990605581862086 0.9999444063587288 0.5814446333501754
0.9999531678189439 -0.005614603159956781 0.00788279139742335 56.27915403228251 0.005567684951321287 0.9999667309778292 0.005961360733654391 0.21992404194394355 -0.007915999819474398 -0.0059171926510913336 0.9999511606963553 0.5831661944304753
0.9999580010821227 -0.005752278428417475 0.007134939714354749 57.713415789409524 0.00572723046581988 0.9999773825249915 0.003526084181956053 0.24069823148249606 -0.007155061358010722 -0.003485072646132226 0.9999683291812868 0.5994154562299882
0.9999599013517771 -0.0057237657046868085 0.006887248703355758 59.145302070366235 0.005713615567144736 0.9999825633199668 0.0014925324718699 0.24204930952083245 -0.006895671518779427 -0.0014531215319290582 0.9999751687677642 0.6092939316926165
0.9999494958003801 -0.005724213953714418 0.008260703552231831 60.57036824456056 0.005702999584073036 0.9999803852562468 0.002589381878392172 0.265163839728233 -0.008275363696528223 -0.002542140314810365 0.999962527237051 0.6445089230116767
0.9999432290081648 -0.004620697644745026 0.009601453744142277 62.00280551266159 0.004608427537438715 0.999988536555397 0.0012996743544744448 0.26686080998562856 -0.009607349080637827 -0.0012553529668383292 0.9999530603646211 0.6516278198484382
0.9999559145400494 -0.004055480311506519 0.008468887519403714 63.40024818892309 0.00406397886007646 0.9999912553745026 -0.000986534515904058 0.28135898707116286 -0.008464812590848107 0.0010209084039233894 0.9999636516863163 0.6632215482585557
0.9999572881657075 -0.0037660028285107713 0.008440323866998875 64.8483986602332 0.0037844470962637286 0.9999904837230619 -0.0021703510066933504 0.2888972282879439 -0.00843206999850944 0.0022022002661707856 0.9999620245336959 0.6580558213840282
0.9999578116675626 -0.003309934175043666 0.008568501664607793 66.31251242809964 0.00333710412414104 0.999989443570262 -0.0031585572817883034 0.2923217986533397 -0.00855795659513119 0.003187018009766349 0.999958301278169 0.6545192009699834
0.9999656173980742 -0.00235178045683844 0.007951927462650768 67.6008350357904 0.002358130815503797 0.999996908098062 -0.0007893119619452045 0.3069928332214312 -0.007950046587624382 0.0008080365085385493 0.9999680714084103 0.6925285855715011
0.999954069163289 -0.001556160309407482 0.009457162834159951 69.08247407743369 0.001529987354068697 0.9999949816521287 0.002774132162510149 0.31486603845499245 -0.009461432369191324 -0.002759535404757145 0.9999514319515089 0.7079913377032705
0.9999418736743555 -0.0012184054084159264 0.010712831599539483 70.37626309930405 0.001124533098060776 0.9999609607681181 0.008764266370524966 0.33152259876172474 -0.010723091808369202 -0.008751710002216244 0.9999042068488893 0.7500535737397238
0.9999291461238876 -0.000260673538296228 0.011901041183844047 71.68399593580942 0.00013659708293945608 0.9999456457179782 0.010425303395721237 0.32992814415721466 -0.011903111912019159 -0.010422939075056347 0.9998748313003222 0.7274339398994194
0.9999363456113466 0.00010980776972292837 0.011282405225810413 73.12813893879166 -0.0002556659591722296 0.9999164062151301 0.012927305084060519 0.3478299734582131 -0.011280042568315342 -0.012929366731312283 0.9998527852216966 0.7004648656815113
0.9999411640888449 0.0012424588072846216 0.010776115105078768 74.49200036230256 -0.0014472102568059918 0.9998181787134343 0.01901355034241961 0.33264442927935894 -0.010750532224885494 -0.019028026967169515 0.9997611515990299 0.7571485927679421
0.9999415461078538 0.0022753801629297617 0.010570099930886813 76.10910097913248 -0.0024883176583806715 0.9997933474487075 0.020175992479649022 0.3490152693081106 -0.010522007539713066 -0.020201114880669547 0.9997405675048463 0.7605283205520228
0.9999312684944612 0.0028320706005396956 0.01137706742404585 77.49086760451372 -0.0030388067306751807 0.9998298338197678 0.018195303173871035 0.34630272529367906 -0.01132360104875343 -0.018228625292353695 0.9997697201252095 0.7197722961144506
0.9999374358966229 0.0016930584926393287 0.011057026970571949 78.80700650777807 -0.0019027327751221497 0.9998180514767544 0.01898008296116398 0.3791929211171369 -0.011022880770194766 -0.018999934056903808 0.9997587201947076 0.7840076485647604
0.9999429884931397 0.002182389908691099 0.010452604349885463 80.26943042269794 -0.002360041903089699 0.9998524680627054 0.017013885832822272 0.3814936813870667 -0.010413931324166778 -0.017037584429815542 0.9998006154984965 0.753155079716013
0.9999399690843238 0.0020341970050611288 0.010766627614357233 81.64994035221692 -0.0022082641865597834 0.9998666539368087 0.016180170409865215 0.3875715793876078 -0.010732278272761886 -0.016202974657590526 0.9998111230704134 0.7523123248448101
0.9999410384800302 0.0013808426118705542 0.010770925547969889 83.12460830889475 -0.0015573617847679916 0.9998643415130211 0.016397353292655098 0.39060282469811686 -0.010746822216358295 -0.016413160707616472 0.9998075384631965 0.7830046158050586
0.9999392065267858 0.0009198086386286028 0.010988048172922047 84.44477828247729 -0.0011010975911169756 0.9998631917686618 0.016504100408057762 0.40793285503965554 -0.010971364303357524 -0.01651519597984596 0.9998034194115712 0.765373576356307
0.9999339749305983 -1.3193744142962006e-05 0.011491109842766703 85.89321320265138 -0.00021270449048318087 0.9998067583516548 0.01965707788954051 0.4162352982235645 -0.011489148632215644 -0.019658224240272814 0.9997407432346778 0.7877650292176084
0.9999228469803658 -0.0008043345046536644 0.012395690085040517 87.21115727973597 0.0005171841532337716 0.9997318422746104 0.023151156834271838 0.42249763055172745 -0.012410987359247134 -0.02314295979813367 0.9996551259332143 0.826310121867314
0.9999167442215259 -0.0016802482551733985 0.012793802844531164 88.56947907028626 0.0014927958203896179 0.9998916082928379 0.014647294159701651 0.41286407165396927 -0.012817027192854599 -0.01462697615241064 0.9998108698061722 0.8185691780169183
0.9999016110024421 -0.005571196610452693 0.012873619656043563 90.17233902027432 0.0054075285506692645 0.9999045586022324 0.0127134700789625 0.4473418615414361 -0.012943220221200267 -0.012642604747545435 0.9998363053997903 0.8542942935246284
0.9998992028240604 -0.004135269446728307 0.013582479096674153 91.59327435489519 0.00399131404830752 0.9999357606826904 0.010608671928991177 0.4394299746956332 -0.013625476284387933 -0.010553390665190865 0.9998514751409289 0.8042609172297326
0.9999093497821929 -0.0022912427993475276 0.013268098001849504 92.95297940729102 0.002126991384024651 0.999921098543125 0.012380331011821892 0.37765673315624265 -0.013295417473871574 -0.012350987601986817 0.9998353289314451 0.8671642878657987
0.9999254718317897 -0.0027883564937051116 0.011885951793473983 94.2072409515855 0.002682394143151147 0.9999566043005179 0.008921562499828058 0.3866055255703558 -0.011910312491012286 -0.008889014784640782 0.9998895588376373 0.9188645017232738
0.9999063980958831 -0.003526415746391055 0.013219661073605872 95.43728568032073 0.0034337274603292362 0.9999694110652998 0.007027549320066742 0.431046175248359 -0.013244038758837352 -0.006981498814824422 0.9998879207749503 0.796863009538842
0.9999188297314444 -0.0032713557723769763 0.012313901896198519 96.80165316060841 0.0031656527137899604 0.9999580620141152 0.008593768432442287 0.43107146223293125 -0.012341498749922552 -0.008554089336995677 0.9998872511259559 0.8351535142798079
0.9999311921998872 -0.0027988810792088175 0.01139197658075719 98.09757471047244 0.002694165678811047 0.9999540770840489 0.009197020946100575 0.42595582499251816 -0.011417194795885283 -0.009165696247003988 0.9998928130931337 0.8676991728191099
0.999926154851781 -0.002562822939206672 0.011879258474926442 99.39972263138206 0.0024245679248792334 0.9999293346160083 0.011638180474810527 0.44963199006271565 -0.01190824561845625 -0.011608518982578711 0.9998617084243808 0.8548067277023412
0.999918686593686 -0.0016234785500875584 0.012648498652220534 100.65315139470351 0.001495489123472469 0.9999476545886911 0.010121837523767491 0.41754012121036993 -0.01266426914746345 -0.010102098790517624 0.9998687733332746 0.877630958096428
0.9999025373079533 -0.004359263474005564 0.013263208777721549 101.987239191038 0.004266671239052473 0.9999663871184709 0.0070014391213839445 0.5351262220961657 -0.013293284080883528 -0.0069441669908495195 0.999887527246514 0.9254953007836383
0.9999178958193973 -0.004453891678649083 0.01201517661226584 103.44835367274496 0.004396191534797117 0.9999786990254351 0.004824416585201638 0.5549758683467321 -0.012036408106177596 -0.004771199462719088 0.999916176754626 0.9486801225992015
0.9999317120864512 -0.0009425177353346483 0.011648297050513831 104.61197134518132 0.0007965374413968179 0.999921171431289 0.01253062055858775 0.46285153208914476 -0.011659189164040636 -0.012520486563925086 0.999853639651444 0.8659855915871248
0.9999611497657706 0.0024610102003648957 0.008464182648781933 105.75081426771335 -0.0026653954447000312 0.999703071122683 0.024221173691609532 0.3348726754840273 -0.008402060833010764 -0.024242793087213478 0.9996707919895875 0.9624672801932644
0.9999289746697384 -0.0022792281542181525 0.01169832188592776 107.05260801142649 0.00218363535330535 0.9999641772234571 0.008177775153303212 0.5254357530393903 -0.01171654183492519 -0.008151649454877685 0.999898131440696 0.860789283657718
0.9999122673535777 -0.0018315358781813298 0.013118806049108379 108.32627326554045 0.0018117901963172083 0.9999972082571199 0.001516869885953614 0.5336579889518147 -0.013121547626393655 -0.0014929682827570796 0.9999127942143728 0.9085160277508755
0.9999184682649589 0.0012718340939019634 0.01270587504645015 109.86545808804853 -0.0012635378625239935 0.9999989833076176 -0.0006609506797017584 0.45367339211758007 -0.012706702748092612 0.000644842437048377 0.9999190586660016 0.9351388182417982
0.9999183894032235 0.0045827910515423035 0.011925290748708864 111.41661009309232 -0.0046018686884059775 0.9999881744597208 0.0015728144486480474 0.35297523404657244 -0.011917941845721772 -0.0016275647124188953 0.9999276542306793 0.9714644500894459
0.9999301186947298 0.003131768188419652 0.011399550655945508 112.83356861624777 -0.003176180210054181 0.9999874289400177 0.003879927989824458 0.4544354392682891 -0.011387256316458549 -0.0039158638825891 0.9999274955733722 0.8807676772661964
0.9999437132421739 0.0016925577068085398 0.01047404391160934 114.20039910155906 -0.0017861472448311847 0.9999585093454071 0.008932483738083698 0.5553819289794876 -0.010458490592479377 -0.008950689142209709 0.9999052480802402 0.8407815480008013
0.9999492484797418 0.0033475084519224946 0.009502349812754928 115.50076166700498 -0.0034326287998744736 0.9999540052752668 0.008955690563765845 0.5619801800357529 -0.009471933504935963 -0.008987854088488517 0.9999147468432308 0.8826905020388234
0.9999690707081578 0.004433396078035714 0.006496354845503405 116.83367820773498 -0.004511758496800075 0.9999166385855802 0.012097930194074905 0.5814987349611084 -0.00644217838390015 -0.012126865997833674 0.9999057142844723 1.078540565384934
0.9998899316231639 0.005007910811366231 0.013965867961935143 118.02260351586352 -0.005199715983912526 0.9998921982327545 0.013731528209080787 0.6028004587491292 -0.01389559614811289 -0.013802635348930219 0.9998081814353758 0.8587820392456187
0.9998597118315063 0.006898475321017123 0.01526327928272693 119.28491245510376 -0.007063673732724577 0.9999167725218455 0.010795950300615259 0.5491842795965807 -0.015187533361768141 -0.010902250581465073 0.9998252246081032 0.9118740415932188
0.9998885596149144 0.0075630861648133905 0.012871211243516244 120.53445461823178 -0.007704214347832036 0.9999103606289635 0.010950606747507982 0.5644698876376748 -0.01278723709384751 -0.011048548978011396 0.999857197870269 0.967115828929751
0.9998755914435536 0.010158926095916947 0.012066393660963808 121.7809703165348 -0.010300082013498302 0.9998785683720777 0.011694307192798327 0.503137783366568 -0.011946126816623817 -0.011817137165236915 0.999858812694722 0.97447963608877
0.9998557249215838 0.011653160658003859 0.01235852694349486 122.93650535337463 -0.011826842084428727 0.9998309978018136 0.014074858469625426 0.47353176657563345 -0.01219242173828985 -0.014218990164872896 0.9998245671970893 0.9318655291879644
0.9998385339724883 0.012853937796986577 0.012557159983707383 124.15285119428873 -0.0130810936585847 0.9997491859827498 0.018178286924916368 0.47217320506269866 -0.012320347902577966 -0.018339613134972343 0.9997559040173851 0.9105410563736474
0.9998616065698159 0.013830510031884236 0.009245793631942148 125.38708177345947 -0.013967292458657332 0.9997914772037411 0.014896873904805413 0.46568118661231406 -0.009037834309216257 -0.015023950978996435 0.9998462874102099 1.0481395620673877
0.9998541255605347 0.014696056428470997 0.008703650098078271 126.74125126263553 -0.014814073656293572 0.999797036155296 0.013653926790176442 0.46023540463615376 -0.008501224693212763 -0.013780871544890964 0.9998688997854562 1.0539385170522166
0.9998052151487546 0.015576913066432128 0.012119882040400414 128.35323117293336 -0.015769942183818927 0.999747662357337 0.01599751651222494 0.4619522434154093 -0.011867631813947248 -0.016185530277402632 0.9997985736761019 0.9593380634813201
0.9997499735967736 0.016749482812834036 0.014813680121864797 130.000290877882 -0.017059650997348262 0.9996325389592784 0.021065501695316267 0.42921654109011675 -0.014455400412960874 -0.021312950976560597 0.9996683447621875 0.9071686217446677
0.9997175696052552 0.018559394378088404 0.014843513831985474 131.69465456073007 -0.01885647741022801 0.9996195098591211 0.020131288301747968 0.3109465957790036 -0.014464241502385268 -0.020405498997307422 0.9996871517271948 0.9273423926416279
0.9997851391944754 0.01652976866276646 0.012507685390941284 132.98963763010283 -0.01671543268398527 0.999749439715056 0.014887985075856452 0.42205787254120436 -0.012258456512567111 -0.015093857604575161 0.9998109349804803 1.0829125907188275
0.9998151800384218 0.01558255369909131 0.011260097022366118 134.1343656624248 -0.01568309012612863 0.9998374367677588 0.00889610711343839 0.4505319843482045 -0.01111964247779079 -0.009071056051694209 0.999897029445169 1.2031047012587908
0.9997755604054214 0.015522487323128883 0.014418085980079345 135.19632398019232 -0.015604675207394699 0.9998625272127941 0.005605424811384568 0.3937611258960831 -0.014329093750038022 -0.005829156280943889 0.9998803418456405 1.0449954171148856
0.9997987663435013 0.015417114993573481 0.012835084077947596 136.27872138460128 -0.01540702179112454 0.9998809132336508 -0.0008848901448349615 0.31940074866468177 -0.012847198042408532 0.0006869616550756623 0.9999172353680796 1.0324578150494526
0.9997723603148295 0.014478119305324666 0.015672000889970453 137.50914687311098 -0.014158416581025509 0.9996932334011073 -0.0203218683185714 0.2777042210565921 -0.01596141567758297 0.02009535153760688 0.9996706507926235 0.9222537658933885
0.9998386691690903 0.012431067313688307 0.012965500361545118 138.74611091084427 -0.012055817728000158 0.9995173893565431 -0.028629453938031693 0.30825852886429744 -0.013315137742130702 0.028468525415328266 0.9995060030673077 1.0975935232043301
0.9998793639086186 0.012947811304962956 0.008579732636127487 140.03975039698886 -0.012651558673871188 0.9993509764641937 -0.033727791258607136 0.16549229602952 -0.009010865264665338 0.033615175478846675 0.9993942286628978 1.448987724147166
0.9998775685428256 0.013415154768156886 0.008054908282119947 141.2016171763948 -0.013235165134466884 0.9996704138636326 -0.021997591904040385 0.09460529346678329 -0.008347354595939906 0.021888290665552406 0.9997255745468303 1.5841057690795397
0.9999266945553071 0.009459233681920328 0.0075583340656743495 142.368677350837 -0.00939780452612054 0.9999228547101088 -0.008121939329720926 0.2745613393220615 -0.007634578297871967 0.008050312201254265 0.9999384509496952 1.3955455809593404
0.9998976155858665 0.008605408511818574 0.011432641428972075 143.6398421996723 -0.008689486920674179 0.9999354162465611 0.007325036032133312 0.2827737036962698 -0.011368868138656573 -0.007423629850776465 0.9999078150295079 1.0294588535791191
0.9999060908670102 0.007847621470738496 0.01123495813549262 144.6067818077905 -0.007884091872734629 0.9999637821112682 0.0032055516016047643 0.2782443356863356 -0.011209395273454648 -0.0032938280131596543 0.9999317477481267 1.0207945688041324
0.9998590364254146 0.00654790357736625 0.015460667423589706 145.56436958357574 -0.006312819958583842 0.9998644625009991 -0.015205424418884884 0.27036793667602393 -0.01555813557634202 0.015105680598021047 0.9997648537686543 0.8961823309998489
0.999833587452908 0.006995481057641839 0.0168481644644332 146.05402108731735 -0.006510601742239077 0.999567893115648 -0.028664248067908165 0.13427576301704597 -0.01704140446097002 0.028549786288461033 0.9994470972677247 0.9265273992885927
0.9998168783423423 0.003826721324954309 0.018750092951104674 146.30676323722338 -0.0026555718107295805 0.9980668724261824 -0.062092399726347045 0.2582255754674765 -0.01895145693955965 0.0620312370448917 0.9978942668993286 0.7668810295648101
0.9997278064387354 0.006000756512019228 0.022545597230452415 146.38227143787657 -0.004349197191620596 0.9973515264221665 -0.07260177151532124 0.16086698102836708 -0.022921551365095782 0.07248395453242026 0.9971061522317266 0.6697175754704604
0.9996479210459285 0.006283278278616215 0.025778951930340965 146.589673843124 -0.004372649270706233 0.9972846187365991 -0.07351373456539821 0.22872354451537844 -0.026170859498853925 0.07337512961126474 0.9969609703833052 0.5404851179293975
0.9997560481098342 0.006330540659013348 0.021160541646455346 147.1172740464825 -0.004931403002732932 0.9978383945394472 -0.06553029564532012 0.24511757623526753 -0.02152964310506398 0.06540995824721953 0.997626188424234 0.6256628754364651
0.9999172074238543 0.006104105592424829 0.011327762029513409 147.4175355082724 -0.0057743863842979375 0.9995651927012871 -0.02891508260274415 0.2732524263075519 -0.011499337353325732 0.028847277773738217 0.999517683588179 0.9301098525522563
0.9999686666337497 0.007742717276560748 0.001648053365626542 148.10360417929672 -0.007726736857658509 0.9999251010793807 -0.009491563038977762 0.20236309114296436 -0.0017214204173317922 0.009478531561673198 0.9999535959989249 1.412892126564155
0.9999773973687226 0.006621597099532871 -0.0011658488440676703 149.0719014692329 -0.006614588654749569 0.9999606230424268 0.0059160444158408215 0.262413168085394 0.0012049765990318397 -0.0059081990871331464 0.9999818204422232 1.5315989383373916
0.9999674883902845 0.007257313882970083 0.003514762812828332 150.4535968959658 -0.007241492913689243 0.9999636848992098 -0.00449329090698253 0.20813993955595123 -0.0035472443963419976 0.004467692692859829 0.9999837282572126 1.3988090073630433
0.9998534491438638 0.00877968418618148 0.014696849346371218 151.82477263062606 -0.008324883227413784 0.9994931847484739 -0.030725721482221215 0.16272185577471338 -0.014959162889979569 0.030598869046813155 0.9994197980121702 0.9919605959372407
0.9997745410779129 0.010168104855266544 0.018640725739651157 153.0667264687152 -0.009306332168481542 0.9989096420506214 -0.04574843385154576 0.16427664837506736 -0.019085575548525486 0.04556464267336767 0.9987790567207694 0.8170161853964542
0.9997546791326455 0.010925424946087118 0.01926698321296167 154.19929240764108 -0.010128323664822105 0.9991080350835073 -0.040994527577637135 0.18311704745651494 -0.01969768037413883 0.04078932852254943 0.9989735892737894 0.7916425183175954
0.9998661924287944 0.011778241704200661 0.011352103783114688 155.19508821106817 -0.011523598512204466 0.9996862091705168 -0.022241624752057418 0.15365004745796876 -0.01161050882927607 0.022107831568004187 0.9996881713154788 1.0834940790530254
0.999860054058695 0.012048570034196258 0.011606216346188627 156.3141437265533 -0.01189304033900248 0.9998397844213962 -0.013377633560191943 0.1486474824716539 -0.011765538204363109 0.013237728215482518 0.9998431550310551 1.131319389574423
0.9998620670421605 0.011477454024006203 0.0120047881824352 157.4504879168741 -0.01125429971198406 0.9997656287126588 -0.018494009375331428 0.14849051242413047 -0.01221423874709953 0.018356352957731966 0.9997568987898608 1.0540989185086838
0.9998407000537805 0.010458609769193909 0.014463471148443686 158.74082223335867 -0.010090853596104454 0.999629733634347 -0.025269948710405353 0.18624845424102168 -0.014722404343996498 0.02511997443908439 0.9995760289715394 0.8823483247622746
0.9998751159599768 0.010858823960408825 0.011482091543772681 160.02744363750983 -0.010632041474984057 0.9997507625985856 -0.01963090363739486 0.1108017647533315 -0.011692398303895731 0.019506373977326366 0.9997413611510527 0.9300382540480903
0.9998997822459234 0.010999497400811594 0.008912716840814558 161.22102749371587 -0.010946203423758414 0.9999220487126992 -0.006006423961408728 0.09303898621874968 -0.008978089727815155 0.0059082615994913695 0.9999422415068339 0.9962777710201229
0.9999046910462764 0.01122879803256456 0.008032615912295104 162.8705201286493 -0.01124254823101113 0.9999354082001589 0.001668693157846913 0.0899276549499132 -0.00801335965272811 -0.001758841188263118 0.9999663457060695 1.0654964783464551
0.9998765648752538 0.012889864795056388 0.008983674016094872 164.51516187052695 -0.013059157562601365 0.9997332853542042 0.01904774418781851 0.053136417873252934 -0.008735755091429922 -0.019162712241605782 0.9997782139267328 1.1227344664773211
0.9998324160838057 0.01291009046521408 0.012979572882017013 166.12729098954696 -0.013015110037780121 0.9998829798819 0.008039493342011676 0.02777563307056631 -0.012874263424525618 -0.00820707662153604 0.9998834418243979 1.0719916566649181
0.9998347912464791 0.010623924026372696 0.014748642357568753 167.9828116669482 -0.010487463274379497 0.9999017647054111 -0.0092991425988136 0.09391443693040154 -0.014845986904822176 0.009142930453984077 0.9998479901942773 0.9925753267270796
0.9998343052708407 0.009627070364204002 0.015449321013491541 169.31151576797947 -0.00933354513712152 0.9997766734904467 -0.01896017087343905 0.05313191433668509 -0.01562840166967056 0.018812832338044056 0.9997008704610955 0.9472257540800444
0.9998697294792067 0.007438574542897308 0.014324513253433459 170.78211076591114 -0.007168490060158793 0.9997972906259102 -0.01881463279861483 0.04770461554934774 -0.01446156358888745 0.018709496675727768 0.9997203698598451 0.9364650861115977
0.999860864018452 0.0068831219915513 0.01519457916245383 172.39066753559123 -0.006715733800633663 0.9999165053677592 -0.011039982456832917 0.007898739604295296 -0.015269300042689572 0.010936403649169818 0.9998236062183312 0.7638874539333955
0.9999438494568431 0.006250340762591183 0.008557521474229493 173.88191499163233 -0.006201206567440581 0.9999642050525035 -0.005756183703014774 0.022228957307573488 -0.008593193267833537 0.005702793531806332 0.9999468161734381 0.9188195993460804
0.9999791031528488 0.0061727234611575095 0.0019211305776494678 175.27949660840966 -0.006194323955563019 0.9999152777723498 0.011448477111750349 0.024855206590001944 -0.0018502995319250961 -0.011460137979832929 0.9999326185444324 1.218441440472897
0.9999716399733842 0.006539434678332704 0.0037356449279994652 176.51444497746428 -0.0066105122054213915 0.9997910643346138 0.01934240949421842 0.012660240393662616 -0.0036083759951317834 -0.01936655546936201 0.9998059392461768 1.3700713486757794
0.999937605111008 0.0070239397171771465 0.008686204908434358 177.64137421009943 -0.007399215230360872 0.9990061491202062 0.04395413102304423 0.03666382257408927 -0.008368840949417275 -0.04401565960957083 0.9989957878841621 1.5548137333530077
0.9999051517374433 0.005330578741053467 0.012699309398771152 178.83676110378693 -0.005861219812169493 0.9990953245883698 0.04212099818348618 0.1324601586061815 -0.012463291348344558 -0.042191436523840276 0.9990318058264316 1.512604226486379
0.9998830339533603 0.0062761623901827195 0.013947336587151695 179.96941341770867 -0.006686499727608447 0.9995403099585958 0.029571261205216498 0.05546854250447737 -0.013755331098012018 -0.029661061233990028 0.9994653632381952 1.4389991892486997
0.9998992177193375 0.005919881091704944 0.012903852607521882 181.07195796967156 -0.006055002784745661 0.9999269848076867 0.01045762854020636 0.052641562509752236 -0.012841002512782921 -0.010534707460024252 0.9998620547821576 1.3488469379279784
0.9999383070299249 0.006616345014667822 0.008922225774677238 182.12498135715722 -0.006571986278185698 0.9999659443858753 -0.004991899921271864 0.022637774467272317 -0.008954950054956948 0.004932955210777349 0.9999477360454404 1.3336478612990261
0.9999250131546031 0.006774728225022211 0.010201525633148334 183.40253893778035 -0.006623641705556189 0.9998689513510691 -0.014771848045172238 0.030556688498689973 -0.010300263992884444 0.014703169100242627 0.9998388477050122 1.193058888771436
0.9998652586819768 0.008803088543466593 0.013855327961452656 184.65092487863575 -0.00846943736233087 0.9996770828140159 -0.023958270539098138 -0.0996104858800689 -0.014061760614840466 0.02383769553784407 0.999616942213294 1.0700200776758968
0.9998125210360367 0.007587627016409275 0.017814339612367017 185.93115907033786 -0.0070428422731963515 0.9995115600316229 -0.030447327236827002 0.0005209999510147924 -0.018036661339609694 0.030316155419370133 0.9993776111001832 0.8345618183955147
0.999814670656739 0.008558030345876289 0.017244838536665842 187.16528363008152 -0.008025815037672787 0.9994964625031346 -0.030698660177624366 -0.039208196957182834 -0.017498875179213093 0.030554566930644837 0.9993799116487899 0.7814044978325595
0.9998705239504668 0.008265169953020086 0.013806603516672372 188.5194382055371 -0.00782168306201109 0.9994613453552394 -0.03187225148576571 -0.00766173437340241 -0.014062596100875003 0.031760133915683345 0.999396586588408 0.7781019669979203
0.9998939002821192 0.010709343604509298 0.0098741145512914 189.84115295290314 -0.010545753765060588 0.9998086893017828 -0.01647336863479311 -0.03965065985511783 -0.01004864449257606 0.01636749083432249 0.9998155479825517 0.8494287901348678
0.9998844020288418 0.011286863407892938 0.010187703069736175 191.33113757184896 -0.011476655193130434 0.9997580067146703 0.01876737582847333 0.024243613085884276 -0.009973412906499796 -0.018882127113244954 0.9997719721569892 1.144965621952929
0.9998449663025324 0.012769952581642817 0.012123187309882277 192.77296284370414 -0.01350030817053968 0.997971884861241 0.06220818841440629 0.043069633405903404 -0.011304204473927226 -0.062362210813636236 0.9979895638851376 1.4993314139319376
0.9998536747665235 0.011501886709911298 0.012662371736426587 194.33016323869063 -0.013068387291316149 0.9912257657814014 0.13153211966922204 0.20839204291641894 -0.011038401581898328 -0.13167834997898 0.9912310355499014 2.226289039937944
0.9999094928034625 0.012564736723021287 0.0048097393488068345 195.7606499350776 -0.013049481982373868 0.9927515659296425 0.11947401125029035 0.07505001130321248 -0.0032737167736382224 -0.11952596259944517 0.9928256780740323 2.4456003143400347
0.9999492965150631 0.009953956715799784 -0.0015241865798788158 197.4247374026176 -0.009805982800061739 0.9969465412828659 0.0774689391011384 0.06821914005118936 0.002290655005711607 -0.07745006500856523 0.9969936009472747 2.340102007311918
0.9999575168073862 0.008437208906271938 -0.0037118844644836923 199.33273979143968 -0.00830261444207532 0.999356568963302 0.0348929027643577 0.04018077430200693 0.0040038948327837266 -0.034860602056886576 0.9993841639982092 2.0911618335561744
0.999973014489189 0.007295535335904258 -0.0008633988458543539 201.2532766116773 -0.007301523553460167 0.9999477914507358 -0.007148575144323257 0.009289426360368381 0.0008112010864863983 0.007154686363380452 0.9999740758718892 1.7083365867592315
0.9999609766503587 0.006797296708327405 0.0056428657541868965 203.17778992151645 -0.006600524645134221 0.9993936834586161 -0.034186233156466544 0.010858907847368426 -0.005871818361443888 0.03414765322065746 0.9993995494939208 1.2924521876301514
0.9998996357121451 0.007762482287594196 0.011851682220436652 205.28842796205822 -0.007315842039873238 0.999278264138402 -0.03727504897098875 -0.03835932400619236 -0.012132475343764406 0.037184602852212534 0.9992347613813063 1.0121233901664533
0.9997799472910733 0.009585520832535077 0.018659442248568935 207.4144600798421 -0.009009392433180616 0.9994874579778307 -0.03071892239319603 -0.1534752026548989 -0.018944335370859308 0.03054405237330647 0.9993538777740212 0.746362425726546
0.9997200339003003 0.009203255000690464 0.021798025501746816 209.55172707921955 -0.008872950993860748 0.99984508078776 -0.015201485624052838 -0.15148529147905704 -0.021934551717395185 0.015003816911373103 0.9996468180907929 0.7242984299221016
0.9997631701934334 0.008251082589915406 0.02013760563896052 211.70249996026445 -0.008103324927286042 0.9999397269879032 -0.0074080035421423595 -0.1308642898399157 -0.020197515933864842 0.007243067544346384 0.9997697726590105 0.7890179692531227
0.9997923537298957 0.009016469338582331 0.018274372873000228 213.8329946734928 -0.008890161749292733 0.999936111703657 -0.0069812273307 -0.19353240357593904 -0.018336151376623568 0.00681731557417617 0.9998086365705467 0.8127620077873347
0.9998313725403947 0.01006724092729224 0.015358292356329312 216.05070682454726 -0.010166830846588964 0.9999277056745672 0.0064202005368128945 -0.25906516142084973 -0.015292548333337987 -0.006575263075185475 0.99986144234137 0.9626860884234602
0.9998729840655011 0.008440882369127689 0.013519143492875479 218.3271864510808 -0.008590027769342878 0.9999024649702702 0.011012355302092111 -0.1961643609460472 -0.01342487090710098 -0.011127086375513913 0.9998479688382228 1.0217246187766245
0.9998819270195889 0.007911206170817083 0.013173641733261764 220.64527092154717 -0.008087905151963342 0.999877314229223 0.013414256595451994 -0.1994872478976812 -0.013065902565316914 -0.013519219899040336 0.9998232408198336 1.103946597514289
