1.0 8.809142651444726e-20 8.673617379884037e-19 -5.551115123125783e-17 -8.809142651444726e-20 1.0 1.7347234759768075e-18 0.0 -8.673617379884037e-19 -1.7347234759768075e-18 1.0 -5.204170427930421e-18
0.9999993011580781 -0.0003480319849955573 0.0011298482609536818 1.3160940844717768 0.0003481171165631284 0.9999999365833229 -7.515200288644408e-05 -0.058402083065748844 -0.0011298220340017183 7.554526988583102e-05 0.9999993588973364 0.018140396604628333
0.9999976844684006 0.0012037922336848642 0.001783799903291163 2.5652097675998258 -0.0012028053760217308 0.9999991230587825 -0.0005542029350592417 -0.11574037075546209 -0.001784465484192614 0.0005520560876714074 0.9999982554569841 0.031373844761168695
0.9999981630824458 0.00034458890815568596 0.001885494687987679 3.8981121058498944 -0.00034319739298349487 0.9999996685757615 -0.0007382844413505434 -0.11791372309685984 -0.0018857484677185915 0.0007376359883214916 0.9999979499208312 0.04793875196929809
0.9999975330336957 0.0006742879691672841 0.002116426766391802 5.2252350350403045 -0.0006718014811203912 0.9999990836253406 -0.0011753430345916673 -0.1059002448439423 -0.0021172173466198142 0.0011739183164236602 0.9999970696489533 0.05465748594597231
0.9999971803960822 0.0002140248246512469 0.0023650355726848177 6.562408798941741 -0.00021055166012554655 0.9999988992967312 -0.0014686978328274814 -0.11290107561025114 -0.002365347307278569 0.001468195729515233 0.9999961247591992 0.0537864830837686
0.9999953440411751 0.000496742374002296 0.003010837588759362 7.8959784264362884 -0.0004883673436181433 0.99999601174292 -0.0027817252904554974 -0.1009282945718292 -0.0030122073815896347 0.0027802419441017943 0.9999915983954178 0.07710722445276483
0.9999951231628453 0.00046074551166746256 0.003088909856132115 9.228247322569683 -0.0004521740753504813 0.9999960473632086 -0.0027750309124866786 -0.08947796722930342 -0.0030901762298310388 0.0027736206541547816 0.9999913788825059 0.07901156770837352
0.9999950320543687 -0.00012505772685005498 0.003149639209037964 10.549839676337362 0.0001339178825220931 0.9999960344949125 -0.0028130162549751263 -0.10158168733975448 -0.003149274929709217 0.0028134240730768945 0.9999910833164475 0.08399925122780653
0.9999982244205065 2.2167854329246005e-05 0.0018843206787837895 11.877116176607945 -2.039346785207539e-05 0.9999995564184613 -0.0009416724414913684 -0.058332094425058066 -0.0018843407177914324 0.000941632341643906 0.9999977812918348 0.09579579690328978
0.9999994278507931 0.00038171846124942783 0.0009992943024661426 13.198839807887381 -0.0003830430498790939 0.999999047940189 0.0013256684116237493 -0.04934250018128886 -0.0009987873189719859 -0.001326050425880962 0.9999986220061303 0.11408027524726404
0.9999999651810557 0.00023893410550963228 0.00011201955538420083 14.543108391624157 -0.0002395730359424587 0.9999835039598806 0.005738851181222378 -0.044373269208221114 -0.00011064650023148277 -0.005738877818266606 0.9999835263836795 0.10872682840420121
0.9999994264297773 0.0008016490110716843 0.0007102809158157041 15.89207431040992 -0.00080571057977354 0.9999832213102627 0.005736543245871528 -0.032991214229648354 -0.0007056703040125684 -0.005737112236409625 0.9999832936467532 0.13372254977082168
0.9999933097544232 0.0008191386041058421 0.0035650327265342183 17.23104939382369 -0.0008353097543617173 0.9999893592381671 0.0045369227516192535 -0.043949489272241536 -0.0035612784233003516 -0.0045398703051029755 0.999983353298246 0.1533759832693556
0.9999842645593103 0.0010128047745172229 0.005517686133164535 18.595043351066472 -0.0010121072840214972 0.9999994794728688 -0.0001292007628372236 -0.04196166266674034 -0.005517814116208674 0.00012361423947996266 0.9999847691074595 0.17307537089457598
0.9999880285644184 0.0009434635509085481 0.004801312776318266 19.932839102606785 -0.0009339361702536802 0.9999975914160242 -0.00198618362199048 -0.04826043782979973 -0.00480317510380601 0.0019816757248546915 0.9999865011440122 0.2001123090721025
0.9999976493027535 0.0011645449569715684 0.0018289953555421631 21.30039383035516 -0.0011587616048663535 0.9999943360706303 -0.0031599206006903188 -0.06162838149088795 -0.0018326648658416158 0.003157793803080182 0.9999933348166811 0.18396110202412883
0.9999992013400014 0.0011530229791850406 0.0005175493877572397 22.646034077623863 -0.0011525100358311462 0.9999988455058989 -0.0009903067638647692 -0.028354313209511504 -0.000518690636704703 0.0009897094920829422 0.9999993757173774 0.22804222339093896
0.9999950981306733 0.00230399618590499 0.0021202160740045285 24.003940994492872 -0.00230660866729767 0.999996582636218 0.0012305577358425505 -0.037049983411356145 -0.0021173736281249905 -0.0012354422125821732 0.9999969952012148 0.20171349275141107
0.9999723898320273 0.0028838045181412038 0.006848594390475602 25.387813895446975 -0.0028976621942229594 0.9999937729066849 0.002014373764179611 -0.03133127751876387 -0.0068427426834768885 -0.0020341630600304705 0.9999745192019709 0.21999114184896187
0.999965642504062 0.0026050591837779805 0.007869401380521614 26.779888567459142 -0.0026097591346227987 0.9999964222677643 0.0005870340114564353 -0.05052004050291183 -0.007867843967567885 -0.0006075510845746007 0.9999688634717492 0.23768161314475228
0.9999632815823515 0.002919629247154924 0.008056751958074447 28.155836395919547 -0.0028904056664977073 0.9999892107287643 -0.00363647922391791 -0.0470705878856528 -0.008067282202691114 0.0036130584166418115 0.9999609316202008 0.2754289984044003
0.9999813529571157 0.0028683724884199947 0.005391305716063963 29.49903405963691 -0.0028474980352348233 0.9999884357910247 -0.003875569527065565 -0.04250213355567156 -0.005402359946886406 0.00386014552672055 0.9999779566488037 0.2608062726971157
0.9999889949726294 0.0034392921114023193 0.003190799806150937 30.888813127975496 -0.0034255504457057916 0.9999848783637606 -0.004302167820823657 -0.0355879550606583 -0.0032055479678850442 0.004291190229650918 0.9999856549714292 0.29016873356134343
0.9999898506296145 0.004018068672213572 0.002038077993261261 32.267136733059985 -0.004014443211759955 0.9999903581522618 -0.0017798449962749118 -0.02042373528339979 -0.0020452098818445 0.0017716451836037308 0.9999963391882405 0.27220016360711113
0.9999894382234408 0.004576364261878903 0.0004246548126904487 33.653141365885226 -0.004576237351248048 0.9999894841659688 -0.0002993479324818841 -0.02994645404526924 -0.00042602027227099534 0.00029740144962068653 0.9999998650295435 0.3094229402912959
0.999987970705543 0.004841659095853403 0.0007853543210212395 35.04347049784647 -0.004841617142638767 0.9999882777733144 -5.531188442515922e-05 -0.019298499856408257 -0.0007856129162081959 5.150883411851263e-05 0.9999996900795449 0.3017067444882591
0.9999887714186628 0.004250844348815126 0.002094602328720305 36.435265957323956 -0.004251308214510567 0.9999909395917493 0.00021705500578360863 -0.025651517512425403 -0.0020936606837233663 -0.00022595736865004313 0.9999977827616464 0.33947877411832783
0.9999874970866685 0.004031752180311967 0.002958148863203004 37.84465118860774 -0.004033659162030432 0.9999916606200963 0.0006389710687565884 -0.007887743336857092 -0.002955548021076207 -0.0006508952440214031 0.9999954205251524 0.32056938369431853
0.999988406412645 0.0034946246698886727 0.003312799226546592 39.24222814266948 -0.00350250148910033 0.9999910461724221 0.00237488069255192 -0.026543140322948886 -0.0033044702476572826 -0.0023864562433892227 0.9999916926169841 0.3189217468618274
0.9999829860875588 0.004170973047853828 0.004078053364460585 40.63452996842365 -0.004194966234961545 0.9999738385587396 0.005892746082068518 -0.0030187861484780878 -0.004053368191620879 -0.005909753119570921 0.9999743221825093 0.3693950952719931
0.9999848241742827 0.0037777593347136968 0.004009981987258942 42.06684578802485 -0.0038110973598218215 0.999957967974353 0.008338934075587359 -0.013663049154007612 -0.003978310953547597 -0.008354089957141734 0.9999571901951327 0.3647801994136794
0.9999842585271255 0.0037393189284828064 0.004183323069773299 43.45174633761168 -0.0037763458361007862 0.9999534549060578 0.008878470226602595 0.0026923551541640856 -0.004149928924833721 -0.00889412814105996 0.9999518351273372 0.36991019912582285
0.999985694790429 0.003416970835440973 0.004115157932905716 44.884794318884346 -0.003450219697057525 0.9999612439048317 0.008099794586515345 0.011711329477407101 -0.00408732168357805 -0.008113876916212917 0.9999587285497554 0.3794566895789308
0.999990097042647 0.0024838677906842046 0.0036927249336703204 46.28770270765693 -0.002513688872047274 0.9999640913690475 0.008093042736193563 -0.0006901400341557954 -0.003672490284792406 -0.00810224495270979 0.9999604324381213 0.40785682623770925
0.9999899016093856 0.0014866891296727066 0.004241041697847606 47.71656342549425 -0.0015210558085368504 0.9999659429810597 0.008111674748623749 0.004230487801561451 -0.0042288377219379565 -0.008118043694872361 0.9999581062715025 0.42988939044713714
0.9999884232229148 0.00023258638515366483 0.004806175581678025 49.12526118800832 -0.0002722962259699009 0.9999658216800589 0.00826325156883816 -0.010585392674263384 -0.004804089394859291 -0.008264464610488988 0.9999543086310434 0.44126126065807375
0.9999881148755548 -0.0004421176863207071 0.004855372239659124 50.541453749898174 0.00040006851634233435 0.999962439666259 0.008657898237185699 0.010203470153490036 -0.0048590176801943915 -0.008655852855419506 0.9999507318655899 0.450362477845991
0.999986785236078 -0.0018083207100306404 0.004812414095216356 51.99894303785971 0.0017680161439739327 0.9999634393959052 0.008366241116932535 0.004230212273191365 -0.004827366997526739 -0.008357622133219429 0.9999534222553316 0.44903656469040526
0.9999813850573415 -0.002651941271131316 0.0054951566215462625 53.40718781478744 0.0026038013848890926 0.9999583355642191 0.008749134470599131 0.01958678589510606 -0.005518129859735358 -0.008734663309541285 0.9999466265254962 0.4582146935946605
0.9999741597666233 -0.0034333057450504586 0.006316028079161309 54.85849740211092 0.003383183690834725 0.9999628391799972 0.007929333338509214 0.03967000025982953 -0.006343017196084251 -0.007907760159496952 0.999948615410867 0.4784698396322384
0.9999632738268825 -0.003979927264432786 0.007590202658231093 56.25505948226458 0.003940592543162122 0.9999787663698491 0.00519023504705868 0.03261795707977139 -0.00761069824864768 -0.005160134533591707 0.999957724248262 0.48618478924957537
0.9999670652479388 -0.004163197269858307 0.006966793230516928 57.67683628633758 0.004134196266360602 0.999982751334967 0.004171984393654689 0.066401509601937 -0.006984041856671695 -0.0041430448998209714 0.9999670286255954 0.4989803233372069
0.9999634554750442 -0.003918348080521741 0.00759830656982895 59.11991359400758 0.003888539724201185 0.9999847019659837 0.003933839449702252 0.08595929215937113 -0.0076136044829334 -0.0039041493724748712 0.9999633946522516 0.523900682941069
0.9999592385009665 -0.0036904989743178776 0.008240239916876134 60.51545147384257 0.0036644175032734044 0.9999882361336629 0.0031779928645897094 0.08659778521121392 -0.008251871359202323 -0.0031476676454540585 0.9999609986431796 0.5317327864222003
0.9999492122627436 -0.003076447587568271 0.009597310319018995 61.9883956775469 0.003068203287237309 0.9999949114389776 0.0008736273459311206 0.10112648735129537 -0.00959994915126061 -0.0008441364773055648 0.9999535631267588 0.5481128720830822
0.9999553061146949 -0.0030719262462475493 0.008941422828863059 63.395787514389724 0.003086841390554054 0.9999938665498718 -0.0016547727538515852 0.08801266712468722 -0.00893628464723793 0.0016822995497064981 0.99995865548778 0.5472502809862705
0.9999651392135365 -0.0026195338450795617 0.007928328959317204 64.80419745926531 0.002637014796035939 0.9999941135593091 -0.002195222015458263 0.08980091907775999 -0.00792253183131205 0.0022160526090659015 0.9999661607275597 0.5614880725754197
0.9999686600896837 -0.0017533541268675056 0.007720400750523135 66.25127405991898 0.0017732147712490617 0.9999951346496122 -0.0025663956201356503 0.10475884180617266 -0.00771586338771661 0.0025800051181778688 0.9999669039652125 0.5691562834716537
0.9999705894914286 -0.0010887065081890115 0.007591763319794806 67.6202269839094 0.0010950800727044401 0.9999990514273353 -0.0008354304663661751 0.11346497424628493 -0.007590846579869771 0.000843719484659479 0.9999708331674639 0.5779789107535225
0.9999626115832247 -0.0003948397780977702 0.008638260079812825 69.07983998040989 0.00038615521666595157 0.9999994184125522 0.0010070048192307934 0.13791982094401523 -0.008638652661468559 -0.00100363145972218 0.9999621824869617 0.584388350256646
0.9999512816502603 0.0002685799655358674 0.009867228121620143 70.44769864556073 -0.00031581079257494835 0.9999885000892867 0.004785389505751758 0.14240534452712603 -0.009865829389629228 -0.004788272546605783 0.9999398671202555 0.5971900961286621
0.9999410659837231 0.0013073330359354546 0.010777543303963156 71.89085084067406 -0.0013990633730331208 0.999962826684694 0.008508106160288223 0.16320870386786895 -0.010766019738691103 -0.00852268320950914 0.9999057239009568 0.6127687520355282
0.9999416785228696 0.001953306161804684 0.010621871205401619 73.25417542204312 -0.002081671536740697 0.9999247777653277 0.01208740892718496 0.17518445260953255 -0.010597461794175424 -0.01210881521859686 0.9998705268171089 0.6098829877658307
0.9999458265005762 0.0021531886738003565 0.01018370475881012 74.65601205175992 -0.00231256231462367 0.9998746365820413 0.015664072761315054 0.1694196111903357 -0.010148700390718825 -0.015686774635526823 0.9998254492569759 0.6185242664554218
0.9999414886162339 0.003195192624104062 0.010334896615116983 76.10704459867172 -0.0033690053915264085 0.9998524438822307 0.01684459157718815 0.19194055807142815 -0.010279549923131435 -0.016878424299243192 0.9998047057533549 0.6190845116246655
0.9999351586025031 0.0034412185779080307 0.01085525703453384 77.47195824052956 -0.003635281220794077 0.9998330209626987 0.0179085153781461 0.18781658835003415 -0.010791817318342528 -0.017946816077026424 0.9997807001896291 0.6256654736972264
0.9999330742031542 0.0036348566359965624 0.010983393458530081 78.90237407269488 -0.0038209469454751756 0.9998487039386502 0.01696966695729429 0.1886692072873245 -0.010920049407809176 -0.017010498212497286 0.9997956768617744 0.6440750683299502
0.9999477978934898 0.0028860061327672932 0.009801655807183045 80.24729481503975 -0.0030495559026305825 0.9998556911833957 0.01671218169392752 0.16845050646436463 -0.009752009882972151 -0.01674119998016106 0.9998122976471467 0.6412219246059427
0.9999451137154165 0.003012458571486439 0.010034672392146005 81.65140276407959 -0.0031751190610847884 0.9998631858614039 0.01623355099883372 0.18944584419862578 -0.00998439660723448 -0.01626452127911784 0.9998178720006712 0.6671341905751009
0.9999401175010117 0.0028550021418534584 0.010564581148014725 82.98864595861963 -0.003018404236022148 0.9998755676263024 0.015483491203457829 0.20348288772367468 -0.010519061171556116 -0.015514452189800469 0.9998243101291945 0.6582737558535007
0.9999499122423606 0.0025452521301198147 0.009679602165864857 84.39451600438152 -0.0026987578427367493 0.9998702814051952 0.015878824540945392 0.21697866332999993 -0.009637930929486992 -0.01590415210848989 0.9998270691640172 0.6602720100838563
0.9999497962780519 0.0017875252901705088 0.009859496783282387 85.77414192021622 -0.0019369819164483254 0.9998830529743382 0.015169986017526877 0.22288165918830344 -0.0098312270108012 -0.015188322094741396 0.9998363175277284 0.6564521670986425
0.9999436318338644 0.0007249697785549395 0.010592807641099006 87.1593082000645 -0.0008899334646324732 0.9998782786632252 0.015576773603489856 0.22671967888268227 -0.01058022558028281 -0.015585322463331743 0.9998225625331648 0.6714413028362418
0.9999318134380765 -0.0005392859240880199 0.011665232322251163 88.57079239617124 0.0003713298748203927 0.9998963121993817 0.01439537996028108 0.22699432964101232 -0.011671786005752444 -0.014390066739556031 0.9998283329605473 0.6739233173549617
0.9999248480575912 -0.0014464222960086732 0.012173992752775703 89.93169674032062 0.001301523098336052 0.9999283231409889 0.011901874561370467 0.227457258408903 -0.012190335295943424 -0.011885135379612161 0.9998550591372635 0.6821783792353363
0.9999168208322853 -0.0026069973655626928 0.012631507486897115 91.30969868791466 0.0024631185663710874 0.9999320677658277 0.011392668716516355 0.22728680442696209 -0.012660350057703251 -0.011360608183202234 0.9998553155922733 0.6899896015401473
0.9999230239529187 -0.0025052848714558736 0.01215194291312193 92.67864318937505 0.002380836189813234 0.9999446870332503 0.01024473001169676 0.2496151936521785 -0.012176936720218082 -0.010215009627412938 0.9998736799168301 0.6995568511948994
0.9999187487797819 -0.0029432894712639692 0.012402938593879639 94.00411360775139 0.0028284690885036576 0.999953079510154 0.009264909107754155 0.24847410167493605 -0.012429625951354354 -0.009229074994164543 0.999880157105571 0.7170581253315608
0.9999261647239296 -0.0033005885890453686 0.011694922635855214 95.39455669971835 0.0032007361253056964 0.9999583549478266 0.008546558271764865 0.26411732559074896 -0.011722644272899277 -0.00850849487291218 0.9998950870597618 0.7014037972262314
0.9999315309035647 -0.0028945618427547197 0.01133821046691092 96.76425768539583 0.0028001018580328207 0.99996131656889 0.008338152996745708 0.2822248761809347 -0.01136190716553084 -0.008305833946748917 0.9999009551890682 0.7064849574312768
0.9999399603619181 -0.0023039391310863714 0.010712961116599418 98.09949003769624 0.002196658113746583 0.9999474344590877 0.010015139131330078 0.300234579860161 -0.010735472254951497 -0.009991005113042262 0.9998924589436078 0.7144838664339441
0.9999400500948938 -0.002252654906969172 0.01071549168686956 99.43831212062075 0.0021288396410855436 0.9999310050164119 0.011552196702410464 0.31178320255976943 -0.010740775484284443 -0.011528692585837655 0.999875854788612 0.7136960648815557
0.999929686706224 -0.0022113312436675657 0.011650393028718089 100.82197642059879 0.002075631511374331 0.9999300183268258 0.011646896700103921 0.30633634370013213 -0.011675332861285508 -0.011621895845544364 0.9998642998625031 0.7096861896728873
0.9999141388337299 -0.0022841113874828623 0.012903402480349825 102.11098747206003 0.002126431151960308 0.9999230648764984 0.012220581759710632 0.3347300645861971 -0.012930322925445431 -0.012192094289307745 0.9998420673215767 0.7085813513402262
0.9999241509132376 -0.0027362444042383096 0.012008554742392782 103.47521360370932 0.002591397562110008 0.9999239055680768 0.01206100046261047 0.2988325836898578 -0.012040642803266773 -0.012028966707256039 0.9998551529500861 0.7200643411419695
0.999948745908357 -0.002174889556826611 0.009888145009033789 104.77776603046661 0.0020551498433270836 0.9999246380067217 0.012103498099636987 0.30209456706330856 -0.009913723590334055 -0.012082556126170077 0.9998778575016213 0.7215064944832308
0.9999611802408949 -0.0020619868897074228 0.008566575821376883 106.08474673727741 0.0019779292189417716 0.9999499324887908 0.009809195260964548 0.33907057226715237 -0.008586373346272609 -0.009791870389744122 0.9999151931374125 0.732132154251072
0.9999513140825583 -0.001727854269749463 0.009715142005524686 107.46547927899505 0.001634732100901542 0.9999527261625938 0.00958504517229508 0.33847486073922145 -0.009731244294707831 -0.009568696861075896 0.9999068671255626 0.7327250193202889
0.9999363559217959 -0.0013505318512247555 0.011200900390526954 108.79313300804495 0.0012796044828031557 0.9999791020325915 0.006337042721922057 0.3418750220846029 -0.011209224692514175 -0.00632230668432833 0.9999171874310303 0.7235782133079934
0.9999199984825068 -0.0008296407092603339 0.012621740412373057 110.1251940111781 0.0007666208831438946 0.999987221171598 0.004996977679270463 0.33722449288836714 -0.01262572481742418 -0.004986901823691496 0.9999078566963235 0.7462176563025529
0.9999282955331349 4.0538083842279985e-05 0.011975063626700944 111.45673978606759 -0.00010213793316769205 0.9999867671913474 0.005143443403067971 0.3473022132670835 -0.011974696657635456 -0.005144297703449285 0.9999150678138099 0.726813194136877
0.9999579092324222 0.001754805652203719 0.009005577196712664 112.79994389288426 -0.001809116994655245 0.9999802054596828 0.006026257919328557 0.36100373127444246 -0.008994824023993288 -0.006042296412260363 0.9999412901740001 0.7514731438816472
0.9999702469035177 0.0019515368447956339 0.007463029656996604 114.15480350565193 -0.002019787620690921 0.9999561107521483 0.009148607948998093 0.3294432875313221 -0.007444848264747205 -0.00916340948449716 0.9999303006514676 0.7614044831980199
0.999971358211652 0.0033824203207664556 0.006770671245723484 115.43389472452714 -0.0034652512219528115 0.9999188430383111 0.01225966438750088 0.3528401681876151 -0.006728654420666526 -0.01228277532559596 0.9999019245105933 0.7536281830503188
0.999946929990343 0.00533411110632953 0.008813878918700961 116.8168103024446 -0.0054448311555398195 0.9999059670828443 0.01258613545968644 0.3711558827766233 -0.008745914279013499 -0.012633457595893748 0.9998819453978539 0.7767473470106209
0.9999252105898726 0.004953534810752686 0.011181937205932224 118.10385809160202 -0.005100275808155701 0.9999007522370229 0.013132892389587567 0.3816283064064685 -0.011115773184061092 -0.013188941152132217 0.9998512346433374 0.7663039373765139
0.9999101873376176 0.006087650139156976 0.011939756037450934 119.46607402480939 -0.006244830079170749 0.9998937496607464 0.013171616706194796 0.3796475787928413 -0.01185830324004696 -0.013244995475871166 0.9998419628816904 0.7722580184094688
0.9999066035495924 0.007318896733306705 0.011542007127250417 120.7943383834173 -0.0074682512320619525 0.9998882485022234 0.012950510827404822 0.38849992360985525 -0.011445933839277254 -0.013035499904611133 0.9998495218485548 0.7798259556084216
0.999899191280297 0.008278226292975466 0.011535954509715191 122.10527605501633 -0.008452256862366392 0.9998499652883769 0.015119731041393816 0.3704614341977761 -0.011409059161057446 -0.015215711691333966 0.999819141388474 0.7807866993791639
0.9998956014806162 0.009500658971922189 0.010886855322634987 123.46519431352537 -0.00968055046150838 0.999815480421883 0.016591927299792825 0.3669497336391851 -0.010727212241721575 -0.01669558587946691 0.9998030727746652 0.7753096894374095
0.9998852203915435 0.010853807351164072 0.010570757235809941 124.80547582987597 -0.011037486708056383 0.9997863643149222 0.01747568645631004 0.37374935629858497 -0.01037882121071994 -0.017590355196345418 0.9997914079818561 0.7784757282528443
0.9998825634175066 0.011840148693680814 0.009729863953187116 126.13398257855937 -0.012018797540243294 0.9997563927431372 0.018512257423577875 0.35661732400277435 -0.009508305807168972 -0.01862702467227928 0.9997812891190431 0.7812161696185834
0.9998653710773763 0.013455270785913803 0.009391241045701512 127.48039545489395 -0.013622951275138075 0.9997447165759062 0.01802545081589229 0.3864709134291181 -0.009146306295764874 -0.018150960488047804 0.9997934225201252 0.7868150514952951
0.9998553375869015 0.013825076797405472 0.009908135572808141 128.78894406968004 -0.014006470362421475 0.9997311518945242 0.0184781687305406 0.349378248435643 -0.009650009687555455 -0.01861427364130979 0.9997801689020624 0.7844908000952663
0.999837037685384 0.014706904543099912 0.010469242153864309 130.16462551325768 -0.014894375181958434 0.9997259608753976 0.018059920811070693 0.3385097720169949 -0.010200767640484852 -0.018212910545083966 0.9997820933728617 0.7998111477967371
0.9998320815006401 0.01495565177194357 0.01058948923101439 131.4801959453083 -0.015129918893183582 0.9997481900115738 0.01657233003737793 0.30681189005693654 -0.010338972694764945 -0.016729765349772645 0.9998065915940735 0.7948145639236083
0.9998225453365353 0.015260951412655054 0.011044509891913192 132.83608756492225 -0.015437371504649515 0.9997517130898096 0.016068594680881065 0.31032604500649047 -0.010796545641982989 -0.016236241436107857 0.9998098914624866 0.816361504120069
0.9998179623584319 0.015122840304527884 0.011633651471358523 134.16151287976186 -0.01528593085301837 0.99978430421818 0.014060062479467889 0.30336456331137795 -0.01141851406226031 -0.014235334210813128 0.9998334725325596 0.8096015432699611
0.9998295373257023 0.014283968115420103 0.011698912169492728 135.49636855958695 -0.014433252923634397 0.999814195843776 0.012777127975635752 0.25964797617125007 -0.011514230374377715 -0.012943803310504856 0.9998499289667149 0.8220611018690571
0.999850043029463 0.013232669727444994 0.01117085072254437 136.83209244370477 -0.01337791254244426 0.9998256240972445 0.013028923768370615 0.2439144596674009 -0.010996495350234173 -0.013176412654423852 0.9998527187739066 0.8247922365551525
0.9998358747890433 0.012729959424595455 0.01289075707150457 138.1810879161626 -0.0128857995647989 0.9998440114918862 0.012079273711139949 0.26612492451882613 -0.012734977597319137 -0.012243398909655827 0.9998439475881898 0.8487815404718829
0.9998537279192536 0.011263093394610287 0.012871110797264515 139.52493554586178 -0.01141028777744678 0.9998696814668926 0.011420394744954678 0.2211437036548823 -0.012740804480370212 -0.01156558733826458 0.999851943585006 0.8548695094231931
0.9998637704566519 0.010305911352300879 0.012892971705791898 140.88712406447092 -0.010436030835914687 0.999894876514469 0.010066040954956288 0.24040156708398197 -0.01278787662591692 -0.010199221113081887 0.99986621410071 0.8539885444102908
0.9998851199153024 0.008687605706688221 0.012420647287735901 142.22232354134331 -0.008812625214652878 0.9999106996510084 0.010046410316981615 0.21892287380849582 -0.01233225886799686 -0.010154714693983704 0.9998723904382482 0.8484616050811249
0.9998962005545665 0.007722727855936751 0.012163370873455556 143.56966434956144 -0.007846364734943073 0.9999177028315944 0.010149981499166837 0.20794305794354054 -0.012083984317613546 -0.010244366180995577 0.9998745072680678 0.8530829595373326
0.9999222153963451 0.0074352839929793515 0.010013975674478254 144.9179016354304 -0.007515526064666388 0.9999397617622854 0.007999357146397082 0.1928666076375941 -0.009953894958086374 -0.00807399521476443 0.9999178619148852 0.8530179576750573
0.9999444398835532 0.005851173228764468 0.008768176424672732 146.23129656902498 -0.005892781300480962 0.9999714646427822 0.004727052857061427 0.19263319617675473 -0.008740267416498115 -0.004778459167528868 0.9999503857959515 0.871892336124298
0.9999163988786866 0.005553604760349169 0.011677017069661769 147.62012643469546 -0.005492516768266657 0.9999710974262815 -0.005257049707640847 0.20226586003249547 -0.011705875150096846 0.005192474000332034 0.9999180019885262 0.8610366437635195
0.9999029700545944 0.004025945625159992 0.013335750366001688 148.9384308385956 -0.0038716062293185903 0.9999254656454267 -0.011579024958161578 0.18404087178492975 -0.013381372919329336 0.011526270671812389 0.9998440298082466 0.8729392822479329
0.9999422919971932 0.0030694763533127903 0.010295192582773978 150.22658270379455 -0.002932530414140089 0.9999073737929846 -0.01329075241612163 0.14020013229919595 -0.010335034628393565 0.013259794467975481 0.9998586724682128 0.8862953679818804
0.9999615817377487 0.00281816306437817 0.008300181051176192 151.64231327951333 -0.0027368164941835894 0.9999482758720387 -0.009795683539928126 0.1609480622643185 -0.00832735756509196 0.009772591134383389 0.9999175723920963 0.922343012577698
0.9999810103876188 0.003204967615052699 0.005263748354869067 152.95399004121256 -0.003181677746168569 0.9999851391504203 -0.004427008587532617 0.12124448856877997 -0.005277858550251142 0.004410176969353413 0.9999763469943789 0.9324512594457299
0.9999721922018532 0.004653757806130266 0.005827294509618377 154.3262829269708 -0.00461658589371212 0.9999690150172409 -0.0063762167572086114 0.1536019628899288 -0.005856787319505904 0.006349137243028477 0.9999626925533589 0.9330676651224156
0.9999644148764832 0.005246802721891507 0.006606060999572012 155.66353466774552 -0.005198580739593392 0.9999598722997932 -0.007295789777342069 0.15746145247004353 -0.006644075483198781 0.007261188014284736 0.9999515645318 0.9122281908593259
0.9999414766420771 0.005299180990373925 0.009431965420512396 156.98787672580224 -0.005137008110513476 0.9998399727172065 -0.01713593022068704 0.13242791141797539 -0.009521262444392588 0.017086475285646135 0.9998086806603442 0.9068815782912317
0.9999247132414106 0.0054668583870171586 0.01098550446993528 158.32089087511227 -0.005233701369169885 0.9997627864736013 -0.021141881480099645 0.12078556099315674 -0.011098478231767505 0.021082794926587205 0.9997161294782746 0.9174247024146801
0.9999291915138541 0.0050462276307669885 0.010777177049154226 159.65962469813348 -0.004812451352782058 0.9997549230875309 -0.021608657390553287 0.095746978643354 -0.010883578015865874 0.021555262673966437 0.9997084166798982 0.919876253934458
0.999923544475504 0.006410780114071969 0.010573887736958398 161.0308929127927 -0.006191451007555418 0.9997676684083512 -0.020646431646900706 0.10780935643848326 -0.010703790822219051 0.020579385405257403 0.9997309226778853 0.912850062700775
0.9999215232309656 0.007443602514260643 0.010076713803385883 162.3724349907569 -0.007252396333404014 0.999795445113952 -0.018880431054875694 0.10546651421244553 -0.01021519098641249 0.01880586905740809 0.9997709683533058 0.9106618952522687
0.9999230397693636 0.00859286138533487 0.00894859048164742 163.71443146994275 -0.008446771071768182 0.9998324870161794 -0.01623730166938445 0.10976655650192171 -0.009086616359071736 0.01616046534768958 0.9998281216103543 0.9205450911683224
0.9999220819439526 0.009721233607653403 0.007831197738331123 165.06634232969571 -0.00960244616040693 0.9998403930424427 -0.015065904170351623 0.15007207369537715 -0.007976406998636587 0.01498953160973225 0.9998558350449894 0.8991330376348748
0.9999071468906189 0.010153308699403608 0.009088889894646192 166.41825787720495 -0.010008653867874683 0.9998247299106009 -0.015822019686094185 0.15217586640675407 -0.009247942734222771 0.0157295830093709 0.9998335140279785 0.8998298218421699
0.999912245941825 0.009704334119673105 0.009018110382388212 167.73648705178866 -0.009557216158930995 0.9998228353237075 -0.01621596696327401 0.12311927313441044 -0.009173877853266739 0.016128355916096168 0.999827843231312 0.8874651093250785
0.999928988430724 0.009540534122269014 0.007141169692074922 169.12349162030148 -0.009434489256032231 0.9998468641597215 -0.01473901768942157 0.1252288160967006 -0.007280694224248208 0.014670597759910472 0.9998658735315352 0.8839593782677944
0.9999466086865474 0.009036750562726438 0.0050116779166073325 170.53115468245863 -0.008982324604008269 0.9999015710188149 -0.010778038727614219 0.11966696800598237 -0.005108583069792829 0.010732446756112402 0.9999293559875349 0.8972800534901506
0.9999598495505708 0.008342500736366467 0.0032713862907792993 171.89810958847042 -0.008325894465825967 0.9999525499706109 -0.005057399392642613 0.10530736906111819 -0.00331342242156088 0.005029959118770077 0.9999818602070338 0.9048389216324718
0.9999558429264961 0.008475133764423924 0.0040600868015235585 173.24862615090947 -0.008460238177179221 0.9999574694202694 -0.003672018599667381 0.09132113607549495 -0.004091034972495767 0.0036375071527112567 0.9999850158750219 0.8976680806357203
0.999936672361324 0.009358782300398464 0.006250156863291238 174.6321134632315 -0.009365695205166554 0.9999555601867952 0.0010776849430778456 0.10215616960152418 -0.00623979328871705 -0.0011361537600012295 0.9999798868649047 0.9192343715063922
0.9999130745039078 0.009636319399418242 0.008999154658910732 176.01565856631686 -0.009662907244550139 0.9999490621904118 0.0029156899868019092 0.1094449226348281 -0.008970599741701753 -0.0030023945357517713 0.9999552559826493 0.9265162757400682
0.9999107230033908 0.008646834362815577 0.010187162428186862 177.41255673647026 -0.008657697663428915 0.9999619984006733 0.0010227539785240098 0.10697306916317335 -0.01017793171547578 -0.0011108600424720213 0.9999475864743917 0.936964553555114
0.9999223058871017 0.0073922807823466555 0.010036751180356664 178.8115099747842 -0.007373251368297264 0.9999709515152582 -0.0019316547127378341 0.10267693380941043 -0.010050738961954244 0.001857501145164678 0.9999477648036493 0.9302034738782272
0.9999678044732712 0.005270792973045427 0.006050517196157525 180.15091214797647 -0.005237635148436408 0.9999712515853877 -0.005482990133600454 0.08860314203355639 -0.00607924295924801 0.005451123204312239 0.9999666634747649 0.9136582819555561
0.999991338776634 0.003414146638972762 0.0023803307422822274 181.57002283355033 -0.0034090421605000774 0.9999918882191559 -0.00214521034757526 0.10655229859496536 -0.0023876354962589726 0.0021370771195728983 0.9999948660358823 0.9375284467377697
0.9999966324450947 0.0018809986576522975 0.0017879995861695174 182.958459806867 -0.001883349446139242 0.9999973632146676 0.001313985759349367 0.07377756141373905 -0.001785523266148924 -0.0013173487624604872 0.9999975382464219 0.9504652190475107
0.9999939836760944 0.0017076980515742456 0.0030193341947652172 184.2904782427712 -0.0017194901425210336 0.9999908883179776 0.003907254108944949 0.09809764340364573 -0.003012634273323264 -0.003912422317023523 0.9999878084188569 0.9490168063720331
0.9999783500677893 0.0035259790665900133 0.005555795831729503 185.7455733419497 -0.003561651810568824 0.9999730226922964 0.0064240582198786585 0.13373378948406345 -0.005532994856509963 -0.00644370694973691 0.9999639316538692 0.9540347915366253
0.9999646906348145 0.002832449540277524 0.007911682072822494 187.1170508953013 -0.0029050027041533154 0.9999536983092141 0.009173995695119327 0.1132653920136643 -0.007885330868676415 -0.00919665522497107 0.9999266188524859 0.9738874168476422
0.9999592474996438 0.003328480681387783 0.008391934002336862 188.5634903797431 -0.0033863499894533342 0.9999705224458583 0.006891071985288798 0.12577874370797498 -0.008368749828670865 -0.006919209182495569 0.9999410425473064 0.9679486921690662
0.9999537354149995 0.003306912672490957 0.009032793486254157 189.9777924923079 -0.003363381801982426 0.9999748525661741 0.006243548519251019 0.1275206705654169 -0.009011919464958076 -0.006273640397302579 0.9999397115545128 0.9806757035041994
0.9999470161004608 0.0035540685757600296 0.009660931028815902 191.33962357998485 -0.0035770750117251737 0.9999908052487516 0.0023651537611021627 0.13339391799444159 -0.009652436280299092 -0.0023995863210060676 0.9999505350062786 0.9739952946567092
0.9999429665919976 0.004098732641006361 0.00986224892875523 192.79358036939865 -0.004102818216731138 0.9999915057605927 0.00039406768819732384 0.14193149242660563 -0.009860549978355353 -0.00043450822773691646 0.9999512891919908 0.9785415143171036
0.9999368445193002 0.004123468773053601 0.010454854282221728 194.14079296218023 -0.004109373586721368 0.9999906189627356 -0.0013693192650807956 0.12148612853213926 -0.010460402550074015 0.0013262698830239952 0.9999444089481614 0.9865602370088306
0.9999264669204263 0.004670977900931104 0.01119118927918773 195.59421387396807 -0.004620472865827115 0.9999790443635189 -0.004534541246869171 0.12056738231390923 -0.01121213550264839 0.004482499221686013 0.9999270949515258 0.9821997872784708
0.9999184469724434 0.005057112101144964 0.011727106267672526 197.01044494757764 -0.004969708801789579 0.9999597474764919 -0.007470302616085801 0.1022974102556125 -0.011764412379810827 0.007411413087052721 0.9999033301061712 0.9913672954360518
0.9999416160360802 0.005413185010324662 0.009352109237821336 198.43560326011098 -0.0053693655074782765 0.9999745194487316 -0.004704292436228373 0.11931596706374274 -0.00937733614622241 0.004653802888224782 0.9999452023413475 1.0126594986554225
0.9999784306245485 0.005568384705023083 0.0034830126962430022 199.8714242240355 -0.005568785873661369 0.9999844886274637 0.00010549105805653152 0.13711111370427448 -0.0034823712551413236 -0.0001248849345809147 0.9999939287286671 0.9996502244197318
0.9999695897147844 0.006926670396839705 0.0035834177623017887 201.32816463935004 -0.006963655352431117 0.9999215278018504 0.01041372856117365 0.12639876602893527 -0.0035110040982876873 -0.010438365562998396 0.9999393548483803 1.0126634973811937
0.9999537372121995 0.007091568044507838 0.006498699718065604 202.74921850245838 -0.007203139574530816 0.9998242447209337 0.017308796852596703 0.12077636961651561 -0.006374811026634334 -0.01735480714052302 0.9998290716184891 1.010905118029486
0.9999276356313357 0.008016617377942816 0.008969801923257206 204.1829057432206 -0.008170826682638507 0.9998171375612663 0.01728956419688083 0.09387033083477885 -0.00882955786260479 -0.017361603745375778 0.9998102888165031 1.0048725570337114
0.9999198263052274 0.008788261598914616 0.00911632709993626 205.632415761692 -0.008927581016290181 0.9998422336158956 0.015355981739192908 0.1493774808938501 -0.008979936465341206 -0.015436137342155699 0.9998405304872535 1.0004777145595285
0.9999268533913291 0.007418812126096762 0.009552439141542872 207.0927257208177 -0.007538525306359369 0.999892730453379 0.012557795295822845 0.135573551551175 -0.009458250531709343 -0.012628888039890552 0.9998755185940674 1.016753236568959
0.9999401296853906 0.0060834762320280625 0.009095513272963228 208.52605171470742 -0.006191062363942396 0.9999106498353998 0.01184749309154756 0.10832655241328124 -0.009022626644723619 -0.011903094668313817 0.9998884480509548 1.0262437265856976
0.9999475166999598 0.005590172778268628 0.008585674923530717 210.02222804201568 -0.005686619958277035 0.9999205414346123 0.01125047423719974 0.12012640585766424 -0.008522100623295002 -0.011298707245560185 0.999899851492911 1.0179506477128755
0.9999458130870954 0.00578452486534053 0.00865506566525659 211.4933653947872 -0.005895157574666066 0.9999005451381938 0.012811984604774208 0.12901531946398143 -0.00858009363337625 -0.012862313338796064 0.9998804643000168 1.0321398998979712
0.9999435897732749 0.005293139636544375 0.00920868851273342 212.93369249652383 -0.005418971542244587 0.9998915539397043 0.013693615573239105 0.1171518393530311 -0.00913520764738541 -0.01374274473427183 0.9998638332035057 1.0230468511796176
0.9999483756404368 0.004696825333293383 0.009010321073102172 214.37192807871858 -0.004820626489448264 0.999893599356654 0.013767771273671793 0.12491682179694368 -0.008944697552242071 -0.013810495913740607 0.9998646221305739 1.035424650431711
0.9999525950112979 0.004510284306390214 0.00862931432078179 215.81190765737722 -0.004635921313544154 0.9998827380582069 0.014595148741880747 0.1334094469128689 -0.008562474160308258 -0.014634461681200516 0.999856247951452 1.048158890850468
0.9999560709291795 0.0045250974023858075 0.008208514200307153 217.31445958217688 -0.004633024294745333 0.9999024441517723 0.013177149357739287 0.1401239764067482 -0.008148085527412098 -0.013214600743525724 0.9998794842526909 1.0478651347583594
0.999959757092687 0.0036232600915801494 0.008207081176847628 218.7911704737009 -0.003737266901179709 0.9998961445539281 0.013918798162902294 0.11503802726471976 -0.008155797400864655 -0.013948910082835442 0.9998694469160747 1.0588227817706517
0.9999641494103416 0.0038881278316295043 0.007522124435081775 220.26739844315458 -0.003994810852601717 0.9998909118332812 0.014219912779670937 0.13374934907217392 -0.007466015021675339 -0.014249452451740781 0.999870597489756 1.0526522531416556
0.9999632980089255 0.0036224044619568006 0.0077640724511624 221.75502200966943 -0.0037283026333813853 0.9998996279046859 0.013668718869907505 0.11865708034539899 -0.007713779526718721 -0.013697164012474975 0.9998764350175618 1.0672645474149214
0.9999673577282299 0.003173727714670927 0.007430405804230341 223.24629107236245 -0.003287613683001075 0.9998765418280189 0.015365308272645178 0.12781827899074674 -0.007380723155203317 -0.01538923501786895 0.9998543375768648 1.073505545485905
