1.0 -2.1684043449710093e-19 -2.5135375298442207e-37 0.0 2.1684043449710093e-19 1.0 2.3183291766350204e-18 -8.673617379884035e-19 -2.51353752984422e-37 -2.3183291766350204e-18 1.0 0.0
0.9999986970285794 -7.962919240506408e-05 0.0016123276141076814 1.3103287015837453 8.083705787166295e-05 0.9999997161627574 -0.0007490926343909192 0.0032561880647966777 -0.0016122675068275438 0.0007492219941652748 0.9999984196286962 0.011627717417431876
0.9999976600684792 -0.00014963327343157375 0.002158116644168125 2.6090832624064615 0.0001527462088992793 0.9999989481630902 -0.0014423388329116073 0.007197921014907817 -0.002157898552300417 0.0014426651020732675 0.999996631089946 0.023809355300668144
0.9999994708005878 -0.00042306548011194855 0.0009377708375143683 3.9404273000336865 0.0004259632475225674 0.9999951289832777 -0.0030920163372029916 0.004719909645989454 -0.0009364581442407243 0.0030924141568211432 0.9999947799967891 0.04623929439857278
0.9999990406168551 -0.0001651774215926582 0.0013753115242708452 5.251659227634686 0.00016967794205457025 0.999994629682479 -0.00327289101524985 0.01249167674829929 -0.0013747635307122168 0.0032731212353224975 0.9999936983314511 0.06073227015372196
0.9999977731637375 -0.000433530565403851 0.0020653616669034447 6.587825854891658 0.000441084947483861 0.9999932100019268 -0.003658605487283463 0.005095327872646401 -0.002063761525796214 0.003659508340110474 0.9999911744045911 0.0615337691942988
0.9999954212919324 -0.00022158170092717325 0.0030179954805052626 7.916077883965914 0.0002372318045553255 0.9999865233048648 -0.005186224997058447 0.004020051272283379 -0.0030168056353440127 0.005186917215362193 0.9999819972247298 0.07266018929082228
0.9999923996197251 0.0001423820182806217 0.003896207148644406 9.220786275192937 -0.0001242065953171662 0.9999891122994004 -0.004664746014428486 0.005825482512710084 -0.0038968289038597975 0.004664226625960307 0.9999815296866617 0.09388859033675856
0.9999968601590047 -0.00046922487931724827 0.0024616051967474295 10.578386331456134 0.0004798614576642183 0.9999905441880931 -0.004322183173220582 0.00912065463744834 -0.002459553844393859 0.00432335083171057 0.9999876295397221 0.09861646253770336
0.9999998772521423 -0.0004953115015492906 -1.2736436596782163e-05 11.889878331468784 0.0004952926016348673 0.9999988356168628 -0.0014434161415079502 0.018348256180632294 1.3451362383100946e-05 0.0014434096560688935 0.9999989581932702 0.11086716484657744
0.9999994017543605 -0.0004142601263423882 -0.0010123633086926269 13.224125995058976 0.00041657090254794855 0.9999973062446714 0.0022834123771656696 0.019945711598032236 0.0010114146549337131 -0.0022838327322213803 0.9999968805693581 0.12182689711718483
0.999999648724872 -0.00010460551070845077 -0.000831629616855335 14.559614342660073 0.00010814125747607805 0.9999909514647894 0.0042526808031601365 0.036332126738011866 0.0008311772379781702 -0.004252769242771665 0.9999906115050116 0.12988037273440894
0.9999999330542103 0.00036520870235665515 2.2675505674339132e-05 15.90569348519143 -0.0003653305672526321 0.9999840874883865 0.005629502961677154 0.05119121710689051 -2.0619201378544686e-05 -0.005629510868860985 0.9999841539655645 0.15059629269082028
0.9999964175670721 0.0003260069589341086 0.002656797411287525 17.2623787490955 -0.0003354322427413768 0.9999936497906005 0.0035479379482094594 0.04938795240382044 -0.0026556238876066485 -0.003548816413473906 0.9999901767336672 0.16545717492729242
0.9999840802832949 0.0008820408599822324 0.005573256130305902 18.61247961490129 -0.0008798025320484144 0.999999531342061 -0.0004040583660219077 0.03838837228822225 -0.005573609914343819 0.0003991485686719909 0.9999843876545987 0.17733160291553285
0.9999950670172416 0.0007054354105950167 0.003060768214665035 19.954589388369445 -0.0006961235239465555 0.9999951297903215 -0.003042335891630804 0.036586642850990704 -0.003062899479550933 0.003040190211084729 0.9999906879017716 0.18878975364964218
0.9999993404957692 0.0007035153248669496 0.0009077853349136965 21.294838747266166 -0.0006993644536388053 0.9999893368277986 -0.004564769442214945 0.037625496491657674 -0.000910987040299431 0.004564131558935412 0.999989169344211 0.19669619472109648
0.9999989917126427 0.0009339422070004645 -0.001069731579407004 22.67523576226889 -0.0009367100770394202 0.9999962075623597 -0.0025898716434481065 0.03880209413413846 0.0010673087320781675 0.002590871060463429 0.9999960741119029 0.21719339197520368
0.9999973120711465 0.0020520078591080566 0.0010794045711553085 24.02380149761014 -0.0020529728220528803 0.9999974933608359 0.0008936300336137582 0.04413073980388176 -0.0010775681296254262 -0.000895843619848388 0.9999990181550854 0.23207647480616445
0.99997512040791 0.0024753393478253003 0.006605396301425221 25.4207197263814 -0.0024862668102248915 0.999995553541618 0.0016466251368703853 0.06245740235090688 -0.006601290974813058 -0.0016630069471012707 0.9999768284142186 0.2499590631681695
0.9999701030579542 0.002771737891489215 0.007218757464087648 26.79495453544903 -0.002765272720381554 0.9999957667187762 -0.000905434320583027 0.04003542119286448 -0.0072212365316718305 0.0008854454177751259 0.9999735345144719 0.25162528250696276
0.999980902285055 0.0028500418162752074 0.005483824104828031 28.154897232875587 -0.0028221621315383297 0.9999830888165933 -0.00508502524367463 0.03343001195894641 -0.005498223901454111 0.0050694518905873755 0.9999720347047004 0.2546610838297441
0.9999905945323794 0.0028207223001639834 0.0032945974691508113 29.52224653517544 -0.0028019107408651066 0.9999798263256492 -0.00570054716012057 0.03722704115066399 -0.0033106106655120403 0.005691262375773194 0.9999783244598812 0.26107312459336696
0.9999925030168902 0.003732831700810141 0.0010295035251538123 30.891617452269617 -0.0037274258401268534 0.9999795131672405 -0.005203800766276786 0.038506390624967184 -0.0010489073463523253 0.005199924355428173 0.9999859301910586 0.3004881377169146
0.9999896933033333 0.004527778958167738 0.0003354173691885876 32.26682090813993 -0.004527174944669405 0.9999881677705779 -0.0017801701780801487 0.04790072343191768 -0.0003434736175275922 0.0017786333372963104 0.9999983592433167 0.3053658274042613
0.9999874997505914 0.004909244014078186 -0.0009485071276541962 33.65544648347366 -0.004910450379017511 0.9999871324468426 -0.0012737416598871476 0.04577493050998003 0.0009422418140690278 0.0012783833349832073 0.9999987389574112 0.3229708742555255
0.9999867076032345 0.0048175598569568275 -0.0018373170297350488 35.061280201491236 -0.004818423219293931 0.9999882828606632 -0.0004657671758035591 0.05826825840138587 0.0018350516403865661 0.0004746139556787375 0.9999982036619216 0.3352125333186741
0.9999887008646176 0.00472469655886577 0.0005247718751818028 36.44530666967567 -0.004724413545214167 0.999988694502058 -0.0005392445861018716 0.05076827902981237 -0.0005273137094147904 0.0005367592537490327 0.9999997169148376 0.36137871840941077
0.9999893546862971 0.004272222738862468 0.0017431657846632145 37.853375562330626 -0.0042726623863921535 0.999990841243568 0.00024856611432839276 0.044455049861420744 -0.0017420878896266276 -0.0002560114271455061 0.9999984497927654 0.36514821735922653
0.9999906566003061 0.0040674003229484515 0.001463887530394555 39.24486529751924 -0.004069911251246829 0.9999902448926882 0.001716374629402901 0.050716624201496405 -0.00145689206729267 -0.0017223164849592269 0.9999974555424779 0.35449132766024943
0.9999900592872374 0.004070722714425167 0.0018194898432481344 40.64952574433535 -0.0040795590101100915 0.9999797739674381 0.004879431761449824 0.041008853983451866 -0.0017995902284824972 -0.004886805972604066 0.9999864402092639 0.3828274173300436
0.9999878072018692 0.004410139035026151 0.00222173834847332 42.05744902843225 -0.004428516066995981 0.9999554521060945 0.008335589285737528 0.05043017031046547 -0.00218487826702011 -0.00834532665555294 0.9999627902227014 0.4078644818016555
0.9999877391574711 0.00428012451982133 0.002490395314863211 43.4472476668624 -0.004300946747045743 0.9999553302692646 0.00841660995679607 0.05271132847002935 -0.0024542599309252166 -0.00842721781969508 0.9999614785620548 0.4137151065913756
0.9999908448205858 0.0037305818979297962 0.0020959565153324407 44.87007848496296 -0.0037470982841566287 0.9999615186384421 0.007932244118125875 0.043786679452677446 -0.0020662839737549243 -0.007940025252070085 0.9999663426683602 0.43117391758220763
0.999994285194702 0.0028866469145634077 0.0017597862164090328 46.27718103532891 -0.0028987183701942383 0.9999720202426474 0.006896097711645599 0.04080476556668866 -0.0017398303788358556 -0.006901159426422981 0.9999746731736878 0.44045759291695086
0.9999945129220558 0.0020652901389647694 0.002590116295112168 47.700783156813486 -0.002082996263904171 0.9999743547975157 0.006852070771431639 0.03960183867563588 -0.0025758983568595958 -0.006857428376151033 0.9999731698519321 0.46437051382985267
0.9999931058259806 0.0013108928158059444 0.0034741704815335157 49.10746497597506 -0.0013347069067830772 0.9999755710770523 0.006861181137121695 0.05417739198568394 -0.0034650913382299185 -0.006865770834282002 0.9999704267291453 0.4780733243831515
0.9999931217199434 0.0003672043864382333 0.003690755172179107 50.53026125140275 -0.0003945652114551392 0.9999724280827835 0.007415348442000983 0.06981418772418486 -0.0036879304625081623 -0.0074167536807526226 0.9999656948784507 0.49016642002233496
0.9999937010372691 -0.000689559395363437 0.0034817227955624966 51.959187496687086 0.0006635395445667628 0.9999718872168841 0.0074689016043872885 0.06311847608255368 -0.003486775165919025 -0.007466544297296367 0.9999660459811618 0.4997282136084017
0.9999870982526042 -0.0018491983122751305 0.004731151438963607 53.3853302483567 0.0018129887980927186 0.999969123100569 0.007646300876711036 0.07452508161779024 -0.004745144882352796 -0.007637624701507691 0.9999595743273648 0.5058696957851307
0.9999809186993688 -0.0024238999003119046 0.005682160367314807 54.82241605567451 0.002390416986539226 0.9999797846710046 0.005892041748148899 0.0855179826887032 -0.005696327219979549 -0.005878346587666701 0.9999664978876034 0.5110765480931282
0.999976779214599 -0.003143425878318442 0.006046478755818622 56.23841030327109 0.003118258883315244 0.999986455401981 0.0041671901946864435 0.07820076666907673 -0.0060594961121922955 -0.004148238943164099 0.9999730369467652 0.5236105370936971
0.9999794258580426 -0.0036855021730888143 0.005250231837911905 57.667405236596196 0.0036752141323301546 0.9999913101609679 0.001967842379969088 0.0866311473939883 -0.005257438701610024 -0.0019485061670519092 0.9999842812074676 0.5309651773738073
0.9999753335316925 -0.0038845688769718256 0.005851705120743867 59.11600015183041 0.0038776221183784844 0.9999917643728558 0.0011980121743820874 0.08833823668151447 -0.005856310689089172 -0.001175291922446331 0.9999821609978898 0.5534234662147786
0.9999729195877497 -0.0033325401238094754 0.006561575075783951 60.51642024629213 0.003333671166860206 0.9999944302706752 -0.0001614440428470123 0.10492424593880456 -0.006561000510836297 0.00018331380451510617 0.9999784596021786 0.561144606546513
0.9999684952519318 -0.0026924642398070972 0.007467204289733763 61.96196327358922 0.0027045998264188897 0.9999950375354197 -0.001615563156701754 0.11518514344934229 -0.007462817387970394 0.0016357080582173624 0.9999708149820085 0.5704321473045688
0.999970659020859 -0.0026666059697139474 0.007181247105559993 63.37820791798481 0.0026909743251785976 0.9999906474297056 -0.0033858101393086258 0.10660403639710225 -0.007172151320911839 0.0034050353479077784 0.9999684824931782 0.5839158994690954
0.9999794384494538 -0.0012121326983819988 0.006297095571495645 64.77958902066528 0.0012464371980132546 0.9999843903225494 -0.00544660495634002 0.1314417789398865 -0.00629039526790215 0.005454341899856663 0.9999653399402467 0.5898224366649809
0.9999806323998957 -0.0009434378836213313 0.006151808682374584 66.236317702061 0.0009725943579148835 0.9999883015577894 -0.004738228337958312 0.13838513738491817 -0.006147266491680944 0.004744119784262109 0.9999698517666185 0.6067020392902862
0.9999810856436385 -0.0003696714735092464 0.006139356478652133 67.62098259687168 0.00039312986539015676 0.9999926256632132 -0.003820218331683389 0.13939419147541166 -0.0061378989792300045 0.0038225596390985194 0.9999738567752291 0.6179350414944234
0.9999735219388052 -3.6907808395821926e-05 0.007276953972340465 69.05801604332197 4.4980486432938505e-05 0.9999993838392152 -0.0011091879669526627 0.1466103541696416 -0.007276908550869834 0.001109485918735223 0.9999729074544662 0.620745907154305
0.9999615473159928 0.0010492362673593767 0.008706491409315594 70.45782009341636 -0.0010694733304059745 0.9999967368274143 0.0023200347667007262 0.17071282995355996 -0.00870402873391275 -0.002329256915500629 0.9999594063990902 0.6371159138628244
0.9999567604450196 0.001669780580376819 0.0091481732119136 71.87011510065744 -0.0017264566740860289 0.9999793454969149 0.0061909552505325935 0.17341074770953538 -0.00913764672409045 -0.006206481481080059 0.9999389896388533 0.6408718697787513
0.9999521364038817 0.0025898782247632695 0.009434904985941572 73.26073552312475 -0.0026876253539698247 0.999942698526418 0.010362255240137484 0.19465030811862388 -0.0094075273727769 -0.010387116755190308 0.9999017982953349 0.6542324291469188
0.9999591765027519 0.002850548419097299 0.008574363046235831 74.68321934361141 -0.002973391011369375 0.9998926373262721 0.01434826702447366 0.1871956038394331 -0.008532542049810275 -0.014373176212044167 0.9998602940069906 0.6586935266876669
0.9999531210934814 0.003706078026183596 0.008945423470634673 76.07947535435532 -0.0038515586888345104 0.9998597103637038 0.01630107625516614 0.2009435532533518 -0.008883755459917047 -0.01633476590202985 0.9998271122108333 0.6686837801401155
0.9999486656583386 0.00403386118051783 0.009294837926741613 77.46969016375128 -0.004187617760725365 0.9998537315996122 0.016582498720658194 0.1870890747413113 -0.009226586887800956 -0.01662057069738836 0.9998192970352667 0.6767008833170399
0.9999460097245247 0.004348151454630042 0.00943775476097737 78.86359265732291 -0.004485603337516336 0.9998834686041554 0.014592072327859428 0.1910728282496024 -0.009373206425722983 -0.014633618522109194 0.9998489887029193 0.6852670809937599
0.9999562810895302 0.004251793811474505 0.00832815459637734 80.26364020327297 -0.004369754099152716 0.9998896630540064 0.01419742817761334 0.19488543141665315 -0.008266871155968983 -0.01423319946920784 0.9998645282607841 0.6930226049187038
0.9999544415506749 0.004239660401174394 0.008552198709134637 81.6590578261805 -0.004356807269745843 0.9998963013227692 0.013726063946381015 0.201184322800135 -0.008493118007663626 -0.013762698889700551 0.9998692189810522 0.703341582455857
0.999951223382475 0.0042735673381388934 0.008904351638258812 83.03782021131983 -0.004396898110066097 0.9998940370755486 0.013877388362769656 0.21199896328153706 -0.008844102153473078 -0.013915862997594865 0.999864056066689 0.7170558707635923
0.9999579666854028 0.0034833744702554062 0.008481212454288782 84.42371517215535 -0.003597943366320299 0.9999019789026993 0.013530978900230872 0.2021938480785932 -0.008433247650078943 -0.013560925070426211 0.9998724826923214 0.7276559580395597
0.9999517899188315 0.0030364199028519267 0.009337986522726164 85.78261437581426 -0.0031576757489972327 0.9999105363784896 0.012998012276702667 0.21035915175423295 -0.009297683689459733 -0.013026871975063055 0.9998719186398606 0.7292937329963687
0.9999483963385536 0.0017614161865764934 0.010005102346929947 87.17624771334783 -0.0018914644887126502 0.9999136600919438 0.013003642705820306 0.2141550166714114 -0.009981333680566732 -0.013021895966039698 0.9998653925421196 0.7435948903966468
0.9999338868277782 0.0008199698785751943 0.01146950839793533 88.56434488029551 -0.0009530096334914369 0.9999322777707194 0.011598777732991793 0.22050781421168644 -0.011459221008888527 -0.011608941452996612 0.9998669505150224 0.7583820888696647
0.9999279685202233 -0.0005862413154979224 0.011988081253457959 89.9419219122987 0.00048060467524463054 0.9999610511298499 0.008812788572974442 0.2155650731027864 -0.011992780752004092 -0.008806392246874946 0.9998893042059349 0.757554274730961
0.9999310647819151 -0.0013432539041842238 0.01166453398360196 91.32845991040163 0.0012647806695513933 0.9999765380936114 0.006732279864515448 0.21869977588085282 -0.01167330347260964 -0.0067170626962329925 0.9999093034144503 0.7587752962098815
0.9999359611809489 -0.001792141333310526 0.011174156190660669 92.68972445111916 0.0017352972224627895 0.9999855161430624 0.005094727435568098 0.22806593047744358 -0.011183124817400239 -0.005075010693038718 0.9999245881494183 0.7619217630901084
0.9999367459373972 -0.0019303891109622776 0.011080510909215005 94.0341002976122 0.0018832929616290927 0.999989156064215 0.004259220773770544 0.23328237032793367 -0.011088612706269112 -0.004238083512546502 0.9999295381757611 0.7678033946115463
0.9999384023418314 -0.0021216615109887807 0.01089449744130838 95.38692579031141 0.002063907744390753 0.999983773573976 0.005309696184687482 0.24987535048754433 -0.010905586040581675 -0.005286883882196557 0.9999265558289407 0.7827245416730026
0.999944137042275 -0.00217761241607078 0.010343152273130558 96.74856703588662 0.002125941973489009 0.9999852201236942 0.005003988898110298 0.27801071921263737 -0.010353896150973752 -0.004981720418934391 0.9999339874692542 0.7852277062850647
0.9999503450553803 -0.0020344060112044877 0.009755440318483676 98.0963374231804 0.0019715811939451503 0.9999772853845225 0.0064452759907652505 0.2819841443377588 -0.009768331035627511 -0.006425722308272293 0.9999316425644282 0.7956745047492664
0.9999496390306659 -0.0019943819999729408 0.009835743127956242 99.43578804651149 0.0019202173471397203 0.9999696998937277 0.007544008204393373 0.2844995357244516 -0.009850490738064687 -0.007524741516251224 0.9999231700972495 0.7949171194300767
0.9999327470427797 -0.0018186305159027325 0.011453993824296429 100.79433840083804 0.0017368971897326595 0.999972989272748 0.007141702393458191 0.2957142001484358 -0.011466672561501535 -0.0071213276831680085 0.9999088969063112 0.8028328880752277
0.9999150353520738 -0.0021802914917775913 0.012851786096562135 102.11552424529991 0.0020663027046569594 0.9999584717120721 0.008876105248913175 0.29912517130411387 -0.01287060488064306 -0.008848795413384748 0.9998780157347887 0.8079389667924555
0.9999310209337753 -0.0016220818250825544 0.011632808125746512 103.46333602531058 0.0015277686112409937 0.9999659315063109 0.008111827771017632 0.309083394670868 -0.01164556986189186 -0.008093495985597507 0.9998994329557963 0.8149670797507707
0.9999569797465984 -0.0017398352850231142 0.009111071794362961 104.79213613979984 0.0016649676960258 0.9999648426205007 0.008218357836500389 0.3248005356807361 -0.009125050061903128 -0.008202834640449932 0.9999247206491243 0.8113152603955258
0.9999686207201038 -0.0016531801678587997 0.007747552546813036 106.10883195144864 0.0015941977029458054 0.9999697495683598 0.00761304681947988 0.32681059764436166 -0.007759903918023285 -0.007600456797079288 0.9999410067337267 0.8133488380966825
0.9999543325750423 -0.0018023400437824956 0.009385325501454525 107.47421783697423 0.0017535025851572153 0.9999848944660404 0.005209229158507719 0.33146083400306575 -0.009394572533411059 -0.005192534073896693 0.9999423881388397 0.8247785498008668
0.999933609635622 -0.0007428564436243196 0.011498890615178716 108.79902979481373 0.0007123561687513162 0.9999962182432076 0.002656322264331552 0.3523235107610684 -0.01150082039528143 -0.002647954604464998 0.9999303573082717 0.8325803469775168
0.9999237394225051 0.00016008217339399095 0.012348672520225548 110.15140679169923 -0.00016985165355320924 0.9999996734529771 0.0007900913585980155 0.36481855614371095 -0.012348542008261437 -0.0007921285482214824 0.9999234400906067 0.8400359009121974
0.9999343620870533 0.0005901639202938387 0.01144216868014671 111.46904821959296 -0.0005877985842899294 0.9999998051790004 -0.00021008280572380435 0.36420694856762137 -0.011442290434264186 0.00020334332577549386 0.9999345141763583 0.8501627547901295
0.9999621028050896 0.0010864907771150636 0.008637852245483009 112.7969318712938 -0.0010955806642726825 0.9999988510449461 0.001047669697921329 0.3757222112461543 -0.00863670403751476 -0.0010570934580795804 0.9999621442318651 0.8526892450119553
0.9999765830792945 0.002243730354770645 0.0064652120733862325 114.14502140757374 -0.0022750649962732477 0.9999856827634983 0.004843381802280128 0.38344737095379383 -0.006454252266646425 -0.0048579771628741615 0.9999673708104498 0.8546307973543424
0.9999714414317572 0.0039702399480898405 0.006430669922222608 115.44658900410903 -0.004019153949712888 0.9999629559361608 0.007611383379147628 0.39803099689867766 -0.006400212685723361 -0.007637011861353172 0.999950355431412 0.8602451626256412
0.999952212182297 0.004795884889019086 0.008518969413116986 116.8064538881441 -0.004872189138275569 0.9999479983618503 0.00895892544504514 0.38955536290782633 -0.008475560437588417 -0.009000003347793046 0.9999235794874569 0.8673873858554961
0.9999242661290235 0.005972591132627565 0.01076058369682349 118.1206279270888 -0.006066753459449527 0.9999434072330515 0.008739384052560917 0.3871598056283034 -0.010707777957921152 -0.008804003993545065 0.9999039118859799 0.8647892661594253
0.9999075996172355 0.0068689984043506565 0.011730690031679723 119.47658095520599 -0.006963272036933881 0.9999436375239015 0.00801465021121538 0.3779067201125227 -0.011674976241430926 -0.008095593640339674 0.999899073053562 0.8720868921123723
0.9999030000989093 0.008113778053710332 0.011320644809181855 120.82099880262156 -0.008202011445971706 0.9999361789863996 0.007769489192925591 0.38395852696801974 -0.011256882403253425 -0.007861587611543042 0.9999057345764076 0.8716862867164574
0.999900331050269 0.009059158805506975 0.010828647528621494 122.15606082555503 -0.009165237063585309 0.9999101032267939 0.009786924672784105 0.38039754881840926 -0.010739012763322198 -0.009885196341958695 0.9998934725750289 0.8804360481863989
0.9998851825177743 0.009931485880815088 0.011444971367214953 123.51333076292957 -0.010064483055535438 0.9998818086792551 0.011622170757915135 0.38274123612575084 -0.01132819324614652 -0.011736024049927136 0.9998669600388231 0.8893920968316925
0.9998879965414499 0.011187971822455239 0.009941008944041508 124.83894261263463 -0.011314122034118699 0.9998550146454964 0.012725577819931172 0.39058496182926883 -0.009797194237261782 -0.012836626299538441 0.9998696095043209 0.8946824136146843
0.9998758257456891 0.0124286310538663 0.009688251622615366 126.1794677938969 -0.012560741815179499 0.9998272985994285 0.013696741963755537 0.3803315663163838 -0.009516346695483525 -0.013816732808307865 0.9998592586159689 0.8939864616371016
0.9998706398655703 0.013018002046535531 0.009446436234437779 127.52059143949651 -0.013138700472758962 0.9998313737659291 0.012829597936887132 0.35563317811000783 -0.009277827585271549 -0.012952052194592632 0.999873075074655 0.9061498826936936
0.999847594102486 0.014161461792064105 0.010209875972910712 128.8746975629951 -0.014298299660049108 0.9998072226474467 0.013456454541610086 0.35875365735822073 -0.010017344673203098 -0.013600387564730929 0.9998573309546654 0.9216580986433908
0.9998277905481954 0.014636891436082185 0.011408359067032744 130.22854156132044 -0.014772631040954502 0.9998199894677955 0.011906218238588104 0.3351095692693036 -0.011232035418472994 -0.012072699354552172 0.9998640364122777 0.9238018144242064
0.9998149751672235 0.014985138413477646 0.012060723779823588 131.55402401255935 -0.0151102844496538 0.9998322336288922 0.010352965783339968 0.3248202522472859 -0.011903559770708765 -0.010533291194559001 0.9998736695410054 0.9276635137802427
0.9998085502560065 0.015082264422502668 0.012465477723384773 132.9205758098898 -0.01518774492849578 0.9998492831704181 0.008410906466480662 0.3179815874741758 -0.012336743450742683 -0.008598618696665514 0.9998869278661161 0.9302346343357787
0.999799114511089 0.014972864302873071 0.013324562184552505 134.26269374314214 -0.01506564994153406 0.9998627636180386 0.006890582118914879 0.2926950538713668 -0.01321956181881276 -0.007089941090453709 0.9998874816301344 0.9293602742193169
0.9998177623811046 0.013922518103658766 0.01306160468297016 135.59420392591875 -0.013994563076129281 0.9998872691978358 0.0054406893315847756 0.2690793389084026 -0.012984384142081327 -0.0056224892839271306 0.9998998916805137 0.9391364133936088
0.9998253299318558 0.012886545355638143 0.013536859881551821 136.92911547697497 -0.012933040064639334 0.999910743740197 0.0033527641749375578 0.26244008432552557 -0.013492446084462222 -0.0035272512985881684 0.999902751469829 0.9409592281249779
0.9998222920948147 0.012139908941782324 0.014422442274326503 138.26924908191282 -0.012176461704354243 0.9999228643049964 0.002449330613460391 0.24663684975059616 -0.014391595138602296 -0.002624509664084563 0.999892991243758 0.9432480421842898
0.9998317953429289 0.011138861113643372 0.014570751333638656 139.62102381440607 -0.011155140442032781 0.9999372423248025 0.001036462053247091 0.24047098567957334 -0.014558291900298394 -0.0011988264929755328 0.9998933037839515 0.9462699069027822
0.999844507384571 0.009952340532127428 0.014557196530832423 140.9546849162257 -0.009954498254051697 0.9999504498840401 7.577081071665669e-05 0.24187931450313988 -0.014555721123145623 -0.000220668616365184 0.9998940355297391 0.9485782942281155
0.9998582835805441 0.008570853492802495 0.014489762792168867 142.32844087843847 -0.008567088779858343 0.9999632500192359 -0.00032187078954278785 0.2364359150733932 -0.014491989001045761 0.00019769009092736762 0.9998949660706475 0.9474733018734238
0.9998833444062375 0.0073230501311626174 0.013404123088583294 143.67319652087647 -0.007316346993628932 0.9999730844434633 -0.000549049446795992 0.2328043160447866 -0.013407783025773851 0.00045091618144538263 0.9999100099653624 0.9487855242541406
0.9999065723398871 0.006756646456447265 0.011882521624659711 145.0182851378364 -0.0067370807962275035 0.9999758845351184 -0.0016858500978978953 0.2241285723926526 -0.01189362576521683 0.0016056390846196948 0.9999279792011457 0.9519674614066514
0.9999256969162997 0.0055646075498711626 0.010846003377657034 146.34048243894097 -0.005482997494573932 0.9999565438654814 -0.007539702850658099 0.21880555109882813 -0.010887487539681821 0.007479674018140279 0.9999127547399602 0.9542801126772951
0.9998970198181778 0.004723734602533649 0.013551239431564574 147.69340179609136 -0.004501975041197938 0.9998562171825651 -0.016348614072747382 0.21017447406005763 -0.013626517510178274 0.016285923147799426 0.9997745179428054 0.9431804420043471
0.9998803726249851 0.0036071131904712125 0.015040916652654078 149.02992923821643 -0.0032593517726310843 0.9997282670713756 -0.02308178165753957 0.1806628796009407 -0.015120088139399347 0.023029996806235385 0.9996204290538292 0.9513787796420173
0.9999244251297625 0.0018401330765275322 0.012155572350759024 150.38094621304455 -0.001515271304859672 0.9996428584985839 -0.02668069350021943 0.18426716876572857 -0.01220032711801355 0.02666025812029306 0.9995700989201172 0.9531149449470221
0.9999590427196536 0.002499669219606906 0.008698536485321172 151.73496088531746 -0.0022745586745750905 0.9996647050224732 -0.025793485905694608 0.17675899587925387 -0.008760095092510642 0.025772644143042464 0.9996294471192043 0.954834983478731
0.9999727519232484 0.003161990123366869 0.006670624371466288 153.07107006783463 -0.0030075775097337817 0.9997301918532062 -0.023032541645988565 0.18855065473331595 -0.006741653251867319 0.02301185163369051 0.9997124610585889 0.9452198177132787
0.9999659721174836 0.004234578497368794 0.007079756499037482 154.40726113502953 -0.004077138398807667 0.9997473074010438 -0.022106521364521202 0.1900782631006965 -0.0071715792969895865 0.02207690397933293 0.9997305530797157 0.9666635455783119
0.999935029046688 0.004601607779204773 0.010428944876914458 155.7520631779909 -0.004335246571110948 0.9996674379327466 -0.025420841334343042 0.17785716423097675 -0.010542453346684964 0.025373977670529606 0.9996224376906554 0.9691049536617973
0.9998941873030414 0.005575442849924053 0.013436094470406793 157.10423321631353 -0.005160909159022335 0.9995155697242034 -0.030691870186636924 0.17097777786922694 -0.013600706387639746 0.030619280134063964 0.9994385826401886 0.9797606038341793
0.999879026577976 0.005817644480539922 0.014425228669839585 158.43975683012658 -0.005303223985812051 0.999357503442782 -0.03544652490677057 0.16044337008149676 -0.014622175790060324 0.03536573660067103 0.9992674600175153 0.9705526988645738
0.9998777545943107 0.005386015933087253 0.014678784003034403 159.79635281377168 -0.00484568218425013 0.9993182209800432 -0.03660071831877796 0.13947410314346764 -0.014865908368090036 0.0365251153269886 0.999222157840158 0.9774466618037142
0.9998646625823724 0.006053362674153974 0.015297493891930998 161.1401167477096 -0.005522088481372592 0.9993881899302238 -0.0345362471440489 0.1272879116031633 -0.015497195160492716 0.03444709898273138 0.9992863625176877 0.9854475424689547
0.9998636105219184 0.007366111765661147 0.014781770919928139 162.49736089317935 -0.00690129052276501 0.9994876506671668 -0.03125393339962275 0.13043301665256107 -0.015004417455997369 0.031147657396398992 0.9994021667454612 0.9805099191636442
0.9998941331633177 0.007541027024876532 0.012444090042566736 163.8401776344748 -0.007195510411897428 0.9995936874702303 -0.027580511227673028 0.13531733396177067 -0.012647019233388651 0.0274880497867274 0.9995421251870442 0.967247937325832
0.9998898120174524 0.008944978713456793 0.011846990314819792 165.20484949545514 -0.008636901907518616 0.9996296748970639 -0.02580536747713683 0.12697541918237593 -0.012073431539687894 0.025700202742507207 0.9995967846236054 0.9697549149782595
0.9998713275573838 0.009003373726896058 0.013276580514906005 166.55584950779553 -0.008683915617104217 0.9996760101339035 -0.023926227707573442 0.11784099789847927 -0.013487695807288858 0.02380785635653658 0.9996255639175684 0.9714889552508787
0.9998795860320702 0.008226344600575572 0.013158293614618375 167.88049239500006 -0.007946673449356725 0.9997443659304109 -0.021167266509633808 0.09167234494531984 -0.013329059135033293 0.021060153012577028 0.9996893548186164 0.9770136436218018
0.9999070535699756 0.008030182142610934 0.011018184776378805 169.26619715904457 -0.007809293562249654 0.9997705538598851 -0.01994629210548503 0.11451634983514716 -0.01117582905508756 0.01985839392939975 0.9997403388057702 0.9722975625397565
0.999930617915358 0.008250388057366784 0.008407761432940851 170.62766605069865 -0.008106424713731132 0.9998223676231983 -0.01701526017146736 0.10086673912746673 -0.008546650441605599 0.01694592273217879 0.999819879012707 0.9781919376591478
0.9999410884847617 0.008457829120923077 0.006803284976473519 171.98568435207605 -0.00836847994736519 0.9998797448114408 -0.013056203857879853 0.1103989360470391 -0.006912893987353736 0.012998501543225497 0.9998916195540146 0.9542601591895067
0.9999364398425405 0.0076503579628949174 0.008281805241900642 173.35578357437427 -0.007588305418881855 0.9999430948917212 -0.007498306424534231 0.09115690878732388 -0.008338698693139768 0.00743498496340197 0.9999375916039456 0.9832943714589636
0.9999060446382819 0.009120040923454233 0.010233608815109051 174.72888986135564 -0.009085502954716392 0.9999528898629684 -0.003416385627823458 0.12007192554016895 -0.010264284285131495 0.0033230871569489423 0.9999417990862575 0.9913288283657389
0.9998708046280131 0.009484100894423345 0.012977899782087058 176.10680349014768 -0.009441470372296286 0.9999498429399006 -0.0033421911490817027 0.10676054531097727 -0.013008946526854066 0.003219228897165741 0.9999101979055764 0.9924786445938089
0.9998544352821821 0.009006742094976546 0.014490922792672549 177.48943103530777 -0.00894227898689274 0.9999498592347693 -0.004507179038544817 0.09415350008219125 -0.014530791205890884 0.004376941077910315 0.9998848426162541 0.9916514778438943
0.9998710609130254 0.007802151482037215 0.014035240678822275 178.89489918133046 -0.007692495605598054 0.9999395997662096 -0.007849989219762047 0.1052173441785279 -0.014095639752028913 0.007741011022073939 0.9998706864831758 0.9802448786965507
0.9999374850706839 0.004860827375569682 0.010069672672967508 180.23430326020488 -0.004768054373798508 0.9999461574124222 -0.009216720328835339 0.075865179008161 -0.010113931382222106 0.009168131399384393 0.9999068225383 0.9705123312020406
0.9999761324750083 0.0035955663829986243 0.005899693442047536 181.6440063347929 -0.003550837276158294 0.9999650075986479 -0.007574637474771716 0.09814901221841117 -0.005926722109474448 0.007553507835530555 0.9999539081799799 0.9773082043601728
0.9999812427694642 0.0029845950193921364 0.005348485936051383 183.04514137953186 -0.002967914499604356 0.9999907161210814 -0.00312396465565249 0.10634030484668205 -0.005357760050707573 0.003108032209766722 0.999980817087519 0.9812490856375824
0.9999755823252542 0.00281372228243212 0.00639669603671899 184.38779671287566 -0.002822577001311061 0.9999950702993068 0.00137565844460186 0.11323144589538614 -0.006392793782103511 -0.001393680021339019 0.9999785946927352 0.9797300291123061
0.9999463743262743 0.0036096924200901635 0.009706626209504833 185.83093927950213 -0.0036359485759163944 0.999989775366785 0.002688687382406213 0.12470367852017009 -0.009696821628347821 -0.002723835993477295 0.9999492748973764 0.9827244127392287
0.9999169346515847 0.0040993867791078425 0.012219608218501144 187.1967533387468 -0.004146551027224457 0.999984042086839 0.0038368849664151858 0.1281211946109485 -0.012203684343550052 -0.003887235483239327 0.9999179763804333 0.9957925284001028
0.9999071748224002 0.004343503181415267 0.012914167367626777 188.63528868361982 -0.004364978362583603 0.9999891364909552 0.0016351953913532314 0.12679724844813445 -0.012906924598068194 -0.0016914136651810926 0.9999152716191672 0.9784644151621046
0.9999016326160982 0.004017019693290764 0.013438327442244465 190.04698148358156 -0.004032885786860018 0.9999912022856086 0.0011537693067405785 0.10626455651578115 -0.01343357450165104 -0.001207851053213247 0.9999090359487416 0.9909991783218712
0.9998809774561923 0.004871358456743955 0.014639015951742156 191.42898376339863 -0.004834383755274811 0.9999850372219331 -0.002560091005400363 0.14308339836945858 -0.014651268032364542 0.00248901567594621 0.9998895664752226 0.9903052701107814
0.9998838707663362 0.005048173248571988 0.014379183849613663 192.87941889442598 -0.0049911362890894505 0.9999795450212378 -0.003999762200679993 0.11458277472716855 -0.014399081216255523 0.003927529245041496 0.9998886142836896 0.9871198032121358
0.9998621303502505 0.005146465706406134 0.01578715244087591 194.25664979884067 -0.005038203019531649 0.9999635731336838 -0.006889768940232776 0.0981747471754852 -0.015822035323960405 0.006809280171104703 0.9998516374451555 0.9957328045043513
0.9998394725635878 0.005665369120700166 0.016998020369815004 195.6926771522624 -0.005471525093771562 0.9999197188732014 -0.011428832910061163 0.095974948042632 -0.01706140430664067 0.011333993173815044 0.9997902025334221 0.986574145531269
0.9998372540395107 0.005339716308692738 0.01723232034503304 197.09543133775603 -0.0050811638781844155 0.9998743880769057 -0.01501298909199644 0.0871968111307526 -0.017310320862831883 0.01492298554499236 0.9997387945328768 0.9914411470911543
0.9998821993558769 0.006322860094752837 0.013986023433297046 198.53179350490925 -0.00613619137571261 0.9998920606371868 -0.013349690263099333 0.09396671071891215 -0.01406892201468123 0.013262296744615583 0.9998130709879735 0.9858704807609558
0.9999435834897986 0.006502453422462228 0.00839928193770321 199.9603680744841 -0.006453348674249628 0.999962005247542 -0.005860234824932865 0.09403936321072309 -0.008437068713058979 0.005805700715977755 0.999947553480045 0.9981735223563589
0.9999420099003974 0.007430837786135668 0.007794837147092399 201.39230785203645 -0.007461115814812716 0.9999647057671909 0.003862508347313112 0.09639900513465341 -0.007765860361318943 -0.003920442542781396 0.9999621600556279 1.0072132114177594
0.9998963722912786 0.008066876840715304 0.011923513608725763 202.82774883024123 -0.008211896163264744 0.9998922955801083 0.012163963208807095 0.11332858618584302 -0.011824104200509025 -0.012260617340826925 0.9998549233875269 1.0109667132565023
0.9998526702861015 0.009327809469063135 0.014409361271800506 204.27739667723975 -0.009516922215736818 0.9998687437469362 0.013111959024609562 0.10768213069150251 -0.014285164097483209 -0.013247160013839994 0.9998102054081444 1.0032041447134166
0.9998601050417047 0.008619767169021457 0.014334223381232311 205.71764107660198 -0.008767018529580986 0.9999091183090713 0.01024180201320904 0.0976163054686187 -0.014244638714028196 -0.01036603763873395 0.9998448057231578 0.9874015338187624
0.9998522533485094 0.007597323524568773 0.01541921363660288 207.156507199179 -0.0077267470437196815 0.9999352727599576 0.008351507085033676 0.08627889812603176 -0.015354766492217833 -0.008469413541210067 0.9998462382687837 1.0064445185235125
0.9998700746853537 0.006573320224659317 0.014718193161161124 208.59392781217093 -0.0066604955669675205 0.999960520326736 0.0058818013130265585 0.08019406452362998 -0.01467894912817574 -0.005979067578443961 0.9998743817117152 0.9968315340854095
0.9998801379358727 0.006071049433082155 0.014242616336946658 210.06041524022044 -0.006159058384155808 0.9999621605888375 0.0061435649524132175 0.07226669024506549 -0.014204779518209603 -0.006230549677599306 0.9998796950081316 0.9867642030428134
0.9998846520588204 0.005527095912545262 0.01414686495253953 211.535440183868 -0.005638363340183602 0.9999533909085615 0.00783740194920708 0.06808503148139047 -0.014102887507738956 -0.00791626308575497 0.9998692121186157 0.9909477121713299
0.9998688355162441 0.005865196460258269 0.015096729244197433 212.99278122515838 -0.005992137916198737 0.9999469579482093 0.008377086206743219 0.07275378678394406 -0.015046795226335926 -0.008466449114270275 0.9998509454877823 0.9823195826056339
0.9998667804901843 0.005588130081961299 0.015336038418726753 214.44226042520285 -0.005712667337539183 0.9999509671335026 0.008088804649852666 0.07278370247970416 -0.015290085156211417 -0.008175336749024124 0.9998496772840184 0.9867875924292094
0.9998945754249515 0.004939811813312641 0.013654167678951678 215.88834526416414 -0.005040615921006657 0.9999602242407202 0.007358133430792105 0.06713389354005941 -0.013617276779619557 -0.007426183117692633 0.9998797035530873 0.9870497858479577
0.9998955678081889 0.004651064627505695 0.013682875259621821 217.36552390852677 -0.004757078325368086 0.9999588418568832 0.007725593701916278 0.07303253740466038 -0.013646379862290173 -0.007789877410559207 0.9998765394420366 0.9801041821408238
0.9998962727770163 0.004345176773465206 0.013731828918177993 218.85787577082849 -0.004444756190541539 0.999963988274396 0.007229543330684534 0.061975003408566334 -0.0136999207675597 -0.00728982806182293 0.9998795780381714 0.9825521461966369
0.9998957176917734 0.004192798734178384 0.013819340810180297 220.33587078580095 -0.004301912088268844 0.9999597345875595 0.007875452746504792 0.062012821430625864 -0.01378576418041629 -0.007934081065397277 0.9998734935298613 0.984321467659924
0.9999029436327075 0.004027606997962633 0.013337229716722153 221.81248394290162 -0.004134108766595673 0.9999597141857522 0.007967380388471015 0.06259939822787416 -0.01330460293855517 -0.008021744661767676 0.9998793122938532 0.9832930127791117
0.999900677046458 0.0035839479012467266 0.01363053041800429 223.30298111869263 -0.0037048030111238783 0.999953960656969 0.008851610084612715 0.060422512908555215 -0.013598179167953275 -0.008901229346691346 0.9998679200971666 0.9762315633539178
0.9999033723116401 0.0034526413718603587 0.013465708572781057 224.79934171613775 -0.0035799228604212314 0.9999490373173705 0.009439646199812203 0.0611854144792685 -0.013432430611143483 -0.00948694026657245 0.9998647747431927 0.9804981897151627
