1.0 -2.1684043449710093e-19 -2.5135375298442207e-37 0.0 2.1684043449710093e-19 1.0 2.3183291766350204e-18 -8.673617379884035e-19 -2.51353752984422e-37 -2.3183291766350204e-18 1.0 0.0
0.9999996063457826 -0.0003664567917064065 0.000808095105688968 1.3205100872443891 0.0003667136204667222 0.9999998822955909 -0.00031769470415691 0.0031420780878519106 -0.0008079785891905835 0.00031799091857693845 0.9999996230261166 0.01714997643033895
0.9999990830696036 -0.0003209033154564681 0.0013156295124886978 2.620541930035846 0.00032209567013755585 0.9999995375386885 -0.0009061880535730537 0.013965863867644701 -0.0013153381053101292 0.0009066109812311603 0.9999987239702846 0.025717217079614392
0.9999993469662072 -0.0009053167235253246 0.0006974731460271579 3.941875516196406 0.0009066242366144296 0.9999978281755811 -0.0018766130699991838 0.00906952146362535 -0.0006957727020420913 0.0018772441905660086 0.9999979959252899 0.04761100020893076
0.999999388945838 -0.0004493353171719487 0.0010100523370635461 5.259231803082895 0.0004518242443174384 0.9999968591184366 -0.0024652805345289075 0.01850478289377904 -0.0010089414269978821 0.0024657353942428907 0.9999964510867839 0.058329980633029126
0.9999984836620254 -0.0006864269430725385 0.0016004660889272664 6.579453636907908 0.0006911569466552229 0.9999953900625913 -0.0029567136555668076 0.018846133416525374 -0.0015984291429626402 0.0029578153454448597 0.9999943481603569 0.06836522343393497
0.9999964886893794 -0.000479666189310204 0.0026062481191712447 7.916065001568588 0.0004899747401542076 0.9999920544709573 -0.003956124329179871 0.01870335618790024 -0.0026043297920697065 0.003957387433743466 0.9999887782125525 0.09134020206657747
0.9999947859493671 -0.00028543067097904894 0.0032166136559522024 9.231294396816313 0.00029822376907744086 0.9999920455769769 -0.003977416920178261 0.03392057615501986 -0.0032154527928661917 0.003978355452373195 0.9999869166900291 0.10526592127456232
0.9999975625115636 -0.0009014689992911217 0.002015520918978153 10.56476976176541 0.0009083743056163634 0.9999937125741767 -0.003427778907074516 0.02573773122466836 -0.002012418210118728 0.0034296013993183 0.9999920939723421 0.11950008513001781
0.9999997887739291 -0.0006245134067400194 -0.0001800974786619867 11.883312980842401 0.0006243910019298671 0.999999574604483 -0.0006789158488787178 0.041279297267796 0.0001805213940989997 0.0006788032542288439 0.9999997533190537 0.13051529628001535
0.9999990377617906 -0.0007271179605002222 -0.0011814292042252369 13.223855397048556 0.0007303455927367249 0.999995996344015 0.0027338418490844927 0.03928242353892897 0.001179436648679496 -0.002734702070089843 0.9999955651570559 0.1451686046468641
0.9999993882536418 -0.0005139958887710859 -0.000979438904983574 14.563203071822265 0.0005192552232252798 0.9999854086113169 0.005377075271055305 0.05948015739250047 0.000976660819026885 -0.005377580560416333 0.9999850637689349 0.16057207254025588
0.9999999447858223 -0.00013369996999167263 -0.0003042247036773147 15.913088879802123 0.00013544085924108618 0.9999835766911699 0.00572957273352951 0.07792308990585063 0.00030345366359851443 -0.005729613621631132 0.9999835395863378 0.17527170239512224
0.9999967471085153 4.880154297686067e-05 0.0025501746602153612 17.260497636477893 -5.972952826580906e-05 0.9999908163168073 0.004285290471932474 0.07089699077233587 -0.002549942111432061 -0.004285428853077038 0.9999875663700892 0.19513190597110364
0.9999891246968886 0.0002345331185445919 0.004657840934052752 18.617759583013793 -0.0002344674404245712 0.9999999724052479 -1.4646604207335387e-05 0.07549040593733997 -0.004657844240634546 1.3554332879362935e-05 0.9999891520928165 0.21303109233591297
0.9999961026140607 -0.00019722637033802728 0.002784934190946044 19.965265625778763 0.00020408173568756818 0.9999969496299899 -0.0024615201321257717 0.0631508449118095 -0.002784440219185134 0.0024620788928352835 0.9999930925062389 0.23414174434031224
0.9999998707203087 0.00024629588265492544 0.0004448569478702834 21.30478719158596 -0.00024477023683394336 0.9999941001757794 -0.0034263247313230144 0.06213167102562819 -0.00044569821296645124 0.0034262154006283233 0.9999940311827523 0.23129777214453565
0.999999713313385 0.000523647833696359 -0.0005469607793362724 22.658912872154914 -0.0005243926843567609 0.9999989342418203 -0.001362544508044566 0.07137724008392501 0.0005462467029283953 0.0013628309396526072 0.9999989221526039 0.2713425561791842
0.9999989999423463 0.001187809239737695 0.0007676089611008773 24.030499480057728 -0.0011889365898221608 0.9999982129575254 0.0014698678651097502 0.08483903775221008 -0.0007658616667196892 -0.0014707790335376704 0.9999986251315258 0.25889758058169926
0.9999809522808556 0.002082397600779878 0.0058102233782796105 25.419700883942284 -0.00209388860200525 0.9999958627452327 0.0019723394586863775 0.09713109647765603 -0.005806092144948547 -0.0019844678506251955 0.9999811754134945 0.27814484785747845
0.9999784132661708 0.00203525859523695 0.006247457412564327 26.794436575741077 -0.0020344567588726856 0.9999979214188439 -0.00013469850773992274 0.08068234474279465 -0.006247718573012718 0.00012198541808032822 0.9999804753754896 0.2869722801328333
0.999983827905069 0.0020904381502986702 0.005289044967193595 28.161000617430176 -0.0020683501982579557 0.9999891322305976 -0.004178199151978419 0.08070326204489693 -0.005297721753979375 0.004167191984538603 0.999977284069584 0.30439377659895595
0.9999919919857585 0.0022186744019827157 0.0033306828507952816 29.520136826706818 -0.002205647426883696 0.999989924265151 -0.00390979380607335 0.09110841518110473 -0.003339323851152576 0.0039024161843292486 0.9999868099450819 0.3101476408848842
0.9999954163755929 0.002802298258143198 0.0011464520387719274 30.905406184517673 -0.0027972324188031594 0.9999864221450521 -0.004396705167845894 0.08999470030733088 -0.0011587573516458637 0.004393478122191321 0.9999896772624156 0.3414200804936175
0.9999949659509669 0.003151630862362386 0.0003678255452966243 32.29588756350157 -0.003151039204021322 0.9999937583750909 -0.0015981748324536823 0.09422127726604994 -0.0003728601065929505 0.001597007754449742 0.9999986552698823 0.3371279673680354
0.9999914247844035 0.003703498636048311 -0.0018532284023632817 33.675556837094355 -0.0037038349223037356 0.9999931249270184 -0.00017806056469946607 0.09293968142522287 0.001852556214224266 0.00018492308986741283 0.9999982669179601 0.3656178820913211
0.9999908693267867 0.004038519115089527 -0.0013970062327527928 35.066524273476574 -0.004038481030617023 0.9999918448497865 3.008132108789365e-05 0.10691359275066471 0.001397116323947336 -2.443926325455507e-05 0.9999990237338734 0.3675208126525323
0.9999940178766088 0.003454878990942537 0.00016739819174541696 36.461407333940606 -0.0034548860231651316 0.9999940309924382 4.173800714087173e-05 0.10065603741427183 -0.00016725299278034982 -4.2316099131927276e-05 0.999999985117892 0.39554952205776667
0.9999934715741015 0.0033179340537996286 0.0014311264064832253 37.86737523268254 -0.0033192446048939503 0.999994073274846 0.0009143469990964297 0.10993971229185263 -0.001428084181545062 -0.0009190912884534413 0.9999985579223472 0.40113990459479604
0.9999945519010824 0.0026928117266458566 0.0019091708038053625 39.26115320384892 -0.0026986372570977956 0.9999916910341814 0.003055359152877296 0.10149878890081035 -0.0019009274336144288 -0.003060494666439715 0.9999935099025837 0.41078932592385103
0.9999922674948558 0.0032682834383809234 0.002187069697853933 40.65826853595721 -0.003282153457152898 0.999974334014262 0.006368577660450562 0.11805765857172014 -0.002166199247660566 -0.006375706713760886 0.9999773287153663 0.44571155202675855
0.9999919201134011 0.0031828785377680242 0.0024554006041638196 42.08152382216727 -0.0032037685701665204 0.9999583047328732 0.008551295966539637 0.11993808580224787 -0.002428080489177724 -0.008559093408320744 0.9999604223893893 0.4506626154733029
0.9999923251688665 0.0029173934328835718 0.0026150370784756636 43.469316937792 -0.0029402468001380744 0.9999571464684153 0.00877839253500091 0.12530734415212225 -0.00258931499016874 -0.00878601401672281 0.9999580498228812 0.45612555106173824
0.9999935548828468 0.002457941683449608 0.002617005053040977 44.90090880676298 -0.0024797747948650624 0.9999618753743023 0.008372485585228354 0.12977424892831088 -0.0025963261993888678 -0.00837892120674646 0.9999615256447008 0.47316245355459075
0.9999959926915686 0.001734965032729605 0.002237073342467717 46.292102042072656 -0.0017531781458852394 0.9999651257161345 0.008165397596203485 0.12380477007859103 -0.0022228286468291966 -0.00816928686303161 0.9999641602502343 0.49693393349895965
0.9999955161716405 0.0007715646046949704 0.0028934969629886708 47.72430228136602 -0.0007944214532484732 0.9999684269946612 0.007906573744530392 0.13332318481495672 -0.0028873051741479198 -0.00790883694887312 0.9999645562553442 0.5213455807926481
0.9999934336258817 -0.0002048884829477025 0.003618110809390482 49.12253932887109 0.00017671806418087963 0.9999696843093338 0.007784550919439762 0.1356577748597288 -0.0036195960886907007 -0.007783860417627854 0.9999631543417756 0.5230944227770743
0.9999923657819025 -0.0012856469297980754 0.0036899173277585118 50.55567359044539 0.0012538285518023547 0.9999621260246977 0.008612457844842937 0.1414148336387683 -0.0037008501559070107 -0.008607765571762061 0.9999561040765665 0.5430973310250202
0.9999895663889489 -0.0023823746529160797 0.003897615201025014 52.00256714657739 0.002347888370579818 0.9999582687699407 0.008828824317119377 0.1504622055505479 -0.003918486116016531 -0.008819581035196932 0.9999534291440388 0.5506010261290775
0.9999815961798922 -0.0034417772500762254 0.004996145601932645 53.415364939846064 0.0033943318356024904 0.9999493594341428 0.009474021249583735 0.16220295325360992 -0.005028500065095813 -0.009456888315329015 0.9999426390801058 0.5711668298284569
0.9999731399580772 -0.004426954740649733 0.005841355502609869 54.869326973728896 0.004384918428750757 0.9999645403155742 0.007189617641823818 0.16339973848801662 -0.0058729764818900585 -0.007163810661000271 0.9999570930615255 0.5734983394995297
0.9999667638877211 -0.0047401403226937575 0.006633414628955983 56.26157050131634 0.004705093740720869 0.9999749439228448 0.005289009301776116 0.17475677154581626 -0.00665831906786569 -0.005257622678018812 0.999964011447895 0.5854575009276551
0.9999668161778642 -0.0050966047687955335 0.006355404230752905 57.69012057709827 0.005071914309074777 0.9999795519677169 0.0038950393689274293 0.1912028944614338 -0.006375125751464345 -0.003862676050975889 0.9999722183667795 0.6014060774825416
0.9999656794596453 -0.004952389718075754 0.006641817438770865 59.13737712472392 0.004935339217417246 0.9999844901018865 0.0025810816490177205 0.21424972815714777 -0.006654496947079211 -0.0025482134428203356 0.9999746118170356 0.6166607456428458
0.9999615144679002 -0.004731740083907331 0.007387842637866515 60.53769062236475 0.004715863109866992 0.9999865365904392 0.0021650110825000225 0.21233827902401786 -0.007397987442036479 -0.002130087706339093 0.9999703658149929 0.6336236684470206
0.9999574552140124 -0.0041773369367371785 0.008224209264928855 61.996144493338946 0.00417380018455282 0.9999911896820067 0.0004471581199750559 0.2280295347191143 -0.00822600473716112 -0.0004128128895807778 0.9999660806405297 0.6395973838579331
0.9999590760738294 -0.004020594748973244 0.008104381249543675 63.40445091262343 0.0040344676837264165 0.9999904230086837 -0.0016961607892419363 0.22188157004377956 -0.008097484058792181 0.001728788239930906 0.9999657204340252 0.6550315629555363
0.9999691492285332 -0.0034714639759237235 0.007046242191942244 64.81301521544766 0.0034896436193426316 0.9999906102535844 -0.0025693952740136715 0.2397330847903444 -0.00703725646638123 0.0025939048802927187 0.9999718739439116 0.6644964314785539
0.9999716635842258 -0.0025819256212128465 0.007071470051023899 66.2610807026371 0.00259933433821119 0.9999936112875168 -0.002453741051725803 0.24955979365702438 -0.007065089496545637 0.0024720526364244177 0.9999719863407017 0.6784643165312444
0.9999741050633547 -0.0020911158699320254 0.0068859594219899956 67.63828993694726 0.0020982061183402487 0.9999972759020276 -0.0010226043266730414 0.25890224987826516 -0.00688380227982573 0.0010370260085886512 0.9999757686280352 0.685589388702554
0.9999643590651117 -0.0014097931178861781 0.008324246684542007 69.10515182100835 0.0013952925235681472 0.9999974996608092 0.001747521359986007 0.2796079931079464 -0.008326689514688455 -0.0017358443175277218 0.9999638258888325 0.6995136392566641
0.9999550401440649 -0.0006209277359482839 0.00946214242273847 70.47217230051182 0.0005737098233831692 0.9999873748672143 0.004992090064877212 0.2898359367216195 -0.009465122689115582 -0.004986437097168905 0.9999427718112451 0.7078318443347207
0.9999440020626914 0.00029826799261017516 0.01057845806594754 71.91603666135728 -0.00039532625049729786 0.9999578381652209 0.00917418165798271 0.31296863309752504 -0.010575275693999377 -0.009177849864896623 0.9999019605020552 0.7244113181334101
0.9999472889600481 0.0005909458325958338 0.010250369967620137 73.28823467780649 -0.0007215326705722497 0.9999185736182109 0.012740703431438537 0.3155780102947675 -0.010242006251484526 -0.012747427832528037 0.999866293257053 0.7253674720371324
0.9999504381349104 0.0013237720827921449 0.009867568153994808 74.67332863391633 -0.001486540771935792 0.9998626570582976 0.01650627810424729 0.32974183611561486 -0.009844362363011883 -0.016520128564699522 0.9998150698413539 0.735497403097893
0.9999492498684039 0.002124172205128431 0.009848125713008745 76.12680170909867 -0.002297452942781668 0.9998421601271964 0.017617506695263317 0.341913762474257 -0.009809148668053104 -0.017639238209880375 0.9997962981916783 0.7344529004207799
0.9999437793159777 0.0024304890907022175 0.01032138217775731 77.49422826283993 -0.0026195290988253665 0.9998283484530135 0.0183415292988292 0.34452747240983794 -0.01027503160967186 -0.018367535286460738 0.9997785041562561 0.7448068745686636
0.999939945927507 0.0026219617057231357 0.010640951804611866 78.89928628123918 -0.0028103666206274825 0.9998388705847218 0.01772948694479937 0.34829701989062284 -0.0105927511984382 -0.01775832719266851 0.9997861948623646 0.7661735107468332
0.9999538565246333 0.0020294639606617602 0.00938968037502945 80.27090391317435 -0.002187326482239167 0.9998559269745144 0.01683273289738424 0.33741025283778414 -0.009354166150594789 -0.016852494473132498 0.9998142292474438 0.7605575821014412
0.9999526237519047 0.002014732886057841 0.009523187653278958 81.67217228794782 -0.0021718767801746403 0.9998611807646761 0.016519750334656705 0.34897367553669073 -0.009488582767382386 -0.01653965088100378 0.9998181868448889 0.7808419353460342
0.9999470202199527 0.0016906994761364594 0.010153732738204774 83.04542077381275 -0.0018500901316974357 0.9998748957100301 0.015708917701771886 0.36126766564922314 -0.01012590340375096 -0.015726870767506115 0.9998250505043971 0.7827086686051579
0.9999576622881908 0.0014183592223153158 0.009091858349796457 84.41893519577467 -0.0015614957701792585 0.999874652604694 0.015755659605427748 0.3699270986223345 -0.0090683715239288 -0.015769189445208286 0.999834534961733 0.7818596063211053
0.9999550326389791 0.0006129852758756471 0.009463453335320561 85.82009024907417 -0.0007582112765539093 0.9998818938555326 0.015350031124836475 0.37227525742580975 -0.009452926300270023 -0.015356516171479184 0.999837396577782 0.7807164801646186
0.9999492853472612 -0.0007424106768502421 0.010043682586012858 87.19172353686326 0.0005858571202808072 0.9998784334967344 0.015581238703999844 0.36942934177982567 -0.01005402928861337 -0.015574564343932874 0.9998281599557798 0.7936932525040544
0.9999359436780743 -0.0016828003725720348 0.011192708499076217 88.56779262316536 0.0015215499666168045 0.9998951615193566 0.01439968249228805 0.3791822452596625 -0.011215766863585832 -0.014381729836347574 0.999833672377849 0.7985888283770127
0.9999258412184026 -0.002616374369253327 0.01189397531652099 89.93766876310467 0.0024856274612604506 0.9999364723312987 0.010994223836259712 0.38480197821260587 -0.011921984725452564 -0.010963844526345105 0.9998688215928168 0.8080070637147543
0.9999176257525922 -0.0035669951854823984 0.012329568307350276 91.30888837463671 0.0034425856928517015 0.9999430992420322 0.010096874862386402 0.3914905277024077 -0.012364882249590724 -0.010053597544464521 0.9998730093683735 0.8181315651999815
0.9999189400172146 -0.003952802808654385 0.012103253480194883 92.68445192387516 0.003850263745228202 0.999956600738836 0.008483637658724286 0.4033083932856481 -0.012136262354701171 -0.00843634925712761 0.9998907636073401 0.8230413739054198
0.9999228490061712 -0.004174679273187071 0.011699063567126317 94.01883535219385 0.0040906331303938006 0.9999657217691055 0.007198750404372638 0.41005454329831786 -0.011728715018030094 -0.007150338436602345 0.99990565050122 0.8309606493097358
0.9999276459576798 -0.004558856282801161 0.01113192161874221 95.40376303540285 0.004482250725952744 0.9999661705939874 0.006896890315660031 0.4240479080306637 -0.011162986964193405 -0.006846495234009398 0.9999142529362445 0.8254432977838178
0.9999337757822654 -0.004241920455958255 0.010698138186970437 96.74677786072225 0.004167678028033673 0.9999671458938574 0.006952524199719045 0.43560480584941447 -0.010727278763826247 -0.006907477378779933 0.9999186028105411 0.8369962899850009
0.9999389618266998 -0.0041051194909918765 0.010257710022535964 98.09325864478848 0.004025432951335131 0.999961655870037 0.007777061090662304 0.44807745404261756 -0.01028924246463565 -0.00773529466912973 0.9999171449204607 0.8445344224104182
0.9999385032652426 -0.0038475123098129374 0.010401266110056262 99.4523297814406 0.0037472453742376666 0.9999464912490781 0.009642239924551243 0.4673952444996433 -0.010437808188102589 -0.009602670861963014 0.9998994153776394 0.8465789955451036
0.9999214868391803 -0.003750363544304371 0.011956376148671935 100.80047921449527 0.003630679857849278 0.9999432466452708 0.010016069702471361 0.47334376698706465 -0.011993261486884456 -0.009971873535124177 0.9998783543097163 0.8533898883963912
0.9999045699934144 -0.0035998373067690137 0.01333761888980839 102.12418082674027 0.0034610437253127825 0.9999397759641417 0.010414682957902302 0.4934407287474676 -0.013374306808820131 -0.01036752700246986 0.999856810899059 0.8520702118104403
0.9999134261570504 -0.003507934950112705 0.012682057532386312 103.4689841999135 0.0033884441544892313 0.9999497834749572 0.009431276403441073 0.5011049565207547 -0.012714504987646449 -0.009387487457886399 0.9998751004211213 0.8689035035249709
0.9999418799450044 -0.003490892863506656 0.010200509745394545 104.7977514433561 0.0033917193634350603 0.9999469726701629 0.0097235840890217 0.5120383507794469 -0.010233912829903841 -0.009688421687359328 0.9999006958260395 0.8686509147382286
0.9999546723850481 -0.0036852515206721747 0.008779071507877653 106.13062825793574 0.003606200835736871 0.9999529666399651 0.009003322912418244 0.5283793658265613 -0.00881183810810074 -0.008971255718255279 0.999920930914037 0.8718642390329172
0.9999426571142821 -0.0034365783552474122 0.010142603829268758 107.47253664818585 0.003363278496920641 0.9999681699233388 0.007235157076429832 0.5357338832713516 -0.010167145173617003 -0.007200629790282683 0.9999223870329346 0.8833685554661529
0.9999227045156766 -0.002694317033751174 0.01213777779401486 108.8145829496056 0.0026420035658725554 0.9999871615729826 0.004323945694335225 0.5396224442525048 -0.012149272044577759 -0.004291543420645037 0.9999169854762222 0.8805979085631127
0.9999124191892192 -0.001956755582219797 0.013089119861720155 110.15095018075428 0.0019148399773727717 0.9999930014810873 0.0032140903390184008 0.5536991668636971 -0.013095317446479883 -0.0031887452764007415 0.9999091681570573 0.8887955681799727
0.9999250055734089 -0.001342333603839742 0.012172977019373248 111.47703015992677 0.00131238315173118 0.9999960931592243 0.002468059308665526 0.5565301589106795 -0.012176242420436557 -0.0024518986080262436 0.9999228606816302 0.8982354275378286
0.9999512726902587 -0.0004820945397245875 0.009860011662600301 112.80685746031524 0.0004453532820377341 0.9999929512700843 0.003728145732261024 0.5780957841062647 -0.009861739480741946 -0.0037235728811942986 0.9999444390061942 0.9009742104614623
0.9999683762253042 0.0004975709702701684 0.007937189203873034 114.15490256797007 -0.0005504313216648104 0.9999776768636827 0.0066590389450898214 0.5717528339492423 -0.007933698676447486 -0.0066631972386863225 0.9999463276735756 0.9131213019755741
0.9999714597759614 0.00183838583609862 0.0073280264089767 115.46666909756671 -0.001909086832816042 0.9999515888592103 0.009652736679604725 0.5844106718475458 -0.007309926196467129 -0.009666451027065207 0.9999265596550296 0.9061972447829688
0.9999464431837402 0.0033539770234220457 0.009790893846497607 116.8334277604297 -0.003457205759417049 0.9999384179104569 0.010545525831810594 0.5943180610520882 -0.009754921451456249 -0.01057881018161721 0.99989645978102 0.917745954292546
0.9999223526577882 0.004314548718039364 0.011690736703635757 118.12825257658001 -0.0044406929794351645 0.999931971976336 0.010785715802789824 0.597829247857335 -0.011643405909632568 -0.010836793293028144 0.999873489502521 0.91296926768923
0.9999056996511957 0.005219049814550022 0.012702492829597803 119.49819780544361 -0.0053527771049113 0.9999303729603538 0.010516511238668199 0.5933625814577207 -0.012646722196596063 -0.01058351314078376 0.9998640155877604 0.9210504179358856
0.9999055207507392 0.006139296079410002 0.012298724155065834 120.82095182724933 -0.006267496202949445 0.999926145658356 0.010412575097946006 0.5928452873331257 -0.012233889959414917 -0.010488673532610878 0.9998701514016645 0.9265716270812816
0.9998975254722745 0.007486979058755583 0.01220179081102194 122.1279823612074 -0.007633607655586479 0.9998986783550854 0.0120150346613705 0.5881707943898439 -0.01211059819260616 -0.012106947110114855 0.9998533668709079 0.929530032310314
0.999894714994974 0.00858318866779775 0.011699905871965153 123.49826441238575 -0.008748264010354579 0.9998618715588008 0.014131725999942652 0.5920325645877155 -0.011576994511745748 -0.01423259200656397 0.9998316890971449 0.9296430693619715
0.9998919013935438 0.009789803667850991 0.010970199257471343 124.82936177562746 -0.009951452141010848 0.9998412647776985 0.01477883107750156 0.5940639828568 -0.010823776045764441 -0.014886402919345109 0.9998306060929691 0.9337631934905724
0.9998865855393948 0.01080444979339681 0.010491897970926534 126.16954409940573 -0.01096937666440873 0.9998151376062412 0.015791244061418887 0.581043146643216 -0.010319342709915679 -0.01590454268675902 0.9998202621911402 0.9325575001003712
0.9998782878981161 0.011772414336337678 0.010238146835531313 127.50526030992076 -0.011927081444949464 0.9998136474157205 0.01517943244916326 0.5809361139599301 -0.01005754036222828 -0.0152996961396872 0.9998323685397945 0.9411498802022521
0.9998594869449381 0.012656609533554757 0.010991660535168242 128.83644708492605 -0.012820139336548436 0.999806248695649 0.014936836898270758 0.5721270169995596 -0.010800481174314763 -0.015075652697286118 0.9998280223629232 0.9440029256061694
0.9998340888504331 0.013603776915657482 0.012113299560942394 130.20519870919478 -0.013775193219414937 0.9998045394943736 0.014181920117223235 0.5639284512506801 -0.011918004211775027 -0.014346430220530157 0.9998260554294109 0.9508183674482272
0.9998241711622475 0.0139701468132729 0.012508467441722416 131.53260752113144 -0.014130778609241145 0.9998176224893428 0.01284690062446514 0.5456902796027141 -0.01232671309074895 -0.0130213961530195 0.9998392347705728 0.9475118055253662
0.9998204053779298 0.013915065273103188 0.012865766528164884 132.88158349669263 -0.014073410661080697 0.9998253095077271 0.012299982932593483 0.5279919979122649 -0.01269236393571152 -0.012478839137627686 0.9998415786870941 0.9624491682945561
0.999814253764814 0.01378272858834314 0.01347198431442938 134.21172782683828 -0.013912661690463962 0.9998571380839655 0.00959902428525004 0.5167498248704687 -0.013337758934500916 -0.009784672462693489 0.9998631728248636 0.9471309624329824
0.9998162573935995 0.013284355338811579 0.013819455658158418 135.54518347135883 -0.01339660806132526 0.9998777585110216 0.00806219122983516 0.4990474996161222 -0.013710665334215312 -0.008245843692878502 0.9998720036674124 0.9634054942080679
0.9998364238964841 0.012123275843906005 0.013422057692570356 136.89162099254634 -0.01223292044465976 0.9998922271781869 0.008117246210349661 0.4898092169190254 -0.013322203544637323 -0.008280109386800141 0.9998769717726566 0.9656820772403255
0.9998296017470785 0.011116007710738084 0.014737769263128172 138.22779528513243 -0.011216832105566954 0.9999141284993954 0.006776304657413618 0.47747491112959856 -0.014661178253943861 -0.006940461070373825 0.9998684312710032 0.9728920067344217
0.9998357771230946 0.010022209752693571 0.015098811089964238 139.5708469300363 -0.010111841212669991 0.9999316344304277 0.005871723135784267 0.4545136720620672 -0.015038931210267635 -0.006023435644760336 0.999868765774332 0.9753396182480464
0.999846132631501 0.008716739710028667 0.015222664374500802 140.93375936718297 -0.00878821898447013 0.9999506406945714 0.0046350168928646 0.45609840893573134 -0.015181510758553817 -0.0047680838230625515 0.9998733855382611 0.976212374761711
0.9998615555922004 0.007406555798151349 0.01490008657538899 142.25797579949167 -0.007463387919901791 0.9999650711212096 0.003762230496835663 0.44981765308316607 -0.014871700961970711 -0.0038729147632147716 0.9998819095481899 0.9671456411608566
0.9998747289582766 0.006488754782866218 0.014436843560168042 143.60917222108688 -0.006544568395052144 0.9999712793927376 0.003822174011459998 0.44333586383537077 -0.014411627775356236 -0.0039161781138281225 0.9998884780483498 0.9601493534599378
0.9999092797822112 0.005655011206739724 0.01222509933175077 144.96360647953324 -0.005674942176092788 0.9999826233461891 0.0015962571759449173 0.43836617106144893 -0.012215860048213071 -0.001665489094950945 0.9999239965664175 0.9656973355020017
0.9999274944460411 0.004574649249831807 0.011139050009026895 146.2680751904621 -0.004556524050937566 0.9999882544040868 -0.001652011634586084 0.4422956503982461 -0.011146476548031503 0.0016011365052966443 0.9999365942010802 0.9776021698132357
0.9998920868504496 0.003823646650750637 0.014184300481278464 147.66125340604523 -0.003662844754961252 0.9999289311200599 -0.011345319625092052 0.43660053205932015 -0.014226672912316704 0.011292140425298006 0.9998350310638556 0.9664677804636381
0.9998713632252956 0.0022997768478213586 0.01587350082493365 148.97080132477683 -0.0020205536142517545 0.9998433442945488 -0.01758420407593671 0.41964442940193447 -0.015911453895885146 0.01754986884117599 0.999719374493951 0.9791494588834572
0.9999163013154523 0.0014612990548323324 0.012855153390682618 150.27024026337352 -0.0012032567956521262 0.9997980951761511 -0.020057942447408408 0.3918127778084415 -0.012881868525542 0.020040795573334335 0.9997161717087897 0.980827492574221
0.9999515722999669 0.0012890685237906731 0.009756605821958564 151.6768260804208 -0.00110031644355453 0.9998126148046133 -0.019326784038894672 0.4091559429454432 -0.009779691127440943 0.019315112733375453 0.9997656145625078 0.9839626438661514
0.9999692321977723 0.0025240596344727113 0.007427232375475727 152.98922868970485 -0.0024028921259366784 0.999864618910641 -0.016277897902052998 0.4166968832245612 -0.007467313253694453 0.01625955022871713 0.999839920316813 0.9827315674081167
0.9999636323325152 0.0033580227919570702 0.007839495856938739 154.36144653578518 -0.003230811414457529 0.9998638165771222 -0.01618363857218746 0.41821492261412 -0.007892773274741506 0.01615772207830298 0.9998383030006771 0.9958634214546795
0.9999359711065118 0.003805490766056242 0.010657013057458205 155.6773550083495 -0.003591957466444138 0.9997938307293781 -0.01998484118113095 0.4199192399501058 -0.010730868037425035 0.019945282036241855 0.9997434841976506 0.9855112160329578
0.9998868891337249 0.004315503858545482 0.014407823046138656 157.0281272553749 -0.003935976021347378 0.9996472136259364 -0.026267020818140176 0.41812101651494415 -0.01451609559218124 0.026207340886631555 0.9995511283833411 0.9926809581481921
0.9998742789717627 0.004348414783342927 0.015248525816273728 158.37472048601944 -0.003918043528723214 0.9995962858583305 -0.028140970721312882 0.3943416641514331 -0.015364738383864264 0.028077688421641187 0.9994876528638524 0.9981960903430724
0.9998697804023794 0.004045261145256279 0.015622358988456153 159.7072041599434 -0.0035862276755046956 0.9995642248016313 -0.02930016156565548 0.38182377344614854 -0.015734077957000246 0.02924032077424511 0.9994485691779554 1.0130439706987084
0.9998639459341577 0.005269347129003374 0.015630854161226348 161.0712797320119 -0.004816747064043813 0.9995720538775034 -0.02885321567573422 0.3884634838955561 -0.015776202606980184 0.02877400020753933 0.9994614391477842 0.9904817001538072
0.9998612730232785 0.006399069539305084 0.015378121383962001 162.41210474898006 -0.00598916856199685 0.9996294218067154 -0.026554640240596714 0.3874744273815397 -0.015542347577014231 0.026458854234502813 0.9995290713452973 0.9791596581049611
0.9998791457474165 0.007444885423270093 0.01364798814664044 163.76036524148273 -0.007121325885129005 0.9996960056819099 -0.02360472285947383 0.39557073007639415 -0.013819573692927327 0.023504678357066603 0.9996282056236091 0.9756736299674376
0.9998850592829895 0.007945474808203493 0.01291269347287862 165.1109202138831 -0.007654560267973615 0.9997192304426971 -0.022424718285089438 0.3910458512535387 -0.013087243015863887 0.022323299781480975 0.999665141113318 0.9565393336040471
0.9998694923701525 0.008211900271336017 0.01391268922197028 166.45634963907406 -0.007908102296993505 0.9997321181271173 -0.021752101119844745 0.3910337538325899 -0.014087588349812843 0.021639239335089773 0.9996665860052966 0.9598568478334184
0.9998664889239204 0.00795137210721342 0.014275153539081459 167.78623392666947 -0.007654318570521051 0.999755507944207 -0.020744535242845703 0.3807675708343204 -0.014436610896352996 0.02063249904479143 0.9996828918457061 0.9524879174379348
0.999899601287922 0.0075777582742949 0.011973509251295582 169.17170252279453 -0.007361206068734569 0.9998103899511915 -0.018027667371565987 0.3809140982732186 -0.012107848259213157 0.01793771794801543 0.9997657917159145 0.9596399183740468
0.9999359038522646 0.006816476603690085 0.009040123553691427 170.58631016743666 -0.006689549422473902 0.9998796581107243 -0.013997114877914323 0.38481531124387014 -0.009134446654228153 0.013935743363473549 0.9998611688335679 0.9610111145068537
0.9999460945794955 0.006604511009561847 0.008011764446063002 171.93979376188665 -0.006526002115673736 0.9999308195621258 -0.009786081248471004 0.38355011859146754 -0.008075842470036471 0.009733268933920928 0.9999200189236432 0.9539552617254583
0.9999335620827148 0.006909798879053064 0.009226380656830575 173.29599574186554 -0.006856912074345258 0.9999599506365485 -0.0057515110845836786 0.38406603097936587 -0.009265752931003426 0.005687864485237649 0.9999408952634247 0.9654032520705633
0.9999075648438892 0.007556979169288388 0.011302824151439114 174.6923459752961 -0.007544620447044017 0.9999708940665427 -0.0011356593103075132 0.38843579443966303 -0.011311077325942888 0.0010502788172595857 0.999935476140402 0.9822556154407174
0.9998745324661964 0.007570639600805157 0.01391419209080766 176.0764298373492 -0.007586531168040604 0.9999706281358322 0.001089683653835872 0.388978499356419 -0.013905533802825486 -0.0011951073858902158 0.9999025991805375 0.9875719153096368
0.9998633861435846 0.006710525188081416 0.015105558618770856 177.44734978124242 -0.006678329773496839 0.999975321712597 -0.0021807973827063856 0.38500433616921365 -0.015119820135220634 0.0020796195536968345 0.999883526327737 0.9768823825510433
0.9998710548537071 0.005350241975521746 0.015140956922811866 178.86976168265213 -0.005282615501971648 0.9999759084844597 -0.004502935058113254 0.3779341961036713 -0.015164683946373833 0.004422370572738308 0.9998752297158501 0.9712270087758091
0.9999309763440526 0.0032237035335162556 0.011298242480923502 180.20731608462125 -0.0031359181461285226 0.9999648263673514 -0.007778948868151015 0.3734651805410369 -0.011322922105646206 0.0077429815730454205 0.9999059144096254 0.9577376941204808
0.999971318144301 0.001580774240092789 0.007407026498597911 181.62689525475903 -0.0015428640089696281 0.9999856970231763 -0.005121066268075303 0.37992066009238534 -0.0074150158057079505 0.005109491351793406 0.9999594544973947 0.966724897025688
0.9999759633992301 0.0008950373418093344 0.006875429582114413 183.01972690893274 -0.0008857980936974853 0.9999987008333797 -0.001346734305655445 0.40216156506129985 -0.0068766260272788565 0.0013406116923234087 0.9999754570862084 0.9756423921020742
0.999968496853976 0.0004929636453277941 0.007922265234390186 184.34388222749942 -0.0005032311140125768 0.9999990360497997 0.0012940857457555133 0.4189210701017476 -0.007921619660494433 -0.0012980317083427025 0.9999677810087876 0.9707233728311441
0.999937408331136 0.000981505889777043 0.011145226161877176 185.79673652167526 -0.001036183718338769 0.99998745206786 0.004901227410682241 0.4172699703007712 -0.01114027572876489 -0.004912469136565265 0.9999258782048145 0.9825231211777068
0.9999097406464342 0.0014122473869648486 0.013360992391979501 187.1646000230014 -0.0015021749260596593 0.9999762723351797 0.006722963418765559 0.4284840450619281 -0.013351180879309546 -0.00674242715619184 0.9998881365658716 0.9886209108508069
0.9999021863281442 0.0015795506732889392 0.013896862806679478 188.61667420372044 -0.0016453698636771797 0.9999874782675173 0.0047261047579543695 0.4319422046982217 -0.013889223671928604 -0.004748507959556185 0.9998922647655342 0.9750055528151511
0.9998912325345815 0.0013352196436954913 0.014688100250843415 190.02992706133864 -0.0013971787906000058 0.9999901666027232 0.004208870309853905 0.42410775087188163 -0.01468233605060292 -0.004228934423842711 0.9998832657474251 0.9797005207183782
0.9998797418036883 0.0016606977843062049 0.015418949816992215 191.38699495935631 -0.0016800588661931761 0.9999978164230838 0.0012427997708542896 0.4341534918816877 -0.015416852233703529 -0.0012685550573428956 0.9998803485594017 0.9800293754207254
0.9998763567893717 0.001961849970451409 0.015601995971875162 192.84161146342223 -0.0019524343018960933 0.9999979026029406 -0.00061870026373451 0.4363209569928421 -0.015603177045388817 0.0005881618935339516 0.9998780900348188 0.9731443052407132
0.9998645102339407 0.002354366824721883 0.016291658340898862 194.203127983267 -0.0023005548205172065 0.9999918391913732 -0.003320993552031254 0.42985946606470754 -0.016299344224836945 0.0032830637382614304 0.9998617668809677 0.964503128719046
0.999834949522141 0.0028152017776419576 0.01794849166389526 195.65623595932772 -0.0026665280369306283 0.999961983206557 -0.008301913625048861 0.43007047524835135 -0.017971180881790123 0.00825268323399551 0.9998044458178577 0.9575851767079828
0.9998213289831667 0.003129732101258628 0.01864175118674847 197.06892944686675 -0.002907445957866919 0.9999244971785358 -0.011939292284489391 0.4185489805854692 -0.01867771046826591 0.011882959194861178 0.9997549391788154 0.9588302574613269
0.9998936861705043 0.0031935374026023436 0.014227356578759249 198.48656824811206 -0.00303961435297449 0.9999367628598712 -0.01082732773617655 0.42321021077407034 -0.014261034357513334 0.010782930964240031 0.9998401628754839 0.9461768628780811
0.9999444519156934 0.003499778739330203 0.00994206375957281 199.92489585051965 -0.0034574401828091944 0.9999848956905042 -0.004272528318642374 0.4420974622627662 -0.00995686649533753 0.004237916897136729 0.9999414487208573 0.9520127459231849
0.9999504030516658 0.004635774985522404 0.008814818608151857 201.36966569689415 -0.004683851320135113 0.999974226911815 0.0054412359743775075 0.45276989308286913 -0.00878936707743419 -0.0054822534054525555 0.9999463445225332 0.9419828598760142
0.9999025575668044 0.0057604895152927 0.012715822109003358 202.79950160393267 -0.005908353255311325 0.9999150118327923 0.011621552101042522 0.4632092014988914 -0.012647795585558291 -0.011695549237679976 0.9998516126880302 0.9363120770337889
0.9998655560475458 0.006651983676564535 0.014987359437170712 204.2304456638315 -0.006860220911623403 0.999880052535207 0.01388588892493636 0.45928824983014843 -0.014893193034939014 -0.013986838647766845 0.9997912587864856 0.9333510227349838
0.9998617237866634 0.006156821781202828 0.015447551647969161 205.7112593154171 -0.006371899773148777 0.9998829103885363 0.013912742584811058 0.4547334769315512 -0.015360084623566203 -0.0140092490342907 0.9997838810172187 0.9341443842348393
0.9998617496512726 0.004962053670599094 0.015870085307458415 207.15535654214372 -0.005127400498674851 0.9999328234604077 0.01039511090000771 0.44473464160133536 -0.015817438111846754 -0.010475046055620198 0.9998200248353253 0.9379776659647097
0.9998704315832451 0.0038519237510197812 0.015629546664942696 208.58163383080407 -0.003980093476027128 0.9999586413948917 0.008177674217329315 0.4389248801135755 -0.015597400471148323 -0.008238821705742638 0.9998444093534972 0.9328058979589868
0.9998807069220051 0.003445973910167125 0.015056466682514718 210.06420786041465 -0.0035712291567113977 0.9999591766518414 0.00830008145030157 0.44719846432756566 -0.015027250163003299 -0.008352861400851407 0.9998521948062907 0.9224380153837927
0.9998793814666644 0.003333861986006228 0.015169307238588241 211.5237243716615 -0.00347700798290799 0.9999495858581043 0.00941998713864733 0.44854809592701983 -0.015137137553950453 -0.009471594715978382 0.9998405652703879 0.9239896371994106
0.9998687549984573 0.003073254055888456 0.015906850327551104 212.96610128079146 -0.0032432100852463476 0.9999378175072211 0.010669709801029888 0.4519049472367802 -0.01587307047102431 -0.010719898712357408 0.9998165478753683 0.9109653692255895
0.9998688429001085 0.0027366626472084825 0.015962696362261282 214.40377188432882 -0.0029038797853998427 0.9999410580027176 0.010461739941216939 0.46352585273883856 -0.01593312523613374 -0.010506721561033276 0.9998178555728281 0.9173572398308633
0.9998787297691889 0.002503427805753269 0.015370706046716812 215.87824550400632 -0.0026715218910789346 0.9999367491922971 0.01092522702403297 0.46324893064409506 -0.015342383320028262 -0.010964965296915244 0.9998221745941118 0.9173201851410321
0.9998878193741196 0.002132375350397338 0.014825708840826566 217.35165195921795 -0.002286999814078445 0.9999430912213808 0.010420362300782294 0.46529832726336545 -0.014802645004131875 -0.010453099731380044 0.9998357937215928 0.9084061384798201
0.9998868869066552 0.0015374368383316477 0.014961606868444156 218.81587814553873 -0.001684611079776572 0.9999502735387418 0.009829167579463255 0.4620762754929216 -0.014945751156353052 -0.00985326026061518 0.9998397560532432 0.9056811034438179
0.9998893236675133 0.0013010864323588552 0.014820512468151328 220.29789160964756 -0.0014817853830411455 0.9999246251372976 0.012188041520827211 0.46769151086331595 -0.014803537678599087 -0.012208653411835975 0.9998158850778818 0.91061469941428
0.9998919371065159 0.0013307178155989334 0.014640467870753581 221.78578128494678 -0.0014749588227944298 0.9999504408290093 0.009845830708529084 0.4769533415062545 -0.01462664027896978 -0.009866360826829772 0.9998443460450155 0.8990068911383485
0.9998931703874893 0.000851341412126295 0.014591882341059235 223.25698979345827 -0.0010329380081748809 0.999922061459345 0.012442027405732633 0.4788997422849734 -0.014580152657862855 -0.012455770738646928 0.999816119555881 0.9050054658264558
0.9998931739985081 0.0004147016343764814 0.014610565141155054 224.7591416774339 -0.0005841431737836631 0.9999326070231808 0.011594834564480589 0.4796281024485132 -0.014604772094832965 -0.011602130596558432 0.9998260304661398 0.8939744963501769
