1.0 8.809142651444726e-20 8.673617379884037e-19 -5.551115123125783e-17 -8.809142651444726e-20 1.0 1.7347234759768075e-18 0.0 -8.673617379884037e-19 -1.7347234759768075e-18 1.0 -5.204170427930421e-18
0.9999993011580781 -0.0003480319849955573 0.0011298482609536818 1.3160940844717768 0.0003481171165631284 0.9999999365833229 -7.515200288644408e-05 -0.058402083065748844 -0.0011298220340017183 7.554526988583102e-05 0.9999993588973364 0.018140396604628333
0.9999976844684006 0.0012037922336848642 0.001783799903291163 2.5652097675998258 -0.0012028053760217308 0.9999991230587825 -0.0005542029350592417 -0.11574037075546209 -0.001784465484192614 0.0005520560876714074 0.9999982554569841 0.031373844761168695
0.9999987164965825 -0.0008095798397934715 0.0013826010525974108 3.935242517464013 0.0008114879549250375 0.9999987184213818 -0.0013800880019804456 -0.03807333257139135 -0.00138148198926192 0.0013812081947334278 0.9999980918838977 0.05120734646423615
0.999998874969228 -0.00022171646761274803 0.0014835437594961799 5.2511135744705415 0.00022459076051078165 0.9999980976992304 -0.0019375646855877603 -0.0326453530498271 -0.0014831113473518845 0.0019378956959890626 0.9999970224660686 0.06049931386139739
0.9999981644026797 -0.0003265755563615291 0.0018879988552119573 6.565290793715689 0.0003310463702699804 0.9999971410382527 -0.0023681899463559213 -0.03679848636081202 -0.00188722006454615 0.0023688106144808935 0.9999954135578327 0.06715090142091772
0.9999958971356327 -0.0003016781275509761 0.0028486316378629993 7.904037423352644 0.0003116449958715692 0.9999938298098501 -0.003499031240954995 -0.0309419147232549 -0.0028475584800711127 0.0034999046466994183 0.9999898209872772 0.09486730558311599
0.9999947575156348 -0.00011960952027486459 0.0032358360294423107 9.220717993037075 0.00013124138159880097 0.9999935303358373 -0.003594726995013045 -0.01579752274083191 -0.003235385131098522 0.003595132825304107 0.9999883035831078 0.10426840984878576
0.9999959449270927 -0.0006810651675292955 0.00276519070023161 10.554123235459024 0.000690167953621478 0.9999943421943961 -0.0032923012305701802 -0.016559201103378565 -0.002762932783631015 0.0032941963260556093 0.9999907571937846 0.11561731809836995
0.9999998102232661 -0.0005477666740760415 0.00028196649196121686 11.874846069812921 0.0005478907371453337 0.9999997530624244 -0.0004401032040682667 -0.00019657365507703934 -0.0002817253484647523 0.00044025760737604903 0.9999998634020243 0.13183591133735156
0.9999998146598875 -0.0005023108204831924 -0.0003440407390611817 13.210638137593149 0.0005030544674314013 0.9999975301915766 0.0021648434007129225 -0.004551033021300007 0.00034295246508163666 -0.002165016070711366 0.9999975975416241 0.14810359515906543
0.999999860614968 -0.0003555236737301822 -0.0003903497942938354 14.552485119485075 0.0003576764396604859 0.9999846520062716 0.005528817184547502 0.021893008764247733 0.0003883781778108079 -0.005528956032837788 0.9999846397858209 0.1556069642803123
0.9999998751976981 4.045504349336189e-05 0.0004979638317789779 15.902714570064928 -4.337251446371034e-05 0.999982828027001 0.005860185146074159 0.03904454949953057 -0.0004977182067125405 -0.00586020601265306 0.9999827049814791 0.17797237550211056
0.9999944715120558 0.0002647842974136368 0.0033146394374341795 17.24648635333366 -0.0002791908754375391 0.9999905143392201 0.004346640546125619 0.028559903467359662 -0.003313457073725752 -0.004347541932862058 0.999985059829077 0.19586554726519798
0.9999850983482154 0.00037235464773844966 0.005446506543319767 18.609796635471866 -0.00037100302980098006 0.9999999001353768 -0.0002491706012983034 0.03694556301854518 -0.005446598779237915 0.0002471462178153654 0.9999851366297826 0.21370973967762538
0.9999928228319744 3.451458784013233e-05 0.003788547648162219 19.94678677211712 -2.6313818030717333e-05 0.9999976567973052 -0.002164649505572751 0.024266001923754593 -0.0037886134828126637 0.0021645342783661184 0.9999904805543078 0.2377098977444582
0.9999990337354523 0.0002415414520736281 0.001369009090088419 21.299946017712376 -0.0002373537502091612 0.9999952953230966 -0.0030582666446866487 0.028530243325572028 -0.0013697413475091582 0.0030579387501504093 0.9999943863938643 0.23048487692613434
0.9999997715182437 0.000559132512992459 0.0003799135338579462 22.65079154840504 -0.0005587520119828616 0.9999993429820401 -0.0010009154195535662 0.04366270672995282 -0.0003804729286017592 0.0010007029134112306 0.9999994269168505 0.27607100869290724
0.9999974784159048 0.0013067092807050012 0.0018263824045632504 24.01673380993589 -0.0013094823865254645 0.9999979904795301 0.0015179897170632737 0.04981843767718765 -0.001824395163159121 -0.001520377504914382 0.9999971800132894 0.2606463345611053
0.9999793285089905 0.001979734783250188 0.00611745084953428 25.411946200527645 -0.0019906107506711236 0.9999964482357735 0.0017722823356571813 0.05682288433939298 -0.006113920472805554 -0.0017844231633665987 0.9999797176995272 0.2717376316733626
0.9999716863302284 0.002120010502436408 0.007220255767561953 26.78507824136942 -0.0021212429020448587 0.999997736871895 0.0001630326307906868 0.0490685432353584 -0.0072198937963086855 -0.00017834393103650584 0.9999739203234315 0.2871277851366048
0.9999757672623342 0.002130121752314339 0.006627780128105283 28.154999285142637 -0.00210428863683286 0.9999901722066773 -0.0039022377417109884 0.046272299025865195 -0.006636027233148316 0.003888196417396485 0.9999704220981641 0.31000799207728824
0.9999893147023038 0.0020415332532500354 0.004147604512569053 29.513788426999213 -0.002024428900245021 0.9999894473784469 -0.004123932513535105 0.054398555029482085 -0.0041559798898288215 0.004115491917646488 0.9999828951324272 0.30699911983749917
0.9999933741019833 0.0027643021304540835 0.002368625310722344 30.901693436436375 -0.0027543241809585835 0.9999873636277843 -0.0042055062786411366 0.052053137990419544 -0.0023802206698569643 0.004198954451416473 0.9999883515976963 0.33910663783020484
0.9999940177458252 0.0032029565527951494 0.0013059639670670723 32.2865184293372 -0.003200545015841295 0.9999931771711195 -0.0018444844298237356 0.06247764434845188 -0.0013118628601894331 0.0018402935991833898 0.9999974461643913 0.3289269892988042
0.9999922797317682 0.0038456676141126068 -0.0008070424170271709 33.66635792228611 -0.0038457407551755977 0.9999926011425788 -8.90962577176638e-05 0.06370136457790955 0.0008066938112425511 9.219924578497258e-05 0.9999996703721425 0.3619553218023152
0.9999918375402861 0.004008097417190073 -0.0005099096942455528 35.060112065695066 -0.004007847244073326 0.9999918481528736 0.0004907018121579159 0.07374530135870316 0.0005118723182055976 -0.0004886541666613343 0.9999997496018863 0.362859818983676
0.9999932485388067 0.003481088860352256 0.0011768165323442121 36.453500066866496 -0.0034814431462745397 0.9999938950157564 0.00029914016072399497 0.06754619696391163 -0.001175768014416644 -0.0003032351609417608 0.999999262808735 0.3933476511675839
0.9999911887204725 0.003272944196485779 0.0026287483148757043 37.85417950683903 -0.003277638314159265 0.9999930383205983 0.0017833668776036885 0.0810513534308711 -0.00262289315410045 -0.0017919672500547482 0.9999949546297106 0.4019521498302222
0.9999908792887888 0.0028823106205250787 0.003151765334213165 39.24828527978443 -0.0028939248960247296 0.9999890167486313 0.003686676118409847 0.07578285727176858 -0.003141104571851715 -0.0036957634654687485 0.9999882373280579 0.41117685297098266
0.9999889295388094 0.0033635724568612272 0.003290468075180988 40.64851670532846 -0.003383872708701753 0.9999751570418242 0.006183421760679985 0.0910968313979031 -0.0032695879430968376 -0.006194487832467816 0.999975468756697 0.4330798499878373
0.9999870881377307 0.0033218645354820813 0.003845617483616696 42.07411535119496 -0.0033567639757487986 0.9999529188310842 0.009104518482939113 0.09731744004648325 -0.0038151924503892483 -0.009117309756883948 0.9999511582919255 0.4499457223059129
0.9999878025458491 0.0029344991629867835 0.003972842079217956 43.46145216583307 -0.0029740393397305665 0.9999457402904661 0.009983564741972251 0.09477969841704204 -0.003943329751581772 -0.00999525835653318 0.9999422708140987 0.4590954903143848
0.9999891443594844 0.0026106551015480746 0.0038594874176820283 44.887284200701444 -0.0026457181122140614 0.9999550224260935 0.00910787025058903 0.10448251340341366 -0.00383553631936752 -0.009117982494588549 0.9999510743313251 0.46986633355060314
0.9999925223136893 0.001715204361825057 0.0034660338577408214 46.285110912104784 -0.0017455599921586274 0.999959983582055 0.00877406718061847 0.09419309504684423 -0.003450845841182216 -0.008780051740929962 0.9999555001870868 0.491889450705928
0.9999914362099438 0.0008910572979725223 0.004041475431756189 47.71951679301356 -0.0009241970295171543 0.9999659075003727 0.00820546749469894 0.10635387253968939 -0.004034026106062111 -0.008209132344386898 0.9999581675147855 0.5048515061229076
0.9999877717284501 -0.0001515833043526671 0.004943016899723129 49.11531483027142 0.000109440613321244 0.9999636567436391 0.00852485862883284 0.10887932088324682 -0.004944129480632844 -0.008524213417745442 0.9999514455058743 0.5163362856518401
0.9999867972816803 -0.0010735881357851387 0.005025203562281687 50.54415562122387 0.001027024789315992 0.9999566035234001 0.009259389290213717 0.11833868609133333 -0.0050349262566394765 -0.009254106032475284 0.9999445039796608 0.5319918129688942
0.9999831256865653 -0.0022978603522300187 0.005335558070959324 51.996186667329226 0.002246690415526364 0.9999516190817423 0.00957663187027432 0.12162361572489717 -0.00535730569444304 -0.009564482924006983 0.999939908165532 0.5418368967923441
0.9999726501991735 -0.0032360919133124833 0.006650305464418767 53.4000676886805 0.0031668446712844445 0.9999409357936268 0.010396923535072405 0.13989315837542138 -0.006683558069579546 -0.010375578696862103 0.999923835808626 0.5652899801238492
0.9999623115518144 -0.004111639553776743 0.00764656106572238 54.8569871580789 0.0040526394464725024 0.9999620232123821 0.00771545504271275 0.1457445114527623 -0.007677993844025785 -0.007684175504180338 0.9999409991881282 0.5628542388338348
0.9999551305282643 -0.004717448016962541 0.00821478024107909 56.25772643157447 0.004667963209092156 0.9999709081129182 0.006032665025026345 0.14562797596717494 -0.008243000041279227 -0.005994048050597379 0.9999480608203041 0.5697031196242278
0.9999566225336987 -0.00499054646332587 0.007864317961238586 57.68383893914557 0.004958754674309372 0.9999794760961171 0.004056863149683408 0.16586140607415023 -0.007884402518776494 -0.004017689949788297 0.999960846415693 0.5783644551708818
0.9999540872093456 -0.004936474986347967 0.008213080301169172 59.13279453946757 0.004910196454099577 0.9999827712933346 0.003216688869704325 0.18122224959889324 -0.008228817904562005 -0.003176213344769614 0.999961098355672 0.595129214716402
0.9999492097493649 -0.004766077011832785 0.00888045221471794 60.53710384038283 0.004741550644331808 0.9999848921770657 0.0027808479120112954 0.17971774985031658 -0.008893571785725142 -0.0027385995581282125 0.999956701289287 0.6112486131251282
0.9999436141727626 -0.004085356536740182 0.009801955778362872 61.990962381314006 0.00407607816242383 0.9999912258149222 0.0009663746598379719 0.19830519831780655 -0.009805817759222256 -0.0009263666321061266 0.9999514927149895 0.6170427454409366
0.9999489017615836 -0.0037122290849683198 0.009402830479360389 63.38881545259467 0.0037278253079515416 0.9999917040515585 -0.0016416901455192394 0.20416530546088552 -0.009396658144056824 0.0016766583674721156 0.9999544447785822 0.6205727163558408
0.999956961508014 -0.003291734045467047 0.008674077393830193 64.80353088075077 0.0033086423721221656 0.9999926530154539 -0.0019356654585542586 0.21340929633138053 -0.00866764196962707 0.0019642815704362265 0.9999605060104115 0.6372164816101944
0.9999591552547602 -0.0024441150530774736 0.008701386314467862 66.25774056546591 0.0024629590064850562 0.9999946436614344 -0.0021555698487903618 0.22256156537781543 -0.008696071246181384 0.002176912962881166 0.999959818890156 0.6470721159888395
0.999961373965622 -0.0018732817692532894 0.00858728083846089 67.61960350935716 0.0018782473738171057 0.9999980735144689 -0.0005702228980887157 0.23225306995807848 -0.008586196107029204 0.0005863299103225201 0.9999629660410669 0.6559060568042957
0.9999492350706624 -0.001292021205987527 0.009992895616414688 69.09493074354432 0.001268996805018254 0.9999965265953215 0.002310074544558316 0.24947535646081592 -0.009995845572343284 -0.0022972763211771855 0.9999474014130934 0.6645546462168368
0.9999367733454301 -0.0005028641456854737 0.011233718849115866 70.45574912095768 0.0004378329656636421 0.9999831382728428 0.005790636604957308 0.2631359661878064 -0.011236441332743 -0.005785351989937807 0.9999201328548837 0.6760850245972154
0.9999253712124174 0.0003747629186367951 0.012211124373446904 71.90654682897987 -0.0004930633393282445 0.9999529646289181 0.009686352171007476 0.28272948332799963 -0.012206919933070123 -0.009691650148049381 0.9998785241333845 0.6845498593331557
0.9999318825040883 0.0006570113355673763 0.011653269409707914 73.26969789618175 -0.0008140205888273163 0.9999088930754793 0.013473786366525159 0.28572174845898657 -0.011643355285795565 -0.013482354567164076 0.9998413166062974 0.6813724224771673
0.99993440469015 0.001361212468656803 0.011372485109700322 74.66351894857557 -0.0015589923288676837 0.999847386859665 0.01740036013471945 0.29850071270742584 -0.011347063931859818 -0.0174169483697511 0.9997839236803179 0.6915680533559393
0.999932287045035 0.0021817571480790814 0.011430715665808902 76.12082832627223 -0.0023953473493745076 0.9998221695466452 0.018705389440360532 0.3122005487463278 -0.01138787231934077 -0.018731503377639302 0.9997596946993073 0.6933120818862407
0.9999260861020679 0.0025218162279477306 0.011893812488541504 77.48039463225358 -0.0027473485332790482 0.9998160112480913 0.018984091445034722 0.3144647153556933 -0.011843749770947367 -0.019015364705132806 0.9997490392575998 0.6995771080158903
0.9999234539217495 0.002551760426960462 0.012106808659694475 78.90208168424667 -0.0027717117477307563 0.9998307844006425 0.01818571359015638 0.3134735674019035 -0.01205835441453542 -0.018217878128890475 0.9997613240195354 0.7144658662064227
0.9999359944033632 0.002270990033767048 0.011083758424994785 80.25395338880148 -0.002462892753378924 0.9998467728707513 0.017331039761926268 0.31473166072469727 -0.011042701473935882 -0.01735722858669109 0.9997883702864055 0.7142553469700985
0.9999343516766159 0.002054791540190852 0.011272540476406403 81.65370217927338 -0.002248487533778855 0.9998495869845169 0.017197316962290495 0.31863671774293256 -0.011235508038193096 -0.017221534154000434 0.9997885687086576 0.7305815245224773
0.9999297489595222 0.0016911621713299272 0.011731884599546738 83.05279206640836 -0.0018834914302361659 0.9998637026416228 0.016402091324484034 0.32689744917125085 -0.011702546978288368 -0.016423035964606245 0.9997966464656332 0.7291261241541344
0.9999376653597966 0.0014221839549614312 0.011074420418144215 84.41426267541014 -0.0016053372249325982 0.9998617983264207 0.01654711877791137 0.3376571916228927 -0.01104935686788172 -0.016563865498557744 0.9998017553858125 0.7337755841253754
0.9999324697794447 0.0006354871767125025 0.01160396642653849 85.81572164457356 -0.0008348418454317208 0.9998520107784676 0.017183119080888487 0.3409964736938698 -0.011591329512748511 -0.017191646177812984 0.9997850210829444 0.739265164807594
0.9999224540605335 -0.0005139800424248815 0.012442736438427632 87.16959187610213 0.0003114132422786974 0.9998674822861014 0.01627639052877019 0.3468082668229322 -0.012449453295334673 -0.016271253527878404 0.9997901066830371 0.7509561020294888
0.9999051591442453 -0.0016192307028596068 0.013676651953319003 88.559256117924 0.0014151144767931888 0.9998876751332816 0.014920943923851186 0.3505485240973511 -0.013699276175728338 -0.014900174780587578 0.9997951363273224 0.7557240457474868
0.9998925089143614 -0.002688272158173136 0.014413320566304233 89.94111266481161 0.002507261084191981 0.999917951636752 0.012561991737685812 0.34894382391259726 -0.014445908029582424 -0.012524503477806268 0.999817209570747 0.7637467356410006
0.9998861061219572 -0.003610949564268313 0.014653867322809867 91.309189366732 0.0034459694867503376 0.999930574722588 0.01126814222715075 0.3603477170989356 -0.014693538667271066 -0.011216362075076869 0.9998291319736758 0.7688039858612222
0.9998915153203387 -0.003915754746446142 0.014199452636018916 92.6825520280587 0.0037688793318222187 0.9999392747769293 0.010355786168647527 0.3726102530449618 -0.014239141089933176 -0.0103011467009393 0.9998455546921567 0.7725528611661041
0.9998906719524081 -0.004345880816066528 0.014133558026713138 94.03384140991996 0.004222302222370063 0.9999527008620277 0.008761746554151174 0.37941430045087343 -0.014170967027866913 -0.008701112496040726 0.999861727607786 0.778975450462658
0.999897009774949 -0.004431634120677172 0.013650291650218098 95.410833922496 0.004317706635005543 0.9999556965395396 0.00836435099324837 0.3980341525839523 -0.013686754638320699 -0.008304551592029263 0.9998718453733586 0.7741945649169789
0.9999049053458557 -0.004223664573300091 0.013127868176796334 96.76563811489407 0.004118359461077924 0.9999592123699446 0.008038203271204487 0.40223605161628345 -0.013161283396555297 -0.007983373600934778 0.9998815161634419 0.7764214272678109
0.9999130496175836 -0.003999798400232321 0.012565620447127644 98.08416927721841 0.0038821321431212093 0.9999485214577987 0.009374619159512413 0.42057382338417304 -0.012602470174022173 -0.009325022633755429 0.9998771032973967 0.7830503277710139
0.999911495908748 -0.00377704081468407 0.012756735954550208 99.44372840486464 0.0036365834240267418 0.9999327119241758 0.011015756213851964 0.4348310682933532 -0.012797484539158362 -0.0109683903398418 0.9998579493122124 0.7820536653917144
0.999891386556804 -0.003746768322852919 0.014254010546051443 100.78082504897502 0.0035882323323214904 0.9999316040761497 0.01113156585695718 0.4407398272905964 -0.014294743028168168 -0.0110792101177547 0.999836442336908 0.7874863928204571
0.9998674497154696 -0.0036109372678296515 0.015875897818098634 102.11904095896689 0.0034330819434107078 0.9999312067618247 0.011215867875948766 0.46119813199756915 -0.015915305458983106 -0.011159877951335806 0.9998110622393906 0.790448450439466
0.9998826463406378 -0.003445692768796468 0.014927181521843842 103.4661711194902 0.0032831934149776133 0.9999352359228771 0.010896999626503088 0.4710530126966453 -0.014963762489523151 -0.010846711999644156 0.999829202739625 0.7959577268489848
0.9999151050071643 -0.0032968097314524207 0.012606102653322954 104.79185546801762 0.003159176918582985 0.9999353591608661 0.010922321228877633 0.47863049899061827 -0.01264129659918665 -0.010881569069959492 0.9998608848609225 0.7946778032330616
0.9999290746438125 -0.0033322869493113455 0.011434226937409371 106.12133463186287 0.003220055515368135 0.9999465999152555 0.009819804498959375 0.488198757151997 -0.011466338755098598 -0.009782289180313819 0.9998864084954581 0.7936122889011243
0.9999150017211313 -0.0030391997856170873 0.012678824775698738 107.46920514065245 0.0029310664258576915 0.9999592502643774 0.008538539706027994 0.4965552931111035 -0.012704258444985168 -0.008500651467229548 0.9998831635456193 0.8039473501155724
0.9998886979150423 -0.0025014490133397124 0.014708315151462828 108.79891727745014 0.0024271118024775016 0.9999842031335628 0.005069774317616 0.5013405843834565 -0.01472076458813752 -0.005033511315865511 0.999878974103253 0.7989120682028182
0.9998745968948852 -0.001559089511575306 0.01575943286370746 110.1568860620775 0.0015009611556790784 0.9999920298751748 0.0036996353518567774 0.5142712686670943 -0.015765075321734094 -0.003675517109531905 0.9998689679023335 0.810932600838104
0.9998909889727255 -0.000981735832647304 0.014732493539784173 111.45905405527816 0.0009337529518874699 0.999994238925964 0.0032634675281336253 0.5212444861097619 -0.014735612527809201 -0.00324935526485447 0.9998861452254417 0.8096628716576681
0.9999227352983406 -0.00019690844997253756 0.012429185836039879 112.79349067399531 0.00014053904057098062 0.9999897026228082 0.00453595603217559 0.5315402031415366 -0.012429951016096577 -0.0045338587770335495 0.9999124663900972 0.8084553802260549
0.9999443822917707 0.0008035820523377237 0.010516015358224603 114.14363879188107 -0.0008855795737131592 0.9999692259011868 0.007795062501355394 0.532806967326805 -0.010509427765005906 -0.0078039417262416606 0.9999143215403936 0.8188976501421469
0.9999439774621933 0.002249931730987421 0.010343101289966282 115.44736496048299 -0.0023562031653398463 0.9999444456635179 0.010273942443070318 0.5444031725268014 -0.010319411016731948 -0.010297737318740226 0.9998937275342725 0.8151979242338999
0.999916821986812 0.003698547165789447 0.01235596441629483 116.81050347991075 -0.00383631289242882 0.9999305367464072 0.011144702124029572 0.5558485578835131 -0.0123138869243508 -0.011191176475437945 0.9998615532952099 0.8194401592299956
0.9998812130244867 0.004508871956411695 0.014738721598624443 118.1165163114665 -0.004672963600891312 0.9999272745817759 0.011117956585924313 0.561585665425645 -0.014687520276269218 -0.011185509427041626 0.9998295660396285 0.8169646606666809
0.9998602185842713 0.005477286009387126 0.015796918388870432 119.47540416811943 -0.0056451542699856964 0.9999278654365163 0.010601705374135448 0.5576682084130801 -0.01573771031253667 -0.01068939949404466 0.999819014228363 0.8223041374462268
0.9998651430939756 0.006452243980697568 0.015101793710590275 120.80110744565245 -0.006620982503487441 0.9999159141622099 0.011150210573812125 0.5562694929153547 -0.0150285799845556 -0.011248695602841715 0.9998237887902459 0.8196843069686213
0.9998570052552609 0.007832753504157415 0.01498722838033779 122.11176953869345 -0.008024894364391343 0.9998858303852026 0.012803408348327326 0.5500247418548886 -0.01488523135264121 -0.012921848452785985 0.9998057089855718 0.8193782502381988
0.9998544429234574 0.008891003886650494 0.014561696882928287 123.47617558133797 -0.009102271873712433 0.9998533365098328 0.014507036806051869 0.552412094229855 -0.01443057909301429 -0.014637469728156088 0.9997887291158056 0.8134067829541687
0.9998512465655531 0.010103076912655062 0.013979004907590131 124.8062645678724 -0.010319485261156246 0.999826669653432 0.015496414865118114 0.5518520711016651 -0.013820020450572122 -0.015638365855294822 0.9997822005557618 0.8152323767958044
0.9998462652110834 0.011205101844162816 0.013486720732254483 126.12702820605868 -0.01142439341406771 0.9998019729450514 0.016294113363519293 0.5430625089116976 -0.013301472796968394 -0.01644568599495171 0.9997762800914947 0.8126700495177845
0.9998386478956491 0.0120428604311238 0.013328454030253465 127.47149490511134 -0.012251452430347178 0.9998019887833487 0.015680725053627293 0.5360583747477109 -0.013136974063575195 -0.015841487856163863 0.9997882111602215 0.8189860859865655
0.999813726968077 0.013053200101162862 0.014217078930718571 128.79653484976532 -0.013270673520334689 0.9997947064168201 0.01531124571095454 0.5299770648825259 -0.01401429950157937 -0.015497063851695839 0.9997816963824935 0.817261699259333
0.9997865695461032 0.013931086932205941 0.015255824203300818 130.16673506546846 -0.014156981038749397 0.9997902396326946 0.014800561579462634 0.5194789770749678 -0.015046436226003428 -0.015013379102863428 0.9997740760815967 0.8201134161625444
0.9997738785961428 0.014288568475657841 0.015748920208755464 131.4935227073103 -0.014496218765708902 0.9998084408800033 0.013150710497676394 0.49991373178047405 -0.015557998532009773 -0.013376036633226751 0.9997894930062351 0.8137974510840859
0.9997690402706758 0.014289301592381912 0.016052475704814207 132.83917443372886 -0.014485617121378216 0.999820883443696 0.012180637359347227 0.4860123046699357 -0.01587554763983066 -0.01241035413954988 0.9997969544348825 0.8216868220111476
0.9997561904834226 0.014149772923321282 0.016951209876966366 134.16160584187634 -0.014323241715600855 0.9998458374069596 0.010156090130167767 0.47204193137542927 -0.016804890265365902 -0.010396410255182483 0.999804736094491 0.8111143038983779
0.9997628808269866 0.013593123797605392 0.017012028272589134 135.4946007943653 -0.013743894557719032 0.9998670234920132 0.008777282928571295 0.4513639428365145 -0.016890455379020994 -0.009009013189293369 0.9998167583104637 0.8173620268695041
0.9997805048171374 0.0124521793178922 0.016848899602789354 136.84288709781052 -0.012594503800653372 0.9998856749360817 0.008367528406394216 0.44167444290965335 -0.016742779387101333 -0.008577895304300705 0.9998230338667654 0.8162387490897176
0.9997716583613359 0.01145650426045099 0.01803828283276014 138.17407093621833 -0.011570143733333984 0.9999137913284397 0.0062081950014100966 0.4287446351496349 -0.017965603563876532 -0.006415482937067893 0.9998180227757798 0.811360899430608
0.9997778527311437 0.010402179026493492 0.018331390012878892 139.5173991057139 -0.010498287478727142 0.999931606606219 0.005154422365272821 0.40885699046188306 -0.018276519042681457 -0.005345725526661715 0.9998186795965938 0.8093361922169171
0.9997896636274891 0.009127994288564747 0.018365952844871743 140.8802085262334 -0.009203295842295284 0.9999495693028932 0.004019725935629711 0.4078614943498795 -0.01832833460168472 -0.004187907738514923 0.9998232511696767 0.804340298364942
0.999805410085851 0.007957240386847449 0.01805060354916825 142.19700983768496 -0.00801360757748101 0.9999632313348925 0.0030525516988897787 0.4032504907915591 -0.018025649964910018 -0.0031966081564964765 0.9998324147774147 0.7945342276782089
0.9998189978574474 0.0069073599335173425 0.01772737719117741 143.5522281763484 -0.0069529382752605414 0.9999726760796493 0.0025107256810190394 0.3935640646652993 -0.017709550323761883 -0.0026335285936839314 0.9998397053300476 0.7826756920073222
0.9998591533581981 0.006158480831331507 0.01561238481711115 144.9007541742667 -0.006172155697315102 0.9999806093783516 0.0008278655377820346 0.3796449318641727 -0.01560698368921878 -0.0009241110055987829 0.9998777765702035 0.7847480698878359
0.9998781476091083 0.005127320614098074 0.014744508031753185 146.20679636283143 -0.005099065586597902 0.9999850920330037 -0.001953264418500496 0.39014785774796334 -0.014754303234031835 0.001877843195065029 0.9998893860027782 0.7990284486216771
0.9998354012675666 0.004194063609033624 0.01765163455794349 147.58445367232648 -0.004000584180014574 0.9999316924320747 -0.010982067025174173 0.3769243230253812 -0.01769648830537918 0.010909642540898426 0.9997838836475048 0.7850384594811648
0.9998101054431273 0.0028271772887010177 0.019281081981588344 148.90322292236633 -0.002471784456436924 0.9998270757708483 -0.018431191961330695 0.36333037096166737 -0.019329856062666226 0.01838003329955519 0.9996442022242233 0.7829659547839826
0.9998646608759981 0.0019444958704421759 0.016336427612396627 150.20750257819094 -0.0016074948049753055 0.9997861614783731 -0.020616674726841193 0.3340523598937839 -0.01637302329373592 0.020587623761625047 0.9996539770620995 0.7858444909173143
0.999912796645066 0.0019367290620300103 0.013063237959376627 151.60626727394344 -0.0016752279234538885 0.9997985881812095 -0.019999417048122536 0.3513799921373282 -0.013099340321080693 0.019975789130858946 0.9997146468526666 0.7830108299554287
0.9999344345969231 0.0029477529362860076 0.011065137141416718 152.92791317097775 -0.0027668346186713777 0.9998628259730393 -0.01633015197114486 0.35694198278443273 -0.011111756545419097 0.01629846587364534 0.9998054255087041 0.7868476965167768
0.9999300113750303 0.0037656997541962232 0.011215696897346658 154.29997751734408 -0.003576671651733693 0.999852026787323 -0.016826525166478458 0.3598115977125131 -0.011277400916327729 0.01678523263597186 0.9997955171903546 0.7826088969390346
0.9998915368644588 0.004237754527657293 0.014105174348221618 155.62799240564462 -0.003970082521148303 0.9998125301009889 -0.018951071152690763 0.3598383165993697 -0.014182840040192294 0.018893016953954057 0.9997209115342001 0.7818258940092122
0.9998364264847484 0.0048194055407101005 0.017432544405293477 156.96447744107087 -0.004332538779655693 0.9996024635187589 -0.027859361711119975 0.355797150642565 -0.017559879895122737 0.027779277482728217 0.9994598352913471 0.7730195921606698
0.9998172147967049 0.0049128977324605135 0.018477024436582994 158.31433484752725 -0.0043630134972521386 0.9995498139786176 -0.02968389274562458 0.33646035143054653 -0.018614540267825483 0.029597851462248612 0.9993885461017833 0.7771257580066872
0.9998105314033091 0.004793696998772926 0.01886588890343097 159.64320311339443 -0.004204632410496451 0.9995061719775143 -0.031140540219271193 0.3283251484508313 -0.01900585071301064 0.031055315936879463 0.999336952679493 0.7793527143874643
0.9997983840497572 0.005873200372770877 0.019201478299228858 161.01136825990983 -0.005293711373019165 0.9995331099559925 -0.030092170436856115 0.32974559233882866 -0.01936925066680795 0.029984456291267204 0.9993626791658389 0.7647706631309991
0.9997972534941673 0.007062250804362795 0.018856736703258947 162.35427125253503 -0.006534288126999272 0.9995889453603394 -0.027914931346462682 0.33017992944342844 -0.019046127800503503 0.027786056340917572 0.9994324289759795 0.7497268409670915
0.9998214450063819 0.00792934795221394 0.017152362706139988 163.7028125153695 -0.007508096544045519 0.999671980795573 -0.024485899994504685 0.3324855173327878 -0.017340893622750615 0.024352746319631247 0.9995530186813784 0.7460697178192895
0.9998225600594254 0.008570095644859277 0.016775036716933752 165.0522190232657 -0.008177748508150031 0.9996946221496297 -0.02331923829044077 0.3322341038598441 -0.016969762094795598 0.023177918494698205 0.9995873204821573 0.7313394860407952
0.9997984895252853 0.008813312521763051 0.01803623756086092 166.39129713005127 -0.00843469236519445 0.9997446994351885 -0.020961677317166156 0.3282939495897003 -0.018216374712401097 0.02080532320436773 0.9996175779860512 0.7312558817390714
0.9997999652315258 0.00859458130047395 0.018059974953174605 167.7279595173584 -0.008228262584253503 0.9997608693744949 -0.020260793725783873 0.32121150517549557 -0.018229789298955825 0.02010813864642207 0.999631600912202 0.7179072185443663
0.9998417198636763 0.00813992810654797 0.01582013876254401 169.10740883447644 -0.00786826181159861 0.9998218099487871 -0.017159219294464925 0.31415742688160486 -0.015956994582629155 0.017032026337216274 0.9997276051018789 0.720685854240553
0.9998881357651134 0.007442759032987228 0.012973869667265691 170.5168757609199 -0.007275164897617415 0.9998900990076882 -0.01291750293625512 0.3205836301057431 -0.013068585687777584 0.012821670888482954 0.9998323943660501 0.7190779998495396
0.999906437093124 0.007063478306717557 0.011714279062107879 171.8807969622143 -0.006968953502644912 0.9999429872911313 -0.00809047924208147 0.32102038705623775 -0.011770758123943492 0.008008086007224725 0.9998986547704165 0.7115576087525307
0.9998896312074229 0.007415090916199653 0.012874075912004264 173.2322271070553 -0.007362342221535521 0.9999643281386796 -0.004139851105050956 0.3208775864822294 -0.012904314042077187 0.004044610842032841 0.9999085557200917 0.713693166503664
0.9998495864882505 0.008058794134129393 0.01535774190361694 174.59451192457794 -0.008066361899039157 0.9999673735401102 0.0004308839837650044 0.32858200144067223 -0.015353768429545866 -0.0005547002771384624 0.9998819700857768 0.723387947756936
0.9998153997797601 0.008067794390454 0.017437805392653927 176.01142786568573 -0.0080820326396553 0.9999670614264173 0.0007461974452756867 0.3267419959022375 -0.01743121084865471 -0.0008869926094103326 0.9998476714642389 0.7152337082773891
0.9997927595290961 0.007146124682566711 0.01906228987336764 177.41669059329638 -0.007118022849384299 0.999973478175782 -0.0015416535747895144 0.3205525944256491 -0.019072801155329198 0.0014056482668964867 0.9998171094800484 0.7055687349185266
0.9998058935474832 0.005830102695141716 0.018819806860930086 178.83008028636525 -0.005755113606034038 0.9999752932201846 -0.004036287475812729 0.3152395264242782 -0.018842873854596907 0.00392719387984119 0.9998147444667587 0.6945383007347182
0.9998766666246099 0.0036805862342925437 0.01526777078130207 180.16528665114313 -0.003594112637267515 0.9999773677914202 -0.005687377189282051 0.3099727618645877 -0.015288358120121302 0.0056318016579482 0.9998672656488342 0.6913890800596908
0.9999361295005555 0.002034346890354484 0.011117479578488522 181.57792476213575 -0.002009931196715465 0.9999955449063123 -0.0022068856137038664 0.31902415265849643 -0.011121919619961035 0.002184399289783851 0.9999357635886967 0.7031347912363547
0.9999448829313377 0.0014370740907402415 0.010400284490875305 182.97188297113647 -0.0014472328123061645 0.9999984829732749 0.000969313332176921 0.34277328552710523 -0.010398875738290302 -0.0009843115394399496 0.9999454457690043 0.6908278062046759
0.9999315789595594 0.00110562864014272 0.011645384697482377 184.30101006880778 -0.0011569090895650958 0.9999896609142956 0.004397684148563343 0.36019595482812683 -0.011640402089306976 -0.004410855905846368 0.9999225196930895 0.6857556626332301
0.999890505709154 0.001346382951459463 0.014736480096695653 185.7406570838809 -0.001456134889411151 0.9999712667759473 0.007439441759378028 0.3512378876153502 -0.014726040332558085 -0.007460085485794207 0.9998637361464153 0.6892162160271162
0.9998451283618074 0.0017525761040221178 0.017511361116733508 187.11118317761034 -0.0018855254300300286 0.9999695047084239 0.007578551777348341 0.36168683280598796 -0.017497545113922285 -0.007610396191319495 0.9998179423198993 0.6894867141590704
0.9998355346200236 0.0019257141180365788 0.01803317321569274 188.5624041197372 -0.0020431015969099094 0.9999768306686064 0.006493370606540589 0.364964541645263 -0.01802025102367577 -0.006529146276870792 0.9998163035287727 0.6779804658528656
0.9998219445323185 0.001785591896553975 0.018785390418950935 189.97713993606777 -0.0019031071607857467 0.9999787222033861 0.006239657331751432 0.35979191212311357 -0.018773849225665443 -0.0062742969376715155 0.9998040686970572 0.6785708150790828
0.9998099186510722 0.001950739147652488 0.01939899955447061 191.3260171292166 -0.0020080217574888004 0.9999936802426974 0.002933824004178117 0.361688863612367 -0.019393153832164237 -0.0029722199521327783 0.9998075172216891 0.6700106475127071
0.999803455432445 0.00232192405123152 0.019689062294665514 192.78638270569633 -0.0023505292284073994 0.9999962152943275 0.0014298284399208126 0.3699864531055081 -0.01968566782431597 -0.001475827131311956 0.9998051292209843 0.6644102355850895
0.9997855859665425 0.0027560991827946424 0.020522816834728026 194.15927760957157 -0.0027220576928869067 0.9999948731061487 -0.0016864647444716355 0.3638755696102804 -0.02052735968052863 0.001630238851318809 0.9997879624329521 0.6515240593405417
0.9997497707515327 0.0031386058195389276 0.022148251302692563 195.60656679602414 -0.002996114836224584 0.9999746212105496 -0.006463762890593003 0.35820108904025355 -0.022167976410710596 0.006395786763738192 0.9997338019360589 0.6407569413398501
0.999734727723035 0.0035287590248121834 0.022760097633667684 197.0200718845233 -0.0032923432494508503 0.9999403276292937 -0.010416412844570047 0.35063673324886724 -0.02279549649551582 0.010338715605215912 0.9996866890677086 0.6309419107075552
0.9998081550778299 0.0036905964688769164 0.019236229816934836 198.43499825649997 -0.0035275625157033326 0.9999576317565041 -0.00850241110636106 0.35390195940422947 -0.019266793780072084 0.008432922958718428 0.9997788137722307 0.6220631657305927
0.999893001374565 0.003872267936685094 0.01410642914385626 199.86801038843612 -0.0038466499130079225 0.999990903767825 -0.0018427333109682677 0.3692532379178844 -0.014113436385617533 0.001788273646597884 0.9998988013747961 0.6123713242204016
0.999898060259229 0.005139877708350232 0.01332106403312592 201.31724305930567 -0.005250326547704579 0.999952022525512 0.008269626247933039 0.3797750472870505 -0.013277920054507977 -0.008338723180513844 0.9998770737119363 0.599895532636254
0.9998298787627015 0.006335135539961429 0.017322805519082562 202.7484946397658 -0.006588625163506775 0.9998714790715316 0.014615586124493474 0.40019326525018695 -0.017227987456938928 -0.014727233175243696 0.9997431195318053 0.5935644380618568
0.999781280467312 0.007154562131404511 0.019652060142637845 204.18376736015816 -0.0074725962281105415 0.9998415308278559 0.01615777018716405 0.39170490848817724 -0.0195333441262271 -0.016301088077715912 0.9996763091094681 0.5829932500007813
0.9997726574339281 0.006736787003740466 0.020229907275317167 205.65983193755537 -0.007054998601885535 0.9998518605230423 0.015699809022353142 0.3881151861706123 -0.020121144158051496 -0.015838961755026797 0.9996720796582717 0.5796872625422634
0.9997775371812034 0.005506027481450889 0.020360741864208075 207.0800474793954 -0.005753564457905034 0.999910008709891 0.012119033699695678 0.3768631074402868 -0.020292181842180988 -0.01223348450602424 0.999719245194832 0.5689675016024515
0.9997894646548614 0.004376847300143129 0.02004668483457166 208.51871319883196 -0.004581569341490643 0.9999377093995189 0.010177747452766143 0.3686541697751365 -0.020000889668075485 -0.010267449953830042 0.9997472399981562 0.5616395314496795
0.9998007662373045 0.0038976920217297126 0.019576409992707097 210.00008141416893 -0.004107763639851138 0.9999342931688101 0.010702131697535266 0.3720184328309408 -0.019533410075507417 -0.010780414736735163 0.9997510832947 0.5489643944288357
0.9997997501808549 0.0037765325485280246 0.019651904238780816 211.4799871378353 -0.004008334313076293 0.9999227043218643 0.011769394108633735 0.3750986744628397 -0.01960593773158831 -0.011845808691669625 0.9997376075861634 0.5418463178950411
0.9997844453160133 0.00354407351107071 0.02045733235541317 212.9028182105587 -0.0038151069872203367 0.999905268567589 0.013224932871431096 0.3775695374689613 -0.020408524268740503 -0.013300129086814274 0.9997032553230215 0.5282946546888464
0.9997833872020576 0.003153862697673938 0.02057259888455377 214.3450408155788 -0.003415204782801876 0.9999137648082634 0.012680667303278962 0.38805635880092687 -0.020530831718955013 -0.012748180146559814 0.9997079417769366 0.5265631646614187
0.999798574937069 0.002924475555032158 0.01985590583514576 215.81880243548542 -0.003186877262912142 0.9999078432960906 0.01319654228470206 0.38585295239843 -0.0198154830149883 -0.01325716250518244 0.9997157567404816 0.5160118316857563
0.9998053203925029 0.002577337558103956 0.019562173855590344 217.28658821996348 -0.0028207758739817604 0.9999188035926998 0.012426964440788198 0.38857588795897224 -0.019528556995167822 -0.01247972567228297 0.9997314098840904 0.5044226595688179
0.9998066362070924 0.002024969342494641 0.019559900189435223 218.76570639721126 -0.002273248576931831 0.9999170292105417 0.012679394136635906 0.3845791551997621 -0.019532601904666685 -0.012721406916164439 0.9997282847198568 0.4966844027337943
0.9998100296503136 0.0017949885026658896 0.0194083133454268 220.2483814305812 -0.002083043831101439 0.9998878324703794 0.014831837582857943 0.39269328723195 -0.019379513384930103 -0.01486944834087211 0.9997016224689251 0.4960724938242391
0.9998113337673687 0.0017652114435789308 0.019343756069461225 221.74090771017865 -0.00200992766306761 0.9999181073004315 0.012638784890646099 0.3961949955512094 -0.019319861829335004 -0.012675279929147383 0.9997330044654988 0.47672232804385634
0.999813402232453 0.0013171554843369533 0.01927241079360119 223.21312222267355 -0.0015997979757418532 0.9998912918947097 0.014657593239189713 0.39861093990038826 -0.019251009397017255 -0.014685690128788936 0.9997068215945298 0.47173781359066946
0.9998117031754878 0.0009931180748462868 0.019379677753240756 224.67487973583638 -0.0012634617776113137 0.9999019989621938 0.013942601469790934 0.40556567326680854 -0.019363931875178562 -0.013964461604312377 0.9997149753576942 0.45790199700953227
