1.0 -2.1684043449710093e-19 -2.5135375298442207e-37 0.0 2.1684043449710093e-19 1.0 2.3183291766350204e-18 -8.673617379884035e-19 -2.51353752984422e-37 -2.3183291766350204e-18 1.0 0.0
0.999999585714747 -0.00038788629906633246 0.000823477111589952 1.3192193800436618 0.00038820078398070973 0.9999998517746344 -0.00038177331061308394 0.0025721247628658385 -0.00082332890489322 0.00038209282691034077 0.9999995880672081 0.016921063817585753
0.9999989307112258 -0.0003643542252795134 0.0014162705967852524 2.6207080437062005 0.00036590539585004125 0.9999993333847005 -0.0010951453766090424 0.012949225315299307 -0.0014158706318323415 0.0010956624266357327 0.9999983974158162 0.02517162809825505
0.9999993238254674 -0.000908914293732099 0.0007254125822704318 3.9433767298646902 0.0009103498796821069 0.9999976232068892 -0.001981121820822418 0.01012336804369054 -0.0007236101881742338 0.0019817808604952864 0.9999977744639817 0.047889438586656126
0.9999993676148048 -0.0005078474529563688 0.0010034246135472331 5.2608921391252625 0.0005103672152501862 0.9999967134183959 -0.002512504271078726 0.018635973748722588 -0.0010021453468157479 0.002513014797233951 0.9999963402239694 0.059806075097252415
0.9999984163022563 -0.0007027862832023884 0.0016350793312829958 6.582629078014643 0.0007076751871520938 0.9999952754829248 -0.002991355488583898 0.018976141100249297 -0.0016329693227172166 0.002992507856252734 0.9999941891370776 0.06631597374486162
0.9999960011720208 -0.0004359345227696251 0.0027942084853786737 7.919259127515286 0.000447351474787114 0.9999915497023647 -0.004086612352697948 0.018384558216872196 -0.0027924033780795986 0.0040878460043249285 0.9999877459241283 0.09209777593838583
0.9999935954243115 -0.00025592688589105004 0.003569819573500383 9.23240548877816 0.0002708080966858219 0.9999912740268185 -0.004168756792481244 0.030722994473673167 -0.0035687215264065862 0.004169696829407051 0.9999849388140892 0.10348896621947144
0.9999972788291589 -0.0008623136415875335 0.0021676599043532955 10.569919279260626 0.000869938874224837 0.9999934290302313 -0.0035192474643070816 0.02490345223235505 -0.0021646109656290008 0.0035211236194503948 0.9999914580374295 0.11647477899038217
0.999999777479529 -0.0006375248919573121 -0.00019647621971564933 11.885430415808164 0.0006373585339746583 0.9999994393582025 -0.0008456106551426395 0.03962997501520988 0.00019701520740442608 0.0008454852411815992 0.9999996231697864 0.12798579958798786
0.9999992685973907 -0.0007404334208003984 -0.0009563278898434006 13.226245846564119 0.0007431224220772013 0.9999957631409396 0.0028145104788409115 0.036507643681363555 0.0009542398803951891 -0.002815219088998404 0.9999955819741063 0.1471724386747241
0.999999485983796 -0.0004542051554585566 -0.0009064931442957359 14.564108346200932 0.00045899774341066435 0.9999858825720652 0.005293767811237002 0.05832568454269608 0.0009040758903124335 -0.005294181168462215 0.9999855770422591 0.15865874627107734
0.9999999700844885 -9.439779754107115e-05 -0.00022565477584173324 15.91292713396364 9.567903606722252e-05 0.9999838378478522 0.005684618597791287 0.07704515154304228 0.00022511451329942074 -0.00568464001816445 0.9999838169647146 0.17134938438001623
0.999996418481482 0.00014612967603140517 0.002672390376862846 17.262445397397045 -0.00015703179091547287 0.9999916653247962 0.004079782096800876 0.07260250331624245 -0.002671771926120953 -0.004080187135232651 0.9999881067831339 0.1882042930776937
0.9999886647065046 0.00020372038567950174 0.0047569902781593 18.620587605665136 -0.00020322332957610278 0.9999999738404993 -0.00010497275400244629 0.06859067077341309 -0.004757011538808741 0.00010400483270238196 0.9999886799480354 0.20942754892093254
0.9999957473972899 -0.0001634282624951766 0.002911782707964095 19.966249883877673 0.00017088386322702904 0.9999967074962759 -0.002560428736129227 0.05888669768350177 -0.002911354674489097 0.0025609154243210596 0.9999924828348205 0.23088241812493385
0.9999998303629695 0.0002450996712578463 0.0005283939660008658 21.30745950471051 -0.00024327418368194924 0.9999940119435928 -0.0034520855477508865 0.057883037552638676 -0.0005292369069809 0.003451956417538604 0.9999939019340006 0.22478814253228865
0.9999997441958287 0.0005216334166071868 -0.000489394376564919 22.66212594477968 -0.0005223428112820421 0.9999988115603519 -0.001450529514053642 0.06993749715839002 0.000488637150282933 0.001450784774636622 0.9999988282279499 0.26604126952572327
0.9999986850839089 0.0013689106945897764 0.0008694331276713912 24.029541479993394 -0.001370084909822624 0.9999981482963001 0.0013513960599805229 0.08188547188259986 -0.000867581577219718 -0.0013525854802164206 0.9999987089065293 0.25694948466118966
0.9999800259676586 0.002123595863023689 0.005952982977600365 25.42171692992235 -0.0021348179671321606 0.9999959551905486 0.0018794027747212924 0.09415993639700312 -0.005948967806961199 -0.0018920737704881006 0.9999805147296016 0.27340201088325466
0.9999767369674762 0.0020889387121659922 0.006493216378329816 26.794857752465894 -0.002085750797372682 0.9999977009696331 -0.000497693740685616 0.07531551519424606 -0.006494241101949904 0.00048413893158132473 0.9999787949961763 0.27684770514845836
0.9999834449182876 0.002143601195492314 0.00533993101723838 28.1611107438535 -0.002121025186542485 0.9999888047341997 -0.00422985323912187 0.07720335934281806 -0.005348938353751426 0.004218457085373903 0.9999767964699514 0.3022759372539
0.9999913092728424 0.002334225850137048 0.0034543839489915924 29.516594696488625 -0.0023200246743867057 0.9999888652132315 -0.00410937161424089 0.08293951500720737 -0.003463937686612684 0.004101321644816934 0.9999855900444111 0.30418864182012134
0.9999957867982033 0.002662734867306682 0.0011559536619391937 30.914540796167138 -0.00265745762410194 0.9999861491988858 -0.004543052867795593 0.07775889730433277 -0.0011680345963300221 0.00453996182912506 0.9999890121605196 0.3338628262319465
0.9999949128457919 0.0031690617059841855 0.00036239542056117627 32.29691582064426 -0.003168460802572108 0.9999936243228013 -0.0016468666888747408 0.08502549592547945 -0.00036761213220353037 0.0016457100753248545 0.9999985782488234 0.32935811580712665
0.9999911633663874 0.003918230969691219 -0.0015233696883118354 33.67218836611789 -0.003918416399099337 0.9999923159252515 -0.00011875763256943546 0.08575364333216956 0.00152289266279146 0.00012472577992031972 0.9999988326200273 0.3590458723878485
0.9999906573646503 0.0041552056618570175 -0.0011914064470147534 35.063862937903394 -0.004155336491059454 0.9999913607893067 -0.00010735639911367452 0.10444975287634377 0.0011909500662860028 0.00011230609080694906 0.9999992845123847 0.3628851752429855
0.9999933841751885 0.0036250091789829606 0.00030151999319195195 36.46004592741845 -0.003625002157147764 0.9999934293741265 -2.3831372610053017e-05 0.09384141146645664 -0.0003016044009613426 2.2738204320122807e-05 0.9999999542588787 0.3894367362166955
0.9999928949248859 0.003376316832585551 0.0016764797619591564 37.863663866586556 -0.0033777686635253976 0.9999939221379355 0.0008639247908818568 0.10276353403055663 -0.001673552688732867 -0.0008695814134363047 0.9999982215232003 0.3952332025095504
0.9999939480438494 0.0027875763283324575 0.002081656525148561 39.26369141834623 -0.0027940501896979884 0.9999912495023404 0.003113551394351203 0.09269190684413789 -0.0020729590474540694 -0.0031193488040836695 0.9999929862273166 0.40728151909424104
0.9999920259302195 0.0033253582755927535 0.002211349885026811 40.658174715504785 -0.0033392242160312164 0.9999746014898659 0.006296503539169853 0.1075124226397036 -0.0021903555898830688 -0.0063038375234974586 0.9999777317394959 0.4364647563897353
0.9999916478126568 0.0031907031337908135 0.0025541570897927406 42.08033807707676 -0.0032124300419903748 0.999958304521365 0.00854807065846543 0.10596987023344451 -0.002526776237152542 -0.008556204314345082 0.9999602025928724 0.4461789347713646
0.9999920658041893 0.0029484910066079765 0.0026785685456485625 43.46823453327573 -0.0029720433391578396 0.9999565815679818 0.008831870541752777 0.11442930778345112 -0.002652411555538373 -0.008839761289767097 0.9999574107597182 0.4489413088860672
0.9999922750305711 0.0026361689493987843 0.002915560401153299 44.8964722605737 -0.0026608258087221152 0.999960455729991 0.00848569279931266 0.12510208372831125 -0.0028930753875738833 -0.008493385045957482 0.9999597454524172 0.470634641056259
0.9999959904008885 0.0018001728057808089 0.002185991769290954 46.29038383518841 -0.0018175453191065466 0.9999665761714311 0.007971390656492779 0.11323095899633935 -0.0021715688243927303 -0.007975331833519764 0.9999658386019925 0.4895970756753864
0.999995492069992 0.0008583012158805499 0.0028773527272738246 47.723416073141166 -0.0008798484333687037 0.9999715199696775 0.007495673169722037 0.1221773599800307 -0.0028708372347854877 -0.0074981710140413676 0.9999677673430357 0.5074724635693302
0.9999928665113073 -4.230058099839352e-05 0.0037769216512553053 49.11971770356313 1.2614640694895998e-05 0.9999691135565575 0.00785950213331156 0.12662532507785473 -0.003777137457084934 -0.007859398423132399 0.9999619808217994 0.520856295344057
0.9999924138919777 -0.0010878097985240795 0.003740164212676365 50.553623143191274 0.0010567271724096427 0.9999649756761045 0.008302454382337397 0.13778751646546977 -0.0037490647071824635 -0.008298439065868794 0.9999585393519531 0.5306865999660337
0.9999905605378511 -0.0021510680656977145 0.003775147860837734 51.99619394048911 0.002118695463135703 0.9999611322272959 0.008558338871480057 0.14486665278939517 -0.003793410698690614 -0.008550259696718798 0.9999562505901896 0.5406210858466548
0.9999816712778027 -0.0032330433503946565 0.005119036935504662 53.41052010848046 0.0031860370218807902 0.999952930995872 0.009164330900831847 0.15507361594033747 -0.005148424666613765 -0.009147853489163749 0.9999449037321971 0.5607147888425087
0.9999738995529349 -0.004282104806776612 0.005819260375721396 54.863671353209305 0.004242469438079373 0.9999678364843794 0.006806427096240774 0.15446268114230136 -0.005848219042035189 -0.006781561411154423 0.9999599035755699 0.5598094732513887
0.9999679963094488 -0.004484008580563185 0.0066257093141585365 56.255486662045904 0.004447225785930827 0.9999746769302453 0.005555869064387153 0.17269754969396542 -0.006650454095416597 -0.005526225230760865 0.9999626154487095 0.5788171754519703
0.9999693402630029 -0.004965846912005519 0.0060546592324494195 57.6875033105974 0.004944943208425418 0.999981778821478 0.003462594648247245 0.18020987763312935 -0.00607174362436418 -0.003432548539955172 0.9999756754740992 0.58449950596032
0.9999672296792732 -0.0048067487502850125 0.006514194809135314 59.133155261420455 0.0047898817554390865 0.9999851421621909 0.0026024003596269362 0.20250032822696465 -0.006526607106961761 -0.002571112855264838 0.9999753960865021 0.6076389358384048
0.9999631342107269 -0.004492407967820705 0.007317683384140848 60.53069260517484 0.004473723499889074 0.9999866962640256 0.002567701891922901 0.20755513551598564 -0.007329121196051425 -0.0025348699394456583 0.999969928756302 0.6283935296788663
0.9999589447003316 -0.004014791110943067 0.008123445459554167 61.98896100648937 0.004013357129308376 0.9999919278603832 0.00019281760033088745 0.21651509913864656 -0.00812415400835609 -0.0001602073963968751 0.9999669856826467 0.6250518034946305
0.9999594993901709 -0.003812738121818782 0.008152460203721247 63.39847581170589 0.003822185377323811 0.9999920415571707 -0.0011435564101837511 0.2129671085771416 -0.008148035241713238 0.0011746703096316422 0.99996611426156 0.6526621481615498
0.999969623808483 -0.003181777443788789 0.00711531816711353 64.80096001058482 0.003198191461336564 0.9999922484108019 -0.00229666925909659 0.2284434437418534 -0.007107955521645648 0.00231935564483808 0.9999720483882012 0.6592815053302804
0.999972482155644 -0.002441164743394241 0.007005401214472863 66.25664413530059 0.002458171778462791 0.9999940501861371 -0.002420120623634764 0.2376075821947209 -0.006999451620498425 0.002437274506694347 0.9999725333077861 0.6690130631793723
0.9999746927461521 -0.0019332760221449203 0.006846627714491792 67.636306817876 0.0019401945271983352 0.9999976138113124 -0.0010040004372992865 0.24380724902819717 -0.006844670367174537 0.001017258818426778 0.9999760575494101 0.6765807372384274
0.9999652097946349 -0.001223789882436156 0.008251153779657946 69.09888977525208 0.0012098750966203062 0.9999978380445477 0.0016911855253650254 0.2666462046416559 -0.00825320559676631 -0.0016811438231968945 0.9999645285472996 0.688897260421934
0.9999551147535574 -0.00047981710535546925 0.009462465521491253 70.46437524656851 0.00043158844344444485 0.9999869108443418 0.005098222377066899 0.2767873601967487 -0.009464787880110553 -0.005093909651333516 0.9999422332689266 0.6978464400493598
0.9999449601013309 0.0004624770904120721 0.010481549641557376 71.91048994707931 -0.0005571496709210115 0.9999590627739247 0.00903118821299104 0.29893473193318787 -0.010476943838342372 -0.009036530929240472 0.9999042827973951 0.7141839418645382
0.9999480480736306 0.0008684931702253966 0.010156124917963838 73.28020616628338 -0.0009973552137721897 0.999918982099883 0.012689937703219946 0.3016554676633308 -0.010144280965823824 -0.012699407700649408 0.999867900578741 0.7143815243925835
0.9999509815173645 0.0014735865087458421 0.00979097059850011 74.66843821754277 -0.0016344774346792356 0.9998634366893867 0.016444952271271088 0.3124448040657606 -0.009765400451337147 -0.01646014928517059 0.999816833444774 0.7259911076445926
0.9999500389434827 0.002323583274404692 0.009722169392390756 76.13011753473717 -0.0024901477100834762 0.9998497318037635 0.01715555234681421 0.32874091551733786 -0.009680846105036424 -0.017178904875143335 0.9998055643203739 0.7231378931541121
0.9999457658729279 0.0025857792990188005 0.01008856076060324 77.49372945318294 -0.0027646130852788 0.999838582648874 0.017752902894442427 0.3287689818632404 -0.010041027203046648 -0.017779831048341344 0.9997915059554167 0.7276713856092464
0.999942181927538 0.002741510574713745 0.01039792872467092 78.90116314181591 -0.0029196981503054596 0.9998484840122226 0.01716054722820483 0.32951121632694963 -0.010349307450535363 -0.017189913851706134 0.999798679083477 0.7513709350171835
0.9999546271729932 0.002445110299675037 0.009206792652317232 80.26525028870539 -0.0025947861123002476 0.9998640984063698 0.016280411636338848 0.3235787325742816 -0.009165734032348598 -0.01630356260575113 0.9998250762838511 0.7447196925946485
0.9999521126382064 0.0022785129476645925 0.009517395081377512 81.67248720917087 -0.0024311498627371483 0.9998681221542599 0.016057017470836602 0.32930021215572064 -0.009479553825608946 -0.01607938675637736 0.9998257805141885 0.7692943910357429
0.9999485365116128 0.0020189506459549283 0.009942241526593985 83.04465272053864 -0.0021731182072216425 0.9998771959259792 0.015520007231259063 0.3422200875298803 -0.009909686450204845 -0.015540814183629185 0.9998301261759263 0.7702799322992234
0.9999576601526187 0.0016808494266482012 0.00904724528820296 84.42041480043562 -0.0018185033133817801 0.9998823883499274 0.015228345719228932 0.34990463085790807 -0.009020584670585035 -0.015244153398928886 0.999843110112457 0.7714318591841374
0.9999559976730207 0.0009170181984599582 0.009336048167046912 85.8191078196546 -0.0010609657599643222 0.9998804614925761 0.015425209141177412 0.3535289259501928 -0.009320786952286277 -0.015434435623519675 0.9998374373504793 0.7728590958151098
0.9999494004978979 -0.00030090343169575384 0.010055143013366293 87.18764456132944 0.00015065864765290854 0.9998883880716942 0.014939501375910092 0.35519395045610624 -0.010058516086697018 -0.014937230550330468 0.9998378395508043 0.7852125807921765
0.9999350314093907 -0.0013127185521281289 0.011322973562800534 88.56653076587511 0.001156008973553935 0.9999036176740288 0.013835425748516119 0.3630135633405 -0.01134004424832831 -0.013821437421358844 0.9998401728596693 0.7935888704792096
0.99992123345823 -0.0024611207922669094 0.012307305302860042 89.94484373885751 0.0023345656444136364 0.999944364794924 0.010286744778014358 0.36444926827476753 -0.012331937504863498 -0.010257202314566756 0.9998713482833951 0.8035303610043778
0.9999195999619378 -0.0033563431690441054 0.012228187620815428 91.32819701831609 0.0032429041433709813 0.9999516359861013 0.009284894260923635 0.3687128908989091 -0.012258759508007326 -0.009244492914770194 0.9998821241356771 0.8070092541161352
0.9999208522579097 -0.00369835363337032 0.012025448025666604 92.70249431859071 0.003601916702220673 0.9999612622805412 0.008031197568039281 0.38196101435863 -0.012054684395940691 -0.007987247254790155 0.9998954387661768 0.8132530428477337
0.9999249862320198 -0.0038948297422867944 0.011612588435568104 94.02875238423901 0.003816798304846689 0.9999700410999581 0.006734163143862301 0.39119840101021897 -0.011638468954094061 -0.006689335081054928 0.9999098953588658 0.8207065081277952
0.999928221059259 -0.004206076565905697 0.011218807832711824 95.41079955959559 0.004135546741043024 0.9999715871176226 0.006302555879620679 0.40615488852272846 -0.01124499810663504 -0.00625570758466472 0.999917204642563 0.819161150107869
0.9999340706520922 -0.004192862089891745 0.010689913780386466 96.75623252080496 0.004124144386522498 0.9999707440909857 0.006442235264223828 0.4169032982049723 -0.010716612441255062 -0.006397723783943998 0.9999221086405522 0.8280115273267812
0.9999414434054038 -0.004040793952755686 0.010039011134014592 98.10461718526578 0.003972243312905203 0.9999687241480205 0.006839006422218411 0.42818058832132416 -0.010066332171182102 -0.006798728558446635 0.9999262204015894 0.8302554662317565
0.9999404701579391 -0.0036379896997856907 0.010286941783832161 99.46261168282457 0.0035490543753077313 0.9999562852601819 0.00865053649774321 0.44639384392900644 -0.010317962655524968 -0.008613512616925311 0.9999096694437138 0.836950250160271
0.9999244716777355 -0.003538887324033791 0.011769758557821227 100.80914948117501 0.003434741582050973 0.9999548764879792 0.008857061486443458 0.45270991911444963 -0.011800571607602025 -0.008815966448319943 0.9998915067372639 0.8396704116408094
0.9999038416712756 -0.0034413187189390633 0.013433716406843106 102.12560034903045 0.003310509065677336 0.9999470116304032 0.009747536158037964 0.47193912458151416 -0.013466548954757275 -0.009702126411301233 0.9998622509137688 0.8463825208455179
0.9999168894389852 -0.0032448888183237816 0.012477375974979985 103.4800550054151 0.0031356605846993815 0.999956681451054 0.0087637237572158 0.48030688483292244 -0.012505272782384764 -0.00872387058317254 0.9998837493602376 0.8564602896630222
0.9999445250861014 -0.003308883118912563 0.009999902141338883 104.80513529856658 0.0032177736735717988 0.9999532945723343 0.009113430008514434 0.49142349616233344 -0.010029590366343322 -0.009080747019920695 0.9999084694864042 0.8556643140631175
0.9999573388634595 -0.00341362650806326 0.008582983582166324 106.13200397665464 0.0033396487899637504 0.9999572812599471 0.008618723871592073 0.5071842647182297 -0.008612038032195544 -0.008589692036301722 0.9999260222594737 0.8600006462790973
0.9999445787834963 -0.003250725621816423 0.01001359797615618 107.47799384248988 0.0031838329327923335 0.9999725605443619 0.006688898729144783 0.5154279346001883 -0.0100350669829593 -0.006656646399227914 0.9999274906158763 0.8701791643653708
0.9999249288609356 -0.002493506525001853 0.011996627345328728 108.82221946406816 0.0024449078663569884 0.9999887531479158 0.004063988582860039 0.5200859453245287 -0.012006626003084362 -0.0040343528460416314 0.9999197792468832 0.8701877257573936
0.9999137009360135 -0.001626599327980253 0.013036289927385796 110.15953603441837 0.0015938459876489479 0.9999955483908002 0.0025224697323250997 0.5369412887946313 -0.013040334942489075 -0.002501474207153674 0.9999118422597958 0.8812967511331264
0.9999257957829544 -0.0012158898600985628 0.012121243322097014 111.47693550292227 0.0011932175415186748 0.9999975255760906 0.0018775179345581444 0.5295943627688176 -0.012123496184021509 -0.0018629153346528791 0.9999247723637673 0.8874407467913561
0.9999533230059763 -0.00019625368519185323 0.009659880630560218 112.81687532765275 0.00016778448432633883 0.999995640913951 0.0029478808427608814 0.5568230243797104 -0.009660417054788225 -0.002946122466454149 0.9999489970517198 0.8921456271027347
0.9999697535676894 0.0006436873218777474 0.007750975190652493 114.15939941626092 -0.0006897865055931617 0.9999820825187724 0.0059463296238715406 0.5548066855941209 -0.007747008735709427 -0.005951496286706776 0.9999522806352302 0.9026526529908079
0.9999707456835595 0.002059008025386232 0.007366699601418493 115.46839460520454 -0.0021249931067722533 0.9999575949077534 0.008960624453559175 0.5655268303851072 -0.00734793721817999 -0.008976016502488582 0.9999327172097054 0.8984526944405263
0.999947961182084 0.0035134855799398186 0.009577596090525721 116.82934791199989 -0.0036094239160114213 0.9999433028450737 0.01001814125872636 0.5683191451684478 -0.00954185447322602 -0.01005218953088458 0.9999039486364912 0.9098314474306403
0.9999225318802187 0.004507887119958516 0.011602120149642323 118.13069625324606 -0.004626506700874915 0.9999370970238045 0.010217506122015147 0.573619548577813 -0.011555330977509203 -0.010270391877643698 0.9998804895469658 0.9020088234461772
0.9999045468218681 0.005499923307202598 0.01267470270141891 119.49878427014426 -0.0056210079865390075 0.9999387181497001 0.009537516151998585 0.5745724751373549 -0.01262147036480817 -0.009607850370882076 0.9998741859339509 0.9119538577707301
0.9999048264134238 0.006405159160234602 0.012219331048496708 120.82598275504975 -0.0065248888004878014 0.9999308490911564 0.009783806109089176 0.5732585620198554 -0.012155819235327655 -0.009862604725479196 0.9998774750371902 0.9154685672662245
0.9998980380501059 0.007651956405186005 0.012056577736745356 122.13934502287292 -0.007788455517684116 0.9999056445219601 0.011315565110621881 0.5643136783174144 -0.011968853921662956 -0.01140831347293719 0.9998632891148196 0.9164881115653082
0.9998916680774472 0.008830178681326073 0.011776249562397999 123.50406251873422 -0.008989955142756073 0.9998673125135376 0.013584479139331964 0.5728978925263147 -0.011654733623350564 -0.013688875461905784 0.9998383778755231 0.9218395974924516
0.9998917997628048 0.010005800685534616 0.010782982877683997 124.84201453060926 -0.010158861285982583 0.9998470750277542 0.014234609085486299 0.5746686537788243 -0.010638905228980823 -0.014342611724710387 0.9998405388782969 0.9262526055530153
0.9998835133687983 0.011086377908012243 0.010490563290349208 126.18276542240645 -0.01124005926709982 0.9998286867602392 0.01470571994047276 0.5622772268627859 -0.010325732949295549 -0.014821921473826284 0.9998368316294831 0.923467616776559
0.999875340522953 0.012022529607642142 0.010235340538653114 127.52613164322166 -0.012166230098571987 0.9998266405765445 0.014095092713775513 0.5594659118573702 -0.010064107476444635 -0.01421786113501938 0.9998482715719661 0.9293149562106678
0.9998556607713439 0.012906148757940614 0.011049386758419821 128.85075402460714 -0.013061048710041061 0.9998157977678193 0.014063411410217573 0.5507281690215267 -0.010865846957010305 -0.014205698086930152 0.9998400529643577 0.9363335757284357
0.9998315783414651 0.013785302419280596 0.01211529563914423 130.21762452600575 -0.013947054484464682 0.9998133499209575 0.013369554631335287 0.5400676473451463 -0.011928730964451512 -0.013536275597144945 0.999837224062265 0.9446678264471623
0.9998240919504553 0.01400199242539465 0.01247915716571736 131.54146387573806 -0.014149190684152258 0.9998304268478831 0.011786346005584526 0.5161136356134614 -0.012312008708207731 -0.011960842666762663 0.9998526654884058 0.9397946291576087
0.9998206993198623 0.014014947571948348 0.012733831163370634 132.89835037793893 -0.01415795161153797 0.9998369266963812 0.011210371113411886 0.502262637184573 -0.012574641852038548 -0.01138864605168715 0.9998560782049596 0.9539925213439346
0.9998124114670207 0.013984478457369528 0.013400605910790437 134.2250627204646 -0.014107136239859517 0.9998590543021835 0.009102759859146768 0.49367915411958424 -0.01327141980388633 -0.009290096459058915 0.9998687731518424 0.9421167120750379
0.9998165482883746 0.013413579917092681 0.013672806680702644 135.55471155135265 -0.013514657891240452 0.9998818258648424 0.007327231896949159 0.4743304572764101 -0.013572906497977178 -0.007510671008418951 0.9998796757761408 0.9549976229367789
0.9998379386195145 0.012260942093335619 0.013182025491693587 136.9062038947873 -0.012355043217434363 0.9998986009385592 0.007081013218980247 0.4633112700581822 -0.013093868953640779 -0.007242730154845938 0.9998880404603951 0.9540682142572505
0.9998282734989651 0.01122565845953263 0.014744765316155577 138.2423429331891 -0.011312434374816134 0.9999191038035756 0.005815038879453708 0.4502340513531096 -0.01467829488033468 -0.005980839473184632 0.9998743807191991 0.9692156325703704
0.9998370769255328 0.010077610987903586 0.014975358485951579 139.58428153784345 -0.010154355776847169 0.999935652968635 0.005057566702163218 0.4244767416814589 -0.014923426676319606 -0.005208807825798957 0.9998750720251357 0.9687274271706747
0.9998467502030899 0.008924339878015185 0.015060951698400384 140.94257720634266 -0.00898235440568578 0.9999524802411458 0.0037887423918335564 0.4317385573701053 -0.015026423980792592 -0.00392344457367341 0.9998793993102502 0.967613881761561
0.9998618996736851 0.007610723968955586 0.01477357308162475 142.26626811236233 -0.007656799762389058 0.999965989800454 0.0030647446544226045 0.42577952080894327 -0.014749745703856097 -0.0031774397030467786 0.999886167960436 0.9600739547305858
0.9998758937578371 0.006639056556336465 0.014287057430004893 143.61847987888967 -0.006684083215923382 0.999972837124798 0.0031061300914339896 0.4170640364845745 -0.014266047579098547 -0.0032012404820735015 0.9998931102602151 0.9534568385204818
0.9999113111800507 0.005819314014445093 0.011979372211980165 144.97000013412037 -0.005832231658417811 0.9999824477575503 0.0010436717399289928 0.4112795720988187 -0.011973088493552057 -0.0011134456517766453 0.9999277000817139 0.9584773429680329
0.9999288945461954 0.004713634834059875 0.010953880512173943 146.27852376390194 -0.004689228076991611 0.9999864680273816 -0.0022527543507288882 0.4170434456030217 -0.01096435094594296 0.002201228923558772 0.9999374668445824 0.9709758495267982
0.9998934473913534 0.003987209718402947 0.014042650123680422 147.67103209446722 -0.0038214727886899556 0.9999229628269145 -0.011809519768824737 0.41505618080377743 -0.014088655349604195 0.01175459782835777 0.9998316554402215 0.9635293021645397
0.9998734091210739 0.0025803353816720147 0.01570056056068728 148.98058730378986 -0.0022908935251554005 0.9998276157742435 -0.018425269117389072 0.39990953136954965 -0.01574539740553151 0.018386968333847262 0.9997069579912066 0.9715745772344944
0.9999186570050739 0.0016830445356825 0.012643050828831368 150.27883359606406 -0.0014189259558394446 0.9997811822697256 -0.02087041514876381 0.36912158474040596 -0.01267541014331881 0.020850777933708233 0.9997022451896654 0.9707155718842345
0.9999547519282005 0.0014169716773233148 0.009406715020484282 151.68705979221983 -0.0012227983236922204 0.9997867250799217 -0.020615749276331637 0.389638546595407 -0.00943392073692145 0.020603313938069683 0.9997432193289929 0.9703957202223574
0.9999704161034698 0.0026778753212931498 0.0072108183735912455 152.99259803969187 -0.0025533818091843857 0.9998484811337256 -0.017219030632367006 0.39418717483783927 -0.007255836215753375 0.01720010925388197 0.9998257393578466 0.9746189065739311
0.99996499714756 0.0035998625108956206 0.007552845131660109 154.3674472842676 -0.003467997206098425 0.9998425928531357 -0.017400072186550108 0.39946514871747 -0.007614294127408466 0.017373269888576227 0.999820079823525 0.9836842490356177
0.99993833022328 0.004008601443017879 0.01035697179438304 155.69634425505424 -0.003795011896290058 0.9997814024209227 -0.02056076987760794 0.39792273815845125 -0.010437127717223155 0.020520197068351172 0.9997349588152303 0.9801181851353866
0.9998933401199429 0.00459069871244604 0.013864842917091379 157.03914176884587 -0.004210899728617246 0.9996184433544677 -0.027299011503464882 0.3961783988994915 -0.013984874231097108 0.027237716330895344 0.999531155143159 0.9842758395432091
0.9998790731243984 0.004607026017439187 0.01485309527232586 158.3827979468534 -0.004149240623490702 0.9995198557489037 -0.030705728552487894 0.37715931237540845 -0.014987425734345604 0.030640386338382453 0.9994181025951512 0.9784512195064597
0.9998746630451909 0.004308862786399946 0.015234562735895272 159.72219562649133 -0.0038319186327934445 0.9995058633999696 -0.031198484397052254 0.3601287795930055 -0.015361464769272542 0.031136196469213128 0.9993970995903345 0.9980184803210269
0.999867056472615 0.0054245971594702284 0.015376707269308277 161.08619330504976 -0.004954610896028941 0.9995243207130896 -0.03043984451185358 0.3641408968102509 -0.015534516782233098 0.03035961213016956 0.9994183171923797 0.983434477898571
0.9998659719152315 0.006333322724705704 0.015097258998711251 162.42613181941923 -0.005907711812068027 0.9995884720132611 -0.028071080480445015 0.3576331539904881 -0.01526882926602408 0.027978127911974304 0.9994919145302709 0.9721645570242327
0.999884079012831 0.007475992111471067 0.013264165206001722 163.7740489993652 -0.007147672159876805 0.99967109540532 -0.024629490328115098 0.36736089627098445 -0.013443932436523413 0.024531827348915847 0.9996086484857788 0.9735088437480085
0.9998881976165126 0.008051669262840545 0.01260011465359061 165.12269190425422 -0.007758131625048958 0.9997013343912469 -0.02317441283072779 0.36517739844350944 -0.012782944140150783 0.02307406852816413 0.9996520313092288 0.9603512343796989
0.9998691340708638 0.008292032882325131 0.01389089352991777 166.46433237630603 -0.00800063700367019 0.9997494893516046 -0.020903309516472818 0.36059157212659027 -0.014060744643032811 0.020789437988661418 0.999684997750891 0.966863237695465
0.9998709966929413 0.007958371379838281 0.013951856408546461 167.7979114168546 -0.007668895632320617 0.9997567263983279 -0.02068033029425113 0.3478008523691178 -0.014113044038927316 0.020570667132577842 0.9996887863938837 0.9562471404484245
0.9999011719456368 0.007699431780894596 0.011762869207533793 169.18514599208106 -0.00748804836942771 0.9998115633733126 -0.017909965846690107 0.3507725749412576 -0.011898549212374904 0.0178201149060225 0.999770407659367 0.9623339695631887
0.9999331458249652 0.007079664804561848 0.009142331586847675 170.596228572125 -0.006950686968950201 0.9998769481998568 -0.014063300082140523 0.3500646576169798 -0.00924077005711593 0.013998814406788742 0.9998593107852504 0.967172449580565
0.9999459472639551 0.006872524797300539 0.007801983933705127 171.94703874531743 -0.006800712092597153 0.9999346088388761 -0.009193930676121096 0.3468754505284692 -0.007864659269472938 0.009140374672528848 0.9999272976998982 0.9645041434637492
0.9999374097141318 0.006988948876853293 0.008736775594527674 173.3102453300817 -0.006945777716058513 0.9999635670464628 -0.004961930232596812 0.34818721820881 -0.008771135964714507 0.004900935962730423 0.9999495227263112 0.9686486819838329
0.9999067721080681 0.007738795712002939 0.01124980592508146 174.6950956134182 -0.0077235922223460075 0.9999692006019555 -0.001394263486223709 0.35793691962095464 -0.011260249358119439 0.0013072445884322295 0.9999357468837581 0.9835201533385237
0.9998746437049059 0.00787263533084344 0.013737484811095553 176.0808679798472 -0.007887612705260687 0.999968355203796 0.00103641537354134 0.3551595227235038 -0.013728890770901182 -0.0011446414120842572 0.9999050991740358 0.9904584855508071
0.9998641038572877 0.006984595345615115 0.01493282443213285 177.46169177022264 -0.0069464553020659615 0.9999724814139851 -0.0026044526284485854 0.34870046499951346 -0.014950604549625804 0.002500368495931093 0.9998851071903138 0.9815965263086351
0.9998734376573731 0.005511038235118529 0.014924380214882262 178.88387114544676 -0.005435574026070171 0.999972261171957 -0.005092290413031191 0.340256979304475 -0.014952030037236375 0.005010523347375971 0.9998756579963086 0.9732032175796177
0.9999330490134224 0.0035420810797445294 0.01101594990661813 180.22102890513025 -0.0034573321098176914 0.9999643558587284 -0.0077028479616757465 0.3410631640487147 -0.01104284136456862 0.007664246451072961 0.9999096534092138 0.9643608444426078
0.9999732902598051 0.001749306561998906 0.007096385948615309 181.63568412132616 -0.001712139400826648 0.9999848044523925 -0.005240175854153541 0.3461320800610203 -0.0071054447891524845 0.0052278858884318045 0.9999610901747557 0.9705646831570723
0.9999768899643777 0.0010740423313197306 0.0067131192631508345 183.029954710527 -0.001063874463723139 0.999998281900962 -0.001518013916151809 0.3655872047707716 -0.006714738140552566 0.0015108369186401375 0.9999763145512542 0.981147091948778
0.9999710453011466 0.000683149747405956 0.007579041216083598 184.35708338901742 -0.0006914728949935665 0.9999991607478441 0.0010956134550960568 0.38345892709397644 -0.007578286387301814 -0.0011008224335093656 0.9999706784528244 0.9731666354420521
0.9999401088625778 0.001284002571857908 0.010868763742564496 185.8086988247013 -0.0013312852323228664 0.9999896777102806 0.004344209078701317 0.3839560041932824 -0.010863073576406512 -0.004358418323742476 0.9999314965647341 0.9864741788184643
0.9999075671570068 0.0017637886598968959 0.013481327520654096 187.17060247104627 -0.001831746056302039 0.9999856709502417 0.005030169040926805 0.3986410393329379 -0.013472262190929491 -0.00505439845662129 0.9998964702446452 0.9903509868769053
0.9999033179821974 0.0019873958288804936 0.013762446948558946 188.62722316662104 -0.0020401372822456956 0.999990625370216 0.0038192946408991697 0.4032476520729451 -0.013754727480475291 -0.0038470026649013883 0.9998979988190966 0.9764670935151084
0.9998953551563462 0.0017820000317014942 0.014356295227225334 190.03488601874187 -0.0018236607263119942 0.9999941629625785 0.002889342888485879 0.3977360961297128 -0.014351062619873982 -0.0029152215454322826 0.9998927684932127 0.9747868052096321
0.9998841585547041 0.0022289388762847407 0.015056603296786042 191.39833838301342 -0.0022247241151291553 0.9999974812911979 -0.0002966713193176176 0.4101594345274361 -0.015057226635823895 0.000263140164036917 0.9998865989117423 0.9717349080670988
0.9998789947264995 0.0026764242659891003 0.015324250646374578 192.85260579898832 -0.0026414502762306005 0.9999938616344132 -0.002302049941303246 0.41913924011460146 -0.01533031784284619 0.0022612931350175936 0.9998799267453041 0.9691387690557721
0.9998681162824656 0.0028335177239133713 0.01599128572260335 194.21215155256706 -0.002761990738521408 0.9999860912423796 -0.004493186947786109 0.4042104699238934 -0.0160037948285396 0.004448426586524979 0.9998620355088947 0.9662058168047564
0.9998399576635333 0.0033992245508968452 0.017564291384417192 195.6713446054306 -0.0032338014846367805 0.9999502322875036 -0.009437980510972768 0.4019950974759223 -0.017595499064877153 0.009379670602964742 0.9998011903333771 0.9556079471626692
0.9998262626778887 0.003698928119898546 0.01826916501456246 197.0772043169963 -0.0034634535060527384 0.999910741033779 -0.012904048011782899 0.3851559404079507 -0.018315265473830843 0.012838531693414593 0.999749830284847 0.9581156321696678
0.999895382419635 0.0036219637911175757 0.014003770713187026 198.50258312154608 -0.003458892326954125 0.9999261358644571 -0.01165156122781926 0.39001854282090825 -0.014044937869646107 0.011601904734607862 0.999834053994345 0.9499574380051435
0.9999466424723045 0.0037724026754483385 0.009616713909632384 199.92899534284365 -0.003722548572555526 0.9999795680057434 -0.0051967492889141076 0.40286304854812166 -0.009636121651910148 0.00516067331858302 0.9999402545204431 0.9543644998655012
0.9999530604849046 0.004835264839875015 0.008396251592282283 201.37919479837424 -0.004873294221652385 0.9999779335853066 0.004514791898761226 0.4125147928841538 -0.008374236102585347 -0.004555497380986951 0.9999545587742025 0.9450660984538728
0.9999054502213198 0.006028425776824994 0.012359154516110303 202.80534411332604 -0.006160695867386636 0.9999238583919017 0.010692204874658575 0.4235291323252408 -0.012293756306733225 -0.010767334921205867 0.9998664551101639 0.9459597289197039
0.9998640290484339 0.006872340153050545 0.014989808399485645 204.24772924051675 -0.0070691083954093825 0.9998890250069274 0.013113556999915564 0.4151771544711791 -0.014898024081282515 -0.013217738517494249 0.9998016504622087 0.9447042395136579
0.9998642228732422 0.006499878972299497 0.015142238653278888 205.7117033045317 -0.0066925741057267734 0.9998968280361528 0.01270994630514922 0.4175351183715685 -0.01505806328605209 -0.01280956113947233 0.9998045658394882 0.9404903506141035
0.9998638444267202 0.005282008193169386 0.015633073839359284 207.158032640439 -0.005433553072884193 0.999938507855383 0.009667316533259456 0.40771314034211337 -0.015581049682987309 -0.00975094341063327 0.9998310607264503 0.9472262135482113
0.9998756184826195 0.004212131195983222 0.015198865575652412 208.59687111407527 -0.004323246145622401 0.9999641162963412 0.007285304553819215 0.4032277953271447 -0.015167633525480763 -0.007350106833602004 0.9998579493221882 0.9381196109506884
0.9998843425684435 0.003749996306813523 0.014739030299529495 210.08099191494028 -0.003861441597028502 0.9999641177016558 0.007540064849963647 0.41182294021299987 -0.014710226213906486 -0.007596106690127797 0.9998629448118815 0.9298670991401734
0.9998815189169843 0.0034931912876268166 0.014991522367412528 211.53518115316956 -0.003623141629356526 0.9999560253529033 0.00864986734913167 0.4106721052799187 -0.014960647479243862 -0.008703158912257003 0.9998502058068248 0.9366116398802528
0.9998695179871755 0.0033324830820933133 0.015806377086504834 212.96736545451841 -0.003500595220903572 0.9999374787618218 0.010620000025911699 0.41289647346532127 -0.015769997881820097 -0.010673946035020941 0.9998186705812453 0.9288585086975149
0.9998695291402088 0.003041457628698898 0.01586424383417114 214.4138868711587 -0.00320254623693674 0.9999434737073484 0.010138692602186571 0.4244348364073147 -0.01583251068332152 -0.010188175772638577 0.9998227506312748 0.9308986812534356
0.9998831433858706 0.002859290240577977 0.015017457578123096 215.8950399833746 -0.0030095998557186 0.9999455101811382 0.00999594804366632 0.4216129151322467 -0.01498805796289332 -0.010039976489183302 0.999837265254 0.9247389997608308
0.999890665166198 0.002411355511261852 0.01458914247297205 217.36137041856523 -0.0025566819080627993 0.9999472207493874 0.009950833794052016 0.42239400590561615 -0.01456437747105431 -0.009987045617907747 0.9998440567552054 0.92178309858676
0.9998875597598319 0.0019101544882528664 0.01487343764432852 218.82015839897255 -0.0020399269450748427 0.9999599443462007 0.008714837990574254 0.4178262951226252 -0.014856195192157341 -0.008744198818314125 0.9998514051855097 0.9184161077071827
0.9998911541965447 0.0017289812844645857 0.014652316650268274 220.3063382430709 -0.0018896702939726262 0.9999381512083841 0.010960059495223764 0.4239485634614844 -0.01463246068444522 -0.01098655458625398 0.9998325793414823 0.9218919027310747
0.9998949405224726 0.001556099696751137 0.014411331350524246 221.8002966622621 -0.00168319003802966 0.9999597670667542 0.008810852348013787 0.4367153443022553 -0.014397040975725176 -0.008834183693833481 0.9998573310275856 0.9114917758222093
0.9998952810113102 0.0011116312943614073 0.014428835267557966 223.2734122951588 -0.0012792913958139416 0.9999317163111946 0.011615770679254674 0.4340291021095489 -0.01441493755926555 -0.011633012972305696 0.9998284265734539 0.9175083541040583
0.999896492832362 0.0007164852514272914 0.014369769324053778 224.76847570942368 -0.000880216593737277 0.999934732282241 0.011391066429064425 0.438199109727575 -0.014360669910910817 -0.011402535881449185 0.9998318625324871 0.91323974027162
