1.0 -2.1684043449710093e-19 -2.5135375298442207e-37 0.0 2.1684043449710093e-19 1.0 2.3183291766350204e-18 -8.673617379884035e-19 -2.51353752984422e-37 -2.3183291766350204e-18 1.0 0.0
0.9999995587202348 -0.00028312362719757673 0.0008957680209293332 1.3148734051471291 0.0002833405295690109 0.9999999305713597 -0.00024202359407223532 0.0035639311869769584 -0.0008956994361395563 0.00024227729465754166 0.9999995695120236 0.016557894492900443
0.9999985845732249 -0.0002069454249765471 0.0016697380446390904 2.6120714631466027 0.00020946008612158202 0.9999988440640587 -0.0015059870578793782 0.007627888399815647 -0.0016694244573971704 0.001506334669739604 0.9999974719857264 0.022181811305372088
0.9999984702572203 -0.0007959881423670626 0.0015575256326504125 3.941772874096157 0.0007994265402293482 0.9999972423217445 -0.0022082269160777867 0.006382098599018165 -0.0015557636150549895 0.0022094686653864343 0.9999963489172302 0.04729450631728948
0.9999993190127903 -0.00021819547770776518 0.001146457452029775 5.257472230493452 0.0002223992114057559 0.9999932486162192 -0.003667868668773183 0.005032637942570549 -0.0011456493994991754 0.003668121142234774 0.9999926161601091 0.05576330351546651
0.9999986222389206 -0.0007164193238173065 0.0014974189837990534 6.582066369667324 0.0007219242424120373 0.9999929719792265 -0.0036789696304777818 -0.0006532880665966114 -0.0014947727749723176 0.0036800455848020656 0.9999921114283077 0.06684849156478449
0.9999960778647783 -0.0004789382466174823 0.0027595059731964195 7.918784891668324 0.0004925176074922953 0.9999877638106013 -0.00492236279435169 -0.005851996821970055 -0.002757114699552743 0.00492370259345898 0.9999840776088911 0.08886604117393453
0.9999946691040027 -0.0003173249675396275 0.0032497797527185892 9.2350664442077 0.0003340339588348692 0.999986722368908 -0.005142325077514254 0.00048616706344504454 -0.003248104815203602 0.0051433832011102245 0.9999814975410075 0.09171913597368406
0.999996488207746 -0.000917595177212451 0.0024862806088687844 10.565205599287422 0.0009293591003452665 0.9999883602483126 -0.004734517879739216 -0.009749652567387851 -0.002481907298406997 0.004736811900605864 0.9999857012723634 0.09937928063435643
0.9999996435858423 -0.0008393261613681975 -9.143185139056813e-05 11.896324620652825 0.0008391591565061874 0.999998007089316 -0.0018115267887587956 0.0015349549036838676 9.295213100087921e-05 0.0018114494172297103 0.9999983550041021 0.1040193505373677
0.9999991881516282 -0.0009246541383541461 -0.0008767615462143359 13.235101576891426 0.0009253698609615972 0.9999992386955995 0.0008162713040858243 -0.012678735227858848 0.00087600611009257 -0.000817081970107412 0.9999992824949173 0.12029622658812726
0.999999187987999 -0.0006640781581669315 -0.0010876688570609903 14.579279084342403 0.0006681168032847292 0.9999928688319347 0.0037169752775801685 -0.004280964751261128 0.0010851927386152837 -0.003717698949191447 0.9999925005075004 0.12277983960807923
0.9999998224981234 -0.00010731723662226347 -0.0005860774115667584 15.928933708673828 0.00011000106431626659 0.9999895002204111 0.004581195116803386 0.0030669149351877302 0.0005855796166827522 -0.0045812587727716994 0.9999893345254085 0.13101318291225114
0.9999978750333917 -0.0001575307763992583 0.0020555079069644634 17.276804070322125 0.00015106403370258997 0.9999950404482421 0.0031458319370835826 -0.010001711578149084 -0.0020559932779140805 -0.003145514738980027 0.9999929392894071 0.14358562124794566
0.9999915895683974 0.00021300564774015781 0.0040957808857075536 18.635683605578976 -0.00020690624151469092 0.9999988692018937 -0.0014895585726193517 -0.016803977389394622 -0.004096093538594891 0.001488698602159729 0.9999905028519995 0.15556433558511473
0.9999974844621113 -5.00047051768277e-05 0.002242447096076754 19.97687924415603 5.879122934336686e-05 0.9999923213907229 -0.003918380173579156 -0.024290581582161554 -0.0022422339397563276 0.003918502152966882 0.9999898088119882 0.17321880001340081
0.9999999806186454 -9.447388667509495e-06 0.00019665567787319535 21.334106834079687 1.0230293209131422e-05 0.9999920738535857 -0.00398147276091192 -0.028651313525974574 -0.0001966165046308579 0.00398147469559083 0.9999920545690343 0.16646220861781347
0.9999991296739981 0.00027946694556521816 -0.001289398880391783 22.69285802803266 -0.00028288406159320245 0.9999964467673262 -0.00265074127928018 -0.028520372082524028 0.0012886535042887478 0.002651103722663419 0.9999956555011614 0.20194294351613243
0.9999993791949334 0.0011138559283579322 3.0573172521729704e-05 24.05672251603617 -0.001113870603275051 0.9999992623977155 0.0004842481842971271 -0.024336855893271947 -3.0033767260011888e-05 -0.0004842819382315215 0.9999998822844816 0.18734162063396925
0.9999896426265026 0.00199079994134249 0.004092841960447656 25.450197473514734 -0.0019917220866063827 0.9999979920452593 0.00022124325817344 -0.023212458497843983 -0.004092393291140845 -0.0002293927704039943 0.9999915998127723 0.19677774128377645
0.9999829187955189 0.0021383599831346317 0.0054396262534243504 26.816185428385158 -0.0021306504867115053 0.9999967181430764 -0.00142268463819181 -0.04259674141010794 -0.0054426506132482 0.0014110703947002056 0.9999841930923924 0.20141191747735665
0.9999862788504682 0.0021989490253220894 0.00475465392827863 28.200823578158538 -0.0021781746151417784 0.9999880790305468 -0.004370051732297955 -0.04013272024643314 -0.004764206769191735 0.004359635303674313 0.9999791477395313 0.24711804495720996
0.9999953697498605 0.002109783294272535 0.0021930100982600577 29.56058949729835 -0.002098812862113599 0.9999853334813134 -0.004992775464217501 -0.03715250764906229 -0.002203511608702932 0.004988149628617238 0.9999851313393979 0.23469143485026842
0.9999966862274993 0.002574355321427262 -1.5122814612756967e-05 30.94603387303833 -0.002574399672984757 0.9999807451706992 -0.005646393023593945 -0.04532398588040872 5.867014983842107e-07 0.005646413244901009 0.9999840588815022 0.2735145675442288
0.9999942637370021 0.0031863382990290293 -0.0011487999544546681 32.32246769611996 -0.0031889981953915434 0.9999922215469862 -0.002321020472337833 -0.04364409351223972 0.0011413954621443596 0.0023246706793356017 0.9999966465556931 0.27525478237660855
0.9999885623950542 0.0035125469353469657 -0.003246088892794963 33.71453641972032 -0.0035178656477851907 0.9999924769054129 -0.001634244125385532 -0.05455959264621629 0.0032403241129669524 0.0016456447381524612 0.9999933960547133 0.29858422777264776
0.9999882413275322 0.0038340690390354856 -0.0029693637825091595 35.11419642722449 -0.0038386565490748205 0.9999914453014273 -0.0015407919589185892 -0.05135798649135956 0.0029634308777517636 0.0015521722089809177 0.9999944044037778 0.3039265950151612
0.9999933033650138 0.0033209010853073426 -0.0015378039891587691 36.50385333799073 -0.003322881438526463 0.9999936509982309 -0.001287020657927112 -0.06652024083119565 0.0015335201573387983 0.0012921219795512138 0.9999979893663372 0.34509115208893465
0.9999956453676251 0.0029412270857599554 -0.0002417209485530039 37.910911443547015 -0.0029411680442891666 0.9999956449271808 0.0002442482482056382 -0.06807358851129736 0.0002424382854039429 -0.00024353624266478972 0.9999999409568864 0.35425547983996647
0.9999961562402758 0.0027707315309488598 0.00010272028607329435 39.30031124500127 -0.002770930754037356 0.9999941751252819 0.001992901970360408 -0.07178753889367095 -9.719789141312926e-05 -0.001993178940923824 0.9999980088931575 0.3677922676309058
0.9999945274192658 0.0033000444901903755 0.0002341748964329715 40.6944951723835 -0.003301064527381336 0.9999844350114815 0.0044980782290114305 -0.07215900455097697 -0.0002193273932273027 -0.004498826639358991 0.9999898561757332 0.38630307586632573
0.9999946863503123 0.003235867120977043 0.00039551879337051016 42.121993403945716 -0.0032385664121880055 0.9999700729228639 0.007026019231118218 -0.0720182810494607 -0.00037277169202774434 -0.007027262811192924 0.9999752390027705 0.40543577878246895
0.9999956788938503 0.0028760426620893288 0.0006087464440726506 43.506675508098915 -0.0028810965174060374 0.9999599721972798 0.008470731141564177 -0.07671040635755519 -0.0005843598931478534 -0.008472448395895752 0.9999639374205922 0.42081099814906114
0.9999966271949685 0.0025528620420028013 0.0004780105454260664 44.944041402593044 -0.002556296632832991 0.9999698825292411 0.007327986215919267 -0.0754407007817365 -0.00045928881110250203 -0.007329183436798219 0.9999730356984321 0.4362570964266504
0.9999984113356863 0.0017321764175516976 -0.0004205840725027521 46.337739278809664 -0.0017291846702492963 0.9999739175555694 0.0070124267513830794 -0.09490845361939536 0.0004327198628906071 -0.007011688343460224 0.9999753241855993 0.4549101128874819
0.9999996056489278 0.0008879737000356343 1.4307239592952788e-05 47.77308292471596 -0.0008880476404226644 0.9999787064432282 0.00646513971361174 -0.09811164453327154 -8.566060908191128e-06 -0.006465149869587323 0.9999791006635022 0.46924735025895475
0.9999996067553358 -0.00015215735098863192 0.0008736917730238793 49.15935790133948 0.0001462865054384938 0.9999774385913094 0.0067157210054037434 -0.10450218228265398 -0.0008746939076248794 -0.006715590555165986 0.9999770676140846 0.4838173171093641
0.9999987171886853 -0.0012481809418946133 0.0010038253434344925 50.5985655562607 0.001241137882264848 0.9999748238688753 0.006986501640243492 -0.10595981676235158 -0.0010125204891938873 -0.006985246792219223 0.9999750902545077 0.4953554252743108
0.9999960840225721 -0.002605723524669486 0.0010208547565401702 52.057773082856 0.0025986108867721673 0.9999727644888953 0.006907785599984745 -0.1122073649655431 -0.0010388267324803657 -0.0069051057449681 0.9999756198796402 0.5036188915654123
0.9999915660952535 -0.003529480364848031 0.002100120643304557 53.441145033548246 0.003513522295836164 0.9999652923177781 0.0075544239288837245 -0.10528207326177519 -0.0021267109439093742 -0.007546981394887697 0.9999692596137075 0.5206145684784935
0.999986945758828 -0.004250666429344559 0.0028355152683874835 54.909892382281534 0.004233385932549628 0.9999725998793304 0.006072720487437974 -0.09677132271349242 -0.002861250684037715 -0.006060637382231439 0.9999775407073122 0.5320519697432764
0.9999835718825091 -0.004779044134158011 0.0031649174179848734 56.30298613400906 0.004762981812437312 0.9999758379338447 0.005063353904253106 -0.10053234810161 -0.0031890389388161302 -0.005048196278780541 0.9999821727135828 0.5463760101761473
0.9999817235745919 -0.005391285793046682 0.0027361568460315512 57.73378717393584 0.005382512850727091 0.9999803825586755 0.003203600040041665 -0.10248163964221872 -0.0027533746930176505 -0.003188814090299126 0.9999911251568673 0.5655877666641534
0.999981832282208 -0.005357465755240715 0.0027627280357304723 59.18762332982266 0.005352946048288552 0.9999843268055769 0.0016407656143862177 -0.09064870016394169 -0.002771475080548281 -0.0016259470712982134 0.9999948375976745 0.5705165407241384
0.9999806232532555 -0.005193623221189472 0.0034321124496508905 60.58819100940506 0.005191832118779462 0.9999863815948705 0.0005305695508852722 -0.10287322510528112 -0.0034348212880930353 -0.000512740318522094 0.999993969531859 0.5795217055262426
0.9999792582625497 -0.004530167163699429 0.004578278076917433 62.04174173642989 0.004540658716032108 0.9999870832472085 -0.0022838032237082993 -0.08886768667737767 -0.00456787293005891 0.002304544251915819 0.9999869117206913 0.5753529931428193
0.9999825508407586 -0.0043556516250474065 0.003990778486813602 63.43948732212836 0.004368546752232518 0.9999852470502039 -0.0032282319024975964 -0.0959041190504365 -0.003976658557526795 0.0032456094749625103 0.9999868260161495 0.5996268030176192
0.9999882078057171 -0.003907132178165024 0.0028841927211059114 64.864869865917 0.003920204821551264 0.9999820061230739 -0.004540861617555229 -0.09983209919852487 -0.002866399076754512 0.004552114697044386 0.9999855308993815 0.606801942549149
0.9999906024430649 -0.0032724313126342203 0.0028436277640220037 66.33138534690445 0.0032858147097189353 0.9999834878714777 -0.004714595007806086 -0.10030976596423628 -0.0028281526213449607 0.004723894336067062 0.9999848430726598 0.6169313882791987
0.9999930971557736 -0.0025648057416531433 0.0026883847029746345 67.68799747641724 0.0025737463032895237 0.9999911518850223 -0.003327458734893734 -0.09581120990608966 -0.002679826630569309 0.0033343549861555187 0.9999908502611694 0.6269589961608416
0.9999914399711034 -0.002049081998769525 0.0035946136762176942 69.1614755779483 0.0020535549268992956 0.9999971212965492 -0.0012410925739233137 -0.0938389800711528 -0.003592060227938867 0.001248463686760114 0.9999927691947285 0.6351360335308086
0.9999863417135795 -0.0013928226465934354 0.005037502493058711 70.51180393488798 0.0013788917061552434 0.9999952187859322 0.0027678625215647144 -0.07694656927242156 -0.005041333549283617 -0.002760878546898207 0.9999834811164103 0.6525031646043393
0.9999836317155474 -0.0004682698901448477 0.005702370059424441 71.9659061803916 0.0004333733783624063 0.9999811826992626 0.0061193492218471705 -0.08163831872464886 -0.005705128263199989 -0.006116777803221117 0.9999650176585212 0.6633303631651649
0.9999841854655356 7.363476915072361e-05 0.005623468391500511 73.31805747188913 -0.00013126586999635248 0.9999474727129686 0.010248638164085113 -0.07479269749956492 -0.0056224183498568775 -0.010249214256114457 0.9999316686749307 0.6676473682727061
0.9999864621654077 0.0008681378994776748 0.005130479753318124 74.72830051336484 -0.000942434108852485 0.9998944730811999 0.014496707199215414 -0.06351552003205756 -0.005117353208660521 -0.014501346084305523 0.9998817548379813 0.6854235440600075
0.9999851301051828 0.0014746006696099187 0.005250249649856801 76.1759881232552 -0.0015588382706485375 0.9998695460542184 0.016076719086225245 -0.06671878720220632 -0.0052258579933439605 -0.016084664317188083 0.9998569767631953 0.6946810109644601
0.999984250573571 0.0016484824703716708 0.005364802918886187 77.52477846911286 -0.0017356693299877938 0.9998658389705944 0.01628777184288971 -0.07274400395192558 -0.0053372330650396154 -0.016296826843713117 0.9998529528775896 0.7057862374544062
0.9999849630127822 0.0017080224066650942 0.005211181035323665 78.95329196587649 -0.0017885220370968534 0.9998785450381896 0.01548213038427096 -0.077502387066536 -0.005184104285930788 -0.015491217891795245 0.9998665647130028 0.7251823444577423
0.9999904610028448 0.0017530236704357805 0.004000601370892957 80.30856543872287 -0.001811552190205025 0.9998906972713799 0.014673506357237251 -0.0801072672772951 -0.003974441090274471 -0.014680613684877433 0.9998843350107328 0.7302792972100631
0.9999903198322818 0.0012386795660704422 0.004222074687095289 81.71758375369494 -0.0012991518990072505 0.9998961840937661 0.014350374178696243 -0.10159586725986397 -0.004203860853324845 -0.014355720381014863 0.9998881141639138 0.7484555383543321
0.9999898467431374 0.0012052044580314093 0.004342106959859148 83.12722443421286 -0.0012645312797477692 0.9999055371929415 0.013686403893555488 -0.08973735025664294 -0.00432520187726024 -0.013691755662051984 0.9998969089139197 0.7560178972140235
0.9999930938489191 0.0009978572297162066 0.0035800189128038984 84.46329069355257 -0.001048853132753053 0.9998976124857624 0.014271105506520916 -0.08802805794518116 -0.0035654118377607675 -0.014274761862162207 0.9998917536474664 0.7707995727408781
0.9999926859408242 6.335196686408387e-05 0.0038241406072812133 85.88305920376995 -0.00011523615739078237 0.9999079323121476 0.013568847404024989 -0.09167244011181688 -0.0038229289143263544 -0.013569188839941035 0.9999006262267977 0.7738069808448222
0.9999890488396892 -0.0009404450941253175 0.004584513465854146 87.23312178201734 0.0008823063198703021 0.9999193794563456 0.012667127661578875 -0.08606875764694726 -0.004596056597952129 -0.012662943996628722 0.9999092589395734 0.7879585532466565
0.9999812897148208 -0.0021512893275684977 0.00572644518987694 88.61473170839287 0.0020834806793634426 0.9999279582378803 0.011821059279220694 -0.08665641586349014 -0.0057514631653427205 -0.011808907165915917 0.9999137314703727 0.8015439157162021
0.999974123861576 -0.003215645627984727 0.0064351558231755925 89.99796892957066 0.0031527149523466933 0.9999473456696185 0.009765565867565046 -0.08134961416162144 -0.006466219583541655 -0.009745024960446462 0.9999316089077381 0.8139276168356493
0.9999713830254541 -0.0039981509352430495 0.006422454301881425 91.36969336113603 0.003949524046898406 0.9999635754422121 0.007566310106673828 -0.0720005953375911 -0.006452471616652904 -0.0075407279440647115 0.9999507503032886 0.8250434303500721
0.9999724266632493 -0.004389429237645577 0.005989893503254742 92.75108826913903 0.004351251102096796 0.9999702318341851 0.006371974523852148 -0.0599593684541745 -0.006017684526388253 -0.006345735296545354 0.9999617588270499 0.8326304139450443
0.9999723837149816 -0.004490526686180438 0.0059217377059483925 94.09292392099493 0.004460797395430023 0.9999774298297677 0.005024053905844452 -0.043870965851123926 -0.005944164699457303 -0.004997499488004727 0.9999698454977995 0.847273590232511
0.9999759715206188 -0.004670670456903812 0.005122618361515879 95.48096700641764 0.0046472718560191 0.9999787581426325 0.004570134332259562 -0.028156222032491976 -0.0051438551389970605 -0.004546218318740389 0.9999764360490239 0.84821640770597
0.9999788325426547 -0.0046821686306187365 0.004517937974746634 96.81116889952912 0.0046626334051615165 0.9999797777161523 0.004324813115427032 -0.012622767719960876 -0.004538096116024844 -0.004303656081606383 0.9999804419227273 0.8579676751985045
0.9999822799812292 -0.0044098074264749855 0.003999165163356687 98.16974641484191 0.004387127351698471 0.9999743451115276 0.005662352194231078 0.005511411274035528 -0.004024032447977876 -0.005644707010371788 0.9999759719341383 0.876668939800495
0.9999831911412411 -0.0041374908477987814 0.00406184742012485 99.52464912386873 0.004109037208651329 0.9999671369127717 0.006988627024798062 0.030964656880433525 -0.004090629315632557 -0.006971819271768326 0.999967329710248 0.8825156300892031
0.9999795230053986 -0.003832241494964668 0.005125182437708223 100.86661928760932 0.0037928487267702587 0.9999633622689162 0.00767387896567412 0.04545587630390262 -0.005154402820051908 -0.007654282786012641 0.9999574211368204 0.8968478744159339
0.9999725881645145 -0.0037940231210349938 0.006358325889680471 102.21222705574732 0.0037452874117709623 0.9999636531338713 0.0076593232968728275 0.06641545267356225 -0.006387154434140374 -0.007635299582848125 0.9999504520017551 0.9028602295574631
0.9999771771215091 -0.003600809240627833 0.005716590671952102 103.54737827751096 0.0035569656580242454 0.9999643258825968 0.007661263438343068 0.07541191839849493 -0.005743973485808993 -0.007640754869557412 0.9999543117731018 0.9201083758270427
0.9999895572313281 -0.0033125083565324013 0.0031484467091397656 104.8758299286654 0.0032875208494367505 0.9999633211144289 0.007908769339540787 0.09110294159021767 -0.0031745290921503105 -0.007898336165892458 0.9999637686690722 0.9283795546985849
0.9999917837142402 -0.0035677133827630345 0.0019245584507979465 106.20193006413962 0.003554175463127649 0.9999692363139077 0.00699244324664486 0.10891220956326271 -0.0019494462776351658 -0.0069855455763098056 0.9999737005602757 0.9403252193657976
0.9999900782869129 -0.0033812863230511616 0.0029000397471948035 107.55199477359463 0.003364443219998992 0.9999775592358606 0.005793232820303127 0.1211117284999386 -0.002919563246988384 -0.00578341832244406 0.9999790138912689 0.9535979041738765
0.9999841924198039 -0.002750426011743439 0.004904086792330945 108.9088402916511 0.0027395441857087674 0.9999937737438247 0.002224268697529127 0.1257149821942866 -0.004910173944713061 -0.002210798574765171 0.9999855011756392 0.9599077662577186
0.9999826265487286 -0.001900876696491191 0.005579719391768456 110.23501141672348 0.0018922969289724327 0.9999970198763811 0.001542546819182833 0.14129927830124184 -0.005582634954816741 -0.0015319615339512646 0.9999832435000198 0.9761316173640512
0.999988913753 -0.001155932298379659 0.004564667744359478 111.5758569633976 0.001152003571667471 0.9999989638712482 0.0008632173543206539 0.15320480475985862 -0.004565660835596367 -0.000857949270934872 0.9999892092738715 0.9916405979502317
0.9999976653749442 -0.0003794615062091552 0.0021272643527841806 112.89067339431988 0.0003741306927310362 0.999996790526426 0.002505785919063294 0.16803800126644913 -0.0021282083746845407 -0.0025049841941067732 0.9999945978770591 1.004409242728839
0.9999998466009288 0.0005267987792981773 0.0001711174009346467 114.25143867812609 -0.0005277106195364722 0.9999854253553536 0.005373136735144376 0.18504084771478144 -0.00016828434508625904 -0.005373226211379851 0.9999855499558283 1.0283530477331835
0.999997770320582 0.002085002892590675 -0.00033483847204300257 115.56067788341002 -0.0020825167460269173 0.9999714692059476 0.0072611223719964675 0.20433646171793465 0.0003499683799845834 -0.00726040887529612 0.9999735816435834 1.0339619369699473
0.9999924945859852 0.003537682929566684 0.0015797376959802926 116.92335813318586 -0.003551683547191051 0.9999536444147219 0.008949556731854928 0.21802658343530015 -0.0015480037722373377 -0.008955100290110098 0.9999587040788811 1.050375199108573
0.9999823849786588 0.004498612780427765 0.0038719782340887006 118.23040533050937 -0.004530604644084186 0.9999553432454864 0.008293680507496824 0.21862046928252926 -0.0038344952669794093 -0.008311076816706842 0.9999581104467298 1.0611745079024248
0.9999751644523713 0.005369099781527388 0.004565440393762515 119.58048082375537 -0.005408750684883957 0.9999473741089946 0.00871747833694138 0.21487130628648501 -0.00451839512235962 -0.008741955162449501 0.9999515799904793 1.0739407497383313
0.9999715527697207 0.006389364200735296 0.004008700091571103 120.91044199633578 -0.006423871038998118 0.9999419108478936 0.0086549876220381 0.21130366864534714 -0.003953167361511677 -0.008680492784034422 0.9999545097217364 1.0819426371805843
0.9999627465477645 0.007773282994760967 0.003752544221548791 122.22821468395749 -0.007811289059811233 0.999917244238983 0.010221958557061189 0.20494540835033304 -0.003672775500271231 -0.01025088996144057 0.999940713230101 1.087537382306046
0.9999552902218839 0.00880723822835911 0.0034423991716372934 123.59789793891558 -0.008849216847098287 0.9998842591814071 0.012375766741563418 0.20881339447600317 -0.0033330044195876924 -0.012405675960522475 0.9999174917389442 1.0994135558041507
0.9999468418284326 0.009978692336411302 0.0025960001153184317 124.93269915114163 -0.010012240630535558 0.9998621122840902 0.013248073684642443 0.21431567743732913 -0.0024634437074428747 -0.013273361219100045 0.9999088705112319 1.113079849948829
0.999938840437338 0.010912463226935988 0.0017982022000983333 126.30537179169994 -0.010936887583862685 0.9998395841319437 0.014184163452237157 0.20867130326300484 -0.0016431295778540766 -0.014202962690319225 0.9998977827638222 1.1334130021492195
0.9999291460549076 0.011811695994383047 0.0014787520548068978 127.6733416374689 -0.011830538730886618 0.9998394489416559 0.013457885918038918 0.20755099076456177 -0.0013195541824085057 -0.013474426807186793 0.9999083450991784 1.1606547837964127
0.9999162731542082 0.01273613654452753 0.002288560097093622 129.00530622388294 -0.012765112072744477 0.9998323528743918 0.013126997350043563 0.2120588119565111 -0.002120989195901757 -0.013155111994085339 0.9999112182755296 1.1848158813204914
0.9999032871775039 0.013567329880948558 0.0030567714215488824 130.39270558418048 -0.013601392855844652 0.9998423628531955 0.011412780402676775 0.20209121616148296 -0.002901448604241616 -0.011453252989446508 0.9999301998599486 1.206286255657312
0.9998970025194266 0.013812727636832839 0.0038978080887200578 131.72458758977257 -0.013856184393755796 0.9998395627693132 0.011351426135721179 0.19716087042968208 -0.003740388577682213 -0.011404265715037063 0.999927973514487 1.2330892478700723
0.9998971710633062 0.013798372583523816 0.0039054082556930123 133.10925912662134 -0.013836457374727053 0.9998552722360623 0.009898839783887545 0.192624663478999 -0.0037682551552062136 -0.009951858911578869 0.9999433787756631 1.2583231505389039
0.9998972099700479 0.013584875235516347 0.00458482921701302 134.44809899591746 -0.013617066012946722 0.9998823270603984 0.007064527265256331 0.1882344914395514 -0.004488318985185071 -0.007126233024393292 0.999964535268911 1.2670682569286498
0.9999047305597887 0.013013861259019325 0.004601001987354747 135.7852535521909 -0.013040610010945254 0.9998979582875159 0.005832281114597006 0.17906548154298374 -0.0045246319959838495 -0.00589172534901674 0.9999724072581767 1.2976184900359091
0.9999228089124039 0.011733383936812771 0.004087042710757885 137.15201322764608 -0.0117569634434772 0.9999140986182767 0.005793892904404914 0.17977894509697112 -0.004018709658205711 -0.005841496879252518 0.9999748631275152 1.3227669252661918
0.99993017993763 0.010658994717026736 0.0051010863079748526 138.49972682651776 -0.01067135207631966 0.999940175877283 0.002401439437364389 0.17682915061456858 -0.005075184209685448 -0.0024557072566771874 0.9999841058772421 1.3344668028431308
0.9999398909502512 0.009620992205382692 0.005258421377551531 139.8491072308842 -0.009632289793367534 0.9999513454219786 0.0021273885661031305 0.17519493890129897 -0.00523769794246605 -0.002177911329362191 0.9999839114818322 1.36468003610185
0.9999507508336484 0.008272315854686529 0.0054831284521775076 141.21511240186243 -0.008274109493401221 0.9999657226036437 0.00030451578578529983 0.17679623230470862 -0.005480421454047526 -0.00034986879381640923 0.999984921172571 1.379311583043649
0.9999620867471196 0.007089224556128283 0.005056477384377075 142.54438431422642 -0.007093688619613731 0.9999744649606257 0.0008654527590002577 0.18227721261224275 -0.0050502128780766965 -0.0009012890229478396 0.9999868414274176 1.4042425101177538
0.9999710309725834 0.006082117617773323 0.00457657742337918 143.90995753716146 -0.006082566778934507 0.999981497472088 8.423099463380565e-05 0.18317896193529445 -0.004575980442311237 -0.00011206589234048066 0.999989523867239 1.4151717787259308
0.9999843297184972 0.005140602941682036 0.0022168714090083034 145.26759539848646 -0.0051388193756912726 0.9999864685399946 -0.0008094889340776497 0.18125820056078282 -0.002221002672697274 0.0007980841474081515 0.999997215100533 1.4466954384088333
0.9999902459990202 0.00417826319551127 0.0014317903087591173 146.58442868947517 -0.004170516881739128 0.9999768784095072 -0.00537116703491284 0.18993311570485563 -0.001454199353028846 0.005365143338890527 0.9999845501512485 1.4759484384954156
0.9999876977360552 0.003032544911044682 0.003925308638348591 147.96754110044924 -0.0029760499278082557 0.9998930461954096 -0.014319193304496568 0.1841765115013327 -0.003968312408441345 0.014307335231511278 0.9998897702523024 1.4888116028874654
0.9999826551478068 0.0014405049407783047 0.005710897395146757 149.2853381620808 -0.0013120210726359112 0.9997473692071258 -0.022438278992289864 0.17819701711024402 -0.0057417770983607536 0.022430396985931182 0.999731918709614 1.5036115111008528
0.9999971438347552 0.0003139131995716918 0.0023693418569404358 150.62268057221667 -0.00025867855269129337 0.9997290287781084 -0.02327664288050466 0.16622489297489376 -0.0023760066789242883 0.023275963500643863 0.9997262545894143 1.5398872339800977
0.9999995607090356 0.0005870117945278579 -0.0007307522760933138 152.0073867819941 -0.000603572058764955 0.9997382225405194 -0.022871862457897567 0.1841780203015399 0.0007171349285933635 0.02287229347215078 0.9997381376684688 1.5606700049631548
0.9999931103838339 0.0013043639381846918 -0.003475315752853822 153.33571463528168 -0.001375681150395563 0.9997868853676556 -0.0205983336271312 0.2042179375522948 0.003447707388644945 0.020602972638891725 0.9997817916086507 1.5795495539889508
0.9999916134469379 0.002264559420958379 -0.0034124487423328343 154.69582388591894 -0.002333497770883014 0.9997904929231388 -0.020335315307617684 0.2145836572261346 0.0033656832803138654 0.02034310770595031 0.9997873924714797 1.610667185006607
0.9999958212507329 0.0028278202273548784 -0.0006007610455828079 156.0403966934414 -0.00284120473897003 0.9997177224498324 -0.023588195678160256 0.21661044350187814 0.0005338882873611181 0.023589803994134552 0.9997215792963633 1.6320777144732843
0.9999911282267347 0.0033166783008307488 0.002596750444510288 157.36957717248671 -0.003234361624164945 0.9995114513464168 -0.031086935073491844 0.2072825850685012 -0.002698587168574516 0.031078260447267102 0.9995133112444603 1.6468831496330345
0.9999862760102363 0.003293010198775736 0.004074785271658438 158.72846100063217 -0.0031514812587764033 0.9994078169209615 -0.03426490395657729 0.1956923076293492 -0.004185206930958927 0.03425159209596896 0.9994044789182388 1.6621779473065696
0.9999867998307381 0.0033254409220297757 0.003916836344969644 160.08456086315033 -0.0031876829426210527 0.9993938409704443 -0.03466683296466098 0.18707584874788682 -0.004029744624229703 0.03465388972419217 0.999391249253888 1.6863657040117543
0.9999811552870218 0.0043370635645954645 0.0043449914234459245 161.43952094366213 -0.004186204127573023 0.9994080341128031 -0.034147577451183554 0.18753854325689095 -0.0044905195507258105 0.034128744928856494 0.9994073563886477 1.6894851291018274
0.9999779016281699 0.005381814704926268 0.0039028612329898905 162.78812921703118 -0.005255500395133522 0.9994841514247151 -0.031682972815284566 0.18902308021454456 -0.004071359836576395 0.031661761184418484 0.9994903485816068 1.6965509705141415
0.999978340774475 0.006316217563868388 0.0018502371777436128 164.14269830536878 -0.006263495868087651 0.9996094454247619 -0.02723463304526342 0.18422196452649683 -0.002021534426734573 0.027222454211286422 0.9996273562609599 1.7131078231416446
0.9999747431205096 0.0070469221870699695 0.0009241259439669826 165.49164025006397 -0.007021227048931557 0.9996538074964022 -0.025356804386069035 0.179731269334175 -0.001102493445914184 0.025349675454241993 0.9996780374013257 1.7259794872892067
0.9999715518557925 0.007315782490544252 0.0018370644162224046 166.83905839192388 -0.007269617828606243 0.9996857498232256 -0.02399071189025707 0.16374315430754094 -0.002011997948387295 0.023976674642793107 0.9997104935616757 1.7432480430441468
0.9999723698237852 0.007102731854368203 0.0021933511364387722 168.17625194194343 -0.0070531563060020515 0.9997366290209307 -0.02183862587227039 0.1495445952570671 -0.0023478873750411304 0.021822552418790008 0.9997591027996711 1.7630434998061715
0.9999774151850054 0.006719135344480592 -0.00014946617678235856 169.5671145828927 -0.006720759127006053 0.9997995937969155 -0.018857455827324177 0.14161826560723872 2.273042487702466e-05 0.018858034461344837 0.9998221711982499 1.7878797449324675
0.9999775883938007 0.006084896929800868 -0.0027922642196188466 170.96595540955542 -0.0061275978781105255 0.9998603505599765 -0.015547730455766346 0.13504222522922965 0.002697267944168515 0.015564491878461338 0.999875227885061 1.8024274266456233
0.9999723830916178 0.005929067595598041 -0.004480983320390967 172.31017610045973 -0.005966910051581419 0.9999462458096127 -0.008479473786614306 0.12658749678443285 0.004430467075504503 0.008505977234179021 0.9999540085987877 1.8336123161991111
0.9999745910327168 0.006143254733777052 -0.003616311688266883 173.67269297690842 -0.006163292713524565 0.9999655707416576 -0.005556181623968352 0.11530080903466221 0.003582054142274352 0.005578328834609378 0.9999780253263243 1.847678552252491
0.9999758616187286 0.006764771543589795 -0.0015855742947476679 175.05830711641892 -0.006770603674151138 0.9999702258745876 -0.0037022007257497577 0.10847838263014642 0.001560482543541556 0.003712846655762755 0.9999918897990834 1.8613225538064464
0.9999741029228624 0.007147474629143601 0.0008408864621069937 176.4049187128641 -0.007145170067859136 0.9999707941856059 -0.002712438111741924 0.0853312282595768 -0.0008602489859198526 0.002706359590743399 0.9999959677865945 1.875806258412045
0.9999770204101381 0.006421356436285074 0.0021736681394213795 177.8261970945247 -0.006412183200495761 0.9999706166937674 -0.004201149329636354 0.05488823264085671 -0.0022005813471524457 0.00418711483062076 0.9999888126929869 1.8896399939755144
0.9999871370068594 0.004558013151087022 0.0022249352662944174 179.17692855793786 -0.004542480159868427 0.999965620295138 -0.006937153721576964 0.02885175645531479 -0.0022564784115706856 0.006926957764712094 0.9999734624285306 1.8895220429156252
0.9999964434159582 0.002264755106563148 -0.0014085594562478064 180.5171363606917 -0.0022758651102960845 0.9999659152220647 -0.007936550390331537 0.0015483916099877666 0.0013905371027865324 0.007939727854645322 0.9999675130363785 1.9045371273092726
0.9999817372750127 0.0006843520268982777 -0.006004729698393302 181.96561151895662 -0.0007124673593921256 0.9999887888067732 -0.0046813086871722144 0.00041962164873509425 0.006001458715119775 0.004685501367631157 0.9999710138650143 1.9215681324670708
0.9999740482496544 0.00047721832599832015 -0.007188538785247963 183.34102400885737 -0.0004854088415227984 0.9999992350267395 -0.0011376836960870977 0.0023500375304372685 0.007187990362699049 0.0011411435514878338 0.9999735149422411 1.9299345188857668
0.9999809693457673 5.1063413344367525e-05 -0.0061691440919604814 184.6760316825766 -3.5933959490639145e-05 0.9999969919088297 0.0024525256456241593 0.0007366291861332103 0.006169250768943391 -0.0024522572906827086 0.9999779631467536 1.9378336220712744
0.9999953002103402 0.00011868330081149777 -0.0030635716909569125 186.13072643802263 -0.00010562776133910321 0.9999909148192817 0.004261352094339674 -0.0034460108180873576 0.0030640496091869336 -0.004261008468661747 0.9999862276085719 1.9502546316270561
0.9999996006490643 0.0007745514760861839 -0.00044583822489204986 187.49822146511502 -0.0007722702902698591 0.9999867260030765 0.005094253257057399 -0.0082284765235314 0.00044977806821663483 -0.005093906915047243 0.9999869248205349 1.973311476192154
0.9999994758101548 0.0010191732182564996 -9.831259734961388e-05 188.94997690799445 -0.0010188080383687808 0.9999928356482344 0.003645638817032455 -0.022300104150647773 0.00010202743044933926 -0.0036455367443611547 0.999993349804012 1.9768293997128414
0.9999996873851363 0.0006924614909335511 0.00038174168379124504 190.33557994001936 -0.0006938119942095487 0.9999934614713626 0.0035490335922688672 -0.03495836280341906 -0.0003792816186696378 -0.003549297339747119 0.999993629296631 1.996463855366457
0.9999990095091931 0.0007321763578103872 0.001202039273041392 191.7143607378191 -0.0007321929934009272 0.9999997318569014 1.3399469143473149e-05 -0.041515858692244084 -0.0012020291399483425 -1.4279580604935796e-05 0.9999992774607592 2.0104894997756206
0.9999987568991817 0.0011179783261820295 0.0011119013237002016 193.1582597008284 -0.0011164672881681776 0.9999984537690055 -0.0013586612501593064 -0.049828307857084836 -0.0011134185582742134 0.0013574181597508122 0.9999984588563393 2.029112358957934
0.9999973389981888 0.001433761146582028 0.001807297849268117 194.52709501616738 -0.0014255126442723905 0.9999886005273808 -0.004557052664987109 -0.06179930047603761 -0.0018138109720797562 0.004554464212725616 0.999987983400547 2.0462874616017954
0.9999922711204058 0.0019083981721602942 0.003437399579546069 195.99814742385368 -0.0018746313723073922 0.9999502222753112 -0.00979993514129087 -0.07065827119020276 -0.003455930651927082 0.009793415541681158 0.9999460713235274 2.0584137526653437
0.9999888035349246 0.0022353814744629874 0.004170836181580506 197.40197137238536 -0.00218261960005852 0.9999180816221866 -0.0126121456020544 -0.08270996515295204 -0.004198687470078449 0.01260290104180809 0.9999117650617273 2.085797765058192
0.9999970039955393 0.002446950928850152 -6.656648708609176e-05 198.82807919518714 -0.0024475076547773125 0.9999437363413279 -0.010321524016556246 -0.08184164282868911 4.13064790325219e-05 0.010321656015210947 0.9999467294365627 2.1066913678076564
0.9999798191554856 0.002800853672773426 -0.00570232412845491 200.24999470743182 -0.0028216031559798265 0.999989416283044 -0.00363398920291658 -0.06813618414342938 0.005692085504664535 0.0036500055617027776 0.9999771385496806 2.1314407463423883
0.999973024086433 0.004000512013373596 -0.00616011388408496 201.68352436194482 -0.003964475946736773 0.9999750237982129 0.005851043516439213 -0.053227571499347384 0.006183367197715846 -0.005826464055872422 0.9999639084920534 2.1680842084267193
0.9999830608280474 0.00530415751907466 -0.0023966580862631545 203.12516981341716 -0.005274475004184427 0.9999113480083892 0.012226039320899683 -0.03708966757972947 0.0024612944561430497 -0.012213191108747756 0.9999223869843806 2.20398154507344
0.9999816073312082 0.00606483104637696 -5.313823772684577e-05 204.54939235539294 -0.006063482552689873 0.9998825749648508 0.014073750779117135 -0.035226426136612185 0.00013848691863157446 -0.014073169722503057 0.9999009584530535 2.2370726994761316
0.9999840601203192 0.005632996979936211 0.0003858112310892836 206.00226719846924 -0.005637664938844459 0.9998941713747306 0.013411293184407563 -0.04336403960395725 -0.00031022462721227713 -0.013413254484458364 0.9999099901315197 2.264076148710674
0.9999903373826032 0.0043675039967395034 0.0005000502634961269 207.4429027984165 -0.0043719190908449185 0.9999481425068479 0.009197750842876712 -0.05278627031552225 -0.0004598531185757338 -0.009199848147822766 0.9999575747646329 2.286186051080547
0.9999948659274539 0.003200694165951823 -0.00015386874155442617 208.87259643781815 -0.0031994593463532234 0.9999671418144209 0.00744840596294964 -0.06361908387051704 0.00017770375521801503 -0.007447875425509795 0.9999722484014352 2.310868621897388
0.9999957931365966 0.002813566334113223 -0.0007053747888692675 210.35001936932076 -0.0028078928428249424 0.9999647005789257 0.007919175075888664 -0.05705946433962155 0.0007276310139350488 -0.007917161144179676 0.9999683940567946 2.319401429069099
0.9999964647177259 0.002627723125044429 -0.00040696833781801565 211.80294972715097 -0.0026239961153214724 0.9999569276443583 0.008902668164226439 -0.05836912240598682 0.0004303445557427689 -0.008901568807443994 0.9999602876496294 2.339207146747788
0.9999967648836644 0.0025430398607943303 5.630694119476089e-05 213.2593392122123 -0.0025434852396741797 0.9999436111221074 0.01031044416672388 -0.048592926938911804 -3.0083895611056143e-05 -0.010310554027111351 0.9999468443725463 2.3551047229662756
0.9999974918150669 0.0022396139984074345 2.219714962145663e-05 214.71282795603702 -0.002239723912790671 0.9999456524380214 0.010182131755888802 -0.048466207073816346 6.081015536255975e-07 -0.010182155932706147 0.9999481605064297 2.383103393362181
0.9999979611399296 0.0018834017203671635 -0.0007283638813004538 216.1761131844501 -0.0018762652300128332 0.9999514108152614 0.009677584272680222 -0.04926562284430369 0.0007465552695614326 -0.009676197937614787 0.9999529058154196 2.3995135721072796
0.9999976834478909 0.00173448836646732 -0.0012746171810959597 217.6646388445743 -0.0017233030704977435 0.9999604538404477 0.008724733906140569 -0.05157865340815392 0.0012896997243422718 -0.008722517143137947 0.999961126429077 2.4215394386261764
0.9999986156455396 0.001195667814336381 -0.0011571886113410992 219.1368331365863 -0.0011845316630390997 0.9999534401642213 0.009576762943637537 -0.05768751540170956 0.0011685853600466266 -0.009575378959452797 0.9999534721806006 2.4458835736691453
0.9999984059973192 0.001000492987722516 -0.0014788565185516387 220.6274823643398 -0.0009848637036995163 0.9999440550462102 0.010531705523178211 -0.05039500047994282 0.0014893106815167447 -0.01053023226350327 0.9999434464819351 2.475095591981397
0.9999985304685385 0.000805594938926642 -0.001513300220608864 222.0995887151909 -0.0007916656795677637 0.9999575246024359 0.009182715089808006 -0.05041697593499932 0.0015206334913823146 -0.009181503567671742 0.9999566928952582 2.494953195595289
