1.0 -2.1684043449710093e-19 -2.5135375298442207e-37 0.0 2.1684043449710093e-19 1.0 2.3183291766350204e-18 -8.673617379884035e-19 -2.51353752984422e-37 -2.3183291766350204e-18 1.0 0.0
0.9999996051917989 -0.0005752605321510217 0.000677267721610383 1.3273296131564947 0.0005753941083097035 0.9999998150465057 -0.00019704967556571635 -0.005147294397329037 -0.0006771542414461252 0.00019743929362565135 0.9999997512398984 0.014190926913472833
0.9999991949433092 -0.0005967494779263065 0.0011198226618697432 2.628292109638085 0.0005974884623972986 0.9999996039058764 -0.0006596935863360372 0.0026109771196390695 -0.0011194285465113297 0.0006603621363656997 0.9999991554004325 0.02238872817330788
0.9999988872748349 -0.001117982926636402 0.0009877060635002097 3.952068913162743 0.0011192782555432775 0.999998513100449 -0.0013118738802854152 0.0010290909243763538 -0.0009862379422804482 0.0013129779384500793 0.9999986517109183 0.04942137746404745
0.9999992821443365 -0.0005474306212199864 0.0010658473279201277 5.267740877157508 0.0005495005897131223 0.9999979618565761 -0.0019427639577488751 0.012071868060146682 -0.0010647816270901312 0.0019433482468600017 0.999997544815825 0.054373423007450884
0.9999984227272785 -0.0009066756234279397 0.0015272466301206708 6.589238739993435 0.0009101348451881187 0.9999970188182309 -0.002265835213452324 0.00541542470836749 -0.001525187699566118 0.002267221639987519 0.9999962667472896 0.06502565319406606
0.9999970475948089 -0.0005905823859052088 0.002357119876222218 7.920775061315334 0.0005988699117136926 0.9999936367211789 -0.003516798541244278 0.013577481692179802 -0.0023550279179379947 0.0035181997664021805 0.9999910380167961 0.090940119791897
0.9999961046970504 -0.0004906541744459825 0.0027476988930758054 9.239079783195322 0.0005004189332612517 0.9999935584732235 -0.003554235916655746 0.027581497891148728 -0.0027459372930103386 0.003555597072379092 0.999989908728004 0.09902563036548327
0.9999969530961345 -0.0009577345507185819 0.0022752017444456827 10.568429688630458 0.0009649506006874181 0.9999945016259676 -0.0031726311117361086 0.026577161345867902 -0.002272150696103098 0.0031748169023240974 0.999992378905385 0.11299674330914768
0.9999995206632363 -0.0009785905501926793 -3.215326974313432e-05 11.89857908952736 0.000978572845402004 0.999999372076703 -0.000546114810451095 0.04162990845179047 3.2687672346174877e-05 0.0005460830843615277 0.9999998503623794 0.12354452192215967
0.9999993457237145 -0.0009115041556731173 -0.0006911673583012701 13.22712833457208 0.0009126695527938156 0.9999981593630386 0.0016876921586107406 0.04077303361299697 0.0006896277476970133 -0.0016883218617975905 0.9999983369900476 0.14106585802134874
0.9999993929209029 -0.0005586990309994293 -0.0009497437645551531 14.568942767309869 0.0005643617853567348 0.9999820044456004 0.0059726276239621704 0.07652681142694977 0.0009463897721235442 -0.005973159997191381 0.9999817126858107 0.14710560006268358
0.9999999385046454 -0.0002502656378689801 -0.0002456782776006114 15.922334310062453 0.0002517004829862259 0.9999828113330751 0.005857788427949599 0.08972239366042582 0.00024420805156110466 -0.0058578499050639535 0.9999828128307593 0.166402736176265
0.9999964715272032 9.79620499821787e-05 0.002654682011168005 17.255762777657402 -0.00011073725833391443 0.9999884131876653 0.004812611315582773 0.0807603256340887 -0.002654179798595491 -0.004812888306622329 0.999984895603801 0.1937064428720347
0.9999882305829333 4.782223904029494e-05 0.004851433669312194 18.621543553033817 -4.722821847586579e-05 0.9999999913746678 -0.0001225567617894074 0.07763446192371373 -0.004851439488405725 0.00012232619479850807 0.9999882242162617 0.21407592897911398
0.9999928695252215 -0.0002252357538606767 0.0037696375911500848 19.97602447256407 0.00023149396117946888 0.9999985957237286 -0.0016598075541411122 0.06679469417065309 -0.003769258449531743 0.0016606683672633967 0.9999915173996801 0.2328550819908362
0.9999994528643229 -5.668148145857209e-05 0.0010445373447276348 21.32790250815252 5.945226037932049e-05 0.9999964795595362 -0.002652797384471764 0.06934154304372701 -0.001044383303010339 0.0026528580331378654 0.9999959357956273 0.22721464925955084
0.9999999496205048 0.0002087556861978017 -0.00023912350712569573 22.668837360524208 -0.0002089439700359709 0.9999996679848024 -0.0007876374180094122 0.09207533310480828 0.00023895900394338564 0.0007876873417435444 0.9999996612235658 0.2704375113516973
0.9999986892348423 0.0009291075483171445 0.0013260044347811852 24.03910318128215 -0.0009312591422082183 0.9999982494413131 0.001622920429132805 0.08418333599196251 -0.0013244942459115778 -0.001624153155617751 0.9999978039183484 0.25002828027796953
0.9999836249310281 0.0015539624129289767 0.005507728263116188 25.430545855935488 -0.0015631158978373042 0.9999974038159546 0.0016580199156277918 0.09166822915565014 -0.005505137463411171 -0.001666601983046361 0.9999834578128476 0.2671421031214633
0.9999773558158057 0.0017006619046486232 0.0065111907294720115 26.80759210366485 -0.001703782371620912 0.9999984363516043 0.00047372985615914135 0.08751944664394337 -0.006510374893939608 -0.000484812780916156 0.9999786897605907 0.2806068976962059
0.9999771793761386 0.001714330507124295 0.006534661265456778 28.175539610264565 -0.0016887857639479465 0.9999909196210355 -0.003912630588142308 0.08213275785920404 -0.006541309470236443 0.0039015056565540216 0.9999709943413491 0.31408611697649597
0.9999905813705776 0.001723168742975372 0.003983448206930317 29.527395990356545 -0.0017080738308162418 0.9999913602549324 -0.003789709656236215 0.09110657820643818 -0.003989944100177898 0.0037828699387266753 0.9999848850063205 0.308828771200165
0.9999952524548344 0.0020968702895205757 0.002257920012061983 30.9262362031661 -0.002088691154219169 0.9999912711308501 -0.0036187057588260144 0.08290209697446638 -0.002265488259565846 0.0036139724813008555 0.9999909033415505 0.34962345214780316
0.9999959256455853 0.002767291537028263 0.0007005639002893165 32.30824450658763 -0.0027658305340314006 0.9999940162049945 -0.002077916182705865 0.10539382141648569 -0.0007063099081256047 0.002075970075512432 0.9999975957343894 0.3163386537785398
0.9999934644973605 0.00353209179106933 -0.0007715504816991171 33.68562320629566 -0.0035323224658166 0.9999937169815492 -0.00029781776800709555 0.10808688525964388 0.0007704937143395922 0.000300541186718304 0.9999996580071572 0.37120456538223756
0.9999927593004698 0.003780125465699154 -0.0004381758734193255 35.07721225270427 -0.0037802694077047065 0.9999928009172986 -0.00032814140440031163 0.1241097197695684 0.00043693230327585106 0.00032979545127648035 0.9999998501625501 0.3526992698245003
0.9999948936918239 0.003114089267643747 0.0007176616965797277 36.47380055028912 -0.0031139939960267635 0.9999951425533954 -0.00013383201040801886 0.11405786004548808 -0.0007180749754036352 0.00013159653280620223 0.9999997335253056 0.3877770315206714
0.9999943398014556 0.002937615723566347 0.0016403593848787954 37.87920390269822 -0.002937684688944131 0.9999956842095548 3.963499319397907e-05 0.12841510121204833 -0.0016402358730522254 -4.445362750137254e-05 0.9999986538241717 0.36438969586679476
0.9999947851311213 0.0025115209421187204 0.0020302642980149195 39.27125843670101 -0.0025138573055978695 0.9999961801109936 0.0011490364956117096 0.11877404897428029 -0.0020273707134086604 -0.0011541342982749074 0.9999972788673037 0.36339334586776906
0.999993238641488 0.0028017771029656244 0.002381746496405927 40.671350667044145 -0.0028091410271064246 0.9999912675522545 0.00309411472399441 0.12627044003693777 -0.0023730566781414676 -0.003100784465374705 0.9999923768397946 0.3944987955721906
0.9999924970908906 0.002844620578516144 0.002629428776299871 42.09192736245059 -0.0028653675924378403 0.9999645269483561 0.007920512200022817 0.14054811302017328 -0.002606804650440522 -0.007927987053141914 0.9999651751890161 0.41864984857907206
0.9999918567252012 0.0027178679743439754 0.0029832326356975347 43.48071729255437 -0.0027411632617139847 0.9999655673960448 0.007832627035605024 0.15002027801272547 -0.002961841869054632 -0.007840740780072797 0.9999648745214816 0.423752659351054
0.9999933472035226 0.002207402778319944 0.002903949322798492 44.92128223685339 -0.002230736978803654 0.9999650553998075 0.008056785450236767 0.1521979076145095 -0.002886063274863248 -0.008063209797221844 0.9999633269708142 0.44420933183970707
0.9999968143545676 0.001457241686809212 0.002061001548486322 46.32072884169692 -0.0014727604340369269 0.9999704262918465 0.007548345408544581 0.15707657437536648 -0.002049940833432257 -0.007551356723727606 0.9999693869085245 0.4606922820942331
0.9999964873378214 0.00030938295435658006 0.0026324122408857157 47.741025241471206 -0.000326550677095369 0.9999786668561541 0.006523741046678435 0.15097122915687605 -0.0026303377489782405 -0.006524577746979654 0.9999752552981249 0.4744011206208467
0.9999941722746117 -0.0009510112555767889 0.003278870904138826 49.14856636716841 0.0009276607161501901 0.9999742528024098 0.007115699393455063 0.1369939551182557 -0.003285553592616261 -0.007112616245381955 0.9999693074428514 0.495211661985954
0.9999922177829315 -0.0017971247296359508 0.0035120814740486283 50.573802679020176 0.0017684032553894836 0.999965110544997 0.008163972235252125 0.15184318973480526 -0.0035266306158361063 -0.008157697925136148 0.999960506640668 0.5166593998220144
0.9999898350467544 -0.002834750019133526 0.0035062794374862796 52.024749459597814 0.002807580015419933 0.9999661836178857 0.007729755179686283 0.1637133085732914 -0.0035280727914445355 -0.0077198324470091175 0.9999639777958845 0.5095833995042848
0.9999813492306197 -0.003876096717104878 0.004719858594187934 53.43822133004042 0.0038333368844991936 0.9999518346301759 0.009035150694669898 0.18009956288430806 -0.004754652378399385 -0.009016889374119255 0.9999480431436303 0.5407502176708402
0.9999761690557949 -0.004668994080815967 0.005085451284728164 54.89335597697857 0.004632255500954566 0.9999632623010474 0.007212229698272307 0.19222883113306682 -0.005118938314720546 -0.007188500714340255 0.9999610602058512 0.5413154251699656
0.999968238780231 -0.004850662259947104 0.006323962871707992 56.277473435079905 0.004822424593885687 0.9999783688461056 0.004472813534923361 0.20599331094245193 -0.006345522184903526 -0.004442174638826348 0.9999700002663475 0.5579079300588388
0.9999648571868277 -0.005298214985549208 0.006497177024979984 57.70720197592795 0.005272020722237865 0.9999779331309935 0.004042158899718724 0.22395260304282238 -0.0065184498794821225 -0.004007763594971956 0.9999707233925078 0.5814629365483404
0.9999630792011063 -0.004803220672375293 0.007125258298093503 59.14154210205696 0.004775508575842914 0.9999809873795901 0.0039012045809163976 0.25783718248101023 -0.0071438611747523815 -0.003867033813218981 0.9999670051041701 0.605002284242445
0.9999563630251058 -0.005126235684610906 0.007809849762233882 60.56564129344529 0.005096665581019956 0.9999797862200456 0.0038014669888269473 0.2322389895874276 -0.007829179111381306 -0.00376149691183128 0.9999622768361935 0.6248072292260904
0.9999545702857238 -0.004352521594008819 0.008480148611156866 62.01664900132325 0.004348251532186882 0.9999904101140934 0.00052190847874178 0.25954276815579785 -0.008482338905423034 -0.0004850109493970771 0.999963906694173 0.6152800465512193
0.999957618609445 -0.004332920950102964 0.008123224788701644 63.42714606366485 0.004344959058265271 0.9999894876802319 -0.0014648753562282334 0.24880318510696295 -0.008116792205644827 0.0015001083519016409 0.9999659330993346 0.6350114834332247
0.9999675371521061 -0.0037261766051644727 0.007144245926505547 64.83401427381528 0.0037393391672901864 0.9999913343137787 -0.0018299289440561022 0.2737364165694688 -0.007137365378291606 0.00185658429796487 0.9999728051853216 0.6496046648159308
0.9999710160045745 -0.002977784101542036 0.007007135835962997 66.28784476259368 0.002995692507369352 0.9999922702160654 -0.002546631995559508 0.2770115328313921 -0.00699949835204813 0.002567549408311312 0.9999722069702015 0.6454722378167217
0.9999740022136664 -0.002449180017776012 0.006782065616248035 67.66215762276641 0.002458309319163844 0.9999960831135156 -0.0013380855422245443 0.2876246602667381 -0.006778761839294793 0.0013547231700701244 0.9999761062710742 0.6504739754153062
0.999964093179814 -0.0017596525895349974 0.008289509867067345 69.1269471942435 0.0017440311178027515 0.9999966905911879 0.0018913387143059122 0.30577233080946753 -0.00829281053275666 -0.0018768136391872886 0.9999638527787049 0.6720024989270437
0.9999554157567533 -0.0009728706363811116 0.009392551381997682 70.49055509967471 0.0009229318152648562 0.9999854242559505 0.0053197248529494754 0.3182414910088639 -0.009397589882675828 -0.00531081899254567 0.9999417385558148 0.6841771393224473
0.9999474471981965 4.85827560210678e-05 0.010251852589943457 71.94086123399245 -0.00013988687199897453 0.9999603347531698 0.008905579823437594 0.3417955449852943 -0.010251013290068223 -0.00890654590985719 0.9999077908319759 0.6973693485590773
0.999947643083854 0.00046096187098656864 0.010222455927941927 73.30618377072693 -0.0005898854923635869 0.9999202867969922 0.012612378321587623 0.3443647229793589 -0.010215827237728596 -0.01261774805480166 0.9998682059691039 0.7033264050467604
0.9999510678759392 0.0010502258457967019 0.009836609143478016 74.70297133000165 -0.0012100906903442321 0.9998670619267738 0.01626020154985895 0.3593839570129568 -0.00981822459968588 -0.016271309092808533 0.9998194071761741 0.7122288829137559
0.9999500957015225 0.0020016798557267847 0.009787715988478855 76.14373267808521 -0.002170439994649696 0.9998486461715608 0.01726192165219563 0.3749498968319797 -0.00975168173934999 -0.01728230385834287 0.9998030939523054 0.710608872848764
0.9999450028040716 0.0023590609053873177 0.010218913778372052 77.51123858881348 -0.0025420098581860374 0.9998360645071145 0.017927138556007447 0.37875553794219513 -0.010174947323992099 -0.01795212919322042 0.999787073083256 0.7151626222316041
0.999941236750536 0.0023537571662877676 0.010582196039129226 78.92692378304793 -0.002540960734453075 0.9998399027658167 0.01771192693605354 0.3746293446868986 -0.010538812283857276 -0.01773777507029222 0.9997871297287244 0.7415431444484982
0.9999568328030022 0.0017950908437795214 0.009116478456691357 80.2917549311857 -0.0019444052462408647 0.9998636834491299 0.016396152224727206 0.36537533591102594 -0.009085803147060237 -0.016413170577332548 0.9998240125205897 0.7316586644686428
0.999955636285964 0.001762567346864548 0.009253043622554255 81.68643493669038 -0.0019131171424258127 0.9998655319727726 0.01628674171232628 0.3801538257166031 -0.009223092904903517 -0.016303721328348297 0.9998245462220435 0.7536217421814104
0.9999482460311397 0.0015046308962885506 0.010061875824770796 83.05789129367366 -0.0016596606917574218 0.999879772273318 0.015417085491293168 0.39533410683341574 -0.010037469085153307 -0.015432986895722454 0.9998305217034741 0.7576572933664157
0.9999598207547232 0.0011714246098030834 0.008887330339610833 84.43715972650642 -0.0013080261935892084 0.999880862731063 0.015380162927040192 0.4035565419888095 -0.008868254825990513 -0.01539116982457684 0.9998422205267051 0.7542855919110972
0.9999577117571798 0.000381774044929478 0.009188522510359747 85.83362170790001 -0.0005166672057618656 0.9998920695478233 0.01468272149056854 0.4094717826992609 -0.009181925306996339 -0.014686847992327393 0.9998499831193213 0.7513231819855085
0.9999525168338004 -0.0006916570101533396 0.009720374906788199 87.19837122262794 0.000544263113638637 0.9998849647674581 0.015157869561459706 0.4162421161823434 -0.009729740767941574 -0.015151859376307582 0.9998378635068935 0.764821144382945
0.9999402389283617 -0.001764727968767324 0.010789082773207802 88.59391008648099 0.0016158537499154227 0.999903583289646 0.013791778028406716 0.4261670965105838 -0.010812381261764833 -0.013773520237114704 0.9998466795222796 0.7636327300964967
0.9999293263644214 -0.0027842565928900224 0.011558122322386297 89.95013698373336 0.0026505049936031816 0.9999295372042479 0.011571320139794002 0.42592276878460833 -0.011589525429161479 -0.011539867491599118 0.9998662482345342 0.7857206458877821
0.999921895651907 -0.003783736607010088 0.011911588189048672 91.32992147630264 0.0036533963618569673 0.9999334263679839 0.010945114298497207 0.4312040677505111 -0.011952208620998977 -0.010900741684526311 0.9998691507091353 0.787533022722716
0.9999249831699811 -0.00420802559781344 0.011503067116252708 92.7059470954743 0.004090607768046497 0.9999394885052669 0.010212064233701643 0.4396100530651129 -0.011545343676169419 -0.010164243621312777 0.9998816895968271 0.7969048488153652
0.99992549742739 -0.004136921642701871 0.01148414010315324 94.03881125535219 0.004038609375849147 0.9999551151003104 0.008570730367614509 0.45279339374229677 -0.011519081078628235 -0.008523711870258814 0.9998973232822742 0.8120601428200888
0.9999280674646771 -0.004621053323503826 0.01106823213243526 95.41079362296274 0.0045320696668686485 0.9999573184411852 0.008051188759966512 0.4695797694889578 -0.011104964695611926 -0.008000447618433373 0.9999063319116515 0.8081913182237651
0.9999344589699978 -0.0044039738661592834 0.010568007312833139 96.76995151822939 0.004324039410325582 0.9999619619657477 0.0075747808410815175 0.47183689543341834 -0.010600964463475002 -0.007528587902033853 0.9999154663853568 0.8119783982710403
0.99994140772491 -0.004113266183746519 0.010013099341702341 98.11987087168258 0.004025629786515075 0.9999535565901838 0.008756652754565053 0.4942066354739214 -0.010048652742884247 -0.0087158306513927 0.9999115255231881 0.822594048429323
0.9999427360046605 -0.003962369349775959 0.009941043237500365 99.47007504895224 0.003857096878688571 0.9999365213695035 0.010586596956768777 0.5051636951350658 -0.009982360200989873 -0.01054764715908771 0.9998945442516551 0.822886942958825
0.9999291416547115 -0.0038818094993425777 0.011253587191772878 100.81959092847578 0.0037610567875698306 0.999935342251883 0.01073153145875955 0.510793585401596 -0.011294517320925927 -0.010688445659705845 0.9998790881941011 0.8276362426988877
0.9999051131548836 -0.003782152855136176 0.013246131756097075 102.12256330751367 0.0036406975317623655 0.9999362660039692 0.01068687285979974 0.5369064787018687 -0.01328570691388748 -0.010637633656960091 0.999855154880935 0.8383746997128257
0.999918466112384 -0.003848955240520775 0.012175658956033111 103.49773893667536 0.0037222458472882113 0.999938861765638 0.010412378051767939 0.5318530238208031 -0.012214991334810979 -0.010366208294118958 0.9998716596205203 0.8479524561663769
0.9999449482950504 -0.003590280642291917 0.009859526566650777 104.81308285639136 0.0034865196004364722 0.9999385740934951 0.010521037065978142 0.5446503345735931 -0.009896694412008527 -0.01048608243232417 0.9998960433539767 0.8485193070989894
0.9999578897603502 -0.003697130648387656 0.008399400633151656 106.15009197412796 0.00361787163586812 0.999948973379159 0.009431947985034236 0.5588529659166113 -0.008433843184089724 -0.009401162850135248 0.9999202410323592 0.8495414049703693
0.9999472408150581 -0.0033192994559185438 0.009720999818643525 107.49212720530672 0.0032400085643232678 0.9999614488059914 0.008161081198343925 0.5666993665849586 -0.009747714134874928 -0.008129154503685466 0.9999194462136437 0.8621701020910091
0.9999267211799947 -0.0027675348675139998 0.011785288328346622 108.81176008924581 0.0027116626207357012 0.9999850221684103 0.00475419022286196 0.57507224954879 -0.011798269197491369 -0.004721884115577778 0.9999192490668147 0.8586280136997951
0.9999113093650724 -0.0019019308863329326 0.013181656296917763 110.17444996704941 0.0018596680234659446 0.9999930939852676 0.0032177036243874893 0.5909390881950511 -0.013187685114111466 -0.003192904739498337 0.9999079409228909 0.8810324887876483
0.9999263420265876 -0.0015075419266319587 0.012043165641449985 111.47482595219448 0.001471093323406889 0.9999943129738327 0.0030347824347607996 0.5817886676895787 -0.012047672213410451 -0.003016842278269087 0.999922873154178 0.8797684807214877
0.9999536476019459 -0.00028402460803721424 0.009624031254374917 112.82939028170469 0.00024361380149587244 0.9999911508744046 0.004199860140462184 0.6128918701484384 -0.00962513895374382 -0.004197320920033589 0.9999448680788433 0.8845498731013687
0.9999696345169988 0.0004950389003072251 0.00777720903838365 114.17464003596987 -0.0005530063782973391 0.9999720721659208 0.007453124991565332 0.6038888431392204 -0.00777330225098035 -0.007457199520028673 0.9999419812906313 0.8965672087240866
0.9999722820234839 0.0019903403057146838 0.00717451951096359 115.47769598860718 -0.002063671773457335 0.9999455608263356 0.010228227730974048 0.6141766095696308 -0.007153771282140987 -0.010242750078600897 0.9999219517678718 0.8925216583805703
0.9999484607949425 0.003487213489242312 0.009534940791937662 116.84906109417841 -0.0035911773096729024 0.9999340555291432 0.010908163849647335 0.6322181306453469 -0.009496272919193131 -0.010941843314574966 0.9998950429247678 0.9055978283081111
0.9999259694091321 0.004185822537666591 0.01142517356062736 118.13942828331878 -0.004318657192518224 0.9999230817252232 0.011626686251297591 0.6307252879297857 -0.011375627510638992 -0.011675166928817945 0.9998671339612696 0.896573893049558
0.9999103609559631 0.005149090001794388 0.012359487249433115 119.5170212066468 -0.005289943287277281 0.9999211292722209 0.011390861906986646 0.6335482500225975 -0.01229985987452169 -0.011455221827623875 0.9998587356921712 0.9078070922880751
0.9999115157495071 0.006163962002256029 0.011788394460562707 120.8291610169503 -0.006298592685147105 0.999914977265931 0.0114177917943438 0.633646700177507 -0.011717013344265382 -0.011491031794713523 0.9998653248245901 0.912236572396275
0.99990201808316 0.007434871503473984 0.011860730118786657 122.1370451870338 -0.007588424862275487 0.9998872942514013 0.012954327567311123 0.6216746099756466 -0.011763079585442824 -0.013043062536782847 0.9998457423414515 0.9151260307131662
0.9998959446940646 0.008764973006911836 0.01145753169544933 123.51309620703773 -0.008932507181686592 0.9998527284692837 0.014653726078304997 0.6366853335654405 -0.011327404813691287 -0.014754545764508827 0.999826981672064 0.9124412009268723
0.9998914761257423 0.010041447254675881 0.01077985659068125 124.8513882959507 -0.0102083204260031 0.9998271604329456 0.0155383221318382 0.6388166334975951 -0.010621966162822193 -0.015646680083145025 0.999821161627024 0.9203087528234875
0.9998865383822547 0.010955245796612422 0.010338904752801026 126.1695422927509 -0.011124984314671921 0.9998018853865823 0.01650529313382301 0.6214305978611477 -0.010156036921456594 -0.016618440569768484 0.9998103231848924 0.9186868042429787
0.9998790365111517 0.011981802197968119 0.009917094414181189 127.50888100520469 -0.012138323990115461 0.9998002826213274 0.01587627037515474 0.6238194063967343 -0.009724887466804175 -0.015994726831140157 0.9998247822880544 0.927409096620367
0.9998612951367893 0.012741619057710206 0.010725746182455784 128.83963943407218 -0.01290700515565404 0.9997966488157293 0.015494200035798359 0.6069723306797424 -0.010526143894807292 -0.01563048817617703 0.999822428301186 0.9291387148130409
0.9998395542603085 0.013603611379986837 0.011653647238951443 130.20863038985885 -0.013782575042931055 0.99978615943061 0.015416745317238524 0.5996717649930053 -0.011441431804350454 -0.01557488903372716 0.9998132407954264 0.9368877666709803
0.9998278833179385 0.013948693853941624 0.012232648108229873 131.538175615731 -0.01411061147034797 0.999812624857066 0.013251634629608516 0.5783581777946659 -0.012045513019529433 -0.013421963946932895 0.9998373650248842 0.9325866213792803
0.999824363117829 0.014018306992057786 0.012439050812019296 132.8887247449244 -0.014174571476249318 0.9998205918928658 0.012564455836372182 0.5682633274369706 -0.012260686746356149 -0.012738567269354571 0.9998436900158103 0.9458608305040593
0.9998172773565724 0.01391029405347157 0.01311165964463261 134.2140345842491 -0.014042503705371622 0.9998509337218311 0.010045816306662044 0.5574062439037246 -0.012969964879495938 -0.010228101237694427 0.9998635736719765 0.9293575482002954
0.9998216983362467 0.013299433697478864 0.013405096021655124 135.54586216654343 -0.013418926816919962 0.9998706741168563 0.008863827851747256 0.5330309598983092 -0.013285478504953319 -0.00904212941898244 0.9998708596396161 0.949514079507726
0.9998441785603823 0.012113457649497552 0.012840667532804176 136.89201153425105 -0.012222028787595257 0.9998899343850308 0.008410774507373597 0.5236415366871501 -0.012737370656041021 -0.008566402936619432 0.9998821811241052 0.9481146623251975
0.9998386677571882 0.011156041836057453 0.014077684045437381 138.232059387191 -0.01125196637101053 0.9999138898418726 0.006753232861465584 0.5115840066217953 -0.014001132465507013 -0.006910544974722787 0.9998780988989786 0.9507789273912014
0.9998448250049727 0.00995117956771094 0.014536159602400924 139.57552954839906 -0.010039820299019661 0.9999313714201258 0.006037752746678537 0.48416447116161393 -0.014475079244642947 -0.006182756268672071 0.9998761151291612 0.958054560365112
0.9998517110200026 0.00882942493329129 0.014785033842391026 140.93145406601457 -0.00890218940884946 0.9999485501221301 0.0048629345439388134 0.4935683932056775 -0.014741336238694319 -0.004993832596016713 0.99987886998471 0.9601615674823508
0.9998669817882997 0.007579062765119259 0.014442179100061858 142.2556955854212 -0.007638432272053366 0.9999625841741284 0.004060123671054736 0.48739185486655107 -0.014410866801866377 -0.004169899207581417 0.9998874630970315 0.951930685073161
0.9998799564771977 0.006619367549858275 0.014009161587941939 143.60886557898758 -0.006677028328981198 0.9999694128169179 0.004073171157987781 0.47938786499507163 -0.01398177127016342 -0.004166221768960963 0.9998935706705593 0.9463046952451419
0.9999114669744098 0.00611994977965547 0.011815431764359632 144.9541741926267 -0.006141504598845886 0.9999795407186232 0.0017888726711548304 0.47356727020227385 -0.011804242218206914 -0.0018612788253630221 0.9999285952040717 0.9507654095774217
0.9999314080712925 0.004762367055189458 0.010700421140961808 146.26710437065725 -0.0047476101968400896 0.999987744317363 -0.0014040699737300738 0.47758521753185873 -0.010706976696582295 0.0013531722373432218 0.9999417630916888 0.9639243002305712
0.9998968352005756 0.004004711123474213 0.013794246796777179 147.6605567300709 -0.0038552381800325106 0.9999337540430843 -0.010845490485909316 0.47434004748714326 -0.01383676604008665 0.010791191506142949 0.9998460351931339 0.9564185136424627
0.9998775758371393 0.0025266860222975963 0.015441800276856432 148.96907127547604 -0.00225999642774601 0.9998484163115484 -0.01726374279915061 0.45576041616613466 -0.015483079609437286 0.017226730886426917 0.9997317210075783 0.9680075297876093
0.999921682067233 0.0016752764760342188 0.0124025473417449 150.2686557241888 -0.00142910175906978 0.9998023241152304 -0.019831045407296594 0.4272126094214914 -0.01243331814109173 0.01981176777859265 0.9997264158045888 0.9677769078874824
0.9999543440187442 0.0015440670295255093 0.009430044276210187 151.67178466695734 -0.0013675332230337943 0.9998242381375545 -0.018698200061572228 0.4413315425810022 -0.009457258108291802 0.018684450478058303 0.9997807017438404 0.9751460871033842
0.9999709484191036 0.0026574163092095223 0.007144260378640211 152.97948085630676 -0.002545025732577619 0.9998735881976186 -0.015694918567465917 0.4492803449673028 -0.0071850651923819646 0.01567628027876562 0.9998513034820742 0.9749884852230607
0.9999659681346883 0.0036474410667485277 0.0073999152779100465 154.3524370051838 -0.0035274518691833946 0.9998631365087736 -0.016163704221135673 0.4548218374027216 -0.007457858658237278 0.01613705129515182 0.9998419754739903 0.9831218234528389
0.9999401794082132 0.004034979365915909 0.010166442179396513 155.67924777182944 -0.003838973494163962 0.9998077932191247 -0.01922599544406236 0.45521011505383524 -0.01024206461517824 0.019185816631580553 0.9997634743040965 0.9773453343203313
0.999904094115973 0.00462765877566264 0.013053250337420415 157.00821484001892 -0.004264493360339234 0.9996068031232391 -0.027713773581334776 0.45348640062999024 -0.013176367727676554 0.02765545016798496 0.999530669569229 0.9686250666246519
0.9998883143150143 0.0046482563966629845 0.014203964543395854 158.36673401650202 -0.004225747156122024 0.9995519297221894 -0.029632462766698335 0.4329722222961848 -0.014335339453661066 0.02956913088202151 0.9994599364364888 0.9755356399457145
0.9998829339776792 0.0043029603581547105 0.014683421683792013 159.6997888111569 -0.003852689554969317 0.999525602422338 -0.03055694496272716 0.4138421492387644 -0.014807941226954365 0.03049679711737375 0.999425169906282 0.9932848227526873
0.9998744544417906 0.005598082079640022 0.014823522920056807 161.06474409944403 -0.005151692034266121 0.9995371488525094 -0.029982463757681117 0.4260873810513616 -0.014984506128528736 0.029902333367585143 0.9994405009980624 0.9738534520624423
0.9998718515515908 0.006602492111126474 0.01458381200907614 162.40193903635006 -0.0061940540935119855 0.9995921962646768 -0.02787606250255885 0.418609507174007 -0.014761916158826003 0.027782157307927557 0.9995049962689718 0.9634332293668597
0.9998865625206156 0.007651670491387091 0.01297358968822044 163.75294601498183 -0.007323669789966876 0.9996570144321082 -0.025143932816713566 0.4299741946074819 -0.013161533022964696 0.025046066265485983 0.9995996541681627 0.9595109276817267
0.9998889001120069 0.008338142632755563 0.012355679270556986 165.10075669901022 -0.008041304482378163 0.9996824331036259 -0.023882427980343554 0.43136293747426824 -0.012550890606755058 0.02378041886616878 0.999638418041007 0.9451029569525096
0.9998718336189956 0.008630566468391413 0.01348442278417597 166.45056749408474 -0.008313915035098925 0.9996924322719198 -0.02336492403245572 0.4300427125709789 -0.01368192794078679 0.023249821089375046 0.9996360591070809 0.9434754831766582
0.9998734675391103 0.008159450153097363 0.013655485510038827 167.77935657335263 -0.00785646463946586 0.9997249771338292 -0.022096290596692734 0.41218689255089697 -0.01383202352096697 0.021986210859622643 0.9996625839038649 0.9382257505098116
0.9999028239636496 0.007941313886998317 0.011457668317194076 169.1725627451411 -0.007712283086744467 0.9997722913428141 -0.01989688801619647 0.4198121737731486 -0.011613066740038158 0.019806589733907125 0.9997363830950657 0.94258253573722
0.9999323143260423 0.007252611638197713 0.009097603585015476 170.57848477096994 -0.007100755713933756 0.9998367546753915 -0.016614549902777467 0.4193096517267669 -0.009216617321753382 0.016548825475130393 0.9998205790743346 0.9474167295220183
0.9999500365054828 0.006816784516167154 0.00731135702476695 171.9365546622886 -0.006739679763566817 0.9999219587113914 -0.01051918264214383 0.41615099858311483 -0.007382493438400962 0.010469380862035532 0.999917942060746 0.94963023288189
0.999936262453585 0.00734504880342008 0.00857445557634238 173.276142662982 -0.007276975966673373 0.9999419722267184 -0.007943412372601192 0.4242688979473941 -0.008632302771320629 0.007880509971830048 0.9999316881224678 0.9517708830305875
0.99990841401077 0.0079342786325583 0.010964069182901052 174.6688999174411 -0.007905265370570515 0.9999651427358401 -0.002687023020304024 0.43300668070411075 -0.010985006594780468 0.002600103050210499 0.9999362825171616 0.9756407889688917
0.9998757825418236 0.008111225731123477 0.013513974378934097 176.05583900048973 -0.008102828452328887 0.9999669430405296 -0.0006760157176980621 0.43457095447364896 -0.013519010964114803 0.0005664303286422517 0.9999084535592421 0.9758309224046122
0.9998669986233837 0.0070328574688710704 0.014714753810001537 177.46497421912426 -0.006973088868961869 0.9999672447725773 -0.004109186484731915 0.41939255128866354 -0.014743171147754149 0.004006032671270636 0.9998832884925845 0.9666717657070175
0.9998752839344567 0.005821978408980971 0.014680638419192649 178.8557493641565 -0.005732055024487098 0.9999645985872706 -0.006159960827399733 0.42349864535932186 -0.014715981862790127 0.006075042354108027 0.9998732588374438 0.9640394505752147
0.9999344625745472 0.0036127651688057094 0.010863631233921025 180.1923753543979 -0.003520453123598993 0.999957639067351 -0.008504497672048321 0.4127327646851827 -0.010893895793337768 0.008465695404655041 0.999904822988548 0.9563600756875738
0.99997399047695 0.0019415867554396522 0.0069461219738615135 181.60864545934692 -0.0019004271614466532 0.9999806278466912 -0.005927251297299414 0.42702461356314136 -0.006957495685136733 0.005913896533454326 0.999958308671708 0.968327032378019
0.9999795866305673 0.0011540361057061784 0.006284466789366703 183.00376097586204 -0.0011401614826044885 0.9999969059719184 -0.0022108999036542266 0.4406713739603931 -0.0062869988033648965 0.0022036894647657714 0.9999778084531623 0.9729590248581721
0.9999721087891594 0.0007502784329714902 0.007430930361294804 184.32895607890018 -0.0007533969889437719 0.9999996293011282 0.0004168819777292869 0.4555992676065991 -0.0074306148291003165 -0.00042246879094540076 0.9999723033581391 0.9700786741250547
0.9999463576192837 0.0014175361292623218 0.010260237582514058 185.77913909660103 -0.0014544828297726787 0.9999924823779389 0.0035943938717741047 0.46316292119583524 -0.010255065266749616 -0.0036091243993227463 0.9999409021824465 0.9778498659402923
0.9999161085006707 0.0017692603104344238 0.012831433233622649 187.1443620799718 -0.0018412319142798574 0.9999826283387468 0.00559936476480644 0.4647674144030214 -0.012821303596469106 -0.0056225206700767265 0.9999019959153005 0.9891329912796109
0.9999076904187241 0.0020144281713261963 0.013436990758182601 188.5985030701581 -0.0020602285267968413 0.9999921127952387 0.003395556763160179 0.4733446435128743 -0.01343004467268407 -0.003422926592411487 0.9999039541244111 0.9774224878346137
0.9998991037824407 0.0017854351709228992 0.01409235524396963 190.01645946820602 -0.0018244888333765771 0.9999945298512256 0.0027588961784127813 0.46531611385478006 -0.01408735232642 -0.0027843291610023394 0.9998968916921158 0.9776217186354007
0.9998862679735456 0.0022146989478019825 0.014917983325689133 191.37067488976012 -0.0022034367942508925 0.9999972749528133 -0.0007713321212735321 0.4774744199343201 -0.01491965094191803 0.0007383735627524657 0.9998884231854339 0.9767175815106761
0.9998824586283426 0.0024430118088673903 0.015136070184913334 192.82481933084952 -0.002411393400900335 0.9999948731843467 -0.0021068428723067883 0.47758009153290054 -0.015141139627088254 0.002070096211346246 0.9998832234778563 0.97628701657258
0.9998697491473229 0.002725379606557883 0.01590776684735851 194.18070973172073 -0.0026470227768700663 0.9999842716049159 -0.0049446752375186635 0.467697933287883 -0.015920992760770015 0.004901922968178669 0.9998612369427697 0.9695822884166867
0.999841961119794 0.0032071576808025332 0.01748619237384042 195.63448998533906 -0.003033602764826712 0.9999459679066567 -0.009942762266340293 0.46773702058694905 -0.017517135564632743 0.00988814476179399 0.9997976668080298 0.9601227352216722
0.9998283477460024 0.0035174506290054455 0.018190727983550772 197.05070565165047 -0.003275453154420799 0.999905972445267 -0.013316068298034417 0.45656437734296995 -0.01823585616669047 0.01325419968754174 0.9997458575760695 0.9628490397137185
0.9998880597142176 0.003544948339315092 0.014536209347995883 198.46166802877622 -0.0033792873295050655 0.9999292483318601 -0.011405207040019228 0.45530501454805444 -0.014575611756692143 0.011354808309815046 0.9998292953650465 0.9591529901895112
0.9999492675110593 0.0037473263478117946 0.009349863600015341 199.90048497967535 -0.0036959219741247943 0.9999779946983063 -0.005509108813177232 0.4764945621281254 -0.009370302282054608 0.005474272956040928 0.9999411131515424 0.9541227656678256
0.9999514335609176 0.004825491886920251 0.008593319935569239 201.351443809158 -0.004866761846489447 0.9999766938767611 0.004788144988614257 0.47755431601983067 -0.008570014503799833 -0.004829734087059456 0.9999516130893799 0.9481891989746216
0.9999047883121981 0.006046559234923715 0.012403766837419174 202.7823377953575 -0.006183930080124167 0.9999196410726513 0.011066634804875427 0.49536907716527906 -0.012335855021142086 -0.01114228515875013 0.9998618285354924 0.9418809422413328
0.9998696824499173 0.006916906182013436 0.014586792874752105 204.20036616014335 -0.007104975449994436 0.9998917943148318 0.012880954379275748 0.4888622776945646 -0.014496118147858443 -0.012982914570127579 0.999810635314462 0.9415305103980542
0.9998665975830466 0.006449630146528136 0.01500630896239778 205.69827192504349 -0.006648658926279875 0.9998900952929535 0.01325113842394959 0.4851679403395714 -0.014919194756552493 -0.013349142520089811 0.9997995889285984 0.9436706125240888
0.9998671702111491 0.005322517749158918 0.015404958252423202 207.12500258594832 -0.005461904204548231 0.9999443996183066 0.009020270197984038 0.4799227756550408 -0.015356091182633418 -0.009103212443648062 0.9998406482969157 0.9414122940660624
0.9998770721288752 0.004333382101888649 0.015068590861355735 208.55705495945563 -0.004437233751040419 0.99996658848501 0.006865338323003508 0.47308906716793675 -0.01503833726269398 -0.006931357241529537 0.9998628929504103 0.9347075256729794
0.9998871036977015 0.0038938397383103253 0.014512679666911487 210.0463988926591 -0.003999586268876258 0.999965613820197 0.007264605073533932 0.48032431826744126 -0.01448389342338058 -0.00732182964080385 0.9998682951479216 0.9301645049625448
0.9998866232575326 0.0037836340665830855 0.014574798245569015 211.50743966126768 -0.0039034917709962107 0.9999587279116803 0.008203976185234612 0.4825408644730547 -0.014543155869432691 -0.00825993865015496 0.9998601252329513 0.9283180863143405
0.9998767216154011 0.0033831169697606496 0.015332843546019853 212.94026567955598 -0.0035305522810632323 0.9999476976787126 0.009598807615143291 0.4794589237270184 -0.015299567713778202 -0.009651757695403006 0.9998363700131941 0.9206371465351624
0.9998758759779446 0.003197781736142184 0.015427469958037003 214.38210475167443 -0.0033394394103626207 0.9999524228137018 0.009165165215774936 0.49954067491488324 -0.015397427764488965 -0.009215546699785604 0.9998389834954734 0.9260850682663803
0.9998858971638259 0.0028586404879486593 0.014833099050822444 215.8587114041411 -0.0030026525559681805 0.999948487783247 0.009695661794107706 0.4926308544471451 -0.014804618553646927 -0.009739094134376295 0.9998429743289308 0.9245272117664509
0.999894748073792 0.002516368758127773 0.014288480070366467 217.3358771764685 -0.002647993783256113 0.9999541680999837 0.00920053413631004 0.4959329255387575 -0.014264673265517797 -0.00923740156876856 0.9998555843264993 0.9156012950658943
0.9998938514493754 0.001945948752006416 0.014439498508915474 218.7911523847188 -0.0020720523078637384 0.999959803450891 0.008723421443952812 0.491762907703001 -0.014421942759832466 -0.008752414861619841 0.9998576912746744 0.9165527301427758
0.9998992892058083 0.0018165619296856114 0.014075210423825622 220.27821704271156 -0.001962138169518345 0.9999446586523713 0.010335842800499064 0.500603997891673 -0.014055655784170005 -0.010362419377178576 0.9998475177771501 0.9142585209608826
0.999899078866709 0.00185610067772024 0.014084991011035972 221.76557643127057 -0.0019751994447941143 0.9999623766745288 0.00844652724975965 0.5154988254458199 -0.014068783481882246 -0.008473495483082159 0.9998651255072546 0.9074318060257641
0.9999024626854265 0.0012328380437524418 0.013912053262444669 223.2500636702455 -0.0013851007096846492 0.9999391934277658 0.010940335600568705 0.510011180238171 -0.01389771965623324 -0.010958538104460677 0.9998433696489515 0.9124451287798907
0.9999005941531967 0.0008940026947488319 0.014071338645133486 224.73638954507015 -0.0010323076332360314 0.9999512041288418 0.00982464768985401 0.5136538886021482 -0.014061868760396246 -0.009838197012724077 0.9998527260184392 0.9033214016533528
