1.0 -2.1684043449710093e-19 -2.5135375298442207e-37 0.0 2.1684043449710093e-19 1.0 2.3183291766350204e-18 -8.673617379884035e-19 -2.51353752984422e-37 -2.3183291766350204e-18 1.0 0.0
0.9999996051914599 -0.0005752610969017927 0.0006772677421528302 1.3273295959154128 0.0005753946731389207 0.999999815046159 -0.00019704978524805178 -0.005147312860110633 -0.0006771542618139539 0.00019743940370223732 0.9999997512398627 0.01419092852461359
0.9999989964575571 -0.000256753136105596 0.0013932557934933718 2.6196409972641304 0.00025829910646080786 0.999999351097314 -0.0011095433847212802 0.02032841627822153 -0.0013929700106622728 0.0011099021479739318 0.9999984138746277 0.022673697798380337
0.9999993227608226 -0.0008135858848409478 0.0008321994377205927 3.9466004929209526 0.0008154597174902545 0.9999971276846683 -0.0022538074147064025 0.014169055977151854 -0.0008303633814816335 0.0022544845134581026 0.999997113893952 0.05656655771680532
0.9999995092628841 -0.00022523092343915257 0.0009647512747028941 5.249277602457016 0.00022866764989991695 0.9999936239812197 -0.0035636649692096863 0.014463267343946856 -0.0009639424758788055 0.003563883827793742 0.9999931847502587 0.06965646766364637
0.9999967191615868 -0.0004159774033195639 0.0025275737105412846 6.575796798354167 0.00042483633276474355 0.999993765861863 -0.0035053889227691826 0.023664752744771735 -0.0025260997907159033 0.0035064512273005307 0.9999906617662175 0.07156349286587615
0.9999942888106866 -0.0004810857852466437 0.00334528062744072 7.91491998755657 0.0004965897712075073 0.9999891336397074 -0.004635299462456873 0.019959266308553422 -0.0033430142997343927 0.004636934221525524 0.9999836614147338 0.08967616099983189
0.9999917890510549 -0.00019065107763553988 0.00404789854578947 9.235352827992674 0.00021050452098682663 0.9999879493857003 -0.004904770252373615 0.03762806451326903 -0.004046914666391201 0.00490558208049987 0.999979778668616 0.1092725055778141
0.9999958264048168 -0.0009574272742072256 0.002725895442291194 10.570294777090924 0.000967690558717848 0.9999924393276759 -0.0037662796586331333 0.030069377734820126 -0.0027222688938214976 0.003768901762990048 0.9999891922573817 0.12369073375916216
0.999999411396941 -0.000515900914819366 0.0009544904491342197 11.879699125306415 0.0005174108798793695 0.9999986141640974 -0.0015823892902824222 0.05175672782195376 -0.0009536727702846296 0.0015828822226263686 0.9999982924946005 0.12471285480474772
0.9999997308476178 -0.0007063850842877647 -0.00019830482756232282 13.230840063620564 0.0007067302431239602 0.9999982261704061 0.0017459061843838482 0.05639943580544645 0.00019707119371613655 -0.0017460458624880355 0.9999984562422037 0.14340482772424903
0.9999998195941419 -0.0005962111490265557 -7.310232121492475e-05 14.56685221541441 0.0005964284994871384 0.9999952915776819 0.003010165362886282 0.07290933275474243 7.130728286855768e-05 -0.003010208420142568 0.9999954667699943 0.15102661389472005
0.9999993518156395 -0.00032260558266220495 0.0010919221305610185 15.922395940759872 0.0003156572381678345 0.9999797403831892 0.006357608330003386 0.08242355117911745 -0.0010939510085767048 -0.006357259535977068 0.9999791940447478 0.17053091373899493
0.9999923290262731 -0.000291854232906114 0.00390598383466038 17.282488980250953 0.0002800371589016034 0.9999953837053372 0.0030255821266318506 0.07957689219086238 -0.0039068488324387135 -0.003024465096855075 0.9999877944970521 0.18921710929649227
0.9999820722489483 0.00030820869723936306 0.005979982282402667 18.620214083952884 -0.00030362562628088357 0.9999996595350215 -0.0007672948066008808 0.07972917003038005 -0.0059802167333608686 0.0007654653748649618 0.9999818253701322 0.20134456977780235
0.9999910898382867 -0.00011101913615140477 0.004219942983875864 19.960868713675488 0.0001254102197427833 0.9999941775786877 -0.0034101438387224986 0.0800015627028157 -0.0042195398223667715 0.0034106426777663398 0.9999852813917873 0.23192937168860836
0.9999971054953946 3.02732340384605e-05 0.002405843794595712 21.325381507240827 -2.1405852842959003e-05 0.9999932075263952 -0.0036857079186174194 0.09152622436567359 -0.0024059390312636576 0.0036856457511806446 0.999990313689475 0.22692445588963694
0.9999996485674045 0.00047363070756945675 0.0006917651481000322 22.664756255616812 -0.00047216817527072444 0.9999976564818828 -0.002112838838281878 0.08382758036779317 -0.0006927642322898306 0.002112511466273747 0.9999975286834579 0.2617954963073469
0.9999968997151188 0.001039491819802514 0.0022627454357703283 24.041596491571035 -0.0010405010720087285 0.9999993597112403 0.0004448984474727698 0.10634175986621869 -0.0022622815186630688 -0.0004472514572124413 0.999997341020697 0.2609967704528366
0.9999746646028335 0.0018054914713821393 0.006885517627428951 25.426897831619357 -0.001807143753619738 0.9999983397946386 0.00023375076596612247 0.1127267428910219 -0.006885084161041287 -0.00024618796396847555 0.9999762672221686 0.2636284860368388
0.9999693531347665 0.0021616004889380277 0.007524644480828268 26.796851827909002 -0.002150696123076324 0.999996625904708 -0.001456943851346707 0.10278312516167613 -0.007527768422502176 0.001440715976872397 0.9999706280886711 0.27640823553972044
0.9999727173543244 0.0020491472951365687 0.0070968684904887235 28.165063608081205 -0.002016741449722827 0.9999875221686438 -0.004570367703055365 0.10926410727916043 -0.007106145293577037 0.004555930462484714 0.9999643724636831 0.312014801672813
0.9999897209620673 0.0018834285819915465 0.004124398984498189 29.536619561769683 -0.001860503021305377 0.9999828383188939 -0.00555532143051803 0.11141652626406445 -0.004134791254042452 0.00554759087038659 0.9999760635819341 0.30111487638025525
0.9999935587944848 0.002737759238767363 0.002321000622956018 30.921113295088812 -0.0027253485693256013 0.9999820628288795 -0.005333525632698123 0.11337701072350533 -0.002335560899846795 0.005327165742636226 0.9999830830871259 0.32306014952876866
0.9999944931327834 0.002972330055177935 0.0014761294491562236 32.310231009361466 -0.002969028354012517 0.9999930972442277 -0.002233905667124965 0.12246707886532811 -0.0014827591647499755 0.002229510695114344 0.999996415347235 0.3182927051381802
0.999993332137112 0.003640979175261157 -0.00028098391590168783 33.689780767178874 -0.003641297751955466 0.9999927186734607 -0.0011417314668441417 0.1272144717897226 0.000276824849471524 0.0011427470000365744 0.9999993087484094 0.34909748447695627
0.9999922849870072 0.003927997559099412 2.8313248416104444e-05 35.084307481844256 -0.003927978167680538 0.9999920708362652 -0.0006551733451838303 0.13848172776159348 -3.088654321639097e-05 0.0006550570766913251 0.9999997849731008 0.35695262124804406
0.9999929144273059 0.003348845588310214 0.0017193976876626075 36.479675464629224 -0.0033476510856565132 0.9999941536037777 -0.0006971301690279225 0.12853424945117625 -0.0017217222166734894 0.0006913692859256537 0.9999982788390783 0.3792708867443701
0.9999910671173443 0.0029339560113400293 0.003042628409533861 37.87680763238931 -0.0029364170762194875 0.9999953649376035 0.0008047099250756994 0.13683905714928987 -0.003040253323239273 -0.0008136371627147127 0.9999950474148849 0.39385910337292107
0.9999892825482432 0.0028162621116716454 0.003674704936198467 39.27283273255948 -0.0028245432946961443 0.9999934789776932 0.002250323813647516 0.14031358621826584 -0.003668343471670239 -0.002260679059098132 0.9999907162500888 0.3985214987232628
0.999988773889815 0.003163196699900339 0.00352792870992057 40.664852419547294 -0.003184222756703516 0.9999771079788615 0.005970280032628457 0.14108713013564914 -0.003508962778405276 -0.005981446720489132 0.9999759544485806 0.42932675315254326
0.9999861240005495 0.003274109536388536 0.004126985958478301 42.092883274410475 -0.003304526103508323 0.9999672702570137 0.007385020106117224 0.15220491222070295 -0.004102671518532712 -0.007398555364410893 0.9999642140921499 0.4338531022052611
0.9999861254640172 0.003036264468973252 0.0043046460408920125 43.47678396666111 -0.003073976560286721 0.999956717825452 0.00878140899035663 0.16142166885474268 -0.004277797046345762 -0.008794519533411647 0.9999521772957979 0.44597336619805616
0.9999863314591444 0.0025332087441298856 0.004573811139620049 44.90038677390093 -0.0025649709260968994 0.9999725456397658 0.00695189836482147 0.1578607767613457 -0.00455607495883531 -0.00696353503510923 0.9999653750809495 0.4470828570066432
0.9999915161418972 0.0015399304552187938 0.0038205049958013604 46.304919329460766 -0.0015657707695218087 0.9999758585241851 0.00676983978512001 0.1507653558604792 -0.0038099876807103457 -0.006775764385807132 0.999969786048989 0.468894230281632
0.9999896347259533 0.0006046734766751645 0.00451273870737893 47.74130643418772 -0.0006313419218477298 0.9999823334881808 0.005910509192131429 0.1539909372033957 -0.004509085054885094 -0.0059132970092122105 0.9999723501529673 0.48012257991747453
0.9999861103395667 -0.00023950784487908376 0.0052651461457421155 49.138897055551666 0.00020460552100769075 0.9999780104741351 0.006628476806266061 0.16234652457159154 -0.005266617939869461 -0.006627307461003702 0.9999641701237564 0.49861385897763993
0.9999848225264574 -0.0013238820793275935 0.005348088721193522 50.558693829738054 0.0012816669540441515 0.9999680581966099 0.007889227865917297 0.17041406852164864 -0.005358362300986497 -0.007882253658788838 0.9999545779837752 0.511890785939294
0.9999797099479831 -0.002535866372615577 0.005843720911167406 52.015856446979 0.0024862562542237376 0.9999609434785307 0.008481158374012435 0.1821232955325948 -0.005864999760077663 -0.008466457303204535 0.9999469590326016 0.5292831519524543
0.9999662858870878 -0.0036433230516987256 0.007358891650497148 53.414462873060984 0.003586022930053287 0.9999632683111342 0.007784758702727287 0.19698799166411574 -0.007386983736812204 -0.00775810709229493 0.9999426204766034 0.527580040760432
0.9999572703366224 -0.004539090788513711 0.008053207792231997 54.87414151107178 0.00448298595586905 0.9999656520497733 0.006971194846748737 0.18851529159408797 -0.008084574067365395 -0.006934794552507325 0.9999432725343292 0.5460521917516722
0.9999535370688158 -0.004854310584335761 0.0083282274413618 56.276270571009995 0.0048254250067335715 0.9999822849034198 0.003484989647044693 0.20508258052357017 -0.008344997128138285 -0.0034446404872532327 0.9999592469070151 0.5361924083930971
0.9999525445066638 -0.005370455556171698 0.00812815734146227 57.70237905209476 0.005345871150028289 0.9999810797897882 0.0030433080843436868 0.21772455637113794 -0.008144347505827444 -0.0029997115808225567 0.9999623349577403 0.5623863917564639
0.999950768397272 -0.00521675255611449 0.008440750824032003 59.15372353892273 0.005215223054413772 0.9999863799853465 0.0002032050560157979 0.2293362967643552 -0.00844169593137748 -0.0001591746536111541 0.9999643555813535 0.5550192772276
0.9999452651896205 -0.005073337299405166 0.009150293629495154 60.5556426457732 0.005067095101950693 0.9999869135063595 0.0007052398544838199 0.23166577580689363 -0.009153751803894545 -0.0006588358452826872 0.9999578864948472 0.5875676240902968
0.9999384851637279 -0.00429901026204971 0.010224695557134133 61.999922991307244 0.004302201242838593 0.999990703406793 -0.0002901111056895681 0.25177304016811186 -0.010223353311678379 0.0003340819574859496 0.9999476843496914 0.599486740317909
0.9999440299644992 -0.004039702994995359 0.009778432290963195 63.4203645459383 0.004052217308673031 0.9999909955323475 -0.0012603130992053357 0.25441801558843535 -0.009773252950784446 0.0012998668920175594 0.9999513957552252 0.616347635200708
0.9999583245733037 -0.003342566012995305 0.008495667660644005 64.80087641278645 0.003379161682013269 0.9999850589741927 -0.004296870338650493 0.26878574371293174 -0.008481178153898017 0.004325399499367638 0.9999546792411607 0.6110235973445699
0.9999547998739766 -0.0026635833770822246 0.009127076891790185 66.25785771269175 0.0027022525651318884 0.9999874148803928 -0.004227045292371894 0.27473562337372015 -0.009115702938860899 0.004251517896334967 0.9999494129982315 0.6162498562589797
0.9999567413375628 -0.0020664484301241635 0.009068916387748182 67.6151446879109 0.0020806058256999014 0.9999966312856629 -0.0015519332214956295 0.2857196536582383 -0.009065678847190308 0.0015707349272094098 0.9999576722335941 0.6328042280137741
0.9999444241415211 -0.0015717948936849458 0.010424878373095171 69.10840363123306 0.0015612419116504672 0.9999982607041605 0.0010203491299375644 0.301205394600583 -0.010426464020699801 -0.0010040166661187853 0.9999451388944092 0.6400984616029735
0.9999339528224037 -0.0008274266010573589 0.011463217619092664 70.488692877775 0.0007792105036454422 0.999990834385185 0.004209985345872086 0.3155349060118524 -0.011466596005520665 -0.004200775028647899 0.9999254325524503 0.6479405410613158
0.9999208364997965 -8.580326983835399e-05 0.012582264158171846 71.92737297025923 -1.709174356584998e-05 0.9999665639796863 0.008177446455474437 0.3390858335469878 -0.01258254510897667 -0.008177014153022766 0.9998874016598678 0.6568343758826489
0.9999284408558403 0.0002869535226389062 0.011959549543528975 73.30051572962029 -0.0004297732516614994 0.9999286108804386 0.011941040058078825 0.3470471590364919 -0.011955269238308072 -0.01194532546196762 0.9998571801697717 0.654904058241752
0.9999341497572748 0.0009814191828065788 0.011433851738745135 74.68953996017801 -0.0011582825837895177 0.9998796295968184 0.015472061878930049 0.3592467362381471 -0.01141729086307587 -0.015484286671234481 0.9998149240412603 0.6583866411705814
0.9999308204304594 0.0016362273751943832 0.011648051907718974 76.1596475046346 -0.0018519203428882139 0.9998265734548129 0.018530877061036056 0.37730288284947266 -0.01161571109798483 -0.018551166367220685 0.9997604360456078 0.6794355019181818
0.9999222839400405 0.0018516835738992606 0.012328720455722425 77.53078240176802 -0.002084125799081701 0.999819818002429 0.01886764291700053 0.3775221898659206 -0.01229156213777561 -0.018891871202503737 0.9997459750870125 0.684668763375363
0.999920155117451 0.002008912973599717 0.012475883077249072 78.92836154250777 -0.0022305684263120257 0.9998394656196271 0.017778288836499637 0.3773635091503987 -0.012438165233997614 -0.01780469764199804 0.9997641145727769 0.6981785762596929
0.9999343438248572 0.002021722812303421 0.011279214353061935 80.29207033240999 -0.0022066224670740293 0.9998629994773228 0.016404666820716996 0.3849977779940613 -0.0112445034056605 -0.016428478720841466 0.9998018134760902 0.6944570868953727
0.9999299201989607 0.0018169708850455987 0.011698431848029862 81.68026434724314 -0.0020037168694617222 0.9998704404895372 0.015971454347227743 0.39007026607999123 -0.011667896537385704 -0.015993775416124928 0.9998040104632164 0.7039756716201124
0.9999296931379462 0.0013308026861203485 0.011782942979719971 83.10542069137642 -0.0015105866886391528 0.9998823838797489 0.015262258509367865 0.383776082842852 -0.011761246061061024 -0.015278984624682376 0.9998140955797382 0.7045684474609055
0.9999341295602352 0.0011671565079270966 0.011418155993895998 84.43767978677131 -0.0013434953516955625 0.9998797658638574 0.015448263212343388 0.3989781562683276 -0.011398752600829272 -0.015462585867954721 0.999815471413311 0.7125895168854378
0.9999283812727776 0.00014226798293061097 0.01196712517790451 85.88126076645449 -0.0003297474182049106 0.9998772311598888 0.01566569100532962 0.39890378709138513 -0.01196342726156641 -0.01566851517710951 0.9998056681377145 0.7165463629782454
0.9999200714053575 -0.0007598371208736711 0.01262035848359292 87.20288479943471 0.0005779472997177363 0.9998960062353434 0.014409812334972566 0.4078280388042699 -0.01262999515531983 -0.014401366676816508 0.9998165250985884 0.7218446705740503
0.9999005838177838 -0.0019835357315293573 0.013960231619021369 88.57464652660191 0.0018035851102152995 0.999915280515369 0.012891038461703572 0.4141097803462993 -0.013984618750798586 -0.012864578417991683 0.9998194502311516 0.7258092774209811
0.9998845538502602 -0.003147593324264151 0.014865114460751314 90.00860794358367 0.002978686171778327 0.9999309097127851 0.011371157797347119 0.41413272295024817 -0.014899879206095822 -0.011325566530075189 0.9998248472319623 0.7342003683303306
0.9998788924241249 -0.003946644083980771 0.015054052118273372 91.35799823793619 0.0037940884517419318 0.9999412997032965 0.010148992092947257 0.4253676000200795 -0.015093222900549435 -0.010090646567823441 0.999835173153214 0.7438354705671868
0.9998909511092742 -0.004044765224182897 0.014203019540658947 92.72248643013056 0.003945150702636673 0.9999674742605175 0.007034643343841176 0.4300868545155914 -0.014231011057707197 -0.0069778431712674855 0.9998743861250535 0.7341294246674975
0.9998882748163043 -0.00430347855990078 0.014314955716281708 94.05750991085853 0.0042252767028423495 0.9999760102439296 0.005488713275162153 0.43614741799696144 -0.014338232863887017 -0.005427615398773008 0.9998824711281941 0.7370100016302713
0.9998918686232474 -0.004663644998414947 0.013946378613790037 95.44080091418051 0.0045736244649025115 0.9999685472049462 0.006479703703359939 0.459637125229398 -0.013976158998969139 -0.006415217545652723 0.9998817489900881 0.7433601954524615
0.9999017421085944 -0.004161195825789844 0.013386208481019134 96.79270498750527 0.004066050587273722 0.999966335363781 0.007127087185646556 0.4641100677012966 -0.013415415044627224 -0.0070719578922322154 0.9998850004129229 0.7485528577408187
0.9999047845406085 -0.004036068806629601 0.013195908509360798 98.15728977715612 0.003916470370821983 0.999951137001413 0.00907661111956098 0.4726526532584624 -0.013231897544711518 -0.009024065501170523 0.9998717333384302 0.7576014769605853
0.999906343537833 -0.0038716825038466376 0.013126851389054008 99.48912214785008 0.003737312789948356 0.9999405306426393 0.01024537316190968 0.494466305288588 -0.013165737575654078 -0.010195354466917694 0.9998613494387024 0.7526371912669911
0.999882619555357 -0.00378336546935928 0.014846994875816057 100.82792163126244 0.003633557960215909 0.9999423502848028 0.01010412606088657 0.5018246833659296 -0.014884366552426745 -0.010048992617660507 0.9998387236848266 0.7584505927250311
0.9998593217241118 -0.0038052168521674912 0.016335760958920146 102.2081812870728 0.003631478736068478 0.9999366719605949 0.010651968388944371 0.518087195760427 -0.016375259496828797 -0.010591146919836784 0.999809821157671 0.7581556356882639
0.9998741884085341 -0.0036022678767234613 0.015447686575002305 103.51751097232068 0.0034424106223893917 0.999940383134436 0.010362431474513272 0.532740278453059 -0.01548409388637388 -0.010307950480160878 0.9998269795286665 0.7658622634453579
0.9999076695987846 -0.0033055130496422486 0.01318051065044468 104.84160075374074 0.003171381840996379 0.9999431082591892 0.010184428416471072 0.5378663173069681 -0.013213425549282792 -0.01014168765197735 0.9998612661548718 0.7681077232186433
0.999926917406564 -0.0035901869125177874 0.011544280130846879 106.17725660658196 0.0034832140052230604 0.9999509371658875 0.00927310526507003 0.55420445796698 -0.011577005916906927 -0.009232216364256071 0.9998903635474258 0.7621617677466134
0.9999085640199474 -0.003023779581617417 0.013180301840571281 107.50938279309214 0.0029159890494676382 0.9999622120862217 0.008189713517178905 0.5604138239597075 -0.0132045676729743 -0.008150531066861328 0.999879596869492 0.7672016911592555
0.9998847444043311 -0.002665654034667123 0.0149463104495055 108.84870127122117 0.002592016215530689 0.9999844188808585 0.004944031497665004 0.5702900476412784 -0.014959256646770934 -0.004904720591322261 0.9998760744994837 0.766461802935193
0.9998711165749484 -0.0015290678459392415 0.015981620402462947 110.21857346582811 0.00147659539218857 0.9999934826686603 0.003294584382214767 0.5708913564254235 -0.015986553887992017 -0.003270561377849482 0.9998668578981204 0.7700476220360225
0.9998818710857914 -0.0008723961676621361 0.015345448800976259 111.55083983168257 0.0008185110033548347 0.9999934789280751 0.003517405444786026 0.5779580792667509 -0.015348417303231051 -0.0035044295188049845 0.9998760648500561 0.7742127034050044
0.9999169705492585 -0.0002009983281438114 0.012884549168112805 112.87044572167521 0.0001477529275384444 0.9999914468858129 0.004133318798606773 0.585631844116275 -0.012885269755260727 -0.004131071881557583 0.999908447843323 0.7697668123590776
0.9999426285896169 0.0006742773912873937 0.010690410622930904 114.21671287143633 -0.0007518311969337759 0.9999734200917375 0.007252162428181147 0.6021617226096208 -0.010685236503633991 -0.007259783745608667 0.9999165571490595 0.7844384463378353
0.9999376853723634 0.002450958469874004 0.010891197121496908 115.51986002665979 -0.002559542117320441 0.9999470511773514 0.009967125256006423 0.5970736439879818 -0.010866191435365588 -0.009994380636048 0.9998910131806324 0.7757138464775816
0.9999091660944324 0.0036888329204521828 0.01296348996304285 116.84564613998994 -0.003821076883718757 0.9999407661867772 0.010191343839245024 0.618661701091806 -0.01292512792144181 -0.010239952611511227 0.9998640329758484 0.7773873114427541
0.999871529549688 0.004566874154584147 0.015364506383987559 118.17101899078615 -0.004729621332009633 0.9999329210075503 0.010572803193299443 0.619887795645061 -0.015315191086734846 -0.010644113197661644 0.9998260587603287 0.777496658728135
0.9998534274684426 0.005519629732443344 0.016206704391224323 119.52930362066185 -0.005681130151519761 0.999934498523758 0.009935966095055137 0.6165701497588948 -0.016150799974282863 -0.010026582152324867 0.999819293327816 0.7804149702267923
0.9998559996499143 0.006467238716950323 0.015689320809020465 120.87488854627104 -0.0066419961030348695 0.9999161979141858 0.011112202149256971 0.6112643740932263 -0.015616140747241408 -0.011214810395930036 0.9998151650059853 0.7809426229541542
0.9998551800428962 0.007742590908688698 0.015154907700418293 122.16931069160492 -0.007922124809919408 0.9998987276577525 0.011822620982839174 0.6075056033267371 -0.015061835209680324 -0.011940967901661109 0.9998152601384357 0.783422865478059
0.9998437997273583 0.008874660156995479 0.015284520072817324 123.52365401294482 -0.00908240998999711 0.9998665809677945 0.013576821886825362 0.6131509058430339 -0.015161991146683849 -0.013713521461346698 0.9997910048373095 0.7723529046529004
0.999844432730702 0.01004566298540666 0.014498103069167155 124.87213853180451 -0.010260058683351225 0.9998379801976874 0.014790015213739894 0.6111541081291173 -0.014347178580987717 -0.014936465759747148 0.9997855072251113 0.7734206401060547
0.9998416194273432 0.011182676759748272 0.01384499192469346 126.20007158100745 -0.011399862817728694 0.9998116218657359 0.0157087208245545 0.6065214967783279 -0.013666718283655665 -0.015864063877008668 0.999780752109512 0.7696549272768591
0.9998318780435907 0.012100119544970775 0.01377689205966814 127.52031827506516 -0.01230549989724339 0.999812940934664 0.014921722817997163 0.5956405781422558 -0.013593760337201537 -0.015088745692588583 0.999793748446808 0.7751708283408009
0.999804135291617 0.013115806080741161 0.014821156656423723 128.85456047523968 -0.01334582508367298 0.9997903507181518 0.01552879788363958 0.5905343565611594 -0.014614376709865705 -0.01572355690444491 0.9997695683264493 0.7822875957399125
0.999773034916194 0.013963216063226693 0.016090595129901034 130.25899875516467 -0.014175607387189449 0.9998128876230907 0.013162138807249566 0.5792268908099232 -0.015903798592380586 -0.013387245420499811 0.9997839020760357 0.7683752173280123
0.9997656702356206 0.014315151552545072 0.016238258969109534 131.58597320387744 -0.014507549716623632 0.9998252106497332 0.011793182371021232 0.5594118010161943 -0.016066599501446892 -0.012025996226680715 0.9997985996165507 0.7657171491515953
0.9997520851489311 0.014239839206899488 0.017117103134764833 132.9231895546958 -0.014427854271699115 0.9998363779811352 0.010911200056780037 0.5449814434370149 -0.01695892866542995 -0.011155458077825009 0.9997939540193242 0.7735152354748344
0.9997418695364906 0.014160885319821013 0.01776692496301447 134.27105836223996 -0.014321619795544827 0.9998573622505581 0.008952449932164326 0.5278996386629925 -0.017637616112002426 -0.00920459017637006 0.999802075421716 0.7586210281866822
0.9997534885706708 0.01357425513712825 0.017569908600945434 135.61293712173472 -0.013690838068972304 0.9998849391530324 0.0065321824764536926 0.514010031749901 -0.017479217480843006 -0.006771118992356971 0.9998242990165065 0.7620024366116969
0.999768836755983 0.012509270813140716 0.0174868863812886 136.95184224494227 -0.012609534622255116 0.9999046175262533 0.005635200643034052 0.5033351519020859 -0.01741472618787733 -0.005854399491033021 0.9998312124145758 0.7585700224372556
0.9997602527651808 0.011440450770309356 0.01866957624249131 138.29670504684913 -0.01152415569833495 0.9999239927108402 0.004382081315102868 0.49243335033565266 -0.018618024233054427 -0.004596181826665223 0.9998161052344945 0.7545230462539017
0.9997659468533959 0.010443245541133447 0.018947034989686393 139.64291937917028 -0.010470187103050005 0.9999443104824285 0.001323297339096416 0.47548080600064885 -0.018932160319412295 -0.0015213666185803594 0.99981961310491 0.7419591540360588
0.9997693716248128 0.009175445726477403 0.019416867838230958 140.98275567851996 -0.009188162221288168 0.9999576278702222 0.0005658084071713023 0.46758061112751664 -0.019410853559855452 -0.0007440832472246681 0.9998113147510379 0.737036083093468
0.9997964780511274 0.008016784555542925 0.018513066789476215 142.31900668335473 -0.008017820654455535 0.9999678565926947 -1.8258282395450774e-05 0.4598919166789198 -0.01851261808914625 -0.00013017988284774263 0.9998286183265027 0.7344397097289262
0.999809442182849 0.006933014925342618 0.018248633539674496 143.6792304338335 -0.006934707429590966 0.9999759541931499 2.9468040694548286e-05 0.46211032447984635 -0.018247990434191168 -0.00015601135991650145 0.9998334793882275 0.7180674091197075
0.9998504816551337 0.005903592363158101 0.01625305913380354 145.04104977229707 -0.005884858295620443 0.9999819637772663 -0.0012002345615311852 0.45089666787535465 -0.016259851685600353 0.0011044081545733202 0.9998671899336383 0.7235785704650051
0.999871624347703 0.005130594754398753 0.015179322176960901 146.33533870513338 -0.005074061018911173 0.9999800558368072 -0.00376056290894601 0.4521111008989809 -0.015198313362416475 0.003683059337277959 0.9998777156957023 0.7374760140676399
0.9998155140086791 0.004350188338102485 0.01870865599084513 147.73006508829607 -0.004104797926707848 0.9999053084297469 -0.01313486992678331 0.4333871046775716 -0.018764023596810016 0.013055651474961284 0.9997386965517653 0.7190408985466211
0.9997923503932012 0.0029601180215369704 0.02016169131142288 149.04289766253348 -0.002513244658385796 0.9997514140292081 -0.022153865303511232 0.42069247097224066 -0.020222257453747047 0.022098593799099425 0.9995512555419941 0.7084192119627308
0.9998446327312733 0.0018652970377897548 0.017528008027899313 150.3588048119077 -0.0014500655161611478 0.9997187149743947 -0.023672520777138183 0.4019935173238 -0.017567233944594987 0.02364342608223291 0.999566096211066 0.7053098304872215
0.999898204017693 0.0023794513201654518 0.014068397691524686 151.70519020569665 -0.0020400074592783857 0.9997076299482024 -0.024093422191837084 0.40290340154213145 -0.014121613638604577 0.024062269942027124 0.9996107178264342 0.7046377351879247
0.9999271820692984 0.002767896823302669 0.011746033633850635 153.05436093085396 -0.0025483878665796705 0.9998226035435517 -0.018661917443696188 0.42670156918183005 -0.01179560419111581 0.01863062507189207 0.9997568522051734 0.7112291317150818
0.9999229036339763 0.00369396758969378 0.011855015463677333 154.44289548270456 -0.0034671403824609775 0.9998116185340935 -0.019097287289155513 0.42861513164471926 -0.011923326958783153 0.019054711954855794 0.9997473441957979 0.7138502053606186
0.9998651259957269 0.0044981736911515096 0.015795450325753982 155.73874622105498 -0.004146306395033782 0.9997440842693077 -0.02223902227621039 0.4148963107801725 -0.015891443006462034 0.022170530033526765 0.9996278955877556 0.6987173304012265
0.9998153972723163 0.005232267010022551 0.01848769209870156 157.07597780148544 -0.0046938999930219594 0.9995670942595934 -0.029044644537135768 0.40780780738545125 -0.01863165800609465 0.02895250343871652 0.999407131185572 0.7033372420347364
0.9997973006683595 0.005126211579284541 0.019469964846053577 158.40430804725645 -0.0044981753784202995 0.9994724631805846 -0.03216460417912866 0.3863705071363358 -0.019624576289110712 0.03207050511886984 0.9992929293790153 0.6922188634114258
0.9997871832475573 0.005114259553919738 0.019985809043675758 159.7529927803 -0.004432014119094096 0.9994108847421351 -0.034032935662246015 0.3785290004032285 -0.02014808836498594 0.0339371154955392 0.9992208598338403 0.6980285082119839
0.9997774189217079 0.006247062090504236 0.020151596201919787 161.11087246108198 -0.005593503448781762 0.9994616937408394 -0.03232700827266428 0.37805336184163346 -0.0203426972994318 0.0322070948694511 0.999274175442683 0.6824119850547883
0.9997785034416299 0.007283021465015318 0.019745927538487897 162.46256688124035 -0.006695894585965454 0.9995382445179641 -0.02963887213846358 0.3821641939702672 -0.019952670290182394 0.02950009058099111 0.9993656165808411 0.6747484224447736
0.9998066603940357 0.008150203338717655 0.01789458066742461 163.8243244535349 -0.007668983945767557 0.9996114568002326 -0.0267978006365518 0.382479532182962 -0.018106035374011904 0.0266553863084813 0.9994806960936168 0.6608883595691969
0.9998136284294463 0.00874504419944009 0.017211409259403874 165.16946471826495 -0.008305328933592687 0.9996414514044235 -0.025455650558618554 0.38599672214659264 -0.01742784892204664 0.02530795993373445 0.9995277771257499 0.6421635272213125
0.9997809582005078 0.00901592262972195 0.01888779391059764 166.52111883037318 -0.00858515778758053 0.9997039860697695 -0.022764782054224202 0.3800413086832388 -0.019087448374172148 0.022597640924416216 0.9995624122280782 0.6430671344886016
0.9997819896905414 0.008773915185316061 0.018947071086135275 167.86266336946883 -0.008387738025815479 0.9997574052131065 -0.020366064233590872 0.3678173161178525 -0.019121164745707103 0.020202701152997844 0.9996130410938476 0.641349187455775
0.9998258896615382 0.008294998718775507 0.016714764693804052 169.23584193931197 -0.007996590341914266 0.9998088509247252 -0.017841416857531784 0.37579282048486895 -0.016859564211963763 0.017704649356486236 0.9997011055739343 0.6348119959783445
0.9998803875219843 0.0075605760111859726 0.01349252901666179 170.65342201751727 -0.007365914713868803 0.9998689066740382 -0.014419180520805581 0.3772971618218135 -0.013599777546503922 0.0143180709888814 0.9998050004345062 0.6338108283687038
0.999896008489845 0.0072542680333878545 0.012463859810498922 171.99913358674786 -0.007141482193676031 0.9999333664689104 -0.009069832094880445 0.3775377524192208 -0.012528824292542828 0.008979878476442892 0.9998811881140655 0.6336182445349902
0.9998739038591165 0.007483684044214369 0.014006100622832614 173.35138392541654 -0.0074073459146476355 0.9999574709740541 -0.005494312484262965 0.3824225475624174 -0.01404662265568823 0.005389871640433207 0.9998868144323478 0.6233384013160298
0.9998264361942792 0.00829781633748686 0.016680639408498957 174.73923872576688 -0.008300149294554686 0.9999655506729466 7.063312911443953e-05 0.37823983948145046 -0.01667947867096378 -0.00020907266717891415 0.9998608659608019 0.6292787815586269
0.9998004511017675 0.00815001121009961 0.01823829196984988 176.12902063712454 -0.008158538400843506 0.9999666412716424 0.0003931857992374401 0.38367267750651024 -0.018234479094950913 -0.0005419051448462176 0.9998335912095322 0.6324485773264498
0.9997717322128251 0.00739601333932264 0.020044511838697373 177.5265011879004 -0.007361917741690752 0.9999713266871681 -0.001774252143736416 0.37511397600473717 -0.020057059488661252 0.0016262810917968382 0.9997975142870074 0.6179494456550227
0.9997877394371978 0.005896859078815197 0.01974089977844225 178.93547190513107 -0.005826369684282736 0.9999764512554058 -0.003626341261838564 0.3712983899070638 -0.01976181892842806 0.003510553752591833 0.9997985529720426 0.6099916381701097
0.9998607802078109 0.0037096214989092604 0.016268340743982555 180.29400880709898 -0.0036592855045585156 0.9999884288577859 -0.00312278403555795 0.3651217016867708 -0.01627973684749298 0.0030628187787457945 0.9998627852407074 0.6108424978129399
0.9999263630862413 0.0022057927902585195 0.011933267921606832 181.5393877568339 -0.0021636511347308714 0.9999913821318824 -0.0035432013398226307 0.3756953488070217 -0.011940980650247486 0.0035171210007315084 0.9999225184187907 0.6090722144092694
0.9999383627982193 0.0018632003118667392 0.010945277018634434 182.95328899988135 -0.0018596158420917978 0.9999982139063069 -0.00033765828267452334 0.39329220160315914 -0.010945886594361765 0.0003172834598228853 0.999940041651433 0.5877851872061945
0.9999191816171653 0.0012777706129276198 0.012649013254759225 184.4103653002219 -0.0013482216712333752 0.9999836190400249 0.00556272864157032 0.40562087221399634 -0.012641698160593483 -0.005579332744627144 0.999904524699104 0.5977538836731174
0.9998728487959123 0.001268521427369118 0.01589582002084125 185.85561180229962 -0.001369898351862816 0.9999787837203782 0.006368319057548874 0.41657383482635435 -0.015887404421498046 -0.006389284975760751 0.9998533729593786 0.587107424588417
0.9998273867040179 0.0019051139035459305 0.018481540456057512 187.20102053559992 -0.002037159549905937 0.99997251658537 0.007128538061220061 0.41346153712230466 -0.01846745184324577 -0.00716495742740681 0.9998037890543728 0.5871895023171279
0.9998172637825562 0.001946911341423677 0.01901706019843995 188.6309121165333 -0.002064565000087164 0.9999788398464713 0.006169070486363593 0.42525856894099695 -0.019004647161230546 -0.0062072051306480205 0.9998001270207676 0.5718793551293379
0.9998054086937399 0.0016815796883495472 0.019654949414726876 190.09598670659088 -0.0018485453822569354 0.9999623375393379 0.008479763135424609 0.42771920883819553 -0.019639949763517184 -0.008514446113218395 0.9997708620382331 0.5913600198170498
0.9997870330247025 0.002075495199866926 0.02053243568935789 191.3956704925352 -0.0020971538262906583 0.9999972670388232 0.001033373462624064 0.4218337587217961 -0.020530234813346943 -0.00107621306427238 0.9997886532782561 0.5554173587250397
0.9997798702979205 0.0024470331511316865 0.020838017559992587 192.85846420588555 -0.0024373407019947922 0.9999969093765467 -0.0004905177439272018 0.4270977145449104 -0.020839153470707403 0.00043962041805451423 0.9997827446083036 0.5481974326431724
0.9997598545448166 0.002721688577514328 0.02174455453243454 194.22450353965002 -0.0026698287905816583 0.9999935231815685 -0.0024136298686559306 0.4227677347873765 -0.02175098284574683 0.0023549960086834115 0.9997606457242869 0.5446479667610747
0.999722578836354 0.0033164914447344923 0.02331879605140532 195.6847801439828 -0.0031069641141215046 0.9999545296940066 -0.009015837089901856 0.40864104491631853 -0.023347636685189244 0.008940885243368897 0.9996874253646894 0.5154627881401326
0.9997080043464489 0.0035589338687235838 0.023900628346520486 197.0973693516592 -0.003247811428978313 0.9999096545651669 -0.013043558881311132 0.40236704177129445 -0.023944890197331127 0.012962125484907359 0.999629244038184 0.5006875988788452
0.9997817495341565 0.0037941655195051363 0.0205440406549347 198.52257773516197 -0.0035981167799112165 0.9999477193580857 -0.00957142132607559 0.4156733924704056 -0.0205792821560698 0.00949541250150469 0.9997431321531381 0.49799559905259366
0.9998672126506536 0.004058805001862406 0.01578236890234161 199.9588190903663 -0.004028791688923729 0.9999900160700931 -0.0019330281070128684 0.4228242013773049 -0.0157900571164262 0.0018691875486690438 0.9998735821263446 0.49460518772150625
0.9998828550108287 0.005143163073662852 0.01441610658228171 201.3871214806216 -0.005252512922571436 0.9999576453622244 0.00755768414490373 0.4387155935378694 -0.014376625591292807 -0.007632519586193017 0.9998675198651941 0.4736182684601923
0.9998040634711848 0.006216246568974496 0.0187934282423665 202.82247947065056 -0.006476900225473575 0.9998832383665732 0.013840498439141669 0.4632603686175215 -0.01870519794005202 -0.013959509739540835 0.9997275867244313 0.4672868930830749
0.9997507823259566 0.007212497146961737 0.021127070869924096 204.28333216081634 -0.007510754005877217 0.9998727739215932 0.014072119406887686 0.4513992166539961 -0.02102288783447521 -0.014227292618188975 0.999677759246376 0.4426683610820645
0.999742397818378 0.006383647365486887 0.021780428156329943 205.6781678903309 -0.0067057833370297365 0.9998687364111519 0.014749319218296354 0.44701392626802255 -0.021683414726392892 -0.014891574593692372 0.9996539753994498 0.4505221433265974
0.999744665344412 0.005424727691465679 0.021935734427258057 207.0983801358663 -0.005667703973873976 0.9999231076281887 0.011029776192226809 0.43257044987073207 -0.021874214204269875 -0.011151285157304767 0.9996985383565818 0.43949184254574875
0.9997582110548902 0.004297645962766803 0.021565010259782726 208.58511023393305 -0.004495101682674836 0.9999483431829612 0.009116195835614446 0.42668203361673235 -0.021524718097764576 -0.009210928554145587 0.9997258850834975 0.4291976232008646
0.9997720032447251 0.004043175243899559 0.02096650333213632 210.05217423014787 -0.004247315712774266 0.9999439225970582 0.009701132431039344 0.43475855174629374 -0.020926104206597712 -0.00978797196336709 0.999733111268992 0.41485977418862796
0.999771118065733 0.003563657767862433 0.021095303385059657 211.50738952104663 -0.003790086007271198 0.999935534657919 0.010703353513719094 0.4339897976890626 -0.021055800380219286 -0.010780856723642585 0.9997201740480447 0.4020160186110653
0.9997485240102241 0.0034365410500356583 0.02216030065206169 212.93924698027766 -0.0037123774239708625 0.9999159995147124 0.012418219210324691 0.4398365575982774 -0.022115763455968176 -0.01249736372620664 0.9996773023864522 0.39110024123265213
0.9997516235472804 0.003053621376947621 0.022076381294571353 214.3999161142021 -0.0033158983360441472 0.9999242455695371 0.011853604532679883 0.44917926467208413 -0.022038512490684826 -0.01192386341243466 0.9996860134304768 0.3791620574793804
0.9997684639006954 0.002985087622745925 0.021309806229257846 215.87324885671427 -0.003227008538657924 0.9999306378801446 0.011327216979410791 0.44400173298063106 -0.021274515400718678 -0.011393361246434364 0.9997087507439218 0.36218221550155866
0.9997780927826445 0.002797163531101442 0.02087920180653994 217.37520650868845 -0.0030493558227872954 0.9999226670692484 0.012056587833510667 0.4429873102551582 -0.020843862908875067 -0.012117580505257654 0.9997093065595292 0.3631562249614878
0.9997673782210961 0.0019921269950965033 0.021476053523659014 218.84423357227345 -0.002216939433107425 0.9999429467054061 0.010449330775664595 0.44610360726545734 -0.02145401185013172 -0.01049451114367533 0.9997147546232323 0.3371660941920315
0.9997768805932463 0.0018391779459711003 0.02104296689444526 220.32240687913978 -0.002086021777332748 0.9999292065694693 0.011714536375639946 0.451603563690586 -0.021019932073680903 -0.011755818722434924 0.9997099395233515 0.3344635923565891
0.9997811480961907 0.001715041201523672 0.020849809235093903 221.78724766173355 -0.0019472380994606476 0.9999362588025563 0.01112144755556296 0.4592025355526176 -0.02082940650250841 -0.011159613148501371 0.9997207604421992 0.3207075461917793
0.9997880038117283 0.0011149681977903165 0.020559773346934485 223.25185563458479 -0.0014108837591201154 0.9998955487233414 0.014384055417933802 0.46363984521267715 -0.02054158808801434 -0.014410013503319693 0.9996851477688645 0.32095266849136067
0.9997871662250165 0.0007781989915363435 0.020615932141932566 224.77578715805282 -0.0010329206956703264 0.9999232293885655 0.012347809683448048 0.46849724316033275 -0.020604740391173396 -0.012366476275470278 0.9997112157708048 0.2954983862181432
