1.0 -2.1684043449710093e-19 -2.5135375298442207e-37 0.0 2.1684043449710093e-19 1.0 2.3183291766350204e-18 -8.673617379884035e-19 -2.51353752984422e-37 -2.3183291766350204e-18 1.0 0.0
0.9999996051917989 -0.0005752605321510217 0.000677267721610383 1.3273296131564947 0.0005753941083097035 0.9999998150465057 -0.00019704967556571635 -0.005147294397329037 -0.0006771542414461252 0.00019743929362565135 0.9999997512398984 0.014190926913472833
0.9999992601539638 -0.0006470405596256914 0.0010300631238006621 2.623440015128795 0.0006476885246415298 0.9999995925270339 -0.00062884444906315 0.0025565359774911375 -0.0010296558162135466 0.0006295111438800191 0.9999992717620447 0.02334949003255532
0.9999983865324534 -0.0013303332004357654 0.0012071230532606607 3.9461945310002564 0.0013310064323033728 0.9999989590390047 -0.000557084180507161 0.0020274243918167096 -0.0012063806891118795 0.0005586899702183868 0.9999991162551846 0.04234461964541795
0.9999985941994876 -0.0008635833129860243 0.0014372970848619692 5.279320172421826 0.0008648361681006644 0.9999992464633675 -0.000871281297626511 0.013000389035556727 -0.0014365435778164169 0.0008725230992821107 0.9999985875219977 0.04301812525486972
0.9999977931357295 -0.001191163591171408 0.001730564350120825 6.609836906458676 0.0011932121504741368 0.9999985881374855 -0.0011832023493067736 0.008000341498876518 -0.0017291525192424078 0.0011852646685495255 0.9999978025872011 0.044665623117091435
0.9999967474933951 -0.0008686532023628613 0.0023980083913875756 7.943066977960599 0.0008741740284179276 0.9999969679180314 -0.002302167350958461 0.022704755649917287 -0.002396001335387786 0.0023042561397996256 0.9999944747753575 0.06369782393350688
0.9999967051155134 -0.0008573013915610714 0.0024196678368933995 9.264881023014711 0.0008631309300304756 0.9999967253368087 -0.0024092157762811454 0.027271826302346622 -0.0024175944892586222 0.002411296328343882 0.9999941704264592 0.059628969725748084
0.9999966503591559 -0.0012337765086073843 0.0022753166801738546 10.576212668436414 0.0012391285319670689 0.9999964656102039 -0.0023523026125911247 0.03293103962350993 -0.0022724064226132476 0.00235511414303988 0.9999946447888727 0.06278623838941524
0.9999974436091644 -0.0012969608425499068 0.0018522061734394068 11.906138899547644 0.001300445561504994 0.9999973845375801 -0.0018814248166792785 0.058794464358796796 -0.0018497611947483313 0.0018838287003193606 0.9999965147804017 0.050493624849423144
0.999998032492155 -0.0010981886335002225 0.0016519665686728503 13.233324844987884 0.0010991529806139684 0.9999992260084426 -0.0005829624694753311 0.059080110750508924 -0.0016513250873069383 0.0005847770864699306 0.9999984655794304 0.06680031768761753
0.9999981817239485 -0.0011513626702203041 0.0015201686743667678 14.569263025197095 0.001151403142290493 0.9999993368036891 -2.5748511704671753e-05 0.06710828414440607 -0.0015201380203213207 2.749879187524703e-05 0.9999988442114399 0.06346065283967187
0.9999980038802898 -0.0005396935023619104 0.0019237895829270451 15.921589808776506 0.0005400188691743121 0.999999839974687 -0.00016861263705424158 0.09353213579831181 -0.0019236982759273805 0.00016965118315833495 0.9999981352999711 0.07619356375937039
0.9999897889983069 -0.0004442221178452661 0.004497173093356032 17.25616624224106 0.00044941931831204003 0.9999992323276746 -0.001154714829645292 0.08768005922602215 -0.004496656691133574 0.0011567241553161588 0.9999892209758215 0.08779244950875885
0.9999804286257832 -0.00041560627789747907 0.006242566524825599 18.612714467606168 0.00045468510250699706 0.999980302992179 -0.006259943220777106 0.08062615453356058 -0.0062398418932421 0.0062626591070860035 0.9999609209734428 0.11500891051028442
0.999984111949631 -0.0002129827607715713 0.005632982038976155 19.95302843114587 0.00025499360276997853 0.9999721536489811 -0.007458344647510406 0.08420479264948572 -0.005631236682147202 0.007459662523339434 0.9999563203502779 0.12452590872730718
0.9999930072868563 -0.0006536917947973978 0.003682127703807117 21.354176389665813 0.0006830890307760798 0.9999678607342596 -0.007988171751058891 0.07673118270670201 -0.0036767875605972548 0.00799063111310968 0.999961314775551 0.10904267816908939
0.9999965509027856 -0.00010287909209475503 0.002624423446204089 22.688698312365055 0.00011825369476564623 0.9999828301161582 -0.0058587958611261695 0.0943472937297272 -0.002623775637559405 0.005859086001338829 0.9999793932439971 0.15480609043613322
0.9999942912262106 0.0006689381098568569 0.003312104586753341 24.045867389425055 -0.0006551426424692846 0.9999911138199347 -0.004164501084714147 0.10584111935953204 -0.003314860948279693 0.004162307409568409 0.9999858433467554 0.12718518098774725
0.9999668494052876 0.0015711369922694412 0.007989469257377882 25.415061392698274 -0.001537849718078113 0.9999901195419709 -0.004170831653201377 0.1152483058385965 -0.007995943265661082 0.004158406784606576 0.999959385447382 0.13077762333264623
0.9999559984951899 0.0011116170191574322 0.009314793668708781 26.811835446130722 -0.0010683544586010966 0.9999886264116028 -0.004648189560140323 0.08839673690448992 -0.009319854732702908 0.0046380335314581194 0.9999458130082461 0.1521253689026652
0.9999570696460861 0.0013316309008340993 0.00916982136993318 28.188191460902544 -0.001242918287247503 0.9999524398613764 -0.009673322563202877 0.08906653844846066 -0.009182266547196567 0.009661509945370232 0.9999111666576345 0.19144575979812992
0.999977190606914 0.0013538205629310318 0.006617056429166148 29.53508621078107 -0.0012911068382423921 0.9999542995785651 -0.009472686919439552 0.10149253914241868 -0.006629578345236422 0.009463927526395294 0.9999332391548645 0.17299605642846094
0.9999888696524156 0.0018571411053930425 0.004337233934082103 30.931160050383703 -0.0018142191832359387 0.9999495536727351 -0.009879206367570798 0.1083361734959927 -0.004355362216793516 0.009871227715564675 0.9999417931476552 0.19723273158276858
0.9999921481563796 0.002518202525790154 0.003059784572219474 32.30810908113322 -0.0024932356204020296 0.9999637916059249 -0.008136292352389607 0.12749764160772947 -0.0030801626142862525 0.008128599703608193 0.9999622185188438 0.16306272076517145
0.9999928579902688 0.003294562274903787 0.0018519794465946147 33.6834374703373 -0.0032816070612688574 0.9999704264416448 -0.006955379012703835 0.1241905551510143 -0.00187483960627529 0.0069492518684899736 0.9999740961019535 0.21155422046863367
0.9999903769764198 0.003565078411956617 0.0025565935293599307 35.079029645026615 -0.0035481477704740264 0.9999719474905675 -0.006596580881081539 0.1394810046840211 -0.0025800391385877026 0.006587446230396965 0.9999749741619561 0.2168916253717041
0.9999902945712619 0.0028425144544235227 0.00336613648820621 36.47529136032365 -0.0028205741758708337 0.9999748653379572 -0.006504848472694663 0.12708096582172773 -0.0033845420073106585 0.006495290902700267 0.9999731776760264 0.235629607951919
0.9999871419865035 0.002626410833841207 0.004337952027918043 37.88602507000382 -0.002600414279620375 0.9999786928704681 -0.005987624791545003 0.14382290025003816 -0.0043535855612337705 0.005976267330186914 0.9999726648871754 0.21826279875705015
0.9999872213780193 0.002394126685071268 0.004452554107935036 39.27536179834654 -0.0023712505847364902 0.9999839994671879 -0.005135949792566581 0.14210690136009033 -0.004464778979148504 0.0051253260406736575 0.9999768981239737 0.20110869011016752
0.9999837490662608 0.0027789396087818355 0.004977860789174566 40.6712137270821 -0.002763047839180907 0.9999910738510088 -0.0031965270129490748 0.15362659760926578 -0.0049866993115743295 0.00318272099890312 0.9999825014054091 0.23029031302124192
0.9999839130293261 0.0025704056273048413 0.005056352189905426 42.09450075493043 -0.0025782645650626493 0.9999954775464376 0.0015483663988193866 0.15723795300149365 -0.005052349393082796 -0.0015613781039742463 0.9999860178342629 0.2487154031051165
0.9999829692301905 0.002414546661722953 0.005313305373326694 43.48862635511693 -0.002421917787414078 0.9999961131560632 0.0013812990252143548 0.16839825305712078 -0.005309949510387747 -0.001394143889422241 0.9999849302859581 0.2440209310957877
0.9999843484235119 0.0020028251420043017 0.005224136240064631 44.9199661049672 -0.002009759752470908 0.9999971059177787 0.0013225058806407832 0.17176517684000975 -0.005221472372956621 -0.001332984440095543 0.9999854795839492 0.2565562381177652
0.9999901565719728 0.0010654434139597156 0.004307155615143416 46.32160583657859 -0.001069739106051931 0.9999989326590578 0.0009951577715521427 0.16892068623336065 -0.004306090733646332 -0.0009997555085856128 0.9999902289880219 0.27359603304874514
0.9999880198550813 6.316312757222751e-05 0.00489450270535685 47.75168033619519 -6.530463244645019e-05 0.9999999022195982 0.00043737409503015706 0.17443866627454635 -0.004894474600854648 -0.0004376884889252964 0.9999879262006958 0.2864402247390054
0.9999853854974619 -0.0012331836439754195 0.005263843614000659 49.15114259656905 0.0012301551352582442 0.9999990760041182 0.0005785406233979148 0.15979444104197227 -0.005264552197064988 -0.0005720568240615465 0.9999859785222762 0.2948975398330985
0.9999818945421558 -0.0022407013957603536 0.005584786937383315 50.58005389166018 0.002230682371186791 0.9999958927954693 0.0017995689348504367 0.16509698130748757 -0.005588796296145187 -0.0017870784670628935 0.9999827857050905 0.31224326624658616
0.999979663340073 -0.003273391432769402 0.005473373256226232 52.03090141225307 0.003266001879402163 0.9999937438558771 0.0013584847552190365 0.17697302686518263 -0.0054777858663735855 -0.0013405810808350491 0.9999840982257507 0.30795557095613424
0.9999695915292798 -0.004177664326073976 0.006585069289231918 53.442457706353096 0.004162253991073525 0.9999885714195643 0.00235216325386477 0.19369867739055507 -0.006594820579752643 -0.002324682997246734 0.9999755517963842 0.32954293008210733
0.9999605576870505 -0.005122001982561183 0.007255905587422362 54.899492171116506 0.005113243701292429 0.9999861768477823 0.001225092734027892 0.20591706305112287 -0.007262080215347462 -0.0011879431999948244 0.9999729251244253 0.34092047856809155
0.9999519671977866 -0.005303617981151219 0.00824226507622557 56.286146978712004 0.005327195176775373 0.9999817741019421 -0.0028412066945147805 0.21738615990760757 -0.008227046178629328 0.0028849783781553485 0.9999619955832983 0.33615920987750886
0.9999493468791 -0.005850885570128302 0.008189677289530076 57.72209325031391 0.005873658558534386 0.9999789426754858 -0.0027594094939527463 0.23752396945532342 -0.00817335984764748 0.0028073730893533196 0.9999626567253089 0.3587619600702959
0.9999477546607007 -0.005226946198072943 0.008784473943580997 59.149061310690634 0.005253038877397584 0.9999818517478946 -0.002949874133603395 0.2755048516383608 -0.008768895687345827 0.002995865199571512 0.9999570647083456 0.3787810559992718
0.999943157332452 -0.0055284782837297 0.009116909118415409 60.5745707038422 0.005560389006257016 0.999978490671725 -0.00347854394794865 0.25169311768325137 -0.009097481965149095 0.0035290397794645475 0.9999523897166949 0.3783869404147274
0.9999389508592111 -0.004856203283539102 0.00992531330734991 62.03190934210097 0.0049271725565124425 0.9999623821871828 -0.00713842987867219 0.2768096756890694 -0.009890274272155641 0.007186897815004277 0.9999252626944767 0.3662221473001474
0.999942939625234 -0.0046499973767311275 0.009617433027681093 63.44479788045953 0.004733507103352699 0.9999511358145482 -0.008678703457172874 0.27230774372434374 -0.009576607131340778 0.008723732434653672 0.9999160890236043 0.38931037009733976
0.9999521784662856 -0.00421559401217291 0.008824372366035158 64.85395649837497 0.004291439457676923 0.9999538641846191 -0.008593779705654288 0.2794434345825945 -0.008787737360151737 0.008631237997689197 0.9999241358236716 0.4066246517533806
0.9999596502715928 -0.0032143006763673044 0.0083884503858416 66.29510419030711 0.003291563224538264 0.9999521411260638 -0.00921309225719693 0.30167407995489437 -0.00835843527537832 0.009240331626227461 0.999922373402648 0.4020551771855991
0.9999614907903374 -0.0027033495656854276 0.008349181845652292 67.66887903230268 0.002767351567014857 0.9999668045989492 -0.0076636457036875 0.3059908304205885 -0.008328187177927849 0.007686455704212174 0.999935777786272 0.4154998702501356
0.9999533800468007 -0.0018642170783579337 0.009474303545032411 69.13328289043037 0.0019133771038933167 0.9999847409399246 -0.005182361948966963 0.34011932447563153 -0.009464497928413949 0.005200248262973841 0.9999416886483764 0.42370455559519954
0.9999456253989946 -0.0011316969776156225 0.010366557160620436 70.50287625050305 0.0011540239510498742 0.9999970271116368 -0.002148021556831428 0.34728220836592044 -0.010364095432499568 0.002159868014269608 0.9999439586776985 0.4297227076737652
0.9999354218549011 -5.2205758423727364e-05 0.011364391511193677 71.93620450506111 3.82156388357941e-05 0.999999241265956 0.0012312623917377786 0.368755773363313 -0.011364447167629929 -0.0012307485816148095 0.9999346651649311 0.4411097310043704
0.9999341876694956 0.00025940887504566443 0.011469657221622666 73.31665565580732 -0.0003170068062535029 0.9999873483042656 0.00502023287188916 0.3692757483890158 -0.011468209818047559 -0.005023538438068835 0.9999216190407778 0.4526910056569824
0.9999405962565169 0.000873971146773765 0.010864627586627465 74.71242986066525 -0.0009643743675843671 0.9999649362880227 0.008318423923416725 0.38394522345057996 -0.01085697656995933 -0.00832840734625369 0.9999063774628274 0.450420922071606
0.99993898695452 0.0016792826595715135 0.010917984159979277 76.16286383698949 -0.0017743680840615885 0.9999605346150413 0.008705218567221172 0.39809094516606086 -0.010902934754943716 -0.008724059957960573 0.9999025036430199 0.44236625665632745
0.999933690701832 0.0020134152201845418 0.011338446038319693 77.52845362484157 -0.0021210546185068627 0.9999527260232324 0.009489301660907277 0.4004356088807779 -0.011318804120492102 -0.009512721895310309 0.9998906904234204 0.4504781226283285
0.9999280647396765 0.002088880400663116 0.011811093287111104 78.9427827494487 -0.0021954362230488748 0.999956945729816 0.0090159162866733 0.3986374593668644 -0.011791751598284302 -0.009041198226424497 0.9998895995703099 0.4741529068669294
0.9999457319860532 0.0013365595593980556 0.010331829045257397 80.32038898095475 -0.0014211043771110892 0.9999655339109943 0.00817994208105934 0.3856481557154921 -0.01032053996773417 -0.008194180779328179 0.9999131671580939 0.46041105533183757
0.9999424586161887 0.0013413558979123543 0.01064331813707279 81.71235650820788 -0.0014259002070626785 0.9999674625974619 0.007939808246610527 0.40364521652205076 -0.010632321722526341 -0.007954527688592308 0.9999118357255504 0.48806021687851125
0.9999426476103963 0.0011863033063028217 0.010643973617788889 83.08615903099461 -0.0012795135289912498 0.9999608595238718 0.008754556836792358 0.4254489475523725 -0.01063317144787289 -0.008767673850284034 0.9999050272701979 0.474454967787954
0.9999520159037528 0.00115626064312977 0.009727741328073683 84.46820355632109 -0.0012355856568176634 0.9999660047753796 0.008152461079349279 0.4435585816760604 -0.009717984261431485 -0.008164089348530397 0.9999194509694287 0.4778470198906393
0.9999521261894623 0.0002722579405870436 0.009781165819450047 85.8531812034839 -0.0003535849427061934 0.9999653765361787 0.008313886368416764 0.4451094838587238 -0.009778563640028225 -0.008316946823951798 0.9999176006495063 0.4709021658847677
0.9999435196532388 -0.0008241235604689695 0.010596146651015733 87.2139090214879 0.0007392768209349597 0.9999676562118118 0.008008745222414727 0.45299677991988335 -0.01060240412712043 -0.008000459400097118 0.9999117869472849 0.4808500550272249
0.9999301253765803 -0.0017800810786700147 0.01168655961905119 88.57515184566662 0.0016906665844333192 0.9999692595088346 0.007656479860426462 0.4634567672789394 -0.01169982952339723 -0.007636186790944576 0.9999023965569925 0.4876185874619106
0.9999230882609418 -0.003541728437972137 0.011885862289819518 89.94566917656569 0.0034658838122502596 0.999973541483406 0.006395622138219987 0.4413888310024973 -0.011908199364340347 -0.006353935222094056 0.9999089069985788 0.4903432220308407
0.9999113938377087 -0.004081732147013909 0.012670593364591394 91.31539902861763 0.004016338652891027 0.9999785066467511 0.005182206900425763 0.46036760216688055 -0.012691473411550282 -0.005130858331074844 0.999906296007496 0.5029531687868989
0.9999161299030408 -0.004293923957363364 0.012218648729448561 92.69555026706503 0.004239729188296908 0.9999810758851937 0.0044578658459459896 0.47919059568823313 -0.012237559239291847 -0.0044056882026454695 0.9999154124501362 0.5119662255457474
0.9999167387303801 -0.00446239055829366 0.012107959254391929 94.04228075000168 0.004414221494518059 0.9999822487246752 0.004002109960903125 0.4839040672651533 -0.01212560330037637 -0.003948329526151135 0.9999186869133683 0.5218577118363931
0.9999193252358834 -0.004844465393276729 0.011741983429934323 95.41875262942074 0.004806662749572813 0.9999831811276091 0.0032455284807352373 0.5062319411776386 -0.011757508793421214 -0.0031888268941318537 0.9999257934316985 0.510867151066262
0.999924698916634 -0.0043821569138714645 0.011462687174527501 96.78581533349318 0.0043478269271892845 0.9999859935153894 0.0030181408268377258 0.5209190955242309 -0.011475752589267361 -0.0029680757776083555 0.9999297463465562 0.5195789261828483
0.9999338134156305 -0.004189529714693815 0.01071525215964952 98.13478910517492 0.00414146146951014 0.9999812799436136 0.004504226818095454 0.5247245709464787 -0.010733922161621029 -0.004459551894751864 0.9999324453741494 0.5303086345985828
0.9999334827855493 -0.0039098986299071796 0.010850930700425646 99.46656722142286 0.0038431478548197387 0.9999736070390772 0.006165666210833824 0.553062650009804 -0.010874751442105896 -0.006123554356848108 0.9999221178987447 0.5251404361502963
0.9999219468822128 -0.0038711422915120993 0.01187915824644058 100.83711913307383 0.003796151208190223 0.9999727667827625 0.006328896335968296 0.5468507193517699 -0.01190333479700822 -0.006283307264947615 0.9999094112320999 0.5249129183040371
0.9999028020752696 -0.0037545723357194994 0.013427195857663391 102.13801311531768 0.0036662312969657305 0.9999715132497969 0.006597835780626345 0.5843441360660203 -0.013451585412186629 -0.006547967278996901 0.9998880832245236 0.5317667230940463
0.999916288525917 -0.004235545565363737 0.012226041645557942 103.50439789763149 0.004150856790169721 0.9999672750856762 0.006944000693775942 0.5538099644730106 -0.012255053180736978 -0.00689267085326047 0.9999011474941141 0.5363283116161538
0.999942766526164 -0.0036152112031397317 0.010069454799449071 104.82431443138938 0.0035457010715198092 0.9999698229997982 0.006912386972930404 0.5653223614689408 -0.010094140672334533 -0.006876288076339418 0.9999254097113335 0.5381485537960881
0.9999554986255944 -0.003869640318620493 0.008603874257766883 106.1204353742339 0.0038217700271955058 0.9999771659181779 0.005573303877252214 0.5811565661438082 -0.008625244477589434 -0.0055401738288136035 0.999947454435306 0.5354412268395933
0.9999463172920017 -0.0028364029106851037 0.00996580918399469 107.53093843628722 0.0027882681550203377 0.9999843971072385 0.004840568434421181 0.6216404964841349 -0.009979383490939474 -0.004812521231212628 0.9999386238887564 0.5440469137595155
0.9999243703853756 -0.0034585957440967765 0.011802187292577173 108.82950420444381 0.0034444800879749834 0.9999933282606432 0.001216137790247641 0.576575218921134 -0.011806314680445303 -0.001175393415091401 0.9999296122147728 0.5438300200096279
0.9999145144302964 -0.0023921934603886893 0.012854619483777942 110.17561926144445 0.0023882838153633083 0.999997097010508 0.00031948548307132 0.6095156296785199 -0.01285534643803595 -0.0002887576920070269 0.9999173249258928 0.5535031835891473
0.999922640455192 -0.0015866493539551116 0.0123367600667519 111.50324262820844 0.0015822705725352488 0.9999986817096372 0.0003646900371103316 0.6160996701110482 -0.012337322438531768 -0.00034514173244101515 0.9999238327753932 0.5368360454516912
0.9999562700210337 0.0001375310800720931 0.009350889306552904 112.85683611699112 -0.00014877145848568357 0.9999992672760466 0.0012013802158137316 0.6335965912085784 -0.009350717227813665 -0.0012027188249224376 0.9999555577898217 0.5626928776661108
0.9999691591621954 0.0007845322370125728 0.007814424714657323 114.18681889557979 -0.0008181997306326803 0.9999903939238335 0.004306113010242572 0.6271135126794272 -0.007810971364225564 -0.004312373966306237 0.9999601952863534 0.5717821308812054
0.9999732400192012 0.0019173548424024959 0.007059957217231209 115.48294078648007 -0.0019694628832122945 0.9999708187777836 0.007381247106058392 0.6373136542246766 -0.007045598729169045 -0.007394953907723967 0.9999478357370698 0.5639901999834951
0.9999491209749545 0.00399444600580077 0.00926282152061172 116.86260980185408 -0.0040660505141753385 0.9999618996439362 0.007724408955144551 0.6678226437671715 -0.009231613869315583 -0.007761679044954457 0.9999272641766355 0.5840230573892332
0.9999274166603053 0.003784701470244823 0.011438419726056219 118.14143466175523 -0.0038776083038205237 0.999959586166803 0.008111115025579594 0.6551419460155493 -0.011407259306706736 -0.008154880005074729 0.9999016813503278 0.5797414494194293
0.9999136632140336 0.004801907318998453 0.012231426899250377 119.52902648156876 -0.004901092663112384 0.9999552481557847 0.008092031661491386 0.6553195609674481 -0.01219202233427837 -0.008151280378121108 0.9998924498262789 0.5833401123788271
0.9999127288429637 0.006127588165971168 0.011704159990621927 120.8428481955227 -0.006220633586177126 0.9999492082677753 0.007929981238044387 0.6685535948084668 -0.011654973856871155 -0.008002096470142118 0.9999000590241397 0.5905054329753037
0.9999057783122902 0.00722232680522843 0.011673580993501237 122.16447203483779 -0.007335890749938211 0.999925899759921 0.009714921318128296 0.6587104790536386 -0.011602551641700433 -0.009799642076674612 0.9998846672544642 0.5897898488020643
0.9999009646556236 0.008514541459454225 0.011205510451937397 123.52708004488792 -0.008641829003396396 0.9998981248249784 0.011360403292487171 0.6603523300045862 -0.011107640263768898 -0.011456114316256259 0.9998726807811801 0.587486039735214
0.9998909625104014 0.009812740863086863 0.011035089794697757 124.86626916134907 -0.00995501976496514 0.9998670650959401 0.01291316064757985 0.6706533828549127 -0.010906909346936493 -0.013021607165974435 0.9998557281304703 0.5871639407311819
0.9998848743874922 0.011132114142183536 0.010310868335613321 126.20603510521762 -0.01126628282075106 0.999851412501271 0.013046983966268445 0.6715913751390593 -0.01016409575475387 -0.013161647083044497 0.9998617215413087 0.5939432227743338
0.9998818938474913 0.011924052513538123 0.009696150143664333 127.54550366036862 -0.01204254506164266 0.9998523798887109 0.012255428973282226 0.6600354332648869 -0.009548584418247696 -0.012370747856748378 0.9998778871107573 0.5992072226544028
0.9998654423398544 0.012685902736112522 0.010400244530642973 128.83701332301564 -0.012807842755436932 0.9998490170028568 0.011743183655773315 0.6403970609413778 -0.010249701384883268 -0.011874808217024501 0.9998769587060848 0.5922365010139649
0.9998500175803712 0.013287310372178831 0.01110809288784195 130.21329831662243 -0.013422337536982973 0.9998358417873316 0.01217088051299184 0.6213855481922391 -0.010944551136288498 -0.012318151667016261 0.9998642307533225 0.6075671426554616
0.9998522234056513 0.013401388741430282 0.010767271268831714 131.53603918754007 -0.013525166438312744 0.9998423243809934 0.011506356905132863 0.5840929812880672 -0.010611372370786062 -0.011650285670893474 0.999875827100643 0.5997913203093984
0.9998403940260905 0.013814096044589661 0.011329484728934868 132.8953065686769 -0.013923467088628468 0.999856667842098 0.009632280930725323 0.5936110920228318 -0.011194799595535241 -0.009788489268900847 0.9998894248564931 0.614461922258147
0.99983643666838 0.013618849128306862 0.011900708327546135 134.22438680219165 -0.013735984963307094 0.9998574635814328 0.00981708905896631 0.5868521018577788 -0.0117653145884295 -0.009978951293812892 0.9998809918703881 0.6185735455499839
0.9998417674728528 0.013125367418714277 0.01200686249131663 135.55740322390437 -0.013218972223039421 0.9998825906051341 0.007750082459703708 0.5656159437729184 -0.011903730093048343 -0.00790757452632908 0.9998978805232974 0.6275397784205982
0.999865327810774 0.011930914558218575 0.011268518964710279 136.89943671742606 -0.012024843118071962 0.9998932106920045 0.00830483955416664 0.5516801957198239 -0.011168231276227425 -0.008439223295966369 0.9999020202601461 0.62593774868953
0.9998494820997779 0.011722420929336152 0.012790543083132109 138.2431263131335 -0.011808890053943795 0.9999077859734921 0.0067059425350122475 0.5889640079051697 -0.01271075373452984 -0.006855975287621806 0.9998957107330523 0.6466432272070498
0.9998671089585046 0.010055563725217202 0.012831603996771192 139.5936487584919 -0.010136539237980241 0.9999290209896202 0.006261274232651449 0.5310330522007841 -0.01276773258017043 -0.006390510222797079 0.9998980679968601 0.6463609873806594
0.9998757595849689 0.008909963547136987 0.013002997499424128 140.95639927248052 -0.008974518945593294 0.9999476501169764 0.004914777231178569 0.5438534997173573 -0.012958526308053978 -0.005030862264623666 0.999903378842575 0.6509535170530445
0.9998946895610881 0.0073658705727069436 0.012504148841141028 142.2859667216108 -0.007430941809576279 0.9999590484587689 0.005165511519327726 0.5235424144938952 -0.012465588287681004 -0.0052578851394592205 0.9999084776880843 0.6474242664185342
0.9999069111566491 0.0063353446918024 0.012084387812586996 143.63322481346628 -0.006396613394346956 0.9999668495118953 0.005038175695399482 0.5136338584175482 -0.012052068629584347 -0.005115005854395877 0.9999142885051984 0.648838939658297
0.9999307722141819 0.006145172647552891 0.010034322711653042 144.97599692287952 -0.006176078479623068 0.9999762705932225 0.0030519346460625217 0.5138070162787609 -0.010015329937818578 -0.0031136961319415467 0.9999449975186809 0.6502727756149501
0.999948524991268 0.0047029416236787115 0.008990534348508276 146.28881159172172 -0.004706192618368191 0.999988867850238 0.00034048001099509003 0.5104881334519659 -0.00898883300691773 -0.00038277367116968633 0.9999595263636875 0.6829331169884651
0.9999166225421822 0.004347543533942544 0.012159228143902199 147.69786887745485 -0.00423363173615428 0.9999470591858098 -0.009378442726443583 0.51961040667727 -0.012199357612498136 0.009326183081573599 0.9998820920403422 0.6759753557387859
0.9999049566827533 0.0027812432631194634 0.013503417610841477 149.0067231749347 -0.0025652038265363544 0.999868862555021 -0.015989916267971485 0.5014960874242389 -0.013546118654055648 0.01595375751476023 0.9997809661573731 0.683538258682257
0.9999420864453891 0.0014005007855477291 0.010670630383993282 150.3064432349935 -0.001220212116665753 0.9998567172811904 -0.016883601217509574 0.4561176805688488 -0.010692746963828449 0.016869602995661422 0.9998005209326191 0.6975858525392893
0.999968489246179 0.0013758885489489662 0.007818404275508502 151.70855729722564 -0.001251552876172757 0.9998730318453638 -0.015885647728629586 0.4828348103067563 -0.007839268467947899 0.015875362013536627 0.9998432470896759 0.7082154583243481
0.9999857992123617 0.0017843049872864098 0.0050217157751535025 153.02248931413442 -0.0017309556618847759 0.9999422343946591 -0.010608094377079276 0.4534718516014981 -0.005040353768404528 0.010599251366430402 0.9999311229801583 0.7190405318834479
0.999979093816445 0.0031892104765844035 0.005625021473500344 154.3989765762567 -0.003121543334442485 0.9999231526300573 -0.011997699845317702 0.4828050794619162 -0.005662852395435837 0.011979890270915798 0.9999122033117929 0.7274505936702
0.9999714387005005 0.003470956408086185 0.006713735537260191 155.71870104096803 -0.003364130459218826 0.999868595740336 -0.0158579279384718 0.47495329332448355 -0.006767895500409345 0.015834889133226473 0.9998517149440881 0.6650576983164201
0.9999452154346283 0.0038796837840940402 0.009721840521742513 157.0389237903538 -0.003644690907316316 0.9997035384430869 -0.024073874897104785 0.46991386304929456 -0.009812357391823982 0.02403712291657976 0.999662910367444 0.6901316995121117
0.999928522570909 0.004441122940484432 0.011100728633134018 158.3979712044031 -0.004124598904990053 0.9995888145780363 -0.02837586041601426 0.4787606502980747 -0.011222184859996443 0.028328046129298665 0.9995356843902394 0.6860261632833051
0.9999322808588472 0.0037250003701293204 0.011025337576054783 159.7349093204067 -0.00341036796324089 0.9995902603370866 -0.028419726064662542 0.4462375511751912 -0.011126683548062708 0.028380201047168353 0.9995352725650773 0.702878921153166
0.9999294983673916 0.004969454626246657 0.010784378306336637 161.11367460002373 -0.004673548046821924 0.9996165702722031 -0.02729231367788017 0.45145394100405817 -0.010915871169565695 0.02723998821503845 0.9995693206569788 0.696130541662733
0.9999289805568511 0.006086086097115958 0.01024662864336196 162.45005802038744 -0.005821093415796344 0.9996528649354983 -0.02569561242108699 0.4532963840977605 -0.010399457388779782 0.02563414095047149 0.9996172978213963 0.6939431452645439
0.9999244630348376 0.007896510775748773 0.00941877603833532 163.7832975684747 -0.007662683834004475 0.9996677958747892 -0.024608558822108564 0.49668952219770757 -0.009609968831995374 0.024534526863373058 0.9996527924687845 0.6876386482668442
0.9999272949602387 0.008398787162373935 0.008652465989588406 165.13695926319568 -0.008192910127763004 0.9996888333504743 -0.023560829739341437 0.5008389460957438 -0.008847656025085948 0.023488227872042203 0.9996849614425001 0.6837162461486704
0.9999143989986374 0.008829235604635593 0.009656048561990534 166.49479601628403 -0.00859542302969527 0.9996751677163263 -0.023993285608175492 0.5019431272364425 -0.009864754337248774 0.023908233936715866 0.9996654855359831 0.6824887872871808
0.9999178652133573 0.008297698669155959 0.009767856671661598 167.81463755393207 -0.00805265300382424 0.9996583981607037 -0.024864467948777978 0.46976178130088386 -0.009970837816464424 0.024783768550640038 0.9996431099195683 0.6780066627889743
0.9999382064040359 0.007456280156322949 0.008245438721505812 169.15740888781158 -0.007260243045237832 0.9996961818826384 -0.023554889093320708 0.452694260630398 -0.008418565459967541 0.023493569662888347 0.9996885414668366 0.6742489965119229
0.9999571128941979 0.006516276886666744 0.006581071936753809 170.6003704926183 -0.006378081298618812 0.9997631865465115 -0.02080603050352332 0.4382492147866098 -0.006715091306054201 0.020763163581247118 0.9997618709407005 0.6938112160715489
0.9999664591504427 0.006704574642885279 0.004704173995935375 171.9107411747305 -0.0066339181125818795 0.9998673071445652 -0.014878146186646894 0.45915089818885246 -0.004803301427311525 0.014846440055907585 0.9998782483447997 0.6958379613709625
0.9999593822933052 0.007147704797752746 0.005490362439389866 173.26902038867726 -0.007070808261583762 0.9998783932659295 -0.013899724834372447 0.4736445460201598 -0.005589045904230834 0.013860338959330459 0.9998883205487565 0.6862185818816978
0.9999383520035963 0.00782014130589826 0.00788273951666443 174.6952449902729 -0.007766763200047659 0.9999468562257265 -0.006779536391263747 0.4742946040908071 -0.007935337530703062 0.006717895075235089 0.999945948691244 0.7195689056170949
0.9999054193641456 0.008108791813404475 0.011108547229008605 176.05800569701535 -0.008044309773024736 0.99995060710604 -0.005837159286641102 0.47583076325445295 -0.011155330855150327 0.005747246609365767 0.999921260775029 0.7300013339842195
0.9999023166655846 0.006850847790523792 0.012182898314775812 177.4764518974996 -0.006744641933917973 0.9999390816109769 -0.008737440825506891 0.4581076059236776 -0.0122420150294111 0.008654418036302302 0.9998876107425637 0.7254638346809499
0.9999142983867445 0.005645680977904425 0.011811950221717755 178.87717591347257 -0.0055285078874937246 0.999935421974256 -0.009929122907103306 0.45767211563790494 -0.01186724408961616 0.009862969505284506 0.9998809380872581 0.7232406655799207
0.9999615656592628 0.0037488292887909048 0.007925495772472157 180.21710361001755 -0.00364014652489465 0.9998997534187036 -0.013683290777181853 0.4543776608686223 -0.00797599758984843 0.013653914903027484 0.9998749692187857 0.7068372137246384
0.9999896962175628 0.0017550228237129951 0.004186568235993336 181.634543176853 -0.0017067397976078132 0.9999323165040029 -0.011508668480841693 0.46673125461565207 -0.004206482850273316 0.011501404515401752 0.9999250087862607 0.719751516670086
0.9999910160815392 0.0003856526970914854 0.00422125907852701 183.02613566928812 -0.0003531145068179944 0.999970244415561 -0.007706204878423685 0.46075654611182415 -0.0042241053911917644 0.0077046450586897505 0.9999613969439839 0.741802083106968
0.9999855250782721 0.0005724333340791589 0.005349948972675755 184.35538060951174 -0.0005494453499018346 0.9999906154328013 -0.004297342915622021 0.49053472328495035 -0.005352358708052983 0.004294341207334431 0.999976455167748 0.7450592293042915
0.9999710552580278 0.0014915683285021044 0.0074608223452754426 185.8076811999846 -0.0014758958913410549 0.9999966938819435 -0.002105696203283479 0.5076520935155396 -0.007463938468682235 0.002094623857404786 0.9999699506352336 0.7387136785363547
0.9999523372601793 0.001521591822167848 0.009644063782007231 187.17528553452186 -0.0015343077685173053 0.9999979632407824 0.0013112642594964783 0.5130678836092195 -0.009642048930397478 -0.001325998723030052 0.9999526351881924 0.7525267710208732
0.9999483579091051 0.0018164316814222928 0.009999104501443716 188.63075452321124 -0.0018042059493086362 0.9999976140384679 -0.0012315674011995994 0.5140915668042979 -0.010001317702010367 0.0012134633566546601 0.9999492492876353 0.7404593464713937
0.9999428839574652 0.0012544869979699243 0.010613909986379393 190.0335926915519 -0.0012297182182359773 0.9999965065127415 -0.0023398195264075165 0.4923895392837761 -0.010616808179993569 0.002326633766698955 0.9999409333352569 0.7450216224480051
0.9999340828379161 0.0019030086203464368 0.011322920881392425 191.40466357911689 -0.0018384226386447973 0.9999819982912481 -0.005711680632162174 0.5194483695118397 -0.01133358642694817 0.0056904878203002385 0.9999195808499151 0.7473241672198578
0.9999297225160151 0.0025763865980859236 0.011572046540785724 192.8563550837839 -0.002486143322180249 0.999966442068633 -0.00780601229697582 0.5378855360550987 -0.011591769512308558 0.0077766939438403005 0.9999025722093514 0.7491568462507768
0.9999243204240402 0.002387242743429414 0.012068740473028812 194.20874722423724 -0.0022722181426523126 0.9999519541703304 -0.009535532268804651 0.5092793624720421 -0.012090924250593162 0.009507387812704219 0.9998817025667313 0.7505302464070275
0.9999144087219605 0.0028671155668064355 0.012765378119694033 195.65394829184433 -0.0027163419421615057 0.9999265363376774 -0.011812849537207955 0.5020846718409848 -0.0127983091330629 0.011777163328324701 0.9998487394137537 0.7480781768429157
0.9999062448733337 0.0032708380771739338 0.013296731988787443 197.07694371241976 -0.0030732029293396583 0.9998849088981293 -0.014856795803091079 0.49368752607009125 -0.013343795826669122 0.014814539346620118 0.9998012165110041 0.7509777675801174
0.9999306580271207 0.0037887652280111043 0.01115008499952022 198.49091467143427 -0.0036580185124250016 0.999924589916496 -0.011723198407006473 0.516136084815177 -0.01119366061716487 0.011681598279957116 0.9998691125460439 0.781626422824561
0.9999779485725723 0.0039588329264880675 0.005331979974680534 199.9426603973621 -0.003921125178494758 0.9999673619415375 -0.007063981102513092 0.5383206800735182 -0.005359771070187118 0.007042917970716509 0.999960834313291 0.7649154729629922
0.9999715324503302 0.005599977158204612 0.005057128114439457 201.39528370774397 -0.00561963733185285 0.9999766753390413 0.0038818106774684198 0.5458360107094824 -0.0050352721075144664 -0.003910119397774017 0.9999796782940633 0.7680312016102232
0.9999497463349087 0.005969139898822091 0.008054450547375502 202.84296696554634 -0.006056127249524321 0.9999231323305217 0.01081909206244872 0.553926975374074 -0.007989250746434005 -0.010867327140859528 0.9999090323991099 0.7686142676802659
0.9999212678927636 0.006766794186129764 0.010567332310978577 204.25553139572128 -0.006888110688771371 0.999910303665636 0.011486450906818574 0.5113135614149024 -0.010488658010790752 -0.011558335508977063 0.9998781890477432 0.7674615291721063
0.9999185189929943 0.006780712468075646 0.010815605081642903 205.7189955033252 -0.006883215615619565 0.9999314826593619 0.00946843859562493 0.5371846348109945 -0.010750661265506755 -0.009542113239503727 0.9998966803411634 0.7612662393329654
0.9999217099210059 0.005533808234860734 0.011222789095030557 207.15958638678455 -0.005608768590566984 0.9999620999339138 0.006658859561135029 0.5323412584553423 -0.011185514898707992 -0.006721284265468741 0.9999148506719328 0.7784998564587982
0.9999321022914914 0.0045170444208713825 0.010741839536049647 208.57905938660707 -0.004573739058333398 0.9999757104087207 0.005259230323988693 0.5299123363044914 -0.010717822444164677 -0.0053080036053455544 0.9999284741319155 0.775218774114859
0.9999387167699565 0.004061917604450511 0.010298714960001586 210.11789009955444 -0.004117603843312275 0.9999769872984041 0.00539167990488158 0.5433728713252861 -0.01027657739922419 -0.0054337555136221285 0.9999324308461927 0.7714067073371054
0.9999389890001072 0.0042379446282606575 0.010200887352144907 211.58071833207154 -0.00430763864676384 0.999967466043571 0.00681990496183879 0.5564661489559246 -0.010171653097321985 -0.006863430609207279 0.999924712562671 0.7787769672320284
0.9999365525729802 0.0037641792320018963 0.010617051529166827 213.02398091133665 -0.0038440345928125634 0.9999644029486443 0.007511074065029916 0.5466673147335537 -0.010588400564432686 -0.007551409820058126 0.9999154274153472 0.7674311972035144
0.9999402688898014 0.002923305871541489 0.010531521037962009 214.46760000278928 -0.003004591697584268 0.9999657574041982 0.007710800722292231 0.5441382821569198 -0.010508619382318165 -0.007741983068278163 0.9999148116798992 0.7807375662814693
0.9999449259528249 0.002816919558556344 0.010109897398096205 215.91224664008985 -0.0029010168489807344 0.9999612357341188 0.008313310431830371 0.5563169844368587 -0.01008608756859366 -0.00834218156687281 0.9999143357529503 0.7905802882242711
0.9999518318737477 0.002696047700289338 0.009437439225451006 217.41023839511274 -0.0027689026378049956 0.9999664035330251 0.007715243574229828 0.5601057017768183 -0.009416321496140264 -0.007741003295768752 0.9999257021186405 0.7849736500022421
0.9999537202545649 0.0019125342771006584 0.009428656409825938 218.88589256989854 -0.001991830717076843 0.9999626688109879 0.008407948311025802 0.5447212587535827 -0.009412223937526446 -0.00842633948077619 0.9999202002377513 0.7970215551003945
0.9999574136025048 0.0019802230111913752 0.009013861448623574 220.352399997782 -0.0020651102566986252 0.9999535184749319 0.009417866490446812 0.5558768522506207 -0.008994792994655977 -0.009436080035170909 0.9999150234357683 0.7933330487153453
0.9999538098156489 0.002031635715192718 0.009394183918253876 221.83781267111607 -0.0021088070920591527 0.9999640556365331 0.00821220844748053 0.56824485533512 -0.009377162034310136 -0.008231639645729334 0.9999221514402634 0.8054486893542446
0.9999597992537148 0.0014162714163552614 0.008854041548672241 223.33082341172462 -0.0015048007980812167 0.9999488654718958 0.010000100800823829 0.5690253672114091 -0.008839425944510955 -0.010013022358097395 0.9999107979876144 0.8102496957749353
0.9999600568110226 0.0007752345272483436 0.008904144760946793 224.82559253484655 -0.0008566171441566703 0.9999578653084203 0.009139683522722814 0.5533355229773653 -0.008896684189318571 -0.009146945897672953 0.9999185878816238 0.8068472406978544
