1.0 8.809142651444726e-20 8.673617379884037e-19 -5.551115123125783e-17 -8.809142651444726e-20 1.0 1.7347234759768075e-18 0.0 -8.673617379884037e-19 -1.7347234759768075e-18 1.0 -5.204170427930421e-18
0.9999993011580781 -0.0003480319849955573 0.0011298482609536818 1.3160940844717768 0.0003481171165631284 0.9999999365833229 -7.515200288644408e-05 -0.058402083065748844 -0.0011298220340017183 7.554526988583102e-05 0.9999993588973364 0.018140396604628333
0.9999976844684006 0.0012037922336848642 0.001783799903291163 2.5652097675998258 -0.0012028053760217308 0.9999991230587825 -0.0005542029350592417 -0.11574037075546209 -0.001784465484192614 0.0005520560876714074 0.9999982554569841 0.031373844761168695
0.9999988791674563 -0.0006459952027976831 0.0013506865029021785 3.9298313603828636 0.000648005117805337 0.9999986827314917 -0.0014881614995393528 -0.028133606055771657 -0.001349723378495693 0.001489035083325945 0.999997980508622 0.05346470800767675
0.9999991821397581 -0.00015761162307957577 0.0012692038414659195 5.252204506456913 0.00016015730215659075 0.9999979754008724 -0.002005877312929647 -0.02890163448457331 -0.0012688851222579403 0.0020060789446654788 0.9999971827849389 0.05945457792886193
0.9999988158885776 -0.00014192562995428047 0.0015323441382957546 6.560908911673101 0.000145477425179503 0.9999973028040355 -0.002318020917238947 -0.025122181854536598 -0.0015320110186844021 0.00231824109392363 0.9999961393427822 0.06651414418848287
0.9999972771962375 -0.00016965291544345214 0.002327405851870463 7.90348016103665 0.00017758671827258483 0.999994173308503 -0.003409077881355037 -0.02554865282928472 -0.0023268139307930304 0.0034094819154722776 0.99999148064871 0.09822111551599853
0.9999965485658836 -3.2939647969296835e-05 0.002627122246868981 9.21896674649455 4.259931331615879e-05 0.9999932391677008 -0.003676928635158522 -0.008969802020861124 -0.00262698336860119 0.0036770278580853014 0.9999897891601253 0.1039294026963074
0.9999979905924736 -0.0005772405621447704 0.0019197927878733532 10.55190433835728 0.0005836169105757586 0.9999943102654423 -0.0033224731818144062 -0.009501476934604531 -0.0019178639984748034 0.003323586929147593 0.9999926377567026 0.12185499546275047
0.9999998720458516 -0.0002826454018566558 -0.00041954720493257995 11.867807565646382 0.00028236942111695037 0.9999997438361129 -0.0006577197112868171 0.008038053548678314 0.0004197329989118428 0.0006576011598274635 0.9999996956924159 0.13301899184879956
0.9999987736479168 -0.0005564625827241038 -0.0014639166835973996 13.215965003331666 0.0005598620742999696 0.9999971455610115 0.002322805262373482 -0.003659739456031134 0.0014626199507210766 -0.002323622005227491 0.9999962307547247 0.1583086690002518
0.999998541289278 -0.00037179380878599806 -0.0016670898835415575 14.561502083140915 0.00038027104737723674 0.9999869856654021 0.005087621620494433 0.02195259097705773 0.0016651766412560628 -0.005088248145142313 0.9999856683560854 0.15991968084190164
0.9999997151247142 -2.3570861851017148e-05 -0.0007544500679642288 15.910427900424326 2.797249301754763e-05 0.9999829773340567 0.005834745894640885 0.037034574111364175 0.0007542996952233326 -0.005834765336315239 0.999982693122956 0.18486610633709308
0.9999980634888962 0.0002071992500869373 0.0019570607880594194 17.25101783118873 -0.00021499802019153572 0.9999920344691446 0.003985570738607029 0.02943253596009631 -0.0019562193917631184 -0.003985983784699866 0.9999901425208947 0.20494872459438337
0.999992699361429 0.0003893097860862901 0.003801271068084906 18.610712510904662 -0.00038707912761971024 0.999999752484883 -0.0005875371662081746 0.0399897121953247 -0.003801498861181347 0.0005860614841227968 0.9999926025418114 0.22241733331015742
0.9999983201561412 -3.7411079626245015e-05 0.0018325624973662303 19.955594531029618 4.228581869721459e-05 0.9999964610323306 -0.0026601005100803285 0.026290937348711158 -0.001832456494754804 0.0026601735329323376 0.999994782776375 0.2520159374860924
0.9999998751556917 0.0002584137077172001 -0.0004276809053838761 21.30113287292581 -0.00025982406310038253 0.9999945182015094 -0.0033009178098161807 0.031878576715100415 0.0004268255585132302 0.0033010285195059267 0.999994460499985 0.24623034255017404
0.9999983487996053 0.0004934550532563191 -0.0017489711756651014 22.65387336057121 -0.0004953946117014525 0.9999992626713287 -0.001108711404106701 0.03818338592355857 0.0017484227868535492 0.0011095760042984387 0.999997855927126 0.2915918731956543
0.9999991363216616 0.0011729119601589571 -0.0005929869009260345 24.024057770853613 -0.0011724317354436175 0.9999989850235842 0.0008095403802441784 0.045316946980813545 0.0005939358186525352 -0.0008088444444003397 0.9999994965053273 0.27899467465501854
0.9999912501165589 0.0019724597337342866 0.0036890504090546575 25.42038171804523 -0.0019765072721261118 0.9999974484495999 0.0010938525003863938 0.05887592676585013 -0.003686883416244955 -0.0011011343642652498 0.9999925971694924 0.29268635015954614
0.9999873131444821 0.002073399237872203 0.004590704268416974 26.788862406887635 -0.002071169661648875 0.9999977348928228 -0.0004903727729906238 0.039225219596800975 -0.004591710608513578 0.00048085842429575567 0.9999893424276398 0.31264376308662545
0.9999904922822608 0.0020556394023032976 0.003845736825293498 28.158648267260414 -0.002038305065941067 0.9999877709298394 -0.0045059186887198965 0.049082105970780936 -0.0038549523395081495 0.004498037062863575 0.999982453348578 0.336145073041975
0.9999971636662717 0.001974552590907 0.0013318413860427235 29.511925804861484 -0.0019682903001150887 0.9999870787806894 -0.004687014503699142 0.05499531368211881 -0.0013410789336599852 0.0046843797592803806 0.9999881289763216 0.3376521804831768
0.9999960657392882 0.0027161972648834126 -0.0007005557532147735 30.904509953331253 -0.002719456402686113 0.9999852853662845 -0.004693996994500054 0.05631097768399869 0.0006877956229956357 0.004695883657920616 0.9999887377435069 0.37323867399040167
0.9999930072821435 0.003220202151947745 -0.0019014954418710489 32.28801120774847 -0.003224558033082522 0.9999921740810284 -0.002292161030407084 0.06983329186273632 0.0018940993390390685 0.0022982764843736715 0.9999955651466136 0.3668093810556266
0.9999859606639039 0.0037516967358724707 -0.0037420912189897173 33.671771162554116 -0.003755046582812405 0.9999925550184411 -0.0008885566110846909 0.0678012092218453 0.0037387297642521556 0.0009025958631842271 0.9999926035828753 0.4063625325752033
0.9999850313133104 0.00398252607956759 -0.003751884239023248 35.06385130532118 -0.00398347083857511 0.9999920360899651 -0.0002443700555774382 0.07898809042426803 0.0037508811492353044 0.0002593119191344986 0.9999929317989866 0.4096175727652025
0.9999916794242435 0.0033990938278430855 -0.002255491837817485 36.45517941657758 -0.003400417722620014 0.9999940483899884 -0.0005833900182912233 0.07217634761340654 0.0022534954165992827 0.0005910547785689198 0.9999972862026457 0.4419803647093506
0.9999942107997097 0.003255929752978452 -0.0009885790354403458 37.85711459763671 -0.0032553623882051745 0.9999945359878007 0.0005749871865489513 0.080717626509105 0.0009904457517207023 -0.0005717656748232234 0.9999993460503992 0.45406801672172914
0.9999959103711004 0.0027586974862841103 -0.0007542076991257706 39.25762957419937 -0.0027564798833628846 0.9999919210050698 0.0029257038884248758 0.073766432579149 0.0007622727378482025 -0.0029236129650311838 0.9999954357033355 0.4717151988980311
0.9999943237749829 0.0033170513964762556 -0.0005912595435859435 40.656142188198814 -0.0033139322529847403 0.9999809858129247 0.00520056397269188 0.08851147523302216 0.0006084988392544533 -0.00519857505904918 0.9999863021794438 0.49473139449621106
0.9999946288953755 0.0032670160420403046 -0.000262271960594328 42.07833378231905 -0.0032648782605821367 0.9999644445550565 0.007774972388426868 0.09558090287449042 0.0002876635949174839 -0.0077740743422142124 0.9999697400510568 0.5137530551594587
0.9999951446397481 0.0031055940036452028 -0.0002568712008244749 43.468705686508635 -0.0031030985198261993 0.9999528336206265 0.009203331660654639 0.10389112981150828 0.00028544089675885373 -0.009202489878520844 0.9999576154535403 0.5363147096553004
0.9999966126551981 0.0025680964476889165 -0.00042374374932738353 44.894089471427186 -0.0025645774804684772 0.9999638577598083 0.008105930943975553 0.10494626106982825 0.00044454524674145086 -0.008104816762715489 0.99996705661975 0.5516388924352285
0.9999980879251986 0.0017334940971135246 -0.0009050658328976333 46.29409655953481 -0.0017263412413158162 0.9999677374416301 0.007844987048147246 0.09551829666821998 0.0009186358718982662 -0.007843409595471758 0.9999688180308687 0.5793845350176156
0.999999479208983 0.0008925661024326934 -0.0004948813143263413 47.72239056065262 -0.0008889071907358589 0.9999726294215456 0.007345083509830919 0.10552661999286984 0.0005014237416989144 -0.007344639781018543 0.9999729020532098 0.6012049445311194
0.9999999756322464 -0.0002067638407975944 7.735774503597242e-05 49.125198461420794 0.00020618399427595394 0.9999724350414795 0.007422037818179666 0.10495812614394306 -7.88902217187711e-05 -0.007422021687392417 0.9999724533057922 0.6188575177809142
0.9999991909386332 -0.00125853933767885 0.00018493462158763546 50.553203778669804 0.0012569970393256909 0.9999662771232615 0.00811569927286642 0.11150728025035347 -0.00019514231184786102 -0.00811546024449587 0.9999670500694001 0.6359950573949321
0.9999975596440162 -0.002179911373614838 0.0003587372513133672 51.99238870265134 0.0021769516037030714 0.9999651975798285 0.008053850684588882 0.12694009430865386 -0.00037628144709754677 -0.008053050076691617 0.9999675028703358 0.6514992021581268
0.9999929612598085 -0.0035675918965831013 0.001161774030731221 53.41105207717877 0.003557438628416093 0.9999564562977126 0.008627290358283753 0.12725194866044764 -0.0011925020939603838 -0.00862309669321395 0.9999621093532371 0.6753768715935413
0.9999891539680003 -0.004148477613137215 0.0021170923117304254 54.86135528578751 0.004132967479521835 0.9999649690935989 0.007278678825935998 0.1454391098465914 -0.002147213584230422 -0.007269850007477008 0.9999712689646101 0.6952857693008968
0.9999854752285952 -0.004765767813217167 0.002517297954386092 56.2621489160586 0.004754208896552058 0.9999782195066916 0.00457799191728522 0.14509595990522653 -0.0025390607729234077 -0.004565957662669114 0.99998635250738 0.7007844750193555
0.9999854492062665 -0.005044361882653449 0.001912011751542266 57.69181442699196 0.005038296350393488 0.9999823022392821 0.003163981370130567 0.16667021716083322 -0.00192793818023671 -0.0031543020498605696 0.9999931666931287 0.7247589521331709
0.9999845060278516 -0.005179202249564718 0.0020404823674282013 59.143867407860796 0.005175605117572842 0.9999850501779619 0.0017642370152046601 0.17312725208899005 -0.00204958920289785 -0.001753648949182305 0.9999963619431136 0.7393806530039094
0.9999852849002266 -0.0047423319012454435 0.0026344394376755288 60.53822172117224 0.00473958958726234 0.9999882207903873 0.001046217482106417 0.18397375891803927 -0.0026393699166022146 -0.001033715925184703 0.9999959825708448 0.7630226411649367
0.9999845746663173 -0.004231859287470387 0.0035974708331947755 61.99797475843467 0.004232980184776449 0.9999909946840463 -0.000304022313149124 0.19662895293128285 -0.00359615185718379 0.0003192456462557214 0.9999934828657822 0.7830935603083813
0.9999877630247392 -0.003827065773765207 0.0031348633688511648 63.39837686737196 0.0038362423162368047 0.9999883593813566 -0.002926490504700145 0.20592927460695157 -0.0031236270054544016 0.0029384807888194454 0.99999080410021 0.7915750143232447
0.9999915505586516 -0.003548736176120443 0.002074917553985337 64.81792992407098 0.0035566298084472757 0.9999864053137064 -0.0038130790940223585 0.20855266056911817 -0.0020613577344087398 0.0038204265892567723 0.9999905775280918 0.8134906180415666
0.9999942444519369 -0.0027591039249664213 0.0019744387889714036 66.27240303858972 0.0027663982855891467 0.9999893238307855 -0.0037012518117213403 0.21745484143876667 -0.0019642055711277797 0.003706692593069455 0.9999912011245373 0.836141652613059
0.9999963862880805 -0.001964119704749746 0.0018356591637114325 67.62941913343582 0.001967671294672546 0.9999961920592602 -0.0019349771718240889 0.23343253487183027 -0.0018318516468386978 0.001938582153217257 0.9999964431030639 0.8577513858421473
0.9999944594732331 -0.001411721685758522 0.003014641723061584 69.09630475000273 0.0014095123348261834 0.99999873661801 0.0007348723440193938 0.24861736923707276 -0.0030156753496418404 -0.0007306190977457646 0.9999951859373722 0.8740521795994405
0.9999913608810741 -0.0006248120925209759 0.004109473575353107 70.46433217898607 0.0006072895179093211 0.9999907255066973 0.004263812851248108 0.2618181487632276 -0.004112099543897661 -0.004261280375435371 0.9999824659097293 0.8925589918100949
0.9999877140835438 0.0002920473113973637 0.004948372493724403 71.90743108014229 -0.0003305942944700989 0.9999695965773476 0.007790804088735685 0.27862541158999127 -0.004945946762876296 -0.007792344275280861 0.9999574075836002 0.9112534836953967
0.9999902704168965 0.0006811729059228795 0.004358333972355342 73.2728790056153 -0.0007334474283904059 0.9999276825914409 0.012003817816853429 0.2854789564871931 -0.004349842113472352 -0.01200689763355451 0.9999184533164719 0.9194340239915249
0.9999917454429139 0.0013546204501925592 0.003830672195619522 74.67314361271002 -0.0014144924316767192 0.9998762119386115 0.01567035450951012 0.29613069175908346 -0.0038089706214542614 -0.0156756436145032 0.9998698745037156 0.9375854314039521
0.9999902886856149 0.002262215055339698 0.003782184223949624 76.11345605493386 -0.002328610315027527 0.9998416299542615 0.017643485608186273 0.31199585349807746 -0.003741671880489578 -0.017652121499947906 0.9998371879951704 0.9552458514030446
0.999987863399586 0.0025241242733978634 0.004231057809008342 77.48114083244144 -0.0025985992206033043 0.999840144944729 0.017689879564146638 0.3117321254402513 -0.004185729998627081 -0.017700659692671813 0.9998345694717815 0.972105964754252
0.9999879275028005 0.0026207475113561147 0.004156504677688732 78.89572445606295 -0.0026904133009426 0.999854500102536 0.01684459263319249 0.3147192631665946 -0.0041117544824610715 -0.016855571992365384 0.9998494802558465 0.9945908657791291
0.9999930507285173 0.0023071187734834218 0.0029284292099941802 80.261206552361 -0.002353659620110316 0.9998693801269085 0.01599008977536746 0.31463697677716707 -0.0028911556626319782 -0.015996871181474494 0.9998678619354348 1.009233474725032
0.9999932875729673 0.002118657395248827 0.0029893310037898677 81.64596666688729 -0.0021649075927579376 0.9998766809357967 0.015554295095879984 0.3207415552750496 -0.002956008139955118 -0.015560662314196477 0.9998745560340156 1.0341526318980914
0.9999937088053943 0.001494036865910428 0.0032171732119517685 83.05559899512781 -0.001541504076101132 0.9998892451682205 0.014802741709216428 0.3191370200773244 -0.0031947010526437534 -0.014807607867907382 0.9998852577343135 1.0423001860637542
0.999995492643096 0.001224150880629451 0.0027415594309031215 84.42997429550775 -0.0012641737231990143 0.9998919610225661 0.014644731040372345 0.3298390051718166 -0.002723335875225979 -0.01464813083873592 0.9998890016920088 1.0669176706685088
0.9999958183117718 0.0005868842494461637 0.0028317707971453965 85.81106167062833 -0.0006277198710710014 0.9998955226611848 0.014441250980425759 0.33671476426459185 -0.002822999598525665 -0.01444296815041622 0.9998917098087536 1.0781368740018122
0.9999934778922207 -0.000574506824285803 0.0035656857586728787 87.17323447496474 0.0005247185178431397 0.9999025780798061 0.013948441484062633 0.343098872033163 -0.0035733518575402057 -0.013946479529477536 0.9998963580617924 1.1013203796487763
0.9999880130646603 -0.0017029712749627593 0.0045906008135323945 88.53936733848101 0.001648675910147715 0.999928954008798 0.011805456476328921 0.34796341622094873 -0.0046103790230143955 -0.01179774655211111 0.9999197755727989 1.116055887480754
0.9999833766126245 -0.0026787049415533427 0.005105980635479289 89.90108423670692 0.002630196638902938 0.9999515719687297 0.009483447838573396 0.3498804979374933 -0.005131136721477559 -0.009469860458440579 0.9999419949071261 1.1331132094136822
0.9999796614793518 -0.0036785442825947715 0.005210080575381062 91.25301424240081 0.003632873580543752 0.9999551333999418 0.008748337936576325 0.35453895417403347 -0.005242027965278414 -0.008729232444249758 0.9999481594781529 1.1508237358713003
0.9999808453156461 -0.0039515542729405264 0.0047638451521492065 92.63517080698993 0.003914453307786586 0.9999621330331282 0.007772358402543646 0.37533392840866475 -0.004794377655839044 -0.007753561676058147 0.9999584472487988 1.16737174120933
0.9999811841289847 -0.004269130377414535 0.004405214389126284 93.95865584630134 0.004239812149029293 0.9999689444001985 0.00664335969924726 0.3777944964924519 -0.004433438951251325 -0.006624557417161955 0.9999682294243614 1.187007974092039
0.9999824460870556 -0.004515259579347393 0.0038366585305547505 95.37527209263433 0.004491461011273939 0.9999707606046864 0.00618908019573516 0.39949169998976625 -0.003864491652620434 -0.00617173935095664 0.9999734873173642 1.195906582779608
0.999984914896023 -0.004468564653818577 0.003194042944014273 96.72315671372615 0.004450432141126905 0.9999740689600561 0.005661718928551936 0.3997916385803434 -0.0032192598762430923 -0.00564741864955503 0.9999788712910117 1.210869043165491
0.9999883694111023 -0.004132307032214358 0.002486982331319712 98.06755934107987 0.004115044508833522 0.9999676814498402 0.006906697077579098 0.4192322306731395 -0.002515442548559545 -0.006896382705638686 0.9999730558641879 1.2313686557166987
0.9999893254963834 -0.003876454519383496 0.0025143575018984742 99.41852083328322 0.0038551788558261286 0.9999571867526801 0.008412030531049601 0.4393197615566563 -0.002546858707858174 -0.008402247438921968 0.9999614571315724 1.244588630454867
0.9999842641468072 -0.003927397472127884 0.004005871673498371 100.73525473692672 0.0038931151498167726 0.9999560386124592 0.008530210836092601 0.4399657091110711 -0.004039197098295682 -0.008514481286246862 0.9999555932616344 1.2668283061497048
0.9999786639509798 -0.003801398265734386 0.005312345436690551 102.11068196745151 0.0037546694077021728 0.9999544170691276 0.008778738040317808 0.46184717204686304 -0.005345474763977539 -0.008758604635838356 0.9999473549864416 1.2805362708928127
0.9999847353639361 -0.003522974049992326 0.004256488336862182 103.44555147652305 0.0034855943377846634 0.9999555769720417 0.008757551862448263 0.47300531605111684 -0.004287151878714657 -0.008742581789960457 0.99995259267248 1.2947362565668228
0.999992686427455 -0.003417727271724087 0.0017164591162688485 104.77025811569965 0.003402499631354467 0.9999555128600717 0.008797459690713945 0.48178273491013696 -0.0017464500738188081 -0.008791555098343944 0.9999598284286686 1.30923124524243
0.9999937864420341 -0.003492468222347649 0.00047931517758992607 106.10088714128602 0.003488639766942434 0.9999637402740091 0.0077683672538344 0.4947921402324605 -0.0005064285735264662 -0.007766646826644727 0.9999697109048703 1.3242172977956574
0.9999936947495643 -0.0031704251396729648 0.001599645444712864 107.45000291377846 0.003160294262126934 0.999975183176972 0.0062964728505801055 0.5022949652629625 -0.0016195682424117023 -0.006291377799421558 0.9999788975593901 1.3502039307266227
0.9999903196040717 -0.002670098562275625 0.003497323521543992 108.77767356625809 0.002660097024949549 0.9999923683782804 0.0028613054739318584 0.5081258693570162 -0.0035049367989260223 -0.002851974555467053 0.9999897907774711 1.3577074135981315
0.9999892795988523 -0.001825435133175 0.004255405261893662 110.11684556518482 0.001817618928639208 0.9999966554811013 0.0018399152267944033 0.5208786785819157 -0.004258749675507396 -0.0018321607970120453 0.9999892530612593 1.3813917296908245
0.9999945863229571 -0.00116295900751182 0.003078124611653697 111.44076840919824 0.001158999738600309 0.9999984992324658 0.0012877315023763223 0.5290170832961042 -0.0030796175710541586 -0.0012841569853935645 0.9999944334327332 1.3980828744950013
0.9999996916401263 -0.00043522836571110865 0.0006536787605739362 112.75889540880046 0.0004335552986194751 0.9999966357894039 0.002557428332753722 0.5399591330495319 -0.0006547896268146112 -0.002557144138255203 0.9999965161261317 1.4110274950625852
0.9999988327200541 0.0006521293444512889 -0.0013817691005741752 114.10656484995224 -0.0006442501226973539 0.9999835754615403 0.005695063558314316 0.540078781600896 0.0013854603237193326 -0.00569416670566825 0.9999828283351767 1.4402411224157776
0.9999963276049754 0.0020566672291340926 -0.0017649069299436179 115.41823872043531 -0.0020419277615262533 0.9999633618799889 0.008312967501859267 0.5565738377543447 0.001781939274909641 -0.008309333160902013 0.9999638891854253 1.4481521265308495
0.9999938076414197 0.003519136514357758 1.8894676613899846e-05 116.77415976704826 -0.003519159454571236 0.999950165155698 0.009342522241104819 0.564950132044036 1.398387615423879e-05 -0.009342530882236903 0.9999563575082493 1.4693484754244606
0.9999874328837236 0.00435237306817925 0.00248815660594079 118.09596949812523 -0.004374426353519619 0.9999505794484086 0.008927656740120731 0.5688395815270535 -0.002449177147111229 -0.008938428803049115 0.9999570520886558 1.4855787567199432
0.9999804394113267 0.005266402219633551 0.0033742854637554068 119.44544223203425 -0.0052949797145191175 0.9999497107462116 0.008516992919481107 0.5664799699716745 -0.003329261863041607 -0.00853469309516746 0.9999580366341473 1.5052269741109767
0.9999774240161009 0.006295567860800813 0.002348889829944903 120.77938452291286 -0.006317704003260631 0.9999345468601935 0.00953879508254372 0.5624770914338721 -0.0022886839559780464 -0.009553419325541379 0.9999517458882403 1.5221727613158502
0.9999675323922391 0.007741054870151121 0.002238354501271767 122.09146058311093 -0.007765232228609398 0.9999093204445301 0.01100236595436876 0.5588871741096282 -0.002152981609726356 -0.011019390076378841 0.9999369668696786 1.5364750357319943
0.9999599082684141 0.00880613865204761 0.001622891821949966 123.45466865107159 -0.008825645949313895 0.9998837599878796 0.012432798803075934 0.5610754553967666 -0.001513218226892014 -0.012446623419278026 0.9999213927784806 1.5493866790155928
0.9999492098541877 0.010041391783971978 0.0008649641764469046 124.78631392957887 -0.010051900777535922 0.9998630133669426 0.013149668875513889 0.5613012813052138 -0.0007328047109081207 -0.013157695535992085 0.9999131652525822 1.5672241090744365
0.9999381633753583 0.011120664396284789 1.5776573121432886e-05 126.11551095184089 -0.011119774928470088 0.9998381174494317 0.014145299597971334 0.5525528726263089 0.00014153111044440457 -0.014144600332331904 0.9998999501202025 1.582393924412724
0.9999286040637291 0.01194882033088952 -0.00011165958208248178 127.45737842711011 -0.011946260761216066 0.9998393088421598 0.013365752798002924 0.5452929086941654 0.0002713466181453738 -0.013363464623083899 0.9999106681020462 1.6053831273530594
0.9999154599628816 0.012990209875532519 0.0005721665916294132 128.80463021898242 -0.012996604224188668 0.9998293281035452 0.013130230106637964 0.5420383137438006 -0.0004015044940728688 -0.013136556299239086 0.9999136311115766 1.6255323224180012
0.9999034754898529 0.013829211408147982 0.0013388857836943266 130.14973531268367 -0.013844812136628021 0.9998267231721577 0.012443665365441461 0.5282661967131835 -0.0011665677067819458 -0.01246100086888528 0.9999216782214151 1.6455198664319455
0.9998980368553181 0.014147960478112091 0.0019367775273775262 131.47438584534424 -0.014167932964153026 0.9998421710313057 0.010719267835458075 0.5132390453055256 -0.0017848160700874314 -0.01074561499937525 0.9999406713349953 1.6582706980573396
0.9998984540653066 0.014093867820247028 0.002108185873042651 132.8151534516479 -0.014112018978252415 0.9998611824595992 0.00885814488758363 0.49609291348682877 -0.001983047696686847 -0.008886996138031433 0.9999585435514191 1.6759509371712917
0.9998985641881487 0.013959817222878344 0.0028257454914450103 134.15341446572782 -0.013978789996139362 0.9998791033035277 0.006809714177346346 0.4854383686783548 -0.002730341502894225 -0.006848523931267739 0.999972821108274 1.685594492135866
0.9999069394377953 0.01337439129154931 0.0026903757584458773 135.51238427786245 -0.013389950575871341 0.999893232306731 0.005850915379089997 0.46667202669534547 -0.002611836081538428 -0.00588639488805152 0.9999792641187641 1.7107418070096256
0.9999232570985679 0.012190131991958383 0.0022092069640678976 136.83354533972124 -0.012201100707516531 0.9999129552281305 0.005021464773520964 0.45425248796001305 -0.002147802345769508 -0.005048034168397144 0.9999849520348385 1.7297212358481187
0.9999331984161073 0.01114206477921036 0.0030745890440269114 138.1999199515944 -0.01115133951444657 0.9999332731429187 0.003016104892538659 0.445360905827924 -0.0030407782502696276 -0.0030501891982519925 0.9999907249637306 1.7434100249005018
0.9999433252553837 0.010056382485012188 0.003495060589082541 139.51864534775171 -0.010063677132311629 0.9999472052347176 0.0020758482252396515 0.42853080868638427 -0.003474000544445249 -0.002110903738398017 0.9999917376686792 1.7616113214381468
0.9999564330779185 0.008751178103633017 0.003247895916554511 140.87759373777533 -0.008754278859812128 0.9999612371395714 0.0009417111779892966 0.4254629960668637 -0.0032395289365776438 -0.000970103137092945 0.9999942821597394 1.7727600065185183
0.9999677292516217 0.0075565131256730995 0.0027275565506511786 142.1934475900486 -0.007558697183203358 0.999971119538241 0.0007913193598984608 0.42092364396470966 -0.002721498162428851 -0.0008119105974469456 0.9999959671163348 1.7853797125781665
0.9999765668844177 0.006542944379761799 0.0020138423217519463 143.54093619174688 -0.006544802589196303 0.9999781616237051 0.0009175155276319537 0.41305297065262214 -0.0020077950896406622 -0.0009306742278261815 0.9999975512991818 1.7973995938975715
0.9999835753246396 0.005724547501559215 0.0002804226335049595 144.90947356240113 -0.005724462106065301 0.9999835688063298 -0.00030438618980202124 0.4040265139410146 -0.00028216049902869916 0.0003027759216184874 0.9999999143560934 1.8166045816423606
0.9999885857831349 0.0047164326099611254 -0.0007639154937188331 146.21189384803898 -0.004719139826617014 0.9999824503862456 -0.003581708924079193 0.40951823508387264 0.0007470091985280613 0.003585273065707364 0.9999932938746647 1.8569573898144638
0.9999920749146269 0.003535980084853924 0.001829467894967937 147.57411214924664 -0.0035116873636982446 0.9999078200379865 -0.013115619647623627 0.399437951973767 -0.0018756758245613901 0.013109091185929149 0.9999123129397297 1.861940538701508
0.9999922886471737 0.002031917089319608 0.0033606486174028744 148.88169464736805 -0.0019613406450961616 0.9997802226543251 -0.02087245869901727 0.38688190569508324 -0.0034023211284966463 0.02086570636739669 0.9997764982778542 1.8782116816287586
0.9999992502327565 0.0011246293646728813 0.00048450254591613076 150.1948272741136 -0.001111747190365344 0.999666115012994 -0.025815160526562474 0.3672408504361817 -0.0005133732653717995 0.025814602526856575 0.9996666157996228 1.8871535892010909
0.9999941059058721 0.0012845758535527526 -0.0031840255011612896 151.57990942706707 -0.0013613941827495184 0.9997051782493807 -0.0242425903577413 0.37306194392762376 0.0031519453349878952 0.02424678218342683 0.9997010347070543 1.9090516374239688
0.9999840827421742 0.0022743183175827695 -0.005163500603554494 152.9072817834208 -0.0023805893834020066 0.9997835348244059 -0.020669211117114665 0.38423283304028183 0.005115374520036025 0.02068117429467027 0.9997730352301533 1.9343129613201608
0.9999807614156537 0.003090184262896286 -0.005378434697055849 154.280685620551 -0.0032013748730444704 0.9997787582450745 -0.02078907792228804 0.38472408743925524 0.005313002681289142 0.02080589635555442 0.9997694167553588 1.95641334200642
0.9999908095323914 0.003543909249358391 -0.002412790497478788 155.607467552982 -0.0036007078284630498 0.9997064809254617 -0.023958023682336085 0.3848777545727838 0.002327177235720735 0.023966491250528184 0.9997100537372083 1.9760874490041365
0.9999919993740141 0.0038684057266826005 0.0010181478751712404 156.94721744191455 -0.003834855732333764 0.9995084679960897 -0.031114567096807762 0.38074543003811256 -0.0011380111924464218 0.031110413710578242 0.9995153060805435 1.997074894175115
0.999989482332594 0.003946632987834236 0.0023365171195613016 158.28118886851365 -0.0038602739826237506 0.9993487261337518 -0.0358778742350582 0.36701589609509133 -0.0024765922090127382 0.03586847728726317 0.9993534504008696 2.0075685964068373
0.9999903649553336 0.0038714115831911104 0.0020693401973664828 159.63142668024753 -0.003795205820842729 0.9993574286315883 -0.035641636489326715 0.3539439191276713 -0.002205993942952818 0.03563343950860481 0.999362492581901 2.0351863948394335
0.9999854168800754 0.004930472625235011 0.002203739293479325 160.9908081490805 -0.004852333323827229 0.9994046735533608 -0.03415777131217646 0.35651610894931696 -0.0023708413055901424 0.03414657990769028 0.9994140234117748 2.045823396266591
0.9999795735123875 0.006120310541647579 0.0018423780441060027 162.32163675521036 -0.006057477775086017 0.9994576129590856 -0.03236953600425404 0.3594255616659046 -0.0020394903745654916 0.032357714644272347 0.999474271195618 2.0532305095176824
0.9999748554175326 0.007085246155540363 -0.0002963437195190334 163.69614488824274 -0.007090737030996079 0.9995909130602251 -0.027707904572213345 0.36122392512369694 9.990516482533997e-05 0.02770930916390773 0.9996160183813668 2.0788591191132606
0.9999694257178098 0.007752912046860847 -0.0010197962480573831 165.026129841404 -0.007776227704116165 0.9996498669487129 -0.025291773210164653 0.3592757194316168 0.0008233542904778016 0.025298930100190128 0.9996795917810357 2.0934342568967246
0.9999678419971675 0.00800795463076943 0.00043316758805155454 166.3858529287643 -0.007996127710978362 0.9997128649515177 -0.022588704966382253 0.35668333730959556 -0.0006139325349937835 0.022584514895389644 0.9997447488103062 2.1113605459276665
0.999968674734123 0.007914490566271344 0.00010192918298831223 167.73508687150223 -0.007910315457120627 0.9997253012444504 -0.022062387927465562 0.3504493961865685 -0.0002765137442899361 0.022060890525306128 0.9997565907006464 2.128286224857466
0.9999705712893561 0.0073712429066550705 -0.002126342693439357 169.09958763634904 -0.007413320683472309 0.9997621476535885 -0.02051074829274449 0.3451697578984148 0.001974647229977367 0.020525907948137315 0.9997873713301353 2.142840668876075
0.9999625900856761 0.006635706700984861 -0.005548497609675319 170.51359616452447 -0.0067264073140775255 0.9998413849537675 -0.016491221251846818 0.3519100808226222 0.005438186627102135 0.01652792577157655 0.9998486154393064 2.1700781388742003
0.9999566665162363 0.0065649737714170275 -0.006600470370909527 171.85296596451792 -0.006630939646741968 0.9999277883906738 -0.010022407073016253 0.35061379859840275 0.006534196900760917 0.010065740087871691 0.9999279899809513 2.198756177226604
0.9999601764332005 0.0069047907195705395 -0.00565415005120824 173.22817705880937 -0.006939611483481655 0.9999569338727803 -0.006162158080284501 0.350099069769764 0.005611358136937541 0.0062011502857952545 0.999965028585996 2.219258270754154
0.9999647526030324 0.007685599473664331 -0.003380105366198928 174.60685732714595 -0.007692102121674776 0.9999685816261675 -0.0019150262401780895 0.3581219940409007 0.003365281044121373 0.0019409588561468216 0.9999924537526335 2.253409058707978
0.9999704132527376 0.007602431372489483 -0.0011728837861434771 175.9988586639385 -0.007605348789147943 0.9999679455423189 -0.0025033093435018255 0.3567440287783005 0.001153814952501705 0.0025121554690037172 0.999996178885677 2.2664937490144927
0.9999769885966169 0.006776175933584168 -0.00032514144417033163 177.42415757151448 -0.00677780566606502 0.9999629604912197 -0.005304620249217621 0.35176920385618327 0.00028918436102140375 0.005306701927983842 0.9999858775438045 2.2824503032341816
0.9999862355889443 0.005241867259554257 -0.0002268485960786989 178.79877985573924 -0.005243499762863379 0.9999548819482721 -0.007920844529091517 0.3475533055801636 0.00018531834550694236 0.007921924983891257 0.9999686038879723 2.298813602483009
0.9999867184418281 0.0031241710229351688 -0.004099084698251805 180.13792598436265 -0.0031604005469517333 0.9999557379893972 -0.008861937173264198 0.3410754617988972 0.004071217057197645 0.008874774222452472 0.9999523306509034 2.3201988248200762
0.999963955916553 0.0015657642183344355 -0.00834477382143709 181.5546297648874 -0.0016171862701178492 0.9999797254750826 -0.006159005386122295 0.34994581790202967 0.008334961084858197 0.006172278444069473 0.9999462142548082 2.3529865553137514
0.9999555121684781 0.0010927359270762767 -0.009369077439663398 182.95321444152933 -0.0011123508004967397 0.9999972001662175 -0.002088620459211864 0.372943352136773 0.009366768897190063 0.002098949241806687 0.9999539279649373 2.3754574033804294
0.9999648279058856 0.0008150942272573071 -0.008347369199532557 184.2788701706968 -0.0007953774144959884 0.9999968868654203 0.0023650865177592163 0.3907512820846302 0.008349270981416442 -0.002358364023781857 0.9999623631883403 2.400720589155215
0.9999869799087269 0.0010496138694910224 -0.0049938285661789905 185.7213004438678 -0.001034516313451234 0.9999948899679431 0.0030248659472206832 0.38166873680005103 0.004996977988806484 -0.0030196603660716703 0.9999829557858738 2.4213221761194497
0.9999956085801323 0.0015059739121412261 -0.0025524229717808866 187.08796412512024 -0.0014969570897199983 0.9999926459455409 0.0035308886002858595 0.39403277771237283 0.0025577216272420567 -0.003527052227007938 0.9999905089362927 2.4485558908829748
0.9999963395739118 0.0016669686656475317 -0.0021312095733550325 188.5308269187848 -0.0016595438310721736 0.9999925646178971 0.0034808940221822257 0.39661663365827204 0.0021369962682609308 -0.003477344444926753 0.9999916706265911 2.472507251222859
0.9999977308345496 0.0014708205782056167 -0.0015411075817214487 189.94837171871535 -0.0014688284768841283 0.9999980853735106 0.001292978042489791 0.3923269540998104 0.001543006369788112 -0.0012907114858067142 0.9999979765955546 2.4934797553799726
0.9999981668736013 0.0015893360125352994 -0.001067829797434097 191.30537508785443 -0.001590872594299045 0.9999976982330057 -0.001439671170505459 0.3961661630612354 0.0010655392183012207 0.0014413673125663446 0.999998393541932 2.5139367092365075
0.9999978944337942 0.0019019370041745006 -0.0007705605819623021 192.7641093393778 -0.0019041949077850998 0.9999938647635619 -0.0029401491438785896 0.3980910803139338 0.0007649638759364072 0.0029416102507362246 0.9999953808690325 2.539844469640605
0.9999972908634683 0.00232669588500913 6.893462583944051e-05 194.13041868051516 -0.002326203668687373 0.9999765546018947 -0.006440421027830379 0.3969067551996992 -8.391791074287366e-05 0.006440243223870965 0.9999792578973835 2.5597519295611866
0.9999952753862161 0.0026051992486700354 0.001631607220080741 195.5963457994885 -0.002586805835216132 0.999934204790168 -0.011175621961446152 0.39234303140350685 -0.0016606145900787124 0.011171348509870902 0.9999362196318594 2.571171372580303
0.9999944773245609 0.0028873601482140216 0.001645743525815853 197.0009346498323 -0.002864414427534675 0.99990097137891 -0.013778336819064443 0.3851859210461113 -0.0016853635707438602 0.013773546634282732 0.9999037198464399 2.5908390545942552
0.9999923638655631 0.0031089124716609214 -0.0023678838245908183 198.40373952708293 -0.0031365627646054405 0.9999258774387395 -0.011764421039333232 0.3901890350818133 0.0023311337556859188 0.011771758220867727 0.9999279931694095 2.613536484594346
0.9999654853755825 0.003337095167128939 -0.007608669622297872 199.8313576059241 -0.0033718089732668686 0.9999839451922624 -0.004554147776027938 0.40853628380308976 0.007593349842036175 0.004579645571834994 0.9999606831693998 2.639415352286847
0.9999540503292464 0.004894011106203321 -0.008242929420251007 201.2838322001445 -0.004856905736336364 0.9999780101342277 0.004515497166294459 0.4195126411622674 0.00826484705262136 -0.004475254549500947 0.9999558312245167 2.656488628216615
0.9999724612030061 0.0062247942777101445 -0.004040887501870025 202.73487422941332 -0.006177667209975349 0.9999139576399115 0.011572110642928521 0.43754623018836486 0.004112573822483641 -0.011546828702703233 0.9999248759199189 2.6851237415066
0.9999717476545296 0.007229947953584512 -0.002057120641668378 204.17693910394763 -0.007203192687133842 0.9998930354811392 0.012729163814853606 0.428317813590283 0.002148931794622746 -0.012713986349757341 0.9999168648658949 2.7044663064469434
0.9999769444914396 0.006613605509516862 -0.0015397102742952303 205.60651831935957 -0.006595794262805577 0.999914409869401 0.011299045692896699 0.41934700184314283 0.0016143059211385933 -0.011288629575458424 0.9999349783154408 2.7294646951139154
0.9999849168674084 0.005294617945268189 -0.0014604993994966162 207.04667379845247 -0.005284071953732992 0.9999606018385043 0.0071325559488923385 0.4141429493210817 0.0014982060172280451 -0.0071247309836899204 0.9999734964423507 2.7447507555936004
0.9999896135329757 0.004119403982787729 -0.0019502146027294792 208.5168954908687 -0.0041078510747583 0.9999742086492887 0.005891315284089906 0.4051801426499004 0.001974433011705836 -0.005883242902986146 0.9999807443482234 2.7717277154808833
0.9999897754014232 0.003667237936110579 -0.0026458379639199845 209.97626997648786 -0.0036503816253162283 0.9999731895616352 0.00634782418783627 0.4117298164362461 0.0026690460095177226 -0.006338100965595056 0.9999763520551619 2.7886128071615386
0.9999896936077635 0.003642036529356941 -0.00271076523702421 211.46084889748823 -0.0036209638080279462 0.9999635018642428 0.007738446904986165 0.41385501529992735 0.0027388500054550324 -0.007728551566701737 0.9999663835306307 2.8167595339696803
0.9999919564261519 0.003406688243184822 -0.002116969109573831 212.88541376073343 -0.0033875106337629916 0.9999537838842445 0.008997492277730407 0.41866997211203394 0.0021475229226451025 -0.008990248650366794 0.9999572808747889 2.831518763908403
0.9999928568154154 0.0030417787645192753 -0.0022436354632218505 214.34135346620786 -0.0030218950604906565 0.9999565982088315 0.00881304991842074 0.42838041471876864 0.0022703454335165187 -0.008806206934254568 0.9999586472704977 2.862251959352055
0.9999911778240007 0.002818212878210807 -0.003114795393115127 215.79969858116323 -0.00278946815413716 0.9999538382055697 0.009194581304571929 0.4234253052507577 0.0031405638960127985 -0.009185811565801671 0.9999528777518932 2.887692857840878
0.9999907401457596 0.0023645141276816637 -0.003595649548541813 217.25200105537806 -0.002334632281193281 0.9999628940391351 0.008292167207011985 0.4316526077154187 0.00361512307502046 -0.008283695903244428 0.9999591547995023 2.911481192220313
0.9999922008304535 0.0018752348331716247 -0.0034758844322302055 218.7336159177127 -0.0018478326343407576 0.9999673234931288 0.007870035612608864 0.4265767557525504 0.0034905290173877375 -0.007863551380179714 0.9999629896985538 2.936670590342385
0.9999901485343661 0.0018468395270028167 -0.004036337198249488 220.23696888723052 -0.0018081974829153179 0.9999527025215145 0.00955631423628198 0.4344987047868544 0.004053795268541718 -0.009548921597818621 0.999946190972414 2.967873848173168
0.9999898529777738 0.0016758285529471725 -0.004181571493055912 221.73556239349716 -0.0016416680770101962 0.9999653640066605 0.008159394153490705 0.4381872107150471 0.004195100405870699 -0.008152446607504991 0.9999579684901243 2.986556727849957
0.9999892200770005 0.0011529806002626272 -0.0044978178628502265 223.17930808393623 -0.001114184358341504 0.9999622387921925 0.00861856037409739 0.4424889162774859 0.004507585052728753 -0.008613456068370735 0.9999527439092062 3.0056138762738587
