1.0 -2.1684043449710093e-19 -2.5135375298442207e-37 0.0 2.1684043449710093e-19 1.0 2.3183291766350204e-18 -8.673617379884035e-19 -2.51353752984422e-37 -2.3183291766350204e-18 1.0 0.0
0.9999996144572926 -0.0005723897269502802 0.0006659243699802237 1.3271307127150507 0.0005725266515208768 0.9999998150031163 -0.00020544334102258209 -0.005205242904773986 -0.0006658066531284189 0.00020582452126511109 0.999999757168854 0.013546002618737998
0.9999992686506489 -0.0006310930990495225 0.0010317071617683797 2.620400249204164 0.0006317219644781507 0.9999996148242213 -0.0006093264874477984 0.0032616480561835828 -0.0010313222226384742 0.0006099777938922657 0.9999992821505244 0.023155165917102573
0.9999984080806568 -0.0013145955684215954 0.0012065134246878437 3.944431469168364 0.0013152995039614583 0.9999989651428909 -0.0005828381958469084 0.0014968510495183922 -0.0012057459796094815 0.0005844241945245251 0.9999991023120939 0.042724277089956374
0.9999985763318838 -0.0008800205240788166 0.0014397562580511227 5.276348118827755 0.000881273383638691 0.9999992334146602 -0.0008697857869248605 0.012604385612162781 -0.0014389897250110366 0.0008710533675077156 0.9999985852863005 0.04177979977458566
0.999997786687794 -0.0012070478149658944 0.0017232687212533166 6.606972188827152 0.0012091179588218897 0.9999985481118654 -0.0012007530649974663 0.008382052461006931 -0.0017218168528964884 0.0012028340425147947 0.9999977942660631 0.04278872157354516
0.9999967192755046 -0.0008840068948593192 0.0024041568246351104 7.940246282741048 0.0008895981560858923 0.9999969001183829 -0.0023255899779677405 0.02337723712865465 -0.0024020935344584255 0.00232772108182587 0.9999944058149609 0.061433015770509955
0.9999966058758929 -0.000873483241502648 0.0024546412611861773 9.262030326792253 0.0008794477276802168 0.999996661187287 -0.0024298530763327384 0.02751113273293585 -0.0024525106296572384 0.0024320035577892556 0.9999940352573641 0.0582192092397267
0.9999966097639618 -0.001266615935281217 0.0022751142070677457 10.574476610325048 0.0012719655674189169 0.9999964263568822 -0.002351462748944188 0.032548963269163136 -0.002272127676432485 0.0023543486438637696 0.9999946472248165 0.06110004242504724
0.9999977761495011 -0.0015048190039151674 0.0014775709179427625 11.907036478980968 0.0015067971318950453 0.9999979688930183 -0.0013385709698884583 0.045867047792563814 -0.0014755536098045778 0.0013407943927280668 0.9999980125039954 0.058527150042902806
0.9999983966344067 -0.0012897492325864388 0.0012422864134696405 13.234291389901804 0.001290002884468947 0.9999991472597588 -0.00020340185210106215 0.05553420145490247 -0.0012420230167393704 0.00020500407903024326 0.9999992076757629 0.07175528061330265
0.9999985671118828 -0.0012578467318945553 0.0011329588607994646 14.570445616145157 0.0012574879408657862 0.9999991590088253 0.0003173416464943521 0.06807299998508497 -0.0011333570751439982 -0.0003159165096743254 0.99999930784901 0.06960842982263489
0.999998434531585 -0.0007257181243884133 0.0016137743285016125 15.926667048128374 0.0007254299629412514 0.999999720829748 0.00017914182970852146 0.09281272512735976 -0.0016139038844564819 -0.00017797086901632478 0.999998681819442 0.08098457561416371
0.9999948789037958 -0.0002214003118403208 0.003192670995364022 17.252266664228017 0.00022420319695774433 0.9999995897920725 -0.0008775811148452605 0.08381424210933784 -0.0031924753889725783 0.0008782924277119392 0.9999945183366268 0.08466393394050255
0.9999914563400086 -0.0002476995625738284 0.004126244286894882 18.615952265138343 0.000259419765924996 0.9999959332254512 -0.002840111607640229 0.09737903800163643 -0.004125524011986762 0.0028411577720193716 0.9999874538583676 0.0967159175787177
0.9999930332910585 -0.0003022296440383463 0.003720487412965007 19.95677526491287 0.000317675163560001 0.9999913316674583 -0.004151586736857488 0.0835387499844344 -0.00371920042996122 0.0041527397204084845 0.9999844610297584 0.11531642044301996
0.999994969400272 -0.0004275919529927754 0.0031429825438303344 21.336627084511225 0.00044203227350021046 0.9999893442865934 -0.004595206278080404 0.09215545864456878 -0.003140984179882257 0.004596572461156372 0.9999845027499132 0.10691119084965374
0.9999966453082625 -3.510775235019155e-05 0.002590007657672386 22.676151782571438 4.15236813271772e-05 0.9999969309397769 -0.002477173149135457 0.09436656465043611 -0.002589912740801458 0.0024772723856357733 0.9999935777161383 0.15575059909167369
0.9999941811185303 0.0004404502039199331 0.0033828586577000597 24.05308748296313 -0.00043012097625545314 0.9999952454856362 -0.003053522894645639 0.1155572187312107 -0.0033841874986316016 0.0030520500880894656 0.9999896160787041 0.1130208086017354
0.9999700164931888 0.0028452675123749314 0.007202122422916787 25.372728788210946 -0.0028242953124832937 0.9999917471451821 -0.002920444745947526 0.07067881053876467 -0.007210372431403379 0.0029000162601736197 0.9999697997615185 0.11808724264199437
0.9999575592401138 0.002845218398389255 0.0087626737255124 26.771515097159433 -0.002818612032004664 0.9999913850109292 -0.003047183968279757 0.07222576742304641 -0.008771268139063851 0.00302235606588137 0.9999569641834811 0.15605737302785527
0.9999537976098495 0.002731355428585236 0.009216417045851659 28.09332479048794 -0.0026895641026428306 0.9999860599861392 -0.0045437955868899 0.07281066454917594 -0.009228699289612926 0.0045187975082319224 0.9999472043955628 0.22357845961058767
0.9999679637270567 0.0028234032762063472 0.007489987550324871 29.477922817674976 -0.0027963309732797724 0.9999895290343908 -0.0036224790772972234 0.09350521707312161 -0.007500136842217646 0.0036014185423923176 0.9999653882669293 0.22078708144099382
0.999974710922512 0.0030763159736915454 0.006412004013450541 30.859568911055668 -0.003054403111202587 0.9999894717569687 -0.0034244703025208116 0.07418503723090318 -0.006422471259007047 0.0034047988558182493 0.9999735792548115 0.2596893939579247
0.9999793644620594 0.002976003023226825 0.005693334353567788 32.26990718056309 -0.0029565453628868205 0.9999897709359934 -0.0034229903442071427 0.0586298210245463 -0.005703462945699111 0.0034060871076776198 0.9999779342970734 0.21991921306599338
0.9999807337942633 0.003962369135011882 0.004778249797213945 33.63313707810452 -0.0039475841972765316 0.9999874041774248 -0.003099687968321101 0.08631951943137217 -0.004790471719161123 0.0030807657057048622 0.999983780000143 0.22567865633508874
0.999976454543174 0.004231976529392838 0.0054019194660762096 35.04149238421365 -0.0042160923092128665 0.9999867654116994 -0.0029484855582116542 0.09836278186821414 -0.0054143258955756494 0.00292564114365633 0.9999810626701863 0.22807793679598384
0.9999714080542431 0.004012577465076123 0.006409547261808391 36.43202694058119 -0.003994895009309558 0.9999881861221794 -0.002769193012089577 0.0983596024211734 -0.00642058314167691 0.002743508367105052 0.9999756243398938 0.24557626904130228
0.9999714424632895 0.0035434712050735014 0.00667518312159398 37.849126437522216 -0.0035292091119710615 0.9999914671710459 -0.0021471534977298102 0.10405705232354101 -0.006682734539990245 0.0021235340632181706 0.999975415528877 0.2337149681215788
0.9999736002133846 0.0035534714397595633 0.006338116203491733 39.231362049697395 -0.003538362769960421 0.9999908757665934 -0.002393401861275476 0.13829234802654417 -0.006346563258198046 0.0023709121215709354 0.9999770496919024 0.18392891573164896
0.9999717285346159 0.003774006689219203 0.006503768523105463 40.63402633013003 -0.0037614611143773867 0.9999910436250516 -0.0019401236983928294 0.1411300699213277 -0.00651103231273164 0.001915605175856277 0.9999769681922843 0.17570101988257034
0.9999688993142026 0.0037046086639842472 0.00696249086094675 42.06226911984596 -0.0036909087806161435 0.9999912293672903 -0.00197949005258699 0.1388027392132306 -0.00696976303149575 0.0019537305704351972 0.9999738023269125 0.15965961842743018
0.9999699277616279 0.0036085471429467327 0.00686454367908943 43.44449113997219 -0.0035935272091249977 0.999991125171341 -0.0021991227234736846 0.1476090583220355 -0.006872418395461235 0.0021743886664418997 0.9999740206121983 0.15478181541955877
0.9999713300195825 0.003404017913974879 0.006764007754912258 44.87596645065569 -0.0033849632188324564 0.9999902763406671 -0.002826525804494623 0.15164073283458254 -0.0067735635284779366 0.0028035488505928838 0.9999731291144618 0.147598028962061
0.9999760701183753 0.0020369527589296755 0.006611354934349222 46.289726489594244 -0.0020214354728391943 0.999995188817957 -0.002352900246014872 0.12782210895244842 -0.006616115872564689 0.002339479514002686 0.9999753766200268 0.1575316007572165
0.9999727980563367 0.0013872739897599965 0.0072442127424708356 47.73190194998738 -0.0013727005969912482 0.9999970250815119 -0.0020163137645556966 0.14013254845741027 -0.00724698837116918 0.002006314781745944 0.999971727530606 0.17401495613244802
0.9999727672954276 -8.809837306116499e-05 0.0073794922725852015 49.11758478648264 0.00010288773817239932 0.9999979871754938 -0.0020037612318334593 0.1291141197176837 -0.007379300890857785 0.0020044659232645863 0.9999707635899785 0.17518796635066883
0.9999723032404829 -0.0011957092441916989 0.0073459533981034275 50.54655376914116 0.001206446254230879 0.9999982102857463 -0.0014573649988097953 0.13026196750515842 -0.007344197666144687 0.0014661871324827909 0.9999719561347373 0.18124652509728917
0.9999701762042938 -0.002634630949892102 0.007259849978580496 52.01142091335963 0.002647559891392663 0.9999949254777571 -0.0017718480060261827 0.13380862218342998 -0.007255144972715118 0.001791016050414046 0.999972077176624 0.17615860772089006
0.9999593604051707 -0.00294769972699412 0.008519894623840315 53.39282993640206 0.002951261504325986 0.9999955627979649 -0.00040551191673834144 0.16587726533974712 -0.008518661491980288 0.0004306398739226006 0.9999636228161923 0.20459085208632347
0.9999485420574682 -0.004180731165601381 0.009243090612169881 54.854066780808914 0.004179394353646995 0.9999912528551199 0.00016393927001529988 0.14964972755053763 -0.009243695147532578 -0.00012530031332301438 0.9999572682869258 0.225817861990188
0.9999457419485982 -0.004496206458996845 0.009396663575203251 56.263341172384834 0.004496652781098978 0.9999898896580552 -2.637113345310406e-05 0.16321797548096498 -0.009396450001660802 6.86232360052788e-05 0.9999558500344992 0.23029863360902134
0.9999423790067584 -0.005008450499079754 0.009494950758297527 57.700874428071565 0.0050068353540123995 0.9999874469285692 0.00019386856271676864 0.17777076997247854 -0.009495802548602123 -0.0001463177366763757 0.9999549031456757 0.2502965937183937
0.9999392788774497 -0.00454835261208779 0.010037482082772657 59.13555090050573 0.004539572462647903 0.9999892934681643 0.0008973465874609108 0.21340603251794346 -0.010041456064846212 -0.0008517262223115271 0.9999492205719949 0.28358475713485126
0.9999337418619922 -0.004785969850669233 0.01046930649389394 60.554077963764726 0.004777381383199908 0.9999882310608298 0.0008452023141596231 0.1899866545535064 -0.010473228394055943 -0.0007951304426891042 0.9999448381058753 0.28887059000321086
0.9999307576694788 -0.004179430752776319 0.011000555673457847 62.00439567579247 0.0041709731059605005 0.9999909880818039 0.0007916681924695017 0.2084675607904729 -0.011003765259739607 -0.0007457303536542417 0.9999391786685569 0.3063922462333904
0.9999321800598049 -0.004128230330780217 0.01089004110103329 63.42472021468537 0.004124334441738728 0.9999914226269474 0.00038018146549369513 0.2054626720677858 -0.01089151716974526 -0.0003352415100245001 0.9999406294710057 0.32879865878496
0.9999441660183477 -0.0036582208150045888 0.009913741288732758 64.83827587368728 0.0036660892743624208 0.9999929790647419 -0.0007756356459284572 0.22066578878333643 -0.009910834238532208 0.0008119369997094605 0.9999505568391893 0.32384047415395106
0.9999513784884959 -0.002547317267987483 0.009526375685072266 66.27826942876366 0.0025648119578665874 0.9999950461257806 -0.0018246817582021659 0.25114219951065353 -0.009521680449254106 0.0018490264016892707 0.9999529582449307 0.3192156688125173
0.999953442392097 -0.0020677418249104014 0.009425364286881533 67.65819230391998 0.002074112138955193 0.9999976271523406 -0.0006661445213494754 0.2549503128159954 -0.009423964507039717 0.0006856627697355396 0.9999553583833312 0.3244609365350051
0.9999426999239778 -0.0011920976416639635 0.010638410217626936 69.11155193676811 0.0011739347588899953 0.9999978431106087 0.0017133742475862993 0.2803210427728843 -0.010640429781152634 -0.0017007872715778553 0.9999419426030338 0.3358213274664437
0.9999332303297792 -0.0005039656723393402 0.01154473476757884 70.47422320634402 0.00044377658790592707 0.999986300605602 0.005215521398934521 0.27910020055680396 -0.011547205055452451 -0.005210049877287249 0.9999197554982518 0.3471853065007522
0.9999271392997101 0.000833497545177358 0.012042482042346897 71.92438059346982 -0.0009218197880765749 0.9999727063851332 0.00733053429637524 0.31321397447241695 -0.012036043377139127 -0.007341101186757099 0.9999006160080057 0.34398761497566616
0.9999270623395402 0.0016133731659495655 0.011969420539222817 73.2988476422731 -0.0017458498027053892 0.9999372486936408 0.011065743692059152 0.33591624617318394 -0.011950816268513574 -0.011085833393089906 0.9998671323173379 0.3467635620710041
0.9999249504584597 0.0016391773383273372 0.012141109846317513 74.66736898330716 -0.0017801020423035012 0.999931068999307 0.011605536895045562 0.3213716199617225 -0.012121249414388802 -0.011626278319255522 0.9998589425339344 0.3499519652154053
0.9999261164854008 0.0024030369605162758 0.011915829127311336 76.14657785446592 -0.0025372640775226645 0.9999333590795201 0.011262312859646666 0.34016609442890616 -0.011887971291427381 -0.011291714365588705 0.999865577627943 0.3308395854018623
0.9999189631584589 0.0027740001877482492 0.012424654484970947 77.50154571165551 -0.002920850520239109 0.9999259136715076 0.011816759303595015 0.3336275623895605 -0.01239095429541062 -0.011852092269260019 0.9998529852735801 0.3279779131468771
0.9999170509784312 0.002346792945192573 0.012664269638231033 78.9132936229111 -0.002497671015560035 0.9999259415760049 0.011911045413318841 0.32422677850655135 -0.01263537898503473 -0.011941688582964592 0.9998488602142286 0.3258248583007342
0.9999293192069499 0.0017231741477505525 0.011763811507424924 80.27620781595755 -0.0018644179321946454 0.9999261842888654 0.012006245011835505 0.3056207447540584 -0.011742254302296895 -0.012027329062041917 0.9998587214299496 0.312809135836365
0.9999272382675113 0.0021915345775667928 0.011862349973886641 81.67521626178883 -0.002326680218935774 0.9999324131340233 0.01139103696455931 0.3435163332580776 -0.011836584383446612 -0.01141780802800926 0.9998647553194226 0.32456225974658515
0.9999247682338896 0.0020865399808111394 0.012087357995471441 83.02335521227974 -0.0022278630959762856 0.9999291857722499 0.011690169668188389 0.36081799983783175 -0.012062110032154311 -0.011716219174884085 0.9998586078590403 0.32271040205696905
0.9999378083081156 0.0014006189705666149 0.01106425697737713 84.40801181663022 -0.001528620142044475 0.9999319094193585 0.011568917210225975 0.3522912368786328 -0.011047299960781617 -0.011585110765763776 0.9998718629765123 0.3125630486248258
0.9999361312661914 0.0007258077118249323 0.011278589963624044 85.80705748981289 -0.0008691266146322717 0.9999188792041988 0.012707463552835196 0.3680353548076202 -0.011268451860386297 -0.012716454465941069 0.9998556464702721 0.32225016688837604
0.9999265601661336 -6.0397894331697957e-05 0.012119019201986957 87.17445336222204 -8.349348983563043e-05 0.9999295179205387 0.011872330017145988 0.37954196221980346 -0.012118882092046417 -0.011872469974408481 0.9998560782200335 0.32810492971632776
0.999914725112484 -0.001358321195141783 0.012988358893881353 88.54112167711406 0.001206720580401396 0.9999311428867322 0.011672759342766343 0.3802498685227804 -0.013003319909402906 -0.011656090629543502 0.99984751298514 0.3314629402649256
0.999911106675207 -0.003124288321303361 0.012962159158419435 89.96201694495423 0.0029841449489340795 0.9999370414904429 0.010817020581655751 0.3542605767465218 -0.012995138571272744 -0.010777378058952016 0.9998574770914542 0.33954104422555975
0.9998976779146017 -0.0036114209319511805 0.013841652352220795 91.3075801515719 0.003478403971532504 0.9999476579096853 0.009621961689057231 0.3804552310068381 -0.013875676805053565 -0.009572830291357047 0.9998579031609515 0.34467182747169334
0.999899857592907 -0.003435509089975785 0.013728512773672694 92.69214777294124 0.003309370577701424 0.9999522006204151 0.00920024677757763 0.4009003102873209 -0.01375946409071388 -0.009153892706470684 0.999863432372769 0.33350922746146494
0.9998972590124368 -0.0036618033392902117 0.013858665726548309 94.01020678039211 0.003545014621713188 0.9999580790888724 0.008442330023423648 0.41578795904666715 -0.013888998910925201 -0.008392333477461657 0.9998683235546846 0.34117756437434726
0.9998984206436055 -0.004018239951340497 0.013674872654500434 95.38585041157137 0.003910427265695364 0.9999611356722623 0.00790162664513385 0.42637551853350414 -0.013706091821633874 -0.007847349408101697 0.999875273298747 0.3278362050706678
0.9999082308480989 -0.003971148715036197 0.01295221448665551 96.74840142991614 0.00386895649316715 0.9999612665405485 0.007905478750597564 0.4438943965247583 -0.012983106634363065 -0.00785464171717821 0.9998848651447904 0.3347906155235809
0.9999144939476864 -0.0033686911934158424 0.012635533743603366 98.09913197664817 0.0032488175312729876 0.9999496382435359 0.009495586410023661 0.4611579555830353 -0.012666885094245942 -0.009453723936372128 0.9998750807604638 0.3335007176203058
0.9999105645067651 -0.0030726590867906196 0.013016211195996372 99.43100975174283 0.0029356575934057763 0.9999402327851811 0.010531513282155194 0.4878181208207023 -0.013047793003289763 -0.010492360251835394 0.9998598229122365 0.3323590899485328
0.9998856462695194 -0.004373061104691634 0.014476557628129183 100.85389406891572 0.00420911527089632 0.9999268856365158 0.011336080887803234 0.4216502905485742 -0.014525072558242848 -0.011273851064882113 0.9998309469852115 0.34775211359934444
0.9998787091552145 -0.0030695616048971586 0.01526907887384334 102.1638836957272 0.002910311824777577 0.9999412574389092 0.010440869531586404 0.5036283661511491 -0.015300230821280692 -0.010395165368900615 0.9998289071004942 0.341917966944007
0.9999005293627112 -0.004107616137725335 0.013492919248073842 103.53583698624276 0.003952068205232808 0.9999256640797732 0.011534620562721531 0.46793042043165806 -0.01353929603307096 -0.011480148269507186 0.999842434415863 0.320600651337205
0.9999212185976261 -0.003900424085464364 0.011930770729168979 104.84806806038823 0.0037602986676162375 0.9999239564891269 0.011744845382584421 0.46640778282213574 -0.0119756733492856 -0.011699056845917988 0.9998598478370592 0.3202648641203849
0.9999318442442596 -0.003994821876697241 0.010970335657913074 106.13316147739421 0.0038852695921407347 0.9999425561431738 0.009989449136575429 0.4800555292077305 -0.01100961154946915 -0.009946145586572828 0.9998899252625264 0.3251695761344651
0.9999226952722482 -0.0025954881679118454 0.012160054303045162 107.54860516196611 0.002497954949196127 0.9999646460840573 0.008029122184761449 0.5578836857081885 -0.01218046388913674 -0.007998126227828086 0.999893827501845 0.3330383672313253
0.9998964842052566 -0.0036873246480698062 0.013907714079134204 108.84831807768809 0.0036115034839111913 0.9999785018892181 0.005472915309094228 0.4875686962118707 -0.013927595505072233 -0.00542212101806641 0.9998883051056816 0.3247846564806697
0.9999007272309399 -0.0004084838175617234 0.014084346772502948 110.2431784245262 0.00033512625110959714 0.9999863695489992 0.005210413285738585 0.6160490260019308 -0.014086283166014419 -0.005205175999250566 0.9998872350267223 0.3214512362994748
0.9999069604355191 -0.0012575332150434125 0.01358267583409992 111.54471835554682 0.001166058661164714 0.9999766029110477 0.0067404701378759105 0.5360432672900399 -0.013590834404108604 -0.00672400481067174 0.9998850318809189 0.3114376406090469
0.9999276843828855 -0.0016982518606717893 0.011905542629311512 112.86918184120357 0.0015963113189335241 0.9999620307935443 0.008566724077723742 0.48528512470837415 -0.01191963904041031 -0.008547099617328196 0.9998924288608638 0.31988567232944864
0.9999359470307331 -0.0005651089851798043 0.011304091630275383 114.20310892962071 0.0004452905459023211 0.9999437269734041 0.010599273695312671 0.5247746402009161 -0.01130944525962803 -0.010593561175227438 0.9998799292462801 0.33543656239954645
0.9999275330746761 0.002517084603400722 0.011772547909944283 115.5372495431927 -0.0026514548881618823 0.9999313631553021 0.011412220001186772 0.6156283286637819 -0.011743014356146077 -0.011442607372394106 0.9998655751401547 0.34407343288655995
0.9999169506271387 0.00347066992148 0.012411538938439938 116.89986730584891 -0.0036265183281518824 0.9999145895407484 0.012556352510670362 0.6211069754533168 -0.012366899908216905 -0.012600320386909747 0.9998441337092534 0.34750589708187096
0.9998923967385385 0.004292631439868665 0.014027411014960856 118.20796278554654 -0.0044842801675602185 0.9998966469282209 0.013659673974134135 0.5929623873327612 -0.013967325292983628 -0.01372110698968062 0.9998083041499194 0.33210199284055775
0.9998754446986134 0.005293802924191342 0.014868447778762497 119.57629343411654 -0.005493657014927732 0.9998946820274012 0.013432966385891129 0.5931321087067432 -0.014795770387252554 -0.013512975391155306 0.9997992221814966 0.33422884251624335
0.9998760475145211 0.0061419481491166265 0.014497105906792082 120.89452768718547 -0.006341874554047927 0.9998848659554059 0.013785334978907361 0.5876753087686711 -0.014410767983695472 -0.013875565079431188 0.9997998792057571 0.33010821744567864
0.9998687943340204 0.007778880888055311 0.014208558306943354 122.20987778479383 -0.008004764250239547 0.999841375332123 0.0159106229691596 0.6081226830925348 -0.014082537638169055 -0.016022271564859643 0.9997724585862382 0.3309825007980076
0.9998616618525245 0.008878591044333771 0.014065126326322192 123.54007868213566 -0.009111639809688047 0.9998208131858758 0.016592755657581715 0.593444714556861 -0.013915285749363305 -0.016718616611465738 0.9997633983503859 0.3206852394319517
0.999862010358306 0.009092828212592226 0.013902543556593719 124.92878693628651 -0.009355873151395726 0.9997761996507122 0.01897414687289257 0.5709693770464185 -0.01372690350449406 -0.01910159907116138 0.9997233122384928 0.3156420489212253
0.9998562640330403 0.010629494859062491 0.013208524252640168 126.24636082355873 -0.010887480789964817 0.9997483090315578 0.019615844376147034 0.5677503101658954 -0.012996693269426901 -0.019756832427852297 0.9997203376627276 0.3083410292207498
0.9998523407044476 0.011586886072184895 0.012690187507971986 127.5776609051299 -0.0118258605576994 0.9997510385102809 0.01892115270496586 0.5568465617841636 -0.012467790899238334 -0.01906843120880674 0.9997404408751943 0.310548930474349
0.9998333088993127 0.012728198236281657 0.013089972693231651 128.88847217389105 -0.012971162203752695 0.9997419900588397 0.01864677624349264 0.5653693604936672 -0.012849255485652519 -0.01881346015088294 0.9997404414899976 0.29547343544261945
0.9998143336744425 0.013537286711478686 0.013712769509537204 130.2327965156409 -0.013790402881681447 0.999733100048064 0.018535195079857732 0.5542868753810916 -0.013458193321964976 -0.01872085833445392 0.9997341679145161 0.33962093922214837
0.9998190148330283 0.013450723790452689 0.013454204094846864 131.5778197186639 -0.013690953831148068 0.9997455835114676 0.017925569238064973 0.5089452217480612 -0.013209669242877205 -0.018106525863020747 0.999748797628517 0.3292182646408951
0.9998146845185543 0.013787636736541448 0.013434943032441374 132.9166787003686 -0.014027259440663733 0.9997412389796425 0.017907849564749428 0.5262149041371474 -0.013184559668342456 -0.01809298639447227 0.9997493742081969 0.3400201004271209
0.9998164133125254 0.013385645943058374 0.013710001953482771 134.24644230849037 -0.013652266382442763 0.9997158267580186 0.019541784774021083 0.4977131227582945 -0.013444526525699585 -0.019725369761259836 0.9997150366450838 0.3462561948625654
0.9998257393030399 0.012696682090410737 0.013685221628629953 135.58574973047632 -0.012943234333554857 0.9997527531254261 0.01808052275564943 0.46110433159786435 -0.013452275350897503 -0.018254503061598617 0.9997428716454334 0.34866781240845096
0.9998449650453342 0.01176144782891557 0.013103977200160573 136.91765725689262 -0.012009109597726835 0.9997476598977129 0.018984146431081105 0.4684618066802451 -0.012877389493387863 -0.019138570323162633 0.9997339085805887 0.3598952086847972
0.9998380548962544 0.011288994723757204 0.014015083995524258 138.26464449285942 -0.011569439643764208 0.9997311721124091 0.020093072763471283 0.47656692484802476 -0.013784485757688434 -0.020251965457106537 0.9996998778871188 0.3777074846986927
0.9998620642849438 0.009116632397779182 0.01388306225494727 139.61651664737656 -0.009397246044741302 0.9997501066306026 0.0202833936724926 0.407078389173445 -0.01369467672585127 -0.020411058419946816 0.9996978766225083 0.3728026096412217
0.9998668889036119 0.00841787081548411 0.013976549114359806 140.98212533732547 -0.008688621700963791 0.9997735545590845 0.0194254332572267 0.4359889825858001 -0.013809863400838984 -0.019544284464447628 0.9997136133001405 0.3702636422026475
0.9998854595544417 0.006826711348453652 0.01350791559670705 142.30250336377114 -0.0070893553835656205 0.9997848720816956 0.019492321483934878 0.4169703136681158 -0.013371941214662014 -0.01958585123890341 0.9997187532598352 0.3657119201828763
0.9998963263884781 0.005942265490924108 0.013115866561591683 143.6463773793852 -0.006198890000903464 0.999788433290209 0.019612812696452 0.42506527102080405 -0.012996547140791103 -0.019692083179409493 0.9997216170627063 0.3676994702375401
0.9999227624758047 0.006673630817308175 0.010484833545161774 144.98050490755895 -0.006842621831841617 0.9998459184510867 0.016165329664729403 0.393367503614635 -0.010375336583546552 -0.01623582484560765 0.999814357959697 0.3639126393547106
0.9999219019048716 0.005386624568951239 0.011277161287188682 146.29336216442553 -0.005553495470103153 0.9998747760824483 0.014818597846529412 0.3832888189450934 -0.011195926893635917 -0.01488006820638915 0.9998266023622123 0.38185090177107256
0.9998962421545983 0.004428657096163346 0.013707367414561227 147.7111563815745 -0.004546761961506423 0.9999527079633543 0.008597022299620819 0.37197542439059234 -0.013668645901426048 -0.008658454427863057 0.9998690910744976 0.404170046798132
0.9998826661130034 0.0031108514209167866 0.014999220319377926 149.0150558604973 -0.003141779804977389 0.9999929860754152 0.002038877051612402 0.36822440426481 -0.014992772472404691 -0.002085762069732656 0.9998854266215601 0.4127970470740909
0.9998791088641413 0.0024697843956743262 0.015351476218577373 150.35975874832764 -0.002478438364145645 0.999996780304987 0.0005447228055308536 0.38394826320881514 -0.01535008144362088 -0.0005827046409785566 0.9998820107667583 0.4485429036091808
0.9999044748046544 0.002861327337952146 0.013522354509977037 151.69091486285882 -0.002888430891298282 0.9999938578623385 0.0019852467310777487 0.39474876538654213 -0.013516591013069918 -0.0020241154764856573 0.9999065979999948 0.4656987697196318
0.9999370977791007 0.0036950233338399995 0.010589961646367132 153.0251959629175 -0.0037726284868660003 0.9999661094491656 0.007317597105581912 0.3785656693874217 -0.010562564054680855 -0.007357088803454227 0.999917149310346 0.46487020078586094
0.9999267133380174 0.004867761134544373 0.011084802865518127 154.39194844099796 -0.004939672976416997 0.9999668732476525 0.00646931512598758 0.3968447898772649 -0.011052944581261378 -0.006523596312640393 0.9999176341615509 0.4724334616654259
0.9999130780954866 0.006034646901699607 0.01172259742467886 155.73531582524492 -0.006060489369236975 0.9999792800736492 0.0021702285574447767 0.42625599728262553 -0.011709257970283417 -0.0022410845941174453 0.999928932883546 0.40451001845910506
0.9998882131282878 0.005298108997476266 0.013981819916247326 157.0765943500837 -0.005174385855249681 0.9999472708283365 -0.00887024768438317 0.35709921372031317 -0.01402807820553127 0.008796908775937941 0.9998629043113096 0.3823377775169504
0.9998691517257193 0.006006593930477447 0.015019995227854226 158.42718089747285 -0.005842306182494109 0.9999228919188908 -0.010957995940499995 0.35530863581725175 -0.015084657296750344 0.010868810694660882 0.9998271460949253 0.3903423864695851
0.999878690831219 0.005190508466577577 0.014685443251935396 159.7590983540251 -0.00503641586560736 0.9999320798798582 -0.010510477742203686 0.3202884564872625 -0.014739000538574075 0.010435240725497766 0.9998369205096023 0.3967138791365525
0.9998739615609861 0.006227676106402312 0.014604007759978747 161.13840902192553 -0.006089938067111509 0.9999367359197936 -0.009457103806549804 0.3230919788709315 -0.0146619796302723 0.009366974345158546 0.9998486316162755 0.38718614146221003
0.9998713191383729 0.007586438172726773 0.014134748683351012 162.46621715514587 -0.007470253079340105 0.9999380268090233 -0.008254566021765067 0.3374194833229377 -0.014196495462638261 0.008147913667219526 0.9998660265352808 0.3762613093152156
0.999864143140409 0.00938312161670054 0.013551837175156425 163.82158622457766 -0.009283566224481172 0.9999295948452991 -0.007390585272603512 0.3808166907932888 -0.013620229816395062 0.007263771833018886 0.9998808563816524 0.3825735576679033
0.9998601432971231 0.010039009097329382 0.01337580435712931 165.16082528298168 -0.009944140706761515 0.9999250625011601 -0.007140269438567925 0.38025665790059754 -0.013446483237656981 0.007006259943433187 0.999885045597815 0.3742241129738027
0.9998514754463602 0.010071671252947965 0.013985295345801117 166.52212677379396 -0.009969370654540231 0.9999231781695518 -0.007365419747382935 0.38752563393555334 -0.014058403056148906 0.007224901208687077 0.9998750732496714 0.3655093078190141
0.9998627636116229 0.009580175040056831 0.013515701577421064 167.83989452419644 -0.00948293246202173 0.9999288211648715 -0.007240621226886332 0.3533026808244846 -0.013584105964279159 0.007111459064944021 0.9998824426976998 0.35659502721837455
0.9998837161550094 0.00958757488676132 0.011858860646761163 169.20279246978393 -0.009514470209249578 0.9999354800246326 -0.006205694525577789 0.369609536440196 -0.011917593074352691 0.006092142127218266 0.9999104243779118 0.3498001285453819
0.9999117447572518 0.008161244257364213 0.010483166920360686 170.6237738856157 -0.008116673673168043 0.9999578690184588 -0.004287166493843874 0.3431065025727834 -0.010517713867176919 0.004201699683970339 0.9999358596503947 0.3500740692281997
0.999907878273003 0.008686881899223864 0.010429431933253993 171.9258285290843 -0.00864678172953679 0.9999550733892312 -0.003883860046291603 0.3589329625145306 -0.010462702007760236 0.0037933212369068163 0.999938069372644 0.3348376619093669
0.9998993369329041 0.009017494421363941 0.01095448745946041 173.30903602971898 -0.008972334038771694 0.9999510749635973 -0.004164721004210344 0.3688754183455414 -0.010991506859184687 0.004066014449910646 0.9999313247935868 0.30619522070124494
0.9998719504292398 0.008441327327391609 0.013595099770861062 174.67362314143125 -0.008490363350860123 0.999957643281174 0.0035532201916972394 0.37979746273559073 -0.013564530032338243 -0.003668192540222682 0.9999012690703466 0.3460573000266836
0.999838597650842 0.009299474843561093 0.015372001015861773 176.0777977478276 -0.009433246419602876 0.9999180680434109 0.008652806615183518 0.36536179080204706 -0.015290275000297756 -0.008796417905414026 0.9998444031560354 0.36321005490439634
0.9998444962487698 0.008174485968989434 0.0156256551922297 177.50106807754864 -0.008283227853044405 0.9999418377894336 0.0069071828283654236 0.3498803035940853 -0.015568283700466456 -0.007035539597835525 0.9998540542125081 0.35808461597867425
0.9998586870507568 0.006978600073193287 0.015293955346977932 178.90616692014788 -0.007074286033207256 0.9999556860612928 0.006211311520894674 0.3493908458006417 -0.015249931352543754 -0.006318627596848611 0.9998637479872121 0.3312939082067366
0.9999251797131156 0.005613947617252429 0.01086823664833527 180.24981937433137 -0.005637404226084338 0.9999818436904725 0.0021288407631963303 0.3489440324427291 -0.01085608812073661 -0.0021899501259311062 0.9999386728540709 0.29181976361680845
0.9999602223098082 0.004996035598924687 0.0073887364558056275 181.67721849151965 -0.0050146681206429825 0.9999842879791464 0.0025053739201035966 0.35679175013258196 -0.007376103426530897 -0.002542326323272749 0.9999695643743899 0.3090255041651708
0.9999634218021961 0.0036743440081049524 0.00772361662390657 183.0578724732673 -0.003724505116594115 0.9999720023503677 0.00649019083175304 0.34515053513738914 -0.007699553187000331 -0.006518720081903364 0.9999491102897258 0.3416191335297876
0.9999509673625168 0.0029544949101607326 0.009451657557957314 184.39024703294973 -0.0030493009055975414 0.9999450290044194 0.010031985513244605 0.35509778767541295 -0.00942149854079378 -0.010060314566486575 0.9999050082063142 0.3438822795170332
0.9999295703439004 0.0025377389112565592 0.011593715240645647 185.82763436279157 -0.002686525413512343 0.9999140077081662 0.01283587824014677 0.3491084070449131 -0.011560144162831064 -0.0128661210242876 0.999850401808552 0.34230275000892574
0.9999079042814146 0.0028751272440502382 0.013263355490975905 187.18800547259795 -0.0030933955973044946 0.9998596502404682 0.016465440312578877 0.36622611721129267 -0.013214153746194184 -0.016504952721502732 0.9997764613534531 0.3579262725384365
0.9998768862018182 0.0035021755087363813 0.015295332819600266 188.65765715747332 -0.003823508171859025 0.9997715321639996 0.02103007987879846 0.3697052966391368 -0.015218187297311767 -0.021085972615815563 0.9996618370900378 0.3866794208458837
0.999883149225186 0.003952637151481485 0.014767009009052279 190.06936473853588 -0.004276634283790787 0.9997493989081953 0.021973843130074708 0.41303026547992494 -0.014676453751755157 -0.022034428566476475 0.9996494813998663 0.3856895300756232
0.9998810121272403 0.0032663040882150245 0.015076234443944935 191.46328635759102 -0.003564128916566887 0.9997981980983992 0.019770181189359 0.3731255986702707 -0.015008616607521615 -0.019821562420689807 0.9996908757664696 0.38510918072521344
0.999873294318378 0.0038875237735869336 0.015436400740579235 192.88396264423312 -0.004146236046289679 0.9998508874132696 0.016763402564688865 0.4002719019464744 -0.015368930852938563 -0.01682528150751617 0.9997403192162605 0.36827621392223703
0.9998710500480473 0.003438253938280265 0.01568635348546665 194.25087653160566 -0.0036841372647441373 0.9998703820042879 0.015673108281832916 0.3606680149883156 -0.015630432125492727 -0.015728877914696782 0.9997541157660292 0.36720865967599686
0.9998633296270268 0.004358577633012379 0.015947566214703092 195.6786930541659 -0.004580456964419345 0.9998928561288721 0.013903081544884607 0.3846426560328002 -0.0158852598704723 -0.01397422854627807 0.999776164676566 0.35188216512286924
0.9998521734135585 0.004711873778379035 0.01653570578112849 197.08729244184724 -0.004894669712111101 0.9999271701897888 0.0110316147798159 0.36438730916283985 -0.016482521912400554 -0.011110920832115331 0.9998024174353999 0.35459299920913284
0.9998872893256886 0.004868219549386825 0.014202432303862342 198.52519375464848 -0.005062801366043235 0.9998933748718145 0.013696967904654212 0.37288133109731064 -0.014134238120776636 -0.013767328203834788 0.999805323043878 0.36518504398648177
0.9999232425338469 0.005523226915958516 0.011090671982896849 199.96039914237159 -0.005756173673641077 0.9997611592873081 0.021082951528111963 0.3971699472626286 -0.010971577153548306 -0.02114517308826458 0.9997162128073301 0.40856416395631556
0.9999425889995184 0.006366821471015858 0.008618717381160792 201.4323130069587 -0.006635163387433595 0.9994825844763341 0.031472812637729816 0.39707662153885676 -0.008413876143738532 -0.03152819235008243 0.9994674480819142 0.37126658661776335
0.9999023627313474 0.00726400603307341 0.011937303741652777 202.88364659056464 -0.0077013713155418394 0.9992852001934811 0.03701050599673549 0.39482921024088596 -0.0116599264204005 -0.03709882600063939 0.9992435755236283 0.3692466522514825
0.9998847709063133 0.008320257044419275 0.012697174187362135 204.33453420833413 -0.008766328187031705 0.9993315831581822 0.03548997594643856 0.39642899872734305 -0.012393401459917177 -0.03559719406464961 0.999289369189414 0.3519127443276988
0.9998790883087284 0.008408538450266954 0.013080720317953883 205.78729822225677 -0.008843801337172667 0.99939686640382 0.033581104808118406 0.4042384745579705 -0.012790462885086382 -0.033692727751780394 0.9993503910820417 0.35302753631708644
0.9998911249118482 0.0067012547647343 0.013146539738532649 207.25482875020415 -0.00711143670214322 0.9994814044113692 0.03140620486318589 0.37335431226838117 -0.01292926102103684 -0.031496276295065684 0.9994202413344422 0.356705603585779
0.9998980320952408 0.005281826636709284 0.013267543836166963 208.620828750261 -0.005656813496689744 0.9995810072886383 0.028386798496748272 0.35532275591214885 -0.013112050683570914 -0.028458955975423087 0.9995089604158937 0.35937824206103064
0.9999104719589896 0.004767953615857931 0.012502587134974232 210.1891723172464 -0.005134080984687993 0.9995540282959922 0.029417439210398 0.36210703168966674 -0.012356750349232644 -0.029478994819563027 0.9994890192419499 0.3356149599092003
0.9999110833853073 0.004119709119832718 0.012682796221223392 211.6443428149362 -0.004528566711949795 0.9994654006106458 0.032379083769257785 0.3490466222281029 -0.012542623599412184 -0.03243363961952404 0.9993951879083041 0.34173599764402307
0.9999012019789254 0.004276361251818105 0.013390258232915238 213.09257738510365 -0.004728325690331705 0.9994138570877964 0.03390553342833723 0.37978956055564267 -0.01323741731858427 -0.0339654971307339 0.9993353370052496 0.33712524931427446
0.9999077457682395 0.0033747732982835777 0.01315715994669227 214.52085347001815 -0.0038238525979638564 0.9994057225748781 0.03425755151634205 0.37470573475650604 -0.013033729473435307 -0.0343047021524889 0.999326427803369 0.3340868209824664
0.999916636381291 0.0034348732928459994 0.012446763972494808 216.00763875841716 -0.003876309103983987 0.9993579914074231 0.035617120010624524 0.3812989143346921 -0.012316432748782104 -0.03566239834311417 0.9992879959394898 0.3407382450571675
0.9999225023193326 0.003006804873140001 0.012080913868545708 217.49539910192442 -0.0034327987088446665 0.9993674290559039 0.03539714162495924 0.36972958424954677 -0.011966839535521185 -0.03543586977411065 0.9993003021539038 0.33541753495360166
0.9999262201899446 0.0027217318964360567 0.011838342457215944 218.88973545535634 -0.0031525605582983056 0.999327672742358 0.036527576613688516 0.37638094353510165 -0.011730964946527669 -0.036562202707530425 0.999262522961107 0.33849380126449885
0.9999330990586401 0.002103042626031404 0.011374296404470966 220.44214892859395 -0.0025314136836565304 0.9992829116898098 0.03777901996476626 0.36509084137942754 -0.011286689140127084 -0.037805285562327214 0.9992213823932138 0.3435512403079935
0.9999307097473097 0.0020195647091702136 0.01159728686490741 221.89083941415817 -0.002461533327889894 0.9992662125779104 0.03822273216129586 0.38442373806818375 -0.011511583640714557 -0.03824863080665696 0.9992019443953755 0.36002559248351773
0.9999370335797166 0.0020694574545407304 0.011029334596453548 223.4082424425546 -0.002504039933946602 0.999215032481058 0.03953541005083316 0.3896314727835397 -0.010938860077991766 -0.0395605385418622 0.9991572974914771 0.3582011557879365
0.9999373674353963 0.0014860472936963959 0.01109291980545878 224.90307272406264 -0.0019038273859799753 0.9992855207480272 0.037746833835810935 0.37585709762391545 -0.011028900564146668 -0.03776558865931824 0.9992257621106261 0.3543325432648422
