1.0 8.809142651444726e-20 8.673617379884037e-19 -5.551115123125783e-17 -8.809142651444726e-20 1.0 1.7347234759768075e-18 0.0 -8.673617379884037e-19 -1.7347234759768075e-18 1.0 -5.204170427930421e-18
0.9999993011580781 -0.0003480319849955573 0.0011298482609536818 1.3160940844717768 0.0003481171165631284 0.9999999365833229 -7.515200288644408e-05 -0.058402083065748844 -0.0011298220340017183 7.554526988583102e-05 0.9999993588973364 0.018140396604628333
0.9999976844684006 0.0012037922336848642 0.001783799903291163 2.5652097675998258 -0.0012028053760217308 0.9999991230587825 -0.0005542029350592417 -0.11574037075546209 -0.001784465484192614 0.0005520560876714074 0.9999982554569841 0.031373844761168695
0.9999986394128025 -0.0006181909179817514 0.0015293830562432202 3.938004467711342 0.0006198069839748455 0.9999992498970204 -0.001056430167642244 -0.032676137255790993 -0.0015287288335133146 0.001057376652576315 0.9999982724698919 0.05086287512022356
0.9999984007782681 4.514582847883508e-05 0.0017878486402269187 5.247258270556373 -4.223857058184243e-05 0.9999986769655036 -0.0016261251936714267 -0.01741965105395331 -0.001787919687610572 0.0016260470769656984 0.9999970796527827 0.05581015781996869
0.9999978342789607 -0.0005117407152973472 0.002017314756903738 6.5770076148026755 0.0005161313502076184 0.9999974981042639 -0.00217655545354751 -0.016359025232741395 -0.0020161958777478663 0.0021775919391248456 0.9999955965140692 0.06461971147217126
0.9999937290291434 -0.00015521838932396352 0.0035380516728461373 7.908951067822021 0.00016586611016503096 0.9999954580126916 -0.0030093923673290184 -0.018714693697550123 -0.0035375684900242426 0.0030099603383857247 0.9999892128157882 0.08866139790605293
0.9999918465559179 -2.9936048173991268e-05 0.004038059622968641 9.218944807265856 4.41545258118273e-05 0.9999938000279814 -0.0035210731283326284 -0.00825488760339672 -0.004037929180097176 0.0035212227180676198 0.9999856479562625 0.09793923556822974
0.999994937117419 -0.0004887314081681532 0.003144341129672701 10.56888755159871 0.0004977511978482706 0.9999957621508043 -0.0028684358414991446 -0.013720303399096906 -0.0031429259097411188 0.0028699864185090266 0.999990942556323 0.11476489612529629
0.99999976125739 -0.00026014954059701913 0.0006401619946872543 11.87085991524027 0.0002601641649665278 0.9999999658982571 -2.2761627385817595e-05 0.006013227191134679 -0.000640156051429707 2.2928169162438385e-05 0.9999997948372433 0.13179410100599342
0.9999998629580734 -0.0005189306255434093 -6.92447853670793e-05 13.216428150546607 0.0005191581846994555 0.9999943281669366 0.0033277783484544736 0.000790846377677373 6.751750652218289e-05 -0.0033278138414063884 0.9999944605328688 0.14835168949158592
0.9999999742804176 -0.00022569692887327783 -2.236202890365548e-05 14.554368449159945 0.00022583087646110592 0.9999808603715529 0.006182870772068862 0.02217753902848045 2.0966145957854647e-05 -0.006182875663084594 0.9999808856217981 0.16029827265756677
0.9999994513082826 0.00017803036154504502 0.0010323218123940204 15.909387886253867 -0.00018474120273223832 0.9999788298907584 0.006504278668544596 0.03340803147010974 -0.0010311419989455287 -0.0065044658120739915 0.9999783141001998 0.17437868237918067
0.9999931219981084 0.00028929098660151624 0.0036976028993620565 17.25279901734922 -0.00030627438159745577 0.9999894036475238 0.004593341776196705 0.035118045200281875 -0.0036962349058841837 -0.004594442664224674 0.9999826143209319 0.18905688774499058
0.9999817952730408 0.0007384212903141648 0.0059886439620787674 18.60679770493437 -0.0007417600717121566 0.9999995707075079 0.0005553168427094685 0.029704176601747293 -0.00598823133341935 -0.0005597488702927412 0.9999819137197931 0.20934730775700172
0.9999912287028238 -0.0003204395689140225 0.004176102956058748 19.959018473517386 0.0003284012773567254 0.9999981297592404 -0.00190594612259289 0.03604314225570346 -0.004175484405186888 0.0019073008425181896 0.9999894637112324 0.2294184480900545
0.9999981701759535 0.00042546949737668545 0.001865106016167769 21.2956969562332 -0.0004203796107849053 0.9999961891415741 -0.002728549671904441 0.03239547729111738 -0.0018662598231702647 0.0027277606265974906 0.9999945381832024 0.2273120934699488
0.9999991075090473 0.0006287964855296626 0.0011788113032794607 22.653363547343208 -0.0006282040021962217 0.9999996762186959 -0.0005029137450871971 0.04195691053850707 -0.001179127151997835 0.0005021727622626753 0.9999991787405009 0.26913773461169954
0.9999957817767439 0.001535840784522727 0.0024652833110140764 24.025769369357935 -0.00154309242311502 0.9999944808495093 0.0029423011902771187 0.046229416534141254 -0.002460750798576103 -0.002946092938991869 0.9999926325938117 0.26089648052767644
0.99997180946967 0.0024313251490996088 0.007104148363679865 25.411355822100486 -0.002450449266785749 0.9999933943525614 0.002684501747740564 0.061502312056291274 -0.007097574539568339 -0.00270183442536154 0.9999711618473771 0.26531331574306566
0.9999656278706398 0.0023038169881185637 0.007964640893482242 26.78865009962048 -0.0023051764657958614 0.9999973300339028 0.00016151324134681773 0.052191403207179535 -0.00796424753121186 -0.00017986759253896337 0.9999682687010176 0.2687244900603432
0.9999689272822049 0.00254261939820292 0.007461873536334933 28.14487537621878 -0.002517133529921291 0.9999909739089243 -0.003422884671366764 0.04755669374325603 -0.007470509277748028 0.0034039957809629848 0.9999663015841356 0.2922545996118193
0.9999854542922716 0.0022895214872325157 0.004883574023039839 29.507984533308502 -0.0022709810068785594 0.9999902063243565 -0.0037986709040537486 0.05676232640019036 -0.004892223333557632 0.003787525145845013 0.9999808602188964 0.2877018307731381
0.9999914586477237 0.003112216845004089 0.002719694451209785 30.894978784573485 -0.003102710124394382 0.9999890868263306 -0.00349276654321963 0.05078851725686107 -0.002730535017583386 0.003484298286761137 0.9999902018739817 0.3253298639743129
0.9999925631013814 0.003279995107896683 0.002028638465092835 32.281251489148765 -0.0032791065121029633 0.9999945263879622 -0.0004411967785806723 0.06718397969539229 -0.0020300744843882767 0.0004345413758433706 0.9999978449833682 0.31804002582417756
0.9999927437486507 0.0037974120770117798 0.00030349886822772905 33.66920519204855 -0.0037976459833223538 0.9999924894729898 0.0007738750530681203 0.06606642993853154 -0.0003005578663186626 -0.0007750220188940901 0.9999996545028599 0.33898245830567697
0.9999911876102683 0.004198178388099151 -1.646711163281767e-07 35.05812053452306 -0.004198176882859558 0.9999908607803492 0.0008084965286339692 0.07651055976275928 3.55888226472699e-06 -0.0008084887125289882 0.9999996731666146 0.33908637931488506
0.9999909675818432 0.003709767482690948 0.002074217913656108 36.45311094880838 -0.0037114625916561104 0.999992781217455 0.0008139769098972642 0.07649105307082756 -0.00207118327525604 -0.0008216679399109217 0.9999975175277371 0.3676524167084185
0.9999861494153517 0.0034901620495914622 0.003939510924672342 37.8565859644782 -0.0034969772704644283 0.9999923987585145 0.001724405741658198 0.08440519785412277 -0.003933462524020837 -0.0017381582377908305 0.9999907532965056 0.3760363846623107
0.9999865098633278 0.0029884910375955268 0.004248412960014334 39.251134102143034 -0.0030078843684191586 0.999985052918459 0.004565804561420559 0.07900244037311197 -0.0042347045926281815 -0.004578521703026023 0.9999805520189021 0.38985870109815207
0.9999849920083412 0.0033955285527686946 0.004299551595822217 40.65227902738451 -0.00342819322563671 0.9999651458747928 0.007612787059424375 0.08892682340932465 -0.004273552302886137 -0.0076274125004337605 0.9999617789342063 0.413606422120246
0.9999830751880792 0.0034119411687726126 0.004712535925948364 42.06952021061741 -0.003454718917900591 0.9999526324831306 0.009099324549402278 0.09132613349913617 -0.004681266344785266 -0.009115451032060332 0.9999474957705986 0.4141910770979502
0.9999810883057091 0.0032024898282521654 0.005250437108428562 43.45964224311074 -0.0032581351404716865 0.9999382540804286 0.010624150883286249 0.09926968218068712 -0.005216089180223609 -0.01064105659623845 0.999929777698504 0.42772191863402664
0.9999836373380239 0.002728368685106492 0.0050280274992893954 44.88417340136456 -0.002777339036454521 0.9999485290042736 0.00975836718236876 0.09788790422352579 -0.0050011442782693215 -0.009772172046555259 0.999939744789355 0.4438759263719787
0.999987496770723 0.0015481200101713141 0.004754958113113582 46.28983826176819 -0.0015902318627546042 0.9999594368006235 0.008865433774081022 0.09666344136302274 -0.004741040481375109 -0.008872884413427441 0.9999493959482849 0.45325072660788895
0.9999866011217768 0.0009653351775108322 0.0050858337478936035 47.71612313137222 -0.0010056326287267972 0.9999680761282318 0.007926880055792812 0.09765096502956111 -0.005078019292223435 -0.007931888324853418 0.9999556484503049 0.4561449145123859
0.9999811065717433 -0.00011788531935312404 0.006145941962231081 49.118982639928916 6.690584401604207e-05 0.9999655989272304 0.008294364696195551 0.10703315561974518 -0.006146708319065443 -0.008293796787776973 0.9999467140361447 0.4694827864981759
0.9999788023135346 -0.001314673861764267 0.006377033497320684 50.554325682655076 0.0012605537308309229 0.9999632213549233 0.008483333176073063 0.11628707727390247 -0.006387951775056264 -0.008475114755669534 0.9999436816651214 0.47390589026725977
0.9999775424677585 -0.0025734840364853473 0.006188032001872748 51.99647805366254 0.002518702636475643 0.9999577158746362 0.008844354120532312 0.12481578996898324 -0.006210531150494039 -0.008828569685646784 0.9999417411330195 0.48412519935444137
0.9999659560381599 -0.0033386504941702324 0.007545871557797635 53.39912303393457 0.0032707363055858975 0.9999541980534375 0.008994669495089683 0.1365097204338939 -0.007575555999946457 -0.008969682724843251 0.99993107549626 0.4944633050056548
0.9999482737498258 -0.004397013281346134 0.009171482919738657 54.85794284060441 0.004325823885444338 0.9999604759221489 0.0077674861610155105 0.13837314280502463 -0.009205274165146386 -0.007727410158203971 0.9999277724214842 0.5086905584926359
0.9999433632121236 -0.004664004650946177 0.009566474201239678 56.25294802682475 0.00460475161430029 0.9999701372133095 0.00620652432247002 0.1512882657983725 -0.00959513577796744 -0.006162121567347198 0.999934978699711 0.5140242198106005
0.9999445123457037 -0.005229622426091848 0.009144576479709446 57.68753372232828 0.005198899817746701 0.9999807726469508 0.003380203705752891 0.16013661659917525 -0.009162077842813348 -0.0033324744091844834 0.9999524743426131 0.51491687994188
0.999940905526196 -0.005351796449945205 0.009462754895357854 59.13720483137009 0.005332919619349471 0.9999837417432632 0.0020189644564463853 0.1666520210789987 -0.009473406134269903 -0.0019683810355696535 0.9999531889305189 0.523079409178635
0.9999339508858283 -0.00469943471626332 0.010488526074024323 60.534273073974134 0.004678250328174439 0.9999869691815427 0.0020433895808648593 0.1846137463194287 -0.010497992175880336 -0.0019941866662452653 0.9999429060600487 0.5399683247489103
0.9999265042196533 -0.0040854383467681145 0.011414698970110597 61.980477910054546 0.004091779670627786 0.9999914869929054 -0.0005322413408633769 0.19844906834945356 -0.011412427357513584 0.0005789086565629319 0.9999347085518018 0.5363734422363008
0.999931051735858 -0.0034975509314583942 0.01120976859273706 63.39123726169231 0.0035187734533555777 0.9999920530472922 -0.001874053266462821 0.21142180992730109 -0.011203124912488467 0.001913368689885571 0.9999354124204481 0.5525400766499367
0.9999431187475943 -0.0032729733026114964 0.010151202642771034 64.81302339121667 0.0033064148897513053 0.9999891567940122 -0.0032793162362221447 0.21756887910558187 -0.01014035945669778 0.0033126937921745354 0.9999430979660434 0.5543736077481939
0.999944820918926 -0.0026975178668199808 0.010152758973551916 66.25508381795467 0.002735677806553639 0.9999892395852307 -0.0037465691893564922 0.22766844078950615 -0.010142543288326743 0.003774137134510678 0.9999414406376677 0.5547714334789103
0.9999470862683777 -0.0021256856731212293 0.010065094326468732 67.62343170048372 0.0021482681394756407 0.9999951985073977 -0.0022333620734726854 0.23538265807238168 -0.01006029857323031 0.0022548664194136842 0.9999468515726463 0.5617938157677748
0.999934838389266 -0.001585447752314966 0.011305101983497668 69.09465809837955 0.001578212577995319 0.9999985440959519 0.000648884454489436 0.25065484649296 -0.011306114296753808 -0.0006310003179873252 0.9999358847536713 0.5706533781560268
0.9999217694079062 -0.0008385864634625212 0.012480057568191972 70.4702956441827 0.0007885795776076864 0.999991643671288 0.004011325198174917 0.2677590888302278 -0.012483317123740324 -0.0040011698713039385 0.9999140750250739 0.5720644494273655
0.9999066077897906 -9.475599862612274e-06 0.01366658730359851 71.91972835135037 -9.529641412528007e-05 0.9999706141790147 0.0076656178510114276 0.28130214278782484 -0.013666258336037981 -0.0076662043187810626 0.9998772238102213 0.581747661817427
0.9999077588575546 0.0002231138891138538 0.013580279697226088 73.27282410172494 -0.0004032197910935995 0.9999119875230601 0.013261018870499708 0.2927243135511319 -0.01357612574567859 -0.013265271496511612 0.9998198444629218 0.5901072048508045
0.9999162747472776 0.001015212214370327 0.012900110064901622 74.676986894998 -0.0012268400390132103 0.9998646301785229 0.016407808552166954 0.30178449381691336 -0.012881706371651888 -0.0164222611757846 0.9997821617626657 0.5928532647065703
0.9999121944371933 0.0018614279478823053 0.013120156317341312 76.10856728476021 -0.0021045824998352524 0.9998258390415032 0.018543524946885177 0.30812861902309774 -0.013083353862753068 -0.018569509173621372 0.9997419662996812 0.5941664097843645
0.9999069815113688 0.0023138396446872565 0.013441520409608233 77.47802586971984 -0.0025610461769144063 0.999827365684275 0.018403257084622166 0.31889474948985397 -0.013396617756096248 -0.01843596959591921 0.9997402891040029 0.593023206603512
0.9998995726596033 0.0022954555680980856 0.013984830312793503 78.89417090230737 -0.002536048025896958 0.9998486730957467 0.017210443605118524 0.32126095981471053 -0.013943208223112954 -0.01724418140734748 0.9997540823382706 0.6012582642836888
0.9999126366985683 0.002248069414589039 0.013025557739462285 80.26445938339445 -0.0024690897416764614 0.9998528309588848 0.016977043893192444 0.32609955118774264 -0.012985475207493354 -0.017007721993583507 0.9997710311997565 0.6080339720588563
0.999911221895906 0.001823379099433339 0.013199379352686594 81.65445649857365 -0.002035768417412701 0.9998683890993565 0.01609534488007108 0.32673340304468285 -0.013168294255029559 -0.016120786845483535 0.9997833346570123 0.6149214979418057
0.9999096886161447 0.0015665402604013539 0.013347680067235222 83.0799889164927 -0.001772276886433989 0.9998795988055738 0.015415801213126969 0.32782952614275496 -0.0133219235173656 -0.015438064775656849 0.999792074638412 0.6109537982038679
0.999916502499319 0.0011887079235198775 0.012867595074526214 84.41332809164028 -0.0013772175820330253 0.9998917195967926 0.014651018855390139 0.34008709710410334 -0.012848785983942191 -0.014667517010108403 0.9998098682467068 0.6122490250901687
0.999908502052781 0.0004900401435528597 0.01351840904919178 85.8258866367393 -0.0006957401585799871 0.999883991187693 0.015215784968287639 0.33664118932608655 -0.013509384449163574 -0.015223798055253349 0.9997928447956494 0.6154045356110188
0.9998889469000948 -0.0006412762522637283 0.014889010436816334 87.17000260406635 0.0004209167453223582 0.9998904066633507 0.014798563838850684 0.35117406587905975 -0.014896868668040622 -0.014790653378648098 0.9997796356580383 0.6266468805405625
0.9998772250803586 -0.0019500520718580894 0.015547734964262146 88.54858448070017 0.0017382324392868267 0.9999056547161022 0.013625718870943788 0.3506640656548217 -0.015572838970107816 -0.013597020397132035 0.999786281023465 0.6274453057556402
0.9998604989233971 -0.0028705626448223076 0.016454256675931336 89.95951172739139 0.002679837314492807 0.9999291081852363 0.011601597986735174 0.3484608495054086 -0.01648639331761596 -0.011555884820303309 0.9997973096390071 0.6337418395904869
0.9998526575403358 -0.0038088418068618272 0.0167378592901928 91.31655077652664 0.003645497654519138 0.9999455425750057 0.009778662036709539 0.3650370135645967 -0.016774193166256536 -0.009716203397808756 0.9998120932631058 0.6310240240209519
0.9998647621077392 -0.004132599193920214 0.015917886767293023 92.68657753772152 0.0040123599349982395 0.9999632347664537 0.007578263862004579 0.3695505285910685 -0.015948619469595898 -0.007513370702457961 0.9998445833216788 0.6263593525912533
0.9998656419276613 -0.004369507398802369 0.015798908116629352 94.01294962616439 0.004264692673155929 0.9999687151365989 0.006661917476451194 0.3803079690245651 -0.015827523147650603 -0.006593644906372126 0.9998529958738231 0.6264587229803495
0.9998710476545972 -0.004519752254050605 0.015409733990567262 95.40210149137923 0.004421678421034216 0.9999697915804145 0.006392549300798138 0.3975232989432493 -0.015438161225968588 -0.006323588078312729 0.9998608280214686 0.6235802820687328
0.9998699548226249 -0.004760303827063631 0.015408210489089486 96.75295456313414 0.004668028669995599 0.9999709893351815 0.006019135847821055 0.4136809973113107 -0.015436416402071532 -0.005946427119915683 0.999863169165246 0.6226866983064059
0.9998846606286692 -0.004503877200286455 0.014504500324233479 98.09669279177656 0.0043997916386335385 0.9999644001385838 0.007200020070726311 0.41890074040796854 -0.014536411972270175 -0.007135372845688665 0.9998688809945661 0.6264911602208026
0.9998820239492993 -0.0041383848416688155 0.014792293735427963 99.47860712183049 0.004006725589234103 0.999952196654885 0.00891911179002488 0.44356256762947216 -0.014828497331338472 -0.008858790886606927 0.9998508076162772 0.625015077941937
0.9998559454342407 -0.004101610527253308 0.016470129655941856 100.80482041176248 0.0039396379345530965 0.9999436799304966 0.009854756212170761 0.4524745517095944 -0.016509622428918257 -0.009788450241964394 0.9998157923383263 0.6315235765432384
0.9998328718367456 -0.003868848092753951 0.01786785966815411 102.14047697549405 0.003681596034613426 0.9999380870184635 0.010500856179070503 0.46162514987982783 -0.01790737963308906 -0.010433318948963393 0.9997852127384089 0.626565438605576
0.9998447151088162 -0.0037135124968088367 0.017226592637729347 103.46402060766518 0.0035476412246200103 0.9999471504731482 0.009649378341243834 0.4770179874331636 -0.01726151530751582 -0.00958676616837678 0.9998050479987193 0.6304689401187529
0.9998832198651747 -0.003580945991470619 0.01485676471701901 104.81444166884425 0.003437539409949372 0.9999473653577688 0.009666945580781535 0.48937774220094543 -0.014890599546550682 -0.009614745959354166 0.9998429010125948 0.6287390617796575
0.9999008565851576 -0.0035496905418947637 0.013626323690743732 106.12953112480517 0.0034229429584050927 0.999950767540095 0.009313750988633141 0.49392585201503725 -0.01365871376710289 -0.009266185462828957 0.9998637793945718 0.6275751867977746
0.999886833553476 -0.003323128053684627 0.014672317688156312 107.47483540049458 0.0032151006703959872 0.999967597911385 0.007380125677380805 0.5048113702721596 -0.014696367377096614 -0.007332117516347541 0.9998651193229234 0.6253681822970284
0.9998515335587311 -0.002729155496268437 0.017013598988185084 108.81394713200463 0.0026569417837273507 0.9999873724511951 0.004265629908084008 0.5108188274925581 -0.017025025715442208 -0.004219792463148495 0.9998461590919658 0.6220278862904398
0.9998402124318188 -0.0018132472186900088 0.01778374929027174 110.15745971137227 0.0017674929897365098 0.9999950886048702 0.0025881913895247 0.52328789050416 -0.01778835497809058 -0.0025563451765147935 0.9998385067232166 0.6268892756770686
0.9998543212070441 -0.0012186603216121376 0.01702501778622984 111.47583717387383 0.0011788013630921852 0.9999965415169704 0.0023510383757716375 0.5332543333005043 -0.01702782402267789 -0.002330626765165786 0.9998522997862905 0.6269633677302807
0.9998911526018586 -0.0004915031948099502 0.014745893432955123 112.79844917749573 0.00044031690628276867 0.9999938677688287 0.003474269097258027 0.538175303635565 -0.014747510622088698 -0.003467398065929573 0.999885237455331 0.6216922657460121
0.9999135622305563 0.0006035635997467287 0.013134069376265833 114.14675017127938 -0.0006890599435408789 0.9999785986262475 0.006505957721999899 0.5428994591217726 -0.01312986152987573 -0.006514445522629185 0.9998925785981907 0.627857538070486
0.9999208402990487 0.0017873312677989255 0.012454661078626259 115.45421415242183 -0.0019098848400507025 0.9999498109037974 0.009835040079102936 0.5632219275564689 -0.012436457515789777 -0.009858048508653468 0.9998740687726925 0.6206703541772858
0.999885519898657 0.003447492893045792 0.014733020387715125 116.80568948584009 -0.0036024049802041566 0.9999383734454763 0.010501047070354937 0.5659055238095774 -0.014695910157286314 -0.010552919215440269 0.9998363196647146 0.6194975575162425
0.9998479539314304 0.004674901428510759 0.016799235570877695 118.13111275927965 -0.004852067418623292 0.9999328824622563 0.010520837062167545 0.5553959017928578 -0.016748924171339146 -0.010600748433825413 0.999803529535551 0.6118502823524922
0.9998203740263928 0.0056334310151715675 0.018096522779839145 119.49346283334177 -0.005810994305228747 0.9999353440583602 0.00977445896575698 0.5499683757841637 -0.018040288991824194 -0.00987786200986686 0.9997884655341875 0.6141089728378467
0.9998220978776633 0.006548155102993223 0.017688817378660186 120.82309494969688 -0.0067209695515428975 0.9999300950098924 0.009727983439276422 0.5490255024557059 -0.017623880497656584 -0.009845138813381294 0.9997962152748676 0.6092413620326663
0.9998176770459082 0.008002456161465967 0.017337051707481083 122.12603998045024 -0.008208228956862617 0.9998963268199981 0.011830494041553338 0.54370759305643 -0.0172405813102627 -0.011970643560783286 0.9997797087602973 0.6044796175761985
0.9998101484435644 0.008709452406096073 0.01743021824429497 123.48529971758634 -0.008945332650284708 0.999868844280443 0.013500935562665026 0.5580554080956006 -0.0173103464157583 -0.013654291489397397 0.9997569265730991 0.5949831461991106
0.9998116917786897 0.01018660617498507 0.01651708319499017 124.79299177612498 -0.010438797554247332 0.9998291454999535 0.015254878382148122 0.5463753680959745 -0.016358865738672432 -0.015424424250792839 0.9997472053715758 0.5932837019715416
0.9998107142019484 0.011464872528451039 0.01571917507047434 126.14688099811673 -0.011716447943292867 0.9998032343861003 0.016006791017710863 0.5303139183286469 -0.015532566258733992 -0.01618793405592355 0.9997483134151411 0.5839931143588731
0.9997938784436162 0.012203735772207394 0.016225580417161715 127.48967451054173 -0.012438497941356368 0.9998182628009442 0.014447322889204025 0.5252687178217043 -0.016046320314468034 -0.014646166833140701 0.9997639748467941 0.5852146183399948
0.9997659419463637 0.01324124749195435 0.017109374300565264 128.8278826012324 -0.013492713114729663 0.9998013982497155 0.01466665438051532 0.5259655114301339 -0.01691177154835154 -0.014894073410947718 0.9997460470341084 0.5853691402349559
0.99973211899264 0.014171315311901527 0.01829929170258746 130.1798517976922 -0.01442725788557098 0.9997988700291054 0.013931034363138665 0.5072304755664382 -0.018098190085998958 -0.01419131110413642 0.9997354961212274 0.5789423331466749
0.999713032131927 0.014513872006035522 0.01905783054235597 131.49358794901704 -0.014751584178031147 0.9998143919955171 0.012392430063265741 0.4880711724740213 -0.018874431112677243 -0.012670007025526458 0.9997415799956236 0.5774433442312961
0.9997060400666044 0.014283961898532253 0.019590862329924002 132.8521306089227 -0.014483340392057007 0.9998443689544952 0.010073267646342766 0.4820460202755517 -0.01944392721228318 -0.010354047636954588 0.9997573342527151 0.567882244466419
0.9997119592931323 0.013991887495610554 0.019499372569313715 134.19512931950476 -0.014149109892738663 0.9998683038387596 0.007948438075830356 0.47370073641460336 -0.01938559092547689 -0.008222047367431174 0.9997782738195294 0.5536160374805129
0.9997126397243024 0.013695981825403311 0.019673791126915932 135.53474168333014 -0.013819188384090663 0.999885657296185 0.006140225222348208 0.44388176897764225 -0.019587445159395027 -0.00641033659134757 0.9997875972309884 0.5453800496545443
0.9997151400492229 0.012835066202566107 0.020122122948097586 136.89056112435904 -0.012937337675846263 0.9999040041512551 0.004960622556472122 0.4214571649278511 -0.02005652138890837 -0.0052195361731092954 0.9997852231314053 0.5420013750126476
0.999707391698369 0.011484978598048477 0.02128911107224261 138.19286229775713 -0.011562427136348112 0.9999269628205304 0.0035184234006495427 0.4221516220524673 -0.021247147158161145 -0.003763547676324287 0.9997671701183868 0.5343494420009177
0.9997101366515893 0.010519875353033895 0.021655828282876738 139.56988094679517 -0.010584711778259292 0.9999398286026534 0.0028815014605852642 0.4054659394260621 -0.021624212185233315 -0.0031098869196171746 0.9997613325442805 0.5299884094781275
0.9997213747398911 0.009147301992730459 0.021760049504450017 140.89007740516686 -0.009171664890547795 0.9999574190957703 0.0010200776743246446 0.40373056426142495 -0.02174979198332294 -0.0012193693369738506 0.9997627016883068 0.5214454194676181
0.9997383206724707 0.008251890475899082 0.021335334132888652 142.26352841182813 -0.008280560765413449 0.9999649270281445 0.001255797359312094 0.3894814798710859 -0.02132422313704612 -0.0014321372738413801 0.9997715871590022 0.5119485748397112
0.9997604804845279 0.006946408473884025 0.020754013362712292 143.5943466227221 -0.006975956345174144 0.9999747542060357 0.001351659590520089 0.39529470540208883 -0.020744100231533613 -0.0014961149328753265 0.9997836985796936 0.4980869617699378
0.9997984113141399 0.00586522529128851 0.019202496348244218 144.93321393596165 -0.0058458623979548785 0.9999823463904307 -0.0010643309226143207 0.3927834189138063 -0.019208399895516547 0.0009518612141932438 0.9998150485633244 0.49095914627731146
0.9998293591065648 0.005224341591273723 0.017718886068081273 146.2660235275286 -0.00512493313995015 0.9999708997216229 -0.00565108575753541 0.3846879309987312 -0.017747893645923107 0.005559313344799554 0.9998270381952407 0.4885393289777784
0.9997800006668907 0.004235877032698793 0.020542823863232165 147.62020528797464 -0.003933262418639192 0.9998834912180838 -0.014749014756316356 0.36940984561966667 -0.020602905456707957 0.014664969665831973 0.9996801783327717 0.463892403042893
0.999745819582981 0.0030067862862613415 0.022344025209936436 148.96091972329702 -0.0025125494562570068 0.9997522836534868 -0.022114665379968645 0.3529304605024313 -0.02240498430223478 0.022052903796708313 0.9995057209003607 0.4638420452794141
0.9997871018048562 0.0018866364845009328 0.020547303166637748 150.30312873625405 -0.001405768663019349 0.9997253739974583 -0.02339231497966912 0.33677105106175487 -0.020585793137803666 0.023358450043128493 0.9995151864441432 0.47382320648630766
0.9998518029293642 0.002083853686414077 0.017088877456219564 151.61883410225977 -0.0016841708727256329 0.9997254748605681 -0.023369605971927974 0.34826403125513267 -0.017132884969307805 0.023337362075121677 0.9995808280394354 0.45964454759942963
0.9998966411197528 0.0028209527805984442 0.014097847454338336 152.96865398674592 -0.0025192136947359417 0.9997683478147807 -0.021375319180399702 0.35987883374678964 -0.014154880423246776 0.021337594360971022 0.9996721194607211 0.43939538034838094
0.9998948312893822 0.003750070332784575 0.014009401603113097 154.31045795417936 -0.0034467401139542265 0.9997604562147177 -0.021613657069698988 0.35777455443781997 -0.014087098472183604 0.021563097222775284 0.9996682382144568 0.43133921293603344
0.999846836765296 0.004316446307390016 0.016960875617352218 155.66637887505934 -0.0039046056878722078 0.9996985345300063 -0.024240340611885784 0.35928496794668113 -0.017060394627736775 0.02417040235150053 0.9995622714895318 0.4250382267379009
0.9997710582951739 0.005005578523033941 0.020803249241353437 157.0082835942957 -0.0043829759189802425 0.9995442803110403 -0.02986672428603748 0.3478493275099877 -0.020943269024719383 0.02976870640680046 0.9993373822695836 0.4302770334358424
0.9997332001429536 0.004999844231117179 0.022550611734354697 158.3321153402522 -0.00422963025857364 0.9994103553407094 -0.03407421115202447 0.3354267202600903 -0.022707680634640116 0.03396973940761917 0.9991648602932219 0.41744953246799654
0.9997321231967989 0.0051002991957752 0.022575845422351234 159.69561200347113 -0.00429970531301383 0.9993650369799505 -0.035369978743044476 0.3203368712124613 -0.022741908069499425 0.03526343446370124 0.9991192600521634 0.4128542086423398
0.9997224847621521 0.005995897742052143 0.022781630127260994 161.0499110289672 -0.00520132166498044 0.9993815095337714 -0.03477850852089138 0.32830785918437144 -0.022976068286934492 0.034650362368482714 0.9991353525292792 0.38099920923689273
0.9997121824976558 0.007285002414340114 0.02285784122783215 162.40845347138136 -0.00658762671923341 0.9995149597002182 -0.0304376166885482 0.32596980765584693 -0.023068492364733476 0.03027827728411913 0.9992752726775161 0.3828529806629902
0.9997441372050809 0.008062574278709581 0.021134214441714812 163.74958429291965 -0.007515432439324805 0.9996377962802737 -0.0258417205922462 0.32703504970099356 -0.02133491034239518 0.025676275896595043 0.9994426198920895 0.3792578927814057
0.9997605574700547 0.008687807117377941 0.020083568772922007 165.11035160444922 -0.0081912988257024 0.9996620018655507 -0.024673561755612063 0.32620706357565404 -0.020291139709575145 0.024503143342256988 0.9994938046909722 0.3555932948133028
0.9997437417617914 0.009060749168327362 0.02074496644107293 166.45834591075754 -0.008615837805243108 0.9997330849187513 -0.021436563571393345 0.3142887471937711 -0.02093366062222111 0.021252335009247798 0.9995549610249594 0.34084745609835704
0.9997320203246831 0.008760468069533402 0.02142759288230647 167.78887782200286 -0.008273032915685487 0.9997073674273678 -0.022731837537202003 0.31137070061036953 -0.021620464007582486 0.0225484746855402 0.9995119418123289 0.32404019622889507
0.9997731572217136 0.008165191794109503 0.019671393999724004 169.16032126720947 -0.007767151244554955 0.9997652501689941 -0.020226614053585567 0.3121211497497091 -0.01983193032639988 0.020069235099871238 0.9996018809216172 0.3216470737687546
0.9998275541346571 0.007455614291814707 0.01700811008433933 170.56216670399021 -0.007210950947009207 0.9998702931951565 -0.01440135314029395 0.3117954326853897 -0.01711327495101811 0.01427622503897006 0.9997516317661539 0.32318317105781347
0.9998571638278113 0.006912415440493365 0.015423049470952225 171.92124662381772 -0.006774770751628981 0.9999369167057429 -0.00895907865101415 0.31850307049794563 -0.01548400540778397 0.008853311346056564 0.9998409195740798 0.3149033888317263
0.9998373632172499 0.007424464436120191 0.016435462957089766 173.29711443348842 -0.007341341631167756 0.9999599847815898 -0.005112097285593241 0.3140410364396799 -0.016472759872940737 0.004990607522103208 0.9998518600366401 0.2954955111947661
0.9997882193790025 0.008059963273980243 0.018935505881426503 174.685364410341 -0.008025296532264983 0.9999659802032576 -0.0019060565855608831 0.32223513385292807 -0.018950224445442955 0.0017536898700266416 0.9998188903823068 0.29275338974541115
0.9997489355045202 0.008115927958836538 0.020885345842144905 176.05142330233787 -0.008077690343088454 0.9999655421202959 -0.0019145471485912606 0.3149367775674901 -0.020900164504142053 0.0017453611173561703 0.9997800442288644 0.28074150416231763
0.9997151824133658 0.0070643028637600086 0.022795825873610644 177.46166238238956 -0.006987763871512425 0.9999696837872325 -0.0034355003330424298 0.31925037977656323 -0.022819404205344406 0.0032752299936677867 0.9997342385155176 0.27355626412270384
0.9997048578982661 0.005892729900782182 0.023568471077346515 178.82998097668687 -0.005745056338561946 0.9999634713130158 -0.0063285359515710396 0.30566462733852884 -0.02360490250507383 0.006191265940016272 0.9997021940577033 0.2632592193974619
0.9997929406962067 0.003676816337884888 0.020013914051196343 180.16383867895627 -0.0035421086507449366 0.9999708640207463 -0.006761994965123008 0.3035030052078846 -0.020038193539776223 0.006689703373057269 0.9997768344327863 0.2536355938551728
0.9998740712345581 0.0020451726558119183 0.015737183408656596 181.58742371450688 -0.001981113248879271 0.9999896935626444 -0.0040850898134070154 0.3066287454461235 -0.01574537592834456 0.004053398240539161 0.999867817813724 0.2517502519350306
0.9999104211284602 0.0016502991724009338 0.013282553645548242 182.9817923182775 -0.001621577569924561 0.9999963246305894 -0.002172834898790509 0.32900795146549533 -0.013286090654892118 0.0021511015676292924 0.9999094221764068 0.219714969658736
0.9998861964906154 0.001300560388187431 0.0150300568930126 184.31157091327907 -0.0013415504426237527 0.9999954078568717 0.0027174450461576074 0.3377436207607554 -0.01502645367145601 -0.0027372993708522754 0.9998833496374534 0.22298230755202994
0.9998231315859348 0.001230329578113071 0.018766774758164725 185.7635217651501 -0.0013037868107805075 0.9999915353413744 0.003902484535865576 0.3465903889350491 -0.018761814561670292 -0.003926262183025387 0.9998162725119168 0.21234221205090667
0.9997488131246286 0.0016628010342688705 0.022350520097236763 187.11255378515443 -0.0017990702626280882 0.9999799092677314 0.00607819110341711 0.3569649850871172 -0.022339964236468182 -0.006116874497647143 0.9997317189347817 0.22005930247711003
0.9997432528844837 0.001722168361314693 0.022593416034023667 188.59079045189864 -0.001858561650913064 0.9999801690211804 0.006017251279534605 0.3628029195920447 -0.022582605264693145 -0.006057697624229209 0.9997266277532836 0.20543113968711132
0.9997337904074803 0.0013496852809420329 0.023033164505439893 189.98713192244668 -0.0014346843741020229 0.9999922210629157 0.00367416581053215 0.36879982552454343 -0.023028026364388138 -0.0037062330335509547 0.9997279499136063 0.1864101972171478
0.9997201905860185 0.001475363859654531 0.023608554300009594 191.3431616205324 -0.001504376305814366 0.9999981349431468 0.0012111821326036502 0.37434147659050476 -0.0236067233343677 -0.0012463593821443676 0.9997205455534587 0.17456430261040565
0.9997111545697877 0.0020257584641658923 0.0239479379360107 192.80226849654684 -0.0019906384236718414 0.9999969082302659 -0.0014902645990893548 0.37068783151865253 -0.023950882810626448 0.0014421624575469692 0.999712096245733 0.15708078834242167
0.9996806847366049 0.002421897762176699 0.025152792604049866 194.17943531186046 -0.0022787378228873176 0.9999810516396122 -0.00571871626066381 0.3631534676589377 -0.025166166145985065 0.005659573567416666 0.9996672612967515 0.1385437666190608
0.999641005089792 0.003034294002916024 0.026620556023010084 195.6453120898684 -0.002800978111734373 0.9999573790889917 -0.008797415932644975 0.3541211745117289 -0.02664611537706642 0.008719694110359524 0.9996068984705607 0.12076354378336339
0.9996058940133161 0.003495584111757781 0.02785386051442139 197.01972097232036 -0.003156774893151135 0.999920612315416 -0.012198517903320077 0.34615413143443274 -0.027894290206298262 0.012105782026836449 0.9995375723880546 0.11661225585964233
0.9996837062390049 0.003616149728850165 0.024887967803450234 198.47785390660314 -0.0033661612971006847 0.9999435384983146 -0.010079125636263129 0.35115343805494653 -0.02492301021885077 0.00999216075772463 0.999639435139002 0.10399902865879866
0.9998123622531133 0.0037790560290248305 0.018998921584625395 199.89278091241317 -0.0037415785523958484 0.9999909846837397 -0.0020077702012283776 0.3620278937107909 -0.019006337779422552 0.0019363075102318678 0.9998174882634532 0.09037931053486843
0.9998321007049413 0.004783957773573196 0.017688531537827422 201.33302445947223 -0.004881941488995661 0.9999729559383376 0.005500367191527397 0.38024504567963113 -0.01766173964370638 -0.005585798059747304 0.9998284161858942 0.04966427538868904
0.9997547822413781 0.006412461260122358 0.021195653471451983 202.80363518267072 -0.006684902630134266 0.9998956296982934 0.012807879882277858 0.385629492571425 -0.021111311241134894 -0.012946430042319153 0.9996933042122665 0.030689811093601846
0.9996846048795383 0.0070824713815223934 0.024094177013783205 204.22854354913403 -0.007424175761319045 0.99987271353298 0.014122264211529371 0.38808255605441044 -0.02399108961899491 -0.014296689523281841 0.9996099400704098 0.017735704320660194
0.9996575323905771 0.006476102998821046 0.025355039434619652 205.66815678594844 -0.006808070056305877 0.9998919498238734 0.013028386681444602 0.37887204587409107 -0.025267926644085534 -0.013196543765754458 0.9995936089810437 0.010794996058353915
0.9996476845112953 0.0050771043977770325 0.02605244445613578 207.0866282646242 -0.005349709578626801 0.9999315590672986 0.010404700316008559 0.3737854334897984 -0.02599783565280609 -0.010540407590585528 0.9996064287254229 0.0029634192707876394
0.9996699950281884 0.004055785206454819 0.025366348706522095 208.55013401579487 -0.004248638415456649 0.9999624465274083 0.007553449975661022 0.3574687833630902 -0.02533476094137221 -0.007658729743189123 0.9996496855132624 -0.019385795631907565
0.999684254484164 0.003934405367264511 0.024817570204336482 210.04132344326388 -0.004120567574369328 0.9999637246274801 0.007454552434731309 0.3540228245140847 -0.02478734070662252 -0.007554461168286101 0.9996642025486111 -0.043996791552502384
0.9996924999534601 0.003500027730109024 0.02454903954719058 211.49140720332505 -0.003715304471503289 0.9999549983762427 0.008729131403103808 0.36616551515190715 -0.024517382598578642 -0.00881765435119189 0.9996605158363803 -0.06194593486525271
0.9996782332848054 0.0033307728175077734 0.025146288970907316 212.93455332870354 -0.0035628333708513987 0.9999514306294797 0.009189265499952467 0.3715077042659728 -0.02511446027574097 -0.009275900737676118 0.9996415465308368 -0.09060920658366277
0.999676718522533 0.003168155525231951 0.025227390562404636 214.393232471896 -0.003388094437846616 0.9999565857203196 0.008680293234742332 0.3705572234582476 -0.025198794814442874 -0.008762959838366426 0.9996440522879986 -0.10312001885439016
0.9996886051429037 0.0026752177901837445 0.024809997122341394 215.82733896438847 -0.002910013974135965 0.9999512786704208 0.009432502534372054 0.37691070419389044 -0.02478355434770883 -0.00950176273991759 0.9996476839060492 -0.11719367994150201
0.9997020214037529 0.0023158531635799296 0.024300313277306626 217.30590319594725 -0.0025451889065085135 0.9999524775254344 0.009410882220916354 0.3843478078187408 -0.024277364244923577 -0.009469926867220799 0.9996604073736486 -0.13251017368593673
0.9996985409714345 0.001854373017877591 0.024482411651948952 218.78696356183025 -0.0020628286325453634 0.9999618146334436 0.008491996998546424 0.37429320961868695 -0.024465729451983838 -0.008539940029130066 0.9996641923699584 -0.16034867424000837
0.9997084498148833 0.0013945971758792964 0.024105403283082267 220.27947251407258 -0.0016224353924582414 0.9999541752940981 0.00943477690767303 0.3877443834629058 -0.02409114094683568 -0.009471135656155014 0.9996649011129992 -0.1737530809379005
0.9997058900522887 0.0014634129437199285 0.02420726786147815 221.7517246891176 -0.0016789464875067708 0.999959111510007 0.00888574402115788 0.3933885245628796 -0.024193274550033294 -0.008923773342796607 0.999667470580029 -0.18503691405049114
0.9996872720557496 0.0011891508911121762 0.02497887126937356 223.2317261173344 -0.0014663945202526957 0.999937498219276 0.011083742241965927 0.38932246153901495 -0.024964129803474858 -0.011116904925991503 0.9996265335854294 -0.20127638193403363
