1.0 -2.1684043449710093e-19 -2.5135375298442207e-37 0.0 2.1684043449710093e-19 1.0 2.3183291766350204e-18 -8.673617379884035e-19 -2.51353752984422e-37 -2.3183291766350204e-18 1.0 0.0
0.9999996051917989 -0.0005752605321510217 0.000677267721610383 1.3273296131564947 0.0005753941083097035 0.9999998150465057 -0.00019704967556571635 -0.005147294397329037 -0.0006771542414461252 0.00019743929362565135 0.9999997512398984 0.014190926913472833
0.9999992601539638 -0.0006470405596256914 0.0010300631238006621 2.623440015128795 0.0006476885246415298 0.9999995925270339 -0.00062884444906315 0.0025565359774911375 -0.0010296558162135466 0.0006295111438800191 0.9999992717620447 0.02334949003255532
0.9999983865324534 -0.0013303332004357654 0.0012071230532606607 3.9461945310002564 0.0013310064323033728 0.9999989590390047 -0.000557084180507161 0.0020274243918167096 -0.0012063806891118795 0.0005586899702183868 0.9999991162551846 0.04234461964541795
0.9999985941994876 -0.0008635833129860243 0.0014372970848619692 5.279320172421826 0.0008648361681006644 0.9999992464633675 -0.000871281297626511 0.013000389035556727 -0.0014365435778164169 0.0008725230992821107 0.9999985875219977 0.04301812525486972
0.9999977931357295 -0.001191163591171408 0.001730564350120825 6.609836906458676 0.0011932121504741368 0.9999985881374855 -0.0011832023493067736 0.008000341498876518 -0.0017291525192424078 0.0011852646685495255 0.9999978025872011 0.044665623117091435
0.9999967474933951 -0.0008686532023628613 0.0023980083913875756 7.943066977960599 0.0008741740284179276 0.9999969679180314 -0.002302167350958461 0.022704755649917287 -0.002396001335387786 0.0023042561397996256 0.9999944747753575 0.06369782393350688
0.9999967051155134 -0.0008573013915610714 0.0024196678368933995 9.264881023014711 0.0008631309300304756 0.9999967253368087 -0.0024092157762811454 0.027271826302346622 -0.0024175944892586222 0.002411296328343882 0.9999941704264592 0.059628969725748084
0.9999966503591559 -0.0012337765086073843 0.0022753166801738546 10.576212668436414 0.0012391285319670689 0.9999964656102039 -0.0023523026125911247 0.03293103962350993 -0.0022724064226132476 0.00235511414303988 0.9999946447888727 0.06278623838941524
0.9999974436091644 -0.0012969608425499068 0.0018522061734394068 11.906138899547644 0.001300445561504994 0.9999973845375801 -0.0018814248166792785 0.058794464358796796 -0.0018497611947483313 0.0018838287003193606 0.9999965147804017 0.050493624849423144
0.999998032492155 -0.0010981886335002225 0.0016519665686728503 13.233324844987884 0.0010991529806139684 0.9999992260084426 -0.0005829624694753311 0.059080110750508924 -0.0016513250873069383 0.0005847770864699306 0.9999984655794304 0.06680031768761753
0.9999981817239485 -0.0011513626702203041 0.0015201686743667678 14.569263025197095 0.001151403142290493 0.9999993368036891 -2.5748511704671753e-05 0.06710828414440607 -0.0015201380203213207 2.749879187524703e-05 0.9999988442114399 0.06346065283967187
0.9999980038802898 -0.0005396935023619104 0.0019237895829270451 15.921589808776506 0.0005400188691743121 0.999999839974687 -0.00016861263705424158 0.09353213579831181 -0.0019236982759273805 0.00016965118315833495 0.9999981352999711 0.07619356375937039
0.9999938573846737 -7.109965094076709e-05 0.003504302749527788 17.24751507129935 7.542820747955899e-05 0.999999234424874 -0.001235095239712395 0.08337752296079412 -0.003504212251880347 0.0012353519762723089 0.9999930971771698 0.07895361176080884
0.9999898267714507 -0.00018259803056335316 0.004506995846809603 18.614342915362222 0.00019713684389188347 0.9999947783104562 -0.003225598996475612 0.09329161463064477 -0.004506383324652374 0.0032264546766564866 0.9999846411318278 0.0896992444088669
0.9999905076739765 -0.00031068688443373 0.004346036769589263 19.96045462600037 0.0003294012518048408 0.9999906747834011 -0.004306023810124484 0.07696867182369514 -0.004344658416733176 0.0043074145258949065 0.9999812848865443 0.10085093086432781
0.9999935602502038 -0.0004497148516179745 0.003560507642784872 21.346518130608388 0.0004675278995218449 0.9999873721166397 -0.005003701122217433 0.08831565779439395 -0.003558212442401936 0.005005333536293614 0.9999811427024038 0.0998727571379294
0.9999951380541818 1.6795335468882522e-06 0.0031183112700560165 22.681637410511268 7.233745340716994e-06 0.9999959148722803 -0.0028583537961744837 0.09610663049905188 -0.0031183033320572977 0.002858362456082818 0.9999910529341745 0.14820936534516113
0.9999919547082367 0.0005107832770476536 0.0039786454031228696 24.04566304909175 -0.0004975570845619225 0.9999943497993622 -0.0033245761080556045 0.11685823606437816 -0.003980321060857344 0.0033225697576635426 0.9999865586968947 0.1150690770389526
0.9999765683348807 0.0012594458759864814 0.006728787207306868 25.443680438859566 -0.0012366467913662524 0.9999934846114672 -0.003391377202375622 0.11067863995716365 -0.0067330146226753035 0.0033829766036510204 0.9999716105887156 0.1219822887732987
0.9999680639684432 0.0011872670170616742 0.007903255040399381 26.816970962637757 -0.0011546135613443693 0.9999907845776852 -0.004134927717557486 0.09630492903662967 -0.007908091471863513 0.004125670458927004 0.9999602196750312 0.13144602099364605
0.9999634637456655 0.0012137642141194387 0.00846155719732227 28.205787672550464 -0.0011392571322406577 0.9999605895249628 -0.008804628900509178 0.1042466558890953 -0.008471910466811608 0.008794667322961436 0.9999254375000772 0.18121619647630646
0.9999811489757142 0.001432813705090551 0.005970656420932288 29.542167690297738 -0.0013829540229946184 0.9999642105041447 -0.008346565101440755 0.11257351930021632 -0.005982401807016834 0.008338150616822079 0.9999473416700053 0.1742328221831061
0.999986445724017 0.0019434247032377161 0.004830265900600681 30.9502464038662 -0.0019037538035444309 0.9999645339539123 -0.008204057276167964 0.10679643368154898 -0.004846038557744916 0.008194750439031064 0.9999546799608166 0.21663949814723896
0.9999900810040804 0.00231236958370647 0.0038066836434244695 32.315362342289156 -0.00228348240443335 0.9999686984304279 -0.007575478035372014 0.11162996516399362 -0.003824081793242597 0.007566710399117289 0.9999640600002454 0.16172870409828596
0.999991711380951 0.0031562131218587307 0.0025720591218436725 33.69215642329675 -0.0031405205285485235 0.9999765695970665 -0.006082547796210882 0.10474909583853353 -0.002591196674630812 0.006074419775816561 0.9999781933243248 0.22199212042203137
0.9999871865508 0.0037954695358912143 0.0033497977875931715 35.078541234388666 -0.0037758000021970743 0.9999757087386251 -0.005858776922538171 0.13454619717312682 -0.0033719532261066356 0.0058460536849039456 0.9999772265345618 0.2292449955431993
0.9999852165488985 0.0032766639715901065 0.0043393728659768885 36.48087468139025 -0.0032523139920607575 0.9999789938925389 -0.005606623526056215 0.13439621270274904 -0.00435765273395425 0.005592427637722687 0.9999748674920621 0.2516704282838353
0.9999848713981797 0.003003073370758022 0.004608527432470084 37.8855492419703 -0.002978789539111287 0.9999816916784828 -0.005267173883731496 0.14128598590234281 -0.004624260767697516 0.005253366365448542 0.9999755088771839 0.23026586186915696
0.9999859914165852 0.002770937640360586 0.004509864208878706 39.274642499104765 -0.0027459110361688476 0.9999808503745401 -0.005546066785849329 0.1515142130786293 -0.004525145651881094 0.005533605407407352 0.9999744508076316 0.1793584893567619
0.9999843911240348 0.0031450556993255657 0.0046180226224732295 40.67871747105743 -0.003124555020278678 0.9999852625545462 -0.004439800630696702 0.16094459626000338 -0.004631917984894169 0.004425302064630538 0.9999794808081904 0.20409161046007085
0.9999827686269114 0.0030642340687232605 0.00500728657351011 42.10294841390748 -0.0030435014640970027 0.999986786757556 -0.004142874501645444 0.16533451529273516 -0.005019915148209013 0.004127563430211616 0.9999788816130241 0.1888503118829269
0.9999826812925298 0.003002741950913297 0.005061685073088248 43.48007645968236 -0.0029821580038573267 0.9999872737926516 -0.004069273446287507 0.18235942376158362 -0.005073839635121379 0.004054108227077359 0.9999789099565252 0.19410741916217297
0.9999836475320336 0.0029647634976425695 0.004890280762130498 44.90036852384983 -0.002940313352026037 0.9999831802487315 -0.004999377663784746 0.1883945522764106 -0.004905020481232963 0.0049849169538016 0.9999755453895073 0.1814243485458608
0.9999871936529499 0.0017041862531202196 0.00476532048369616 46.3131525896872 -0.001683698007845424 0.9999893368403783 -0.004300158899255301 0.1671806971613894 -0.004772597942005538 0.004292080469322924 0.9999793999648837 0.21133156106081055
0.9999874339304103 0.0010858493595937023 0.004894171272204531 47.752006491756035 -0.001064099889426395 0.9999895575835168 -0.004444368948191675 0.19116789522815922 -0.004898946080405958 0.004439105212832603 0.9999781470973307 0.21423984669265225
0.9999859944464314 -0.0005444494316843651 0.00526445493835986 49.1405895012361 0.0005664307223434297 0.9999911249477946 -0.004174827167808672 0.16703613657746902 -0.005262135233768555 0.004177750646056613 0.9999774279114109 0.22469082979089555
0.9999839624598262 -0.0017599443067314443 0.005383067822527421 50.57490911037568 0.0017779705473191865 0.9999928223883456 -0.0033457424472822144 0.15652973291160865 -0.005377140864585198 0.0033552597258459807 0.9999799140924254 0.2359111205404229
0.9999810965310234 -0.0031803493869407267 0.005262314926820325 52.04093344589666 0.0031997254882792574 0.9999881179371226 -0.0036777359028398247 0.16527073240148665 -0.005250555914539557 0.003694504344071981 0.9999793909377532 0.2328599126501729
0.999972115215595 -0.0036424983419755448 0.006519278877100344 53.43142562525989 0.0036586850091727295 0.9999902498647613 -0.0024726907239026007 0.19334585297811865 -0.006510208541387599 0.002496473761353128 0.9999756921063164 0.262894457404822
0.9999616939614002 -0.004943963914962075 0.007222730138568809 54.89730069955318 0.004956920473146143 0.9999861354026124 -0.0017770599233285223 0.18108984162023092 -0.007213844278187736 0.0018127943500983864 0.999972336731059 0.283545392047713
0.999953389785259 -0.004887389048651212 0.008326565033501576 56.285432453460395 0.004915492546362065 0.9999822805735092 -0.0033580458647938585 0.2153754603797967 -0.008310005414960082 0.003398818513913966 0.9999596951091143 0.2985275124007728
0.9999556583109709 -0.005134725894379847 0.007894048509007061 57.70503669479788 0.00516885316625408 0.9999773580923592 -0.004308858267737882 0.24478368482028162 -0.007871744966567241 0.004349470383314847 0.9999595580515074 0.31951072960993254
0.9999501123137439 -0.005140864302075693 0.008564134396352422 59.158449905419644 0.005174293966449866 0.9999790631055442 -0.0038858760282482617 0.25682066964406897 -0.008543978328618548 0.003929995519819046 0.9999557768069218 0.34290162584989714
0.9999456797661148 -0.005533910255294475 0.008832516876226435 60.59370789559901 0.005566282401728571 0.9999778659217026 -0.0036447451078971027 0.22844562142350905 -0.008812151684275809 0.0036937114077415 0.9999543501974126 0.3613974892674209
0.9999474479277605 -0.004779501954722923 0.00906960549437544 62.04557968087288 0.004863457433065919 0.9999453219014992 -0.009257428860315116 0.2536810627356757 -0.009024863686259271 0.009301052003501493 0.9999160176070152 0.30264380321120754
0.999947814012244 -0.004725764618992404 0.00905739481863211 63.45492482466669 0.004805281917684823 0.9999499293143735 -0.008777706412900797 0.24931104321985714 -0.009015459934261562 0.00882077167516471 0.9999204545708765 0.3557050506296639
0.9999552658456631 -0.004319124965859863 0.008414954964737242 64.87556456362684 0.004394544181830155 0.9999501594521961 -0.0089647416561438 0.26503231760221263 -0.008375815719272522 0.009001320517387612 0.9999244081129234 0.3663579400776337
0.9999619861796559 -0.003338750700866936 0.008054746389254325 66.32190234983885 0.0034158163065415087 0.9999483434359926 -0.00957301721371634 0.28384498689274923 -0.0080223683908002 0.009600166840821298 0.9999217361383994 0.3687912269993109
0.9999649068870948 -0.0029238998486228827 0.007850847340194034 67.69913721817419 0.002990512662313244 0.9999595172360402 -0.008486502405691326 0.28702673956910096 -0.007825715833094939 0.008509682646284971 0.9999331695033219 0.37403537858009345
0.9999562113371876 -0.0020118369189926423 0.009139361049280077 69.15209046508798 0.0020644555752971625 0.9999813284667853 -0.0057515859535320945 0.319378052243091 -0.009127619150432609 0.005770201904146979 0.9999416939695184 0.3890067918302091
0.9999502353315356 -0.0010249514754018282 0.00992352431748583 70.50953835656124 0.0010520937162534004 0.9999957192511489 -0.0027303073433999825 0.33649690768476415 -0.009920683404830592 0.0027406119481377467 0.9999470331407213 0.40109717917874244
0.9999411257925492 0.00012290663716546545 0.010850338367431569 71.95738376706527 -0.0001264556252694617 0.9999999387359991 0.0003264000198983199 0.35513148291330315 -0.010850297585967611 -0.00032775288967847526 0.9999410800743909 0.4073905820552975
0.9999426771991322 0.0004820973563916885 0.010696256259603569 73.32208333854976 -0.0005263510565677031 0.9999913128308815 0.004134878152416114 0.36782359963677747 -0.010694169925590226 -0.004140271115402732 0.9999342442804395 0.415568972395216
0.9999456319983816 0.0009031190292924273 0.01038833111601928 74.72787715815288 -0.0009810632998292 0.9999713902531983 0.007500412647832206 0.36707506495804104 -0.010381260143106554 -0.00751019647578963 0.9999179098239696 0.42035611501900705
0.9999402237348413 0.0018195467941640123 0.010781382405777393 76.18489340130238 -0.0019222432897005903 0.9999528108370415 0.009522661384050102 0.3854552859521025 -0.01076354671337287 -0.009542816594901393 0.9998965350042899 0.43322253549548934
0.9999370573222172 0.0022780236322920925 0.010985991175847072 77.54304707412612 -0.002386317636643055 0.999948596329456 0.00985445010580117 0.3880317003855321 -0.01096297778535181 -0.009880045904822362 0.9998910929751282 0.42762127906254516
0.999935451369416 0.002248452112289186 0.011137214990338304 78.96357036871306 -0.0023508320204066223 0.999955025651984 0.009188049964587499 0.389181727765095 -0.011116055211004705 -0.009213638610161988 0.9998957656576545 0.4445332343260358
0.9999475677193529 0.0016231162175060511 0.010110751994519945 80.32400722555872 -0.0017147687363706847 0.9999574617693173 0.009062793170157159 0.36882884606292377 -0.010095611934448842 -0.009079655588663613 0.9999078149879919 0.432930881603627
0.9999486154607008 0.001681738883085234 0.00999690915015668 81.72683139835327 -0.0017658470662229122 0.9999630714960724 0.008410554576195061 0.3902876117860427 -0.00998239562259877 -0.008427775416417014 0.9999146585480005 0.4483676450079849
0.9999452821691129 0.0015317484267483661 0.010348256591826486 83.0882915066713 -0.0016271783994372564 0.9999561735308813 0.009219723853473699 0.4108466353655182 -0.010333680766770919 -0.009236057829781113 0.999903950526037 0.4497793726632305
0.9999537773935898 0.0013104983352752993 0.009525002383426179 84.47624757714806 -0.0013949486392364765 0.9999597326478347 0.008864942253890435 0.42777867388842605 -0.009513001344734795 -0.008877819382267269 0.999915339980556 0.44657305663585006
0.9999522887603735 0.0004439994800619634 0.009758230749093098 85.86104987790563 -0.000539247081513144 0.9999522219097399 0.009760282288932552 0.42841145666259006 -0.009753430959202043 -0.009765078711217621 0.9999047523750889 0.45178879223212876
0.9999446163469292 -0.0005823773517427334 0.010508333617308827 87.22549394982062 0.0004918252083630439 0.9999627459670554 0.008617701897300876 0.43767890258812236 -0.010512960893911114 -0.008612056354117848 0.9999076508051115 0.4566872913203779
0.9999326354748972 -0.0016113262935980193 0.01149470050945734 88.57955270729234 0.0015135302448587803 0.9999626306179257 0.008511556489619215 0.45653407589161327 -0.011507985854373338 -0.008493585535781747 0.9998977074012732 0.45888039658337465
0.9999215558871426 -0.0034968181272856252 0.012027233065873567 90.0322590709227 0.003402556673095731 0.99996340811036 0.007848888354413974 0.4307581895388136 -0.012054239101765302 -0.00780734931320293 0.9998968649897744 0.4704397321872688
0.9999120949367979 -0.004138120893501242 0.012596759685516254 91.37706258902195 0.004054387978242943 0.9999695662321677 0.006665474294613907 0.4477610650765577 -0.012623958857100185 -0.006613816214640995 0.9998984413918511 0.47304946225917405
0.9999107320888219 -0.0038859468688639417 0.012783867588827165 92.76322740451448 0.003812404345521826 0.9999760738810103 0.005772108681094714 0.46398019263402046 -0.012805991828146129 -0.00572285614466144 0.9999016229063963 0.47601472041500964
0.9999104461656904 -0.004184454303791919 0.012711805179023209 94.08412526194375 0.004124944079749875 0.9999804279011208 0.004704110014680378 0.48401893163283394 -0.01273124051571175 -0.004651253258075402 0.9999081364595752 0.4826519149920268
0.9999103015379119 -0.004699851212576346 0.012541940716725132 95.43613005922266 0.00465040906030329 0.9999813125672133 0.003968401683946057 0.49679936633695826 -0.012560357237517257 -0.003909720569675213 0.9999134720120202 0.47445053815355787
0.999920601922382 -0.004252696360948083 0.01186188959833049 96.81192296468195 0.004201533551654353 0.9999817781493104 0.00433479932150936 0.5139092047043069 -0.011880108038049356 -0.004284617019642967 0.9999202493649176 0.4789717761001161
0.9999311407397319 -0.0036122372374167784 0.01116537151550265 98.19782052052062 0.003548005437220319 0.9999770750756802 0.005767233349252578 0.5413843086220771 -0.011185948165266699 -0.005727221422984767 0.9999210336313643 0.4802433010179313
0.9999269575940719 -0.0036936312641842163 0.011508108652036508 99.51147153959117 0.003604928853872205 0.9999637097096803 0.007719051211952716 0.546649918814163 -0.011536202348318803 -0.007677001480947491 0.9999039852324022 0.4844398554128334
0.9999154201438006 -0.0038191148185169844 0.01243249454653971 100.89493060393262 0.003714557247764318 0.999957632740042 0.008422279346130507 0.537203678421255 -0.012464133467667827 -0.008375385778228902 0.9998872427878887 0.4828093795299376
0.9999029270498045 -0.003848792668662974 0.01339116396086642 102.19389368311292 0.003741730718025251 0.9999609120285438 0.008010859272045244 0.56504539281776 -0.013421472663867694 -0.007959975504759619 0.9998782440184887 0.47974730222022877
0.999912120775734 -0.004288616255824772 0.012544261492179656 103.58237674158028 0.00417201024201464 0.999947985587658 0.009307010783560837 0.5399274516040155 -0.012583523207529392 -0.009253858103249059 0.9998780030853216 0.4640731525843283
0.999936081768389 -0.004249092213098024 0.010477480281361657 104.89589925225646 0.004152900804972489 0.9999491886614477 0.009185505441538934 0.5472685772364922 -0.010515977966208918 -0.009141406383980108 0.9999029197360797 0.472451229489171
0.9999454699112452 -0.003981500210419991 0.009654266417158166 106.17418286468371 0.003921169935126874 0.9999727181922691 0.0062599758389796185 0.5807099293718921 -0.009678927126438112 -0.006221778462720851 0.9999338017301155 0.4850694103026291
0.9999429749980888 -0.003385268907633436 0.010128509584062476 107.57614581961872 0.0033218088630701205 0.999974789873327 0.006275763194430674 0.5874440210449164 -0.01014949938906663 -0.006241760346116488 0.9999290115252847 0.4916828200590758
0.9999236018756731 -0.0034445376819861977 0.011871207694998035 108.90497954819337 0.003408797965694312 0.999989600931836 0.003029541981282968 0.5822131509014447 -0.011881519617013716 -0.0029888439813169844 0.9999249453350215 0.4796400152054983
0.9999151087552478 -0.0026231042899727687 0.012763017153673612 110.23579967918808 0.0025837990285248113 0.9999918720226536 0.0030951367028493903 0.5966904005269802 -0.012771032282522608 -0.0030618968815192995 0.9999137590422115 0.48910248619292795
0.9999196724978875 -0.0017232100196010423 0.01255703384346665 111.57736538663117 0.0016705275966844286 0.9999897647265544 0.0042047330092513805 0.6158282553366119 -0.012564150956842886 -0.0041834183819836855 0.9999123167165084 0.4808775465838263
0.9999600025692438 -0.0003729786432335741 0.008936114852081598 112.91465263791034 0.000329942249160073 0.9999883437684016 0.004816997554624257 0.5947877648641413 -0.008937807327869677 -0.004813856485265064 0.9999484698652772 0.5028620641224889
0.9999698555469694 -5.52405703916709e-05 0.007764338082071132 114.26613291554726 -5.81871744377399e-06 0.9999690796246569 0.007863826089078865 0.589316913421416 -0.007764532408061965 -0.007863634216832118 0.9999389357822748 0.5195027528270874
0.9999646170855525 0.003109237581405133 0.007816470981628841 115.59064954407248 -0.003182582791396598 0.99995086187521 0.00938855696049922 0.6639956528058992 -0.0077868956407655815 -0.009413101332027083 0.9999253761054335 0.52424672324223
0.9999538149880731 0.003848215657297902 0.008806765981517407 116.93757790233245 -0.003940815966228326 0.9999368810446633 0.010521591903848354 0.6580612356768347 -0.008765720752944671 -0.010555811807991587 0.99990586405759 0.5462082905662198
0.9999310930963189 0.002865580679464791 0.011384090063350867 118.23196748135668 -0.0029939527941552383 0.9999319478408887 0.011275457143405422 0.655668523753414 -0.011351004619300262 -0.011308763614820163 0.9998716250397532 0.5296061343505503
0.9999173379103926 0.003972326814751226 0.012228571701978068 119.6006281607997 -0.0041064983835265 0.9999314340566452 0.010966487881131387 0.6527211752457345 -0.01218417076454958 -0.01101579797825449 0.9998650899884856 0.5379846158819117
0.9999186992035216 0.005003277910863496 0.011728691030283438 120.921921620553 -0.005133494445205651 0.9999252302057898 0.011098704099093972 0.6528861663335258 -0.011672284177410543 -0.011158010935864332 0.9998696197875186 0.5388025486620738
0.9999113165404412 0.006511838096161504 0.011617014202077353 122.25261874618992 -0.006662616141247764 0.999893455921264 0.012987931012513965 0.6559780350677291 -0.011531201174043923 -0.013064178904195126 0.9998481677880112 0.5324531047869806
0.9999068132338647 0.007723037752117709 0.011256977230883959 123.60153312151927 -0.00788524388919242 0.9998646896418677 0.014436943450034479 0.6619628049102294 -0.011143956985973556 -0.014524362128882097 0.9998324135211079 0.5321207529040982
0.999897099254473 0.00868325288073629 0.011418932607723998 124.95530695622848 -0.008875842643115162 0.9998173699322941 0.01692472153522515 0.6522187287558553 -0.011269885530262315 -0.017024332617739835 0.9997915591657369 0.5344894884125366
0.999901476333797 0.010073754456906097 0.009775331024328211 126.27772503215013 -0.010232411836136344 0.9998144860686908 0.016318431150556263 0.6541551142624249 -0.009609129695707408 -0.01641684861176812 0.9998190594843397 0.5373369377124773
0.9998882424836405 0.01138023508920466 0.009694987998493889 127.61703744773982 -0.011535428782455571 0.9998037622195541 0.016104997188151025 0.669198812772862 -0.009509806821455476 -0.01621503317726769 0.9998233025256407 0.547206254655918
0.999875533722201 0.012037290269517742 0.010199054206696073 128.92173961986452 -0.01219429631192319 0.9998059015381106 0.015474443027877708 0.6484329065022804 -0.010010804223476145 -0.015596887270650832 0.9998282457033637 0.5364187506744937
0.9998566734117182 0.012874314131690554 0.010994756463479747 130.3040019222292 -0.013045452634968624 0.9997926091344567 0.015638250722648434 0.6419344994531927 -0.010791144499146836 -0.015779440920203003 0.9998172635260127 0.5543664643183792
0.9998592386356091 0.01298578603263911 0.010624136488899137 131.63521520477275 -0.013142743537971477 0.9998035062951869 0.014839713344451206 0.6118268216386185 -0.01042934357068325 -0.014977254787339675 0.9998334414449838 0.5377396289274073
0.9998543342013705 0.013043458526970409 0.011008113752563007 132.97824221716456 -0.013198798575178498 0.9998126430952632 0.014158757821072947 0.6126657415499206 -0.010821372136010752 -0.01430198925042007 0.999839162569948 0.5619419913218445
0.9998477332983882 0.0130077187306229 0.011632259948101568 134.29762928948003 -0.013181918641174394 0.9998002013272629 0.015026458228809594 0.6115368847333772 -0.011434475895845196 -0.015177505703827051 0.9998194317383502 0.5773830738507255
0.9998586749415198 0.012203555288651283 0.011563017880512193 135.64275828526152 -0.012365501990416986 0.9998249829569459 0.01403915295406819 0.5697264990612637 -0.011389666576033164 -0.014180151390572647 0.9998345857199716 0.5859651246215006
0.9998763672878748 0.011187867587182147 0.011049061410571862 136.9789978974313 -0.011350734530297269 0.9998262034117371 0.014789313604571624 0.5697317589185535 -0.010881680239081938 -0.014912900124500573 0.9998295827014977 0.5909866732687226
0.9998628817413803 0.010883685060282077 0.012480509417940888 138.32152961500714 -0.011052103191894288 0.9998477096174042 0.013505872347488276 0.5958509985992901 -0.012331615095292204 -0.013641956323765338 0.9998308998509708 0.6138041658737399
0.9998806119036003 0.008942301439708178 0.01260147547882214 139.67588286530614 -0.009110363079925035 0.9998694746369645 0.013342974696542538 0.5307132806556101 -0.0124805137648216 -0.01345618572114805 0.9998315697366253 0.6085842934142138
0.9998833412630087 0.008323616751167363 0.012807078859030088 141.03435897492906 -0.00847653205575383 0.9998928784098933 0.01193231366861236 0.5596716089359612 -0.01270638693844584 -0.01203948127445953 0.9998467875737824 0.6124834971141095
0.9999026322426675 0.006849564965565933 0.012157692789642014 142.3572469265813 -0.007001348245878513 0.9998975326674076 0.012486203921548896 0.548337498647966 -0.012070921958357428 -0.012570108408962149 0.9998481310767462 0.6084091004488925
0.999915514381296 0.005833089672694647 0.01161633179874151 143.70663497793737 -0.0059786092186907515 0.9999035969896413 0.012532077201615944 0.5409254937133879 -0.011542111219284626 -0.012600467929699245 0.9998539932792959 0.6096669744809654
0.9999389207958108 0.005542473661537915 0.009562199716609166 145.0559686293798 -0.005643278556085979 0.9999284498493504 0.010547444667476593 0.5391260859012356 -0.009503056605512884 -0.010600762594559826 0.9998986527381494 0.6076285575029838
0.9999581523360654 0.003819929471685312 0.008312744160228558 146.37152330820732 -0.003886047119895993 0.9999608297618177 0.007952205973123764 0.5159297167034279 -0.008282041682098206 -0.007984176907382953 0.9999338281629877 0.6473565790255259
0.9999322512452447 0.0031558040670263084 0.011204187623726847 147.77920010563383 -0.0031572339117782607 0.9999950098820877 0.0001099315685995953 0.5169544989503384 -0.01120378479101821 -0.00014529836199227104 0.9999372250770258 0.6591510972581872
0.9999149759264532 0.002014991415592649 0.012883350790678854 149.10561144645126 -0.0019189245843294763 0.9999702976732033 -0.007464683503318318 0.5184359543002666 -0.012898009398362735 0.007439326646958354 0.9998891427416339 0.6591399204286384
0.9999096663091332 0.0011910339508582803 0.013388079014023325 150.34751178416903 -0.0010549385546605372 0.999947749235094 -0.010167885931467443 0.5368042435947117 -0.013399489774007053 0.010152843828078207 0.9998586767318665 0.6751480866842373
0.9999304290078194 0.0013084907548696356 0.011722840789784495 151.7055903997558 -0.0012251582365677936 0.999973952313515 -0.007112923574945179 0.5386088798674663 -0.011731842631640803 0.007098066386845189 0.9999059862417238 0.7112920568919463
0.9999634811767346 0.0017218762859168334 0.008370869426907936 153.06626930880878 -0.0017127668121633922 0.9999979333913367 -0.0010952821110825099 0.5028152289095754 -0.008372738067890122 0.0010809047653253085 0.9999643638160985 0.7150708235233268
0.9999558633185767 0.0029693042284583966 0.00891373362844628 154.44503346462176 -0.0029462453255193425 0.9999922826130432 -0.0025989137802737037 0.5347521310903166 -0.008921381803391805 0.0025725370268084025 0.9999568945709428 0.7143929364068984
0.9999477930809014 0.0030624555593996503 0.009748460318506402 155.7653268480403 -0.003000527104047435 0.9999752673405242 -0.006360938951534793 0.5063721972232726 -0.009767699306012059 0.00633135634710115 0.9999322506935525 0.6516582035570802
0.9999138281316325 0.003847138584893204 0.012551328051356905 157.1014470297376 -0.003640414909898675 0.9998580337030804 -0.01645174211728067 0.5147788655427298 -0.012612838317680135 0.016404632398147333 0.9997858792488789 0.6526285914855723
0.999911688511369 0.0038449093714234142 0.01272131480108531 158.44987938437853 -0.003622299453765419 0.9998407219112835 -0.017475976498914175 0.4769279671556237 -0.012786482120193284 0.017428352757759127 0.9997663519018536 0.6380935595966791
0.9999133576067643 0.0031895323104728646 0.012771224029336635 159.7883461306459 -0.0029631286043927466 0.9998388193079771 -0.017707492021857694 0.45459180576161645 -0.012825644172550763 0.017668115023136283 0.9997616418742461 0.6487986168199543
0.9999129223253104 0.004330336083707368 0.012465791441382084 161.1503775147826 -0.0041176182312670975 0.9998463383256299 -0.017039511640052938 0.464468247724749 -0.012537662739100527 0.016986698508895268 0.9997771047022475 0.6381507586824355
0.9999134140892458 0.005468258957283116 0.011969230065646458 162.49513391936927 -0.005276398424203647 0.9998580251352229 -0.01600278701854491 0.4716682439180317 -0.012055038119282055 0.015938246975998997 0.9998003042304371 0.6300513247883275
0.999906600819007 0.007672498059175894 0.011310279046556704 163.83897122117995 -0.007498774184977054 0.9998544760126826 -0.015323027870711476 0.5434307371883309 -0.01142619903125091 0.015236783483918813 0.9998186247538913 0.6332804511537553
0.999904001621331 0.008123558487242027 0.011224764547807388 165.17195742156173 -0.007955197250233272 0.9998563984695489 -0.014963197392688438 0.5336593327074204 -0.01134470706361502 0.014872465733933802 0.9998250383865338 0.6308204927174398
0.9998964734417489 0.008078363688685145 0.011907243126226848 166.53622267752206 -0.00790179846655459 0.9998592274414847 -0.014801583736584622 0.5437649285444563 -0.012025139489739765 0.014705962744087997 0.9998195490587397 0.6377760165566233
0.9999057016289394 0.0076974811498622215 0.011372626516598578 167.8591893119455 -0.00752528897780944 0.9998575652905971 -0.015106924139615441 0.513291910266178 -0.011487291923642624 0.015019917280303238 0.9998212061209514 0.619203996522185
0.9999224842341418 0.0074147478738693555 0.010002351572982635 169.22912956520952 -0.007274656960934057 0.9998759485334004 -0.013970215121232159 0.5178909692387356 -0.010104696389468216 0.013896368532811723 0.9998523821307208 0.6198904189282555
0.9999386489672911 0.006743268206724423 0.008787868647215846 170.6392386228185 -0.006642714964853024 0.9999127060894826 -0.011421669698585235 0.5060654413544443 -0.008864120901942696 0.011362593660781945 0.9998961540209742 0.6423392638310325
0.9999412860499363 0.006506014538159613 0.00866580796168664 171.9553693555373 -0.006409806318597605 0.9999180270304097 -0.011083934435529593 0.512196929692388 -0.008737209838251683 0.011027737503328063 0.9999010201863983 0.6192083927911328
0.9999345561702022 0.006837610931156726 0.009172265448337985 173.33562862165988 -0.006731466297099904 0.9999105953778277 -0.011553727218917455 0.5290192792487124 -0.009250445296938786 0.011491228303026268 0.9998911845465466 0.5923557735563449
0.9999128997201817 0.006797760421435735 0.01131297602006267 174.77235219471547 -0.006742350664941644 0.9999651229776247 -0.004928847315015559 0.5290585936768571 -0.0113460865803462 0.004852141959643902 0.9999238586201025 0.6180481475384466
0.9998796476747077 0.00743440140374759 0.013616895449038692 176.14297384375163 -0.007394024584359915 0.9999681241599033 -0.0030131486140040683 0.5068389488513864 -0.013638862355342398 0.0029121023148490715 0.9999027458176919 0.6194102235129167
0.9998695827902007 0.006606280805514865 0.014736840396400854 177.52671563638538 -0.006544338556795852 0.9999695647396663 -0.004247496582286877 0.5126692674544933 -0.014764452031969943 0.004150499762822469 0.9998823852373411 0.6289549041539475
0.9998809404038896 0.005227440225853829 0.01451822598385892 178.93498073385388 -0.005138892522899226 0.9999680087962859 -0.006129695557611914 0.5229393108126391 -0.014549804145464005 0.006054358155580332 0.999875816262526 0.6125126448218311
0.9999410483698017 0.003715498173316729 0.010202688784140755 180.27926908818304 -0.0036104036471321667 0.9999404373684306 -0.010299839850039126 0.5261471828473732 -0.010240350121295963 0.010262396832892368 0.9998949036977023 0.5796712113750505
0.9999711149492113 0.001132910623873993 0.007515702279209945 181.69490070447358 -0.0010648793058522304 0.9999584833884797 -0.009049725491719113 0.533119339569103 -0.007525642782870829 0.009041460774112582 0.9999308059499791 0.6083964614303526
0.9999814819248154 -0.00020291555291103387 0.006082321327297645 183.08441267214548 0.00022426932458186727 0.999993813670944 -0.0035103166682721476 0.5174500498581183 -0.006081571402208853 0.0035116157420601256 0.9999753412180522 0.6060693038766056
0.9999692229816148 -0.0004375461467922174 0.007833367278184069 184.40540691005415 0.00044692567285956704 0.9999991853142158 -0.0011956706685271334 0.5376467736948284 -0.007832837735357258 0.001199134802290544 0.9999686038715102 0.6039858069745622
0.9999508746770014 -0.00037134921908918504 0.009905065999635 185.86311777634094 0.00035188023485481897 0.9999980030940144 0.001967228579375428 0.561735156549999 -0.009905776748946141 -0.00196364654168585 0.999949008539565 0.6046942482373798
0.9999312676142416 0.0005885537423467466 0.011709553871452482 187.23545970994712 -0.000659425290673145 0.9999814840917157 0.006049515023177205 0.5739265294610834 -0.011705776593720674 -0.006056820801542315 0.9999131410858224 0.619900757063528
0.9999241006001653 0.000856915099996075 0.012290595407135266 188.6904945408537 -0.0008978246664500392 0.9999940744616722 0.0033233947120396953 0.5811641612865218 -0.012287674711629113 -0.003334177268097521 0.9999189448710961 0.6098628234381736
0.9999252008703435 0.0006882502400770455 0.012211428090533128 190.09455349284465 -0.0007351971707486822 0.9999923552415136 0.003840435346489827 0.5847216656651667 -0.01220869155656538 -0.0038491258926513687 0.9999180626833077 0.6109714410278158
0.9999117848772409 0.0012373356085315377 0.013224653651501127 191.48544258125503 -0.0012095988288735068 0.9999970526094141 -0.0021051468257336924 0.6160686416811423 -0.01322721944641012 0.002088964594378921 0.9999103344263623 0.5887360418088111
0.9999139022539529 0.0011993571684228129 0.013067119868390034 192.9195444558174 -0.0011764840572292409 0.9999977626952924 -0.0017579788601534403 0.5879061032867612 -0.013069199077809098 0.0017424542439369182 0.9999130761664597 0.60190131513646
0.9999054073966485 0.0013991531077170842 0.013682785883131161 194.25712556639974 -0.0013471633362776654 0.9999918416260248 -0.003808127142914242 0.5822374310152748 -0.013688002406773496 0.0037893339747740087 0.9998991346821637 0.6017166471092732
0.9998965865334476 0.001822642639254915 0.014265139766910488 195.69533209097975 -0.0017407768550517988 0.9999819581241527 -0.005749184474884566 0.5844619861356873 -0.014275361105794734 0.005723757506647852 0.9998817193374946 0.6001006119908711
0.999886478187523 0.002218478663824833 0.014903324802548393 197.11574872312093 -0.002092504470818444 0.9999619984683593 -0.008463039891462876 0.5765627115656825 -0.014921533526809668 0.00843089387805594 0.9998531231464076 0.6044627823478048
0.999914109826152 0.002552470549788616 0.012855266028609572 198.54498433534349 -0.0024827290150485045 0.9999821310033182 -0.005438173470970013 0.5889227483425761 -0.012868917095532856 0.00540579024333978 0.9999025794569356 0.6240424443473621
0.9999521470647103 0.003903557304890342 0.00897027430146698 199.98237226452082 -0.003909294200153161 0.9999921651745236 0.0006221000120073629 0.6250613925977002 -0.008967775617887109 -0.0006571376839962522 0.9999595727680852 0.6259861394626562
0.9999591894150063 0.004811747946365505 0.00764634462891429 201.4599051391437 -0.0048808767899469994 0.9999471542013876 0.009047974707515227 0.6231174744746674 -0.007602403978008256 -0.009084926320401612 0.9999298313219324 0.6074013826100163
0.9999316572238246 0.0045725357017028624 0.01075977689695079 202.85990023880538 -0.00474556739957088 0.9998589453135964 0.01611114727257995 0.6039449752757223 -0.010684590383895553 -0.016161107438516797 0.9998123114538493 0.6086531414483299
0.9999134531383506 0.005620608094530782 0.011895166984428865 204.32715559447794 -0.005820893311571762 0.9998407402261016 0.01687042931216228 0.6037734105967585 -0.01179845049127429 -0.016938209727390324 0.99978692410795 0.5820527979840445
0.9998976495324418 0.006733760824658146 0.012623269174607642 205.8091450335751 -0.006923745253912249 0.999862506019971 0.01506754150890305 0.6825527638999974 -0.012520072330351285 -0.015153399639021207 0.9998067924695365 0.5988258090600161
0.9999049748917901 0.005083493600021651 0.012814026668735459 207.23596158925983 -0.005249506145904366 0.9999022958315574 0.012955364757681456 0.6484590781504217 -0.012746916171083771 -0.01302140098449477 0.9998339658385927 0.607499302310036
0.9999182354588226 0.003821021281442511 0.012203368112170158 208.65084627168824 -0.003959655755536875 0.9999276733421925 0.011356461190315121 0.6320173527172558 -0.012159092203450541 -0.011403853771258788 0.9998610446436803 0.5942900100359066
0.9999245828831929 0.0035717133926373686 0.011750379113612885 210.15902895492832 -0.003712444814385446 0.9999213836172042 0.01197682506159683 0.6515047853093552 -0.011706677554836713 -0.012019544437989577 0.999859232218281 0.5810077743233836
0.9999261895462749 0.0034232681459414314 0.011657473768702518 211.63386357397889 -0.0035852666056518296 0.999896905537321 0.013904105877620365 0.6481326681592067 -0.011608674464959485 -0.013944874760666089 0.9998353760220109 0.5896385103748851
0.9999199470244932 0.0028511328785556 0.012327634965532734 213.07061369891076 -0.003033360951895885 0.9998860394853399 0.014788737730329573 0.637646478303946 -0.012284065445532245 -0.014824948014403944 0.999814644147854 0.5798316982869033
0.9999214910204253 0.0018660313641478518 0.012390711135272433 214.51345879082442 -0.002040542131632497 0.999898700675429 0.014086325830328586 0.637172565945934 -0.012363170438798471 -0.0141105036953741 0.9998240073643783 0.5922202511312413
0.9999297167697757 0.0020485210451006053 0.01167754607115791 215.99304064941043 -0.0022298264166064757 0.9998768512164494 0.015534164787008722 0.655333885718018 -0.011644285932080145 -0.015559111896439262 0.9998111444878608 0.5987709990706499
0.9999367889816356 0.0019759909484542617 0.011068581700808022 217.4912429621014 -0.0021379390122152632 0.9998905634847637 0.014638656731471546 0.6710521593089331 -0.011038444540599159 -0.014661395359700112 0.9998315839321293 0.5853863615680085
0.9999361789064986 0.000908202953341987 0.011261140318209975 218.95592820059125 -0.0010835077594118273 0.9998781788398245 0.015570918113303543 0.6380711432577063 -0.011245626919214763 -0.015582125893197336 0.9998153495660298 0.598341055955123
0.9999445823751194 0.0016426083001526719 0.010398750724026167 220.4402339771709 -0.0017964109403813598 0.9998888829109155 0.014798470829609457 0.6909949035672843 -0.010373287154101315 -0.014816331163071154 0.9998364222434012 0.5737085249366942
0.9999405038478381 0.0009339121940743946 0.010868144852985985 221.90319849189973 -0.0011265284057505286 0.9998421694173848 0.017730402942085385 0.67568788781564 -0.010849870887838425 -0.01774159132522875 0.9997837347341503 0.6228810421502009
0.9999468462285425 0.000520441383978258 0.010297274316906817 223.38821974113065 -0.000711726064364772 0.9998270992567996 0.018581308827509784 0.682008180299569 -0.010285823428442168 -0.018587649999390242 0.9997743250873664 0.6155316857751925
0.9999483806891385 -0.00033297338886565547 0.010155052234829213 224.88477570094187 0.0001497450129937201 0.9998372817817802 0.018038501480228078 0.6567054312707926 -0.010159406163791561 -0.018036049676783836 0.9997857207314254 0.610921853243115
