1.0 -2.1684043449710093e-19 -2.5135375298442207e-37 0.0 2.1684043449710093e-19 1.0 2.3183291766350204e-18 -8.673617379884035e-19 -2.51353752984422e-37 -2.3183291766350204e-18 1.0 0.0
0.9999991026986411 -0.00021369547900763092 0.0013224734987388111 1.3108280526873803 0.00021489548040893325 0.9999995652986385 -0.0009073160786629824 -0.003942406356058893 -0.0013222790345137395 0.0009075994581048717 0.9999987139198623 0.010135860520850082
0.9999981289127055 -0.0005549848028216496 0.0018531494696818569 2.625648856082914 0.0005580488944803312 0.9999984775173484 -0.001653343405562149 -0.005834392940450508 -0.001852229067830006 0.001654374460025172 0.9999969161415581 0.02559831034648724
0.9999985050801103 -0.0009917340067599537 0.001416439622557777 3.9442218257705957 0.0009947801739832837 0.9999971907317433 -0.0021514973917655636 0.0005529849678174777 -0.0014143019302700387 0.0021529032215034847 0.9999966823733811 0.04768366551286759
0.9999990486208101 -0.00044021225916217576 0.001307276038783639 5.2600175032203 0.00044405100705952917 0.9999955866208944 -0.0029376108382020995 0.010879144155145713 -0.0013059770969752597 0.0029381885406618066 0.9999948307226002 0.053140718209731305
0.9999983797350149 -0.0007721307931965267 0.0016261431003812216 6.582517476677384 0.0007768999842102909 0.9999953933293372 -0.002934236956807287 0.0036309184373320047 -0.0016238699945666216 0.002935495553114898 0.9999943729402172 0.06004608902176164
0.9999965862202418 -0.0005739345077362758 0.0025491463361948055 7.919669724012222 0.0005846893935009201 0.9999909236667157 -0.0042202751689659375 0.008806669145613285 -0.002546701037741456 0.004221751220701247 0.9999878454913613 0.08864586176308561
0.9999961682614362 -0.0004032998994717181 0.002738760967355077 9.23722664701392 0.0004152059238102086 0.9999904609699072 -0.004348053959348703 0.026165286343705005 -0.0027369812725070893 0.004349174448520216 0.9999867967204018 0.09846081786054628
0.9999974032692086 -0.0009744992665052534 0.002060050004086315 10.570253015318666 0.000982747598823184 0.9999914901069875 -0.0040067344264005525 0.020423928463700124 -0.0020561279135215714 0.0040087485311848655 0.9999898510851082 0.11375904068773735
0.9999996685114991 -0.000753257332238835 -0.0003091606107821456 11.886687587346124 0.0007527410955161028 0.9999983280204419 -0.0016665344772882047 0.04357961328789095 0.0003104154231863703 0.0016663012069543385 0.9999985635402446 0.12016939328956351
0.999998813771451 -0.0009143118989589049 -0.0012395521136139033 13.22959341851039 0.0009163890681880775 0.9999981752726688 0.0016762107291733695 0.035530438528909185 0.0012380172723544373 -0.0016773446528107136 0.9999978269117134 0.1438205694253757
0.9999988740847462 -0.0006454391126868293 -0.0013547094123135372 14.568351894604232 0.0006522198315408554 0.9999872329913039 0.00501083462979764 0.05983193207546182 0.0013514579280694123 -0.005011712556367182 0.999986528058614 0.15733960497096078
0.999999661631247 -0.00033259425002146633 -0.0007524084372891225 15.921050201062116 0.0003364022936505012 0.9999871076773169 0.005066686555428794 0.07479905912484447 0.0007507135861817628 -0.005066937952944449 0.9999868811983949 0.17408049088671113
0.9999980999017279 -0.00025463239452999805 0.0019327067230852683 17.266517523062905 0.00024807781003270744 0.9999942201651403 0.0033908839132388803 0.061970276705383576 -0.001933558981249978 -0.0033903980085749174 0.9999923832464973 0.19565496659291484
0.9999920272105525 2.6396621623805466e-05 0.003993096361000233 18.625797712436697 -2.2408153049043226e-05 0.9999995008656937 -0.0009988824947339539 0.07363717530043591 -0.003993120735032111 0.0009987850529397436 0.9999915286717251 0.2141571686020971
0.9999978092386872 -0.0003953690853946943 0.0020555293995538374 19.96634854045134 0.0004017633289175602 0.9999950792776219 -0.003111270925243032 0.06394329809341219 -0.0020542891845241936 0.0031120899455253084 0.9999930473718892 0.24514674755929908
0.9999999080992222 -0.00012523095866974062 -0.0004100228703556526 21.315930565074215 0.0001236912586502491 0.999992949705194 -0.0037530308255784967 0.07410851427559459 0.0004104899752217437 0.003752979764427135 0.999992873295039 0.23357533503001218
0.9999989697356704 0.00011525726396954728 -0.0014308191223593998 22.66949125902831 -0.00011781107013675349 0.999998400124821 -0.0017849000953297006 0.07786438173580006 0.0014306111105259534 0.0017850668227427776 0.9999973834407212 0.28322748139442233
0.9999996257964008 0.0007790973398647136 -0.0003760510517689546 24.03621106123262 -0.000778876319788741 0.9999995240807998 0.0005875285971748125 0.08772412259114601 0.0003765086147661921 -0.0005872354800602422 0.9999997566978474 0.27004245614110006
0.9999916725946363 0.00165172003888353 0.0037318309574392934 25.43047733373764 -0.0016539354827594902 0.9999984578118792 0.0005906532672329241 0.09551280295203333 -0.0037308496084164015 -0.0005968205562599076 0.9999928622577379 0.2832988717302031
0.9999872463250161 0.0017972494247970403 0.004719860359878434 26.801353990442983 -0.0017935865131167915 0.999998087180137 -0.0007801817012631272 0.08673305905086204 -0.004721253512749619 0.0007717062731940084 0.9999885570518776 0.3033861788819543
0.9999906902905478 0.0018565894442272193 0.003895177514482668 28.1641926143084 -0.0018373779092190866 0.9999861598300681 -0.004929928065619832 0.09074196643702082 -0.0039042764569713817 0.0049227252563043234 0.9999802615058953 0.32112394492271307
0.9999975382405223 0.0016919362041527663 0.0014355712369533804 29.526248318234188 -0.0016845947181510631 0.9999855766188348 -0.005099872050567371 0.10190879401707684 -0.0014441791893211415 0.005097441140185712 0.9999859651216568 0.32771513204025954
0.9999968932710896 0.0024606927266868366 -0.0003980445627481938 30.915745386335416 -0.0024626895459673105 0.9999839809060789 -0.005096380228278404 0.10143490097782677 0.000385497560674803 0.00509734465539012 0.9999869341491893 0.3689891855766851
0.9999942994189431 0.002859843498751563 -0.0017951113557828267 32.30200432032428 -0.0028646670152778905 0.9999922781321594 -0.0026902339945603553 0.10804532146516442 0.0017874038459707142 0.0026953610549530697 0.9999947700944615 0.356197790660703
0.999987587218693 0.0033403054640530495 -0.0036969944473217373 33.68292199868764 -0.0033437228851508592 0.9999939878426032 -0.0009185836461152682 0.10845029765348516 0.0036939038704369162 0.000930933968877142 0.9999927441917473 0.3974834387826064
0.9999870482069932 0.0035859293733682598 -0.0036117210293307046 35.078250376785014 -0.0035881057816985838 0.999993384941738 -0.0005962966245710136 0.12172108463859217 0.0036095588600043795 0.0006092481385677853 0.9999932999283254 0.39978800079253063
0.9999931796792308 0.003075426914954901 -0.002045078069961099 36.46860325168831 -0.003077114955420327 0.9999949271833136 -0.0008227825900999307 0.11667544609620324 0.0020425372879321908 0.0008290699187728223 0.9999975703392969 0.43418153226576806
0.9999950442122123 0.0029629553980271032 -0.0010641646135175961 37.87088798900829 -0.002962435103292271 0.9999954918470765 0.0004901670962116648 0.12931129955672258 0.0010656121593444385 -0.0004870121484407896 0.999999313644711 0.44269667088405285
0.9999968497388041 0.0024523217499348303 -0.0005353788400406487 39.267536621255644 -0.0024509586286184343 0.9999937906991283 0.002532067334924823 0.12286425045471647 0.0005415849595100863 -0.002530747166863775 0.9999966509966466 0.4613316319586732
0.9999953696426801 0.0029654453588860742 -0.0006832474099549214 40.66307254580411 -0.002962614986042777 0.9999871778283612 0.0041069564538738215 0.13567477496579902 0.0006954176041946464 -0.004104913238182035 0.999991333003273 0.4750062616020822
0.9999954695341827 0.003003280379060303 -0.00020302234911829284 42.089216223474054 -0.003001667316682836 0.9999671697897249 0.007526575319992777 0.14777424136342251 0.00022562009983193457 -0.007525931815550665 0.9999716543212005 0.5046783494607086
0.9999965062094981 0.0026357890173152516 -0.0002004620999097868 43.47933042805309 -0.0026339546519558717 0.9999590486207411 0.00865813862177348 0.1466684018355569 0.00022327491739996988 -0.008657580363970399 0.9999624975220583 0.5216449512553374
0.9999974700335034 0.0022292608298357906 -0.0003005374272398364 44.90611830717414 -0.002226827690606547 0.9999665768849588 0.007866787871433665 0.1545288721971322 0.00031806450440124593 -0.007866098723658873 0.999969011182767 0.5428294857618123
0.999998772910784 0.001293270972717615 -0.0008840967805767749 46.301199381755204 -0.0012866936358227727 0.9999717908283368 0.007400132908053819 0.14046034957335632 0.0008936422180231629 -0.00739898626572951 0.9999722278172657 0.5683653136824868
0.9999997935919951 0.0004781972925197421 -0.0004291192336716063 47.73291571966075 -0.0004751577135233576 0.9999749956205233 0.007055661477272024 0.1542998412917127 0.0004324825020268141 -0.007055456121613115 0.9999750164368115 0.5905811961991082
0.9999997854713149 -0.0005891873528257313 0.00028620899257212956 49.132619985838645 0.0005871250300472068 0.9999742440872802 0.007153072505694631 0.15543156995204943 -0.0002904161208524979 -0.007152902930692028 0.9999743754907626 0.6072602086655293
0.9999987782357214 -0.0015411651613567146 0.000261413484465812 50.55962645167162 0.0015390702300933671 0.9999681356339872 0.007833197272794214 0.16731107807414886 -0.00027347740542972717 -0.007832785368761913 0.999969285870059 0.6259246909250049
0.999996362918429 -0.002672671959748562 0.0003619040057069211 52.01070087390966 0.002669818435094625 0.9999670352937552 0.007668141583299618 0.17421223825290635 -0.000382386502640751 -0.0076671474756570095 0.9999705338809485 0.6338123079486322
0.9999920024121666 -0.003788385886933289 0.0012818908211346142 53.42134161309606 0.003777725266677085 0.9999590877021438 0.00821898495591855 0.1854292777435236 -0.0013129750626474398 -0.00821407659252034 0.9999654019225951 0.6624664855615495
0.9999870893521148 -0.00459475567176645 0.0021701035465049676 54.87663523817618 0.004578194463103852 0.9999608228017449 0.007575816597255411 0.194804845788522 -0.0022048275542065937 -0.007565783632513909 0.9999689483446385 0.6905591445394009
0.9999832282363226 -0.005077462446070716 0.0027861480885702015 56.27073212758249 0.005065483325440265 0.9999779687019855 0.004289870549388113 0.2005996718768449 -0.002807868362724373 -0.004275685414008191 0.999986917109168 0.6923270955095306
0.9999826092466602 -0.00539013178730888 0.002393257937826937 57.7020864667853 0.005383257599868062 0.99998139301035 0.0028695244716329792 0.2230696567240918 -0.0024086805215702677 -0.0028565910444584386 0.9999930190485081 0.7145259487782263
0.9999826858628943 -0.005410331365939728 0.00231436577549592 59.150222037037445 0.00540712792617433 0.9999844178413793 0.0013881793933093758 0.23423600714262588 -0.0023218402231944724 -0.0013756412863649668 0.9999963583278837 0.7280043030762231
0.9999827585449057 -0.005240914946551354 0.0026486644642109516 60.55511895510478 0.005238249400925856 0.9999857678838616 0.0010123106921829453 0.2335182441306185 -0.0026539322023479005 -0.0009984188734306978 0.9999959798937287 0.7489610508563408
0.9999823920363405 -0.0046053453540797875 0.0037425140545089574 62.007542345430956 0.004609240633310271 0.9999888439871384 -0.0010328610994149853 0.2520237357618388 -0.0037377156209084305 0.0010500930606850592 0.9999924633648501 0.7669462245739617
0.9999854457817646 -0.0042250552102152256 0.0033551651399307495 63.4112931433461 0.004235925157116912 0.9999857818527572 -0.003239294737019429 0.25935283003567255 -0.003341431236592699 0.0032534598200394116 0.9999891248591108 0.7822347419057962
0.9999904692003663 -0.00382555958605804 0.0021039492115557863 64.82023729010827 0.003834217669644359 0.9999841346962334 -0.004126636728292686 0.2661009150176867 -0.0020881291370683356 0.004134664397387849 0.9999892720759698 0.7997712156849475
0.9999929684945791 -0.0030005899927677917 0.0022493156948784807 66.27518927798964 0.003008200072350041 0.9999897374882672 -0.0033875729469581713 0.2759958470382316 -0.0022391278937653578 0.0033943155188567026 0.9999917324300406 0.8300710448310811
0.9999949795694424 -0.0024299095866201904 0.002033808081173965 67.64035155640515 0.002433426475686451 0.9999955453012082 -0.0017285292380655154 0.28700406542578477 -0.002029598851405234 0.001733469682535703 0.9999964378993367 0.8478142429428265
0.9999932636541274 -0.001808095577674785 0.003194281883096764 69.110777604344 0.0018059578955941956 0.9999981434783181 0.0006719791638680613 0.3053862873288391 -0.0031954909553976686 -0.0006662058985964623 0.9999946724894361 0.8630634782547688
0.9999907519096021 -0.0009325432990852025 0.00419838757907655 70.45600504724678 0.0009173842703498095 0.9999930589487158 0.0036111577770354584 0.32006981967455306 -0.004201725998839967 -0.003607272845996018 0.9999846664230634 0.8788604906831303
0.9999867769413172 -7.079864588296588e-05 0.0051420744907037545 71.92755706778094 2.790405961159669e-05 0.9999652088927077 0.008341476219888738 0.3396060764565924 -0.005142486157459476 -0.008341222435306064 0.9999519882696395 0.9090804262579223
0.9999891763242105 0.0003028028724711134 0.004642794939191211 73.28836617165202 -0.00035729992614693415 0.9999310005993854 0.011741651377663882 0.34205230979525353 -0.00463891918335852 -0.011743183160125027 0.9999202858618671 0.9111304254439645
0.9999909594318298 0.001015305346406734 0.004129189952283152 74.68165713760405 -0.0010792509461481313 0.9998790743373542 0.015513604341700977 0.3555126896385597 -0.004112939581821813 -0.015517920522066188 0.9998711306316765 0.9256803425354495
0.999989926633112 0.0018498258978867942 0.0040895936779497466 76.1285675572308 -0.0019202365804493239 0.999848833924907 0.017280682581395698 0.3713320869237944 -0.004057009215952498 -0.017288361494119553 0.999842314184127 0.9425772071824989
0.9999881540994316 0.002126000017125093 0.004378559664816076 77.50277551490333 -0.002201322608287829 0.9998484351461419 0.017270232036240517 0.37227169947756367 -0.004341179515455568 -0.01727966607717092 0.9998412710528987 0.9572855205671731
0.9999879461912308 0.002182696517922985 0.004398102790363975 78.90544751741487 -0.002254647765027809 0.999862614158834 0.016421612920731837 0.37391749609765634 -0.004361655155971826 -0.016431331150376663 0.9998554832179134 0.9841999390186684
0.9999926858692993 0.001962363531340113 0.003282885510600101 80.29170696861517 -0.0020131913234850626 0.9998770387030722 0.015551673063374405 0.3754468772165595 -0.003251963806669162 -0.01555816839303094 0.9998736760849614 0.9948217600473059
0.9999928587419235 0.0017000417868756747 0.0033752515577893153 81.66514480604351 -0.0017513813114365339 0.9998819287672553 0.015266341676223564 0.37741561709883603 -0.003348899618894762 -0.01527214400783748 0.9998777657737702 1.0239700234099522
0.9999922461647053 0.001320491852376946 0.0037099746272916657 83.07105377717346 -0.0013746350024944434 0.9998920383045774 0.014629494650450981 0.38721810748064583 -0.0036902559636506154 -0.014634481076740062 0.9998861005007207 1.0353614454103786
0.9999958926337665 0.0010871468390480222 0.0026519478401220977 84.43440510833918 -0.0011256020439549008 0.9998936171410193 0.014542607080139646 0.3983737728655051 -0.0026358557690103067 -0.01454553238623568 0.9998907339064433 1.0456533134973431
0.9999962480341529 0.00025848978885064847 0.0027271048102179775 85.8445617500868 -0.00029911633343723636 0.9998888331666241 0.014907442373055548 0.4011959282634101 -0.0027229482249806272 -0.014908202162432629 0.9998851589363891 1.0543858572554348
0.9999945170085447 -0.0008979743755998472 0.0031874119388825683 87.19373273454498 0.0008531557766994521 0.9999011441736972 0.014034742796066993 0.41195820530080296 -0.0031996996840405858 -0.014031946484783786 0.9998964278362935 1.0737990032674687
0.9999865743441975 -0.0021124132411654934 0.00473168486433969 88.58327008580586 0.0020512086663816093 0.9999146519423656 0.012902766136958885 0.4152620707792204 -0.004758536998262553 -0.012892887235861508 0.9999055604327639 1.1033469549029848
0.9999810788826192 -0.0031879169309662497 0.005261089468356327 89.9640465133265 0.0031308217855958126 0.9999365052612087 0.010825128218531054 0.41820042886646824 -0.005295265026382511 -0.01080845186148587 0.9999275661449974 1.1225008134740373
0.9999760302573694 -0.004112250465793361 0.005570305810198078 91.333193764911 0.004061163675599619 0.9999498750160325 0.009151743277690258 0.4262229299839762 -0.005607660859265152 -0.009128901989140912 0.9999426069971016 1.1389899485968205
0.9999788008833037 -0.004570133777440245 0.004638066541816345 92.71750429574608 0.004529720101094151 0.9999520086344057 0.008686890342545673 0.4373380567927141 -0.004677544205644673 -0.008665697044898895 0.9999515119619201 1.1517592751279897
0.999977226518842 -0.004868248043686606 0.0046740351592292175 94.06795154296739 0.0048358448812128255 0.9999643701099513 0.006919040026834796 0.44931278447317463 -0.004707552226945239 -0.006896279547207746 0.9999651395325926 1.176190539477323
0.9999790578190387 -0.00492837760268564 0.004194641528536242 95.43746365941627 0.00489926473004307 0.9999640360924581 0.006922696496743037 0.4688337548448965 -0.0042286083352008775 -0.006902000861084332 0.9999672400912247 1.187139733573929
0.9999834132897502 -0.004731395738009229 0.003284362914025086 96.7924720540107 0.004711914253578213 0.9999714096636755 0.005914196421193517 0.4738755943036757 -0.0033122514167257472 -0.005898622687702599 0.9999771173586626 1.1967510895590905
0.9999857828184736 -0.004646993931985666 0.0026152644838772048 98.12270711984769 0.004628056641439376 0.9999633618164692 0.007201119109456476 0.49126530392906287 -0.002648632222142213 -0.007188913137675175 0.9999706517069642 1.2158171095618273
0.9999872071406535 -0.004330420107995978 0.00261400396405614 99.48044104169807 0.004308493374787875 0.9999559703236222 0.008336324068955653 0.5105263822566034 -0.0026499886556825285 -0.008324955004773565 0.9999618356138865 1.223795504100175
0.9999818644595467 -0.0043415080353832805 0.004173974123954897 100.79430563772793 0.004307063336697066 0.9999568890867934 0.008226127477512802 0.5120980782601953 -0.004209507978662421 -0.008208000721327552 0.9999574534782649 1.2501273086046578
0.9999755894561557 -0.004174535737129715 0.005603011975119872 102.13824524001414 0.004126249041775129 0.999954488305283 0.008602057135644195 0.5364203774916946 -0.0056386665674749425 -0.008578727731957942 0.9999473040464891 1.2651263394157426
0.9999820785976692 -0.003926520792958509 0.0045193935375793986 103.50275583211636 0.0038869345304477876 0.9999542955637235 0.008734902610417249 0.5449315666845201 -0.004553484757969723 -0.008717179481915346 0.9999516371097349 1.278619099047212
0.9999908357477263 -0.0038065217466353636 0.001959288839376807 104.81315387326092 0.003789511008668096 0.9999557200856521 0.008613795580343567 0.5532738871044013 -0.0019919906824324663 -0.008606291894721858 0.9999609810952345 1.2909679409087735
0.9999917334062535 -0.0040222177887981984 0.000595720753299581 106.12941997003031 0.004017743279496161 0.9999650571461596 0.007330908921686004 0.5719593476998966 -0.0006251864493892335 -0.00732845486698713 0.9999729510797609 1.308015107240663
0.9999921351917994 -0.003561265005804258 0.0017455503728769563 107.50280206946472 0.0035504342624541416 0.9999746680667012 0.006169087569374802 0.5738901959535874 -0.0017674759103898975 -0.006162841588833595 0.9999794474950258 1.3301722945835377
0.9999897660484192 -0.0031924151909681316 0.0032056643112583915 108.82691609658481 0.0031820190153982347 0.9999896789799485 0.003242944428311299 0.581276242784469 -0.003215984050589163 -0.0032327107553796323 0.9999896034598351 1.328871043375696
0.9999883246080025 -0.002355033243583271 0.004219533872604802 110.16738576385531 0.0023464952595952937 0.9999951920935956 0.002027251757848444 0.5970534395374811 -0.0042242878307637175 -0.002017326972659724 0.9999890428320743 1.3562776663324132
0.9999930893246686 -0.0017026950350998477 0.0033048649780141447 111.49118251769436 0.0016985346511034477 0.9999977620924271 0.0012612653078203381 0.6039570674384475 -0.003307005132209352 -0.0012556431639429136 0.9999937435190784 1.3765117969215415
0.9999992083998308 -0.0009125896035825452 0.0008662447271293245 112.81697226792234 0.0009106197228423001 0.999997005017823 0.002271723377636711 0.6158669771151172 -0.0008683152838784526 -0.002270932759806769 0.9999970444421165 1.394705029883886
0.9999995678142066 0.00025199691423778383 -0.0008949128199456797 114.17301321993092 -0.00024727698630370813 0.9999860808974983 0.0052703762061237615 0.6166255126501231 0.0008962284821032242 -0.005270152636996919 0.9999857110307581 1.418353441709032
0.9999972202717432 0.0015886597874914844 -0.001742299878379343 115.4741035632223 -0.0015741070742199264 0.9999641293456826 0.008322392014911945 0.6314430018277503 0.0017554588304725194 -0.008319626314359728 0.9999638504377465 1.4264884986102822
0.9999952976048875 0.0030657856089477283 7.567504553132584e-05 116.84303407435699 -0.003066360657315272 0.9999512884095356 0.009381803687396554 0.6439752677982762 -4.690876054870647e-05 -0.009381991617431105 0.9999559870478593 1.4398975798048634
0.9999893304641568 0.0039046011132859463 0.002468410013217902 118.13323514047877 -0.003927297530322322 0.9999494337986331 0.00925776322344876 0.6510371636259209 -0.0024321373225113015 -0.009267358627960954 0.999954099332617 1.4563525746886377
0.9999827841190793 0.004794316170714544 0.0033831934485426818 119.51434899298604 -0.004823639474819583 0.9999504061544569 0.008713078316756996 0.6466021003049286 -0.0033412524106986212 -0.008729247618907582 0.9999563171800736 1.4829790589680845
0.9999799424165347 0.005803577193447885 0.0025363864815443875 120.8346015836116 -0.00582715828494603 0.9999389268436327 0.009390783200910911 0.6425341832323282 -0.0024817314412027714 -0.00940537476999281 0.9999526888480723 1.4985317507766809
0.9999715192797952 0.0071642495157604605 0.0023736381640859588 122.13362937612061 -0.007190317657346091 0.9999118490486347 0.011162144244121593 0.6421776187392043 -0.002293460539127801 -0.011178893550617871 0.9999348840688275 1.5167117145278712
0.999964370037023 0.008288891057333282 0.0015977926959678526 123.50099143713827 -0.008308725984180636 0.9998831059678961 0.012835087553764824 0.6442979738758806 -0.0014912172810926639 -0.0128479058617608 0.9999163502943573 1.5241508710639309
0.9999542121604481 0.009524674700567752 0.000924204753235902 124.83867919119672 -0.00953623973737322 0.9998641957152994 0.013440619712965994 0.6436622530353896 -0.0007960617117304328 -0.013448817734120377 0.9999092436752975 1.542591853010582
0.9999433958103204 0.010639737107002663 -3.419968860779798e-05 126.15695648343055 -0.010638072742411811 0.9998344288174761 0.014763006453924614 0.6339971568446955 0.00019126853370365476 -0.014761806987131879 0.9998910202971235 1.5592237335343748
0.9999340221990721 0.011482214034471038 -0.00033167702993725884 127.5009976426835 -0.011476108106319168 0.9998263663977935 0.014681144319064376 0.6286769681782152 0.0005001914810022375 -0.014676369327995155 0.9998921711823884 1.5802604935895348
0.9999215306556354 0.012524503347618248 0.00026333854005680343 128.83008209399537 -0.012526956273978901 0.9998245482924615 0.013926521399303398 0.6281479939990704 -8.88695729740372e-05 -0.013928727424676459 0.9999029866214661 1.5975277042206268
0.9999101875855247 0.013328936988761989 0.0013986427100044847 130.20394948581716 -0.01334594751468592 0.9998270306186908 0.012953552761574578 0.6168570248445686 -0.0012257436991006312 -0.012971055583924545 0.9999151210324918 1.6199012396150185
0.999904617992885 0.013666582880879475 0.0019948505865993948 131.52758819827852 -0.01368800590579383 0.9998441165227165 0.01115262970027016 0.60060420097566 -0.0018421212842147949 -0.011178871466675287 0.9999358176512659 1.6318532997969186
0.9999054122544577 0.013634886546672572 0.0018045534356872063 132.86833982204158 -0.013653082563118455 0.9998517909154228 0.010487589796821116 0.5840826738658939 -0.0016612888874467358 -0.01051123551639306 0.9999433754204042 1.6555015940550797
0.9999061768463011 0.013485872011273452 0.002401824454271822 134.20182304866347 -0.01350583952487202 0.9998726552540591 0.008500916063931606 0.5714909080291892 -0.0022868763285301377 -0.008532557136823464 0.9999609820714831 1.6571684255655836
0.9999144615191254 0.012838594742951799 0.0024980252087505547 135.53979247585983 -0.012857030697258453 0.9998891444607527 0.00750969714394725 0.5536887848781985 -0.002401334330545544 -0.0075411719626531605 0.9999686816690124 1.6904931031771269
0.9999292718059049 0.011735837456859306 0.0019291202396117776 136.8812781274711 -0.011748261286704581 0.9999094670996892 0.006560179963588037 0.5457484819805483 -0.0018519563850210232 -0.006582379782534703 0.9999766209936842 1.706640850017265
0.9999388611289203 0.010659923347341555 0.0029393942278669984 138.21452957279942 -0.010667851478222178 0.9999394655534849 0.002694842008269924 0.5322814482803836 -0.0029104894840229715 -0.002726034269730629 0.9999920488624515 1.7107639946871582
0.9999492244037743 0.009558775426167147 0.0031903646566384457 139.55781469914706 -0.009565804409000319 0.9999518369684433 0.002195251567512119 0.5143237731923219 -0.00316922708226702 -0.0022256585066037036 0.9999925011938405 1.7306426348017339
0.9999595743646682 0.008298640415394881 0.0034615319856466592 140.9244647428924 -0.008303841342768455 0.9999644111795007 0.0014908364727312922 0.5154050125516632 -0.003449036878000817 -0.0015195202171314345 0.9999928975762398 1.7515598323576398
0.9999701890000421 0.007109709642221975 0.0030121653380037338 142.2373772467542 -0.0071116673907677735 0.9999745071376829 0.0006397356261369372 0.5111688942391943 -0.0030075402147378763 -0.0006611380729880954 0.9999952587879131 1.7625442612921574
0.9999789035604566 0.006075851339692387 0.00229705562078931 143.58955565843152 -0.006077520769939146 0.9999812721429021 0.0007204892462861042 0.5052729889003512 -0.0022926350163076166 -0.0007344344497733307 0.9999971022111619 1.7744327922446503
0.9999860137539015 0.005288863767770407 1.4718284213454556e-05 144.93902630471362 -0.005288841055720324 0.9999852219650487 -0.0012585753055326572 0.4927321658288691 -2.1374500038578268e-05 0.0012584798601228827 0.9999992078854726 1.7920792114434132
0.9999907095634889 0.004228443572630857 -0.0008372882794331234 146.24513442668987 -0.004231784673192056 0.9999829268152924 -0.004029649662347746 0.5032374131084589 0.0008202348380409667 0.004033155448851345 0.9999915304001008 1.834394325027656
0.9999931941622396 0.0030852474368835412 0.0020230861213630952 147.62435064413546 -0.0030584748614207354 0.9999094388990212 -0.013105713722145544 0.49020858265961564 -0.0020633372781263485 0.01309943696873954 0.999912069829332 1.8411551613215147
0.9999923047635978 0.001590255857408437 0.0035862933365248357 148.94135122321148 -0.001510599229046012 0.999754495987289 -0.022105787549211366 0.48166494464219456 -0.0036205667452527206 0.02210019998800103 0.9997492048793706 1.8473091279351925
0.9999993637057801 0.00081551892550396 0.000779433715593012 150.2650616913854 -0.0007992483283170458 0.9997864039385964 -0.020652062890647818 0.4483388494422855 -0.0007961093797592576 0.020651426788765352 0.9997864195824244 1.8973041421363923
0.9999958331770418 0.0007402079305132302 -0.0027902904460825493 151.64604734416122 -0.0008020197215594475 0.9997528542337898 -0.02221682280968402 0.4741563282895185 0.0027731557691777677 0.022218968104083317 0.9997492821020025 1.9037391527939636
0.9999841298191016 0.0017884301638067502 -0.005342436474444646 152.9667582364595 -0.0018849469708918127 0.9998341150442137 -0.018115997589725402 0.47120633452812904 0.005309151048069376 0.01812578029501618 0.9998216185919594 1.925569864282359
0.99998254789669 0.0026271677591302826 -0.00529168135939125 154.33479243232756 -0.002721959737445104 0.9998345233852626 -0.01798657227357233 0.4754394731681774 0.005243551967099233 0.018000662113658472 0.9998242252147315 1.9517735108546241
0.9999932932837292 0.0031095698098886327 -0.0019349323396143142 155.6588706549349 -0.003152706744387332 0.9997372343746495 -0.022705123763399056 0.4809433264975081 0.0018638207385236335 0.02271107176081312 0.999740332982385 1.96813536485628
0.9999940802614173 0.0034372880787013776 0.00015650171228615863 156.99898745673138 -0.003430933203307894 0.9995309196613318 -0.030433030383560544 0.47771090192380233 -0.00026103539294612677 0.030432313281055338 0.9995367958053806 1.9702261550123934
0.999993606043273 0.0034673731233771945 0.0008747549340284718 158.3546079948675 -0.003437008500756123 0.9994623671676356 -0.03260618941599774 0.4563341595133192 -0.000987342461892442 0.03260297439328925 0.99946789403941 1.9871489506907638
0.9999929736080314 0.0034249378556028324 0.0015239866312601294 159.6839175064184 -0.0033697693676122326 0.9993872696399113 -0.03483862706956581 0.4521612189117672 -0.0016423729710705725 0.0348332467962497 0.9993917888038981 2.0153126299045696
0.99998923468046 0.00444995093893202 0.0013147090283530454 161.04595527585832 -0.004402671901351915 0.9994118950647322 -0.03400706519607267 0.4552791628247991 -0.0014652656131846156 0.03400091086665163 0.9994207277502908 2.0149048250423407
0.9999831698174727 0.00569018474602966 0.0011322011109153338 162.39739696335369 -0.0056523187895941 0.9995025222815243 -0.031028361947931397 0.4592417595003284 -0.0013081949779402263 0.031021440173323464 0.9995178632097941 2.0276651191936303
0.9999781458249783 0.006594417416701841 -0.00047067119369591687 163.73806301692886 -0.0066050179302927885 0.9995854351800461 -0.02802376694983397 0.46622112641254654 0.00028567565312166617 0.028026263305199917 0.9996071463102736 2.0543415811734076
0.9999716862652717 0.007322260843417452 -0.0017352705639698432 165.0973900544292 -0.007363004120635402 0.9996661032845596 -0.024768288479096803 0.46233621431494776 0.0015533312939391751 0.024780364000660055 0.9996917128404568 2.060379826260674
0.9999716194728867 0.007523093347220996 -0.00040412282924075324 166.43988901196767 -0.0075308001511417855 0.9996642855525693 -0.02479119278604533 0.4566998488960498 0.00021748070185006975 0.024793532567189823 0.9996925694657253 2.080404408917032
0.9999723240168712 0.0073847397292280004 -0.0009037806310512221 167.7669007458977 -0.007405136890935635 0.9996562422795204 -0.02515076975392571 0.4521934729182262 0.0007177380608591973 0.025156766300938636 0.9996832608188235 2.0811407408982827
0.9999723861999327 0.006877365851369702 -0.002815790574448071 169.16065009681316 -0.006933048292853057 0.9997705547736765 -0.020267477615731992 0.44697565721128935 0.002675757646294602 0.02028643996569245 0.9997906284190389 2.123501166884095
0.9999629460894635 0.0061521339727112915 -0.006021436345489451 170.55734076239756 -0.0062444287563689325 0.9998614384628901 -0.01543084522723829 0.4522746754086125 0.005925669378863668 0.015467873884350154 0.9998628062488925 2.1471163553768604
0.9999555194213654 0.006002745315882069 -0.0072750414033027734 171.9015469691296 -0.006091630995218145 0.9999063129483947 -0.012257950797954009 0.45375076018619886 0.00720077846938866 0.012301722424913496 0.9998984030464371 2.1589339851493925
0.9999613988566368 0.006471354616002137 -0.0059432622449405665 173.29929088194982 -0.006493883338683223 0.9999717732028595 -0.003779189954546609 0.45433164989364316 0.005918638007325721 0.0038176389251632216 0.9999751973710026 2.2131793613535704
0.9999678596810049 0.007195336098690411 -0.0035364874405382314 174.65598232349367 -0.0072017695273881195 0.9999724291857338 -0.0018098022149216936 0.4610181675291465 0.003523367801491337 0.001835213014784447 0.9999921089051282 2.232892879206163
0.999973248668654 0.007132367728202676 -0.0016221213419709817 176.05246906311817 -0.007136606985220238 0.9999710944490331 -0.0026228052046504305 0.45871735767751726 0.0016033676424608459 0.0026343114836193298 0.9999952447962992 2.245978076572961
0.99998011074104 0.006258465786152416 -0.0007808510362793995 177.47931661985967 -0.006261775170128991 0.9999711054624753 -0.004310268190472926 0.4557723607219586 0.0007538528079506147 0.0043150719760632434 0.9999904058838691 2.2707623337965552
0.9999882113213531 0.004805234843802182 -0.0006978082950866532 178.88553894393988 -0.004808878991692665 0.9999742962541077 -0.00531803666265702 0.45097791065389914 0.0006722359437275377 0.0053213296456822426 0.9999856156713646 2.2878681056815573
0.9999875339873969 0.0026782305086332126 -0.004214137058418854 180.21597946100823 -0.002705071766862467 0.9999760106136353 -0.0063765809000632485 0.4457297428107762 0.004196958010349448 0.0063879009527038014 0.9999707897058182 2.3208794649182183
0.9999625064692751 0.0010456482927710838 -0.008596061617563187 181.63205071447024 -0.0010883084355009399 0.9999871090141119 -0.004959575621744189 0.45788813290703806 0.008590764834072435 0.004968744836113712 0.9999507539545731 2.3485312425892
0.9999484969229013 0.0006665470404988909 -0.010127152446427737 183.0347208896593 -0.0006655161501880755 0.9999997730143336 0.00010516432426771344 0.48644391309304463 0.010127220244678397 -9.84191244728983e-05 0.9999487135467456 2.366955211813668
0.9999656265951642 0.0002935902944022185 -0.008286098773231797 184.36457387144026 -0.00028069217437445994 0.9999987473633475 0.0015577174451789507 0.4980153692150905 0.008286545724484094 -0.0015553380580448477 0.9999644564100673 2.390098489553008
0.9999839519896465 0.0005350849706304305 -0.005639986457637287 185.80288819159887 -0.0005074771515191954 0.9999878891295635 0.004895310116867053 0.49437902666903194 0.005642537559362147 -0.004892369392617486 0.9999721128569622 2.4183910789862324
0.9999940197936362 0.0010054489901907375 -0.0033089952089404855 187.1706205370956 -0.0009831998766001474 0.9999769466021144 0.006718599728720363 0.5028461989476025 0.0033156741346700696 -0.006715306146426408 0.9999719550909377 2.4532039957681535
0.9999949229490013 0.0011837072695577505 -0.0029585322916701536 188.6259488145624 -0.001169147560735442 0.9999872223422931 0.004918154748133354 0.5106253614814319 0.002964316144085391 -0.004914670817598715 0.9999835292846341 2.4647391983357503
0.9999967831434574 0.0009660897627851206 -0.002345287467906089 190.0374471401015 -0.0009596807570417404 0.9999958067509624 0.002732305498334269 0.5001668178341387 0.002347917285902414 -0.00273004598164677 0.999993517045664 2.482751823996174
0.9999977070069781 0.0010866803977851618 -0.0018452930658913761 191.39170734768717 -0.0010866257905342255 0.9999994091539928 3.0595040192275995e-05 0.5061328336428214 0.0018453252226377829 -2.858982700157079e-05 0.999998296977272 2.502040280486246
0.9999976940827037 0.001467459969886508 -0.0015679255442526989 192.8531313018906 -0.0014704818724880825 0.9999970604111217 -0.0019279139446880817 0.5087520599102296 0.0015650917986569912 0.0019302151051682054 0.9999969123738881 2.529843912821535
0.9999979235015777 0.0018510984262893962 -0.0008523069570617696 194.22438280113855 -0.001855363814810331 0.9999856220805503 -0.005031228208848279 0.5093660265747764 0.0008429814040412926 0.005032799100998085 0.9999869800730214 2.549389336627168
0.999997660774838 0.002069605076842556 0.0006286331823446838 195.69457189352258 -0.0020631233076159397 0.999946437901883 -0.01014223099487127 0.5037696006957031 -0.0006495899241899869 0.010140910322138891 0.9999483686524864 2.5644746524109916
0.9999962977370904 0.0023600610794992766 0.0013544828582434819 197.07815002263874 -0.0023410961671643396 0.999901531583317 -0.013836415940305356 0.4964982169210709 -0.0013870042712014843 0.013833193739627896 0.9999033548149108 2.5968592993535706
0.9999936816736614 0.002655803468333481 -0.0023629051384908817 198.5029478068585 -0.0026828063266984997 0.9999302852964408 -0.011499004182623708 0.5060337943897004 0.00233220131406902 0.011505270745017645 0.9999310924169297 2.6263793478728936
0.9999655203404828 0.0028707895352312477 -0.007792091993289004 199.92547610175725 -0.0029030673181589675 0.9999872400809501 -0.004134232145213171 0.523327906200321 0.0077801240564472456 0.004156710565902244 0.9999610949566676 2.6438626753966337
0.9999534539132425 0.004258248011665102 -0.00865779018271217 201.36370547798984 -0.0042141523602626865 0.9999780894219311 0.005105055920221396 0.5381444076252354 0.008679339079746192 -0.005068333052912498 0.9999494892609344 2.660193216043668
0.999973619330545 0.005694157970998694 -0.004509679364618709 202.8161831399342 -0.0056377899191734785 0.9999070378618785 0.012414949017662165 0.5528459568210535 0.004579952816091195 -0.012389196878135276 0.999912762111234 2.688317270964775
0.9999735759240289 0.00665483680112353 -0.0029258504508464637 204.24844765626133 -0.006615728528728495 0.9998912684291692 0.01317890189435983 0.5482451802815784 0.00301323575985591 -0.013159197021756502 0.9999088738200087 2.7030840572234767
0.9999781063701498 0.006199153442875765 -0.002314579219011889 205.71309922400465 -0.006169912305037127 0.9999036618165953 0.012433795394484705 0.5413735586370454 0.0023914352421823162 -0.012419242422766342 0.9999200185290457 2.7335399935475837
0.9999860646296174 0.004802106178687869 -0.0021932448151953895 207.14565068509233 -0.004784101087161691 0.9999554082722671 0.008142103157745356 0.5335442875329401 0.002232246258501062 -0.008131496989617371 0.9999644472846768 2.747782242067798
0.9999905095697743 0.003524724483335938 -0.002560681100757777 208.5798940942956 -0.003506312834424909 0.9999682239232531 0.007159393415765342 0.52658410166408 0.0025858346216169775 -0.007150346921033216 0.9999710925812899 2.7820076417052064
0.9999900290574831 0.003144953670097 -0.003170339418253717 210.05995241718134 -0.0031222375088965993 0.999969600713276 0.007144878044399328 0.5324824180074003 0.003192713352624859 -0.007134908250583452 0.9999694493661813 2.799536831891635
0.9999898529823673 0.002945476241314034 -0.0034085337045701757 211.53906756822875 -0.0029159798461829384 0.9999585390521745 0.008626542654932309 0.5387780349789607 0.0034338016599668748 -0.00861651590566432 0.999956981404604 2.8242390144043035
0.9999924045360568 0.0027484193178610224 -0.0027635233757945282 212.98445529954114 -0.0027220000166326727 0.9999509908894254 0.00951874651232566 0.5390874719087568 0.002789549444768126 -0.009511151902354865 0.9999508769951581 2.8408677187582216
0.999992719222406 0.0023414015014534616 -0.0030131945153541537 214.43426867955336 -0.0023126089485011833 0.9999519737629977 0.009523760146926883 0.5525730297017193 0.003035348749267723 -0.009516722465947612 0.9999501080811365 2.8662651086636313
0.999992418450723 0.002079746089303713 -0.0032920658070931634 215.88000712803884 -0.0020497534515001702 0.999956603462409 0.009087887692443713 0.5558846444624826 0.0033108234417240055 -0.009081070868924694 0.9999532852088698 2.900516120667137
0.9999894424631973 0.0018513960954938196 -0.004205626545612221 217.3759203879745 -0.001815432378552413 0.9999618931263684 0.008539115903187068 0.5603276816196422 0.004221275568175036 -0.008531390720553655 0.9999546970762979 2.9186461185107735
0.999989715755311 0.0012029268058820182 -0.004372796669412616 218.84748112750498 -0.0011611028197278533 0.9999536799091705 0.009554573582854138 0.5564140220615315 0.004384087573755297 -0.009549398054738562 0.9999447928625549 2.94481862324634
0.999987533497797 0.001063001463274957 -0.0048788192097279325 220.33262581542158 -0.0010126311555921283 0.9999462845173996 0.010315166406332666 0.561162155677305 0.004889522178583418 -0.010310097367953667 0.9999348951132411 2.9697265555372225
0.9999869403395806 0.0010194425884194893 -0.005007982337522648 221.8168557698969 -0.0009700783063097578 0.9999510201854778 0.009849679086227846 0.5691879086311399 0.005017778229819392 -0.009844692317739727 0.9999389501038578 2.9960745204139116
0.9999851543415638 0.0005347142090146034 -0.00542265407282966 223.2974046625876 -0.0004740875711152594 0.9999374410942341 0.011175380928191427 0.5764478660435995 0.00542829047249797 -0.011172644209404885 0.9999228498658865 3.0225043476852096
