1.0 -2.1684043449710093e-19 -2.5135375298442207e-37 0.0 2.1684043449710093e-19 1.0 2.3183291766350204e-18 -8.673617379884035e-19 -2.51353752984422e-37 -2.3183291766350204e-18 1.0 0.0
0.9999996051917989 -0.0005752605321510217 0.000677267721610383 1.3273296131564947 0.0005753941083097035 0.9999998150465057 -0.00019704967556571635 -0.005147294397329037 -0.0006771542414461252 0.00019743929362565135 0.9999997512398984 0.014190926913472833
0.9999991949433092 -0.0005967494779263065 0.0011198226618697432 2.628292109638085 0.0005974884623972986 0.9999996039058764 -0.0006596935863360372 0.0026109771196390695 -0.0011194285465113297 0.0006603621363656997 0.9999991554004325 0.02238872817330788
0.9999988872748349 -0.001117982926636402 0.0009877060635002097 3.952068913162743 0.0011192782555432775 0.999998513100449 -0.0013118738802854152 0.0010290909243763538 -0.0009862379422804482 0.0013129779384500793 0.9999986517109183 0.04942137746404745
0.9999992821443365 -0.0005474306212199864 0.0010658473279201277 5.267740877157508 0.0005495005897131223 0.9999979618565761 -0.0019427639577488751 0.012071868060146682 -0.0010647816270901312 0.0019433482468600017 0.999997544815825 0.054373423007450884
0.9999984227272785 -0.0009066756234279397 0.0015272466301206708 6.589238739993435 0.0009101348451881187 0.9999970188182309 -0.002265835213452324 0.00541542470836749 -0.001525187699566118 0.002267221639987519 0.9999962667472896 0.06502565319406606
0.9999967102503768 -0.0006760305557410519 0.002474362768808948 7.92429047642065 0.0006848693568307137 0.9999933821118684 -0.003573050017964958 0.011495240015391416 -0.002471930902763611 0.0035747328787630477 0.9999905553766284 0.09339318125345765
0.9999957501914396 -0.0004940095026026021 0.0028732479306749947 9.23996116783227 0.0005043316540459898 0.9999934183791634 -0.00359288852292595 0.028083378439690235 -0.002871454098974428 0.0035943223237189107 0.9999894177432033 0.10374599477524664
0.9999967710920995 -0.001050772799946953 0.0023138024760362193 10.571777577076865 0.0010581512604536342 0.9999943521629684 -0.003189977754666479 0.023908076781415367 -0.002310437466199872 0.003192415807528563 0.9999922351498669 0.11967969255779266
0.9999995872641368 -0.0009084353337945112 -1.4724136773324488e-05 11.892859175313017 0.0009084254017602859 0.9999993688767297 -0.0006610668889360453 0.042682065634874936 1.5324664000490253e-05 0.0006610532403101685 0.9999997813868602 0.1271993531067222
0.9999992906587156 -0.0009340600094961055 -0.0007390628960228111 13.230849534657908 0.0009355724504711779 0.9999974636847216 0.0020487382247571183 0.04035277485823076 0.0007371473770806247 -0.002049428218387199 0.9999976282260484 0.14481480017451084
0.9999994118431507 -0.0007583566762018895 -0.0007753763630937784 14.571397515910515 0.0007628831606788417 0.999982572694851 0.005854256218350656 0.06544860567825117 0.0007709232360859109 -0.005854844296700356 0.9999825630857898 0.15853183525748013
0.9999999311385702 -0.0003683740130843195 4.498267905040197e-05 15.921907774167018 0.0003681019745967298 0.9999824983760678 0.005904866001356052 0.08356940574770096 -4.715709096611445e-05 -0.005904849036525556 0.9999825651150448 0.17749313634226052
0.9999956490329759 -0.00018187752289538616 0.002944288655026634 17.264332554541774 0.000169140866762547 0.99999063043078 0.004325556844907025 0.0710074450507958 -0.0029450477898743713 -0.00432504002501672 0.9999863102674443 0.19611911832655723
0.9999871383518112 -6.860453690939706e-05 0.00507133358920913 18.630105867856077 6.944594584306229e-05 0.9999999838539516 -0.00016573882140632267 0.08055141777584456 -0.005071322136892043 0.00016608887328969886 0.9999871269702776 0.21620745490234897
0.9999941863052064 -0.0003990678101602103 0.003386458425974027 19.966107793563296 0.0004060366336693148 0.9999978010924901 -0.002057412072685395 0.06911912671011312 -0.003385629932534718 0.0020587751376988828 0.9999921494466305 0.2406822703190863
0.9999995781150841 -0.0002491052254052581 0.0008841471825797383 21.321684503130996 0.0002517384447500832 0.9999955298965914 -0.002979398360580251 0.0753828605236007 -0.0008834010466502192 0.002979619677453697 0.9999951707229233 0.23118856066333168
0.9999999806034399 4.748789669790651e-05 -0.00019114920784131823 22.674251956683484 -4.764976195837087e-05 0.999999640257483 -0.0008468851190466476 0.08692210981123831 0.0001911089222837728 0.0008468942108342415 0.9999996231237167 0.279663608018173
0.999999108519085 0.0008723383839005812 0.0010109336176731371 24.037640030853595 -0.0008736304522681735 0.9999988012844193 0.0012783581490783216 0.09778693182068944 -0.0010098172449694454 -0.0012792401918400498 0.9999986719059498 0.25652002497839166
0.999982230964407 0.001638400818711954 0.005731788394965498 25.42952512869848 -0.00164890059481403 0.9999969704903535 0.0018276041538803813 0.10778111262475182 -0.005728776682315266 -0.0018370228284109282 0.9999819030686766 0.27597322950077025
0.9999767958777379 0.0017267647897304386 0.006589839865562764 26.80388738991058 -0.0017289700641745318 0.999998451220928 0.0003289654426709237 0.09800197827144162 -0.006589261613413251 -0.00034035144517183393 0.9999782326592332 0.2944175834217677
0.9999805378904213 0.0017215291668444177 0.00599668055773002 28.172317874424742 -0.001697281815679889 0.999990373674668 -0.004046207166747486 0.09576299847335738 -0.006003588495384709 0.004035950362155152 0.9999738336725879 0.31319163693785146
0.9999921318680312 0.0015864069464982707 0.0036358651006701873 29.534115605365315 -0.0015717297461046104 0.9999906197694234 -0.00403609201701973 0.10377187611076183 -0.0036422338798297034 0.004030345663183554 0.9999852451142467 0.310799188350354
0.9999955346054098 0.002375801981261878 0.0018128249188893632 30.921123753322917 -0.0023682446952218604 0.9999885444642278 -0.004159610243609991 0.10513167292557712 -0.0018226865622667017 0.004155298456311386 0.9999897056012301 0.3478212478050756
0.9999958868761187 0.0027893638545530234 0.0006675927887216315 32.3041174961927 -0.0027881358265445335 0.9999944324521254 -0.001833402128393294 0.11548351997730068 -0.0006727030974946203 0.0018315332480114384 0.9999980964764403 0.3336598696301036
0.9999931949945514 0.003383882139885529 -0.0014694578089902933 33.68391367259871 -0.0033839187310307265 0.9999942742793902 -2.241556259985894e-05 0.11644419519557929 0.0014693735436634942 2.738793586613494e-05 0.999998920095062 0.3713497727648862
0.9999930611738408 0.0035606806786824935 -0.0010950603982262897 35.08025130185968 -0.0035605366358923717 0.9999936523634919 0.00013346006159999728 0.12797305883224327 0.0010955286558436423 -0.00012956013287743104 0.999999391515383 0.3611048961563198
0.9999952281172776 0.003023468251030072 0.0006343361955463244 36.4717457113912 -0.003023620373469257 0.9999954002907986 0.00023899180460620493 0.12140428418751874 -0.0006336106936508057 -0.00024090865600982458 0.9999997702502277 0.3999236927110753
0.9999941943191943 0.00280296032126683 0.0019377154958593267 37.875073258574695 -0.002805992148948954 0.9999948406176773 0.0015636962896626984 0.1350237066300362 -0.0019333225197898142 -0.0015691244258094416 0.9999969000514806 0.40545606488794006
0.9999941401711115 0.0023944169665769148 0.0024467102054624994 39.26692026960292 -0.002402633183703973 0.9999914666096393 0.003360663875936013 0.1283608750255587 -0.002438642496125714 -0.0033665227301512995 0.9999913597364147 0.41272024081881353
0.9999919123597655 0.002967626648343236 0.0027144810065781464 40.66788787301744 -0.002983612877006708 0.9999781185738251 0.005904271991774686 0.14766782355448088 -0.002696899934960541 -0.005912323200632587 0.9999788853596421 0.4388520050806632
0.9999907006669344 0.0028591149354186005 0.003228628414580191 42.094407313193585 -0.002887827751509309 0.9999560118948715 0.008923829121014294 0.1521737055683656 -0.0032029721402130544 -0.008933069858090014 0.9999549696023213 0.4590723601236086
0.9999916187251979 0.0024863371924865123 0.0032527844569874296 43.48270357407806 -0.002517009001930143 0.9999520897656794 0.00945953693024453 0.15147374780677644 -0.0032291090168285346 -0.009467644935025594 0.9999499670255215 0.4607741459841697
0.9999928663772306 0.0021121013160713357 0.0031314888919996313 44.91026609778035 -0.002139127036109405 0.999960280766747 0.00865222655803963 0.15838281585615768 -0.0031130901325617183 -0.008658863488871404 0.999957665480348 0.47396575771997157
0.9999956118679896 0.0012636763916306832 0.00267943403395079 46.30624941539159 -0.0012858362335071442 0.999964853621875 0.008284814189988067 0.149869010360476 -0.002668870537448137 -0.008288223148495866 0.9999620905249834 0.49504359789479047
0.9999941958912798 0.0004468361539764455 0.0033776502489594076 47.73767614512656 -0.00047407098796249084 0.9999673508410617 0.0080667532878796 0.16452591589611942 -0.003373935454505358 -0.008068307713557014 0.9999617587538976 0.5169929373330423
0.9999906041174621 -0.0006491096127779857 0.004286062704125595 49.13527120857437 0.0006132396585450688 0.9999648247977612 0.00836499278564009 0.16599980077356624 -0.004291341738231148 -0.008362285805521265 0.9999558273054827 0.5285920798092953
0.9999894237700644 -0.0015813279089215428 0.004318767192053057 50.56423426587956 0.0015421627935711631 0.9999577961633447 0.00905691040394367 0.17598727990033522 -0.004332906868698289 -0.009050154373899052 0.999949659044832 0.5446949358194982
0.9999859868949439 -0.00277843221591727 0.004506254338868082 52.01474471213224 0.002737460511322051 0.9999550923884115 0.009073010329116084 0.18136360424757916 -0.004531260717942281 -0.009060547494762542 0.999948685761125 0.549405517295702
0.9999750900816019 -0.0037350101914732097 0.005989066301336925 53.42161874869245 0.0036733801651105845 0.9999405291613138 0.010268613282919796 0.19834927398676055 -0.006027063501805041 -0.010246357375241997 0.9999293408366834 0.5820419532166266
0.9999665302663459 -0.004695254687470326 0.006700218690843132 54.879151743865386 0.004635653432876821 0.9999497967419241 0.008883395355102805 0.20314435082157914 -0.006741592121716728 -0.008852038138451092 0.9999380942620698 0.590178060573876
0.9999582729370279 -0.005266958173500307 0.007464016103604437 56.27657735911569 0.0052256858339929995 0.9999710094931391 0.005538265146848699 0.20828178783040388 -0.007492969528876582 -0.00549902944809286 0.9999568071085713 0.5803413674925795
0.9999600178348313 -0.005464792654230178 0.007078048672482323 57.7045443753424 0.005436806673857915 0.9999773512243457 0.003967136439882147 0.22994579744675436 -0.007099567941420867 -0.003928495842917317 0.999967080985898 0.5949902996956946
0.9999579494930454 -0.005382315171801383 0.007424953134908069 59.15126919669875 0.0053601390738862815 0.9999811241537576 0.003003372320567667 0.246216208917262 -0.007440978079041896 -0.002963447245818818 0.9999679243984021 0.6133950323830032
0.9999543649470188 -0.0051789086362937446 0.008027884449902668 60.5573663449927 0.005157707654744724 0.9999831627464307 0.002659375000526217 0.2466838968565508 -0.00804152194253393 -0.0026178481587285024 0.9999642397585353 0.6311242189546474
0.9999479428050422 -0.004564460594583215 0.009125644056413642 62.008977424707325 0.004557126204562551 0.9999892764709881 0.0008243444578628152 0.26335882478597444 -0.00912930888509913 -0.0007827148331396668 0.9999580206572525 0.6385169254067269
0.9999533610808494 -0.004237376283642286 0.008678727172987502 63.41050717396579 0.004252138967545301 0.9999895428960435 -0.0016832744169283252 0.26726673729972805 -0.00867150375154209 0.0017200990648298402 0.9999609223774167 0.6434840411479109
0.9999609649564564 -0.0038029670741013275 0.007975337283515956 64.82597274572147 0.0038180803963333344 0.9999909426890633 -0.0018806387014823486 0.27827636215411583 -0.007968113041346338 0.001911015769605085 0.9999664280331059 0.6631062491019096
0.9999634114441157 -0.003021729068875309 0.008002807412435557 66.28179178242458 0.0030379904283362414 0.9999933439121309 -0.002020580508715176 0.2855131741747452 -0.007996648498187032 0.0020448190309111116 0.9999659355837714 0.6741855384069098
0.9999662409759189 -0.0024624995062409428 0.007839196685395605 67.6443751755393 0.0024659576413094517 0.9999968664259824 -0.000431498698825324 0.2974418528138353 -0.007838109555359752 0.00045081525881843833 0.9999691799271618 0.6841194419181058
0.9999551665480658 -0.0018528462576475444 0.009286110842290373 69.12287242518224 0.0018303491627617136 0.9999953710554143 0.0024305739418486864 0.31570228957546204 -0.009290571337229958 -0.0024134681456231934 0.9999539291666081 0.6940231869392476
0.9999458140199304 -0.0010297675251995022 0.010358986575074312 70.48016391533704 0.0009722834758211872 0.9999841109532166 0.005552702580518689 0.3292778280848757 -0.010364539973446501 -0.005542329830414131 0.9999309270600594 0.6997773957782897
0.9999343152564515 -0.00016272201865604927 0.011460309513983967 71.93395359541589 5.111083026115459e-05 0.9999525778643779 0.009738552770747764 0.350254795894471 -0.011461350718597565 -0.009737327350472173 0.9998869045525974 0.7162556517765537
0.9999404586438586 0.000152093202134487 0.010911280161723252 73.30097303505497 -0.0002977605509332057 0.999910843393882 0.01334977909891937 0.3555673041474672 -0.010908276938364688 -0.013352233183759972 0.9998513526336014 0.7108157084548155
0.9999422286986721 0.0009028099265176817 0.010710938304797059 74.69156884588054 -0.0010908816101091886 0.9998451105604255 0.017566014508793467 0.3676660541792476 -0.010693420521297821 -0.017576684062899865 0.9997883330660084 0.7248184652044621
0.9999415066231905 0.0017450220814516036 0.0106741852185149 76.14330930934953 -0.001943127438510872 0.9998255413260028 0.01857716791987928 0.38371827758484484 -0.010639905446084653 -0.01859682258077793 0.9997704489541575 0.7233107524939549
0.9999363569892996 0.0020330766304296004 0.011097232555136892 77.51010021443422 -0.0022419142556871123 0.9998200165845629 0.018839008926019463 0.3856445879235191 -0.011056934088531773 -0.01886268899863684 0.9997609430120296 0.729167183428026
0.9999334704771747 0.0021093829290654517 0.011340419883392462 78.91518585480449 -0.002314428334473278 0.9998335332269782 0.01809832192059823 0.3862273579705772 -0.011300355788985722 -0.01812336443697986 0.9997718967947273 0.7475510842247233
0.9999442627197593 0.0018554441859022514 0.010393689465719651 80.29776595330462 -0.0020323467870196265 0.9998528186524954 0.01703556864907761 0.3917744660865673 -0.010360551161695073 -0.01705574271420469 0.9998008604817725 0.7499557198759416
0.9999430211605441 0.0015928804841716113 0.010555432918017738 81.67923879923661 -0.0017726082498592545 0.9998532438952017 0.01703961655187133 0.3916845816308232 -0.010526741771134987 -0.017057356301766746 0.9997990969708256 0.7652222830457129
0.999939446781205 0.0011889028739338135 0.010940259633748405 83.07982449577032 -0.001366121735746932 0.9998677475189703 0.016205591095171237 0.40027915004576436 -0.010919545883441887 -0.01621955552094833 0.9998088264945465 0.7632738586400711
0.9999474142258531 0.0009823439266987283 0.010208025442756102 84.4411126889192 -0.0011496411882933111 0.9998649176885495 0.016395874505753024 0.41436490619012795 -0.010190540131340308 -0.016406747882499458 0.9998134683608496 0.7666266844289131
0.999943850706787 0.00011951846564322015 0.01059627996134864 85.84612672132833 -0.00029340576322256685 0.9998653007869238 0.016410185719013027 0.41543742474133455 -0.010592891330558253 -0.01641237330829279 0.9998091941243831 0.7678113048863292
0.9999366587877148 -0.0009776947738773401 0.011212605646788198 87.20659911047146 0.0007957682014752886 0.9998681599734206 0.01621818190598241 0.4242227547749931 -0.011226983808252974 -0.016208231991650026 0.9998056051304544 0.7772207721973704
0.9999173823622451 -0.0020865911428423487 0.012683634622543611 88.59353879700724 0.0018980623081108245 0.9998878145075997 0.014857851752208613 0.43013917699903564 -0.012713213964615878 -0.014832549902787835 0.9998091666183458 0.788609848681201
0.9999066975708374 -0.0032584322522689543 0.013265699085955285 89.9840837661076 0.003093092097215825 0.999917522001516 0.012465230668780232 0.42740195120060914 -0.01330522206728931 -0.012423035603471952 0.9998343058988 0.7981205424000979
0.9998975101402306 -0.004163882309476201 0.013697857477735175 91.34393243033382 0.004007631760744091 0.9999268193771689 0.011414673798630079 0.43750825264707344 -0.013744384418292059 -0.011358607941631226 0.9998410243246626 0.805305364552594
0.9999021440229389 -0.004439666511577355 0.01326618783207956 92.7239559297864 0.004298985277401828 0.9999344259377348 0.0106142616397645 0.4521318025152878 -0.013312441696199821 -0.0105561918246436 0.9998556624384574 0.8115061530708978
0.9999006349959785 -0.00486289459340005 0.013231492387956505 94.07488015270648 0.004753606048037632 0.9999544323020801 0.008278680387886907 0.460929864937228 -0.013271147809407082 -0.008214960474536917 0.9998781881110432 0.8196827034186844
0.9999054583714914 -0.004957564184087423 0.012825633561676788 95.44513712181804 0.004853945491479669 0.9999554331773121 0.008097584352135227 0.4794735599238553 -0.012865206258101756 -0.008034563867121518 0.9998849595085435 0.8190967073399598
0.9999139081241205 -0.004764033510568961 0.012226214649591734 96.79843050857414 0.004668681376211173 0.9999585581286023 0.00781571747020337 0.4846457989656859 -0.012262942312313735 -0.007757964299788909 0.9998947115750577 0.8202433762252296
0.9999210573639454 -0.004613065045407111 0.011687543414083373 98.12809957501071 0.0045050727471828275 0.9999470742466223 0.009249487832438005 0.5013999422053023 -0.011729593331050787 -0.009196104420170053 0.9998889179822834 0.8262622763026548
0.9999219634572901 -0.0043165439289221 0.011723243758766986 99.47720879492174 0.004188599593243463 0.9999316411134772 0.010916443264892243 0.5207897943075495 -0.011769563677777695 -0.010866487409361695 0.9998716901794035 0.8233603649970076
0.9999040336678255 -0.0042813251329683315 0.013175496571961296 100.81371602270009 0.004136038988628574 0.9999305634421757 0.011034558246591091 0.5257490024651021 -0.013221824242384049 -0.010979004932992828 0.9998523115012461 0.8284940669865608
0.9998837704258812 -0.0042213420541157565 0.014650116388141494 102.15380008314769 0.004057094019569405 0.9999287890372769 0.01122304961057088 0.5476224123268317 -0.01469644947054602 -0.011162308260710003 0.9998296941215802 0.8287521006170853
0.9998953709999485 -0.00396623304721779 0.013911004575175707 103.49778994266032 0.0038159512872389238 0.9999342561681769 0.010813041069391467 0.5566077871249425 -0.01395297705326077 -0.01075882599590143 0.9998447689989387 0.8414717192919163
0.9999257128896903 -0.0038589154261040324 0.011561897499058104 104.82221144961073 0.0037343422185579086 0.9999349561113119 0.010776745095964204 0.565526926765298 -0.011602732016178159 -0.01073276844075511 0.9998750843437184 0.8401428289602056
0.9999382863869504 -0.0038709077378925173 0.010413428389062087 106.1528154655589 0.003771046052038186 0.9999468820238901 0.009592306415757833 0.5741991130099683 -0.010450006181950687 -0.009552444921856681 0.9998997690602854 0.8426533446623894
0.9999259522106352 -0.003564199557655299 0.011635573779049955 107.51193471570024 0.0034660852705855278 0.9999583621879707 0.008441572320863332 0.5844676819092608 -0.011665176747548025 -0.008400617350203834 0.999896671301382 0.8533277263911808
0.9999061775212185 -0.003068183111505233 0.013349996528086047 108.8316222847826 0.0029955512034661475 0.9999806226721434 0.005457192796639707 0.5914425742682674 -0.013366481507601316 -0.00541669019111836 0.999895992911003 0.8398868780208445
0.999895725354298 -0.00211667045438608 0.014284891472805674 110.18969209074444 0.002056113201433525 0.999988843800908 0.004252607697216533 0.6032283304841649 -0.014293733476779185 -0.004222792904117314 0.999888922432579 0.8539281226262087
0.9999072758256818 -0.0015276364328315828 0.013531669438504474 111.49131956505995 0.0014791224602113183 0.9999924458554479 0.003594499796474637 0.6107462762257285 -0.013537058307164403 -0.0035741515032582743 0.9999019819429403 0.8571690328136097
0.9999342389301223 -0.0007291304497880244 0.011444919572635664 112.83241818354182 0.0006845358470873729 0.9999921611119396 0.0038998878633508243 0.620527596362682 -0.011447673384184202 -0.0038917969448380267 0.9999268996734857 0.8662064174381285
0.9999547554097586 0.00025336203546552795 0.009509097806247684 114.1796366376851 -0.00032590512117824 0.9999708530138856 0.007628034382096582 0.6230101906265127 -0.009506887990388312 -0.0076307883184794575 0.9999256923143723 0.8750215201930085
0.9999590431268871 0.0017136524333545955 0.008886814057805566 115.49087453712798 -0.0018084875532503658 0.9999413914692489 0.01067440861649879 0.6385665070991386 -0.008868000988390296 -0.01069004311871112 0.9999035361156544 0.8657991657510385
0.9999304302452598 0.0031600411506399573 0.011364365774463689 116.86093600193804 -0.0032870830817099744 0.9999321244870114 0.011177723547566076 0.6497283509422993 -0.011328272345926172 -0.011214301530551921 0.9998729467721579 0.8744940277302435
0.999904381968965 0.004021101482871404 0.013230935799347969 118.15418352816214 -0.004178712643802185 0.9999203857994183 0.011906318632677496 0.6550994035808917 -0.013182005913461957 -0.011960468452647036 0.999841578408545 0.8647867092406994
0.9998845738689799 0.004949173300972706 0.01436470057068577 119.52178062808379 -0.005109205919944668 0.9999250573577207 0.011125452036949826 0.6517183363884037 -0.01430856225188693 -0.01119756008225933 0.999834926222568 0.8771461877319899
0.9998863544402447 0.005894829850889408 0.013875488648202568 120.84730914762595 -0.006052531368464574 0.999917256786751 0.011351054756812431 0.6515128426969068 -0.01380742800926688 -0.0114337465901368 0.9998392992729789 0.8796968242013167
0.9998783623716988 0.007297342107628844 0.013784384609195911 122.15134053218605 -0.007480095104557062 0.9998841927520363 0.013253273627122097 0.6466010247586024 -0.013686074605846322 -0.013354770038185443 0.9998171540232296 0.8806481544075977
0.9998777303515859 0.00835821298129575 0.01321607440659962 123.5205093378226 -0.00855405692659709 0.9998534064052459 0.01483218830526353 0.6491226734259558 -0.01309016642590974 -0.014943425831634428 0.9998026513104257 0.8745726180235245
0.9998729155536749 0.009586051467644725 0.0127381458404824 124.85917034259685 -0.009784427109067064 0.9998303853780205 0.015603379793695889 0.648734632707735 -0.01258641046291937 -0.015726032306294872 0.9997971165089247 0.8771981882702906
0.9998711127970453 0.01062714789138298 0.01203418138855886 126.19319420608443 -0.010824380679550652 0.9998061850866177 0.016444605360060784 0.6422334536177178 -0.011857089731558615 -0.01657274842138876 0.9997923551582393 0.8732728197549572
0.9998655693791224 0.011492781547031808 0.011694406461020244 127.52344084595161 -0.011681064118043104 0.9998011618669186 0.016161357326349796 0.6358851474604162 -0.011506342217816778 -0.016295787856743828 0.9998010058941202 0.8816439272954723
0.9998422723312718 0.01249934362260052 0.012617324139569914 128.85209546838627 -0.01269938309210852 0.9997929247037105 0.015900735249677896 0.630501795627918 -0.012415962649697613 -0.016058459496621606 0.9997939636495494 0.8810935046880439
0.9998197476901757 0.013355030381475952 0.013495009902301316 130.2285272340912 -0.01356433760794107 0.9997872461854781 0.015539340723344371 0.6202779991922672 -0.013284610419999218 -0.015719590591623166 0.9997881843658789 0.8846173372650201
0.999807425782121 0.013738927386229985 0.014012609507318013 131.55194984834432 -0.013938293134791597 0.9998015875992214 0.014230580401551533 0.6014299635170299 -0.01381431632102367 -0.014423151817557106 0.9998005487877222 0.877963822046782
0.9998055998433929 0.01371689158185198 0.014163665031519113 132.89471413414864 -0.01390812121544819 0.9998122424955712 0.01349236525718982 0.5886969447450872 -0.013975932385703611 -0.013686732309384195 0.9998086550298719 0.8893007102492788
0.9997928701765093 0.013609576738429705 0.015132619245140921 134.2174347486856 -0.013777233245311883 0.9998442441905137 0.011030648358323574 0.5756296871664504 -0.014980139796473505 -0.011236849207028929 0.9998246489417915 0.8766219856050952
0.9997997429699227 0.013025625772616109 0.015192334597042716 135.55491276407056 -0.013170609056770099 0.9998682999908417 0.009482496005686885 0.5552223793394617 -0.015066818322076745 -0.009680689368836357 0.9998396247593879 0.8891207509873734
0.9998207207910893 0.011892017983639086 0.014734523577758427 136.8952696690655 -0.012033089535282903 0.9998822532016359 0.009522840367003349 0.5474946993463952 -0.014619542845881999 -0.009698434961186674 0.9998460928194305 0.890362030808649
0.9998101468389702 0.010903377575759737 0.01614888959889614 138.23026764959448 -0.011032880420629488 0.9999075160334034 0.007952039331726883 0.5349707683297643 -0.016060691998198793 -0.00812869837979369 0.9998379760917212 0.8949100546547375
0.9998163131999585 0.009827230189454302 0.01645495080654714 139.57103203670607 -0.009942206706397791 0.9999266290936292 0.006920184626079095 0.5146617304344009 -0.016385737244618174 -0.007082512001771734 0.9998406601247496 0.8936942245394919
0.9998229853914382 0.008539655507530632 0.016765207030173767 140.92961968309848 -0.008633413652149455 0.9999474511173941 0.005528035142578002 0.5135196356917094 -0.016717118521526537 -0.005671797566856537 0.9998441721891955 0.8949928970412564
0.9998398648674428 0.007359485776072626 0.016312038222288272 142.24744753076553 -0.007429669424545126 0.9999633844387831 0.004246150489131629 0.5108089767723859 -0.016280191463726345 -0.004366663582892341 0.9998579337161146 0.8792551036351216
0.9998536575601737 0.006316193119698612 0.015898715923542275 143.59995957727918 -0.006376394462401185 0.9999726814317556 0.003738714196686644 0.5016419144696557 -0.015874667152500688 -0.0038395435483034525 0.9998666175286272 0.8677662762234181
0.9998886485333398 0.0056103181078286666 0.013828046315374412 144.9542866518351 -0.005634018969367794 0.9999827249301174 0.0016756108110016275 0.48938984832842863 -0.01381840672523334 -0.0017533317045303866 0.9999029840257053 0.8743679279658823
0.9999071309849129 0.004538661443687257 0.012850290184263778 146.25641936440107 -0.004524658462568019 0.9999891380802282 -0.001118564865981986 0.5016888132545467 -0.01285522739267225 0.0010603178117358876 0.9999168059667868 0.8883873007796939
0.9998672351474757 0.0035838112953401314 0.01589554576420748 147.6373280960381 -0.0034214256567209117 0.999941805975792 -0.010231251553305077 0.4878185718211497 -0.01593128761331468 0.010175507774596223 0.9998213105933034 0.8783676741612304
0.9998462798502075 0.002179213150197844 0.01739734749169382 148.95956818034443 -0.0018740837971669728 0.9998444775389499 -0.017535921555069247 0.4744537848690034 -0.017432856324249815 0.017500621843533185 0.9996948653241488 0.8770486721611629
0.9998948702438778 0.0013314354758413134 0.014438688983154398 150.25953223805965 -0.0010493134452790468 0.9998087341326708 -0.019529313693006874 0.4447003600780965 -0.014461929375852643 0.019512109870538873 0.999705021577429 0.8820927360919575
0.9999335325252771 0.0013258579171077543 0.011453062136589918 151.65663582971595 -0.0011119307754778554 0.9998251789050747 -0.018664812814110532 0.4636915799557245 -0.011475806789567874 0.018650837198873466 0.9997601973124903 0.8868000386449886
0.9999562527269286 0.0023635462891282606 0.009050208906876524 152.97425752058507 -0.00222270310733863 0.9998767611330415 -0.015540982497749852 0.47040428756927494 -0.009085825400897066 0.015520186694685346 0.9998382727130155 0.885823713398701
0.9999516945237809 0.003228429233620921 0.009283634186177479 154.34352131433147 -0.003081077708670697 0.9998697459940328 -0.01584291658696945 0.47265934903311113 -0.009333572690689984 0.015813547688992534 0.9998313938511412 0.8873575752537469
0.9999183274211744 0.0036171317092367904 0.012257848320120548 155.66864483471454 -0.0033830076070616695 0.9998124821122858 -0.019067141159614026 0.4762495554234316 -0.012324518115188574 0.019024115502911512 0.9997430616326178 0.8806838705393735
0.9998762504605367 0.004182371037541483 0.015165471884591698 157.00806045175378 -0.003760231958115612 0.9996075999194505 -0.027758004951672244 0.47047152330101294 -0.01527561522817242 0.02769754421930271 0.9994996256245525 0.8677089302824257
0.9998573221437299 0.004282452452151752 0.016340010910784346 158.36182961994743 -0.003798312157618199 0.999556205351786 -0.02954598394861021 0.45173580323501444 -0.016459288572802343 0.02947970392886098 0.9994298569063984 0.8772064541884091
0.9998510030940473 0.004155573304988814 0.016754188202786725 159.69041468517196 -0.0036383297909354895 0.9995193879893395 -0.030785639342863536 0.4439226089764917 -0.016874067919737813 0.03072009511579253 0.9993855820392431 0.8881252260262786
0.9998416775895078 0.005198997389686982 0.017017349415841137 161.05606522796606 -0.004689155052325316 0.9995429678314779 -0.029864147125550005 0.4457402106843678 -0.017164835562686078 0.029779621971799314 0.9994090966842971 0.8700076560007759
0.9998399377633889 0.00641540390238264 0.016701540230530405 162.3980542650818 -0.005947978743677448 0.9995933646365665 -0.02788775579735918 0.4475352684738222 -0.016873660011019934 0.027783951614514316 0.9994715261729644 0.8537957344006654
0.9998590454087068 0.007269567125139979 0.015134157003365683 163.7481841018248 -0.0068922501435788935 0.9996677774495735 -0.024836095043071233 0.4521977556278628 -0.01530967675516943 0.024728285885665727 0.999576973361636 0.8531381067792011
0.9998619342695306 0.007925337057939448 0.014604842734899022 165.09632095891254 -0.007579573940284284 0.9996932260413182 -0.023579734222116316 0.4522875622344668 -0.014787239690924214 0.023465780183491273 0.9996152733440518 0.8380294007247924
0.9998405258582088 0.008189616601260132 0.01586987811877282 166.44060071217328 -0.007827607961996559 0.9997107584236051 -0.02274044954906548 0.4506752090369107 -0.016051523453355695 0.022612599851071277 0.9996154355164799 0.8320039791314553
0.9998423703477546 0.007968081650123993 0.015866446741489952 167.77473562053427 -0.007621707905618017 0.9997338949417824 -0.021772663436856226 0.4428304641933646 -0.01603571095976164 0.021648301996926536 0.9996370376264901 0.820868043845028
0.999879090001019 0.007472153892867988 0.013637165942206531 169.1630107163123 -0.007232340948641561 0.9998198178202967 -0.01755064495086264 0.43799648157143484 -0.013765849887914022 0.01744989426873228 0.999752970771717 0.8402734260219119
0.9999142878233668 0.006882456424978816 0.011137719705914055 170.56937274309897 -0.00671907547186019 0.9998702438015961 -0.014640682529863926 0.44102375912742364 -0.011237038377289864 0.014564592465808433 0.9998307864908003 0.831722771420119
0.9999327589938508 0.006458320969524499 0.00963159286930039 171.92164476319925 -0.006372247295888998 0.9999397276274588 -0.008940669814036297 0.444619982454187 -0.009688754065688393 0.00887869374278585 0.9999136446924186 0.8329267235060857
0.9999194455009587 0.006817021192864408 0.010706574200520786 173.27440451692058 -0.006754605515861052 0.9999600461050566 -0.005855040383999829 0.4461367526580716 -0.010746060365562778 0.005782250049004016 0.9999255411134322 0.83370123071818
0.999884694499561 0.007463320133066417 0.013224846241484877 174.64365367125947 -0.007443572346417317 0.9999711075811989 -0.0015418279910630528 0.45487692286603143 -0.013235971299576115 0.0014432101100462147 0.9999113591755696 0.8509043429148208
0.9998521471527716 0.007466315106581187 0.015489931333661036 176.06785503378364 -0.007473668161713948 0.9999719848611528 0.0004168657517652976 0.45242376249634897 -0.015486384930024168 -0.0005325707236125049 0.9998799369175398 0.8472018457169669
0.999836923768918 0.006548635344733817 0.016829772530501764 177.46630187304086 -0.006505322285867018 0.9999753893763047 -0.0026270560833091807 0.44792931921167856 -0.016846561971622893 0.002517144578595528 0.9998549181420806 0.8371158890920714
0.9998468318037963 0.005242248991745886 0.016698256119119112 178.86770048100485 -0.005166283632700843 0.9999761241293265 -0.004589192163811287 0.44253672752482714 -0.016721915121709206 0.004502221318242672 0.9998500425353113 0.8287573984595139
0.9999093998717337 0.0030754094082172546 0.013104728349765954 180.2063465723682 -0.0029751036359007403 0.9999661839036448 -0.007666799041160341 0.4370676000417621 -0.013127863744911468 0.00762711650322294 0.9998847365008334 0.8177239966514067
0.9999582528093751 0.001428826044654608 0.009025026014148528 181.6217816691809 -0.0013887965122217707 0.9999891783045788 -0.004440103375046886 0.44717765762548145 -0.00903127248340906 0.004427384088553733 0.9999494159143566 0.831026354222595
0.9999640515470111 0.0009018788381077373 0.008431027710084615 183.0182023847201 -0.0008955808054715925 0.9999993171529394 -0.0007507520735275851 0.4745726068297564 -0.008431699040389904 0.0007431744185644126 0.9999641764298739 0.8312764839032197
0.9999537174352506 0.0005199662394899867 0.009606904940352151 184.34298079426972 -0.0005429729161098036 0.9999969909084409 0.002392353334335147 0.49075622128003155 -0.009605632089328797 -0.0023974588992772996 0.9999509908105452 0.824436703503332
0.9999191344938616 0.0008066006254578075 0.012691488032443259 185.79150347472938 -0.0008703964558514727 0.9999870111678067 0.005021942421642326 0.48185961635291646 -0.012687272482936615 -0.005032582945929522 0.9999068487743425 0.8308865428267371
0.9998835161231316 0.0011616259114370702 0.015218567951190634 187.15532369332945 -0.0012676146683775799 0.9999749988239617 0.00695664287356166 0.4936917354442871 -0.015210106452475693 -0.00697512381679639 0.9998599903533718 0.8411125480257416
0.9998757069836381 0.0013221415917478556 0.015710586417487116 188.60791387023056 -0.0013971800466758815 0.9999876651402546 0.004766283170268742 0.497107367741244 -0.01570409092838968 -0.004787641272420764 0.9998652209268805 0.8235676498653556
0.999863118631129 0.0011837166349853954 0.01650281237125653 190.02778194282283 -0.0012532115501405915 0.9999903888452882 0.004201389991393475 0.4919603783500788 -0.01649768050495078 -0.004221496414453754 0.9998549922393644 0.825270224849679
0.9998519499207131 0.0013710387121466858 0.017152215384533778 191.37406875714674 -0.0013926704284760879 0.999998249881932 0.001249280653331207 0.49680304942354964 -0.017150472553993677 -0.0012729830803803227 0.9998521094668209 0.8231408395754161
0.9998490213761438 0.0017206934626921616 0.017290855015724915 192.83662962308642 -0.0017206470049793542 0.9999985195316046 -1.7563688851465582e-05 0.5032540734446009 -0.017290859638885124 -1.2190420786446367e-05 0.9998505018373206 0.817300662874576
0.9998327691176055 0.0021810017666709283 0.01815701048946746 194.20417396775937 -0.002125963532766873 0.9999930888983115 -0.0030499892902915147 0.49807984288699625 -0.018163537036552064 0.003010878095726532 0.9998304959018876 0.8074860165735057
0.9998030130401034 0.0025587376557647417 0.0196821741060188 195.64828534738993 -0.0023968780345271423 0.9999631544004106 -0.008242864627548073 0.49665305869591475 -0.019702540232626523 0.008194065119917798 0.9997723076806999 0.7943991311866389
0.9997866750033779 0.0029220336004636186 0.020446667340372406 197.0625594326886 -0.002681964333080367 0.9999272658582674 -0.011758829045688594 0.48702066973531477 -0.020479539863145726 0.011701483360984906 0.9997217931675524 0.79451581629425
0.9998501985923967 0.0030812287700450066 0.017031923086118488 198.48043299749745 -0.002913538634715795 0.9999471277082919 -0.009861697651062349 0.49181099479754853 -0.017061408715836668 0.009810597188937948 0.9998063115000962 0.7908828196885611
0.9999230170052733 0.0032659170163214166 0.011970540886461139 199.91572783116663 -0.0032244687705987227 0.9999887454870737 -0.00348018682488258 0.5085238454679714 -0.011981772165225358 0.003441320274423023 0.9999222942061796 0.7879783378860725
0.9999280251985516 0.0045828709504019596 0.011087908566391011 201.3616131608349 -0.00465919508462625 0.9999655638354993 0.006867535534330548 0.5194356066431903 -0.011056053712246513 -0.006918701973915339 0.9999149440023926 0.7746701517481275
0.9998731248176275 0.005771362540801174 0.014846738424848484 202.7992330174521 -0.0059632428948911825 0.9998988492631807 0.012912434950210034 0.540393009389618 -0.014770714322935277 -0.012999331390095138 0.9998064029509917 0.7649504902750706
0.9998317946227633 0.006621307104787913 0.01710382277879664 204.22378851333116 -0.006871883193711784 0.9998693132094799 0.014633308695398422 0.5337523612928213 -0.01700469590426066 -0.01474838276649093 0.999746630663478 0.7582611114710084
0.9998240671584984 0.0061738508021216745 0.017712094650601137 205.70685922077914 -0.006426757991682324 0.9998777016532497 0.01425757757584815 0.5304442238978895 -0.01762190433395492 -0.014368900545557485 0.9997414681730257 0.759354632518906
0.9998250697978973 0.0048988223286302 0.01805079896909073 207.1285695473891 -0.005092461907318757 0.9999298161670255 0.010697175884382518 0.5194127147479294 -0.017997128530755125 -0.010787227631389897 0.999779845308294 0.7559196473930871
0.9998373189667465 0.0037751281997854412 0.017637573769190718 208.56470074293574 -0.0039274957873259375 0.999955201651709 0.008612169676136936 0.5131191197261966 -0.017604271590412276 -0.008680040136152615 0.9998073547063983 0.7465436452716704
0.9998473970960648 0.0033624774410601728 0.01714281965379281 210.06097043711137 -0.0035213118784460425 0.9999510768006739 0.009243612271600646 0.5190058331277748 -0.01711089953447271 -0.00930256688400211 0.9998103216943152 0.7375339554257206
0.9998472137762136 0.003136443536404634 0.017196273604637914 211.51690054064284 -0.0033110338155839937 0.9999431705250041 0.010133744395551836 0.5236062242142293 -0.01716351243232808 -0.010189133542419815 0.9998007778545883 0.7336882205083434
0.9998358027404866 0.0029732980460061027 0.017875319773819866 212.9625664043299 -0.003176590431141122 0.9999304821502472 0.011355181196575992 0.5248740351617986 -0.017840314781961724 -0.01141009927668934 0.999775741255496 0.7175349267052518
0.9998334493862646 0.002594424167087114 0.018064950916210017 214.4002258645901 -0.0027892234441642748 0.9999381500974226 0.010766439166360801 0.5360294333281449 -0.018035900890789106 -0.01081503319392307 0.9997788462135374 0.7223230845528114
0.9998461567879902 0.0023517300656459637 0.01738194816423041 215.88150271691705 -0.002554663250423071 0.9999287335304441 0.011661970497261623 0.5334051736084987 -0.017353283607507656 -0.011704581406457878 0.9997809091606705 0.7174262686762978
0.9998541529226458 0.0020660973196066153 0.016952997528588 217.35346602809764 -0.0022472410326975466 0.999940517025883 0.01067297136464914 0.5403340306686334 -0.016929937716346065 -0.010709512214642385 0.999799321642621 0.7047224044496663
0.9998528876276189 0.001444679251118642 0.017091401480666842 218.81169943157565 -0.0016247188895218872 0.9999432934677537 0.010524739302799182 0.5348568263809386 -0.017075227414063456 -0.010550959706265696 0.9997985366352736 0.7014730731324085
0.9998578862433316 0.001255956140534707 0.0168115998997764 220.29346809854167 -0.0014697340574343506 0.9999181472503792 0.012709786826284514 0.5435176376145472 -0.016794260889289717 -0.012732689171664835 0.9997778910476267 0.701997605581219
0.999858884897104 0.0011822860709231457 0.01675746078516326 221.79557409268676 -0.001358438968522894 0.9999439042557213 0.010504426942647381 0.5492950311700234 -0.016744101525270977 -0.010525708597102567 0.9998044031322528 0.6855425081981769
0.9998620441235293 0.0007371457877513572 0.01659365352190757 223.27417123549563 -0.0009435510568135065 0.9999222444619029 0.012434417625032761 0.5525804235863951 -0.01658319729487354 -0.01244835918336789 0.9997849948469526 0.6847968388839683
0.9998618778142733 0.0003990016307495938 0.016615236724582715 224.73985893297615 -0.0005882165139372772 0.9999350191379821 0.01138470477685964 0.558725287464759 -0.016609614536406147 -0.011392905653176381 0.9997971406269023 0.6675148919064684
