1.0 -2.1684043449710093e-19 -2.5135375298442207e-37 0.0 2.1684043449710093e-19 1.0 2.3183291766350204e-18 -8.673617379884035e-19 -2.51353752984422e-37 -2.3183291766350204e-18 1.0 0.0
0.9999996051914599 -0.0005752610969017927 0.0006772677421528302 1.3273295959154128 0.0005753946731389207 0.999999815046159 -0.00019704978524805178 -0.005147312860110633 -0.0006771542618139539 0.00019743940370223732 0.9999997512398627 0.01419092852461359
0.9999989964575571 -0.000256753136105596 0.0013932557934933718 2.6196409972641304 0.00025829910646080786 0.999999351097314 -0.0011095433847212802 0.02032841627822153 -0.0013929700106622728 0.0011099021479739318 0.9999984138746277 0.022673697798380337
0.9999988184239256 -0.0008668276181923309 0.0012695513510813695 3.943355630959443 0.0008688741092364621 0.9999983227456138 -0.0016123162658627566 0.0103050199393222 -0.0012681516214522871 0.0016134174410877334 0.9999978943355959 0.04934315255579629
0.9999991619723911 -0.00012810153824911234 0.0012882719089940013 5.255339164335381 0.0001315293385809387 0.9999964507732919 -0.002661041309739581 0.02368852226747152 -0.0012879264531398126 0.0026612085252655975 0.999995629597768 0.059761488762651256
0.9999982765296315 -0.0004817543587497755 0.0017930004195525762 6.579150765235865 0.00048721896817966424 0.9999952344449239 -0.003048557875255774 0.021485123860068518 -0.0017915232188660197 0.0030494262049709695 0.9999937457026302 0.06825192628593375
0.9999960457901262 -0.00027713347569573935 0.0027984998031660747 7.915820656544986 0.0002887261229393367 0.9999913764851559 -0.004142896637489827 0.01964239715457563 -0.002797327534916886 0.004143688255605251 0.9999875023250554 0.09217279859919618
0.9999952419353562 -0.00016442415703916247 0.0030804336293762174 9.238081681474757 0.0001773078012689219 0.9999912371444295 -0.004182606399972541 0.03830455428124658 -0.003079718914449686 0.0041831326837746905 0.9999865082751657 0.10076252863473623
0.9999968001065468 -0.0007686488901855873 0.002410177493590059 10.567893424270101 0.0007773743546368979 0.9999931405029081 -0.0036214135698480437 0.027371041415334543 -0.0024073773654631836 0.0036232755918841103 0.9999905381593396 0.12017942501100601
0.9999995514919823 -0.0005227536461017439 0.0007897749424313352 11.883818231925199 0.0005243363440789097 0.9999978523006136 -0.0020051098619580814 0.04980667509433538 -0.0007887250677410028 0.0020055230703561917 0.9999976778922948 0.11893807911633233
0.9999996337062794 -0.0006358622435675812 -0.0005729454723347536 13.228636481236524 0.0006371006702473045 0.9999974557621744 0.0021639251174603827 0.04941160549988638 0.0005715680563451104 -0.00216428934877264 0.9999974945776473 0.1460197665415126
0.9999996288115357 -0.0005844662358936678 -0.0006330687245503724 14.566742208180111 0.0005873945245575864 0.9999890845171192 0.004635279310510189 0.0628499433857507 0.0006303526500486174 -0.004635649451050449 0.9999890566449733 0.15371037024731493
0.9999999099834929 -0.0001391721727302848 0.0004008292811172892 15.914227274192841 0.00013681207772078583 0.9999826912272243 0.005882051377977967 0.08170646499681228 -0.0004016409611247248 -0.0058819960102094865 0.9999826202527093 0.18021936846202966
0.9999956590608023 4.736208605691453e-05 0.002946118868028135 17.260838269111854 -6.049384597558236e-05 0.9999900640078156 0.00445737884183433 0.06746039338650432 -0.002945878484653792 -0.0044575377146848245 0.9999857259768641 0.1982183206442428
0.9999858819580559 0.00036035447771046283 0.0053015119748504504 18.625809339581632 -0.00035839936963704685 0.9999998674253464 -0.0003697285238961442 0.08775363336444959 -0.00530164450533346 0.0003678232455034262 0.9999858785360917 0.21041602584440816
0.9999947554761193 -9.513475870266425e-05 0.0032372781212096744 19.962080826241184 0.00010464613626062576 0.9999956784873028 -0.002938036062627351 0.07089007012093902 -0.0032369846219192913 0.0029383594226744443 0.9999904439415712 0.23812170362468787
0.9999995027854239 9.55045040439912e-05 0.0009926267146940296 21.32063651954107 -9.174996298441684e-05 0.9999928448069346 -0.0037817875242108397 0.08466892249564467 -0.0009929807900001437 0.0037816945703866285 0.9999923563584509 0.23192916648129014
0.9999998836417996 0.0003775521621637613 0.00030028445201497954 22.67104078818942 -0.00037711049059540897 0.9999988491147908 -0.0014695430485666453 0.08933991746032707 -0.0003008389355774243 0.001469429637156243 0.9999988751356055 0.28187844942180557
0.9999990245747485 0.001069715738483598 0.0008980856251781002 24.03625818555366 -0.0010703314478066493 0.9999991923225904 0.0006853792808947296 0.10505660778758208 -0.0008973517388110253 -0.0006863398616459235 0.9999993618485219 0.259797009699761
0.9999802149699538 0.0019634907259280282 0.00597615033396519 25.430939624339775 -0.001969143091387937 0.9999976193564228 0.0009400834922668725 0.11560628524128475 -0.005974290261662618 -0.0009518327878299554 0.9999817007676758 0.2740055720017678
0.9999733643062569 0.0020814786319538914 0.006995578941782205 26.791263900948696 -0.0020801956698362194 0.9999978182135956 -0.00019066731170917336 0.10015386003631332 -0.006995960548858314 0.00017611006013035907 0.999975512460803 0.28749986967825003
0.9999782001343378 0.0020272430985517832 0.006284070457092456 28.171275740207182 -0.002001593874797723 0.9999896522004421 -0.0040852312051066 0.10056554056178618 -0.0062922871875575 0.0040725639906794165 0.9999719102777292 0.31399708136226173
0.9999910807602334 0.001918782964904608 0.0037625353040292198 29.528239278891178 -0.0019016512398840966 0.9999878335151449 -0.004551543062373548 0.11134622709797211 -0.003771222950492539 0.004544347436143652 0.9999825632398983 0.30535610403695373
0.9999945687263192 0.0026852361739371413 0.001911027093710786 30.91541454909295 -0.0026760948280450123 0.9999850424053697 -0.00477006100612572 0.10998819912833094 -0.0019238072497077268 0.004764921008897189 0.999986797159565 0.342688290520959
0.9999950886713208 0.0030287264384367923 0.0008058842339374551 32.302283846540526 -0.0030269975399300824 0.9999931331325709 -0.002137983535413955 0.1146843737053601 -0.0008123540672959083 0.002135533625480505 0.9999973897850953 0.33277960030130416
0.999993137153927 0.00349620263866862 -0.0012256476478442605 33.68300550672176 -0.0034968474203960244 0.9999937485502961 -0.0005243266593775319 0.11191632512337388 0.0012238068335195952 0.0005286089638200553 0.999999111434304 0.3657990204107523
0.9999921981247616 0.003840710329914234 -0.0009233817029291957 35.069789966215716 -0.0038404556269476665 0.9999925869329521 0.0002774521936351532 0.12654119832791702 0.0009244404713448729 -0.0002739038225309189 0.9999995351931474 0.3742249014554661
0.999994293712335 0.0032891581199293767 0.0007707020374748063 36.469039136065035 -0.003289012038823009 0.999994572995499 -0.0001907337364193693 0.1183036403962059 -0.0007713252082892681 0.0001881977997582018 0.9999996848194559 0.3954671860370424
0.9999924713212394 0.0031161032670964815 0.0023124016236784227 37.87293460456551 -0.003118701515722189 0.9999945086708169 0.0011208608600313324 0.1308712516008931 -0.0023088962073319987 -0.0011280641118787062 0.9999966982293809 0.40387737725255274
0.9999924475253071 0.002793493588615586 0.0027020891761703222 39.266969983400614 -0.0028016535446516552 0.9999915126773353 0.003020812922093085 0.13169704021517284 -0.0026936276211373413 -0.0030283604251983218 0.9999917866679574 0.4138417923242836
0.9999913907552733 0.0031227631265184686 0.002732538341898573 40.65807809893042 -0.0031369925025046892 0.999981462128 0.005218685503705798 0.1421157841930379 -0.002716190967792687 -0.005227212527056488 0.9999826491273853 0.42660283789878045
0.9999893586969921 0.003164391381217924 0.0033569509923431925 42.0855062448272 -0.0031917882213139378 0.999961387864379 0.008187506842451073 0.14579644452275545 -0.0033309128972102884 -0.008198134393346773 0.9999608470393928 0.45151328167214116
0.9999905561128624 0.0028686833015309984 0.003264711503922761 43.4739679931281 -0.0028979400039101863 0.9999553689663967 0.008992331122187003 0.1530040304396716 -0.0032387696463418696 -0.009001707137695223 0.9999542387728476 0.45579154726161697
0.9999909037205037 0.002537736570850473 0.0034281728876175118 44.900810285011495 -0.0025666085992204456 0.9999610548786722 0.008444006527209787 0.16393411483163775 -0.0034066107128398705 -0.008452728496179321 0.9999584723299368 0.4707696456578578
0.9999945637319978 0.001559585147429632 0.002905202337064715 46.29900467178444 -0.0015815839296939955 0.9999699800089438 0.007585359133607217 0.14830021265945248 -0.0028932851094738464 -0.007589912718890885 0.9999670105189445 0.4899290628069564
0.9999934685042818 0.0007149562163575577 0.0035428500370126488 47.73339693891369 -0.0007407230202611988 0.9999732484099275 0.00727693574966113 0.1588958615650699 -0.0035375525696905155 -0.007279512490966187 0.999967246673465 0.5069250933809686
0.9999883090142702 -0.00010527220085362375 0.0048343306200744444 49.12760699860989 6.675626307617671e-05 0.9999682635825762 0.007966641152247786 0.16714037275403054 -0.00483501586158743 -0.007966225292513089 0.9999565799954552 0.5279461264886172
0.9999875833162233 -0.0011641693731814192 0.0048454022588110745 50.556774284054995 0.0011228771967045103 0.9999631082482147 0.008515943246072969 0.17510003280271175 -0.004855137503744473 -0.008510396714593343 0.9999519992417535 0.535466101999606
0.999983889111936 -0.002415579200071688 0.005136778532839738 52.01021859525401 0.0023668731727801125 0.9999523871328383 0.009466856855490901 0.17402432906683427 -0.005159401898595995 -0.009454546232715895 0.9999419943814652 0.5569414383562843
0.999975099283405 -0.003316458499479869 0.006229118409972845 53.40504269772014 0.0032544611422289124 0.9999453334003023 0.00993673455576417 0.19448183933605295 -0.006261732653024798 -0.009916214700137519 0.9999312273302613 0.5735989990239504
0.9999648550879459 -0.004299931988114087 0.00719716429163423 54.87314681738921 0.004250916811922148 0.9999677637241068 0.006811844013695637 0.1947571929472843 -0.00722622274783301 -0.006781010065351375 0.9999508985981723 0.564517789830102
0.9999611224057174 -0.004643633543887124 0.007496021918851298 56.26690871070976 0.00460684897220698 0.9999772995575257 0.004917043032728932 0.20451610907759737 -0.007518684701800461 -0.004882318829052334 0.9999598153642006 0.5721983951650845
0.9999592994750388 -0.005060860786065257 0.007469075009244382 57.69049547121358 0.00503899575361759 0.9999829725217713 0.002943329461285664 0.222304091085827 -0.007483843610383363 -0.002905573028976422 0.9999677743458479 0.5838032455308719
0.9999578497108785 -0.005131161939385696 0.007613801858983604 59.14911752692676 0.0051141529353288875 0.9999843873859318 0.002251760230709839 0.22903744714712082 -0.00762523713402603 -0.002212727171238949 0.9999684793017806 0.5980365893226542
0.9999544977305768 -0.004784940600767066 0.008252685128924209 60.54823800049191 0.004771289262210904 0.9999872177440294 0.0016730652502072738 0.23955676661799682 -0.008260585158833895 -0.0016336131740014525 0.9999645463919367 0.6201507399244194
0.9999460478357074 -0.00426821284940007 0.00947015189009717 62.00285040933946 0.004263726045632885 0.9999907882978323 0.0004939227547798877 0.2480770902172821 -0.009472172821327037 -0.0004535179733083671 0.9999550351208252 0.6294973619519261
0.9999543658025879 -0.003874703785763852 0.008732295397921735 63.40532816619863 0.0038938562373423517 0.9999900484521869 -0.0021773562400078943 0.25937961715201635 -0.00872377188760045 0.0022112591810049148 0.9999595022484098 0.6362774854760342
0.9999599830996634 -0.003382198735455044 0.008282084944913034 64.82333228465562 0.003404014553049662 0.9999907703807475 -0.0026214191274872554 0.2670056085704391 -0.008273142343964288 0.0026495065641013674 0.9999622669034682 0.6492055353599155
0.9999633230369306 -0.0027275962064633717 0.008118669834020662 66.27732567004338 0.002749168745644916 0.9999927172306962 -0.0026471790224619194 0.2732341266253069 -0.008111390272161711 0.0026694015253385744 0.999963539156978 0.6588685728320106
0.9999652623048333 -0.0021113412783784116 0.008063276110373977 67.64242945584805 0.002123138774488652 0.9999966878629638 -0.0014548349893720362 0.28287615279593387 -0.00806017775053225 0.0014719039059170006 0.9999664329533875 0.6697727820302005
0.9999534962622542 -0.0013731174468638754 0.009545672389678048 69.12473996043637 0.0013539345358767087 0.9999970517734084 0.0020157643125469685 0.3074683154431242 -0.009548412128019199 -0.0020027463564554707 0.9999524072838992 0.6795773042273129
0.9999441962632026 -0.0007618466741137761 0.010536790269474716 70.49409534622724 0.0007092781274106046 0.9999872889245572 0.004991884799580563 0.31730914140630745 -0.010540459386370795 -0.004984132718883833 0.9999320262582677 0.6869702076697813
0.9999303423382493 0.00013328338929187824 0.011802233129785504 71.9406641719756 -0.00023871210545864515 0.9999600805036716 0.008931988335274855 0.3416933244159783 -0.01180057150490497 -0.00893418348977216 0.9998904574389781 0.6945304748689966
0.9999372224044017 0.00045955876015816275 0.01119553732145135 73.29150308939526 -0.0005992443059838105 0.9999219829206883 0.012476737483027186 0.34542909994953935 -0.011188930084319686 -0.0124826630854394 0.9998594856107851 0.6949540885633644
0.9999416763138106 0.0012865100319706618 0.01072328600121879 74.69628350044471 -0.0014616026401017344 0.999865483021406 0.01633644943349258 0.36131608465665793 -0.010700826531102336 -0.01635116981467232 0.9998090475472019 0.7000442869888633
0.9999383636074003 0.002059658506817837 0.010909940100184728 76.13541002960321 -0.002248313543367432 0.9998476760014448 0.017308087147936593 0.3752364420421589 -0.010872629505553679 -0.017331549305966566 0.9997906797556625 0.697459529937329
0.999931522888656 0.0023919041793849204 0.011455493353400245 77.50547592492033 -0.0026022627953005356 0.9998276216442141 0.018383558567869638 0.37718786608064075 -0.011409546963720816 -0.018412109919038053 0.999765380700098 0.7167203762655026
0.9999268983699775 0.0024873922577534533 0.011832615769674518 78.92142610504698 -0.0026951476194774083 0.9998419252140693 0.017574434942055947 0.37236925124238185 -0.011787030818060465 -0.01760504086843879 0.9997755390288936 0.7320992242663009
0.9999416478364352 0.002255107738056557 0.010564819508361701 80.29342632963757 -0.002425178485871994 0.9998672395871374 0.016112780942767597 0.3811130532209134 -0.010527080861576308 -0.01613746230011734 0.9998143642091997 0.7288777542737074
0.9999398645323743 0.0018960513078538398 0.010801495656383367 81.68677266165382 -0.002073586733662885 0.9998625596477821 0.016448770551116224 0.3820522429124178 -0.010768823382099842 -0.01647017923470406 0.9998063640720347 0.7449992010061487
0.9999366636107657 0.001584643311267398 0.011142606182869861 83.0873799622004 -0.0017570984327276709 0.9998785660364321 0.015484372316181513 0.39012165662365333 -0.011116715885016587 -0.015502970247809868 0.9998180217126652 0.7438719800902945
0.999943603633861 0.0012521819986773463 0.01054616479911171 84.43630088596831 -0.0014174451776839477 0.9998760944162447 0.01567758476567887 0.39876815364099394 -0.010525226880979576 -0.015691649217305814 0.9998214799372661 0.7488463643612054
0.9999431899048918 0.0005752818227202387 0.01064359026146692 85.87071239242049 -0.0007418100414409758 0.9998772788859074 0.015648542602294518 0.3983106580545865 -0.010633281746100925 -0.015655549129233916 0.99982090251243 0.7479858184039935
0.9999319375973498 -0.0004509888064632415 0.011658335297388217 87.19875511806646 0.00026844233198649084 0.9998774193290583 0.015654847638259493 0.40973955308800364 -0.01166396637187714 -0.015650652541001796 0.9998094863340298 0.7609313989074616
0.9999140090876958 -0.0017070579917076092 0.013002322222761957 88.57275324155604 0.0015420536425233581 0.9999182915973455 0.012689846319391077 0.41127003958968433 -0.013022922127355393 -0.0126687048295842 0.9998349400862153 0.7635426088149
0.9999006555039704 -0.002833473240772079 0.01380762659271311 89.97880260513665 0.0026794593879369884 0.9999341350347087 0.011160021943400539 0.41012930088131083 -0.013838338777409882 -0.01112191628194592 0.9998423892584766 0.7737848953847541
0.9998934260587058 -0.0038205344204565697 0.014090423745423743 91.33993797999162 0.003677896117208972 0.9999418744752872 0.010135124616886584 0.41799329500498333 -0.01412832632460455 -0.01008222136192753 0.99984935825737 0.7851042766204916
0.9999001542613686 -0.004180852616550805 0.013498221345420926 92.71703347927365 0.004060596211231493 0.9999519339152443 0.008924204030181515 0.4340327944842685 -0.013534883320539903 -0.008868502159984843 0.9998690697301011 0.7881357910133716
0.9999020075659742 -0.0042589954781414195 0.013335524850995761 94.06939219059099 0.004183733651594168 0.9999751930989663 0.005666529750879214 0.4384517499717296 -0.013359327762536297 -0.005610182189755664 0.999895021598533 0.7852389464645806
0.9999078284155464 -0.00439806354888109 0.012844909899504708 95.42436071445812 0.00432520151933809 0.999974431039604 0.005694725527832515 0.4564707507189193 -0.01286962723327704 -0.0056386438121444876 0.9999012843230257 0.7815219993965777
0.9999142507156128 -0.004427071308945127 0.012324457613222414 96.78663435350464 0.004364173004040915 0.999977340032275 0.005125760037950694 0.46398998396207336 -0.012346870446611218 -0.005071534442490427 0.9999109131960573 0.7859834496319678
0.9999186291922851 -0.004193898521409428 0.012047664064603494 98.11771195329608 0.004102038622344719 0.9999624062898418 0.007639324981316964 0.47306187527825794 -0.012079249701956276 -0.007589283379970799 0.9998982420748704 0.7993459861402761
0.9999195950267699 -0.0038403835938114663 0.012085319000869994 99.47562726516881 0.0037222279946074383 0.9999452063080042 0.00978414024834535 0.49743262390268 -0.012122231653312282 -0.0097383692421018 0.9998791005237823 0.7966877874811514
0.9999036761288524 -0.0036732616675780212 0.013384528857168706 100.83886965618463 0.003556811820091374 0.999955708635288 0.008713774002992551 0.5006884846742968 -0.013415944010144728 -0.008665328408102746 0.9998724541309738 0.7994026434475893
0.9998793065094292 -0.003743795561415002 0.015078342382942393 102.17973706893433 0.0035906654256781037 0.9999418380822914 0.010169934828161862 0.5216859183600667 -0.015115539554503092 -0.010114566100557608 0.9998345943287688 0.807744382652114
0.9998924027233681 -0.0034622640717932047 0.014254673043851645 103.50842610395509 0.0033287917907947177 0.9999504988909058 0.009376508574201962 0.5289549342995361 -0.014286431370481521 -0.009328048848806227 0.9998544320966782 0.8168596913267038
0.999925389609645 -0.00340701822917923 0.011730619795446756 104.83773088234385 0.003296871005689891 0.9999504189784697 0.009396287902931667 0.5431457845295369 -0.011762051503506019 -0.009356912501940963 0.9998870447869899 0.8129514264697123
0.999935421006076 -0.003475807184623368 0.010820008401882825 106.15176813480491 0.0033819584082693727 0.9999566100866736 0.008679879105886041 0.5549900508442528 -0.010849708508813978 -0.008642725749633708 0.9999037889301602 0.8191979297622995
0.9999253691484 -0.0033701199664475817 0.011743016003050109 107.51170284641876 0.0032888062569827294 0.9999705313199468 0.006936875745410601 0.5630828251435785 -0.01176604805532303 -0.006897737535959598 0.9999069863392519 0.824454612087157
0.9999041434355526 -0.002648294060937323 0.013590087526602304 108.88041691351481 0.002591943105399481 0.9999879779974634 0.004162414141227601 0.5676905420175239 -0.01360094744318496 -0.004126790412841864 0.9998989868129361 0.8145066521938712
0.9998888436769918 -0.0017684420398075768 0.014804489286705549 110.17841373333081 0.0017387260384188828 0.9999964484929906 0.002019859690424858 0.5856413127638793 -0.014808008713249136 -0.0019938942192403893 0.9998883674009769 0.8271871523964127
0.9999048377360957 -0.0012560536316662627 0.013738187698031937 111.5099346927499 0.001220955724963748 0.9999959705029918 0.0025628587352989904 0.5914385614128912 -0.01374135142806763 -0.0025458411289391338 0.9999023422084161 0.828779761431703
0.9999329197313961 -0.000404524907334914 0.01157550850047534 112.85162839811987 0.00036935462470316584 0.9999953100278909 0.0030403123825795846 0.5963551908989151 -0.011576684093748155 -0.00303583297001038 0.999928379487037 0.8315341310965496
0.9999516373402916 0.0005481982344360695 0.00981949383449989 114.18086897299341 -0.0006112181812779048 0.9999792305277881 0.0064159898213462276 0.6037091397174533 -0.009815772654503337 -0.0064216813801763984 0.9999312039412745 0.841900643876648
0.9999534949130694 0.0022052069229130194 0.009388560782418337 115.50816605392579 -0.0022882869836666755 0.9999582414581235 0.00884754670276516 0.6100548218179004 -0.00936865805857001 -0.008868618968270396 0.9999167844594755 0.8350774270526458
0.9999270653167809 0.0035573529668864057 0.011541632763142238 116.86963411026424 -0.0036660445204898047 0.9999490056769033 0.009409897095410954 0.6230117803756544 -0.011507569880041594 -0.009451522927096 0.9998891161272906 0.8453062686774536
0.9998923225159176 0.0044281843323955425 0.013990516689618884 118.15727604349385 -0.004559840777008611 0.9999454923118434 0.009392563937154657 0.6241024735475758 -0.013948162094430484 -0.009455347097993567 0.9998580125124987 0.8460547873512302
0.9998770413576709 0.0053595308131233034 0.01473694660687251 119.5431480247519 -0.0054988337961314115 0.9999404320952537 0.009428419169701326 0.622443789554598 -0.014685536854781727 -0.009508295884134564 0.9998469519464799 0.8491491378746232
0.9998795727734539 0.00626928145864867 0.014196339682032339 120.85167633724481 -0.006414349227877529 0.9999274431283557 0.010196303387594183 0.6222856701070602 -0.01413138614426161 -0.010286135755534323 0.9998472380003159 0.8458116903115572
0.9998704760268189 0.007625066849867005 0.014173550205844798 122.15677191653961 -0.007794353461646335 0.9998984895623945 0.01192722201340848 0.6169720989100823 -0.01408116557737553 -0.012036150812335035 0.9998284112034451 0.8540398536566022
0.9998727796040316 0.008744196007722414 0.013340301461591483 123.52332026097187 -0.00892558944292223 0.9998676916831308 0.01359900663078042 0.6201572453185603 -0.013219624049268712 -0.013716346613663055 0.9998185352230523 0.8448584511868465
0.9998686406088617 0.009937787326708743 0.012803980241944346 124.87620941194133 -0.010121700394264889 0.9998453726657172 0.014379914467136923 0.6184539703623485 -0.012659095864860652 -0.014507623582190947 0.9998146208922342 0.8482273576078192
0.9998612323078009 0.011034238092101167 0.012480453423358785 126.18432132585124 -0.01122488824186932 0.9998197800950287 0.015310428298573665 0.6117987714375814 -0.012309265286090325 -0.015448395400657152 0.999804895500948 0.8417774834127798
0.999852607132397 0.011911868552359902 0.012364117361953007 127.51924489611513 -0.012103673317027231 0.999805738905457 0.015555884544050737 0.6031059202233257 -0.012176415843076797 -0.015703242955022154 0.9998025520361068 0.8570617848110895
0.9998296241636898 0.012961272587687176 0.013142604673447094 128.84877448479043 -0.013150175159948319 0.9998099791332664 0.014390223028150738 0.5970262244131477 -0.012953591701050435 -0.01456059883538141 0.9998100786767442 0.8519670708261987
0.9998031843707451 0.013757513827021634 0.014294171379165853 130.20811813096023 -0.013942703334569359 0.999819091642259 0.01293773594459703 0.5882750439240368 -0.014113594362948232 -0.013134488986909163 0.9998141285525078 0.8541170950527764
0.9998009140363087 0.014115079939827392 0.014103078048931399 131.54421575857168 -0.014296164810198258 0.9998155799493826 0.012822860921003562 0.56783338642289 -0.0139194814516065 -0.013021927997498435 0.9998183222102636 0.8500200106809127
0.9997903193940378 0.01414561444707826 0.014806040587626808 132.88482345091154 -0.014309509595457494 0.9998368557361391 0.011022696893621429 0.5534084448123753 -0.014647702246610265 -0.011232252827716815 0.999829626144029 0.8550605909717747
0.9997764388662221 0.013963657062254628 0.01587729729591531 134.22433441286216 -0.014093024199947329 0.9998681589416594 0.008065445029018792 0.5435081130264335 -0.015762580907796548 -0.008287401044004774 0.9998414174393162 0.8443077718370412
0.999783846333768 0.013459722339422569 0.015846024252232947 135.54691531798136 -0.013578025749499208 0.9998805641916264 0.007382043658825164 0.5185755161549275 -0.01574477141157159 -0.007595605728348031 0.999847192798388 0.8553818395909302
0.9998044632386995 0.012382786715122412 0.015417583505326923 136.90140593097516 -0.012479615769669359 0.9999029040239679 0.006200138278877953 0.5072504476141566 -0.015339311530096805 -0.006391331442162558 0.9998619186688625 0.8484141114539535
0.9997943745676199 0.011339492293668476 0.016811439482192686 138.2478302569597 -0.011411172091380345 0.9999261788329697 0.004173971250087831 0.49798606441634374 -0.016762867727286287 -0.004364951204479916 0.999849965478091 0.8469424451980267
0.9998013991733148 0.010249392335765833 0.017091289238369257 139.59267457288172 -0.010280537430880036 0.9999456479686873 0.0017354130961780016 0.4805494650117718 -0.017072573362394046 -0.0019107760804595126 0.9998524271979121 0.8397084977951308
0.9998115094053638 0.009071887629326534 0.017165270618578594 140.94984097123466 -0.009099514689436839 0.999957424914977 0.0015320541194537001 0.4738978410647585 -0.01715064118290883 -0.001687960973803624 0.9998514921200878 0.8395603784292222
0.9998277436474755 0.007799920644198492 0.016841741915319598 142.28920730696257 -0.007825791066839043 0.9999682964702624 0.001470730614231957 0.4718037374007198 -0.01682973639057395 -0.00160227722497172 0.9998570861281717 0.8393578159456471
0.9998399069491071 0.006858377050930469 0.01652643749354737 143.63146985537736 -0.006888079159149376 0.9999747613297316 0.001740996566242806 0.46090887782933526 -0.016514079977345088 -0.0018545532544652103 0.9998619133634045 0.8282152404350417
0.9998798821788841 0.006012323165137426 0.014285418583255929 144.9946701395664 -0.006008141152993415 0.9999818946269687 -0.0003356458606117864 0.45142837529488633 -0.01428717795180661 0.00024977673228454626 0.9998979018668643 0.8289197643618497
0.9998999898156034 0.004873165112319332 0.0132763936573404 146.29292830656166 -0.004813386460847964 0.9999781510416624 -0.004530866371540608 0.46522990239103895 -0.01329818324189888 0.004466508825280183 0.9999015994693572 0.8450104736980882
0.9998550695346617 0.003976682850368583 0.01655372826116073 147.66480224857486 -0.0037754943196042804 0.9999188487979681 -0.012167228985634855 0.44711537941580193 -0.016600770117057906 0.012102967076457805 0.9997889440374237 0.8407961524876827
0.9998321219606772 0.0026039208094467215 0.01813690966034553 148.9973448429898 -0.0022412993305730056 0.9997977622241827 -0.01998527530026058 0.4363194991909913 -0.018185281766312494 0.019941269967947456 0.9996357543021085 0.8350991678316537
0.9998805058432803 0.0017928493986879204 0.015354469239274636 150.26793507283207 -0.0014320122798356706 0.9997232976840857 -0.02347929744449897 0.40708569338058004 -0.015392315466381479 0.023454504017149463 0.9996064039740307 0.8306313177325912
0.9999287780144653 0.001841718159360151 0.011791818041316777 151.68444828524625 -0.0015795731143311773 0.9997522586432566 -0.02220194330421499 0.41694294814765526 -0.011829786442473206 0.022181735998982984 0.9996839634308419 0.8301178549250307
0.999949631641104 0.002679321058573914 0.009672405051781652 152.98658599214284 -0.002498616666829157 0.999823017682934 -0.01864645344680267 0.42679404669322546 -0.009720653042511723 0.018621346623072615 0.9997793528345994 0.8312341937642646
0.9999426675627096 0.0036401177503920064 0.010070309346583319 154.36024629665707 -0.0034518737728443665 0.9998201593598939 -0.0186476139227716 0.4312550439881544 -0.0101363778061471 0.01861178337289785 0.9997754024602983 0.8396373663783597
0.9999047150173583 0.004040243705343471 0.01319989836539154 155.70285308126532 -0.0037599084042104734 0.9997683137351788 -0.021193912803181614 0.4307736621077465 -0.013282468703037897 0.021142262932769294 0.9996882417750218 0.8365682155301198
0.9998587445503391 0.004622614012543354 0.01615928172632522 157.02310419661532 -0.004130132460045652 0.9995299389585363 -0.030378333255912455 0.42544575550055574 -0.01629211318651413 0.03030730217679952 0.9994078419157426 0.8203535000062422
0.9998292071281754 0.004828371148335035 0.017839377945934213 158.37139886650274 -0.004251182233120863 0.9994707210094422 -0.0322522137920239 0.40474251683943197 -0.017985661596526155 0.03217086689723398 0.9993205448203372 0.8311801105128768
0.999826667414546 0.00467606898553094 0.01802136247805941 159.70801113339013 -0.004075390749533847 0.999439580311406 -0.033225238858422136 0.3944999014501797 -0.018166626460674143 0.0331460357479314 0.9992854016732333 0.8328578504572403
0.9998089301957683 0.005666247487348923 0.018708199811991275 161.05818848209915 -0.005044314035227783 0.9994384756249924 -0.03312534281038348 0.39618412193440933 -0.01888539109225124 0.033024643522732114 0.9992760954428406 0.8154967556021722
0.9998116827025334 0.006919554690487639 0.01813060656497087 162.40823692223123 -0.006357469315517871 0.9995029316917513 -0.030878343924124425 0.3979031333877031 -0.018335258804572766 0.030757264222937866 0.9993586988574671 0.7992896205626133
0.9998377927633874 0.0077324833246508635 0.01626643364943638 163.762631037212 -0.0072833111617091025 0.9995954415969501 -0.027493754147440663 0.3979936281229156 -0.016472447922492982 0.02737082096379616 0.9994896180647443 0.7996790666035757
0.9998450469485355 0.008437783856182973 0.015449462646875125 165.11123826372065 -0.008038548636359758 0.9996367727903455 -0.02572361213212794 0.39894414622104307 -0.015660901260838418 0.025595434923040845 0.9995497035579565 0.7785014097007031
0.9998289413327826 0.008581266522098906 0.016384441957049366 166.4577978210532 -0.0081983591123935 0.9996949943982012 -0.023296031487026195 0.4017714703203466 -0.0165793540655675 0.02315772095990851 0.9995943402094228 0.7808510934247297
0.9998206104314651 0.008412588734776388 0.01696983521523274 167.78602939985603 -0.008014204100071901 0.9996938488947876 -0.02340899430919157 0.39360810816245523 -0.017161570123244277 0.023268795256843146 0.9995819344496979 0.7692349029188085
0.9998653003951252 0.007885929027374965 0.014394206790969902 169.1671817207194 -0.007607195592798514 0.9997844614251074 -0.019317382538034698 0.3925020290685506 -0.014543439791841063 0.019205280947777514 0.9997097806577356 0.7810560636659961
0.9999038207660835 0.007205814928774196 0.01185012441284832 170.59542512966075 -0.007013650860106867 0.9998445189254953 -0.01617858696726725 0.3980389462429205 -0.011964861846266802 0.016093918287886342 0.9997988937157025 0.7751248645452997
0.9999189399359895 0.006884713108325724 0.01071047537241513 171.9169839366867 -0.0067697293986078814 0.9999194610004344 -0.010735095550129626 0.3942475139213129 -0.01078352081449687 0.010661718342595468 0.9998850151096507 0.7689493339350149
0.9999051160353318 0.007187229840516841 0.011751708539151105 173.2910046730331 -0.007101864675740473 0.9999482103292345 -0.007289730961313585 0.3984354820752974 -0.011803492893929424 0.007205580238984816 0.9999043740122965 0.7744208275784192
0.9998694920464479 0.007956433934537809 0.014060371041458321 174.68535081792373 -0.00791812979035386 0.999964792805198 -0.0027778356107545977 0.4028953365439322 -0.014081977680754055 0.0026661412383069344 0.999897289523027 0.7867190969815709
0.9998355640072537 0.007896649587920627 0.016324456241558278 176.08666000223718 -0.007900348028431328 0.9999687786280127 0.00016208093762457585 0.40253505608872664 -0.016322666673268163 -0.0002910231713679007 0.9998667340491868 0.7938903317024449
0.9998179944149043 0.006970341262366566 0.017759290155984844 177.4392163225368 -0.006881505329882895 0.999963527904156 -0.00505843314366454 0.3960287747374412 -0.017793901442716364 0.004935301830717213 0.9998294953977336 0.7746370078578801
0.9998285151860382 0.005623738984930506 0.017644086281572928 178.85212118788536 -0.005509746725912253 0.9999636786352445 -0.006502622646738299 0.3914823392628341 -0.01768001447676207 0.00640429309908185 0.9998231854273048 0.7652452872184865
0.9998958365035134 0.0034862872409138655 0.014005782527698348 180.24668502297146 -0.0033773331416926994 0.9999639123598228 -0.007795357521408214 0.3864426249639525 -0.014032453947523336 0.007747243336206283 0.9998715269757912 0.7650212814872871
0.99994805243688 0.0019399594790777963 0.010006447167204087 181.6625252179336 -0.0018880419656366115 0.9999847222416828 -0.005195245976882208 0.3935910306191301 -0.010016372857801648 0.005176083504335294 0.9999364381971133 0.7769756301704349
0.9999542431487312 0.0013979443393273045 0.009463475073792567 183.0620577237019 -0.0013808087690758036 0.999997395940064 -0.001816997587889254 0.4185662139600448 -0.009465990491828832 0.0018038471984330462 0.9999535695017511 0.7600674102030558
0.9999451901443459 0.0009785702691290268 0.010423967930516281 184.39084176780898 -0.0009959789362697935 0.9999981178966565 0.001665001232265973 0.4330599598134414 -0.010422318990827425 -0.0016752920262799148 0.9999442827795357 0.7606413668176276
0.9999101130638715 0.0011322266987033576 0.013359785001955608 185.83228003372432 -0.0011842593372542087 0.9999917425847974 0.00388745315630425 0.4289344290099061 -0.013355273206410303 -0.0039029251751829613 0.9999031972409425 0.7613377257994665
0.9998686276579322 0.001682899617636748 0.016121267764056958 187.2054513292283 -0.0017472492249784861 0.9999905599037971 0.00397834430838998 0.4349667477709555 -0.016114420423622936 -0.004005989536587054 0.9998621292469495 0.7571945591354798
0.9998557304590027 0.0017171970007191127 0.016898801814186536 188.648508449938 -0.0017870914939740027 0.9999899083570101 0.004121830677127317 0.4452770762413396 -0.016891553282235433 -0.004151435727487943 0.9998487090600828 0.7570415765084845
0.9998483474705183 0.001550198096544009 0.017345862513439725 190.05874480065862 -0.0015971704252544356 0.9999950944561703 0.0026944591716853462 0.4376296702406719 -0.01734160047707174 -0.0027217548487433706 0.9998459186011798 0.7485311062842608
0.9998323110830158 0.001660767729353843 0.018237093105656927 191.40701816506026 -0.001648802201537642 0.9999984155195296 -0.00067112571870723 0.4412334377131124 -0.018238178793275033 0.0006409438191000458 0.9998334651457338 0.7443478113538293
0.9998280711110374 0.002188287410114373 0.018413028447076485 192.8673955977197 -0.002140722044931352 0.999994321981895 -0.002602558951559037 0.4452748622328664 -0.018418619044555374 0.002562694320579432 0.9998270785842475 0.7379280438656789
0.9998089791287521 0.002484821851820673 0.01938635896416152 194.24630302322305 -0.002378665660271543 0.9999820625420508 -0.005496957687902455 0.4422250271504864 -0.019399670182744248 0.0054497939879099505 0.9997969556576426 0.7332767723384026
0.9997768734704783 0.002931219971465029 0.020919159234396887 195.6892819803939 -0.002716147899502597 0.9999432427917967 -0.010302122869276007 0.4375108657912743 -0.020948169709623696 0.010243004661939612 0.9997280905532825 0.714536774250147
0.9997668559967976 0.0032554618313825516 0.021345622936394325 197.0813597061293 -0.002963983979868312 0.999902132539077 -0.013672605559032885 0.4303262926995585 -0.021388044540008703 0.013606149788614862 0.9996786604898017 0.7101899428993571
0.9998210103957489 0.0035107772595858264 0.01859090138367163 198.49602019257483 -0.00330905946560126 0.9999354443286895 -0.010870018428661758 0.43279129285433693 -0.01862786344906316 0.01080655441016731 0.9997680836499548 0.713772449102979
0.9999131391109782 0.0037464719482576255 0.012636383231388507 199.94283077979202 -0.0036881150770120973 0.9999824417968918 -0.004638308431397958 0.4438250071612215 -0.012653538651630776 0.004591301108289462 0.999909399852669 0.7009901468005564
0.9999166283891696 0.004929355128156292 0.011934727850093542 201.38033725520006 -0.004993190359639526 0.9999733568172668 0.00532481977531698 0.4619362428668004 -0.011908161943292592 -0.005383968204560938 0.9999146006362267 0.6903369317170289
0.9998410769163649 0.0060159198167674555 0.016781824080889747 202.79245831972025 -0.006238825956289866 0.999892592236303 0.013262014992203044 0.47973263398975247 -0.0167002383638926 -0.013364606231555016 0.9997712184989448 0.7002733264893527
0.9998139307968391 0.006885414932729993 0.01801929093437168 204.25429234417854 -0.007127238082407886 0.9998849404565958 0.0133906058648075 0.47653265848198373 -0.017925017765404457 -0.013516542062009836 0.9997479666539941 0.6774629803570787
0.9997994830585614 0.0063648483760756136 0.01898637356061134 205.71385856283695 -0.006600123514832463 0.9999018916841337 0.012354973738539799 0.4772305946313283 -0.018905873304940698 -0.012477808767592975 0.9997434032005097 0.6679857516861722
0.9998026169726695 0.005150641808402651 0.01918848570271207 207.15758862587697 -0.005321920910935723 0.9999463584713789 0.008885794148328284 0.46132546937073504 -0.01914168886016581 -0.008986159846689505 0.9997763973403205 0.66202561506143
0.9998123852160936 0.004017572154663488 0.018948706617807603 208.57743725987282 -0.004146802625428112 0.9999683789129377 0.006785661516559503 0.45411754696487333 -0.01892084555434602 -0.006862964972491603 0.9997974301403735 0.6581373244278269
0.999829802672543 0.003639187128905614 0.01808651444653283 210.0800605388412 -0.003774893102003843 0.9999649389805518 0.007474690073158333 0.4576139015168354 -0.018058678518991275 -0.007541692559507821 0.9998084851627763 0.6467650175770656
0.9998258850678178 0.003589602307714811 0.01831158932554266 211.50773549786956 -0.0037386411419323092 0.9999601137757812 0.008111314316334833 0.4551010825773793 -0.018281742552796503 -0.00817836247661938 0.9997994260232571 0.6295529201219605
0.9998133415228988 0.0033018111324722194 0.019036285248459368 212.9659344856377 -0.003493387941807119 0.9999435025917247 0.010039315976777803 0.46262656034350025 -0.019002061822425108 -0.010103943182690207 0.99976838916754 0.621365685864246
0.9998094749150387 0.002867950044146814 0.019307737636994175 214.3943009089453 -0.0030436239389714033 0.9999541857038398 0.009075397880484204 0.4723446782058179 -0.0192808252788319 -0.0091324342820113 0.9997723983090612 0.6227314829271505
0.9998202849840744 0.0027449431081084316 0.018758012200058183 215.87109398721225 -0.0029210487474171346 0.999951858974403 0.009367347962510946 0.4678969843141888 -0.018731396332881765 -0.009420457577463697 0.9997801707227704 0.6156316651506797
0.9998311576605351 0.0023522018585895857 0.018224250810680295 217.3081202709224 -0.0024911591593879704 0.9999679716110514 0.007605910735859316 0.47373691993944617 -0.018205776479917883 -0.0076500260454269225 0.9998049943885395 0.6008117410337711
0.9998283479577037 0.0017669997496818346 0.018443219134777443 218.77397473496498 -0.0019315506992864681 0.9999584571687822 0.008908032808918182 0.47089314366263463 -0.0184267124594943 -0.008942127739710561 0.9997902253069999 0.6006341198003544
0.9998411476956398 0.0015368339517170615 0.017757182098252104 220.2744932914371 -0.00172308612801107 0.999943616493811 0.01047830174568667 0.4753571444673309 -0.017740077476186264 -0.01050723439745465 0.9997874212433641 0.587540341383089
0.9998372834357429 0.0015694882079956263 0.017970624880590647 221.77260210008484 -0.0017238022069658214 0.9999617503887429 0.008574745794058487 0.4801086784355436 -0.017956479548764583 -0.008604328343713217 0.9998017455355679 0.5826204709677606
0.9998464873836336 0.0010404525544832602 0.017490543876372413 223.24817631509566 -0.0012207390367631995 0.9999462070081365 0.010300140108031187 0.4854629125436335 -0.017478886200601045 -0.01031991029625837 0.9997939727707222 0.564183920640417
0.9998472308224493 0.000722463432970615 0.017464050597385188 224.72720162836168 -0.0008872948767753802 0.9999551200427578 0.009432423234552475 0.489730678652617 -0.017456452230669835 -0.009446478013635429 0.9998029987595838 0.5538250125372935
