1.0 -2.1684043449710093e-19 -2.5135375298442207e-37 0.0 2.1684043449710093e-19 1.0 2.3183291766350204e-18 -8.673617379884035e-19 -2.51353752984422e-37 -2.3183291766350204e-18 1.0 0.0
0.9999996051917989 -0.0005752605321510217 0.000677267721610383 1.3273296131564947 0.0005753941083097035 0.9999998150465057 -0.00019704967556571635 -0.005147294397329037 -0.0006771542414461252 0.00019743929362565135 0.9999997512398984 0.014190926913472833
0.9999991949433092 -0.0005967494779263065 0.0011198226618697432 2.628292109638085 0.0005974884623972986 0.9999996039058764 -0.0006596935863360372 0.0026109771196390695 -0.0011194285465113297 0.0006603621363656997 0.9999991554004325 0.02238872817330788
0.9999988872748349 -0.001117982926636402 0.0009877060635002097 3.952068913162743 0.0011192782555432775 0.999998513100449 -0.0013118738802854152 0.0010290909243763538 -0.0009862379422804482 0.0013129779384500793 0.9999986517109183 0.04942137746404745
0.9999992625480502 -0.0006411036468887015 0.001031450178034969 5.2707894211889155 0.0006431057213835631 0.9999979077768892 -0.0019418694279306182 0.007289135140330886 -0.0010302030804390412 0.0019425313274060386 0.9999975826239057 0.05411321966672857
0.9999984544102191 -0.000877624030365069 0.0015234675035123099 6.592789336499132 0.0008805621795437125 0.9999977517916462 -0.0019289950495423895 0.005693162749818652 -0.001521771146030008 0.0019303335759727103 0.9999969790078691 0.05998358137744848
0.9999966896854289 -0.0007998730923672175 0.002445571757317382 7.932480485934016 0.0008068487392053341 0.9999956055294784 -0.002852703427257654 0.00632740941384382 -0.002443279209612419 0.0028546671904009593 0.9999929406060505 0.08292949213964648
0.9999960501930186 -0.0006589091619393439 0.0027322952033089674 9.249825494564591 0.0006672038145671325 0.9999951688127803 -0.0030359825706168186 0.023031438885779593 -0.0027302815663480325 0.003037793576853837 0.9999916586515873 0.09008022549467251
0.9999964814996884 -0.0011533249656109012 0.002388897186304951 10.578586105498 0.0011596913901966116 0.9999957755379879 -0.002665337137654755 0.023245398568844205 -0.0023858130946369104 0.0026680981431642286 0.999993594553573 0.10873703519804107
0.9999992512357263 -0.0011858705588635387 0.00030205794845499374 11.90526298514743 0.001185962791047206 0.9999992501265008 -0.000305350117343229 0.03891908133425753 -0.00030169561623544016 0.00030570811819557786 0.9999999077611466 0.11709208994895252
0.9999987722487302 -0.0011409863129183447 -0.0010740815917924256 13.242307858476517 0.00114371864797883 0.9999961030735228 0.002546712669818073 0.043583051942180734 0.0010711716418762337 -0.0025479379902343426 0.9999961802943607 0.13793024265683085
0.9999989844265219 -0.0010833457736473776 -0.0009260172027165828 14.584832799325392 0.0010880361574211062 0.9999865062800334 0.005079708177948621 0.05811870328053728 0.0009205016269138223 -0.005080710559330668 0.9999866694396318 0.1443382070439419
0.9999997978263093 -0.0006276971078347318 -0.00010170389092476288 15.930280685301623 0.0006282362846796528 0.9999852705931406 0.00539109598632718 0.07535160719899091 9.831841752809728e-05 -0.00539115879046398 0.9999854627645268 0.1592020378200294
0.9999971978026415 -0.00029596473311443 0.0023487851629049447 17.26504536689807 0.0002865591356161502 0.9999919437873144 0.0040037787564463885 0.07288428848495081 -0.00234995121790322 -0.0040030944712221034 0.9999892264239291 0.17762502529502205
0.999988086749002 -0.00013253300978543285 0.004879425690785471 18.629473980364985 0.00013713361456775688 0.9999995464106421 -0.0009425353478384302 0.07735957959091894 -0.004879298560483426 0.0009431932524602492 0.9999876513397784 0.19928534668568101
0.9999952312170802 -0.00036110284136874646 0.003067107405382915 19.97051981296743 0.00036887932568972716 0.9999967181906679 -0.0025352585542261783 0.06865324436066325 -0.0030661818506536745 0.0025363778566400035 0.9999920826267711 0.21678950033857236
0.9999993847991052 -3.9889445827935574e-05 0.001108517137059694 21.31765745456449 4.338677630337576e-05 0.9999950216616204 -0.003155117995101727 0.06549280586352917 -0.0011083857625779397 0.0031551641490553672 0.9999944081944628 0.21495100856915042
0.9999999964694296 7.477529006653243e-05 3.833792919240366e-05 22.679766704091644 -7.473531770410637e-05 0.9999994547671734 -0.0010415757236445042 0.07158773785210862 -3.8415792416167945e-05 0.0010415728547698295 0.99999945682496 0.25621188932879513
0.999998732778085 0.000862245030925499 0.0013382734140288028 24.0454990856209 -0.0008636608092370518 0.9999990676831189 0.0010576969791135395 0.08966422929721166 -0.0013373601723694417 -0.0010588514530764886 0.9999985451496265 0.24809406613532653
0.9999814458907588 0.00168413202392809 0.005854192818273752 25.425177751208548 -0.001690006332249471 0.9999980733024102 0.0009986340993307263 0.09225868979422695 -0.00585249970734769 -0.0010085091934976473 0.9999823654227019 0.25190051412007675
0.9999740089964482 0.0017200317755578028 0.007001629971825656 26.798024683011107 -0.001718593264819985 0.9999985008587347 -0.00021146506410837107 0.08217780226649292 -0.007001983202022928 0.00019942661380679746 0.9999754659291717 0.26714358721258175
0.9999787516476385 0.001919539894811879 0.006229897256184484 28.169520930311126 -0.0018887010424293858 0.9999859539048241 -0.00495225215745969 0.08724482185052682 -0.006239315796040101 0.004940380516818882 0.9999683312879194 0.2912885389938207
0.9999891019001795 0.001977585060556003 0.004229094252979249 29.52857035394424 -0.0019585496561240288 0.999987954836141 -0.0045004739613269 0.08319981995118135 -0.004237943382917338 0.004492142023617541 0.9999809300661302 0.28567612082486915
0.9999938576197264 0.0024280080553066314 0.0025277459725736025 30.922774062512232 -0.0024165686982396974 0.9999868703366295 -0.004518777498349526 0.09028659763965907 -0.0025386844122860276 0.004512641270505336 0.9999865954852688 0.32463992886037635
0.999994606454303 0.0029190765493632372 0.0015053419553202488 32.303797005357765 -0.002914415738331016 0.9999909816715356 -0.0030891352354298247 0.09164808263664262 -0.0015143458018755994 0.0030847313817516132 0.9999940955771163 0.3039203256013949
0.9999938321748203 0.003511717457242716 -5.8760682341555565e-05 33.680041194738536 -0.00351181384402212 0.9999923377434176 -0.0017296294342235036 0.0915067349261162 5.268626222340698e-05 0.001729825122749259 0.99999850246348 0.3292921133272145
0.9999928128648894 0.0037907773614304485 -6.500432644770255e-05 35.07312490785534 -0.0037908660600715375 0.9999918014965685 -0.00142347257161615 0.10509598106173813 5.960772591040942e-05 0.0014237087636213399 0.9999989847496223 0.33227176287842874
0.9999935657390373 0.0032435262966521022 0.0015323242765739483 36.47419882056718 -0.003241298476634027 0.9999936897165116 -0.0014541359436524202 0.0941208212125635 -0.0015370311353455103 0.001449159867018915 0.9999977687329952 0.36329896297053693
0.9999916102903531 0.0030021478235970223 0.002786836441510595 37.87070501584168 -0.003001599087758083 0.9999954749777736 -0.0002010644004029768 0.10550668478099585 -0.002787427456065829 0.0001926977478104679 0.9999960965502591 0.3655329973886347
0.9999919011867582 0.002602153299206426 0.003070237629274415 39.26890511096282 -0.0026050616655432317 0.9999961615735745 0.0009436587498162272 0.10281948956086097 -0.003067770299664007 -0.0009516492656523796 0.9999948415612271 0.3647802350810196
0.9999893237225985 0.00313079627177999 0.0033986108227793423 40.661406640602394 -0.0031403570463485113 0.9999911168856213 0.0028114600244577 0.11610287036105953 -0.0033897785239678448 -0.002822102859975688 0.9999902725211912 0.381573844645437
0.9999884990396218 0.0029260635612985727 0.0037999921736059255 42.084837789146384 -0.002953357381559768 0.9999697402579336 0.00719696107101471 0.12068153960497047 -0.0037788184212809166 -0.007208101033986378 0.9999668813569892 0.4111802658484897
0.9999875679272919 0.002819603854189727 0.004112642090581949 43.473703313481415 -0.002850153191062282 0.9999682513026845 0.007441304552188668 0.13254950694134202 -0.004091529988557498 -0.007452933701327602 0.9999638559276012 0.41621830276113575
0.9999872047540179 0.002545979987106435 0.004371305771881944 44.900307271834244 -0.002576457290222104 0.9999723153894382 0.006980710745883591 0.14209105545037054 -0.004353412004129204 -0.0069918839085962225 0.999966080106386 0.43153340205400426
0.9999910590058186 0.0016583906852295066 0.003889941999125687 46.30884267470367 -0.0016859741241287125 0.9999733844960823 0.007098435792708015 0.13261691931960468 -0.003878066486560843 -0.007104930667189783 0.9999672397436529 0.455451233035558
0.9999900444044044 0.0009619387895671559 0.004357265867769653 47.739165664195454 -0.0009921338525753379 0.9999754745231066 0.00693296637136085 0.1475383705225669 -0.004350489914466918 -0.006937220340523464 0.9999664735437139 0.47242318513984627
0.9999870456119936 -0.00017170630678628565 0.0050871529504080745 49.13574609274929 0.0001338783472205597 0.9999723481734138 0.0074353860112911134 0.14691642653748493 -0.0050882889840084015 -0.007434608630786687 0.9999594171313765 0.48559096183097017
0.9999856872762878 -0.0011407230431345718 0.005227235742659934 50.56255410958973 0.0010977442153875395 0.9999656324084772 0.00821760059576897 0.15580938486272164 -0.005236430101516008 -0.008211744811723095 0.9999525723987809 0.4981738717567919
0.9999833539785367 -0.002248068018917067 0.005313939783136141 52.011438287778525 0.002204153846265032 0.9999634942211703 0.008255418269810534 0.16448863251620954 -0.005332304535420848 -0.008243568109129006 0.9999518038951535 0.5061950466933257
0.9999740770058425 -0.003306513287048037 0.006396271272860971 53.4166896978076 0.0032494232194656496 0.9999549772689129 0.008915418322690336 0.17567277094146996 -0.006425462244403061 -0.00889440301596121 0.9999397997029299 0.5232974885492605
0.9999676891620587 -0.004168624877631489 0.006873368789898005 54.88008177587137 0.004114549351964877 0.9999606222029351 0.007862857441737384 0.18305576267250953 -0.006905875434917541 -0.007834322571124538 0.9999454646501122 0.5310763629112614
0.9999650072948498 -0.004359978249068605 0.007139662140376722 56.271199680506264 0.00430874658328093 0.9999649737613413 0.007175371304758845 0.20031554322208692 -0.00717069652768439 -0.007144357224253306 0.9999487683232378 0.5482031595301201
0.999964170152483 -0.004983528940288083 0.0068427224521691605 57.7086377540861 0.004937792016810396 0.9999654657117234 0.006684728411446892 0.20580703466741973 -0.006875799681115812 -0.006650700958349647 0.9999542447309816 0.58317404056271
0.9999636049019179 -0.004716700252106193 0.007109262288926387 59.1585488397876 0.004673570597308676 0.9999706490816498 0.006071137710173879 0.2307212140488871 -0.007137689362317564 -0.0060376911113193665 0.9999562988834119 0.590014449084445
0.9999594724026838 -0.004467083336799274 0.007816566932391645 60.556315480542935 0.0044206080909774004 0.9999725099502108 0.005952946159817419 0.2301190441410151 -0.007842944361172876 -0.005918150922187611 0.9999517306917419 0.6096409318532856
0.9999542039223565 -0.004033514450888498 0.00867875677623383 62.019275885343646 0.003991488542480089 0.9999802518349427 0.004854272277089652 0.24176274830334313 -0.008698165164090707 -0.004819408812224239 0.9999505563884041 0.6180086908912081
0.9999581956095794 -0.0034952000873435048 0.008449296395771076 63.41414390834282 0.0034608030775906337 0.999985679181306 0.004082189897659192 0.25208256577993 -0.00846344346541615 -0.004052777893228979 0.9999559715887775 0.6416239858890574
0.9999695607013357 -0.0029939926473681188 0.007205114766970109 64.82222228976933 0.0029792430941082537 0.9999934464957901 0.0020569579619638093 0.25629556197995923 -0.007211226065234218 -0.0020354295611943124 0.9999719272285285 0.6382169995131508
0.9999719417935504 -0.0021697847637470367 0.007169913508200549 66.28140754574801 0.002155733024994419 0.999995741918257 0.001966967330619015 0.2727725732120235 -0.007174150873867506 -0.0019514557217075912 0.999972361307954 0.6500271289763412
0.9999731704844479 -0.001544738339818068 0.00716045352912437 67.64946424543962 0.0015194915346305815 0.9999926152118708 0.0035299670252845637 0.28224016555735393 -0.007165853526094399 -0.00351899206945774 0.9999681331112795 0.6578279399846293
0.9999653976117926 -0.0009382955737437384 0.008265783720010174 69.12081457209595 0.0008909180125582106 0.9999831659783409 0.00573358744842527 0.2986158724900973 -0.008271024373352531 -0.00572602491700249 0.9999494001170586 0.6669952992064233
0.9999575587984542 -9.506733702696402e-05 0.00921257640606073 70.47772686352924 1.8295983086874222e-05 0.9999652793960089 0.008333046724880317 0.3155606123161253 -0.009213048740405053 -0.008332524507222662 0.9999228414073975 0.6691672936973179
0.9999469110377143 0.0008588821127515048 0.010268272865964928 71.91882024989341 -0.0009804711939827874 0.9999293994651725 0.011842075893074774 0.33298780232727565 -0.010257376973246426 -0.011851514955311336 0.9998771563601664 0.6803412237734917
0.9999484344686866 0.0012120467413289917 0.010082625963479258 73.28359500371468 -0.001373192193594686 0.9998711936437465 0.01599094945989239 0.3416109058918537 -0.010061945478983817 -0.01600397026135127 0.9998212991275249 0.6827066405505875
0.9999494096909577 0.0021722245616883447 0.009821379697315336 74.68436115439322 -0.0023644843055376785 0.9998049764163157 0.019606589380595417 0.36689386962532206 -0.009776874381626575 -0.019628819975332418 0.999759532164461 0.6922742565290376
0.9999456882131179 0.002768015724635915 0.010047821303251983 76.1411218025377 -0.002975232538673374 0.9997819870370753 0.02066703625434057 0.372438758890651 -0.009988424066625088 -0.02069580839555625 0.9997359225813183 0.693874794782805
0.9999389169673629 0.003174280158246534 0.010587080788124642 77.49149308666333 -0.0033971397653841675 0.9997716192902489 0.021099021379389005 0.37728513255598606 -0.010517688698177045 -0.02113369838032215 0.9997213336811502 0.7024383540641261
0.9999368904309802 0.0030941733695693994 0.010800057702660931 78.92319920892282 -0.003317077890372334 0.999780587909375 0.02068267472678472 0.37012184696811207 -0.010733692258070434 -0.020717194084716777 0.9997277558014307 0.7211337444699972
0.9999484710850125 0.0031901609991936 0.009637325746556557 80.25830523820858 -0.003376701396601415 0.9998060578882788 0.019402177650406412 0.37855003803277615 -0.00957356059281017 -0.019433720248551594 0.9997653111880191 0.7191716061745714
0.9999465584052042 0.002747033865860871 0.00996665131965291 81.66120400823868 -0.0029380126851255477 0.9998113843256642 0.019198016935637004 0.3739179394299007 -0.009912033850313818 -0.01922627311100041 0.9997660236311351 0.7397506793056815
0.9999428297912523 0.0025019510716951777 0.010396027601803396 83.06668549718479 -0.002697679467143618 0.9998185693430127 0.018856057975726478 0.38159647323624346 -0.010346964509225226 -0.018883025121157093 0.9997681589687274 0.743009832376453
0.9999505091475633 0.002327765826185854 0.00967268120983833 84.41101953739202 -0.0025080658303170936 0.9998225546658089 0.018669996982490677 0.39763418051413846 -0.009627505456737693 -0.018693332709654974 0.9997789107852227 0.7458353335663136
0.9999495596896539 0.0013881398081592626 0.009947418978827581 85.82895775752492 -0.0015784158449330288 0.999815453937451 0.019145930932427953 0.39230185626512715 -0.00991900599293094 -0.019160666369462225 0.9997672139975338 0.7526532253742934
0.9999416678724119 0.0005557433914709772 0.010786658510490836 87.16919854618156 -0.0007543495015481222 0.9998301104375613 0.018416873221134375 0.4061604357947773 -0.010774590914212111 -0.018423935836206624 0.9997722074447433 0.76011582784778
0.9999307798751015 -0.0006971381663894066 0.011745188663798945 88.55207454225003 0.0004972000453229389 0.999855071494934 0.0170173087759305 0.4108019015710138 -0.011755349866601117 -0.017010291127355626 0.9997862080191326 0.7640286214881753
0.9999190982456927 -0.0017349787357573932 0.012601063935520306 89.93530806014031 0.0015414191131343951 0.9998809310382033 0.01535408002106757 0.4147519011328275 -0.01262620254226364 -0.015333414328262053 0.9998027132461681 0.7743121132805334
0.9999155446286973 -0.0025922827550105493 0.012735135649607324 91.28582580638152 0.002409005833182685 0.9998936176446845 0.01438575977559402 0.42055387235477465 -0.012771072812865655 -0.014353865804844422 0.9998154160822211 0.7820035926858186
0.9999201051601456 -0.0028902101683447165 0.012305688997613608 92.67065619206298 0.002718948553363977 0.9998995360813936 0.013911328584207865 0.43285265185851957 -0.012344659383205022 -0.013876758605540261 0.9998275076008442 0.7864523612353452
0.9999196915606525 -0.0029982586985124416 0.012313442817768264 94.00762502151773 0.00283465952896437 0.9999077689540531 0.013282254728883688 0.44211905432086496 -0.012352130771834705 -0.01324628363371765 0.9998359669642268 0.7962267572909344
0.9999235646926046 -0.0033080852952642103 0.011913074502985087 95.39187083489607 0.003157109552239121 0.99991475207864 0.01266969750178871 0.4539069436950675 -0.011953971378147816 -0.012631118208255646 0.9998487672748811 0.7927728234736515
0.9999277022904738 -0.0032773634722461373 0.011569316348183173 96.73722495787062 0.0031337014887996826 0.9999180345964026 0.012413863373115364 0.45940167157508033 -0.011609052806867852 -0.012376711095362421 0.9998560130915797 0.7988853118311414
0.9999352593225863 -0.0029020898057556936 0.011002501453367234 98.09558058650539 0.0027489898623888395 0.9998995462582582 0.013904691555943276 0.4727905095882555 -0.011041748874544403 -0.01387354559183649 0.9998427898997435 0.8056385499484345
0.9999311593076187 -0.0027178842482677 0.011414453597723643 99.45313728313567 0.002542063494531584 0.9998783400193345 0.01538970673437174 0.4892055796706714 -0.011454892357038443 -0.015359631030503803 0.9998164167364404 0.806697726302666
0.9999174313377831 -0.0025315982656625826 0.012598472807092524 100.79462555093401 0.002334191161431907 0.9998746619968577 0.015659241625682854 0.4959509580955563 -0.01263653664860941 -0.015628541419176637 0.999798012917928 0.8110736243031753
0.9999008990588117 -0.002368019778533744 0.013877483334828024 102.1239835853251 0.002147884258361802 0.9998719743520991 0.01585627631091272 0.5113952046074404 -0.013913254636950985 -0.015824897711006012 0.9997779723307788 0.8120871386914591
0.9999057889375963 -0.0024445224979836966 0.013506944837380418 103.44512357437976 0.0022335080781626694 0.9998755726163071 0.015615720504568404 0.5214062720367283 -0.013543437183668261 -0.01558408146054388 0.9997868331370858 0.8160446285890616
0.9999413622598519 -0.0017663674875025444 0.01068419336266409 104.77731770451183 0.0016010414160428548 0.9998791634369878 0.015462703222062392 0.5219366461555762 -0.010710215137699939 -0.015444690688018233 0.999823360809926 0.8192076985944459
0.999949209546188 -0.0020435241290221455 0.009869262236240352 106.10953838572715 0.0019004883758028468 0.9998933423190388 0.014480750325692267 0.538473862025027 -0.009897801366314333 -0.014461258423653965 0.9998464409762717 0.8214952642999188
0.9999364955504442 -0.001856533386015336 0.01111567137348005 107.43762563235396 0.001708396435606234 0.9999098047535907 0.013321551683458051 0.5436880341984827 -0.011139400698215382 -0.013301715732297341 0.9998494777268535 0.8281953549498211
0.9999145229051358 -0.0012163299391240823 0.01301796546598625 108.77000057648169 0.001086961533203812 0.9999500047348105 0.009940148161753447 0.5482631588641178 -0.013029405129159021 -0.009925148479063959 0.999865854017252 0.824954427080411
0.9999052785231254 -0.00025221476786892454 0.01376119069346773 110.11369355490831 0.00012706754519256524 0.9999586376410923 0.009094331245882593 0.5563542062890463 -0.01376291522280337 -0.009091721216675449 0.9998639521304328 0.8333362036569759
0.9999130074168667 0.0002955191416334215 0.013186745883415894 111.43482646568489 -0.0004063997664409788 0.9999645813050922 0.008406603033415757 0.5625132365453751 -0.013183794513974135 -0.00841123081174964 0.9998777119020329 0.8325557198258252
0.999944776814598 0.0013412638728215003 0.010423259203672755 112.75425523446597 -0.0014464259382991587 0.9999480667634362 0.010088192507660942 0.5649718938548928 -0.01040918696193417 -0.01010271187800953 0.9998947864848088 0.838146460242088
0.9999560774347632 0.002195588339227983 0.009111673453676437 114.1266813696442 -0.0023148117252630596 0.9999115795797177 0.013094833678619435 0.5664216892506732 -0.00908211693155128 -0.013115350328480258 0.9998727432717639 0.8507525643419886
0.9999533048844345 0.0037261545963391215 0.008916491609456876 115.42323130815018 -0.003861644929708724 0.9998766082514363 0.015226817462644144 0.5755333178426455 -0.008858653912090083 -0.015260538769257478 0.999844307983667 0.8499048335561212
0.9999306130649787 0.005230172746882792 0.010555299547326999 116.78637156236472 -0.005402489226922619 0.9998515188046286 0.016363173721211974 0.5871944993954535 -0.010468150058583515 -0.016419063222831612 0.9998103981241822 0.8615979644406898
0.9999008976565776 0.005948082052453033 0.012759905386310486 118.11116909912589 -0.006156604926993535 0.9998471218310049 0.016365487527984248 0.587959019699746 -0.012660611412693628 -0.016442423366188303 0.9997846546294377 0.8681201409971193
0.9998858784444999 0.0067883654281950265 0.01349622843923429 119.46446724292701 -0.007005283101575584 0.9998459959608412 0.016090692021795378 0.5838052806284214 -0.01338492046810475 -0.016183400628013152 0.9997794464021431 0.8699155579828762
0.9998819435783006 0.007865039469902144 0.01320000228094593 120.79239518243492 -0.00808198575540848 0.9998318072331256 0.016463254574701033 0.5806810194316939 -0.013068297989006479 -0.016567993212182386 0.9997773358046238 0.8726780156266655
0.9998735711256225 0.009195237087930443 0.012972639646245197 122.12180049225246 -0.00942913573265235 0.9997919776857266 0.018085705808694546 0.5794637009131521 -0.012803638694910245 -0.018205740033302064 0.9997522782499721 0.8689269499167102
0.9998667383669272 0.01034863256919491 0.012625819238002161 123.45858608707238 -0.010595902944238521 0.9997502324980447 0.01967738450357794 0.5767136844265099 -0.01241903169652065 -0.01980854421842176 0.999726657255706 0.865705427515943
0.9998579260060473 0.011548682242005219 0.012278262961780976 124.81412017650148 -0.011808249580270092 0.9997037686937528 0.021282389465414726 0.5767928384196852 -0.012028842202618687 -0.02142435058480742 0.9996981065088019 0.8693126548181497
0.9998527445341961 0.012737920105005645 0.011499332103822623 126.13583905193111 -0.01299431366659884 0.9996623005130875 0.022504060638372986 0.565233853053756 -0.01120879385882153 -0.022650172720754667 0.9996806153046834 0.8731008065483696
0.9998399662254757 0.013613316952101703 0.011606874678457987 127.48192696766081 -0.013859019251544098 0.9996758333224908 0.02135780551389079 0.5543927426543658 -0.011312361540595263 -0.021515247443277853 0.9997045186472998 0.8790102618675323
0.9998159078428213 0.01458750475280863 0.012464153782826202 128.79244275792837 -0.014844094302353578 0.9996745365379214 0.020747864035480564 0.5482619042916971 -0.012157437590955965 -0.020929063590584728 0.9997070425922003 0.8801083799184066
0.9997910220903434 0.015409946922386347 0.013433007235739848 130.1621090256458 -0.015669125311868044 0.9996888692139301 0.019407299702297615 0.5342282806662817 -0.013129762355320058 -0.01961372747906579 0.999721416713111 0.8812938555422923
0.9997801488362087 0.01572596009300662 0.013868964352171482 131.4776590173493 -0.01599023058466022 0.9996886631042778 0.019154356857675765 0.5139611876323449 -0.013563425780312176 -0.019371913687990586 0.9997203421163176 0.8839735584068861
0.9997782811848566 0.01576300046366541 0.013961242331412715 132.84240468657148 -0.016013362435852708 0.9997096327935887 0.01800617458556872 0.49560624131687286 -0.013673357106137754 -0.01822574871138202 0.9997403969978194 0.8930031026067116
0.9997726164356016 0.015601153869176836 0.014536829897254902 134.17779612274182 -0.0158310766152463 0.9997492349276085 0.015838064113503896 0.48302868484229305 -0.014286092492828714 -0.016064596465878843 0.9997688914452553 0.8850555364446517
0.9997775702421369 0.015097050214002481 0.014727155718769227 135.50330654402865 -0.01530441958079471 0.9997838652016241 0.014071162844472927 0.45873632456432906 -0.014511539615904888 -0.014293423569480325 0.9997925351094794 0.891321722978917
0.9997995203857188 0.013976234376938847 0.014338197555040132 136.84717243971804 -0.014187366472457332 0.9997908413164677 0.014730656885753037 0.4473199038574532 -0.014129319483353744 -0.014931124952610321 0.9997886895932494 0.8999528968135654
0.9998003217370289 0.012921705430178732 0.015242905999487851 138.18924703459794 -0.013110995171651768 0.9998373516357921 0.01238434816751308 0.43371376981821147 -0.015080399866795885 -0.012581724949344189 0.9998071222676684 0.8968872638584989
0.9998054445081114 0.011975381246311197 0.01567365228474849 139.52891653975848 -0.012156374600002125 0.9998599334565492 0.011503739602808915 0.41544710102652693 -0.015533695262947792 -0.011692036275615514 0.9998109824357839 0.9007097106350539
0.9998173047200225 0.010777998256174932 0.015785814390762105 140.89311645733784 -0.010946741148585263 0.9998834471429632 0.010642414563011515 0.40742865151721663 -0.01566927058339258 -0.010813273468058573 0.9998187571136528 0.8997319251439524
0.9998344378855591 0.00953790327536129 0.015495974289404383 142.22632686879095 -0.009707525333636646 0.9998933828805036 0.010908108162257645 0.4005460248042724 -0.015390281672693063 -0.011056729755789526 0.9998204278554939 0.9009966340418122
0.9998453801845429 0.00868113148770155 0.015292275164932931 143.5772647915954 -0.008845275178313121 0.9999036412700574 0.010699031820695882 0.3888889041277085 -0.015197921918693541 -0.010832641920306512 0.9998258233504372 0.8914754803003605
0.9998852429246425 0.007839493046303533 0.01296315279187393 144.925105331627 -0.007958892634922539 0.9999261441067894 0.009184898461817605 0.3785085318037266 -0.012890190439023237 -0.009287016771013294 0.999873789190386 0.8939540629278188
0.9999009381570464 0.006794264859627169 0.012326874611024687 146.24901893425226 -0.006878660278657256 0.9999531049958341 0.00681702588826298 0.37823663627363935 -0.012279979862748655 -0.0069011429638618695 0.9999007832381985 0.919605873131009
0.9998702348621376 0.0059205351928451055 0.014982012540513267 147.62297164853334 -0.005905570996457039 0.9999820181803107 -0.0010428553296178897 0.3628264921658837 -0.01498791739834523 0.0009542426646244605 0.99988721951678 0.9152025659557413
0.9998494951498669 0.004571067683333577 0.01673596094613905 148.94220374494614 -0.004416909370509471 0.9999475866277848 -0.009236607000491363 0.3466965389855552 -0.0167773049137522 0.009161295623611532 0.9998172796578021 0.9119553775648356
0.9999032101211158 0.0031461111721743187 0.01355257813038187 150.25328321023295 -0.0029949567321487297 0.999933250342832 -0.011159081189413542 0.32986032487877837 -0.013586781210439138 0.011117411718187201 0.9998458893914742 0.9166131369278819
0.9999368388087646 0.0036090358819033685 0.010643930342592861 151.640420294054 -0.003500027656644912 0.9999414212651959 -0.010242257785409948 0.3370181197304703 -0.010680271510479298 0.010204356821632805 0.9998908954992636 0.9206759117354486
0.9999564344650297 0.004330804820239856 0.00826881500541575 152.96252382788884 -0.004282054740252702 0.9999734013619763 -0.0059042845257687325 0.3400658949697158 -0.008294165370082804 0.005868619783964537 0.9999483817290996 0.9321049735077067
0.9999481840470013 0.005290109741815348 0.008697353621880271 154.32848286119335 -0.005239944355046345 0.9999695633840686 -0.005780595871655997 0.34285233595163894 -0.008727668890402607 0.005734722695557193 0.9999454688888513 0.9387791007139813
0.9999135277191278 0.005942331648455661 0.011731401402596252 155.6486224457926 -0.005828515729335647 0.9999358479067391 -0.009712284768460408 0.33733299400634964 -0.011788362425797828 0.009643068267441815 0.9998840161467265 0.9351214041020418
0.9998730759622738 0.006354789627489616 0.014609880715848405 156.97511848212923 -0.006103148965446577 0.9998333637069564 -0.01720454565336155 0.3278895005235299 -0.014716777447747761 0.017113195704583754 0.9997452450471219 0.932951443501238
0.9998553044842738 0.006469068764106595 0.01573280788623965 158.32490100000584 -0.0061678713421553545 0.9997982037322051 -0.019118294300561278 0.3120201956176329 -0.015853310624809026 0.019018490034214477 0.9996934377993345 0.9362981542404641
0.9998495309493168 0.0064139158849073384 0.016117603526961125 159.67163351799027 -0.006082224865852285 0.999770431456209 -0.02054485158249809 0.3037848319097996 -0.01624567638210809 0.020443729329234415 0.9996590078271694 0.9428044577932732
0.9998403709336446 0.007376227558637782 0.016273411390211902 161.03046653290522 -0.007058070925303282 0.9997845092461041 -0.019522261814148085 0.3021883523613903 -0.016413905266123432 0.019404286601932795 0.9996769765156067 0.9322354317113601
0.9998391204207183 0.008527060397906799 0.01578044730971634 162.3731035712046 -0.00825229468984372 0.9998146266551351 -0.017395745422504046 0.3017286633975716 -0.015925856607299376 0.017262721900761852 0.9997241447138808 0.922027918831794
0.9998542615075149 0.009398883184454561 0.01425190303597582 163.72222324408534 -0.009191635569922056 0.9998520665866916 -0.014538183444705673 0.3022606320986107 -0.014386437391224525 0.014405066372882415 0.9997927407627949 0.9165683842388367
0.9998561280790765 0.0101102327581908 0.013620071082510331 165.07755069860272 -0.00992769518330807 0.9998608811498959 -0.01340370152237456 0.30187732402051715 -0.013753690816095522 0.013266557192006902 0.9998174005533242 0.9053053158619614
0.9998409665417142 0.010392195767710227 0.014492891086889411 166.41879260605438 -0.01020128770392767 0.9998610373585228 -0.013184828460024466 0.2966851807608434 -0.01462789643498159 0.013034885479518515 0.9998080397788484 0.9010997776598579
0.9998412792960859 0.010151651397033867 0.01464104468538448 167.74654114790852 -0.009952907133408519 0.9998581967663474 -0.013584034700411607 0.2854641957572841 -0.01477686892274783 0.01343615767477225 0.9998005370131477 0.8849272985465289
0.9998722160412865 0.009775579935062 0.012648700550653274 169.12955896484485 -0.00962575983628807 0.9998834323136297 -0.011851857756861693 0.28034849857048166 -0.012763084903775682 0.011728589925817701 0.9998497606351121 0.8840214055606539
0.9999073262369971 0.00909263012203091 0.010132275906402987 170.5218909845804 -0.00901751950083152 0.9999317061941377 -0.007434197315980151 0.2783389702793418 -0.010199180341167692 0.007342140365366177 0.9999210317296179 0.8865915181782618
0.9999231278359628 0.008825339782445586 0.008709293683703106 171.83106617210058 -0.008806556351922757 0.9999588174449862 -0.002192710479145046 0.2768151369969789 -0.00872828642775983 0.0021158430351344315 0.99995966929886 0.8913891906154343
0.999912009277378 0.009098469191924695 0.00965357763941993 173.19627897623133 -0.009101775100743618 0.9999585334116735 0.0002985752676061396 0.27842741053359116 -0.009650460760616294 -0.00038641368834415354 0.9999533585580725 0.8904356995071052
0.9998837879688167 0.00977808931662098 0.011696132969773157 174.59667086917673 -0.009811716332146869 0.9999478843525687 0.002821134778664533 0.2831185474215723 -0.011667938110390987 -0.0029355660677441472 0.9999276182164957 0.8924901506693028
0.9998608961859594 0.009774881541577357 0.013514435580458303 175.93981863519232 -0.009814836560252489 0.999947647494438 0.0028933118799446406 0.28376997699244844 -0.013485446285005113 -0.0030255513856531904 0.999904489827557 0.8898494738560963
0.9998446530916442 0.009052001281599132 0.015123853901955024 177.36962149445017 -0.009060522338982838 0.9999588301109141 0.0004949930875791611 0.2807323142907384 -0.015118750576504181 -0.0006319462080635245 0.9998855054579977 0.889573822624805
0.9998552320304461 0.007538076489292822 0.015254257903423675 178.76997880570576 -0.007527259511409081 0.999971376085395 -0.0007664033724756824 0.2731071058195201 -0.01525959847409146 0.0006514696639225568 0.999883353317619 0.8894658934573285
0.9999162755912657 0.0054322441021585005 0.01174446813211879 180.10722172462854 -0.0054068935250560475 0.999982986335357 -0.0021891875730157507 0.2616477958789334 -0.011756160516958615 0.0021255031958818116 0.9999286349165444 0.8884237385748064
0.9999651050831199 0.003841463734570821 0.007418340278053387 181.5276889421756 -0.0038500327378770357 0.9999919374506109 0.0011411755739989067 0.26730161606039327 -0.007413896682736215 -0.0011696966057033239 0.9999718325762122 0.8952049430150374
0.9999713442460695 0.0033158721428291843 0.006805562331007629 182.92288177152548 -0.0033447829169257937 0.9999854125013418 0.004241133310809258 0.290338331004134 -0.006791399999076919 -0.004263774906561545 0.9999678480379249 0.895538300502726
0.9999631595547052 0.003060512927046523 0.008019525796122754 184.2573289234099 -0.0031140315947558936 0.999972909398224 0.00666957846329944 0.2987908815105191 -0.0079988962112381 -0.0066943058097630095 0.99994560048491 0.8866611738107288
0.9999330581613516 0.0031240336023002115 0.011140898084923904 185.70740875113646 -0.0032320707608411107 0.9999478026016101 0.009692563686061908 0.3047493677288248 -0.011110036664380452 -0.009727923018977342 0.9998909613548135 0.8959100623700557
0.9999041938989911 0.00370690704144954 0.013336486171207699 187.07020751930898 -0.0038504699637561244 0.9999347481883295 0.010755149771168294 0.30593217647834153 -0.013295747600905121 -0.010805471101627237 0.9998532216730639 0.9027199993506194
0.9998963947059956 0.003831367099504674 0.013875174957481086 188.520680489948 -0.0039680205938090645 0.9999437654050665 0.009834675393945983 0.3092148740862808 -0.013836714440899052 -0.009888713449484342 0.9998553688808172 0.8990408107102745
0.9998890774210965 0.0036846284493286738 0.014431090297652984 189.9369850862912 -0.003814358738429995 0.9999524717259413 0.008972455438449657 0.3081087361915273 -0.014397344248269509 -0.009026505545935253 0.99985560891372 0.899948901324619
0.999879613441038 0.0037902619187945266 0.015046346386653182 191.3016052221319 -0.00387940247475986 0.9999750719373552 0.005899638999130196 0.29965340301193805 -0.015023610133354843 -0.005957299595300449 0.9998693923308648 0.8978547734745752
0.9998741318722184 0.004249466272664123 0.015286021365125897 192.75385817659404 -0.004317479568052685 0.9999809151343452 0.004419133088851164 0.30176879248791566 -0.015266950676446261 -0.004484573945763601 0.9998733963925472 0.8983574620443866
0.9998616562689482 0.0045598862043195795 0.01599611705756909 194.1336515578015 -0.0045967263522529445 0.9999868651929094 0.002267057233596473 0.29543245444959776 -0.01598556942865346 -0.00234027337325252 0.9998694838280545 0.8995746968386827
0.9998359623651238 0.00509875690368982 0.01737961562991564 195.59139744013447 -0.0050555264854535275 0.999984019112039 -0.0025304490684765627 0.2887277610499473 -0.017392240032882783 0.002442170872472155 0.9998457609991994 0.8888213886178633
0.999822840734821 0.005518885129094831 0.017995250814717312 196.99942629317383 -0.005416974732483981 0.9999690426879646 -0.0057070176505086175 0.27409654899418934 -0.018026190104965558 0.005608526780487255 0.999821784568456 0.8886210858424259
0.9998808144135941 0.005934514092021936 0.014252666771489 198.41892519082637 -0.0058916650177181056 0.9999780033214001 -0.003046499083357748 0.2688293502284197 -0.014270432751900356 0.0029621640463512386 0.9998937845257545 0.8854376136118863
0.9999415842494688 0.006081279288736551 0.008935666224464052 199.85486151663235 -0.006113166544170216 0.9999750287613536 0.003545567448739267 0.2876780608772727 -0.008913881503917457 -0.0035999855475689546 0.9999537903426295 0.8798848600236686
0.9999377642862116 0.007277790888759462 0.008455844964996288 201.2912789735473 -0.00738995548989186 0.9998841082201732 0.013310097167442215 0.2963101505778642 -0.008357996898179638 -0.013371757121965155 0.999875662269725 0.8774709458913937
0.9998898067397384 0.00830270250318348 0.012306076105418848 202.7291355676608 -0.008532650961577574 0.9997877450370147 0.018752566260892698 0.3147722494374918 -0.01214776710085517 -0.018855503306592285 0.9997484192283169 0.8696096324040827
0.9998485432197676 0.009255086209825453 0.014738860219064242 204.18292462065958 -0.009557400375293545 0.9997426344710431 0.02057476412901657 0.30545968364568277 -0.014544645728746867 -0.020712513129676636 0.9996796712349802 0.8701284922774903
0.9998481599595932 0.008856981232527211 0.015007028648684004 205.6376811544347 -0.009157908731807312 0.9997559549709466 0.02010381077781815 0.3018076223131847 -0.014825307183180021 -0.02023819121307758 0.9996852634121138 0.8661407458219471
0.9998535646553097 0.007663503262516231 0.015300979178328336 207.0958149324578 -0.007919155607761694 0.9998288805653783 0.016718150670526847 0.287754946611971 -0.015170241281215363 -0.01683687337743513 0.999743158753458 0.8672355738881552
0.9998676254259834 0.006493966050060227 0.014918445962835624 208.53916408151758 -0.006717392555877752 0.9998652955702038 0.014975558472369333 0.2796522032449363 -0.014819185613778495 -0.01507378914705191 0.9997765613468315 0.8668326253256996
0.9998776924443763 0.006180267260903606 0.014366782823339284 210.0406352502247 -0.006405713642667564 0.9998562358133332 0.015699507569365542 0.28103192432192126 -0.014267690241848407 -0.015789616897702943 0.9997735348634642 0.8596301092162377
0.9998745474216487 0.005996759934770252 0.014660432757528798 211.50325631176315 -0.006245395222612399 0.999836441525671 0.01697307384645308 0.2783244068757378 -0.014556251470301663 -0.017062504727281793 0.9997484616019997 0.8658474359042168
0.9998662827820569 0.005904573953123507 0.015249674161231868 212.95099111611376 -0.0061837010485029775 0.9998130158859434 0.01832198423743959 0.2854410265616248 -0.015138639203521253 -0.018413833698780302 0.9997158357911409 0.8548104862532061
0.9998708890401755 0.0055558630262987855 0.01507771985553194 214.40472058283984 -0.005829947281835515 0.999817452165941 0.01819544061289679 0.2873512010454289 -0.014973876074681354 -0.018280993693982863 0.9997207551635909 0.8576340484380257
0.9998805610668002 0.005323874509721673 0.014509306011855554 215.8714250726346 -0.005590087025578699 0.9998156421886971 0.01836933754520596 0.28113624820750127 -0.014408835060038289 -0.018448251814412998 0.9997259861968201 0.8566305081724153
0.9998878474568722 0.005092652987929468 0.014083940982805137 217.33674783005227 -0.005349962529565793 0.9998183593869588 0.018292789117639117 0.2823742866120036 -0.013988223939973473 -0.018366086091345296 0.9997334727179491 0.8525369119332395
0.9998903741510583 0.004540549814364896 0.014093370336431123 218.80055715140998 -0.004799400147225771 0.9998194134819597 0.018387663876000396 0.2759888685842188 -0.01400733515995584 -0.01845328783640551 0.999731599345416 0.8556297182376156
0.9998936177173937 0.00434162368847386 0.013924925557077972 220.28627671445156 -0.004619116677604337 0.9997901503836405 0.019957929676602877 0.2794255224880107 -0.01383535359653515 -0.02002012736236288 0.9997038448917027 0.8584381955043704
0.9998928450783984 0.004125351670336852 0.01404563400569959 221.7397718711694 -0.004400794880179873 0.9997975000245782 0.019636495334605694 0.28405896592045665 -0.013961782316330476 -0.019696203141708748 0.9997085216283554 0.8627003784245085
0.9999019131886187 0.0037243400127937114 0.01350160335697862 223.23552940109158 -0.004009416862628724 0.999768293584707 0.021149083175041127 0.2869510893965688 -0.013419708572161357 -0.021201142285080844 0.9996851619323186 0.8556784130180672
0.9999023561583879 0.0033466456120533265 0.013567538909161366 224.71555035457334 -0.0036384503397405036 0.9997613613160073 0.021540243700779265 0.28667943435221094 -0.013492213607467295 -0.021587505245188543 0.9996759173798574 0.8576198010020617
