1.0 8.809142651444726e-20 8.673617379884037e-19 -5.551115123125783e-17 -8.809142651444726e-20 1.0 1.7347234759768075e-18 0.0 -8.673617379884037e-19 -1.7347234759768075e-18 1.0 -5.204170427930421e-18
0.9999993011580781 -0.0003480319849955573 0.0011298482609536818 1.3160940844717768 0.0003481171165631284 0.9999999365833229 -7.515200288644408e-05 -0.058402083065748844 -0.0011298220340017183 7.554526988583102e-05 0.9999993588973364 0.018140396604628333
0.9999976844684006 0.0012037922336848642 0.001783799903291163 2.5652097675998258 -0.0012028053760217308 0.9999991230587825 -0.0005542029350592417 -0.11574037075546209 -0.001784465484192614 0.0005520560876714074 0.9999982554569841 0.031373844761168695
0.9999981628321449 0.00034463321940458175 0.0018856193356505521 3.8981117879388862 -0.0003432418929466306 0.9999996686703239 -0.0007381356551640218 -0.11791717311216707 -0.0018858730969561048 0.0007374870755347779 0.9999979497956362 0.04791527463881815
0.9999975295525372 0.0006722293287481 0.0021187252186396694 5.225319822085076 -0.0006697465987252624 0.9999990885810311 -0.0011722954407727046 -0.10600466741309861 -0.002119511338970561 0.00117087353566959 0.9999970683591264 0.055160326290242694
0.9999971027683278 0.00024356468959144565 0.002394813394098293 6.5605484875219195 -0.0002401142369838622 0.9999989329542047 -0.001440984248702706 -0.11234540192407003 -0.002395161811603972 0.0014404050450466587 0.9999960942089736 0.055234926776603493
0.9999952944779965 0.0004996322062700634 0.003026778737134549 7.895255562911967 -0.000491273585327519 0.9999960659040572 -0.002761670992868059 -0.10071671655212125 -0.0030281466492677583 0.00276017102132225 0.9999916058566709 0.07787817800917024
0.9999950597272445 0.00045618884753166416 0.0031100502954553703 9.227431285586608 -0.00044763238513154254 0.9999961147845564 -0.0027513707565266117 -0.08925727531934931 -0.0031112933568944847 0.002749965004772989 0.9999913787358968 0.0803087558918026
0.9999950018387441 -0.0001090919961481996 0.003159809561785151 10.547904449014139 0.0001179147537580996 0.9999960950497218 -0.002792128474597881 -0.10081761309111348 -0.0031594926240171278 0.0027924871072559183 0.9999911097715392 0.08507755875618354
0.9999981679593651 -2.545851763643902e-05 0.0019140088236826232 11.881564626387727 2.7227462025682787e-05 0.9999995725668344 -0.0009241887327553159 -0.05720111377259566 -0.0019139844770966205 0.0009242391532065669 0.9999977412201535 0.09621304096959815
0.9999990807367183 0.00021112618536158967 0.0013393847290219458 13.200097700064994 -0.0002121835327899242 0.999999665964351 0.0007893347419663141 -0.05656263074842439 -0.0013392176323866539 -0.0007896182117434376 0.9999987914988762 0.11303241303778697
0.9999994656174528 0.0001668140610680556 0.0010202636315661865 14.538114916778909 -0.00016894731513550766 0.9999977992582788 0.002091156475257503 -0.046931246101760506 -0.0010199125519254793 -0.002091327728581262 0.9999972930596953 0.10842108812237523
0.9999988131732676 0.0007182401764663738 0.0013630051743570284 15.889097210204579 -0.0007214590995704709 0.9999969487656054 0.0023626163985771003 -0.031143132165244496 -0.001361304089489724 -0.0023635969470466012 0.9999962801234051 0.12253020744226692
0.9999951976848861 0.0011228159993462215 0.0028885794774123003 17.223651589199505 -0.0011275335980564598 0.9999980324893257 0.0016320801030152566 -0.04090092369711911 -0.002886741268449465 -0.0016353292356637494 0.9999944961964241 0.12345623968060272
0.9999787788187487 0.0010274435374479209 0.006433216298335213 18.58675561669257 -0.0010093089083059764 0.9999955101561124 -0.002821517879452749 -0.04895403497424214 -0.0064360863645093755 0.002814964900991457 0.9999753260780562 0.15122924039784696
0.999989883167339 0.0009186618201152994 0.004403365012331967 19.93048078579047 -0.0008944755916616761 0.999984521576593 -0.005491495301698313 -0.04665810887575737 -0.004408341682252902 0.0054875010426345796 0.9999752266210996 0.17881803716519953
0.9999964893073702 0.0010581906424740395 0.002429322024526857 21.286409847276722 -0.0010439812321500286 0.999982384796618 -0.005842961548339303 -0.05865960174606135 -0.002435462198760103 0.005840404868896804 0.9999799788970006 0.17054715936189874
0.9999979534648282 0.0014440894174869196 0.001416923395826327 22.63220051216421 -0.0014387633181455267 0.9999919233252574 -0.003752764896300012 -0.046409229942594325 -0.001422331279869987 0.003750718598728123 0.9999919545094968 0.21594596336343952
0.9999954111760125 0.002315992300685774 0.0019528969713812883 24.00564204124942 -0.0023134891960473907 0.9999965008004646 -0.0012830255515969009 -0.030466663064189763 -0.001955861615104195 0.0012785016579741888 0.9999972700157002 0.17905429506407272
0.9999634718702023 0.003177789332838182 0.00793451827442242 25.38096113856823 -0.0031735906609809935 0.9999948174283166 -0.0005416999393171686 -0.03170919796454433 -0.007936198561501451 0.0005164992389363838 0.9999683744903779 0.19954033934737034
0.9999635805587143 0.0025910725235927107 0.008131660308532377 26.7810996609146 -0.0025748890972287285 0.9999946849318784 -0.002000013532567272 -0.05636688187103546 -0.008136799268314943 0.0019790025697210448 0.9999649374085554 0.2127069035053496
0.9999596309956311 0.002849249236669201 0.008521628827202076 28.139674321786334 -0.002800028844319891 0.9999793622027573 -0.0057823011887855 -0.051625302635031546 -0.0085379281768025 0.0057582069565267945 0.9999469720115629 0.26418925505708285
0.9999786765482158 0.0029174854481120883 0.005842493263927127 29.501502871944464 -0.0028829455385013785 0.9999783707758748 -0.0059115653975169305 -0.041096773177945425 -0.0058596138013536905 0.005894595752648245 0.9999654587369565 0.2509350300649535
0.9999846682270607 0.0033668014484486775 0.004396357449278268 30.899012871863214 -0.0033403103533922764 0.9999763055276455 -0.006019195130911454 -0.042169997261487985 -0.004416518714793474 0.006004417647673393 0.9999722202797207 0.27695664879493115
0.9999883120554006 0.0039022755131245097 0.002854469900083118 32.28257638477572 -0.00389031629436501 0.9999836827187424 -0.0041832685057854495 -0.027090560130164764 -0.0028707475891498677 0.004172114821210842 0.9999871760508723 0.2549540584146306
0.9999888495029337 0.004588542306127289 0.0011163105768314825 33.65836321499779 -0.004585463960258598 0.999985719935322 -0.002744712317349955 -0.03446797819953731 -0.0011288888644305536 0.0027395629105247963 0.9999956101928603 0.2841669839126841
0.9999867643781063 0.004907947042388635 0.0015437371650787706 35.05028105145123 -0.004903648689337802 0.9999841240389457 -0.0027759502145981753 -0.022982880394998684 -0.0015573368734132151 0.0027683435284445185 0.999994955475262 0.27797400352176904
0.9999870551506581 0.004278781154575841 0.002753463808725698 36.440463057623326 -0.004272347205983856 0.9999881395622431 -0.002338329359891806 -0.03504774817886708 -0.002763436351037875 0.0023265353371605436 0.9999934753051435 0.3086020213245014
0.9999851697810654 0.004039303236124609 0.003652977867485782 37.849548958001584 -0.004032581601286553 0.9999901660855309 -0.001845539991780894 -0.01675124804346458 -0.0036603966400750735 0.0018307816906804333 0.9999916248323475 0.2921489227002674
0.999984869752269 0.004004744643442751 0.003771244738613149 39.237920506153124 -0.004000499036278556 0.9999913565122399 -0.0011326554070113547 -0.012166026983601664 -0.0037757481375795057 0.0011175514087120603 0.9999922473723736 0.27384439521755444
0.9999792120565341 0.0043386558117095185 0.004769855400398842 40.63558747805568 -0.00435443770099879 0.9999850634911333 0.003303281238714337 -0.0026429847318350337 -0.004755452355067303 -0.003323982608474504 0.999983168264605 0.3396331852157374
0.9999803860244217 0.0038840583173099063 0.00491341606585016 42.07036079139307 -0.003912417963349893 0.9999756680198357 0.0057754959928525825 -0.01977367336232923 -0.0048908641494602775 -0.005794606049692671 0.9999712505810355 0.3341855343086984
0.9999803098265513 0.003779204592384158 0.0050097476826218915 43.45651757476587 -0.003807012816083112 0.9999773354000951 0.005552957729354092 -0.005375202355935759 -0.0049886483753429495 -0.0055719205642863305 0.999972033153234 0.3273448369290755
0.9999792881910067 0.003868818596038734 0.005143484390807528 44.88844062848246 -0.0038968074099116805 0.9999775953425323 0.005442766298206482 0.020551039983978364 -0.005122312077333167 -0.005462696736757382 0.9999719600385526 0.3478429801163643
0.9999860942504237 0.0026128367152207757 0.0045808721966827904 46.275065623498506 -0.002636546438303156 0.9999831212600014 0.005177433532551366 -0.002196389855591653 -0.0045672670889075504 -0.005189439218731701 0.999976104610472 0.37085759508645
0.9999861551234295 0.0013472373478926867 0.005086699616541114 47.711066687645264 -0.0013735149306452986 0.999985712925015 0.005165985151450788 -0.014531354400459775 -0.005079667134347572 -0.005172900286895027 0.9999737186968596 0.38584655886003516
0.9999851569254615 0.0003437579999251959 0.00543762440752635 49.11262699093897 -0.00037332880542451053 0.9999851437108098 0.005438104750184229 -0.014621056808694168 -0.005435674232593337 -0.005440054053814483 0.9999704291915479 0.39798753772200574
0.9999849314563682 -0.0005431820880560621 0.005462766096173828 50.536400603638704 0.0005111042581642603 0.9999826304040531 0.005871768270965808 -0.0034586018364014415 -0.005465860649483991 -0.0058688877489563125 0.9999678397448343 0.4035485676174032
0.9999851030306431 -0.0015671476145378157 0.005228552873224499 51.991737411367346 0.001539866011939631 0.99998520177028 0.005217763229340464 0.006281195198868221 -0.005236652505096063 -0.0052096342296204185 0.9999727182187194 0.39742126359598223
0.999978286360349 -0.002581458720403041 0.0060632399502795935 53.40385716921534 0.0025473838768433035 0.9999809578532206 0.005620922196533205 0.016559893889036885 -0.006077634671795449 -0.005605354746163349 0.999965820593367 0.4092377259890096
0.9999726094710634 -0.0034147076860028803 0.006566588082972584 54.85824015787977 0.003386905107691041 0.9999852737668112 0.00424041546396764 0.02597367519521096 -0.006580971161141876 -0.0042180589060268475 0.9999694489321369 0.41787920245774873
0.9999609834644264 -0.003658163373231263 0.00804048441275287 56.24846450255296 0.0036394812997871465 0.9999906464792411 0.0023369060524345863 0.03685873070501144 -0.008048957990042705 -0.0023075516817950155 0.999964944125798 0.4376523901439722
0.9999606548182908 -0.004177030092976661 0.007825677924461523 57.68390345404895 0.004159713455391712 0.9999888668537639 0.002227768501097768 0.05582985065163289 -0.007834896256114063 -0.002195128271381342 0.9999668973583716 0.4716062430476271
0.9999538652851423 -0.0036833769813537126 0.008871304036986941 59.117349412145 0.003656947879974389 0.9999888326370555 0.0029935486269753613 0.08598045274504652 -0.008882231336020134 -0.002960968623972376 0.999956168355044 0.512442973031132
0.9999517660915526 -0.003979229523439266 0.008979489004658947 60.53816378773767 0.003963959967169405 0.9999906683061369 0.001717650146047483 0.057800561583660835 -0.008986240134988601 -0.0016819729621274878 0.9999582083543246 0.5065400708805357
0.9999478480549593 -0.0035102896057784615 0.009590570219736446 62.001017151715146 0.0035314678233595927 0.999991361477982 -0.002192191694303741 0.07110768483562264 -0.00958279214366605 0.0022259461573816506 0.9999516064582504 0.48653024848799364
0.9999547501998106 -0.0031723028744950104 0.008968503069450042 63.405444491099395 0.003216918126532615 0.9999825018471886 -0.00496461853564883 0.07439213488830816 -0.008952596863561434 0.004993244827744053 0.999947457877407 0.4908871081019
0.9999628643841871 -0.0027324866282955732 0.008173332820710108 64.80927271341506 0.0027722492658971056 0.9999843592667901 -0.0048575565663506095 0.08219906598967099 -0.00815993177542828 0.004880034693908317 0.9999547993658547 0.5141118781768286
0.9999686527157705 -0.0018114757124291438 0.007707927188934231 66.25552040536701 0.0018534631715678815 0.9999834655009823 -0.005443656759694856 0.09442322979504675 -0.007697938690212709 0.005457772475012979 0.9999554762385837 0.518839765596776
0.9999692647196592 -0.0012377308393341244 0.007741940221518022 67.62858025118835 0.001266189866427376 0.9999924560663292 -0.0036721347541639818 0.09728644328949292 -0.007737336702403089 0.003681824656327836 0.9999632882200994 0.5282566280558831
0.9999598377995935 -0.0003718567120107774 0.00895458041431142 69.08398202788564 0.000386195216563413 0.9999986461101597 -0.001599572162318663 0.13285758121721997 -0.008953973479151068 0.0016029661361032547 0.9999586275734118 0.5376704807894249
0.9999491387736782 0.0002682505565848537 0.010082058689476751 70.45027425817358 -0.00029211176780853687 0.9999971600040074 0.002365302229032427 0.133057695994312 -0.010081395562831047 -0.0023681270148473692 0.9999463772812756 0.5544000367839893
0.9999389545037514 0.0013523790750076428 0.01096623621768487 71.90650814698711 -0.0014131240983493475 0.9999836920275017 0.005533422027036485 0.15302272406641573 -0.010958574096443673 -0.005548580889210293 0.9999245586062423 0.5633385227164429
0.9999389560541225 0.0018619493869312103 0.010891157416549889 73.26526718524143 -0.001963804973136885 0.9999543694467729 0.009348930117111652 0.16090201835732415 -0.010873253212311666 -0.009369747530625408 0.9998969847918301 0.5607614995122249
0.9999425165042815 0.002289951658922179 0.010474722358359521 74.65307232191161 -0.002427140679534042 0.9999112030525718 0.013103243799921366 0.16353684968425394 -0.010443786440112051 -0.013127914204405294 0.9998592826960377 0.5732594046536864
0.9999373560279374 0.0031475641432970524 0.010741362102721228 76.10145969400713 -0.0033029646796864745 0.9998896959867367 0.014480548466000307 0.17719450396758804 -0.010694598832246525 -0.014515119686563764 0.9998374552177479 0.5715980862400789
0.9999317435462368 0.003503701485286446 0.011145955521393374 77.46658150777246 -0.003673560961965481 0.9998768756503007 0.015255769061309495 0.17473866469881444 -0.011091131522148726 -0.015295673103701132 0.9998214986615677 0.5738146744435207
0.9999248878445685 0.0037776662421102245 0.011659670097835405 78.87704133664987 -0.003953003722306201 0.9998789024911278 0.015051714676714192 0.18248709748766376 -0.011601397786412188 -0.01509667482927949 0.9998187325603078 0.604679274085528
0.9999409667804235 0.003093161310318076 0.010416108070685864 80.2612938255074 -0.0032412673262001783 0.9998934635577653 0.01423220715756517 0.16024193281608204 -0.010370975863049869 -0.014265128375310663 0.999844462390068 0.5900682664600939
0.9999411474934188 0.0029746005211159117 0.010433278549184471 81.65253815807371 -0.0031164507952271825 0.9999025755812702 0.013606141274561676 0.17095191606155194 -0.01039178925816068 -0.013637855318274201 0.9998529990045195 0.6130226841098554
0.9999346539566935 0.0026939646690594884 0.011109922181065487 83.01914923953392 -0.0028392571730241237 0.9999103860588677 0.013082754691246104 0.18627903213868438 -0.011073682098240981 -0.013113443711235812 0.9998526947299883 0.6113266994350248
0.9999457412998163 0.0023116887101922736 0.010157290567283265 84.38468480702156 -0.002443928051496866 0.9999121702521383 0.013026089103712094 0.1978240057582809 -0.010126286191894773 -0.013050206012393435 0.9998635659183677 0.604201698915346
0.9999454321568634 0.0016259367389047728 0.010319352612682665 85.7791822572292 -0.0017573289698903458 0.9999173453710414 0.012736334677655892 0.20950058245578346 -0.010297791195949983 -0.012753774180639846 0.999865639343924 0.6027656270860129
0.9999381591010963 0.0005552729943479251 0.011107188906837888 87.1630744027778 -0.0006985816224876027 0.9999165137668532 0.012902615241073747 0.21470302497472518 -0.011099097135675376 -0.012909576609796847 0.9998550659343226 0.6189758016172809
0.9999264188207987 -0.0005904566068522666 0.0121164477140864 88.57329203218387 0.0004482219992510185 0.9999310029853558 0.011738328915990482 0.21634004225824832 -0.012122542689227887 -0.011732034337488761 0.9998576915386769 0.6171476266791102
0.999919814667076 -0.001780629768626923 0.012537686939282392 89.92459450715377 0.0016606368201528882 0.9999527845408256 0.00957449603898389 0.20247432663084433 -0.012554143599303187 -0.009552907760260505 0.999875559973246 0.6291972440544563
0.9999097472510464 -0.002590155773735954 0.013182884563559361 91.31028321385202 0.002471332612194105 0.9999562491799285 0.00902176485662503 0.2120867260718161 -0.013205675577881477 -0.008988371325001592 0.9998724015160412 0.6378496567797355
0.9999176113401704 -0.0025513966414561777 0.012580179130119285 92.6790834761763 0.00245197430866573 0.9999656919178466 0.007912193706668659 0.23739322079992534 -0.01259993467274993 -0.007880695555607388 0.99988956204363 0.6443240358395245
0.9999135853675105 -0.0027467471299670223 0.012856017178519731 93.99394940292548 0.0026657523981621855 0.9999765193469365 0.006313043555808701 0.24205937869549354 -0.012873055645108858 -0.006278227057845483 0.9998974288912679 0.6549485132672966
0.9999162587611222 -0.0032946043184483177 0.01251483310097336 95.37911854290647 0.003220220941884742 0.9999770592370136 0.0059591255046066004 0.25449831764426833 -0.01253417896177503 -0.0059183259524182704 0.9999039292730452 0.6486354906564641
0.9999227043792877 -0.0029016931628044083 0.012089890140139012 96.75410282354551 0.002834265054709258 0.999980355668941 0.005590636620120516 0.27124880903809534 -0.012105874954390958 -0.005555938535253316 0.9999112857341801 0.652759043597155
0.9999415658473542 -0.0016078706881542696 0.010690165695240133 98.12943765759098 0.001533085438455671 0.9999743229305209 0.007000223473905129 0.3163993235291997 -0.010701146657247055 -0.0069834254844160495 0.9999183552814318 0.6482481372488155
0.9999360069038061 -0.0020270499130427785 0.011129832250377157 99.43807489574405 0.0019279015026276041 0.9999584301001709 0.008911861051301066 0.3093987173859468 -0.011147434371534485 -0.008889833533400048 0.9998983476167369 0.6520351134736135
0.9999222505783965 -0.0026659851004998333 0.012181351389667505 100.8518105129691 0.0025539258030823704 0.9999543664893428 0.009205563637799001 0.27610113165588457 -0.012205337407339121 -0.009173737642920142 0.999883429343857 0.653326675062884
0.9999088713129501 -0.0026569693015296254 0.01323592020951876 102.14142843076408 0.0025257533149442963 0.9999476007629495 0.00992049890947771 0.3053236038649415 -0.013261585118456461 -0.009886164198091681 0.9998631876999944 0.6451210688159269
0.999917757533624 -0.0028791924450561482 0.01249753654897435 103.4876547354884 0.0027620163539273726 0.9999521632960233 0.009383090389828149 0.2875196966253524 -0.012523954430979692 -0.00934780030100019 0.9998778771404753 0.6556516405390547
0.9999431115134703 -0.002609000767284017 0.010342478027816137 104.80347845192084 0.002513299506295804 0.9999540089637584 0.009255446121038777 0.28470940537471157 -0.010366149832565678 -0.009228925847795609 0.9999036802939295 0.6612525991011109
0.9999565828598616 -0.0018166780252253417 0.009139588403288174 106.08963650233682 0.0017530602615149612 0.9999742152168866 0.006963884052115521 0.3320969190788198 -0.009152003876111144 -0.006947559450949315 0.9999339839423036 0.6653116550769378
0.9999461541563699 -0.001844722811215146 0.010212041208057849 107.47128982712542 0.0017793403446082414 0.9999778862987773 0.006407874949441602 0.32073101050640074 -0.010223636135120348 -0.006389359215086774 0.9999273240356007 0.67834518580892
0.9999322100756525 -0.0011523816391469416 0.011586512407925503 108.80695177787992 0.0011099407297034062 0.9999926542301079 0.0036687214939852626 0.33029606795808975 -0.011590655063360315 -0.0036556124495959624 0.999926143879047 0.6568729404103968
0.9999118433661838 -0.0007097170170128936 0.013259027030529036 110.13247104664487 0.0006809915847346376 0.9999974117827364 0.00217087039915622 0.3327057363380097 -0.013260533416950387 -0.002161649736699819 0.9999097386884047 0.6823594832504399
0.9999217607252674 -9.089728939858468e-05 0.012508563697075372 111.47150764286962 6.143758042356422e-05 0.9999972238543919 0.002355527315221045 0.325648919390284 -0.01250874308252926 -0.0023545745245841672 0.9999189903813727 0.6613541112972727
0.9999546602611555 0.0014667340155976878 0.009408831666278216 112.79536792818564 -0.0014980694564000582 0.9999933525669328 0.003324245756541939 0.34064803459555254 -0.009403893337372148 -0.0033381901194471436 0.9999502103989106 0.6875669934321866
0.9999678175614748 0.00173538714137581 0.00783276916617811 114.17430484084181 -0.0017872287054875302 0.9999765141975601 0.0066164089090119185 0.3089328938302594 -0.007821103176366131 -0.006630194926736196 0.9999474340485794 0.6906513579035368
0.9999693012817791 0.003212183448500706 0.007146913426340274 115.44731849885586 -0.0032800570499815175 0.9999494416372927 0.009505545487535794 0.33776944453306296 -0.007116018534214993 -0.00952869596324301 0.9999292806161147 0.6892972911193314
0.999944585890747 0.005151048936915133 0.00918105890581983 116.82831688338516 -0.005242408490306326 0.9999367081330018 0.009954741651929059 0.3549109826280076 -0.009129200458057226 -0.010002320879945445 0.9999083014336921 0.7096024184664548
0.9999196873310446 0.005755591201684509 0.011291238094435064 118.13490837836318 -0.005878716984729108 0.9999232924655387 0.010901828814028664 0.3598673820987633 -0.011227625501395529 -0.01096733125222449 0.9998768214489245 0.6940089144430978
0.9999033689797328 0.006825789275010742 0.012110380000382302 119.49376920022242 -0.0069555381595964045 0.9999185160686113 0.010704284752225682 0.3623875623722197 -0.012036328006950859 -0.010787484596488716 0.9998693699599911 0.7023393171587305
0.9999020087507513 0.007788838786873686 0.011632148836930298 120.80833170383553 -0.007915223087419267 0.9999097130954057 0.010858862782995958 0.3561670632833211 -0.011546520674592492 -0.0109498697624968 0.9998733810900735 0.7155373426583839
0.9998917565732224 0.008847926705593152 0.011755395779316297 122.12942499339788 -0.008997027369434939 0.9998789780401037 0.012691838794738964 0.34448247111744096 -0.011641676658864671 -0.012796228604180759 0.9998503527518906 0.7058603895718227
0.9998877076003292 0.010172263895193882 0.01100441897626924 123.48904930264676 -0.010328510687481115 0.9998453150956897 0.014236142320842962 0.3475776078649555 -0.010857902962235754 -0.014348202969265617 0.9998381044023155 0.7062382134037487
0.9998740056555978 0.011391361291769625 0.011054849711776182 124.83655494901717 -0.011564164184772777 0.9998099433652743 0.01569545331089928 0.345311163232138 -0.010873956084940007 -0.015821315869654243 0.9998157045391992 0.7001303695140113
0.9998730843462527 0.012400619256033411 0.010001991900538994 126.14709073907675 -0.01255950459983776 0.9997933934226355 0.015982156070371494 0.32836926647936027 -0.009801736790906417 -0.01610574774786789 0.999822249625084 0.7054810970091105
0.9998557249644527 0.013893045551120795 0.009773051781467226 127.49141811049937 -0.014045429756276845 0.9997780870079135 0.01570040259861331 0.35776275908976335 -0.009552756605831113 -0.01583540413477134 0.9998289777842599 0.7153779249293271
0.9998439811394599 0.014325844848375202 0.010333612561721564 128.80493398087836 -0.014488903735242215 0.9997689047004891 0.01588108505535117 0.31873747101750066 -0.010103714551904772 -0.016028330024200767 0.9998204876821084 0.7102929228506596
0.9998229264496051 0.01523580842503673 0.011044722150560307 130.17566110871817 -0.01540672497694702 0.9997602515635007 0.015558670225004503 0.3097534655025476 -0.010805025276796651 -0.015726078192648815 0.9998179543764186 0.7262368313127672
0.9998229082252892 0.015255792470587852 0.011018756010518663 131.50330920091943 -0.015411138795416678 0.9997810594289246 0.01415379836671854 0.2751266133583159 -0.010800416147231975 -0.014321103423677813 0.9998391155619862 0.7141673668783903
0.9998169948590356 0.015479912987827032 0.011240510884132297 132.85122826920195 -0.015632315029237752 0.9997853201540476 0.013599423932462431 0.27800212371005323 -0.011027579873828177 -0.01377265037519897 0.9998443411770498 0.7382093954687553
0.9998124728185261 0.015411629436149737 0.011726076693709052 134.18050582081463 -0.01554571069718937 0.9998138195111238 0.01143053776062092 0.2768240409849954 -0.011547730314795014 -0.011610684419985397 0.999865911976139 0.7303721310027342
0.9998215095934364 0.014716615386428565 0.011847792447116078 135.519100396788 -0.014842440130527082 0.9998336236722442 0.010603157331709539 0.23262584559129906 -0.011689778666584154 -0.010777114919921775 0.999873593445056 0.7429475360349268
0.9998434285021709 0.013638666484817279 0.01127409675053403 136.84969470146007 -0.013766317525435423 0.9998411205045596 0.011323526393112996 0.21979186980997592 -0.011117867727823066 -0.011476956247305247 0.9998723280961845 0.7525407451541349
0.9998305791518103 0.013226146014958999 0.012801642650316764 138.19601479910384 -0.01337089909056586 0.9998468812843838 0.011288624513250854 0.24451780365868972 -0.01265037748311607 -0.011457881456981794 0.9998543318414199 0.7850690201979665
0.9998483823796303 0.011691695531251245 0.012904127573813928 139.55089713039644 -0.011828369658145989 0.9998742115004036 0.010566496471224604 0.19811192770604855 -0.012778964123394219 -0.010717529195232937 0.999860906648461 0.7878090526252817
0.9998579091703852 0.0106425799536667 0.013072756455910868 140.90905171365642 -0.010759921226707428 0.9999021569169139 0.008938718481889617 0.20021506163672112 -0.012976346350987957 -0.009078110201646365 0.9998745933118544 0.784635317253663
0.9998828062220776 0.008917890014348936 0.01244367546809442 142.25309094794537 -0.009039566164010837 0.9999115454440025 0.009756409757333885 0.1880755791026391 -0.012355568179155087 -0.00986775179453278 0.9998749758892318 0.7834459022031741
0.9998926003049031 0.008072454174359697 0.012232061931741402 143.590783296195 -0.008189613107334112 0.9999207805334398 0.00955839393143149 0.17605567727260063 -0.012153933217328283 -0.00965754321756355 0.9998794996230044 0.7885323511260668
0.9999172849431334 0.007839052236723182 0.010196692207889988 144.9359295738228 -0.007917026208053672 0.9999395559249522 0.0076292327681503356 0.16979091763472298 -0.010136269924065282 -0.0077093291951733905 0.999918907849725 0.7887124891956203
0.9999388602659748 0.0064798066213322325 0.00896034799176835 146.24581167670217 -0.006515259943700298 0.9999710403341606 0.00393317694522993 0.16115760267723195 -0.008934602277072132 -0.003991315468190008 0.9999521199952445 0.8042956481125657
0.9999091105974697 0.006139368211115797 0.012003278808121251 147.6517463315807 -0.006079417997303212 0.9999688964943839 -0.005024611489291631 0.17579506717760635 -0.012033753404121994 0.004951181856142681 0.9999153337044273 0.8045993007960123
0.9998979293245075 0.004629027157000169 0.01351676884991679 148.96077886567983 -0.004474750047808769 0.9999247569564187 -0.011421779093328012 0.1525117919777362 -0.013568623532693409 0.011360129102563243 0.9998434077005265 0.8150061842100547
0.999934822213485 0.0032766568433783955 0.010936857172741421 150.26414082167275 -0.003146242953029703 0.9999240016587243 -0.011920237501145455 0.10263597990967863 -0.01097508451752035 0.011885050556642367 0.999869137984116 0.8350934879432541
0.9999681218001347 0.0030829305068667437 0.007365522588441109 151.6770661943297 -0.002986539843449934 0.9999102271864152 -0.013062088185859374 0.13860873518621886 -0.0074051308749063915 0.013039674363323317 0.9998875591431389 0.822466906392331
0.9999797484299373 0.0040345764345714975 0.004921882058001631 152.98890586755377 -0.00399310083020319 0.9999566819367715 -0.008407698600816475 0.11890857781346663 -0.004955590354247274 0.008387874760387227 0.999952541714478 0.8403949964542232
0.9999725277593731 0.005102995030120945 0.005376166687566185 154.3583913949941 -0.005053806971849795 0.9999456091083299 -0.009123478506707576 0.13141510132293074 -0.005422431338543426 0.009096057755623235 0.9999439279138032 0.8474251709384937
0.9999642943199735 0.005492905174173643 0.006421688088421684 155.67427545877052 -0.005418344280004766 0.9999183722788645 -0.011571098670800441 0.12380790556020699 -0.0064847228484168976 0.011535890599931872 0.9999124319647423 0.8216035869622066
0.9999401261056485 0.005640106088238723 0.009377281436161226 157.0092914001361 -0.0054305857186492685 0.9997383404423806 -0.022220697294797805 0.10362024059454954 -0.009500154870946267 0.02216844272446859 0.9997091112941805 0.8141384285709202
0.9999314311964145 0.005531669078664499 0.010321508741185714 158.3368247551341 -0.005268436983155642 0.9996645394706553 -0.025358471891600863 0.07478392464011309 -0.010458320957244712 0.025302354873148473 0.9996251369191496 0.8196084666250614
0.9999321382031573 0.00539054654672797 0.010327681075128275 159.67441548381527 -0.005117425818801985 0.9996412106854657 -0.026291859049628913 0.06289953909524941 -0.010465703103521636 0.026237223695049255 0.9996009589587862 0.8185932827273898
0.9999267167734404 0.006544839692481869 0.0101846038748559 161.0554729410363 -0.006286651623158994 0.9996631759927395 -0.02517960634081171 0.071210627612826 -0.01034596994278682 0.025113734041534455 0.9996310625768059 0.8185042451245388
0.999923210858835 0.007751870253054536 0.009668551770432986 162.39190414904687 -0.007523180817654289 0.9996962546141425 -0.023469134215823775 0.07233316832562964 -0.009847544675837382 0.02339459377794964 0.9996778075189136 0.8126835200915428
0.9999243991111767 0.008783295655614734 0.0086052181598339 163.73031682214025 -0.008602090610478536 0.9997451283787758 -0.02087300457611139 0.06903238320446135 -0.0087863587043435 0.020797403692079195 0.9997451014635618 0.8323598209480234
0.9999204059865192 0.010200032619739802 0.007425700391954148 165.0852770172874 -0.010051898105653559 0.9997550082071242 -0.019720114331482703 0.1181389765948103 -0.007625026965747885 0.019643902344733722 0.9997779633820912 0.8034355041933982
0.9999102962592887 0.010485873181662315 0.008333420562987314 166.44090817430978 -0.010319459503073296 0.99975134381473 -0.019767632539228815 0.1281571016476085 -0.008538629294327926 0.019679862912623212 0.9997698709230612 0.8029935604258847
0.9999144325090968 0.009862585874265906 0.008594013025567825 167.7582346030076 -0.009687828245012195 0.9997501407768555 -0.020144527806642634 0.08356495394193887 -0.008790542867539115 0.02005954676781569 0.9997601417037807 0.7956805781843082
0.9999275177535565 0.010144948551602626 0.00648376881886263 169.14728802957092 -0.010021804597843326 0.9997739561552477 -0.018751000674307895 0.1043025458519345 -0.0066725311399622456 0.018684662495495722 0.999803160985009 0.7919887788388008
0.9999454455823941 0.009272104831469681 0.004809774529192094 170.55318250574015 -0.009195955332863558 0.9998357140288772 -0.01561983859972447 0.08487264084847015 -0.0049538131316599655 0.015574755996794969 0.9998664344356685 0.8131093147203529
0.9999580907604531 0.008707934006916931 0.0028264125744161027 171.91471313820335 -0.00868110624046211 0.9999184248838434 -0.009369203394927954 0.0730074804756435 -0.0029077684143424525 0.009344274350900628 0.9999521135632965 0.8158837308413373
0.9999520014631113 0.009061938312767016 0.0037250562322720623 173.27038045814228 -0.009031825530721651 0.9999270284909426 -0.008022706579217768 0.07199538924022109 -0.003797485681419771 0.007988677443058069 0.9999608793023906 0.8060181852921883
0.9999353903465202 0.00977323406633104 0.0058050864280371536 174.65994925680525 -0.00975260184974382 0.9999460626899921 -0.0035718997666418168 0.07009657217177083 -0.005839682329771724 0.003515054290799631 0.9999767709820163 0.8211176577718836
0.9999157476967477 0.009900131006359465 0.008395529412191191 176.04971487324306 -0.00988444767688226 0.9999493282878477 -0.0019074985728094233 0.07207475003027049 -0.008413988482106708 0.0018243526904666834 0.9999629375807304 0.8332125256592713
0.9999173473414408 0.008857024962004445 0.009319420286626703 177.4691778543602 -0.008818678764153008 0.9999525124715593 -0.004147735125430349 0.0631186532772362 -0.009355714323932512 0.004065207330319342 0.9999479709959166 0.8435426487467559
0.9999271954013683 0.007531784788938606 0.009427412934997872 178.86101441111143 -0.007472350285720896 0.999952085239069 -0.006323860153852962 0.06515306481024341 -0.009474591176475056 0.006252954816014218 0.9999355642630717 0.8413184373046995
0.9999702810579306 0.005450493608135261 0.005452441687068571 180.19835032414855 -0.005400974929025129 0.9999444094775227 -0.009055795076329613 0.045401979372037334 -0.005501497136166527 0.009026077446826519 0.9999441301668731 0.8353137750010138
0.999992015301351 0.0035577799716013693 0.0018197624065521027 181.61804718785896 -0.0035468579706154613 0.999975887345976 -0.005970303607376064 0.06922320830216482 -0.0018409595538494896 0.005963801497504611 0.9999805217801092 0.8603468787864547
0.9999978137104609 0.0016811432141101087 0.001243515899353477 183.00597616096263 -0.0016774672092143568 0.9999942379564829 -0.0029512976121280924 0.020399982031538512 -0.001248470288114199 0.002949205202591694 0.9999948717421568 0.8641841144539211
0.9999958454737407 0.0015555690288193995 0.002426775691118836 184.3322541795348 -0.001554105331986122 0.9999986094169511 -0.0006049138625123839 0.046699116278142744 -0.002427713301755325 0.0006011398843407555 0.999996872414591 0.8642474613756488
0.999977640480742 0.003449801724082219 0.005728647888680716 185.79184541069145 -0.0034674138173506393 0.9999892842723995 0.0030673085585634936 0.08293660966582615 -0.005718004895696797 -0.0030871035678626557 0.9999788868829051 0.8841074016482692
0.9999670495329929 0.002968675902310309 0.007555581491070732 187.16748235360407 -0.003004196542724421 0.9999844693093728 0.004694245752491046 0.07393084300078016 -0.0075415284534271435 -0.004716789526695002 0.9999604378399912 0.8923838971777396
0.9999620413339022 0.003407785463763318 0.008018908252887983 188.61608296564106 -0.003429131820518738 0.9999906098664831 0.002649761086677643 0.07867495763392983 -0.008009803136955205 -0.002677158398737114 0.9999643373023936 0.8892338383947769
0.9999592910479983 0.0033217109940842588 0.008389426849094498 190.02351680033317 -0.0033437352835620207 0.9999909968812744 0.002612583156311182 0.08054512687920812 -0.008380673071895257 -0.0026405288233530507 0.9999613952180328 0.8997607445626766
0.9999514509314152 0.0037425167011383032 0.009115335918054628 191.38857115082914 -0.0037260101145847042 0.9999913891149084 -0.001827168482068064 0.09335669025909714 -0.009122095635504401 0.0017931159409116035 0.9999567851194566 0.8923268205623636
0.9999456885804664 0.004428164757942885 0.009434577161346274 192.8468843955432 -0.004396321444505428 0.9999845790165823 -0.0033932413390704644 0.10771140378644335 -0.009449457502601183 0.0033515796134222513 0.9999497360702694 0.906564790563112
0.9999410046487862 0.004420452968380868 0.009922036964784449 194.19701414340295 -0.00436729400573593 0.9999760287664583 -0.005372954078623823 0.08113114038442763 -0.009945550012124982 0.0053293046467499045 0.9999363402471871 0.9081716327841257
0.9999296013074124 0.004922439803636569 0.010796389006468522 195.63243938052216 -0.004831183547204811 0.999952523146625 -0.00846233527057879 0.0798720139240839 -0.010837531763858297 0.00840958019630223 0.9999059090065372 0.9128936428257853
0.9999220267874286 0.005338282545793654 0.011289069261112759 197.0578777216278 -0.005208429887000045 0.999920298771573 -0.011500798349691761 0.06262876519149871 -0.011349564019517705 0.011441103269761308 0.9998701358439193 0.9192778829408332
0.9999433271788686 0.005667832157951947 0.00901210902528233 198.4850282156478 -0.005589586057648791 0.9999466714286842 -0.008683940718316695 0.07171660110391022 -0.009060847540844495 0.008633074615939922 0.9999216824654404 0.9398932291612339
0.9999768716151758 0.0059618741184785514 0.003272963751984073 199.90965036544742 -0.005949262869362448 0.9999748936236379 -0.003849466678049051 0.09201931521633079 -0.003295831615482102 0.003829905924379905 0.9999872345758085 0.9270811925736606
0.9999684348436365 0.007197427993228947 0.00336546380909816 201.36433599170402 -0.007219147551593861 0.9999529023753972 0.006486674005035714 0.08309329130221478 -0.00331861793468027 -0.006510765031973893 0.9999732980003526 0.9415501327694987
0.9999490548383199 0.007702726838780222 0.006523475086016909 202.80357676272126 -0.007786296556044415 0.9998866867581409 0.012883603136105329 0.08859982112881515 -0.0064234970142500545 -0.012933740490456234 0.9998957230846791 0.941712469243434
0.999927722439488 0.008442657063435971 0.008559873754174984 204.22546820506258 -0.00855786783762872 0.9998720683535985 0.013513320257086136 0.05380175382940161 -0.008444690346713662 -0.013585597815558553 0.9998720511830211 0.935139167490978
0.9999191003845985 0.009174528776995247 0.008810261504362916 205.67754560224344 -0.00927278917396887 0.9998945324175202 0.011177630450297252 0.10553212101304685 -0.008706782815156168 -0.011258421881790215 0.9998987148055253 0.9330138327305828
0.9999294307631192 0.007677085578980533 0.009066192737704672 207.12305352478165 -0.00775844954369589 0.9999296377623343 0.008973627202234649 0.08629912230926388 -0.008996663516111118 -0.00904333353911984 0.9999186357719703 0.9497449708396343
0.9999454054354613 0.006118889334145513 0.008470262205351917 208.55998846592792 -0.006185943158486474 0.9999495584012694 0.007912948903291493 0.062354937819880454 -0.008421416493138625 -0.007964913459831685 0.9999328176921819 0.957096739675485
0.9999511238064843 0.0057408532752773085 0.008049385182786833 210.08501645688315 -0.005803041133033831 0.999953332439148 0.0077238369642991 0.0700708147946378 -0.008004668122879791 -0.007770170365860295 0.9999377729342602 0.9519367049254085
0.9999488464479952 0.0060669612930380245 0.008092988817028458 211.5436173305371 -0.006141304303793652 0.9999388837844956 0.009193099437360358 0.08527645890063791 -0.008036720025730327 -0.009242330684722773 0.9999249924143021 0.9649063948896325
0.999948346192712 0.005438670595780534 0.00858637342600449 212.9787046992571 -0.005524659948014037 0.9999345078807771 0.010022877914399908 0.06972073772451151 -0.008531299954814237 -0.010069796987960986 0.9999129042620174 0.9586233064030114
0.9999530469491367 0.00486993097081646 0.008377808154700113 214.42263435091886 -0.0049533964981308435 0.999938019990805 0.009970959833467493 0.07656321409000733 -0.008328731011971882 -0.01001199027205878 0.9999151925491093 0.9715579324372935
0.9999589238475323 0.004745652521141885 0.007722007500226492 215.89192982370415 -0.004831502310517304 0.9999263076778859 0.011137136036396192 0.0848344277624155 -0.0076685854698529945 -0.011173987462777485 0.9999081631835361 0.9803565611680687
0.9999608515102152 0.004744036948711355 0.0074692409517131365 217.37905375963632 -0.004814375155350314 0.9999439713772785 0.009427401450022086 0.09634652179668131 -0.007424098519620597 -0.009462992109559974 0.9999276646545516 0.979923439876866
0.9999661381732231 0.0037375625892298973 0.007331652802877425 218.84648578155355 -0.0038111369714574346 0.9999422648419 0.01004700043974741 0.06279193175010789 -0.007293678215766141 -0.01007460216301783 0.999922649333108 0.9942617763048105
0.9999677227084891 0.004201662690563605 0.006848326206668929 220.31576981715173 -0.00427223022623268 0.999937595078945 0.01032249953402127 0.0901955119591069 -0.006804527176247186 -0.010351423977913924 0.9999232702720431 0.988829425908533
0.9999682841426297 0.003944127077957585 0.00691914521006473 221.79941053167207 -0.004016142628550748 0.9999375896631215 0.010425323836400213 0.07650319624136764 -0.006877594581841638 -0.010452781462347654 0.9999217159620388 1.0097253232412104
0.9999729982015174 0.003395505851393147 0.006517162563665127 223.30151204688192 -0.003468682348078304 0.9999307003587897 0.01125000989992023 0.08821939004526798 -0.006478511452194346 -0.011272312096164128 0.9999154783627316 1.00824503333632
