1.0 -2.1684043449710093e-19 -2.5135375298442207e-37 0.0 2.1684043449710093e-19 1.0 2.3183291766350204e-18 -8.673617379884035e-19 -2.51353752984422e-37 -2.3183291766350204e-18 1.0 0.0
0.9999996144572926 -0.0005723897269502802 0.0006659243699802237 1.3271307127150507 0.0005725266515208768 0.9999998150031163 -0.00020544334102258209 -0.005205242904773986 -0.0006658066531284189 0.00020582452126511109 0.999999757168854 0.013546002618737998
0.9999992686506489 -0.0006310930990495225 0.0010317071617683797 2.620400249204164 0.0006317219644781507 0.9999996148242213 -0.0006093264874477984 0.0032616480561835828 -0.0010313222226384742 0.0006099777938922657 0.9999992821505244 0.023155165917102573
0.9999984080806568 -0.0013145955684215954 0.0012065134246878437 3.944431469168364 0.0013152995039614583 0.9999989651428909 -0.0005828381958469084 0.0014968510495183922 -0.0012057459796094815 0.0005844241945245251 0.9999991023120939 0.042724277089956374
0.9999985763318838 -0.0008800205240788166 0.0014397562580511227 5.276348118827755 0.000881273383638691 0.9999992334146602 -0.0008697857869248605 0.012604385612162781 -0.0014389897250110366 0.0008710533675077156 0.9999985852863005 0.04177979977458566
0.999997786687794 -0.0012070478149658944 0.0017232687212533166 6.606972188827152 0.0012091179588218897 0.9999985481118654 -0.0012007530649974663 0.008382052461006931 -0.0017218168528964884 0.0012028340425147947 0.9999977942660631 0.04278872157354516
0.9999967192755046 -0.0008840068948593192 0.0024041568246351104 7.940246282741048 0.0008895981560858923 0.9999969001183829 -0.0023255899779677405 0.02337723712865465 -0.0024020935344584255 0.00232772108182587 0.9999944058149609 0.061433015770509955
0.9999966058758929 -0.000873483241502648 0.0024546412611861773 9.262030326792253 0.0008794477276802168 0.999996661187287 -0.0024298530763327384 0.02751113273293585 -0.0024525106296572384 0.0024320035577892556 0.9999940352573641 0.0582192092397267
0.9999966097639618 -0.001266615935281217 0.0022751142070677457 10.574476610325048 0.0012719655674189169 0.9999964263568822 -0.002351462748944188 0.032548963269163136 -0.002272127676432485 0.0023543486438637696 0.9999946472248165 0.06110004242504724
0.999997806805724 -0.0012989856361764252 0.0016428694588934696 11.907043636708606 0.0013014713963886105 0.9999980086551906 -0.0015128971735503909 0.05167867038926468 -0.0016409009556764462 0.00151503200308172 0.9999975060579318 0.06758946893793702
0.9999991451798917 -0.0009577345750956518 0.0008901595191110357 13.236156610683853 0.0009575489971894848 0.9999995197344279 0.00020887994496383635 0.0725787209300108 -0.0008903591431434011 -0.00020802739505419574 0.9999995819925122 0.08023895090459714
0.9999991438000674 -0.0010495732809091816 0.000781533786806556 14.575054881114413 0.0010490553282608785 0.9999992300535031 0.0006628539199185936 0.07415105408309632 -0.0007822288988308473 -0.0006620334801998468 0.9999994749146726 0.07912984059682421
0.9999989496825459 -0.0006439758295796952 0.0012984332621091249 15.934384137696522 0.0006433258305944602 0.9999996675863909 0.0005009580655668693 0.09578146954967139 -0.001298755435378096 -0.0005001222237450514 0.9999990315555713 0.09075796933643786
0.9999929207313023 -0.0004012983609982963 0.0037413161995305836 17.26200724745015 0.00040304749444114744 0.9999998098364405 -0.0004667759634654563 0.08730930298139451 -0.0037411281716394854 0.0004682805871531221 0.9999928923113879 0.10385516771554835
0.9999846251498516 -0.0003324129454550589 0.005535247559452846 18.615863765370797 0.0003635519647617267 0.9999841104842583 -0.0056255318837981644 0.08191080395815646 -0.005533289607426372 0.0056274577422141285 0.9999688567277882 0.13173929432629877
0.9999875466130048 -0.00014150925095317187 0.0049886465133619174 19.95732880098007 0.00017616332653247702 0.9999758549414326 -0.006946833856749426 0.08122131461305546 -0.004987543020944116 0.006947626161703705 0.9999634267838655 0.1478140737676095
0.9999952683175395 -0.0006109749619556687 0.003014971331222077 21.353260677579804 0.0006335299770071095 0.999971780851764 -0.007485729084074669 0.070225494373929 -0.0030103126582568004 0.007487603738699804 0.999967436373781 0.132949884449949
0.9999985372122482 7.726895030661646e-05 0.0017086845446004347 22.6737730757206 -6.791503980228263e-05 0.9999850168039218 -0.00547371493664215 0.09684382965448174 -0.001709081891252299 0.0054735908843801286 0.9999835592858112 0.17791387247647666
0.9999962607218872 0.0008001547174369952 0.0026150133215340414 24.0454235936454 -0.0007907048151479014 0.9999931613915544 -0.003612749094506493 0.10405609535504044 -0.002617886196712741 0.003610667881807864 0.9999900548252009 0.1514029602039719
0.9999727456572348 0.001563700617160335 0.007215454463239967 25.414631319827198 -0.0015379931539030245 0.9999924554874798 -0.003567007874852111 0.11094078654296546 -0.007220977758568752 0.0035558133388300817 0.9999676063111793 0.15783035849945018
0.9999616277492366 0.0015241943361230777 0.008626694658028898 26.799797928290126 -0.0014878962569271931 0.9999900204490222 -0.0042125012869519435 0.09762486946672339 -0.008633029238092274 0.004199504017104885 0.9999539164242444 0.18255690179154205
0.999967128390268 0.0016734509083193509 0.007933580590042056 28.16934297666263 -0.001598781943208085 0.9999544583482393 -0.009408779186353288 0.09365561615394322 -0.007948964411753186 0.009395785839243474 0.9999242637186297 0.2040915493384067
0.999982682804506 0.001633570399653242 0.005653807465075059 29.524340813027965 -0.0015831242142153598 0.9999590027774056 -0.008915519173842824 0.10653349661607928 -0.005668139802891836 0.008906414102553889 0.9999442724367238 0.20017336551836595
0.9999906531997705 0.001979778065151025 0.003843695085340246 30.9289077359417 -0.0019455830555071836 0.9999586807336566 -0.008879838510862341 0.10273045577504854 -0.003861116376185161 0.008872277284757136 0.9999531861422873 0.23604934828598748
0.9999933428777932 0.00274849568690758 0.0023999940740248335 32.307257539195966 -0.002730953651411108 0.999969755717357 -0.007282138609185405 0.12462765712432271 -0.002419936414484526 0.007275535858518934 0.9999706048108221 0.20622207966480702
0.9999934907497168 0.0034542117607717516 0.0010425350391673079 33.680283678241324 -0.0034476214299894153 0.9999744728732219 -0.006258395033687418 0.12408350668376796 -0.0010641262479721108 0.006254760030085225 0.9999798726035912 0.24982155973883644
0.9999915458606881 0.00372981094815559 0.0017311029554411695 35.07638904133392 -0.0037193461370024225 0.9999750257276415 -0.00600952454988048 0.1338031607103545 -0.0017534741128638343 0.0060030351734326635 0.9999804442574074 0.25125087244175354
0.9999921140564022 0.0030286292154777304 0.0025688966664388635 36.469689824783025 -0.0030134948826274727 0.9999782018074962 -0.005874926249639567 0.12724007281097482 -0.0025866336424132416 0.005867138563344208 0.9999794427944398 0.27391770130412113
0.999989669382657 0.0028333957311765883 0.0035542926996340583 37.87701985695214 -0.0028142759861430624 0.9999816059686712 -0.005372855385251738 0.14330936424413956 -0.0035694507473755916 0.005362797119746411 0.9999792494989156 0.2562542088742121
0.9999909550711428 0.0023670729188478112 0.003533658401774848 39.27276521386912 -0.002350356713024943 0.9999860643798861 -0.0047272475445724466 0.13305240440830693 -0.003544798897697196 0.0047188994292085675 0.9999825830428009 0.23296613246369413
0.9999878331522019 0.002657772729769735 0.004155693886836503 40.666685724851284 -0.002648218060961763 0.9999938415700609 -0.0023029900246555185 0.13910807179787765 -0.004161789118371313 0.0022919568209194587 0.9999887131589362 0.26888351951228195
0.9999869620895994 0.0027249158625412707 0.004318620654378404 42.08932720678702 -0.0027344173909645596 0.9999938507915879 0.0021957551192365405 0.15509896308483778 -0.004312610850325283 -0.0022075354026003455 0.9999882640186833 0.28856086578306345
0.9999862522404233 0.0025354637217344313 0.004589853360211688 43.481638223192675 -0.002544193644786443 0.9999949639067638 0.0018971662573475285 0.16528814147018867 -0.0045850200490626224 -0.0019088176513114977 0.9999876669271096 0.28554956278467886
0.9999869644987919 0.002328251707965232 0.004544235521675022 44.907101741461844 -0.002335877653271772 0.9999958714065309 0.0016735726700541703 0.18142552903971582 -0.004540320261946468 -0.0016841656324018922 0.9999882744702768 0.29545948822921414
0.9999924737006343 0.001213855181319726 0.003684982725201448 46.31706077370721 -0.0012198073363139572 0.9999979544566506 0.0016134288260789224 0.16843046820920118 -0.003683016718469315 -0.0016179116518929629 0.9999919088421357 0.31867533704918116
0.9999905816288066 0.00013171371265633828 0.004338122310281044 47.740066129118404 -0.00013681030986659214 0.9999993008413428 0.0011745636485811324 0.16604239011790115 -0.0043379645711063685 -0.0011751460859622084 0.9999899004965283 0.338011404650316
0.9999886961071605 -0.0010803348866303803 0.0046303924708228986 49.14829545055504 0.001073787594854636 0.9999984206281807 0.0014162349188530043 0.1574782359787648 -0.004631915165702018 -0.001411246851890768 0.9999882768033937 0.34541651778436516
0.9999863124821076 -0.0018876333204111693 0.004879722213850523 50.565967742617296 0.001876614295920223 0.9999956814643798 0.0022617186772723973 0.17258635098514097 -0.004883970436132941 -0.002252530363490903 0.9999855363652719 0.3605549729328954
0.99998363112215 -0.0030019578492492364 0.004870907187695221 52.022046593088156 0.0029917294740058674 0.9999933075151097 0.002105820444711764 0.17877949684566774 -0.004877196173435579 -0.0020912135381955556 0.9999859197925856 0.35979689411760307
0.9999749213936046 -0.0037167246046967595 0.006028477591172448 53.42485226898974 0.003696862217350395 0.9999877130652965 0.0033025638803795164 0.20309299602090297 -0.006040678240094714 -0.0032801946056449155 0.9999763749858037 0.3880627969925028
0.999966657311578 -0.00487355540963965 0.00655230667615113 54.88827199704785 0.0048609590200816575 0.9999863094819288 0.0019369889306036553 0.2064309645159179 -0.006561656994559327 -0.0019050738519454872 0.9999766574031138 0.39084247009679024
0.9999580397561734 -0.005330034962925383 0.0074504667159380755 56.28813528376608 0.005345782082105869 0.9999835161128418 -0.002095260491850897 0.20328780208252673 -0.007439176091607451 0.0021350011456831666 0.9999700497660847 0.3842370668238809
0.9999533394319705 -0.005831287234876051 0.007701626324009042 57.71911134302458 0.005845170803336545 0.9999813301168379 -0.001781402829058395 0.22534719743611265 -0.0076910946639681555 0.001826337029117808 0.9999687552898471 0.4157217335902746
0.9999493027882557 -0.005103287016122189 0.008680340714089818 59.14432109284062 0.005114256484019404 0.9999861508292229 -0.0012419864613424053 0.2688904355484701 -0.008673882285186498 0.0012863169848723224 0.999961553838305 0.45485293097775403
0.9999502320800712 -0.005165522791602371 0.008535264336922685 60.55870169580688 0.005186632500139625 0.9999835407973502 -0.002452952853743094 0.25638199604033257 -0.008522453069404558 0.002497100054789046 0.9999605653649529 0.43334970743719076
0.9999394723879101 -0.004637450157683302 0.009977254964323452 62.021872013033786 0.004691757364579784 0.9999742693932195 -0.0054265978595087454 0.27123062038626494 -0.009951832666399952 0.0054730802599556915 0.9999355011294719 0.45060068843517936
0.999947401903381 -0.004416666130753731 0.009256699572077224 63.43488953244669 0.004481461483136768 0.9999655218796006 -0.006990819339192579 0.2712813286564968 -0.009225504303473245 0.0070319351779947635 0.999932718715614 0.4592152825266028
0.9999581479598088 -0.003876015000987001 0.008287269544388569 64.84114292484227 0.003937252913378082 0.9999649726891506 -0.007385894277765984 0.2858116551297233 -0.008258351426605819 0.007418214239179417 0.9999383829662788 0.4677095614347647
0.9999629630785496 -0.003124163374165429 0.00801948092949776 66.29347424851917 0.0031905101870605248 0.9999606817678292 -0.00827378771570342 0.29656060533922746 -0.007993316953137665 0.008299067515678197 0.9999336139776764 0.4655633319042343
0.9999661369676277 -0.0025931712503185203 0.007810274060879642 67.66581402847949 0.0026457857372008866 0.999973827588111 -0.006733792142299876 0.299383347534464 -0.007792607770980922 0.006754228427392478 0.9999468264175242 0.47445751833085165
0.999958085287248 -0.0017452789761660307 0.00898786236855442 69.12518206996194 0.0017837466336299683 0.999989276725074 -0.004273720020106251 0.33446335695026747 -0.008980307155534136 0.004289572957602664 0.9999504755972836 0.48588594028153054
0.9999497071081692 -0.0011428630948387315 0.009963790354738085 70.49473679319249 0.0011545180973274827 0.9999986560223606 -0.001164062470653484 0.3381044907971811 -0.009962446599588845 0.0011755073028680853 0.999949682654248 0.4917665583971838
0.9999407147847446 5.864975062026569e-05 0.010888685686569895 71.92571330549366 -8.193377615007303e-05 0.9999977112577634 0.0021379350063456875 0.3646897193107569 -0.010888535375820099 -0.002138700409544246 0.999938430983592 0.5044025617490062
0.9999401776019938 0.00040301328665403804 0.010930635735572986 73.31461084275338 -0.0004684845160968954 0.999981963217483 0.0059878010961132416 0.3648393617592761 -0.010928025418673876 -0.005992563725086099 0.9999223307039651 0.5145627750648892
0.999946074490919 0.0009614770712958453 0.010340390323532324 74.70489141279688 -0.0010568097428550248 0.9999569554668231 0.009217937225306604 0.37780654600930175 -0.010331082390971202 -0.009228367968587885 0.9999040483772768 0.5151083280047829
0.9999437882078956 0.0018036440746242019 0.01044831529459149 76.15349942605876 -0.001904742401474005 0.9999513898707354 0.00967418482191639 0.3919720655704731 -0.010430358614503555 -0.00969354236781598 0.9998986162884396 0.5090701422025866
0.999938617985957 0.002210431836952988 0.010856990901193474 77.52432772744712 -0.0023241505367084868 0.9999424576035895 0.01047281270606184 0.39933110788500453 -0.010833216725291289 -0.010497403144955295 0.999886216497955 0.5161933304610429
0.9999338048844904 0.0022757943010306733 0.011278590759730795 78.93665541675671 -0.0023905228668671136 0.9999454346634743 0.010169222984004795 0.3938317901902813 -0.011254832279917547 -0.010195511560231896 0.9998846834982403 0.5383120767185768
0.9999509685360591 0.0014608570147452353 0.00979420341730564 80.31546218574181 -0.0015519023798989317 0.9999555991334657 0.009294695295444228 0.3777963700720054 -0.009780190325364627 -0.00930943921051954 0.9999088369540422 0.5264022661927114
0.9999472586115579 0.0016165638305974126 0.010142323038237467 81.70615973365813 -0.0017058463372373771 0.9999598198560485 0.00880049781165331 0.40158945624905595 -0.010127688951784215 -0.008817334905785595 0.9999098381962521 0.5535212506777147
0.9999483949473651 0.0015093309222705916 0.010046360652267468 83.0784306089151 -0.0016092907920231072 0.9999492102843699 0.009949222824512365 0.4251112809181189 -0.010030833730805225 -0.009964876910035867 0.9999000368050962 0.5398703197456963
0.9999563201934233 0.001681126099799441 0.009194102471944396 84.46875784187353 -0.001767496083393905 0.9999543131266166 0.009394020282701228 0.45051193049315386 -0.00917788988946959 -0.009409860493821785 0.9999136066994306 0.5464144177954936
0.9999563493483739 0.0005409169111450324 0.00932774392702127 85.84449577598753 -0.0006285512199154825 0.9999556717946672 0.009394645764467267 0.44065062917561887 -0.009322248722104963 -0.00940009864688224 0.9999123630719804 0.54073834917675
0.9999482694777599 -0.0005452808503211502 0.010156822201231933 87.22245442018534 0.00045005454541139186 0.9999559474975406 0.00937552746260332 0.45005273955432346 -0.010161487063383951 -0.009370471337672803 0.9999044646602847 0.5552071010372631
0.9999364736676606 -0.0021665304526570337 0.011061409262921778 88.60992695667788 0.002073456381004989 0.9999624111591155 0.0084188507222941 0.4332630663731121 -0.011079233173835258 -0.008395380553966086 0.9999033794210488 0.5592175702024089
0.9999287025227791 -0.002977554439600669 0.011563911132083356 89.92968561831755 0.0028900706677831424 0.999967135942302 0.007574597473445596 0.44286028839085556 -0.011586084871375945 -0.007540636903387091 0.9999044461509533 0.5680693912305573
0.9999178224374738 -0.0038999395621947958 0.012212241535104296 91.31843637701235 0.0038242903962021455 0.9999733939842345 0.006211773226419242 0.45326481656794093 -0.012236142156170577 -0.006164559600017729 0.9999061331095394 0.5784024886742358
0.9999233465031664 -0.004126548226148306 0.011673590606412026 92.7023264096615 0.004058788639137016 0.9999748133975823 0.005822268050631048 0.46240908714232276 -0.011697322458223124 -0.005774441116494222 0.9999149106184488 0.5824049011818571
0.9999258993022829 -0.004148816556211103 0.01144479033025668 94.0926642095365 0.004089064022825668 0.999977913845573 0.0052394061183330095 0.487344222064732 -0.011466274893698516 -0.005192219394295782 0.9999207795609728 0.5935210038402385
0.999926914439532 -0.004513322185576869 0.011215868325111143 95.44404302609166 0.004463694850093252 0.9999801547534896 0.004445843842558448 0.5018849192419379 -0.011235711269087631 -0.004395454701887339 0.999927216736419 0.5856187320089494
0.9999341551257266 -0.003987828601346975 0.010760234014457084 96.80635518674873 0.0039420818188558296 0.9999831162521075 0.004269332694662467 0.5156606174562108 -0.010777077708407159 -0.00422663385811293 0.9999329928361682 0.5986872135130947
0.99994016532352 -0.004161123453109102 0.010116858424407987 98.13946712542216 0.004106564073322993 0.9999769460678776 0.005407722651257844 0.5067019555047328 -0.010139127392592635 -0.005365853554581944 0.9999342006908993 0.6041611654483083
0.999940930559288 -0.0037465632668939506 0.010202874884678486 99.48146237961937 0.0036714874956355497 0.9999661223483424 0.007367111726416947 0.5400145717748693 -0.010230130585414532 -0.007329216827688973 0.9999208103689502 0.6010699490900449
0.9999303106634911 -0.003515254907648128 0.011270172995499431 100.86510308810153 0.0034307460986311342 0.9999659216214315 0.007509033027498782 0.5432683232563668 -0.011296185091479163 -0.007469844625934063 0.9999082946068821 0.6014812319979566
0.9999097949340146 -0.0037984946735751765 0.012883067694916431 102.13677544945973 0.0037014304691671343 0.9999646497925637 0.007549740241718721 0.5641125812325172 -0.012911289923896044 -0.007501373437599737 0.9998885077792677 0.6141452185655465
0.9999228502501404 -0.003954524018801456 0.011775197977966619 103.52179398451534 0.0038619671080057883 0.9999615520188417 0.007872718344142873 0.5482185107955442 -0.011805878099161796 -0.007826635538610743 0.9998996774769225 0.6154792851693264
0.999950102598662 -0.0033994691399526927 0.009393397813987 104.83373815650928 0.0033244457774441053 0.9999625459026631 0.007990923109201279 0.5563630090739773 -0.009420210889260415 -0.007959296541205278 0.9999239517210152 0.614279602943132
0.9999614429349417 -0.0035749490158671986 0.008020747035247277 106.1327439975448 0.003523249705642784 0.9999729879039636 0.006450594850956481 0.5717249645991304 -0.008043590925772262 -0.006422087040320177 0.9999470273184802 0.6180141118722169
0.9999518603764853 -0.0028611932451526587 0.00938565409654531 107.51637099309033 0.0028082483769636887 0.9999800989320091 0.005649378813862608 0.5989933588190345 -0.00940163127650653 -0.0056227496070100505 0.9999399952078112 0.6251232099617184
0.9999296255967893 -0.003384184245010797 0.011370626669640449 108.82736136361052 0.0033621870032441293 0.9999924404693898 0.001953126373008838 0.5553598436263848 -0.011377150452540135 -0.0019147587496985365 0.9999334448584619 0.6284046086180783
0.9999195628860489 -0.0022614972380114724 0.012480119711587873 110.17583429241029 0.0022522872376232227 0.999997180860649 0.0007519793571261587 0.5966343825954549 -0.012481785127630473 -0.0007238100557265012 0.9999218375148284 0.6406532821173809
0.9999283188446044 -0.0013988430753636213 0.011891190464104327 111.51364638335477 0.0013904665861672713 0.9999987793538893 0.0007126664046806151 0.6081030380191224 -0.011892172857634166 -0.0006960810169192279 0.9999290433305464 0.6278402163036114
0.9999596059886535 0.000277200800392827 0.008983849438467651 112.86464373554293 -0.0002929044376382166 0.9999984315925375 0.001746716764511221 0.6269256429359858 -0.008983351156845969 -0.0017492776169820172 0.99995811883789 0.6491525274204216
0.9999715374432626 0.0009477571783791985 0.007485055757199101 114.18844485422514 -0.0009848688977680956 0.9999872340663446 0.004955979983395208 0.6091991888014577 -0.007480263137868733 -0.004963210722147068 0.999959705289526 0.6576094513956477
0.9999755985724669 0.002327128136637554 0.006586860729686549 115.4936746187176 -0.0023805807161358856 0.9999642078546186 0.008118857378912934 0.6394809288550002 -0.006567731350365889 -0.008134339820835916 0.9999453472168309 0.6501668889301083
0.9999519018800243 0.004117959658540729 0.00890147935866382 116.868572268703 -0.0041945911994781164 0.9999541580122419 0.008607396743363693 0.6533180078912328 -0.008865626384601803 -0.00864432081074264 0.9999233352545231 0.6657937186018977
0.9999303653231711 0.004148028836828599 0.011048002599483074 118.15262983337095 -0.0042460482751954095 0.9999517034498344 0.00886351182201526 0.6393500948124959 -0.011010702916438008 -0.008909804966615855 0.9998996848668084 0.6658845018345809
0.9999173423768828 0.005061346720657779 0.011819102475434013 119.5407763602767 -0.005166217303961987 0.9999474095485753 0.008859364303495324 0.6374656140555722 -0.011773640589034786 -0.008919692061225556 0.9998909042894695 0.6712682560025781
0.9999150017729891 0.006251534310202071 0.011441483649057354 120.85571585528336 -0.006348025107749556 0.9999444299952915 0.00841662038011057 0.6455153703597061 -0.011388231054674897 -0.008488535807774958 0.9998991213883955 0.6804955838041672
0.9999085603682584 0.007374601311441489 0.011335173477911152 122.17228354731996 -0.007492661434076122 0.9999177588010316 0.010408441716045455 0.6354867348049351 -0.011257483151724602 -0.010492420589134443 0.9998815820802329 0.6813934632096729
0.9999029635682196 0.008710059595607507 0.010871904586255565 123.53214051367576 -0.008840988750265115 0.999888268852789 0.012053494451417008 0.6432802572410609 -0.010765703200876607 -0.012148443209465998 0.9998682488018994 0.6786708820740305
0.9998934285493694 0.010033742280103052 0.010604506572390277 124.87820648774348 -0.01017794054011299 0.999855272006649 0.013632482051030355 0.6523588399207526 -0.01046618699189541 -0.013738961254993505 0.9998508388122123 0.6806760147780645
0.9998870190742013 0.01135134788342524 0.009853729656193064 126.21181031118917 -0.011486256456174848 0.9998395681072887 0.01374423368738054 0.6532369387943533 -0.009696133225717506 -0.013855863317014994 0.999856989800146 0.6845259383433266
0.9998832209319108 0.01215781952844066 0.009259153478664135 127.55163707793555 -0.01227812736993795 0.9998394684335502 0.013049327599664633 0.641014527552927 -0.009099015722327984 -0.013161488777097196 0.9998719833688986 0.6907940652354617
0.9998674247952661 0.012883919883472122 0.00995677868184562 128.85160864579677 -0.013009684903605096 0.9998350798504417 0.01267127456769452 0.6211044617346142 -0.009791880922064634 -0.012799129224180212 0.9998701422480376 0.6874119461488518
0.9998500333047972 0.01361561928129178 0.010701673326305835 130.22145179391603 -0.013755564248141288 0.9998193880427475 0.013113952342498542 0.6095147947603622 -0.010521185893772027 -0.01325919324140731 0.999856738959125 0.7043469606995131
0.9998523962795822 0.013642165289105248 0.010443992541263563 131.54524860120148 -0.01376575404755534 0.9998349739361314 0.011854489007864039 0.568845888983116 -0.010280548111820243 -0.011996508673780363 0.9998751892662205 0.6955776712962989
0.9998401205898779 0.014067747510265275 0.01103774156273456 132.90813582545047 -0.014185025835163175 0.9998429895347817 0.010619854999298304 0.5758916093527764 -0.01088661108307108 -0.010774727752374678 0.9998826865892759 0.7138583158822143
0.9998342118497071 0.01405516472142104 0.011575886986706146 134.24272132338885 -0.014162367525874534 0.9998570926574508 0.00923155505057723 0.5762091445970206 -0.011444481680588496 -0.009393966534084789 0.9998903826079233 0.7052953046382268
0.9998426254806306 0.013307154539625467 0.011732174140285807 135.57071512145126 -0.013398159371759252 0.9998804947575104 0.007712686232776962 0.5416316624943004 -0.011628138176355036 -0.007868661991396813 0.9999014304225277 0.7173841843082164
0.9998625196460134 0.012290102634850421 0.011130821369090988 136.91301874034144 -0.012387869877812062 0.999884916520571 0.008757533587785632 0.5341634698574106 -0.011021909408816895 -0.008894216765721403 0.9998997001805272 0.7222689914150547
0.9998490370538052 0.01187680514419516 0.012682452528804513 138.25733865399113 -0.011969520308119824 0.999902008159174 0.00725979771377086 0.5624914272318783 -0.012594986549102294 -0.007410504626419502 0.999893219666485 0.7446645577088438
0.9998683597925234 0.010211865791917954 0.012608762146092007 139.61186740183675 -0.01029727392477636 0.9999243507613416 0.006727473837012646 0.5039399057470337 -0.012539108242893017 -0.006856424108631609 0.9998978748916889 0.7440198273266423
0.9998759147432031 0.00923035810159004 0.012765406603750144 140.96896272060036 -0.009298779232848537 0.9999426615686987 0.005310958452625471 0.5261989668376981 -0.012715652606980163 -0.005429002138807859 0.9999044144889827 0.745644435740448
0.9998958364627986 0.007567312611896487 0.012290321565944026 142.3036413361601 -0.007639831700833966 0.9999536203392264 0.005864310876577693 0.5000490017416763 -0.012245374471342592 -0.005957596017526483 0.9999072746278769 0.7464634258748387
0.9999078771377664 0.006619264946361237 0.011850002928914348 143.64513389349904 -0.006686833373884631 0.9999615596393087 0.005671463933715616 0.4883730969452939 -0.01181200648811657 -0.0057501804572906825 0.999913702240065 0.7458987390633873
0.9999287572922704 0.006802767983859868 0.009808296880383824 144.97414718584324 -0.0068353608384502254 0.9999712155827798 0.0032933035247351707 0.49189296150305045 -0.009785610974494997 -0.0033601121492627616 0.9999464742995999 0.7485479359280506
0.99994888828382 0.005080479059927333 0.008741255772140747 146.2987888173322 -0.0050877605985903615 0.9999867284195553 0.0008109727776708357 0.4904327625635117 -0.008737019631646449 -0.000855404744160092 0.9999614656428917 0.7777025445727122
0.9999192205054322 0.004698233016358986 0.011810125754313788 147.71539341731244 -0.004593617831421451 0.999950112604558 -0.008869666135228719 0.49484347759250413 -0.011851208336180677 0.008814698443824985 0.999890919026829 0.7643533241079588
0.9999091667170696 0.003111715923140866 0.013113944455773541 149.01873196644485 -0.0029112074215016524 0.9998789980391708 -0.015281169835222942 0.47404200810858155 -0.013159908302280669 0.015241604383974984 0.9997972345977348 0.7794313675275435
0.9999320947424981 0.002383376823042204 0.011407252903269974 150.2828417907926 -0.002170211553486494 0.9998234784097215 -0.01866285622562289 0.4692059662845882 -0.0114497198958267 0.018636832767520952 0.9997607575708813 0.7901255957692078
0.9999711380696135 0.0018872855404180136 0.007359428038307336 151.72415140260847 -0.0017616847186931147 0.9998533256738306 -0.01703595039710706 0.4713677689873035 -0.0073905003020105645 0.01702249371477922 0.9998277927788446 0.795043118476026
0.9999819567771808 0.0031911356792255125 0.005089476707618795 153.03892511878126 -0.0031181661234804267 0.9998931536090558 -0.014281400693335356 0.47997631679775704 -0.00513450680270261 0.014265273176984535 0.9998850628052601 0.794340298679198
0.9999781192094583 0.003905092137418083 0.005339602767320718 154.40950894594468 -0.0038316278551399413 0.9998988081678405 -0.013700074908988743 0.47639013443555656 -0.00539256249794282 0.013679315769820606 0.9998918924512666 0.8136152309571352
0.999967233549317 0.003762985292758898 0.00716741023048836 155.73042756913333 -0.0036554696108228074 0.9998814839316605 -0.014955120612846018 0.4494620705735699 -0.007222836676125242 0.01492843033633815 0.9998624768427121 0.7948642816118585
0.9999374973964467 0.00460388195827401 0.010188501923522856 157.05729609043004 -0.004348228082064423 0.9996786480674384 -0.024973856542493938 0.46052583605688907 -0.010300204516304335 0.024927993681261234 0.9996361842780349 0.7997743137891002
0.999926582189826 0.00467263526614783 0.011180192746226544 158.42089178683403 -0.004368871126941149 0.9996247590445094 -0.027041709825429083 0.44284602278497487 -0.011302353527005118 0.026990879661027714 0.9995717829250056 0.8082946796439533
0.9999272976807319 0.00407584108285368 0.011348430392622889 159.7574633802005 -0.003757525279907633 0.9996027985114551 -0.027930739550508232 0.4188848850312582 -0.011457764034912736 0.027886066906876488 0.9995454401455621 0.819394501577837
0.9999219369226621 0.005307020342935229 0.01131174592676074 161.12230238820112 -0.00499919065167367 0.999621040188867 -0.027069985307641754 0.4278127695194586 -0.01145112019237136 0.027011322566793977 0.9995695375007847 0.8123924734218322
0.999922334294521 0.00635165318923607 0.010722960447552263 162.45670445898878 -0.006073189029548426 0.9996485532510078 -0.025804773941622765 0.42526255853839356 -0.010883094872667224 0.02573764722989551 0.999609489631357 0.8113035126076341
0.9999167582526718 0.008137304496895112 0.010013033555957394 163.79382140600174 -0.007884484077170819 0.9996554898526858 -0.025034706273959394 0.466518517466291 -0.01021329899223351 0.02495367473762918 0.9996364352307212 0.8015191129462742
0.9999204358705278 0.008719633320102295 0.009115367423027322 165.15031741287524 -0.008499130568882683 0.999676901172756 -0.02395533429549383 0.4713560018484917 -0.009321303989620222 0.023875955612262745 0.999671472052461 0.7896795888225162
0.9999074050667794 0.009055630301943257 0.01015760072330498 166.50485819877233 -0.008804732042608275 0.9996615681623505 -0.02447908970627741 0.4659877367067396 -0.010375836654334235 0.024387388114036252 0.999648736964489 0.7895535470809302
0.9999113739504658 0.008549039625373563 0.010205790805984636 167.82436287049933 -0.008288712502667732 0.9996459658113237 -0.025283201581167564 0.436715904189187 -0.010418324699290549 0.02519636796503867 0.9996282316700696 0.784739383040741
0.9999291282463039 0.008622545067767978 0.008209153497230514 169.20957394262857 -0.008429884903347663 0.9996948107290522 -0.023221163664223842 0.45296109716652116 -0.008406873681880384 0.023150315720496528 0.9996966476671502 0.7806962502352907
0.9999562396110028 0.007039998014628374 0.0061609488698453245 170.64183589265068 -0.006915889214744759 0.9997772775498804 -0.01993905141471219 0.4199055332655268 -0.006299947570591119 0.01989557043422449 0.9997822147536455 0.7981646336722004
0.999964402001307 0.0072176498125465045 0.004370384577094948 171.94299382486483 -0.007154482556040373 0.999872144913643 -0.014300601565886986 0.4366429385460087 -0.004473042535408756 0.014268824652871123 0.9998881900160147 0.7993182953313922
0.999956460094243 0.007637365964789699 0.005361768076900228 173.29661619281563 -0.00756952397898964 0.9998924536149226 -0.012561190654601954 0.44584720447812626 -0.005457125848108625 0.012520057709516778 0.9999067296165319 0.7954803773781797
0.9999360359720539 0.00843639652925382 0.007533337779264832 174.71003181049022 -0.00838979540142615 0.9999456070614821 -0.0061963095118265 0.43823016463500547 -0.0075852025429459236 0.006132710008253857 0.9999524261535332 0.8246389624305277
0.9999064243175417 0.008538457724109104 0.010688187320683613 176.066647840758 -0.00847612150461122 0.9999468828536558 -0.005864028947406604 0.44579722895699114 -0.01073768935793393 0.005772885842501736 0.9999256851468022 0.8296452097925223
0.999904695007937 0.0074985910413130335 0.011591895163414691 177.48709504500138 -0.00741042221305888 0.9999434296639595 -0.007630407230430768 0.4341738155535338 -0.01164845670930963 0.007543779177119817 0.9999036977889512 0.8373910391478876
0.9999171772818273 0.006244448202017544 0.01125368576934538 178.88497653659985 -0.006144567615596993 0.9999416204394995 -0.008888194509867447 0.4327953123517672 -0.01130853065434248 0.008818309332304066 0.9998971719906801 0.8298912838510539
0.9999633811269412 0.004422285451321279 0.007326649750246804 180.22545625560264 -0.0043274058961712365 0.9999072266916387 -0.012915555274387579 0.4353044840038878 -0.007383086304895929 0.012883376933980104 0.9998897482399705 0.8118587909168239
0.9999902814480748 0.002353828747840451 0.0037278009101741785 181.64410817074918 -0.0023147112718994605 0.9999425798832721 -0.010463223600478503 0.436293419774104 -0.0037522154959166677 0.01045449313031046 0.9999383103233221 0.8320285982980725
0.9999929866914857 0.0008619601360035306 0.0036446663174933267 183.0332470925772 -0.0008368829708961586 0.9999760067668607 -0.0068764465748332865 0.4224033605854373 -0.00365050609298952 0.006873348189016267 0.9999697149863778 0.851966914479116
0.9999871146877375 0.001258436179721488 0.004918007409024028 184.36408145079577 -0.0012414034609125502 0.9999932268197089 -0.003464856729125401 0.4594092191118813 -0.004922334399538656 0.0034587068519461458 0.9999819038217499 0.8565189453851165
0.9999740260310516 0.0016679288636410176 0.007011795530077836 185.8144277925149 -0.0016629837136647738 0.9999983644574569 -0.0007110327552454721 0.45799700160043827 -0.007012970014043412 0.0006993537851326991 0.9999751642695258 0.8558279869951457
0.9999547061632025 0.0021786181115051673 0.009264947122765972 187.17819613429444 -0.0022036892629332065 0.9999939358309508 0.002696674796269559 0.48120852183230733 -0.009259015914008396 -0.002716969718017524 0.999953443266163 0.8715808869866787
0.9999509477309975 0.002331534482324843 0.009626322186468127 188.6365064829195 -0.0023307676713335856 0.9999972796281438 -9.087559883418703e-05 0.4755201074696357 -0.009626507878884454 6.843442063380611e-05 0.9999536617577776 0.8574037807738216
0.9999460974064163 0.002309428260514719 0.010122688515771583 190.0504171169079 -0.0023058556495230255 0.9999972750489892 -0.00036458787672953097 0.48275827774689517 -0.010123502921487238 0.00034122676599493233 0.9999486978104891 0.8710746252294044
0.9999356294305407 0.0025741665491963036 0.011050369311722453 191.4116144737564 -0.002527313786211341 0.9999877673666371 -0.004251799867641571 0.4860858774671199 -0.0110611789775993 0.004223598426158621 0.9999299033112071 0.8722149476626764
0.9999334375335218 0.0030763024879633862 0.011120110853625376 192.86100306046407 -0.003006678475970491 0.9999758081830281 -0.006272394538106973 0.4969681636106147 -0.011139137620861966 0.006238542434101791 0.9999184967792931 0.868462061162324
0.9999281399383265 0.0029479745208461057 0.011620000245386116 194.21640288161836 -0.002856397651818218 0.9999647961704351 -0.00788970292690996 0.4704337225426708 -0.011642849820083508 0.007855944630956001 0.9999013592260101 0.8735053469443771
0.9999164856450095 0.003448227448453977 0.012455178151967216 195.66354430609545 -0.003316492667823546 0.999938510010899 -0.010581922016697535 0.46668664194503473 -0.012490901157153778 0.010539730767288315 0.9998664368122551 0.8688281791171455
0.9999088144507966 0.0038796993421797267 0.012934864383385366 197.084738794277 -0.003703829608098532 0.9999007523271333 -0.013592907778211604 0.45702736911653397 -0.012986317023561907 0.013543759767770657 0.9998239455731776 0.8706957463085204
0.9999343066357043 0.003956697363340705 0.010757646533905724 198.50701471940397 -0.0038449061391902205 0.9999386024686082 -0.010392689252916447 0.4643245353627456 -0.01079810676712999 0.010350644380993888 0.999888126267706 0.9037837529376073
0.9999792825950997 0.004292220421447459 0.004797001609691278 199.95356483223287 -0.004264971251614708 0.9999747943589395 -0.005676325133340185 0.4898545491131534 -0.004821244736846636 0.005655748460654769 0.9999723836729378 0.8845924698818114
0.9999707912905045 0.005889611184166818 0.004871246856987492 201.39549702511837 -0.005912329024649414 0.99997165240746 0.004662482922038865 0.493307675650866 -0.004843648557302802 -0.004691147151108467 0.9999772658451092 0.8948323534049727
0.9999512136997878 0.005976687720723018 0.007864440489326316 202.8210428017007 -0.006064010286621003 0.9999197070421172 0.011126870541630416 0.48858915151703125 -0.0077973071996010985 -0.011174017750809546 0.9999071673549198 0.8918195219114395
0.9999251007503178 0.007025592704529498 0.01002167334415164 204.26011403759276 -0.007146828434796447 0.999901090755218 0.012113279896412588 0.4649590812927517 -0.009935579137141558 -0.01218399580085738 0.999876409619476 0.8847644425123427
0.9999210690305698 0.007125459141782862 0.010348117740990134 205.71560953898387 -0.007222902798266351 0.9999296391203013 0.009409914128757925 0.4904684782685993 -0.010280339679670505 -0.009483914843701674 0.9999021802032978 0.874983020697244
0.9999206203819065 0.006346288327741627 0.01088473975455132 207.16139589171152 -0.006418640706451019 0.9999574534063868 0.006625136111473463 0.5058402979204384 -0.010842231621978452 -0.006694475444366806 0.9999188117102209 0.8956540300782138
0.9999330918064628 0.004862862411595149 0.010495926806793137 208.60380823719638 -0.004927743170924569 0.9999688574506136 0.006164533733845658 0.4750912693137488 -0.010465622657494872 -0.006215842507674227 0.9999259142778082 0.9000342145600435
0.9999404984564636 0.004619902897042284 0.009882107258127243 210.1138001903713 -0.004675849182633975 0.9999731304422739 0.005645779653896961 0.5005937442357475 -0.009855758776496715 -0.005691650964438703 0.9999352324667026 0.8898365115753177
0.9999407327898883 0.004750045034319827 0.009796324810513611 211.57180812544829 -0.004821529776707902 0.999961829621267 0.007286436104189968 0.5067593020768312 -0.009761339981450807 -0.007333237529226609 0.9999254671569808 0.901118948826754
0.9999380053705843 0.004148078953232967 0.010333385529186034 213.0218111465718 -0.00423065668794147 0.9999591909558325 0.007982353471588552 0.4953722284523915 -0.010299852401166813 -0.008025575615141348 0.9999147479543242 0.8875183257506619
0.9999398715554512 0.003492279221199143 0.010395059379760744 214.45722640732123 -0.0035776286055187838 0.9999599521552724 0.008203332200145276 0.49505628808994967 -0.010365994753449612 -0.008240028608333063 0.9999123201967786 0.9059972911372187
0.9999462202614854 0.003274167452202891 0.00984054938831704 215.9076684009389 -0.003360756441019257 0.9999556705161876 0.008795585180395141 0.5024298058541345 -0.0098113149431215 -0.008828183845864012 0.9999128968410551 0.9152524822092188
0.9999519335760073 0.00310441039930481 0.00930017062623037 217.391287332499 -0.0031803263847193525 0.9999616555763469 0.008159221843911558 0.5084205091532977 -0.009274484443405355 -0.00818840723731995 0.9999234640337353 0.9118454125767154
0.9999545164108518 0.0023797021396484543 0.009235915074654356 218.88523968773387 -0.0024619786735947035 0.9999572992873106 0.008907202874014962 0.4930930425287794 -0.009214324204760753 -0.00892953636840391 0.9999176764162612 0.9240993908306839
0.9999580761474974 0.00250233237578395 0.008808193916850565 220.34219867673835 -0.0025862083385796673 0.9999513011154371 0.009524018268241187 0.5069617350034401 -0.008783932708371625 -0.009546398809259664 0.9999158508574356 0.9179521901658929
0.9999552148954683 0.002536783113878358 0.009117726404694012 221.81945336807846 -0.0026128254777140693 0.9999618260152944 0.008337844756366222 0.5262560810054284 -0.0090962270409616 -0.00836129437296625 0.99992367079194 0.9299015886335735
0.9999618661895215 0.001836116908969 0.008537847589764365 223.3243325701281 -0.0019223651085549067 0.999947098805834 0.010104657450166626 0.5150592204136539 -0.008518842595027668 -0.010120684981383193 0.9999124966997606 0.9335458781773477
0.9999622052415681 0.0012302497791871606 0.008606658695502499 224.8173033793308 -0.0013112417975415988 0.9999548550393759 0.009411085385274983 0.5015474004629827 -0.008594692162517441 -0.009422015106194984 0.9999186751421189 0.9332379381267624
