1.0 -2.1684043449710093e-19 -2.5135375298442207e-37 0.0 2.1684043449710093e-19 1.0 2.3183291766350204e-18 -8.673617379884035e-19 -2.51353752984422e-37 -2.3183291766350204e-18 1.0 0.0
0.9999996051917989 -0.0005752605321510217 0.000677267721610383 1.3273296131564947 0.0005753941083097035 0.9999998150465057 -0.00019704967556571635 -0.005147294397329037 -0.0006771542414461252 0.00019743929362565135 0.9999997512398984 0.014190926913472833
0.9999991949433092 -0.0005967494779263065 0.0011198226618697432 2.628292109638085 0.0005974884623972986 0.9999996039058764 -0.0006596935863360372 0.0026109771196390695 -0.0011194285465113297 0.0006603621363656997 0.9999991554004325 0.02238872817330788
0.9999988872748349 -0.001117982926636402 0.0009877060635002097 3.952068913162743 0.0011192782555432775 0.999998513100449 -0.0013118738802854152 0.0010290909243763538 -0.0009862379422804482 0.0013129779384500793 0.9999986517109183 0.04942137746404745
0.9999992821443365 -0.0005474306212199864 0.0010658473279201277 5.267740877157508 0.0005495005897131223 0.9999979618565761 -0.0019427639577488751 0.012071868060146682 -0.0010647816270901312 0.0019433482468600017 0.999997544815825 0.054373423007450884
0.9999984227272785 -0.0009066756234279397 0.0015272466301206708 6.589238739993435 0.0009101348451881187 0.9999970188182309 -0.002265835213452324 0.00541542470836749 -0.001525187699566118 0.002267221639987519 0.9999962667472896 0.06502565319406606
0.9999967102503768 -0.0006760305557410519 0.002474362768808948 7.92429047642065 0.0006848693568307137 0.9999933821118684 -0.003573050017964958 0.011495240015391416 -0.002471930902763611 0.0035747328787630477 0.9999905553766284 0.09339318125345765
0.9999957501914396 -0.0004940095026026021 0.0028732479306749947 9.23996116783227 0.0005043316540459898 0.9999934183791634 -0.00359288852292595 0.028083378439690235 -0.002871454098974428 0.0035943223237189107 0.9999894177432033 0.10374599477524664
0.9999967710920995 -0.001050772799946953 0.0023138024760362193 10.571777577076865 0.0010581512604536342 0.9999943521629684 -0.003189977754666479 0.023908076781415367 -0.002310437466199872 0.003192415807528563 0.9999922351498669 0.11967969255779266
0.9999995872641368 -0.0009084353337945112 -1.4724136773324488e-05 11.892859175313017 0.0009084254017602859 0.9999993688767297 -0.0006610668889360453 0.042682065634874936 1.5324664000490253e-05 0.0006610532403101685 0.9999997813868602 0.1271993531067222
0.9999992906587156 -0.0009340600094961055 -0.0007390628960228111 13.230849534657908 0.0009355724504711779 0.9999974636847216 0.0020487382247571183 0.04035277485823076 0.0007371473770806247 -0.002049428218387199 0.9999976282260484 0.14481480017451084
0.9999994118431507 -0.0007583566762018895 -0.0007753763630937784 14.571397515910515 0.0007628831606788417 0.999982572694851 0.005854256218350656 0.06544860567825117 0.0007709232360859109 -0.005854844296700356 0.9999825630857898 0.15853183525748013
0.9999999311385702 -0.0003683740130843195 4.498267905040197e-05 15.921907774167018 0.0003681019745967298 0.9999824983760678 0.005904866001356052 0.08356940574770096 -4.715709096611445e-05 -0.005904849036525556 0.9999825651150448 0.17749313634226052
0.9999956490329759 -0.00018187752289538616 0.002944288655026634 17.264332554541774 0.000169140866762547 0.99999063043078 0.004325556844907025 0.0710074450507958 -0.0029450477898743713 -0.00432504002501672 0.9999863102674443 0.19611911832655723
0.9999871383518112 -6.860453690939706e-05 0.00507133358920913 18.630105867856077 6.944594584306229e-05 0.9999999838539516 -0.00016573882140632267 0.08055141777584456 -0.005071322136892043 0.00016608887328969886 0.9999871269702776 0.21620745490234897
0.9999941863052064 -0.0003990678101602103 0.003386458425974027 19.966107793563296 0.0004060366336693148 0.9999978010924901 -0.002057412072685395 0.06911912671011312 -0.003385629932534718 0.0020587751376988828 0.9999921494466305 0.2406822703190863
0.9999995781150841 -0.0002491052254052581 0.0008841471825797383 21.321684503130996 0.0002517384447500832 0.9999955298965914 -0.002979398360580251 0.0753828605236007 -0.0008834010466502192 0.002979619677453697 0.9999951707229233 0.23118856066333168
0.9999999806034399 4.748789669790651e-05 -0.00019114920784131823 22.674251956683484 -4.764976195837087e-05 0.999999640257483 -0.0008468851190466476 0.08692210981123831 0.0001911089222837728 0.0008468942108342415 0.9999996231237167 0.279663608018173
0.9999991276723311 0.0007927548289436133 0.0010565009977036145 24.040783997246745 -0.0007941296154895817 0.9999988377529822 0.0013014802491020281 0.09566000513849797 -0.00105546801503623 -0.001302318112515867 0.9999985949764145 0.2582577573356817
0.9999822746909584 0.0016209671330970734 0.005729115939668353 25.430249274441437 -0.0016314682947453502 0.9999969969908844 0.001828748319630713 0.10691347692216918 -0.0057261343941601315 -0.0018380627755140771 0.9999819162915564 0.2761796420056776
0.9999768196765362 0.0017222377285344035 0.006587412755166199 26.803970505378444 -0.001724440536544941 0.9999984591191008 0.0003287312887183664 0.09798259232728414 -0.006586836451319728 -0.00034008327020672297 0.9999782487279075 0.2946092384774968
0.9999805362132312 0.0017090191270332329 0.006000537336115062 28.172912599984887 -0.0016847159079803426 0.9999903678403574 -0.0040528951153515555 0.09540228905893276 -0.0060074060132534945 0.0040427070299586506 0.9999737834527773 0.3129574913504184
0.9999919454605607 0.0015810822692439118 0.003689063954568024 29.533357119393546 -0.0015660360708807449 0.9999904589829568 -0.00407792521757655 0.10370793852876857 -0.0036954762924027726 0.004072115164546415 0.9999848805522307 0.3115500020389233
0.9999955872394886 0.0023502708098186846 0.0018170659512301486 30.92165467068288 -0.00234265123222107 0.9999885023339855 -0.00418415882070889 0.10438642752763246 -0.0018268789655526724 0.004179883605228396 0.9999895954890191 0.3479865804906979
0.9999959012952842 0.002775185392351184 0.0007040871183915772 32.30570024160727 -0.002773861731790222 0.9999943968366886 -0.0018740294342608863 0.11498255941450024 -0.0007092839523872642 0.0018720687128540537 0.9999979961354969 0.33426990063389406
0.9999933247660326 0.0033732060904615993 -0.0014042450097419305 33.685117472739876 -0.003373416637701398 0.9999942991217454 -0.00014759470767858375 0.11595377765400507 0.001403739136945229 0.00015233082592865023 0.9999990031553806 0.3720523476107829
0.999993104733032 0.00355191552082758 -0.0010836893115543568 35.08033973803317 -0.0035518872503618594 0.9999936916362829 2.8010704940739952e-05 0.12769638872176364 0.0010837819669056515 -2.4161369550388085e-05 0.9999994124162657 0.3602835245352755
0.9999952495341884 0.0030125003222334326 0.000652495873390398 36.47195833560368 -0.00301260968599103 0.999995448188237 0.00016669039164600774 0.12104777280549844 -0.0006519907484934595 -0.0001686553151772462 0.9999997732316985 0.3996530112914625
0.9999942083702575 0.002791386705699119 0.0019471482226856556 37.87553843835089 -0.0027942997644439436 0.9999949784918039 0.001494951505235729 0.13506572336352657 -0.0019429654573075166 -0.0015003837628501154 0.9999969868623584 0.40493373723560655
0.9999941107073367 0.002391806171022186 0.0024612626602845116 39.26715238259899 -0.0023999428901022293 0.9999916477222489 0.0033082865452949226 0.12857142243078643 -0.0024533293229606085 -0.0033141739516494677 0.9999914986769893 0.41240391606746113
0.9999919005841948 0.002957596109992064 0.002729723659995657 40.668220087011626 -0.0029736040451841814 0.9999782972982064 0.005878997496377501 0.14779181285265675 -0.002712276717491146 -0.005887066997249858 0.9999789927779371 0.4388512596487839
0.9999907144151879 0.0028483050348201543 0.0032339205046895375 42.09487343254851 -0.0028768169749883114 0.9999567318654842 0.008846373324282444 0.15206161410229152 -0.003208583409302675 -0.008855594577936316 0.9999556407347162 0.458251672714965
0.9999916323178428 0.0024804584140364827 0.0032530939661250067 43.4829550489551 -0.0025108969267593866 0.9999527950499972 0.009386323472014992 0.15174138889324354 -0.0032296580189539537 -0.009394413113885555 0.9999506559382448 0.4603127231602165
0.9999928696906003 0.002102924468205998 0.0031366027225736975 44.910330538015664 -0.0021298306843063283 0.9999607544946033 0.0085996099818516 0.15852188458164143 -0.003118395294766757 -0.008606229096694729 0.9999581033380953 0.47360908970429816
0.999995609945754 0.0012547913756674417 0.0026843226004280613 46.30633039538417 -0.0012770139304203781 0.9999647969693892 0.008293012564200395 0.14984305283090701 -0.002673822103493528 -0.008296404074779865 0.9999620094557528 0.4953338488109017
0.9999941760123482 0.0004378676390749196 0.003384702840019683 47.73791345812573 -0.0004650873229428777 0.9999675273131878 0.008045372143713163 0.16464721974024543 -0.0033810701215183604 -0.008046899469947967 0.9999619071613447 0.5168678043864591
0.9999905744948495 -0.0006556613790916518 0.004291972695246898 49.135606922317024 0.0006198012643168911 0.9999649363404011 0.008351163759046074 0.16622736172186536 -0.00429729773852458 -0.008348424875006123 0.999955917545495 0.5285050425326256
0.9999893469249905 -0.001592000013657991 0.004332617279139272 50.564553624792595 0.0015527130201816019 0.9999577877672313 0.009056034780277706 0.17607004447858743 -0.004346851597184077 -0.00904921099439912 0.9999496070610614 0.5449573645210453
0.9999859441176292 -0.0027826513751583195 0.004513138431071032 52.01507541090197 0.0027417839015858943 0.999955413218988 0.009036271082705535 0.18173574006754514 -0.004538081996910722 -0.009023770019646188 0.9999489873920678 0.5489751866670651
0.9999750148852244 -0.0037519928149491936 0.00599100619360062 53.42239238659733 0.0036904452236615815 0.9999406414322354 0.010251547499807803 0.19823342424539556 -0.006029114308614888 -0.010229181883524792 0.9999295043245036 0.5819446011758341
0.9999664427728213 -0.004624663885542645 0.006762086380370335 54.8755770061084 0.004568648098042072 0.9999553173392403 0.00827591563125049 0.20663752620174564 -0.0068000575604982155 -0.008244744321389066 0.9999428900733526 0.5843654748978132
0.9999586418404713 -0.005230100035880899 0.007440474593374885 56.2768246600071 0.005189725479864495 0.9999717615197528 0.0054353392282483065 0.2062224686239743 -0.007468691853572738 -0.0053965004120418904 0.9999575473115342 0.5805785455910346
0.9999593854998883 -0.0054389085518814035 0.00718648902109238 57.70247457461584 0.005410030428771084 0.9999772380662768 0.004031739091335189 0.23056725910290782 -0.0072082537029283964 -0.003992696219987274 0.9999660491513945 0.5977949394576615
0.9999575560017707 -0.005374819840029558 0.007483148177934748 59.15215100110847 0.005352546985346884 0.9999811951578904 0.002993254310402501 0.2462367124114274 -0.007499095661168585 -0.0029530733625011416 0.9999675209335454 0.6136388828547195
0.9999536251584363 -0.005202706116398537 0.008104281681174616 60.557772716381265 0.00518058025544486 0.9999828028351685 0.002748749195048919 0.24558661824992792 -0.008118443244756232 -0.0027066368405784438 0.9999633818277022 0.6320652631501718
0.9999487117804289 -0.004656911260277693 0.008993719262611437 62.011631408188 0.004649255179225962 0.9999888119674537 0.0008719897929283781 0.25934155285690574 -0.00899767941967315 -0.0008301309742622141 0.9999591754904928 0.6359643866415601
0.9999532784353913 -0.004245723024957233 0.008684168486857607 63.41105374545562 0.004260952650624297 0.999989415283099 -0.001735973581302313 0.26677378665150453 -0.0086767061043878 0.0017728953046330191 0.9999607850378018 0.6431169962964887
0.999960855330172 -0.0038029949809432503 0.007989057298936404 64.82678600999702 0.0038187545097983742 0.9999907910216761 -0.0019583119864607537 0.27815235426795715 -0.007981536277225278 0.0019887435775739746 0.9999661694165648 0.662128228572083
0.9999636070473538 -0.0030206709574321566 0.007978729711695267 66.28250460694971 0.003038769880124092 0.9999928353279366 -0.0022572484156227926 0.2858218583177472 -0.00797185414198062 0.0022814117912176427 0.9999656217599572 0.6712495419054014
0.9999663312016278 -0.002459030372290232 0.007828769557504764 67.6435697151422 0.0024642473836788766 0.9999967480352852 -0.0006568132811391984 0.2976205806106786 -0.007827128974815158 0.0006760831919247737 0.9999691390055641 0.6812981745400528
0.9999549343654236 -0.0018423700118036252 0.009313157948887986 69.12326990151918 0.001820865040913976 0.9999956578612259 0.002317047517110791 0.3161092088011352 -0.009317386368725197 -0.002299985094164449 0.9999539471294778 0.6922309101641952
0.9999454326853016 -0.0010099306911130733 0.010397677231201479 70.47798859801105 0.0009531669542018141 0.9999846246368815 0.005462779749583142 0.32966489503521984 -0.010403034392066357 -0.005452570938024181 0.9999310207937362 0.6991049777309575
0.999933483780127 -0.00014492450462292813 0.01153286660923582 71.93261335085984 3.387601047498429e-05 0.9999536444932253 0.009628484674774802 0.35064274473282653 -0.011533727400731345 -0.00962745353686107 0.9998871362662095 0.715340595647041
0.9999408817505387 0.00018530736953319355 0.010871920949580957 73.30319883820479 -0.00032887382891631084 0.9999127567494406 0.013204951031295195 0.3562200432099879 -0.010868525473117065 -0.013207745867976366 0.9998537046003916 0.7079091482372873
0.9999429884753565 0.0008778401476046402 0.010641860535096073 74.69050338855577 -0.0010611679649855594 0.9998509263715236 0.01723365766620643 0.36888274844867597 -0.010625145717742897 -0.017243967950595383 0.9997948548816381 0.7214935350416428
0.9999416711171483 0.001724115364882023 0.010662166273954124 76.14493679193868 -0.0019204304869911686 0.9998283167667082 0.018429566956263837 0.38358671113680354 -0.010628561059216902 -0.01844896792938171 0.9997733089416576 0.7213234198506929
0.9999361987945738 0.0020638119268584585 0.011105810217586448 77.50991064272526 -0.0022708238988592136 0.9998233127710343 0.018659758797336678 0.3876770667783129 -0.011065337729995439 -0.018683787621490738 0.9997642093919126 0.7274430031635246
0.9999331825282981 0.0020778296694557905 0.011371591915553123 78.91497148038434 -0.0022834592492399857 0.9998335788563488 0.01809973494729638 0.38517782953639973 -0.011332091275938623 -0.018124492135506882 0.999771517143864 0.7470008273512418
0.999945679552488 0.0017526922227534395 0.010274532314673995 80.28141886910726 -0.0019293045937453827 0.9998501268001799 0.017204700562602378 0.3854141294209542 -0.010242837892768463 -0.01722358869796179 0.9997991959710039 0.7437951062471317
0.999943459788307 0.0016027857248779153 0.010512293018678464 81.67160828024677 -0.0017801130378714248 0.9998559218246844 0.01688095938277812 0.39244052023353065 -0.010483721865960988 -0.01689871799962151 0.9998022428989678 0.7622495620482813
0.9999396665599732 0.0011507638595129846 0.010924238301556788 83.08257364508992 -0.00132639379435663 0.99986977269339 0.016083480144893206 0.39856448731165445 -0.01090430737974007 -0.016096999615099722 0.9998109734764666 0.7612250316295844
0.9999477976983218 0.000972295365193105 0.010171357824752467 84.44053020905518 -0.0011372402184595756 0.9998677451296851 0.016223406977716175 0.4140125499983172 -0.010154238669730352 -0.016234127355725523 0.9998166554654089 0.7632122553487015
0.9999445213129496 0.00010356138522584111 0.010532975422712953 85.84125315807604 -0.00027438211323838865 0.9998684491269704 0.016217556994906207 0.41502545124800505 -0.010529910287933125 -0.016219547326192137 0.9998130061535815 0.7641965415994674
0.9999366186007203 -0.0010186245137720335 0.011212545895456469 87.20492558841401 0.0008381686179787649 0.9998702436424756 0.016087055408139584 0.4232791335409407 -0.011227477665335637 -0.016076637783960308 0.9998077242464362 0.774825669744915
0.9999173423677526 -0.002091728707038366 0.012685941164394449 88.59194828200259 0.001905387953878997 0.9998903820110675 0.01468310112021417 0.42985717863206185 -0.012715263621157795 -0.014657715810363271 0.9998117189942649 0.7870344023285661
0.9999077001786896 -0.0031719817936546233 0.013210967219117908 89.96770224633755 0.003009566867867699 0.9999198754914933 0.012295735209589573 0.42850642389040455 -0.013248910545086994 -0.012254841026191704 0.9998371293569724 0.7947163703145983
0.9998979136694971 -0.004144591629515438 0.01367423122560664 91.33792507876481 0.003991752894940055 0.9999294720953257 0.011185559618950765 0.4374523463773402 -0.013719626387498414 -0.011129833574133751 0.9998439371503933 0.8028586039537121
0.9999020681934758 -0.004447193910872101 0.013269381625716663 92.71623017083157 0.004309951498768542 0.9999371124837403 0.010353520935310783 0.45163827517373195 -0.013314591262523521 -0.010295316605076214 0.9998583540259656 0.8105467982800464
0.9999009362754542 -0.00486217739423787 0.013208969167086127 94.06976751374181 0.004754773146209791 0.9999554803006265 0.008150432446892533 0.46021368721814393 -0.013248009956146318 -0.008086819382812912 0.9998795395368743 0.8176774292147009
0.9999063001061421 -0.004957778162585969 0.012759758764814213 95.44132295565838 0.0048566590743919155 0.9999566545785261 0.007943665826136214 0.4787379338696601 -0.012798588620656347 -0.007880951707299277 0.9998870369844318 0.8161881039852255
0.999913928705073 -0.004793926199680097 0.012212839685274887 96.79378598000653 0.004700787817661045 0.9999597382313209 0.007643592757426548 0.4842769888630995 -0.012248990794328077 -0.007585524895488434 0.9998962056316547 0.8171823223141561
0.9999227620544859 -0.004668056378101335 0.011518644667618464 98.12053528231468 0.004565721465291492 0.9999500184990331 0.008894643966165463 0.5012622492545741 -0.01155958964796607 -0.008841366038929425 0.9998940974591941 0.8217017165954402
0.9999225404158042 -0.004364699606789813 0.011656009855299833 99.47957760192249 0.004240585329143184 0.9999342775921884 0.010651663356220347 0.5203547233173921 -0.011701735105129221 -0.010601409978417048 0.9998753319799418 0.8210130676475852
0.9999044296672228 -0.0042870980525430615 0.013143527766688149 100.80956568665273 0.004145666427659358 0.9999334190425968 0.010768980065587446 0.5258983352438481 -0.013188820331492844 -0.01071346218877554 0.9998556279514524 0.8263573888935846
0.999883279169993 -0.004214214157124368 0.014685654064417056 102.14571524247239 0.004053135698656965 0.9999314927633549 0.010980977691315832 0.5465875762188174 -0.014730924182484586 -0.010920173033738798 0.9998318607114114 0.8276397680175153
0.999896045586518 -0.003983783276971597 0.013857398429933174 103.4933465503028 0.003837636847521212 0.9999369080379246 0.010557105994628143 0.5564278557607988 -0.013898581361791585 -0.01050282887404091 0.9998482484966267 0.838748503390219
0.9999261117159678 -0.0038724482374973023 0.011522814466698445 104.81681630172446 0.0037508268229753073 0.999937230188107 0.010557792471952444 0.5656547941842498 -0.011562975686651766 -0.010513792293205662 0.9998778714247483 0.8375240711249717
0.9999387560914922 -0.003907285233098922 0.010354573303923458 106.1514667403629 0.003810945466008468 0.9999494219750862 0.00930753384878915 0.5757113520353332 -0.010390416779620862 -0.009267503104852642 0.9999030716151177 0.8413418612034469
0.9999265802392696 -0.003635548844190791 0.011559278333924323 107.50281431672849 0.003541847531794386 0.9999607895637013 0.008116320052872664 0.5860334915201496 -0.011588332367564855 -0.008074782953160036 0.9999002492414921 0.8509727447778155
0.9999058168849686 -0.0030922372867545228 0.013371440766280041 108.82357926046406 0.0030242142486829227 0.9999823993601176 0.005104419473424943 0.5906439193774164 -0.013386989496589362 -0.005063500621607704 0.999897569490832 0.8395986456286015
0.9998953042953069 -0.0021612249057275904 0.01430767469236635 110.18153473191312 0.0021056469012073263 0.9999901842606168 0.003898414234687418 0.6036369974556474 -0.014315959601897238 -0.0038678791765824685 0.999890040360115 0.8528277452431755
0.9999061491015871 -0.0015605726493731179 0.013610936846539136 111.48480671037683 0.0015173328024798262 0.9999937716404229 0.003186594032534758 0.6118652428832196 -0.013615824984222105 -0.0031656426468721927 0.9999022892346189 0.8569553245923673
0.9999344675972582 -0.0007961081939568645 0.01142045194951679 112.82818737114121 0.0007511568838783558 0.9999919568940782 0.003939785589073788 0.622630312675402 -0.01142349658920198 -0.003930948854358967 0.9999270230205707 0.8639815408364807
0.9999546664495849 0.00020289146301376965 0.00951965759645014 114.17283460813726 -0.00027317767499902926 0.9999727112797256 0.007382551715509702 0.6245507188806747 -0.00951789996045855 -0.007384817596158301 0.9999274343918233 0.8739656569995619
0.9999581251269123 0.001676146889950727 0.0089965840335978 115.47935088282695 -0.0017681908865848745 0.9999460801005812 0.010232809607857198 0.6398026087054139 -0.008978947246691928 -0.010248288788152142 0.9999071712330379 0.8664346014750345
0.9999304234934752 0.0031138510818306837 0.011377702035114132 116.84993131585584 -0.0032378205387262925 0.9999354198229314 0.010893700092116678 0.6505472481139342 -0.011343045901285093 -0.010929781103853937 0.9998759299006569 0.8727266972895462
0.999903693032427 0.003960055349249533 0.013301226324841901 118.15157434166782 -0.0041108759332809134 0.9999273552015846 0.011330711302706135 0.656095814828474 -0.013255389816031771 -0.011384299767442043 0.9998473345264416 0.8661954641545239
0.9998832635631915 0.004924113947533045 0.014464174641260957 119.5149728304785 -0.005079107927638149 0.9999298688674236 0.010698598480006405 0.652638685516567 -0.014410479134317129 -0.010770814667828177 0.9998381507236611 0.8770248632493144
0.9998877998552799 0.0058656157796342446 0.013783404952823004 120.84079761595329 -0.006020587951487003 0.9999188286196655 0.011228922147494954 0.6525569612631965 -0.013716421591880641 -0.011310646462594387 0.9998419520380768 0.8770262880494086
0.9998798382423427 0.007262843596656661 0.01369526120075853 122.14568262814892 -0.007442257976350027 0.9998865560667337 0.013095334788383371 0.6476386544762688 -0.013598598188046923 -0.01319568489684763 0.9998204598963871 0.8778822056330509
0.9998786997132716 0.008320170567725688 0.013166648070836014 123.51655198134588 -0.008512903204017175 0.9998564402735299 0.014650232850841795 0.6500373055839606 -0.013042865434264538 -0.014760542173944737 0.9998059862073215 0.8728091608578518
0.9998726636311197 0.009528671428813489 0.01280081809930497 124.85213052758353 -0.009722704313678616 0.9998374729890207 0.015182115391406764 0.6497655068124855 -0.012654072231442154 -0.01530464072531363 0.9998028017705445 0.8770198423903695
0.9998711868597518 0.010638086147475396 0.012018353081445695 126.18492015261323 -0.010832221612123999 0.9998100071942448 0.016205322865957595 0.6423801170451812 -0.011843676060127484 -0.016333420871421464 0.9997964526342449 0.8705742759272156
0.9998662106970538 0.011461414315533361 0.011670333679994108 127.51769770141891 -0.01164653672073857 0.9998054335283056 0.015920215755107683 0.637275778543104 -0.011485594835584525 -0.01605400477028638 0.9998051560389696 0.8799766313869318
0.9998419528749254 0.012492709525287044 0.01264916914157823 128.84763772751327 -0.012689374562160478 0.9997979664817793 0.015588649464275477 0.6316839511358875 -0.012451869115785273 -0.01574669576818146 0.9997984759579841 0.879557009270893
0.999818140591054 0.013359203106882819 0.01360946131911895 130.22267831219312 -0.013564467835930552 0.999793923041355 0.015103531438224469 0.6218298012061343 -0.013404885578607076 -0.015285389819251644 0.9997933115902996 0.88301281805324
0.9998042462652544 0.013735343190997246 0.01424111994864911 131.54460876511 -0.013924440788687426 0.9998150543386822 0.01326525787386249 0.6032145788532212 -0.014056283245887724 -0.01346096078158088 0.9998105937807161 0.878757328530591
0.9998011532757829 0.01370001353855733 0.014490118614350315 132.89066513228298 -0.01388023787955094 0.9998266358428517 0.012411174625018975 0.5903098832408552 -0.014317573286757599 -0.012609832996871193 0.9998179830383975 0.8875867854094166
0.9997913653674758 0.013583137741381883 0.015255297628592637 134.20985199860687 -0.013740270727155935 0.999853131356115 0.010243079503543306 0.5763001997750776 -0.01511392394392531 -0.010450554361855371 0.9998311633553671 0.8731010207615317
0.999798044562377 0.01300615381467185 0.015320249743271303 135.55153532863076 -0.01313777544345761 0.9998773774076163 0.008522265242557378 0.5568096875437079 -0.015207529241937686 -0.008721818125615566 0.9998463186624929 0.8852004260652752
0.9998155214168337 0.011885374570339129 0.015088439458987038 136.8874595502459 -0.012019151510749672 0.9998889849942361 0.008806684061436629 0.5476344183631978 -0.014982093677000721 -0.00898640965675692 0.9998473790086838 0.887428148718941
0.9998085611400752 0.010861097327624837 0.01627506177722415 138.2268722718953 -0.010982070295299566 0.99991259240752 0.007362178814863921 0.5355294270934531 -0.016193677872605124 -0.00753950328024286 0.999840447615141 0.8913567083148111
0.9998129933501192 0.00982722701752433 0.016655447679987598 139.56611064190554 -0.009932849855171504 0.999931005259481 0.006270822475433945 0.5159622078658045 -0.016592673745644007 -0.006435085851006798 0.9998416238825331 0.892321400629788
0.9998204818750607 0.008540770267462344 0.016913286681178516 140.92478043825417 -0.008624086575268667 0.9999510050102731 0.004859291068364223 0.5160867047459824 -0.01687095592619369 -0.005004280386153918 0.9998451520230286 0.8909717907658987
0.9998381094212111 0.007354078746348517 0.01642170742677934 142.2438813154922 -0.007414996831367591 0.9999658404864898 0.003651805325969033 0.512361675932299 -0.016394290805309127 -0.0037729810416264023 0.9998584859084062 0.8755863522545269
0.9998523990621802 0.006299823429193033 0.01598412695032296 143.5933100208906 -0.006354170171174799 0.9999741955210923 0.0033515389569118916 0.503001239592028 -0.01596260038461161 -0.0034526101292987246 0.9998666285421552 0.864569486672554
0.9998867540445632 0.005597378878834664 0.013969553891011559 144.94726869361273 -0.0056198775241379 0.9999829730456539 0.0015718127715111938 0.490442935933613 -0.013960518000446485 -0.0016501419520064454 0.9999011856022061 0.8730319724423777
0.999906095987052 0.0044963180319738255 0.012945359480813337 146.25257191436552 -0.004476850548382693 0.9999888047085886 -0.0015324055127051198 0.503478808705665 -0.012952104736280598 0.001474307173987323 0.9999150310907707 0.8852954365442601
0.9998642114358172 0.0035488693882847738 0.016092365143029835 147.6331611532351 -0.0033802477579947233 0.9999392285237538 -0.01049348294965216 0.48846356934088914 -0.01612862718666031 0.010437661873473588 0.9998154442694356 0.8783721720487965
0.9998431077176901 0.002182976367249739 0.01757824119789913 148.9512194267583 -0.0018693716009717755 0.9998391565977395 -0.01783721905843663 0.47636089796322506 -0.017614352081441124 0.017801560271538105 0.9996863703445446 0.8762074653923373
0.9998924928282122 0.0013152930129756088 0.014603862162918006 150.25599019814229 -0.0010258886526968872 0.9998032995575514 -0.019806810604061757 0.44638272535054946 -0.014627041336365958 0.019789699293393092 0.999697162876649 0.8807047141870987
0.9999307794078085 0.001300658609343558 0.011693788097735759 151.64961003422079 -0.0010790000213664046 0.9998200093911805 -0.018941609751380175 0.4661360269746888 -0.011716319893494599 0.018927681004328813 0.9997522046687127 0.8864545136296195
0.9999541155856202 0.0023243643676613694 0.009293226224852097 152.96148782537972 -0.002178212113974827 0.9998742796142202 -0.015706061184485476 0.4715822047584818 -0.009328564485839496 0.015685097903124934 0.9998334639270696 0.8828215825662753
0.9999497653145847 0.0032101798339094533 0.009495345846291432 154.3345642747872 -0.0030570570772897165 0.9998657634846754 -0.01609687588425627 0.47414927019847153 -0.009545745090505807 0.01606703944853934 0.99982534924557 0.884797754465901
0.9999152970857955 0.0036284244840043456 0.012499327565479458 155.66501245292704 -0.0033940472389525273 0.9998189739634927 -0.01872163844134155 0.47609838577195324 -0.012564994913052515 0.018677629355794503 0.9997466014268228 0.88132865920111
0.9998740038801313 0.00416277823337562 0.01531821275785845 157.00460206469867 -0.0037370501845522567 0.9996088325370964 -0.02771671643145056 0.47171139870670437 -0.015427599315299226 0.027655979302910926 0.9994984422139754 0.8665347259361813
0.999854338277329 0.004271011578899653 0.016524548045184818 158.35616898531785 -0.0037796334608147285 0.9995530758417255 -0.029654054465580462 0.4532268641262101 -0.016643815635442673 0.029587278270206404 0.9994236220770724 0.8748944570285805
0.9998485407900541 0.004134088229616998 0.016905762168836505 159.68464910670556 -0.0036103209051356376 0.9995160967040053 -0.030895598595127208 0.44510932041624307 -0.01702530654530079 0.030829883945597783 0.9993796361708295 0.8850042294137126
0.9998394592916761 0.005189554589573944 0.01715004858565939 161.0496451565943 -0.0046738573468052755 0.9995397451334793 -0.029974204843515786 0.44756447047749426 -0.01729770796465127 0.02988923588285861 0.9994035335526428 0.8659151617940771
0.999837663331175 0.006422487425496115 0.016834448007742593 162.39158197138528 -0.005949483383040798 0.9995902614950107 -0.02799844231044188 0.4489086730581346 -0.01700736992985587 0.027893740867900182 0.9994662018239854 0.8504229189040218
0.9998566459593091 0.007273778991364804 0.01528985513945467 163.74245805806646 -0.0068908791222540506 0.9996650009352369 -0.024947979679227076 0.45326396205743674 -0.015466199142750348 0.024839042741970234 0.9995718176498073 0.8496563372905361
0.9998596254068215 0.007927498066996944 0.014760902944215074 165.09193782792855 -0.007576905913540875 0.9996914036896655 -0.023657723596403297 0.4538434252994632 -0.014943894342109314 0.02354256068027069 0.9996111383225518 0.8351407318131285
0.9998378985001638 0.008191434363246127 0.016033624850572616 166.4306001827962 -0.007829157704041202 0.9997155420220908 -0.0225286335387322 0.45188951487280143 -0.016213605780995215 0.022399451835923748 0.9996176186647715 0.8309225186905365
0.9998401109865613 0.007957980695384984 0.016013213469896904 167.76742731318197 -0.007611410262886386 0.9997379660159669 -0.021588555766137652 0.44427392556588136 -0.01618081877380238 0.021463220855908075 0.9996386903548201 0.8177972568350362
0.9998749407263244 0.007480449111577551 0.013933620800714242 169.15261558045358 -0.0072221574896607545 0.9998028447865545 -0.01849626983765413 0.4402008441271995 -0.014069234120005788 0.018393325903758556 0.9997318351505441 0.8297981657864059
0.9999132519714399 0.006838796920843891 0.011256970665992391 170.5608483482189 -0.006669385138101254 0.9998649674401252 -0.015018861069892087 0.4432876149102571 -0.01135816154926629 0.014942481140443244 0.99982384169592 0.825837735542031
0.999931531414565 0.006471838139609726 0.009749245817876503 171.92313151618373 -0.006375336908185273 0.9999306988692616 -0.00989709746022325 0.4456298017014878 -0.009812622596931985 0.00983426509327056 0.9999034951773322 0.8197455523677555
0.9999174089347248 0.006811042783767637 0.010898853401340104 173.2706165770792 -0.006741997414878269 0.9999570511191432 -0.00635935436698255 0.44677021150208346 -0.010941699142454553 0.006285349099673946 0.9999203836339027 0.8261914687872404
0.99988217457683 0.007440973582759212 0.013426424529650953 174.64118225719452 -0.0074205183757439005 0.9999712308792993 -0.0015726794888176571 0.45661451488028454 -0.013437740529753517 0.0014728631572485627 0.9999086247270673 0.846945143831411
0.9998493441952631 0.007451212457638173 0.015677000517108818 176.0610046949452 -0.007455082708884502 0.9999721927279761 0.0001884478889908894 0.45388155510005396 -0.015675160417232856 -0.00030529283370479387 0.9998770905177194 0.8408908765918447
0.9998339922590338 0.006551627455688647 0.01700188522029995 177.461211757884 -0.006504319588670748 0.9999748242566722 -0.002836314426505812 0.4497884810301782 -0.017020039660671216 0.002725257881272469 0.9998514345738719 0.8299215557539619
0.9998450564358202 0.005219405622834516 0.016811333254560062 178.86479300886995 -0.005134136267913502 0.9999737572486129 -0.0051113069634672196 0.44501478503571196 -0.01683757006322613 0.0050242033235744655 0.9998456148902837 0.8188799879126017
0.9999074488656341 0.0030548834172616454 0.013257503170898088 180.20163207112356 -0.0029570117580126542 0.9999682793957537 -0.007395693595522557 0.4380621058454537 -0.01327967561661082 0.007355806522932632 0.99988476452335 0.8154367950149168
0.9999567219947912 0.0014517572397047915 0.009189479764860488 181.61684299731596 -0.001411395985391956 0.9999893367778004 -0.004397077673550931 0.45050075064260947 -0.009195765264741978 0.004383917381952506 0.9999481082384145 0.8267193920282891
0.9999631608564582 0.0009237539013383383 0.008533674981565686 183.01294989389197 -0.000916680158824986 0.9999992330745059 -0.0008327952248286903 0.4772856577481863 -0.008534437734710734 0.0008249418948283994 0.9999632407460899 0.8241545865107139
0.999951634395888 0.0005636759076837173 0.009818917377366891 184.33929620722952 -0.0005847172078177918 0.9999975388305059 0.002140195953117148 0.4934283443474383 -0.009817686834450482 -0.002145833731199645 0.9999495029364327 0.8177305485939108
0.9999185736553371 0.0008191148777892817 0.012734799169719981 185.78425261754126 -0.0008859130626501113 0.9999858756877247 0.005240570875389767 0.48644377203403627 -0.012730326669867603 -0.0052514260797941175 0.999905176157723 0.8225125747444524
0.9998824513252538 0.001164812409641071 0.015288124275127596 187.1515124843986 -0.0012697425670936953 0.9999756939791217 0.00685559660329663 0.4957636795621064 -0.015279767197660764 -0.006874202719164466 0.9998596271734153 0.831677990897527
0.9998733539368544 0.0013149863385267556 0.015860230073845842 188.6029283163272 -0.0013899557392289498 0.9999879099166138 0.004716783188266736 0.49863304082981524 -0.015853835816887363 -0.004738230844061865 0.9998630931574379 0.8169292883281001
0.9998600896082364 0.0011775923623403408 0.01668575694530569 190.02338031416883 -0.00125133452726963 0.9999894942248948 0.004409716741473716 0.49442490645233933 -0.01668038879974092 -0.00442997924005614 0.9998510588649802 0.8197081094570317
0.9998490069184213 0.001347670664024443 0.017324755352620274 191.36839772181804 -0.0013691668211412555 0.9999983074990403 0.0012289756997904645 0.49796034782766563 -0.01732306977595781 -0.0012525106131755649 0.9998491598589765 0.815791812493997
0.999846335506097 0.0017153488153990681 0.017446001073910925 192.8321756345385 -0.001714146597325999 0.9999985273330327 -8.386422760646788e-05 0.5052720402332053 -0.01744611923816491 5.394633727458603e-05 0.9998478034247614 0.8088399771732381
0.9998303765794705 0.0021703181166422957 0.018289554074029043 194.20008628686355 -0.0021145567442815575 0.9999930592241489 -0.0030675973175695215 0.5000673431547239 -0.018296084792366687 0.003028402681302568 0.9998280262417485 0.7987993453711901
0.9997991767736195 0.002547782845768382 0.01987749796537569 195.64973873340625 -0.0023888656453485146 0.9999650300902729 -0.008014481735454375 0.49768180134608747 -0.019897222010149557 0.007965387569369523 0.9997703001975747 0.7878566071757199
0.999782914773179 0.002891998720927874 0.02063394463122668 197.05991864018074 -0.0026504613522811645 0.9999277636765922 -0.011723586624806635 0.48796479602479215 -0.020666358708452747 0.011666352134554856 0.9997183592620504 0.7870708289162558
0.999849614839199 0.003045802357059336 0.017072515746290134 198.47511180522983 -0.002876729396195273 0.9999466670157803 -0.009919049955168109 0.493131483283673 -0.01710181668381049 0.009868445269331248 0.9998050518246443 0.7800950467943687
0.9999211766954905 0.003251423810990197 0.012127185951703133 199.9129480965007 -0.0032099621406143143 0.999988942206484 -0.0034368019746715142 0.5099724734488205 -0.012138226351559055 0.003397603266805769 0.9999205567209226 0.779413280318042
0.9999269054637098 0.004632473457183684 0.011167986364501871 201.3593141371485 -0.004706522911053506 0.9999670554342003 0.006613371934396977 0.5243915512858178 -0.011136982170091658 -0.00666545091673698 0.999915766148439 0.7632668977960447
0.9998709357848561 0.005796920678616627 0.014983573784716714 202.7940235702031 -0.005987645621178602 0.9999012262658176 0.012715573602062836 0.5435681403803195 -0.01490838262962833 -0.012803648806497448 0.9998068847055458 0.7544848282462093
0.9998279667814179 0.00666338394522725 0.01731000162144038 204.22199361239882 -0.006912173448347271 0.9998731023089573 0.014352739713424207 0.5373116959546723 -0.017212167206826216 -0.014469920299014406 0.9997471493865759 0.7480937046924013
0.9998212322798483 0.006175881276206502 0.017870701521419813 205.69931850550918 -0.006429094905416412 0.9998792626912315 0.014146617218835764 0.5326442933912223 -0.017781176032608845 -0.014258980696435273 0.9997402218818626 0.7489428638780398
0.9998238348627922 0.004899487743874742 0.0181188923532173 207.1216412787802 -0.005089149290907068 0.9999325891960725 0.010436360626828957 0.520936352118885 -0.01806653812313569 -0.010526731852098582 0.9997813701588759 0.7421378644011087
0.9998347909316749 0.003747483744796479 0.017786152147003142 208.55983853907804 -0.00389863629748641 0.9999565181105531 0.008471276364222903 0.5145467552850146 -0.017753632801029196 -0.008539218570900167 0.9998059263019821 0.7355109900575174
0.9998444678466376 0.0033308637093952364 0.017318933668778423 210.05752681346897 -0.003486774494968898 0.999953600440595 0.008979942622974043 0.5214788415981627 -0.017288219112891516 -0.009038933169357177 0.9998096894744842 0.7256225260862544
0.9998441051943447 0.0031257900283176428 0.017377995995472913 211.5131363631142 -0.0032949955416968616 0.9999473632118963 0.009716676898819448 0.5259867122845403 -0.01734670898182132 -0.009772422538691402 0.9998017760762505 0.7207656407798754
0.9998323735850836 0.0029525471702865546 0.018069510132407034 212.9589847834444 -0.003154124395814265 0.9999330033071853 0.011137342428442495 0.5271506481695611 -0.018035416006115766 -0.011192468998388556 0.9997747008237438 0.704798758018375
0.9998298294182223 0.002623221361523738 0.018260090777896358 214.39436814421876 -0.0028158001694626204 0.999940606863942 0.010528723283338409 0.5387221717181747 -0.018231387082013925 -0.010578348371078709 0.9997778328562831 0.7099625006263443
0.9998421297431008 0.0023574533455629006 0.01761130331644254 215.87175153615644 -0.0025577656729078198 0.9999321992621897 0.01136022506127873 0.5362046086044397 -0.01758332805650683 -0.011403477206707839 0.9997803695222534 0.7054327929062354
0.9998510218704525 0.002079105658652643 0.017135092187435676 217.34450047015298 -0.0022584699160966668 0.9999427949099363 0.010454961565838519 0.5427290394266909 -0.017112375003191314 -0.010492103095434815 0.9997985209002785 0.6907628761176077
0.9998504373392223 0.0014701264952580487 0.017231995840694736 218.79709500225127 -0.0016490464125436537 0.9999448350904557 0.010373399724794835 0.5375092706669861 -0.017215795029421596 -0.010400264612452751 0.9997977049871118 0.6892579239821652
0.9998543231105597 0.0012479551273005245 0.017022783706695056 220.28663195448138 -0.001463632676038134 0.9999187451743241 0.012663365602984155 0.5453010874694083 -0.017005597211339322 -0.012686435945743514 0.9997749066697365 0.6901613852872377
0.9998559549348164 0.0011992153478556152 0.016930187947444608 221.7789648377823 -0.0013740587576144816 0.9999458088411264 0.010319464307622742 0.553056695795266 -0.01691689522096044 -0.010341240912731137 0.9998034193742628 0.6714037227698384
0.9998587867573127 0.0007478243332626341 0.01678830851995494 223.26240706867225 -0.0009546230062768456 0.9999237317164636 0.012313384796123029 0.5554412880464725 -0.01677781985570528 -0.012327672488677137 0.9997832431341812 0.6713156125481547
0.9998569804274607 0.00042950011716755396 0.016906632430194087 224.73029878965832 -0.0006237068984580347 0.9999338688262286 0.011483421263516992 0.562799643625235 -0.01690058224396879 -0.011492323692793002 0.9997911265939277 0.6575498662689325
