1.0 -2.1684043449710093e-19 -2.5135375298442207e-37 0.0 2.1684043449710093e-19 1.0 2.3183291766350204e-18 -8.673617379884035e-19 -2.51353752984422e-37 -2.3183291766350204e-18 1.0 0.0
0.9999996144572926 -0.0005723897269502802 0.0006659243699802237 1.3271307127150507 0.0005725266515208768 0.9999998150031163 -0.00020544334102258209 -0.005205242904773986 -0.0006658066531284189 0.00020582452126511109 0.999999757168854 0.013546002618737998
0.9999992686506489 -0.0006310930990495225 0.0010317071617683797 2.620400249204164 0.0006317219644781507 0.9999996148242213 -0.0006093264874477984 0.0032616480561835828 -0.0010313222226384742 0.0006099777938922657 0.9999992821505244 0.023155165917102573
0.9999984080806568 -0.0013145955684215954 0.0012065134246878437 3.944431469168364 0.0013152995039614583 0.9999989651428909 -0.0005828381958469084 0.0014968510495183922 -0.0012057459796094815 0.0005844241945245251 0.9999991023120939 0.042724277089956374
0.9999985763318838 -0.0008800205240788166 0.0014397562580511227 5.276348118827755 0.000881273383638691 0.9999992334146602 -0.0008697857869248605 0.012604385612162781 -0.0014389897250110366 0.0008710533675077156 0.9999985852863005 0.04177979977458566
0.999997786687794 -0.0012070478149658944 0.0017232687212533166 6.606972188827152 0.0012091179588218897 0.9999985481118654 -0.0012007530649974663 0.008382052461006931 -0.0017218168528964884 0.0012028340425147947 0.9999977942660631 0.04278872157354516
0.9999967192755046 -0.0008840068948593192 0.0024041568246351104 7.940246282741048 0.0008895981560858923 0.9999969001183829 -0.0023255899779677405 0.02337723712865465 -0.0024020935344584255 0.00232772108182587 0.9999944058149609 0.061433015770509955
0.9999966058758929 -0.000873483241502648 0.0024546412611861773 9.262030326792253 0.0008794477276802168 0.999996661187287 -0.0024298530763327384 0.02751113273293585 -0.0024525106296572384 0.0024320035577892556 0.9999940352573641 0.0582192092397267
0.9999966097639618 -0.001266615935281217 0.0022751142070677457 10.574476610325048 0.0012719655674189169 0.9999964263568822 -0.002351462748944188 0.032548963269163136 -0.002272127676432485 0.0023543486438637696 0.9999946472248165 0.06110004242504724
0.9999977761495011 -0.0015048190039151674 0.0014775709179427625 11.907036478980968 0.0015067971318950453 0.9999979688930183 -0.0013385709698884583 0.045867047792563814 -0.0014755536098045778 0.0013407943927280668 0.9999980125039954 0.058527150042902806
0.9999983966344067 -0.0012897492325864388 0.0012422864134696405 13.234291389901804 0.001290002884468947 0.9999991472597588 -0.00020340185210106215 0.05553420145490247 -0.0012420230167393704 0.00020500407903024326 0.9999992076757629 0.07175528061330265
0.9999985671118828 -0.0012578467318945553 0.0011329588607994646 14.570445616145157 0.0012574879408657862 0.9999991590088253 0.0003173416464943521 0.06807299998508497 -0.0011333570751439982 -0.0003159165096743254 0.99999930784901 0.06960842982263489
0.999998434531585 -0.0007257181243884133 0.0016137743285016125 15.926667048128374 0.0007254299629412514 0.999999720829748 0.00017914182970852146 0.09281272512735976 -0.0016139038844564819 -0.00017797086901632478 0.999998681819442 0.08098457561416371
0.9999948789037958 -0.0002214003118403208 0.003192670995364022 17.252266664228017 0.00022420319695774433 0.9999995897920725 -0.0008775811148452605 0.08381424210933784 -0.0031924753889725783 0.0008782924277119392 0.9999945183366268 0.08466393394050255
0.9999914563400086 -0.0002476995625738284 0.004126244286894882 18.615952265138343 0.000259419765924996 0.9999959332254512 -0.002840111607640229 0.09737903800163643 -0.004125524011986762 0.0028411577720193716 0.9999874538583676 0.0967159175787177
0.9999930332910585 -0.0003022296440383463 0.003720487412965007 19.95677526491287 0.000317675163560001 0.9999913316674583 -0.004151586736857488 0.0835387499844344 -0.00371920042996122 0.0041527397204084845 0.9999844610297584 0.11531642044301996
0.9999954768152135 -0.0005010733286605412 0.002965682827479195 21.349837375737913 0.0005154087634204873 0.9999881785753928 -0.004834983275549402 0.09322148489626435 -0.0029632250877193434 0.0048364899449454156 0.9999839137016614 0.11460869036012766
0.9999969010519904 -0.00018422640915191516 0.002482729756960795 22.684227720295798 0.0001909776271483866 0.9999962844347285 -0.002719309523339503 0.09391109045473153 -0.0024822195635874735 0.0027197752421785027 0.9999932206813555 0.1632274559758929
0.9999953352213156 0.0005120389934641284 0.003011204356735376 24.05474987420196 -0.0005091440229160597 0.9999994075797707 -0.000962087559257196 0.10358293062497455 -0.0030116951991824665 0.0009605499346316463 0.9999950035054427 0.13366413673385022
0.9999716086685596 0.0016984315796790125 0.007341470355593894 25.426851120857243 -0.0016905020675569947 0.9999979812175794 -0.0010861691972408308 0.11300845345688398 -0.007343300318828069 0.0010737275886361119 0.9999724611455522 0.13729043879790917
0.9999635318083417 0.0016260977346913197 0.008383964428888708 26.802496062928356 -0.001611699514773066 0.999997215426213 -0.0017238226400541495 0.08878520376711885 -0.008386744187211128 0.0017102473439578123 0.9999633681170329 0.1615013774084001
0.9999608295632016 0.0014746431599340223 0.008727242796234233 28.204429713717737 -0.0014171620239710465 0.9999772885961097 -0.006588925843438425 0.09968234640455807 -0.008736760902724579 0.006576299835270308 0.9999402088572122 0.19691341398527756
0.9999788593737302 0.0014500158089259215 0.0063386323262411195 29.551083788093365 -0.001411617778501741 0.9999806534300983 -0.006058060808621994 0.11154248238734343 -0.006347293979391676 0.006048985011339411 0.9999615600809222 0.19238076738053203
0.999986447066613 0.002077193854850663 0.004773986675873576 30.92373037507932 -0.0020502442760697687 0.999981975984706 -0.005643066908278968 0.10128961325609326 -0.0047856223733691045 0.005633202589312819 0.9999726820504085 0.24326517081230822
0.9999898445178238 0.002274481414137188 0.0038907063003366872 32.31263894283392 -0.0022570231530709608 0.9999873921323182 -0.004485690904606594 0.09784184421508721 -0.003900859867418556 0.004476863936050905 0.9999823703353939 0.20740501868205144
0.9999940410367127 0.003030806097611633 0.001652908183719223 33.69003400149802 -0.003030142110938213 0.9999953274743828 -0.0004040645853536656 0.10409801149864285 -0.0016541251018725109 0.0003990536308546338 0.9999985523121255 0.26213854421403
0.9999919517765283 0.003446598384432836 0.002053616747574973 35.08456845831597 -0.003446193970594385 0.9999940417689795 -0.00020043367328917677 0.12338887301395284 -0.002054295326026508 0.00019335489850077836 0.9999978712400325 0.26365082565650294
0.9999905632598157 0.002971591704545725 0.0031690746374909142 36.47746751618234 -0.002971241999080576 0.9999955792322671 -0.00011505175134825043 0.12251813867089874 -0.0031694025145779137 0.00010563457797363117 0.9999949718518771 0.2905750528685173
0.9999898040123225 0.002679212658810568 0.0036350640882214773 37.888338310811314 -0.0026808858482113805 0.9999963026799106 0.0004554970664458597 0.13526858362173017 -0.003633830274719525 -0.0004652376140748375 0.9999932893932323 0.2795126397396738
0.9999898409515323 0.0025734320337911037 0.0037007352372854414 39.27443976129983 -0.0025761013276128985 0.9999964250139539 0.0007167016544277346 0.1448745332594018 -0.0036988776242124323 -0.0007262278423788052 0.9999928954234835 0.24953576197561123
0.9999885956801371 0.0027334625470363406 0.0039162089029266475 40.67615599309034 -0.0027387896675499157 0.9999953307354361 0.0013555583656451782 0.14331552275484796 -0.0039124852490883795 -0.0013662685789032857 0.9999914128478034 0.2477948945283504
0.999986717492137 0.0026821360701417 0.004401248164141712 42.1030288963481 -0.002690475014775143 0.9999945948880671 0.0018898515406036186 0.14702344267848622 -0.004396155535918474 -0.0019016678868551188 0.9999885286720803 0.24438843893900628
0.9999880348075622 0.002439699050544946 0.004240060170895483 43.493244620037345 -0.002447090371850966 0.9999954939800185 0.0017388986085831249 0.15841744275607808 -0.004235798675815276 -0.0017492536127469102 0.9999894990055528 0.24530380974639535
0.9999873033688504 0.002505335864830938 0.004372229785714539 44.905482427104914 -0.0025128284548038356 0.9999953824511215 0.0017090259190155252 0.17446582230829927 -0.00436792791280096 -0.001719990883560291 0.9999889813578493 0.2559742244401435
0.9999913073105318 0.0012850923883186418 0.003966590592309877 46.312235993058884 -0.001292044667810058 0.9999976329293825 0.001750644512250787 0.16355791025558028 -0.00396433146317249 -0.0017557543066658522 0.9999906006572585 0.27589219674936194
0.9999906279286076 0.0006110121675255615 0.004286107684149518 47.74086552198917 -0.0006189475128319704 0.9999980965922727 0.0018503285675112865 0.18041679060529686 -0.004284968952670364 -0.001852964101790687 0.9999891027231806 0.28825589434840776
0.9999885310341659 -0.0007784122096900654 0.0047256612831094655 49.14146072232181 0.0007691109790711436 0.9999977642991641 0.001969737285849354 0.16702615450253147 -0.004727183985497771 -0.0019660801370235096 0.999986894044348 0.2955743710293079
0.999986270963427 -0.0018165635547670574 0.004915076958808932 50.577837947177976 0.001801855406535436 0.9999938909369807 0.002995230510638772 0.17254689541113236 -0.0049204879588777995 -0.0029863331310177794 0.9999834351691417 0.3102917129313898
0.9999830724038525 -0.0032127476080335586 0.004851098695995962 52.04241441169621 0.003199321679420229 0.9999910378255638 0.0027728341716246703 0.1760495901796577 -0.0048599636359556025 -0.002757267008980523 0.9999843889941974 0.310885485467453
0.9999753177906885 -0.003758510865996738 0.005936110298985752 53.43002450992555 0.0037370654046625373 0.9999864660298792 0.0036196822007571903 0.2021316351246708 -0.005949634574729333 -0.003597409226566869 0.9999758299555463 0.33532489896745993
0.999966475136541 -0.004981616718433779 0.006498622767333417 54.89700938237155 0.004956821273944309 0.999980395496782 0.0038260351485339718 0.1937464260142986 -0.006517555205723714 -0.0037936943696435708 0.9999715642742898 0.351092013105955
0.9999588742724156 -0.005518598786648797 0.0071968625994424775 56.30069863209703 0.005490425532467423 0.9999772105733071 0.00392855717793443 0.1936534715882544 -0.007218378717945277 -0.0038888817749924915 0.9999663852386361 0.36844563932104546
0.9999576237574982 -0.005943331824603631 0.007030469122355234 57.73416149424326 0.005917191857532353 0.9999755252041991 0.0037330728773310685 0.22691419097133642 -0.007052483943894485 -0.0036913140490841085 0.9999683178335261 0.39828586650567144
0.9999537954144088 -0.0055572549381392115 0.007843720665055945 59.175330949637065 0.005521902785011089 0.999974531773815 0.004521547674466307 0.2535847053365104 -0.007868648292545875 -0.004478026495244556 0.9999590149864924 0.43512294411421193
0.9999512778724867 -0.005387643186441265 0.008271347053331383 60.579236426974916 0.005349930680292914 0.9999752244574247 0.0045747910377858325 0.2506639465859466 -0.008295789467984427 -0.004530317010865574 0.999955327054606 0.44900963258847576
0.9999462023261015 -0.004974391318115926 0.009102081334575888 62.0406308968565 0.004940319756172064 0.9999807203583402 0.0037619346514622103 0.2618870865677997 -0.009120619184778953 -0.0037167650758891135 0.9999514988053455 0.4563826237027087
0.9999492256999019 -0.0048576899585436465 0.008828865750106874 63.46076888061847 0.004834703594877907 0.9999848725694235 0.0026230275377175025 0.2617030543839937 -0.008841474046584124 -0.0025802094063494003 0.9999575845285154 0.47811871043759724
0.999959335218681 -0.004463162258277196 0.007836331518630378 64.87568936511325 0.004449244820828739 0.9999884954258366 0.0017925502770692538 0.2742658065908002 -0.007844241807715934 -0.0017576116259806701 0.9999676888139108 0.4852849075225061
0.999966734058942 -0.0032918007222410475 0.007462896455017706 66.3139760793129 0.0032836358553592075 0.9999939971759635 0.0011060504547951086 0.30745768779383736 -0.007466492554249413 -0.001081508226601343 0.9999715405094753 0.4906319155466369
0.9999690974230281 -0.002819307759533923 0.007338644475068353 67.69385637801523 0.002802956355175872 0.9999935685934823 0.0022374555510964846 0.31198717203738463 -0.007344905353059265 -0.0022168165077843267 0.9999705686118594 0.5000194514047555
0.9999614137285732 -0.002047292419622037 0.008542812634132166 69.14893687328684 0.0020079221641875274 0.9999873366992048 0.0046146169736778035 0.3357058537643004 -0.008552151924275813 -0.004597285609982151 0.9999528617202336 0.515491382839235
0.999956471152666 -0.0014457017833314045 0.009217686600286415 70.50253801689355 0.001375715685294517 0.999970215702584 0.0075944133467135844 0.33547193933997443 -0.009228391314885925 -0.007581401854616282 0.9999286770263458 0.5303520194510587
0.9999531101533529 2.6994560337316483e-05 0.00968384045356964 71.95902014038343 -0.00011825202435839677 0.9999555933300439 0.009423236408927655 0.3790625311326031 -0.009683156050338898 -0.00942393968855472 0.9999087087577802 0.5260371145591675
0.9999527165577617 0.0005339931434027642 0.00970976313178553 73.33340040801168 -0.0006641504247547107 0.9999099082078128 0.01340650484118114 0.39043266568697166 -0.00970172938016109 -0.01341231967879211 0.9998629836771977 0.5330101834309675
0.9999549024431124 0.0007832743112797572 0.009464647977541358 74.72169172649546 -0.0009472068831058817 0.9998494022224191 0.017328464288319863 0.3885141431460161 -0.009449649681659386 -0.01733664779662635 0.9998050533799425 0.5477682392438941
0.9999530109966073 0.0015782698261279495 0.009564771987613177 76.1875680879602 -0.0017543994234253853 0.999828538689062 0.018434080003027528 0.39839414713000665 -0.00953403804702815 -0.01844999423443999 0.9997843266581383 0.5440585606969364
0.999946675425332 0.0020005135658530122 0.0101313499247923 77.54349479282341 -0.002193455688080765 0.9998157658911054 0.01906890211120905 0.3991019037845591 -0.010091335787207606 -0.01909010793723506 0.999766839178503 0.551163361189102
0.9999468307945605 0.0017558108807929427 0.010161334167592021 78.94996230707905 -0.0019473379221860247 0.9998200584520602 0.018869514883423442 0.39180434964615474 -0.010126374421845172 -0.018888299157674617 0.9997703179710822 0.5669149137811383
0.9999585331702665 0.0017325644436523716 0.008940366906191505 80.31841547854683 -0.001891959157564234 0.999838866275306 0.01785110573204394 0.3988615054831365 -0.008907998120500563 -0.01786728031232215 0.9998006840684427 0.5517056225826017
0.9999578018269863 0.0014911501951533073 0.009064824126099798 81.7188647329968 -0.0016479741974354243 0.9998486827279391 0.01731750063518521 0.40557656259850916 -0.0090376294671896 -0.017331708464561342 0.999808948317284 0.5692846900413431
0.9999546960903269 0.00131170472900798 0.009427894653939388 83.0775757676602 -0.0014811835238799187 0.999837036081699 0.017991869684158973 0.42604885415324917 -0.009402758226736849 -0.018005019024346244 0.9997936824303615 0.5726825428420416
0.99996291320984 0.001254983905964247 0.008520400242118803 84.46828857348972 -0.0014046148070236122 0.9998445035312777 0.017578276807944562 0.4472651067839258 -0.008497014895480498 -0.017589592766423058 0.9998091852769595 0.5694239918346804
0.9999599078139875 0.0002806825013200138 0.00895008279151782 85.8447331221654 -0.00044664530672360985 0.9998278980898189 0.018546555185927897 0.4457135796288341 -0.008943336771672665 -0.018549809126461113 0.9997879381692701 0.5814656980465732
0.9999526618853055 -0.0010701267835092224 0.00967102978793323 87.23692280949955 0.0009004902414106846 0.9998459663538496 0.0175280541778567 0.44809873301540115 -0.009688297364191491 -0.017518515764869232 0.9997995991695431 0.5882145054263443
0.9999411446046217 -0.0021233885710254534 0.010639480615869442 88.59372972001039 0.001936677441270757 0.9998444871342035 0.017528571756705323 0.4573517311032467 -0.01067504600868287 -0.01750693486358857 0.9997897532103409 0.5941339574644082
0.999935462273556 -0.004008082295365442 0.010630454556757337 89.94892400945159 0.0038367200402185616 0.9998631600565316 0.01609163574965162 0.4217104252332994 -0.010693496486308397 -0.016049811154031028 0.9998140090510922 0.5861223097636885
0.9999252893794014 -0.00418511581422463 0.011484792777491912 91.33894299770662 0.004015138298404201 0.9998826552831419 0.014783583069692229 0.45698672028659953 -0.011545316105031133 -0.014736365547696277 0.9998247572482287 0.6096386107413757
0.9999233157090284 -0.0041779800609802785 0.011657923660448034 92.7238704886491 0.004012069211106194 0.9998908575420655 0.014218871419290133 0.46924402015548206 -0.011716057447284755 -0.01417100865863342 0.9998309439657732 0.6064555408295133
0.9999241938775497 -0.004388376521685932 0.011504288323765106 94.04853540829586 0.004237939867182526 0.9999056226773589 0.013068496619167903 0.49230834342696905 -0.011560552063571507 -0.013018751464982103 0.999848421385101 0.618755631993198
0.9999240762803913 -0.004638571998441161 0.011416011765126998 95.43174581700308 0.004496076583893871 0.9999120605454108 0.012476236258677801 0.5201921759859398 -0.011472879767434229 -0.01242396175323568 0.9998569988774375 0.6127681916427345
0.9999347244361431 -0.004378421658733174 0.010553496605052561 96.79475086084722 0.004244071595842744 0.9999100991282944 0.012719336363724016 0.5246818063826034 -0.010608238454327868 -0.012673716306692662 0.9998634117677642 0.6236729597848925
0.999940239142063 -0.003945412587269827 0.010195678693944728 98.15126367347229 0.0038028978312114395 0.9998953263135155 0.013959741561858523 0.5464392611868809 -0.01024968841474281 -0.013920134191333276 0.9998505757119391 0.6267192310062683
0.9999356031381348 -0.0039037391023771387 0.010656002899552035 99.47447529287658 0.0037326599381030936 0.9998645813547686 0.016027669888027948 0.551863410772579 -0.010717127719737684 -0.015986862521260678 0.9998147645439955 0.6317121617484928
0.9999272380353467 -0.0036523629899962583 0.011496907392534617 100.85400154226639 0.0034632468041665447 0.9998590787466171 0.016426459434085244 0.5639298317607585 -0.011555282626428562 -0.01638544758483953 0.9997989760701237 0.6269397777970054
0.9999149549571102 -0.004001187906128216 0.012412628587850975 102.15326664543029 0.003801205844427435 0.9998632713769555 0.01609314715961305 0.5783269319772029 -0.012475323132022379 -0.016044595560889788 0.9997934473010108 0.6233227346030421
0.9999148360526809 -0.0050265464791298 0.012043856202785188 103.51356696843085 0.004819095875613958 0.9998405905050719 0.01719214627120547 0.5370595110479885 -0.012128353420059131 -0.0171326416224128 0.999779663543101 0.6147233340775745
0.9999530037035436 -0.003606862223995627 0.008998940446413545 104.84091437315688 0.0034559008663256137 0.9998539878660468 0.01673498424155807 0.5703778269831226 -0.009057987274395685 -0.016703098313192687 0.9998194633899046 0.6243954607672457
0.9999546588608917 -0.003609486236184028 0.008812027661578375 106.11406630534326 0.003480437625775164 0.999887119231104 0.01461627003230281 0.5768760452259961 -0.00886379017862635 -0.014584937601337304 0.9998543458018445 0.6246040321575053
0.9999511753080824 -0.0028431998036909383 0.009463784383680495 107.50897052007753 0.002709519602342877 0.9998968001243831 0.014108423177099965 0.6150101626533009 -0.009502920788316752 -0.014082092028384972 0.9998556841767692 0.6208323913635956
0.9999301136121382 -0.0036959854233929775 0.011229763281849577 108.83296859878956 0.003567264809061296 0.9999279581341445 0.01146094077563312 0.5611857038333821 -0.011271313738794747 -0.011420080272511382 0.9998712613397641 0.6179203846305132
0.9999213263161156 -0.0025718848675102585 0.012277075647254637 110.15834120654304 0.0024308742948982442 0.9999310695519965 0.011486818304590153 0.5959527199319113 -0.012305772157103516 -0.011456070566670588 0.9998586532199383 0.6262973701890625
0.9999263532377842 -0.0016803320199424946 0.01201934211547376 111.50059938392357 0.0015315437983956465 0.999922221966862 0.012377576113565669 0.6195571191908622 -0.012039205712157306 -0.012358256396283077 0.9998511544348309 0.620649226842963
0.9999637316891375 -0.00013830294417714855 0.00851564317185115 112.8425092206371 2.8184353457081654e-05 0.9999164024667316 0.012930092174123713 0.6086756817911396 -0.008516719554903953 -0.01292938321362419 0.9998801410857896 0.6404512998383483
0.9999736251845113 0.0006183260203615319 0.007236477615462018 114.18363532133903 -0.0007357472356376986 0.9998679346753377 0.016234897107148146 0.6273207694746418 -0.007225483468377079 -0.016239793133133798 0.9998420182747079 0.6535081535930451
0.999966335080522 0.00346415047003224 0.007438304050655929 115.50839025132396 -0.0035919374816668417 0.9998450054628075 0.017235516708418802 0.6833591969239596 -0.007377444730855383 -0.017261654399256237 0.9998237887731236 0.6689748773555019
0.9999570287789064 0.004274036376538433 0.008226372755565313 116.86419428583416 -0.0044282564188813075 0.9998130623873364 0.018821020821012797 0.6827079149621244 -0.00814439320944891 -0.01885664054672483 0.999789025728199 0.6819194456179843
0.9999348058926815 0.0029884537423082906 0.011020576599946907 118.15794066568951 -0.0032025712086858798 0.9998054546916177 0.019462690115726978 0.6680940011354699 -0.010960269249361988 -0.01949671544434097 0.9997498440034206 0.6668068559286539
0.9999244259734147 0.00404916113801216 0.011608041859664648 119.52921493139687 -0.004273597239008967 0.9998031461342246 0.01937537991227684 0.6696153311657222 -0.011527302736375478 -0.019423523732442008 0.9997448914685382 0.6791682350279868
0.9999225491793392 0.005260241505939924 0.011279428265258386 120.84500039790856 -0.005481098210092931 0.9997920961266445 0.01963980868291889 0.6766504485997326 -0.011173773091630194 -0.019700111217694355 0.9997434933086122 0.6771095308822899
0.9999173081111621 0.0064433482578854576 0.011129249882853636 122.1766509800981 -0.00668127892182826 0.9997470461621293 0.021475665346296344 0.6610018481630112 -0.010988059505487155 -0.021548247105622878 0.9997074249974234 0.6744225538658175
0.9999125810843958 0.007648703699163702 0.010785523671288723 123.52800735060836 -0.007896818955210468 0.9997007520432186 0.023152680505974937 0.6659818978858093 -0.010605208132335666 -0.023235827851521083 0.9996737597159008 0.6791870190566346
0.9999027782419986 0.008679456081207767 0.010913345319693873 124.87844542082108 -0.008957326898673507 0.9996301894067672 0.025675878201556906 0.6613595935854518 -0.010686456791790188 -0.025771136349126526 0.9996107483278238 0.6810197151849317
0.9999057414685414 0.010127040171567802 0.009270988922969878 126.19521557940526 -0.010354054116990129 0.9996394294613813 0.02477508081654719 0.6639635055836252 -0.009016747838817384 -0.0248687378748391 0.9996500608387535 0.6842845186507124
0.9998932962273255 0.011434315406818432 0.009091347030630241 127.54000831564363 -0.011651220339359262 0.9996398539055343 0.024174605443014734 0.6743946492666989 -0.00881165275403291 -0.024277951208846498 0.9996664122900415 0.6920477616314362
0.999882926533458 0.011911843931984557 0.00960422828901048 128.84736004935857 -0.012136057702397087 0.9996469839702444 0.023635218269315247 0.6459671052069926 -0.009319298811148551 -0.023749008681082408 0.9996745146578132 0.6851036398776548
0.9998633685108289 0.012848146803870834 0.010400453542256397 130.2203662622802 -0.013095320646211066 0.999624813149482 0.024057130191191524 0.6468291080248898 -0.010087461888471658 -0.024190040503670185 0.9996564835247553 0.7088703365266268
0.999860934338725 0.013249206563042154 0.010127709945570558 131.5581174612598 -0.013481075797674361 0.9996404130979833 0.023179842463454576 0.6302220786926521 -0.00981695363282962 -0.023313151368767243 0.999680011000834 0.6907795959136691
0.9998554461337832 0.01332410717326265 0.010561960265441506 132.9087897083279 -0.013555571776149418 0.9996626446953072 0.022154983064894083 0.6269098545890127 -0.010263201763339535 -0.022294953886911113 0.9996987554862442 0.7207339989773454
0.9998516420297601 0.013179360415303935 0.01109046389633185 134.2436515281516 -0.013408015991156272 0.9996937053037426 0.0208019394108952 0.6236098395563315 -0.010812910689227868 -0.020947554394658504 0.9997221018499638 0.7117321469696242
0.9998606503620326 0.012436225023331636 0.01113643411429123 135.57319195904657 -0.012662424142024908 0.9997101382350605 0.020476877810923312 0.5794518788396393 -0.010878551027611821 -0.02061503861759853 0.9997283017451964 0.7261594261956746
0.9998797850996156 0.011375707081546772 0.010536063664453615 136.9146588081273 -0.01159744284867032 0.9997073709204081 0.021229033109810884 0.5805191080603401 -0.010291485243559299 -0.021348672459908784 0.9997191203111407 0.7341233931313498
0.9998697904692951 0.010877849950362267 0.011919500297636183 138.25530339575147 -0.011114381583900806 0.9997389827871097 0.01996088218999356 0.5943698485009319 -0.011699257621549839 -0.020090760967488488 0.9997297078184944 0.7575089154871988
0.9998848252743181 0.00900194757423729 0.012218883992293046 139.6137851120676 -0.009243167402028005 0.9997606231882538 0.019830788653318773 0.5349306586063957 -0.012037443354986918 -0.019941445837882293 0.9997286825411034 0.7569317031632564
0.9998881837012424 0.008483169277535105 0.012314866367092928 140.96852622066052 -0.008711054510626875 0.999789600638935 0.018570729214327744 0.5652655690945003 -0.01215473668754528 -0.0186759281763366 0.9997517052162546 0.7598666350146116
0.999910188444209 0.006829923320687875 0.01153114013876884 142.29118527958948 -0.007047518728990905 0.9997958542804449 0.01893626793747686 0.5427346563536142 -0.011399452847874953 -0.019015833167887117 0.9997541950718188 0.7535200611852668
0.9999206639045652 0.005955135759670452 0.011099651108818671 143.6359846781486 -0.006164954693481297 0.99980112543595 0.0189658353529456 0.5412231853166987 -0.01098449954622095 -0.019032759523821358 0.9997585182605986 0.7585452866244925
0.9999418318340402 0.005768069390502971 0.009113853405150089 144.9773991014912 -0.0059239003690258925 0.9998351250526475 0.01716479290217807 0.5468524394421914 -0.009013343042516359 -0.017217784017205886 0.9998111359455519 0.758561030087127
0.9999618346019524 0.004067559081547309 0.007732030950264523 146.30946457631615 -0.004179877214505535 0.9998851718208934 0.014566118191680657 0.5259127148433718 -0.0076718945488962464 -0.014597881209972723 0.9998640127028326 0.7961042106921034
0.9999396095618415 0.00330684192597304 0.010480554650808988 147.73338347487973 -0.0033691553024459446 0.9999767206187002 0.005933549799032575 0.5244097470877561 -0.010460689358735752 -0.005968502085634725 0.9999274728504032 0.788249565570414
0.9999264537122993 0.0019726740160728616 0.011966441558430053 149.05654456910213 -0.001958557656210721 0.9999973724645365 -0.001191266523674696 0.5127827338847157 -0.011968760096697957 0.0011677419447123562 0.9999276899658786 0.79280858205291
0.9999191541986758 0.00137692267652562 0.012640773336609235 150.28467538878712 -0.0013378312681792748 0.999994298783009 -0.0031004207740039876 0.5517074089259669 -0.012644970308488008 0.0030832588961783886 0.9999152955328149 0.8459199689416128
0.9999376713948621 0.0014655425087121352 0.011068220750246605 151.64776755390358 -0.0014651911147198144 0.9999989258126426 -3.9856726160532915e-05 0.5456111022577278 -0.01106826727263025 2.3637183247367165e-05 0.9999387445743191 0.8786739272600431
0.9999687544840741 0.0020409330525993155 0.007637057538384437 152.99572181048123 -0.0020818068479350584 0.9999835327916324 0.005347917895247691 0.5238802408287819 -0.007626017034971637 -0.005363649675475407 0.9999565366186378 0.8790637798596594
0.999962032345198 0.0030650239873661785 0.008157174511931455 154.39224879384972 -0.003091247644869476 0.999990088812287 0.003204132517903462 0.5413293240856976 -0.008147272921617587 -0.0032292267110048795 0.999961596281972 0.8690262875606014
0.9999549223742388 0.003136840256989853 0.008961777319936267 155.69962157404947 -0.0031353057537774967 0.999995067753951 -0.00018527169606351356 0.5145637375292402 -0.008962314285960182 0.00015716543246006542 0.9999598253038302 0.8118247381925574
0.9999217605817798 0.00404243934185154 0.01183771089363639 157.0331293390555 -0.0039158978001104985 0.9999351559943679 -0.010693434945714939 0.5279405333338982 -0.011880170851168619 0.010646243031539274 0.9998727514288308 0.8073455535938737
0.999913685422447 0.0039929391386939635 0.01251711396186657 158.3688183056618 -0.003831933587198472 0.9999099574223003 -0.01286053392036313 0.5102801656720888 -0.012567338217895204 0.01281145911940542 0.9998389512943315 0.8102869615447809
0.9999161700923624 0.003453083038376276 0.01247914281318255 159.71728987659301 -0.0032904529224745387 0.9999097014187255 -0.01302927197813355 0.490261860387578 -0.012523007122361082 0.012987117703527425 0.9998372412879848 0.8146373978748658
0.9999144273854016 0.004461533267277619 0.012297667560538891 161.094859796721 -0.004316262241009104 0.9999208938226543 -0.011814227743324097 0.48966126309634156 -0.012349404309171941 0.011760136810822601 0.9998545851249566 0.8131792341067863
0.9999135887499446 0.005894823241801231 0.011750152856637976 162.42666386769494 -0.005769477125752038 0.9999263961214727 -0.010673119188838202 0.5052916947160334 -0.011812204150871315 0.010604404673136641 0.9998740012794745 0.8049356025613831
0.999908981823568 0.007681815952190233 0.011091337711580064 163.7699228099391 -0.007570874698557411 0.999921236867989 -0.010010090743340734 0.553428808232394 -0.011167359797838774 0.009925208515081599 0.999888383926465 0.8083351207835204
0.9999069180656893 0.008294152528323807 0.010833385353235456 165.1159516455466 -0.008188806014071345 0.999919105994421 -0.009732672982371002 0.54997172475798 -0.010913233271524332 0.009643054555210463 0.9998939507959864 0.7985094876193678
0.9999004453376745 0.008154537205864022 0.011515334840044621 166.47594300125786 -0.008045261935243823 0.9999224690159696 -0.009504194726583873 0.5527800175659429 -0.011591944354312737 0.009410604654626994 0.9998885274599968 0.8048153727953407
0.9999087378457434 0.007782231281519753 0.011043226702981286 167.7956977622733 -0.007673228205060025 0.9999217617922832 -0.009878859404278092 0.5173151381878758 -0.011119242269398344 0.009793220639675072 0.9998902216147816 0.7822511382815315
0.9999244467416449 0.007674371587594029 0.009602334567733307 169.1777727669791 -0.007590818170746116 0.9999332749441682 -0.008707763141539331 0.532961241625355 -0.009668520461468088 0.00863421566594267 0.9999159814864048 0.7835469024136615
0.999941938569933 0.006662211040883995 0.008469618235265885 170.57814139205368 -0.006605922560634418 0.9999560246112169 -0.0066566230818916085 0.5195065578180283 -0.008513593608302327 0.006600286946655752 0.9999419757846424 0.8068292314655794
0.9999442469111939 0.006438790692628582 0.008369291703709559 171.89476220821874 -0.006384477912342001 0.9999584925202015 -0.006500129115095168 0.5252983313843329 -0.008410797286350398 0.0064463331547950815 0.999943850062525 0.7816097072436271
0.9999384181342531 0.0066017034604271396 0.008920619406083196 173.2764449744839 -0.006546171025728022 0.999959103550479 -0.0062401018761206305 0.5304099022961782 -0.008961449886570962 0.006181321698717 0.999940740083125 0.7650933574612522
0.9999173942914793 0.006542538116247984 0.011063443782831528 174.71097745100124 -0.006561232853125743 0.9999771064552835 0.0016543242626209733 0.5387125030292098 -0.011052367021841734 -0.0017267774368097603 0.9999374297539313 0.805004980485753
0.9999081290504592 0.006249549785166505 0.012028158059023604 176.05641994178845 -0.0062450630382813585 0.9999804151287839 -0.00041054416681935335 0.5220633411748901 -0.012030488205306599 0.0003353898444239049 0.9999275748108931 0.7716127207954996
0.9998813193799383 0.005948314192792425 0.014211428967475986 177.44604961216865 -0.005950462369212448 0.9999822899147246 0.000108878354986816 0.5389649927567225 -0.014210529639192832 -0.00019343000651983642 0.9998990066162713 0.7906135144532687
0.9998944970051165 0.004408157447620503 0.013840628844174453 178.85795676135334 -0.004393386622008562 0.9999897468463661 -0.0010974316061574936 0.5288834118155615 -0.01384532458538846 0.0010365085902321824 0.999903611673179 0.775717788009202
0.9999519206576017 0.002818322325448645 0.00939220061770652 180.20084485114208 -0.002771182012980575 0.9999835180807317 -0.0050283314462901615 0.5279752151961905 -0.009406217274989023 0.00500206219000677 0.9999432496149084 0.7390475279264325
0.9999783395292527 0.0012654708423883514 0.00645902901877695 181.62283726748967 -0.001242298205317551 0.9999927828827134 -0.003590386839233474 0.5644157314873844 -0.00646352593306491 0.0035822850296062516 0.9999726946604488 0.7729587808239018
0.9999822196322358 -0.0005320848940056675 0.005939470098624875 183.00845334445614 0.0005270100002828777 0.999999494789638 0.0008559678313365766 0.5247233481864914 -0.005939922545495846 -0.0008528224517753848 0.9999819948449169 0.7777076767718452
0.9999729149677653 -0.0006127049450046434 0.0073344340968334336 184.3283572373048 0.0005899389315711748 0.9999950031270824 0.003105751587506281 0.5515205493118889 -0.007336300356953951 -0.0031013405999096555 0.999968279688689 0.7723057777342373
0.9999475233133814 0.0006679217250793104 0.010222744250140178 185.79065826328147 -0.0007368802326159033 0.9999769920763997 0.0067433170887188035 0.5792839795766145 -0.01021800503803883 -0.006750496159942184 0.9999250087754767 0.7833288040073171
0.9999310956344448 0.000573329519999885 0.011724985141151301 187.1552113245997 -0.0006888273535511938 0.9999512610646636 0.009848909181525662 0.5812301966703078 -0.01171876700748512 -0.009856307039172306 0.9998827549824898 0.7895675767654813
0.9999317688191205 0.0007328793152787451 0.011658498795915892 188.6122722371222 -0.000841310537989095 0.9999564147267762 0.009298432306055449 0.5732872501634904 -0.011651176028358863 -0.009307606280933014 0.9998888030988623 0.777008827142933
0.9999316678859174 0.0008668969146531312 0.01165796074048954 190.01702876765148 -0.0009942196491494945 0.9999398788971232 0.010920170259478695 0.6031008591733091 -0.011647793189127096 -0.01093101463479593 0.9998724127771889 0.7990578050310815
0.9999179146184863 0.0016556009593131468 0.012705235553937901 191.4072756273961 -0.0017117139158634503 0.9999888244849461 0.00440691963688681 0.6379436477803128 -0.012697797466008258 -0.004428305621709115 0.99990957393598 0.7715865680680487
0.9999218423745957 0.0013976940696150124 0.012423992654618906 192.84001284406338 -0.0014627203088399272 0.999985272594707 0.005226379529598608 0.5958199711873435 -0.012416504801769649 -0.0052441438745579015 0.999909160555863 0.7840642718314939
0.9999147816715444 0.0014713025265148383 0.012971686999894188 194.18412636796882 -0.0015153345778683893 0.9999931217327509 0.003385298850189208 0.5883801271358291 -0.012966616978413037 -0.003404666806524097 0.9999101335060425 0.788652995783482
0.9999076348623231 0.0020088472024751614 0.01344195956518361 195.64370598297387 -0.00203333430381198 0.9999962978437806 0.001808272750873741 0.5956222007420445 -0.013438277257292502 -0.001835437727006491 0.9999080177059819 0.7882062983956295
0.9998982660366718 0.0024104662332076867 0.014058706533524201 197.04495872847716 -0.002396136471543446 0.9999965925745988 -0.0010360353283967935 0.5897178006519556 -0.014061155957705958 0.0010022433489489842 0.9999006347639763 0.7940160814133771
0.9999244812952338 0.0027914241507908206 0.011968277138666748 198.47962858348015 -0.002814098219233135 0.9999942767941759 0.0018780921451133738 0.6014736390546931 -0.011962966089982045 -0.0019116302214103541 0.9999266138633507 0.8105214415172692
0.9999590192918273 0.00375823632155507 0.008236224661712714 199.90483765410855 -0.003825670751886723 0.9999591666686435 0.008187138611881509 0.6285608463435423 -0.008205119147521197 -0.008218312180937569 0.9999325654086237 0.8234555125156142
0.9999662481379904 0.005036240965507163 0.006491445275758246 201.378737159725 -0.005146391600920731 0.999841136287765 0.017065076626862012 0.6444046341320194 -0.00640447018267625 -0.017097908168195522 0.9998333082559068 0.7983197989550435
0.9999391569440239 0.004552673729111568 0.010047665001927763 202.7723220448072 -0.004782239568924169 0.9997253327139433 0.02294317577626893 0.6094111945249383 -0.009940452443431468 -0.02298983018448842 0.999686278346016 0.8039649138485166
0.9999208060898315 0.005767998159968879 0.011185336199158853 204.2364135251599 -0.006040564478717403 0.9996818377853656 0.024489483107088997 0.6057603775038615 -0.011040522154322021 -0.02455510943369089 0.9996375110365053 0.7805148756573688
0.9999057010983512 0.00728183321268732 0.011643187539391845 205.7205687401957 -0.007537394498423368 0.9997282721108598 0.022058323290987808 0.7130395359058941 -0.011479398729462393 -0.022144002513032775 0.9996888848824481 0.7820343056920245
0.9999154801186095 0.0054470814907931165 0.01180516507310976 207.1465534342656 -0.005681361055925002 0.9997857596544061 0.019903691336394958 0.6640960680887168 -0.011694218901787767 -0.019969078483869102 0.9997322047172343 0.7944898660427349
0.9999281045141211 0.003781082612646542 0.011379332892279043 208.55978207390436 -0.003991487179997162 0.9998204392145603 0.01852450698117827 0.6254650536189116 -0.011307246919072741 -0.018568595614104642 0.9997636487810662 0.7889541750560237
0.9999346713939619 0.003463162530788782 0.010893091826235643 210.09706247067234 -0.003668441140849832 0.999814995614379 0.018881659996285657 0.6409548126496007 -0.010825686299056588 -0.018920387149964833 0.9997623835023249 0.7799889167536541
0.9999349379358179 0.0035223577460234503 0.01084955718916234 211.55425050566862 -0.00374703468616826 0.9997775044812466 0.02075816139044575 0.6486117053005223 -0.01077402554074045 -0.02079746448873442 0.9997256552897336 0.7849831228868861
0.9999293555269473 0.003106063207228076 0.011473287533069513 212.99907503320821 -0.0033533126102634797 0.9997611985819358 0.021594006218135023 0.6470589871470752 -0.011403475347525954 -0.021630954240710466 0.9997009865798047 0.7773958799827381
0.9999319246321783 0.00217014064491525 0.011464579842672146 214.44084057694405 -0.0024118838227231054 0.9997741544199078 0.02111452036831834 0.6470810150884081 -0.011416169139137886 -0.021140734224234743 0.9997113285537215 0.7878964682070184
0.9999394291487087 0.0021571890137832396 0.010792801736033026 215.91970239311118 -0.0023992378508192105 0.999744764018678 0.022464426878357757 0.6557254790123512 -0.010741587009827785 -0.022488960687339445 0.9996893842367807 0.7959920301129574
0.9999456638974554 0.0018362792493339093 0.010261448786386986 217.39264345708108 -0.0020617842938102484 0.9997556520344117 0.022008754412140886 0.6603427220684014 -0.010218527203221346 -0.022028715436143778 0.9997051152204985 0.788077752191617
0.9999435506698314 0.0009707980430573216 0.010580785649929248 218.89153036140408 -0.0012106762600484534 0.9997418533805053 0.02268834199111042 0.6412627635077064 -0.010556028457876936 -0.022699871155401414 0.9996865939446845 0.8013567765447771
0.9999513587728067 0.0016849318847913788 0.009718080724150686 220.3570048168374 -0.0018916065064601862 0.9997713996851205 0.021297187525108584 0.6883309705740431 -0.009679974857519685 -0.021314534388499704 0.9997259568054433 0.774180206731337
0.9999485980103915 0.0011055143317184144 0.01007864946879649 221.83808029267772 -0.0013504236842757646 0.9997031794174418 0.024325489070750196 0.6755265093271637 -0.010048765741395987 -0.024337849139161934 0.9996532855977385 0.8215309766069392
0.9999545591781981 0.0007981833623569725 0.00949960431048024 223.31645614979354 -0.0010334274667793556 0.9996922834294331 0.024784480614231556 0.688018736497273 -0.009476898564749137 -0.024793171539082497 0.999647681455135 0.8097487133469238
0.9999559689980577 -5.960336793961281e-05 0.009383843167589936 224.81134469919098 -0.0001685879393132377 0.9997043373525385 0.024314799127872117 0.6578013204302037 -0.009382517959594439 -0.024315310525686955 0.9996603093205098 0.8133712201910617
