1.0 -2.1684043449710093e-19 -2.5135375298442207e-37 0.0 2.1684043449710093e-19 1.0 2.3183291766350204e-18 -8.673617379884035e-19 -2.51353752984422e-37 -2.3183291766350204e-18 1.0 0.0
0.9999995428144973 -0.00027016809243965293 0.0009172676807461274 1.312229946372557 0.0002704634076992144 0.9999999116335562 -0.0003218422360263234 0.0029944246144840516 -0.0009171806481874707 0.0003220901762274259 0.9999995275186769 0.016024781564121973
0.9999986787689651 3.1324680455637075e-05 0.0016252627752694091 2.606466015620205 -2.885662172212676e-05 0.9999988465691676 -0.0015185610391606574 0.011158718835283776 -0.0016253084690805177 0.0015185121331975791 0.9999975262435811 0.02676375450990427
0.9999990151319048 -0.0005791120796126767 0.0012784226295059432 3.939913150625447 0.000582796080449049 0.9999956737797447 -0.0028831875628954067 0.013565660943552105 -0.001276747410022607 0.002883929783033597 0.9999950264201606 0.05277707663131761
0.9999989890288279 7.743227559741171e-05 0.001419839978645355 5.244415290575036 -7.245719278053869e-05 0.9999938594307234 -0.003503691025449121 0.01756665633672644 -0.0014201025587886951 0.0035035846056994473 0.9999928540762845 0.06453334927665286
0.9999969081400512 -0.00034830603964733315 0.0024621927708951374 6.580317177349091 0.00035696217510007783 0.9999937549456037 -0.0035160557159417817 0.027595408214913627 -0.0024609527309257494 0.0035169237544769496 0.9999907874370451 0.07204440957935836
0.9999932102839483 -0.00036888199241751014 0.0036665122499302733 7.907852654433621 0.0003875437550820686 0.9999869688389532 -0.0050903793689791085 0.027840730832279628 -0.003664586721734875 0.00509176574067399 0.9999803221692919 0.09384467006015552
0.9999897425551 0.00012386898445063222 0.004527630844011983 9.225435039074126 -0.00010096659911086104 0.9999872019336589 -0.005058238293854396 0.033974955005237215 -0.004528199457932643 0.005057729269765457 0.9999769571266645 0.10380464284871828
0.9999954469726666 -0.0008127905459314328 0.002906097979302156 10.564595613782934 0.0008246858034510001 0.9999912780441904 -0.004094353291090318 0.039618700352217345 -0.0029027447807973006 0.004096731267134839 0.9999873953533928 0.12399798462095828
0.9999991809969431 -0.00017845088033885542 0.001267343965303048 11.877993064766429 0.00018005813818912345 0.9999991796124051 -0.0012682088091267414 0.04636886946700779 -0.0012671166126113384 0.0012684359660546875 0.9999983927415534 0.13146897699729446
0.9999997268489013 -0.0007101364183053533 0.00020495948429730484 13.233126364373103 0.0007096359167233241 0.9999967914201819 0.002431782516375948 0.059269433172485175 -0.00020668572399471676 -0.0024316364055203513 0.9999970222082678 0.14801715263056603
0.9999997519605359 -0.000642268214964798 0.0002890854662067729 14.574764456371643 0.0006408420943454893 0.9999877573972706 0.004906564682924364 0.07562517162124623 -0.0002922332575887664 -0.004906378207767081 0.9999879209533511 0.16060930513373461
0.9999988534838723 0.00014236523970320733 0.0015075685985679345 15.910817788116542 -0.0001508244951195052 0.9999842380599642 0.005612564797376869 0.08144749773866178 -0.0015067458022293553 -0.005612785740753548 0.9999831130340732 0.17318879128305836
0.9999923639031246 -0.0001228817710717293 0.003906025538962874 17.281560759980234 0.00010969254076021308 0.999994293010953 0.003376671892668792 0.0880301360448509 -0.0039064181787404045 -0.0033762176462094604 0.9999866704368705 0.1881873316469895
0.9999814476160609 0.0004973987033816076 0.006070998123634072 18.616128738856496 -0.0004870059453621422 0.9999984138361969 -0.0017132280348489896 0.0837840176252226 -0.006071840651439731 0.0017102396382042196 0.9999801037178107 0.20697529487492453
0.9999898914471149 -0.00036605756652900354 0.0044814066369042935 19.973581123473025 0.0003804584038791857 0.9999947658214261 -0.0032130330147643426 0.08874873786323617 -0.004480207025375132 0.0032147055244664017 0.9999847965911285 0.22151645446199783
0.9999989724247397 0.0005811490517553511 0.0013105019055464978 21.329931130646578 -0.0005758938325365138 0.9999918065179967 -0.004006899445602562 -0.02815118519170593 -0.0013128197737860103 0.0040061406182468895 0.9999911136313104 0.1642892084108382
0.9999997967149482 0.0006311377112208204 -9.074828796117736e-05 22.70155333873163 -0.000631334620594062 0.9999974104520687 -0.0021864367710142498 -0.020342868869343857 8.936811026474902e-05 0.002186493619080287 0.9999976056266308 0.19457203362987022
0.9999986145787916 0.0013705053743721042 0.0009447515632965958 24.06241629204928 -0.0013703987517652931 0.9999990545625204 -0.00011349593197257833 -0.004670021606238504 -0.0009449062168777968 0.00011220108836983712 0.999999547281476 0.20111779846713784
0.9999815240600081 0.0025952644569910864 0.005496921049254316 25.434436342551233 -0.002595792860626372 0.9999966269639792 8.8994882457786e-05 -0.00431112409202965 -0.005496671542686316 -0.0001032621066087593 0.9999848878552561 0.21078563169872966
0.9999758925469252 0.0023413984647599824 0.0065369854068545495 26.809636830884028 -0.002329768658641967 0.9999956909560912 -0.0017861263244664115 0.0012403004738704227 -0.0065411392721313735 0.0017708536017869692 0.999977038523657 0.21722418627661857
0.9999743605149252 0.0029084198942922143 0.006543653909317748 28.171799665310616 -0.002869008846632655 0.9999777390369948 -0.006024136344567389 0.0030711358480189624 -0.006561028959270622 0.006005208087858358 0.999960444405086 0.24178864553709825
0.9999933367933835 0.00235323234367772 0.002790818226160418 29.550384400876457 -0.002335044148689652 0.9999761315698277 -0.006502604052712704 -0.0011521098337789672 -0.002806053751885437 0.0064960440407493035 0.9999749634236661 0.23719765902357007
0.9999929821975897 0.0034659169253073233 0.0014223134106351668 30.930124081840788 -0.0034566407450729647 0.9999730734138228 -0.006473336239744216 -0.0003076929620930756 -0.0014447111582270792 0.006468374384662084 0.999978036230041 0.26318545181056735
0.9999937567320161 0.003512380187788044 0.0003868881051747471 32.31138739457028 -0.0035109079387087316 0.9999868335770739 -0.0037424855301679276 0.014250677420470098 -0.00040002804327157456 0.003741103836307987 0.9999929220347765 0.27319520058706404
0.9999898251948668 0.004032027361346725 -0.0020229340318138394 33.71204774236184 -0.004036349871769986 0.999989569988147 -0.002137239956935753 -0.040930925616009466 0.002014295522603781 0.0021453834804555792 0.9999956699622601 0.3014464420847468
0.9999883867230862 0.004356648504164749 -0.002060590393733557 35.10217248788037 -0.004360245133551693 0.9999889729944749 -0.0017441765480666121 -0.03349513586003563 0.002052968907442767 0.001753140971697893 0.9999963559010596 0.3116379961781121
0.9999924264068543 0.0038263570437375286 -0.0007114216090655937 36.49523131019409 -0.003827772399582821 0.9999906762884025 -0.0019988733627250665 -0.04010617906552938 0.0007037665728046843 0.0020015813840711153 0.9999977491897538 0.3353193460451209
0.9999917382454252 0.0037946390778270406 0.0014574481678940577 37.89825249102902 -0.00379375623136153 0.9999926188258232 -0.0006080357956878085 -0.029777390440231147 -0.0014597446866063113 0.0006025015691764572 0.9999987530678771 0.35095100847662636
0.9999915744305381 0.0036723848878018363 0.0018343001851671961 39.28169653129238 -0.003677207945224119 0.9999897727878609 0.0026329567808324513 -0.0231001649239065 -0.0018246121946979114 -0.002639679699887027 0.9999948514274566 0.3713002979599212
0.9999922208718393 0.003736407376830997 0.0012639049493620978 40.6810546093638 -0.003742626581927893 0.9999807222476882 0.004954581643314791 -0.023641029373888015 -0.0012453682487143453 -0.0049592734252497175 0.9999869272470608 0.38645791524828077
0.9999901203646853 0.003959533123667796 0.0020202154501147143 42.09602411918669 -0.003971983518585836 0.9999729125657638 0.006196570153833507 -0.009759405521743614 -0.0019956252028843313 -0.0062045331964520325 0.9999787603983715 0.3912181412242352
0.999991539277996 0.003450095805085734 0.002240136460083078 43.487914689567134 -0.0034684996668406607 0.9999598348812396 0.008264268530558396 -0.009671939267726744 -0.002211533966546738 -0.008271968521445268 0.9999633411552121 0.4131592070639897
0.9999922128413424 0.0031036925889763463 0.002437488254028378 44.91834894972163 -0.0031199371272295565 0.9999727600896072 0.006689175666328861 -0.007329744737342889 -0.0024166607121248085 -0.006696728386757587 0.9999746564688109 0.42736800514128526
0.9999953550733751 0.002269722684154806 0.002034254313376497 46.31869205997187 -0.0022831018122095315 0.9999756206306699 0.006598908274965585 -0.00924407330296932 -0.002019227027736934 -0.006603522033230208 0.9999761578252588 0.44832946899305076
0.9999959099120977 0.0012174218117324527 0.002588057806185624 47.75254741847877 -0.0012322016646641484 0.9999828992995605 0.005716886171909425 -0.007303862008366969 -0.002581053686663486 -0.005720051798479483 0.9999803093907846 0.46340421407258553
0.999999020226266 0.00028887488639265936 0.0013697071979799809 49.1503244676256 -0.00029863571525866686 0.9999745268335936 0.007131374386463623 -0.09544086589289935 -0.0013676122322348859 -0.007131776442819076 0.9999736333531759 0.4865056400077551
0.999997707524545 -0.0005706556297644515 0.002063806630133077 50.570740694450365 0.0005543755335908716 0.9999687957301414 0.007880370154914738 -0.08274812532160414 -0.002068239208147584 -0.007879207965457774 0.9999668196837408 0.5045487596905958
0.9999960329751223 -0.0015461017658800424 0.0023544857926363484 52.01354554191528 0.001528524241800441 0.9999710865758945 0.0074491359141263536 -0.06441667600488725 -0.002365934838581187 -0.007445507474607845 0.9999694829197465 0.5124012587749267
0.9999895868082433 -0.002927038546960862 0.0035012455531354407 53.42531722258946 0.002899468542784915 0.9999649558737561 0.007853668350935726 -0.061779338495803526 -0.003524110845042501 -0.007843434817839313 0.9999630299031111 0.530448615968479
0.9999824402690954 -0.0036382631967145068 0.0046778407814472515 54.877325112881984 0.003610305132594227 0.9999756542213804 0.005971319901978996 -0.05083415367215499 -0.004699452129206348 -0.0059543266146256536 0.9999712301582738 0.5430767186320941
0.9999781703826521 -0.004120018920677115 0.005165675392124412 56.27977537977342 0.004100868543882622 0.9999847005014828 0.003712363148383177 -0.04095728073578281 -0.005180891366293173 -0.00369109835319272 0.9999797668741093 0.5497113078071209
0.9999808026964855 -0.00415599812259059 0.004595858798690464 57.695282642506236 0.00414759621235551 0.9999897129090968 0.001836170373717251 -0.01726338982318827 -0.004603442641299149 -0.001817073357651313 0.9999877532051386 0.5647471527038338
0.9999771937577426 -0.004490277264404268 0.00504473730523551 59.159684883144784 0.004488530885075833 0.9999898626096887 0.00035744698858216874 -0.011944904922500098 -0.0050462912008504895 -0.00033479537735790917 0.999987211346811 0.5777616696468544
0.9999751180343321 -0.0038843288456623442 0.005888573820744493 60.55406239015742 0.003883204745281735 0.9999924398658765 0.00020231657732010976 0.002575663602970851 -0.0058893151664538524 -0.00017944500548232204 0.9999826417325254 0.5966485930334009
0.9999715182970087 -0.0034743135725362278 0.006700129847609862 62.01489275957412 0.0034889726558540164 0.9999915428885736 -0.0021774345309258417 0.012069221178791832 -0.006692508093521066 0.0022007490837112316 0.9999751832115078 0.6073692474342773
0.9999753912809577 -0.0032975311368474694 0.006192182240284489 63.42711991574251 0.0033181332946049104 0.9999889843880534 -0.003319803305706713 -0.07158328710914597 -0.006181166874839052 0.0033402680956576367 0.9999753175879464 0.6088635542581216
0.9999825643613437 -0.0031972112984749736 0.004964757116320533 64.84574973153266 0.0032179878521029722 0.9999860756378507 -0.004182473501943677 -0.07180274451226194 -0.0049513157337084755 0.004198377105935968 0.9999789288290937 0.6191844015103047
0.9999900714317987 -0.0030708899440102795 0.0032290358898078952 66.32231786205669 0.003084967656903083 0.9999857199164027 -0.004363821470866395 -0.09537323355638974 -0.0032155889634331108 0.00437373961565034 0.9999852650861375 0.6295052031398072
0.9999919375638555 -0.002469746948029177 0.0031662528797897225 67.69979067514143 0.0024791305395275762 0.9999925368425377 -0.002963135331666469 -0.07984144803597895 -0.0031589110551039344 0.0029709609957872243 0.9999905972916484 0.639344155271231
0.9999876957073947 -0.0016645619759866777 0.004673078989610452 69.14409667391047 0.0016654899871157852 0.999998594116095 -0.0001947021729974187 -0.05710266652040383 -0.004672748325970102 0.00020248274359110864 0.9999890621520922 0.6580442220695556
0.9999839671804354 -0.0013624495834953325 0.005496281762277989 70.51236715035647 0.0013457044754061575 0.9999944457950666 0.003049173409747502 -0.0754466912537748 -0.005500405579844824 -0.0030417281519348116 0.9999802465190535 0.6611572333917848
0.9999800843478329 -0.0006156393416549804 0.006281074422569282 71.95566540430643 0.0005753237521954005 0.9999792365439273 0.006418370790517455 -0.05728128529184007 -0.006284895407324391 -0.0064146293131727 0.999959675497214 0.674670413384761
0.9999802215221398 0.00019146950580946782 0.0062864858196364564 73.32786301443825 -0.0002583073231907512 0.9999434358191029 0.010632894225670738 -0.032293709569889965 -0.006284094354712634 -0.010634307768532053 0.9999237079179717 0.6882059385847167
0.9999845372365348 0.0010315132934218703 0.005464546473302609 74.72249049846751 -0.0011077635391212248 0.999901814755279 0.013969026775022925 -0.05463256064593288 -0.005449600698655236 -0.013974864200607022 0.9998874961828454 0.692177266683821
0.9999820118452589 0.002058681787678125 0.005633632505362213 76.14904411112748 -0.0021503670053093274 0.9998645524935812 0.016317248191804325 -0.03413528889061207 -0.005599277422209791 -0.01632906905207847 0.9998509936966815 0.7069796883369929
0.9999824662635124 0.002009536913963581 0.0055703614725319765 77.5262673681804 -0.00210275433252321 0.999857003097665 0.016779504783305185 -0.055331665145113396 -0.005535845893836438 -0.01679092367761001 0.9998436974308995 0.7144734728718851
0.999981639866419 0.002058609142145986 0.005699303331745102 78.94139929421128 -0.00214212520144919 0.9998898512300045 0.014686616589968081 -0.04867880666295054 -0.005668441557313978 -0.01469855556302327 0.999875902917293 0.7273200611155395
0.9999868667619417 0.001839503191110369 0.004783568923382509 80.32764076578069 -0.001906918652913745 0.9998983910481097 0.01412696855849048 -0.03992733498444842 -0.00475709626621385 -0.014135904902456854 0.9998887669274532 0.7478465445995325
0.9999883496683335 0.001612806784586988 0.004549657336371065 81.71756117800346 -0.0016760301952216468 0.9999016115233976 0.013926887509319695 -0.06966580107251119 -0.0045267483238534655 -0.013934350619534798 0.9998926654508595 0.7532047125647303
0.9999856874695412 0.0014702353293164527 0.0051442457314495515 83.10801179318527 -0.0015382141581576684 0.999911222045619 0.01323563086673044 -0.05719785340272151 -0.0051243295437306225 -0.013243354382977678 0.9998991723225968 0.766218857860693
0.9999915154096682 0.0010360810164797383 0.003986934261116937 84.4743527563209 -0.0010903638957822535 0.999906414664548 0.013637192499331041 -0.07204579906045663 -0.003972431906270049 -0.01364142400251259 0.999899060573583 0.7708554349387237
0.9999901960564127 0.00033116806697086436 0.004415667420536152 85.86828286865733 -0.0003911268190247174 0.9999076472559066 0.013584696498958975 -0.06534213177193482 -0.004410760803852915 -0.013586290401312914 0.999897973746453 0.7850682707379169
0.9999847628051837 -0.0006860365884396306 0.00547754609837883 87.23104853868226 0.0006176793283992167 0.9999220371087905 0.012471494555743272 -0.055978603556106156 -0.005485674954626033 -0.012467921158155752 0.9999072248525291 0.8050373980811345
0.9999789013543637 -0.0019148196218020464 0.006207278947782778 88.6221794827536 0.0018441309903725995 0.9999336155833938 0.011373812342916928 -0.07036202344148869 -0.00622864568024003 -0.011362125335407277 0.9999160495165844 0.8057201064078268
0.9999698387906628 -0.0030925309578359672 0.007124448136580111 90.00461257509741 0.0030270099356736703 0.9999531973240401 0.00918914426258191 -0.061816016105598025 -0.0071525324064506375 -0.009167301331582558 0.9999323986482639 0.824134424028107
0.9999659844557169 -0.0038319930388062734 0.0073038182383844755 91.358584246971 0.003785368455618333 0.9999724397616205 0.006386759964740142 -0.0537363570961916 -0.0073280909631381575 -0.006358895072458585 0.9999529306603853 0.8359126468316861
0.9999706714457424 -0.004343892591116674 0.006307681468498574 92.74867475359952 0.004307739571970537 0.9999742825271308 0.005733904789052818 -0.052278473044961846 -0.006332426717402876 -0.005706564772845867 0.9999636670851406 0.8374929614424984
0.9999694777821079 -0.004581718620775257 0.006328614276326491 94.103122376189 0.004556581545022133 0.9999816956458536 0.0039806956511612545 -0.040448449372631465 -0.006346736862518084 -0.003951737304484155 0.9999720509611627 0.8524173468109071
0.9999722184860514 -0.004645242587702049 0.00582957780513804 95.46384295969384 0.004616933581150686 0.999977530951273 0.004860197208282126 -0.025427660561574927 -0.00585202361512682 -0.004833147411113119 0.9999711968380443 0.8634519233924138
0.9999761818981879 -0.0047825984595287 0.004976182100470079 96.80959747278223 0.0047585385628001915 0.9999769860431662 0.004835669009721367 -0.01489516874061808 -0.004999194641986707 -0.004811874478843961 0.9999759266687029 0.8679240382369416
0.9999790708007943 -0.004552841923717264 0.0045966934635485205 98.17558449577531 0.004527091420714536 0.9999740896776558 0.005596911345750115 0.0004864200967883837 -0.004622056214357423 -0.005575984555335137 0.9999737721523451 0.8867600735887037
0.9999791274281803 -0.00432606047671523 0.0047989487105758385 99.52087307042802 0.004290450671261857 0.9999633711048047 0.007405976083681134 0.01611178843076633 -0.004830811630813583 -0.007385231849196792 0.9999610600466006 0.9000003840410036
0.9999707399037434 -0.004084369233406314 0.006468173182975342 100.87096846075457 0.004032904446992925 0.9999602676070225 0.00794977289068202 0.02843663774661423 -0.006500385994783859 -0.00792345475516848 0.9999474805441841 0.9183573086955751
0.9999665918705957 -0.004187953816090849 0.007019699818346415 102.20020766775063 0.004131831466773995 0.9999595390908063 0.007990503740845855 0.04794921947760502 -0.007052879655543461 -0.007961232576466123 0.999943436232484 0.9118690684928601
0.9999719869834198 -0.00402744015118078 0.006309118342538959 103.5484604206766 0.003978900401692247 0.9999625358902177 0.00768733813478818 0.05918161384210978 -0.006339842271296492 -0.0076620194357501 0.9999505487063555 0.929581206266786
0.9999842334590482 -0.0038237917441708586 0.004112353342899118 104.89026464650037 0.003791576697594839 0.9999622882422644 0.007813196493167673 0.0710332151857753 -0.004142074295072287 -0.007797481002977987 0.9999610204955702 0.9418784175142384
0.9999897236887587 -0.003947473881950396 0.0022293422418626385 106.21856301271289 0.003931236461953557 0.9999660523573253 0.007241513155909743 0.09099171864744404 -0.002257852244997566 -0.007232674668359311 0.9999712948481979 0.9479296130472376
0.9999865190718112 -0.0038979718713793208 0.0034303775202998914 107.55264720591356 0.0038803803030237837 0.9999793640484148 0.005119973245216729 0.10277111421483207 -0.0034502642428875328 -0.005106593053863375 0.9999810090116894 0.9666634550248477
0.9999790386725094 -0.0031881667455401145 0.005635406676250268 108.88712280979951 0.0031770098958393274 0.9999929779593911 0.0019876217019982024 0.1146460340494388 -0.005641703973608766 -0.0019696762960312534 0.999982145616392 0.9659349742092475
0.9999782626209957 -0.0023031031904457615 0.006178187532707549 110.22335567782812 0.002300668804727972 0.9999972730143016 0.00040110723168895404 0.12549047014959902 -0.0061790944762235185 -0.0003868845493427779 0.9999808343722392 0.9828782385738778
0.9999851185637432 -0.0014607183119700452 0.005256325053650703 111.56212023376318 0.0014616447018052908 0.9999989169349299 -0.00017240572196674026 0.12984145008494932 -0.005256067524513475 0.00018008603598761345 0.9999861705659722 0.9999570894845353
0.9999958347086325 -0.0008669580852612306 0.002752989114380793 112.88352029032515 0.0008615537822573042 0.9999977009054177 0.0019636468519191 0.1555793268733666 -0.0027546851845133037 -0.0019612668245738104 0.999994282554644 1.0100633770532008
0.9999996576513609 0.00015150473619395913 0.0008134761679781292 114.23282456312057 -0.00015533061794383864 0.9999889187719933 0.004705125462609244 0.16287233944260038 -0.0008127543048712616 -0.0047052502095718 0.9999885999604722 1.0287338994743904
0.9999984930661293 0.0017354623177310608 -4.5122214502836696e-05 115.54305888277945 -0.001735106731027004 0.9999743339508584 0.00695131959910883 0.18743512826398362 5.718480961662065e-05 -0.006951230832071778 0.9999758382680138 1.0379988583157145
0.999993089989411 0.0032655667228645097 0.0017765267822696152 116.90866394541919 -0.0032817366792234283 0.9999525095642217 0.009176536415409433 0.19428775673520646 -0.0017464758222892382 -0.00918230309854863 0.9999563166118851 1.055514281025948
0.9999814044414109 0.004279895302976917 0.004344337415406977 118.21950005769466 -0.004315629877228223 0.9999566573007688 0.008249779308308383 0.20199589224702158 -0.0043088409283847965 -0.0082683744514006 0.9999565329922022 1.062106591791275
0.9999732794091983 0.005158635430039161 0.005179666795582547 119.57379431506503 -0.005201017040647249 0.9999528335163855 0.008202448676758765 0.19970878111911763 -0.005137109046556499 -0.008229169037752802 0.9999529443366783 1.0802513436685683
0.9999705593542497 0.006145103562688737 0.004595446327928755 120.90042184713462 -0.006185070895365781 0.9999427283818794 0.008734120117232878 0.1989859277944919 -0.004541511066632209 -0.008762286140430653 0.999951297323437 1.0924158310187844
0.9999627583282849 0.0076100157199786005 0.004070579471024783 122.22216377017357 -0.007651172101974378 0.9999187826469123 0.010192530371948989 0.2039961482994707 -0.003992683552977721 -0.010223295489166504 0.9999397695398394 1.096837133521271
0.999954895490456 0.008689251059388562 0.0038345665593226027 123.5762112207078 -0.008736181542741403 0.999884994572429 0.012396643132157879 0.20571435221458267 -0.003726408018886933 -0.01242958345724938 0.9999158061248737 1.1049746655480364
0.9999453498435626 0.00998268805619636 0.00310536075325147 124.913323511765 -0.010022807553637162 0.9998628543707785 0.013183921202061969 0.20133423113775226 -0.002973323893879347 -0.013214325131920274 0.9999082662706265 1.1217522324086442
0.9999386011607438 0.010880573315564194 0.0020992934572222647 126.30047528954451 -0.010909264137229953 0.9998399849615593 0.014177179834268134 0.21193838101635865 -0.001944701694104316 -0.014199211118708779 0.9998972949953047 1.1400946096358044
0.9999273290988172 0.011944538374172524 0.001632337077202019 127.63647712410052 -0.011966062894883582 0.9998320275075017 0.013882727002789969 0.19993451965006379 -0.0014662401240515784 -0.013901250780639252 0.999902297910467 1.1597403770392318
0.9999166349106864 0.012683624343713926 0.0024184504122701394 128.9975935966098 -0.012713727113125135 0.9998363879789544 0.012866950535804611 0.2034251131539001 -0.002254855157665095 -0.012896625399902226 0.9999142926678829 1.1814584756041886
0.9999018470875954 0.013520432386400712 0.00367343148834917 130.34385742770107 -0.01356151109008018 0.9998430746574462 0.011397871577535785 0.1897688717338448 -0.0035187508818415626 -0.011446570125113135 0.9999282946414719 1.1921997650279916
0.9998998898419399 0.013609623432068561 0.0038714912002885526 131.69688874125185 -0.013651004270236538 0.9998477250890826 0.01087091148893827 0.187889896290161 -0.0037229526575831137 -0.010922672943178178 0.9999334152028754 1.2229149320732307
0.999896451634788 0.013739035465825066 0.004280760753502876 133.06536676314317 -0.013776972987864877 0.9998649242796954 0.008962600652182651 0.16991078697714776 -0.004157045038434281 -0.009020648514805591 0.9999506722218454 1.2390952204103534
0.999899915939284 0.01338396177899328 0.00458559393224589 134.43315016756483 -0.013417477201759693 0.9998829105322097 0.007357753133757842 0.17543004132251874 -0.004486581120771377 -0.007418543841988905 0.9999624171923218 1.2576667597644644
0.9999072114760856 0.012780166262759872 0.004715483900375668 135.75189003954065 -0.012806265050018823 0.9999026123776761 0.00554665086042517 0.15788966915276975 -0.00464413755041279 -0.00560652393154647 0.9999734990867597 1.2734168030711082
0.9999201876875874 0.011709465753719783 0.004744119157715867 137.1207275341625 -0.011731781509177282 0.9999201171761126 0.0047036761293945215 0.1469275604469897 -0.004688662649526956 -0.004758957687537618 0.9999776841331446 1.2860317010963853
0.999934514808091 0.010391315805808283 0.004794439626440292 138.4986396066487 -0.010403748423501346 0.9999425627081477 0.0025755200256451995 0.1590559707455252 -0.004767401204861538 -0.0026252315109272055 0.9999851899129636 1.3268212053062178
0.9999393190984684 0.00937950901019251 0.005777796432832593 139.84259256855663 -0.009383033738678184 0.9999558082767936 0.0005832421139227765 0.14796441552415673 -0.005772070577389226 -0.0006374199811299751 0.9999831383063503 1.337725119378544
0.9999516527265746 0.008054979972612692 0.005639991758224976 141.21244224186242 -0.008057540684875065 0.9999674444136312 0.0004314521794101279 0.1580557441948117 -0.0056363328063218825 -0.00047687578292789773 0.9999840020430247 1.3665248812124664
0.9999638701570539 0.00693561336625933 0.004914839545754292 142.5502473661694 -0.006940943582002432 0.9999753407266438 0.001068288736305515 0.1529952745671454 -0.004907309111743886 -0.001102363763202926 0.9999873514757152 1.3844430946756625
0.999972686789929 0.005812804265887654 0.004564754177074778 143.90948412739533 -0.005815038882686772 0.9999829790297 0.00047641754735343913 0.16759396238646815 -0.004561907158577904 -0.0005029487578904835 0.9999894679673499 1.4073784100968718
0.9999848062124919 0.004922520288036607 0.002481156621174329 145.26251386202276 -0.004919371619100956 0.9999870888533333 -0.001273542111098406 0.15595469266225173 -0.002487393623476841 0.0012613170297054378 0.9999961109685939 1.41911934864831
0.999990452765359 0.003993471876346897 0.0017738547023950614 146.58708894835044 -0.00398272770000107 0.9999739498781826 -0.006019754570889425 0.1561257153809478 -0.001797848213845335 0.006012632318621048 0.9999803078033092 1.4445132423164766
0.9999851042680644 0.00301779522759023 0.004547983504023556 147.94468434520803 -0.002951123888395393 0.999889123047611 -0.014595632184833424 0.14288947979623512 -0.0045915258666241665 0.014581993109446216 0.9998831348548551 1.4469974970303618
0.999979688410719 0.0014423017490720802 0.006208263176255743 149.2763539572895 -0.001297253508548706 0.9997275671289079 -0.02330469171324834 0.1269796416183658 -0.006240184238913745 0.023296164666734554 0.999709132104176 1.4538491988386617
0.999994040817423 0.000316560246715002 0.0034377491549106663 150.6138459994469 -0.00022874753870293633 0.9996744366742507 -0.025514081104027374 0.11601345161036289 -0.0034447066936717 0.025513142684301934 0.9996685518441424 1.4729785378373037
0.9999998641253937 0.0003334529444787749 -0.00040069730225247065 152.01016755666873 -0.00034250777108210803 0.9997396635022495 -0.022814204102614213 0.1542345151288309 0.0003929855225861877 0.022814338244683086 0.999739641873241 1.539595846948445
0.9999933593077522 0.0011694471757235426 -0.003451627688473007 153.34457808102619 -0.0012392997220744763 0.9997930581196024 -0.02030529665018787 0.16335854263362273 0.003427167430328931 0.020309439410196847 0.9997878680971519 1.5455366536185224
0.9999945241844319 0.0021121639139383063 -0.002547619428452606 154.6960874368497 -0.0021618381804708268 0.9998044694668496 -0.01965576988552193 0.166995291554282 0.002505605083214622 0.019661169795100925 0.9998035608785634 1.5642157396210794
0.9999962855677607 0.002672743064159748 0.0005341303162318037 156.02439930043107 -0.002659008153828016 0.9997025233411249 -0.024244473618242137 0.16477676842697775 -0.0005987706736372878 0.024242963306921637 0.9997059168594431 1.5789084938093005
0.999989968085193 0.0029676537428530237 0.0033551095715498532 157.3801990303297 -0.0028673886113265664 0.9995605442694842 -0.02950417635258152 0.17873377513961689 -0.0034411933288046614 0.029494259966222687 0.9995590261798043 1.632827559833268
0.9999858542353487 0.0028960315809879716 0.004461426933392951 158.72716103663288 -0.0027485724571197517 0.9994610761580661 -0.03271089412425971 0.1647417007842351 -0.0045537543464757085 0.03269816884846132 0.999454897969543 1.6464771845152761
0.9999840211808412 0.0028986554995145955 0.004853367829668642 160.07818412667248 -0.002724580939907516 0.9993660649529095 -0.03549711085763313 0.15646494234793876 -0.004953185005309351 0.035483320262234996 0.9993579938848094 1.6593091194283855
0.9999781935576562 0.003891371150093618 0.005335694869342221 161.42397132520563 -0.0037033028007486314 0.9993869054766318 -0.0348152080305105 0.15850143788127125 -0.0054679024801539 0.03479468914093032 0.9993795233293774 1.657770661195017
0.999975932925454 0.0049956601745434785 0.004814244415127364 162.77539014874358 -0.004846196595958843 0.9995207861178778 -0.03057306816223946 0.16768540818495195 -0.004964670021403409 0.03054900158303219 0.9995209405279404 1.6725934233554782
0.9999793777316209 0.005922636182519589 0.0024832422615532423 164.12209406110037 -0.0058583487556513 0.9996667176503596 -0.025142262666937067 0.16759107805051976 -0.0026313231153191987 0.02512719647723574 0.9996807991233287 1.695574376907028
0.9999758021299319 0.006600774097897758 0.0021965736745600674 165.4697401086043 -0.006548679395777543 0.9997155401702462 -0.022933676990055454 0.17337475128550278 -0.0023473288586320718 0.022918737387155566 0.9997345755368313 1.7050761879232224
0.9999682648033904 0.006999404347261609 0.0038049605622129975 166.82501094811832 -0.006919455435233373 0.999763155994333 -0.020633784256190443 0.17058713663266326 -0.003948483579335275 0.02060680118394722 0.9997798603804685 1.7184611720618204
0.9999693614902239 0.00682544619237766 0.003832670754039136 168.18168141559866 -0.006745382509843516 0.9997665247955448 -0.02052792520044603 0.16614453531057108 -0.003971888169348025 0.020501443425138807 0.999781933684469 1.7315940811613209
0.9999794136863789 0.00621591241685743 0.001592054104547797 169.5774758714935 -0.006184250300858481 0.999797015910138 -0.01917503651625361 0.1673278118472841 -0.0017109212904694495 0.019164796111863152 0.999814874533445 1.7322832875953948
0.9999766767202825 0.0064518828447861325 -0.0022403622959011864 170.9538075771503 -0.006485590515695486 0.9998606976671711 -0.015379283994413429 0.13924076073442576 0.002140824869638335 0.01539345537152899 0.9998792219066273 1.7893335843474572
0.9999738129666612 0.006166851497310601 -0.003787258048626401 172.29731699882927 -0.006199690819927784 0.9999427492475323 -0.008721356604562563 0.14534058808234343 0.0037332579142179017 0.008744608047063167 0.9999547962860367 1.816786058616698
0.9999709179698085 0.006902319537402218 -0.003243639872424447 173.67210664611682 -0.006920768592649443 0.9999597407262881 -0.005711382380967496 0.13228977909640066 0.0032040874996452735 0.0057336647633275985 0.999978429223189 1.8410568836132846
0.9999718156181548 0.007503212042590835 -0.00026415596692375907 175.06427273724591 -0.007503754225354162 0.9999696095181786 -0.0021151152656356063 0.1448919270773937 0.00024827778076406346 0.0021170378138722695 0.9999977282519387 1.8599580448433795
0.9999683108241729 0.0076518616129779855 0.0021968981101049487 176.43683458445582 -0.007648860530439331 0.9999698068855498 -0.001371222032367845 0.14318570361128397 -0.0022073241801412197 0.0013543748122279847 0.9999966466887934 1.8772088178585449
0.9999721127378985 0.006639575555376718 0.003419032457877079 177.83932147503018 -0.006623639111988907 0.9999672448733128 -0.004651514311508247 0.13211559740030518 -0.003449804547753949 0.004628738156396318 0.9999833366769977 1.883959110064067
0.9999749922044125 0.006273666734164274 0.0032643638727548833 179.19605828837035 -0.0062491931497519046 0.9999526904951626 -0.007454150284417193 0.08887140744115879 -0.0033109742919872633 0.007433564232198685 0.9999668892378605 1.8918525008125924
0.9999928570794661 0.0037113208037136843 -0.0007154634429946252 180.57071340618003 -0.0037183485338616244 0.9999422299013637 -0.010085174468937124 0.10252025687130957 0.0006779927927853043 0.010087762773781612 0.9999488873777463 1.9059954047179004
0.9999850978233834 0.0022506169319018872 -0.004973816902949405 181.9590704600922 -0.002277078976512609 0.9999832506581875 -0.005321025692407773 0.11000238338940518 0.004961758004271567 0.005332272171445852 0.9999734735636724 1.9368233463566316
0.9999819393178999 0.0016405627497477079 -0.005781832916639416 183.32906925625096 -0.0016493340721404745 0.9999974958550478 -0.0015126072696034394 0.1312436442100084 0.005779336910950195 0.0015221161249132375 0.999982141054215 1.9525961607999702
0.999985336552976 0.0023091980035710754 -0.0048983960243962656 184.6899152652712 -0.002303772102935375 0.9999967268797443 0.0011130426298676952 0.07161564159237177 0.0049009502271757975 -0.0011017415207159227 0.9999873833466562 1.9519952181127662
0.9999963005731747 0.0023235799229071995 -0.0014141486154803462 186.12970998852637 -0.002318728071025723 0.9999914533932789 0.0034229578627934785 0.08721521817762157 0.0014220900454752286 -0.0034196661737200228 0.9999931417480636 1.9771796069397376
0.9999955696674683 0.002650731488889212 0.0013543515087908024 187.5001481547677 -0.002656624933979707 0.9999869297174768 0.004368379353274666 0.08869881833719051 -0.0013427544063268084 -0.0043719580038891325 0.9999895414422175 2.004469114347883
0.9999952534532894 0.0028316409042414203 0.0012144466562044826 188.97178434255545 -0.002835737941871838 0.9999902493376263 0.003385235589587364 0.04334011408783246 -0.0012048490429791977 -0.00338866337386989 0.9999935326287477 1.996596711054984
0.9999956871652127 0.002481337458880022 0.0015711827994802738 190.3583449847089 -0.0024844403136000596 0.9999949614966439 0.0019759902969702374 0.04514658703511108 -0.00156627178432821 -0.0019798852847376087 0.9999968134184012 2.0096571535124585
0.9999947948672396 0.0022563227997826714 0.0023063490305131377 191.73247410939007 -0.002252861422454582 0.9999963338459983 -0.0015023015589500743 0.034523359067807645 -0.0023097302523420182 0.0014970978545134554 0.999996211914913 2.0250896412484867
0.9999920617296759 0.0028265108142439617 0.0028084362639984235 193.17088419824447 -0.0028164906476921625 0.9999896774091381 -0.003565453070659254 0.0456073052896037 -0.002818485065321807 0.0035575148326567607 0.9999897000620317 2.042768390504784
0.9999912870336113 0.0027139950367838523 0.0031717641466365693 194.54712732639294 -0.0026947580677046455 0.9999780453425752 -0.00605368580282113 -0.012544949961449016 -0.003188124184864403 0.006045085920237198 0.9999766461274977 2.0585195430989893
0.9999841688859781 0.00301005808481725 0.004754106408752427 195.98144934564453 -0.0029580836975846084 0.9999361962714608 -0.010901978123290326 -0.015023926283491144 -0.004786618666428187 0.010887742488167276 0.9999292701712724 2.0694014329923216
0.9999805183189854 0.003270856298956503 0.0053164350428618916 197.40179554631604 -0.0031922503011437126 0.9998864514913796 -0.014727310073193308 -0.017701742617377645 -0.005364002284511186 0.01471005176906967 0.9998774134144861 2.080749153401016
0.9999954314459109 0.0029866849971297324 0.00046561790621322765 198.81507979992267 -0.0029809135112236814 0.9999242854604975 -0.011938907025022786 -0.04025124584463376 -0.0005012404066616369 0.011937464514772579 0.999928620301976 2.1041426585177203
0.9999822072491557 0.0034693244470862064 -0.0048527284065484 200.26626383260975 -0.003487212723982707 0.9999871386737105 -0.0036826396216536952 -0.021618063752690177 0.004839889722355757 0.003699496593609805 0.9999814444240599 2.1235392971592253
0.9999770880196787 0.004836080837541361 -0.004736639928957334 201.69098122965082 -0.004807985120663766 0.9999708877819343 0.005925104867390059 -0.012892847397889226 0.004765156320972431 -0.005902195417203567 0.9999712282733407 2.1439087786717037
0.9999815010906853 0.005806161910894047 -0.0018127217889600906 203.1350498614754 -0.00578131493747656 0.9998931824983768 0.013423859015261127 -0.01512218061705145 0.0018904692574590767 -0.013413130772954548 0.9999082528156542 2.194544689441797
0.9999789306497998 0.006486544036245846 0.00025100388193869755 204.56113867275894 -0.006489535910983574 0.9998706184864168 0.014718431005052268 -0.009332379232894886 -0.00015549965581781932 -0.014719749795980662 0.9998916465226624 2.2109660046544164
0.99998168001867 0.0060073393434974184 0.0007426311670423848 206.02459159278905 -0.006016248112261994 0.9999020064122158 0.012640503608506779 -0.015638101861211184 -0.0006666225993009221 -0.012644739888073495 0.9999198298701116 2.227747281994844
0.9999893672435737 0.004566204157822619 0.0006443441519506642 207.44080975056994 -0.004572478646191063 0.9999385623524794 0.010097720509440673 -0.03819902696349174 -0.0005981963115870361 -0.010100559392713628 0.9999488091203105 2.2708200911779177
0.9999939465339895 0.0034781223442392054 9.777696433774366e-05 208.88653013834903 -0.0034787660299999044 0.9999649598586834 0.007614278805639336 -0.04691570811606999 -7.129014496993459e-05 -0.007614572856043448 0.9999710061786468 2.289991558587856
0.999995324376587 0.003023539212999696 -0.000457641335748738 210.34878062057246 -0.00301965772685236 0.9999613509965078 0.008257007959998366 -0.041607497481243164 0.00048258903571626015 -0.008255587433143006 0.99996580560735 2.30318759739452
0.9999962442322514 0.002699595449977675 -0.00047297547283989266 211.80157111757435 -0.0026954181740319687 0.9999592100566506 0.00862049556269917 -0.05034612871292102 0.0004962280307947652 -0.008619188319434597 0.999962730980738 2.330545992288168
0.9999964374899628 0.0026321110109027573 0.00044384570418422564 213.25800121788262 -0.0026364855454037973 0.9999448937777268 0.01016161167432211 -0.0427704300830479 -0.0004170747555476946 -0.010162745666261998 0.9999482709866402 2.3439230719829394
0.9999972602819828 0.0023122966431510764 0.0003642976290029571 214.72353231878088 -0.002315668490358937 0.9999517692506552 0.009544467084506281 -0.04569590850874575 -0.00034221041945515596 -0.00954528452789844 0.9999543841772535 2.377552533644388
0.9999980912973637 0.0018922089247673055 -0.00048677203513891436 216.17480016846835 -0.0018875529212278052 0.999954093790685 0.009394011668036939 -0.04099814151389085 0.0005045251219976084 -0.009393074929685207 0.9999557568201537 2.3938296465926183
0.9999982768473517 0.0017120147545285768 -0.0007178494325280135 217.65339870595906 -0.0017056752366406058 0.9999603439167917 0.008740781761317 -0.03659324957569791 0.0007327853127726751 -0.008739542281615059 0.9999615409736483 2.4162965549140867
0.9999988554982716 0.0012301336147612276 -0.0008807800160731177 219.13241496450877 -0.0012221763427560158 0.9999589447130772 0.00897859528523265 -0.0480020042866929 0.0008917887272705435 -0.00897750854071601 0.9999593036985391 2.4438802952074057
0.9999984462177133 0.0010577670403449859 -0.001410209575776835 220.61921410709536 -0.0010440648230231526 0.9999525830422109 0.009682024367645694 -0.036904258679796326 0.0014203840341888193 -0.009680536973676573 0.9999521337109576 2.462520375801444
0.9999987094415144 0.0007757199094568375 -0.0014069022453182388 222.10286047129023 -0.0007630501721188485 0.999959354586795 0.008983703512217597 -0.0437769943155786 0.0014138138988702231 -0.008982618381222352 0.9999586559939749 2.490102136932122
0.9999983836371084 0.0003499007812137781 -0.0017636021700175662 223.5957453918873 -0.0003319264291028407 0.9999481085370867 0.010181849436548165 -0.031432641469635765 0.001767073291193016 -0.010181247592813915 0.9999466083993872 2.505897195107442
