1.0 -3.469446951953614e-18 0.0 -1.7787691892340307e-19 0.0 0.9999999999999999 -3.5575383784680614e-19 0.0 2.168404344971009e-19 -2.371692252312041e-19 1.0 0.0
0.9999974369387857 -0.0015420159519293746 -0.0016578004245555978 -0.007824057754447732 0.001541683919902696 0.9999987912813337 -0.00020160415028692454 -0.018254115346027347 0.001658109437623595 0.0001990478330606664 0.9999986055269267 0.5652368682323138
0.9999942245236728 -0.0017300827862565971 -0.002925359853015919 -0.010927899081219468 0.0017248974817893475 0.9999969385220007 -0.0017741682167982465 -0.03209260392736835 0.0029284206011347567 0.0017691120580981894 0.9999941472830388 1.139280049345952
0.9999871425209874 -0.002112558509456755 -0.0046099765234712394 -0.012856010572294137 0.002101327708484804 0.9999948161056845 -0.0024397091405699753 -0.04690334774889343 0.004615107042323174 0.002429990746413276 0.9999863978777895 1.6818375636261875
0.9999730187579476 -0.0028038875582397423 -0.006789695165251896 -0.020039097401889784 0.0027724935050744883 0.9999854435835018 -0.004628811622921709 -0.07756410525259046 0.006802575570243116 0.004609862433558804 0.9999662365040265 2.239858236992851
0.9999375841964285 -0.0070792288220610615 -0.008643623048932354 -0.01626586268853705 0.007026610908166888 0.9999566903198077 -0.006102803912126862 -0.07696840562948777 0.008686452571370535 0.006041687742146471 0.9999440202183553 2.8061131015606184
0.9999223293743414 -0.00738320333098918 -0.010041091162962286 -0.02815207433679848 0.007314914769093402 0.9999499833533491 -0.006820762790787848 -0.09602424810629222 0.010090948867583485 0.006746783422247909 0.9999263241301012 3.355345158248601
0.9999109205695379 -0.007144084824463598 -0.011274438261126403 -0.04503632955527169 0.0070692598597097075 0.9999528159645608 -0.006662687240702763 -0.10735629795206242 0.011321506042320063 0.0065823919244735905 0.9999142441457148 3.9450897700813985
0.9998935408216099 -0.007470626970923884 -0.012533823516661319 -0.04977757806202815 0.007385313188038752 0.9999493395773714 -0.00683925575870835 -0.1279212376799334 0.012584283134882496 0.006745961573488234 0.9998980587304528 4.526963228881972
0.9998852168593682 -0.00693224366505084 -0.013472085067007446 -0.0603939463115974 0.006813640459545656 0.9999378033480532 -0.008829707279500144 -0.1491555585391709 0.01353245796771446 0.008736900000581603 0.9998702611819487 5.118032993501055
0.9998701327839239 -0.006186112471178274 -0.014881180908408538 -0.08144032158859968 0.005988310292427343 0.9998936172284767 -0.013300163771942557 -0.15411680127499022 0.014961875370119075 0.013209323640820735 0.9998008082100741 5.708964012850337
0.9998555614307294 -0.004638185021502898 -0.01635064140225601 -0.09825126936584784 0.004353199510972343 0.9998387426737843 -0.017422350384549076 -0.176140495072607 0.016428814200569707 0.017348656653155662 0.9997145183638064 6.3181655273791
0.999842001667434 -0.003566968133418445 -0.017414028617122514 -0.10896063247917101 0.00326196253575798 0.9998413313913793 -0.01751204252918139 -0.18389784971655732 0.017473731917660343 0.017452472079219353 0.9996949934689556 6.947214852323659
0.9998215755763799 -0.00108660972081924 -0.018858320021776603 -0.14062841008526047 0.0008793545453311385 0.9999391672095316 -0.01099493581603641 -0.18524411225743584 0.018869121607357285 0.010976391103351834 0.9997617091825647 7.600684962402571
0.9998147627395484 -2.7400144620227593e-05 -0.01924680224261174 -0.15425486565223887 2.469593730870974e-05 0.9999999897912467 -0.00014073945867038102 -0.20958001729485248 0.019246807528804588 0.00014023805779245498 0.9998147532388109 8.256087302507558
0.9997909868149175 0.0011140937295459714 -0.02041424528251902 -0.17228509414632742 -0.0009706774826569974 0.999974790927793 0.00703386763071236 -0.2321524033689788 0.020421568777566332 -0.007012581967086542 0.9997668644696489 8.928046336750947
0.9997697807010891 0.002563420258471014 -0.021302919938870613 -0.19430407769329283 -0.002424188448164071 0.9999755506469256 0.0065590716807484035 -0.2457416984493998 0.02131921456024388 -0.006505919510961758 0.9997515512240207 9.596915362957512
0.9997447597949578 0.0049612717163473735 -0.022040892927263415 -0.21638433049829164 -0.004987272455200796 0.9999869308526583 -0.0011248320773336225 -0.2512539369986509 0.02203502613481931 0.0012344689157647761 0.9997564372307475 10.29719807386979
0.9997113861015748 0.005502358968904719 -0.0233852186591401 -0.24576911737834414 -0.005660568415911914 0.9999615028055395 -0.006704542002404781 -0.25741404673163465 0.023347429564105734 0.006834980720062006 0.9997040465321968 11.001911328916611
0.9996971625904701 0.00493606620036405 -0.024108468707339605 -0.26744906859789414 -0.005080989284862989 0.9999693678778571 -0.005953726894929193 -0.2859259071268391 0.024078344253211995 0.006074418851246067 0.9996916198804335 11.73262209700642
0.9996879751964141 0.0023460249765440647 -0.024868621192294462 -0.2822490031143303 -0.00227190706923741 0.9999928945034265 0.003008219467394559 -0.28543080371457474 0.024875503950823278 -0.0029507817121938182 0.999686201906148 12.4860970496673
0.9996809775603414 0.0014911415601286462 -0.02521347865654878 -0.3130121148039331 -0.0012226566491601188 0.9999424273902073 0.010660535356363925 -0.2794002387897952 0.0252279255585877 -0.010626307210128506 0.9996252465117033 13.265898929095117
0.9996684354176393 0.0010586384648035487 -0.025727386519851327 -0.3359595612707159 -0.0007134818369714784 0.999909674373981 0.013421402043136002 -0.28908405974433377 0.025739273275974014 -0.013398596244392949 0.9995788951009303 14.0419806267702
0.999653894854867 -0.0010138514769632723 -0.02628806781825632 -0.36655051683597273 0.0013480999573462337 0.9999184400760626 0.01270022895124658 -0.29267667049494805 0.026273049850237862 -0.012731272551275426 0.9995737299743308 14.858264261002775
0.999671830277881 -0.001262580079130552 -0.025585885716054847 -0.3788776527630765 0.0015262201789010207 0.9999459205051963 0.010287211050473456 -0.2966353752548846 0.025571515786000736 -0.010322885017636826 0.9996196955460831 15.686039750648096
0.999673734301827 0.001036723182442272 -0.025521560614891428 -0.42065861935577575 -0.000871114014623281 0.9999785001889173 0.00649925534540475 -0.29021190524096935 0.025527751997339063 -0.006474902821358036 0.999653144649449 16.510778186802295
0.9997100568673339 -0.0016011747013038227 -0.024025785205938035 -0.4266341192821218 0.001638916793326473 0.9999974537269863 0.001551286092779934 -0.3048278015705327 0.024023242181244776 -0.0015902126205235418 0.9997101355617011 17.371477253875074
0.9997127481294363 -0.004772990904771027 -0.02348701149605524 -0.45052096006681375 0.004654018467794669 0.9999760752252675 -0.0051175270530938516 -0.31737992834770196 0.02351087746777195 0.005006748131840483 0.9997110438502561 18.211144924041534
0.9997476737854165 -0.004268286447271768 -0.022053807434117105 -0.47201439126600464 0.004028868686388012 0.9999325951980339 -0.010889135465884972 -0.3322921150496126 0.02209880070989908 0.010797536155481936 0.9996974823894 19.119000353425783
0.9997554695474117 -0.0017317552434872908 -0.022045454443260996 -0.5090591231358088 0.0014701352034106868 0.9999283735211077 -0.011877984949468099 -0.34751867923827856 0.022064447022734173 0.011842670838582073 0.9996864065298909 20.00599028403527
0.9997515304899723 -0.002243207091751881 -0.022177584014113898 -0.525663337819516 0.00199229862511938 0.9999338373322321 -0.011329240936889987 -0.37182172527474333 0.02220153238671867 0.011282241801841668 0.9996898534324651 20.920733871063018
0.9997542540228024 -0.0013547420155143076 -0.022126820020402845 -0.5531118070868897 0.001088436555109342 0.9999268876976081 -0.012043029614432222 -0.39849343564665896 0.02214151933723597 0.012015986668459181 0.9996826342704643 21.883987145020594
0.9997485567625946 0.0022547183305091706 -0.022310074319723466 -0.5831870432762638 -0.002571896514712727 0.9998958908059585 -0.014198341462658916 -0.42611760941334803 0.02227574024574044 0.01425215084916951 0.9996502726805359 22.82055133679955
0.9997422452004101 0.006016976365406772 -0.021891529661747098 -0.619493580379626 -0.006349020650526196 0.9998653784727487 -0.01512993321031692 -0.45106165994366854 0.021797547969196626 0.015265023449846671 0.9996458603110971 23.793184913791592
0.9997252142640092 0.007398609549328938 -0.02224312141076246 -0.6487670759174442 -0.007736501500394418 0.9998554022986226 -0.015143350123618993 -0.47852487620514716 0.02212786722863491 0.015311273167300708 0.9996378956818106 24.741757663679817
0.9997225456530285 0.007637957072690233 -0.022282128097030195 -0.6825438269748211 -0.007978108457759715 0.999852387093776 -0.015216892688657583 -0.5036126716846508 0.022162614853998817 0.015390440209733259 0.9996359101845288 25.74520029978211
0.9997084431997102 0.008119637453067624 -0.022739832604389394 -0.7169261028298946 -0.008459290753516141 0.999853497558429 -0.0148803170787697 -0.5392227377001387 0.02261568028183927 0.015068341749208004 0.999630669878653 26.720916653989455
0.9996960283484146 0.0088363157204178 -0.02301674020106251 -0.7392268302276124 -0.009161280390416525 0.9998593015323923 -0.014051622657697976 -0.5744976651588161 0.02288933912886496 0.014258214429054157 0.9996363246483198 27.708607636027832
0.9996843037554946 0.009883707094170717 -0.023099892989687256 -0.7704982605198463 -0.010175051377405724 0.99986973760755 -0.012529013055146133 -0.6081107051304508 0.022973052777458737 0.012760100516009697 0.9996546497474411 28.73521369957765
0.999666301688548 0.010305716377171599 -0.023687071811525993 -0.808505829580437 -0.010572365881934356 0.9998818370766335 -0.011159614132902718 -0.6299017352785165 0.02356926704153153 0.011406318776132874 0.9996571340348207 29.729425084605886
0.9996713782595529 0.010240540659919261 -0.02350035552010729 -0.8310688297814385 -0.010525869187094146 0.9998719934149479 -0.01205001599759794 -0.671819047551739 0.023373950605629742 0.012293417983875862 0.9996512043658824 30.771899253920974
0.9996586689152438 0.011398842207163116 -0.023507699788093025 -0.8573306244531272 -0.011704181991273807 0.9998483867385283 -0.01289246628445346 -0.6922644185554739 0.02335717848257377 0.01316320431318921 0.9996405215618942 31.768047500840225
0.9996469620904392 0.011148578641701976 -0.024117633909621163 -0.8969948857375052 -0.011448352216305746 0.9998584746029963 -0.012327449943467942 -0.7193351208877053 0.02397678912195549 0.012599205274225055 0.9996331195474056 32.80159332182099
0.999643456351869 0.009932799093338631 -0.02478506733275397 -0.9257820943284815 -0.0101742407623954 0.9999018270379914 -0.00963437252143204 -0.7515397291926715 0.02468693990015169 0.009883106856577227 0.999646377118785 33.871649782055016
0.9996230504383353 0.011397510779853898 -0.024977062727770262 -0.9589943442213333 -0.01154521306894453 0.999916662102213 -0.005777277318187346 -0.7818899532648375 0.0249091367107023 0.006063465177592381 0.9996713306825353 34.90629987855093
0.9996231280083268 0.010417654894271574 -0.02539831293644185 -0.9924866890427786 -0.010506479139945723 0.9999391391665894 -0.0033662862918307436 -0.8014404900694951 0.025361700504725013 0.003631864520854666 0.9996717430238833 35.99390638201452
0.9996024303087885 0.010708412597128375 -0.026082773974118175 -1.0286505701757316 -0.010785876173898977 0.9999378232127897 -0.002831008475969273 -0.8280603195994276 0.026050838822489753 0.0031112085551026876 0.9996557778929891 37.03668983048535
0.9995856398628696 0.011251826766190236 -0.02649424178988963 -1.0588954598313798 -0.01136088710786477 0.9999275843451311 -0.003969425270681902 -0.8520342667085767 0.026447662137354118 0.004268778643084819 0.9996410849877861 38.13664422015662
0.9995678900787475 0.011285179316810995 -0.027141807621109265 -1.1018483551730345 -0.011409807787740627 0.9999250430315163 -0.004441242163988528 -0.8741224167397785 0.02708965522398009 0.004749005930092743 0.9996217272676681 39.18420834636522
0.9995424650810693 0.011805824084502719 -0.027847493262354268 -1.137550567273927 -0.011916886083025617 0.9999216732282676 -0.0038256062733774956 -0.8997006463103693 0.027800149968622984 0.004155711380094441 0.999604862849367 40.26163470688023
0.9995278799829843 0.011251797090882417 -0.028590453995116345 -1.1742334719588334 -0.011315823882410593 0.9999338135823741 -0.0020786080477915867 -0.9280392383468229 0.02856517603071801 0.0024011512529411964 0.9995890482109886 41.357496984621065
0.9995185182819607 0.010506372834330471 -0.029194992727943878 -1.214271594298597 -0.010505942032661005 0.9999447969377437 0.0001681765864133125 -0.9480129155534592 0.02919515046730591 0.00013862525973810773 0.9995737211876472 42.41753175524969
0.9994965858486494 0.011687153710638469 -0.02949551098996652 -1.254239822116312 -0.01168629916984619 0.9999316926083841 0.00020138738932009244 -0.9729511534168062 0.029495852365703228 0.00014340732743899892 0.9995648924638164 43.51347777825672
0.9994639658979495 0.012858875829730044 -0.030106976428775793 -1.3011665359814493 -0.012958969595076884 0.9999111245049189 -0.0031318094777316803 -0.999467425529032 0.030064031644115287 0.0035202861482895847 0.9995417758696873 44.573621608088565
0.9994322906018062 0.015320388341528497 -0.03000636668133567 -1.3400691275362733 -0.015534695533301685 0.9998553694337424 -0.006921957112940742 -1.0373397281875576 0.02989598229194133 0.007384167332793002 0.9995257397569141 45.659839840039496
0.9994202018145264 0.015780897967035412 -0.030169907184685478 -1.3826041770444688 -0.0159956385379783 0.9998483249385053 -0.006889608711608631 -1.0555864871845229 0.030056609483072826 0.007368201167735485 0.9995210402787899 46.712713883851094
0.9994330281135462 0.015340194190231728 -0.029971663218349653 -1.421892737359539 -0.015492001437167233 0.9998682806462642 -0.004839348098932565 -1.0866291078720196 0.029893481351608547 0.005300925442695632 0.9995390337965709 47.79034995643476
0.9994431674807598 0.01500651806268648 -0.029802000470669655 -1.4624788475943036 -0.015119249320636435 0.9998793569028008 -0.003560895863565624 -1.0943393522868126 0.029744970926420342 0.004009496959674701 0.9995494788946634 48.90037406554409
0.999486839148522 0.011837849329056635 -0.02976446780054063 -1.5040533748963227 -0.01190790722889001 0.9999267273237904 -0.002177557753415851 -1.1133304450337724 0.029736511787900544 0.0025308728539574395 0.999554568129818 49.97260726257928
0.9994798547071814 0.013668400380549431 -0.029209496990841764 -1.5441008891756796 -0.013748492051394947 0.9999022516574855 -0.0025428589214786025 -1.1445054977299582 0.029171887459079227 0.00294312282641104 0.9995700771463214 51.0568480143726
0.9995026498852116 0.0129614359759288 -0.02874811131399497 -1.5880448572138346 -0.013076342139579498 0.999907232505563 -0.0038125702588782044 -1.1827852728147197 0.028696030459237905 0.0041865942652942805 0.99957941674358 52.131120967946934
0.9994820562160041 0.014720265189936292 -0.02861700445599708 -1.6183496207928934 -0.014919950665713146 0.9998657256417602 -0.006776857522280544 -1.207598527165574 0.02851340718901668 0.00720031189319853 0.9995674770775493 53.20173555032353
0.9995037830103759 0.013821634403062156 -0.028304593700375046 -1.657917362873254 -0.014075622632999978 0.9998622630116987 -0.008793855139454257 -1.2411711547503061 0.02817915203313324 0.009187896406434097 0.9995606625215672 54.2772406587339
0.9995266470661165 0.011728170269447776 -0.028441724403769398 -1.681289591399896 -0.012090042817918707 0.9998477145870927 -0.012584853101431419 -1.274446274484443 0.028289798223409626 0.012922757912875294 0.9995162278604013 55.346767157933535
0.999561059678506 0.00963828713007342 -0.028014126163771653 -1.73028413434154 -0.010035871552398028 0.9998504150433336 -0.014086477236077416 -1.3096355497220238 0.027874168502856796 0.014361440538082757 0.9995082690331986 56.431838690998916
0.9995700356683872 0.009136830338529472 -0.027861478725667122 -1.7604365046952264 -0.009467385801044724 0.9998860821736667 -0.011755479647300565 -1.3522993088458666 0.02775089931822349 0.012014200785675614 0.9995426687614418 57.505921207132054
0.9995901668835663 0.007551413233798188 -0.027612937279565836 -1.7931699046310134 -0.007720467018644618 0.9999520712268385 -0.00602076861923068 -1.3788218259340785 0.02756615083750626 0.006231485975049428 0.9996005582314373 58.59149352338526
0.9996086202494169 0.005749661171146591 -0.02737786702341139 -1.8221113533482756 -0.005757668187122228 0.9999834016783489 -0.0002136267615543315 -1.3986151602212356 0.027376186628101495 0.00037117580701815343 0.9996251331071054 59.67637943117817
0.9996172583942396 0.004169384778302511 -0.027348726441855455 -1.8510294991684615 -0.004138763831780859 0.9999907435924826 0.0011761679090345504 -1.4297941095997444 0.027353379499646318 -0.001062527867165892 0.9996252616704875 60.75604676661994
0.999628750947793 0.001388965178466501 -0.02721086084058664 -1.8895765273008995 -0.0014496479130855751 0.9999965061245849 -0.00221048914352902 -1.4539128293934218 0.02720769777412066 0.0022491146903108146 0.9996272719213105 61.847739219047355
0.9996354037445055 -0.00023623284799289407 -0.027000068000766275 -1.925730416272693 9.126290577630113e-05 0.9999855754030129 -0.005370349801940852 -1.480221451240641 0.02700094946612063 0.005365927771844269 0.9996210060065874 62.92498513076288
0.9996292397116397 0.0018156424580847473 -0.027167746481339367 -1.9635734998034629 -0.002065846234597396 0.9999556889968911 -0.009184352199985323 -1.5072237607148151 0.027149869438130803 0.009237071552286837 0.9995886960157684 64.02100566491627
0.9996340905637947 0.0019939602969073723 -0.026976081975449328 -2.0042170915218045 -0.0023511581379603566 0.9999099000936997 -0.013216041487222706 -1.5467455030207309 0.026947301437219927 0.013274630885807406 0.9995487117813746 65.09084491250849
0.9996440956426054 0.005061832681438772 -0.026192743056717656 -2.038113643974783 -0.005435240167092224 0.9998843366752336 -0.014204627579517225 -1.5759578611989935 0.026117814263920798 0.01434193619738215 0.9995559857973512 66.17824009085872
0.9996339751064287 0.009098842521403205 -0.025477966239472565 -2.0803073467768236 -0.009378172316898421 0.9998969888337585 -0.010865616661458143 -1.6002039242981745 0.025376479324392284 0.011100576524144687 0.9996163321953399 67.28485093864458
0.9996257295299787 0.010057204807939805 -0.02544117482719201 -2.119664564878856 -0.010280287935801598 0.9999097164493249 -0.008653014133487813 -1.6410047483969215 0.025351854906748017 0.00891131831579652 0.999638870768727 68.35904182472319
0.9996274340154273 0.009983807742430559 -0.02540308309260189 -2.150479336263748 -0.010185631608396448 0.9999174852385257 -0.007827876229900537 -1.6730722913397715 0.025322837084680434 0.008083706406679396 0.9996466414216219 69.45090981742973
0.9996390760210702 0.008621833374690385 -0.025443694081858557 -2.1866146874890418 -0.008809431597944268 0.9999347669943308 -0.007270191903794307 -1.703156538403419 0.025379354068097583 0.007491712520242531 0.9996498200488337 70.53952963137162
0.9996503402318648 0.007455644638897557 -0.025369480254948402 -2.218204180307411 -0.007608921549720339 0.9999533462365078 -0.00595060329467108 -1.7371163707070327 0.02532393322423617 0.006141557087871896 0.9996604322344713 71.62719329395642
0.9996504413661109 0.005783095130189443 -0.025798270871616766 -2.252672258360879 -0.005866574734256455 0.9999777943964503 -0.003161333094446742 -1.767433731706022 0.025779417890903687 0.0033115755471374753 0.9996621705235498 72.72071604924145
0.999637131758607 0.004545897156608022 -0.026550697157233853 -2.281506928615921 -0.004615109193675554 0.9999861090291591 -0.0025460803165522693 -1.7915778794810733 0.026538756363263027 0.0026676908189401196 0.999644225680413 73.80448169371167
0.9996315967950694 0.0038175725496820204 -0.026871857387823585 -2.3147337959799255 -0.003889751275151959 0.9999889651835399 -0.002634265308608089 -1.8223779881146458 0.02686150663040375 0.0027378197075696425 0.9996354154923405 74.88471149275608
0.9996083203794243 0.00398047587017337 -0.027701291040987015 -2.355459620808905 -0.0041627883911207735 0.9999700355329278 -0.006526809102979083 -1.8556822407717923 0.027674483513441636 0.006639567402951556 0.9995949375690738 75.9680763388076
0.9995834153894417 0.005202967801989543 -0.0283888126323243 -2.3940307793621236 -0.005447320327951441 0.9999487235435485 -0.00853680241358765 -1.8832684847309953 0.028342942634270583 0.00868788921343087 0.9995605025685171 77.04562040067951
0.9995621688916639 0.005915399652922826 -0.028991006196271898 -2.435895762245164 -0.006129091902594945 0.9999546611156269 -0.007287657922554565 -1.909610641553885 0.028946584806973787 0.007462155819553944 0.9995531059295396 78.11037369655402
0.9995350917502165 0.008053905938937034 -0.029406373861058075 -2.4717681177912634 -0.008145774192127283 0.9999623056155184 -0.003005616197893337 -1.9430690671251842 0.02938106093551612 0.0032437565772938373 0.9995630202338948 79.19710911960871
0.9995160350181045 0.008547782817812408 -0.02991038298987601 -2.510435778007729 -0.008523900555895001 0.9999632422522772 0.000925895271092427 -1.9631681990331387 0.0299172004314941 -0.0006704940840867352 0.9995521555564694 80.25912490064653
0.9994944090977612 0.00904448017953011 -0.030481525805876812 -2.5514047708426713 -0.008997787631273124 0.9999581268123822 0.0016686698894550422 -1.9892185163316922 0.03049534427662701 -0.0013935599884397122 0.9995339374396287 81.32988365216987
0.9994727858478493 0.009966778883971098 -0.030900056919530246 -2.5901867874312092 -0.009966976621533254 0.9999503175650682 0.00014765222482463928 -2.0102502766403942 0.03089999595707138 0.00016040573485373179 0.999522468305643 82.38685958870417
0.9994487025903923 0.009515774901401297 -0.031807872656374525 -2.6342217277139763 -0.009554082600461913 0.9999538047609848 -0.0010525546507923246 -2.0343383188499815 0.03179639009630189 0.0013558694164388688 0.9994934473666417 83.43334957610838
0.9994395496582271 0.009338527003810975 -0.03214620249787511 -2.674111840467576 -0.009381138323827901 0.9999553058708234 -0.001174957724872143 -2.062157312351188 0.0321337960906679 0.0014758671874541285 0.9994824866404887 84.48692679854722
0.9994307051331116 0.007891782843489872 -0.03280221399108408 -2.7157053602545096 -0.007922560687950263 0.99996828926643 -0.0008084001371066929 -2.0901976903406307 0.032794796860526 0.001067817438453393 0.9994615356309084 85.50680104621287
0.9994150212108578 0.006997727444302389 -0.03347606649920558 -2.7525086709884845 -0.0069754248693293395 0.9999753648984318 0.0007829805357284555 -2.117903922736302 0.03348072372667439 -0.0005490127653240039 0.9994392126936983 86.51599193748085
0.9993990468326701 0.006378822290877661 -0.034071331833494464 -2.792150380656185 -0.006270071352132022 0.9999749051633735 0.003297766031959973 -2.139888095336775 0.03409151556556581 -0.003082154640695691 0.9994139628003889 87.50347314222473
0.9993760494308486 0.005968616874423273 -0.03481217127560419 -2.83462413507787 -0.005824101327665848 0.9999740030922893 0.004251234410727503 -2.166536304180365 0.034836643203122804 -0.004045832350272175 0.9993848306272705 88.49954449201084
0.9993100920854515 0.004545762785648149 -0.036860218622958005 -2.8788780204789157 -0.004378038464170722 0.9999796990004646 0.004629727144708861 -2.1899525449652617 0.036880519085076266 -0.0044651577258336276 0.999309706673132 89.45054908057696
0.9991843432095551 0.003861444589936293 -0.04019623521304448 -2.92859711723441 -0.003704483692418245 0.9999852235745748 0.003978622767508804 -2.213321715577405 0.04021100788874948 -0.0038264713900308237 0.9991838835572223 90.37140428509396
0.9990470405496207 0.003305697609822804 -0.043521062712795065 -2.9728202122881533 -0.003166658957642082 0.9999896615147728 0.003263301970792282 -2.2287401638108753 0.04353140394153604 -0.0031223759126859916 0.9990471800005781 91.2781932873451
0.9989105918434967 0.0034031452184104 -0.04654081912687868 -3.0174036163525733 -0.0032506108093990436 0.9999890963126729 0.003352728801065335 -2.2516668277268383 0.046551725419704 -0.003197790324672196 0.9989107624070835 92.16429624834927
0.9987460093305813 0.004268609596064957 -0.04988173537186054 -3.0674858632621564 -0.004046650606939974 0.9999814615593771 0.004549853078178653 -2.2746247380401368 0.049900236409010965 -0.004342293779529531 0.9987447677855976 93.02841109804365
0.998597860214375 0.005487228626800534 -0.05265171955080724 -3.1228523921979483 -0.005217515542605853 0.999972561537371 0.00525867976863005 -2.2932170710963584 0.05267913490224137 -0.00497659534446815 0.9985990900062863 93.85442529458159
0.998433319731289 0.00617604972060408 -0.055612607395805716 -3.1713629203307296 -0.0058203954734976065 0.99996157729912 0.006554916617644697 -2.312627443893028 0.05565095880779142 -0.006220959963284688 0.9984309043643821 94.68356586284585
0.9982640476763027 0.007753045830789684 -0.058384766879090645 -3.221635355974034 -0.007323974059543393 0.9999446055201514 0.007559451586363362 -2.32772350949267 0.05844014640386354 -0.007118720414406599 0.9982655325556112 95.46664485939726
0.998105156413709 0.010241146513094941 -0.06067301897297351 -3.2780818457792313 -0.009759710722193556 0.9999185373125967 0.008225983512215419 -2.3491865431848638 0.06075232502777128 -0.007618245653607486 0.9981237988068228 96.21662189339975
0.9979157854593272 0.011046736401106039 -0.06357715219708306 -3.3366244466242825 -0.010610998468760303 0.9999178714807906 0.0071872823291680215 -2.3626783856239135 0.06365133209669421 -0.006497685614406171 0.9979510451149406 96.95266852565364
0.9977378409527526 0.012940455476144357 -0.06596775608371953 -3.3942895512038227 -0.0127022017320607 0.9999112032799233 0.0040298457336414364 -2.385894859895436 0.06601405198314744 -0.0031827939622856437 0.9978136174824763 97.65267151629065
0.9975221605963013 0.015904079903896473 -0.06853173584593554 -3.455474137879014 -0.015918400275114153 0.999873237406368 0.00033718460439538793 -2.4015597496623564 0.0685284169858531 0.0007545664347287119 0.9976488797148433 98.30802576688156
0.9973428005107953 0.017693991786377435 -0.07067008097582396 -3.5082547268820274 -0.01792022439628204 0.9998361208735139 -0.0025684634409244315 -2.4170610756462696 0.07061305921681979 0.003828062234970833 0.9974964372548546 98.94782100749242
0.9972430780920126 0.019684295365426274 -0.0715455876685741 -3.5646062787749764 -0.019972688875068513 0.9997950214367937 -0.0033176600158790577 -2.434673331414224 0.07146562259149422 0.004737471269493992 0.9974318130547036 99.5437906581728
0.9972423071549623 0.02179909835770878 -0.0709406761417973 -3.607867195861837 -0.022072619966180318 0.9997516444843825 -0.0030739008471795688 -2.455956317389677 0.0708560553495107 0.004631270574514151 0.9974757998492693 100.1291168530019
0.9973544572826395 0.02544274742901198 -0.06809370428219362 -3.65987392280419 -0.025613968857236675 0.9996705592962768 -0.001642425057100654 -2.4662105966997334 0.06802948938323959 0.0033822299642687456 0.9976775779725383 100.69043691612792
0.9976913785446077 0.026790325159607397 -0.06240345456300832 -3.703576060542668 -0.026872590582097147 0.999638751922188 -0.0004791883238937553 -2.4774376975673826 0.06236807909129839 0.0021550245161471335 0.9980508899867828 101.2356608489727
0.9981028463320041 0.028339064968160813 -0.05465898925889746 -3.730002433297467 -0.028296844611706826 0.999598368036073 0.0015463835994584505 -2.496605961110612 0.05468086414635076 3.2269874955527896e-06 0.9985038825272919 101.74548679968208
0.9985869666075624 0.027851813007404337 -0.04525865990108764 -3.749074763532885 -0.027708977274283262 0.9996088839631726 0.003780446295261559 -2.5068054467880256 0.04534625462928928 -0.0025210333276138508 0.9989681485542189 102.24011931039024
0.9990717315675348 0.026859141551047773 -0.033678798376947434 -3.7598651375738066 -0.026696412932742684 0.9996296835679702 0.005272319647236253 -2.520378614595416 0.03380793940326433 -0.00436832254495093 0.9994188016747448 102.71032309973734
0.9994424312382563 0.026663944872853063 -0.020096281500027343 -3.768658877799858 -0.0265629802032986 0.9996332267509803 0.0052744806003710825 -2.535748834033352 0.02022955089341175 -0.004737722717373689 0.9997841363618925 103.15987328406636
0.9996510751470127 0.02596449575281726 -0.004855185103568322 -3.759240645672546 -0.025941622273350146 0.9996523327022375 0.004716570931433369 -2.5462879961292306 0.004975960923140637 -0.004588973938987315 0.9999770903085041 103.58972192644487
0.9996160929554091 0.024608045351775888 0.012732271399912357 -3.7437858630961323 -0.024637231621641255 0.9996941660098472 0.0021404071702552253 -2.559647794173106 -0.012675707272466055 -0.0024532734293069495 0.9999166504710248 104.01075637220187
0.9991384704875522 0.023999497416959864 0.03385765488031199 -3.715892859441328 -0.023929313354050394 0.9997105850912915 -0.0024767105549718177 -2.57456359268309 -0.033907298646973436 0.001664386404712253 0.9994235963601982 104.41903846220627
0.9980439419145083 0.02240709337217439 0.058362761300274534 -3.6634495508701317 -0.02202166624675818 0.9997312860876141 -0.007238915717502434 -2.5924063120670833 -0.05850928642539559 0.005939510874910272 0.9982691950635768 104.83144062341638
0.9961408991015019 0.020232875508158145 0.0854045627600353 -3.6272819969245353 -0.019503521346056818 0.9997659194924416 -0.009365838602871024 -2.6060642295042244 -0.08557407630224428 0.007664005379296539 0.9963023341215528 105.21002353950004
0.9932242945527742 0.017227196650288094 0.11492921045981923 -3.5545668461143105 -0.01599992881060177 0.9998047890931838 -0.011592498704493921 -2.615594638220814 -0.11510649101558938 0.009675092433869163 0.9933060400800193 105.60674866646325
0.988944562837791 0.014895176837964595 0.1475357030885518 -3.479149331077822 -0.013176517699785522 0.9998335477408822 -0.012619676093312042 -2.6221175517115647 -0.14769913023572084 0.010536153571341708 0.9889762171148121 105.97245569327798
0.9829814134324738 0.012686741722377336 0.18326643128853684 -3.3559658254769693 -0.010143850193541073 0.9998389261530163 -0.014806217393956394 -2.6430641904453864 -0.18342477002729182 0.012695209667911267 0.9829517729595743 106.35939705826523
0.9751632740576739 0.008675037949694571 0.22131725829211574 -3.252038997212846 -0.005468423311617737 0.9998710741883973 -0.015097395680538476 -2.6513085432982657 -0.22141971398860605 0.013512169788602818 0.9750849887799774 106.69397711520752
0.9651248439982436 0.007067548664885522 0.26169463089244055 -3.104631848819127 -0.0029883624016144444 0.9998678097869127 -0.0159822603131591 -2.675613121935256 -0.261773014960076 0.014642838594379336 0.96501838393332 107.07294955702318
0.9531559089668088 0.007170340243312675 0.3023944313664369 -2.990023683431451 -0.0022168215392601425 0.9998577364597875 -0.016721021036502453 -2.6911852677549852 -0.302471332648057 0.015267386060818684 0.9530362045322672 107.3749370622168
0.9381020887297403 0.008175427696097116 0.3462623627406871 -2.831562730661889 -0.0023726765187514053 0.9998496176369082 -0.017178839258152598 -2.693799697625415 -0.34635076462870346 0.015293936993823804 0.9379804118336754 107.70844071800998
0.9202388359015695 0.007760134554471226 0.39128027398200743 -2.6375407238647925 -0.0014610063459168697 0.9998645436246473 -0.01639389710234536 -2.7164620688608574 -0.3913545245063269 0.014514638426020314 0.9201255206889472 108.06831132504283
0.9004740708844247 0.007400048859499475 0.4348467218994469 -2.4711089806417967 -0.0008931377715127422 0.9998845885551689 -0.015166142351378909 -2.7176763285391923 -0.4349088025696175 0.013268340527088874 0.9003767544662031 108.32953774089765
0.8772112384879582 0.0065945211611152955 0.48005930520902795 -2.2424320102009836 0.0011959871842368627 0.9998725445404829 -0.015920561675614932 -2.7373497599161856 -0.48010314809496407 0.01453984108209706 0.8770915454264995 108.65574668890633
0.8524235979246888 0.006466230546083185 0.5228117970504813 -2.049655093129523 0.0031640584639405908 0.9998414174328336 -0.017525088064464112 -2.753857830572585 -0.5228422536710984 0.016593006470885262 0.8522679580678585 108.89407266067941
0.8247675651303746 0.007795902020804945 0.565418129442845 -1.8177028613392996 0.004262299757411134 0.9997908480073245 -0.020002325627280732 -2.76196359666084 -0.5654558550859673 0.01890725179917916 0.8245618340109034 109.18692517705817
0.7949310269496126 0.013189451890939386 0.606556403287558 -1.5954336249304584 0.002368526913821033 0.999688580568604 -0.024842140580056418 -2.78187822081181 -0.6066952153432904 0.021184434403854674 0.7946522294774304 109.41574718464429
0.7609929948796943 0.01795990556521692 0.6485114252700466 -1.3145588725672805 0.000308000097976025 0.9996066261525888 -0.028044573014313588 -2.8117597070207663 -0.6487600505617229 0.021541466145696655 0.7606881074882167 109.68785403449778
0.724472640509835 0.023272580123463026 0.688910546268027 -1.0703527542179534 -0.002281871531952716 0.9995053818527158 -0.031365342318749406 -2.807432437998901 -0.6892998093211637 0.021151327985150615 0.7241674071739659 109.8888102151907
0.6852852172006972 0.023199372971383254 0.7279051559815135 -0.7751732919657415 -3.2204460730565765e-05 0.9994934571790879 -0.03182495881310239 -2.8257828099157645 -0.7282748215028106 0.02178573304513577 0.6849388368984538 110.11179084902034
0.6440986444802199 0.020021191504369158 0.7646803511008639 -0.44243115370206715 0.004176159362099616 0.9995504816257279 -0.02968828650395193 -2.8528848939059337 -0.7649310727631068 0.022315613172399936 0.6437254974437405 110.33480071397456
0.6010697105185641 0.018554421792108006 0.7989811532661599 -0.15654077405056369 0.00588469471801745 0.9996006108249125 -0.02764035433262569 -2.8559118816642 -0.7991749671891291 0.021315541032949317 0.6007204614479209 110.48923552771357
0.5540651709377156 0.01597209498468282 0.8323200229872357 0.21537481860572524 0.007441075043095718 0.9996809631326963 -0.024137156735423514 -2.876274254495548 -0.8324400735380567 0.019566914704427046 0.5537695528864098 110.69516144940137
0.5069346351406875 0.013769528412751291 0.861874476737149 0.5102500148226806 0.008480800223450017 0.9997443365133178 -0.020960382197773762 -2.867401877071252 -0.8619428143368512 0.017934930034393764 0.5066882525223064 110.81374719490174
0.45619046735408386 0.00895210105238549 0.8898370924367927 0.936442398634737 0.011443606037812361 0.9998076972875614 -0.015925209955704726 -2.910683308892783 -0.8898086136486296 0.017447875193933905 0.45600029500739747 110.99456553072159
0.40519475480793443 0.009080605452160218 0.9141852565039628 1.2634265033496037 0.009986590395004692 0.9998470484551649 -0.014357844394118108 -2.90669905561205 -0.9141758856436036 0.01494731801244251 0.4050420939552444 111.08445258844475
0.3540849629496193 0.0134481264423103 0.9351165240206953 1.6296665272240811 0.006295841110122902 0.9998396715122645 -0.016762865025126014 -2.9199966385443554 -0.9351921063714753 0.011822824523402302 0.3539435243418095 111.1951778851493
0.3027668284912476 0.018902776902105102 0.9528771464708506 2.0584763538827513 0.004395299502004876 0.9997649676852938 -0.021229477606675387 -2.9421024332190413 -0.9530545661776486 0.010615763070251293 0.3026125836754725 111.31268404191889
0.25662365438547846 0.020538160622317683 0.9662931260244819 2.428010436387314 0.006569485994930077 0.9997140363902035 -0.02299320079350601 -2.938454244437675 -0.966489121090928 0.012248649434441405 0.2564153427182006 111.37027368784256
0.21416691271766328 0.020609846610646826 0.9765795858026847 2.8782548052963897 0.01359837147901055 0.9996175889976784 -0.024078206759838298 -2.967548578442449 -0.976702461725966 0.018436648387563905 0.21380475108524302 111.45678429395997
0.1798882562799017 0.020278492490953218 0.9834779695000199 3.302236012081173 0.021452257774076677 0.9994688485432844 -0.02453204870216282 -2.9891962002199466 -0.9834531498386643 0.02551085172380774 0.1793576874130619 111.47939423638938
0.1484671223225153 0.021315855694127535 0.9886875469357168 3.7552144654010124 0.02579216748696786 0.9993441115311442 -0.02541871033710604 -3.011745524151843 -0.9885809833014565 0.029274239002382404 0.14781996081127508 111.52183826901557
0.12111552194777836 0.01981258379189492 0.992440632372364 4.199871465511911 0.023515599253688235 0.9994629292171718 -0.02282257001183031 -3.032932436032346 -0.9923598794681608 0.026102005039305334 0.12058456803607229 111.55909181700677
0.09543532107455467 0.01647699268127254 0.9952992136092887 4.689796242731518 0.018489883817778243 0.999661154555825 -0.018322124765691915 -3.0216004902585225 -0.9952639386440307 0.020151545938901467 0.09509832404385535 111.59548613254918
0.07068580047657812 0.01334940300912622 0.9974092575631325 5.196605549578791 0.013592267296626931 0.9998047202942065 -0.014344738917035943 -3.0275754509742523 -0.9974060617775266 0.014571023737283813 0.07049054679110016 111.64131158559073
0.048599660325499436 0.009959954631180783 0.9987686359141036 5.712397200706393 0.017913492422315585 0.9997807580212972 -0.010841709740231617 -3.044567548716749 -0.9986577312477495 0.01841833903412635 0.04841058613676417 111.63471170648592
0.028479183827164484 0.01024333109983562 0.9995418579833637 6.242730098977599 0.02463578674360274 0.9996365629933607 -0.010946229318590708 -3.069498609069194 -0.999290797800611 0.02493624109398849 0.028216479384570205 111.62965086608115
0.010172890588762137 0.012611443121651234 0.9998686810361543 6.80616696907851 0.03015107658898772 0.9994619377768809 -0.012913075680504062 -3.097635920654218 -0.9994936264784072 0.03027848195421931 0.009787166819525711 111.63082946441784
-0.003622005911449241 0.017793943077964086 0.9998350724766554 7.351565996054707 0.03034736871322468 0.999383108516212 -0.017675961936489848 -3.108978821677719 -0.9995328922873474 0.030278342622542295 -0.004159772412275487 111.61779197390173
-0.01488701352148138 0.022762758454768356 0.9996300061280429 7.965791390703977 0.028066376541551537 0.9993564267880781 -0.02233854835944577 -3.1109078012389797 -0.9994952425013142 0.027723439293624072 -0.015516302322224028 111.61285764161113
-0.02120115823186152 0.023070798965821104 0.9995089617559181 8.57397825001905 0.029809192966332606 0.999303826819884 -0.022433762925877232 -3.1143942871436523 -0.999330779731796 0.029318935197414422 -0.021874121986203015 111.59657155450182
-0.02423450849195084 0.019472163973047962 0.9995166026327387 9.210475996304666 0.03582029072652181 0.999185193526092 -0.018597199521942664 -3.1509998834854396 -0.9990644022084902 0.035352282866580695 -0.02491226216590927 111.56861878641946
-0.023979901795578434 0.01802193702850524 0.9995499435266639 9.868682482308056 0.03756489439110658 0.9991476406073935 -0.017113474339550884 -3.165663018629653 -0.9990064701530535 0.03713761023343387 -0.02463645599603027 111.55322783924206
-0.02167812744297744 0.01754034114581845 0.9996110797334528 10.546448061416376 0.036569799970263626 0.9991908855240494 -0.016739893631339813 -3.196998605053462 -0.9990959878426438 0.036192689268314086 -0.022302035657172994 111.54607994940632
-0.020183748802835737 0.017976684447858784 0.9996346185484817 11.242625486482275 0.03347703917779679 0.9992898411416236 -0.017294544017248337 -3.197653707467471 -0.9992357021980176 0.03311574007748773 -0.020771222838139036 111.54036571166385
-0.019168937606393138 0.018545322666215516 0.9996442058736646 11.93134055109681 0.032306149403706894 0.9993173644108709 -0.01791976305384082 -3.2276133321942004 -0.99929422542285 0.03195115374315803 -0.019754981705950667 111.53546961896393
-0.018034653013144768 0.01923940746141543 0.9996521955101932 12.653803528677171 0.032049242201486305 0.9993121882460121 -0.01865466446909539 -3.2404905075199077 -0.999323612145956 0.03170166642243034 -0.01863885853020736 111.52452147455155
-0.01706131628501972 0.019059982875522605 0.9996727184608889 13.40634174515657 0.03206919689744658 0.9993143154203936 -0.01850582652965893 -3.270048244976707 -0.9993400635063164 0.03174296897474199 -0.01766085748109358 111.51660870954296
