1.0 0.0 0.0 0.0 0.0 1.0 0.0 0.0 0.0 0.0 1.0 0.0
0.9999995820877441 9.184192727518364e-05 -0.000909609475268921 -0.0002704116626764952 -9.267957073142907e-05 0.9999995716922464 -0.0009208831742642578 -0.015063090393873213 0.0009095245099906106 0.0009209670916315942 0.99999916229204 0.5587394896754704
0.9999957367556663 -0.00019962908287120008 -0.0029131801731940134 -0.005661719896095763 0.00019553196248119588 0.9999989915858725 -0.001406625213041694 -0.02664265793118692 0.0029134580388031936 0.0014060495964183988 0.9999947673797042 1.1161478609631268
0.9999872989063046 -0.0014826528131260252 -0.004817028825845143 -0.0028941578916392707 0.0014690675763815802 0.9999949374634656 -0.0028225676069019616 -0.03633073088562799 0.004821189327263337 0.0028154552163437803 0.9999844145512446 1.6666166533613742
0.9999722439140718 -0.004064875711532899 -0.006244052122285109 -0.009033340162865056 0.004035980584365997 0.9999811216325307 -0.004633275220453999 -0.049299430324552196 0.006262767932683118 0.004607945745735539 0.9999697718300417 2.229912812129807
0.9999580996806128 -0.005219749410195295 -0.007520179468095496 -0.009787319679564366 0.005177470919937624 0.9999707449398105 -0.005630546988845752 -0.055591528921924205 0.007549349509116626 0.005591375556619818 0.9999558709470002 2.7762429141046967
0.9999459976556 -0.005759605473462448 -0.008650359376165137 -0.004416791500721828 0.005713922839530215 0.9999696487733409 -0.005296472213204927 -0.05708870628774454 0.008680602417496243 0.005246758705278749 0.9999485580092398 3.3738722245867425
0.9999287212052693 -0.0060750814129733625 -0.010278418877450892 -0.0200174343114341 0.006020313403947368 0.999967560662346 -0.005351023221359328 -0.06379564609648014 0.010310593354062847 0.005288762503934231 0.999932858073913 3.951791042022492
0.9999204518736693 -0.005251867033965124 -0.011467685791588515 -0.04042234441121817 0.0051619740514284715 0.9999558303440043 -0.007854386349375955 -0.09349654755970693 0.011508429460592348 0.0077945656511722704 0.9999033957326379 4.540873366658644
0.9999117603762068 -0.0038803509321522667 -0.012704894253740552 -0.05787082004913202 0.003733493722635406 0.9999261822003952 -0.011562489989841905 -0.09024563991910561 0.012748822925212613 0.011514036077132 0.9998524363561035 5.138380517010204
0.9998952619052286 -0.0022400695991212955 -0.014298507183103768 -0.06962038506098533 0.0020186440329239956 0.9998781149294307 -0.015481613657385264 -0.10614639659373726 0.01433144430064597 0.015451128546461912 0.999777911503799 5.753464075560699
0.999882247819802 -0.0011836822479682858 -0.015299980103124704 -0.08293912190764541 0.000952616572436849 0.9998855222298195 -0.015100826363702205 -0.12460255071479542 0.015316103175615063 0.015084473193870898 0.9997689111249546 6.382622165951481
0.999858870980787 0.001025038857734725 -0.01676864384397339 -0.10665127470938263 -0.0011876128556326136 0.9999523646359124 -0.009688035649820676 -0.10847288394712473 0.016757914450522448 0.009706583043851944 0.9998124596887566 7.0160979025314445
0.9998499856081424 0.002288204511731101 -0.017168878807597928 -0.11739302582500155 -0.0022740799721683333 0.9999970596584367 0.0008421607692633901 -0.13025014684920055 0.017170755361301804 -0.0008029910295867989 0.999852249267725 7.6847446739746985
0.9998297087668573 0.003451927757195994 -0.018128366223695846 -0.13414030247144737 -0.003294831351701262 0.9999568260265165 0.008688507889104316 -0.15032193983067899 0.018157575651644216 -0.008627298402992756 0.9997979156653212 8.363967229889873
0.9997994942871005 0.0048764070833653556 -0.019421428300083515 -0.16448357484826914 -0.004713660375880742 0.999953468948089 0.00841673003868651 -0.16243036297993285 0.019461568002574522 -0.008323496419208707 0.9997759582917768 9.030866956122086
0.9997658754306407 0.008011724833275677 -0.020099915164011627 -0.1750068476151334 -0.0079992776438631 0.999967760544993 0.0006995911718582415 -0.15202693976910542 0.020104872085665772 -0.0005386425783613794 0.9997977315350298 9.729115189478357
0.9997359339357254 0.007847124518608627 -0.02159826461669119 -0.19407334724822256 -0.007957167460617292 0.9999557718068818 -0.005013772642155355 -0.14757692540401024 0.021557965666241713 0.00518430968336031 0.9997541583056508 10.44008651702732
0.999735288175343 0.006328692510009049 -0.02212015434118348 -0.22076122315075608 -0.006418781051178572 0.999971382949596 -0.004004064396288598 -0.1648936946603783 0.022094180835257365 0.004144988900630546 0.9997473011917725 11.163194511244344
0.9997228587877877 0.004211851088299827 -0.02316173412297164 -0.2331272451381743 -0.004087409164197558 0.9999769718522633 0.005417458029590605 -0.16322995588365696 0.023184018277634163 -0.005321285144392232 0.9997170525808361 11.931675202027854
0.9997216920262961 0.0035386680962151014 -0.02332415743782312 -0.25648660790601063 -0.0032348366205162725 0.9999095949047074 0.013051354318328242 -0.153965575765584 0.023368233226286002 -0.012972272183731258 0.9996427591046079 12.70970380900562
0.99970313603832 0.00336487313402046 -0.024131254089669513 -0.2785381653222583 -0.003000234060165661 0.9998810190317461 0.015130974047330612 -0.16066288244123417 0.02417929673775617 -0.015054082795996506 0.9995942857982126 13.495507980722511
0.9996971982700827 0.0013229258225236598 -0.024571561574615538 -0.3162148129853275 -0.0009617223621206245 0.9998913974638285 0.014706065684966407 -0.15654071386834456 0.02458834807475321 -0.01467798164259819 0.9995899009062938 14.30699142775163
0.9997216561226081 0.000760218151419406 -0.023580338161953745 -0.3148036547637343 -0.00047269108607567536 0.9999255059198177 0.012196687014673432 -0.15351151163130616 0.023587853709207716 -0.012182145925862626 0.9996475421257405 15.128675724064047
0.9997168251328546 0.00283597471026853 -0.023626823606399276 -0.33785204130137814 -0.0026149935576332403 0.9999526004336509 0.00937862967991592 -0.135744495417228 0.02365230126179534 -0.009314189896184235 0.9996768550444685 15.957060637375122
0.9997546508704093 0.0001675120961442925 -0.02214971789174078 -0.3565699165548857 -7.687608621318775e-05 0.999991621669844 0.004092759482688485 -0.14266861129894615 0.022150217900811377 -0.00409005254408954 0.9997462874735435 16.80310264629388
0.9997598913174741 -0.0023048311548770723 -0.02179099507181411 -0.38268390997808055 0.0022608288559496257 0.9999953559436345 -0.0020437084058300883 -0.1468724714267573 0.02179560427600997 0.001993951983239084 0.9997604592049698 17.683147104955655
0.9997961062908591 -0.0020452620148591447 -0.020088871270627143 -0.41037365239303014 0.0018849102647534564 0.9999662404849441 -0.007997812432204756 -0.15172787845524915 0.020104550702044584 0.007958316008897624 0.9997662087945218 18.57245774211982
0.999793927725115 0.0007389151401539755 -0.020286845205774666 -0.41163551263693776 -0.0009192150102375292 0.999960152721673 -0.008879640342563385 -0.1618905442333407 0.020279475529519135 0.008896458467501346 0.9997547678800954 19.46585009279398
0.9997942349691108 -8.36894645357979e-05 -0.020284987517969005 -0.4467637494473635 -8.671242812327521e-05 0.999964720917352 -0.008399369121383851 -0.1685953396127644 0.02028497482092205 0.008399399785459274 0.9997589558887475 20.383298533990153
0.9997943743864403 0.0004434841644160033 -0.02027343747424697 -0.46379666864966396 -0.0006271453900641492 0.9999588173474273 -0.009053744959627536 -0.17866139349126264 0.020268587367796763 0.009064597670617928 0.9997534783311253 21.34059000684269
0.9997761805999938 0.005165378695420798 -0.020516031970662048 -0.49450508029422124 -0.005394078649619283 0.9999237582572352 -0.011107726511208307 -0.21226226113855162 0.02045709217875443 0.011215905476552991 0.9997278183805485 22.248535752097624
0.9997497990141364 0.008487707028667794 -0.02069536664544536 -0.5261546943525417 -0.008739028085036049 0.9998887995705006 -0.012083785896490937 -0.2299160772972968 0.020590501677299176 0.012261619911691335 0.9997128007171951 23.249713627675327
0.999737907548804 0.009078659315600375 -0.021016521000639558 -0.5542842791955707 -0.009327172055603135 0.9998873824353584 -0.011756968487353114 -0.23711822627751822 0.020907416659746297 0.01194991178204679 0.9997099977178467 24.182657945785525
0.9997421213791132 0.009206943134714237 -0.02075868344825391 -0.5678975543866969 -0.009454581548602316 0.9998849337673034 -0.011862972346598409 -0.2486855281934286 0.020647073112949957 0.012056177805153187 0.9997141326142184 25.174678816136023
0.9997367524501879 0.009413771010469306 -0.020923831286694505 -0.5908349362682621 -0.009658880767673815 0.9998855509836273 -0.011644352986918472 -0.2795400787637323 0.020811819302201072 0.011843388431126624 0.9997132600540026 26.151851760370533
0.9997187832678932 0.010489355269137059 -0.021267999609760196 -0.621275121338666 -0.010727030519622326 0.9998809406102037 -0.011092133279274998 -0.30575340689680885 0.02114911812804554 0.011317156466707322 0.9997122769936928 27.150949468378457
0.9997291190010918 0.009219605513561846 -0.0213702479039188 -0.6583669717743845 -0.00944278293349824 0.9999016841474568 -0.010366093263637435 -0.297015615424316 0.021272575579169537 0.010565079898131158 0.999717888514042 28.16108945042562
0.9997013452276992 0.010083951108634887 -0.02226059927242192 -0.6853596546619194 -0.010291942389099718 0.9999042635958334 -0.009248760172781065 -0.32410927930206057 0.02216520407729517 0.0094751027916762 0.9997094208595311 29.18048985246382
0.9997059094566205 0.010213750944926698 -0.021994860516631347 -0.7070434959414733 -0.010422540408570139 0.9999015096378283 -0.00939902523794909 -0.3503611847042265 0.021896694931947656 0.009625503396025078 0.9997139012914796 30.205960534514524
0.9996795800699628 0.011798418036696307 -0.022394966465123296 -0.7524864563001117 -0.01200834092836651 0.999884996863088 -0.009262440080807304 -0.3728248327602728 0.022283108833615554 0.009528398602797175 0.9997062932085481 31.218696152939643
0.9996749942057946 0.01140416418639165 -0.0228002412016675 -0.7741688871275834 -0.011608898927583447 0.9998932957279095 -0.00886739105196448 -0.3909792334711817 0.022696683135065045 0.009129194794127788 0.9997007144026043 32.2487505863408
0.9996731137629156 0.011620737622688494 -0.022773319403673054 -0.7803123822557367 -0.01176239893773531 0.9999122358285346 -0.006096442537307631 -0.4202304933429204 0.022700475563006223 0.006362318562109479 0.9997220660322186 33.29210734073027
0.9996337455637666 0.012690487624915519 -0.023902431968245402 -0.8546853483563908 -0.012727400304520386 0.999918033329581 -0.0013928042904778836 -0.431939541595888 0.023882797399869808 0.0016965099896391154 0.9997133258300661 34.35001519423011
0.999659096794663 0.010943399714183948 -0.023705109119640983 -0.8547259020016824 -0.010938612457941085 0.9999401166019504 0.0003316135897513512 -0.43660996116432926 0.023707318557219068 -7.219953968271391e-05 0.9997189394195015 35.42591409915418
0.9996407427308392 0.010696015732709297 -0.02457601920535069 -0.891186615975279 -0.01067675972502506 0.9999425834927235 0.0009146144936480893 -0.4605738369773782 0.02458439086717858 -0.0006518936596896359 0.9996975456408536 36.46324738374627
0.9996247058991377 0.011152601910609202 -0.025021327436530138 -0.9258116876475597 -0.011154131933909992 0.9999377876601933 7.842218441187537e-05 -0.46450040965480355 0.025020645412608948 0.00020069843435993015 0.9996869145003724 37.5358248761547
0.999612080036522 0.011109681990821322 -0.02553946771412281 -0.9568773198331542 -0.011105787733036642 0.9999382855228273 0.0002943203995084053 -0.47797127677363704 0.025541161365267507 -1.057031950198672e-05 0.9996737712695986 38.60058550533216
0.9995910362781785 0.01134852286011974 -0.026248261298813375 -0.9860127562159775 -0.011345136875654487 0.9999356032413066 0.00027792034281059986 -0.4895885685241339 0.026249724981228073 1.998343371014806e-05 0.9996554164006076 39.6871474601089
0.9995807273103586 0.011672162616180898 -0.026497739706548232 -1.013881333392348 -0.011603928248653477 0.9999289525078211 0.0027274137587892473 -0.5103672547108289 0.02652769192550787 -0.002418792358380553 0.9996451525439577 40.77364266464269
0.9995361227308636 0.012250617471654903 -0.02788300069424553 -1.0551575186058173 -0.012118384978101707 0.9999145320325011 0.004906462651113055 -0.5045727976928518 0.027940724787926172 -0.004566289717859793 0.999599152108753 41.85087772631073
0.9995138241824914 0.013844495197781224 -0.027936449681561067 -1.1004740676007714 -0.01370635498383533 0.9998929024069609 0.005130258204115884 -0.5129246396150506 0.028004483590112372 -0.004744857100315938 0.9995965362234649 42.93668922777417
0.9994955495747707 0.014026097113743256 -0.028494121849655437 -1.1280676034055546 -0.01397427840989476 0.9999003208514345 0.002016904588949194 -0.5351592545518855 0.0285195708794841 -0.0016177023687991012 0.9995919252954658 44.00283011111582
0.9994376984371376 0.017600155717736023 -0.028539822378366317 -1.166374120699885 -0.0176450650345106 0.9998434391252152 -0.0013224667064846828 -0.5574498680550306 0.02851207853884291 0.0018253101033284475 0.9995917814890344 45.064074611355274
0.9994453381658003 0.01752577033615408 -0.028317192529867037 -1.2099009792061821 -0.017578874173958016 0.9998441551512159 -0.0016274497618610044 -0.5639358288083258 0.028284257130519224 0.002124331442033299 0.9995976630697468 46.13593221381427
0.9994515357771157 0.016937295890670154 -0.028456205661976222 -1.243913520084206 -0.016913066257098493 0.999856367589044 0.001091962190539693 -0.5918535848572475 0.028470613315272928 -0.0006100815965588147 0.9995944437510134 47.22705350677424
0.9994543526620092 0.017338280926080002 -0.028113714793541026 -1.274700797540909 -0.017288361033358172 0.9998485091396366 0.0020177571772274964 -0.5923599886169981 0.028144440263478322 -0.0015306161420554306 0.9996026949225784 48.31479066680647
0.9994714779975535 0.016626724338136677 -0.02793414947997558 -1.3112104568773901 -0.016557738996524796 0.9998592682148965 0.0026990820837351475 -0.6048484609087801 0.02797509515102618 -0.0022351292032881396 0.9996061215542529 49.401070974508045
0.9994794725765506 0.01622419915617429 -0.027884749592581515 -1.3471931439368774 -0.016157854125435876 0.9998660652273536 0.002602951561334974 -0.6138330487063008 0.02792324565950951 -0.002151038937424149 0.9996077557638937 50.46825102093173
0.9994875684874243 0.01650937777736504 -0.02742336384363811 -1.3737166591534233 -0.0164691726943038 0.9998629435011682 0.0016913201780880034 -0.6502651024707369 0.027447527937166045 -0.0012388133773312932 0.9996224780143524 51.54456721283564
0.9994667267601438 0.0179150128826242 -0.02730044711684292 -1.4023345856302853 -0.017928474410571563 0.9998392411358702 -0.0002483750323068473 -0.6565401841144087 0.02729160868607068 0.0007376979480801502 0.9996272424744456 52.621911976074436
0.9995203508255421 0.015285073301826005 -0.026933897225297147 -1.4368770967932107 -0.015377623120651131 0.9998765325224329 -0.0032324012862652973 -0.6659244526327655 0.026881164274344206 0.003645030188357794 0.9996319906656557 53.69808350393509
0.9995059885495521 0.016270325056859193 -0.026889689029943056 -1.4723571542142082 -0.016428084775282625 0.9998490499339595 -0.005656445595483505 -0.6974420822991476 0.026793597821103222 0.006095397337555391 0.999622403333928 54.76601984616703
0.9995648840282805 0.013536600815334683 -0.026206927631761287 -1.499272718973856 -0.013748483532756454 0.9998741046141415 -0.00792174997198083 -0.7187774873615496 0.026096394733365322 0.008278608605033462 0.9996251511549142 55.857293510698184
0.9996105355938232 0.01001193185695543 -0.026048768691081733 -1.5336853927751974 -0.01017418676203169 0.9999296121414606 -0.006103825551199422 -0.7296342355655128 0.025985824088550626 0.006366473365989748 0.9996420384134108 56.933233979381995
0.9996129337746279 0.010173558742715935 -0.025893654299652246 -1.5660134816465856 -0.010191101137177245 0.999947920532587 -0.0005456007394430192 -0.7556798309860753 0.02588675507075415 0.0008092744056031033 0.9996645542314898 58.03335751501269
0.9996350018889923 0.008154394995350651 -0.02575594767532423 -1.6001998255596988 -0.008006242468447703 0.9999508372180396 0.0058500622627596244 -0.7693016523632323 0.025802385159722416 -0.005641718638991142 0.9996511431148708 59.0929476061848
0.9996392235402631 0.007303604850880451 -0.025847245810763864 -1.608002789464777 -0.007129100987261529 0.9999512139713393 0.0068370751318130585 -0.7863892671661716 0.025895920121387486 -0.006650340850424539 0.9996425232490062 60.17368405244038
0.9996776364800035 0.003092480013870814 -0.02520039065407248 -1.6454901851083932 -0.0030092001765744153 0.9999898879676674 0.0033419570178843633 -0.7910786889378514 0.025210470762192412 -0.003265046672850422 0.999676833598825 61.301832187041995
0.9996817009588628 0.0022874368623551325 -0.025124975633734066 -1.6872530821962926 -0.0022668271414550663 0.9999970705640447 0.0008487390880170396 -0.8023079278372407 0.025126843468803523 -0.0007915149584842024 0.9996839576793081 62.37913277887489
0.9996697141825742 0.004435848870310322 -0.02531374707407575 -1.706852444301056 -0.00452146736700687 0.9999842467103285 -0.0033260583317469934 -0.8165086745250818 0.02529859440719195 0.0034394150631841852 0.9996740226419029 63.44732089713828
0.9996775846853193 0.0037434983046210402 -0.025113998052268688 -1.742922825396036 -0.003935556207713841 0.9999633569254974 -0.00760238144438639 -0.8413941854317741 0.02508461829611886 0.0076987678711157945 0.9996556861730965 64.53986211765472
0.9996778669317437 0.006139573988101313 -0.024626570976153027 -1.7880541149555427 -0.006329835583118745 0.999950663047138 -0.007655367599268527 -0.8590329682828397 0.0245783552803998 0.0078087836974701985 0.9996674083658408 65.64655146271011
0.999664227467244 0.010552999433573877 -0.023665724693599118 -1.832829265684481 -0.010662068846379751 0.9999330899220182 -0.0044873117698639295 -0.8664834394764966 0.023616786619548732 0.004738130639808319 0.9997098566623253 66.73436142555354
0.9996440620582235 0.01139200813336633 -0.02412408220894526 -1.8423875650815518 -0.011441477123659142 0.9999327131660155 -0.001913567788184652 -0.8967504530627224 0.024100659596023883 0.002188901811527595 0.9997071405746265 67.80438738949248
0.9996525870684708 0.011509221711026647 -0.023711663436375145 -1.8817822441041443 -0.01154567718121746 0.9999323648195291 -0.0014011155738375754 -0.907497035698654 0.023693933943957295 0.001674396019634722 0.9997178571438188 68.89241789980275
0.9996804930302604 0.009982557563571713 -0.023221980950500258 -1.9221879072526917 -0.009991246937540192 0.99995005291373 -0.0002581907466097644 -0.9233575888468195 0.02321824367622395 0.0004901247989220028 0.9997303001001184 69.98291105895576
0.9996711277993338 0.00963463754097984 -0.02376573171316533 -1.9315452518800669 -0.009624249791840837 0.9999535337891596 0.0005514331478040464 -0.9363715026134471 0.023769940268171936 -0.0003225244582778312 0.9997174030282866 71.05947934890412
0.9996698538247968 0.008457123880364197 -0.024262324900584633 -1.9673247841898842 -0.008388633070197972 0.9999605417341314 0.002923321740088877 -0.9524478412786763 0.02428609044541621 -0.002718828875576566 0.9997013522949852 72.1460992995257
0.9996572295042263 0.007040336800533963 -0.025216208233392177 -1.9964675787269357 -0.006939731975914052 0.999967616800331 0.004074981075918061 -0.9609717786489611 0.02524408089111632 -0.0038985905660458213 0.9996737154549784 73.24493469135132
0.9996568131798698 0.006130405248599995 -0.02546907918545254 -2.025134375734794 -0.006032263994848778 0.999974089415993 0.003928395060578073 -0.9774316370312306 0.02549250192043467 -0.0037734106778166605 0.9996678917108887 74.34331853792685
0.9996398675755099 0.006963764115854036 -0.02591604026381243 -2.049808548520332 -0.006962325120173088 0.9999757520976262 0.0001457590741361686 -0.9992213524960718 0.02591642688600823 3.472931657674995e-05 0.999664112395427 75.42820533145408
0.9996323390416937 0.007330718611176901 -0.026104545709052473 -2.102553308581946 -0.007366248313027396 0.9999720684999731 -0.0012651504558548617 -1.01282533368083 0.026094542107940624 0.0014569778752175151 0.9996584177045919 76.49576116313092
0.999602678977525 0.00726702906635184 -0.027233700988005705 -2.126949109047402 -0.007264691844154133 0.9999735947091145 0.00018476184985066958 -1.025253724541244 0.027234324543942444 1.315600537012483e-05 0.9996290769048061 77.5549304772906
0.999577908842414 0.009850569747628518 -0.027330759774905997 -2.169675699620612 -0.0097268020970614 0.9999418455587602 0.0046577700141798625 -1.0439561878696537 0.027375052058235726 -0.004389963119149971 0.9996155934901282 78.67495464962627
0.999557993602126 0.009914298669254898 -0.028027202999743442 -2.208034484050927 -0.00969498455601764 0.9999213982165216 0.007950136047575088 -1.0430156070435572 0.028103820034838623 -0.007674898736347208 0.999575545533621 79.73107900710062
0.9995457039250608 0.010512279651320358 -0.028246729748540755 -2.2403680483594144 -0.010253282041437703 0.9999042006654343 0.009298370771134297 -1.0579005565445811 0.028341770804475017 -0.009004524870929584 0.9995577334799203 80.811128271385
0.9995170659996956 0.011354092490083225 -0.02892610169184465 -2.290185400074293 -0.011152987320605639 0.9999125663474153 0.007104261703519422 -1.0689420565706342 0.029004235021574214 -0.006778218368592039 0.9995563066213734 81.85963680071197
0.9994818183827874 0.011367641121954845 -0.03011430652628572 -2.301836735270328 -0.011167373442327433 0.9999144523833334 0.006810116396791752 -1.0767228201237415 0.030189145278332302 -0.006470289812728106 0.9995232617888905 82.88307741021596
0.9994866985292363 0.010218389628974136 -0.030363201025549208 -2.3470642699983273 -0.010011787348591037 0.9999257376035857 0.006948625188603429 -1.0870083260488812 0.030431949941041092 -0.0066410685371840125 0.9995147785958297 83.97907114333833
0.9994743592652432 0.009989736380500257 -0.03084169804630788 -2.391193163433101 -0.009780028352221914 0.9999280711330921 0.006942881641188459 -1.1048146723436645 0.030908837195230382 -0.006637599498457697 0.9995001681121104 84.9776764617261
0.9994517048879629 0.009224456154542565 -0.03179935542109953 -2.4149170747889883 -0.00897324128464569 0.9999274678482274 0.008033678079180404 -1.109206260495803 0.03187115525662696 -0.007743929963868177 0.9994619857760088 86.00945588043827
0.9994420737226395 0.008460812912362222 -0.03231030668149025 -2.456857333969637 -0.008108146284167384 0.9999062890807735 0.01103045876429916 -1.1166085741755438 0.03240060550089291 -0.010762327888443383 0.9994170165959738 86.9650194576324
0.999402003559363 0.008420458190038024 -0.03353701187346075 -2.473198249125417 -0.008016853885396039 0.9998940367859611 0.01215093632833573 -1.1436716310188757 0.03363577463521594 -0.011874808787718651 0.9993636092939067 87.96829157902687
0.9993562232443381 0.006684442824650881 -0.035248507584528556 -2.5229432660854343 -0.006242729246673366 0.9999007935318207 0.012626615777326843 -1.1404195409663487 0.03532941259581487 -0.012398440166387201 0.9992988098096961 88.91838184432436
0.9992314677612159 0.005564028508275267 -0.03880097192758621 -2.5632476618297204 -0.005108559978436486 0.999916998624031 0.011827868686133816 -1.1582920134981052 0.03886356199208907 -0.011620561495418711 0.9991769543478363 89.84054455023184
0.9991119454855332 0.005133699170385983 -0.041820635109248314 -2.5949487412070624 -0.00467257100200441 0.9999272911990004 0.011116626991154642 -1.15636748245592 0.04187466379977447 -0.010911344933472622 0.9990632888277892 90.74969037290526
0.9990000230315247 0.004054704721951371 -0.04452542366593273 -2.6446863146253037 -0.0035613274389727037 0.9999314442582672 0.01115453855827371 -1.173378349205798 0.04456759955265077 -0.010984814663588097 0.998945975975138 91.64943276464257
0.9988277439564036 0.00620045872173628 -0.04800721002725742 -2.7035665806741918 -0.005552814972346572 0.9998919315012973 0.013612184412792482 -1.1755010774068708 0.048086423747707045 -0.013329652292728094 0.998754232141677 92.49942147159831
0.9986809670216124 0.00627057628389065 -0.050960827915614945 -2.749480844160445 -0.005585989788091579 0.9998923889715147 0.013564925172096322 -1.1709117937038371 0.05104040386658738 -0.013262365924115652 0.9986085253107098 93.32533741037943
0.998520119049232 0.006545528372670185 -0.05398822012467191 -2.794110579384977 -0.005750128285029289 0.999872826451894 0.014875044464005338 -1.1795701877212252 0.054078719276746616 -0.01454259197746397 0.9984307713306736 94.14776714154655
0.9983639628193861 0.008519960768361857 -0.05654032200188584 -2.8470112991247873 -0.00764683798627895 0.9998484324550655 0.015640907453206506 -1.1860138538081557 0.056665012241973116 -0.015182963665034056 0.9982777940042358 94.93379217433049
0.9981903055643657 0.011140527153625401 -0.05909316823506491 -2.875510920598657 -0.010184972714792087 0.9998128648629506 0.016446932399030775 -1.1931578807343257 0.0592653373239138 -0.015815306170880238 0.9981169750498206 95.69898566316976
0.9980115517293682 0.012246897812993918 -0.061830058294463336 -2.9410693015094154 -0.011289470922085007 0.9998112701768814 0.015810498840655624 -1.1961425384324684 0.06201201868217199 -0.015081031836351932 0.9979614581824856 96.43315282839833
0.9978525524257867 0.013914865571866192 -0.0640051570848735 -3.0108731289592896 -0.013134905131566645 0.9998344617910315 0.012590602933267315 -1.1999638369618566 0.06416975833309008 -0.011722863607299554 0.9978701401406486 97.1344998816037
0.997611024761734 0.016302273092951 -0.06713031480520464 -3.060286336423516 -0.015721693097112317 0.9998343760000505 0.009167820610691768 -1.2054351538303862 0.06726865272921141 -0.008090516707384 0.9977020957677719 97.81155723124003
0.997419698863396 0.01822517588845654 -0.06943909045406119 -3.1165667523612797 -0.01778746431313535 0.9998178661196844 0.006916697274706124 -1.2136659827608085 0.06955250126746992 -0.005663704769478462 0.9975622146090553 98.43386599567272
0.9973499194744003 0.020099165020912208 -0.06992254064226569 -3.1573399827043716 -0.019688883798059362 0.9997846865600234 0.006551974882598108 -1.227712350315528 0.07003917460388631 -0.0051579148439868635 0.9975309067569127 99.01897274530346
0.9973503773287158 0.022327020726137434 -0.06923676037888282 -3.200832364597474 -0.02188633803349454 0.9997351330261457 0.007117021896697698 -1.2409948445973527 0.06937732374307776 -0.005582825332131891 0.9975748688752935 99.6170265588629
0.9974730751204133 0.025189903390046797 -0.06642991176440442 -3.263894923905781 -0.02467634920150609 0.9996590138517845 0.008540129680684978 -1.2525544623057954 0.06662238512626051 -0.0068793017143962765 0.9977545454709843 100.16204737542846
0.9977305256610793 0.027098813329140707 -0.06163969889785784 -3.2860645272479445 -0.026553526606963942 0.9996008284233051 0.009648525285003108 -1.2556013956881458 0.061876557667661584 -0.00798987681973085 0.9980518290547872 100.70796633775775
0.9981560838323225 0.0278688711634975 -0.05392363423021534 -3.3231291625337462 -0.02726303438510781 0.9995570027064322 0.01193839589935138 -1.2693909698872758 0.054232455823409874 -0.010446260603948095 0.9984736933814311 101.22740483912301
0.9986198393357968 0.027952665070067575 -0.04446419908677088 -3.332685652529662 -0.027344910486774378 0.9995249317983658 0.014218529598469226 -1.2695348252124532 0.04484052135532847 -0.012983036199320746 0.9989097899288151 101.71481945057107
0.9990902441724 0.028136677547743422 -0.03204701820931514 -3.342882174347423 -0.027675076110938487 0.9995080308942552 0.014757585850744437 -1.2694669035664603 0.03244648150089045 -0.013857256382943987 0.9993774073310591 102.18712253948
0.9994261732403891 0.027915651142178775 -0.01918438592657947 -3.3617205138547916 -0.0276407791768523 0.9995135206117882 0.014446779597020322 -1.2704531984369112 0.019578344377609056 -0.013908218273257254 0.9997115833558673 102.62649730776039
0.999622145693011 0.027260764972038075 -0.00352371015263434 -3.3480478218318126 -0.027211000435617035 0.9995389072780296 0.013473466247973924 -1.2779953434653564 0.003889382392273332 -0.013372491562223737 0.9999030198844411 103.06982493458298
0.9995397121014401 0.026950056171440192 0.013930484719722115 -3.3364621093430316 -0.02710018760885278 0.9995754211448449 0.010703143214541173 -1.2882928141586802 -0.013636119819625207 -0.011075735436629694 0.9998456802531093 103.46714220914775
0.9990858722910702 0.025401102359620214 0.03438319047597722 -3.318569030109785 -0.025612723334931576 0.9996555280922522 0.005728311965001428 -1.2875531332654049 -0.03422584099418867 -0.006603722701342286 0.9993923066817776 103.88722640821499
0.9979761996762828 0.023700181565691595 0.05900683243012833 -3.2805852974546212 -0.02376120116400614 0.9997176074825025 0.00033257886987318936 -1.2931446013528856 -0.058982287162567926 -0.001733979012071759 0.9982575234466595 104.33122538003516
0.9961124044817012 0.021379406467708764 0.08545758372884162 -3.2467208169124717 -0.021274436294174276 0.9997713855084582 -0.0021389433987153515 -1.3034695097659252 -0.08548377622712162 0.0003125661310513057 0.9963395135717369 104.71630386352547
0.9930810485489643 0.019064068173299132 0.11587317341634164 -3.1941985501382675 -0.01876143853881024 0.999817135394215 -0.0037019178894676778 -1.3008882258540453 -0.11592255792918058 0.0015023570779671357 0.9932571185178418 105.09351242876647
0.9888322467947964 0.01723272320925372 0.1480331751653942 -3.124041445570114 -0.01666297974473413 0.999848216368954 -0.005088155839588166 -1.304604730521433 -0.14809838893378147 0.002564658771572387 0.9889693067636648 105.46967785511606
0.9828888189968354 0.014079944196672932 0.18366089584455597 -3.0394635979220226 -0.013323120751496548 0.9998969085021767 -0.0053541405688123656 -1.3223533226455189 -0.18371734796814182 0.0028155886077579797 0.9829750803129979 105.84453679820534
0.9748743341502483 0.01265840814357517 0.2223955874525857 -2.9246318901281825 -0.011579659358907923 0.9999140166167289 -0.006153930657036488 -1.3154050634241585 -0.222454364093496 0.003424043906060087 0.9749370912110625 106.16659902891139
0.9651534475522456 0.009478454746079092 0.261512870760965 -2.8133587707737604 -0.007980156022058763 0.9999451001451811 -0.006790714653650884 -1.3578924337161808 -0.2615628792238652 0.004467168148865714 0.9651761003158188 106.59636170302356
0.95308697664818 0.010432362957396305 0.3025167445725226 -2.710146434645111 -0.00816470238062862 0.9999283004362303 -0.008759658768912777 -1.3581450684829406 -0.3025864381935639 0.0058787575079415014 0.9531038178663935 106.89295525250931
0.9377396909170825 0.011187591887998536 0.3471586234943359 -2.5794322648011843 -0.008518094237507379 0.9999212627631079 -0.009214680938194353 -1.3546119731382262 -0.34723437927327333 0.005683842184593809 0.9377611528468884 107.2370511513806
0.9199974510444014 0.010499907294103302 0.39178366737093495 -2.380756434162606 -0.007586455707601232 0.9999308671471286 -0.008983686113618482 -1.350705672390518 -0.3918509101196535 0.0052927188860408154 0.920013506077597 107.58519006658693
0.8999566326935086 0.01036689788166878 0.4358561536783349 -2.2365228270981703 -0.007187942595436952 0.9999341858519296 -0.008941892746131058 -1.3440589122881477 -0.43592016786586735 0.0049144066732068 0.8999719194812937 107.87868716475
0.8770314832058087 0.010085909141438176 0.4803270259964663 -1.99419311803004 -0.006348608469275883 0.9999356213465582 -0.009404697378240302 -1.3590750862735135 -0.48039095811258065 0.005198807465476609 0.8770390525880896 108.18746230073407
0.8521071621042299 0.010183199510932342 0.5232682741561888 -1.8296363640663031 -0.0056804290501376205 0.9999317497659459 -0.010209237768809463 -1.3639163931745486 -0.5233365236790589 0.00572697631689536 0.8521068505333023 108.44293603943419
0.8246317034698705 0.010675195179196779 0.5655692652896422 -1.596563601041467 -0.005267124959977672 0.9999234737891443 -0.011193925142983634 -1.3656372932909449 -0.5656454817525158 0.006251941565369498 0.8246248251172332 108.72766120096082
0.7940349529128039 0.01395896237305078 0.6077118074566505 -1.39219822471712 -0.005991413500016782 0.9998674587137357 -0.015138294805160941 -1.3968352354991183 -0.6078425754395895 0.008379282475480736 0.7940133444144142 108.99638578919493
0.7607431949269715 0.022362853563879834 0.6486676299560387 -1.1546862227946235 -0.009330171488445392 0.9996797852189775 -0.02352179679648945 -1.4362191463986846 -0.6489859314902751 0.011841866618891108 0.7607082429701155 109.25880584438441
0.7240963787667686 0.02823557928332937 0.6891205890984444 -0.937886902244216 -0.010531399333243855 0.9994978064768896 -0.029886861259925547 -1.4243693896578833 -0.6896183900425916 0.014383563898460943 0.7240301024160823 109.5049011739062
0.6850246193823982 0.02848183812646501 0.7279629494259569 -0.6615650697208366 -0.009094172519605913 0.999491936212141 -0.030547757251376758 -1.4400423042470791 -0.7284631540896108 0.014305745134149454 0.6849356019290957 109.74046934232143
0.6439568606885079 0.02463847942636639 0.764664963826484 -0.3142670806322343 -0.006613402347686154 0.9996232234860947 -0.0266397067674682 -1.4401222331522945 -0.7650332178942227 0.012097784872677804 0.643877177045114 109.93571551716153
0.6005771769244816 0.024635451952496924 0.7991871802428491 -0.03470097822057028 -0.005868179629277338 0.9996341163037938 -0.026404506989750998 -1.4412653747917403 -0.7995452576466565 0.011168170334906715 0.6005020007844372 110.13062866160112
0.5541376550515176 0.02346290587356431 0.8320943163499998 0.322205481014052 -0.005187795074408071 0.9996806177466069 -0.024733565938381216 -1.46632964813913 -0.8324088815217382 0.009389065434353175 0.5540823940660795 110.33588132945263
0.5070959026742351 0.01992023817396974 0.86165940463857 0.6279895237708075 -0.00455097757323565 0.9997808237699074 -0.02043509297980673 -1.439149891587121 -0.8618776212979025 0.006441159294549305 0.5070754158631747 110.49014079795356
0.4563446212039887 0.012623572626778452 0.8897135674543377 1.0215306635993784 -0.0028774662920253713 0.9999150683683561 -0.01271126420321442 -1.4586667884360196 -0.8897984641962057 0.003240596247932208 0.4563421870154365 110.61675064636461
0.4049404384232717 0.014554957313788378 0.9142272116641258 1.353083452392184 -0.003866113286913315 0.9998916104831861 -0.01420635257176388 -1.4831816394615558 -0.914334891873662 0.00221822066853325 0.4049528182386739 110.7853786614871
0.3536739955458281 0.022224018459336664 0.9351046988857283 1.6897466684211935 -0.004862140560268145 0.9997478741597464 -0.021921398272920372 -1.4710858958140989 -0.9353561163876686 0.0032064180305855336 0.3536928814940886 110.92392196838766
0.3033211585458347 0.0302420229892169 0.9524083655785118 2.131318895200309 -0.0048306885397049115 0.9995322061927951 -0.030199887940124112 -1.484445151067554 -0.9528761405485211 0.004559476821233624 0.30332535658014426 111.02708388103846
0.2570471594041826 0.03145105196903329 0.9658869443015998 2.5014768167220325 -0.0037566814296992033 0.9994952522262465 -0.03154565139330108 -1.4853882124509354 -0.9663915589381338 0.00448019053535591 0.25703556700560026 111.12241309442263
0.21434279188298905 0.026719915236938827 0.9763929606964281 2.9710783095242306 -0.0018451528429578037 0.9996350556162309 -0.026950899690385464 -1.5064339489046432 -0.9767567573243564 0.003975136836122604 0.21431387101245297 111.2073378865856
0.17931966158686766 0.01991499845010604 0.9835892698708663 3.3635538366376494 -9.952133850639479e-05 0.9997954491086881 -0.02022498546501294 -1.5136550448021993 -0.9837908563632183 0.0035288494285073604 0.1792849635575624 111.23417290914881
0.14768632791801972 0.01893983002512369 0.9888528866240472 3.8391854275405137 0.00029995559426301924 0.9998157216306354 -0.01919460358677403 -1.5308779778586086 -0.9890342049558917 0.0031313924748187245 0.1476534314143631 111.312214892272
0.12017998308553995 0.01933047433847617 0.9925639044552289 4.280280544355563 -3.187208727106822e-05 0.9998104849952797 -0.019467744545110164 -1.5389237982719663 -0.9927521194385481 0.0023079981267600433 0.12015782327804332 111.33518626407073
0.09504065819572385 0.01989589515845638 0.9952745483762596 4.769175352973207 -0.0005107289652557699 0.9998010956107222 -0.01993761198147459 -1.5291221555867196 -0.9954732605377442 0.001386568225332684 0.09503191560159598 111.39056901865828
0.0697364913033023 0.022777373486094918 0.997305376019692 5.284035812250764 -0.0007826016450921215 0.9997402354714032 -0.022778259684366888 -1.5468208055529828 -0.9975651403870173 0.0008079830804509852 0.069736201846474 111.45362967154183
0.04756315772183468 0.01505924084156532 0.9987547072694093 5.785151482061366 -0.00034931763826619264 0.9998865357031258 -0.015059671204544007 -1.553681262549233 -0.9988681714844635 0.0003674028811901059 0.04756302146003152 111.46506036994805
0.027475228354886597 0.0091581445694059 0.9995805321307997 6.31944728586798 -2.6013215021351127e-05 0.9999580378444515 -0.009160888253171524 -1.5724946315256858 -0.999622484316034 0.00022569519337601077 0.027474313667864517 111.45879950137939
0.009193557810197643 0.006357103380767851 0.999937530914505 6.879168252878898 3.6598346539984755e-05 0.9999797888971856 -0.006357708525949952 -1.5854449180984176 -0.9999577376846241 9.504602114845312e-05 0.009193139338782992 111.48226367887523
-0.004207127010856643 0.01142709528120769 0.9999258580393593 7.446054512962931 -1.6222650793446305e-05 0.9999347065480217 -0.011427264657269488 -1.6083645685797592 -0.9999911498704077 -6.429740181411562e-05 -0.004206666935234862 111.45386674212435
-0.01625199384510225 0.017977785728478406 0.9997062928262278 8.047219649103965 -2.8485685476902026e-05 0.9998383351186841 -0.01798062333913093 -1.6039444074061961 -0.9998679272207027 -0.0003206982988653854 -0.016248854358896305 111.45265714867472
-0.022548539120909802 0.015591593396135545 0.9996241621724049 8.645973123179274 -8.70680256021789e-05 0.9998783474630962 -0.015597522034823438 -1.6037130067658794 -0.9997457455786805 -0.0004387366379360525 -0.02254443850466927 111.4263757379463
-0.025307325621877146 0.006426472187434536 0.9996590617430986 9.30749383462728 -0.0002466273928777532 0.9999792662124843 -0.006434774282792086 -1.6589379915124667 -0.9996796879224852 -0.0004093902362422217 -0.025305215961084124 111.40735006745044
-0.0249182524289551 0.0037821541035185074 0.9996823375483955 9.960898965048699 -0.0002785216198909434 0.9999927781093153 -0.003790271088052459 -1.6468696246892875 -0.9996894533411834 -0.00037288007577660544 -0.024917019060372414 111.38656406927274
-0.0226252279255696 0.005089156845944702 0.9997310636085653 10.634120163626818 -0.0002054373888804307 0.999986998745319 -0.005095109008499002 -1.677160410002159 -0.9997439956592864 -0.0003206601419133123 -0.022623888266125092 111.38150207045149
-0.021743349565846032 0.008206652000914966 0.9997299023299209 11.315846311641565 -0.00013906163947127867 0.9999662744367308 -0.008211616831365637 -1.6750071900169061 -0.9997635757575477 -0.0003175721345116281 -0.02174147502865275 111.38054970969264
-0.019992317072392424 0.007853020968963207 0.9997692920467892 12.033086821915177 -0.00014152387266617625 0.9999691199792535 -0.007857420627078808 -1.6910645474233235 -0.9998001236392554 -0.000298579266530899 -0.019990588319286805 111.35406207372414
-0.018568607701936714 0.008571094766063136 0.9997908496993372 12.744300372883984 -0.00013997183885961842 0.9999632227391577 -0.008575172126668851 -1.688995561846525 -0.9998275787434031 -0.0002991715709041329 -0.018566725087512333 111.33825297032746
-0.018350405912169455 0.008185375243608196 0.9997981107378529 13.4826586237061 -0.00014033716026664754 0.9999664570332837 -0.00818932926333675 -1.705335720051103 -0.9998316072761153 -0.0002905863438315465 -0.01834864167279731 111.34898987065654
-0.017228271117593723 0.008289349019607498 0.9998172199792971 14.241908408728023 -0.00011766069343702436 0.9999656088232299 -0.00829260675230034 -1.7201773471021724 -0.9998515754001991 -0.0002605064648132606 -0.017226703286522482 111.32157987934374
