1.0 8.809142651444726e-20 8.673617379884037e-19 -5.551115123125783e-17 -8.809142651444726e-20 1.0 1.7347234759768075e-18 0.0 -8.673617379884037e-19 -1.7347234759768075e-18 1.0 -5.204170427930421e-18
0.9999986215199799 -0.001646407560641894 -0.00021517500852641654 0.5653331464985406 0.001646071584851659 0.9999974402994276 -0.001552366880051665 0.005989949510894625 0.00021773028631103116 0.0015520105466776315 0.9999987719276386 0.014578888136381902
0.9999941744213143 -0.0029028351079496244 -0.001795737110538354 1.139334716502039 0.002899700485148412 0.9999942720501722 -0.0017457387956730656 0.007513086690502555 0.0018007944165116703 0.0017405215259637195 0.9999968638572259 0.024185291326685857
0.9999864515534829 -0.004581671567253766 -0.00247082883334286 1.681922954771678 0.004576392646885087 0.9999872428482927 -0.0021379361569511804 0.007753414831725397 0.0024805926339074975 0.002126599708332879 0.9999946621026861 0.03526115105270193
0.9999663358408764 -0.006747126128856019 -0.004669419018799369 2.2399731491036206 0.006733914463514731 0.9999732958472621 -0.002839364077040228 0.012909234777509418 0.004688451873474228 0.0028078250239692245 0.9999850671573376 0.06161921647581708
0.9999443366398164 -0.008591779249648305 -0.0061241286141647325 2.806092793671332 0.008548094746541448 0.9999380873328121 -0.007124014135410599 0.007189501079299922 0.006184957409850851 0.007071267957211942 0.999955870761963 0.05683385508451127
0.9999267111464781 -0.009988654554391387 -0.00684098793895702 3.355402934524967 0.009937745280725743 0.9999229721074455 -0.0074357965644705724 0.017443126937421012 0.0069147345952923185 0.007367267607859468 0.9999489536038682 0.07217383360904257
0.9999146778298842 -0.011222062982385065 -0.0066859825589327395 3.9452487448327638 0.011173851311763723 0.9999116119077025 -0.007205096737920494 0.032775896355131444 0.006766247647076342 0.007129773808444361 0.9999516909422269 0.07985851495626878
0.9998985707661678 -0.012481407184470545 -0.006860222625413131 4.52723721579723 0.012429625584672541 0.9998943238301864 -0.007539600785130971 0.03585663695424972 0.006953602490769583 0.007453566050538551 0.9999480445330801 0.09661930048974347
0.9998707519953021 -0.013417202067926699 -0.008857651664955907 5.1183046998930415 0.01335536718081507 0.9998862855206201 -0.007003584456736447 0.044966207806058804 0.008950612929564122 0.006884382067074436 0.999936243873448 0.11342849830083075
0.9998012488178681 -0.014815845431182556 -0.01333992452716663 5.708971225900804 0.014733393421827029 0.9998718737209372 -0.006258055613332233 0.06450167467029938 0.013430933716940862 0.006060269461105011 0.9998914356836696 0.11321833303857559
0.9997148530421924 -0.016259914626330703 -0.017487932501357023 6.3180412315713195 0.016179821935331604 0.9998579966843922 -0.004711669387275683 0.07966920356083122 0.0175620604989433 0.0044273742351946515 0.9998359727417357 0.1300287388038995
0.9996952716284591 -0.01731102037091442 -0.017598081072076947 6.947139571105827 0.017249400436688427 0.9998445655916156 -0.0036473060590159418 0.08890364309944758 0.017658484314243394 0.0033426382740505034 0.9998384893076944 0.1337481796077114
0.9997618144672159 -0.018774045538157844 -0.01112877115190506 7.6011220891310565 0.018761960383294054 0.9998232715206281 -0.0011893562814323372 0.1190608634964022 0.011149133410090809 0.0009802754305059855 0.9999373659806321 0.1332709460440687
0.9998147642160896 -0.019244500180384122 -0.0002940549819915331 8.25749150859503 0.01924445569293721 0.9998147965500334 -0.00015337763205442278 0.1312249003871565 0.00029695219786212665 0.00014769029295629135 0.9999999450034832 0.15707747033931502
0.9997667234367273 -0.020483131554746455 0.006851279464542867 8.9301651545085 0.020476977158336775 0.9997898568502276 0.0009672361957451662 0.14753304665081682 -0.0068696517413381775 -0.0008267170691087237 0.9999760619254044 0.17781204814577778
0.9997511875925305 -0.021386109414636156 0.006340128660373484 9.59911015246708 0.021371190829145136 0.9997687016058356 0.002411533106929183 0.1680450307668691 -0.006390235509677349 -0.002275436988088981 0.9999769933736695 0.187065774556432
0.9997557468544221 -0.022056353346523953 -0.0014013952368779389 10.298863835782077 0.022062870120894067 0.9997449727095383 0.004818641305706836 0.18876690077102506 0.0012947561875589866 -0.004848383138509782 0.9999874083144032 0.18563153037126717
0.999703280240902 -0.02332799647053661 -0.007011138013984127 11.003242982357662 0.023365814409708696 0.9997126060229773 0.005361350176814865 0.21643503032827457 0.006884053497144786 -0.0055235803079175675 0.9999610491754319 0.18558031578377587
0.999690903528054 -0.02406122659980645 -0.006257377867432175 11.734219764938928 0.02409137894859057 0.9996982909537337 0.0047887915531171785 0.23628002925189392 0.006140265761224874 -0.004938060215972057 0.9999689558669733 0.2097695754738382
0.9996858306143738 -0.02491267009544291 0.0027566170508390208 12.488380718548562 0.024906706843762796 0.9996874098001037 0.0021768420609155773 0.24925365009194575 -0.002809986307477536 -0.002107499911016929 0.9999938311915113 0.2074991706200539
0.9996250145623863 -0.025319871210304046 0.01042757800463515 13.268780993624034 0.025307613368694172 0.9996788582014232 0.001305821840664332 0.2784567409372066 -0.010457292514309163 -0.001041435063976759 0.9999447786984427 0.19920232992699544
0.9995787435497467 -0.02585011221054215 0.013194966548349523 14.04517245861503 0.025840942279290423 0.9996656928532348 0.0008650054222578488 0.2997129480544964 -0.013212915863959172 -0.0005236706641911505 0.9999125684895692 0.2049476082259093
0.9995739778403954 -0.026365121228104915 0.012519712734571763 14.86146570533235 0.02638231341758165 0.9996511938668977 -0.001210016207618517 0.3284626644772928 -0.01248344355798343 0.001539799699162151 0.9999208931979675 0.20325047661327386
0.9996199704965981 -0.02564315429408622 0.010116482700527134 15.689077395787645 0.02565910229993909 0.9996696997463989 -0.0014497855379909954 0.3394860946073639 -0.010075964149481559 0.001708814441241343 0.9999477760861634 0.20113061863582557
0.9996529910274751 -0.025584085054231157 0.0062731269523755104 16.51353183204662 0.025579205986501364 0.9996724314172137 0.0008567878945978018 0.3800292566566377 -0.006292992207438907 -0.0006960289750165389 0.9999799566955045 0.18841500081383256
0.9997104050902818 -0.024024112489654786 0.0013956981439716054 17.373936838492558 0.024026557283191526 0.9997097676053617 -0.0017621292662958305 0.3846529114679061 -0.0013529594754422844 0.0017951527840362237 0.9999974734603782 0.19585263046393345
0.9997117272017054 -0.02343914299452468 -0.005202794543819817 18.21321478047923 0.02341359654404759 0.9997137678255938 -0.004917917936206256 0.4068877610921865 0.005316577118366627 0.004794684101890432 0.9999743721776612 0.20092980233087557
0.9996979996457631 -0.02198455131396819 -0.010981302645106428 19.120760942483372 0.02193743779214087 0.9997496958812768 -0.004392540086391678 0.42715341572335047 0.011075122002753353 0.004150311894075893 0.9999300558458107 0.20818944359126673
0.9996866073713022 -0.02195838305656079 -0.012021499739924965 20.007823493679048 0.02193764834766331 0.9997576218052442 -0.0018539760776745504 0.4626646267480842 0.012059296307411023 0.0015896716213320255 0.9999260204218642 0.21761015307337356
0.9996901209899043 -0.022096588953101733 -0.011463103935154552 20.92277498486843 0.022070846152158867 0.9997536062536697 -0.002367389471535549 0.47733775070982226 0.011512590730075819 0.002113655463850596 0.9999314940110957 0.23628829318569272
0.9996827895278445 -0.022036532604788654 -0.01219473462545948 21.88617762602816 0.022020136563835006 0.9997564361084089 -0.0014771748451157742 0.5029155532354452 0.012224316240074548 0.0012081765479733538 0.9999245503546214 0.2566795427107743
0.9996499945344975 -0.022176494896390907 -0.014425376989504453 22.82279708572263 0.022209551220798998 0.9997510570246965 0.002135371764507418 0.5312861800220654 0.014374430832199317 -0.0024550055218466958 0.9998936686898953 0.2777229565313829
0.999645164883613 -0.021714722874374672 -0.015427739150743773 23.79556570534038 0.02180797813116687 0.9997447547227369 0.005902329557485999 0.5660531141872099 0.01529563384253266 -0.0062366830017032806 0.9998635643779062 0.29631151410195605
0.9996370267858924 -0.022053682321161356 -0.015474164750904774 24.744346819358963 0.02216840227380856 0.999727732472762 0.007281680128663404 0.5933757717939357 0.015309363778010118 -0.0076220745828722465 0.9998537529857883 0.3178345344172349
0.9996350126737964 -0.022089362245557936 -0.015553183347584409 25.74798648866865 0.022208369317755945 0.9997250742622941 0.0075209190593360795 0.6251423638513964 0.015382775071657698 -0.007863584859047944 0.9998507559952432 0.33664811825147056
0.9996296873967689 -0.022548135619708656 -0.015233832581237821 26.72399901534188 0.022671867898105335 0.9997109602280327 0.007998900296640141 0.6573565359283176 0.015049069109045183 -0.008341317642911985 0.9998519630119908 0.3663033544530924
0.9996352279827752 -0.022832887094367732 -0.014424640125879561 27.71199551295869 0.022960045495291778 0.9996984222149821 0.008712114079239308 0.6775469052828808 0.014221367257736194 -0.009040126537355737 0.9998580043313696 0.3956126000940708
0.9996533932449772 -0.02293528235206301 -0.012925408977445662 28.73896091604157 0.023062184030989814 0.9996864291161696 0.009755978099738466 0.7067378286805789 0.012697599833190687 -0.0100506847723409 0.9998688687493391 0.4233103815428363
0.9996557601572577 -0.023544968861028415 -0.01157564796235757 29.73345980736172 0.023663044185693684 0.9996682463220719 0.010171412646204464 0.7426044887314127 0.011332322104544101 -0.01044182630992597 0.9998812663206728 0.4394016154763015
0.9996498675192894 -0.023342207698619406 -0.012461288393336826 30.776159842603747 0.023468776519694395 0.9996734568062354 0.010109217859983808 0.7630071044105745 0.012221247781468107 -0.010398129486907132 0.9998712517148584 0.47442896107689037
0.9996390515519427 -0.023326100523607892 -0.013328902681579989 31.772404821212067 0.023476869126777256 0.999660863945959 0.01126914862902596 0.7873897134950384 0.013061517076383724 -0.011578001951176389 0.9998476617177648 0.4883255267067248
0.9996316257543787 -0.02394855959997495 -0.01277024998753336 32.80621796435605 0.024089678695756615 0.9996491311875301 0.011013714012597254 0.8247448211415448 0.012502006718637527 -0.011317288063070544 0.9998577992989326 0.5091881742193369
0.9996449550841053 -0.024672266595104124 -0.010061959846724264 33.876709042831074 0.024770797105866108 0.9996452363367153 0.009788211279511676 0.8510199278114817 0.0098168928708119 -0.01003397879071176 0.999901469087825 0.5355761591690081
0.9996696103407803 -0.02493415205923687 -0.006241652201087484 34.91187324760986 0.025003223669649792 0.999624132088851 0.01124425861214438 0.8821510095792069 0.005958940110283951 -0.011396605051425287 0.9999173007934525 0.5607517963335805
0.9996700997225372 -0.025399496627717042 -0.003815401917355145 35.99982489882407 0.02543746756681299 0.9996237938857713 0.010256994745265431 0.9133016506213434 0.003553444036382715 -0.010350665122380111 0.999940116590491 0.5743142382952662
0.9996540318691469 -0.026094608720658777 -0.0032996914210578748 37.04286532220672 0.026128074970271767 0.9996030142194359 0.010542184866810739 0.9471583191404561 0.0030232873013231894 -0.010624752191645425 0.9999389853259846 0.5946246784175615
0.999639241829787 -0.026485842854859425 -0.004459408283203906 38.1429216447283 0.026533894626582632 0.9995864518909734 0.011085018356333068 0.9751287487653074 0.004163968049111939 -0.0111993448148775 0.9999286154750265 0.6113110232547211
0.9996198404759388 -0.027124255979171844 -0.004944619746249098 39.19065161272296 0.02717785158147652 0.9995688182524733 0.011114943129368907 1.0157983378096431 0.004641003153831116 -0.011245101819469276 0.99992600164952 0.6267786331500776
0.9996028230225957 -0.02784279342640151 -0.004356037129289558 40.26833226245819 0.027891814932440535 0.9995432938394444 0.011629720562785405 1.0491487308407113 0.004030243793060596 -0.011746599286973206 0.999922884296664 0.6458444103621264
0.9995870181487785 -0.028617980475822986 -0.002608513354205526 41.36455503767097 0.02864518286354681 0.9995283717104754 0.011067413632815703 1.083329775191163 0.0022905560782523027 -0.01113756433387861 0.9999353519170933 0.667941530855393
0.9995717477995546 -0.029260842079548675 -0.0003523091531066033 42.42494203951622 0.029262919636878156 0.999518538475502 0.010313717958232793 1.121028756865207 5.0351457375798984e-05 -0.010319610680257102 0.9999467501322951 0.6821017482027302
0.9995626722707651 -0.029569180973399986 -0.00035740661643589387 43.52110015630069 0.029571335783587865 0.999496603025227 0.01149246018074094 1.1588021863309448 1.74040641124942e-05 -0.011498003200292676 0.999933895624858 0.7002448736757719
0.9995393518315884 -0.03011846329194851 -0.0037366173231333805 44.58122863476001 0.030163565595925073 0.9994647178947512 0.012666372570933285 1.2034907347840886 0.003353125501426347 -0.01277324753134127 0.9999127965462161 0.7191299187610461
0.999522960013587 -0.02993611449224051 -0.007594830793690485 45.66745461451922 0.03004845437708429 0.9994338378563801 0.01513585601197104 1.2403507426235338 0.007137422169495467 -0.015356848530030621 0.9998566019224956 0.7489779595773581
0.9995181596396863 -0.030099869258550595 -0.007579341733470972 46.720503954348224 0.03021522437904147 0.9994217474117935 0.015595224143353422 1.2808154705948154 0.007105544751723961 -0.015816721246055276 0.999849659980342 0.7607339414819142
0.9995361990253373 -0.02995010968767968 -0.005511603004321433 47.79854065643128 0.030030601414158885 0.9994341311244149 0.015151914806046565 1.317935166388598 0.005054682649307234 -0.015310404086167373 0.9998700124066293 0.7857781780303629
0.9995466894278389 -0.029809570047257566 -0.004219619348346386 48.90875968301146 0.029869057553182393 0.9994439943079554 0.014816937694547986 1.356482237931085 0.0037755866738789653 -0.014936257073212276 0.99988131954243 0.7870326133044031
0.9995523446549952 -0.029792070119337606 -0.0027464254415408085 49.98127832875135 0.029822132385328763 0.9994873763771517 0.01164580966312555 1.3957426763873635 0.0023980647809007877 -0.011722500617287008 0.9999284135699836 0.7998698875050153
0.9995675654368972 -0.02923615734320341 -0.003151068129658553 51.065737856918005 0.029276106787944477 0.9994804535514519 0.013480821188823964 1.433900938116963 0.002755303594010608 -0.01356724262286288 0.9999041645226393 0.8241919856970646
0.999577101431288 -0.02874593649537777 -0.00439197327272394 52.1402214787841 0.028799970096271582 0.9995035020960349 0.01277932002163745 1.475701441389394 0.004022439145403662 -0.012900404364409262 0.999908695607032 0.855425272834415
0.9995649348010867 -0.028551082091491098 -0.007401136906206194 53.21080637080174 0.028656450293279852 0.9994834959777206 0.014544728417625776 1.5040535500268704 0.006982046454174622 -0.014750490824330078 0.9998668281565066 0.8725268401971356
0.9995583510471181 -0.028195326511178162 -0.009387567038064834 54.286431865755496 0.028322055155212723 0.9995056192570497 0.013652042534605831 1.5414519275521965 0.008998002208890356 -0.013911888315741054 0.999862738239474 0.8987604795219274
0.9995143296137897 -0.0282629155380193 -0.013126785668524798 55.355924854348025 0.028415223767225325 0.9995293023063868 0.01156498548058765 1.5624356770494083 0.012793746712949798 -0.011932369261738312 0.999846957593434 0.9240162740486422
0.9995067566612388 -0.02782231876004822 -0.014565780698110377 56.441186658058 0.02796207701939447 0.9995640227848384 0.00948085454758812 1.6091798619772062 0.01429565099226431 -0.009883467660964929 0.9998489643089611 0.9520578245176965
0.9995412078564497 -0.02771428330379782 -0.012218522735033027 57.51574368609111 0.02782487293795042 0.9995725141759823 0.008975820290787851 1.637056024944998 0.011964541063350492 -0.00931168109754827 0.9998850645710641 0.9887671763849738
0.9995992920998478 -0.027564762568934784 -0.006437320716064465 58.601942278322625 0.02761207917312397 0.9995914640160543 0.007380931511559863 1.6675652415388207 0.006231237214258037 -0.007555721723267461 0.9999520402259401 1.0104249210900984
0.9996241299837257 -0.02740918912365659 -0.0005788832897800351 59.68742077249146 0.027411991589991948 0.9996087037645757 0.0055697464192926175 1.694317464647587 0.00042599454195079356 -0.005583521262486391 0.9999843212865699 1.0253502214334538
0.9996245321669629 -0.027387379062699668 0.0008521490811409712 60.76742745635847 0.02738377504306186 0.9996170428539612 0.003987041546435759 1.7209240382626692 -0.0009610173627318261 -0.003962209481844973 0.9999916886362858 1.0502171750764167
0.9996270422223252 -0.02719759268087895 -0.0024632113612985335 61.85907248787457 0.027200643871595362 0.9996292571224604 0.001213786541576956 1.757156005957005 0.0024292860712711146 -0.0012803347854649868 0.9999962296489028 1.0664351905427059
0.9996210466336087 -0.026955761247034266 -0.00558122412392084 62.936299057124835 0.02695392447811222 0.9996365953102777 -0.0004040689350938443 1.7911118738358072 0.005590087866641549 0.00025347991827905607 0.9999843432102196 1.0849873899901856
0.9995884000645007 -0.027087511755363128 -0.009449717635731276 64.03225783173585 0.02710430954643997 0.9996312422555871 0.001654058814766907 1.8268627235415076 0.009401428641581524 -0.0019095060761907502 0.9999539824042116 1.1038887729523956
0.9995483966633397 -0.02685426093079479 -0.013485228867454383 65.10211384400989 0.026881484202861437 0.9996369313790993 0.0018415292637442406 1.8653435912842133 0.013430879896646663 -0.0022032005897566222 0.9999073743964304 1.1354365110171776
0.999555244639908 -0.026036264025488448 -0.014540490653647582 66.18965845539608 0.026110176210192956 0.9996469801931813 0.0049166745800772235 1.8975301501840272 0.01440734573495168 -0.005294142635853308 0.999882193282101 1.1575135117290607
0.9996150063517996 -0.02534677202680825 -0.011286284778999789 67.29670896372505 0.025448379581010077 0.9996360545197691 0.00895200987766444 1.9380548170280456 0.011055272633114979 -0.009235781069838276 0.9998962352639584 1.1760088354617528
0.9996373711790861 -0.02534566803404397 -0.00909523249147686 68.37137109709617 0.025435547916374077 0.9996273791565246 0.009906348613476113 1.9752190549600823 0.008840760394887603 -0.010134098507806368 0.9999095664124202 1.2108809971133843
0.9996451412450471 -0.02532270242057468 -0.00826754663058591 69.46353939149637 0.025403603915824347 0.9996289293027122 0.009831612746698666 2.0038081867639943 0.00801551578239386 -0.010038149392799208 0.9999174901278155 1.2363778618878238
0.9996485134877541 -0.025375021498009586 -0.007678396036873221 70.55243968815128 0.0254398632681771 0.9996404863235909 0.008468261901421048 2.037619461377864 0.007460753220685745 -0.008660622766877502 0.9999346632528897 1.2598720535455767
0.9996592896250259 -0.025322660087760587 -0.006329893558990873 71.64045595321399 0.025368687050781467 0.9996515090396234 0.007300013159123738 2.06690612627845 0.0061428318964407485 -0.007458107057665774 0.9999533200381948 1.2874650758767228
0.9996612439758011 -0.025789560399757803 -0.0035065463266754065 72.73442483496267 0.025809009562818456 0.9996510985655339 0.005619267043605238 2.098880652427732 0.0033604044608085827 -0.005707863970720266 0.9999780637447762 1.311892410231485
0.999643473155057 -0.026545898601751328 -0.002870861529315728 73.81842620112174 0.026558311926317132 0.9996376883644057 0.004375850670659285 2.1252192293211287 0.0027536604945797498 -0.004450535798418563 0.9999863049487167 1.3294357409962296
0.9996347775060315 -0.026863350392507195 -0.002944827016375424 74.89888854630088 0.026874019977254016 0.9996321809539968 0.003645524848114311 2.1560860672954605 0.0028458128415521297 -0.0037233327605050884 0.9999890190109216 1.3534569140565786
0.9995942701397803 -0.027646655033107176 -0.006852559317529679 75.98223465327726 0.027673204182511468 0.9996097616704139 0.003810268165276586 2.1943321093206882 0.006744544016679185 -0.003998354498873259 0.9999692616712317 1.3787460055923157
0.9995596219694404 -0.028306936209140765 -0.008903903119472716 77.05985798384573 0.028352488665005265 0.999585321429642 0.005032054143219642 2.2305999758115775 0.008757768826023466 -0.005282285949395538 0.9999476981024252 1.3989617335667357
0.9995520717855408 -0.028924856504188454 -0.00768169678165084 78.12492747125522 0.02896929467265122 0.9995638321512146 0.005738067736421361 2.2701765355057346 0.007512373486603264 -0.0059580308316393394 0.999954032000075 1.4191348052260888
0.9995615393477323 -0.029406395615973958 -0.0034630844154363008 79.21223501902038 0.029432890233547872 0.9995358100804105 0.007865706541537688 2.3038221927510794 0.0032301748082003558 -0.007964186322185988 0.999963068171487 1.4472393960691359
0.9995505049691882 -0.029976450563671736 0.00044769123799719086 80.27472523991399 0.02997167278235072 0.9995158804558373 0.008348865025860396 2.340265934868171 -0.0006977438416295982 -0.008331694197225575 0.9999650474018257 1.4620576370401221
0.9995321469209422 -0.030563462498022317 0.0011670611570478067 81.34576223922718 0.030551976545905163 0.9994940843121373 0.008840370703802846 2.378934001846542 -0.0014366630609740545 -0.008800578684051298 0.9999602421166929 1.4817239064335994
0.9995204895780252 -0.030961912761519023 -0.0003884222607683209 82.4028068864999 0.030964229800231804 0.999472813994762 0.009762712649175385 2.41556907117267 8.59452326287744e-05 -0.009770058522855318 0.9999522681457735 1.4956869692831347
0.9994915215225305 -0.031845957282347674 -0.001591668730576899 83.44942545696115 0.03185942558286042 0.9994490188023628 0.009307836296618716 2.457186045400004 0.001294374793940279 -0.009353813113664455 0.9999554143931256 1.5129287695272386
0.999480578579891 -0.03218125423622965 -0.0017146187300203725 84.50322585072975 0.032195604549257635 0.9994398995731546 0.009128537062980079 2.49482282876308 0.0014198905993092043 -0.009178998691879795 0.9999568640164936 1.5341818279220993
0.999459888835011 -0.032836005085821414 -0.0013142982581006253 85.52336990304568 0.03284514986722387 0.9994309707566479 0.007676641363509785 2.534021341074386 0.001061480149103045 -0.007715663447057285 0.9999696704387913 1.5560573256008061
0.9994377103101554 -0.03352873201831446 0.00029553212697074364 86.53291150490415 0.03352596284816832 0.9994148830767359 0.0067750498018572525 2.56848291595974 -0.0005225180353390911 -0.0067613322620962224 0.9999770054160967 1.5780354681967639
0.9994125526603336 -0.03415526099613654 0.0028227169964101387 87.52078274362258 0.03413740916793755 0.9993982419273618 0.006147465152327422 2.60591190434704 -0.0030309866804131736 -0.006047493595206251 0.9999771202087372 1.5947623242045192
0.9993834803280702 -0.03490519034486651 0.003779806124965846 88.51716147093519 0.03488321943143273 0.9993749658671669 0.0057304973691266305 2.6460908524272577 -0.003977467718562372 -0.005595112598303164 0.9999764369551715 1.6155976888249148
0.9993086324775544 -0.03694292242727536 0.0041806145926538505 89.46842386939562 0.03692496934823018 0.9993088193329064 0.004293045784154172 2.6876477292814176 -0.004336322690051588 -0.004135708646036129 0.9999820459485874 1.633317662450487
0.9991829055024493 -0.04026372931704771 0.0035147479521562813 90.38947761509579 0.04025112080841528 0.9991831558323206 0.00358725168211861 2.734351104180801 -0.003656313081511647 -0.003442848014074448 0.9999873890065825 1.6508802023104
0.9990462886424605 -0.04357480147485374 0.0027838509573334565 91.29640249998063 0.04356640106463046 0.9990459988304676 0.0030101360615307853 2.775661375342766 -0.002912361241557859 -0.0028859828932698193 0.9999915945920437 1.660517570717179
0.9989097850479047 -0.04659612035456409 0.0028360013137711543 92.18275168175458 0.046587341129183245 0.9989094510902309 0.0030867732548580237 2.8174564138553215 -0.002976740173720931 -0.0029512862478543807 0.9999912144251175 1.6780662826406483
0.9987434427565117 -0.049958831370031154 0.003956098963784506 93.04721269874177 0.04994332007958355 0.9987443327194003 0.003927166956980377 2.8647354061146513 -0.004147328091522609 -0.0037246515300793964 0.9999844631996442 1.6961983375643956
0.9985972717066296 -0.052750298776587046 0.004571096045444744 93.87351328941104 0.05272676020134143 0.9985958231560216 0.005125498416539259 2.9176205198467575 -0.004835048991077498 -0.004877289649847289 0.9999764168953813 1.710092088298102
0.9984287371976575 -0.05573588695907477 0.005793758950486921 94.70298519985047 0.05570238435376495 0.998430619646406 0.005791556768193424 2.9635332319108496 -0.006107463892365661 -0.005459730522562817 0.9999664445507281 1.7249259908111125
0.9982626488190262 -0.05854192573674461 0.0066728482565747834 95.48634597612144 0.05849270200114714 0.9982607955442027 0.007347645341238319 3.0114547408440555 -0.0070913881170608 -0.006944566976356637 0.9999507413888367 1.7356582336265824
0.9981197936272983 -0.06087385660904855 0.007158990916367045 96.23662310782736 0.06080231739823593 0.9981015321081527 0.00981884934005321 3.0657881245906116 -0.007743111028766544 -0.009365104639003407 0.9999261667976775 1.7529058315793444
0.9979465255250932 -0.063769267773862 0.0060176972323257374 96.97280682508132 0.06370313951729893 0.9979125309392621 0.010606159061404833 3.1219823035299235 -0.006681482472775267 -0.010201033378131727 0.9999256455907031 1.7617280187972888
0.9978081321508722 -0.06611887196381784 0.002688156211951313 97.67283472348076 0.06608045467719349 0.9977361350993026 0.012489124339270916 3.1775432531126784 -0.003507837402583939 -0.012284115244438842 0.9999183944649775 1.7797905521629274
0.9976419026863201 -0.06862243411478984 -0.001263147093759795 98.32813404464997 0.06863376620126421 0.997522406920045 0.015441950313038652 3.2367869677267573 0.00020035331130097717 -0.015492231233798412 0.9998799681111474 1.7904342230305905
0.9974884743148441 -0.07069530938870094 -0.004349349316912325 98.96792121704694 0.07076021241036999 0.997344662976789 0.017222530921855963 3.28771031761117 0.0031202481766671743 -0.017487036974593945 0.9998422213475311 1.801216616350647
0.9974228544667502 -0.07155391248320553 -0.005261843379069941 99.56404493822404 0.0716425145623709 0.9972454012154919 0.019208327926526887 3.3426974545918853 0.003872918096290265 -0.019535796960919772 0.9998016569012681 1.815145545062927
0.9974659547047995 -0.07095895047545295 -0.005147480185994587 100.14957323981562 0.0710532561196205 0.9972444975143969 0.02132714167575517 3.3850853606818436 0.0036199447015946066 -0.021638842960757795 0.9997592992694178 1.8330438923765373
0.9976665015406391 -0.06816573427092099 -0.003870965637683839 100.71108658918267 0.06824146408260895 0.9973558459168917 0.024988381205339142 3.4372092624197914 0.0021573788549837615 -0.025194231218823575 0.9996802470939238 1.8405340532379042
0.9980401585115194 -0.06252271806905754 -0.0025984078891596414 101.25645068819526 0.06256957620076081 0.997692080150483 0.026373496906162388 3.481832994660936 0.0009434682604559559 -0.02648439031315081 0.9996487817915761 1.8489663118267536
0.998493843440037 -0.05486252129681165 -0.00038518735654479754 101.7664910664735 0.05485181623552665 0.9981026216650394 0.02797203748458707 3.509880315794662 -0.0011501599918137832 -0.027951035442931572 0.9996086317902928 1.8657222515666303
0.9989598504661193 -0.04554483105117904 0.002210321521389093 102.26129929084425 0.04546684107161663 0.9985860239255614 0.027544857659938037 3.5310767649404258 -0.003461722068091685 -0.027415710551752074 0.9996181247332733 1.8736355017737922
0.9994127122757291 -0.03401532556658796 0.004145861583529992 102.73165094342649 0.03389322519520663 0.9990706786951404 0.026627584522413445 3.5447013697228775 -0.0050477547026151525 -0.026471429848617712 0.9996368258393805 1.884775050821365
0.9997804035723895 -0.020439740694140097 0.0046218646654970375 103.18128530790077 0.020310208178660458 0.9994418646266001 0.0265227199857857 3.5570832310034404 -0.0051614025583489025 -0.026423024657696473 0.9996375261521395 1.8973329680734417
0.9999760244502991 -0.005181699289843964 0.004593529911118894 103.61118077205441 0.005060930567285624 0.9996511083359801 0.025923899869414027 3.551845807335233 -0.004726257120367808 -0.025900030793725347 0.9996533653714752 1.9048620428305632
0.9999185624499465 0.012494707093489477 0.00259822298511566 104.03221664999685 -0.012555073823355559 0.999616440665148 0.02468484703681539 3.5413049985710456 -0.0022887964790630913 -0.024715457644736934 0.9996919063211869 1.9145574350206673
0.9994289654530439 0.03376286238056012 -0.0013461565027390074 104.44050147818373 -0.03372041000127438 0.999137865581064 0.024216926135693817 3.519576759219033 0.0021626286792843412 -0.02415770448505101 0.9997058209049342 1.9251150491805307
0.9982779544413592 0.05841033833480665 -0.005418307114677517 104.85310678198691 -0.05827280177124037 0.9980407030586048 0.022782353083375333 3.4743216188148276 0.006738415993783168 -0.022427380897003416 0.9997257655657353 1.938339883270258
0.9963138329312785 0.08550390864399321 -0.006915773014203909 105.23237422207714 -0.08534438013740568 0.9961349808320078 0.020771055384290558 3.446229130728865 0.008665049840960233 -0.020104267442882164 0.9997603389522104 1.9486181463759025
0.9933190843103274 0.11507365319697992 -0.008674738312697888 105.63002464302669 -0.11490489996031407 0.9932145477310653 0.017936726024709203 3.38235377144399 0.01067992087998821 -0.01682012233238691 0.9998014916845847 1.9543331031078188
0.9889905014732387 0.1476896705661149 -0.009249281257707392 105.99718212408524 -0.14753320346686316 0.9889311661095064 0.01578298362468423 3.3169243812799762 0.011477886151939374 -0.014244644796004782 0.9998326601107402 1.957622188703978
0.9829664894732297 0.18345024642841787 -0.011085470582156878 106.38606337184856 -0.18329416399036394 0.9829617766443984 0.013762089345792832 3.2046228598556863 0.013421252540231734 -0.011495770589254698 0.9998438464274362 1.9744295733489052
0.975096533732979 0.2214797744158858 -0.011552464092893726 106.72326794328715 -0.22137168719699274 0.9751388952672824 0.009935343197944793 3.1124013885114397 0.013465734643384554 -0.007130530246236938 0.9998839080257874 1.9796735454936074
0.9650287244170477 0.26185563650188776 -0.012295799372016764 107.10561056982195 -0.26176494425594965 0.9650941299965015 0.008510828689106296 2.977434819873203 0.014095212261092506 -0.004994584916381955 0.9998881833049272 2.0001304269579325
0.9530477960534129 0.302561197097023 -0.012514809185463702 107.41165358902768 -0.30246845863859956 0.9531189347937269 0.00878223584637687 2.875697817521014 0.014585265390864082 -0.004584555473327362 0.999883119111724 2.012656670320071
0.9379954623030359 0.34643668465405947 -0.01208868168237536 107.75013487928591 -0.3463319993633177 0.9380592378105285 0.009950506285471419 2.731263824924485 0.014787119933271226 -0.005146832446666253 0.9998774180867597 2.011759983938045
0.9201412649671546 0.39143673984517635 -0.010831952918299453 108.11604900125332 -0.391344849889637 0.9201931729133659 0.009681579855054648 2.551322178816123 0.013757215179751493 -0.0046693921458869905 0.9998944623346435 2.030870475485189
0.9003934292695692 0.43498129338578667 -0.009107520662255696 108.38389332354396 -0.4349025049947303 0.9004280398794062 0.00944225334541701 2.3988284735591794 0.01230787055074185 -0.004540859319405818 0.9999139447568214 2.029535035700402
0.8771058282339703 0.4801958307287678 -0.00986560838010361 108.71772361808843 -0.4801251593329856 0.8771564052040527 0.008744837618779465 2.184329547537754 0.012852916146780646 -0.00293342124697706 0.9999130950169178 2.0450756088861173
0.8522803720550608 0.5229606943503543 -0.011414007809813833 108.96416051678355 -0.5228903521095404 0.8523555740162443 0.00869799483787127 2.005135875084115 0.01427750259842872 -0.0014448557138993247 0.9998970273540759 2.0580154803903903
0.8245765091331609 0.5655963698372685 -0.013203295523244207 109.26593661842888 -0.5655070777642129 0.8246817714591685 0.010085674075042178 1.7867825520633964 0.01659293778541365 -0.0008498528528459543 0.9998619665562731 2.061581489052251
0.7946849962303623 0.6068380288788898 -0.014945349535318833 109.50450467213685 -0.6066485325657311 0.7948188367524133 0.015510469992418164 1.5779350307214306 0.02129118836970454 -0.003259363423172874 0.9997680040128718 2.076635988863533
0.7607409763039913 0.6488883060694063 -0.014735440896916703 109.78781524364288 -0.6485978665988222 0.7608610234374832 0.020280790347567215 1.310525912572805 0.024371590336012244 -0.005871052720091635 0.9996857287790255 2.1014439178282274
0.7242461515952585 0.689403951716161 -0.01377328056778645 110.00072336334458 -0.6889890024140843 0.724320907332479 0.02556125492809946 1.0796945932594146 0.027598305236059845 -0.009023001673252892 0.9995783706087792 2.092748661252566
0.6850180858933012 0.7283945943687915 -0.013839685451681495 110.2365342211477 -0.7279877021052668 0.6851185325957414 0.02542640118757223 0.7967828680106634 0.028002278167522494 -0.007342423862836588 0.9995808927891965 2.1071498134785234
0.6437889889639457 0.7650783965321584 -0.013812488861973057 110.47302461550264 -0.764766489375424 0.6439265150693146 0.02215535869890342 0.4752523027784058 0.02584481412527587 -0.003700047360392311 0.9996591195164283 2.1308693991398386
0.6007788673072414 0.7993212360457116 -0.012260269303075062 110.64157004866512 -0.7990608061854869 0.6008985149999917 0.020562166447253123 0.2001789859070324 0.02380295391811381 -0.0025566143941973592 0.9997134004841645 2.131284990427008
0.5538184130172966 0.8325780975775517 -0.009943683278735954 110.86292845912504 -0.8323890239358462 0.5539053963682193 0.017813610114044653 -0.1615777025456899 0.020339081447607803 -0.0015884924647548565 0.9997918775713058 2.1484841386888798
0.5067289706767637 0.8620703779774566 -0.007772624439183499 110.99691628316425 -0.8619331833955359 0.5067873540358561 0.015419635241256599 -0.4471393297935569 0.017231878554152823 -0.0011140929678097329 0.9998508994636921 2.1375140923677485
0.4560134650333127 0.8899473468029675 -0.006740892127183929 111.194344813981 -0.8898877905079552 0.4560615217151359 0.010373462090564813 -0.8652938478004886 0.012306096585900402 0.0012681992088020057 0.9999234729005942 2.177851684562772
0.40506347405493565 0.9142810242767005 -0.003713574301649326 111.30093412085131 -0.9142239407464583 0.4050797936956415 0.01024435969266637 -1.1845350832234425 0.010870517584855499 -0.0007545773942711696 0.9999406294677666 2.1711251434578194
0.3540030552332316 0.9352442623720347 -8.115248677936261e-05 111.42846667268208 -0.9351478172563051 0.3539677928785869 0.01433043912201883 -1.5440277332749632 0.01343118633277175 -0.004997129661151852 0.999897310691875 2.1798805442943765
0.3027112727309706 0.9530809450573829 0.0016116854908923457 111.5626363566102 -0.9529107396429193 0.30262426301139017 0.019485320371947192 -1.9671457465957278 0.018083352420953862 -0.007434218542560831 0.9998088441096533 2.19620429930606
0.256516898920542 0.9665396676026993 0.0003892539686913008 111.63489275036389 -0.9663319259721507 0.2564533722763081 0.020839306491900786 -2.332384932456508 0.020042190876809737 -0.005721782814214877 0.9997827622970324 2.1885641068209853
0.21387496936100062 0.9768458954377168 -0.0054400411134740085 111.73458366991058 -0.9766280735605616 0.21394226338600106 0.020647369582136928 -2.7797890139537182 0.021333152936625552 0.0008969413359775826 0.9997720200535831 2.2130753322515067
0.17938625466139566 0.9837026078171064 -0.012237279615221914 111.76756706951561 -0.9835334021071844 0.17960542121766512 0.02009824889617275 -3.201874138035474 0.021968581611572693 0.008430423657759145 0.9997231163571874 2.230986636918338
0.14783111602325968 0.9888871483133302 -0.015753381733683253 111.819597684803 -0.9887445605513131 0.1481431260871346 0.020923866117951058 -3.653445919281749 0.023025097513542335 0.012482872019729759 0.9996569525545405 2.249279177649115
0.12060060826484029 0.9926239549916347 -0.012376480231290342 111.8655162971168 -0.9924879320261117 0.12082370254697877 0.01921816030143019 -4.097337147067596 0.020571778452112856 0.009965785448431717 0.9997387083892035 2.2674602198151037
0.09512482440124519 0.9954457765196691 -0.006242899309241413 111.90989957971574 -0.9953334386587074 0.09521244081777576 0.01568237868930572 -4.586660786273257 0.016205359313063925 0.004721982917653288 0.9998575344552142 2.253393524565818
0.07052843984862602 0.9975096481008927 -0.0004910378316905079 111.96346882328233 -0.9974331632109339 0.07052911558821938 0.01235834865076853 -5.093253028764363 0.012362204477725744 -0.00038183763172477524 0.9999235121250395 2.256257958970271
0.048401576939576155 0.9988191644292286 -0.004190956771445955 111.96312708184614 -0.9987874133703372 0.04843699112627427 0.008806860032073286 -5.609074745265895 0.008999457914429734 0.0037596089598609305 0.9999524364177105 2.270288611708802
0.028166569541757374 0.9995473314388443 -0.010572444075725792 111.96351238630373 -0.9995605324794301 0.02826156254514679 0.008945724785881166 -6.1394096217873555 0.009240469127015037 0.010315827450658526 0.9999040941181914 2.2909347650425524
0.00971601184339684 0.9998281270461281 -0.015789727080937958 111.9695869908983 -0.9998885698936771 0.009893145332922255 0.011179153429434742 -6.702865891031198 0.011333442100091934 0.01567935084285098 0.9998128380088498 2.313853708793467
-0.0041992734433941616 0.9998680870472235 -0.015689952424188983 111.96025865312907 -0.9998601677838949 -0.003944232551927223 0.016250781788515075 -7.248006673336872 0.016186753278814754 0.015755999939769828 0.9997448361878088 2.3192723293146664
-0.015508204855680219 0.9997945336377161 -0.013053202300431456 111.95816637678472 -0.9996608675168781 -0.015230350429340978 0.021123124323882 -7.861970131995197 0.020919979387106453 0.013376357274729382 0.999691666229394 2.314700918848143
-0.021875539255420722 0.999653968200046 -0.014608375822994644 111.94277873013029 -0.9995388549316546 -0.021560545402642167 0.021382711798494106 -8.470186386173372 0.021060348150052043 0.015069397593862638 0.9996646312598824 2.3133624724153297
-0.0249780068022533 0.9994750990611404 -0.020630693951250886 111.91446008172701 -0.9995390901199853 -0.024612779619425502 0.01777128024418759 -9.107194243730447 0.01725417335888473 0.021065076219401263 0.9996292092899108 2.346325729454087
-0.024723567652668813 0.9994428685194694 -0.022420922552352326 111.89772143389015 -0.9995699099590174 -0.02436044473006728 0.016326782814608035 -9.765566282102352 0.015771503005292533 0.022814935856320304 0.9996152951985209 2.35629791871469
-0.022385505695827177 0.9995183941806004 -0.021491133738727235 111.88880857561877 -0.9996310936342139 -0.02204696993356418 0.01586214854343848 -10.443551806457004 0.015380694861015856 0.021838287739250256 0.9996431980532904 2.382356807497191
-0.020831031767931548 0.9996132751612278 -0.018421949867675556 111.88151939342181 -0.9996562521036371 -0.02053145022399173 0.016304514154345518 -11.139651395386705 0.015919979447000868 0.018755257213471502 0.9996973514925722 2.3772611993727617
-0.019803148221360672 0.9996548625172177 -0.017262420635740898 111.87528317286639 -0.9996671348310683 -0.019511916282877146 0.016879119100614137 -11.828523456402316 0.01653647057765178 0.017590934274575275 0.9997085096027651 2.4015034335570427
-0.01868064693793148 0.9996806470014257 -0.017018737931802443 111.86272077469573 -0.9996764495890405 -0.018381249916639097 0.017581973397563413 -12.550984105806467 0.0172635328664478 0.017341674149662582 0.9997005735572306 2.4083981840718907
-0.01770392874577883 0.9996976060715681 -0.017066555649582142 111.85327247521151 -0.9996968934813384 -0.017406687566800638 0.017410582750539295 -13.30372187146174 0.017108245693991376 0.017369618381751686 0.99970275796686 2.4320074446210564
-0.017196483012412986 0.999727564411194 -0.015782202902817042 111.84972237508954 -0.9997201446468698 -0.01693560667960137 0.01651719145725776 -14.040767622568783 0.01624541040557791 0.01606182377115801 0.9997390181731923 2.4463608774842265
