1.0 -3.469446951953614e-18 0.0 -1.7787691892340307e-19 0.0 0.9999999999999999 -3.5575383784680614e-19 0.0 2.168404344971009e-19 -2.371692252312041e-19 1.0 0.0
0.9999982307676094 1.0269584527263648e-06 0.0018810803214337807 -0.003977368788756563 -1.7000217743933649e-06 0.9999999359862322 0.0003578052446532181 -0.036227104615260165 -0.0018810799922429691 -0.0003578078150122864 0.999998166752869 1.1916400557085363
0.9999934933480512 0.00013906912171375053 0.0036047088002216544 -0.009547988031599716 -0.00014181990667965286 0.9999996989643982 0.0007628619431370778 -0.051964222106820515 -0.003604601928541934 -0.0007633682111440647 0.9999932120317616 2.388250070793213
0.9999889809080562 -9.700623784567215e-05 0.004693469690909318 -0.008402844524357538 9.185158776062012e-05 0.9999993924692113 0.0010984644613324032 -0.07316789971735678 -0.004693573793132154 -0.0010980212723554557 0.9999883822871005 3.5912813704693742
0.9999842791233948 6.691979166614445e-05 0.0056068737835790194 -0.006529942378328437 -7.259874081799386e-05 0.9999994846278326 0.0010126566313295436 -0.10687614269474982 -0.005606803600182337 -0.001013047778910626 0.9999837686091738 4.7884777355675645
0.9999791514859931 -0.00017581017373002363 0.006454896651593342 -0.0054779494382895064 0.00016876387749656038 0.9999993893626175 0.0010921504942260527 -0.11950449750672482 -0.006455085265767981 -0.0010910383872385233 0.9999785705220117 5.987059526346174
0.9999724462956462 -0.0004153320466317289 0.007411757967154677 0.001115677958010727 0.0004122863460806238 0.999999829950058 0.0004124549733373361 -0.15036855554940226 -0.007411928638560328 -0.0004093878437822074 0.9999724474748279 7.180393291154039
0.9999672414272107 -0.0001245048910408844 0.008093242739787935 -0.008980409053770719 0.00012493524810905897 0.999999990808515 -5.266837800537808e-05 -0.16955892306995407 -0.008093236791907025 5.367779169556999e-05 0.9999672477786766 8.383597596124481
0.9999627391675387 -0.00016608860192610618 0.00863091526535488 -0.00077816496050611 0.00015922363500138828 0.9999996704560294 0.0007960749265840148 -0.19374871235514607 -0.008631045368795767 -0.0007946710269770755 0.9999624360679701 9.58671272541107
0.9999677466488259 -0.00016087656639554755 0.008029930753501679 -0.002541716340330607 0.00014488312557573227 0.9999980049291148 0.0019922715900502538 -0.22568532725271173 -0.00803023592002422 -0.0019910439637320565 0.9999657749385618 10.78278781117805
0.999982924822513 -0.0016932879401763499 0.005593107173624261 -0.013553172482648519 0.0016835106162506573 0.9999970474938613 0.0017523677456203668 -0.24908842333145456 -0.0055960583944913034 -0.0017429217968266226 0.9999828230266822 11.97363483341248
0.9999922792143278 -0.0020258082482374103 0.0033671382367409094 -0.015349993582565464 0.0020208889115926887 0.9999968866652226 0.0014637843450738806 -0.26761429396338376 -0.0033700933835892986 -0.001456968455604898 0.9999932598320527 13.168553162833057
0.9999963962169952 -0.0017593034680164956 0.0020279077273820468 -0.014375427199424211 0.0017568246362678862 0.9999977082427485 0.0012235495893078404 -0.295287721349975 -0.002030055845389537 -0.0012199825226915334 0.9999971952527361 14.358214741707762
0.9999997059748045 -0.0001982993315061861 0.0007407625043094144 -0.023121155867269087 0.00019752048275438298 0.9999994278151505 0.001051358429745936 -0.3131891055052708 -0.000740970625879729 -0.0010512118248167917 0.9999991729573107 15.545600584900457
0.9999996644778336 -0.0004157844736322053 0.0007058110198338628 -0.024210348378536174 0.0004149786142249468 0.999999262325765 0.0011415515021604115 -0.34065271388329565 -0.0007062851972961771 -0.0011412582442663452 0.9999990993445841 16.764072354932665
0.9999994155647683 -0.0010468393534839998 0.00027018425221226293 -0.02814137328448811 0.001046457791630876 0.9999984601296725 0.001408780506148875 -0.3627416188067732 -0.00027165862477863414 -0.0014084969731304447 0.9999989711683143 17.98653387787768
0.9999991393815818 -0.0012657836635720406 -0.00034500613069382677 -0.03344625199096702 0.0012664146475032025 0.9999975151741263 0.001834621826302997 -0.38273662294275446 0.0003426830696147099 -0.0018350572036891382 0.9999982575655932 19.154785107505784
0.99999919420639 -0.0011402000412968991 -0.0005581499142990158 -0.030843442622481274 0.0011407483403737453 0.9999988663124911 0.0009828860737150819 -0.41054121572852253 0.000557028642740498 -0.0009835220092653915 0.9999993612020863 20.364640762504564
0.9999979435340992 -0.00132618164251155 -0.0015343302511167667 -0.053180882872766934 0.0013260814985197617 0.9999991185520002 -6.634038129752715e-05 -0.43098938715440405 0.0015344170077887264 6.430559894633228e-05 0.9999988207151927 21.54931210073207
0.9999971370786952 -0.0007080681689528127 -0.0022857101871159636 -0.06357050369798292 0.0007094115906206878 0.9999995760997774 0.0005869704022146916 -0.45903740630468703 0.0022852937967975818 -0.0005885902439824449 0.9999972154950312 22.751268560998376
0.9999956368599022 -0.0006017252511883106 -0.0028920898500724677 -0.06746750094599663 0.000603076429346391 0.9999997094147983 0.00046633476605671974 -0.4808450910705071 0.0028918086490724304 -0.00046807689371080767 0.999995709166776 23.970465424146752
0.999992615067498 -0.0006514936664085459 -0.0037875269622712543 -0.0873691878613351 0.0006502897715595542 0.9999997376513213 -0.000319091697139399 -0.5041036919157693 0.003787734174718566 0.0003166263542832545 0.9999927763861811 25.147876010260166
0.9999896029774297 -0.00016408115256461193 -0.004557083052825672 -0.09183098785150576 0.00016500716363580803 0.9999999658171997 0.00020282490020669732 -0.526285538728847 0.0045570500025925 -0.00020357475037499577 0.9999895958765559 26.365262553329217
0.9999840954351324 -0.001347724800777642 -0.0054765414082102075 -0.11224596614501434 0.001359254786473309 0.9999968666942316 0.0021021478743051087 -0.5540604773946476 0.005473691596084638 -0.0021095585006803384 0.9999827940892523 27.549957961100485
0.9999776174287901 -0.002187878879151492 -0.006322801407523646 -0.12552946845131857 0.002203523340109226 0.9999945258165532 0.002468363445530762 -0.5801770971896207 0.006317366851136736 -0.002482240690075049 0.9999769644200573 28.74633737179768
0.9999737067477682 -0.0019859074937492414 -0.006974379738708011 -0.14467950771727 0.0019949080794807866 0.9999971861158959 0.001283783024286134 -0.5997618796116656 0.006971811229649028 -0.0012976625456731924 0.9999748546514066 29.96181409369231
0.9999624089026207 -0.002898259444471408 -0.00817195569454156 -0.16199941531083317 0.002901834993510634 0.9999956990583179 0.0004256927295976703 -0.6238600354007426 0.008170687470516165 -0.00044939040762596627 0.9999665184058633 31.14794445361183
0.9999613827496457 -0.0025233781250915428 -0.00841816827266822 -0.1764534562686978 0.002525357288131901 0.9999967860859331 0.0002244652413102523 -0.6441849292548651 0.008417575518444624 -0.0002457154654386001 0.9999645414039519 32.35177061923386
0.999953011407816 -0.002791058719405619 -0.009283584986457389 -0.1917115099422147 0.0027989399766963075 0.9999957334734374 0.0008360417201268178 -0.6695505754502764 0.009281212721492842 -0.0008619866552515474 0.9999565571018868 33.53718066950158
0.9999447675492903 -0.0029088684975848694 -0.010099520531060198 -0.21666533961441398 0.00292111666074819 0.999995015696163 0.0011981885906145462 -0.6912757313860285 0.010095985673326617 -0.0012276243195925296 0.9999482806806069 34.744529936925126
0.9999438236213251 -0.0035509820200955774 -0.009986997020828432 -0.21656256136514845 0.003561486191723317 0.9999931231244532 0.001034173475825639 -0.7213987994083997 0.009983256854855238 -0.001069683958176646 0.9999495939209597 35.94786662171334
0.9999370322760943 -0.0031245257449849604 -0.010778163102949706 -0.24682191887863136 0.0031349138525780477 0.9999946377066414 0.0009470314108812218 -0.7375110521881041 0.010775147194852284 -0.0009807604169885331 0.9999414654560597 37.126695785304044
0.9999334452556239 -0.0041863996323500165 -0.01075077191551991 -0.2574660486492004 0.0042027606576341345 0.9999900438288527 0.0014996799962206707 -0.7708099894593462 0.010744387528743642 -0.0015447631426291095 0.9999410841994418 38.35284570677881
0.9999336738618261 -0.003925273046970806 -0.010827746191849603 -0.27593520072869415 0.003953079895268784 0.9999889406671413 0.0025478808591919413 -0.785738432694044 0.010817626232691528 -0.0025905148707283466 0.9999381321973749 39.54735832276495
0.9999328808043343 -0.003949920572112298 -0.010891831458866637 -0.305012201544205 0.003987475198984168 0.9999861730253353 0.0034283806014779737 -0.8109611498845422 0.01087813994910809 -0.0034715814733913795 0.9999348049851776 40.74921884483858
0.9999371393602142 -0.0032305676435888143 -0.010736886848907647 -0.3235096712365943 0.0032654190183614516 0.9999894520639375 0.0032299836301387485 -0.8305417140791516 0.010726339825645897 -0.0032648410964161256 0.9999371412610968 41.96055437466502
0.9999404733481368 -0.0025258210415859197 -0.010614610981534286 -0.34794753757315033 0.0025596487428325883 0.9999916853124408 0.0031745078265817553 -0.8500255106975323 0.010606505384806834 -0.0032014886042078554 0.9999386243868549 43.150729334615264
0.9999516206737143 -0.0002228191070710664 -0.009833953466787736 -0.365256237511675 0.00026763604114264997 0.9999895842687526 0.004556283957667545 -0.8665998206815515 0.00983283664652169 -0.00455869554577171 0.9999412650964696 44.35535038102449
0.9999637224221464 -0.0002944062623344828 -0.00851276370585377 -0.3904380313708678 0.0003599845505778878 0.999970266537621 0.007703015579582087 -0.8866334738929942 0.008510243501344978 -0.0077058007548272784 0.9999340960342052 45.55894951936675
0.9999781290563032 0.00042178532260840097 -0.006600264518291337 -0.4119347231329321 -0.0003533717119529626 0.9999462400197081 0.010363020599338076 -0.8973336220120158 0.006604281224668277 -0.010360461813422284 0.9999245193103038 46.75785338490786
0.9999893389362619 0.0009441740036866732 -0.004520015379121925 -0.41309934631702827 -0.0008815727401778242 0.9999039472468532 0.013831814974640779 -0.909729035652244 0.004532641253487755 -0.013827683067385292 0.9998941195740021 47.976822878908884
0.9999934775179108 0.00069962985576717 -0.003543364508981822 -0.43620243105476775 -0.000644293630611764 0.9998781985432496 0.015594003904845319 -0.920009121621588 0.0035538432656051526 -0.015591619536782104 0.9998721276302083 49.172795058819744
0.999997878472031 -0.0004361492319367409 -0.0020131623274288733 -0.4384213971127612 0.0004633042649784605 0.9999086551166373 0.013508025978797123 -0.9253257198585906 0.002007087100764634 -0.01350893029538966 0.9999067358571615 50.375579756453256
0.9999997560750084 -0.0005514944194965534 -0.0004286070870895692 -0.4363420625629395 0.0005564993000426836 0.9999306242204548 0.011765927478409889 -0.9378615700809231 0.0004220885540235468 -0.01176616335977791 0.9999306872208847 51.587366126178246
0.9999999254209363 -0.00026635680798736336 0.0002796659130112479 -0.4516939719597586 0.0002631435714589049 0.9999346694261649 0.011427494498357163 -0.9354767674873427 -0.00028269144785735304 -0.01142742027861427 0.9999346649431687 52.772388021055725
0.9999997536154654 -0.0003573765880229632 0.0006041957053434675 -0.45886023819527283 0.00035066701141363635 0.9999386764219435 0.011068894421385709 -0.9534901831887391 -0.0006081144600290377 -0.011068680040069978 0.9999385553732654 54.005226908554334
0.9999993920541815 -0.0009717299775965811 -0.0005211840527870784 -0.46960277621818136 0.0009769279692309844 0.9999488439081832 0.010067530658496943 -0.9741142977495237 0.0005113745211422563 -0.010068033895371345 0.9999491853058095 55.191468668800574
0.999997698001065 -0.0005885823891096965 -0.002063385751208575 -0.4770862279404009 0.0006092506141578413 0.9999495091131624 0.010030355613766187 -0.9703657476103802 0.0020573780603922766 -0.010031589841876647 0.9999475658291493 56.3929828587679
0.9999937552076309 -0.0010822809013000066 -0.003364254652756519 -0.4756325457794008 0.001120268972324142 0.9999354083960516 0.011310350457847878 -0.9914160908201151 0.0033517966663525406 -0.01131404892205428 0.9999303764594268 57.61275064789939
0.9999897049500751 -0.000837099974525541 -0.004459736573045724 -0.49520608998244836 0.0008899676134816303 0.9999292046501749 0.01186564956319584 -0.9997993945131017 0.0044494884951705995 -0.011869496663778338 0.9999196553293827 58.815120918188946
0.9999862258273226 -0.0003868110733459707 -0.0052343598567150245 -0.5057284697130746 0.00044733534838750644 0.9999330040463825 0.011566646227697661 -1.0081534148587379 0.0052295355202734055 -0.01156882865288097 0.9999194038403592 60.03337849745929
0.9999821259470347 0.0004171753961035689 -0.005964372415316635 -0.5227901812767031 -0.00034896445288732335 0.9999345816981288 0.011432871225012908 -1.02235200126251 0.005968752262418955 -0.011430585749778106 0.9999168544045183 61.23509958595507
0.9999812436190428 -0.0002651921386079021 -0.006118992656889484 -0.5459251368484851 0.000332638038585081 0.9999391785660302 0.011023997288408485 -1.0245770965437606 0.0061156975393384765 -0.01102582614991835 0.9999205115497125 62.43969044093935
0.9999807105110765 -0.0002286751183335333 -0.006206955861070963 -0.5610605929742057 0.00029072158023068194 0.9999499843485314 0.009997213539316515 -1.0514115145462692 0.006204359834576959 -0.009998825396138484 0.9999307623160292 63.65690150991873
0.9999779130416648 -0.0006143512176118061 -0.0066178537728323085 -0.5770020490998249 0.0006876352187093725 0.9999384106614914 0.011077095132976335 -1.0631715641329094 0.00661064152438291 -0.011081401366281907 0.9999167475246359 64.84727974843958
0.99997493392232 -0.0016363463309410423 -0.006888678078329491 -0.5878653494338268 0.0017245328111375486 0.9999163945413969 0.012815221666778624 -1.0732969613683006 0.00686713259710519 -0.012826780447953042 0.9998941525045797 66.06227695215405
0.9999740774383582 -0.0008468021421768508 -0.007150340096684713 -0.6026233786597419 0.0009298202694789839 0.999932110905769 0.011615033711998294 -1.0897453829255912 0.0071400196440006124 -0.011621381385939647 0.9999069774902927 67.26351957013972
0.9999738022252126 0.0014943408997740992 -0.007082498914064812 -0.6184966339764859 -0.00142468890193848 0.9999506767720528 0.009829256525424237 -1.1039454287486816 0.007096838449994327 -0.009818908863619052 0.999926609272503 68.45224785859266
0.9999707438987521 0.0024013341602028065 -0.007262569859911291 -0.642142675018825 -0.002327283676290256 0.9999453975781752 0.010187522446375885 -1.108415248034546 0.007286637575527313 -0.010170322547124402 0.9999217316726879 69.65841769180382
0.9999648775836765 0.004135385872366616 -0.007289866889215377 -0.6584715123994147 -0.004059502674129294 0.9999377439423391 0.0103936846988986 -1.1291383897099503 0.007332395575478391 -0.010363726626843345 0.9999194113352033 70.83215990995781
0.999961004469199 0.005604793292489727 -0.006824647064962266 -0.6928424934934854 -0.005533284775067905 0.9999300645583705 0.010452213125732262 -1.1338232663863121 0.006882752863993336 -0.010414043035581815 0.9999220846840361 72.03269717977251
0.9999664790026785 0.005607261295434707 -0.00596652901169396 -0.7051988922394083 -0.005539650319085283 0.9999209368978177 0.011288588689648427 -1.1571559053539486 0.0060293558641175155 -0.011255158031587805 0.9999184808283019 73.2167596153016
0.9999687962975846 0.006750122494186996 -0.004103931752825336 -0.7244822016092072 -0.006700691345234582 0.9999062442435741 0.011941669375465607 -1.159016716627715 0.004184155079468815 -0.011913797814580651 0.9999202739620185 74.3951277117895
0.9999798001248469 0.006253807888610412 -0.00113543586549309 -0.7331622166864977 -0.006240990953181657 0.9999204464911882 0.010961328820536975 -1.1717530347399943 0.0012038956924336239 -0.010954021379767327 0.9999392781847333 75.57664330862147
0.9999915203540267 0.0039806028892665855 0.001055468946304983 -0.7287017896201066 -0.003986122311929272 0.9999781180048272 0.005279616147084657 -1.1993073158110001 -0.0010344298786410695 -0.00528377871247285 0.9999855057135105 76.76564324903278
0.999979517130692 0.005223501205441648 0.00369869550793723 -0.7392841568675553 -0.005237970680038544 0.9999786252898029 0.003913136352301782 -1.20534766813282 -0.003678176484923937 -0.003932429937179462 0.9999855033993535 77.950337870075
0.9999698398715408 0.004442270849910675 0.006370680873664719 -0.7334024748094385 -0.0044918158144481475 0.9999596166101099 0.007783877309484772 -1.2333330973093928 -0.00633584604209554 -0.007812258624063522 0.9999494115533998 79.12250465742746
0.9999466899260705 0.0038012999666852286 0.009600386671446866 -0.7249687769339496 -0.0038953683304345267 0.9999444037553414 0.009798750328131076 -1.2576755710129626 -0.009562605737112255 -0.009835625187209089 0.9999059040954115 80.3000334018818
0.9998942470550732 0.00426770226273171 0.013902568841160812 -0.7240355995305268 -0.004376778587474402 0.9999598074107638 0.007824792538598746 -1.2501075194956486 -0.013868617342004907 -0.00788481365674181 0.9998727374840025 81.46838112888015
0.9998435794217242 0.0034838901313439703 0.017340103615053563 -0.7054827044121875 -0.003576571270393311 0.9999794699493902 0.0053167492915590165 -1.2747566825768928 -0.017321226111115084 -0.005377935853534998 0.9998355129379751 82.64067855708933
0.9997855860888675 0.0025825710774012986 0.020545368497772214 -0.6934975748555868 -0.0026031713931512863 0.9999961354708296 0.0009759849512860235 -1.2988557914279195 -0.020542770284454136 -0.001029258807603376 0.9997884452321334 83.82368888250193
0.9997140749587283 0.001724952603620585 0.023849378469154678 -0.6768385388286757 -0.0017299815376641435 0.9999984854891893 0.00019022667816278736 -1.319451431033554 -0.02384901623236998 -0.00023143125848417402 0.9997155449806222 84.97089324722805
0.9996228957928027 0.0020495219484447155 0.027383674726470266 -0.6449537925863935 -0.0020954808329179137 0.9999964436617295 0.0016497355500568961 -1.3571648297568877 -0.027380198484239608 -0.0017064954062620428 0.999623635487901 86.13983519901761
0.9994975433157284 0.003412279295933367 0.03151217564402889 -0.6187149040915583 -0.0034832321831788663 0.9999915201670391 0.00219697374206649 -1.3905032098129966 -0.031504414398761636 -0.002305634104675645 0.9995009534566361 87.29351891842406
0.999386879460143 0.002587838910979025 0.034916589158106096 -0.5869092274273423 -0.0026129448346652474 0.9999963595158976 0.0006734083715499435 -1.3984234928327943 -0.03491472232255781 -0.0007642306009215528 0.999390003035045 88.4531401763531
0.9992524157297857 0.0026351153026162527 0.03857027033968142 -0.5493691765717366 -0.0025539932738767885 0.9999944222350652 -0.0021523526435144394 -1.4254409949010023 -0.038575730162967836 0.002052235437387426 0.9992535721421114 89.5989660785975
0.9991369408511837 0.0026815244019515547 0.04145096822505377 -0.5075701926625715 -0.0025871403080616976 0.9999939377562427 -0.0023304850677563593 -1.449957589879754 -0.041456969697186125 0.0022212343261143875 0.999137821255586 90.75288337655667
0.9990201049370788 0.0012332850351059752 0.04424148324466432 -0.4513581473575891 -0.0011885489938624214 0.9999987555033062 -0.0010374706137206704 -1.4811966876065232 -0.04424271142301176 0.0009838708855070808 0.9990203274116681 91.91322474460235
0.99886897579139 0.0005963421169249434 0.04754380567684155 -0.41112797669279677 -0.0006130351941440642 0.9999997554688244 0.00033652803179795836 -1.5053078473416774 -0.047543597382619436 -0.00036529340548189875 0.998869097042738 93.06553446286323
0.9987663187493703 -0.00013054591266914266 0.04965705747794607 -0.35783610296151136 3.147905677419391e-05 0.9999980078985584 0.0019957974808165256 -1.5245284609455267 -0.04965722329406623 -0.001991772144217968 0.9987643331392425 94.22416848378953
0.9986231057618057 -0.0012711516221776218 0.05244308021026359 -0.3093264134804884 0.0011127413633641777 0.9999947305477267 0.0030497018078250336 -1.5518194016159974 -0.052446684927018164 -0.002987147121536299 0.9986192579481029 95.38293124040186
0.9985190495523297 -0.002479862124974518 0.054346644809937485 -0.24744982434902496 0.002418279192686749 0.9999963572911497 0.0011988854969230724 -1.5702570010157826 -0.054349424503599496 -0.0010656846213525789 0.9985214091540622 96.54101250597465
0.9983880966300654 -0.004121820544714796 0.05660582058564742 -0.1828704004171217 0.004278229991788994 0.9999873576207885 -0.0026422227679493695 -1.5990179923465198 -0.05659421897002581 0.002880136585588336 0.9983931086383828 97.69677535092599
0.9982712258739299 -0.0036195959407640185 0.0586639405537063 -0.12088532803721166 0.003962515465323684 0.9999757312735594 -0.005730212016795706 -1.6135015656181657 -0.05864178076271029 0.005952762714158559 0.9982613417169296 98.88192540305253
0.9981588630669602 -0.00359816886575268 0.06054698216642481 -0.050431654690216376 0.004002880899430223 0.9999704430459974 -0.006564295348128674 -1.6425268899549388 -0.060521578258739855 0.006794572126002082 0.9981437634791894 100.0369422299784
0.9981079007961605 -0.003631226341791983 0.061379413031081416 0.003828597835555586 0.003999257553350968 0.9999747494679185 -0.005874211453526535 -1.6672233789034177 -0.06135653776670483 0.006108569117130375 0.9980972201551885 101.22064240434639
0.9981792820127479 -0.003615997140004594 0.0602083492211355 0.06713982800183452 0.003878698307718439 0.999983459639491 -0.004246897894630939 -1.697741172440539 -0.060192001672779466 0.00447269565350561 0.9981767970367896 102.38865824236763
0.9982574075528248 -0.004248608187846939 0.05885658329675109 0.13170850455603106 0.004408832135195493 0.9999869200097465 -0.0025926825699868197 -1.7304221716009982 -0.058844803135692986 0.002847653484109372 0.9982630816654913 103.57837029395282
0.9983626370457136 -0.0038138916669222186 0.05707450392891001 0.19020350795722163 0.003928341177141425 0.9999904919185456 -0.0018931991129790314 -1.7459591188721226 -0.05706674562760568 0.0021143074739750746 0.9983681267124614 104.77880687092008
0.9985075335511219 -0.0038600943000799415 0.05447756374394373 0.2450964076772378 0.0039444492967128045 0.9999911823870566 -0.0014409936209292345 -1.7690708978611966 -0.05447152561496526 0.001653727054269083 0.9985139549607954 105.97041519036844
0.998651741219321 -0.003113439514304083 0.0518170445972673 0.29663437733150544 0.0031915324370978774 0.9999938925674408 -0.001424410099561432 -1.7940172740203604 -0.051812297693101896 0.0015878654806967582 0.9986555785848189 107.16220946739539
0.9988656050268598 -0.0018237108478025427 0.04758336954511381 0.3457162527656135 0.0019082610162886836 0.9999966801887528 -0.001731516291289141 -1.8178627636177767 -0.047580057814513736 0.001820353633108436 0.9988657690248075 108.37832290571393
0.9990447912828481 -0.0015630641697447038 0.04366991812502757 0.39624006818704294 0.001628126799266015 0.9999976170404404 -0.0014543432328459084 -1.8487330025206585 -0.043667544520968896 0.0015240542623673613 0.9990449553991085 109.58599925593448
0.9991947462031712 -0.0010616942288005256 0.04010900014235798 0.4298569939062277 0.001085411113971254 0.999999248753734 -0.0005695375848549138 -1.8637154157211258 -0.040108368725758285 0.0006126137626568364 0.9991951478750698 110.7953041294818
0.9993674532597149 -0.0008955737823466946 0.03555124838587822 0.4705356845976907 0.0008854829121277361 0.9999995630834145 0.00029958564721814274 -1.8899374295840552 -0.03555150415810859 -0.0002679160979651662 0.9993678095803817 112.01188948717693
0.9995135497717889 -0.0007198379978870413 0.031179249871672213 0.5025299725076947 0.0006955651002936401 0.999999446568271 0.0007893358753419224 -1.9143156635052405 -0.03117980344431444 -0.000767264693827108 0.9995134972558283 113.24399598299084
0.9996604652892725 -0.00014303117928796474 0.02605635550989815 0.5245035964976852 0.00011161536477876342 0.9999992651796644 0.0012071378416237525 -1.9416108179159615 -0.02605651122250494 -0.001203819689191716 0.9996597466431759 114.45979681282583
0.999767697203192 0.0004089710366283932 0.021549579225250637 0.5398570195715929 -0.0004324789458679413 0.9999993165385399 0.0010862250961763567 -1.9579503355005161 -0.021549122082552156 -0.0010952925067053906 0.9997671907390153 115.65961912301312
0.9998618272733975 0.0008949387111471295 0.016598959209085454 0.5536785103828498 -0.000908050094502069 0.9999992816729086 0.0007823682668577527 -1.983101549936396 -0.01659824851605256 -0.0007973328542637387 0.9998619216694311 116.90211504898564
0.9999294571920156 0.0015577212803801 0.011775149583366751 0.5569607174359603 -0.0015619995879491786 0.9999987173726445 0.0003541369823323682 -2.002409493811924 -0.01177458382837252 -0.0003725047782608371 0.9999306077971576 118.11747942914441
0.9999599063266664 0.003080502263831015 0.008408105983815516 0.561573424687624 -0.0030826114087627978 0.9999952204526618 0.00023787461599883382 -2.0248637849546887 -0.00840733373405894 -0.0002637840028774892 0.999964622949541 119.35831202731691
0.9999660738566526 0.00551601855259201 0.006117570619966189 0.5518119604108116 -0.005518325129184199 0.999984709072213 0.0003601672252714199 -2.0452184277035954 -0.00611549090438759 -0.0003939137568785164 0.9999812226221048 120.57015264125062
0.9999686909961993 0.006009363665683431 0.0051482588513012875 0.5478683861791791 -0.006010656196449129 0.9999819081064419 0.00023555036694575092 -2.070767775843788 -0.005146750636850613 -0.00026648741172926904 0.9999867198801865 121.8173781975332
0.9999598298857187 0.007902416819701155 0.004229705827236991 0.5503796607285657 -0.00790391131280841 0.9999687069578914 0.0003366122122649348 -2.0884901266282765 -0.004226913774283509 -0.00037002992015682933 0.9999909980959284 123.07452716637444
0.9999526247182632 0.009184837330845597 0.003222897128485571 0.5367285711842799 -0.009188572401541447 0.9999571276794854 0.0011458448598027906 -2.112627118256371 -0.0032122348278551694 -0.0011754044262748697 0.9999941499668777 124.29977060455307
0.9999437170329434 0.010226786739904565 0.0028241068575417354 0.5405823390151698 -0.010231104679816949 0.9999465078611982 0.0015185309952698537 -2.1475635015644126 -0.002808426334106446 -0.00154733929677149 0.9999948592264074 125.55822003587315
0.99991220691973 0.013154632888831227 0.0015918718776600804 0.5248530865930401 -0.013159581112471706 0.9999084837937356 0.0031383903855382615 -2.1653702689122714 -0.0015504419514818298 -0.0031590632947533118 0.9999938082044806 126.80065227218907
0.9998937817610964 0.014529479338438414 0.0011486470162346712 0.5077391411406762 -0.014536434463397668 0.999874509707918 0.006297376042208327 -2.1598152594468716 -0.0010570053621975415 -0.006313404512794159 0.9999795116217259 128.04796375904064
0.9999148215538848 0.013032383369883323 0.0007117509358286131 0.5083311800537824 -0.013036878542323327 0.9998924054695041 0.0067243819475292345 -2.2056686199087747 -0.0006240396799452495 -0.006733088327808887 0.9999771377871202 129.31465745917387
0.9999082257446277 0.013547488035630372 7.498219826964129e-05 0.5059981282161955 -0.01354769262650623 0.9998967691534375 0.004786553431948038 -2.2158715947242125 -1.0128680256588345e-05 -0.004787130090068211 0.9999885415763491 130.55989382227074
0.9999367064401193 0.011246847656065062 -0.00030249713704673213 0.5014657262462283 -0.011245060243390604 0.9999223205581586 0.00537601105047609 -2.2323210367884014 0.00036293685084060425 -0.005372269299864902 0.9999855033955625 131.8254653999274
0.9999680841616846 0.007798721005020697 -0.001735104940243281 0.49566321253971124 -0.00778565079322708 0.9999421882120393 0.007416460737325418 -2.2489329963241427 0.0017928436958694872 -0.007402715266945667 0.9999709923409166 133.06815154061715
0.9999840755369449 0.005311794437162029 -0.0019061738329822066 0.48249574041241894 -0.005294007888631518 0.9999434995831564 0.009217978590867197 -2.2659791894151846 0.001955030313096174 -0.009207740687338315 0.9999556967056941 134.32802396193233
0.9999935451566987 0.003031872217666135 -0.0019280526438917483 0.48801109472573195 -0.003011437970012333 0.9999401863916688 0.010514508176225849 -2.280543611686383 0.001959816139257385 -0.010508634306820563 0.9999428622339683 135.60589023577907
0.9999972497133625 -0.0011068197074451114 -0.002067731617193525 0.47924229680099123 0.0011249661097992164 0.9999606860052704 0.008795504003424182 -2.2903691952868197 0.0020579154703521526 -0.008797806115489078 0.9999591809657651 136.86334521899033
0.9999925249148965 -0.0033950424556597417 -0.0018503520501247145 0.4712149168110392 0.003408301330383447 0.9999681987972522 0.007210053360791395 -2.2942647361485333 0.0018258149298195588 -0.0072163061635004255 0.9999722952813727 138.14572632450177
0.9999872501177738 -0.004721838295387035 -0.0017899296724385584 0.46239874524430474 0.004735070776675773 0.9999609491760638 0.007461850932627482 -2.3208091711481127 0.001754626275387857 -0.007470231383639955 0.9999705580339782 139.3965278474866
0.9999872809853378 -0.004773175591491624 -0.0016293145476914443 0.4536809746033927 0.004785535633229436 0.9999591481155546 0.007668164074554095 -2.3300631686490965 0.0015926466346767023 -0.007675863834819155 0.9999692718258684 140.67948368091612
0.9999915849902612 -0.004073716537662716 -0.0004845482722098883 0.441656152575863 0.0040779640011812425 0.9999501559988643 0.00911349104799492 -2.35709386547157 0.000447398386663606 -0.009115390505196504 0.9999583538798998 141.96345289479666
0.9999986054479502 -0.0016663269679103847 -0.00011161967063757008 0.4258628951741339 0.001667473153790941 0.9999358352174522 0.011204685393381642 -2.364222514195963 9.294185618565778e-05 -0.011204856110312276 0.9999372193120382 143.24655977478054
0.9999970992914194 -0.002304890907272575 0.000699207471939506 0.42088888905595495 0.0022979206005564745 0.999949228096585 0.009811257991297206 -2.3808077122148523 -0.0007217859040720362 -0.009809622999435202 0.9999516239918143 144.51539356896942
0.9999977792669649 -0.0015001747627659996 0.001480182825536593 0.4268077350914706 0.0014888560234606208 0.9999698695317961 0.007618617451255491 -2.384282623051183 -0.0014915676043349472 -0.007616396900978365 0.9999698824086584 145.81004991757956
0.9999972111495099 -0.0018005192255981517 0.0015283417758655319 0.4085443782158685 0.0017917522873556035 0.9999820443884425 0.005718436879276313 -2.4055442038520383 -0.001538610614359837 -0.005715682631561451 0.9999824816708932 147.07424738844907
0.9999942897493819 -0.0025897806175580983 0.002171062341185059 0.4145182541048446 0.0025866825217020738 0.9999956339786797 0.001428668298204923 -2.441996484602667 -0.002174752982197773 -0.0014230443154346737 0.9999966226901168 148.34202522954436
0.9999946335630077 -0.002341422085881546 0.0022914175356922115 0.3996269576303033 0.002346558484891608 0.9999947348785195 -0.002241400287715637 -2.4561653715141465 -0.0022861576018318626 0.0022467652525788835 0.9999948627498367 149.6116103891027
0.9999926356811505 -0.0028641078113525904 0.002554501399785003 0.39275918759118694 0.0028715340760872166 0.9999916484632256 -0.002908142349442445 -2.490966860007101 -0.002546151049901853 0.002915456332499017 0.9999925085847589 150.87904108772392
0.9999914457583754 -0.003043583174236579 0.002800896198700646 0.4007612927638458 0.0030511744812184334 0.9999916731523528 -0.0027099734479740646 -2.5227016986831563 -0.002792625084480427 0.002718496347395586 0.999992405480622 152.159141241451
0.9999938759619125 -0.002383170581931812 0.0025629169961810293 0.38538838955461713 0.002389259497972668 0.9999943247141674 -0.00237528423349348 -2.547104313589755 -0.0025572419612694556 0.002381393211779925 0.9999938947195425 153.41098740522884
0.9999958978251645 -0.001476251201460825 0.002454591767379459 0.38186232212999793 0.001479217201350259 0.9999981776120959 -0.0012069328167781004 -2.5909054245297263 -0.002452805766306933 0.00121055876707926 0.9999962591369865 154.704332247885
0.9999971871793313 -0.0012449735255326087 0.002018831102056651 0.37178478863092124 0.001246712124860952 0.999998852948142 -0.0008601217643787941 -2.606029818605442 -0.002017758128661503 0.0008626362658209341 0.9999975922510825 155.9492120210494
0.9999986059945599 -0.0007559860933977168 0.0014887905323660187 0.36741668799037963 0.0007571961771314709 0.999999383355233 -0.0008123681454534491 -2.6424608945597114 -0.0014881756016640957 0.0008134943373310059 0.9999985617780436 157.21351303641012
0.9999991838201078 -0.0007683917762761564 0.0010207526065197543 0.3576968056304729 0.0007691912034476951 0.9999993976550278 -0.000782964464734978 -2.660373524629417 -0.0010201504550154657 0.0007837489964868 0.9999991725141543 158.4960577746228
0.9999993524083934 -0.0011197909743226667 0.00020310838525346262 0.3420213983079994 0.0011197755629590803 0.9999993701369293 7.633270345180847e-05 -2.6883018406611177 -0.00020319375102882393 -7.610521869032498e-05 0.9999999764599988 159.7423214195338
0.9999999189616646 -0.0004012154749389162 -3.321743872173721e-05 0.34701884077377726 0.00040123452448501476 0.9999997543810367 0.0005746720768610389 -2.714444083492085 3.298686651499283e-05 -0.0005746853693203054 0.9999998343243505 161.01544065086287
0.9999996256683362 8.415904955131476e-05 -0.0008611497679935373 0.33160711759259015 -8.443435534073729e-05 0.999999945344998 -0.0003196576601666386 -2.7472803952737967 0.0008611228913484058 0.00031973025667077904 0.9999995781205452 162.26476618888515
0.9999983718999936 0.00043182329826422887 -0.0017520623116458799 0.3298825655081877 -0.0004338778289212043 0.9999992186042843 -0.0011724085040388879 -2.7731298534838764 0.001751554816320777 0.0011731667975993325 0.9999977778666297 163.5461154414729
0.9999972292413879 0.0011601273505446943 -0.002048318483865261 0.3131332813257961 -0.001163429165189851 0.9999980247958838 -0.0016114710853759378 -2.791950292986563 0.0020464450978861016 0.0016138497230972304 0.9999966037716567 164.81469129099645
0.99999514729891 0.0010001737279112565 -0.002950427799424868 0.31101471852126233 -0.0010070230319687333 0.9999967997358362 -0.0023208672116134836 -2.8254721755247023 0.0029480973340426514 0.0023238271405240565 0.9999929542524587 166.0704510812676
0.9999930136935732 0.0011909245433747552 -0.0035431983095950683 0.29533313050713744 -0.0012020669573062663 0.9999943343647999 -0.003144244840380739 -2.856219627932062 0.0035394339732392694 0.0031484820935976984 0.9999887796739949 167.34826427461647
0.9999898769094799 0.0014804458047399183 -0.004249040856453989 0.27723403608481917 -0.0014940689263871964 0.9999937486202154 -0.00320475917138021 -2.886193094939918 0.004244270177773261 0.0032110751479259695 0.9999858374871221 168.60446940583506
0.9999847278827663 0.0015129573519500417 -0.005315538368261244 0.2596132789651803 -0.0015232440345182407 0.9999969741747513 -0.0019316758978222992 -2.9166080778597867 0.005312600188395278 0.0019397432919022373 0.9999840067148648 169.87881530780174
0.9999829031932874 0.0014881674596448104 -0.005654968152946749 0.24294466124858677 -0.0014964907618276206 0.9999978029015697 -0.0014678931066428621 -2.943330960485557 0.005652771734071697 0.0014763306413170625 0.9999829331697346 171.15648185697947
0.9999758280760995 0.0019047604960945883 -0.006686937536742078 0.23443844783540635 -0.0019128948854800557 0.9999974380552297 -0.0012102560152970866 -2.9663746656170313 0.006684615721109377 0.0012230181869030286 0.9999769098099407 172.4197130002496
0.9999729110661753 0.0021834688156908795 -0.0070291947598048726 0.2183110861274884 -0.002190040124584715 0.9999971719381217 -0.0009272777350390984 -2.99526026541711 0.007027150791726308 0.0009426468458320636 0.9999748649758587 173.68342085841712
0.9999652175150994 0.002813972474943976 -0.007851451876503891 0.19226247752677467 -0.0028250768525471424 0.9999950244796355 -0.0014035533556607776 -3.0266328155164635 0.00784746391276021 0.0014256855111038102 0.9999681918681268 174.94335702521505
0.999958780293473 0.003804711081168589 -0.00824389847626248 0.1755409361903893 -0.003821642273203661 0.9999906187738065 -0.0020389757445230983 -3.0560273922253636 0.00823606411885127 0.002070396960647672 0.9999639397110158 176.2129687762092
0.9999567323972637 0.0036291625976796462 -0.008565190374811738 0.1506823502201644 -0.0036440899535018986 0.9999918676230622 -0.001727802976510323 -3.0792012420271395 0.008558850963134556 0.0017589405677389802 0.9999618253800314 177.48837131850755
0.9999531519084376 0.003566280920259933 -0.00899864442757465 0.13645071259327984 -0.0035902466522831937 0.9999900477764254 -0.002648487113509631 -3.1083560939398023 0.008989110379223206 0.002680670432766024 0.9999560039926524 178.74522873598266
0.9999558262111449 0.00273305965791807 -0.008993107680883025 0.11327925699256236 -0.0027686768736707524 0.9999883642491967 -0.003950417677969443 -3.136799725993199 0.008982207067779182 0.003975142251260795 0.9999517579466328 180.01065741070082
0.9999588354566804 -0.0005278745194041683 -0.009058074886454283 0.1142571607037105 0.0004885887588590796 0.9999904681484847 -0.004338766256763757 -3.1864127070652866 0.009060279632547333 0.004334162058324569 0.9999495619243816 181.26860483869322
0.9999535552223359 -0.00014918497876647945 -0.009636655005296443 0.08288041596710882 0.00014110689804668584 0.9999996381329027 -0.0008389414623761125 -3.197903731860109 0.00963677748928505 0.0008375427082141321 0.999953214437718 182.53685380500252
0.999955361711069 -0.0008674655550947631 -0.00940861670335769 0.06225977182453296 0.0009006516035760959 0.9999933867675354 0.0035235274590058215 -3.226513689012906 0.00940549874105565 -0.0035318441370882896 0.9999495300729319 183.79788849833145
0.9999526755857076 -8.422545200251728e-05 -0.009728282083749994 0.038325422694927 0.00011732309831056359 0.9999942073633132 0.0034016869685487066 -3.251360852828764 0.0097279400475852 -0.0034026674128143333 0.9999468931201007 185.04431932544034
0.9999565536712899 0.001575281985005627 -0.009187449732176037 0.02349702039527657 -0.0015733743233846686 0.9999987391619907 0.00021487288806704827 -3.273649823514976 0.00918777741017849 -0.000200408267752751 0.999957771410383 186.30381851916525
0.9999506199698605 0.0022027461878539756 -0.009690485253785582 -0.003288038174578123 -0.002219899731198731 0.9999959876953408 -0.0017597279669519313 -3.305285439107227 0.00968657095552986 0.0017811530026818894 0.9999514977535957 187.55398911034686
0.9999492566035606 0.0017811166068969373 -0.00991523146615523 -0.022682065446411437 -0.0017994454863609864 0.9999966883195118 -0.0018399318670937947 -3.334364319254286 0.009911922332876253 0.0018576804483975361 0.9999491501282879 188.8054157265875
0.9999528578099742 0.0018907527856179681 -0.009524032025059513 -0.043962913640181844 -0.001898781115229258 0.9999978495613178 -0.0008339702881321459 -3.362279171891635 0.009522435516468948 0.000852015032695724 0.9999542976128198 190.04999656752514
0.999950483236341 0.0016757342944573412 -0.009809330452417766 -0.05973760464283406 -0.001664469403562064 0.999997946084804 0.0011564473532411966 -3.386908583796937 0.009811249033319574 -0.0011400627910373683 0.9999512186464867 191.2998293914577
0.9999603470953288 0.0011319261586250767 -0.00883306051823447 -0.08155513030322536 -0.0011133308983013552 0.9999971545526138 0.0021098299700277757 -3.422914963654636 0.008835424304255466 -0.002099912239381912 0.9999587619829515 192.55834858692722
0.9999705721643515 0.0010586416999373363 -0.007598293541502569 -0.1036542358645976 -0.001045091818308694 0.9999978571389533 0.0017870372287499272 -3.4387627994944805 0.007600169735196647 -0.0017790437677562441 0.9999695357560208 193.7815443359262
0.999981702172653 8.935871524218958e-05 -0.006048745523141201 -0.1047361525798029 -8.714643857338049e-05 0.9999999292230386 0.0003660047898175903 -3.4681189917742548 0.006048778312208925 -0.00036547097828763375 0.999981639193592 195.00929696646807
0.9999888293950961 0.0008573242035629456 -0.004648232981411871 -0.12438696306055969 -0.0008625016678274989 0.999999009824712 -0.0011119541570709913 -3.492737758939502 0.004647275465399836 0.001115950862126913 0.999988578681391 196.24449695447038
