1.0 8.809142651444726e-20 8.673617379884037e-19 -5.551115123125783e-17 -8.809142651444726e-20 1.0 1.7347234759768075e-18 0.0 -8.673617379884037e-19 -1.7347234759768075e-18 1.0 -5.204170427930421e-18
0.9999981668364433 0.0018780916483247085 0.00037295510933117623 1.191892920893455 -0.0018780964559017305 0.9999982362966613 1.2540693065460469e-05 0.002161290234065031 -0.0003729308989780943 -1.3241115745364288e-05 0.9999999303736063 0.028640315924725587
0.9999932153569361 0.0035973506778062647 0.0007926589415284173 2.388629654086022 -0.003597479348401551 0.9999935160957879 0.00016096186203783065 0.006029109534046006 -0.0007920747657402647 -0.0001638123441415241 0.9999996728914873 0.036787003198654064
0.9999883800132414 0.004685092096147512 0.0011356718467987346 3.5918016170928326 -0.004685017078779723 0.9999890228869227 -6.87068352626592e-05 0.0028864871739531436 -0.001135981278251294 6.338539489200183e-05 0.9999993527642042 0.050280964931433844
0.9999837716107944 0.005597887549102234 0.0010583808567220497 4.789185793608714 -0.005597997820449293 0.9999843259610746 0.00010125501261842802 -0.0011020319833381096 -0.0010577974534448826 -0.00010717818314180953 0.9999994347885325 0.07616823094360177
0.9999785644599803 0.006447064661474965 0.0011427938605540118 5.987832376642383 -0.006446913213715696 0.9999792091693217 -0.00013615841061711647 -0.004154595932929409 -0.001143647922997809 0.00012878799914789783 0.9999993377413204 0.08103097809535834
0.999972429030957 0.007410917840409811 0.0004684812594699949 7.181282468585872 -0.00741074563081697 0.9999724722363225 -0.0003682645416069667 -0.012847242828770183 -0.00047119754148998227 0.0003647825927499536 0.9999998224532528 0.10386513854554898
0.9999672426109497 0.008094045547773961 1.1477128267274962e-05 8.384572979404844 -0.008094044698468101 0.9999672400764592 -7.221002818195653e-05 -0.0048282045085849745 -1.2061223534541256e-05 7.211476638076466e-05 0.9999999973269936 0.1151648786230034
0.9999624286982675 0.008625227866285338 0.000864081082486252 9.587870851930703 -0.008625134330314222 0.9999627965741231 -0.000111917124320326 -0.015223103126330725 -0.0008650142464091505 0.00010446010403955189 0.999999620419148 0.13175633953153812
0.999965768721568 0.00801474206779511 0.002055552157100995 10.784214982015758 -0.008014527154198267 0.9999678768029062 -0.00011276871154169429 -0.016079989887964868 -0.00205638993833024 9.629057274457433e-05 0.9999978809920285 0.1563326385280242
0.9999827677702426 0.005592682277377493 0.0017849558844044036 11.97516929331758 -0.005589719868900716 0.9999829989911799 -0.0016603494792253662 -0.008333032325262087 -0.001794211345460386 0.001650343464329496 0.9999970285816342 0.17200698270909562
0.9999932212374074 0.003371325451102195 0.0014804201890598395 13.170146669629586 -0.0033683516385918104 0.9999923136875386 -0.002006682107956463 -0.009609867594107405 -0.001487173988550517 0.0020016819293652306 0.9999968907866571 0.182683153727753
0.9999971761139557 0.0020315499311574776 0.001233113535585812 14.359932276914812 -0.0020293924017147687 0.9999964123312217 -0.0017483967413485985 -0.013382200912878093 -0.0012366610668624028 0.001745889332835871 0.9999977112673024 0.2025342712975639
0.9999991723971641 0.0007337634167916756 0.0010567858037953558 15.547403140012914 -0.0007335572697855612 0.9999997118476052 -0.00019544420805390355 -0.007239550747000224 -0.0010569289090898897 0.00019466883339474246 0.9999994225024964 0.21272426257414964
0.9999990983240721 0.0006997685896130457 0.0011461566052656808 16.76603380834286 -0.0006992952629907066 0.9999996700774406 -0.00041331724515104715 -0.008599408148166184 -0.0011464454535484623 0.0004125153705881288 0.9999992577466701 0.23231060667151016
0.9999989720449526 0.00026711867975215463 0.0014087429321867739 17.988635778957757 -0.00026564289437678174 0.9999994159070352 -0.0010476733465447131 -0.0072461339404134755 -0.0014090219624710786 0.0010472980470336696 0.9999984589107676 0.2465791326894371
0.9999982646818482 -0.00034919001975396315 0.0018299452511427875 19.157028972303493 0.00035151689477862024 0.9999991300049519 -0.0012713871210868243 -0.004434479634172432 -0.001829499703405554 0.0012720281714979718 0.9999975174345014 0.25916776003411013
0.9999993673914773 -0.0005574961240685886 0.0009769415115038922 20.366966621324202 0.0005586152247448544 0.9999991877558383 -0.00114561629463654 -0.009505071284322595 -0.0009763020413449234 0.0011461613043119193 0.999998866573652 0.27880542501819433
0.9999988337494525 -0.0015252051278088251 -7.905095194955905e-05 21.551700741077497 0.001525098160583453 0.9999979446062276 -0.0013359861230149348 0.010191283438287107 8.10884423542285e-05 0.0013358640044589766 0.999999104445612 0.2913845135101906
0.9999972268808275 -0.0022852956924762804 0.0005689061896486094 22.753876787218534 0.002285707339044833 0.999997125693371 -0.000723979942142058 0.017977128112979458 -0.0005672500461945608 0.0007252782875123079 0.9999995760993056 0.3119197437667731
0.9999957211626507 -0.002891500043542299 0.0004437159996316945 23.973182606520727 0.0028917754757749087 0.9999956257642723 -0.0006213589294142218 0.019302726814193646 -0.0004419173993418594 0.0006226393977663712 0.9999997085145537 0.32579516305671313
0.9999927922550403 -0.003780762255939638 -0.0003482452178825061 25.150690960372017 0.0037805263858524743 0.9999926256351502 -0.0006754965317555743 0.03659010324771614 0.00035079654158649175 0.0006741751127139004 0.9999997112148102 0.34129970511129293
0.9999896012419442 -0.004557371728147849 0.00016664605896199645 26.368238096391554 0.004557404047208751 0.9999895961473757 -0.00019407565272664735 0.03845239736909109 -0.00016575985030810032 0.0001948331080044549 0.9999999672818655 0.3557778433285305
0.9999828481447085 -0.00548152833407712 0.002063071380175229 27.553265624444148 0.005484396606737062 0.9999839983896736 -0.00138721247886933 0.056104679688918996 -0.0020554343232026197 0.0013985033872785228 0.9999969096842345 0.37665516868337573
0.9999770653826752 -0.006322671829996194 0.002427453312220378 28.749837177527105 0.0063280964525940136 0.9999774829532261 -0.0022335581068939317 0.06667196964355422 -0.002413276598217488 0.002248868039787377 0.9999945593294997 0.3952285109310475
0.9999749504185367 -0.0069689159335983965 0.0012380412576637424 29.965356447596193 0.006971424566859399 0.9999736313728654 -0.0020336662640278893 0.0832696203278828 -0.0012238361629844361 0.0020422462327776016 0.9999971657236689 0.40667275083255744
0.9999666756036775 -0.008155022297923614 0.0003785412130197977 31.15158027667369 0.008156104858811101 0.9999623803444034 -0.002952261757809251 0.09778873365474014 -0.0003544512119654932 0.002955250797295157 0.9999955704187211 0.42291784087194106
0.999964681596884 -0.008402703619144893 0.0001735820587272697 32.35552160356384 0.008403123396612188 0.9999613683629891 -0.0025786234311728036 0.10985093830021204 -0.0001519079445306578 0.0025799909897699 0.9999966602796577 0.4354682927766053
0.9999567313888051 -0.009269473433952386 0.0007824400770225447 33.541141923885135 0.00927167083662642 0.9999529468315482 -0.002853111073913238 0.12245348889777548 -0.000755956423434043 0.002860242150603023 0.9999956237627872 0.45345731200855793
0.9999484801218734 -0.010086349301204802 0.0011413411975222188 34.74867682661341 0.010089708718070845 0.9999446662525238 -0.0029769466090616595 0.14476941814433475 -0.0011112515194865778 0.0029883090373661048 0.9999949175516631 0.4676578023987584
0.999949832952677 -0.009968200774248445 0.0009831333772919416 35.95216931934951 0.009971697165345517 0.9999437360296914 -0.003618014735373588 0.1422423390271205 -0.0009470129650183991 0.003627636738568642 0.9999929716843698 0.48990945948271636
0.9999416920038559 -0.01076210292798721 0.0008886692485083963 37.131124052826216 0.010764892747308928 0.9999369474354299 -0.0031965978247352907 0.17000980525150483 -0.0008542111008240422 0.0032059778666696766 0.9999944959995097 0.4985733650087106
0.9999413904784477 -0.010728948493118827 0.0014509556371253736 38.35752441000341 0.01073504218527826 0.9999333063517316 -0.004259309541979846 0.17810122433466385 -0.0014051609549083066 0.004274635975858954 0.9999898764537393 0.5241793027994122
0.9999384297685319 -0.010812207418399706 0.0024965661987049544 39.552220508684286 0.010822141850153042 0.9999334359242589 -0.0040006207619676165 0.19428332221894357 -0.0024531444756026614 0.004027392636361969 0.9999888810335515 0.5318438896302511
0.9999351130146112 -0.010879573699455284 0.003377075150894292 40.754338491551124 0.010893147291146868 0.9999325578053654 -0.004027304670979971 0.22096054739292542 -0.003333032035556583 0.0040638303283525926 0.9999861879948705 0.5497849249632505
0.9999373893865798 -0.010730806457782424 0.003172869287738801 41.96579223308849 0.010741292578748464 0.9999368436130299 -0.003306572084279743 0.23721776238514175 -0.0031371867157031475 0.003340445775106956 0.9999894996856389 0.561575545780644
0.999938816951238 -0.010615050383627445 0.0031117614804885224 43.156107235003496 0.010623158906504249 0.9999401900592881 -0.0026009227289004104 0.25944176636741917 -0.0030839664404076657 0.002633820333204631 0.9999917760369066 0.5735021964454129
0.9999412853997682 -0.009867208101569491 0.004479280895378035 44.36094655054556 0.009868629474926296 0.9999512602784804 -0.00029532992645341707 0.2748673900600629 -0.004476148494631649 0.0003395169497454508 0.9999899243606882 0.582842474834543
0.9999341211722393 -0.008569352285457672 0.007636721607417401 45.56494215917354 0.008572380952323388 0.9999631902361023 -0.0003639473107338676 0.2981410612225117 -0.0076333217087790565 0.00042938822115729116 0.9999707735856312 0.5963106097732463
0.9999244971793639 -0.006689424074768255 0.010307839062773109 46.76414211758893 0.006686068104498547 0.9999775831950559 0.0003600009403805448 0.3180700873015949 -0.010310016192912965 -0.000291054845310203 0.9999468080118956 0.6002821196556604
0.9998940708285364 -0.004649124481970878 0.013792489386934633 47.98344965616275 0.004637290625552657 0.9999888517888733 0.0008898503385739828 0.3176573559160017 -0.013796472650345339 -0.0008257962957278248 0.9999044831397078 0.6059245472690664
0.9998720940449385 -0.003682970596688093 0.01556378096008941 49.17964998696586 0.003673320055200351 0.9999930429909467 0.0006486057959663396 0.33882079348751915 -0.015566061478799756 -0.0005913520866871063 0.9998786666554836 0.6092098934559057
0.9999067537225527 -0.0021124127507910597 0.013491537065760473 50.38228523388813 0.002118994521854363 0.9999976427949386 -0.000473568139130082 0.33925879726260444 -0.013490504892065552 0.0005021124737977319 0.9999088729283387 0.6060458337943292
0.9999307011526127 -0.0005129222948482132 0.011761369102435389 51.593990319090125 0.0005197275657252887 0.9999996993052145 -0.0005755629748472969 0.3354163452068753 -0.011761070346771142 0.0005816357967297467 0.9999306670585207 0.6101175399046203
0.9999346702673374 0.0001926308735646752 0.01142882717944751 52.77897521988376 -0.0001893832475449848 0.9999999413853529 -0.0002852424867789576 0.3489057773360924 -0.011428881456060245 0.0002830594235566781 0.99993464813758 0.6000462333248623
0.9999385613973816 0.0005214818180151319 0.011072555587951132 54.01188945387318 -0.0005173776366717548 0.999999796400186 -0.0003735237178036505 0.3538035462386294 -0.011072748119408305 0.000367772076386373 0.999938627613107 0.6099894660345581
0.9999492070098392 -0.0005858544232103996 0.01006181767815835 55.1981725822286 0.0005958795432932524 0.9999993290578754 -0.0009933837973611793 0.36181973493415176 -0.010061228948969391 0.000999328971750495 0.9999488852004599 0.622659238515798
0.999947585489352 -0.002133871288470849 0.010013634072571782 56.39963849347259 0.0021401885520939976 0.9999975174738246 -0.0006201928324738073 0.36667690784087115 -0.010012285801784553 0.0006415913903769624 0.9999496699802002 0.6111477962752199
0.9999304244567938 -0.0034351878108065926 0.01128475654858188 57.61960779548129 0.0034480961112107527 0.9999934229170931 -0.0011246136063806128 0.36237711792652366 -0.01128081906884997 0.0011634462859491772 0.9999356926892226 0.6246859759532697
0.9999197005759455 -0.004538770882273804 0.011831819766610255 58.82208101510055 0.004549588830505713 0.9999892566868749 -0.000887554113658965 0.3793621234554305 -0.011827664248898145 0.0009413127586295478 0.9999296076668126 0.6255962112186804
0.9999194284727715 -0.005319240552612312 0.011525720915815064 60.04035776065473 0.005324685669417859 0.999985726167257 -0.0004417966334869397 0.387392454155316 -0.01152320637703362 0.0005031318782476055 0.9999334790740358 0.6260169890901588
0.9999168332406152 -0.0060624823560656935 0.01138300969612545 61.24216172363146 0.006058803444388979 0.9999815813238246 0.0003576505629249709 0.40198508666523386 -0.011384968286383327 -0.00028865339993226226 0.999935147485242 0.6324955937325071
0.9999205313244808 -0.006201746235984611 0.010975854380979977 62.44674987607209 0.006205686753292007 0.9999806917284787 -0.00032499562009819427 0.42282583047941313 -0.010973626915839758 0.000393082507264825 0.9999397106818263 0.6269477381232909
0.9999307793068511 -0.006282439005306835 0.0099482438117432 63.664053802015296 0.0062856071917406385 0.9999802041239287 -0.0002872324789357733 0.43552319204407 -0.009946242357012318 0.00034974334935276895 0.9999504737448576 0.6456531282683892
0.9999167908302238 -0.006694803929200074 0.011026831645406104 64.8545949775008 0.006702680456321522 0.9999773072738234 -0.0006775043129354004 0.4490515464574964 -0.011022045657998688 0.0007513572673288123 0.9999389731237451 0.6501676220056768
0.9998942697140007 -0.006958542140526661 0.012768245156776301 66.06978818266134 0.006980861765350673 0.9999741810948417 -0.0017043217752641662 0.4574688405275254 -0.012756055899771369 0.0017932749312609966 0.9999170301594542 0.6530685896156122
0.9999070400842515 -0.007226911224832861 0.011562134063383302 67.27104077143477 0.007237963983622477 0.9999733875344332 -0.0009143851935704014 0.4698990018862866 -0.011555218185869425 0.0009979865023244281 0.9999327382157354 0.6614281581285483
0.999926517573845 -0.007184572323452565 0.009764290715258918 68.45972134573628 0.007170940912248522 0.999973265506976 0.001430341829089586 0.48371065930775525 -0.009774306066215259 -0.0013602175723326148 0.9999513051889476 0.6674289956989887
0.9999215775326731 -0.00738304664977954 0.010115799856542007 69.66596387464665 0.007359778155372954 0.9999701890804852 0.002335511901590128 0.5051475486181931 -0.01013274148856721 -0.002260878702176031 0.9999461065364573 0.6643679929341918
0.9999191399962357 -0.007441616138624665 0.010311926029294849 70.83985937158602 0.007399989894511269 0.99996434105057 0.004069001948942981 0.5193073201411296 -0.010341838267417393 -0.003992364781020342 0.9999385518144132 0.6776573020699695
0.9999217306728967 -0.007001987404673985 0.0103684473526063 72.04046903751168 0.006944799633221529 0.9999605309385178 0.00554132865040789 0.5517348701005903 -0.010406838433135581 -0.005468888144971707 0.9999308921001913 0.6748333537686617
0.9999181485173574 -0.006155422754531849 0.011216373582087063 73.22474803539764 0.00609348502955595 0.9999660444691837 0.005547913918664354 0.5620495592665053 -0.011250142479743382 -0.005479113009176183 0.9999217037422571 0.6908526831976277
0.9999199444553344 -0.004323156328728774 0.011891803891689149 74.4031964203087 0.0042436643070353445 0.9999685385248186 0.006701736624757377 0.5798937912678407 -0.011920402413098942 -0.006650735289860251 0.9999068315230244 0.6854303056322822
0.9999391031454832 -0.0013323677390616707 0.010955126508384665 75.58472095004574 0.001264206459848256 0.9999798164463922 0.006226434121266072 0.5872954935454077 -0.010963201294954072 -0.006212205409312875 0.999920605208893 0.6902442780665431
0.9999854932517603 0.0009660101312755718 0.005299066942395193 76.77343219681367 -0.000987094152522776 0.9999916019520318 0.003977646357254325 0.5810474967782936 -0.005295179993897084 -0.003982819332532699 0.9999780488685723 0.7081619615534709
0.9999855898467473 0.0036123255736140165 0.003971297370255232 77.95807095976264 -0.003633114327304213 0.9999796709208062 0.0052400596753293446 0.5904196813016802 -0.003952287835864035 -0.0052544123426402295 0.999978385052295 0.7061371220805939
0.9999495306941953 0.006243555134520591 0.007871091648598673 79.13070090209087 -0.006278862787271676 0.9999703013608979 0.004469035499273716 0.5830205351251414 -0.007842955218350616 -0.004518231454602042 0.9999590359799573 0.7277587578845877
0.9999060735369966 0.009457786058323828 0.009919394472517789 80.30852965712884 -0.009496323613485904 0.9999475157880484 0.003845192730995358 0.5732908396098607 -0.009882506850713088 -0.003939029345603422 0.9999434084517784 0.7450644549422334
0.9998730658539832 0.013776086176797812 0.00800447558593546 81.47668698655718 -0.013811155263028133 0.9998951916365044 0.004342549078435737 0.5717855002061394 -0.007943813319617153 -0.004452548915793403 0.9999585344593522 0.7292515981088169
0.9998358794078945 0.017253835644789516 0.0055244370016144136 82.64892466053227 -0.01727379120095418 0.9998443693983854 0.0035851248083071563 0.5520154645287878 -0.00546172007595168 -0.0036799643867695578 0.99997831350281 0.7453122072145534
0.9997887941696967 0.020516469572035886 0.0012006369158427776 83.83174654456356 -0.020519664438913208 0.9997857710674742 0.00271207343752406 0.5387169897136633 -0.0011447375325198564 -0.0027361372984279096 0.9999956015546597 0.7601946917572009
0.9997158232028238 0.023834624238636696 0.0004283985334466564 84.97900921390215 -0.02383538822889357 0.9997141351323562 0.001876775037910844 0.5208637119808912 -0.0003835438415475358 -0.00188645274735294 0.9999981470933602 0.7729532257272331
0.999624012030777 0.027351380969057523 0.0019330107549219953 86.14827095496949 -0.027355655834009524 0.999623297140381 0.002220789968625734 0.4877654197581973 -0.0018715409117587983 -0.0022728337552504444 0.9999956657712755 0.8033087852776415
0.9995016630621947 0.03146153288414413 0.0025685568880172154 87.30220429082864 -0.03147069516681674 0.9994981622099146 0.003608196879376545 0.46065262204382623 -0.0024537484843318532 -0.003687233052434095 0.9999901916672946 0.8291268313757046
0.9993906133956867 0.03488969887781573 0.0010539301724711437 88.46173039566168 -0.034892538120657214 0.9993871257971354 0.0028077703679906373 0.42777069832034137 -0.0009553219831995683 -0.0028428336490598565 0.9999955028182639 0.828762558068346
0.9992542632958202 0.038573533172914266 -0.0017319999092839727 89.60748816470722 -0.03856844128700469 0.9992518022536944 0.002882885609006964 0.3891765213817476 0.001841907114527992 -0.0028139351985840594 0.9999943445574478 0.8471004392137411
0.9991385776175792 0.04145575626979423 -0.0018769625516145362 90.76150188787669 -0.041450121907642724 0.999136227201738 0.002947352527005598 0.34606349703490924 0.0019975260104198016 -0.0028670132849894477 0.9999938950436954 0.8637313918116495
0.9990207187585685 0.04424048246885618 -0.0006190331461824177 91.92206261652251 -0.0442395039736021 0.9990198067250271 0.0015139548405571112 0.28832818199206145 0.0006854044666378512 -0.0014850865336510507 0.9999986623684577 0.8874236502266373
0.99886933041931 0.04753407681390243 0.0007564979373768279 93.07459787992465 -0.047534747465308225 0.9988691842740222 0.0008947017150320718 0.2468761670390866 -0.0007131136575647077 -0.0009296500414303279 0.9999993136096205 0.9041935593939796
0.9987643580278214 0.049638699921613565 0.002399292263524787 94.23340035583976 -0.04963926783564111 0.9987671958532797 0.0001776967021736445 0.19198658648838993 -0.002387513772796862 -0.0002965762439552096 0.9999971059060703 0.9160192483654502
0.9986189151280092 0.052427031347648555 0.0034159526680702696 95.39236221005774 -0.052424080471434424 0.9986244626787921 -0.0009478007270664765 0.14200962581134882 -0.0034609442761170976 0.0007674135562631362 0.9999937164508341 0.9357539965574468
0.9985206122457928 0.054353581401382786 0.001508346488802896 96.55031950748679 -0.05435029334702583 0.9985196341886382 -0.0021414371063943434 0.07844742174108915 -0.0016225083603075307 0.002056290016427345 0.9999965695631106 0.9455632634183556
0.9983916139656557 0.05664204962953299 -0.0024214410624184037 97.70587946596447 -0.056650910579711576 0.998386958437895 -0.0037623864259725293 0.012195974731262176 0.002204425898679118 0.0038935118972902956 0.9999899904856863 0.9650274440320988
0.9982599343496291 0.05871217330777771 -0.005475781017507078 98.89080425556915 -0.05873046702108997 0.9982686120391271 -0.0032419841085028133 -0.05131112458614431 0.00527595638333751 0.003557938019779969 0.9999797524756632 0.9702861562532873
0.9981423054907046 0.06059890365467715 -0.0063016557786138225 100.04583788413882 -0.06061997192621728 0.9981557643730169 -0.003207655309230606 -0.12344931173521036 0.00609565364547644 0.0035837026619631915 0.9999749997284257 0.9909666510939217
0.9980957420942628 0.06142826926253131 -0.005608685114414997 101.22964225317608 -0.061447035121012246 0.9981050964134044 -0.0032370338931875745 -0.1797704088484637 0.005399211807272941 0.0035755068170134903 0.9999790319116005 1.0077685444294477
0.9981753823071968 0.06024984979905923 -0.003982681894439896 102.39780235743599 -0.06026286140277684 0.9981773100071233 -0.003231922414439765 -0.24582829024978486 0.0037806998599738805 0.0034660331986365914 0.9999868463747085 1.0307278650639788
0.9982614815975988 0.058893092873522325 -0.002370225803095433 103.58766583262158 -0.05890198633105622 0.9982562471675234 -0.003875693133908467 -0.3133081062732778 0.0021378411594531327 0.004008566177928552 0.9999896804629406 1.0557100932912915
0.9983667487753648 0.05710611889190152 -0.0016510980623619907 104.78807778129047 -0.05711154834086733 0.9983618318581065 -0.003453076169810295 -0.37465831528533233 0.0014512015078211088 0.0035417331957312936 0.9999926750432495 1.0632046170271032
0.9985126280354171 0.05450744540848853 -0.0012124557086683014 105.97967882524698 -0.05451140501159583 0.9985069583435142 -0.0035158019349145527 -0.43275812748105963 0.001019008079754202 0.0035766652938773735 0.9999930845200425 1.0782772306778052
0.9986545675410912 0.051842950597612215 -0.0011675626962495366 107.17145518524644 -0.05184603256863185 0.9986512056362716 -0.0027853883236531453 -0.48748004561521796 0.0010215851450072198 0.00284217426536751 0.999995439194218 1.0950615677257995
0.9988652356454726 0.04760448647433653 -0.0014331386636548527 108.38749364515509 -0.04760665762365634 0.9988650022527776 -0.0015209945636275137 -0.5402652442049117 0.0013591058893684016 0.00158749553490112 0.9999978163421699 1.1104926433021625
0.9990445400009856 0.043687989680463724 -0.001169038878183057 109.59519009728172 -0.04368948405882576 0.9990443324447988 -0.001284831739873602 -0.5945040844004046 0.0011117899498636786 0.001334678839973215 0.9999984912766127 1.1331910307614061
0.9991949016003873 0.04011815823836912 -0.00028634830847812446 110.80450153522365 -0.04011837772892715 0.999194607892654 -0.0008070481054358919 -0.6315780872141984 0.0002537404022106712 0.0008178861818993597 0.9999996333389337 1.1403302453122
0.9993676312337224 0.03555316853796331 0.0005566410062608339 112.02113778840494 -0.0355527929362085 0.9993675745453529 -0.0006707173575706123 -0.6761746203719243 -0.0005801350995744196 0.0006505030744272902 0.9999996201444361 1.158597914158541
0.9995133753751893 0.031176461528387718 0.0010201434531965248 113.25328023097612 -0.031175940137049538 0.9995137753691686 -0.0005230715460205526 -0.7120365545989994 -0.0010359549542537034 0.0004910130752976633 0.9999993428515305 1.1748648300770348
0.9996597393293779 0.026046148642466845 0.0014155228061401095 114.46914593082718 -0.026046204295861002 0.9996607398539052 2.089309109557673e-05 -0.7380933455385201 -0.0014144983911098218 -5.775497819256492e-05 0.99999899792883 1.1942073571815848
0.9997672581417292 0.021536343446208087 0.0012710069771732719 115.66894989146485 -0.02153704985090655 0.9997679024380319 0.0005447369798086413 -0.7572078427559409 -0.0012589803368676167 -0.0005719839373399227 0.9999990439009864 1.2025739421803308
0.9998620229616786 0.01658504436318388 0.0009334572571944608 116.9114740016518 -0.016585976550096335 0.9998619432434138 0.0009999176886031891 -0.7750910933104195 -0.0009167447078881045 -0.001015262023100295 0.9999990644106448 1.2194249204145895
0.9999307286065964 0.011760806468477823 0.0004705523269200365 118.12684871620664 -0.01176156033885292 0.9999294974149501 0.0016327577533303541 -0.7822838419738046 -0.0004513166038177624 -0.0016381790795113478 0.9999985563402712 1.230651941236274
0.9999647906907272 0.008384727525115179 0.0003372286757335939 119.36775239865281 -0.008385743710766882 0.9999599273801877 0.0031341563820301388 -0.7903297819299012 -0.0003109361148126579 -0.003136873943795398 0.9999950316579543 1.2449529738474707
0.9999814375507047 0.0060761200480728556 0.0004531216035506671 120.57970761488534 -0.00607854382615286 0.9999660979291252 0.005554664468065226 -0.7835070504169018 -0.00041935543365521953 -0.005557315679413445 0.9999844700711406 1.2575363993606203
0.9999869173143778 0.005105252894347551 0.00031873652489686867 121.82706105348213 -0.005107085747161132 0.9999687054901818 0.006041995983222753 -0.7823083740115574 -0.0002878806327125766 -0.006043544752452175 0.9999816961782683 1.2749674685888535
0.9999912084404363 0.00417231024360949 0.00041817348908565016 123.08429320707357 -0.004175495080529755 0.9999598481223858 0.007928895502382136 -0.7874002034532614 -0.00038507488670979663 -0.007930571876371537 0.9999684783767163 1.2845243520151293
0.9999943200026576 0.0031428465707752282 0.001217570472224804 124.30974499066865 -0.003153921416483071 0.9999526748996982 0.00920330052953609 -0.7764005555943042 -0.0011885882890710151 -0.009207088376401969 0.9999569074622707 1.301071356529111
0.9999950145542044 0.002729279578720546 0.0015880490288075256 125.56841083066874 -0.0027454045699463977 0.9999437808776175 0.010241964553856502 -0.782865446606978 -0.0015600065653820056 -0.010246273330158366 0.9999462886887274 1.3279178284444937
0.9999938613026131 0.0014393257940377845 0.0031946358710785642 126.81107503178286 -0.0014812463158057454 0.9999123218892306 0.013158816186861074 -0.7697246572759354 -0.003175415947884041 -0.013163467451484908 0.9999083157261027 1.3383009003644284
0.9999794404736498 0.000911604054932409 0.006347252008012717 128.05859445337015 -0.0010037220547416976 0.9998940024835435 0.014525024594688482 -0.7548747120959891 -0.006333338143745032 -0.014531096843890038 0.9998743601335472 1.325825051363188
0.9999770274453299 0.00048507116648756766 0.006760864409624528 129.3255854261043 -0.0005730991460982081 0.9999150149868276 0.013024375657245138 -0.758379919107249 -0.0067539720883807875 -0.013027951099683351 0.9998923223783518 1.363591351726151
0.9999884206997691 -0.00011651302413985997 0.004810913748638241 130.57070983902733 5.136861625077263e-05 0.9999083440142256 0.013538867456119106 -0.7585468207131499 -0.004812050253986876 -0.013538463555525874 0.9998967717604196 1.3650734783719602
0.9999853640629711 -0.00047924768037593975 0.0053890612826257515 131.83641061018187 0.00041867866423663734 0.9999368003460668 0.011234768437596934 -0.756728551778362 -0.005394104932530943 -0.011232347721254247 0.9999223659848027 1.373544184495843
0.9999707949257907 -0.0019028463916477701 0.007401923472465952 133.07933706348308 0.0018452988191893602 0.9999680813053359 0.007773753455900762 -0.7540409120128688 -0.007416479471443827 -0.007759867662210726 0.9999423884835139 1.382821805920882
0.999955539386776 -0.002063293364372898 0.009201199388909115 134.33945604729007 0.002014744271474211 0.9999840176665865 0.00528253886994293 -0.7435305950525921 -0.009211951759670075 -0.005263765941265895 0.999943714772433 1.3923994373757513
0.9999427654619167 -0.0020636692594159043 0.010497955494379128 135.61747964094252 0.0020322759306790703 0.9999934342686755 0.0030002123394358244 -0.7516485538762173 -0.01050407801360051 -0.0029787058813958585 0.9999403940517436 1.3990590978224056
0.9999592145320514 -0.00212116126222989 0.008778949102402315 136.87485028345537 0.0021312170599957865 0.9999970834231361 -0.0011362478007688834 -0.7455751479441494 -0.008776513333103189 0.001154911304466498 0.9999608187292104 1.4002311922891613
0.9999723814451694 -0.0018615577720425276 0.007195203231183056 138.15711950618197 0.0018862044827474586 0.9999923723069511 -0.003420169669096938 -0.7399857094255518 -0.007188781504952172 0.0034336468335423383 0.9999682652414009 1.3953424326995654
0.9999706777441175 -0.0017838018567521328 0.007447261436662043 139.40810096353755 0.0018191842964362707 0.9999870781981793 -0.004746999595951595 -0.7337198825439776 -0.007438697497932392 0.0047604083442718 0.999961001385519 1.4139200325415562
0.9999693896315625 -0.001623153835885607 0.007654095080769469 140.69112058992897 0.001659905490394293 0.9999871134936057 -0.004797661981571178 -0.7273440434598191 -0.007646209102775599 0.004810220197818852 0.9999591978015929 1.414978593267483
0.9999584350235168 -0.0004941087400561913 0.00910406952258834 141.97537675953083 0.0005313929086728672 0.9999914809510085 -0.004093366216835765 -0.7174259072913691 -0.009101969396550067 0.004098033914149594 0.9999501788945001 1.4342450054885205
0.9999372552815095 -0.0001720773724352822 0.011200709328394082 143.25869703483613 0.00019098833321375851 0.9999985582295938 -0.0016873239730832918 -0.7037118677944174 -0.011200402829267112 0.0016893573072210401 0.9999358464663374 1.4338521298523108
0.9999516553097026 0.0006578906068438274 0.00981092367390423 144.5275128134411 -0.000635176265396829 0.9999971113721325 -0.002318145487787922 -0.7009346429450596 -0.009812420419938414 0.0023118017519029666 0.9999491846979838 1.4417749250713412
0.9999698891249236 0.0014399761148199285 0.007625438497331919 145.82198370246795 -0.0014285437764363132 0.999997847911927 -0.001504471399959545 -0.7088927152108995 -0.007627588489598048 0.0014935328263012036 0.999969794170569 1.4360606937231768
0.9999824828228692 0.0015042415125330485 0.0057246226846760844 147.0861765683911 -0.0014939531263862636 0.9999972621244185 -0.0018010684948404586 -0.6930843257590702 -0.005727316253368277 0.0017924846272474565 0.9999819922615582 1.4486240975337257
0.9999965930095643 0.002179994902558626 0.001435824323720621 148.3538251013208 -0.0021762879160278203 0.999994308041547 -0.002578304755915492 -0.7014717115870481 -0.0014414368422933628 0.0025751712045305967 0.9999956453670672 1.475366082474411
0.9999948182639634 0.0023193426131957787 -0.0022325086932416787 149.6232248634572 -0.002324526792211234 0.9999946016307097 -0.002322344640735374 -0.6889184962543854 0.0022271103284475244 0.0023275221332297448 0.9999948112966909 1.480181726139851
0.9999924457239547 0.002588109466973851 -0.0029000317946843374 150.89081665452485 -0.002596351976373425 0.9999925907910623 -0.0028420625246028276 -0.684568194132784 0.0028926547388171886 0.002849570558159654 0.9999917562141181 1.5065833947311411
0.9999923349353605 0.0028341517370270796 -0.002701417120207322 152.17109470961685 -0.0028423082723186294 0.9999913994608893 -0.003020312556229968 -0.6950682596371022 0.0026928338624861215 0.0030279676655667414 0.9999917899951005 1.530003909347087
0.9999938446761731 0.0025917726366484393 -0.00236502100744953 153.4231228495748 -0.0025973590327263043 0.9999938371206365 -0.0023620852653844465 -0.6821845432889124 0.0023588844441541153 0.002368213534661018 0.9999944135988128 1.5465049786200566
0.999996232435007 0.002472016017466424 -0.0011934205465039818 154.71681586462435 -0.0024737552464445837 0.999995877263054 -0.0014580781446706104 -0.6813193374030827 0.001189811233816659 0.0014610248816045645 0.9999982248761862 1.5823160957074647
0.9999975740344477 0.002032683907301667 -0.0008485996418403472 155.96180754692062 -0.002033727106945092 0.9999971751892227 -0.0012302713640852457 -0.6737411212841362 0.0008460964919035434 0.0012319941995838513 0.9999988831548856 1.589547294589023
0.9999985533867921 0.0014995554470561652 -0.0008028435615251812 157.2263245891316 -0.00150015348345191 0.9999985973944479 -0.000744814515995671 -0.6720904921456676 0.0008017255447878365 0.0007460178271026436 0.9999994003465965 1.617810892843403
0.9999991663306437 0.0010313940656305174 -0.0007768940076610442 158.50897379115102 -0.0010319847543965599 0.9999991784721831 -0.000760304166420164 -0.6649881471217735 0.0007761091962156863 0.000761105275349567 0.9999994091864631 1.6274776583278228
0.9999999751164856 0.00020984416775480773 7.571296864464083e-05 159.75547942351807 -0.00020975934525593217 0.9999993523777796 -0.0011185906482802284 -0.6520896078419213 -7.594764933488664e-05 0.0011185747389430313 0.9999993715110564 1.6477204064299056
0.9999998348358693 -3.49988973692351e-05 0.0005736752666061926 161.02876632859014 3.522979771980871e-05 0.9999999183811479 -0.00040248796119534054 -0.659623608195623 -0.0005736611331486296 0.0004025081051823657 0.9999997544500346 1.6657132160817874
0.999999577711762 -0.0008590546573687661 -0.0003264986883308175 162.27823297632668 0.0008590805483918697 0.9999996278565262 7.916704109557736e-05 -0.6469708536440567 0.00032643055801109827 -7.944749633648754e-05 0.9999999435655915 1.69025332821834
0.9999977739316463 -0.0017448464314315688 -0.0011864411837928708 163.55965515754173 0.0017453489292044784 0.9999983875690874 0.0004226302644122347 -0.6480376322586696 0.0011857018458297556 -0.0004247000774580748 0.999999206870174 1.7075030826651845
0.9999965918562804 -0.002040917088553724 -0.0016281686832387667 164.82832080934446 0.0020427905386752967 0.9999972524604424 0.0011498166728888298 -0.6337751525951658 0.0016258175292845004 -0.001153138761729845 0.9999980134922057 1.7180658892700837
0.9999929394827939 -0.0029357940281564926 -0.0023456551292663757 166.0842159110239 0.002938111924806544 0.999995198298136 0.0009853319181805857 -0.6345049217650317 0.0023427511345686224 -0.0009922167585344052 0.9999967635062752 1.743206919274762
0.9999887593162313 -0.0035217321154391427 -0.0031746880305527744 167.3621643549937 0.0035254737897566376 0.9999930966240196 0.0011737712135879458 -0.6215602269978112 0.003170532406708609 -0.001184950299039285 0.9999942717921172 1.765500692202952
0.9999858055939987 -0.004227924720134372 -0.0032424162413726637 168.61856125592806 0.004232672487537327 0.9999899781329618 0.0014588067905146132 -0.6061855325375449 0.0032362160210166933 -0.0014725101696367532 0.9999936792898572 1.7874341800740459
0.9999839603062528 -0.0053066150672078285 -0.001979638035352924 169.89319888910688 0.005309553377917257 0.9999848060801079 0.0014819756597676803 -0.5914685599298443 0.0019717436825258407 -0.0014924628831496187 0.9999969423860219 1.810132656498138
0.99998288308482 -0.005650321974075676 -0.0015190124952051544 171.17107403820904 0.005652531288602848 0.999982967090826 0.001454103936941468 -0.5774390430241375 0.0015107704665757989 -0.001462665312824642 0.9999977890889459 1.8288420884207126
0.9999768321642974 -0.006686854667118514 -0.0012732279126121064 172.43445719855296 0.006689221052966366 0.9999758906025475 0.0018634739993454055 -0.5717142999747575 0.001260736436044737 -0.0018719477296442219 0.999997453174425 1.8438281448422285
0.9999747700079239 -0.007033427699356326 -0.0009951092391377813 173.69837350769237 0.007035543985640273 0.9999729616460911 0.0021394152405936635 -0.5581963907886476 0.0009800349106083787 -0.0021463623979865666 0.9999972163261409 1.864724842749445
0.9999680568097031 -0.007853940663142218 -0.0014835687669543778 174.9584941027238 0.007858021854573733 0.9999653013488472 0.0027654277864890314 -0.5349031518952623 0.0014617977833759823 -0.002776997365696486 0.9999950757043115 1.887956488418258
0.9999637515083944 -0.00824381438887207 -0.0021295993942519577 176.2282492675626 0.008251770896543522 0.9999589041020958 0.0037547814858642234 -0.5207677559612117 0.0020985581548124367 -0.0037722183470018373 0.9999906831678051 1.9090188112930921
0.9999616364039026 -0.008567934741345382 -0.0018210476922212958 177.5038416197839 0.008574406986828194 0.9999568429886927 0.0035765493022102877 -0.49852046657773125 0.0017903254602249096 -0.0035920264969729644 0.9999919460077623 1.924209767751518
0.9999558142404135 -0.008990406601557994 -0.0027462985872382093 178.76081580864795 0.009000031222636921 0.9999533295972016 0.0035125582503291236 -0.4869401579946982 0.0027145910894948223 -0.0035371198183065684 0.9999900598399005 1.9450045562082454
0.9999516190670621 -0.008967746250446206 -0.0040421593670777805 180.02634663981428 0.008978627311551664 0.9999560950486404 0.0026818327082417845 -0.46633891736420574 0.004017931901053722 -0.0027179960011642647 0.999988234291272 1.9649816045831012
0.999949588942605 -0.009021759071175766 -0.004407656608332338 181.28455796555522 0.009019294245331731 0.9999591578428836 -0.0005787723793239784 -0.4702475051784859 0.004412698135091938 0.0005389892509134154 0.9999901187440583 2.006296296452475
0.9999532251243388 -0.009628613466605113 -0.000915077124660786 182.55317066197856 0.009628424710318032 0.9999536234975981 -0.00021045574735609787 -0.44142955099583364 0.0009170610836274336 0.00020163515211575242 0.9999995591710199 2.0109650796027605
0.9999495920238526 -0.009427533059916487 0.0034547115270292007 183.81473282092048 0.009430816251846212 0.999955091454043 -0.0009352967231715686 -0.4233056793153256 -0.0034457388401792893 0.0009678303263712036 0.9999935950736408 2.033005598081509
0.9999469025095648 -0.009754007386038197 0.0033243798579513013 185.061330256313 0.009754572885672181 0.9999524111735852 -0.0001539348930318956 -0.4018716112735607 -0.0033227201725317024 0.00018635462509943173 0.9999944623859718 2.049902087882852
0.9999576787859586 -0.00919912268401566 0.00012953316945464095 186.32073038802858 0.009198915971820579 0.9999565414379713 0.001514985265369153 -0.3891857755346055 -0.0001434640754499683 -0.001513729584612091 0.9999988440197337 2.0630590051462794
0.9999513678165067 -0.009686157020089846 -0.0018548218457121884 187.57097711064335 0.009690125834408071 0.9999507536552249 0.0021428312254994815 -0.36502997088060235 0.0018339747027983388 -0.002160700472023488 0.9999959839470655 2.086124114717678
0.999949043012436 -0.009908148068321132 -0.00193390288523013 188.82259346732954 0.00991147786684023 0.9999494010289183 0.001719880345429636 -0.3482360247719497 0.0019167642026116536 -0.0017389605411518398 0.9999966510100061 2.107202309157183
0.9999541853471781 -0.009527415713536365 -0.0009249629628788425 190.06744279665742 0.009529096623855858 0.9999529222339971 0.0018302003231249597 -0.3292919140218978 0.0009074823383714549 -0.001838930534579322 0.9999978974029368 2.1275379324298687
0.9999511109786224 -0.009830707060614379 0.0010643548784125365 191.3175860211126 0.009828986773350671 0.9999503988478818 0.0016096157837895081 -0.3160893807218317 -0.0010801257464348802 -0.0015990755612269765 0.9999981381411275 2.1448377335401823
0.9999586951481709 -0.008859066798997301 0.0020309931113048608 192.57642565213854 0.008856905998889594 0.9999602038844515 0.001070450135732063 -0.29655131818400465 -0.002040395474925771 -0.0010524176058765969 0.9999973645982717 2.1731648228652856
0.9999694818139351 -0.007620855645550911 0.001719883716922814 193.79971614738227 0.007619133175313848 0.9999704681080612 0.0010058436268299256 -0.2763811157815639 -0.0017274983145848068 -0.000992708907221681 0.9999980151373293 2.1811393428528816
0.9999816364643013 -0.00605196027913783 0.00031703463184930037 195.02753054757545 0.006051944938131607 0.9999816855969934 4.932607368050971e-05 -0.27730192484822813 -0.00031732734498792593 -4.740649174396201e-05 0.9999999485279891 2.202061315473997
0.9999885549303368 -0.004643657727947589 -0.0011517166502461311 196.26279192161894 0.0046446141691326255 0.9999888699573308 0.0008291686681450519 -0.2595518746507468 0.0011478534560970676 -0.0008345084577244417 0.9999989930135316 2.2183201569172235
