1.0 -3.469446951953614e-18 0.0 -1.7787691892340307e-19 0.0 0.9999999999999999 -3.5575383784680614e-19 0.0 2.168404344971009e-19 -2.371692252312041e-19 1.0 0.0
0.999979401734427 0.000425049187076843 -0.0064043286978636375 -0.005265407629454526 -0.0004237739750137526 0.9999998901126074 0.0002004770919618278 0.0019032119679245757 0.00640441374809032 -0.000197758984085257 0.9999794719839152 0.09543615766021912
0.9999116592686497 0.0004577198895800482 -0.013283979641250972 -0.013152594838413745 -0.00045379993528307187 0.9999998526002344 0.00029810373675128734 -0.0019429309029684733 0.013284115254026316 -0.00029204914985828996 0.9999117196155425 0.1935489064144667
0.9997791914642921 0.0004583650705053009 -0.021008525561076612 -0.024006552378974814 -0.0004595243657223606 0.9999998931513284 -5.0353322721141935e-05 -0.0023887662433809687 0.021008502011446422 5.999611741167443e-05 0.9997792953012934 0.2883162283550963
0.9995472816192496 0.0011061205398986912 -0.03006672879832062 -0.03851372344225876 -0.0011196310948714157 0.9999992796778856 -0.00043251806901016185 -0.004077897181245932 0.03006623126385427 0.00046598588851558503 0.9995478001161672 0.39926413320786347
0.9991341914733909 0.0009250683531608749 -0.04159340652035113 -0.06415357310011813 -0.000996210805647801 0.9999980761867934 -0.0016897303344139878 -0.007097995744756058 0.041591766899710975 0.0017297031520986654 0.9991331909523842 0.5101907028098942
0.998469912414607 0.0008777917831356945 -0.055290714772041706 -0.08345811826524406 -0.001100036378180247 0.999991437837636 -0.003989257259734118 0.0018981314921013293 0.05528674429552372 0.004043975178497669 0.9984623290401123 0.6374313186610829
0.997443750449698 0.0009637332425978867 -0.07144953019383786 -0.10890185693008116 -0.0012527481412987884 0.9999912139957191 -0.004000319466664955 -0.003179760259711034 0.07144505323137863 0.004079601939677847 0.9974361943285212 0.7769979864296732
0.9959575951356234 0.00011456158229578538 -0.0898245776404738 -0.13353559383170371 -0.0004921318520101723 0.9999911373063558 -0.004181281624229738 -0.004258105880561344 0.0898233101258472 0.0042085847368439405 0.9959488247849527 0.9260284456159247
0.9939520855627585 -9.458340517127378e-05 -0.10981457769047298 -0.1662172924382632 -0.0003424217298307313 0.9999920981013012 -0.003960616506208732 -0.010439196234432312 0.10981409383230882 0.00397426592356466 0.9939441992342681 1.0871030775171497
0.9912471511140429 -5.843405792084651e-05 -0.13201924223600414 -0.2133788442311808 -0.0004809501600547654 0.999991667833562 -0.004053757691187028 -0.016146117368532956 0.13201839026046924 0.004081770412035417 0.9912388639755301 1.2473526205946464
0.9877503381040892 0.0035026412929678938 -0.15600320118592656 -0.2682461717461231 -0.004291429379991572 0.9999796537631512 -0.004719714187498178 -0.030456105686587034 0.15598350881926762 0.005331375981690291 0.987745272677697 1.4264912707225552
0.9833925852735882 0.007527005287419856 -0.18133495072081815 -0.33911227375513275 -0.008858967068354377 0.9999393947185188 -0.0065364831580791375 -0.034206381236308425 0.1812747760338373 0.008034369434394237 0.9833996682577498 1.6061423554383387
0.9780114060431377 0.010098279935087273 -0.20830676991058497 -0.40797038404313185 -0.011999441923738505 0.9998970716588689 -0.00786508171491163 -0.03406450581792224 0.2082059230294247 0.010191704639700743 0.9780319149927847 1.7762864816564405
0.971333851256387 0.011038489287899755 -0.23746304136475826 -0.49559856914739414 -0.013304511438357203 0.9998799492495017 -0.007942109122397938 -0.04218457845629378 0.2373468849099478 0.010873769205633118 0.9713641039678016 1.976947231122098
0.9632399379322836 0.012400788622023979 -0.268356173588666 -0.5626182444532516 -0.014890028963020975 0.9998629069271984 -0.007242542873828627 -0.05297083690401054 0.26822959323061757 0.010972137736359631 0.9632925329206795 2.1493820860324293
0.9539138931757436 0.015263053798906568 -0.29969203447704795 -0.6870447493931836 -0.017893662270208877 0.9998216811653863 -0.006035128193096763 -0.05620289877306758 0.29954650456032683 0.011119580647310234 0.9540169047495057 2.3624909909264282
0.9426286232946993 0.01747221270531788 -0.3333856481748902 -0.789980020287603 -0.02040791785626086 0.9997776598972749 -0.005305442453035792 -0.05795587291075615 0.33321885350538705 0.011804768789867155 0.942775611140626 2.5511649472435516
0.9299494299610377 0.019652524472976253 -0.36716184990820727 -0.8776026733291381 -0.023043115065015492 0.9997226929518537 -0.004853052385425428 -0.059508814612565374 0.36696468960813994 0.012973646001057092 0.9301444043732905 2.723880925108182
0.9163738167586508 0.022513040956007875 -0.3996901009778914 -1.037461997788553 -0.026498311015991028 0.9996389664790156 -0.004447055100353246 -0.0566991216418916 0.39944571646267146 0.01466627741375874 0.9166395332647536 2.9378226024652214
0.9005188219317575 0.02337250563730866 -0.43418839312961266 -1.172274316919865 -0.027594027944847773 0.9996133576036189 -0.0034212595349793476 -0.052247456326298125 0.4339405907386121 0.015061915191833121 0.900815585413558 3.1249847430769986
0.8820912561778605 0.0192831354823911 -0.4706837123292687 -1.2744420504842693 -0.02412736173462342 0.9996998157220791 -0.004260157076796904 -0.05403905504093655 0.4704603110367611 0.015114203405574593 0.8822917181554684 3.2979341708816516
0.8610461133798142 0.015005193761500234 -0.5083054320526382 -1.460750559911354 -0.020018447469512576 0.9997899442531809 -0.004396497471809403 -0.06611955740098954 0.5081327322077307 0.013961072510147887 0.8611656271554641 3.5047279151260726
0.8362558889102306 0.017030374631510647 -0.5480748383891754 -1.5983848405411736 -0.02131651494615087 0.9997717129100377 -0.0014588762150197325 -0.07641773548845085 0.5479249210629991 0.012903039116566721 0.8364280115603987 3.6560082926068502
0.8078072392240884 0.022535026620561324 -0.5890157949697705 -1.826014629643009 -0.02621498153992745 0.9996536986884926 0.0022929299930917317 -0.06852724647294067 0.5888635390170102 0.013588792528729798 0.808118250725595 3.862051670124337
0.7756867371584206 0.025170902369219213 -0.6306159505149598 -2.0328168158752864 -0.028775261403499067 0.9995757639163936 0.004502956959368108 -0.07391055934739096 0.630461817229367 0.014653254601502035 0.7760819631151896 4.029645946625864
0.7400774114541308 0.025284185651285093 -0.6720462008020137 -2.214318225533327 -0.028676999013952476 0.9995705629673476 0.00602656409899264 -0.06651476907843588 0.6719100328093639 0.014812144022700424 0.7404846704019684 4.157883337633267
0.7009641658796192 0.02149195109545307 -0.71287256254352 -2.475831811235464 -0.02394339082665707 0.9996915581329733 0.00659565823128239 -0.08134198747138363 0.7127944965888634 0.01244526597301823 0.7012625504593945 4.360034611492534
0.6587587543710487 0.018058884657272962 -0.7521374419745338 -2.7084457474838977 -0.018834520932687802 0.9997944170949722 0.007508955869637198 -0.08155069010745047 0.7521184822936068 0.009219557558689239 0.6589634564252711 4.500817939684015
0.6144812493319263 0.017964155760334808 -0.7887268411665784 -2.931825272815827 -0.01635323263497997 0.9998159537138895 0.010031476557371929 -0.07761090476488719 0.7887619525783554 0.006734078774562822 0.6146619295663084 4.626018872044724
0.5668683595963435 0.01848547758587384 -0.8236009300210789 -3.263057386128215 -0.014627193769513318 0.9998164605546249 0.012372972122755885 -0.07690093686185383 0.8236785566645082 0.005033123425621626 0.5670347088162653 4.7804803201875945
0.5162206360668419 0.019433292551408313 -0.856235095851544 -3.5560231754170197 -0.01274805209979694 0.9998061338503719 0.015006062353228624 -0.08026400519657581 0.85636079041612 0.003168889942114818 0.5163682962976678 4.896833170606835
0.463474684248621 0.020633334473640123 -0.8858698637953503 -3.823467781400389 -0.011943604268917152 0.999783507741221 0.017037839829939304 -0.07124867313097531 0.8860297021492114 0.002683871003778324 0.4636207833065988 4.970322071137965
0.4093670915761695 0.022693971892436274 -0.9120874393687625 -4.213823411889651 -0.011098893463927211 0.9997404990614212 0.01989344403347288 -0.07103157368343622 0.9123022901765335 0.0019794393130413905 0.4095127398059736 5.0835285686475995
0.3545402609211225 0.02599963663360216 -0.9346791684260554 -4.4965632420928285 -0.010914079064737603 0.9996603134242481 0.02366729079438827 -0.061059655720278834 0.934977090431642 0.0018101541893215524 0.35470359187670436 5.141931368138694
0.2996791084359542 0.028404745338754974 -0.9536170746472744 -4.911149277191368 -0.009036436451446668 0.9995963549262359 0.02693455097314248 -0.05771702623617381 0.9539973014935167 0.0005455771322649193 0.2998148235785713 5.226202986470543
0.24595101325101895 0.030115243102483806 -0.9688142708809592 -5.293620545723984 -0.0045532995097958134 0.9995420911948898 0.02991446774030336 -0.0566303365680564 0.9692716056774223 -0.002946192925880363 0.2459755153241219 5.276994201775127
0.19529079020643195 0.031011703325314444 -0.9802549158012278 -5.635663849753524 -0.0020971532583651795 0.9995108650511073 0.03120308595621709 -0.06291107270542293 0.9807431825913819 -0.004037931369656905 0.1952603044541643 5.299608448089743
0.1474720280117404 0.03206018893760761 -0.9885464391533997 -6.092769834886929 -0.0035303453470186923 0.9994852042815477 0.031888290421936076 -0.052195225722625666 0.9890599678791359 -0.0012127213323254856 0.147509295098283 5.331909011734546
0.10493803952431507 0.032070049257531485 -0.9939614862173377 -6.495446874577788 -0.006368559388448538 0.9994810713748491 0.03157577241279057 -0.034362678600659335 0.9944584117634087 0.003016602387411949 0.10508782570931195 5.328539392893533
0.06691724091255472 0.030645139132973932 -0.9972877589260197 -6.974887706146298 -0.007726781204553628 0.9995141586555999 0.03019509054861087 -0.0268744743317123 0.9977286523625477 0.005685251502248023 0.06712151956439286 5.32666609526782
0.03203186324789943 0.028509061360381366 -0.999080131273404 -7.4444965364205125 -0.006556897559008933 0.9995776004323568 0.028313032367406586 -0.01881743954806506 0.9994653826929142 0.0056439462345102675 0.03220526552919689 5.318953044038145
0.000846229031970049 0.025959524995707542 -0.9996625943116596 -7.885701080823413 -0.006608066984950069 0.9996413135029647 0.02595337714685247 -0.021111556675433955 0.9999778506807332 0.00658387424794791 0.0010174693133680735 5.316955525761336
-0.026511134426542862 0.02352207713688306 -0.9993716962400035 -8.402165314304767 -0.006778028514956095 0.9996959124269506 0.02370951298054365 -0.011552352484419628 0.9996255811895537 0.007402335323712747 -0.0263436378788947 5.264775901956116
-0.04764888477404686 0.021700524936103516 -0.998628352675752 -8.891524032324238 -0.006620820361485029 0.9997351558575717 0.02204048277638039 -0.0011928128465066292 0.9988422462557961 0.00766194274745079 -0.04749258843841164 5.2439962233434265
-0.06402489025630875 0.020562683583200476 -0.9977363907470643 -9.440834783965782 -0.0073577221029669905 0.9997507947783215 0.021076343829284944 0.014054366106881442 0.9979212201427919 0.00869047711113023 -0.06385763887910799 5.183377674888439
-0.07700156620944273 0.020866034418400847 -0.9968125618858972 -9.986499015971777 -0.006295792511285909 0.9997508734234598 0.021413876023735182 0.017920726011965392 0.9970111363077256 0.007924626456332564 -0.07685101332222763 5.124600358907682
-0.08689376319266502 0.021909849584196145 -0.9959765803910746 -10.544820019186215 -0.007180233798143949 0.9997183819441127 0.022618599587183888 0.019312022480506424 0.9961917496959863 0.009116759366603396 -0.08671197297137027 5.066116839962071
-0.09376508791859262 0.02308660984374781 -0.9953265962127911 -11.115834199216868 -0.008514193486717999 0.9996759519163992 0.023989574255621114 0.025074850508298475 0.9955579846013975 0.010723787219228044 -0.09353813813324169 4.995457994929282
-0.09829902235527725 0.023785800848695623 -0.9948725819713975 -11.70433101131858 -0.00855447248510646 0.9996571837954498 0.02474542158817631 0.03097140900459951 0.9951201972849871 0.01094306034038303 -0.09806184735413236 4.926693993660271
-0.09968564001016926 0.02495901345130831 -0.9947058546759274 -12.310420130064545 -0.007095157681374894 0.9996421021353119 0.025793921258686035 0.04057967421732013 0.9949937264790043 0.009628877869788442 -0.0994728730720322 4.861493542775406
-0.09873999402416843 0.02730958198290563 -0.9947384162688588 -12.922499366595561 -0.005545912535294283 0.9995927246460935 0.027993350644436896 0.05218994287673291 0.9950978546195146 0.00828079493418399 -0.0985483215803318 4.807143452953711
-0.09731117567607754 0.02902204843575512 -0.9948307254295518 -13.571945937265129 -0.006497831296207198 0.9995349135419558 0.029794878597012207 0.06701654077452061 0.9952328356381674 0.009363616314055311 -0.09707733566645275 4.739931853680238
-0.09558093766604574 0.02957732692782146 -0.99498210160894 -14.224329579598741 -0.005412968593181354 0.9995282380270296 0.030232451867942316 0.06907161081324559 0.995406986115276 0.008275452368668178 -0.0953757435472356 4.665648251273418
-0.09396704219950705 0.027829884420646996 -0.9951862182114616 -14.878529831548857 -0.008242340397006434 0.9995532182272338 0.028730258503181193 0.07498601174621243 0.9955412310441755 0.010902360439371633 -0.09369567453187917 4.596036942265752
-0.09252274047933011 0.027381516547838658 -0.9953339697934227 -15.577399313585518 -0.00932950870513658 0.9995540984056975 0.028364848464575123 0.09177063244186147 0.9956669054887839 0.01191036992623065 -0.09222602681940363 4.530544217071232
-0.09091016722012737 0.02913120745048733 -0.9954328860362281 -16.256973019605983 -0.009456427301854172 0.9995017400722277 0.03011390997654334 0.10856489448368087 0.9958142404210127 0.012150898792764426 -0.0905893916555687 4.462591895755623
-0.08907056100674823 0.032772883473351326 -0.9954859565053197 -16.98799745986589 -0.009457970787581465 0.9993856373919082 0.03374751186440977 0.12256849702808961 0.9959804545884814 0.01242118639315715 -0.08870587288393808 4.3882728786515
-0.08722854755174268 0.03426541981168355 -0.9955988036341341 -17.70282033641412 -0.01051710225015432 0.9993208912070313 0.035314967815357416 0.13862818764419355 0.9961328500999473 0.013551287270933677 -0.0868089354279358 4.317204441572324
-0.08515893261254089 0.03430017549918142 -0.9957767673651833 -18.457643340063353 -0.011721716644192184 0.9993036247402338 0.035424101086117675 0.1503450003082929 0.9962984701271167 0.014688891270905488 -0.08469757157411768 4.247378052545249
-0.08356866689737269 0.032188421619528826 -0.9959819775806062 -19.214472931560252 -0.014381980281750226 0.9993351153927915 0.03350351915039693 0.15847845342355588 0.9963982740839455 0.01712403716946296 -0.08305016860557933 4.175543933313737
-0.08226745946055046 0.031248878025463635 -0.9961202181228404 -19.96685430041571 -0.015433806997299153 0.9993484979621257 0.03262479481616434 0.175849962073153 0.9964908162007232 0.0180578857716755 -0.08173157136418414 4.1072307639121055
-0.08059135418331856 0.032838835572091135 -0.9962060834500753 -20.76377496728937 -0.012825706415461591 0.9993402221258694 0.03397972483511323 0.19667572230643637 0.9966647475278241 0.015515518337400766 -0.08011699899989691 4.050300832530395
-0.07914817757820594 0.03529243939282506 -0.9962378861917006 -21.54549275572167 -0.01081422507140042 0.9992838940773724 0.03625950313262879 0.21159849360174 0.9968042448842335 0.013643413822317681 -0.07870983718914064 3.975889596922641
-0.07815614409246138 0.036542447083702266 -0.9962711392311993 -22.352906588463792 -0.010160377884644491 0.9992468986325469 0.03744866198427255 0.23291257606212157 0.9968893960569817 0.013049333763008198 -0.07772599799463578 3.90941620623464
-0.07752435013252942 0.03206886588443162 -0.9964745250753826 -23.15064937887301 -0.010021057534350968 0.9994069972795205 0.032942862521188054 0.24300476202708854 0.9969401374500054 0.012539602039806592 -0.07715701250434881 3.842928707908544
-0.0771374772569072 0.026657611075921753 -0.996663984253291 -23.94450803367259 -0.007969336225338877 0.9995940753744555 0.027352772340683774 0.24031288941199824 0.9969886576106033 0.010052673687675828 -0.07689372026217596 3.7781896722835393
-0.07724825605446299 0.0216358244090689 -0.9967770634237672 -24.76498373053236 -0.0052631390191767 0.9997417332537081 0.02210805636182252 0.25213970826168397 0.9969980393287092 0.006953984436551214 -0.0771144315195749 3.7260954583136194
-0.07762610416704692 0.022446990907432653 -0.9967297711448769 -25.601891503477557 -0.006411580882253305 0.9997145933775615 0.02301354857144574 0.25889676513980553 0.996961967027266 0.008177065069562575 -0.07746002693768184 3.6529453590565195
-0.07787058072399437 0.029308007368984167 -0.9965325531610095 -26.440058644394924 -0.004953015301988825 0.9995440981332774 0.029783611504771365 0.2757433974737023 0.9969512146595061 0.007255107490716244 -0.07768991484415431 3.5817998970679117
-0.07826422252666285 0.035823761637861724 -0.9962887562037915 -27.295290959576494 -0.006947424662766434 0.9993103004796456 0.03647816646602735 0.29526178739420894 0.9969084857055401 0.009776575840540268 -0.07796135931699104 3.5050214532374144
-0.07838610488495121 0.04165198867113039 -0.9960525320366378 -28.133142102467314 -0.008235180581302015 0.9990656687198401 0.042426069370362834 0.31262925964533417 0.9968891033955565 0.011528286250160842 -0.0779698531190442 3.4321070052824236
-0.07871426607205136 0.041702222176480605 -0.9960245504821381 -28.965142768382847 -0.009485324284703901 0.9990481002041166 0.042578422715211575 0.32994872573221057 0.9968521339911401 0.012799144633294563 -0.07824377734972682 3.3574229570313925
-0.07929489508637534 0.03848469699368117 -0.9961080081467895 -29.822519539719327 -0.010130813567809241 0.9991717850025816 0.03940952496277922 0.34348925956635895 0.9967997644087377 0.013216358163953707 -0.07883933904702715 3.2826016784338155
-0.07944410590775339 0.03682691421166977 -0.996158786845315 -30.6373434982113 -0.01040592166056209 0.9992322616555619 0.03777041237829057 0.34514430069809166 0.9967850495089932 0.013366586435499718 -0.07899989410965244 3.2046525188444352
-0.07972501220821956 0.037177309684989716 -0.9961233288407486 -31.477063665592137 -0.011242216757706662 0.9992071707942565 0.03819217704740176 0.3685895271760591 0.9967535397884455 0.014243505675600862 -0.07924384698877852 3.129863374887041
-0.07987637099028451 0.03883391294048233 -0.9960479952071257 -32.32965808614216 -0.011526016713271359 0.9991380488113791 0.03987869539034295 0.389549622121032 0.9967381804587573 0.014665830828658829 -0.07935991960036998 3.0540399255406685
-0.07941196050030569 0.03741089813455343 -0.9961395893215736 -33.15351586108672 -0.012162539452427174 0.9991847770817299 0.038494855194507197 0.4062091477454326 0.9967677248270479 0.015172538507516932 -0.07889220899824075 2.9799308607102386
-0.07886225316370654 0.032369440557059204 -0.9963598147812867 -33.9959578582649 -0.012986016625722692 0.9993545299824038 0.03349457837611856 0.4120631205444491 0.996800979382322 0.015580202583403596 -0.07839099832333307 2.908732569616347
-0.0789645325978098 0.029785612989329982 -0.9964323037794297 -34.81516360122829 -0.015107550992927878 0.9994029792241418 0.03107164360515556 0.412854211749048 0.9967629851632853 0.017507209238616053 -0.07846739993727157 2.8365187366794076
-0.07818648973925249 0.029630234191554722 -0.9964982881053825 -35.658742826838335 -0.014116978713261317 0.9994251031286031 0.030824895145162002 0.4343847577618547 0.9968388374461511 0.016477635032622607 -0.07772324965847383 2.7591881198881487
-0.07747007780527389 0.03184642645843507 -0.9964858796351973 -36.4923741685778 -0.012835198493407878 0.9993750234528563 0.03293660855816523 0.4429057067177719 0.996912096847172 0.015341695228098992 -0.07701290409128358 2.691302936161784
-0.07737613786053527 0.03691820094765558 -0.9963181700044588 -37.319548049679945 -0.013293514918539482 0.9991871466646577 0.03805691001462666 0.4569749193845778 0.9969133863418064 0.016189266724659843 -0.07682246822621805 2.62751433796041
-0.07665048577526802 0.04188569912804105 -0.9961777990849922 -38.175556661070985 -0.01109964271346266 0.9990194611592113 0.04285923634533638 0.47594973583069 0.996996281381253 0.014342398446678816 -0.07611040917375203 2.555525095459649
-0.07662939196056995 0.04462288246403373 -0.9960605658313443 -39.00660766645964 -0.013125555330472133 0.9988663036342941 0.045758357109572156 0.5048710819383104 0.9969732896172637 0.016580282705676797 -0.07595681585675071 2.488561822578917
-0.07647820606111634 0.0448167944508246 -0.9960634794464278 -39.82962797771628 -0.012483148948709236 0.9988679736691471 0.045901439543971884 0.5180931749813427 0.9969931489821288 0.015944468069475474 -0.07583217446965491 2.4229218108622943
-0.07637104066128991 0.04097216794084718 -0.9962372517365563 -40.653611773346185 -0.012659739367347319 0.9990349740785388 0.04205771696916493 0.5331772585015377 0.9969991370487218 0.015824095109604457 -0.07577864213213986 2.3564985989085034
-0.07586740973267062 0.03722919822603996 -0.9964226207142107 -41.48225314389515 -0.013247241926851634 0.9991769101183916 0.03834074680522521 0.5396075764751628 0.9970299548436931 0.01610866421554882 -0.07531177831202085 2.280115218421643
-0.07580879918868053 0.03411175950582709 -0.9965386745902254 -42.29323374011522 -0.01717311002638497 0.9992217594485914 0.035509995113211054 0.5568713797718674 0.9969745204315295 0.01980563801853661 -0.07516399518049376 2.21060173000505
-0.07622202049440846 0.03225925942189552 -0.9965688435333612 -43.13786463717529 -0.020120136797728734 0.9992232236634946 0.033884058456438465 0.5718206485647639 0.9968878912958082 0.022633812541123073 -0.07551375079303245 2.133576024347862
-0.07649588988991884 0.030028861924376433 -0.996617560757512 -43.96114047003017 -0.01812300553895221 0.9993393749314811 0.031501911177960654 0.5838878037612012 0.9969052209833276 0.02047147194450246 -0.07590114002942594 2.0723671840943623
-0.0779473510516164 0.027126245240328355 -0.9965883269581134 -44.7666547427628 -0.015154355470619099 0.9994820342393602 0.02839029344995138 0.5867659393993117 0.9968423346162701 0.017315601516670148 -0.07749589470274243 2.001819158639443
-0.07839669697485269 0.026082833726520694 -0.9965809349167158 -45.61488392981388 -0.01112235176930251 0.9995725805589342 0.02703607762721362 0.588586668632836 0.9968602385993445 0.013203862411717476 -0.07807308472346788 1.9435693321909708
-0.08027529178755903 0.02882024905677779 -0.9963559539420497 -46.41733197985769 -0.010885667179479967 0.9994969576859206 0.02978814915406057 0.6026231526487187 0.9967133308339292 0.013237251172725647 -0.0799211807527183 1.8678726434142272
-0.08214588589731338 0.03449776830521878 -0.9960230286656687 -47.24887370643082 -0.0076460215797169405 0.9993495027077498 0.035243577831252856 0.6149352220087058 0.9965910273758828 0.010510727937010488 -0.08182867801281508 1.8020067714842884
-0.08379194949545046 0.03816976785483246 -0.995751924062309 -48.08036441291518 -0.006421451225033507 0.9992246829777774 0.03884324741671916 0.6300969255119506 0.9964626225833342 0.009648923261589537 -0.08348187734089646 1.7272495437932234
-0.08550647906467596 0.0378390675683999 -0.9956187841148303 -48.8775998473047 -0.005875357875552396 0.9992420452209996 0.03848136184508523 0.6385157698546786 0.9963203331397746 0.009140021838950348 -0.08521934942955849 1.6538582484613569
-0.08635752269316278 0.034096584079286264 -0.9956805298460868 -49.67900597470457 -0.008606197210848395 0.9993513505515182 0.03496872188025321 0.6425946522907773 0.9962270803647096 0.011588834657115682 -0.08600806348028642 1.5746726183249755
-0.08781783665711275 0.030864021289374516 -0.9956582526447703 -50.47397538821822 -0.013173934020387508 0.9993964923270061 0.032141851132545425 0.6478465420653452 0.9960494761879172 0.015939363513205913 -0.08735823581282565 1.4912721224479006
-0.08948024086352087 0.029039890077980357 -0.9955651096784361 -51.24459566628125 -0.01772479968375888 0.999370121769933 0.030743962257520602 0.6622914852959711 0.9958309103120985 0.020397168932024982 -0.08890915144797461 1.403025207077795
-0.09057595550927003 0.029871321731521586 -0.9954414180507777 -52.06428060653285 -0.01875942575979672 0.9993215351695749 0.031694689142064116 0.669354722910531 0.9957128924418294 0.021544685798839305 -0.08995413254146911 1.3230637167641996
-0.09133611228640114 0.03158083695319121 -0.9953191858366384 -52.84001755325984 -0.019343565489565683 0.9992521549570509 0.033480700648886655 0.6792991775502517 0.995632273985602 0.02231101856712721 -0.09065691951471631 1.2401898634246415
-0.0921423424672637 0.031353713453936366 -0.9952520533791809 -53.63927249172302 -0.01892411192511805 0.9992684794652696 0.03323227289517976 0.685238244061203 0.9955660453414074 0.021896360393017147 -0.09148159574400143 1.158048930942621
-0.0926083414715772 0.031321674637360915 -0.995209809122645 -54.41959974184744 -0.01958915153366423 0.9992543477504721 0.03327181499985695 0.6903111945970598 0.9955099417631447 0.02257656304817695 -0.0919257212978341 1.0817355276694203
-0.0931594258939475 0.03238467748113901 -0.9951243492291981 -55.198623113963286 -0.020013042828036492 0.9992080512121346 0.034391111338572415 0.6998526730112391 0.9954500908598748 0.0231193221030645 -0.09243753093736229 0.9997980148723007
-0.09349843211531714 0.03533509984607288 -0.9949921559081628 -55.96936818243799 -0.019112770695013874 0.9991221494633135 0.03727777446959417 0.7134274480900136 0.9954359994963278 0.022502470065037406 -0.09274100128076924 0.9306577398184828
-0.09353477047017483 0.03964771122748417 -0.9948262270988127 -56.73296062250288 -0.019582715890533366 0.9989402167415468 0.04165285860926024 0.7313385719785157 0.9954234515297942 0.023377389629277767 -0.0926592324966771 0.8520022192544427
-0.09408072797115476 0.04167371848145043 -0.9946919293137066 -57.50841904802996 -0.019554816214246897 0.9988534064664457 0.04369761509432565 0.7439112338484837 0.9953725481866065 0.02356212100246746 -0.09315793218598559 0.7688020356380609
-0.09479587750691139 0.042046386969387735 -0.9946083447233166 -58.265024453140164 -0.018936024072288015 0.9988507099011269 0.044030515905881036 0.757581434817564 0.9953166594036438 0.023007838635709828 -0.09389073662274416 0.6981574528394816
-0.0949965314002171 0.04004624311193374 -0.994671741770631 -59.00098606213392 -0.018712686815843007 0.9989421341308534 0.04200533325296241 0.77187769493767 0.9953017523634292 0.02260334142640951 -0.09414666348159965 0.618772360252239
-0.09510775696737353 0.03686433785067851 -0.9947841231132392 -59.73945168944189 -0.01685381387666222 0.9991112084699342 0.03863602046971913 0.7763066945639033 0.9953243428178342 0.020440491341992117 -0.09440191978483668 0.5379119440150031
-0.09497410919648884 0.03362342731807862 -0.9949117046997945 -60.44400410521378 -0.01710350730651538 0.9992267869441708 0.03540195344054478 0.7858295009923315 0.9953328450851181 0.02037874824232443 -0.09432559391571864 0.4614284171347979
-0.09367243885388334 0.03162976730124219 -0.9951004715226764 -61.16877908342132 -0.017054965143252464 0.9992975850301704 0.03336861903189262 0.7900791315461155 0.9954570238171989 0.020097123417373724 -0.09306719582686986 0.38994947313542794
-0.09140301285425267 0.031090748585253184 -0.995328473901323 -61.86270626135373 -0.017053859254238392 0.9993170387724541 0.03278142650511232 0.7920171415402781 0.9956679863596957 0.019970512487087918 -0.09081036936471537 0.32306290290727374
-0.08720124129477894 0.03165798488592893 -0.9956875171486518 -62.53534848612275 -0.01805807024463798 0.9992804586236624 0.033353727453919034 0.8046721855132807 0.9960270747363325 0.020888681212461534 -0.08656681275300397 0.2614645555235693
-0.08160002366819621 0.0328829922927378 -0.9961225131300228 -63.20319975955155 -0.019054835131265154 0.9992214330232907 0.03454621644005919 0.8172583596389662 0.9964830321977969 0.02179992200394728 -0.08090991106128596 0.2023453323991562
-0.0744637364188825 0.034233731658862225 -0.9966359012604872 -63.84015607342101 -0.019732748574045333 0.9991643222404494 0.035794913348822795 0.8236936486026807 0.9970285124997373 0.02233178832725725 -0.07372598158360671 0.1486598820701981
-0.06572307399749042 0.03558263684438603 -0.9972032237665709 -64.48098930016903 -0.02064246702958604 0.9991016386448438 0.03701086651422665 0.8316556887081992 0.9976244034373223 0.023017202273490866 -0.06492951599157479 0.10250379498754336
-0.053744513303226375 0.037532242405658986 -0.9978490737201209 -65.10563105099673 -0.022770960120983223 0.9989874504591855 0.03880151072552701 0.8318477836387259 0.9982950941478947 0.024807349492701164 -0.05283544759667334 0.06855814552534167
-0.039046564036446095 0.03888579124178267 -0.9984804338566112 -65.69558864842712 -0.02451659180030034 0.9989044166978103 0.03986104700980722 0.8413325660820679 0.9989366281144962 0.02603577388261364 -0.03805043667199405 0.047737362798032035
-0.02038744122515628 0.04047487618311936 -0.9989724982378815 -66.29439413491687 -0.02671647115615895 0.9988013562251578 0.041013181064906264 0.8492817375014101 0.9994351739340418 0.027525173520380496 -0.01928165655263638 0.04014215578788566
0.0012717404254463755 0.041018752622868374 -0.9991575251872631 -66.84796435672251 -0.027673638291197747 0.9987771523148073 0.04096791197897147 0.8600346265333341 0.9996162448195186 0.027598223164555066 0.002405324935039624 0.04759997687161094
0.0273021719703982 0.041224305178621495 -0.9987767836802577 -67.402407858753 -0.028285442788245144 0.9987810709435587 0.04045128069012602 0.8700150905411043 0.9992270059973314 0.02714643550709197 0.028434941815887987 0.06846778396062497
0.05615504424834483 0.04120493952670963 -0.9975713907645932 -67.90896324587618 -0.028821533710596824 0.9987985421680106 0.03963321107666094 0.8763504219850582 0.998006019186694 0.026525932488667768 0.057275167412961514 0.12142907371752681
0.0906871107881263 0.04129895641820386 -0.9950226933178737 -68.4113294496258 -0.024734067073369892 0.9989249548482754 0.039206639108219546 0.8733899047476156 0.9955722763911482 0.021055420846121435 0.0916111107327061 0.1687121307056021
0.12792037902783837 0.041210063072269834 -0.9909278601604157 -68.8797960455798 -0.025218922816626327 0.9989484620349722 0.03828806833212553 0.8879934954652852 0.9914637993750198 0.02009230862536694 0.1288251408116487 0.252083405997245
0.1679507049752457 0.041351726231509435 -0.9849276689617023 -69.32899264889497 -0.025660690486393228 0.9989646497102357 0.03756537825040812 0.882962367097884 0.9854614003143475 0.01896479190117083 0.16883793252189733 0.37277292654742245
0.21355985478883982 0.042155671015907926 -0.9760199828265492 -69.78484719250471 -0.0228331742380434 0.9990110224607496 0.03815263020916537 0.8892243373089921 0.9766631532365636 0.014137763665023654 0.21431119816721472 0.48128598776416065
0.2599410356377801 0.04062099206868364 -0.964769668798553 -70.20275321709013 -0.02026116937885273 0.9991242702772705 0.036608435986378696 0.9059209144852562 0.9654119438878264 0.010031326338622897 0.2605364278269201 0.6702824780327741
0.31057079252290193 0.03641234747262695 -0.949852539601309 -70.61900380549996 -0.012383612271357035 0.9993362203025316 0.03426025306724559 0.8905032843379859 0.9504696233298634 0.0011223708855589625 0.31081555978633624 0.8190367264995767
0.3602796181652932 0.031012097979175885 -0.9323286826356781 -71.00517216632677 -0.006639190556236537 0.9995071748788313 0.030681077313936073 0.886568633572083 0.9328207710498255 -0.004863859870020618 0.3603079599772295 1.0581380181576119
0.4129085041615469 0.026451945706884757 -0.9103882639199083 -71.39332038658713 -0.001722062383208824 0.9995990388692628 0.028262978897361162 0.8843895957580459 0.9107709213709673 -0.010102279877117946 0.4127884971983837 1.2607897915428432
0.46237275897199387 0.02521357579074562 -0.8863270504076679 -71.75428645510416 -0.0016904963685977327 0.9996188723969311 0.027554530554777808 0.9009107510281145 0.8866840698887815 -0.011242132580812973 0.4622391607690144 1.5424044077621768
0.5113281500244011 0.023324271479970564 -0.8590689368502995 -72.11694455219086 8.084121393245238e-05 0.9996303151571501 0.027188719446591583 0.9160686215397085 0.8593855817951529 -0.013971806751433224 0.5111372355136429 1.7753786457338534
0.5563239476842111 0.019013173126141873 -0.8307479192944135 -72.45542918997035 0.008086756739506162 0.9995669804123416 0.028292331233476815 0.9257871649683312 0.8309261864032846 -0.02245775883957541 0.555929294887488 2.0509813818221643
0.5994127164078987 0.012660248515477021 -0.8003399644082296 -72.7701466062309 0.018405668619816067 0.9993925329125163 0.029593859041261848 0.9072426723183146 0.8002285174839862 -0.03246972887879832 0.598815573801647 2.3868195572523314
0.6420517662476485 0.00791550486831428 -0.7666203909431408 -73.06997955734046 0.020043707381657783 0.9994315925607112 0.027106116691250473 0.9042584026066991 0.7663992616029544 -0.03276944613802682 0.641528164361688 2.6632132789564533
0.6828541939462103 0.0025914176608988412 -0.7305500588566349 -73.35403914533914 0.017338513100977324 0.9996545474744443 0.019752510183505656 0.9245625197197374 0.7303489372400783 -0.026154737276567433 0.6825733700328435 3.0094259288680245
0.7235577699112777 -0.003628780054667352 -0.6902542607841928 -73.61673750533498 0.013805564918774283 0.9998622335829973 0.009215216701413138 0.9108027067732392 0.6901257852685384 -0.016197092512825775 0.7235081863669945 3.2974538339967285
0.7621880079291661 -0.006809400794824068 -0.6473198872801195 -73.87329597076015 0.00991828739739873 0.9999501403726927 0.001159454096610787 0.9126631297256437 0.6472797716711138 -0.007304027337691016 0.7622175441049719 3.7088255192689377
0.7994576410448946 -0.008444193401620276 -0.6006630873900426 -74.12585146796616 0.008548471141910634 0.9999598700897273 -0.0026798959457046325 0.9188733222320886 0.6006616631576758 -0.0029922883053273225 0.7994977447448726 4.072744230614061
0.8335334608145473 -0.009718609767022964 -0.5523834644903066 -74.35759197457482 0.009129105374359497 0.9999510418895985 -0.0038174925917810196 0.9138183252526018 0.5523935682443119 -0.0018607595102328 0.8335813756497029 4.493216413304258
0.8640231436103084 -0.009879701515167153 -0.5033551199036219 -74.59135492043534 0.007425601982167702 0.999948758685719 -0.006880438176357571 0.9136147068567229 0.5033973465410457 0.0022071426970667355 0.8640522334301823 4.994357165007102
0.8902986539628496 -0.008024274107878942 -0.4553063799733122 -74.78258783213799 0.006152785832845318 0.9999654344666559 -0.005592234878207136 0.8949746522039055 0.4553355541691571 0.0021773562263423694 0.8903172526517631 5.441666595330557
0.9117278233162341 -0.0031686277271705983 -0.41078257163575693 -74.99790211994716 0.0014335582103977484 0.9999887038653968 -0.00453178226068419 0.891371260577313 0.4107923256239162 0.0035428709919535055 0.9117220673567766 5.96582856394378
0.9293932647552827 0.0016929306274642052 -0.3690870918541642 -75.1785230510011 -0.003985486561507223 0.9999772113524298 -0.005449099043446846 0.8819474765429672 0.36906948709557663 0.006535347426525187 0.9293788328563154 6.450569945799635
0.9430436684227538 0.006030865221668817 -0.33261427851413516 -75.3562199580443 -0.00808279255222118 0.9999558813080597 -0.004785803968096966 0.8827376962445264 0.3325707695670348 0.0072016742141013616 0.9430508093106215 6.991410584371522
0.9532249121939791 0.006818481750513647 -0.30218498789334614 -75.52211084362986 -0.007940580799093874 0.999965385520515 -0.002484945599720893 0.867727813748814 0.30215760989140117 0.004768236209775276 0.9532460599772803 7.568345772621347
0.96077584970263 0.006370394599330566 -0.27725291303165633 -75.66735939531127 -0.00685486873470381 0.9999762023396779 -0.0007781665936335488 0.8547395198038172 0.27724138125926207 0.0026481758197127656 0.9607966541283757 8.11817222629485
0.9666414321349084 0.0067456150820320755 -0.25604459069619195 -75.81776843941236 -0.006643875297112245 0.9999771324510546 0.0012623428458110632 0.8460027451273102 0.25604727250014736 0.0004808952329705659 0.9666641448321699 8.720401202256816
0.9712807905842177 0.00853600973571718 -0.23778300450233622 -75.96445464684356 -0.007955099688047463 0.9999625690207394 0.0034024936023506723 0.8416555410304607 0.2378031678670538 -0.0014131893970755953 0.9713123397659144 9.325457728697982
0.9749168766893171 0.013778037043493303 -0.22214239736252422 -76.1092635022627 -0.012894028001433768 0.999902128448621 0.005429327412314826 0.8338624328280042 0.2221954801941446 -0.0024288328689894873 0.9749991147982949 9.953066841946526
0.9779052257313762 0.017067362667001262 -0.20835083535426133 -76.26949654561405 -0.01602133544388333 0.9998491540820148 0.00670715534488389 0.8325493606135979 0.20843389754994612 -0.003220903883019621 0.9780311549820944 10.597576851640426
0.9806001705908622 0.016226094979475185 -0.19534588738496111 -76.38661502949837 -0.015175036851844969 0.9998612097640065 0.0068760092639610585 0.8196636840733855 0.19543036258011473 -0.00377823506193008 0.9807103047509481 11.24273090133492
0.9832023404712057 0.01627948325601579 -0.18179145471533384 -76.50062913966741 -0.015385760959632719 0.9998616238777237 0.0063254640049747604 0.8154167880605442 0.18186928977537012 -0.0034222113742966537 0.9833167612609232 11.922852197440832
0.9858090765072036 0.016103113937236617 -0.16709623497694703 -76.61977648631613 -0.015205999878490771 0.9998622881792324 0.006646975439151149 0.8138314461418601 0.16718027498341512 -0.004011783616980733 0.9859181831495676 12.625869879619268
0.9880881826753087 0.016777843880320515 -0.15297138607696195 -76.73023294024686 -0.015880577455213 0.9998487892201418 0.007085618869942495 0.8150311853941326 0.15306714949971212 -0.00457194255403357 0.9882052151750046 13.325045405263612
0.9899611989394698 0.017096769835098415 -0.14030154358806735 -76.82810161761196 -0.01660967155199516 0.9998512736901548 0.004642128266711778 0.8020256073510335 0.14036005431812165 -0.0022651644786034837 0.9900979376103672 14.045665295707236
0.9914397769252727 0.0195285470775154 -0.12909609955048112 -76.92707522298497 -0.01975597467613036 0.9998047159038437 -0.0004812260829849509 0.7919577827701642 0.12906150239222808 0.0030275258941198716 0.991631970183479 14.772990330763445
0.992675196973087 0.017255778302478278 -0.11957503917062975 -77.01595816841159 -0.018185229769555646 0.9998122793911505 -0.0066860637245367135 0.7716828000639142 0.11943722932322949 0.00881158925049369 0.9928026518559485 15.523079554270037
0.9936534920014476 0.017845519643850095 -0.11105977670344776 -77.10770456983226 -0.018732617947509907 0.9998003791673818 -0.0069491650576021 0.7608447853455995 0.11091360476142431 0.0089855025658902 0.9937894315344723 16.270225338532132
0.9943472967741172 0.019217441857784148 -0.10442290070291407 -77.19224982382615 -0.019429734052641638 0.9998107086584173 -0.0010160427266099554 0.7506627287192704 0.10438361742753378 0.0030392084888773824 0.9945324653843713 17.045344694537647
0.9947709229910536 0.02321758301572264 -0.09945729511101879 -77.26925821993225 -0.02272180512538765 0.9997231258811184 0.00611483597304879 0.7522292076841418 0.09957173808828036 -0.003823011920872829 0.9950230422180778 17.81768805440968
0.9952128450658108 0.022452208454248813 -0.09511724540419207 -77.35416821962028 -0.021540997679441343 0.999711813665977 0.010595994374232122 0.7439544375576006 0.09532774544997592 -0.008496349606886291 0.9954096814417267 18.59106054858539
0.9955722951401647 0.021968148381160332 -0.09139586803686559 -77.43071620911051 -0.02113534076501329 0.9997259073472677 0.01007013451142368 0.7196462828260506 0.09159204705567998 -0.008093864363046481 0.9957637205321399 19.3539029134033
0.9958498653170864 0.022114707383210336 -0.08828354662535894 -77.50692045932317 -0.021379134007537024 0.9997284727141135 0.009268955439931267 0.7080267716869924 0.08846456295150908 -0.007343062485921512 0.9960522583351321 20.122953155767995
