1.0 8.809142651444726e-20 8.673617379884037e-19 -5.551115123125783e-17 -8.809142651444726e-20 1.0 1.7347234759768075e-18 0.0 -8.673617379884037e-19 -1.7347234759768075e-18 1.0 -5.204170427930421e-18
0.9999794550778889 -0.006408415420616619 0.00014708475547327234 0.09541866346451527 0.006408358687977905 0.9999793929135821 0.0003829975327017847 0.002999869553847863 -0.00014953613177962977 -0.00038204709217670035 0.9999999158394788 -0.0024327168331376575
0.9999116838631014 -0.013288705767084729 0.0001864754491120405 0.1935613395692795 0.013288636030439827 0.9999116335898948 0.0003703566368139109 0.008382788729214146 -0.00019138053132153684 -0.00036784592397461004 0.9999999140314305 0.0008532961851901522
0.9997792420869972 -0.021009893171742542 -0.0002268939430040015 0.2883254535027639 0.021009965341928224 0.999779214937747 0.0003205226874915232 0.016482180371712094 0.00022010970078735384 -0.00032521896345077 0.9999999228921698 0.0006337166491895337
0.9995476029083847 -0.03006817455375403 -0.0007031351981355123 0.39930654518712316 0.030068808050045776 0.9995474183404172 0.0009084445259319909 0.02779709277534578 0.0006755017034625034 -0.000929175985576533 0.9999993401645005 0.0015638383989465307
0.9991329703766844 -0.04158214978226601 -0.002057261711270397 0.5102785124190732 0.04158356855097768 0.9991348167718718 0.000651721416184231 0.04934986209382216 0.002028381825397852 -0.0007367046378081644 0.9999976714640125 0.0036189228176827523
0.99846204332573 -0.05525848277640386 -0.00447751259718065 0.6374690307253112 0.055261330370516656 0.9984717925257652 0.0005146805473280906 0.06392131325221745 0.004442229562803779 -0.0007613222938161605 0.9999898434408603 -0.0068538357279122495
0.9974357926282558 -0.07141668572912942 -0.004636440823522574 0.7773654518430823 0.07141970028035173 0.9974462334202735 0.00048769619016175014 0.08367545641480098 0.0045897707903545075 -0.0008175788499793352 0.9999891327254092 -0.0025278310209789026
0.9959488154242235 -0.08978805653687816 -0.004905299013930509 0.926832752721659 0.08978672090620583 0.9959608940208273 -0.0004922703985674245 0.10182391637315374 0.004929685993731716 4.984540679637154e-05 0.9999878477818811 -0.0023289207199299776
0.9939443604341485 -0.10977878839135781 -0.00481933402839073 1.0885836080152562 0.10977596380421452 0.9939559947057575 -0.0008475608203580725 0.1274609327830924 0.004883250147955307 0.00031338125965880645 0.9999880277584221 0.0030849898824509138
0.991239045152585 -0.1319820719712994 -0.005088029397934766 1.2497295436218672 0.13197879032296045 0.9912520590496003 -0.000976900617073514 0.16685810081539743 0.005172452984759139 0.00029683006980982983 0.9999865787209496 0.008033130666462685
0.9877418492693004 -0.15596079327780293 -0.006501550755100246 1.4300032884147154 0.1559790710196052 0.9877574375900163 0.0024028918964031287 0.21351937011299754 0.006047198187895419 -0.0033875427323147916 0.9999759776856207 0.021309561423079146
0.9833907504178794 -0.18125887685335287 -0.009372916004169136 1.6109190064144348 0.18132077575839917 0.9834042521660884 0.006233225491576962 0.27584553154361197 0.00808753800191858 -0.007829200694679985 0.9999366456658891 0.02375760992110909
0.9780179182053756 -0.20819192501613956 -0.01170786177307322 1.7826724784900825 0.20829689202567114 0.9780279166120524 0.00859064025170516 0.3355509615660616 0.00966211372677706 -0.010840511314621302 0.9998945578773636 0.02252131678297967
0.9713464891292432 -0.2373346758006352 -0.012579734452702185 1.985563365520767 0.2374567429088586 0.9713536949536007 0.009289485836331149 0.41304434177319577 0.010014654432847134 -0.012010452222733106 0.9998777203908467 0.029917493081835788
0.9632701013592794 -0.26822569116414874 -0.012872079350221525 2.1607119716791527 0.26836225111186063 0.9632620722052937 0.010386646664745624 0.4694005298052721 0.00961322034795616 -0.013459526376448483 0.9998632042155884 0.04024767277758639
0.9539861131634306 -0.2995598125971233 -0.013206610772891246 2.37698881314084 0.2997241830549228 0.9539377139189239 0.012971200992836445 0.5831032634371182 0.008712633550735201 -0.016332686243046842 0.9998286520082813 0.04337950767922262
0.9427361553545467 -0.3332418304882768 -0.014086298312564357 2.5693849479935413 0.333435570980008 0.9426555705504727 0.014872636464290972 0.6745269485249424 0.008322342973227497 -0.018717845041176125 0.9997901684275808 0.04485013649402957
0.9300950197047663 -0.3669943032116178 -0.01544136427294145 2.746221422512534 0.36722705089495117 0.929980780009643 0.016734452594959925 0.7506325755893268 0.008218723221247955 -0.02123511767980468 0.9997407275717727 0.04600422892951524
0.9165771908335952 -0.39948322896259164 -0.017303266200826298 2.9646487138918785 0.3997746137680272 0.9164107141124772 0.019278517746042327 0.899395229683358 0.008155454016775901 -0.02458765620146378 0.9996644115563477 0.04308939605802878
0.9007446972754096 -0.4339810580654836 -0.017872648673155172 3.15709990861532 0.43428403302607643 0.9005586210360476 0.01978759046114958 1.0223542683152194 0.0075079283984622 -0.025585373126373944 0.9996444466374771 0.03871567183026693
0.8822266575736363 -0.47047667743234833 -0.018105818365043918 3.33623000578636 0.4707433018613107 0.8821373245445984 0.015312883399563845 1.1116059512497891 0.008767463667494537 -0.022032626659473965 0.9997188079371736 0.03980768465335597
0.8611097193611633 -0.5081306325084384 -0.01712634019027684 3.550379487107302 0.5083331575355229 0.8610950229811589 0.010618961674413872 1.284445399142581 0.009351586587526797 -0.017849977693312435 0.999796942446137 0.05187324076263354
0.8363609262309395 -0.5479390095470122 -0.016224761655076147 3.710109910137527 0.5481358387805193 0.8363005641288483 0.012184772552103547 1.408443975305641 0.006892265121241052 -0.01908424099640982 0.9997941230208794 0.06310875906377966
0.8080235996165664 -0.5889034331496839 -0.017047254535627155 3.9257123307047412 0.589138847275007 0.8078488021778406 0.017196844225147292 1.6223251801981886 0.0036443235534976055 -0.023938655859171893 0.9997067868437692 0.0567636507728868
0.7759674356329106 -0.6305093482748919 -0.018234598302556065 4.104123465554166 0.630769886848575 0.7757297181509432 0.019306843928876306 1.814895658871514 0.0019719742189966295 -0.026483317681687487 0.9996473104061503 0.06326167056336167
0.7403607024322294 -0.6719552952858959 -0.018496254520858835 4.244303642566775 0.6722090480167591 0.7401210055117431 0.018865125620806274 1.9821945784774628 0.0010129454370447644 -0.026400347299434575 0.9996509368794744 0.056812998858519426
0.7011517910294573 -0.7128277382566786 -0.016210536945218536 4.460085319620952 0.7130112849142861 0.7010028547446305 0.014488106320605326 2.2290887211656027 0.0010361086154021132 -0.0217166574717784 0.999763628697899 0.07245202707116598
0.6588693764215867 -0.7521444586414153 -0.013032963931578578 4.615451905453883 0.7522570186096841 0.6587868333585922 0.010454001426627547 2.4478428666019254 0.0007230257940940409 -0.016691959991889316 0.9998604181111133 0.07375220037975162
0.6145693998159376 -0.7887921376150184 -0.010555398931729628 4.755825168792031 0.7888618266970161 0.6144930817752796 0.009760677771879112 2.6585477406071147 -0.0012129262653258885 -0.014325365162860476 0.9998966510209071 0.07145499870001719
0.5669399764403902 -0.8237118227815147 -0.008825878071015541 4.926741715328938 0.8237537812036472 0.5668652515371021 0.009669258113821856 2.977623439222136 -0.0029615986331191333 -0.012752239400687617 0.9999143009897418 0.07299682291670463
0.5162706535355055 -0.8563977323356243 -0.006894660863479477 5.06054562057705 0.8564108901563234 0.5161981250358872 0.009994144840265947 3.2592323458793766 -0.004999951967351122 -0.011064346335631024 0.9999262876434889 0.07864809896090652
0.4635152911446122 -0.8860664919820416 -0.0063044953615597095 5.15196773002225 0.8860654468835307 0.4634394912503989 0.01057647335648277 3.516508790747436 -0.006449706521568486 -0.010488552627028896 0.9999241929014298 0.07179220103875707
0.4093955092212224 -0.9123406903564908 -0.005457265738239572 5.283882643635985 0.9123151294660966 0.40931207912059764 0.012030229974234632 3.897744360332424 -0.008741943534208131 -0.00990386822486313 0.9999127421017442 0.07474456078402592
0.354565185743245 -0.9350173375548195 -0.005109552891899201 5.3609484300843055 0.9349545696934133 0.35446079158304344 0.014747875769974368 4.172841371580768 -0.011978383374332645 -0.010006283137070617 0.9998781888957866 0.06774326576948429
0.2996656393293234 -0.9540373515659119 -0.0036381894464707926 5.464295897273416 0.9539305075356673 0.2995688281988418 0.01658625829766561 4.580835160905287 -0.014734021789448383 -0.008440911602034053 0.9998558194125964 0.06811146605563165
0.24583183974370118 -0.9693124881943234 8.245457490950892e-05 5.533951211345271 0.9691592640344665 0.24579449054015068 0.01775920483239666 4.957962332652524 -0.017234485904675648 -0.0042858663811977254 0.9998422894861789 0.07062276575996278
0.19511746512546166 -0.9807788643894119 0.0014120800366949804 5.574200059672482 0.9806128916181396 0.19511060890981702 0.01817160100682828 5.295870833379804 -0.01809783399540349 -0.002160892837743908 0.9998338856764251 0.07980376599375974
0.1473456567688822 -0.9890843703406348 -0.0011686655709477753 5.622976858297142 0.9889137229440508 0.14729803755853046 0.018786609708589908 5.750038019873702 -0.01840939988929308 -0.003923834766615337 0.9998228330641585 0.07264839931922906
0.104900579638601 -0.9944692941656806 -0.005166367495501669 5.63406747109166 0.9943236977637118 0.10478949257177358 0.018426782465991463 6.1508156965371175 -0.017783488324406144 -0.007070021793690379 0.9998168643981018 0.05785192319624222
0.06692759248917418 -0.9977287551578756 -0.00761764364610352 5.645499631945199 0.997627407940473 0.0667934500046874 0.016679027622871566 6.628887752947722 -0.016132336767381926 -0.008715857249135695 0.999831876638686 0.05367355466602435
0.03202536569853381 -0.999459901325345 -0.007367604400807869 5.650257598346977 0.9993889001145362 0.03191804495474217 0.01425007839012698 7.097621087031584 -0.014007222413201003 -0.007819466030278983 0.9998713185561773 0.04874124352661361
0.0008481827660113268 -0.9999667222041285 -0.008113881335512035 5.659433542530449 0.99993419330419 0.0007552707764152005 0.011447210452914023 7.538252590746503 -0.011440701337525259 -0.008123056714416215 0.9999015583058765 0.05374037004149488
-0.026502451590356087 -0.9996103969419962 -0.008756391103957192 5.617227320040753 0.9996080342944629 -0.026579411810433738 0.008792760759355603 8.054647478496781 -0.00902207479800076 -0.008519929182569767 0.9999230035223029 0.04786609941098122
-0.04764132283791145 -0.9988250720880276 -0.008875794420802911 5.604334726137811 0.9988384015824134 -0.04770244034232439 0.006806225802640072 8.54411569663271 -0.007221626031818451 -0.008541226711277584 0.9999374458253492 0.04097706529210447
-0.06400607112107437 -0.997901459415747 -0.009792862480702474 5.550032049963894 0.9979304974394995 -0.06406234183398858 0.005544243762528948 9.093768911471859 -0.006159962645756294 -0.009417730866147028 0.9999366785979679 0.03018260456579215
-0.07699613268561058 -0.9969913556158435 -0.008934896683359632 5.496646170114539 0.9970107298030403 -0.07704913815734989 0.005747605311653913 9.63981165250324 -0.006418738900188482 -0.008465644481790527 0.99994356473475 0.031176797033937644
-0.0868722432531014 -0.9961687188391213 -0.010054698334502017 5.442405221910224 0.996190714481642 -0.08694198390623692 0.006719510027028677 10.198529930947952 -0.007567941115632126 -0.00943265820813525 0.9999268729394158 0.035031747272313896
-0.09371745699508825 -0.9955311335034325 -0.01161036087917716 5.3749398238167885 0.995559031411454 -0.0938116140569973 0.007848314666757698 10.769961684179659 -0.008902428290148734 -0.010823275538945265 0.9999017969166506 0.034755673924350625
-0.09824731927809406 -0.9950921207922001 -0.01179556662266632 5.308731281801521 0.9951154079974757 -0.09835054589698511 0.008514392977926234 11.358786617182275 -0.009632705782166321 -0.01090143380691452 0.9998941792611195 0.034280235261681405
-0.09965660738075016 -0.9949668125971532 -0.010469118187327134 5.2451668514166965 0.9949646710799044 -0.09975819418854749 0.009675019126473882 11.96518142609804 -0.01067070326719845 -0.009452223151262332 0.9998983906224083 0.030322425956144334
-0.0987377005699502 -0.9950716676291312 -0.009123747472315896 5.191674549369041 0.995030225946467 -0.09884389563253079 0.01203053403254764 12.577591988003507 -0.012873070305167357 -0.00789053724185471 0.9998860052440744 0.024728002314754558
-0.0972855435255113 -0.9952040954608783 -0.010214274268943693 5.125007527633282 0.9951481629220131 -0.09742126203326734 0.013756145418976694 13.227355092301577 -0.014685259748755425 -0.008826442190419783 0.9998532077582043 0.016157757232446925
-0.09557982894471544 -0.9953798276540612 -0.009137559754695494 5.051435924945608 0.9953067665960871 -0.09570429188667344 0.014322321128667565 13.879865323088854 -0.015130653222554535 -0.007725750050455175 0.9998556776451373 0.01998451274457554
-0.09390704462922064 -0.9955112804706469 -0.011779534146079487 4.982245011594106 0.9954874877985724 -0.09405379110460341 0.012591505681958775 14.53403344212871 -0.013642895788385108 -0.01054394776849338 0.9998513372296716 0.01927237185847289
-0.09244160107436221 -0.9956358463097265 -0.012798903621916708 4.917376933350626 0.9956294408990326 -0.09259726858188426 0.012155750336953201 15.233059237530922 -0.013287844290494417 -0.011619268233801362 0.9998442007632102 0.008408887071515667
-0.09081800252364132 -0.9957820213903821 -0.013048229508277377 4.850018755689536 0.9957538232384845 -0.09099781058258088 0.013918404187182131 15.912967130382212 -0.015047056973272846 -0.011728782752763841 0.999817994302754 -0.0018950901017821035
-0.08896003661368315 -0.9959460491973846 -0.013325876099255923 4.776327308108233 0.9958597764076291 -0.08918749233661155 0.01757546426282567 16.644463365086782 -0.018692715667852074 -0.011707190048317322 0.9997567324515166 -0.008326416954285919
-0.08708073373137178 -0.9960962053492348 -0.014467048823485524 4.705770628296604 0.9959949412022796 -0.08734905973211839 0.0190845189455347 17.359597323474436 -0.020273700014392805 -0.012747213529630546 0.9997132016908431 -0.017657428779084012
-0.08497753110051204 -0.9962604300540885 -0.015619690025863166 4.636482820376278 0.9961740642226792 -0.08527020114704846 0.019137046961623175 18.114569247024477 -0.020397376746311893 -0.013933711091609263 0.9996948528011358 -0.02281708168282606
-0.08333339291156995 -0.9963578765395281 -0.018070071485430994 4.5652696202264735 0.996350158907536 -0.08364181178264275 0.0170413663373847 18.871358953389805 -0.01849071309533213 -0.01658400371923642 0.9996914845840523 -0.02504740748568241
-0.08201514692331248 -0.9964496723787502 -0.019014891307317185 4.4977316518141235 0.9964752897731961 -0.0823247374006555 0.016113177319759663 19.62387235580359 -0.017621366194832115 -0.01762634472018324 0.9996893514613592 -0.036220176112549726
-0.08039305941374791 -0.9966269696196347 -0.016481487338262185 4.441798152415191 0.9965824954134654 -0.08068236629031258 0.017711171764337143 20.421129263864007 -0.018981196842338982 -0.015001306495753312 0.9997072946467145 -0.049800316924753806
-0.07898874752346209 -0.9967683625765071 -0.014615373112714422 4.368416132513524 0.9966486465505477 -0.0792750495246021 0.020172799801547913 21.2032456807238 -0.021266243054103573 -0.012972967641252279 0.99968967635809 -0.05718343872713501
-0.07800888156754489 -0.9968539909038805 -0.014026233121797108 4.303023398577693 0.9966996260841631 -0.07829832678230647 0.02142959138156338 22.011006331845923 -0.022460404276646136 -0.012308242851739223 0.9996719648953012 -0.07117286277113058
-0.07740717440420604 -0.9969077791171925 -0.013528092488731259 4.237790718250504 0.9968378569052856 -0.07763186861364228 0.01695818433770287 22.808542422501784 -0.017955956984637714 -0.012172629591876118 0.9997646776604907 -0.07591335837722236
-0.07709131383845387 -0.9969627743164603 -0.011052418644244267 4.174626889029611 0.9969473979800237 -0.07721809655981504 0.01154344942118041 23.602025478332912 -0.012361836090212514 -0.010128780326658687 0.9998722882536415 -0.06826619871691525
-0.07725776821931056 -0.996979367263123 -0.007961061574583398 4.124270509584751 0.9969858028250385 -0.07731028072073497 0.006513790002359096 24.42226914302797 -0.007109586140202926 -0.007433824487044072 0.9999470946197159 -0.07489043838328957
-0.07761717123314558 -0.9969409704072255 -0.009180209870372987 4.052660941592696 0.9969510161658827 -0.07768540107658299 0.007324604111109212 25.259405987605295 -0.008015366216125103 -0.008583704507377448 0.9999310345825613 -0.07414786588950481
-0.07788520634961692 -0.9969282415756396 -0.008244742614588416 3.98312515754239 0.9968527248226494 -0.07799660698194151 0.014183593090746176 26.098358375625427 -0.014783086468559293 -0.007114102066162109 0.9998654158966872 -0.08153342419000993
-0.07821670072629437 -0.9968783865279672 -0.01075314841755842 3.9077319647504862 0.9967049045265514 -0.07842641297972594 0.020703406479410463 26.95439735498371 -0.021482109305455088 -0.00909836361826753 0.9997278323420121 -0.09146171572583217
-0.078275456640155 -0.9968534624727318 -0.012495088791240401 3.836151180472405 0.9965541999085568 -0.07858458135502809 0.02653658263362649 27.792981828038897 -0.027435005602177865 -0.010374870089824635 0.999569748711028 -0.09965104168132435
-0.07855859232807567 -0.9968144781232522 -0.013763857573358358 3.7629009394614577 0.9965276915320793 -0.078903097966041 0.026586860309304055 28.62523957967606 -0.027588178286656054 -0.011627438893833018 0.9995517470764552 -0.10975143935860321
-0.07913608340521178 -0.9967629348531593 -0.014182101614357862 3.6897476169947985 0.9965647805150015 -0.07945278320122469 0.023364363433788806 29.482572722869232 -0.02441553891214248 -0.012284418769148 0.9996264174756158 -0.11696750562448396
-0.07928688081636143 -0.996748779258619 -0.01433393096345267 3.6133421197277182 0.9965916295922032 -0.07958651422914442 0.021705081884464225 30.297388004637526 -0.022775301472630478 -0.012564147376846555 0.999661656683662 -0.11211062618347861
-0.07953925499789756 -0.9967157111474526 -0.015208486650785386 3.5399809288847526 0.9965617831080272 -0.07986350331275333 0.022055232648127317 31.13743848486924 -0.023197399917417698 -0.01340193980144396 0.9996410699079094 -0.12818222754774186
-0.07966908872933637 -0.9966988644330881 -0.015627217885150726 3.465618985425816 0.9965107110378598 -0.08002583226841424 0.023712211127742067 31.99045103439976 -0.024884515021517187 -0.013683559753970271 0.9995966792184753 -0.1412358450414984
-0.07919562037761291 -0.9967284321120742 -0.01613958897901517 3.392737372382229 0.9965819662023305 -0.07954496558026534 0.022293117573178062 32.814419996773736 -0.023504007175419287 -0.014318906042045504 0.9996211935410619 -0.1512508575433605
-0.07866438055773119 -0.9967636160094003 -0.01655925817581329 3.322858739519533 0.9967293682165967 -0.07894833181124215 0.01725478017147407 33.65658191109711 -0.01850626288617792 -0.015147762345865066 0.9997139908643377 -0.1515325199798648
-0.07873741416001147 -0.9967239030341869 -0.01849001708197512 3.2520419172437802 0.9967655975616107 -0.07901290802596778 0.014673236961389424 34.47568901656896 -0.01608611603339823 -0.01727488018994241 0.9997213688750397 -0.1460848346774042
-0.07798503011797277 -0.9968015208067986 -0.017466058363359127 3.1759667549637927 0.9968286583878829 -0.07824160254710733 0.014521620001700857 35.319523715442486 -0.015841745298804364 -0.016278198552477342 0.9997419963959571 -0.16040467864673214
-0.0772811578008567 -0.9968755721762552 -0.016331449636297284 3.1094272101156846 0.9968476358765822 -0.0775532640682928 0.01674162714979295 36.15348261164181 -0.017955876370373162 -0.01498615463077416 0.9997264634254485 -0.16107170597655082
-0.07712967624533759 -0.9968731825837508 -0.017171805019662166 3.0469715269944087 0.996753891455843 -0.07749626937196363 0.021817609884254678 36.98127196017107 -0.023080141029094236 -0.015433278289849603 0.9996144861952058 -0.16637696704791424
-0.07643713789990361 -0.9969566707485716 -0.015321899346852224 2.976359627339088 0.9966844078700179 -0.07682797550527685 0.026789051654593377 37.83793630275343 -0.027884674257789212 -0.013223419742431628 0.9995236796153718 -0.17639475486232284
-0.0763170189992634 -0.9969290287615771 -0.017556315774232962 2.9105455005208904 0.9966080906933023 -0.07681252394376427 0.02953218126110979 38.669545637883196 -0.030790033707621588 -0.015242958304973214 0.9994096387600012 -0.19724727301807368
-0.07618921054240065 -0.9969497882862268 -0.01692110613917919 2.8463555254974624 0.9966134517333126 -0.07666804375551824 0.02972606416789839 39.492776465304246 -0.03093270148463945 -0.014598996635028198 0.9994148474362949 -0.20337412365581908
-0.07610971741442804 -0.9969577840863548 -0.016807369357548306 2.7813488519929943 0.9967314427460958 -0.07652874277661559 0.0258801578495361 40.31664424200518 -0.027087671667793977 -0.014782702007946662 0.9995237514761528 -0.21267607951200115
-0.0756203856666309 -0.9969900194923262 -0.017101412348716594 2.7062793596163113 0.996862711736756 -0.0759904973844843 0.022139969649933266 41.14512321465525 -0.023372873603202615 -0.015373527244894611 0.9996086051248154 -0.21318291970872066
-0.0754779876619923 -0.996930413070371 -0.020804443607929244 2.6378350750631565 0.9969357033634818 -0.07587549985959742 0.019029237510103283 41.956081819365856 -0.020549373169413902 -0.019304404067352142 0.999602452601007 -0.22443493191288108
-0.07583536163997696 -0.9968402453581583 -0.023633094575629798 2.5621891666613594 0.9969407132300943 -0.07625027862226198 0.017178746004826734 42.80080007688973 -0.018926495428495005 -0.022258037746265297 0.9995730926382927 -0.23264983854662416
-0.0761932195587686 -0.9968618507052959 -0.021471932881830615 2.5027155198027744 0.9969559211391927 -0.0765222355412347 0.014941177104758285 43.624080070351866 -0.01653736976587396 -0.020268154237235065 0.9996578001121397 -0.23848044599832563
-0.07774721585254316 -0.9968049547888027 -0.01830990266688759 2.434404400889438 0.9968829166574537 -0.0779740951363943 0.012020439434094244 44.42951410925731 -0.013409731679129868 -0.017318273474956042 0.999760099473939 -0.23544502189226985
-0.07828896179431567 -0.9968296293160578 -0.014196076175442206 2.3782113614981673 0.9968579529961381 -0.07844734424764448 0.010965205371574756 45.27776055314224 -0.012044086080622008 -0.013293016892426521 0.9998391049025739 -0.23049768273600413
-0.08015514614887516 -0.996681084196171 -0.014211578075555665 2.304538080309717 0.9966727326377754 -0.0803496678273767 0.01368922555806387 46.08068950192488 -0.01478568774869076 -0.013067030480387634 0.9998052991218954 -0.23667714759134448
-0.08208054014986059 -0.9965597871007376 -0.01146192228379902 2.2409892199059067 0.9964204449221952 -0.08229160706467112 0.019349117493274476 46.91292356837378 -0.02022577241446895 -0.009832707686415556 0.9997470860121532 -0.24004970002309794
-0.08375162635537092 -0.9964304702357573 -0.010582205279523953 2.16830453996972 0.9962020428683247 -0.08397677937723488 0.0230084834442374 47.74498434853616 -0.023815013495836302 -0.008615016609088224 0.9996792618740363 -0.2468420479068109
-0.0854833612070289 -0.9962887948249702 -0.010061424499396636 2.096958985561819 0.996063789776246 -0.0856929348542068 0.022663795195314262 48.54240476477277 -0.023441878195466913 -0.008084443226413407 0.9996925127880011 -0.2484948212042267
-0.0862649327488595 -0.9961936775238192 -0.012510724975142285 2.019313523970713 0.9960728999453522 -0.08649205988033426 0.0189182867118858 49.34366947188108 -0.019928355985659917 -0.010829609375484248 0.999742757007263 -0.24679693996139085
-0.08762472752967698 -0.996010921085519 -0.016856814756228383 1.9374836360150602 0.996006753139282 -0.0878897736868652 0.015682327066382316 50.13857547781744 -0.01710131066015814 -0.01541534169739834 0.9997349210736101 -0.24608064762124018
-0.08919525555969728 -0.9957862455271678 -0.021306327805315037 1.8507652851417027 0.995890370299837 -0.08950101355641694 0.013854202121654129 50.90933808076532 -0.01570276184923745 -0.019983037588948267 0.999676998574552 -0.25424848904928765
-0.09025380734271528 -0.9956658477346667 -0.022444819334345695 1.7725501598090807 0.9957796116115801 -0.09059504437150012 0.014680021594552239 51.72929046563205 -0.016649785549208422 -0.021025165638665223 0.9996402988330513 -0.25389359206602613
-0.09097317421594892 -0.9955829934391326 -0.023203119356048213 1.6912378538578077 0.995682724313256 -0.09136417920769868 0.016385947083896117 52.5053882598893 -0.018433504203144126 -0.021612263474239127 0.9995964765795811 -0.25647349374263717
-0.09179351674382144 -0.9955173975782604 -0.022782919102028863 1.6108507655660464 0.9956121023889967 -0.09217189341102278 0.016151892817536772 53.304814105569776 -0.01817943509474136 -0.021200310941938416 0.9996099514088489 -0.25553438843556636
-0.09224227185119295 -0.995460192690854 -0.023459924373672895 1.5360546331781892 0.9955699259034816 -0.09263228594740308 0.01611776152865776 54.08530270067515 -0.01821773641994941 -0.02186925622983966 0.9995948427796568 -0.25382908586608
-0.09276487425872863 -0.9953988221804085 -0.023997143697068332 1.4556383476811938 0.9955002878916274 -0.09318846130318395 0.017178110711954627 54.86462501502792 -0.01933532806676549 -0.02229563817881128 0.9995644299427376 -0.25620606497919396
-0.09308321998530951 -0.995383950703898 -0.02337316491762316 1.3879969060045478 0.9954103688614957 -0.09355827496660583 0.020125773234687498 55.63582897535522 -0.02221962466351682 -0.021392518934732974 0.9995242110191426 -0.2621709761907568
-0.09303572829837013 -0.9953676231066025 -0.024241454805855017 1.3105642568537497 0.9953074389087991 -0.09362536133269125 0.024441640045833195 56.40004184452238 -0.026598032122676418 -0.021853754515768258 0.9994073034057565 -0.27198174496292954
-0.09354899105896342 -0.995315169645395 -0.024419241298794605 1.2288830678671852 0.9952026358014578 -0.09418770796641791 0.02646487033528991 57.17591049139293 -0.02864087927562481 -0.021826331386459542 0.9993514453346869 -0.2771013745378114
-0.09428036943147217 -0.9952597431011172 -0.023859080077898366 1.159843586015512 0.995124130483413 -0.09491074097813369 0.026831253727939743 57.93277816423512 -0.028968549661600156 -0.021213085802873007 0.9993552061810773 -0.28411633008188064
-0.09452040990782586 -0.9952465557271802 -0.02345603171982323 1.081845444383513 0.9951583308204806 -0.09509717605745797 0.024827881594931572 58.668809448995745 -0.026940466021427245 -0.020995723828475636 0.9994165252143206 -0.29264971045157373
-0.0947396413056227 -0.9952742584503351 -0.021296732881299334 1.0025662176359473 0.9952231468353909 -0.09519781310224201 0.0216394173584337 59.40716851424041 -0.023564557461234717 -0.019144890876838794 0.9995389861255888 -0.2917236921981334
-0.09464177321145881 -0.9952847610534409 -0.021240978748302834 0.9273031088209122 0.9953037838603216 -0.09503622887129262 0.0183981802157042 60.11164062730098 -0.02033009091757927 -0.019399990121604264 0.9996050859147149 -0.29615949137082676
-0.09336832431165444 -0.9954107379106966 -0.02097185893802581 0.8567397253396519 0.9954633855796782 -0.09371906014354157 0.016412974625470374 60.83635725577326 -0.01830311409238371 -0.01934426576259673 0.9996453348046133 -0.2947900779210143
-0.09110694023144207 -0.9956225601333668 -0.02086248295732679 0.7903843205996233 0.9956832930042637 -0.09144546939236438 0.015890442404026543 61.5302952512624 -0.01772866249467167 -0.019324696144841648 0.9996560661772926 -0.29090499623564225
-0.08687322912391218 -0.9959806010902145 -0.021810188297203208 0.7284696399559047 0.9960507729805147 -0.08724047572636999 0.016491120033396187 62.203070699894134 -0.018327566846242524 -0.020291418063108666 0.9996261094261618 -0.2975583452595092
-0.08123023888154805 -0.9964354668745282 -0.022759803289744054 0.6685549631782862 0.9965035073551531 -0.0816414553379163 0.017760422269341596 62.87107911646477 -0.01955525811961956 -0.02123754046136752 0.999583192513273 -0.3039886294313539
-0.07405820567365967 -0.9969807454134827 -0.023340425171243826 0.613573918710689 0.9970359825217991 -0.07451101955844038 0.019166573015339448 63.508125382100516 -0.020847823128291927 -0.021851801736658398 0.9995438294700604 -0.304528554862925
-0.06527448359095711 -0.9975766290444144 -0.024085493067752147 0.5655691955661869 0.9976221881929171 -0.06577443990922621 0.02058379653521627 64.14903774805352 -0.02211812417700609 -0.022684625608778663 0.9994979721559619 -0.30662185603202263
-0.05320418500631121 -0.9982462510722433 -0.025956442707467876 0.5286133780930553 0.9982955326506454 -0.053795229719532954 0.022629687341785446 64.77370858507565 -0.02398633335002445 -0.02470820672640027 0.99940690428513 -0.3009648506403256
-0.03843465160244855 -0.9988885673439424 -0.02728383378054979 0.5037984688844317 0.9989448175320631 -0.03909509646025377 0.024100310342327673 65.36372517153104 -0.025140188583848214 -0.026328757325968195 0.9993371640520725 -0.3051988530800919
-0.01968380467226203 -0.9993885813932767 -0.02889656059738343 0.49088655461044634 0.9994572630390974 -0.020432298525402674 0.025839901999911992 65.96263807234013 -0.026414526155516465 -0.02837224978218761 0.99924836164503 -0.307875393536464
0.0020020869637034553 -0.9995741853216457 -0.02911081734266199 0.492053469119505 0.9996465371924982 0.0012287975282819661 0.02655731039999743 66.5163575491712 -0.026510230607014577 -0.02915369779637824 0.999223333183308 -0.31419918652437295
0.02803689804899024 -0.9991912196232394 -0.028824277538452257 0.5052268841927822 0.9992643520721858 0.027260811417379488 0.02697411423236565 67.07110867343162 -0.026166524903876068 -0.029559343509105006 0.9992204752634753 -0.3199737559801952
0.05688525899165902 -0.9979772503634018 -0.028380892631418155 0.5495052208284208 0.9980538395505706 0.056116279249583005 0.027193686060312996 67.57816090350804 -0.025546049945459632 -0.02987257873513816 0.9992272155880749 -0.32278802793760053
0.09125782354149972 -0.9955590489641606 -0.023112543521748095 0.5866860136296637 0.9955044777612874 0.09061274024786607 0.027571109190588233 68.08144499373395 -0.025354376342065388 -0.025524719985710986 0.9993526125797421 -0.3161294117835329
0.12848250556212357 -0.991459721577047 -0.02235768894236185 0.6584931300078041 0.9914038635789962 0.1278482183346113 0.027806696123498436 68.55142666256174 -0.02471082849922091 -0.025738173187506607 0.9993632579777245 -0.3277222046081817
0.16850560937061826 -0.985467475710827 -0.021440940435699104 0.7667971324352341 0.9854012052730355 0.16787838923562837 0.028307438494143574 69.00258130403809 -0.024296589412620945 -0.02589789072070222 0.9993692886011322 -0.320002300521649
0.2140042868945191 -0.9766876204996684 -0.01683618583480187 0.8613300997097328 0.9765064583030253 0.21345560485838722 0.029526964744481812 69.46155202869586 -0.0252448427059897 -0.022759541235176376 0.9994221836638979 -0.32296850344360684
0.26026421765795243 -0.965450705531198 -0.012941104906684318 1.0359108000340609 0.9652369744942398 0.2598255139404651 0.028430360088811408 69.88313496712539 -0.024085681972912262 -0.01989063837298891 0.9995120021435534 -0.3378980316277773
0.3106142996160025 -0.950526559876428 -0.004244507455960132 1.169471737856328 0.9502774995758082 0.31042257856884525 0.024708227670534065 70.30392907501646 -0.022168235699082474 -0.01170818876481634 0.999685694426922 -0.3206880253966223
0.3601668613923162 -0.9328866048748229 0.001553833946763769 1.3933073062282653 0.9326935789540434 0.3601253340848523 0.01980988460772165 70.6953533941783 -0.019039950963850152 -0.005685613018799676 0.9998025575441857 -0.31620763223917825
0.4126950302432029 -0.9108451938525718 0.006621544248341403 1.579659996190846 0.9107081806212051 0.41274785299171385 0.015805682533353325 71.09038694705191 -0.01712955814305696 -0.0004926321158069116 0.9998531569942768 -0.31283287091510165
0.4621556298401706 -0.8867659882187161 0.007632558255199515 1.8455282521002647 0.8866371121620504 0.46221859940714766 0.015119447709298545 71.45917850699537 -0.01693532237586911 -0.00022022846912767618 0.9998565628906212 -0.3283436254820378
0.5110717875099094 -0.8594767760019288 0.01026155566939239 2.063088471117039 0.859367862396059 0.5111717390252615 0.013796024888278713 71.83075485093627 -0.017102780249248002 0.0017676920602800973 0.9998521741600235 -0.3420333212849418
0.5559101121057757 -0.8310325437019821 0.018677755934719854 2.325069469047549 0.8310318011212894 0.5561347230555018 0.010015754444173599 72.17818875935339 -0.0187107665168897 0.009953949979449626 0.9997753878227634 -0.3502505788824585
0.5988516238850045 -0.8003475170792156 0.028645845692314893 2.6481842000220617 0.8005971249532806 0.5991883573111628 0.004189985595612487 72.50205607330345 -0.02051770179221334 0.020424602025135307 0.9995808419258948 -0.3307202940916069
0.6415806542852006 -0.7665097346447937 0.028932520487195884 2.9110816036114335 0.7668306311434414 0.6418495019048468 6.682170488376063e-06 72.81250547599224 -0.018575445812286345 0.02218205579445299 0.9995813669800006 -0.3277603273044647
0.6826287994068647 -0.7304239381531845 0.02233366949552283 3.2436670667971184 0.7306703062737226 0.6827139948225831 -0.004743922770718136 73.1079903685434 -0.011782433967853145 0.019556887435963972 0.9997393172240503 -0.3502947495134892
0.7235654085445395 -0.6901439929949489 0.01242451169107285 3.518057335921505 0.6902533671882303 0.7234936139500808 -0.010357589428131872 73.38329950158442 -0.0018408267392061254 0.016070454456535408 0.9998691673666494 -0.33961715226445494
0.7622674674994895 -0.6472520382611769 0.003620353389748197 3.916517203013518 0.6472378398437519 0.7621784085559651 -0.012932602425275563 73.65345827177093 0.005611298094772573 0.012201331806344189 0.9999098163513763 -0.34458790972624026
0.7995429326639479 -0.6006086784636969 -0.0005605187107082651 4.268332736568033 0.6005440183099121 0.7994698808821448 -0.013956777367037963 73.92107216760067 0.008830679436910857 0.010822426547712713 0.9999024423334018 -0.352212169983468
0.8336251409264538 -0.5523285197577195 -0.0015266556901743396 4.678050581406418 0.5522513225114662 0.8335490978042268 -0.014641664321236668 74.16822243551194 0.009359551254540575 0.011362561859270315 0.9998916396231682 -0.34820033525922284
0.864088123074684 -0.5033116130350708 -0.005397753727691576 5.169398481332708 0.5032015876289606 0.8640518599751059 -0.01423184742938613 74.41760654616922 0.011826993234252828 0.009581412087738985 0.9998841526764197 -0.3502048037076525
0.8903439147473238 -0.45525950292101514 -0.005147666706423865 5.608666734985844 0.45517921820346624 0.8903209350345233 -0.01185377386883043 74.6241966385194 0.00997961863457124 0.008210824523901986 0.9999164912994215 -0.3323220717345151
0.9117321455904887 -0.4107371468353134 -0.006284179067318545 6.126234682576729 0.4106990432147506 0.9117475477672228 -0.0065349095589881286 74.85386729781665 0.008413714961443398 0.0033771807831181506 0.9999589011806964 -0.32989055498231623
0.9293747632543989 -0.3690267120664958 -0.009046281402954054 6.6054690482817895 0.36903096632699994 0.9294162522010826 -0.0012554028254339235 75.04791124555396 0.00887103813487878 -0.0021716182641215473 0.9999582935085465 -0.3223432434192972
0.9430375977260299 -0.33255051918648065 -0.009499550722051508 7.142206430300119 0.33259429931349727 0.9430637660047014 0.003430060231780272 75.23720333869608 0.007818013768371145 -0.006394172177227405 0.9999489953107036 -0.3248879187969727
0.9532332609858581 -0.3021571363352633 -0.006885863194984283 7.716476955767153 0.3021907385187893 0.9532368948029711 0.004492208795036765 75.41219484443549 0.005206505904696491 -0.0063629669229538985 0.9999662019029453 -0.3114205678514374
0.9607861952598521 -0.2772518522630249 -0.004614912222266143 8.264417050629676 0.27727118593105693 0.9607822441766117 0.004262479013316187 75.56467075806154 0.003252145519912755 -0.00537491317841449 0.99998026673422 -0.3001793674922432
0.9666542418171661 -0.2560746384490809 -0.0023143724964328227 8.86528677938387 0.2560831312656212 0.9666427539355693 0.00481831350714501 75.72105342565885 0.0010033235143080805 -0.00525031494588822 0.9999857136653976 -0.2933949745464387
0.971300619312845 -0.2378550329069382 -0.0003004052649047625 9.469320216004695 0.23785158009879145 0.9712779805822208 0.0067609378514602945 75.87285654935381 -0.0013163460760878876 -0.006638354989186634 0.9999770994758058 -0.29103290688916517
0.9749806254100053 -0.22228832091606326 0.0008261110289350232 10.096167066393882 0.22226226563115495 0.974911431496377 0.012132024323690694 76.02208703475331 -0.003502192402020031 -0.011644875353647366 0.9999260630298509 -0.28545191089204164
0.9780093337647096 -0.20855407468638754 0.0017149346383188878 10.740091540071768 0.20850316484909617 0.977898326058445 0.01553364541896067 76.18600050902646 -0.004916636758969471 -0.014834480907536128 0.9998778749723309 -0.2865847228994712
0.980690886833415 -0.19555005423094143 0.0023581289544883743 11.384748662324828 0.19549496753589835 0.9805930646119204 0.014797273503592329 76.30614197325691 -0.005205972534329411 -0.014050548931551388 0.9998877336604816 -0.27684815738078117
0.9832985050558597 -0.18198808485354495 0.002094499045230615 12.064269272827245 0.18193730694941787 0.9831963234621285 0.01496014273149911 76.4234363665285 -0.004781871485606883 -0.014329218467607974 0.9998858970918645 -0.2762459388617071
0.9859015436168809 -0.16730328535222944 0.0027851398891439163 12.766757068421397 0.16724445328931617 0.9858028783045061 0.014898925146095383 76.54620558381042 -0.005238238044357468 -0.01422307410167366 0.9998851259146168 -0.2781170343988725
0.9881892447835725 -0.15319969632655675 0.0034452198076948947 13.465468667373557 0.15312837219154896 0.9880818575608004 0.015682614232469583 76.66018349581283 -0.0058067309253133125 -0.014969829813621825 0.9998710847260822 -0.2827856762322788
0.990082838094253 -0.14047940398128161 0.0012291331470489575 14.185600255198288 0.14044169867420142 0.9899579898435173 0.016103031344665536 76.76091486026847 -0.003478934425093132 -0.015770713428578845 0.9998695823022218 -0.27445551061341755
0.9916158709262752 -0.12915935022891004 -0.0039782880200553705 14.912307298890001 0.12921145028988748 0.9914420516273528 0.018629529755997597 76.86243423262701 0.0015380640782134216 -0.018987377738682757 0.9998185404589676 -0.27000980789231294
0.9927894144243115 -0.11947869792484889 -0.009696357523084734 15.66189885879558 0.11962643322981681 0.9926828640283892 0.016439219479846612 76.95283365190969 0.007661271418306089 -0.01748062374679738 0.9998178497674854 -0.25592896848242175
0.9937767462250215 -0.11095765210953673 -0.009807043425423734 16.408971539442934 0.11111337571159466 0.9936607400715276 0.017092436294406654 77.04603387430147 0.007848337427960962 -0.018075759426462938 0.9998058164067528 -0.24927365621413775
0.9945196440562402 -0.1044804136613072 -0.0038106098477352496 17.18453281021314 0.1045334053279556 0.9943492606055545 0.018501759476561686 77.13139903292688 0.0018560056009786143 -0.018798699272804305 0.9998215661551114 -0.24145154069853433
0.9950081780614967 -0.09974545075694002 0.0030936457515191957 17.957373086090836 0.09965128148830155 0.9947674264506304 0.02252530511511244 77.20895724258109 -0.005324254734733173 -0.022104577039257608 0.999741486578123 -0.24504334639348851
0.9953958728923792 -0.0955314724472425 0.007797050780917788 18.731185732224144 0.09534263515268872 0.9952061502861012 0.021783029056113127 77.29378433556377 -0.009840637731353985 -0.020939345853677755 0.9997323169950345 -0.23959919833856672
0.9957507230132087 -0.09179007510606212 0.007421571982787993 19.49418170683684 0.09161411145365869 0.995566185157337 0.021326639534245916 77.36996737275219 -0.009346239951383162 -0.020556096012874957 0.9997450148490267 -0.21979456410114526
