1.0 -3.469446951953614e-18 0.0 -1.7787691892340307e-19 0.0 0.9999999999999999 -3.5575383784680614e-19 0.0 2.168404344971009e-19 -2.371692252312041e-19 1.0 0.0
0.9999990013347332 0.0014070093305612224 0.00013286106910955636 -0.018049100019651817 -0.0014071201780417198 0.9999986595138826 0.0008372487873675009 -0.017709625054799054 -0.00013168288469665723 -0.0008374349202030919 0.9999996406810849 0.7947208799950366
0.9999846640327399 0.0054880796556910205 0.0007434186094950578 -0.017122601762968204 -0.005488900617673148 0.9999843238919492 0.0011063232226936413 -0.03650697516124225 -0.0007373354273803759 -0.0011103868325097906 0.9999991116879253 1.5496900375337783
0.9999799299712234 0.0062027032320036675 0.001290781394995854 -0.02799200910581913 -0.006204127458076183 0.9999801470006932 0.0011020069707809892 -0.056848645650055846 -0.001283920454917458 -0.0011099930513472926 0.9999985597299812 2.301903237012673
0.9999733283119664 0.007210409209502852 0.00116303494437192 -0.025539883125311424 -0.007211597910139319 0.9999734751394362 0.0010207291896246588 -0.06511504365164263 -0.001155644317174289 -0.0010290893302930322 0.9999988027292154 3.03518757568639
0.9999715571229317 0.007366140756734558 0.0016201550062701902 -0.02950386438375917 -0.007367700764664874 0.9999723985392708 0.0009587285379564308 -0.09273422585986964 -0.0016130482942701989 -0.0009706381096966908 0.9999982279658087 3.7585305981884476
0.9999700789841647 0.00747611853595217 0.001987152474790806 -0.031208053501680703 -0.00747935224720348 0.9999707094881347 0.0016246449659817527 -0.10881982998837217 -0.0019749483977828056 -0.0016394590047134102 0.9999967058698606 4.446298361112802
0.9999647138853864 0.0080589371545187 0.0023716032312196805 -0.03202049843980478 -0.008067856997894887 0.9999603262576907 0.0037756602845028116 -0.1196385217295172 -0.002341081527172381 -0.003794660890904777 0.9999900598924305 5.131767818307207
0.9999573225061839 0.008355852707537224 0.003941177284552061 -0.045015432226342716 -0.00838776251989874 0.9999316045624344 0.00815056150205795 -0.138088315715583 -0.0038728031558012623 -0.00818327148016833 0.9999590168908472 5.771420349119069
0.9999556527460378 0.00793680761626325 0.00506947873988472 -0.04193647489622172 -0.007994800584995868 0.9999016402360188 0.011523585803129514 -0.14929068081279318 -0.004977520035380602 -0.011563604465280156 0.999920750532083 6.4130976135569435
0.9999510795693404 0.007487154501734429 0.006463820551344399 -0.03695520543552437 -0.007575741836565541 0.9998761992678765 0.013791094355651162 -0.1636235423480898 -0.006359764798191434 -0.013839388198477439 0.9998840056352465 7.034192773561338
0.9999407654687389 0.007485108237256398 0.007901816213448641 -0.03757873248799701 -0.007593290328748355 0.9998766228209037 0.01375067593233266 -0.16674707028691202 -0.0077979166602780755 -0.013809862473694473 0.9998742321876617 7.616261063911527
0.9999221286801553 0.008648289766056394 0.008996868781578538 -0.03409240780402778 -0.008755164930978153 0.9998907636168717 0.011908313707322081 -0.17753180227065765 -0.008892900190991992 -0.011986155696888674 0.9998886179945985 8.166633476524684
0.9999151001692157 0.008643274767808256 0.009751217506120968 -0.032479786873804366 -0.008725120521488803 0.99992680244641 0.008382245384527582 -0.19736883627934376 -0.009678054502396475 -0.008466614446899954 0.9999173224303981 8.684192395170149
0.9999182055464878 0.006890483179535141 0.01077513111894062 -0.02087348177782517 -0.006969281910826109 0.9999491222011962 0.00729260797536967 -0.19357270964610812 -0.010724334212168427 -0.00736710654862872 0.9999153536135161 9.178103418150721
0.9999095228107275 0.0038982555611437684 0.012874385203668725 -0.014353017289295273 -0.00396189968696613 0.9999800401600595 0.0049216499925247206 -0.2184853174053305 -0.012854943466118122 -0.004972211808694257 0.9999050092551544 9.652964376388846
0.9998873788976123 0.0013338751611436314 0.014948254079712541 -0.020134601383847883 -0.0013921756751377858 0.9999914631943364 0.003890422457592682 -0.25370808892546604 -0.014942938391204816 -0.003910794975576498 0.9998807000195684 10.092347250181538
0.99984109727502 0.005366525228149022 0.016999429339040556 -0.008540787487046826 -0.005402728037086425 0.9999832327282935 0.0020844189426529607 -0.2357890272519108 -0.016987959652351954 -0.0021759310494701713 0.9998533265182573 10.503519798219061
0.9997569947990959 0.009433888230856922 0.019923681360148254 -0.013911682637522684 -0.00945564940558877 0.9999547960632252 0.0009982712482970529 -0.24219695982032743 -0.01991336483441381 -0.0011864200233936935 0.999801005356403 10.888303555101343
0.9996815526174332 0.010350400876755643 0.02301439820509936 -0.00038654357215682847 -0.01039317625561444 0.9999444760171247 0.0017397683031545037 -0.2389957816631389 -0.02299511499700109 -0.001978407003646072 0.9997336198216791 11.230983189563037
0.999628396967588 0.006357160551980798 0.026507630107890576 0.014663319385113612 -0.006418757580112094 0.999976892304242 0.0022392903721118753 -0.2562858658549695 -0.026492784286533542 -0.002408604327463884 0.999646102890937 11.552693748805172
0.9995782775782304 0.0014855166761261734 0.029001037993318993 0.03157455404774985 -0.001562341724168471 0.999995330121845 0.002626561448437359 -0.27595973741748914 -0.02899700320958606 -0.002670763330435934 0.9995759305101068 11.840554022784115
0.999505083086844 -0.00226581180228075 0.03137602506095492 0.04234871182030006 0.002146333136134739 0.9999903194707565 0.0038411215616519644 -0.2876409751818162 -0.03138442723202039 -0.0037718771703923984 0.9995002704880739 12.095108274398157
0.9994267860136623 -0.0034393916212006447 0.03367892433268024 0.04753496247123791 0.0032751895199295295 0.9999824865420255 0.004929476349575986 -0.281618706515085 -0.03369529174129469 -0.004816345909607749 0.9994205472031154 12.329329521577986
0.9993532592069305 -0.0023249773382591123 0.035883948255423376 0.05491771713206617 0.002180999239226121 0.9999894164546355 0.00405095259632476 -0.2847767801113198 -0.03589298987888582 -0.0039700698634016415 0.999347753225771 12.52767953391518
0.9992719656241317 -0.00132656817740367 0.03812845226454468 0.063802709749301 0.0012301708106560328 0.999995988054904 0.0025515782371610526 -0.29909899846885485 -0.038131687358094725 -0.0025028161086954877 0.9992695884472759 12.718317208514998
0.9991791422307403 0.0006099465184858498 0.040505180145126975 0.0711363751129793 -0.000678505160923791 0.9999983605243049 0.0016788627992940992 -0.30096930290886775 -0.04050409314292932 -0.0017049676665499645 0.9991779178908891 12.897407747056953
0.9990979404609293 0.003720532423678641 0.042302043824583316 0.07479832499419745 -0.003771371091465414 0.9999922588497703 0.0011220550347909501 -0.30679601372691906 -0.0422975452896587 -0.0012805795731419452 0.9991042377374975 13.05995299840549
0.9990384764018241 0.004513567970286188 0.04360906179009013 0.07654968389089688 -0.004520437131797573 0.999989781041708 5.8897932274172386e-05 -0.30328432832295327 -0.0436083539964309 -0.00025597329567204387 0.9990486705027983 13.215395657812763
0.9989649854139703 0.004155187546845513 0.04529560929403836 0.09125826486035374 -0.00406478129465891 0.999989559176185 -0.0020878456697083062 -0.3163685542421507 -0.0453038155912415 0.0019015680448309141 0.9989714452555433 13.36590363676248
0.9988892012563879 0.003151618993753909 0.047015218710735295 0.10313861685596493 -0.0030053221355112077 0.999990421228422 -0.0031820584510984583 -0.32366574162072587 -0.047024800975195825 0.0030372280428621664 0.9988891046828037 13.512636076640561
0.9988325004667267 0.00201569952678404 0.04826564865618747 0.09958856565482581 -0.0018138373210387438 0.9999894264525068 -0.00422575209342163 -0.32973991661600943 -0.048273660246556944 0.004133272614251433 0.9988255953403988 13.650351872751298
0.9987593420291325 0.00265148892186416 0.049726714936034803 0.1190478201624697 -0.002380085633646927 0.9999819525433711 -0.005516319817553807 -0.3283050661832316 -0.04974044816421306 0.005391122256361258 0.9987476276570253 13.779377279560101
0.9986950084027804 0.003630598086700465 0.05094211225222469 0.11473354870015219 -0.0032292605028674823 0.9999631171429113 -0.007958406639133185 -0.33614931169472334 -0.0509691314513676 0.0077835158265071374 0.9986698977454258 13.913852343098824
0.9986506967053743 0.0036172979086680672 0.051804449339615984 0.1140066728016292 -0.0030965241350739 0.9999439015893287 -0.010129423361986896 -0.3302394264449543 -0.05183818872337311 0.009955342205707877 0.998605874958045 14.028490089698552
0.9986078953969264 0.002925831491060315 0.052666028916246714 0.1322899159412903 -0.0022786968793923707 0.9999212212377719 -0.012343373187524173 -0.3379186975239411 -0.052697999045200714 0.01220618028646664 0.9985358933037384 14.157312696787981
0.9986409901223346 0.0020464544121681742 0.0520767195458604 0.13975410426455118 -0.001312491482926145 0.9998993874342412 -0.014124176966751355 -0.34538383116927 -0.05210038887224911 0.014036632137455185 0.9985432001623716 14.291983834850678
0.9987524132112248 0.0016383957970355079 0.04990924390272517 0.1476673211061785 -0.0008738411158208288 0.9998820014430382 -0.015336870309674674 -0.35202443374757647 -0.049928486779755823 0.015274123824019718 0.9986359934868109 14.414226362124648
0.9988957901958044 0.0016578916150398193 0.046951587908483604 0.15466483389104332 -0.000895156206137857 0.9998673720915502 -0.016261516553477216 -0.3529219429143221 -0.046972324632405804 0.016201531778518415 0.9987647927342583 14.533409195466534
0.999072267057772 0.002113158317191179 0.04301324986190633 0.15630274483382944 -0.0013690203863379836 0.9998490201959064 -0.017322314951494226 -0.3544415915597455 -0.043043364175531895 0.017247358826744507 0.9989243202112114 14.669997511669056
0.999290179281534 0.002351250057638618 0.03759799394277061 0.1447417573799338 -0.0016531352468926392 0.999825857884591 -0.018588196464734294 -0.3568606765656559 -0.03763515524235869 0.01851284800251978 0.999120047650046 14.793307842055524
0.9995215620760629 0.0022718218709483805 0.030846162373552415 0.14368574693718594 -0.001678270029737603 0.9998132044357155 -0.01925460059178712 -0.3633193371272794 -0.03088414609581696 0.019193620672533433 0.9993386685625614 14.910312697750939
0.9997171186743942 0.0025146814641350164 0.023650771465760737 0.13717205255937676 -0.002043973279651384 0.9997997743949748 -0.019905609549242524 -0.3699408930897377 -0.02369609426205221 0.01985163748775147 0.9995220896122388 15.03610162632422
0.9998753689235093 0.00230490580768362 0.015618387512538958 0.14101569099449976 -0.0019735609266119123 0.9997733627740494 -0.021197361681875252 -0.36458775824214573 -0.015663707067801784 0.021163896420660747 0.9996533087888307 15.172908726848183
0.9999824055803943 0.001428543301050668 0.005757412373726848 0.11674092810230716 -0.001299713494618356 0.9997500705644861 -0.022318314152330078 -0.372361925921427 -0.00578785661262849 0.02231043893133721 0.9997343372273961 15.317007487100883
0.9999739089797209 -0.00022816622842503596 -0.0072200612806353716 0.12446054350022817 5.474345843725116e-05 0.9997117011617838 -0.024010655033849294 -0.37651068760313533 0.007223458756642737 0.02400963378775629 0.9996856301619388 15.46335581859869
0.9997325641613062 -0.0007580604174577885 -0.023113316952096962 0.09926203594350058 0.00016300280988033877 0.9996687545951521 -0.025736248879973795 -0.38507302228408125 0.023125172336721452 0.0257255990378829 0.9994015309412544 15.609357102039432
0.9990974609822817 -0.000310816609008056 -0.042475482749979566 0.07263287094657224 -0.0008335657770443374 0.9996371946327088 -0.02692181765276345 -0.3834677925058524 0.04246844373160424 0.026932926267265588 0.9987347240362988 15.79005058344261
0.9979409810127436 0.0003816611944396685 -0.06413776035835249 0.04487829866678252 -0.0020908995669150932 0.9996443836684421 -0.02658447540523759 -0.38934117290210063 0.06410481105592356 0.026663843554183674 0.9975868950117787 15.982464068509456
0.9961421349731024 0.0009686774510016321 -0.08774911856569324 -0.0011096263961691902 -0.003210926878957962 0.9996718196119438 -0.02541540908663162 -0.39517412361357435 0.08769570908191543 0.025599116304884394 0.9958183311440294 16.17981003722288
0.9934517162243064 0.0019629264952631415 -0.11423586639304839 -0.0576260769395681 -0.004711151278940702 0.9997058187544393 -0.02379245686081555 -0.4086317293119101 0.11415556712647974 0.02417483993214979 0.9931687091763112 16.417717387701874
0.9895402932164716 0.003066253539543644 -0.1442241457192773 -0.1153169135020189 -0.006252529952658703 0.9997461792736382 -0.021644465887537524 -0.41251843472801375 0.14412118338234622 0.02231983723286828 0.9893082994403728 16.635279951596477
0.9841609295946445 0.0035545025180074383 -0.17724171981489467 -0.19232028407121365 -0.0069171618269953045 0.9998075521233356 -0.01835787568838536 -0.4208921269267689 0.17714237186055865 0.019293113895775475 0.9839961172513569 16.90058758082089
0.9768152716293677 0.004457117202681663 -0.21403750843722408 -0.2858157273903319 -0.007767354388730602 0.9998628475896161 -0.014627174377340822 -0.42055215528995943 0.2139429757128028 0.015950552631519028 0.9767159193948312 17.17079582498456
0.9673319031509419 0.005961127401374119 -0.2534431855295292 -0.3912053511345629 -0.008516210209337046 0.9999233639472445 -0.008985567004621138 -0.4413684308693696 0.25337021993689807 0.010850401080879837 0.9673085372528974 17.398014053487906
0.9555606733963438 0.010605444250058119 -0.29460365955229667 -0.5214911953938283 -0.01247855072155344 0.9999121087794455 -0.004478897054425836 -0.43214693156028106 0.2945302906669587 0.007956084505888313 0.9556090290266518 17.696816731739112
0.9415520212602846 0.014096607693669452 -0.33657252832036266 -0.6619273491121457 -0.014972349878490701 0.9998879080849937 -6.5895873404770225e-06 -0.44333442341862445 0.33653473680514606 0.005045485911509901 0.9416575407486305 17.979244515767263
0.9251012914155293 0.017142644303439175 -0.37933325404730545 -0.8234300484240221 -0.01631576340647694 0.9998523357866053 0.005394675976902 -0.438984932561363 0.3793697511699562 0.001198489619068217 0.9252443829707937 18.22419933390317
0.9059218186478035 0.020136316559379454 -0.42296592237819636 -1.017431895012011 -0.016204340901756254 0.9997856075010344 0.012890244674675214 -0.4447656431013062 0.42313483946563785 -0.004823670350939814 0.9060538921922512 18.559751932623954
0.8843514081289753 0.024535328648068535 -0.46617656045649875 -1.2231560309013483 -0.01738157854161718 0.999656026588741 0.019639482408925067 -0.4500734880292006 0.4664981086994223 -0.009265319996655724 0.8844736782163292 18.846870136376996
0.8598308804343039 0.029688509215216458 -0.5097150446557986 -1.443227728603999 -0.02018844289161066 0.9995042173847158 0.02416084120048291 -0.4432566107771636 0.5101796792761134 -0.010483884926516668 0.8600039567877118 19.099689285874284
0.8319203567650965 0.03318196706422223 -0.5539020223058488 -1.6939068151941379 -0.021549555204946357 0.9993894032202083 0.02750340792041015 -0.44430549451067247 0.5544764755557973 -0.010944303402613481 0.8321274463564565 19.406829408527894
0.8019907794118901 0.03717700707617097 -0.5961783533300922 -1.9627766961861832 -0.02443811711364016 0.9992678062801358 0.029438577076878657 -0.4292365987768001 0.5968363239155737 -0.009039991634376379 0.8023121037686629 19.65788563351095
0.7684062629734214 0.03925383994536807 -0.6387573214417621 -2.2558621523825884 -0.02459553088865678 0.9991910726475858 0.03181603770779847 -0.4216781466786871 0.6394895688724814 -0.008737067914872745 0.7687501481437902 19.953011202796002
0.7321857316473537 0.0440186034325601 -0.6796810847360859 -2.562214361494984 -0.026709562490080736 0.998997464176163 0.035925838877910496 -0.40936711199399334 0.6805811428741356 -0.008150402947958485 0.7326274079051924 20.221886421385634
0.6938771112865655 0.044962954198984134 -0.7186882791529472 -2.885154265094664 -0.02469179064431685 0.9989474098219452 0.038657314033981184 -0.38465560243777586 0.7196700027934922 -0.009077725643023091 0.6942569600107276 20.450118179052943
0.6532497157969163 0.04564282442845141 -0.7557655007905497 -3.270605553256657 -0.02261042823050736 0.9989121373584932 0.040783702667937655 -0.39141819667972333 0.7568048790794918 -0.009553761378029477 0.6535710748029443 20.736433556346814
0.6108486801850274 0.044463200094199434 -0.7904978558090382 -3.647284792955275 -0.01796798570724504 0.9989432421706664 0.04230307812878105 -0.3679646830913619 0.7915434881384297 -0.011637126149267277 0.6110020764183673 20.982077175761738
0.5667877295180711 0.044971121880279186 -0.8226355267030746 -4.043956408504544 -0.01284957910672676 0.998870177175631 0.04575213054230805 -0.3815651200063792 0.8237636885739938 -0.015361226892659176 0.5667252210574383 21.199865335987788
0.5203627282991582 0.04672200046757526 -0.8526661851942077 -4.49662424055803 -0.01140420632155864 0.9987932893195948 0.04776933391863196 -0.3558337879430208 0.8538692148136661 -0.015133400824122638 0.5202676296811148 21.428446346320047
0.47172661390138215 0.04615685394352888 -0.8805359051420893 -4.946878505210978 -0.010030494535937583 0.9988452368884322 0.04698491137492601 -0.3163715125390748 0.8816878449721073 -0.013331823542095436 0.4716448588334335 21.624527812241805
0.4197082431421679 0.045639688044660884 -0.9065108600149662 -5.449276889937639 -0.005685598034815201 0.9988476195739036 0.047656130836045266 -0.30815127523332 0.9076413023031121 -0.014847615610955926 0.41948406989191345 21.826268255974274
0.3666047563648335 0.04462584611494845 -0.9293058768863667 -5.95146077875796 -0.0007775668919147417 0.9988633475862427 0.04765929278304677 -0.2864202699072156 0.9303764940215316 -0.016749527015578376 0.36622275519222386 21.973173547285178
0.3130296985018482 0.04313908765915097 -0.9487630633145266 -6.446987372262945 0.002147051197105025 0.9989332000065891 0.04612864668022064 -0.27696267493498994 0.9497409508915262 -0.016476680317739672 0.31260313804949363 22.091328257451966
0.2595103756838621 0.04844196069850533 -0.9645245783224814 -7.044392882180808 0.002695180660252182 0.9987009551426489 0.050883574331739206 -0.22004224621223606 0.9657365993623757 -0.01580438456529726 0.2590427017116159 22.211997970602916
0.20828458179985038 0.054302645666813344 -0.9765596113661524 -7.6340441829639865 0.005208821777086143 0.9983818134299057 0.05662704928755296 -0.1873896765956102 0.9780544369778232 -0.016881267366508513 0.20766468718496145 22.30451100425028
0.16056346969128713 0.05578722963223655 -0.9854476519294216 -8.196549621520402 0.01054463185559867 0.9982475075851538 0.05822992577180242 -0.18656240756650938 0.9869692320576157 -0.01974078280265083 0.15969382914520755 22.37060183728834
0.11528456956696374 0.057268342032343426 -0.9916802516548721 -8.848231499370831 0.013583406258588102 0.998152463696976 0.05922119725303389 -0.16463220873782441 0.9932396701221958 -0.020297687163860413 0.1142936795089777 22.420386091858155
0.07533329448854327 0.056210274520199756 -0.9955728078345335 -9.443013569198548 0.013239219465052948 0.9982655376846549 0.05736409380039936 -0.14072127920100358 0.9970705600522131 -0.017502034204659286 0.07445845309824571 22.420846778223165
0.039386253761436105 0.052107526418868545 -0.997864441858331 -10.137624608404732 0.010583240354006226 0.9985615991547095 0.05256165566804262 -0.11606206777309712 0.9991680551112629 -0.012630846974257318 0.0387781355977436 22.42265603724091
0.010906195674866333 0.051221684703565605 -0.9986277131419369 -10.767605663178998 0.008488722737770677 0.9986464221343466 0.0513153493339545 -0.059562238397515135 0.9999045359249749 -0.009036729980331499 0.01045662814436795 22.390968718316984
-0.010610980225750272 0.055692742322155604 -0.9983915269765699 -11.507278903769283 0.007365280826486811 0.9984250478810252 0.05561633146681901 -0.04086164460933593 0.9999166186495528 -0.0067632910989893465 -0.011004459593018122 22.39653466594391
-0.023806987243375845 0.06167617059733633 -0.997812203273125 -12.244891054611548 0.008292059508403244 0.9980729806995412 0.06149444572955483 0.006840185406241147 0.9996822263117021 -0.0068099216086117765 -0.024272531662397394 22.362865556387074
-0.03142450935103383 0.0639640272883647 -0.9974572768500185 -13.003327153245902 0.008372089518820942 0.9979320140802217 0.06373070919108337 0.036284979015951783 0.9994711065364155 -0.006348096263918645 -0.031895034936997725 22.326623513000705
-0.03588821664561958 0.06121366807523632 -0.9974792421339329 -13.773290756643211 0.009030863081823019 0.9981013742502711 0.06092692460477912 0.08661738681890577 0.9993150473555276 -0.006821540717543462 -0.03637288907516333 22.289918270926947
-0.03521340507122291 0.05773571599746757 -0.9977106388772762 -14.545269470706817 0.016555867249235093 0.9982265317990326 0.057181241611729924 0.14163355632372088 0.999242715167801 -0.01450441974040587 -0.03610681853294258 22.258898945345713
-0.031110157105853173 0.055801254845049886 -0.9979570600860508 -15.362216058799184 0.027844740922397214 0.9981012599821613 0.05494128834888584 0.11827011143225141 0.9991280763689482 -0.026078624977788734 -0.032604856955436426 22.254166349859734
-0.02512937134474557 0.05630095398831661 -0.998097506725641 -16.184480766491824 0.029046767555741704 0.9980324188509553 0.05556596223129549 0.170426477496127 0.9992621700382729 -0.027595169907718646 -0.026715286456246934 22.24361605909001
-0.020373496831741437 0.05436313657266313 -0.9983133203731235 -17.060282168472483 0.027379977419016415 0.9981764517930389 0.05379691314982808 0.2643701660433521 0.9994175013254093 -0.026237766232445326 -0.021824804695019302 22.216767111957303
-0.01693300351253512 0.04916520215513981 -0.9986470707346116 -17.91594414884528 0.030982973213338958 0.9983364699182727 0.048624563370725786 0.23552332202919574 0.9993765122600319 -0.030117696915616905 -0.018428117558190772 22.2085055392349
-0.01491465737502423 0.03817329185990763 -0.9991597811923567 -18.795876872476843 0.028575953235991988 0.9988790760933556 0.03773600686995546 0.25147244473768315 0.9994803911989304 -0.027989124895132608 -0.015988775847444535 22.18760444015409
-0.01463160120871408 0.029334738791568574 -0.9994625080012661 -19.698646008583125 0.021820918731019552 0.9993408665507565 0.029011720444409837 0.31213904459999475 0.9996548645693571 -0.021384703426760434 -0.015262066448156704 22.154349436966246
-0.015506706408695975 0.026144766837473722 -0.999537847596109 -20.61953495538597 0.015525023770759417 0.9995438723644842 0.025904069753297062 0.31338698020028355 0.9997592711256412 -0.015116163102168647 -0.015905529964544328 22.12246668318956
-0.019632641127795124 0.03194509600862242 -0.9992967456283366 -21.566590873571062 0.006166696583111305 0.9994742854869405 0.03182961627304556 0.34732142016557127 0.9997882854689775 -0.0055374612715887095 -0.01981931414478166 22.088887620905584
-0.024070187664495864 0.039693169744727155 -0.9989219158458449 -22.535502098194982 0.0010662463578296841 0.9992119095238977 0.039678998807018556 0.4066250464282591 0.9997097447161822 -0.00011001668385924785 -0.024093539343647604 22.038797569755097
-0.028481785500052842 0.04966176952787736 -0.998359861074037 -23.505069326751347 -0.00012000257776049981 0.9987649135565199 0.049685339816146847 0.3983884451974736 0.9995943467112894 0.0015349321961921826 -0.028440646959627128 21.987211408203418
-0.03036857300092325 0.05966802899480083 -0.9977561785262157 -24.533057696853096 -0.0014592988347361469 0.9982129190439432 0.05973975748745744 0.4697080386436713 0.9995377455089943 0.0032702348898500455 -0.030227226884302197 21.962311233792864
-0.03150513990681315 0.06741218993341547 -0.9972276262388167 -25.533852663814823 0.00037028133965579495 0.9977236669119305 0.06743402165280793 0.4974072823018549 0.9995035635372075 0.0017552627444153337 -0.031458383657240144 21.928283235457524
-0.032907129694771754 0.06935819006942053 -0.9970488844721431 -26.58473960160705 0.0016446206698248265 0.99759161434982 0.06934166204626324 0.5337171108078078 0.9994571028838921 0.0006420670778273252 -0.0329419430156479 21.883974674673265
-0.03480236690249684 0.06599370491251741 -0.9972128869583695 -27.55882301551025 0.0005932825227268748 0.9978185812289148 0.06601308108622118 0.6031844130813118 0.9993940802970581 0.0017057817306362034 -0.03476559974482332 21.842027049846475
-0.037686252036063086 0.06139072308863275 -0.9974020459584012 -28.618729063427967 -0.0014843182981049347 0.9981065853527149 0.06149016990002178 0.6558375051359275 0.9992885607531906 0.003797795432604078 -0.037523771428256344 21.818696988485165
-0.04205682196149831 0.05585446820004149 -0.9975527143400101 -29.628991652204146 -0.0017197927112812754 0.9984306261902556 0.05597612823245967 0.6751397042626403 0.9991137825404328 0.004069761241093825 -0.041894759447111136 21.74965897694536
-0.04732010615139339 0.051188302948229 -0.9975672814457549 -30.6641166182446 -0.0012974090629292309 0.9986820832847484 0.051307048239678285 0.7275366562755766 0.9988789759898905 0.0037221070928182428 -0.0471913284926517 21.684756203119885
-0.05420826421889575 0.048857381877723295 -0.997333613294699 -31.717128504522513 -0.002779218880593882 0.9987909920701069 0.04907983346279206 0.7671849982635377 0.9985258255924524 0.005432340316710281 -0.05400693910841734 21.617022947847122
-0.060255052154889334 0.05174367319006081 -0.9968409285990395 -32.755755425758906 -0.0020662511091902275 0.9986469089101986 0.05196231205116167 0.7962354668540963 0.9981809172636542 0.00519071481906376 -0.060066604628009675 21.547569715322513
-0.06697999422365936 0.056176075252715285 -0.9961715941504045 -33.83288771168209 -0.0034530144681908584 0.9983947252363345 0.056533611655485455 0.8337407203981826 0.9977483857645609 0.007226415268968416 -0.06667849459874939 21.45770046596891
-0.07304781807217228 0.05916386599210222 -0.9955719810109226 -34.909660516330035 -0.005929233057074964 0.9981954750010023 0.05975481416432365 0.8902948315535776 0.9973108565728697 0.010267936512358765 -0.07256520357919753 21.357401695246708
-0.0772267364780243 0.06145746083815078 -0.9951175447575855 -35.941250643084125 -0.009159424287320625 0.9980124987243859 0.06234707107035049 0.9322436424367629 0.9969715242873601 0.013929564124700835 -0.07651033175288814 21.269785841555322
-0.08074991944631688 0.06323979222094628 -0.9947261409307128 -37.03114822286007 -0.013231500053700926 0.9978292615572527 0.06451117831229249 0.9675186688884644 0.9966466083785523 0.018370991014674036 -0.07973787365002413 21.15316422474734
-0.08240325263837474 0.06397311214424832 -0.9945436446764586 -38.07538429628371 -0.01729764098507698 0.9976954666389953 0.06560904980566924 1.0404104825485359 0.9964489849585811 0.022609657674755923 -0.08110676613981382 21.067418450976728
-0.08384717418639753 0.06379398914314319 -0.9944344597013015 -39.18942000344271 -0.018356955676019932 0.9976804188314989 0.06555001155446445 1.0760341176848236 0.9963095691573381 0.023750972217660773 -0.08248161890206576 20.967402656877404
-0.08556601614942853 0.06333590129731452 -0.9943173219976339 -40.27265108840703 -0.018738014153852782 0.9976986360114813 0.06516378200528233 1.126270944753157 0.9961563269481708 0.02420733696751038 -0.08418230705956925 20.86343014399482
-0.0863029776591562 0.06272982914784354 -0.9942920501190007 -41.31971138780282 -0.01989271008627816 0.9977082794469494 0.06467201228702533 1.1745028269067292 0.9960703590284827 0.025360550440073758 -0.08485732751996584 20.773739576213742
-0.08724559628306468 0.06201839320212411 -0.9942544147223304 -42.44352772782678 -0.022150926536820412 0.997692688505207 0.06417659801338114 1.2245811081904003 0.9959405737146615 0.027622781820197086 -0.08567052711795362 20.667729328633005
-0.0882330594400559 0.05981176341180045 -0.9943024673361542 -43.52901115215565 -0.025675767102098186 0.997727385699659 0.06229621822966342 1.2746348980947548 0.9957689321210355 0.03102606433495531 -0.08649682529434875 20.549247076390923
-0.08800055039045666 0.05443575554138631 -0.9946318756221174 -44.60396126742981 -0.031662183918043846 0.9978483053226717 0.05741311448703116 1.3245180957038147 0.9956171418817491 0.036544602992815735 -0.08608764364574338 20.439523636690446
-0.08758259268143027 0.05346835271884162 -0.9947212378659159 -45.70760536763262 -0.03398794875631443 0.9978167014443978 0.05662728771737416 1.3683633508835955 0.9955773163192051 0.03876809912040015 -0.0855740925760387 20.324787776689632
-0.08576745498801093 0.05757003276534337 -0.9946504669066524 -46.809436949634716 -0.034241770382028684 0.9975690617901634 0.0606915823471952 1.4185848525471045 0.9957266335798194 0.03926395544786068 -0.0835876582363804 20.23197146870034
-0.08414573612819086 0.06142297575383682 -0.9945585098175441 -47.95228700031014 -0.034661989111989804 0.9973138788875674 0.06452575864697581 1.4587220677582837 0.9958504534399882 0.03990294370106852 -0.08179066644750707 20.13495056625596
-0.08240041370365966 0.061060512079630126 -0.9947269484472602 -49.01651626937606 -0.0317728386085554 0.9974529615360344 0.06385981737096713 1.5159312141763706 0.9960927379457316 0.03686737410511548 -0.0802504693588303 20.048922932014396
-0.08038494487941554 0.059887164117605814 -0.9949631673875018 -50.12826951362792 -0.031552946557476445 0.9975403326236836 0.06259150405314881 1.5620400457915598 0.9962644007818012 0.036425434184501615 -0.07829760663779288 19.955474232055675
-0.07598174813428181 0.06048999904603513 -0.9952726511611062 -51.26009168733795 -0.0357502124341546 0.997351121248692 0.0633455863075433 1.6149559380836669 0.9964681532150784 0.040394317104455124 -0.07361794985367422 19.851550792568947
-0.07017861400529944 0.06124495394802012 -0.9956525166224093 -52.3782632330316 -0.04140684983294141 0.9970743627749478 0.0642509763975808 1.6658213198022551 0.9966747308362418 0.04573587882904477 -0.06743733470201262 19.762444632609352
-0.0650077915116923 0.06120185014706081 -0.9960061428616481 -53.53070580731311 -0.044618283382273305 0.9969409376886064 0.06417145514779651 1.7184987641369656 0.9968867939943807 0.04861172908150829 -0.062078205606518194 19.67622152281692
-0.05888211864050553 0.06021531359379184 -0.9964471526746232 -54.62827087050141 -0.04596451923939872 0.9969568786473367 0.06296225225710547 1.7751385707205234 0.9972062190625414 0.049508565316763356 -0.05593516374051956 19.609019317222593
-0.05327333885925943 0.05974794767065352 -0.9967908757671509 -55.786318351395245 -0.045834440188995386 0.9970100467686809 0.062210697282302975 1.8196568234559736 0.9975275634113089 0.04900152351233779 -0.05037553880590284 19.538920820319362
-0.0476653877446542 0.05941215617882675 -0.9970948412003094 -56.9121616557777 -0.04391874746333321 0.9971394749712084 0.06151431690794336 1.8615337300917134 0.9978974089457967 0.046723260428687095 -0.04491973069814543 19.47141981633054
-0.04182283650890728 0.060160060871969886 -0.9973121543475874 -58.02798309433048 -0.04313923313397914 0.9971459654604362 0.06195910129337107 1.9169329072903611 0.9981933386351253 0.04561458700807974 -0.03910821226877206 19.416515556144724
-0.036790722650908055 0.06187458482401223 -0.9974055816114785 -59.213511076724544 -0.040638541494153725 0.997163077580876 0.06335854903666606 1.9635312987368676 0.9984963876180757 0.042864114974584956 -0.03417185581272995 19.366583919628205
-0.031414431657124604 0.06243098323455568 -0.997554721069382 -60.351934119295294 -0.04262633355469287 0.9970556349142047 0.06374211063024462 2.024573461968197 0.9985971227700524 0.044524522543869745 -0.02866073065628476 19.320347335826114
-0.02518202274950531 0.0623833370934435 -0.9977344840462498 -61.486499826552276 -0.042238804510966246 0.9970933464014512 0.06340932145751464 2.0687860043556534 0.9987901849625618 0.04373988687138529 -0.022473828222339204 19.288744986513763
-0.020858223357965538 0.05873210507051038 -0.9980558050484231 -62.64976986727489 -0.04246086431124984 0.9973202851016971 0.059576203558987094 2.1199769641907205 0.9988804202624225 0.04362096594441354 -0.01830851179201298 19.26370469868017
-0.016496367197663484 0.0527506614312643 -0.9984714082994143 -63.7814994326125 -0.04188340555733703 0.9976943674007436 0.053401589026917995 2.155652903780219 0.9989863536001699 0.042700315209379475 -0.014248953759540318 19.228901475594164
-0.012936898533591881 0.05152892365898197 -0.9985876637877869 -64.96178681059793 -0.042466274812668306 0.9977419149137972 0.05203543840243518 2.2027541632847307 0.9990141823984089 0.04307947540650942 -0.010719442953056183 19.20334173335793
-0.009377144684320984 0.054195519481771696 -0.9984862695127272 -66.10337575253561 -0.04163184339116858 0.9976432715565811 0.05454074114075846 2.246995480328117 0.9990890567157775 0.04208026046419869 -0.0070987843909489055 19.199848659274725
-0.007266384892754683 0.05463048770603673 -0.9984801575584655 -67.25919030030785 -0.041274089225776585 0.9976392650652343 0.054884847324620456 2.2846382416381714 0.999121480944734 0.04161017357165499 -0.004994405729778776 19.1832005343988
-0.006105103753103589 0.05395812971918713 -0.9985244931973534 -68.44452899392797 -0.04297859301840622 0.9976062912679715 0.05417128654084954 2.3373258696818073 0.9990573820971251 0.043245899202510665 -0.003771443885594861 19.169089190552704
-0.004528848136568871 0.054764727119177514 -0.9984889732819565 -69.61163582444564 -0.04393454542300526 0.997524199578905 0.0549110835698901 2.3796443617680394 0.9990241887575118 0.04411684319168656 -0.0021115706912010817 19.159479088713265
-0.003969143198875923 0.05477645895650157 -0.9984907115305133 -70.78472054183426 -0.04408537399171722 0.997518245783678 0.054898353852069384 2.422238954783638 0.999019924811851 0.04423673595737684 -0.0015444505519302924 19.13084850142
-0.0025139236872774935 0.05294534264025248 -0.9985942050900182 -71.96255551613788 -0.045192871041855494 0.9975710945280605 0.053004866838933046 2.465069651894994 0.9989751593807832 0.045262589430106234 -0.00011506403218454605 19.127647942574384
-0.0013769531039510285 0.05136493319528932 -0.9986789590210068 -73.12929974229786 -0.0443242208892196 0.997695307434525 0.0513754523341243 2.4936353584789677 0.9990162921134391 0.044336408454524294 0.0009029325244726478 19.118421041699452
-0.0016775514444662622 0.05104269752325199 -0.9986950207164637 -74.32134788196429 -0.040350373692924484 0.9978796645709784 0.05106880151465502 2.535156860665788 0.9991842260749139 0.04038338784406816 0.0003855989769747082 19.11079345527976
-0.001396698433850256 0.05163534477920117 -0.9986649868484071 -75.5046470234361 -0.03818457497600445 0.9979349240438357 0.05165099903640097 2.5764660780358 0.9992697693533928 0.038205738903379055 0.0005778610791867861 19.104539195422937
-0.0008860897326862756 0.054374497533028025 -0.9985201772733995 -76.66498449078509 -0.03763930925266471 0.9978112359781165 0.05436929132338136 2.6047037369690806 0.9992910395477073 0.03763178577245409 0.0011624697674225068 19.093869289299775
-0.000668135149054329 0.058128306554742874 -0.9983088545836082 -77.8593830323601 -0.03979133749101701 0.9975169242308038 0.05810882396906489 2.6574039988245257 0.9992078299976327 0.03976286909413489 0.0016465284756068696 19.084421602218974
2.343107269030427e-05 0.05825953027429379 -0.9983014285023826 -79.01742935514069 -0.041322528943429575 0.9974488378045767 0.05820880228486314 2.705977898252744 0.9991459015186241 0.041250975801465556 0.002430803952627683 19.07799226083051
0.00021510749492578132 0.056289974968437295 -0.9984143969357084 -80.21132633790656 -0.04309463814231888 0.9974874516523929 0.05622842765093538 2.736227816287006 0.9990710136709052 0.04301421205470662 0.00264036465944025 19.066575448545613
0.0005373036318422376 0.05405958682954893 -0.9985375245491032 -81.39112875217876 -0.04323498367028706 0.9976052648239121 0.053985849124298914 2.7846138347004445 0.9990648287054775 0.04314274683838137 0.0028732838158526328 19.05882210436073
0.0009010308301664141 0.05312655113375664 -0.9985873388249329 -82.54920246133919 -0.04108745951767866 0.9977464989500543 0.05304474161929967 2.8206750828032927 0.999155189788618 0.040981621932434584 0.0030818369055762244 19.053005284817722
0.000726851686186704 0.05470652464072207 -0.998502169955365 -83.74182740344621 -0.039470785910162495 0.9977259369967153 0.054635261500299306 2.8608921293050154 0.9992205028005843 0.03937195363739326 0.0028845098321517025 19.046977017508077
0.0008979003318468084 0.05747510825863879 -0.998346493592831 -84.93463708260035 -0.03906331057546037 0.9975869529906642 0.0573962461829197 2.8991562987958206 0.9992363764460644 0.038947183010311984 0.003140903191020377 19.045341804025146
0.0019056831363868485 0.06010512699092714 -0.9981901911207511 -86.09061593018389 -0.03926824289344682 0.9974266405830988 0.05998417988296806 2.947619894567704 0.9992269301519237 0.03908286401698239 0.004261003385220722 19.04801311777193
0.0018316774299330417 0.06007060447648435 -0.9981924078072958 -87.27484269922347 -0.04057512263535773 0.997376564129115 0.059947050294732754 2.9917099274871184 0.9991748539909397 0.04039197570556502 0.004264245815601116 19.033216662287373
0.0019562700491830487 0.05809322537380666 -0.9983092034718697 -88.4369790080875 -0.04010781280985695 0.9975124279527802 0.05796826306788223 3.0304428999408493 0.9991934851802077 0.039926597078815525 0.004281397425835053 19.029156422466112
0.0024113825646113495 0.05659312463396475 -0.9983943704957526 -89.6112308253862 -0.03886443552243036 0.9976483181864579 0.05645696554404687 3.071520766496335 0.9992416251109285 0.038665894268425746 0.004605173134053079 19.026884632800165
0.0023775036838531477 0.05723720741040081 -0.9983577340437549 -90.77500287069776 -0.03664931137532708 0.9976948712057615 0.05711192534652435 3.1196394059187353 0.9993254024212027 0.03645333957457454 0.004469728999135649 19.023313253951393
0.002936702199041087 0.060339576281695 -0.998173545473013 -91.92502671787813 -0.03471233901605121 0.9975824811601403 0.0602017180328306 3.165472223440031 0.9993930727068474 0.034472143876598346 0.005024132025220827 19.022939592483333
0.0028976784548499666 0.06249717180355927 -0.9980408922231103 -93.09605678821202 -0.032346095911109755 0.9975287290739209 0.06237118552360292 3.219824980115914 0.9994725699170667 0.032101994621154095 0.004912058551026222 19.02025646256483
0.003207895487306913 0.06445704860367267 -0.9979152839144372 -94.25771891741005 -0.03369216404159288 0.9973608601408539 0.06431292852943307 3.251056424259298 0.9994271519044744 0.03341561615502898 0.005371128388929554 19.017519511550546
0.0036582410101411735 0.0660605609639793 -0.9978088670381112 -95.40850968485631 -0.03596558294036434 0.9971787115933703 0.06588697923617139 3.309615598284522 0.999346375681229 0.035645747022326875 0.0060238281727152685 19.023430145511757
0.003871311132614137 0.06557681896751051 -0.9978399718114772 -96.58214561641637 -0.03811816620990345 0.9971319607638295 0.06538240043931887 3.366987333538585 0.9992657818727331 0.037782714229939174 0.006359877676182058 19.01398579147142
0.004482081564631494 0.06228927143552958 -0.9980480314995468 -97.72893215227522 -0.04113886617722957 0.9972246499604548 0.062053132790949705 3.403981854567263 0.999143427689321 0.04078043721370037 0.007032153751756876 19.00582209599987
0.004514527360176388 0.059930855886042085 -0.9981922796338951 -98.89130879952738 -0.042172060671422096 0.9973258483909567 0.059688102093832164 3.459481637606912 0.9991002055848983 0.041826361840851776 0.007029864050445134 18.997196408666426
0.004618235236460015 0.058660459777523134 -0.9982672677815306 -100.03830151325504 -0.04250884897337329 0.9973870997392111 0.058412080428078654 3.4914442576161813 0.9990854588671328 0.042165431833151794 0.007099758404091297 19.001846447417368
0.004933895115191829 0.058535457426831104 -0.9982730951319251 -101.18210312524083 -0.04061951916061163 0.9974731016999382 0.058287787251520874 3.54506070204857 0.9991625472375594 0.0402617872889765 0.007299111329014205 19.000531566479033
