1.0 0.0 0.0 0.0 0.0 1.0 0.0 0.0 0.0 0.0 1.0 0.0
0.9999998590898018 0.000530677731511236 1.4195838106344153e-05 -0.02325325023374869 -0.0005306818275303027 0.9999998171076432 0.0002901059772155263 -0.01745848868083566 -1.404188272814728e-05 -0.00029011346980994517 0.9999999578184992 0.6572172838310413
0.9999991838802411 0.0012739370242464295 9.655728854450394e-05 -0.012545951249596232 -0.0012739766000577234 0.9999991040631914 0.0004109214486877997 -0.022339220426980333 -9.603371398773462e-05 -0.00041104412505285675 0.9999999109101225 1.4345673209506022
0.9999984652983976 0.0015551612549659652 0.0008067678231942553 -0.02381735054952694 -0.0015555758439874737 0.9999986582415652 0.0005135161760159615 -0.03184950274556764 -0.0008059681402459851 -0.0005147703764593306 0.9999995427133037 2.1815034431741047
0.9999845560676024 0.005507352026610536 0.0007461232706774868 -0.035142025038660485 -0.005506916297273418 0.9999846658278989 -0.0005847922367283586 -0.05892950252540774 -0.0007493324862049378 0.0005806743668375191 0.9999995506589514 2.925042793258891
0.9999829288487206 0.005754281287319314 0.0010150162564971344 -0.03757130586696 -0.005753991196731711 0.9999834040422715 -0.0002884880226360941 -0.07416722716094482 -0.0010166594525605184 0.0002826427032089933 0.9999994432581749 3.6482634143843877
0.999983087624862 0.005522132614622719 0.001824970036446604 -0.04992595010163292 -0.005522479378119342 0.9999847338769313 0.00018502594729864294 -0.08354563111513436 -0.0018239204384113015 -0.00019510117746237405 0.9999983176234672 4.334793257559477
0.9999791648223028 0.006053755931189425 0.00224097309568126 -0.05734959834207043 -0.006057948877415532 0.9999799038400032 0.0018690028187356021 -0.10459019232598488 -0.0022296135738280507 -0.0018825395781790577 0.9999957424249606 5.022418604408145
0.999978946179062 0.005424257142483643 0.003561549250648767 -0.0353026399324925 -0.005451106407120261 0.9999564687115554 0.007572722156169231 -0.08046524246396558 -0.003520317819577382 -0.007591977105372428 0.9999649840099806 5.680362403627825
0.9999787892107915 0.004503096343632857 0.0047056616792167365 -0.031731977526749944 -0.004551853053826841 0.9999355326360185 0.010402461521102455 -0.12143737206964955 -0.004658515031172032 -0.0104236603571687 0.9999348206470573 6.310411819690029
0.9999762036596116 0.003910710212487514 0.0056831734220565725 -0.03248764530628012 -0.003978924876313178 0.9999195808325784 0.012041595593167406 -0.12806150398304705 -0.005635625195120814 -0.012063921967365273 0.9999113468280203 6.932247438975808
0.9999669948681524 0.0037447745239018496 0.0072101205344562245 -0.030772252207452055 -0.0038350843705196066 0.9999138583113526 0.01255261266729707 -0.12294254910183433 -0.007162492738373134 -0.01257984978723221 0.9998952175488707 7.510990435650779
0.9999531584862437 0.004816885495471344 0.008395144281597653 -0.027237800618645558 -0.004906238719144412 0.9999311917086563 0.010655546430719583 -0.13223108609624523 -0.008343240079015598 -0.010696235890722047 0.999907986208108 8.056960196240313
0.9999400820098652 0.005736804793632966 0.009323167962863413 -0.025101847496207697 -0.005812748039688401 0.9999499825149367 0.00813906804275876 -0.14251776306277097 -0.009276009396885686 -0.008192773592459887 0.9999234141225675 8.581651278950035
0.999936445284021 0.004136263225188084 0.010487932078723908 -0.01226270082872638 -0.004214264162591395 0.9999635462324578 0.0074260476550471535 -0.129250425606533 -0.010456833666261848 -0.00746977461099665 0.9999174251391647 9.078832881543601
0.999924047276142 0.0005611139742340897 0.012311979126350753 -0.006187246648275746 -0.0006164600266056951 0.9999897210540143 0.0044919665348767 -0.1579542019525828 -0.012309332066987824 -0.004499215200762696 0.9999141150152057 9.550032484549988
0.9998956379615892 -0.0009631900770824412 0.014414765008912122 0.00930416590275307 0.0009107244590185531 0.9999929392072437 0.0036458355170445535 -0.19298751728869856 -0.014418174861836459 -0.0036323271511536632 0.9998894551064735 9.986004466964937
0.9998596477190944 0.0025896216849903226 0.01655230263670711 -0.006103717699504685 -0.002619925891510964 0.9999949310297852 0.0018093930082413762 -0.18360579514619957 -0.016547533090207244 -0.0018525048620476488 0.9998613640772227 10.403129343486057
0.9997746288504955 0.0075738585610208775 0.019832502952260984 -0.010391223419965456 -0.007591698745976813 0.999970842806001 0.0008244076698541036 -0.19359406573166282 -0.01982568074503683 -0.0009747842599421495 0.9998029766802269 10.772975574232193
0.9997095478190969 0.008008857345663731 0.022730556600168605 -0.0035066872594669007 -0.008040306993418012 0.9999668408671369 0.001292528394025215 -0.19096781187087508 -0.022719451199099287 -0.001474913629530911 0.9997407919891022 11.131901623958253
0.9996524646336302 0.004034025823911474 0.026051421987306627 0.020660455106334297 -0.004090361690096324 0.9999894092923372 0.0021095602401773154 -0.18603149600232527 -0.02604263606382618 -0.002215386831855779 0.9996583782312998 11.460197822335907
0.9995844509494342 -0.0010164534583631934 0.02880785036210221 0.03817886826945838 0.00094008958742177 0.9999960090721813 0.0026642205759825756 -0.20874926872366473 -0.028810443448269104 -0.002636031501490311 0.999581417237354 11.740618152293003
0.9994975732167676 -0.0043840019864926725 0.03139078941942618 0.035580417071255255 0.00427299934687082 0.9999843821042484 0.003602363691512507 -0.22659782355025726 -0.03140609193092913 -0.0034664209448239803 0.9995006960054903 11.985068708691912
0.9994191353825194 -0.005212097113047192 0.033678270070501795 0.061074042123859584 0.005055993793022829 0.9999760854110488 0.00471863674803449 -0.221328510385975 -0.03370205866148842 -0.0045456187344686105 0.9994215870153589 12.2276734840813
0.999355596481955 -0.004655084271279694 0.03559103778513718 0.06211078918718016 0.004510115161515619 0.9999812080714389 0.004152392709705923 -0.2145786879584639 -0.03560969869888884 -0.003989197214106662 0.9993578116291288 12.42451532801369
0.999274866958354 -0.0036945914096780863 0.03789578155520078 0.06581236232359977 0.0035763963452206692 0.9999885284828834 0.0031862661249743595 -0.2197486416587049 -0.037907118784548305 -0.0030484253234743623 0.9992766170828283 12.632460607622187
0.9991883810035225 -0.0022426746013013837 0.040218772708679434 0.07605070227091915 0.0021622263849573366 0.9999955741210085 0.002043652478948553 -0.21066554242442148 -0.04022317795276666 -0.001955031720253131 0.9991888078868542 12.805967834294506
0.9991227794528803 0.0015081936554000204 0.0418496945060413 0.07757292800714488 -0.0015733646809300323 0.9999976004055809 0.0015243709066420294 -0.23487453319028262 -0.04184729503721804 -0.0015888785284048084 0.9991227549020641 12.969891784023774
0.9990641439203625 0.002336866614734971 0.04318999174691049 0.07621107199671329 -0.002335576339454909 0.9999972693110165 -8.033475350517311e-05 -0.2249454024907358 -0.04319006154007931 -2.0613951087637822e-05 0.9990668737172848 13.124583542643418
0.9989802050323232 0.002216426078355369 0.045095869090382615 0.1073663220206349 -0.0021501236465590163 0.999996535241811 -0.0015187075683878398 -0.23394029293061713 -0.04509907894716086 0.0014201971035588635 0.9989815093975989 13.27440006221693
0.9989307874849697 0.0006408463540987825 0.0462263034495385 0.1125294298943107 -0.0004966499433688699 0.9999949757766728 -0.0031307763007209504 -0.24047362826732677 -0.046228077544844204 0.0031044705445280934 0.9989260869099105 13.432935941777977
0.9988476438711635 -0.0006290515250337784 0.0479894637103201 0.1162846591083877 0.0008070508284618164 0.999992866823452 -0.0036898470394259434 -0.23744086400594444 -0.0479868002890957 0.003724324958020444 0.9988410265911296 13.551088443284533
0.9987710313133608 0.00015175803385461678 0.049562122419697235 0.1222357358366537 0.00010180060652751068 0.9999869212422394 -0.005113411884821566 -0.24810329089616445 -0.049562250210037934 0.005112173115856347 0.9987579531799239 13.684630024354943
0.9987151540440493 0.0012906390546292318 0.050659405184048024 0.11717840232620524 -0.0009212526604932084 0.9999728262324606 -0.0073142388667898515 -0.25027233502956214 -0.05066746861948425 0.0072581710847561915 0.9986892041952781 13.800850611108242
0.9986651996062349 0.0015922910162550971 0.05162638574177528 0.11980852540281006 -0.0011079905381401192 0.999955128675236 -0.00940813440909227 -0.24746757187693458 -0.051639049685353586 0.00933837488065816 0.9986221524191129 13.91204430591959
0.9986172879951418 0.0009051496669480241 0.05256132438693266 0.13633718176112453 -0.0002871978945554167 0.9999307706300891 -0.0117631400776076 -0.2574782060516565 -0.05256833300188719 0.011731779540908493 0.9985484143065905 14.051809923578908
0.9986566599594363 -7.777106587075473e-06 0.051815783871128195 0.14570508748793998 0.0007112954840737766 0.9999078212755396 -0.013558872030449145 -0.26843857587538267 -0.05181090210947105 0.01357751418781704 0.998564610594168 14.197076056672103
0.9987424970553394 -0.0006795031601461851 0.05012946090993585 0.13792179476135047 0.0014239961702396716 0.9998892054586942 -0.014817187387904813 -0.2615943639558447 -0.05011383851365387 0.014869938891484863 0.9986328094483933 14.308163733571439
0.9989001694947134 -0.00046507152758715523 0.04688533983994731 0.15103767665190482 0.0011962118072041746 0.9998781056363528 -0.01556736799754842 -0.26525212567756196 -0.046872384841667995 0.015606331328439017 0.9987789655182581 14.435217787683985
0.999068422255621 -0.00017270641211903834 0.04315388538891401 0.15167759496361732 0.0008977445615955498 0.9998587624006723 -0.016782410592578477 -0.2604556689361104 -0.04314489200781987 0.01680551763829301 0.9989274712763397 14.561862778459968
0.9992994054678275 0.0005033015258999859 0.037422518878618076 0.1629119042174505 0.00016694341861029206 0.9998396800910784 -0.017904922375283155 -0.27219281405570595 -0.03742553087855244 0.017898625727802667 0.9991391138552801 14.698771906179225
0.9995263775485018 2.6831070532130213e-05 0.030773687865826634 0.1579891467383998 0.000544050990789908 0.999827925852357 -0.018542456533398016 -0.2762217890524017 -0.030768890023676377 0.01855041686505153 0.999354370301568 14.802431385811222
0.9997085099993841 0.0003757634833759307 0.024140294874252 0.14998775446224677 9.94719323742521e-05 0.9998062821848989 -0.01968217998456747 -0.2797614279540177 -0.0241430143135845 0.01967884410769087 0.9995148112731693 14.940817328594623
0.9998769789848855 -0.00014074019135972812 0.015684613105122577 0.14427335901724625 0.00046854003950674156 0.9997815086083436 -0.020897739472384776 -0.26494479579090413 -0.015678245000325323 0.020902517480505204 0.9996585804146768 15.08498312100253
0.9999809718839243 -0.001335747311944612 0.006022594889315742 0.1391509690232411 0.0014681421519999807 0.9997561778792513 -0.02203246129901053 -0.266787674890697 -0.005991696646501741 0.022040884088200926 0.9997391154695843 15.206233052858446
0.9999712015329401 -0.0029811190937064132 -0.006979185748867205 0.14758019177886794 0.002812548691056118 0.9997070464307335 -0.024039777174500815 -0.2709470058913297 0.007048806610234853 0.024019455566027113 0.9996866409428923 15.360037552506963
0.9997287333804528 -0.003696813291563401 -0.022995504452021205 0.1521121990755212 0.0030978214064722696 0.9996563748023812 -0.0260295182340104 -0.2945176112909902 0.02308382888624002 0.025951221328646516 0.9993966534642301 15.525493976780469
0.9991156828483355 -0.0031945210115503974 -0.0419243046693789 0.11165693927003595 0.0020599681383660566 0.9996312205084272 -0.027077287827641863 -0.2883060649190714 0.041995342810519594 0.02696698018575325 0.9987538100862935 15.706910204475765
0.9979335304059245 -0.0026550761513339837 -0.06419984004807464 0.0879964902356889 0.0009033087480229674 0.999626882606848 -0.02729980957846988 -0.28457537525337706 0.06424836904446288 0.027185403074914818 0.9975635824020346 15.900192104849172
0.9961826386905784 -0.002462430481009601 -0.08725873484988678 0.05535232473997098 0.00015209493119285817 0.9996495011908261 -0.026473602627235054 -0.2976488960187602 0.08729334017328329 0.026359271709571874 0.995833852385192 16.087646637303273
0.9934379903345467 -0.0014911552687396027 -0.11436230067649825 0.012424247523306065 -0.0013109026898201466 0.9997008675295486 -0.02442246905630228 -0.3094336183064712 0.11436450889237929 0.02441212642587143 0.9931388660148047 16.33445247155314
0.9895288802110319 -0.0005787332579839416 -0.14433385013958885 -0.04891517418145597 -0.002737631840297151 0.9997368135702721 -0.022777378344884764 -0.30779482915478695 0.1443090454552596 0.022934006631531643 0.9892668652793424 16.533585041372945
0.9841755050247055 -7.624735850393421e-05 -0.17719641501933997 -0.114337275572165 -0.0034674972592398383 0.999800135701173 -0.019689213155257408 -0.3203292491796734 0.1771625010325916 0.019992069384041224 0.9839785390899645 16.810608095337074
0.9768328822746347 0.0008533618956224442 -0.21400185018009732 -0.18398125269840548 -0.004290816573833942 0.9998691254437848 -0.01559874602045556 -0.32558392280967574 0.21396053140745241 0.01615561072061548 0.9767087013240358 17.090190009315894
0.9673940581890443 0.001709768427103354 -0.2532702368468462 -0.2924128385070013 -0.004516301253517905 0.9999346723553683 -0.010500192595839647 -0.3469194341708821 0.2532357384010388 0.01130166861520606 0.9673385824430827 17.315185984811386
0.9556187857230692 0.00558962853922906 -0.29455303839200225 -0.4271379411131555 -0.007493708620802886 0.999957684791342 -0.005336005795164538 -0.32235984418768915 0.2945107480284436 0.007306482021668226 0.9556202355623251 17.61381126052047
0.9416616907325019 0.009047195974955536 -0.33643930871971045 -0.5402823354041253 -0.009668518702368284 0.9999532440731735 -0.00017150404763332985 -0.32636818283296165 0.33642202655728093 0.003414368540030247 0.9417051354508825 17.91889467243937
0.9249740425777865 0.011802776389034172 -0.3798469626399791 -0.6530834152981768 -0.010390463644716805 0.9999293805662834 0.005768201242706115 -0.33333200752806924 0.3798882188520131 -0.0013886503660012822 0.9250313577536742 18.18491661632072
0.9059164153895684 0.015273819990833246 -0.4231809999877152 -0.8474547404207868 -0.010602692636154024 0.9998541333371709 0.013390106700029065 -0.34864216623609856 0.4233237900668686 -0.007643459391044128 0.905946216003996 18.513708306965636
0.8843568623205478 0.01918044290270854 -0.4664172495487399 -1.0373934494341839 -0.011135822645540826 0.9997380039316329 0.019997923612246688 -0.3535012567417404 0.46667861909515707 -0.01249136120885675 0.884338754310014 18.810853634759226
0.8596034876813514 0.024289099798707407 -0.5103840549988069 -1.2281832729092166 -0.012985979635159612 0.9995853831603713 0.02569875687750452 -0.34161020295814026 0.5107966408454268 -0.015462904096653312 0.8595624993552975 19.091707798367302
0.8323002418476563 0.028141027222765264 -0.5536103232483842 -1.4694580002166084 -0.013950055003692445 0.9994575861499873 0.02983168538039526 -0.33630715339065276 0.5541495316119349 -0.017106024496899255 0.8322413595467272 19.388151952039316
0.8021127095540737 0.03282389179342764 -0.5962698997093142 -1.7335400841408166 -0.01592978015858935 0.9993090184407356 0.03358165819480402 -0.33629692424170976 0.5969601689191008 -0.017437826428399517 0.8020813418435387 19.622170155027433
0.7688964827455498 0.03570268104864708 -0.6383756867139139 -2.02215332654319 -0.015640450654223155 0.9991912362207098 0.03704388968592033 -0.34524737348578505 0.6391819577591777 -0.018498433059813503 0.7688330331414464 19.97344087164229
0.732501377358028 0.03976660759745127 -0.6796030820183073 -2.3126656449154375 -0.01578510393725967 0.9990161651003943 0.04144312200826205 -0.30643788350478474 0.680582517158854 -0.019629538667327764 0.7324084369731318 20.23835308959082
0.6943223426520073 0.040942643190841704 -0.7184985626031384 -2.6292480453237275 -0.014021068124020946 0.9989604652190465 0.04337509167722713 -0.2902334499391781 0.7195275492591581 -0.020042177972808196 0.6941746300169837 20.489101243938716
0.6539170009362631 0.04050498855615559 -0.7554812385417583 -2.9924237273239562 -0.011713560212985459 0.998988160710412 0.04342173727023025 -0.2826841362774495 0.7564756099132741 -0.01954483723375161 0.653729799644965 20.75597747761158
0.6114211134285027 0.03846145829314416 -0.7903701273959022 -3.361217479863207 -0.008335953404681058 0.9990757158071043 0.042169016651530236 -0.27837757883647285 0.7912614826558191 -0.019194538558839618 0.6111765994823658 21.022651269036366
0.5667125408147045 0.036639390384643214 -0.8231005109678792 -3.7164393431334695 -0.005077524031020237 0.999147066227077 0.040979980472656954 -0.29374072086731573 0.8238999422460572 -0.019044556231811956 0.5664152099342646 21.259905624139286
0.5204533630964103 0.03735728871877501 -0.8530725231896865 -4.179000439705174 -0.003957339065806739 0.999137327304876 0.041339335427499194 -0.2720612583257953 0.8538809263059776 -0.018139298929427665 0.5201522176490211 21.509946207286674
0.4715671400919654 0.037068476964290976 -0.8810507138644361 -4.607429975552133 -0.003234866153782378 0.9991820974821194 0.04030721662679753 -0.24544572664027342 0.881824227398211 -0.01615747773572036 0.4713013557022384 21.719904508948304
0.4191406642556247 0.03493992695774229 -0.9072487558941822 -5.101215841679306 -0.001348691639189086 0.9992820965318284 0.03786122794913189 -0.24374930470749945 0.9079203074049044 -0.014645581420393579 0.41888688490646553 21.939902867696997
0.3658507275866329 0.029721864138354936 -0.9301988260132736 -5.605618801641505 0.0005678281573713307 0.9994826055926869 0.03215895969768343 -0.2275643697160774 0.9306733705739705 -0.012293571889190776 0.3656445615549208 22.099438502948335
0.31210741018009497 0.026985383260014286 -0.9496634949291165 -6.092891464141495 0.0011891381112569153 0.9995846381881015 0.028794739952198067 -0.23302047577342933 0.9500460780726513 -0.010116332767979502 0.31194568333301426 22.25886319784097
0.25885069389793286 0.030870236687218687 -0.9654239207495502 -6.677621097199427 0.0010020580703853173 0.9994800445482251 0.032227882795823455 -0.1639619531904799 0.9659168256885177 -0.009309620655690274 0.25868516929863783 22.379259485922894
0.2075268855327116 0.033566851745022476 -0.9776532402876904 -7.280319975900252 0.0013171652728056434 0.9994006108051771 0.03459312356355243 -0.1360119745392545 0.9782284277492332 -0.00846673409094515 0.20735828306845205 22.49405045975908
0.1594069010155481 0.031442815742029485 -0.9867121106213463 -7.847630794401212 0.0017467205553331098 0.9994821096989969 0.03213193674436732 -0.167950627329418 0.9872114205558609 -0.006845562785865638 0.15926942391502505 22.607954426070858
0.1143727307878173 0.029562264220100335 -0.9929979612196183 -8.482282363538037 0.0015189762724675015 0.9995507741415766 0.02993230068101766 -0.13459118330194997 0.9934367474395243 -0.004931779309351238 0.11427644722173816 22.65351369707286
0.07470006235018932 0.02791773244486185 -0.9968151789073112 -9.102182587229194 0.0009874695959826672 0.9996054755510645 0.028069879802506595 -0.11466231857122366 0.9972055583422481 -0.0030811464533945557 0.07464302343727708 22.690961554134937
0.03867162584513153 0.025887327234994838 -0.9989165889317898 -9.78453616630252 0.0003911433194191716 0.9996638962152772 0.025921836559071633 -0.08201975230501546 0.9992518963511642 -0.0013931591150487263 0.03864850251021801 22.670907088535653
0.0101480529127245 0.026369880029280732 -0.9996007435217933 -10.429055156655075 7.553884670821543e-05 0.9996521953593964 0.026372004228379226 -0.022054141456941068 0.9999485043320797 -0.0003431331816584975 0.010142531422503119 22.657039140003214
-0.01162722375058888 0.03205821066626292 -0.9994183702517836 -11.149695126940706 -6.906096208915466e-05 0.9994859058229437 0.03206118045040407 -0.01871109753312794 0.9999323991642821 0.00044180331298401734 -0.011619032291691903 22.630290712283625
-0.025093377593501866 0.038297209930389736 -0.9989512731422375 -11.87539214420044 -0.00016995809034940995 0.9992657524940308 0.038313535555802185 0.009379526408569205 0.9996850971757043 0.0011311958653791702 -0.02506844392292202 22.649424955423335
-0.032720875172755896 0.040533751719034915 -0.9986422579179737 -12.653259673317567 -0.0002463869030803294 0.9991769310864987 0.040563526450003856 0.010021609634627282 0.9994644984297456 0.0015733264587509152 -0.03268395665202237 22.599528084350688
-0.03680683835568611 0.037387511794353685 -0.9986227669205652 -13.42122835971719 -0.00028831624225614873 0.9992994548890787 0.03742347301005747 0.040406748642304535 0.9993223571620935 0.001665358885379542 -0.036770274078119704 22.56397941016686
-0.03653328550055231 0.02630261215369914 -0.9989862319593934 -14.189049345736189 -0.0005500838943825225 0.9996528832471459 0.026340281383786968 0.12364275889878229 0.9993322853076669 0.0015118232568695174 -0.03650613554179233 22.542997973139343
-0.03279844220037403 0.011822022206439374 -0.999392066198336 -15.011906640912592 -0.0008648331307508108 0.9999293321551261 0.011856760074287272 0.09051142451025385 0.9994616121957285 0.001253190629438042 -0.03278590032867191 22.52676200819065
-0.027572335715215755 0.011285381564468788 -0.9995561047115623 -15.827910623729856 -0.0007657121613786601 0.9999357377967139 0.0113107896199801 0.1305383066007515 0.9996195176106224 0.0010772371539641936 -0.027561922502263237 22.523362395171908
-0.0220692810674452 0.012520722684987638 -0.9996780373383282 -16.69468461385752 -0.0005692215495517207 0.9999212550418601 0.012536335283446103 0.18572464244768128 0.9997562817106945 0.0008457061883926483 -0.022060416157663108 22.49492264445074
-0.01902399177010022 0.0029566420228987686 -0.9998146558263085 -17.552783407268024 -0.0005662865708968951 0.9999954352808423 0.0029679516502687173 0.16904314842188484 0.999818867123766 0.0006226439007491069 -0.019022230624248012 22.470968847412355
-0.016672652973160618 -0.005385379936195887 -0.9998464983815164 -18.42356898302148 -0.00045680595626779007 0.9999854313681702 -0.005378510921524894 0.18646955414259736 0.9998608973107984 0.00036706178970723105 -0.016674870149049444 22.472687645799375
-0.015428220400182636 -0.0061748024512737944 -0.9998619113807521 -19.31202926715624 -0.0003123989861042745 0.9999809121475304 -0.006170716932926201 0.2541853086500723 0.9998809291221414 0.00021715266649130444 -0.015429854910612944 22.453932231588603
-0.01621394111039529 -0.004248849909091489 -0.9998595178264388 -20.247834515529373 -0.00022732594526149506 0.9999909610425193 -0.004245722102697809 0.24633912179784545 0.9998685195747405 0.00015845412187435196 -0.016214760427092856 22.40235408589458
-0.02031120808975454 0.01031998825305998 -0.9997404426491864 -21.189287439150135 -0.00011389206697723886 0.9999466951536369 0.010324431215158691 0.24692292864481402 0.9997936996473481 0.00032356417627350104 -0.020308950039134546 22.378701014262784
-0.023858458265627228 0.024703563664010775 -0.9994100799529118 -22.164999090112914 2.025960075972444e-06 0.999694647754906 0.024710549287499484 0.31524071359893213 0.999715346468725 0.0005875308439750221 -0.023851223080265056 22.325622318103882
-0.02847244206865983 0.03542902198688204 -0.9989665181795133 -23.165455424537008 5.2329395594218556e-05 0.9993717370698898 0.0354419018612902 0.28532193424950947 0.9995945764680204 0.0009568421834335174 -0.02845640786808545 22.260383611506505
-0.031132557170563922 0.046977460269049115 -0.9984106780832682 -24.185528084523764 8.787492384791197e-05 0.9988950027173747 0.046997508702629504 0.33755530607991346 0.9995152605948642 0.0013754173642531791 -0.031102283920232985 22.2739717089435
-0.03209252310155525 0.05280694700031851 -0.9980889220452662 -25.19437872760672 2.7349981004845915e-05 0.9986033463149557 0.05283328477911489 0.3495917613360717 0.9994849019434734 0.0016682556992457067 -0.032049145229900475 22.212711579800807
-0.03356706915188921 0.05316031855047372 -0.9980216592840881 -26.22909062768991 -1.6732739252648193e-05 0.9985843643620501 0.05319085421062351 0.36599395450540584 0.9994364670095682 0.0018021607177293524 -0.03351866089478737 22.176099503732118
-0.03500617980105953 0.05130683205353313 -0.9980692242326513 -27.231517984144105 1.3323995711573664e-05 0.9986813440174357 0.051337831411146645 0.45333656857251725 0.999387095773308 0.001783843086911552 -0.0349607023046484 22.11707336484217
-0.03799868948681683 0.04883716762982791 -0.998083679184857 -28.280971556016368 0.00012521866338007417 0.9988052520265794 0.04886770758289627 0.49598960291174166 0.9992777811587581 0.001731930142126045 -0.037959405954413696 22.10152297402212
-0.042403130457478136 0.044236130364805934 -0.9981208039599985 -29.293406317935457 0.00014685908072531657 0.9990196043232588 0.04426972566223809 0.5165656628237869 0.9991005719945397 0.00173059184885027 -0.04236805508913755 22.057296138845892
-0.047857121138497036 0.038089504431552984 -0.9981276900319388 -30.32190568146438 0.0001298201886728609 0.9992728938524512 0.03812698202672891 0.5549205953730478 0.9988541831033466 0.0016950704724589115 -0.047827268718165006 21.999696834184483
-0.054620885177608984 0.037828360111039364 -0.9977903457509117 -31.368134692777254 0.00022962878829399272 0.9992825583431786 0.037872362769323833 0.5854197611055199 0.9985071387691898 0.0018395005901617647 -0.054590384359745565 21.933466362840925
-0.060676002792147986 0.03922263184069932 -0.9973865889596952 -32.39391343230491 0.00020353635350591612 0.9992281173604957 0.0392826685594581 0.6033916543970292 0.9981574932134307 0.002180510877844143 -0.06063715127041797 21.852949585527433
-0.0672917903233937 0.046236706135941705 -0.9966614179152171 -33.45900392600902 0.00034270484148981163 0.9989266563117785 0.04631865567092437 0.621336367673976 0.9977332797438723 0.0027753045722236683 -0.0672354086480283 21.784800210194568
-0.07366883175417506 0.05165698490591713 -0.9959440040174975 -34.53604403762722 0.0005344879703751284 0.9986594981404341 0.05175829495362005 0.6581284692555727 0.9972826166892635 0.0032806530335066125 -0.0735976885852346 21.682654994334868
-0.07759036395380607 0.058182631378884894 -0.9952861482143438 -35.587114647604885 0.0008470122923226812 0.9982991733364034 0.05829273613436056 0.6994966883004778 0.9969849637741246 0.003679935010612176 -0.07750767759793288 21.606809840051433
-0.08049784268730364 0.063986611269819 -0.9946988543779947 -36.6873394745474 0.0012303329597327228 0.9979429960634135 0.06409573221974854 0.7277617233020024 0.9967540236204208 0.0039357573836032314 -0.08041098314483602 21.505885648832468
-0.08153232759393157 0.06829762067916674 -0.9943278707582727 -37.71934210875203 0.0015172599645920202 0.9976566964008707 0.06840185705593442 0.8085748954734768 0.9966695427669673 0.004068308747538169 -0.08144489784276872 21.403816555722585
-0.08311514914051261 0.06970945889511193 -0.994098819697469 -38.823129597422295 0.001662712245850691 0.997558706028062 0.06981306049448203 0.8262889937019509 0.9965385629123129 0.004149622653857803 -0.08302814739889568 21.291886226239576
-0.08469280945030525 0.06997997279625456 -0.9939466441589557 -39.90055836232371 0.0017159778176677484 0.9975394269862058 0.07008671078144178 0.8675772253372642 0.9964056319830511 0.0042302500478892365 -0.08460450068990878 21.193452400786192
-0.0848738622951682 0.07070978795927475 -0.9938795467187435 -40.96553299187636 0.0018041620510890484 0.997488016343157 0.07081244418240995 0.9092198700445095 0.9963900704535319 0.004217005874778606 -0.0847882324562663 21.07956327213425
-0.0865851726500952 0.07145014284793828 -0.993678964738694 -42.07192219846701 0.0019554973844022883 0.9974351093829206 0.0715498329855556 0.9689184889996341 0.9962425326732105 0.004252018025657718 -0.08650281172064107 20.992071712655033
-0.0874058856785348 0.07407925040620159 -0.9934145538535292 -43.14644757490392 0.0023610053166888954 0.9972437794369735 0.07415706323847893 0.9900863389472292 0.9961699838896199 0.004136306748354056 -0.08733987728316345 20.88856246334317
-0.08721853417248249 0.07564780367515751 -0.9933128092881559 -44.25002753936931 0.002874012735795092 0.9971275615958323 0.07568596935194824 1.028290739503916 0.9961850567779051 0.003746425639777798 -0.08718541705656759 20.786422283581953
-0.0867934251561634 0.07608692110884409 -0.9933165063492291 -45.35197683421693 0.002992847455606265 0.9970945685810056 0.07611480913965243 1.0787646453044601 0.9962218348408998 0.0036334202116990915 -0.08676896935999806 20.68127151691798
-0.08431283905481395 0.08112648696936425 -0.9931313298262857 -46.463405926515705 0.0029741639765522576 0.9966962248573282 0.08116520007854798 1.1104658689964637 0.9964348947719353 0.003889533025919611 -0.0842755718680251 20.585791090469925
-0.0829353186400901 0.08526880340447113 -0.9929002790250571 -47.58007571354694 0.002951399371253281 0.9963493595341114 0.08531847981367924 1.1549184258885674 0.9965505617698572 0.004145470050003822 -0.0828842139025667 20.475693534819204
-0.08072437398442646 0.08210562673067254 -0.9933490028705854 -48.67081950696978 0.0026872684118763117 0.9966157549844998 0.08215726081825067 1.1968672587639517 0.9967328398489261 0.003962698050445578 -0.08067182278129092 20.38019364555007
-0.07891389688441786 0.08121090720269131 -0.9935680074508394 -49.77858055102354 0.002614893529388306 0.9966896404398232 0.08125837170264873 1.2292012818739906 0.9968780061824744 0.0038143402118480875 -0.0788650213871958 20.28742888683096
-0.07465212163337032 0.08581320752512239 -0.9935105204022184 -50.885871808108966 0.00275527553572621 0.9963044790370773 0.0858475014626536 1.2727486687807286 0.9972058309057157 0.003671302889760105 -0.07461268218428371 20.193297688230622
-0.06821434410598029 0.0925185806919737 -0.9933715898317877 -52.01793566888519 0.0029010179824859672 0.9957050485023266 0.09253669802648468 1.3210953637333631 0.9976664709976256 0.003430541316217122 -0.06818976487290099 20.10530120431171
-0.0627014923298951 0.09485983310082938 -0.9935140335816534 -53.165939800694716 0.00283499023728231 0.9954857124380018 0.09486916865957323 1.3683674271607984 0.9980282990426467 0.0031318358652447985 -0.0626873664637026 20.019846947377566
-0.05627563660707576 0.09577136297865851 -0.9938112993711021 -54.27543685872045 0.0026333811092980465 0.9953994966802561 0.09577529594120823 1.4162742304972085 0.9984117978211203 0.002772731848351766 -0.05626894285212393 19.9090713895618
-0.05107623995190699 0.09490193862145094 -0.9941754572298924 -55.42277538716053 0.0023770610715249003 0.9954835262335542 0.09490468154032783 1.4436275192760633 0.9986919281204978 0.002484158509266457 -0.05107114315798481 19.892839729345788
-0.046010346291285344 0.09277617935300748 -0.9946233601614305 -56.54632125664643 0.0020621233896753292 0.9956845192819684 0.09277976993591339 1.486716644065453 0.9989388348048552 0.002217793248670805 -0.0460031054584839 19.836392647457835
-0.040199485631905445 0.09192989640672175 -0.9949537152559308 -57.67361616027705 0.001763819936394679 0.9957635902173044 0.09193346146412765 1.5379269155117612 0.9991901171919998 0.001940758664460167 -0.04019133192174798 19.764359837980667
-0.03479022852321126 0.09109370698680089 -0.9952344329587404 -58.8210710145949 0.0014326590642696772 0.9958407988520224 0.0910991263941174 1.5652416474892448 0.9993936098891709 0.001743527794064619 -0.034776035189811684 19.71666546794284
-0.029036787282592475 0.09355719026853301 -0.9951903924040681 -59.95299947462216 0.0012489993987240661 0.9956128164847089 0.09356045987428335 1.627441839564284 0.9995775632660067 0.001473702969702446 -0.029026250442480982 19.684001830514184
-0.023221737589621184 0.09187712516192588 -0.995499545341583 -61.08290276015228 0.0009686379615687667 0.9957696654135919 0.09187946006917189 1.6829161487239617 0.9997298698367565 0.0011693220612600827 -0.023212497541170968 19.64937687897182
-0.019392553974249178 0.08794808806084528 -0.9959362743955046 -62.26476473414153 0.0008153760395169491 0.996124658605402 0.08794884695199637 1.7164950792119669 0.9998116142615417 0.0008934901864616977 -0.01938911197081193 19.60445365706358
-0.014717380656274764 0.08224466686321696 -0.9965034939623528 -63.419365502260526 0.000615560291476033 0.9966119898658472 0.08224453015954411 1.7464596485363018 0.9998915040103831 0.0005970160760541298 -0.014718144572569791 19.59268764787989
-0.011573079981575455 0.08136461874307653 -0.996617209683103 -64.57912346274982 0.0004915341960015077 0.9966843004307122 0.08136438821177389 1.789058468640775 0.9999329088563264 0.00045176513354396405 -0.011574700617722056 19.567221462217333
-0.007649925434081198 0.08346857756538986 -0.9964810460816921 -65.73288066954761 0.00032035944485748227 0.9965103585056785 0.083468573491524 1.8168425392850764 0.9999706875757305 0.00031929624856555106 -0.007649969884029856 19.548265383192344
-0.004940342996515921 0.08404969371694468 -0.9964493173248524 -66.91688305038934 0.0002070067128786135 0.9964615423189708 0.08404969855697725 1.8338870901111903 0.9999877750049235 0.00020896264189568072 -0.00494026065270778 19.528072274460747
-0.003724679417532605 0.08437416948622763 -0.996427180624227 -68.05391293748157 0.0001603541112936209 0.9964341301148513 0.08437415853694977 1.893437429639036 0.99999305050075 0.00015448549665640358 -0.0037249274403298943 19.53006215319512
-0.0025749284006109006 0.08580629522041099 -0.9963085111772756 -69.24131251692354 0.00011275407012553189 0.9963118326633589 0.08580628987142325 1.9392627610643416 0.9999966785096096 0.00010860721300503241 -0.0025751066428180724 19.524174345767893
-0.002208193070907828 0.08665833568862602 -0.9962356431783793 -70.41180960795818 9.744781167636001e-05 0.9962380859852024 0.08665833218141482 1.9719823672184305 0.9999975571906592 9.427734531770496e-05 -0.0022083307036233728 19.505471184908224
-0.00074698585175823 0.08572467291476826 -0.9963185848240477 -71.5945545450769 3.365125306175372e-05 0.9963188643817467 0.08572467173842002 2.0057273456208407 0.9999997204398261 3.050774810717597e-05 -0.0007471208381948824 19.494493401942545
0.00013150549359116772 0.08306684192039965 -0.9965439691652729 -72.75758084857961 -5.762344400841008e-06 0.9965439778286381 0.08306684188212582 2.032312016825898 0.9999999913365503 -5.1813164818570565e-06 0.00013152966744109634 19.49724520589112
-0.00028499431599946244 0.07990049925436016 -0.9968028034657325 -73.96241710771514 1.153784107264077e-05 0.9968028441431563 0.07990049921616539 2.0667652365090845 0.9999999593225583 1.1270235794976245e-05 -0.0002850050240149191 19.481619585751748
-0.0001519970453193524 0.07804531965106694 -0.996949800630634 -75.1401034553976 5.8064156720131825e-06 0.9969498121990243 0.07804531967142975 2.088912338711765 0.9999999884315918 6.07395304446952e-06 -0.0001519865893530842 19.466035913851247
0.00045458808876349587 0.08072838793216358 -0.9967360336275316 -76.3084866734531 -1.7250725165736876e-05 0.9967361371002248 0.08072838844504715 2.1181542969912215 0.9999998965260357 -1.950374443329585e-05 0.00045449699879919166 19.464938925449573
0.00019062068518171262 0.08574412642404658 -0.996317172614992 -77.50981880303726 -7.522773221488629e-06 0.99631719081097 0.08574412655071514 2.1688249490157148 0.999999981803581 -8.849536007147471e-06 0.00019056369918886898 19.449810096046306
0.0016002803377002809 0.08875001448477327 -0.9960526462149444 -78.7204662048625 -6.708323729240753e-05 0.9960539288978977 0.0887500209966229 2.1996018509892252 0.9999987173005174 -7.520647754961513e-05 0.0015999191559858059 19.459366991738396
0.001327664442065472 0.08852319820557697 -0.9960732305842707 -79.88877972544947 -5.737878210237518e-05 0.9960741135750084 0.08852320019879927 2.224279379672751 0.9999991170070125 -6.0375636346085164e-05 0.0013275315355562665 19.443325042683036
0.001111737516680345 0.08522209429277494 -0.9963613594896419 -81.05271068844229 -4.7918870164874405e-05 0.9963619786178841 0.08522209378111291 2.267264902882374 0.9999993808715463 -4.700008828383204e-05 0.0011117767382949556 19.45518496071625
0.0015599015856207136 0.08303620661748602 -0.9965453101076847 -82.25000637290982 -6.440689393013387e-05 0.9965465288288098 0.08303620734957837 2.3045126512933365 0.9999987812786549 -6.534392342385965e-05 0.001559862614616852 19.447947195778795
0.0014664091054862837 0.08209662130526381 -0.9966232961428282 -83.4167640011524 -5.722944729719064e-05 0.9966243729494607 0.08209662580084778 2.346866520986339 0.9999989231839831 -6.335103920230496e-05 0.0014661573995049144 19.43596181296621
0.001754838994940191 0.08508240969093092 -0.996372372208948 -84.58265275981834 -6.829875742562617e-05 0.9963739142304042 0.08508242107781674 2.380160988847635 0.9999984579365018 -8.125495533617943e-05 0.0017542868210933752 19.42651004884214
0.0028457290397324434 0.08800267368425344 -0.9961161735714641 -85.7445344219413 -0.00011096902652971714 0.9961202286140647 0.08800271491118113 2.4260131589589093 0.9999959447478313 -0.00013989383930631134 0.0028444538326627185 19.428922868482605
0.0026791920256994573 0.08970056153727798 -0.9959651756913926 -86.91119220572317 -0.00010867085636134656 0.9959687705000639 0.08970059297036964 2.4565889477493386 0.9999964050539054 -0.00013209272483826452 0.002678139424607814 19.42744919611028
0.003116712540009763 0.08673045118133443 -0.9962269394775597 -88.11478390674438 -0.00012391348738746393 0.9962318039832198 0.08673048701458613 2.4963852591230733 0.999995135362363 -0.0001468680421795101 0.003115715228899616 19.41571853630132
0.0037941303044104055 0.08558203495975666 -0.9963239030894421 -89.22695675224227 -0.00015018627348187757 0.9963311119506165 0.08558208225634101 2.5156241282460314 0.9999927909836732 -0.00017507539761740486 0.0037930633119863523 19.41580456420857
0.003693974743217804 0.08435186744616179 -0.9964291831379396 -90.44095912542899 -0.0001403775772455856 0.9964360154929277 0.08435192542386699 2.5561558270883182 0.9999931673990239 -0.0001717175674318546 0.0036926505852516926 19.420080995741316
0.00363266012456789 0.08445453225738281 -0.996420712230334 -91.59627113051503 -0.00012677260235746348 0.9964273176752817 0.08445462994502091 2.605860946463011 0.9999933938327427 -0.00018047611980409804 0.003630388304784288 19.417069226161438
0.0036906413437539855 0.08462129695981228 -0.9964063504752019 -92.76702816819243 -0.0001199793024500993 0.9964131667861101 0.08462143144760981 2.6561472904802486 0.9999931823624792 -0.00019275921458132848 0.0036875564329833144 19.425605262426032
0.004003503403095989 0.08729455781545707 -0.9961744988385846 -93.91376324618193 -0.00013385681621966178 0.9961825201534685 0.08729472276739755 2.692793297494802 0.9999919769892427 -0.00021613997285784695 0.003999905081121631 19.43563676328398
0.005202578293936682 0.09127839391823897 -0.9958118235805409 -95.07567191396151 -0.00018551620191740122 0.9958253715483857 0.0912786665341831 2.7520818548725003 0.9999864492896062 -0.0002901451818751224 0.005197793083525894 19.43467077185933
0.004843660006172055 0.09267280552084484 -0.995684834711587 -96.24145659642627 -0.0001831071712477964 0.9956965803209951 0.09267300798420189 2.8027881808600625 0.9999882526457541 -0.00026655950888637383 0.0048397847596536045 19.42017253663621
0.005986945614928421 0.09308141531609057 -0.9956405006853416 -97.39978383126152 -0.00024547512531568507 0.9956584515964116 0.09308161744726483 2.8236854253780734 0.9999820479509454 -0.00031286960473124134 0.005983802172840836 19.428100532828175
0.006029305139058611 0.09241421177666528 -0.9957023957695582 -98.54876501995258 -0.0002562332495795004 0.9957206044971105 0.09241435020834557 2.8848621559677383 0.9999817907462425 -0.00030206225615181257 0.006027182951551839 19.4240443157409
0.005800407125256792 0.09195904463813712 -0.995745895992759 -99.69596553294066 -0.00024952439625849275 0.995762749313211 0.09195914754808851 2.900823545491974 0.999983146365356 -0.00028493760114600816 0.005798775371275482 19.422444015240522
0.006027850556892919 0.09052290833745355 -0.9958761308936934 -100.86010673114424 -0.0002498910506764993 0.9958943292220069 0.09052304998127095 2.940762063500742 0.9999818011204636 -0.00029679888454857764 0.006025723051682114 19.42162016722444
