1.0 8.809142651444726e-20 8.673617379884037e-19 -5.551115123125783e-17 -8.809142651444726e-20 1.0 1.7347234759768075e-18 0.0 -8.673617379884037e-19 -1.7347234759768075e-18 1.0 -5.204170427930421e-18
0.999999639653915 0.00011580081758860276 0.000841000719794643 0.7949153354730132 -0.00011698343163497132 0.9999990043373674 0.0014062855863936111 0.01661629309221043 -0.0008408370334209849 -0.0014063834627943146 0.9999986575384183 0.012964701109736692
0.999999126044009 0.0006926854292147885 0.00112609862550294 1.5500119002193125 -0.0006988585146985491 0.9999846817110493 0.0054907139816195724 0.01467803841206605 -0.001122278038027754 -0.005491496166590016 0.9999842918575561 0.0269223480818756
0.9999985978903628 0.0012345905269123673 0.0011313724140933766 2.302363181214846 -0.001241592058444026 0.9999799540176361 0.006208865600657638 0.024260402873245292 -0.0011236843279684727 -0.006210261598151824 0.9999800847938991 0.04246049516501793
0.9999988420186587 0.0011004146182016065 0.001051213113416764 3.035673062017979 -0.0011079719956805856 0.9999733514419307 0.007215871676371886 0.020449347636321096 -0.0010432446494273214 -0.007217028035218283 0.9999734127200285 0.04591101254883892
0.9999982907582831 0.0015572477775278178 0.0009967245716364485 3.7591842468438954 -0.0015645567096808843 0.9999715828302073 0.007374665711215477 0.02304905726304374 -0.0009852120657562588 -0.007376212538245452 0.999972310039521 0.06884140471652463
0.9999967779908308 0.0019130260171765572 0.0016686339966071899 4.447096765682351 -0.0019254660996680575 0.9999701273987525 0.007485779212731617 0.023510640319261776 -0.0016542636597763863 -0.007488967991675576 0.999970588952577 0.08069443270324249
0.9999901248980471 0.0022579914291919697 0.0038277383784507146 5.132789299684371 -0.002288813443745262 0.9999648408855374 0.008067113844597957 0.02316340098171452 -0.0038093883246395153 -0.008075795160086014 0.9999601342519233 0.08778126913517642
0.999959100335364 0.0037523128035150182 0.008229082884147334 5.772921148891332 -0.003821156665175981 0.9999577016918361 0.008366217121321323 0.03538804111647799 -0.008197342144242274 -0.008397319560757833 0.9999311419322656 0.10363891334125559
0.9999208376945515 0.0048324135250015264 0.011617492145449266 6.4149247216828105 -0.004924933126662699 0.9999562826754108 0.00794844460708152 0.031396954896775985 -0.011578574088552243 -0.00800503076179756 0.9999009231441776 0.11177471361324322
0.9998841241770801 0.006199069010620054 0.01390358809930649 7.036280961390029 -0.006303831257289219 0.9999519763342632 0.007503781492054278 0.025605284761966666 -0.013856403938729212 -0.007590557858447758 0.9998751839611203 0.12279170910615725
0.9998744218101696 0.0076372659985693165 0.013885704081755953 7.618366182774694 -0.007742089786533074 0.999941820575907 0.007511025833924632 0.02563286389924457 -0.013827532517273543 -0.007617586980646822 0.9998753780912278 0.12212910576159088
0.999888928293253 0.008739244198631072 0.012072973428555117 8.168652930757599 -0.008844401753737872 0.9999231758927088 0.008684403851567348 0.021522326311937796 -0.011996150807170742 -0.008790217487373818 0.9998894061056635 0.1286945620904487
0.999917732747852 0.009552781410870518 0.00855991259950657 8.686054424682103 -0.009627159608856883 0.9999158932398684 0.008690468582396239 0.0190770443785961 -0.008476174506265147 -0.008772161286259404 0.9999255990583036 0.1439842957744592
0.9999157425820183 0.01061925963469275 0.007465859726919091 9.17983112664928 -0.010671157560089765 0.9999189347870424 0.006946240038622209 0.0068262960965691745 -0.007391490578955389 -0.007025324131839356 0.9999480039921396 0.13653483553516185
0.9999053032536982 0.012788547315922815 0.00508306823466168 9.654664426532637 -0.012808799267724399 0.9999100756337524 0.003971814122391936 -0.0002638462293872121 -0.005031817410137825 -0.004036546005199557 0.9999791933384908 0.15753862367921048
0.9998808261679732 0.014901660203916407 0.004034102727787821 10.094215349669525 -0.014907504837437918 0.9998878649202139 0.0014226330580163937 0.004947771890755121 -0.0040124507689311565 -0.0014826019233125205 0.9999908510233301 0.18962484236405103
0.9998539033193112 0.016934429761100885 0.002323167192378916 10.505130273125868 -0.01694693117992464 0.9998414200496056 0.005471405374385868 -0.006257813645009333 -0.0022301436546337434 -0.005509976574750672 0.999982333152654 0.16832809686410108
0.9998022117022489 0.01984124394393597 0.0013647395534031846 10.889915522861322 -0.019853398923998948 0.9997572043304584 0.009559024035468617 -0.0003555823095057637 -0.001174745272795886 -0.009584228091157552 0.9999533801860169 0.17190552625484695
0.9997351388696214 0.022910353230960852 0.0021835347882595488 11.232640451930193 -0.022932053506808107 0.999681952516213 0.010493556848518834 -0.013376187961337646 -0.0019424292264656462 -0.010540850449788587 0.9999425570704027 0.16662028116337096
0.9996471857988103 0.02643025402527379 0.002635449995392545 11.55450816158028 -0.026446965045919583 0.9996289448236249 0.006521557380433634 -0.028273826235553776 -0.0024621056798244164 -0.00658895613628436 0.999975261540332 0.18189328358328374
0.9995762262202361 0.028963813856355526 0.002909546735441546 11.842514511993665 -0.02896873908950315 0.9995789310825509 0.0016651400630041469 -0.045388893807708094 -0.0028600928089177733 -0.001748720320553533 0.9999943809073952 0.1997175287688597
0.9994998564849966 0.031366352431098296 0.004023533476839221 12.09723984914283 -0.03135820092266906 0.9995060603266056 -0.002073307811531706 -0.056202344724215716 -0.0040865781975424325 0.0019461000888893532 0.9999897562340724 0.21008429202825077
0.99941986604528 0.03367602922282503 0.005084919843812748 12.331525067751175 -0.03365985067955831 0.9994281128909961 -0.003234442049617155 -0.061083341232953656 -0.005190935008686194 0.003061407997299338 0.9999818408225271 0.20287215832367894
0.9993472710581549 0.035873299639478745 0.004258896757954036 12.529849636683933 -0.035864586922610284 0.9993544421618108 -0.00210483641320066 -0.06802908905642029 -0.004331654821112734 0.0019507189525858491 0.9999887156673714 0.2043908026075969
0.999269307800249 0.03811748603292402 0.0028120716457576086 12.720486708792748 -0.038114551486350894 0.9992727821347298 -0.0010898851825119954 -0.07654661084890275 -0.002851570340240286 0.0009819079623849738 0.9999954521913327 0.21690464668713505
0.9991781187350769 0.04048377218476007 0.0020374569259125623 12.899554884250819 -0.040485597441691466 0.9991797496619009 0.0008627081606370299 -0.08328055613407111 -0.002000860020543057 -0.0009444867778699883 0.9999975522489566 0.21725968378420282
0.999105293525654 0.0422604293267649 0.0016335734247580544 13.062129680635573 -0.042266654229018194 0.9990984181959437 0.0039850594283675775 -0.08645319383289526 -0.0014636903023472166 -0.004050539652998325 0.9999907253265994 0.22180615264064424
0.9990499859404116 0.04357452854350603 0.0006213329820452718 13.21749103027512 -0.04357700959361526 0.9990385975356358 0.0047879921582686625 -0.08795946646308048 -0.00041210113001858195 -0.004810519331720525 0.9999883444702832 0.2169162521424027
0.9989727116897447 0.04529020766075545 -0.001522625785906359 13.367925024900172 -0.04528305338737114 0.9989643118122069 0.004443962362597459 -0.10250202946154784 0.0017223167986040872 -0.004370447987258962 0.9999889663437471 0.22819411081283866
0.9988901092326976 0.04702712165388326 -0.002645657959799271 13.514630351021234 -0.04701788035843514 0.9988880795062023 0.0034530489441986873 -0.1142023470341189 0.0028051031512698354 -0.003324823207633294 0.9999905384287138 0.23408620606462105
0.9988262609891517 0.04829247562531401 -0.0037332501134184305 13.652334139668966 -0.04828400481852412 0.9988309369903385 0.002326841139203685 -0.11061310770315928 0.0038412546278039903 -0.002143853768521504 0.9999903242801421 0.23895405538055045
0.998748519807628 0.04976562354935017 -0.004977639482356234 13.781250101595244 -0.04975123520907854 0.9987572130242296 0.0029738909268291367 -0.12975522786717822 0.005119450873178888 -0.002722525448567235 0.9999831893976713 0.23609505538439324
0.9986711407412086 0.051007978758623194 -0.007357904159004355 13.915632827815813 -0.05097982222996664 0.9986918128613423 0.003964927379726519 -0.1252627356898673 0.007550521574980643 -0.00358455390325636 0.9999650696885669 0.2422837134792231
0.9986071285796723 0.05189534575635067 -0.009522386186819809 14.030093025495457 -0.051859622128405086 0.9986465289305427 0.003961041236570199 -0.12440237422951586 0.009715057517130721 -0.003461696666027822 0.9999468157425331 0.23491260475785927
0.9985369081574645 0.052778566132257364 -0.011767157870712888 14.158786504898943 -0.0527434011510494 0.9986027140901003 0.003279183877898686 -0.14273641975769594 0.011923786409980082 -0.0026537462027340203 0.9999253876908719 0.24087324471067273
0.9985438777210613 0.05220203009897432 -0.013604128760478397 14.293345169766248 -0.05217410473250048 0.9986351203297479 0.0023998415264466573 -0.15075978190444067 0.013710837361298064 -0.0016865638249904543 0.9999045796681383 0.24681019250286032
0.9986364978995278 0.050043083295159475 -0.014860514031488819 14.41547705402664 -0.050019105440175765 0.9987462963272675 0.0019810763564946997 -0.15969672993609874 0.014941022519590987 -0.001235065536485173 0.9998876139142787 0.2521833164000538
0.9987652760239838 0.04709443168731511 -0.015812587162897438 14.534520944617256 -0.04706888018958722 0.9988896749329886 0.0019843966252875455 -0.16789939470784096 0.015888484082306316 -0.001237665672538553 0.9998730040646409 0.25193318231052464
0.9989249103154868 0.043171052236591456 -0.016890346354714442 14.67095944609613 -0.04313628281853773 0.9990662721369356 0.002417639966137296 -0.17107404907131976 0.01697894742897362 -0.001686454029088815 0.9998544250124676 0.252185044230708
0.9991206437122497 0.037771514579574526 -0.018200329513084746 14.79411394369281 -0.037729893634268194 0.9992845265040308 0.0026249220867752294 -0.16154191732242335 0.01828645494257111 -0.001935917348396049 0.9998309145998905 0.2534568677509249
0.9993391620907803 0.031026213993858225 -0.01893708417112767 14.910999047501083 -0.030984258826216374 0.9995167336436337 0.00250496933139075 -0.16300685610537943 0.019005652229983874 -0.0019165624353230694 0.9998175393399259 0.2589228123275067
0.9995225416429275 0.023841495934278565 -0.019653799105461944 15.036690344961384 -0.02379287372761912 0.9997132523917345 0.0027040991330815867 -0.1591561834754516 0.019712633194062378 -0.002235187677967895 0.999803188646946 0.26454083960731545
0.9996536196909792 0.01582060689555083 -0.021032095382522143 15.173266139792089 -0.015772606178380253 0.9998726123889022 0.0024461988745505345 -0.16589712224820513 0.021068116504917585 -0.00211362060185379 0.999775808406508 0.25781481503559267
0.9997344479015398 0.0059589372087089105 -0.022260385134718192 15.317290016362968 -0.005926805740899655 0.9999812975697346 0.0015091336785058758 -0.1452998787084791 0.02226896164424729 -0.0013767999464796064 0.9997510679010023 0.26444881731811853
0.9996856304716717 -0.007029143331842925 -0.02406722610681668 15.463464994588003 0.007025685347091166 0.9999752935219137 -0.00022823489256446966 -0.1577679265046648 0.02406823578619544 5.907438466515418e-05 0.9997103163098583 0.26698832347016555
0.9994015831367098 -0.02291543408053856 -0.025910586730883724 15.60944448240423 0.022900849663910424 0.9997373716761069 -0.0008595108029838964 -0.13824612371258788 0.0259234779400668 0.00026562200579753034 0.9996638948848963 0.2741830919654164
0.9987346904780987 -0.04225440417568431 -0.02726872500456028 15.79019992898491 0.04225538950191752 0.999106696041236 -0.0005403550744449878 -0.11836492183254564 0.027267198126277238 -0.0006125792382642873 0.9996279931319547 0.27116316186721995
0.9975865088523029 -0.0639000132211893 -0.027165155368705462 15.982985598442166 0.06392365428844501 0.9979547917711123 1.8673321547986888e-06 -0.09819700757138294 0.027109477646857 -0.0017383588258461976 0.9996309590695494 0.2760568426443517
0.995817375650378 -0.08750562713213432 -0.026277739115185814 16.18099418187598 0.08754682390203423 0.9961603173746512 0.00041918098761945877 -0.060469433774101564 0.026140160241668278 -0.002717960309874512 0.9996545927040469 0.28129758371576086
0.9931666224418447 -0.11398547345481379 -0.02504739325239312 16.41993835908461 0.11405145916778518 0.9934740978733881 0.0012171755652912097 -0.013284808408127251 0.024745196082413892 -0.004065549893883786 0.999685523839824 0.2941244681560184
0.9893045142563788 -0.14397470332740722 -0.02340647076633891 16.63889655324941 0.14406228651426906 0.9895664130880468 0.002090859234299337 0.034018490167365904 0.02286122648133861 -0.005440486176995149 0.9997238445860571 0.29768608277375513
0.9839908644363428 -0.17702317824621755 -0.020610023518347953 16.906220441862807 0.17710729445325052 0.9841888253517923 0.002315664938838388 0.09944332687396111 0.01987422846976918 -0.005928778648864985 0.999784909181202 0.3059533915677378
0.976708450517045 -0.21385471235189196 -0.017514699354616515 17.179080031354516 0.21393647657470322 0.9768432284145079 0.002913947755712986 0.1801777359045111 0.01648595400316665 -0.006593110465561936 0.9998423596822622 0.3057409728988174
0.967297925508313 -0.2533263585751 -0.012668044773925418 17.4099392397551 0.25339453877389917 0.9673544298384005 0.004076124579279792 0.27186878829810723 0.011221899432680543 -0.007152840212306723 0.9999114490043705 0.3276855342416876
0.9555884668102981 -0.29453397365173184 -0.010021001150828126 17.7128249657161 0.29461848503445565 0.9555784476126012 0.008353366644266813 0.3882033575907709 0.007115502452126692 -0.010934753001884725 0.9999148967795417 0.3189225648385047
0.9416273873702666 -0.33657660495306907 -0.007352030502623497 18.000235885695602 0.3366429204988945 0.9415627135012231 0.011454284010305796 0.5141865118288268 0.0030671537654369915 -0.013260676546821394 0.9999073692224194 0.3307422727492204
0.9252047262294517 -0.3794499175370882 -0.0037382674840275086 18.251001497959194 0.37946364583124675 0.9250994507543202 0.014083597072946766 0.6611153063786372 -0.001885750551708644 -0.014448747182783103 0.9998938331891565 0.32774531166501664
0.9060052805994316 -0.42326136645808327 0.00206087117047721 18.59357560018588 0.42317269041684824 0.9058964338257531 0.016629048894903412 0.8399812609128601 -0.00890536980206471 -0.014193901712315275 0.9998596039159046 0.33524537687758577
0.8844107667954193 -0.4666667975420202 0.006300448254984937 18.8884179669268 0.4664627405625894 0.8843017149925463 0.020566684907387237 1.0308938478579235 -0.015169286178891178 -0.015250473209589064 0.99976863114608 0.3424188795401664
0.8599204227271289 -0.5103754233393079 0.007334427586270665 19.149632173030444 0.5100673689483453 0.8597640861302747 0.025238766504852298 1.2362495431525664 -0.01918712357047461 -0.01796227858029265 0.9996545457493281 0.3370477122826572
0.832026219948404 -0.5546839049312059 0.007624626458988997 19.466350069734276 0.5543000464514066 0.8318383522737257 0.028220811301262205 1.4716967355910269 -0.021996086523258886 -0.019254124150474165 0.9995726341196318 0.3390411646923724
0.8021870976316876 -0.597046675808581 0.005579184454061175 19.727396120141503 0.5966138988622741 0.8019018939105922 0.03170501895538651 1.7262333887079049 -0.023403334753949755 -0.022104738146569918 0.9994816979184091 0.32495264848879074
0.7686090612999661 -0.6396980139467239 0.0051538180218188845 20.03397218074784 0.6392214138304996 0.7683041907330694 0.033236344602565845 2.0045816575115856 -0.02522092361754935 -0.02225132478348815 0.999434231731762 0.3184356884219502
0.7324571109431415 -0.6807984482662349 0.004478109770112305 20.315139261223973 0.6802049473274103 0.7320648875697765 0.037446361889580906 2.297013278215727 -0.02877169199302494 -0.024381821624668183 0.9992886052157911 0.30800468148776966
0.6940764637247379 -0.7198814740347743 0.005340959172586566 20.556483487248837 0.7192362472990147 0.6937350188583964 0.037827822839425526 2.606556954362873 -0.030936759277488214 -0.022413990074525925 0.9992699985361042 0.2851383734520418
0.6533815160838127 -0.7570067058912381 0.005782877805625414 20.85697954503073 0.756330967828291 0.6530881026860212 0.03793938894992324 2.9788659374662982 -0.03249710054664884 -0.020415125903832883 0.9992633091885199 0.29366912432252446
0.6108179933333969 -0.791732019178379 0.007860586993950595 21.117350949834204 0.7910640519273451 0.610661955838486 0.03618896848219952 3.3433582580042835 -0.033452126516158975 -0.01588664531114071 0.9993140496021783 0.27199366469925385
0.5665446927785595 -0.8239491813613135 0.011612821296704557 21.35085364079684 0.8232290442467404 0.5665587084645546 0.036127144525611374 3.728570263259281 -0.03634627619228995 -0.010907630219134825 0.9992797265080267 0.2883543066302609
0.5200743985750482 -0.8540442581241634 0.011446620110288932 21.595444770820126 0.8532833107727862 0.5201110796598368 0.03731027166493836 4.170860570488317 -0.037818137228511656 -0.009636907191948787 0.9992381690649829 0.2652727054474206
0.47144718460156726 -0.8818405578045109 0.009735642879897578 21.80805723228834 0.8811389996075213 0.47147150462782317 0.036175733505112634 4.611454188499535 -0.036491307210240326 -0.008476493084152903 0.9992980203938574 0.2277263720386068
0.4192941474478657 -0.9077791140724796 0.011379717472398364 22.028066265670628 0.9071120799785917 0.4194256602150723 0.03506836052717485 5.104541952476924 -0.036607270765254774 -0.0043812791436801625 0.9993201249450471 0.22229528354210853
0.36604753584126615 -0.9304990659071274 0.013442092489656778 22.1935651908031 0.9298967514557526 0.36629418197678854 0.03347542205848461 5.598644465470298 -0.03607260922882193 0.00024616238314495095 0.9993491413252455 0.20349473340689053
0.31243851607766354 -0.9498440505703216 0.013358640175995707 22.33035624467472 0.9493281789152085 0.3127108757257872 0.03143114570525861 6.087125040321336 -0.034032078818690116 0.002861433028289718 0.9994166447544803 0.19659122650003105
0.25884478009633716 -0.9658326077709661 0.012913310312000133 22.46952753033626 0.965158800682819 0.2591482414855301 0.0362032926604708 6.67957484661475 -0.038312782219269786 0.0030923617661122275 0.9992610109562599 0.1451100502733771
0.20743824083910273 -0.9781445673874661 0.014233113783189652 22.5801072627429 0.9772749893111693 0.20785876366052133 0.041573184101935445 7.265421004082321 -0.043623061612320456 0.005285797944145684 0.9990340779150936 0.11836339600647194
0.15947757033888763 -0.9870493629434842 0.01733377257457476 22.66342296288912 0.9861829374993417 0.16008588749504715 0.04261129439588264 7.824673116350154 -0.04483434335389133 0.010298725056289242 0.9989413485877138 0.12205036346967214
0.11407649321694523 -0.9933064042962425 0.018136727361737416 22.729446749747197 0.992430594400023 0.11477358610240707 0.04368683133405598 8.474199841350005 -0.045476026586995816 0.013015802597730958 0.9988806334535653 0.10525988092039375
0.07423695924250914 -0.9971191169835241 0.015567287124714122 22.74393159007987 0.9962988696616872 0.0748360742651024 0.04228621878854309 9.067565868536454 -0.04332939179437547 0.012370470265326717 0.9989842517638324 0.0854180927678777
0.038557985852650675 -0.999196861223236 0.010904780998267931 22.75840814206494 0.9985228458242128 0.038945451101399256 0.03788638549167439 9.761102170722271 -0.03828064908151411 0.009427850239684244 0.9992225515598395 0.06465321872254191
0.010222468159079453 -0.9999197174993999 0.007487302628903128 22.736713957663397 0.9992685964492412 0.010491159582173863 0.03677237714623593 10.391104542613988 -0.03684797545456548 0.007105921934663684 0.9992956182123277 0.012943870855063346
-0.011280759320018647 -0.9999220042479351 0.0053600270480975475 22.750543331778342 0.9990948626278774 -0.011051236428748204 0.04107706956415975 11.131173089981067 -0.041014630801053456 0.0058185560226256755 0.9991416038110237 0.001526857859402345
-0.024586641822978154 -0.9996825529573433 0.005503667555127172 22.722385681181073 0.9986011251595104 -0.02430151111841417 0.046959869969172306 11.869750735474726 -0.04681121525904406 0.0066505541160395525 0.9988816147351604 -0.03810578900571942
-0.03222655659571859 -0.9994675960691084 0.005096416174191132 22.68988079296163 0.9982786750131064 -0.0319373933487692 0.04919034376951055 12.628703026770914 -0.04900138838910158 0.006672878983137873 0.9987764197366781 -0.06049317649157169
-0.03668266916249414 -0.9993112960965231 0.005596005450515704 22.655805192587994 0.9982600059625023 -0.036384233508242346 0.046402026332507985 13.398886120456952 -0.04616646270681858 0.007288418614822732 0.9989071712002248 -0.10532658845408537
-0.03634191801489136 -0.9992512826069414 0.013271744549284375 22.626330889530472 0.9984392530352452 -0.035742426317718394 0.042913132714173116 14.171017154320785 -0.042406638553659004 0.014810576265122707 0.998990652527477 -0.155143152931922
-0.03274978940698739 -0.9991553679385718 0.024819387851741904 22.622942726601053 0.9986560887642376 -0.03171522337189249 0.0409897667788711 14.987557989144904 -0.040167993077987574 0.026128439027392758 0.9988512586997518 -0.1258848356735928
-0.026854656110241275 -0.9992933943200296 0.026297138885332985 22.61172714867445 0.9988052409085387 -0.025748530216225238 0.04153437040982114 15.810253741869774 -0.04082790931258631 0.02738111137368144 0.9987909473764294 -0.17113735487548748
-0.02196163724864568 -0.9994485850700285 0.024904061734523315 22.584159054185765 0.9989942780176568 -0.0209640346675138 0.039635107397860345 16.686646583959483 -0.03909116239432569 0.025749467023170197 0.9989038221824378 -0.2584386927377182
-0.018505738271995614 -0.999415219987938 0.028753359933573742 22.576812761415052 0.9992528251186781 -0.017511457366800855 0.034454903181280035 17.541600899096807 -0.03393124140595304 0.029369489565737483 0.9989925444863434 -0.22435701196572444
-0.016009103295600267 -0.9995182027458829 0.026590806518623417 22.556446873426456 0.9996059722502723 -0.015385933672620132 0.02347708002732759 18.42073255323887 -0.023056644449238724 0.026956176002204 0.9993706798391072 -0.23670459300134178
-0.0152686165399614 -0.9996840518080936 0.019966619881900273 22.52372813042761 0.999780520490112 -0.014977512097451358 0.014648719394250874 19.32329598803792 -0.014345040867018143 0.020185903297186787 0.9996933275312986 -0.2928071248525846
-0.015932700242915113 -0.9997792488019078 0.013696814522444237 22.493295940870357 0.9998098524109259 -0.01577616384348392 0.011461748401795034 20.24396671732483 -0.011243135017063217 0.01387682670773031 0.9998405000776431 -0.2874975895598614
-0.019947356267210854 -0.9997924018326564 0.004154060138848677 22.461874696888092 0.999653725517227 -0.019872925070713848 0.017248069708297672 21.19179399874733 -0.017161935714757433 0.0044966750852157905 0.9998426115522885 -0.31166865441563363
-0.024307983373005944 -0.9997037583303593 -0.0012318784405183874 22.414249049273177 0.9993919616417583 -0.0243311760320893 0.024974004058897572 22.161890012594725 -0.02499657876942394 -0.0006240617357527959 0.9996873419208497 -0.36027709818558873
-0.028731167095290146 -0.9995831641242705 -0.0028316137897301235 22.36587347556918 0.998974828797104 -0.028812591436387553 0.03491598494266857 23.132320075589792 -0.034983016838737176 -0.0018255339031307235 0.9993862396285177 -0.34060852215500653
-0.030595020386453516 -0.9995215549217074 -0.00453938040319006 22.342914175245557 0.9985167780183211 -0.030768258532161436 0.04491723814760742 24.16179192404077 -0.04503541654590637 -0.00315840367756361 0.9989803980773327 -0.40018208911712316
-0.031866998739322396 -0.9994876020266428 -0.0030046274942899017 22.31110700357709 0.998100491047397 -0.031981064844458215 0.052655685945201786 25.16355516559901 -0.052724796465166056 -0.0013209414998313594 0.998608206931658 -0.4170673057909621
-0.033355857052134424 -0.9994417729872945 -0.001878618729496665 22.26909824730348 0.9979497803839623 -0.03340867412614662 0.054590258514997984 26.21496831606256 -0.05462254691900537 -5.386228906105808e-05 0.9985070728176816 -0.44400690967175377
-0.03516437998958106 -0.9993772324414872 -0.002934903327516645 22.229034548180305 0.9980649548230179 -0.035268596091345 0.051210077952224306 27.18935084533833 -0.05128169589703209 -0.0011284535165797423 0.9986835906625208 -0.5064723952441802
-0.03790620173447009 -0.9992687173337729 -0.005015020257392916 22.208090496051753 0.9981875157109051 -0.038098982579699674 0.04658487957785503 28.2492828720697 -0.04674188003233472 -0.003240074768912731 0.9989017462025654 -0.5519571883044563
-0.04224248186916003 -0.9990935119056239 -0.005265661745755781 22.14223382102945 0.9982576583043723 -0.042423287942953816 0.04101112381757195 29.259325746234396 -0.04119733440654473 -0.003524075509443419 0.99914481459376 -0.564519508954641
-0.047505890517324866 -0.9988589929216054 -0.004889031171137099 22.08070086939754 0.9982041492138278 -0.047652422838095544 0.036300455781678245 30.294591288944808 -0.03649201088531805 -0.003155765722571393 0.9993289619961239 -0.6097232240076764
-0.05431768371281838 -0.9985021828758323 -0.006555915517483302 22.01681589388887 0.9979369990823429 -0.05450963670659372 0.03391821588237239 31.34788502449459 -0.034224773170939686 -0.004700031735352854 0.9994031091622061 -0.6412211861266803
-0.06039444807298733 -0.9981549113044226 -0.006267669488711722 21.951155531104003 0.9974859584407443 -0.06058479332927875 0.03675929176138228 32.38717190741451 -0.03707119306832575 -0.004031855169654829 0.9993044935295657 -0.6605233397567433
-0.06704929657289918 -0.9977155540059094 -0.008250159014273825 21.865117966448288 0.9968816972840612 -0.06733350611831301 0.04114706033077785 33.46523254868039 -0.04160857422610126 -0.005465551069791388 0.9991190391051381 -0.687290318032832
-0.07297665290073566 -0.997270247560713 -0.01124550850783102 21.76820784153817 0.9963268567487686 -0.073404866278494 0.04409671334413644 34.54298400641986 -0.04480181528157175 -0.007986171600370533 0.9989639725288622 -0.7334914670716204
-0.07696238235730682 -0.9969230210667784 -0.014875542644736525 21.68329509028972 0.995907643030147 -0.07757586687008315 0.04636756876840189 35.575326404896025 -0.04737887985194514 -0.011246108057581528 0.9988136797208637 -0.7657424377350014
-0.08023276103930654 -0.9965894629085532 -0.019291098352635178 21.569230805315616 0.9955446415460478 -0.08108037225147618 0.048133563388899486 36.66591919858576 -0.04953353152118963 -0.015343260905151857 0.9986546017516946 -0.7908083190000706
-0.08163620245559744 -0.9963846663629237 -0.02351865398941984 21.485103980043878 0.9953752650859115 -0.08270687639824548 0.04886362912839115 37.71096531658321 -0.050632125214929706 -0.019420845328942032 0.9985285267146498 -0.8544062820089572
-0.08301797166077482 -0.9962431315831174 -0.02465033782312285 21.387305131571143 0.9952642794695636 -0.08414080401063204 0.04867585759259449 38.825446459946996 -0.050567088044111454 -0.020492629746025778 0.9985104014144426 -0.8804496719502887
-0.08471898527198048 -0.9960888140174038 -0.02509518128820747 21.28555615380526 0.9951409567327916 -0.08585284304296109 0.048205451708131966 39.909230256752565 -0.050171403881397535 -0.020889325763239232 0.9985221411174252 -0.9214322148214641
-0.08539817265751198 -0.996001196949041 -0.026244385739341618 21.19764025667051 0.9951076782962285 -0.08657569817125915 0.04759576748040654 40.95676675699139 -0.0496775673986525 -0.022051398192328334 0.9985218450965986 -0.9608308252875165
-0.08622265506947982 -0.995868117380711 -0.028501693587711992 21.09350060241772 0.9950612229011393 -0.08749453791888019 0.04688143036267917 42.08109656241538 -0.049181464305758586 -0.024318688676817128 0.9984937580925488 -1.0013607607054336
-0.08705844893571203 -0.9956922622479633 -0.03190212169184231 20.976735755916675 0.9950795785187024 -0.0884362056442151 0.044672921846409926 43.16698242698373 -0.047301785208904906 -0.02785599452159607 0.9984921555451817 -1.0425588996723003
-0.08665264135411344 -0.9955351375666115 -0.037431398806122826 20.86813599494669 0.9953346481741276 -0.088113095737831 0.03930674882995763 44.24200662228684 -0.04242944603033296 -0.03385073455219918 0.9985258483784161 -1.0847352268929649
-0.08614823116928233 -0.9954926294021713 -0.039659892490462055 20.754832402720456 0.9954113196944019 -0.0876689057849765 0.03834667629291999 45.346077343045614 -0.041650772989861445 -0.03617440758901282 0.9984771531411878 -1.1192340366975502
-0.08419180958889495 -0.9956398059602852 -0.040163615194760416 20.66304836202282 0.9953996696131544 -0.08588455156379263 0.04246576899938667 46.44876713074077 -0.04573004408668637 -0.03640357935769203 0.9982903097184597 -1.158645966800441
-0.08242425613445144 -0.9957614283558439 -0.04080955524643543 20.567253747556187 0.9953633568384487 -0.08429026814328389 0.04633506835678969 47.59238881939703 -0.04957852220445276 -0.03680120235892874 0.9980920005896049 -1.1876956931715377
-0.08086023328762565 -0.9960089639877333 -0.037785795330427155 20.482540068090643 0.9955244510013446 -0.08256520722259615 0.04597884312117002 48.6571254472853 -0.04891513192399839 -0.03389882317089971 0.9982275189837664 -1.2359836339130388
-0.07889625557784716 -0.9961825346789884 -0.037359583192816764 20.390236374338052 0.9957430455065873 -0.08054227846391619 0.044818843192428 49.76922995702191 -0.04765677476562474 -0.03366450624005882 0.9982963151482387 -1.2729578162603719
-0.0742472621900042 -0.996381783588466 -0.041360432666451286 20.286221163176364 0.9960623409056972 -0.07611069723959314 0.045463994491966996 50.90159083356314 -0.048447467289337125 -0.03782199226336796 0.9981093826903334 -1.3158663190918765
-0.06810714519883426 -0.9965823692076716 -0.04674396385939971 20.196409020876178 0.9964541513475319 -0.0702688934171997 0.04627533771019213 52.0202534233792 -0.04940183230544198 -0.0434265356935847 0.9978344526836698 -1.3568894331295076
-0.06276614759662588 -0.9967921436267887 -0.049657155776283116 20.10998495557282 0.9968068571135368 -0.06507250624875423 0.046278056808156644 53.17314409154379 -0.04936091902823231 -0.046593898038448274 0.997693594415776 -1.3997778117062452
-0.0566211408597101 -0.9971127681729927 -0.050598161568742125 20.04233411381252 0.9972320310070956 -0.05892866188765405 0.04533970822131069 54.27106592961855 -0.0481904839279282 -0.0478909214206849 0.9976893990136759 -1.4475505199253764
-0.05105355220048823 -0.997436957999 -0.050130326404415074 19.97227700537024 0.9975670260895456 -0.05331754886293421 0.044914000513298365 55.42944201923599 -0.04747171017113208 -0.04771534135841214 0.9977322701669413 -1.4825359790540003
-0.04557879107670251 -0.9978121538252147 -0.047890285890486786 19.904939278044445 0.9978636974286574 -0.04772251195208931 0.04461617651694901 56.555611440442746 -0.04680400792662058 -0.045754426361489305 0.9978556595572007 -1.5151243471646325
-0.039763341184325965 -0.9981115872673831 -0.04682025267385624 19.849890060138303 0.9980897638201419 -0.041892485738235494 0.04540752136072809 57.671952464577075 -0.04728318998663403 -0.04492526016904735 0.9978707436053185 -1.5610277917808333
-0.034818773293037904 -0.9984201323202908 -0.0441009342746941 19.800414941351423 0.9982059319701007 -0.03689423839262317 0.04715646883653377 58.85802285498263 -0.048709038237997694 -0.042379883800703705 0.9979135108028993 -1.5972767443703457
-0.029321059564050126 -0.9985203376419646 -0.04579749754537371 19.753936442204814 0.9983618496810375 -0.031506894600788225 0.04775911111057723 59.99700151035719 -0.04913138067975562 -0.04432212661856275 0.9978084267656337 -1.648738794441185
-0.023127193524302238 -0.9987167931625296 -0.04505441126951401 19.72214551244469 0.9985390052596984 -0.025277583799108022 0.04775875555592825 61.131912410978934 -0.04883633785063442 -0.043884061029400075 0.9978422727530171 -1.6837155381367706
-0.018936044924603025 -0.9988089114454318 -0.04496870711733795 19.697543321703222 0.9988062826500024 -0.020923224154747143 0.04413874069175307 62.29525839196804 -0.045027057881867304 -0.044079214014790584 0.998012819031069 -1.726646892760728
-0.01483014379612053 -0.9989177391662611 -0.044084205946711044 19.66330910634324 0.9991341139655248 -0.016518572816847456 0.03818584898126988 63.42676140459203 -0.03887273009851803 -0.04347973241707168 0.9982977630565079 -1.755023846462368
-0.01129423962121062 -0.9989460519603307 -0.044488486423419925 19.638427394857445 0.9992316952889436 -0.012944947290744274 0.03699253261975134 64.60732840798855 -0.03752944552431052 -0.04403650318211013 0.9983247603391041 -1.7929156883526294
-0.007683784247885202 -0.9990234884929616 -0.04350895194078057 19.635637982028335 0.9991678185554638 -0.009413322896175464 0.03968702199923895 65.74948290324389 -0.04005783097906936 -0.04316779808382101 0.998264449625372 -1.8271107662110644
-0.005578739659166782 -0.9990572577478176 -0.04305198491621536 19.620225789904975 0.9991674078581501 -0.007309011496194173 0.04013812931582249 66.90563557787486 -0.04041495685807949 -0.04279221999802414 0.9982662255980618 -1.8552296076916908
-0.0043616348137443086 -0.9989910869944484 -0.04469657981772123 19.607445434847786 0.9992016332884974 -0.006128879255617291 0.03947825822739921 68.09132800223276 -0.03971236804007894 -0.044488705810806134 0.9982202576986348 -1.898538583911735
-0.0027122809325248218 -0.9989571464564873 -0.04557700160887429 19.599112999871725 0.9991772597063786 -0.004551547552476558 0.040299964026403734 69.25883098971875 -0.04046538295623745 -0.045430198749177975 0.9981476092361365 -1.9311677478341045
-0.002145869975738452 -0.998952879170003 -0.045700551856719736 19.5721880559033 0.9991789911749761 -0.0039907717090013565 0.04031646482175172 70.43227378783362 -0.04045662908108057 -0.045576517408948 0.9981412937176117 -1.9641466013498101
-0.000710677748138508 -0.9989069096888065 -0.046738428654554354 19.570341209615822 0.9992555134507651 -0.002512237765346142 0.03849814930172915 71.61026345338577 -0.038573485393287456 -0.046676272745035406 0.9981650223220833 -1.9981159730051614
0.0003239177644419184 -0.9989495955124584 -0.04582140005256787 19.562820937470114 0.9993171439973983 -0.0013696440422253059 0.03692383766729368 72.77708056611684 -0.036947811710099115 -0.04580207092144617 0.9982670131328301 -2.0177698879052968
-0.00016601543535720318 -0.9991232257183936 -0.04186588430867012 19.55760043284982 0.9993289081050374 -0.0016992767868766454 0.03659024301634644 73.96940550285782 -0.03662930335767977 -0.04183171390791095 0.9984530043257207 -2.049728708580458
3.6400352253960976e-05 -0.9992120910182254 -0.039688736916158054 19.553373444461368 0.9993075188294989 -0.0014404166912649527 0.037180747848668975 75.15306127177614 -0.03720862112259917 -0.0396626066054814 0.9985201030281833 -2.081272714359888
0.0006068119064187989 -0.999234556468406 -0.03911435719397856 19.5445294316975 0.9992022420992236 -0.0009560249724843177 0.039924496241489 76.31385066807103 -0.03993133059634892 -0.03910738006617037 0.9984368290789184 -2.099206060751137
0.001052568957844125 -0.9991486060673272 -0.04124263682532804 19.536650162975754 0.9990449734037918 -0.000750853650212159 0.04368726742899647 77.5089877583573 -0.04368103953897704 -0.04124923287181089 0.9981936022497245 -2.1410173073846264
0.001826599815370648 -0.9990847518881587 -0.04273548967416902 19.531686820957233 0.9990391156001017 -4.818590500356196e-05 0.04382742496525777 78.66741329077097 -0.04378937124555717 -0.042774480975168803 0.9981246589195278 -2.180212578026394
0.0020378645495116813 -0.9990071751555284 -0.044502933564534386 19.52208848681337 0.9991233897038626 0.00017327097459906475 0.04186194123345271 79.86135821685525 -0.04181266859148708 -0.04454923080077679 0.9981317882826484 -2.201455024748469
0.002284692647032605 -0.9990006866739292 -0.04463639999514623 19.516121096960983 0.9992141735572803 0.0005143389999974195 0.039632951159789875 81.0413269563542 -0.039570387182207394 -0.0446918726438172 0.9982168206245771 -2.2410445772386343
0.0025132892997358006 -0.999094230119799 -0.042478261713747995 19.51230850063679 0.9992505949452849 0.0008683910146056201 0.03869747276683525 82.19958095085622 -0.03862553402077488 -0.042543686233935916 0.9983476863714557 -2.26805014694941
0.0023158527793696766 -0.999161992850807 -0.04086500787114015 19.508422739012506 0.999188468432653 0.0006687556433537059 0.04027353122211598 83.39263887464885 -0.04021245301039907 -0.0409251121964686 0.9983526900923304 -2.298099822815673
0.002556807041492714 -0.9991787912523028 -0.040437678584949156 19.508707340450414 0.9990728264088178 0.0008144879194069633 0.04304444378692144 84.58596768255379 -0.042976159312447554 -0.040510242174248014 0.9982544615526319 -2.3258448900377577
0.003658956830482353 -0.9991697316100522 -0.04057658769794676 19.512833957518275 0.9989542786031048 0.0018028951162465244 0.04568477678341322 85.74253640322469 -0.04557369082555354 -0.04070131451803875 0.9981314751579776 -2.364173130778788
0.0036540373416014352 -0.999115728716214 -0.04188566154395434 19.499855016518296 0.998955866433924 0.0017395751131589836 0.04565250043178427 86.92710130497106 -0.04553926798219936 -0.04200874326011421 0.9980788749198889 -2.3986652594444275
0.0036871999040110283 -0.9991348777509347 -0.04142343079094831 19.497726551248306 0.9990440880578246 0.0018761848656820475 0.043673676820934156 88.08933892864493 -0.04355817573748328 -0.041544867215751326 0.9981867106581053 -2.4286765679515585
0.004029000083056814 -0.9991848488315909 -0.04016721329295122 19.497350732937115 0.9991075798444257 0.0023333167353958026 0.042173445797408046 89.26375325605244 -0.042045345232799805 -0.04030128407883589 0.9983025570666698 -2.46078634247167
0.003903469947374192 -0.9992719020647445 -0.03795297967587898 19.49583833632413 0.9990805138861832 0.002276661634238084 0.04281289040374479 90.42793665685721 -0.04269531233390641 -0.038085201269140286 0.9983619723071383 -2.4992906257302434
0.004450252608666195 -0.9993429323838708 -0.03597080407948961 19.49727117792862 0.9989413127689204 0.0027956805093696246 0.04591772875475524 91.57857463837463 -0.04578699482631292 -0.036137067740693876 0.9982973822663664 -2.53483685104854
0.004339142878338397 -0.9994260463338499 -0.03359687111281025 19.496627366781667 0.9988401885979621 0.002720617443834455 0.048071570416533406 92.75020347599347 -0.04795257532884747 -0.03376649449104425 0.9982787057576242 -2.5790220310926038
0.004776945232848761 -0.9993790282163333 -0.03491043906369222 19.495601055951127 0.9987427157000338 0.003025959288004542 0.050038299396649964 93.91226508404182 -0.04990158945728888 -0.0351055769325152 0.998136979496237 -2.6002614206237946
0.00540489743630991 -0.9992953724222644 -0.03714223659327607 19.50289217468032 0.9986590988607846 0.00348164926376649 0.05165154771127281 95.06362951052283 -0.05148583636563309 -0.03737160384372123 0.9979742340761506 -2.6490983471490277
0.005730526163914126 -0.9992117356943206 -0.039281908311942206 19.49498658069842 0.9986828523711272 0.003715704142993746 0.05117376205235544 96.23766157732881 -0.05098746365288285 -0.03952342082189847 0.9979169192657178 -2.697150522182512
0.006405464378212023 -0.9990849041550018 -0.04228858375129312 19.488261995090795 0.9988427825078201 0.004376640853805197 0.0478951025353564 97.38442372161053 -0.04766619198273507 -0.04254643703563765 0.9979567800448261 -2.7259890442447317
0.006412036115828394 -0.9990398932021193 -0.04333794623130493 19.481354891113774 0.9989527812000746 0.0044360795394479775 0.045537480507332764 98.54700866064833 -0.04530150908618093 -0.0435845498888982 0.9980221241463021 -2.7728730211737576
0.006488150253552334 -0.9990245329633077 -0.04367935947025806 19.48787735774994 0.9990093294512825 0.004552576544493839 0.04426775029415044 99.69409702315784 -0.04402571493554717 -0.043923303430539226 0.9980643665817164 -2.7960662636733
0.006700531390476476 -0.9991044769033962 -0.04177735164746656 19.48841241549981 0.9990135172279067 0.004854173661265828 0.044141017138181596 100.83828425225973 -0.04389869331782221 -0.042031907280744595 0.9981514030924019 -2.840501877587958
