1.0 -3.469446951953614e-18 0.0 -1.7787691892340307e-19 0.0 0.9999999999999999 -3.5575383784680614e-19 0.0 2.168404344971009e-19 -2.371692252312041e-19 1.0 0.0
0.9999509398825899 -0.0014554783048404442 0.009797929370645117 0.017369899626575137 0.0014491513050543265 0.9999987368868973 0.0006528267664763926 -0.011394419377491041 -0.00979886799741235 -0.0006385960600794223 0.9999517860248245 0.26641892853814697
0.9998407779423911 -0.003469728696324623 0.017503706810512408 0.013765601308015444 0.003443500113259588 0.9999929031401795 0.001528388420789602 -0.024974307633930395 -0.017508887160532227 -0.0014678710632728454 0.9998456301971028 0.5740988764704208
0.9997972276782153 -0.006736153215865872 0.01897703278870474 0.02286997815349877 0.006753813920300866 0.999976817162156 -0.0008666763129408588 -0.01323471720034032 -0.01897075638631558 0.0009946679633969094 0.9998195442373888 0.8780434172593807
0.9998246925713362 -0.007683850193257614 0.01707461803491766 0.027681221680236782 0.007707128561374083 0.9999694573195621 -0.0012979170973981054 -0.027704563991877915 -0.01706412497245177 0.001429285887167926 0.9998533756402218 1.1629057512248833
0.9998790486214819 -0.01192975340745238 0.00997843316897803 0.027012869372579667 0.011964369380145367 0.9999225875970084 -0.003416528737257698 -0.018540245098210117 -0.00993690321091031 0.0035355012505675553 0.9999443775422913 1.5005785227010835
0.9999260001002096 -0.01201856567026152 -0.0018837223354771222 0.020246242590310527 0.012010294439064822 0.9999184432597426 -0.004342769443158449 -0.04194146250542799 0.0019357627258987933 0.004319824111527967 0.9999887959099171 1.814332048431893
0.9997843174588108 -0.011973089172952112 -0.0169694920056095 -0.009059367794855996 0.011889501957597005 0.9999167255346377 -0.005018140012959358 -0.040121157643756594 0.017028162954039 0.004815298969571895 0.9998434150468218 2.153252494164922
0.9993242067450563 -0.006873991776877586 -0.036109249411444125 -0.04679600080746688 0.006695614674465151 0.9999647892980639 -0.005058547256387642 -0.042097631543383855 0.03614275344256559 0.004813355174792292 0.9993350454931385 2.492934371800298
0.9984478111971098 -0.004450437681281163 -0.05551721877684438 -0.08815862451330193 0.004131712057036793 0.9999743266375056 -0.005854486809673545 -0.05741518399611321 0.05554185318130005 0.005616018447610682 0.9984405656958018 2.8422486200951806
0.9971888447921161 -0.003767780447988766 -0.07483455799487641 -0.13240775494218382 0.003303479845127563 0.9999745266050801 -0.006327176085980634 -0.0603672410606434 0.07485649743622937 0.006062175019562489 0.9971758899074024 3.2051556669938943
0.9953687811031392 -0.004110832696648739 -0.09604212481724567 -0.1833032472463849 0.0035662844512111633 0.9999765827176781 -0.005840858378043987 -0.06545496967763374 0.09606389467724273 0.005471294581076786 0.9953601328164203 3.596291701531608
0.9932991756652034 -0.004448069760892511 -0.11548576103286061 -0.24467219395485146 0.0038535695786535706 0.9999781532028811 -0.0053705784859371854 -0.07016520693946263 0.1155071365041886 0.004889558773676962 0.9932946163821066 3.9843467414825917
0.9911696765196285 -0.004825262101107225 -0.13251183914955156 -0.3205686305841401 0.004272690791070179 0.9999809527745923 -0.004454008961959423 -0.08430954849148121 0.1325308181243998 0.0038484964794933503 0.9911714145426852 4.368118155768543
0.9888651751291755 -0.003930183951292909 -0.1487622834614561 -0.4035980873594616 0.0033089680562683084 0.9999847430284436 -0.004423170384878615 -0.08722392140548116 0.14877741024273708 0.00388166947251627 0.9888630931217146 4.791424986883589
0.9867527413005877 -0.003558085086477269 -0.16219237066812658 -0.47777682417027134 0.0028883312270653744 0.9999863021146537 -0.00436498818070992 -0.10137668385740206 0.1622056936797288 0.003838698711350015 0.986749502050745 5.197925807578966
0.9846401438880265 -0.0038925017103802594 -0.17455266437882774 -0.5652799226121145 0.0030356103798721955 0.9999819979679141 -0.0051757903284252605 -0.09942224016905409 0.17456968359789224 0.004566417005854981 0.984634234749793 5.6378940835180655
0.9828513640519448 -0.007526832050212089 -0.18424586791204334 -0.6606950491813558 0.00637469754054335 0.9999562551265087 -0.006844783183449263 -0.11840459019595055 0.18428934320314588 0.005552892773856044 0.9828563509024396 6.087788523830189
0.9813543634511807 -0.0068081344807927515 -0.19208659308019063 -0.7515284493354282 0.005236421336486519 0.9999485411065331 -0.008688787221099243 -0.12763210612348844 0.19213587917978245 0.007520932916419663 0.9813395145952661 6.531045539517959
0.9796891466073311 -0.006501025455288297 -0.2004168381154723 -0.856140123908705 0.0044862560361691485 0.9999347525846043 -0.01050543066794099 -0.1252421695014357 0.20047207444110607 0.009392935184415916 0.9796543899928953 7.005366348126528
0.9782075901579399 -0.006788263463109527 -0.20751825484547393 -0.9704497334840303 0.004161037411138824 0.9999056107109555 -0.013094099017135418 -0.13180656204538527 0.2075875710722023 0.011945255896114036 0.9781435043733122 7.484988131927618
0.9764194570570668 -0.010893646494697925 -0.21560697601169326 -1.088176771804203 0.007893596351790535 0.9998597494803033 -0.014770663307005605 -0.14240763288410582 0.21573766162752214 0.012720448692417992 0.9763685040973866 8.003697847665965
0.9745056681735821 -0.01643508209927603 -0.22376010863629806 -1.2018746464988133 0.013195200924483947 0.9997854491266512 -0.01596691497450932 -0.16427625881372515 0.223974537186331 0.012607289634079779 0.9745134516827633 8.514542453201878
0.9725569324415625 -0.017396732587520454 -0.2320137107325845 -1.326412527004288 0.013465045864030653 0.9997378362570554 -0.01851894384514831 -0.19188267550434873 0.23227507388152843 0.014886652081549278 0.9725362114313109 9.020223305406338
0.9704045736475378 -0.013694232239590516 -0.2410963006473924 -1.488260183024212 0.00858416157132352 0.9997159681839984 -0.022232748634023903 -0.1938127899927482 0.24133230242950915 0.019505151560736733 0.9702465017429024 9.555172464016582
0.9684648797631449 -0.010664356418962408 -0.2489217599391067 -1.636643511347981 0.00446030097100099 0.9996655231269249 -0.025474449378295485 -0.21047973798650138 0.24911019100767548 0.023560843858575844 0.9681885172757566 10.099864672842008
0.9660523780219104 -0.01357580887767183 -0.2579893298842068 -1.7997132491746817 0.00670283375236274 0.9995992908307834 -0.02750145034018798 -0.22976530141964438 0.2582593274328381 0.024838582204172486 0.9657562687577652 10.661782236151403
0.9637128667869193 -0.01481032222227418 -0.2665298451522655 -1.9691322776906164 0.007259394614172063 0.9995444909172145 -0.029293546135695146 -0.2592950964640329 0.2668423077734221 0.026295722317288016 0.9633814012008766 11.21048815167623
0.9615550278252536 -0.015115893185669976 -0.2741959727788642 -2.1372302043002227 0.0065339849851514375 0.9994605760627014 -0.032184839790987144 -0.286508315014959 0.2745345906848844 0.02915590251705818 0.9611351094612984 11.787574211933343
0.959172746057555 -0.014369754138016496 -0.2824555650680893 -2.313311087875268 0.004455259761841098 0.9993521884156298 -0.03571210078987958 -0.3029412846622056 0.2827857850597623 0.032995661302524695 0.9586154042567601 12.379483596998657
0.9571579706859824 -0.01577553809454189 -0.2891362033183288 -2.5071457773389447 0.004131858325396614 0.9991572858883312 -0.04083681880134921 -0.3413652402841366 0.28953679138731675 0.037892617310518954 0.9564165428831238 12.961723884108833
0.9552208669485348 -0.016305378054195185 -0.29544411009777316 -2.7087590143627946 0.0022332338930835683 0.9988493779607699 -0.04790545659444305 -0.3755807489067531 0.29588530714128397 0.045100496643165636 0.9541581829360486 13.570510391283701
0.9540712443933359 -0.0171161682826277 -0.29909043685039594 -2.9188539016083968 0.0004121051756960604 0.998440563133545 -0.055823579286069826 -0.41003262954290703 0.2995795352464948 0.05313641585863979 0.9525904846341311 14.214990323550529
0.9526230751040332 -0.016821708326421672 -0.30368783096878404 -3.125940216771988 -0.0028671839135064187 0.997928387488436 -0.06427062030085315 -0.4547139303820905 0.30413987473718546 0.06209640580600144 0.950601378748157 14.805492936595687
0.9512249203523089 -0.01632905631760441 -0.3080657468121705 -3.3513012432947913 -0.006647998246120146 0.9972812894080862 -0.0733882404340048 -0.4983962837788778 0.3084265919179391 0.07185674488721015 0.948530260010478 15.44572642806567
0.9499067444832129 -0.015041791277707805 -0.31217128730710836 -3.5859427245353865 -0.010632922338051975 0.9967075208843578 -0.08038071089801754 -0.5535809082966608 0.3123525660674564 0.07967347379354398 0.9466192586340454 16.10319036848571
0.948239869890521 -0.01418451421319964 -0.3172379859810085 -3.8184254597699625 -0.014200742827099409 0.9961083809920597 -0.08698524082331385 -0.6200152153259051 0.31723728672389157 0.08698788996529959 0.9443482514243102 16.759563849481907
0.9468438091275483 -0.012640860705534912 -0.3214451750579444 -4.063689264316928 -0.018232776720573662 0.995512708012149 -0.09285480028302215 -0.6910008059201214 0.32117654835661213 0.09377983250076619 0.9423645669776972 17.442075266697298
0.9450701892111089 -0.010983191860916107 -0.3266828698876472 -4.3105029946274325 -0.022460829208452437 0.9948908509071162 -0.09842614402338946 -0.7685152204086849 0.3260948590938023 0.1003571844261363 0.9399949936009858 18.09144623477398
0.9435009775192388 -0.007785770175662213 -0.331278247788371 -4.58207965124838 -0.027328402593592486 0.9944901038452578 -0.10120568992952102 -0.8355917913921911 0.3302409311039415 0.10454097450657145 0.9380896129419186 18.81359997968217
0.9416775918055197 -0.00730228197147007 -0.33643718540939155 -4.837554554840185 -0.029069054577157576 0.9942623410736536 -0.10294361126393245 -0.9177264319927879 0.3352585751049166 0.1067196046913415 0.9360622970320869 19.491172060500812
0.9394410429775486 -0.006576579039528935 -0.34264743537576325 -5.1237283184859335 -0.030284796758717952 0.9943113486568651 -0.10211646752023949 -1.01228130561592 0.34136983935786663 0.10630941051929088 0.9338977205766525 20.219777257571938
0.9372615978118249 -0.006868067109965384 -0.34855920036785676 -5.403735388042014 -0.03021693784598687 0.9944429912762944 -0.10084678326303873 -1.096091609869996 0.34731490558518147 0.10505221070585805 0.9318456954982691 20.949237980263003
0.9347789408083551 -0.006598675226526367 -0.3551686615465194 -5.679581296765023 -0.03057118022611188 0.9946236581219293 -0.09894029299918845 -1.1812307107122682 0.35391205807623144 0.10334522921420093 0.9295515208817627 21.671588155943223
0.9317565836007524 -0.005887441607285533 -0.363035804430747 -5.973517444927679 -0.030891384408192925 0.9949576268822701 -0.09542034912892544 -1.2600674271930477 0.36176705466827547 0.10012321878707414 0.9268764485711747 22.334357769555652
0.9280416954011939 -0.0030806382193104952 -0.3724635673672172 -6.295087429825621 -0.032893334053445175 0.9953811560007295 -0.09019081346368053 -1.338438331161613 0.37102109279171963 0.09595240557706414 0.9236538836799199 23.175703177982903
0.9247572875249485 -0.0008583817145800809 -0.3805564472899339 -6.620194306874727 -0.033988311106932546 0.9958148794149939 -0.08483820276093951 -1.4301724752791258 0.3790366281825585 0.09138921868646217 0.9208578923896802 23.907187446081675
0.9211961596190703 0.0022439640250266277 -0.3890920029790288 -6.957824693889991 -0.03656752768165563 0.9960567974700008 -0.08083113364050494 -1.497840930870895 0.387376384911541 0.08868946391332087 0.9176457533914602 24.657187808025572
0.9176764689347285 0.003352180632196517 -0.3973142929021382 -7.2829663227030474 -0.03773852120235554 0.9961790523947354 -0.0787597589746542 -1.5705379858465636 0.3955321922169957 0.08727003277785539 0.9142965821640056 25.416661662017333
0.9135137328400813 0.004054693056917998 -0.4067876655170901 -7.654320752766495 -0.03920102563553679 0.99617425268282 -0.07810337981833136 -1.6561887563459248 0.40491474760751134 0.08729500514318148 0.9101778088642072 26.190192905651653
0.9097214222876817 0.003635940730266317 -0.415203201592694 -7.994983443833379 -0.039201671365245286 0.9962471407982054 -0.0771677618851445 -1.7261598367217437 0.41336445988556975 0.08647782692689567 0.9064499014538994 26.93061500165738
0.9057031043555385 0.004297221428502931 -0.4238907935646798 -8.386402898519961 -0.03997147911990163 0.9963591590094653 -0.0753040980707 -1.7966010682227291 0.42202391179410076 0.0851466987352466 0.9025773503013541 27.730743076008352
0.9019278850452204 0.004707720378982658 -0.431860985944686 -8.763510526624195 -0.04014443042613199 0.9965253381795821 -0.07297722350644256 -1.873096912434562 0.4300168949700353 0.08315700744970522 0.8989829800608213 28.50114423412016
0.8983164750334603 0.004869831606560128 -0.4393219531283956 -9.151420316187643 -0.03909577279586737 0.9968577576276096 -0.068892174370359 -1.9421058193046665 0.43760604069618864 0.07906260770681219 0.8956841374332313 29.267998505800385
0.8943744290594693 0.006541774874303054 -0.4472712468912422 -9.591762130656809 -0.03903813576477683 0.9972195264390367 -0.06347629588873184 -2.004025096237084 0.4456124109701952 0.07423221265667529 0.8921430239758542 30.11369364070348
0.8906104684567665 0.006642480606273054 -0.4547184324621078 -9.998907586937333 -0.03763017402670768 0.9975407594879108 -0.059130392002021116 -2.0751609777778275 0.45320743622814763 0.06977328087632743 0.8886702014998422 30.89941905025259
0.8868697395850057 0.005742199605923141 -0.46198384547319504 -10.441488044586448 -0.036121933603642256 0.9977238126215738 -0.05694207346703594 -2.14557054402175 0.46060534978961587 0.06718795261192251 0.8850584779283192 31.71921271091361
0.8834691127603289 0.0058778126837274215 -0.468452515125492 -10.88398663750451 -0.0362461378229062 0.9977816934853632 -0.05583824613619868 -2.2065595743234736 0.4670851765227132 0.06631096112897723 0.8817223561886519 32.5523891736171
0.8805479351507137 0.005465540728729138 -0.47392556603012487 -11.32885094215502 -0.035234173105960165 0.9979214837874263 -0.053956142667108846 -2.2550279520420897 0.47264564444873064 0.06420934633184504 0.8789102765164329 33.34216833601968
0.8774226641285815 0.004512005427532618 -0.47969687322568766 -11.805957375450015 -0.03391843990743762 0.9980366535066889 -0.05265337383537173 -2.3225958257060078 0.4785175301275073 0.06246983396094161 0.8758530203286133 34.20540012618002
0.8749494476826181 0.0033232998369362434 -0.484202849238857 -12.278771427280924 -0.032840317465670635 0.9980812200014733 -0.052491827056817014 -2.38287037519056 0.4830993651882482 0.06182907120938275 0.8733797511372177 35.034866645414
0.8729724983254883 0.0027979623657490415 -0.48776138409293435 -12.777124594960672 -0.03273592603947364 0.9980650068326886 -0.052863989252753124 -2.442793132485212 0.4866696987685162 0.06211613019867709 0.8713748971333135 35.87770136380511
0.8715733851430202 0.00304239014142198 -0.49025560394758955 -13.26577804812334 -0.033559998412520935 0.998005385202646 -0.053469408956590254 -2.5011955918449087 0.48911509934211167 0.06305549190720482 0.8699370353222978 36.75794606740722
0.8712088978652073 0.003026034018188851 -0.4909031252434787 -13.761500164069462 -0.03312890660706663 0.9980637841319667 -0.052641793579616146 -2.5617306203797887 0.48979337630202774 0.06212508358770356 0.8696222993142484 37.60517624482317
0.8708900562839785 0.003131007541413709 -0.4914678886611881 -14.286182746235438 -0.03250699213000889 0.9981569760004192 -0.05124399285128238 -2.624073120622759 0.49040169760950725 0.060604027409047904 0.869386765390935 38.5056820638171
0.8704545235256039 0.0021381550408604132 -0.49224417683797744 -14.795808139509635 -0.030960465675878828 0.9982484802461552 -0.05041251157088051 -2.690141716984515 0.4912742531380903 0.05912190845289134 0.8689961042541726 39.401918455799915
0.8700072689656311 0.0005195614168167755 -0.493038599708539 -15.307677696107843 -0.029464423626199256 0.998266958333436 -0.050940432882272006 -2.751997521955492 0.4921577181287953 0.058845645825410145 0.8685148194428478 40.298612859322624
0.8690019431129218 -0.0024213999676754062 -0.4948027266927341 -15.854714910994542 -0.026650749022519793 0.9983074562279798 -0.051691009488111006 -2.810912408590528 0.49409045773234317 0.05810645172526377 0.867466587913103 41.22332497176312
0.8676444859350825 -0.0026772566658022513 -0.4971778924857874 -16.362594020360405 -0.02569958564914108 0.9984071880304314 -0.05022567301904749 -2.8770358255481354 0.4965204905167748 0.05635529479582979 0.8661936877791555 42.13255061497816
0.8654986831824938 -0.001576807511210825 -0.5009086954941846 -16.924675750779766 -0.024944281510936483 0.998618697624379 -0.046243698182643705 -2.935863904813719 0.5002897487668998 0.05251866803254299 0.8642638362247274 43.07094650593688
0.8624712017223628 -0.0018090989671427308 -0.5061028858329485 -17.462450382546916 -0.022485964785340123 0.9988691736547238 -0.04188980009296063 -3.0139818065473865 0.5056063968371499 0.04750895843029585 0.8614552179982832 44.00916393558019
0.8584905910544987 -0.0028578203976466297 -0.5128213285718616 -18.028686975402543 -0.020502399022624528 0.9989937432891588 -0.0398892534309331 -3.0642665245498417 0.5124193382556569 0.0447586167372707 0.8575681377411475 44.89649107254014
0.8537295597865913 -0.006084764458918184 -0.5206810835839628 -18.58605796384733 -0.01846324525803368 0.9989492285845468 -0.04194695828249467 -3.129867682527966 0.5203892480837645 0.04542482126270377 0.852720141461252 45.78518806374096
0.8474414017325649 -0.00941654838677154 -0.5308054019631863 -19.14125882120557 -0.017062241854004623 0.998843079056478 -0.0449597969066876 -3.1983570645819808 0.5306147129805513 0.047157523973103646 0.8463003124069017 46.6902154005686
0.8415033362950347 -0.009653291712276326 -0.540165644609355 -19.728337942566316 -0.017342440967461594 0.9988424072670962 -0.044867418038164734 -3.2532648642844126 0.5399735166509917 0.047123873281832394 0.8403618073273172 47.591142532837566
0.8353440166561585 -0.006466572727011904 -0.5496894860206029 -20.33341672378279 -0.018255752734462276 0.9990529666172362 -0.03949553661321055 -3.305188438087736 0.5494243588809121 0.043027355949022975 0.8344348666694701 48.48939106567063
0.8301660152850774 -0.002003015987693332 -0.5575126438202428 -20.929583786614952 -0.021059559838917996 0.9991671989557661 -0.034948583877381326 -3.373963805860631 0.5571183963263754 0.040754097863717406 0.8294324703738708 49.363543905362135
0.8265470213368752 -0.002081696695864497 -0.5628638028639997 -21.543704710713513 -0.022233109208804894 0.999092002404626 -0.03634363265160437 -3.4284371840519023 0.5624284277974566 0.04255393410585029 0.8257502368952669 50.25025347667104
0.8230903610167746 -0.0034507055467202733 -0.5678999227554409 -22.157164878153807 -0.023790043463029778 0.9988942613589278 -0.040549827448694176 -3.4761891192509293 0.5674119472914252 0.04688653643588341 0.822098146627872 51.11063208431073
0.8201106402357341 -0.006878794227526403 -0.5721636056091751 -22.774913094926582 -0.0247058529360289 0.9985695845260998 -0.04741735688177052 -3.551490209814011 0.5716713964398866 0.05302326940340416 0.8187675956760176 51.96005775608805
0.8168453738777998 -0.007217357933772933 -0.5768115082817749 -23.418500443147952 -0.02587757213121536 0.9984566425837933 -0.04913943617216159 -3.6040046517414854 0.5762759875145114 0.055065803158140844 0.8153979226873821 52.83885926550095
0.8138936083469062 -0.006053932618578188 -0.5809823706001215 -24.03369959981773 -0.025009288826216804 0.9986538990203621 -0.04544145125525413 -3.6722396555860373 0.5804754581561633 0.05151446320010343 0.8126466216966739 53.68816773770983
0.8103972589445528 -0.0035142380713212955 -0.585870210111095 -24.68393954184669 -0.02441050185981359 0.9989111497403909 -0.03975729338468387 -3.730943347442556 0.5853720512031317 0.04652058789157279 0.8094290742546778 54.5774827344475
0.8071824492694453 -0.0016898200738086743 -0.5902995916690721 -25.314411257807954 -0.024691747266589528 0.9990240374159428 -0.036623630917968504 -3.7998737564639047 0.5897854185042996 0.04413748083887113 0.8063529456882943 55.437190816849075
0.8043117391509275 -0.0011928027789391803 -0.5942063386710941 -25.956121436977625 -0.02592653398512349 0.9989752061143411 -0.03709922464672798 -3.8456312593584023 0.5936417018349217 0.04524505315329765 0.8034565610605646 56.28032526823169
0.8009991123598968 -0.0026068067889411344 -0.5986598329087827 -26.623151110981116 -0.025582610388179692 0.998928023361303 -0.03857893532212706 -3.9039515054856455 0.5981187018896693 0.0462169746487977 0.8000737720119316 57.123341155831454
0.7971597864757964 -0.004858596775523073 -0.6037488197308666 -27.279805559464652 -0.025434719340106184 0.9988096947774197 -0.04162053251806153 -3.9642272738131292 0.6032324426786491 0.04853439708000718 0.7960873468913409 58.001400055023616
0.7931229610269488 -0.005783196303382065 -0.6090340641143271 -27.922283322050674 -0.024765007680864332 0.9988217452140733 -0.04173506601122624 -4.020907428554429 0.6085578802792851 0.048183772882041065 0.7920452401275464 58.82399277471037
0.7884803801786502 -0.006243507648864079 -0.6150281912091587 -28.60182817009622 -0.02390151826068248 0.9988821265914959 -0.04078252874667391 -4.079731379929782 0.6145953454766002 0.046856331756297734 0.7874497305519361 59.67670239575109
0.7837706918851627 -0.005955212179375545 -0.6210217424995701 -29.269099867726673 -0.024324545806581003 0.9988923883620595 -0.04027794677597436 -4.135325411980694 0.6205738077124292 0.046674746468738995 0.7827577214586159 60.524646092901996
0.7781626090913112 -0.0071896612031507896 -0.628021678375758 -29.97925689915503 -0.02378341541349266 0.9988799544588546 -0.04090459364049702 -4.202141016484688 0.6276124086629007 0.04676692620811902 0.7771200377870423 61.37408378651253
0.7729202386939579 -0.008576877448456725 -0.6344451962373823 -30.67518884381192 -0.023375903493947303 0.9988449120435319 -0.04198105366030205 -4.26071032176931 0.634072476127893 0.047278736132956405 0.7718269565405806 62.20461883397571
0.7672290500580937 -0.009597159403981275 -0.6413013673575882 -31.376855426852096 -0.02304268149550814 0.9988300693326734 -0.04251502640076864 -4.322041585180595 0.6409591668315608 0.047396066904954376 0.7661103019518001 63.035900066554895
0.76174793667251 -0.010593630310469358 -0.6477868629105183 -32.09370706739421 -0.023240240374716354 0.9987759981207968 -0.043662304654895394 -4.386587360667492 0.647456567560496 0.0483143933364462 0.7605693582371285 63.89072839026793
0.7556256980416112 -0.01322757235943769 -0.6548700625261347 -32.8061492995492 -0.02119824115381471 0.9987784825414892 -0.04463381471358273 -4.448653207212929 0.654660579608481 0.047608551341300605 0.7544222877869606 64.68006958993857
0.7498801564440957 -0.014000054055544893 -0.661425514877221 -33.54718693177531 -0.02084870558665775 0.9987794076324604 -0.04477752108726454 -4.512724164876685 0.6612451274974014 0.04736764076839578 0.7486729764497978 65.50436294653258
0.7433019890924394 -0.014115286660580807 -0.6688070522465412 -34.30164437969808 -0.020053774826538844 0.9988578564085149 -0.04336852355066949 -4.568574325394097 0.6686553941672196 0.045648016231098126 0.7421699677267205 66.33071617107754
0.7368937863107052 -0.014346174845450121 -0.6758562684493005 -35.06984186640043 -0.019670143947868 0.9988964302116727 -0.0426498203476107 -4.63783129974246 0.6757223327354199 0.044722578050237695 0.7357983822954985 67.17052945205052
0.7302536921300423 -0.015602479722771723 -0.6829978532709583 -35.83684109820666 -0.01893170864030033 0.9988930837348345 -0.043060395947858834 -4.692890533838339 0.6829137384661859 0.04437532983464515 0.7291499818802009 67.94527025441312
0.7242120357289777 -0.017421434923022724 -0.6893572223353885 -36.60719388499522 -0.018696630398340255 0.9988172289941056 -0.04488406283930157 -4.774481471142935 0.6893238735942319 0.04539423608479938 0.7230297376506699 68.75753544559873
0.7179082220654394 -0.017086109804150484 -0.6959280191574756 -37.3874287306278 -0.01960937184648439 0.9988056998625976 -0.044750938341846375 -4.828716092492989 0.6958615504413191 0.04577377825486103 0.7167157773560807 69.55260233091238
0.7125582244213413 -0.016772086139289023 -0.7014124546899358 -38.21522172882748 -0.019777530168592045 0.9988368099242156 -0.043975862328009235 -4.8972232733426315 0.7013342048639789 0.045207568713667504 0.7113976743946013 70.37404233594424
0.7079094490729209 -0.016361243785294903 -0.7061136443336903 -39.026325603725226 -0.020609935578740926 0.998827444295082 -0.04380601681154478 -4.960239095728544 0.7060024672955318 0.04556365030391328 0.7067421827045384 71.1601351969027
0.7034002879784533 -0.016535840235906176 -0.7106015461713187 -39.851510260261854 -0.021578005545790008 0.998771818195863 -0.04460095164820194 -5.0288945832215015 0.710466372492853 0.04670568671269083 0.702179575173238 71.96244910040565
0.6977035916373571 -0.018811664292002112 -0.7161394943682383 -40.69786574544465 -0.02106483929395094 0.9986842019067508 -0.04675614863432242 -5.100955713541634 0.7160768208317291 0.04770729658661932 0.6963892909868057 72.75309227646835
0.6928334094264019 -0.020829339473127713 -0.7207967541008984 -41.520392329547875 -0.021368960914134094 0.998550664574252 -0.049395726660058176 -5.168259704588629 0.7207810190583828 0.049625687806660296 0.6913841611779106 73.534427175466
0.6878541683401168 -0.021763923474020275 -0.7255225216876006 -42.36025304682542 -0.021666850637273406 0.9984893007517169 -0.050494196613784084 -5.2312386749622775 0.7255254884595077 0.05045243217090657 0.6863434729900054 74.32680699676851
0.6832044659756634 -0.021515825493237595 -0.729910050026193 -43.232887245364445 -0.02103999349109391 0.9985708127332061 -0.049128918721614 -5.310252144279796 0.729923982760783 0.04892239978893225 0.6817753471349844 75.11793232280547
0.678080603515615 -0.021494936681531587 -0.7346731357883214 -44.08092076766258 -0.02050507273465008 0.9986299445320884 -0.04814328508607971 -5.3804665107565794 0.7347014917529858 0.04770955427259894 0.6767108413554984 75.89332181116987
0.6729560645378808 -0.022455540549536718 -0.7393414887140236 -44.96556583042426 -0.019712774474601992 0.9986395981257015 -0.048273798246135154 -5.45599990991645 0.7394197638472618 0.047060617679875155 0.6715979139655224 76.67995907196656
0.667947365655235 -0.023026117342266082 -0.7438521809488012 -45.86008986474792 -0.019513185582233757 0.9986357123961879 -0.048435003184908745 -5.524056309847433 0.7439526855355457 0.046866958793859784 0.6665867815759785 77.47011611812867
0.6639058882617012 -0.02398063071025914 -0.7474315038167981 -46.72814381581567 -0.018399992581542457 0.9986592757914695 -0.04838482367694405 -5.5959953875805155 0.7475897660317296 0.04587570380396776 0.6625745312761925 78.22922620449839
0.6599214541466918 -0.025072874761436964 -0.7509160917712504 -47.63248636278878 -0.01689382353200838 0.9986951747449496 -0.04819280730096258 -5.665533814858701 0.7511446731515659 0.04448931172297823 0.6586367963890469 79.01152483479368
0.6561504646218289 -0.02720890414799474 -0.7541393733722646 -48.51750700380642 -0.014891213594024691 0.9986883333573343 -0.04898841263650752 -5.744079934671122 0.7544831786586917 0.04337382048605311 0.6548846414902685 79.77909884379966
0.6516517698183126 -0.032190130396584256 -0.7578348877368375 -49.42292790762957 -0.011367324407435528 0.9985724535583899 -0.05219041014691202 -5.826638383020378 0.7584331234048386 0.042624528427057676 0.6503555921526725 80.53403174763913
0.6473231917016857 -0.03631280792174687 -0.7613501268634504 -50.31677257393223 -0.007408821913293007 0.9985175687382915 -0.053923781812842665 -5.893773698823544 0.7621796659415264 0.040546822285851596 0.6460945455988658 81.31815697558115
0.6405134088282074 -0.039861885768094234 -0.7669116980806078 -51.23452351154188 -0.0025804916207424183 0.998534561968844 -0.05405617051938732 -5.976895650390272 0.7679426822725668 0.036602711409599704 0.6394719140262126 82.10363634351164
0.6319314782849549 -0.04353989420816251 -0.7738002538982306 -52.18931554389752 0.0025768828599265813 0.9985332459558763 -0.054080646642088004 -6.061008459350136 0.7750200103487582 0.032181270429621565 0.6311167886206478 82.854598018396
0.6234970392341388 -0.0445490080637323 -0.7805554276446791 -53.13855803465615 0.0048028943817628855 0.9985746894338298 -0.053155637259527315 -6.1420720087952345 0.7818109907042726 0.0293934571744505 0.6228223276872751 83.62415614892817
0.6144334118682645 -0.043635718665022916 -0.7877610381124696 -54.0837324358797 0.006161204178253151 0.9987043117419393 -0.05051472280061571 -6.216449868153228 0.7889446582686567 0.026184376813955818 0.6139061474852704 84.33522565206117
0.6054162264336169 -0.04285950249833939 -0.7947541768497678 -55.05462051660644 0.005209052358205687 0.99874103306469 -0.0498920293931594 -6.307119523939339 0.7958920224158269 0.02606552797070819 0.6048772860276843 85.08140041591652
0.5954553439973098 -0.044849232235826535 -0.8021355399653624 -56.05283736468705 0.005121073103726308 0.9986321705829057 -0.052034242896032375 -6.367501696929139 0.803372119090577 0.026876273201620976 0.5948705400820152 85.79079277953406
0.5859391445276189 -0.046918128533432954 -0.8089956439857992 -57.05848950082936 0.005342333009138181 0.9985244474546788 -0.054040607470703717 -6.460245513397465 0.8103374810291563 0.027342583121350822 0.5853252140325823 86.51265904277865
0.5759066961207279 -0.04831332297456293 -0.8160865414117526 -58.070740718176744 0.005027006208839091 0.9984426116270407 -0.05556150138036258 -6.528391527885815 0.817500007544418 0.027895768530990673 0.5752526583478986 87.20137551883198
0.5657152704623256 -0.04932665544020949 -0.8231239613454862 -59.062838286045455 0.00850074133600414 0.9985050646902524 -0.05399419528653454 -6.618241766714801 0.8245568670007974 0.023548176767219278 0.5652888771243617 87.90217411234697
0.5554273818775123 -0.04844379775985856 -0.8301527346582331 -60.09792359684133 0.008494837609852996 0.9985801191281568 -0.05258881400782336 -6.7003365540968725 0.8315216887923178 0.02215725443521702 0.5550502646246098 88.59885713739405
0.5453053468243705 -0.04924003644794765 -0.8367899602311685 -61.15535508813369 0.009347217822710696 0.9985683056845915 -0.052668475802194095 -6.788522267553487 0.8381854012868428 0.020898743232054862 0.5449848948828488 89.26757788852585
0.5348957925978427 -0.05063491729696171 -0.8433993925065293 -62.230893733733154 0.008885751771657166 0.9984845717604899 -0.05431025051360928 -6.866442336378194 0.8448713476742625 0.021556086655934933 0.5345351270020595 89.936070985835
0.5249077446118546 -0.05101824353037549 -0.8496287051742235 -63.29078936850183 0.007933257172726787 0.9984518894713041 -0.055053499253175785 -6.942227511381068 0.851122190771205 0.02215768492168664 0.5244998715491539 90.57478604107078
0.5150737035885984 -0.05150295338834828 -0.8555971382552274 -64.3658909087638 0.005714422821960174 0.9983773175465697 -0.05665754245494899 -7.037935460062316 0.8571268789742312 0.02429356626868942 0.5145322134856164 91.24020851450064
0.5057694654990449 -0.051975647162940716 -0.8611014553484811 -65.4563187280078 0.0056913898901018965 0.9983626447324994 -0.05691781461043249 -7.120030261930877 0.862649939475571 0.023886428397479648 0.5052371561876301 91.83820021288788
0.4969471258198116 -0.05008580648021178 -0.8663341745050223 -66.56564232915832 0.00477057031715127 0.9984755712391903 -0.054988864677877274 -7.202794359510455 0.8677677447221445 0.023193649979384796 0.4964285045126831 92.46354075662168
0.48864930594975114 -0.048056738654993734 -0.8711557500020156 -67.6762073183066 0.0051626208173951894 0.9986236926169272 -0.052192603275779244 -7.297694515318796 0.8724650519200554 0.02100643233159181 0.4882248743516277 93.08506955470523
0.4812324346479442 -0.04806173776525148 -0.8752744413617112 -68.75786226711055 0.005063066689466152 0.9986315605646223 -0.0520516238614561 -7.3771772890821605 0.8765784468568162 0.02061735657484234 0.4808172383266368 93.68071501078956
0.4731881111091179 -0.05088945281049236 -0.8794903120321992 -69.89822624285158 0.006443587118189373 0.9985033850085681 -0.054309025514707385 -7.468161476693546 0.8809378846676693 0.02003131250671166 0.4728078426536292 94.30046113441192
0.4666704715584576 -0.05458073327207104 -0.882745460418806 -71.01776558873955 0.009186422397140619 0.998339242159511 -0.05687149674114993 -7.556209052777092 0.884383596691593 0.01843097525517763 0.4663968479323234 94.886448243499
0.460343427890133 -0.05750573265649753 -0.8858763751153561 -72.16959590640731 0.010477483125839133 0.9981821676857445 -0.059351346987663166 -7.648154372436401 0.8876791181087663 0.018040247463933005 0.4601091174274341 95.44751080792595
0.4548758083475887 -0.060828774893514834 -0.8884749808489861 -73.30974694656865 0.011888793351998713 0.9979904053943732 -0.062239916887498956 -7.746044866276293 0.890475559452521 0.01774853676841177 0.45468487446805 96.05275275754269
0.4505226268638386 -0.06141944720975608 -0.8906497326841568 -74.40522335752664 0.013511063792926475 0.9979855042469427 -0.061986969512834826 -7.848170924598519 0.8926628034069779 0.01589290665164567 0.45044489437480695 96.60422019262788
0.44581848875781643 -0.05950085478550586 -0.8931435803642416 -75.55293806726772 0.015823370347482976 0.9981562236173169 -0.058598414092748 -7.941313962090021 0.8949835546767069 0.01199171435976405 0.4459380045827872 97.1758783175899
0.4415410920503542 -0.05760490506076624 -0.8953898985391325 -76.69135999941756 0.020125856579225065 0.9983216904352981 -0.05430241472014324 -8.035142391933924 0.8970153183546246 0.005956258285146996 0.44195939883808627 97.73051799964087
0.4385664833619912 -0.05743283038969524 -0.8968616620794928 -77.83110988458351 0.021307434880530197 0.9983398576892072 -0.053511883836543886 -8.127145183812928 0.8984461589597438 0.004358696687208246 0.43906214825099904 98.28603785436108
0.4357408329437784 -0.05646935260591736 -0.8982989868389795 -78.95664181171666 0.021520127792620945 0.9983983105650441 -0.052323011257662096 -8.218841962287136 0.8998149134550467 0.0034677629321082015 0.4362581405126079 98.83925116446161
0.43297150193265427 -0.05679063637665757 -0.8996168256366663 -80.10283860485325 0.02576255941845692 0.9983853185580109 -0.05062653627782082 -8.293240608525414 0.9010394204045802 -0.0012565851508235869 0.4337354644029078 99.37806938574558
0.4303154403531141 -0.05566158802275423 -0.9009607871891852 -81.20779716768781 0.026863928031335048 0.9984446248499343 -0.04885345882995622 -8.385159599390029 0.902278792523319 -0.003180948812913579 0.43114142868274863 99.8779889858509
0.4285951770504758 -0.05600275997204462 -0.9017592780794774 -82.33335032383329 0.028209465644016888 0.9984199746191035 -0.04859815113046381 -8.475979480953143 0.9030561824473367 -0.004609214930475861 0.4294977951048243 100.41579090461188
0.42596971396874483 -0.056307101416397824 -0.9029835233508557 -83.44401333096431 0.030030794013319657 0.9983914662766273 -0.048089826837600914 -8.557298903255996 0.9042389190823762 -0.006632503189197386 0.426975475663644 100.95009438197508
0.42441596405267157 -0.05571118116097306 -0.90375178227804 -84.51285477728986 0.03326848073599503 0.9983909059573233 -0.04592174943515143 -8.631787793688474 0.904855992050469 -0.010576526064778479 0.4255864665928348 101.4497249224331
0.42183088072519775 -0.055678478360432423 -0.9049632838692981 -85.62650378808604 0.0367129263793455 0.9983429877947865 -0.04431071823064526 -8.706421906770474 0.9059309786025675 -0.014532222062055946 0.42317602306869107 101.97080843214508
0.4202477979897199 -0.0558054705458606 -0.9056917067460927 -86.72124996631045 0.03694429427198326 0.9983317669224183 -0.04437118735611909 -8.79296398696822 0.9066570335072783 -0.01481324810120229 0.42160842182372416 102.48164281551217
0.41910855191612634 -0.0573675326854353 -0.906121911089122 -87.80521166014837 0.039228583318640556 0.9982140514246328 -0.045053587965677766 -8.869738957415638 0.9070883138067197 -0.016663535858726673 0.4206104940169402 102.96904320798157
0.4184548199511957 -0.05827477233879757 -0.9063661204926594 -88.88476370658384 0.038825648386640904 0.9981749752629065 -0.04625243541891178 -8.951794632498316 0.9074074067459107 -0.01583569873513602 0.41995368676065803 103.45831751059283
0.418421359918853 -0.059142155724943524 -0.906325383506663 -89.91949028805989 0.038917391494253405 0.9981286583267652 -0.04716585693823806 -9.027710940690735 0.9074189062035497 -0.01553661872957451 0.4199400104057143 103.90936663334291
0.42097697197996664 -0.058752656319570204 -0.9051665285593719 -90.9571113915295 0.03639380589087486 0.9981906005238957 -0.047864557909326456 -9.104267761074288 0.9063409672445494 -0.012792579191276679 0.42235349062162403 104.38420319256815
0.4246936008545952 -0.059340760702665 -0.9033902533027062 -91.98987636461123 0.035620168266553474 0.9981721742163423 -0.04882124756879883 -9.180707048147523 0.904636179735958 -0.011444842282446533 0.42603106420381437 104.86677998587727
0.43007176696943816 -0.05965429953062995 -0.9008216085537878 -92.99916928332004 0.03407093706848798 0.9981761528816845 -0.04983511854742057 -9.267311233827874 0.9021516029977226 -0.009259159676812342 0.4313198610793916 105.35245955936648
0.4360893256125466 -0.059831972505885095 -0.8979121149768678 -94.01207778771868 0.033355299754228934 0.9981763323468109 -0.05031335303079852 -9.343231064621996 0.8992850448590854 -0.008009012361457483 0.43728975836644407 105.82256434332594
0.4425349780981795 -0.05847042587405882 -0.8948429661094768 -95.00536461944984 0.03202737500689958 0.9982659612362458 -0.049389450876013846 -9.418545400470045 0.8961791716880515 -0.00680291246730006 0.4436402609164727 106.29651064170855
0.45042853114219056 -0.057132748141286036 -0.8909825584966284 -96.01982254919528 0.030696710373204077 0.998351413849613 -0.04849913819672289 -9.488561113451139 0.8922846614506569 -0.0055048387200502405 0.45143974968891487 106.83561609308698
0.45968076132877184 -0.05682290743411135 -0.8862644569650346 -96.98890724351028 0.030099160639665855 0.9983744553678797 -0.04839924963883106 -9.56413730820139 0.8875740556299856 -0.004427613067404886 0.4606438529086785 107.3147454090492
0.46911343930002986 -0.05743135609879707 -0.8812684914163107 -97.95392196217732 0.03130141263426532 0.9983375273809858 -0.048398377664830336 -9.638392923893505 0.8825830657338187 -0.004880620023260012 0.4701312349748618 107.81797764836412
0.47900931437471306 -0.058091465617744004 -0.8758854906376047 -98.92566590443539 0.030692990534393838 0.9983061090970642 -0.049425224722871725 -9.716462956410899 0.8772730940576802 -0.0032084027636681157 0.4799809269981236 108.34375591542276
0.48940594119542546 -0.058347372787593055 -0.8701019158692046 -99.89823990910621 0.026377543680774943 0.9982930829546703 -0.052107059673949824 -9.788049780981153 0.8716571077757586 0.002550352710039401 0.49010962755649595 108.88225560373138
0.5011724776047541 -0.05891725626770578 -0.863339354350681 -100.82595651638484 0.02453194717281828 0.9982458733533583 -0.053882834447155255 -9.864367055481436 0.8649996496464334 0.005825197696662479 0.5017387139447547 109.38967674285036
0.5128068447230612 -0.05798696062214361 -0.8565433961881279 -101.76473042138628 0.023732273887723837 0.9982924944620012 -0.05337485010750516 -9.944656934862573 0.8581759614460053 0.007043265513769048 0.5133073879359022 109.93964419251158
0.5260234760213002 -0.05492176516966846 -0.8486947865264096 -102.70408065762598 0.02106136211523598 0.9984478461558216 -0.051558873921639256 -10.017839922931548 0.850209257860567 0.009246509419979725 0.5263637351417056 110.50078843094988
0.5382359644987987 -0.05336046882349367 -0.8411032316335256 -103.6071714208159 0.021114721130144093 0.9985341769800302 -0.04983639137361268 -10.087504099626553 0.84252968755742 0.009064077565471227 0.5385736985354732 111.08729980814046
0.5496926529452235 -0.05285143409537416 -0.8336933810663603 -104.51181811487301 0.021646603120273396 0.9985626791789314 -0.049030605514697845 -10.168417563713454 0.8350865045933783 0.008905133443664162 0.5500466235418809 111.66807635194499
