1.0 8.809142651444726e-20 8.673617379884037e-19 -5.551115123125783e-17 -8.809142651444726e-20 1.0 1.7347234759768075e-18 0.0 -8.673617379884037e-19 -1.7347234759768075e-18 1.0 -5.204170427930421e-18
0.9999516974339407 0.009802620025875139 0.0007151500605350567 0.26657161929689405 -0.009801616492405987 0.9999509920185524 -0.00139351184023205 -0.014778750794969039 -0.0007287750795455105 0.001386434903406447 0.9999987733418187 0.009773052061387864
0.999845253453121 0.01751850346840626 0.0016034910326694816 0.5744789197948102 -0.01751303993587375 0.999840988758066 -0.0033601534931174213 -0.009416810926124633 -0.0016621009201925017 0.0033315515184754213 0.9999930690684865 0.02170260797615203
0.9998187097775348 0.01902156496382885 -0.0008530211676727403 0.8781539378434012 -0.019026795680592252 0.9997971066550096 -0.006612606929231611 -0.01871631447952879 0.0007270659630700396 0.006627638387718865 0.9999777726452159 0.0071338145045305775
0.999852509772946 0.01712471302212071 -0.001304953888412682 1.163040106622054 -0.017134115783086594 0.9998245316448438 -0.0075715254407949135 -0.024861790523912755 0.0011750647099870286 0.007592767945804158 0.9999704841133306 0.019568350335223965
0.9999435285762894 0.010042401041589304 -0.0034770446818329376 1.5004185461760902 -0.010082986639874907 0.9998788461854698 -0.011858597355236424 -0.027404684382221708 0.0033575346341744275 0.011892986678433732 0.9999236389990223 0.007505523745265514
0.9999888446785835 -0.0018230195975229549 -0.004357421019227415 1.8141906137104062 0.0017705180227305505 0.999926160699974 -0.012022412974979224 -0.025358556492456504 0.0043790163647723385 0.01201456396865112 0.9999182338913117 0.028581192804862588
0.9998446225912423 -0.016911415587481157 -0.004973399059372422 2.1530751642716406 0.016850346291154346 0.9997851081297605 -0.012074907528893874 -0.0016850559308671657 0.005176534095748636 0.01198922786465652 0.9999147273192674 0.024528543122048798
0.9993365966694866 -0.03605867884835418 -0.0051125567731851425 2.4928993016474617 0.03602194336373087 0.9993257486047089 -0.00710406728136841 0.029400739722086594 0.005365272905263283 0.006915190188946226 0.9999616962620632 0.024517939444697576
0.9984421261086015 -0.0554669550974577 -0.006061163580705205 2.8425152485140797 0.05543820986020222 0.9984505243642884 -0.004811993783632826 0.06370154034784228 0.006318678598538847 0.004468477245567582 0.9999700530575273 0.03756894289236397
0.9971776786852805 -0.07478241352666844 -0.006653402059222526 3.2057996683094716 0.0747550986400122 0.9971928072171439 -0.004263855264230363 0.10086327686424643 0.006953586064567973 0.003754445567406407 0.9999687754021742 0.03830382042292502
0.9953626749846726 -0.09599182324580548 -0.006222147322537193 3.5975905060910787 0.09596311195371843 0.9953735090223851 -0.004760113509351984 0.14389065819839525 0.006650292588707771 0.004140942695794101 0.99996931263018 0.04136262057821292
0.993297967873743 -0.11543695245715203 -0.005784204811186706 3.9864096740904182 0.11540718451299833 0.9933044409896368 -0.005241113722094649 0.19798797756310835 0.006350494522105345 0.004538448817646208 0.9999695363868113 0.044147034001081095
0.9911756671480854 -0.13246549607237665 -0.0048671556218225324 4.371100457203857 0.13243714791226432 0.9911747400062185 -0.005747749687513061 0.2673469529157208 0.005585580221686018 0.005052437422121638 0.9999716366826025 0.05666549434079229
0.9888670343110416 -0.14871732520636355 -0.005014542486617406 4.7952516408394805 0.14869267552023863 0.9888709330779549 -0.004976540984261036 0.3442117659807644 0.005698833171659547 0.00417551158538851 0.9999750438903372 0.057455660381962655
0.9867534362682069 -0.16214807606885379 -0.00506531736961346 5.202609382615459 0.16212482350360535 0.9867590236391124 -0.004708595407390353 0.41307050915654814 0.005761737308357001 0.0038250090137007995 0.999976085558667 0.06954076849591019
0.9846387870224904 -0.17450470072691474 -0.005879499561078503 5.643301977421768 0.17447566278549467 0.9846480775459042 -0.00513872364671869 0.49563029363747374 0.006685969371836901 0.004033957035582682 0.999969512037339 0.06512409828534961
0.9828653476463985 -0.1841943332100286 -0.006939453093513947 6.0939513311927405 0.18413120572027378 0.9828618469161082 -0.008848104692816026 0.5865679450766466 0.00845029442814459 0.007418725629768346 0.9999367755183864 0.08137531200601096
0.9813477550362563 -0.1920320553181801 -0.008959543268229992 6.537742664329979 0.19196132124610385 0.9813683297713985 -0.008188557085687519 0.6739549445724802 0.010365077459912267 0.0063159363494946115 0.9999263343453252 0.08780847793370754
0.9796623255230099 -0.20035767021016276 -0.010887237427551473 7.01260799892382 0.20027846794023438 0.9797067971779775 -0.007945240259531158 0.7749625137864532 0.012258190337922309 0.00560317331739975 0.9999091664838434 0.08254238188269433
0.9781517042978543 -0.20745439256902562 -0.013487712297487178 7.4927469881262425 0.20735681274803894 0.978230291997509 -0.008285410396786177 0.885955952378733 0.014912933520199638 0.005307619267154089 0.9998747089468446 0.08602035823555175
0.9763825001927074 -0.21557368679413882 -0.014324764550257673 8.01222014264775 0.21540483379653466 0.9764453976287907 -0.012455642361602367 0.9996492849958325 0.016672459162495035 0.009075847703404772 0.9998198128132587 0.09362485492698935
0.974535850629782 -0.22377680496958696 -0.014276462968486506 8.52398625135446 0.2235117015773624 0.9745338294501834 -0.0180647312505073 1.1091080871435737 0.01795536396955566 0.014413771705018917 0.9997348889030313 0.11267921768784053
0.9725603632522697 -0.23205685933294382 -0.016611859231994673 9.0305084941113 0.23173805733311142 0.9725908757194595 -0.01909086825502762 1.229676021982531 0.020586709646974788 0.014717421777797326 0.9996797411581999 0.1371201567609932
0.9702649186144426 -0.2411080133097142 -0.021281767406672182 9.566127838518726 0.24081452064342426 0.9704480835278438 -0.015455866990012565 1.3877741680597762 0.02437938377783147 0.009871326910697578 0.9996540414321523 0.13558622124623237
0.9682018183480146 -0.24887952711341282 -0.02538148796667093 10.111532257654314 0.24863332241381447 0.9685172223399333 -0.012484430960529815 1.5326424957764808 0.027689527498071288 0.005776765076065572 0.9995998794778787 0.14877916530808274
0.9657743659171973 -0.2580034187347134 -0.026722837769135963 10.674529395689948 0.25766511262310315 0.9661104166762916 -0.015471022153882515 1.691287428274369 0.02980878853893506 0.008055973607363464 0.9995231550169703 0.1650227928655692
0.9634016798460743 -0.2665706583232901 -0.02823627792131885 11.224364778323123 0.2661826949067443 0.9637765935861519 -0.016776489133799935 1.8565217019321358 0.031685583503311125 0.00864648926218981 0.9994604854727842 0.19172080481285533
0.9611556199014721 -0.2742441799906797 -0.031144888393707843 11.802418801382183 0.2738232489461047 0.9616272375024071 -0.01714305778118134 2.0207666686023593 0.03465115681209496 0.007948951800649199 0.9993678559453744 0.21553582457533163
0.9586339906224915 -0.2824774124691234 -0.035034032995725314 12.395255882045424 0.282059041325974 0.9592558124415284 -0.016461576577476197 2.1929339877824208 0.0382566233411856 0.005898961085846923 0.9992505356659251 0.22831729908711443
0.956436538720725 -0.28919052651159227 -0.039974826777201725 12.97841929451918 0.2886892489244319 0.9572552075042581 -0.017916061548988935 2.3830707133223306 0.04344726637392322 0.005595273177227812 0.9990400532324545 0.262766807178469
0.9541772546684443 -0.29549255243857026 -0.04722200892306039 13.587963775636368 0.2949370784571556 0.9553378326325762 -0.018486354211943848 2.5811664275019 0.050575551648483486 0.003711737360135851 0.9987133405443331 0.29223560840582563
0.9526087223391183 -0.2991330477935848 -0.05528147828299744 14.232939162326286 0.29851503907719185 0.9542095326392395 -0.0193116354860662 2.788552081147808 0.05852686193685099 0.0018940797567663838 0.9982840371826547 0.32149516909071424
0.9506163886748354 -0.3036414299730641 -0.06426790479490599 14.824066290602499 0.3030471649904199 0.9527853805234427 -0.01903771131380007 2.992707795665809 0.06701415801219553 -0.0013786459702117891 0.9977510721423483 0.36111649490017805
0.9485412962421154 -0.3078727737954259 -0.07405244411117118 15.464919248819953 0.30735597430048567 0.9514135731963055 -0.01856119068480054 3.2151458923551437 0.07616898571680444 -0.005154405237163502 0.9970816003324523 0.39932743844719504
0.9466253119032436 -0.31176049773474357 -0.08188962642649823 16.123189819013966 0.3114145195733527 0.9501168279097605 -0.017291914919771 3.446884142578255 0.08319564810123443 -0.009132654317316694 0.996491384188612 0.4497174924989937
0.9443500814348371 -0.3166082435264749 -0.08923084570425671 16.780591548742382 0.3164344998487503 0.9484715058735 -0.01646237684924301 3.6760195585930626 0.08984503881399203 -0.012689471113313864 0.9958749149985537 0.5114722142761184
0.9423609468318076 -0.3205178141213892 -0.09604257762631009 17.464132965525707 0.3206053674141292 0.9470950333546424 -0.014939751678663304 3.918188624742992 0.09574990481201749 -0.01671312734994593 0.9952651039309447 0.5779575051915666
0.9399854910402476 -0.32540938142143566 -0.10264507351423668 18.11471982745381 0.32580982277207365 0.9453415905735904 -0.013313020582277808 4.161576184516329 0.10136683885302149 -0.020928727020838596 0.9946289521053732 0.651292134758783
0.9380718879585993 -0.3295526290659035 -0.10684660826409129 18.838097179511816 0.3304039648704515 0.9437850692925553 -0.010147067474492375 4.429999279161424 0.104184226347728 -0.025783864260375357 0.9942237370552606 0.7148638089776439
0.936042039316967 -0.3345634878887685 -0.1090530751654239 19.51714695977421 0.3355521035098889 0.9419716470201285 -0.009705773553676699 4.68188849860246 0.10597210227896087 -0.027507976695647796 0.9939885435741648 0.7940241154757214
0.9338750312026051 -0.3406858584101061 -0.10867645548002752 20.24760186432207 0.341773149155552 0.9397390074252843 -0.009039493328625421 4.963940559144004 0.10520713194755435 -0.028700937314146347 0.9940360735831769 0.8863945892912911
0.9318229519432086 -0.34664062087891456 -0.10745355363376861 20.978857613671906 0.3476925661780346 0.9375615730242594 -0.009390218996892009 5.239935100155253 0.10399935411519433 -0.02861078022279697 0.9941657596189205 0.9681259719405642
0.9295276094026783 -0.35325392170666703 -0.10578322247408534 21.703115647218365 0.3543182769689012 0.9350797473669211 -0.00918828983021017 5.511575517651638 0.10216154836302577 -0.028940160038861663 0.994346763042448 1.0514107997269342
0.9268507585670386 -0.36113728790819266 -0.10260375541869857 22.368022435404196 0.3622171159027569 0.932054434227022 -0.008561108855440615 5.801068818092147 0.09872402083988346 -0.02922996613171273 0.9946854662601365 1.1294716958333721
0.9236218156421424 -0.3704384746616093 -0.09847882087176228 23.211798051732178 0.37170354939634953 0.9283330065472818 -0.005856647593970723 6.117500530187028 0.09359066746245538 -0.03119559977408193 0.9951219128924191 1.206693830878612
0.9208209990878258 -0.37849846635841994 -0.09395530109164786 23.94570150859842 0.37985238465342874 0.9250396138170516 -0.0037254184065073984 6.437964596784419 0.08832244059128924 -0.03225870167139302 0.9955694464247454 1.2980707560767712
0.9176009008957706 -0.3868770600302088 -0.09129472655993065 24.697985427828367 0.38843903316826833 0.9214741490819153 -0.000714202395050309 6.771031279645397 0.08440203899534182 -0.034807082557180805 0.9958236605028454 1.364892443044867
0.9142477722020695 -0.3950519400808831 -0.08991649271342246 25.459700441120514 0.39668424759559073 0.917955071018751 0.0003087077580868694 7.09151585432944 0.08241734485575648 -0.03595069163855082 0.9959492602726492 1.4359319589222619
0.9101249150740338 -0.40444357111635854 -0.0899890923619621 26.23578355484587 0.40616667812576146 0.9137985499109472 0.0009163847085580518 7.457634917012072 0.08186127620411764 -0.037384595267262025 0.9959423294021277 1.5197168658639593
0.9063963309207934 -0.41289971614187754 -0.08921611795679303 26.978536532314006 0.41458625680259775 0.9100099269656828 0.00041048060011979887 7.793521383579429 0.08101806566275177 -0.037359834500028596 0.9960122066533103 1.587899807892754
0.902520546084948 -0.421574879112683 -0.08792772711525097 27.781178464751783 0.42329219368242804 0.9059926925611429 0.000979690424723581 8.180035956561623 0.07924886536755694 -0.03810331123324021 0.996126375020267 1.6568815817251183
0.8989241083230908 -0.4295850872853962 -0.08597732408917379 28.55406687253137 0.4312828035665157 0.9022158529866974 0.0013030607400397812 8.552465249836981 0.0770103293288795 -0.03825189409015689 0.9962962419758358 1.7321592784823292
0.8956252542245972 -0.4372007217837357 -0.08192028361099721 29.323441879365284 0.438776481337502 0.8985951826348682 0.0013773781211262603 8.935910679756148 0.07301098150419871 -0.037178308422900694 0.9966379332348358 1.8006664154539094
0.8920804234256666 -0.44524609314458946 -0.07712609597382 30.17184309379001 0.4467787882647905 0.8946395856732057 0.0029539978199973546 9.371643390011949 0.06768480255809875 -0.03709350732883897 0.997016970375488 1.8624342720385643
0.8886082354195189 -0.452868177866772 -0.07270362728391463 30.960223724810476 0.45426040923115846 0.8908640122739576 0.0029651712068999095 9.774271139015578 0.06342621342748679 -0.035661255036460775 0.9973491817510431 1.9331877954474777
0.8849990051350514 -0.460277135025296 -0.07015497047875317 31.782638059012502 0.4615367290453422 0.887118888174747 0.001981410035048925 10.212270439209602 0.06132380167680103 -0.0341326415108192 0.9975341368251005 2.002548861978465
0.8816615349641609 -0.4667647675957371 -0.06930793241712739 32.618158859170116 0.46801451468007327 0.8837184107745386 0.002045606731352869 10.650586738290487 0.060293878739180747 -0.03424065112437878 0.9975932166956447 2.062027257543389
0.878850846467232 -0.47233562920050975 -0.0672327528187586 33.41012812382064 0.47349935932926446 0.8807927645156886 0.0015692965261492747 11.091740415347084 0.058476887559153444 -0.03321384296598937 0.9977360844716526 2.1095608739893628
0.875796371503278 -0.4782129414090323 -0.06552173937414729 34.27578434483871 0.47927433621871895 0.877664975477171 0.0005490562478296761 11.564709876603088 0.057243569977758924 -0.03188374961604078 0.9978509909834349 2.1757797115749256
0.8733261717786077 -0.4827928145194057 -0.06490374361277416 35.107349573653316 0.48377351345933667 0.8751929565651144 -0.0006902564907441296 12.033918864738828 0.05713655013851462 -0.03079589302560883 0.9978912904775872 2.2345080241256814
0.8713219260044484 -0.48636001772322063 -0.06520762550627916 35.95210764694099 0.48732540687970916 0.8732195460612407 -0.0012538684646654363 12.529014178660557 0.05755040463302173 -0.03068480954591866 0.9978709302258014 2.292820071249672
0.8698820415523892 -0.4888030759822346 -0.06615728754228868 36.83401534750602 0.48981622635543043 0.8718250936586449 -0.00103463327834517 13.014770621082777 0.05818331533672644 -0.031504904021450036 0.99780867045693 2.349210204370894
0.8695679351401002 -0.4894861158757483 -0.06522996658788124 37.6827110761309 0.4904701416427006 0.8714573517027706 -0.0010603396545705891 13.508236951321665 0.057364155473359976 -0.03107131358773462 0.9978696944685518 2.4085036964411435
0.8693331414310301 -0.4901027779128111 -0.06371150831523657 38.58476529373211 0.491046611042561 0.8711327649394023 -0.0009652111934636762 14.030587185654179 0.05597423508430084 -0.03044623016364869 0.9979678913049005 2.4696853948629567
0.8689465452152237 -0.49097728053227424 -0.06223513123357141 39.48259256957216 0.4918229690048671 0.8706929918094558 -0.0019700693227888456 14.5377080986669 0.05515495188797532 -0.028896782087830763 0.9980595710012522 2.5343132964717876
0.8684703267988177 -0.4918531709838671 -0.06196571360897425 40.380793373059994 0.49260262013782546 0.8702469265215281 -0.00359798737950116 15.047057974026611 0.05569515331969066 -0.02739972760719743 0.9980717934215692 2.5942840484364575
0.8674314820673215 -0.4937734642323423 -0.06124042732118998 41.30727460169799 0.4943415211739071 0.8692430192757342 -0.006560021636631511 15.591123983041989 0.056471978555366 -0.02458331670864019 0.9981014859109493 2.6513435105940406
0.8661603982424627 -0.49621150967795735 -0.05950043848225508 42.21839534945506 0.4967264370765686 0.8678801617421641 -0.0068462810059833935 16.095988199456464 0.055036453607367766 -0.023625463329161732 0.9982048017600428 2.7161313706150767
0.8642296447565528 -0.5000070450269692 -0.055678326549572235 43.15910994667379 0.5004956658058785 0.8657196380853613 -0.005796269738507918 16.65469475771737 0.05109999641382482 -0.022857452980361417 0.9984319341896861 2.774713094867862
0.8614252041184784 -0.5053483238423858 -0.05069210292667733 44.100097903847804 0.5057224683128945 0.862674677452862 -0.006098026329384203 17.188347533845967 0.046812420925979696 -0.020383141840540922 0.9986957118040295 2.852517394170377
0.8575429874276668 -0.5121705335899294 -0.047972588379609514 44.99025022836155 0.5124494185089304 0.8586869877775477 -0.007228450136835939 17.75020983764153 0.044895636575190544 -0.018384818294684947 0.9988224968795906 2.9022461179460652
0.8527039930549846 -0.5201215015635795 -0.04867775507695659 45.881910022738 0.5202711599074887 0.8539360447198777 -0.010542850501042887 18.302547199228414 0.047051252869622015 -0.016335701375159835 0.9987588920575279 2.9658379742035823
0.8462925155036791 -0.5303234583277503 -0.05045798004032488 46.79034686253909 0.5303490000996353 0.8476640341098994 -0.013986542455101145 18.85189227659858 0.05018880647885572 -0.0149236330639071 0.9986282435823661 3.0318587639497507
0.8403538756773821 -0.5396841530655042 -0.0504616543919479 47.69463539434688 0.5397076472350837 0.8417305123672755 -0.014331785160761843 19.433706946739814 0.0502097515426372 -0.015190769562246324 0.9986231628447907 3.085622473810831
0.8344190889869503 -0.5491741302765317 -0.04639567403544278 48.59656515771726 0.5492941003174976 0.8355531515944266 -0.011265976078980796 20.033730187296857 0.0449530342755524 -0.016084324531550495 0.9988596093614882 3.138339610133442
0.8294024303388224 -0.5569048392955276 -0.044143046080637446 49.474057632351645 0.557181802181029 0.8303618641156655 -0.006900285548999824 20.625419344103236 0.04049750444602083 -0.018872588364597466 0.9990013901602265 3.2077090784387563
0.8257177863731328 -0.5622077872804317 -0.04596238884451313 50.3633068653674 0.5625209008611141 0.8267531020169537 -0.007038778284992334 21.23567137859662 0.04195680351807376 -0.0200427599542892 0.9989183722466819 3.2608582462606215
0.8220650850903071 -0.5671660926418548 -0.05031519882537689 51.225980466116454 0.5675142687020622 0.8233201140236257 -0.00845840786953746 21.845383659817152 0.04622283737536737 -0.021601231480982794 0.9986975698896415 3.3065037339549255
0.8187393537079962 -0.5713813729000515 -0.056472979314579216 52.077646005955025 0.5717007909010922 0.8203755424848507 -0.011923714847007418 22.459298618294397 0.0531420396002855 -0.02252323235104866 0.9983329242450047 3.378909869620079
0.8153678031978179 -0.5759768574110277 -0.05853208722812747 52.958910255103206 0.5763324508024622 0.8171225574789586 -0.012313903161612474 23.099264742793373 0.05492041205591827 -0.023693581113095576 0.998209578472199 3.430279026303559
0.8126156462444073 -0.5801995705227224 -0.054993361817884126 53.81094958634526 0.5805398251788387 0.8141546878054758 -0.011209625582128305 23.711026131222965 0.05127692327068439 -0.02281671951917204 0.9984237950140591 3.4991748045545075
0.8093937913979579 -0.5851329006674371 -0.05001178863978434 54.703260137496244 0.5854888645328961 0.8106333186850471 -0.008741404100443505 24.357684705365 0.04565610533564224 -0.022206107136966892 0.9987103728566167 3.5592252574560894
0.8063129800605662 -0.5895674575623664 -0.04764022637746826 55.56575210106444 0.589954617603285 0.8074062603960627 -0.006977094080421544 24.984656227704402 0.04257848464202108 -0.022479850014905593 0.9988401919170536 3.6286710199663403
0.8034127039516287 -0.5934227339411949 -0.04875947057639594 56.41122023360345 0.5938604783758077 0.804541573061761 -0.006526058424810664 25.623171549159814 0.04310173259150334 -0.023713204276626168 0.9987892293124438 3.6739239652574565
0.800033289861389 -0.5978894798099296 -0.049748417524325905 57.25686497684083 0.5982926187941723 0.8012378234170519 -0.007993286077479754 26.28658196196316 0.04463941543046993 -0.023369216044125472 0.9987297944546909 3.7316119265120093
0.7960516500313009 -0.6029832599735941 -0.05208606986575412 58.13764123852159 0.6033423459876316 0.7974157332416127 -0.01030349051933823 26.939266320600286 0.04774708389613178 -0.023223620957078712 0.9985894448716437 3.7904135777938284
0.7920126506943466 -0.6083070845412009 -0.05175376350662024 58.96312276024045 0.6086201777483567 0.7933813018587174 -0.01129553445062334 27.57792610546229 0.04793162189696393 -0.02255217856329813 0.9985959938155047 3.8468546493174927
0.7874196907603763 -0.6143496308346302 -0.05044563109117639 59.81905830635689 0.6146183122791133 0.7887358635447803 -0.011835023001418643 28.253371123975228 0.047059120412601324 -0.021685678491194592 0.9986566830169259 3.9058993308378724
0.7827258121061353 -0.6203322539472318 -0.05028118709356519 60.670131808152604 0.6206172007867132 0.7840275341870947 -0.01162392894715596 28.916634196641628 0.04663253317647962 -0.022107020361214775 0.9986674554126079 3.961487886490906
0.7770917487212687 -0.6273664565009445 -0.0503958661674663 61.523139091223406 0.6276034712134158 0.7784254739736896 -0.012948528476552913 29.622238442618457 0.04735289843496115 -0.021566425904296943 0.99864537864225 4.028252123218783
0.7718024685155035 -0.6338195883941199 -0.05092817453319599 62.357020520218896 0.6340088078041607 0.773191403390293 -0.014418229783716083 30.313903155971527 0.048515783206314354 -0.021160885880737976 0.9985982353722743 4.086628803026916
0.7660886889604345 -0.6407030476433996 -0.051065892603011566 63.19184600354456 0.64085344710051 0.7675061757685174 -0.015528344940125956 31.011157229978114 0.049142445871939895 -0.020829663886997904 0.9985745566136152 4.147988801893701
0.7605494233649513 -0.6471941610345403 -0.05200281282812984 64.05015036439434 0.647322739109014 0.7620350526968078 -0.016608729444988462 31.723655900716334 0.050377038932865124 -0.02103084363906791 0.9985088169686763 4.212323781776349
0.7544132512274715 -0.6543904828048769 -0.05131999987135799 64.843262933289 0.654380353910398 0.7559182196562129 -0.01933901775902487 32.43155951747683 0.05144899210381437 -0.01899318841536906 0.9984949974863769 4.274637834314423
0.7486666151447847 -0.6609746360806992 -0.05109627995889658 65.67123130837152 0.6609289915704682 0.7501765141175759 -0.02020063781285303 33.16829108543807 0.051683338410889346 -0.018647469651121427 0.9984894112639933 4.339231594179359
0.742165850726845 -0.6683936650673099 -0.04939391169756811 66.50159040751109 0.6683202178451614 0.7435933623175099 -0.020420527337376093 33.91826794387576 0.05037793598684487 -0.017855531782308857 0.9985706001833202 4.396221721933429
0.7357958432832594 -0.6754655813597576 -0.04848427998229758 67.34541982062542 0.6753729290191772 0.737184382801418 -0.02075072292113992 34.68195751596315 0.049758253135884216 -0.017476674512532767 0.9986083727331992 4.466407023933971
0.7291525349565975 -0.6826549297615478 -0.04815420686320232 68.12413077040905 0.6825023380769066 0.7305489895130652 -0.022107293841520333 35.444576445466296 0.050270660289316524 -0.01674576942679968 0.9985952332754151 4.522428717901624
0.7230376474464943 -0.6890551580865463 -0.04918891632638141 68.94026785447107 0.6888347341294676 0.7245205757147803 -0.024013421720133776 36.210494618864914 0.05218495407514169 -0.016520426152133488 0.9985007792124788 4.604287787126304
0.7167206837626581 -0.6955956587794702 -0.049579642535445834 69.7391634654662 0.6954081333239394 0.7182217518338333 -0.02377063944561987 36.98662657485809 0.052143931321888354 -0.017441177709502292 0.9984872636876264 4.659635905613413
0.7114014753168012 -0.7010740035006453 -0.04902226568260347 70.5643564477228 0.7009002094592045 0.7128709044133047 -0.023536567740435728 37.81051704084109 0.05144742264799826 -0.017615767270661737 0.9985203290100527 4.729692568731355
0.7067428262198022 -0.7057447785776133 -0.04938506957858649 71.3538505223074 0.7056049649777427 0.7082257569867693 -0.023192898466468465 38.618101230652954 0.05134404527892955 -0.018454935680001068 0.9985104928659699 4.794149367086986
0.7021781893499657 -0.7102056667994665 -0.050534159210665716 72.15953820855793 0.7100849869304503 0.7037260363603907 -0.023430260017254314 39.43972275908832 0.052202507000965695 -0.019431330227732337 0.9984474556371982 4.863927906124474
0.6963954659071375 -0.715804539272581 -0.0515481970659374 72.95402782331202 0.7155904169201363 0.6980440432261836 -0.0257850524239822 40.28200036439397 0.05443996947139497 -0.018930802233656438 0.9983375753975926 4.936901574149535
0.6913951003015275 -0.7204950149120781 -0.05347661887110196 73.73880860076699 0.7202131215760412 0.6931929570436951 -0.02786725344759321 41.100823970324626 0.05714783275624016 -0.019247280115961777 0.9981801778333421 5.004822851245307
0.6863563330590707 -0.7252346491936251 -0.05431102722933265 74.53473347414453 0.7249236035888046 0.6882239956821802 -0.028870412658569072 41.93704771472921 0.05831597576588755 -0.019555955007459866 0.9981066133405883 5.0690068321998
0.6817894602381035 -0.7296415467372247 -0.05278584263934549 75.3295912438577 0.7293230770397625 0.6835675777398119 -0.028691740277973072 42.80611152504146 0.057017376346935295 -0.018936207060453042 0.9981935878659387 5.150335358830978
0.6767266220225239 -0.7344254651763282 -0.05157824295686968 76.10875039748157 0.7340935801343038 0.6784396056975737 -0.028745730579011614 43.65053117122689 0.056104319366556334 -0.018410255876941305 0.9982551616831045 5.222638737507092
0.6716188668868336 -0.7391438508567506 -0.050935894831635006 76.89923213063152 0.7387540989185669 0.6733168562087004 -0.029779061037053238 44.53146066337914 0.056307006426039224 -0.017628921858295864 0.9982578535335708 5.300106821288891
0.6666101990771363 -0.7436770459623243 -0.05074735259195125 77.69313700374416 0.7432592923798196 0.6683115141296712 -0.030419473577895685 45.42240470043944 0.05653730429893766 -0.01744051004006015 0.9982481464205941 5.370141877795705
0.6626041122405266 -0.7473149482479667 -0.04976101453027871 78.45570183964207 0.7468323488045134 0.6642691407179137 -0.03143169529341924 46.28719173865456 0.05654408210482731 -0.016336364804432773 0.9982664423709229 5.444129326513118
0.6586741596013524 -0.7508713415431357 -0.04837954033125447 79.24151141005908 0.7503108850583362 0.6602817789748321 -0.03258140753262679 47.18826499487464 0.05640857413929244 -0.014839164499476884 0.998297486704504 5.515907676611149
0.6549343327415861 -0.7542058781493076 -0.047270637412299706 80.01253623813629 0.7535134714407297 0.6565123436062092 -0.03477054860112376 48.0699855772706 0.05725790909275196 -0.012846636046622105 0.9982767631216364 5.596303557576113
0.6504305882646713 -0.7581389416145977 -0.046533805530724226 80.77120793198054 0.757150487986282 0.6520261835375261 -0.039811989696866154 48.971732350422634 0.06052427935802892 -0.009338157686926913 0.9981230437271776 5.680148815678376
0.6461939873139275 -0.7618766596415608 -0.04446668699987581 81.55896219946342 0.7606244351220814 0.6476996776012548 -0.043995412606828 49.86209475538992 0.062320136830257805 -0.00539287758510332 0.9980416411236607 5.7487870372639085
0.6395976962890467 -0.7676404729302928 -0.04053259455180162 82.34913695816118 0.7661608291893051 0.6408804608916879 -0.04764261394187251 50.77557218638551 0.06254894657546892 -0.0005823801285921582 0.9980417276425295 5.834127375474276
0.6312714035698049 -0.7747203983614551 -0.036120899735152444 83.10547679273637 0.7730239965950064 0.6322875816062756 -0.05144234476354093 51.72568127569275 0.06269223016684003 0.004551758907927243 0.9980225276853986 5.921009179461441
0.6229893138947271 -0.7815197039128279 -0.033335674119221184 83.88024626401199 0.7797789564443462 0.6238439863001779 -0.052568620332569885 52.670470847683006 0.0618796724259545 0.006755231536325019 0.9980607561603387 6.004985524582502
0.6140773566518049 -0.7886707540053132 -0.030123775065930277 84.59671817338602 0.7870105612171318 0.6147625438329388 -0.0517821516813393 53.61133444371059 0.05935803719992192 0.008090517705603225 0.9982039706107304 6.0831975398584275
0.6050456934097064 -0.7956253306762554 -0.030000701202919425 85.34825532402058 0.7940129325090515 0.6057472719434719 -0.051124412382129364 54.57778331961146 0.058848720417220605 0.007111660800451356 0.9982415801728132 6.176988969061042
0.5950477846574475 -0.8030994961119965 -0.03081125312157001 86.06311456779302 0.8013633370528075 0.5958039545624897 -0.053239550667593984 55.571540222940904 0.0611141227692311 0.006989068060629652 0.9981063154422937 6.24001886211076
0.5855126189725686 -0.810059727633646 -0.031276359922266427 86.79054523696371 0.8081930753348966 0.5863034538088465 -0.055427547596300385 56.57261932968245 0.06323706195425342 0.007176191045478923 0.997972733233465 6.335436540092424
0.5754466014917975 -0.8172199044234927 -0.031825094588986615 87.48484946551676 0.8152618704458477 0.5762855661996382 -0.056947596850967536 57.58052347842949 0.06487905231026647 0.006824514929281003 0.9978697984042316 6.4066862659670445
0.5655012541029236 -0.8242897904364834 -0.027471312131000687 88.19166948549653 0.8223039175981898 0.5660750714439494 -0.05809716509776601 58.56811408704688 0.06343972502060657 0.010264252135726733 0.9979328867300666 6.500456899175313
0.5552631103482609 -0.831266104138282 -0.02606803400983533 88.8942787269511 0.8293487072179959 0.5557806783363088 -0.05734596257689971 59.59890319215172 0.06215786452423938 0.010222607240592619 0.9980139769457094 6.586776998958692
0.5452067873470898 -0.8379346878729831 -0.02479955422727524 89.56893797266771 0.8359791191376014 0.545658914189348 -0.05826887446674968 60.652051658135846 0.06235760897104079 0.011036676352424729 0.9979928458553732 6.67905126665211
0.534763670992565 -0.844618439324886 -0.02544618122527596 90.24332085536689 0.8425654875698727 0.5352651282762408 -0.059788306612264655 61.72335803047644 0.06411875967841654 0.010532540235537716 0.9978866920915863 6.7606740138498465
0.5247296979013053 -0.8508707149072319 -0.026034028763543576 90.88775353685392 0.8487855859289865 0.5252885219793892 -0.06029094290103538 62.77929388114197 0.06497517417900578 0.009539139896488722 0.9978412857516185 6.8405336345914955
0.5147589089818008 -0.8568725449353713 -0.02815505922291945 91.55891465895577 0.8547374338768541 0.5154769387996228 -0.06088878957066207 63.85030954158899 0.06668721581740011 0.007277863817767435 0.9977473868393609 6.939968620790097
0.505468526420381 -0.8623992348636224 -0.02773316615620141 92.16255433109886 0.8602357921419157 0.5061773379382598 -0.061472631924357216 64.93703707353922 0.06705185095416422 0.007215418517004017 0.9977234020605336 7.026817651023751
0.4966524626068361 -0.8675288096802921 -0.02702028425573687 92.79344737683994 0.8654955260347493 0.4973475500008873 -0.059690107404388765 66.04286565807836 0.06522136000113646 0.006259303700128778 0.9978511889639615 7.115049468650677
0.4884454955680952 -0.8722415444116804 -0.02481302201595928 93.42052153498807 0.870351866926321 0.4890305509527518 -0.05776459099409852 67.14999255271162 0.06251900188826887 0.006618794238726713 0.9980218263974592 7.215751758597708
0.481039787601113 -0.876358899822868 -0.024409044346893283 94.02115864817364 0.8744710339130528 0.4816149969113401 -0.05785676794573353 68.2284789430671 0.06245905532196778 0.006486405117045215 0.9980264490267505 7.300077035017729
0.4730488680375942 -0.8807143355311928 -0.023812342140164887 94.64628808696958 0.8786496733393175 0.4735831394672918 -0.06077632395114194 69.36529975997772 0.06480370351346708 0.007827464605673878 0.9978673312664292 7.395411314557083
0.46666475043011524 -0.8841554699970924 -0.022206205894276868 95.23714636026553 0.8818595084413898 0.46707395324110645 -0.06454246334960423 70.48164767427018 0.06743751239116529 0.010536938736912626 0.9976678579790702 7.487768092050415
0.4603955569995967 -0.8874459712459942 -0.021807778756330748 95.80303702552814 0.8849509151068672 0.4607608044385852 -0.06753783343153846 71.63039776919331 0.06998434786828747 0.01179530467439614 0.9974783515651299 7.584466737912871
0.45499175557591076 -0.8902358018767335 -0.021510913854135963 96.41282901937859 0.887504209328674 0.45530932298045595 -0.07092036964768256 72.76749568159167 0.07292997176631658 0.013177156900039459 0.9972500096536454 7.686594000118612
0.4507623297153731 -0.8924277749668129 -0.01964659200351894 96.96852185576527 0.8896765761829164 0.4509481636289486 -0.0715635627335744 73.86032277897405 0.0727249056445758 0.014779045553164864 0.9972425321412666 7.794015265673854
0.44625933081107916 -0.8947654268357333 -0.01573024486509688 97.54468937253911 0.8922093178052334 0.44620997170134885 -0.0697079219013265 75.00548913509552 0.06939123060998253 0.017073139539919572 0.9974434144454926 7.8938052956617035
0.4422926453072559 -0.8968185420941094 -0.00968082968065545 98.1038097285135 0.8945014871548488 0.4418825946862452 -0.06787386824924069 76.14146880938874 0.06514833370757535 0.021360596188953734 0.9976469413302377 7.994629512990563
0.43940083987154793 -0.8982548004669921 -0.008075602651355217 98.66310946692528 0.8959803201276504 0.4388972190737451 -0.0677384457548764 77.27893880993923 0.06439074362151503 0.022528748907501027 0.9976704303569046 8.092442215003246
0.436595162816162 -0.8996294670981287 -0.007175356037569872 99.2199926063565 0.8974331816888287 0.4360621575380694 -0.06680927455907529 78.40226733790197 0.06323249330364 0.02272920350520267 0.9977399636671993 8.189982052593159
0.43409243648989815 -0.9008650160998031 -0.0024452708981356416 99.76259634278348 0.898761819052184 0.43326131008272545 -0.067170155570831 79.54636939441775 0.06157068455257635 0.026960340370663784 0.9977385383209496 8.270666248755976
0.4314997137055549 -0.9021129282567963 -0.0005116091987020094 100.2661578967757 0.9001270097099862 0.43058727972230465 -0.06607541851478503 80.649262216841 0.05982778169531608 0.028051010913936702 0.9978145004579376 8.368808824138638
0.4298638014845724 -0.9028932746205894 0.0009202272223333488 100.80727725675203 0.9009250386566303 0.42885901881899013 -0.06643806664226624 81.77277292375211 0.05959183580643633 0.029388375635983493 0.9977901264708411 8.465262860364385
0.4273515007899764 -0.9040807458013823 0.0029495497573370708 101.34514450031783 0.9021509661148241 0.42622145737178757 -0.06677502238081752 82.88133167600049 0.0591128506387907 0.03119734519291202 0.9977636977472523 8.552203116650352
0.42597438696309076 -0.9047089200794743 0.006898665091919456 101.84798681852557 0.9029400294107838 0.4246366949300984 -0.06620408300471699 83.94840725574633 0.05696599809598706 0.034430324533380796 0.9977822547096407 8.632768675667476
0.4235795340736176 -0.9057938046613003 0.010861019804004158 102.37270403046458 0.9041641037994042 0.42202356771543215 -0.06620711210556071 85.06005558110384 0.05538638564301928 0.037864121935468176 0.9977467897996257 8.71350804139336
0.4220142171519751 -0.9065206927263901 0.011146038779364265 102.88666154911691 0.9048910611062564 0.4204397472377937 -0.06635198921368869 86.15288434814593 0.05546321349866849 0.038087433642681544 0.9977340223460937 8.805503226742408
0.4210327476912818 -0.906952335926384 0.01299560422623025 103.37702721682699 0.9053052596291328 0.41929479154324034 -0.06792837899242829 87.23504817185147 0.056158812837859895 0.040365060911461664 0.9976055581231773 8.887592094706541
0.42037821614565346 -0.90726738458112 0.012167508600049927 103.8689819368629 0.9055339126616927 0.4186517889950845 -0.06884048656728893 88.3128710885902 0.05736277895817198 0.03995713261170374 0.9975534768340225 8.974737108248428
0.42036841371540834 -0.9072759133066092 0.011866502603948347 104.32241556792344 0.9054801688047638 0.4186246765704949 -0.06970684376404526 89.34608910877799 0.05827572952514446 0.040047438119144824 0.9974969383654295 9.055730113783975
0.422768363132179 -0.9061919208105959 0.00911667659516956 104.79866212044675 0.9043187313318998 0.4211974256325088 -0.06928463612382242 90.38263272433606 0.058945256779500264 0.03753573361678401 0.9975552743607988 9.137309726493218
0.4264430978828946 -0.9044811237611168 0.007757643190261065 105.28232192094721 0.9025313293097371 0.42492489979290643 -0.06982856972892482 91.4144486267552 0.05986220746379862 0.03677942761675136 0.997528841598951 9.218601982374034
0.4317238995703047 -0.9019886874670061 0.005557177463171466 105.76851123312923 0.8999531170470105 0.43031785019307234 -0.0700780630624319 92.42299980553597 0.06081826746281969 0.03525557383961139 0.9975260311671373 9.30983478346944
0.4376884527094886 -0.8991164577350195 0.0042911297818693 106.23890798610785 0.8970392022117362 0.43634227741899473 -0.07018608574451926 93.43540627576401 0.06123306345517717 0.03456895090736919 0.9975246861973183 9.390698687317796
0.4440249559804133 -0.896009152275471 0.003072052275536665 106.71298641985506 0.8939870180097451 0.4427871495366106 -0.0687513769701149 94.42835440812719 0.060241597726451664 0.03327370198572514 0.9976290947338742 9.471248484192438
0.4518100008256067 -0.8921124553344985 0.001757893915365516 107.25174101484058 0.8901432670946701 0.4506800462014513 -0.067323547157621 95.4426683509842 0.05926792724561898 0.03198222932989681 0.9977296476536607 9.546240661341418
0.4610060718826463 -0.8873967356542459 0.0006597253373737642 107.73002225696646 0.8854288199537729 0.45993399081197645 -0.06690686729355966 96.4118946073896 0.05906950552189858 0.0314286118999419 0.9977590069107075 9.626557449515477
0.4704959819899403 -0.8824014634164319 0.0010900880060670318 108.23240862157937 0.8804295567686979 0.4693612895182187 -0.06740753273832915 97.3770446285945 0.05896886042137674 0.032674719009259695 0.9977249301477187 9.705335657542475
0.48034092528677147 -0.8770816552460717 -0.0006045870154666073 108.75710026868792 0.8750349275439342 0.4792668569892636 -0.06794965319863386 98.3489832407976 0.059887152819533516 0.032109964535074184 0.9976885681938659 9.787487039430951
0.49044889185322 -0.8714465710494147 -0.006384221657008256 109.29407762599585 0.869229569135943 0.48969987254482283 -0.068073423370116 99.32195224827655 0.06244870390721753 0.02783718081633884 0.9976598873085492 9.86251435451592
0.5020675479203263 -0.8647742098334816 -0.009682114033025085 109.79961318798782 0.8624503080645227 0.5014852590007195 -0.06849818336562827 100.25039194873446 0.0640908998585662 0.026040372728879546 0.9976042579818214 9.94242955452932
0.5136246041012643 -0.8579455465650464 -0.010918112979055001 110.34791750997849 0.8556655817421749 0.5131177477629396 -0.06742840019245368 101.18989380977678 0.06345217319875536 0.025290631860280747 0.9976643752567609 10.026904126310747
0.5266545841874247 -0.8499778939051138 -0.01313502291577626 110.90679347362632 0.8478529153490408 0.5263300854851835 -0.0642033881293793 102.13052231519595 0.06148481835789276 0.02267644120638473 0.9978503876462195 10.104647890327628
0.5388542396769177 -0.8422992233317239 -0.012966370231703904 111.49140165927167 0.8402863878818516 0.5385286059466362 -0.06249581520104338 103.03467347716152 0.05962293789038925 0.022780670577210144 0.9979609943907484 10.178388878327793
0.5503225659262738 -0.8348537020226481 -0.012820672813917033 112.07059199313316 0.8328872771299554 0.5499761029091564 -0.06184714887451105 103.940160826859 0.058684384868302866 0.023357706392887773 0.9980032868306059 10.263117487153815
0.5621119920428449 -0.8269447120284077 -0.013876298133100946 112.66706971646866 0.8249508630233249 0.5617966013570694 -0.06197299654460545 104.82792522561306 0.0590438989117098 0.02338850042008194 0.9979813605721319 10.336086444121857
