1.0 -3.469446951953614e-18 0.0 -1.7787691892340307e-19 0.0 0.9999999999999999 -3.5575383784680614e-19 0.0 2.168404344971009e-19 -2.371692252312041e-19 1.0 0.0
0.9998448236076355 0.0005118221972864037 0.017608712132319328 -0.013634996777234655 -0.0005093747077020106 0.9999998599758956 -0.00014347982740845966 0.0009047537848734799 -0.017608784591063024 0.00013448814672954016 0.9998449442875604 0.13867598147670607
0.9992814879299116 0.0048645280172091646 0.03758781952175277 0.04892660870898842 -0.004850804029932435 0.9999881306722542 -0.0004563160682624504 0.006529499545905704 -0.037589596319066165 0.0002736570855519911 0.9992932239449246 0.2801720748207766
0.9978997542893544 0.0057345558332911675 0.06452282537144875 0.05688184109688497 -0.0057968987809885325 0.9999828943913842 0.00077903827900951 -0.0002145219901818346 -0.0645172596824121 -0.0011514343693914445 0.9979159271477754 0.4236467168728172
0.9951529302553618 0.00515318900616806 0.09820432460813218 0.07147217274896535 -0.005451486368866311 0.9999813056184975 0.0027694259593529277 0.007440705080215035 -0.09818822565899099 -0.0032913618841308415 0.9951624188765026 0.5950068763808487
0.9908080748122772 0.0018740496950597858 0.13526213616645288 0.18298488089484677 -0.0025767945929580077 0.9999840770327758 0.005020539210261668 0.015447123171189944 -0.13525058507752638 -0.005322933526211516 0.9907971270424891 0.8010632614304648
0.9845327053226739 -0.001140695143072093 0.1751971707437101 0.23608161866156666 0.00013756118409782685 0.9999835293409541 0.0057377802401172105 -0.0152639949774672 -0.17520084499019958 -0.005624931938468835 0.9845166460680388 0.9921755157360838
0.9757357007403442 -0.001417092907773235 0.2189470950403157 0.32794168945525554 -8.566873467369396e-05 0.9999765078262034 0.0068539371798968934 -0.015699241749644093 -0.21895168266061446 -0.006706388068933937 0.9757126568527821 1.2276303864817972
0.9638284312046735 -0.0013450007754822503 0.2665200565942063 0.4215679836317833 -0.0014207548351207553 0.9999471303692962 0.010184199571334755 -0.0008691432753528405 -0.2665196860484525 -0.010194480735553488 0.9637755626283742 1.4256081632292812
0.9497287082551472 -0.0049138970152891 0.3130355035975255 0.5984503721379482 -0.00031471495437236565 0.9998613259815698 0.016650217826550892 0.012398733004491819 -0.3130739376064466 -0.01591170687450075 0.9495954586047228 1.6600291908130511
0.9324878968201797 -0.015025212352973272 0.3608885628493276 0.6891200101049115 0.0065507865014650035 0.9996735937032655 0.024693991690840807 0.00842907800113249 -0.36114182952127427 -0.020662744547160557 0.9322819533075615 1.849514864454802
0.9113027278076449 -0.020844060582565868 0.41120900977093844 0.8420374379368496 0.009339529617019659 0.9995072582064021 0.02996688085863574 -0.008714986266615377 -0.4116310561526013 -0.02346840165047519 0.9110483639618177 2.063326155154084
0.8865477772520123 -0.02279360983502434 0.4620751806627522 1.068535914890812 0.008191014334910535 0.9994023376721867 0.03358384588184716 -0.006212188715064834 -0.46256455188341944 -0.025988819600231288 0.8862046231247541 2.327170264624147
0.8581912117139169 -0.02452563307769296 0.5127439087031729 1.22985939627224 0.005848179750122826 0.9992603021524297 0.03800851608898331 0.026759454773955388 -0.5132968594105568 -0.029619956071739364 0.8576998390515516 2.530483396115611
0.8261446701323781 -0.029925877083790242 0.5626627763008136 1.476850774122341 0.00706103643550916 0.9990600516579501 0.042768620460079815 0.024900758100630763 -0.563413838423454 -0.031360085602632405 0.8255794436707169 2.7610755047719255
0.789943670779721 -0.03564843825200489 0.612142266867292 1.6826684510972445 0.009418115606820234 0.9988962312209617 0.04601758679166687 0.025971630826399777 -0.6131071102333977 -0.030586074855937492 0.7894074957984846 2.9863072328817335
0.7521886213704009 -0.04009047575967861 0.6577271438687211 1.9466165515067884 0.01047399535487971 0.9987488314569749 0.048898538033118125 0.0296559927012605 -0.658864637664834 -0.029891892866123617 0.7516674130831267 3.1959767739117795
0.7124916733256891 -0.043491566929971505 0.7003313917677928 2.272717224642831 0.01178051901902349 0.9986780231472266 0.05003424216520106 0.042462365192915796 -0.7015816967370428 -0.027398713559976 0.7120621279890538 3.4215249222787856
0.670454039889813 -0.04542920925387098 0.7405589251883472 2.5441129129202933 0.01105796214251235 0.998624687027849 0.05124895963748061 0.061519893289274416 -0.7418686872754413 -0.02617099932521538 0.6700343090978808 3.6245582552655367
0.6282304863311016 -0.04571812870215738 0.776682855763596 2.906374281111933 0.0064637919900770655 0.9985442862422237 0.05354930191056263 0.07806314002880979 -0.7780004674457176 -0.028620987431002692 0.6276114738584677 3.8343244857275147
0.5866710803589221 -0.046579738164414144 0.8084845804712882 3.2337734259707385 0.0037140766017004726 0.9984887155262548 0.05483147390180222 0.0987795870325787 -0.809816834387656 -0.02916526622079978 0.5859574529462934 4.039484179592901
0.5463815298887731 -0.047490981930167105 0.8361888374905122 3.602727317971213 0.0014739152088623234 0.9984440560012723 0.05574311203004864 0.11636766899032071 -0.8375351403683211 -0.029224535214194533 0.5456013872311944 4.23000590400086
0.5074558601971726 -0.0503254904640224 0.860206854762619 4.051592565208241 0.0007673795826720351 0.9983190233224434 0.057952900927799374 0.12647748363139724 -0.861677448060728 -0.028748433807709292 0.5066414561727233 4.472959342237367
0.47008317627992596 -0.05016941085746454 0.8811950819696214 4.434538033285965 -0.002356930128615863 0.9983083123187115 0.0580943918580846 0.1592423555970753 -0.882619011083617 -0.02938611127338855 0.4691696952209597 4.65116779371728
0.434749414549704 -0.049653705077551846 0.899181510193405 4.917615526491607 -0.003137195783641468 0.9983892343567025 0.056648871637705774 0.18964858628787987 -0.9005460419568677 -0.027448971953946483 0.4338933603628802 4.8254855247810715
0.3999794549211184 -0.04824900661336801 0.9152531882804404 5.427964489469287 -0.0020221540854342733 0.9985644834798052 0.053524603363913625 0.20320600558459778 -0.9165219135853642 -0.02325952428745554 0.3993077094827573 5.033727313903975
0.3703437194995586 -0.0464344370260879 0.9277334208544689 5.917707171973566 -0.00024720950557372955 0.9987448105403733 0.05008734620956185 0.21871405954995346 -0.9288947958508033 -0.018778878151593525 0.3698673875153804 5.183773240311746
0.3450194654743338 -0.044435269941149054 0.9375430663951088 6.472051713309228 0.0007882899258348842 0.9988920906634674 0.047052840060825614 0.2417336215257309 -0.9385952386344798 -0.01549508943597132 0.3446722416307272 5.3911500159690195
0.32419524006974176 -0.04375843170288717 0.9449775504637812 7.050794185053714 0.0019981878165631476 0.9989590311756559 0.04557259294916258 0.26329462977040874 -0.9459881234232886 -0.012886174488580558 0.3239451990531323 5.5587289949124115
0.30970817209884355 -0.04443482145454877 0.9497927768165263 7.622137369464072 0.0030995149692383374 0.9989493089677303 0.045723856664474455 0.29389455117284524 -0.950826649813796 -0.011217154506210655 0.3095204894427622 5.751402263972794
0.29752254930733874 -0.04600265872720634 0.9536057946136018 8.23021934885704 0.004203510785106222 0.9988918805380317 0.046875808657053056 0.31008494836416084 -0.9547055779737709 -0.00993811718647353 0.2973862299949924 5.921034149816115
0.2869890357200139 -0.04782293858691972 0.9567393494927043 8.864318433044652 0.0030016828679247176 0.9987930606172566 0.04902460509497348 0.33898708660975907 -0.9579292047150296 -0.011197695384801054 0.2867862051840133 6.111416220415806
0.27662809975055497 -0.04957620224240536 0.9596973570048571 9.526267765185377 0.001130037581820786 0.9986844728835015 0.051264476746447116 0.3718385300739121 -0.960976428374838 -0.013096700095875522 0.2763202094897027 6.3048375429775705
0.2658471346031081 -0.051424213949446934 0.9626425988810576 10.22491074321997 0.0005624779267216005 0.9985843113230328 0.05318887791920012 0.4055742907391923 -0.9640150743478731 -0.013598644969051782 0.26549970133953166 6.499705290336236
0.25710554179156214 -0.053394118736133464 0.9649071095230128 10.95058568770035 -0.0002748653605149421 0.9984683888245751 0.05532450541784857 0.4280541277758433 -0.9663833318778036 -0.014489455888534529 0.25669707840289196 6.708909529157017
0.2459169726370936 -0.054954336870892156 0.9677317730052087 11.682513465399792 -0.0006965115883435901 0.9983812455226775 0.05687181542625035 0.45816596965766265 -0.9692906876694937 -0.014659780479556293 0.24548061562595216 6.87906947734168
0.23505611169528468 -0.05618386197617861 0.9703565935312777 12.436550104758842 -0.001415138180889341 0.9983071450829343 0.05814500312250844 0.4870693757346734 -0.9719808135590492 -0.015040526423964265 0.23457868639044988 7.038869317335462
0.22505355251191134 -0.05893993909391778 0.9725620300456727 13.177794754708033 -0.0025885010376069896 0.9981290059883696 0.0610883539609278 0.516622050903552 -0.9743429985005005 -0.016265628330259598 0.22447991108401602 7.240259094475182
0.21379657168544558 -0.06220915769135407 0.9748953617773043 13.967017410644532 -0.004782589548018247 0.9978916516179516 0.06472540757609077 0.5556410703238757 -0.9768665383440731 -0.018500594077434047 0.21304829167340922 7.386854564983974
0.200756200788122 -0.06669686809652442 0.9773680959330848 14.764005433627842 -0.003991231361835769 0.9976156971986683 0.0688984083943619 0.6139143965831855 -0.9796331452740283 -0.01773268435353717 0.20001133309206362 7.571556766745692
0.1895080646667704 -0.06907192072858682 0.9794466203570001 15.540924382119295 -0.005491824603251059 0.9974324374035131 0.07140288914305191 0.6451772049450453 -0.9818638475090146 -0.018910371846576825 0.18864215847904636 7.714842548900372
0.17426297664700843 -0.069817935231187 0.9822208455004872 16.360262418358523 -0.005967029581589765 0.997390041711945 0.07195484105612082 0.680621212359506 -0.98468111169605 -0.01840000507962089 0.17339155036217735 7.84430353117898
0.1609071249367866 -0.06875520283917386 0.9845717532358985 17.122518517671846 -0.007563437346432417 0.9974553940137338 0.07089098161948656 0.7170681094481428 -0.9869406132697015 -0.01885361026427333 0.1599776525311732 7.998345755530899
0.14421598783363884 -0.06768869090422734 0.9872283968564022 17.93829169872404 -0.008885186029713358 0.9975289232785997 0.06969290211581149 0.7511798899587429 -0.9895063846630052 -0.018822538139759978 0.14325819094502518 8.093093155610035
0.12273830343782048 -0.06635627068764897 0.9902181937682799 18.781777355302694 -0.011218575962174938 0.997605728872418 0.06824187276538347 0.7901576883717298 -0.9923757029677912 -0.01948472917908565 0.12170001028640338 8.197165285490922
0.09849753445270056 -0.06499566594767131 0.9930124448760851 19.576254747992117 -0.015844603144884485 0.9976358866529281 0.06686991966970879 0.8315848374834927 -0.9950111899324467 -0.022320409843168045 0.09723484306773919 8.286886249673133
0.06817270169144848 -0.06435534708606103 0.9955956951150423 20.445506588870273 -0.0198622988106148 0.9976320250916484 0.06584703151223403 0.8710492143870644 -0.9974758423351135 -0.024263788781874178 0.06673302379069215 8.338772746576794
0.034406250138118745 -0.06404705010390149 0.9973535486787259 21.295664370139246 -0.022741697947922506 0.9976358704407976 0.06484971211060325 0.9097026168387812 -0.9991491928526539 -0.024912748131366638 0.03286836911474474 8.364934928997048
0.00032133109965589574 -0.06339637927203151 0.9979883323074439 22.118661954945697 -0.02431405550558563 0.9976928949806383 0.06338543995052193 0.9459776620133206 -0.9997043602742399 -0.02428551096791302 -0.0012208348529454225 8.360562739032952
-0.033684866527451146 -0.06226587699908346 0.9974909553205837 22.979052494204915 -0.025886154369874882 0.9977769153032549 0.06140956196129597 0.97516236693853 -0.9990972530896481 -0.023752631491503157 -0.035221807842994925 8.316275039600127
-0.06618433296133337 -0.06051172224186791 0.9959708235569948 23.82025940295397 -0.027983825663357595 0.9978793597318814 0.058768094575312124 1.008409837602641 -0.9974149706114446 -0.02398154629605079 -0.06773733080611302 8.264485058025967
-0.09849791351116369 -0.057469035161070936 0.993476415048299 24.653211407734013 -0.028986256048945454 0.9980731716068245 0.05486110745632598 1.0521671497185443 -0.9947150554426706 -0.02339345666128041 -0.09997393861970336 8.185678135059629
-0.13101736939050118 -0.052778874432562795 0.9899741189174244 25.469649705492976 -0.026998010900366978 0.9984014599154319 0.04965513346987621 1.0760738584692309 -0.9910124313947885 -0.02022164656500595 -0.13223285901294182 8.045085058859467
-0.16250710569571125 -0.04749779484808278 0.9855634518384242 26.30907699791619 -0.022610289620049906 0.9987576907416754 0.04440551780060101 1.091212945798667 -0.9864483247648856 -0.015067662289703857 -0.16337916201736885 7.914319622032593
-0.1938783027211811 -0.04134015580928507 0.9801541274999992 27.15732937005511 -0.016333510076157656 0.9991092642093552 0.03890879884314249 1.0980182667089349 -0.9808896478324576 -0.008465784693476053 -0.19438083972757683 7.708108963539621
-0.22214258421371147 -0.035835163525257285 0.9743553934175349 27.97430947065608 -0.010461520220491263 0.9993544395964152 0.034369472635546156 1.1162566841138428 -0.9749581062192804 -0.0025583143279554466 -0.22237406953513994 7.513524919051357
-0.2505604430482215 -0.0286083493005582 0.967678121672777 28.786546071414886 -0.001739337895329499 0.9995749635209358 0.029100979161063387 1.1375362804259996 -0.9680994359647088 0.005608436008894697 -0.2505037067862438 7.298225244755317
-0.2767652790066569 -0.01819118769439792 0.9607653108774123 29.600929648441532 0.0033474268668231277 0.9997964812489825 0.019894491710465742 1.1428475647844314 -0.9609317627673362 0.008722197217297376 -0.2766480598828397 7.036811563623546
-0.3011009650677596 -0.0035677398885620108 0.9535855508449603 30.385950319418548 0.00809844487703969 0.999947371685597 0.006298336221208409 1.1301316723061368 -0.9535579166606885 0.009618996189736476 -0.30105622694703527 6.755775460427721
-0.3269797290561768 0.013184196844300895 0.94493934080595 31.169633684171288 0.009191575468413697 0.9998997512194387 -0.010770442945696445 1.0916120809908392 -0.9449866912918317 0.005163765698184581 -0.3270681347253808 6.495547643342486
-0.3528226334359947 0.027754391433897352 0.9352784658194643 31.945462977774863 0.008800729898802203 0.9996142069643813 -0.026343583060097722 1.0565995218618054 -0.9356488710854672 -0.0010634783810307268 -0.3529307772578329 6.208560320822075
-0.37706919718746085 0.03857426536294736 0.9253814206074293 32.70717578118882 0.012304582100648956 0.9992527831030811 -0.036639769208755044 1.0254404401497936 -0.9261033904146583 -0.002429295927222459 -0.3772620863469743 5.8848869912121184
-0.40083824860672074 0.04361015129692616 0.9151102565956853 33.46788717637092 0.016280540152361075 0.9990477434038386 -0.040479011535699085 0.9815304222419908 -0.9160042100428254 -0.0013270460325281045 -0.4011665459642981 5.541587822520915
-0.4233378433122621 0.042816233266901996 0.9049595409184955 34.20731052492945 0.01789821665137773 0.9990829282887583 -0.03889673776396354 0.9250181922010859 -0.9057951164669402 -0.0002692983576857378 -0.4237159477600131 5.179829256005274
-0.44348337493498446 0.03950993628951687 0.8954112980356768 34.94692982575263 0.022486614582872697 0.9992039255083188 -0.032952502051829 0.9022344471762018 -0.8960005109210104 0.005520882834746233 -0.44401877521637434 4.8060631786206045
-0.46134537270710446 0.038234278137445274 0.886396367299895 35.6808347879031 0.02940748751920879 0.999181028329591 -0.027793385895193676 0.8847125732196892 -0.8867331687784508 0.013244341185879416 -0.46209191933401617 4.399291272747916
-0.4751082108242015 0.03884764683593268 0.8790693842502851 36.391223301512596 0.03353962746247142 0.9990984932346761 -0.02602487681162887 0.8247452861436868 -0.8792879767957441 0.017119028125344812 -0.47598283450968626 4.009251359874431
-0.4868433506257401 0.04239815578802343 0.8724596742960009 37.0816421021499 0.03618005548034998 0.9989429165638469 -0.028355829114340165 0.7638396054755867 -0.872739720252177 0.017760793692814345 -0.4878626855517273 3.6316899448777806
-0.4962981345947868 0.04497252700934423 0.8669864872831029 37.796730574692525 0.03800753701969766 0.9988253946418835 -0.030054253684066605 0.7340976646432423 -0.8673198093537321 0.018036152098846316 -0.4974244764628987 3.206515140131628
-0.5072271448458832 0.044212038297632913 0.8606775562524132 38.466553546478906 0.031708722168387424 0.9989644285636288 -0.03262862850970655 0.6588827203813206 -0.8612289141205249 0.010740860409024921 -0.5081037834630472 2.8181585190002085
-0.5182735413264763 0.04286294808874057 0.854140059722701 39.17673417335322 0.02974707208223841 0.9990423851057731 -0.032084645178861865 0.6535966549470946 -0.8546974371950237 0.00877954418411821 -0.5190522833815371 2.3973804202195046
-0.5265960479704572 0.044418970003466146 0.8489543542967352 39.84289439681817 0.03201078636382171 0.9989618549012647 -0.032411757203656286 0.6160845040223244 -0.8495127851631395 0.010107794176409552 -0.5274712523267632 1.9670275249040086
-0.5339763615978687 0.04746312516077745 0.844166118712723 40.52506821751883 0.03608344387938607 0.9987927379591665 -0.033332441919329506 0.5633730924624794 -0.8447291222592465 0.012661685714410773 -0.5350443465150326 1.516867627660104
-0.5378024724083964 0.05060851556801585 0.8415504846138397 41.217893541847836 0.03682360776960627 0.9986541133177114 -0.036523743907719536 0.5265033113350519 -0.8422663366721614 0.011346366162693583 -0.5389422406425416 1.0854589250596816
-0.537081145742054 0.05211151550731663 0.8419193382441877 41.93940766847371 0.03577829501583517 0.9985990401721184 -0.03898551745264294 0.4707421025442354 -0.8427715086971471 0.009184053013146789 -0.5381931791011721 0.6254942743397655
-0.5339309731964265 0.053315778406632194 0.8438454139381855 42.670682398563166 0.03870233628861537 0.9985050008438642 -0.038599125162582903 0.43812735559575877 -0.8446418795474719 0.012049521510843294 -0.5351961933235923 0.17225036731305454
-0.5282076324969505 0.05209282175416667 0.8475157658536387 43.40957033496672 0.03693981734208741 0.9985811405501257 -0.03835564671254815 0.40032200248595534 -0.8483113856643143 0.011047333213620699 -0.5293824807282008 -0.28143411891121706
-0.5216462893418466 0.050640422892960724 0.8516575804162222 44.16261483122108 0.03463503258559533 0.9986709342281092 -0.03816778277029155 0.3514315097103205 -0.8524585761829564 0.00958710674159077 -0.5227069211186113 -0.72072959206552
-0.5141593162573972 0.04985421297140555 0.8562445282733505 44.93980233456201 0.032838502014277474 0.9987215318588875 -0.038430906540673535 0.3009256464760339 -0.8570658619565888 0.008358179962569453 -0.5151391189400782 -1.1954314256561274
-0.5079480909590375 0.04862598835983775 0.8600140620102366 45.74781247748323 0.03016056686089807 0.9987971779850079 -0.038659247790202016 0.2563234175334283 -0.8608595350495771 0.0063016213949530575 -0.5088037085064203 -1.6424809224166306
-0.5037577006918657 0.04655954948819523 0.8625893134585747 46.56103152983328 0.026016729729225082 0.9989112062119153 -0.038723789253427045 0.2068191645519532 -0.8634531667243862 0.0029343468255496716 -0.5044205409762932 -2.0984573293463717
-0.5024284544812547 0.043413232066074905 0.8635281556713158 47.387607921881354 0.02075597687740511 0.9990564261408905 -0.03815031821457185 0.16061826080684394 -0.8643696547391458 -0.0012444342393538082 -0.5028554614918613 -2.568255991569211
-0.5026836408437402 0.041247838539851894 0.8634857898588011 48.234473543085905 0.01842753020318801 0.9991453310285672 -0.03700045382736062 0.11263284859790551 -0.8642740571272207 -0.002687611649949856 -0.5030141098490841 -3.052322444724199
-0.5037191095437822 0.039532237152712466 0.8629624541273864 49.088311144651 0.016479937154940748 0.9992103291815837 -0.03615424867430294 0.06069202873454804 -0.86371032917893 -0.003990018241885836 -0.5039728273703009 -3.542700580568205
-0.5038837889193875 0.039242949738572036 0.862879513316156 49.955483925305025 0.016836585272221885 0.9992238585738118 -0.03561193371771291 0.014694345961430766 -0.8636073870830813 -0.0034163308799027648 -0.5041534224304225 -4.045288894368166
-0.5043521304170339 0.038426482042565636 0.8626426087320141 50.82921958323565 0.016424582540278385 0.9992555158551155 -0.03490912620059176 -0.04156238353178915 -0.8633418928537848 -0.0034379467334459527 -0.5046077885020996 -4.5486009516726895
-0.5044334352548207 0.038045962021213034 0.8626119350874155 51.71528789430653 0.016787403838782813 0.9992720698074113 -0.03425658399109536 -0.08999612740415058 -0.8632874114603879 -0.0027991507124725252 -0.5047049371795258 -5.05456832774631
-0.5045356990688084 0.03734211488186835 0.8625828836771132 52.60686484021575 0.016332692619920708 0.9992982787162539 -0.03370746621374695 -0.1515798149048656 -0.863236371931489 -0.002918318213747072 -0.504791554237892 -5.579579335204647
-0.5046599429671375 0.03588873078004847 0.8625718969257895 53.49624492802541 0.014742131969631363 0.9993481248356859 -0.03295443679982592 -0.19139077263448484 -0.863192373581718 -0.003914634758750259 -0.5048600454125016 -6.092185934619444
-0.5048546477703031 0.035307743562212994 0.862481932728582 54.39229658424633 0.01430278921722037 0.9993681107822403 -0.032539350714907586 -0.24642998212471956 -0.8630859036790307 -0.004091744460101567 -0.5050406360987832 -6.608139066897143
-0.5040702680831457 0.03416962900634962 0.8629864064013277 55.28078992780425 0.013142738462777113 0.9994048309450756 -0.03189439265409538 -0.2972927473925595 -0.8635626761351379 -0.0047350097344368985 -0.5042193448791761 -7.122363878141001
-0.5027695521578197 0.032718704437639176 0.8638010187743954 56.18161586393552 0.012598803244705633 0.9994546325116237 -0.030523887085638936 -0.3548447731865401 -0.8643287048605046 -0.004463621270252188 -0.5029075758343953 -7.637635340869066
-0.5006781472872712 0.03113062794389139 0.8650735303352871 57.07204715300302 0.013344663743621562 0.999511949221574 -0.028245057801367743 -0.3982508790789881 -0.8655306900524824 -0.0025975671035451744 -0.5008492200164889 -8.151294544309097
-0.4983059354593451 0.029608763252322683 0.8664955000906773 57.95177982336322 0.01392012721007442 0.99956109455462 -0.02615049312404718 -0.4496159163217503 -0.8668895475146725 -0.0009692175858390412 -0.4984993853506127 -8.64306068678996
-0.4958656034649227 0.029047197276864084 0.8679133017067092 58.84776088213606 0.013531608073108957 0.999577530129222 -0.025722690828733793 -0.5079373201414741 -0.8682938799374874 -0.0010107342049653174 -0.49604917180760577 -9.154387653520454
-0.49406384910973866 0.02962555204717419 0.86892069555821 59.74722875214228 0.01472964379905747 0.999561062071644 -0.025704489174557303 -0.5458323251957536 -0.869300876452235 9.923426178687025e-05 -0.49428336090888564 -9.650422318482217
-0.4928724999158626 0.030157019508183686 0.8695787419229614 60.63022272848325 0.014270017710506809 0.9995449356870871 -0.026576081650734287 -0.6046412591220148 -0.8699845566023441 -0.0006897149811609436 -0.49307855376639087 -10.142664371891371
-0.4937703299595078 0.0314267645211494 0.8690242546691105 61.51176696039966 0.014011356366515326 0.9995045420996974 -0.02818425433318292 -0.6438533910818244 -0.869479503136494 -0.0017403392883937891 -0.4939660204785514 -10.630811775151864
-0.4964884816571274 0.03264509641889465 0.8674292022804991 62.39088421299648 0.012348036625764693 0.9994570787599938 -0.030546254811004335 -0.7022703387222949 -0.867955515320768 -0.004454815416857468 -0.4966220316916424 -11.13293276628087
-0.5009656860189998 0.03305144058850971 0.8648357761959303 63.26805459223672 0.011000557318142508 0.9994329767374474 -0.03182314758416368 -0.7628550073198019 -0.8653972681913553 -0.006428628780407355 -0.5010452124143291 -11.627005737377077
-0.5065164454529963 0.03169749983139754 0.8616474311093388 64.1360722435799 0.010657502034855224 0.9994778589567356 -0.03050290282813293 -0.8148415152110025 -0.8621644682320359 -0.006267212010610122 -0.5065897899180969 -12.133986770061831
-0.5117565893000947 0.029935259817925417 0.8586087645243685 65.00330907418093 0.014473624241139502 0.9995513470829447 -0.026222485111681848 -0.8525424164002025 -0.8590085966939341 -0.000992348157219373 -0.5119602612323804 -12.655157147460494
-0.5172225057000167 0.02832893138146167 0.8553819548614601 65.8513539327055 0.011773999813082166 0.9995929776547268 -0.025985610081696517 -0.8991708780653942 -0.8557700121729866 -0.003369074671196697 -0.5173455307271141 -13.157039178928175
-0.5219763889714025 0.02985103458588097 0.8524373894695548 66.695197958139 0.012471690989985972 0.9995476835533966 -0.027365767029111674 -0.9592737491589808 -0.8528687865471971 -0.003652947843566799 -0.5221125846522225 -13.67605591779095
-0.5271336100341194 0.03229133633932883 0.8491686317235007 67.53189495605659 0.0130529467775557 0.999467545476457 -0.02990394782150124 -1.019238207554884 -0.8496821982816474 -0.00467922233676192 -0.527274433755922 -14.193179511931426
-0.5321836568512284 0.032518374891530095 0.8460041663355147 68.3743429601335 0.011537210870234741 0.9994478574589147 -0.031158834389295495 -1.056341260419125 -0.8465503576372283 -0.006821693331419696 -0.5322649882603746 -14.69955331416072
-0.5357752556207961 0.03307455029665425 0.8437125628388142 69.19714406559682 0.010590296460845104 0.9994171447684442 -0.032453294700229736 -1.113881759336357 -0.8442942500275623 -0.008452505496729584 -0.5358132467970488 -15.21991667289592
-0.5390342249573419 0.03186042703731009 0.8416810303848578 70.02125275761846 0.010428975277014627 0.999460189568948 -0.03115390691609541 -1.1817646627541802 -0.8422193301303598 -0.00801515080498978 -0.5390755215566795 -15.746369433966915
-0.5419344972925342 0.025742493117481606 0.8400263474079541 70.83896176736222 0.012433886876506116 0.9996669685106953 -0.022613060564895517 -1.216283427593348 -0.8403287797506963 -0.001810004299959065 -0.5420740965750418 -16.262578255414162
-0.5437380652661815 0.0178500613332118 0.8390650937140196 71.67056222687256 0.013256746898529341 0.9998317313199726 -0.012679420155383463 -1.248088679916277 -0.8391503046832764 0.004228991051583576 -0.5438832062108795 -16.79869064701516
-0.5452202643059344 0.014976939227829777 0.8381589912487214 72.47204395265695 0.012963059230627905 0.9998714699919006 -0.009434117910311863 -1.2743169625924562 -0.8381926277152753 0.005721433275435395 -0.5453443353757088 -17.32767773887808
-0.5464906914768203 0.020008288419670922 0.8372260940612216 73.29038603588963 0.013507415219066399 0.9997951021483813 -0.015076585863367006 -1.3172329989900398 -0.8373562756765971 0.0030695474821721 -0.5466489782510197 -17.84416585742335
-0.54776299154688 0.02419628715119554 0.8362835553547511 74.08624293195923 0.013500982671019911 0.9997071847136756 -0.020081540851413726 -1.3662989758427035 -0.8365246481674165 0.00029072566972118414 -0.5479292731053009 -18.36760691723474
-0.5481940389694372 0.03015432775147433 0.8358073655957569 74.89001060231034 0.020318516054606016 0.9995350379080107 -0.022734684634791797 -1.3921216413778896 -0.8361043666464592 0.0045193476327028545 -0.548551841996672 -18.892530743652454
-0.5482137712264684 0.03200351606189235 0.8357256584733991 75.67988906162924 0.024015394850098376 0.999457906801372 -0.022520065118419356 -1.4338119900841642 -0.8359934091969288 0.007724472760362781 -0.5486851666264405 -19.421038938562038
-0.5474336422768871 0.028518097680859014 0.836362998681142 76.47709113966677 0.023092673169522668 0.99955338284224 -0.018967426981750787 -1.4883484588152398 -0.8365304502507939 0.008930450681809492 -0.5478477094113429 -19.937160149362498
-0.5471010742420981 0.023918815257967664 0.8367247127673468 77.28050066771354 0.021802152874361387 0.9996597303362614 -0.01432095202211156 -1.5063740344566767 -0.8367826116585236 0.010407392838283564 -0.5474363952932891 -20.45765839074215
-0.5460747520443655 0.01777017776770467 0.8375479245831484 78.08043593671978 0.019980096034254477 0.9997668728223181 -0.008185093917410676 -1.5336023777812011 -0.8374981907573961 0.012264615849118058 -0.5463024983207786 -20.978388912972147
-0.5455383674768254 0.01119680094683055 0.8380110149711552 78.88860838268587 0.010631784255249861 0.9999227497249893 -0.0064389235075873125 -1.5770906173659318 -0.8380184445576268 0.005396873380184601 -0.5456152677439116 -21.48179032408951
-0.5440839645076583 0.006119127826838759 0.8390084240670088 79.69556211454639 0.002514866411648993 0.9999808067621617 -0.00566229199668569 -1.5968944267070722 -0.8390270399708579 -0.000970767409749069 -0.544088911848804 -21.981143014697285
-0.54226258312911 0.006431047296743868 0.840184427502914 80.49532317728796 0.005267255157422928 0.9999770768603247 -0.004254617538130721 -1.6259112395883621 -0.8401926004889463 0.002118346687201732 -0.5422840280221644 -22.48675162087771
-0.5392272685651675 0.010134311722740093 0.8420992743971221 81.28440864940441 0.011368399795498568 0.9999240763139724 -0.004754059709998751 -1.6475786000206674 -0.8420835894070705 0.0070098035064384 -0.5393015406408722 -23.001771999144438
-0.5339847044893703 0.013721596911482684 0.845382748854628 82.07610420205489 0.012737748195301461 0.9998853827896276 -0.008183583809298397 -1.674704815547912 -0.8453982167279449 0.006398364908646375 -0.5340982841939226 -23.492214851604743
-0.5260977998195515 0.015398035135783965 0.8502846251415588 82.87261507768334 0.017407532372415473 0.9998215685536941 -0.0073354524453519325 -1.7003115632721024 -0.8502459310410777 0.010942192744580309 -0.5262719705265096 -23.987767939213562
-0.5181735706416829 0.017460189357926155 0.8550972050001041 83.68268922311944 0.02407678180876825 0.9996931559418251 -0.005822588694065954 -1.7439632833823129 -0.8549365592666096 0.017570878387284147 -0.5184349586407403 -24.484270518240233
-0.5085702194820695 0.01827093410014833 0.8608266036326555 84.47453310484362 0.02448801136966284 0.9996773307519342 -0.006750679863759573 -1.7553774077740865 -0.8606722553333015 0.017646738053184095 -0.5088535396733866 -24.940852487360598
-0.4974185337819827 0.015035134708967429 0.8673803564354424 85.31090495655536 0.01965119267160595 0.9997885258241622 -0.0060608786402101865 -1.7827442949719186 -0.8672881273192777 0.014030266209149793 -0.4976088022659534 -25.394750899398115
-0.48643120832876696 0.011812612279346116 0.8736389852809999 86.11030346586482 0.02121210528297638 0.9997735399342581 -0.00170746348275512 -1.8079977066181816 -0.873461384370635 0.01770115976101007 -0.4865716227995976 -25.831067918291946
-0.4749427479373668 0.010632553754356597 0.8799524242287823 86.93725308667004 0.020755193799881087 0.999784202104454 -0.0008781497064322061 -1.8298696052928827 -0.8797719436824096 0.017846513424007743 -0.47506093835414653 -26.270348741947046
-0.46248863345454166 0.008778907387810562 0.8865817095211992 87.79478027228716 0.019204814120384293 0.9998155635693815 0.0001181172193242333 -1.8569570599063403 -0.886417229537148 0.01708126595528001 -0.46257193234492294 -26.703982186572564
-0.45127089017308936 0.01162679797772647 0.8923112312114198 88.59299733871742 0.02418845455591523 0.9997071017964918 -0.0007932732678252096 -1.8660321520923708 -0.8920591734847634 0.02122564976554274 -0.45141994938219887 -27.10449750893683
-0.43893718604927806 0.014118317915829546 0.8984067848055406 89.40777150450145 0.022923608364507256 0.9997270436482169 -0.0045106955948398635 -1.9007531801544548 -0.8982253183225734 0.018614814439572625 -0.43914101952406454 -27.501752574155713
-0.426860834060368 0.023622681945041128 0.9040086988336211 90.28607436922603 0.02462412525320968 0.9995917167280874 -0.014493181176332429 -1.9246437941470904 -0.9039820514189887 0.016073853155666524 -0.4272682431877013 -27.902671172812397
-0.4145362382572792 0.02945969984564988 0.9095558051743677 91.0802764450211 0.026304324007511586 0.9994461587751277 -0.02038279283957666 -1.9543369633535623 -0.9096526035163872 0.015475845451563832 -0.4150815698844618 -28.248454958610896
-0.40229294207161026 0.02589409003798669 0.9151446953856173 91.95701451682652 0.023515382323397116 0.9995623980146836 -0.017945452413536758 -1.9802990633767696 -0.9152089847635152 0.014300649646475542 -0.40272580871215863 -28.630653758238235
-0.39078893566796447 0.021199085528944416 0.9202361296966066 92.78988241339135 0.023144147286443286 0.9996449917024107 -0.013199962333516571 -2.031057061694595 -0.9201893431405317 0.016139682437451418 -0.3911408385220489 -28.971205418707616
-0.3805234322874706 0.02221897482439343 0.9245042789779457 93.63092501706025 0.021014246928603215 0.9996609350471122 -0.015375836826150142 -2.0598651200287317 -0.9245325254497968 0.013576896097781548 -0.38086132656888916 -29.308156297235687
-0.3737540697286898 0.026292512883632865 0.9271550711290429 94.46517580713245 0.016070626763056005 0.9996316633610232 -0.021869443182097662 -2.0950988650145552 -0.9273886469393428 0.00672617066746508 -0.37403894099384916 -29.637825289757455
-0.36855865077790195 0.03263756932718723 0.9290313431141775 95.32422825328933 0.010494072805935156 0.9994658788202645 -0.03094885272266063 -2.128442589145837 -0.929545301675604 -0.0016571440577732583 -0.36870429825020107 -29.953401452874125
-0.36523979086655084 0.03480987489459176 0.9302623791505686 96.16549848791544 0.0077308308687426275 0.9993795882945172 -0.03436091859394894 -2.178237951654591 -0.9308814114209892 -0.005358272887051346 -0.3652823025072333 -30.286156997060875
-0.3617542465607069 0.03418572555493011 0.9316464604868036 96.99908521034811 0.006649046185469203 0.9993966508594411 -0.03408994586613476 -2.2168216138820807 -0.9322498207062783 -0.006137621634381029 -0.361763286343958 -30.6001822073304
-0.3565201740752619 0.034132485465386955 0.9336638927770379 97.85511303536774 0.005723698680504003 0.9993934813153261 -0.03434979987920434 -2.268596390190783 -0.9342701311732811 -0.006902385151594167 -0.35649930342220837 -30.91399716519871
-0.3510058232040045 0.030294847026581476 0.9358830374319588 98.68240828635643 0.003923028842335561 0.9995152983693213 -0.030883298887750644 -2.312627157808789 -0.9363650973372962 -0.007168720911756767 -0.3509545391027957 -31.210951253607977
-0.3459174834205078 0.02526407714356943 0.9379247017756954 99.55842100992693 0.0016378124929272873 0.9996521551949822 -0.02632273108182653 -2.372256784460582 -0.9382635483338321 -0.007569347412727617 -0.3458385370798012 -31.52147605561999
-0.33987403727802656 0.024288426149438547 0.9401572400008861 100.41784029078231 0.0034017701985648648 0.9996916676950337 -0.024596696670950036 -2.398621408341855 -0.9404648536750364 -0.005161578984806719 -0.3398518682180984 -31.816066661074803
-0.33418331692386505 0.022353351083128366 0.9422429425853137 101.25516049502734 -0.0023844005581540395 0.9996954650767416 -0.024561997775814425 -2.4476783643675533 -0.9425051193034667 -0.010454893851343832 -0.3340282485342299 -32.10465719116692
-0.3281730353860946 0.020975279750535182 0.944384678306879 102.10387475359244 -0.015843740890230537 0.9994905775118889 -0.027704897958245763 -2.492836896961063 -0.9444847852971108 -0.02405458623376765 -0.3276735312107965 -32.372795991922494
-0.32151166766114725 0.024679773420752334 0.9465839002037554 102.94823468291573 -0.012703281460409018 0.9994579051237028 -0.03037305620950842 -2.534281076464247 -0.9468204420634923 -0.021790013252768085 -0.3210238651754874 -32.658588883955474
-0.31428721570373624 0.028621871901550626 0.9488963367533317 103.8061483606485 -0.010884586362225208 0.9993710515208012 -0.03374947658824652 -2.5894633821407664 -0.9492655832449329 -0.020935372727951453 -0.313778009454947 -32.934599616892584
-0.30798973712731753 0.027005392746636082 0.951006284769456 104.6420666289288 -0.012106215033655417 0.9994048838960186 -0.03230042748832217 -2.6224222232181402 -0.9513126917211259 -0.02146128633427261 -0.30747951584040256 -33.197493295064966
-0.3008084574819223 0.02245860169239397 0.9534200573907655 105.51594075043472 -0.011922083884175844 0.9995560015562327 -0.027306843224157162 -2.658721089600376 -0.9536100944567426 -0.019580882829350204 -0.3004071471221965 -33.457163129662405
-0.29364324231391825 0.020543688270882075 0.9556942636011616 106.37819369420447 -0.010656278383603845 0.9996365655100647 -0.024762484580716716 -2.6839561470987494 -0.9558557248717178 -0.017455479877188734 -0.29331760443468274 -33.71102009474574
-0.2873146054491036 0.02271651851442328 0.957566811949369 107.22163143346344 -0.01437744781581668 0.9995038127281725 -0.028025298604159494 -2.744856598904341 -0.9577283976185581 -0.021819444061216647 -0.2868454395061628 -33.96147931555381
-0.28072174445380704 0.025887322215232197 0.9594399775390904 108.08889406027961 -0.0147505535113218 0.9994017683650277 -0.03128140955422763 -2.79116047009225 -0.9596758832033705 -0.02293364219309865 -0.2801719569639106 -34.20701383465729
-0.27407442116238856 0.026416717439314858 0.9613455623046492 108.94422944806024 -0.015567821667308003 0.9993698216770674 -0.03189988206430729 -2.826834510131648 -0.9615825145840254 -0.023708997605599517 -0.27349045612993994 -34.44032206495384
-0.26708700051403056 0.025557725691708465 0.9633334095529783 109.81947780008501 -0.01663308290297026 0.9993770762998451 -0.031125551407116783 -2.876315188604739 -0.9635289060526722 -0.02433643425862406 -0.2664955233968521 -34.672483607507694
-0.25931455506817347 0.025347524345226545 0.9654601935609273 110.66832702492368 -0.013862095055818716 0.999454873705501 -0.02996327366911681 -2.9248358963300487 -0.965693472224107 -0.021153213521150575 -0.2588218275728649 -34.88791478541325
-0.25159917659325315 0.02666897250920361 0.9674639738683558 111.52029475662403 -0.009419732223419793 0.999505454376883 -0.030001921997015752 -2.9701854038447606 -0.9677857209999651 -0.016661709917109732 -0.2512235362245292 -35.11528455866799
-0.24450315336260858 0.02744636910406615 0.9692599367672523 112.40772046981063 -0.007366035584149993 0.9995179020815558 -0.030161315293582572 -3.010647243474706 -0.969620559090675 -0.014514139317412382 -0.2441831094553294 -35.33723900036566
-0.23806301922699358 0.026376682754420774 0.9708914406005146 113.25581190746492 -0.013465601606187927 0.9994454560872861 -0.03045419347105135 -3.0498598262081873 -0.971156401316456 -0.020323654134760612 -0.23757582641471364 -35.52557067601224
-0.23205937126963616 0.0243491482936619 0.9723967744179003 114.13644218484782 -0.018851380290900017 0.9993862972059416 -0.029523794801354183 -3.0977626085986554 -0.9725189732242926 -0.025182294287745155 -0.23145794222020039 -35.72537885316915
-0.22725493367064653 0.025451068698179955 0.9735026233970427 115.02311222862713 -0.014224132303816275 0.9994650335156684 -0.029450311772506343 -3.132564677632919 -0.9737314563012173 -0.020539958310874882 -0.22677134202072402 -35.92382506811506
-0.2227893104134685 0.025488401719144883 0.974533315960041 115.87606906126437 -0.01340498189218606 0.9994835395536537 -0.029205489945390982 -3.17719588914851 -0.9747744916697285 -0.019570271948486078 -0.22233257847632865 -36.1164712272964
-0.218154779097511 0.027006790058709255 0.9755403860712354 116.74849135659356 -0.012423186669822948 0.9994591735207062 -0.030447083848870314 -3.22349344624606 -0.9758351484513575 -0.018761496685489536 -0.21770128631692348 -36.30838509937734
-0.21225992149019776 0.025776338408875343 0.9768731878333694 117.61875718555841 -0.007348919577940971 0.9995816831146327 -0.027972346467176674 -3.2646973014197815 -0.9771856525223013 -0.013116369961489254 -0.21198170284002443 -36.49571413722534
-0.20698126521498533 0.02404136630489844 0.9780494299241428 118.48976977563886 0.00045072089091206216 0.9997002629001892 -0.024478178010822964 -3.30934762076143 -0.9783448437427348 -0.004625696176375447 -0.20693006269605324 -36.680560013591005
-0.20202953008253763 0.02323776911540381 0.9791036685227676 119.36935298257477 0.003034667457960452 0.9997285282450673 -0.023101095093621883 -3.356541964476433 -0.9793747702091634 -0.0016958485183983258 -0.2020452051740675 -36.86371577504877
