1.0 8.809142651444726e-20 8.673617379884037e-19 -5.551115123125783e-17 -8.809142651444726e-20 1.0 1.7347234759768075e-18 0.0 -8.673617379884037e-19 -1.7347234759768075e-18 1.0 -5.204170427930421e-18
0.9998450092479136 0.01760560697299208 9.227791352577072e-06 0.13882911579589888 -0.017605609301723647 0.9998448139424873 0.0006249427398272983 0.0193094761240366 1.776136930006741e-06 -0.0006250083403713128 0.9999998046806908 -0.001699552437494003
0.9992944404571706 0.03755821457769723 4.2298061003890545e-05 0.2804511190068618 -0.03755794130293594 0.9992814227075654 0.005102869450537536 -0.03647025470799187 0.00014938699920752566 -0.0051008577003933105 0.9999869793823543 -0.008817843484856402
0.9979184164909836 0.06446675363663847 0.0016946101855318668 0.424664272540706 -0.0644760061683891 0.9979004067813978 0.006133740628250196 -0.03568997535985009 -0.0012956298475257045 -0.006230234431685214 0.9999797525561327 -0.002594225531609993
0.995165970676103 0.09812082893021071 0.00412234621762609 0.5972066549842953 -0.09814361087764162 0.9951556816839218 0.005744637160604955 -0.03934183334406539 -0.0035387077002369777 -0.006121449359201055 0.9999750023903372 -0.010731299843374226
0.9907994430942612 0.13518336622990157 0.006474647392266115 0.8048110902463462 -0.13520282873944492 0.990814353059412 0.0026669968711960624 -0.13905231954405226 -0.006054639952483062 -0.0035178496572400445 0.9999754827338692 -0.02012083460336479
0.9845165593256154 0.17514638622516523 0.007133568946688274 0.9983562447665081 -0.17514985831551094 0.9845417754227256 -0.00013992685150610788 -0.17965929348326162 -0.007047804318250055 -0.0011116832878943202 0.999974545983326 0.009262936003966975
0.9757127104902448 0.2188843015045855 0.008623754555279941 1.236896446184007 -0.21889070714199962 0.9757493613087643 -0.00020550526526698734 -0.2574042073627405 -0.008459604875841426 -0.0016871456334305974 0.9999627936203208 0.007897238237523122
0.9637771151632468 0.26641249554996543 0.012571972894074012 1.439106589433123 -0.26643443466594824 0.963853042070893 7.29035111234691e-05 -0.33544531461443927 -0.012098111912453286 -0.003419869226304084 0.9999209669682043 -0.007768936535622524
0.9495927928095198 0.3129249360545872 0.018748659670726225 1.6785281249653972 -0.31291913707588886 0.9497739763408657 -0.0033177578787268684 -0.49745902147768073 -0.01884519821857248 -0.0027162954355671345 0.9998187236910546 -0.02173524777414696
0.9322590259749469 0.3609959871574841 0.023979277396052944 1.874273542401805 -0.36077132769642173 0.9325599684374498 -0.013264779685450766 -0.5733750669229158 -0.027150646408591834 0.003715174845955778 0.9996244494186102 -0.01693965451797962
0.9110106079891243 0.41147713735863395 0.027317349110592994 2.0954878502696133 -0.41108543090476624 0.9114002184953434 -0.018931725343533597 -0.7105611648821445 -0.032687010097725136 0.006017238385191602 0.9994475234913972 -0.000570847718844522
0.88616088744716 0.4623791176915492 0.030404491142694237 2.3676539077211434 -0.46193353808892856 0.8866716725801845 -0.020754552091103176 -0.920806439384011 -0.036555272499409694 0.00434701813228206 0.9993221780216085 -0.005335938470084975
0.8576522213196154 0.5130631642391595 0.03462451106414098 2.5805188126031178 -0.5125763735872021 0.8583496184870967 -0.022391821793875274 -1.0655959856450232 -0.04120835480485269 0.0014566893824227605 0.9991495131111863 -0.039398706644475805
0.8255139113626404 0.5631699207990544 0.03696515188581775 2.8217943705068476 -0.5624908178078265 0.8263384548285221 -0.027727927320540274 -1.2969203818007782 -0.046161261124858875 0.0020972312217140735 0.9989317992698827 -0.039385451472052864
0.7893177585223836 0.6128802344173906 0.03681432250747731 3.0589302787532855 -0.6119805569185991 0.7901664449254617 -0.033418367217123476 -1.487227589141529 -0.04957089907194983 0.003848061114590927 0.9987631943513221 -0.04244140215839554
0.751556363412454 0.6586458580801872 0.03672419159166689 3.2808871079715467 -0.657570591972448 0.7524407339837981 -0.03786632296549938 -1.7368282158002162 -0.0525732744581483 0.004309927579110203 0.9986077685142506 -0.048617984234561006
0.7119294032476734 0.7013870057622239 0.03482517680233246 3.519018551984436 -0.70018768887978 0.7127629634285819 -0.041305669171414636 -2.0494591413514223 -0.0537933558406983 0.005022560343896157 0.9985394577857142 -0.06510556184447165
0.6698875959148375 0.7416748786716992 0.03419039611878609 3.735585949998011 -0.7404180365865851 0.670749327912329 -0.043318243298004405 -2.3079953217528777 -0.055061238060050643 0.0037031678977649907 0.9984761121883764 -0.08725130217739034
0.6274674658528276 0.7777534162715589 0.03720487567711946 3.959115373500001 -0.7765251893426208 0.628567810546531 -0.04371656277828218 -2.6586803968627457 -0.057386493294481894 -0.001459802267359086 0.9983509700324343 -0.10732765735626255
0.5858103940089446 0.8095439109019918 0.03827320985484425 4.177653945453844 -0.8083224375953342 0.5870401347719486 -0.04470701339688761 -2.9759415063572257 -0.05866020074140699 -0.0047472611514715775 0.9982667200505773 -0.13160538379487466
0.5454504856755322 0.8372437827349231 0.03881515101146409 4.381005946532199 -0.8360257289704522 0.5467785292968466 -0.04576265288858663 -3.3361189168395318 -0.059537787796908874 -0.007489203675577077 0.9981979581488614 -0.15312224139775216
0.5064749663271737 0.8613821586314399 0.03877995971283709 4.636166082798513 -0.8600449901355245 0.5078836225917781 -0.048752854745520366 -3.7777281410592067 -0.06169054568306028 -0.008660409603091997 0.9980577507733873 -0.16771691453058174
0.46900787296116186 0.8822954467516709 0.03982913182227096 4.826121749884198 -0.8810316776899645 0.4705373510322015 -0.048762528548109245 -4.153899202297513 -0.06176405109165891 -0.012220717035753488 0.9980159598262339 -0.2047123048743732
0.4337297233856067 0.9002300829593765 0.0382664969235394 5.011074347823697 -0.8990273596040095 0.43520811571874923 -0.048411803271297356 -4.631171448517062 -0.060235651696383924 -0.013404989649006365 0.9980941701649308 -0.2406427416341492
0.399138480758187 0.9162438456462113 0.03443382774958398 5.229598907733411 -0.9151163550033403 0.4004202918498077 -0.04717675995991211 -5.136477608063048 -0.0570134193277925 -0.01268089864151918 0.9982928752756862 -0.2607115488908897
0.3696924837308252 0.928661671105248 0.030248439512504242 5.388194699916234 -0.9276137190065374 0.37075776747236716 -0.04551336254076005 -5.622198278328423 -0.053481359217900246 -0.01123291942970327 0.9985056663521202 -0.282285953023588
0.34449662002198017 0.9383931191324639 0.027210894110205795 5.60260776545003 -0.9374358557836504 0.34541092490327413 -0.04364984820866724 -6.173418016911221 -0.05035965731224108 -0.010471242634480708 0.9986762528432742 -0.3121329187153505
0.32376308084019284 0.9458131634131323 0.024797729720891275 5.7757359667744055 -0.944878727872399 0.32457292171561664 -0.043088375499955145 -6.74984502084773 -0.04880222432536934 -0.009480422112534763 0.9987634677427206 -0.3399425438176962
0.3093272271455752 0.9506711511748513 0.02326002730679264 5.971866617612236 -0.9496977282583985 0.31008330259603445 -0.04384712524183598 -7.319789924373927 -0.0488967431151283 -0.008526885423127403 0.9987674407677265 -0.3763496628108841
0.29717783570412365 0.9545666366431185 0.022087783366771616 6.1442420122171795 -0.9535121563551405 0.29790204658887487 -0.045485583662627095 -7.9269372392663175 -0.0499990164821561 -0.007543662638557245 0.9987207775473647 -0.3981613190012905
0.2865726199045137 0.9577717875701482 0.023437927718674402 6.336908733012135 -0.956640461772434 0.287393366501532 -0.04737171931374541 -8.560275407499946 -0.052107201238286674 -0.008846232282660335 0.9986023151152384 -0.43270892420667584
0.27610497250502725 0.9607911343223678 0.025425191553574956 6.532538682510111 -0.959591979882408 0.2770621151070499 -0.04919163056626803 -9.221489667025532 -0.054307239879766905 -0.010815756096807575 0.9984656945116821 -0.47142321985417107
0.2652758398870397 0.9638214616805796 0.02601766277236724 6.729556318292758 -0.9625340310115326 0.2663011021548304 -0.05110735892034161 -9.91940427456035 -0.05618690164901175 -0.01148533826378332 0.9983542052238027 -0.5114249108335056
0.25646567296123524 0.9661767071884645 0.02698016084082724 6.94028424933132 -0.9647943310386714 0.25758246575729427 -0.05313353112710358 -10.644692363272751 -0.058285996501589395 -0.012403379412422316 0.9982228703004996 -0.5404112584897588
0.24524088289119003 0.9690793155186445 0.027243156804325534 7.1126627422269335 -0.9676170224162236 0.24641040407765225 -0.054765049919172436 -11.375895504260546 -0.05978467436652072 -0.012930313074461812 0.9981275468168812 -0.5770214804472279
0.23433372233048508 0.9717611186258588 0.02771344269048387 7.2745567995081295 -0.9702399031006121 0.2355657971627849 -0.056065012604800624 -12.129237787668188 -0.061010138584122915 -0.013750764854410943 0.9980424236753991 -0.6126255393754247
0.22422447147591915 0.9741054444439053 0.02901671063518857 7.477854633177541 -0.9724397220969488 0.22559520484610263 -0.05888794815965241 -12.870110386478329 -0.06390910169415333 -0.015012882973850965 0.9978427932622753 -0.6484988148536844
0.21278452312148632 0.976596464764213 0.03133834280881421 7.626730385531419 -0.9747650872542541 0.21438256236816383 -0.062234569353909405 -13.658787869630048 -0.06749645464887667 -0.01730496930079483 0.9975694294871563 -0.6936486468076288
0.19971657841686516 0.9793736783942778 0.03066735029183303 7.813890918153007 -0.9772338518537323 0.20137217811842664 -0.06680751956896928 -14.45519770721922 -0.07160507731004633 -0.016626603631003364 0.9972944745435622 -0.7581737665452717
0.18833951080070244 0.981584758700563 0.03193102187699812 7.959427913433252 -0.9793078441168767 0.19015567002004033 -0.06926014445830089 -15.23164466364446 -0.07405656704511257 -0.018225878469549477 0.9970874797285872 -0.7958178570320416
0.1730827216158406 0.9844021356966205 0.03154055665307315 8.092206315909278 -0.9820830826289507 0.1749213072128328 -0.07010959347315718 -16.050114871566684 -0.07453314894777374 -0.018840687855968916 0.9970405398924574 -0.8385359855478298
0.15967904918222728 0.9866468938129217 0.032101529271563393 8.249116082570898 -0.9844361196414215 0.1615708094667575 -0.06914043587943101 -16.81153571627111 -0.0734038663668394 -0.020561625849381076 0.9970903128327089 -0.8824912566741582
0.14296768501897672 0.9892033581928695 0.032201819517911796 8.347717897531194 -0.987096159007857 0.14488299525780818 -0.06819157247828699 -17.626298717420532 -0.07212082856048035 -0.02203710110417052 0.9971524217804789 -0.9242057892904891
0.12142387410154691 0.9920510520162776 0.03302957752633874 8.457229230122811 -0.9900897957921059 0.12341501566465 -0.06701440275672323 -18.46864532101378 -0.07055805458285967 -0.02456509926482953 0.9972051528304451 -0.9711685127592523
0.09698667345233193 0.9946326863024022 0.036047253869303464 8.553594086955316 -0.992886950807836 0.09920245913467425 -0.065835970541576 -19.26201829139179 -0.06905858446398035 -0.02940563620295551 0.9971791315863618 -1.0200891337620825
0.0665051003243019 0.9970542358150478 0.03820893186318211 8.613949512275699 -0.9954753741412562 0.06890704206668251 -0.06542628701024053 -20.130267544972803 -0.06786642107243067 -0.033684868960576354 0.9971256081828047 -1.067299389992983
0.03265235090092492 0.9987020084718472 0.03909120431684393 8.64964583350069 -0.9972407151517686 0.03516365755530799 -0.06537945572519027 -20.97970193537839 -0.06666918346756581 -0.03684854761902295 0.9970944812374284 -1.1133727382665135
-0.0014301524993537114 0.999250205028456 0.038690856987373 8.65484876123887 -0.9978847805176243 0.001088528962106307 -0.06499830702403886 -21.80229134808512 -0.06499168773867284 -0.03870197482412769 0.9971350147645962 -1.1567995998867855
-0.035420550247441986 0.9986354035250633 0.038375974860612214 8.62008374168144 -0.9973977705598608 -0.032911683849306414 -0.06414443349521917 -22.662598595838386 -0.06279388427536338 -0.040548142898746996 0.9972024750295573 -1.193349294600694
-0.06791640439713968 0.9969360432794364 0.038805767923155696 8.577378558744597 -0.9958892622697672 -0.06540593633202316 -0.06266291397876715 -23.503962622989217 -0.05993278993625463 -0.04290208739528844 0.9972800366935979 -1.2339814481940041
-0.10013049646664447 0.9942325845617797 0.03841160596678024 8.507443207818131 -0.9934085372117986 -0.09773341711203039 -0.05989705647459238 -24.337164994200304 -0.055797507758482565 -0.044155939297106726 0.9974652330546325 -1.2852925413539524
-0.13237515646243847 0.990566268112313 0.03543002158608292 8.375692472689346 -0.98992012337523 -0.13030412304204617 -0.055488601126830794 -25.15411558854002 -0.05034845864884216 -0.042418203595728336 0.9978305110164737 -1.316630136263523
-0.16351968605727782 0.986069919660264 0.030453666658220455 8.253261631154672 -0.9855200188215977 -0.1618693643355638 -0.050483674504521577 -25.994396885067143 -0.0448509171991752 -0.03826777274419325 0.9982604734214371 -1.3394489637973455
-0.19452733852932558 0.9806028988123074 0.024022268951885653 8.055264631601917 -0.9801176707117063 -0.19333836669615181 -0.04460524096923888 -26.843701617652645 -0.039095602353163894 -0.03222158910053758 0.9987158269860749 -1.353590273706508
-0.22252836010170537 0.9747551849238469 0.018260843751664434 7.867924057836458 -0.9743221116389248 -0.22169218182578507 -0.039357328273011555 -27.661827928649167 -0.03431547350558169 -0.026550065563007905 0.9990583277750543 -1.3786732665649712
-0.25067573684613453 0.96801698389593 0.010236886522487141 7.659730967251643 -0.9676428270302004 -0.2502363123656091 -0.03239054292016258 -28.475314741002673 -0.028792954930835057 -0.018025173027964914 0.9994228628982142 -1.406856805321666
-0.2767797804182501 0.9609059824399669 0.0072557606567007485 7.405222310009333 -0.9607385238649052 -0.2765637173145784 -0.02222608888277174 -29.29081650890824 -0.019350501634535777 -0.013122620783365804 0.9997266400923144 -1.4201198633087824
-0.3011047342195837 0.953569019582279 0.006485670624140556 7.1308357569211624 -0.9535750477608911 -0.30105327622464995 -0.007845582337780255 -30.07682507164908 -0.0055287718679776785 -0.008546915659791423 0.9999481901150361 -1.4164614514814478
-0.32697569267110316 0.944967906981029 0.011070283562120895 6.878340983819865 -0.9449593345808925 -0.32707386950964035 0.008633647689558602 -30.86207476393045 0.011779320468045635 -0.0076379748549118606 0.9999014496186246 -1.3883257246917506
-0.3526951945626117 0.9355762136758241 0.017414021260186426 6.599157823627672 -0.9353312984540343 -0.3530295495837405 0.022923770479386867 -31.639896851965577 0.02759459847020369 -0.00820277542726032 0.9995855404169061 -1.3629894118637802
-0.37694908567515295 0.926041578528889 0.018878073111144315 6.282432467015002 -0.9254487199465894 -0.3773903589851508 0.03348408120701764 -32.403864800779004 0.03813205420489879 -0.004848894800108765 0.9992609442289497 -1.3393762378899279
-0.40083438190944987 0.9159764761122704 0.017857589093058776 5.945852973398664 -0.9151774101699335 -0.40123071348598033 0.03826516000468956 -33.16746254270168 0.04221499963191517 -0.0010048703789184397 0.9991080442282501 -1.3007093274473958
-0.4234000441237626 0.9057858740336733 0.016862770740610773 5.59049696438741 -0.9050207396970622 -0.4237354129061045 0.03722580512863711 -33.910236366244064 0.040863961557563444 0.0005002502849979981 0.9991645942463505 -1.2473329356009528
-0.4437785097715713 0.8960674975244272 0.01112088778983004 5.221828792065599 -0.8954473480706739 -0.4438896798479417 0.03370458363025623 -34.652894655096794 0.035138029229319016 0.0049992004163115595 0.9993699649764731 -1.226122143752619
-0.4619347918827544 0.8869072240593335 0.003438598494082965 4.81924696882768 -0.8864001889212719 -0.46179570624916844 0.03224020425129394 -35.389395102010695 0.030182000075703402 0.011844897686299417 0.9994742344203933 -1.210165738206697
-0.47586186434514505 0.879519938481805 -0.0004048146794131593 4.432603732136023 -0.8790558809023 -0.47559573534156235 0.03270251941364882 -36.10201865713921 0.028569989727759888 0.015917736581575942 0.9994650475874958 -1.1528229310623646
-0.4877300854987778 0.8729938889558981 -0.0010166341583279972 4.058043622912823 -0.8724426553630741 -0.48738005813665125 0.036117752335143 -36.79422660101718 0.031035089856212856 0.01850266943906746 0.9993470240218086 -1.0958373849113299
-0.497282103977928 0.8675879766284864 -0.0012695955947468508 3.634883421331537 -0.8669670689299459 -0.4968697544902363 0.03858171152023843 -37.510447966046165 0.03284220538124387 0.020286692251357676 0.9992546420523625 -1.0696854124048312
-0.50789666887738 0.8613967956148039 0.006044356691067095 3.2498418825318494 -0.8606851519597808 -0.5077414579359103 0.03767865561674486 -38.18236800738535 0.035525243689944835 0.013934575618372502 0.9992716270679889 -0.9982609924653497
-0.518835548419125 0.8548364312920368 0.008021809803326077 2.831554453733873 -0.8541531191449916 -0.5187604664265749 0.03619430242129507 -38.8941507892542 0.035101606110083304 0.011927036881701452 0.9993125752434596 -0.9958168321661786
-0.5272606074857015 0.8496771397051445 0.006708953442483819 2.4029027689345974 -0.8489605136640728 -0.5271132104257996 0.0376524850951472 -39.56147497310809 0.03552883382610013 0.014157035603934226 0.9992683725155451 -0.9610020657172383
-0.5348438811206664 0.8449406069587218 0.004170556318933158 1.9541419612111657 -0.8441602761395162 -0.5345503907889804 0.04061167191096929 -40.24465013779295 0.03654382322415604 0.018200286249815945 0.9991663017559121 -0.9111806280218437
-0.5387120774967152 0.8424720119525055 0.0054960563925895295 1.523073365592048 -0.8415501807671674 -0.538407758084438 0.04370788584726344 -40.93762479643704 0.03978178992857424 0.0189207587370783 0.9990292358479266 -0.878167378117071
-0.5379328209049209 0.8429529104895221 0.007659692586384263 1.0620461635439553 -0.8419291144862705 -0.5376903456653682 0.0452156870855809 -41.65848908662391 0.042233237783037336 0.017874083906609183 0.9989478818991814 -0.8260508193885169
-0.5349570945686267 0.8448656371749317 0.0047918776789713236 0.6064654608741671 -0.8438437352701139 -0.5345735700493828 0.04646341195004583 -42.38843540006624 0.04181695130058445 0.020812335900961078 0.9989084989418552 -0.7962229323311103
-0.5291387433938963 0.8485156071854185 0.005783995356923297 0.14981571967104398 -0.8475197109448043 -0.5288265448082363 0.04530811258724035 -43.12561724110148 0.041503370942176175 0.01907222768695582 0.9989563155271071 -0.761313164944209
-0.5224552495064411 0.8526360362559641 0.0072320080807910265 -0.2926516042893056 -0.8516690562609928 -0.5222353607706594 0.04393229527635939 -43.87692514254034 0.04123506845722992 0.016793380792961825 0.9990083340447518 -0.7155435094110191
-0.5148780862595536 0.857221787792641 0.008447651939323935 -0.7708722372109489 -0.8562627188976815 -0.5147280894144314 0.04323366967676042 -44.65212055188539 0.041409087355915385 0.015026659687281313 0.9990292723353971 -0.668270081087763
-0.5085281322481544 0.8609814545671116 0.010491596813847684 -1.2210687676889445 -0.8600417384741049 -0.5084858210813002 0.042075858181566894 -45.45845240233721 0.04156136179966826 0.012373546410659499 0.999059331849005 -0.6273237299012456
-0.504122942666123 0.8635208729179791 0.013847769229028195 -1.6794279975907302 -0.8626308780222848 -0.5042456751887402 0.04005330618005866 -46.27048812635455 0.041569543660604516 0.008246277246311808 0.9991015823986198 -0.5814175984526536
-0.5025346992367409 0.8643692593585522 0.018018311213493836 -2.1506624896373125 -0.8635857789079215 -0.5028487219488461 0.0369156511849718 -47.09647212119252 0.040969238838874676 0.0029910383414578326 0.9991559313533614 -0.5386338024527546
-0.5026915894710853 0.8642468093964712 0.019458117150775528 -2.6358196045293054 -0.8635483656020041 -0.5030676027742257 0.034744888906158115 -47.94299887699705 0.0398169077295227 0.0006629381669883694 0.9992067725810536 -0.4939381546448202
-0.5036474266098441 0.8636598418996676 0.020759266825273407 -3.127021828401531 -0.8630295456459329 -0.5040734257930325 0.03301491710500917 -48.796648839620694 0.03897785283281007 -0.001287982576483205 0.9992392446703775 -0.445406421603916
-0.5038352829715673 0.8635638661525461 0.020185556931330256 -3.630892715250122 -0.8629440967783977 -0.5042386161399778 0.03272466697394433 -49.66330625304456 0.038438177223642615 -0.0009311653491081706 0.9992605463355472 -0.4029350231750235
-0.5042941115969163 0.8632955109904491 0.02020667494706498 -4.135298527562873 -0.86270688310844 -0.5046969923257092 0.03190266093452919 -50.5366998277563 0.03773967204411637 -0.0013441135080117866 0.9992867008586076 -0.35020354487398253
-0.5043996694579438 0.8632485643295819 0.01956756585865391 -4.642599868018792 -0.8626733976581439 -0.5047781241571979 0.03152228331346935 -51.422254720633916 0.0370888450031965 -0.000980589239310865 0.9993114909882066 -0.3053888187171563
-0.5044891232725645 0.8631936030099308 0.019685736521995272 -5.168817584027496 -0.8626445177589381 -0.5048710179102568 0.03081706109787435 -52.31341263020763 0.036539847839424204 -0.0014349205536424436 0.9993311665923746 -0.2473836996423344
-0.5045561308244403 0.863131197097626 0.020679638398420686 -5.682709547608665 -0.8626369856854755 -0.5049706786183933 0.02936059711851953 -53.20227053262787 0.03578465837404234 -0.0030249516522638134 0.9993549458988806 -0.21114943606987296
-0.5047382984824023 0.8630204362856406 0.020856092597419374 -6.19988526747281 -0.8625474818043366 -0.5051571278410537 0.028777036407090454 -54.0978781312948 0.03537077434955439 -0.003464497758701165 0.9993682532366099 -0.15982873480158694
-0.503917130453227 0.8634844823544315 0.021495915167416675 -6.715642573432134 -0.8630541296603398 -0.5043542426413941 0.02764719164506936 -54.98573488997809 0.03471447698034257 -0.0046202448771935105 0.9993865910773748 -0.11255692217626402
-0.5026161703721369 0.8642492131100857 0.02121987085363099 -7.23265385226055 -0.8638670106764771 -0.5030374821484651 0.026212199805058095 -55.88589426036602 0.03332826346113193 -0.0051564709182195315 0.999431157040011 -0.05844017698370849
-0.5005849039686192 0.8654712094916185 0.01934785414053174 -7.748487273068319 -0.865131221882953 -0.5009393610117221 0.024652089414005724 -56.775403535612874 0.031027775331741034 -0.004397968881475508 0.9995088468981556 -0.01808186839078818
-0.4982594239063008 0.8668470440919194 0.0177129511280063 -8.242436133782533 -0.8665459422547241 -0.4985596200130262 0.02316107196006223 -57.654261401009165 0.028908068950268307 -0.003808863553457114 0.9995748176639894 0.030116751251355572
-0.4958118527400859 0.8682485711751162 0.01774895306243609 -8.75584478130661 -0.8679637492810564 -0.49611177673986057 0.022628188482296786 -58.549314025282484 0.028452356957112963 -0.004186123790326072 0.9995863843366402 0.08470410349646171
-0.4940534079675868 0.8692723670691237 0.01663676427842699 -9.253959109171507 -0.8689670394900564 -0.4943244588273473 0.02322958641338856 -59.447772166200245 0.028416797066174594 -0.0029801434685064587 0.9995917188479538 0.11860577271466019
-0.4928378411774803 0.8699466998348305 0.01742417142960059 -9.747791809729717 -0.869628587665126 -0.493133788450704 0.023773645152028317 -60.33005338580056 0.029274251810744806 -0.0034360056379134957 0.9995655116330181 0.17321988613567624
-0.4937079358236575 0.8694314361994054 0.018478415867773556 -10.236944236410322 -0.8690789210196171 -0.49403975429545605 0.02503098509973928 -61.21109460544966 0.030891797359836347 -0.003701205739291405 0.999515881780752 0.20796895162597015
-0.49633080874939545 0.8678745957210942 0.021199395937582455 -10.739235414916836 -0.8674953342295985 -0.49675420428751205 0.02621269945194476 -62.09019753980816 0.033280224999964796 -0.005380206745850108 0.9994315784481315 0.26176560021322604
-0.5007326819765106 0.8652915084409674 0.023181600906023822 -11.232928542366677 -0.8649100270928196 -0.5012235583913408 0.026562935602455703 -62.96779098932245 0.03460384711139436 -0.006749069082297015 0.99937831867197 0.31805217650427264
-0.5062867308308584 0.8620576902383211 0.023027915354472402 -11.739348455226818 -0.8617202932533802 -0.5067602327926952 0.02514364045244559 -63.836479922229465 0.033344900358380974 -0.007113730446414769 0.9994185872091961 0.36677167672133054
-0.5117190968220507 0.858969226991026 0.01776043439964185 -12.260474908702584 -0.8586587828008962 -0.5120164968809104 0.023328129815393745 -64.70423325339365 0.029131781039062908 -0.0033127034639307933 0.9995700902534309 0.40231840507533134
-0.5170903432794388 0.8556937758645289 0.020142959908054793 -12.76166304221279 -0.8554410695789282 -0.5174473338294499 0.021652556210601064 -65.55294433041107 0.028950878480824633 -0.006034787444414809 0.9995626183364849 0.44543315460824306
-0.5218463064531729 0.8527946805875871 0.020436858924413444 -13.280251605179258 -0.8524981446785485 -0.5222188387953027 0.023117044078304182 -66.3972001474843 0.0303866049570172 -0.005358840247741466 0.999523855178247 0.5016414573831225
-0.5269846506655645 0.8496034436348207 0.021474788165361358 -13.796752328870832 -0.8492344594253842 -0.5274001555767704 0.02549330935900259 -67.23435151379783 0.03298501004044617 -0.004802547392022145 0.9994443079287506 0.557365103420162
-0.531952932108557 0.8464443079664871 0.023624384272268237 -14.30263490932344 -0.8460791678518351 -0.5324395095220191 0.025655612000061983 -68.07721952009891 0.03429460231953537 -0.0063405213576202425 0.9993916539778879 0.5905343085671148
-0.5354820221683694 0.844168765350043 0.025260632253723353 -14.822852301769275 -0.8437947736740209 -0.5360277527783845 0.02616540027905145 -68.90025692701995 0.03562841358918104 -0.007303688023121879 0.9993384172973534 0.6443833425353351
-0.5387555116065654 0.8420962994197733 0.024825817550919317 -15.349335151055481 -0.8417609151226191 -0.5392753804513706 0.02491236261297817 -69.72472220036201 0.03436656057098075 -0.007475730235445696 0.9993813351128628 0.709480001084379
-0.5418500128003125 0.8402690138624036 0.01861579896230347 -15.86627365259337 -0.8400771454090111 -0.5421421238400731 0.01876985134789267 -70.54278881790803 0.025864133268840715 -0.005468263058644323 0.999650511283505 0.7436415303243117
-0.5437630518890975 0.8391447013138965 0.012566370083127509 -16.40353717982378 -0.8390871469668326 -0.5438884829763606 0.010866364651257693 -71.37458496945787 0.015953156280679264 -0.00463555201507313 0.9998619947083696 0.7755670662294465
-0.545254958847851 0.8381971524083532 0.01107084217013437 -16.93345118833292 -0.8381736795869295 -0.5453450611951007 0.007977911870854008 -72.17582543035687 0.012724492113067858 -0.0049292925090333875 0.9999068903532092 0.7998652209989585
-0.546505545171281 0.8373428789078056 0.01373288896879129 -17.450555479935783 -0.8372536941631875 -0.5466603580601853 0.012988631013540702 -72.99348709768215 0.01838316368682959 -0.004399553147569724 0.9998213356520079 0.8376636064213108
-0.5477350843828936 0.8364887110318159 0.016520098437836295 -17.97452848144453 -0.8363244407786352 -0.5479663366962323 0.01715586208893688 -73.78876810389418 0.023403142788256705 -0.004419294518686316 0.9997163411406206 0.8820464539795971
-0.5483675871769442 0.8361468975016964 0.012302647358351619 -18.500875621902587 -0.8358307435780036 -0.5485003554372695 0.023115539687200194 -74.59148535302873 0.02607599324240503 0.0023928818350538715 0.9996570995561155 0.9039522656600342
-0.5485230610662081 0.8360858960268133 0.009100875979702747 -19.030759381868375 -0.8357351373348288 -0.5485647433286291 0.024970034055444998 -75.3806104028388 0.025869512992938094 0.006090717678256033 0.9996467733433004 0.9428088967025121
-0.5477167167277688 0.8366266643992716 0.007888132421665885 -19.548354340426254 -0.8363664681980741 -0.5477490541543205 0.021496617104258132 -76.17734064014431 0.02230536013681533 0.0051766870869108415 0.9997378020360995 0.9954769520149677
-0.5473453779426949 0.8368823331790439 0.006402941321647098 -20.070451287951343 -0.836720653547634 -0.5473689695034246 0.016904412192659687 -76.9801553075711 0.01765177530983418 0.0038950786332147026 0.9998366082469937 1.0119767477870227
-0.5462636261009515 0.8376010364664485 0.004533708125963485 -20.592978140053248 -0.8375343652000302 -0.5462784516915018 0.010772201563186402 -77.77952924412949 0.011499474249822937 0.002087325529715494 0.9999317002496275 1.0382052860324018
-0.5455433093469056 0.8380052429878656 0.011389045248599534 -21.09730776790454 -0.8380261681531754 -0.5456139252035139 0.00419358015545233 -78.58744542810263 0.009728263839567743 -0.007256538352590021 0.9999263490546717 1.0790092014297286
-0.5439809163651989 0.8389099345259301 0.017744981943583177 -21.59805619319681 -0.8390501906425119 -0.5440533140575061 -0.0008769525694777378 -79.39366377120778 0.008918532011654117 -0.015365975945064711 0.9998421608284044 1.095792754093383
-0.5422052360804497 0.8401182810586646 0.014654548712891083 -22.1057709346236 -0.8402126554863768 -0.5422567701212829 -0.0005374180543544927 -80.19229638888581 0.007495033520603135 -0.012604328172047857 0.9998924719107832 1.1221542846655042
-0.5392512683464744 0.8420882917095459 0.009766194367158991 -22.62345023227942 -0.8421071971375591 -0.5393006177743048 0.003211261026016785 -80.97967023850636 0.007971079967144698 -0.006492505983957724 0.9999471532287122 1.1406966187490164
-0.5340219236523539 0.8454069464804167 0.01037689266097477 -23.116858801599257 -0.8453945408269881 -0.5340983024862144 0.006861021882359061 -81.7692746063547 0.011342636314608774 -0.005108632302497429 0.999922620244903 1.163522541626209
-0.5262309124384817 0.8503217624176156 0.005824701980622961 -23.616633159906147 -0.8502779533324984 -0.5262629912384129 0.008640956515097975 -82.56326906612108 0.010412918460287034 -0.0004054772475745906 0.9999457018845279 1.1862775735852285
-0.518447124259766 0.8551093019201613 -0.0008130906426490709 -24.117421055434086 -0.8550641739358872 -0.5184094842510155 0.010810415807685625 -83.37097280218387 0.0088225732140717 0.006299873666238656 0.9999412351701833 1.2272015761716213
-0.5088605583915167 0.8608484860001299 -0.000903473717452136 -24.578566156899093 -0.8607949484703212 -0.5088165946127596 0.011735831229688928 -84.16003006793521 0.009643070125794628 0.006749607244786608 0.9999307246007546 1.2349424580096424
-0.4975973021338043 0.867404001444281 0.0026875988557136824 -25.037284116346935 -0.8673633313889934 -0.49760069662166756 0.00862543236125203 -84.99376497287459 0.00881908560717973 0.0019608671757675544 0.9999591885316981 1.2587860769631367
-0.48661277383183926 0.8736171855616659 -0.0010106606735734536 -25.478825696501712 -0.8736069557375972 -0.48660066824298864 0.0055386417436892295 -85.7906500800541 0.004346864452828391 0.003578094016481645 0.9999841508807218 1.2819465490452184
-0.47510891475826034 0.8799262027100798 -0.0011819058539463802 -25.923310286881296 -0.8799204611330173 -0.47509978068236147 0.004492268361321763 -86.61487286244237 0.0033913414287353675 0.0031742998899707627 0.9999892112535625 1.3003393994572068
-0.4626219407775764 0.8865555480146826 -0.0004474322006653194 -26.36242851174465 -0.8865527853671843 -0.4626190959254564 0.002780439317914427 -87.46966362743358 0.0022580232230554683 0.0016829644972306608 0.9999960344729498 1.3237192104656355
-0.4514914530817398 0.8922635165992006 -0.0046135387900637405 -26.768358335434602 -0.892270197493807 -0.45146503229683776 0.005763616709835299 -88.26501770353302 0.0030598134749887174 0.006718746850685249 0.9999727476197812 1.3287329929012135
-0.4391718766637072 0.8984007729009251 -0.0020282994595773435 -27.170776762632613 -0.8983784793888157 -0.4391420388064383 0.008389131299709435 -89.07703176768845 0.006646090483637509 0.005506451120711889 0.99996275354502 1.3582794410723822
-0.4272180131045651 0.9041485060299812 0.0004983199177018621 -27.57693118815311 -0.9039979208668555 -0.42715679371750037 0.01802311430877647 -89.95211350897044 0.016508432614578922 0.007249318915422914 0.9998374463020838 1.3744214446449983
-0.4149894892260087 0.9098255729274769 0.0010726971264311668 -27.92799769700982 -0.9095534539508262 -0.4148936609163762 0.023995094030436977 -90.74354034326873 0.0222764054115305 0.008982036439232496 0.9997115007757716 1.3980490891866644
-0.40264255988091685 0.9153546307924088 0.0022065492143874014 -28.315653817948245 -0.9151450728332031 -0.40259994603056104 0.02056159345237439 -91.6181032443026 0.019709506377727913 0.006259659981384118 0.9997861531423927 1.420292349056376
-0.39110101691145954 0.9203477001445148 0.0003246683301119605 -28.661383430196107 -0.9202279783544662 -0.3910557837615702 0.01599505674500756 -92.4493311983703 0.014847977117243208 0.005956914077474307 0.9998720181854273 1.4681900709336775
-0.38079109737793315 0.9246566797539585 0.0028574016334769175 -29.002928675331315 -0.9245062978620656 -0.38078207407167425 0.017120668183562514 -93.2884075668892 0.01691878751823328 0.0038777122197914712 0.9998493476403599 1.4917212190908595
-0.3738821399928782 0.9274255693632768 0.009693228850478765 -29.335685862848223 -0.9271825791782428 -0.3740063232888253 0.021254058632557284 -94.12108097978219 0.023336886311744635 -0.0010408800010772313 0.9997271159201876 1.520214027826238
-0.3684340172035577 0.9294782923626738 0.018068729723387918 -29.65380874021813 -0.929090718829076 -0.36881769147882515 0.02763958461882664 -94.97865900897102 0.032354461097655364 -0.006604125892078809 0.9994546384745443 1.545644577424573
-0.36496587823784704 0.930766539853968 0.021761342108170326 -29.988668200463874 -0.9303350935971832 -0.3654943803169671 0.029840770402863242 -95.81910344181236 0.035728438863140956 -0.009354477269630028 0.9993177534755473 1.589686360471948
-0.3614437640123421 0.9321217227415906 0.022527748441419485 -30.305094985968296 -0.9317208368373644 -0.36199528961209604 0.02925222216749062 -96.65197102109465 0.035421570542141186 -0.010416539343957911 0.9993181715792143 1.6237031957334283
-0.3561733680264139 0.934129987224388 0.02327442538249919 -30.62184913493506 -0.9337403745599153 -0.3567536676918675 0.0292529230182153 -97.50712126616308 0.035629269223908744 -0.011313158558306441 0.9993010395361375 1.670556504772398
-0.35064987149145527 0.9362113512515221 0.023515386682443566 -30.921861894186254 -0.9359561115349849 -0.35119409133267226 0.025472877602060517 -98.3337267894987 0.03210646201836691 -0.01307730862286136 0.9993988988866486 1.7110363680994825
-0.34556139477575315 0.9380920015516472 0.023889727195194353 -31.235280259751757 -0.9379933138866761 -0.3460469690934379 0.02049483557233624 -99.20930128751216 0.027493009011890876 -0.015326180413592762 0.9995044985638645 1.7671727233021186
-0.339601816574577 0.9403244591565892 0.021459675932207448 -31.533450352309824 -0.9402177411601131 -0.3400102632137003 0.019586222635430098 -100.0676695637528 0.025713914268771915 -0.01352525124418197 0.9995778419871861 1.7891474664107963
-0.3337445364503641 0.9422845803973303 0.026727400452695747 -31.824817774808125 -0.9423155131224326 -0.33425758436405545 0.017701441294799905 -100.90425044430847 0.025613631494547345 -0.0192778847525744 0.9994860204330664 1.833343424612911
-0.32728206154009887 0.944067093800813 0.040296086615823914 -32.0953556808828 -0.9444916265522307 -0.32812770393579743 0.01636390181292839 -101.75216123181372 0.028670883606621473 -0.032703704871294134 0.9990537763908942 1.8723011183507674
-0.3206297245451152 0.9464414967687563 0.03801411490801529 -32.384821712311634 -0.9466878549306764 -0.32152212343254744 0.0201402450377405 -102.59526056612411 0.03128394260444257 -0.029529939680635386 0.9990742202647309 1.9079563182101025
-0.31336751659133216 0.9489054199117698 0.03713897693056768 -32.66453858258276 -0.9490014789154555 -0.31434473187492346 0.024157453482534962 -103.45198136815509 0.03459758028619214 -0.027674782827523104 0.9990180748283737 1.9569306322095235
-0.307075420198949 0.9509406331807815 0.037637726756184396 -32.93081655856449 -0.9511097864402633 -0.3080247080800272 0.022604277245042645 -104.28704584017733 0.03308867551286431 -0.028856392323856513 0.9990357592072748 1.9853736570579767
-0.3000481630744433 0.9532549372530288 0.03572288395939582 -33.19434588504009 -0.9535121091823328 -0.30080864807337254 0.018133253622257952 -105.16021576109412 0.028031365972986583 -0.028621352990277734 0.9991972080999298 2.0180314915713855
-0.292989241679819 0.9555263295325784 0.033566915704053825 -33.452141584856534 -0.9557776062701653 -0.2936386824165757 0.016293911167376406 -106.02153326541577 0.02542580603161969 -0.027308565664565035 0.9993036428578586 2.0388651219790166
-0.28646794154905725 0.9573396545012223 0.03790652165691604 -33.70560547165194 -0.9576621604827484 -0.2872978867530153 0.018523246118494485 -106.86415303161074 0.028623501605510006 -0.030995325239976623 0.9991095960749788 2.0935093400505265
-0.27976624680435863 0.9592757646599082 0.03899813438039114 -33.95458868870733 -0.9595406963583616 -0.28072805609663987 0.021757999731415678 -107.73041315689501 0.0318197922858266 -0.03133314309720907 0.9990023698483086 2.13335730658263
-0.27307599579455094 0.9611710259867197 0.03974618628813441 -34.19141497975393 -0.9614474379872876 -0.2740788295208711 0.022352163120158558 -108.58487271863892 0.03237783977499569 -0.032110029774292746 0.9989597697001611 2.163475125539318
-0.26608240888321577 0.9631057300228615 0.040342341033165786 -34.4271545699576 -0.9634341523514315 -0.2670762953902458 0.021561227318984282 -109.45943412419338 0.03154022456774704 -0.033130125833646516 0.998953256662424 2.207698317163858
-0.2584370953530523 0.9653143666591996 0.037127365471116607 -34.64662543561612 -0.9655522513779043 -0.25932509891290517 0.02143228715914647 -110.30752233818738 0.030316952428262465 -0.03030951327818458 0.9990806853304203 2.251222315806232
-0.2508677472973413 0.9674720506433433 0.03260681815083319 -34.878134554911384 -0.9675470740539283 -0.25165685003193516 0.022836140691598544 -111.15860752808173 0.030299057009083547 -0.025819780323780694 0.9992073388883771 2.2912337144208217
-0.24384039527894727 0.969337849121353 0.030430180594202928 -35.10396950924638 -0.9693387216325252 -0.24458418011231203 0.02368589416952313 -112.04523240941506 0.030402374480104258 -0.02372157455939971 0.9992562146548774 2.3259796726240025
-0.23719410590886686 0.9707873511040331 0.03620600859674831 -35.29539136197548 -0.9709793677698858 -0.23808648237562374 0.022669236316972076 -112.89276918037477 0.030627169103366072 -0.029778278096900715 0.9990871987300696 2.3594781739925743
-0.23105137588969363 0.9720759752600902 0.041031207898671734 -35.49819825760706 -0.97249013657472 -0.2320232233230407 0.020691981627399953 -113.77301093323192 0.0296343713340063 -0.035121534148309985 0.9989435829288396 2.401890767056504
-0.22639526650214015 0.9733562058256012 0.03637141578513038 -35.699960461268496 -0.9735877489137172 -0.22726548246358688 0.021847096963070772 -114.65909653187994 0.029530974764569957 -0.030464685479797422 0.9990995067900251 2.430919920726187
-0.22196452692888943 0.9744125849897406 0.035381676032176235 -35.895444938144784 -0.9746158936336337 -0.2228070836033012 0.021928597148594457 -115.51166542793305 0.029250789082486586 -0.029616173112053192 0.9991332611960473 2.4700425279210796
-0.2173304954513032 0.9754862718802003 0.03455414765493457 -36.09027796207996 -0.9756228222691624 -0.21819307524633988 0.023492351565973915 -116.38360816604977 0.030455942186137158 -0.028606210651063318 0.999126678803915 2.5101724909282166
-0.2116636947537407 0.9769157090584022 0.028882134929998346 -36.28126413098787 -0.9769429941547867 -0.21232969126535714 0.02232685331699535 -117.25345758819542 0.027943988531986385 -0.023490415110795086 0.9993334448035084 2.5464720675119406
-0.2066898972891647 0.9781944999114576 0.020366803911462922 -36.46973074062393 -0.9781016224003342 -0.20710034392194138 0.02065584191573054 -118.1241811023303 0.024423403047662873 -0.015651450104927786 0.9995791762002569 2.5865481780396005
