1.0 8.809142651444726e-20 8.673617379884037e-19 -5.551115123125783e-17 -8.809142651444726e-20 1.0 1.7347234759768075e-18 0.0 -8.673617379884037e-19 -1.7347234759768075e-18 1.0 -5.204170427930421e-18
0.9999993011580781 -0.0003480319849955573 0.0011298482609536818 1.3160940844717768 0.0003481171165631284 0.9999999365833229 -7.515200288644408e-05 -0.058402083065748844 -0.0011298220340017183 7.554526988583102e-05 0.9999993588973364 0.018140396604628333
0.9999976844684006 0.0012037922336848642 0.001783799903291163 2.5652097675998258 -0.0012028053760217308 0.9999991230587825 -0.0005542029350592417 -0.11574037075546209 -0.001784465484192614 0.0005520560876714074 0.9999982554569841 0.031373844761168695
0.9999988930525735 -0.0006640376138881365 0.0013315208127685184 3.931613395137453 0.0006660495195020433 0.9999986364621027 -0.0015111095172246176 -0.029166100174737773 -0.0013305155636312875 0.001511994703303378 0.9999979717981192 0.05315667868842396
0.9999991903329248 -0.0001548950441664343 0.0012630680979319117 5.253275694104701 0.00015740308597787526 0.9999980158762203 -0.0019858166811370275 -0.028312591490121254 -0.0012627579986859321 0.001986013884103058 0.9999972305917096 0.05928876588092709
0.9999988570826229 -0.00015162729066163285 0.0015042747795686426 6.562183795184011 0.00015504980407249675 0.9999973993994956 -0.0022753359760100283 -0.027125772497488918 -0.001503925864521505 0.0022755666129988463 0.9999962799948726 0.06649220378390397
0.9999972735817202 -0.00021011642938970155 0.002325656942103551 7.905140116895057 0.00021809838184365604 0.9999940854910442 -0.0034324067395866973 -0.02830505887798079 -0.002324921981936404 0.0034329046034260145 0.999991404914943 0.09863196978609834
0.9999965559405098 -4.1654845567866544e-05 0.002624189778345973 9.220101945429342 5.114106691123695e-05 0.9999934647356125 -0.0036149509895208854 -0.009271192907815069 -0.0026240220483467647 0.0036150727432796657 0.9999900228289034 0.1045334345889551
0.9999980181488878 -0.0005974858784085612 0.0018991337292999222 10.55253912362959 0.0006037554541736245 0.9999943647192157 -0.0033024247400663324 -0.010432896239208712 -0.001897149875001414 0.0033035648074994585 0.9999927436146298 0.12092368126092534
0.9999998160734673 -0.0003820318754916026 -0.0004710675933593968 11.87356299363458 0.00038169578531706744 0.9999996727210895 -0.0007133484711718115 0.0031241006615710084 0.0004713399610432289 0.0007131685354531159 0.9999996346145738 0.12975822968559686
0.9999987123163346 -0.0005705855553980194 -0.0014999325973372784 13.216420769518663 0.000573723144000817 0.9999976467208261 0.0020922223982277424 -0.004851560318381018 0.0014987352756980262 -0.0020930802501526696 0.99999668639833 0.1532222540076661
0.9999985732885192 -0.000297729759836354 -0.0016627621346348835 14.558335243695243 0.00030704371832269804 0.9999842500245026 0.005604054522214852 0.026339357150168802 0.0016610674523649962 -0.005604557067514431 0.999982914751545 0.16558383215158615
0.9999996567913264 4.355575722759158e-05 -0.0008273573141589416 15.90988402061652 -3.859657031666393e-05 0.999982040594649 0.005993079214083544 0.04239170039428319 0.0008276034884168611 -0.005993045224052024 0.9999816990732422 0.18426393807509878
0.999998049011469 0.0002633450012345948 0.001957708524237126 17.25039046840957 -0.0002716303639424382 0.9999910034439704 0.004233113282993356 0.031010765228627876 -0.0019565761423799622 -0.004233636797316822 0.99998912400549 0.20520124588769273
0.9999927506388753 0.0003777897727608789 0.0037889239348073904 18.611665260791728 -0.0003761999056950331 0.9999998409052734 -0.00042031304873308025 0.03901957557792596 -0.003789082121980742 0.00041888460890504434 0.9999927336697789 0.22429048619689348
0.9999983764266006 -2.4274464016202793e-05 0.0018018198892084936 19.955965418744544 2.904447925966403e-05 0.999996495333302 -0.0026473529291645005 0.026722346042464 -0.001801749311356915 0.0026474009639131076 0.9999948724706319 0.25312361536225975
0.9999998595214786 0.00027439004956855196 -0.000453505373374966 21.299877162437596 -0.0002758399800816509 0.9999948413073318 -0.0032001985922300077 0.034858587370113304 0.00045262493122977016 0.003200323237584 0.999994776517281 0.24600939791513055
0.9999982809256713 0.00048795820248020543 -0.0017888662596724381 22.653295046583835 -0.0004899681039270765 0.9999992490688568 -0.0011232955887157238 0.040103419247478116 0.001788316795060729 0.0011241701450965444 0.9999977690797742 0.29100601046176067
0.9999991058539961 0.0012140464702762534 -0.0005606981152308167 24.02431079228922 -0.0012134792970901335 0.9999987528920048 0.001010783077969049 0.04775330231629564 0.0005619245536077376 -0.001010101778626649 0.9999993319673733 0.2795606449911222
0.9999910861333736 0.002067201810615458 0.003681620630887191 25.41640081324815 -0.0020719034098679737 0.9999970424602914 0.0012736902802958948 0.06388039227241787 -0.0036789767674943927 -0.0012813068891295884 0.9999924116625086 0.29270631497006394
0.9999873085941999 0.002035172898167682 0.004608765757007074 26.789820612235506 -0.0020334403293145913 0.9999978601359517 -0.0003805836895694529 0.04323165861348903 -0.0046095304484854195 0.00037120720926874537 0.9999893071599577 0.31310071701082526
0.9999902182302005 0.0020508590091675065 0.003918854582714928 28.15883543185832 -0.002033868015884907 0.99998853645979 -0.004334781413309871 0.05052263412161374 -0.0039276996842820995 0.004326768578481266 0.999982925978668 0.336732329584997
0.9999972554128058 0.00195533717223457 0.0012906678110957517 29.512990946392048 -0.001949367562805454 0.999987472122883 -0.004610375623684306 0.05832217693473792 -0.0012996664806029694 0.004607846984141102 0.9999885392409305 0.33735366119362137
0.9999959310391109 0.00276201252439178 -0.0007135769314644039 30.903162344796467 -0.002765272224184807 0.9999855585820289 -0.004608242280276955 0.05926709200269798 0.0007008386035081255 0.004610196763987746 0.9999891273964179 0.3737494226119724
0.9999929627265091 0.003214453199911102 -0.001934370203507264 32.28768438307266 -0.0032187531010335812 0.9999923469142117 -0.0022239023093454935 0.07181116832030465 0.001927206769711585 0.0022301129192278117 0.999995656225783 0.3667089229613671
0.9999856815913619 0.003749282753717376 -0.0038183099784817377 33.67308595020463 -0.003751970514113542 0.9999927184318637 -0.0006969939114371394 0.0702181574647215 0.0038156689479458667 0.0007113101180465063 0.9999924673258273 0.40633626414077184
0.999984815019922 0.003952983554720873 -0.0038397461619960813 35.06368827247245 -0.003952567825421816 0.9999921818623363 0.0001158524481469028 0.08088830180424954 0.003840174105154291 -0.00010067383179209307 0.9999926214365893 0.41159760777187426
0.999991700863738 0.00337417259329533 -0.002283235195707819 36.45518738582068 -0.003374962329853757 0.999994246274898 -0.00034212040406089565 0.07329863601531852 0.00228206768530917 0.00034982339753275446 0.9999973348917837 0.4435044899074787
0.9999940953512264 0.0032641701458879153 -0.0010744561140559117 37.85775916578152 -0.003263235102843962 0.9999942964391244 0.0008708535376416791 0.08377412645497 0.001077292599949068 -0.0008673421926495535 0.9999990435786301 0.4562798421207248
0.99999602176991 0.0027181631592675427 -0.0007536799011475861 39.25720009350305 -0.0027157727841705306 0.9999913362044694 0.0031546939921967233 0.07562075499010244 0.0007622483444073789 -0.003152634618734646 0.999994739922377 0.4744351087624528
0.9999942380406834 0.003344924892361691 -0.0005791052557438945 40.65246584547564 -0.0033417538918234088 0.9999798755327717 0.005392699731007253 0.09214609707294912 0.000597131777126432 -0.005390733431248639 0.9999852916051886 0.4959526619838345
0.9999946904181415 0.0032485017459190145 -0.00025762750650366525 42.07934772903354 -0.003246335276355983 0.9999626844051173 0.008005692011639707 0.09774555406433262 0.0002836243974571035 -0.008004813159500114 0.9999679207472021 0.5161502967799032
0.999995248918085 0.0030702380819638032 -0.0002752805426951921 43.46962584555483 -0.0030675193783308028 0.9999512514484434 0.009385363687961095 0.10528408831645075 0.0003040824241753224 -0.009384474668930217 0.9999559186129495 0.5382151040226459
0.9999966366906384 0.0025527795343470204 -0.0004581747052182411 44.89454590830111 -0.002548914895227695 0.9999627522412571 0.00824603922784372 0.10684583160514183 0.0004792079594176212 -0.008244843645532041 0.9999658958749505 0.5521419756793882
0.9999980743980219 0.0016953474678761539 -0.0009884316928584992 46.29490217938294 -0.0016874453640583784 0.9999670432176022 0.007941347920177297 0.09625467603538439 0.0010018624614182789 -0.007939664703824229 0.9999679784853108 0.5793821612550336
0.9999994940314058 0.00085302311072249 -0.0005331871200441832 47.726945628444874 -0.0008490611945395196 0.9999723537617919 0.007387205641477392 0.10712812100013916 0.0005394738365618928 -0.00738674919529028 0.9999725720760072 0.6015119765598395
0.9999999745432941 -0.0002206534679476157 4.717476158984113e-05 49.125030091478706 0.00022029114867619428 0.9999714955496479 0.0075471557563300965 0.10658678728576299 -4.883872298996657e-05 -0.007547145172021953 0.9999715187016736 0.6197941522515593
0.9999991863991217 -0.0012621048460276793 0.00018518221397812162 50.553145355661805 0.0012605248491714127 0.9999647797106983 0.008297615033193751 0.11411189718379683 -0.00019564815195083774 -0.008297374855464529 0.999965557052996 0.6378739207141517
0.9999974291150001 -0.0022330335787116365 0.00039411220063821065 51.99361412788804 0.0022296683897375215 0.9999627193602256 0.008341970305300202 0.12755520263532102 -0.00041272540768757865 -0.008341070119538102 0.9999651274954536 0.6533536712822867
0.9999930541096218 -0.0035179753753282503 0.0012310896674636973 53.40777724761783 0.0035070125148132037 0.9999551588655553 0.008796653987895493 0.13155977214260667 -0.0012619808761211047 -0.008792275440430547 0.9999605508703069 0.6766109783118638
0.9999893479297665 -0.004139129983029293 0.002042456849996163 54.860703917100665 0.004123452334187573 0.9999624557762116 0.007621297714683728 0.15018972037675674 -0.0020739257094195486 -0.007612794558619606 0.9999688716110917 0.6978816295871685
0.9999854324153268 -0.00476893884802499 0.0025282759730470067 56.261693845653085 0.004756943854759106 0.9999775023039623 0.0047293097901963815 0.14809256041977087 -0.0025507728818454783 -0.004717214028722445 0.999985620621373 0.7014537644781007
0.9999854630189302 -0.005078226063906317 0.0018125592017238816 57.69098902504478 0.005072825433033304 0.9999827172002486 0.002971824849100146 0.16779412357682566 -0.0018276194740322253 -0.002962586851321188 0.9999939414247502 0.7219161212765193
0.9999843577863595 -0.005209961627211039 0.0020348175459082786 59.143671970688644 0.005206108464852482 0.9999846538299291 0.0018943440260565934 0.17538766616026366 -0.002044655778936647 -0.0018837209134724459 0.9999961354816657 0.7401665899053411
0.9999851697069903 -0.0047637899676957265 0.0026394452495946234 60.53857739923122 0.004760550798000296 0.9999879094172051 0.0012321426489635874 0.1869430647610496 -0.0026452830059532032 -0.0012195591627378376 0.9999957575676344 0.7640148547175121
0.9999845906193549 -0.0042502286436648315 0.003571285527349579 61.99839473117017 0.004251205546459408 0.9999909282073275 -0.00026599708589617946 0.19858629197680408 -0.0035701225809540924 0.0002811752558876911 0.9999935875620566 0.7829336547844005
0.9999878580661782 -0.0038276200868263 0.003103714659590181 63.39994307562243 0.0038362409353584147 0.9999887873363585 -0.002776410820661985 0.20908853211428158 -0.003093052812855216 0.0027882837068943303 0.9999913292115421 0.7927140170483606
0.9999916230760271 -0.003556997359137806 0.002025227779815975 64.817918314044 0.003564380454786092 0.9999869727488123 -0.0036537001299424493 0.2112336233246863 -0.002012205194951688 0.003660888205489107 0.9999912744258324 0.8156848112500029
0.9999943952341569 -0.0027216777916446236 0.0019498641674285057 66.27016271916435 0.00272850182424479 0.9999901327016744 -0.0035056778350209747 0.22218851929045713 -0.0019403036020288335 0.003510978394455446 0.9999919540939546 0.8385806095784725
0.9999964138381253 -0.0019744179369681745 0.0018094155683352421 67.63076542611998 0.0019773640835441097 0.9999967199955194 -0.0016278911154923833 0.23590112906863 -0.0018061954960262112 0.0016314631509683607 0.9999970379885219 0.8591121711776356
0.9999944748775094 -0.0014451128550264096 0.002993637134060239 69.0984453710535 0.0014422476403101192 0.9999985000815261 0.0009590393328007617 0.2509831365875277 -0.002995018563916904 -0.0009547164678984315 0.999995059177928 0.8759788111708363
0.9999915125891681 -0.0006358829688394401 0.0040706759239109045 70.46256965278778 0.0006181783321271896 0.9999903515762553 0.004349093002809787 0.26408567453272147 -0.0040734021624750484 -0.004346539686617453 0.9999822573363866 0.8933107067939859
0.9999879609608014 0.00027277196758746446 0.004899339640439944 71.90912785819654 -0.00031142822914180215 0.9999688165494242 0.00789106717765287 0.28249375336869287 -0.004897034400203999 -0.007892497969453984 0.9999568628345352 0.9114733877752472
0.9999904633205988 0.000648418396948133 0.004318891227683235 73.27338268455742 -0.000700836719968728 0.9999259823205803 0.012146551284798144 0.28764185166867856 -0.0043106955060643595 -0.012149462284594622 0.9999169007824846 0.9204207726198652
0.999991824603622 0.0013368063267121396 0.0038162383001827268 74.67324235767391 -0.0013970862818956627 0.9998736119495453 0.015836927634201723 0.3008373820248464 -0.0037945850682068135 -0.01584212977521853 0.9998673052202203 0.937862928324272
0.999990365333845 0.0022658679263095893 0.00375966514778845 76.11839679601239 -0.0023317105044838447 0.9998423553918802 0.017601917240474805 0.3167025759119101 -0.0037191888371328175 -0.01761051410259695 0.9998380055926239 0.9541130981885981
0.9999876999960106 0.0026002150001637036 0.004223593096140226 77.47414279145185 -0.0026742556037016737 0.9998411752848019 0.017620231612330423 0.3178239474596878 -0.004177105894624879 -0.0176313098509164 0.9998358308738919 0.9711719632448497
0.9999879850974567 0.00261386820305104 0.004146969224120263 78.90275010970903 -0.0026846522031094304 0.9998492188736465 0.017156111456480817 0.3185870014320004 -0.004101500125205602 -0.01716703849753741 0.9998442231097537 0.9963690940067581
0.9999932419675125 0.0023310857263639856 0.002842896171246214 80.26306065198496 -0.0023766291701111924 0.999867185940436 0.016123340638388967 0.3178599311175098 -0.0028049337054413385 -0.01612998818629731 0.9998659689318454 1.0086838760970545
0.9999933597865777 0.002125723947572475 0.0029600135896522186 81.65246909723892 -0.0021722040505866005 0.9998729863284187 0.015789006943198902 0.32557601912687195 -0.0029260745572907204 -0.015795331854332306 0.9998709644645636 1.0365463312350753
0.9999935683001127 0.0016079215392636956 0.003205923693987378 83.05112237361925 -0.0016562076637432824 0.9998843720083641 0.015116202883469671 0.32557549387375145 -0.0031812473312610922 -0.015121415335980645 0.999880604104137 1.0449180843694998
0.9999956430289522 0.00126649045522927 0.002666444268933086 84.42580098118133 -0.0013055726424095666 0.9998909985505549 0.014706682074818699 0.3341358189488166 -0.002647527750167058 -0.014710099234920716 0.9998882955497133 1.0648282798443944
0.9999959126827355 0.0005972701870595547 0.0027960483090838993 85.82494593076957 -0.0006382371334183257 0.9998921297192224 0.014673839951405428 0.3403538415395875 -0.002786982451435072 -0.014675564516623742 0.9998884240428698 1.0769480643495557
0.9999935695257528 -0.0005326423492525185 0.003546434726755769 87.17912871971821 0.00048281716886359376 0.9999013818519574 0.014035435801119926 0.3483403394270589 -0.0035535608514287546 -0.014033633267037127 0.9998952091807428 1.1031114227949705
0.9999884284131528 -0.0016841250130115427 0.004506302556778794 88.55204239473704 0.0016284862792611075 0.9999227529372199 0.012322182878445581 0.35162402604417287 -0.004526706554542777 -0.012314701839352344 0.99991392481872 1.1165926254356016
0.9999830086033266 -0.0027743878811380372 0.00512691686339414 89.94992162269075 0.0027215839245389884 0.9999434783847102 0.010277792410256436 0.3526576821943771 -0.005155141664479432 -0.010263664441690806 0.9999340386778758 1.1403726102724527
0.9999787731685444 -0.0037302849070653394 0.005342114454493968 91.28389174651457 0.003679119328372579 0.999947574127498 0.009555787644117512 0.3637975435757885 -0.005377480199906658 -0.009535930528479859 0.9999400725721795 1.1564496403637672
0.9999806527463285 -0.0039749755669349525 0.0047847363844724594 92.66570328781114 0.0039353646526364685 0.9999581439285607 0.0082597394631109 0.3790958886162624 -0.004817368376759648 -0.008240749977396612 0.9999544404630306 1.1729741077982203
0.9999807225694252 -0.004321568045120239 0.004458535540025334 93.99460991277721 0.004289109897098414 0.9999644178663244 0.007264057926078621 0.38255315131727435 -0.0044897690164289955 -0.007244794744794972 0.9999636768019551 1.1925150966360378
0.9999823969776328 -0.004491431447023329 0.00387721271337274 95.3981603403797 0.004465341047849307 0.9999675057406113 0.006711795007826613 0.40342023143019656 -0.0039072322933812525 -0.006694363782868699 0.9999699590634452 1.2012454622789084
0.9999851151860037 -0.004485404767628527 0.003106533519108579 96.74827786716693 0.004465952470961381 0.9999705545287964 0.006240620473856546 0.40397424785308994 -0.003134433754591695 -0.0062266539523357835 0.9999757017575956 1.2115330871649528
0.9999881837886985 -0.004147993401564203 0.00253504116744615 98.08048948488285 0.004129311887537359 0.9999646045870466 0.007330645019852085 0.42597975037257313 -0.00256535890578873 -0.007320090423773422 0.9999699171524472 1.2333276251324754
0.9999895101828323 -0.0038596007583697666 0.002466375130663656 99.43604875783048 0.003837465745598899 0.9999528767589935 0.008917293202791306 0.4436533776892658 -0.00250067609868206 -0.008907735031936257 0.9999571985218418 1.2440493811895703
0.9999844862900702 -0.003894551163323787 0.003982417660246788 100.75107528506086 0.0038587197165154356 0.9999523607350913 0.008965854251949864 0.44487256643070755 -0.004017145918904017 -0.008950348124742734 0.9999518757455842 1.2672037976057375
0.9999784303002259 -0.0038245423359893546 0.005339645139577098 102.12376575894618 0.003776285701401931 0.9999522025351699 0.009018442845863351 0.46700311839199965 -0.005373881334545037 -0.00899808429516759 0.9999450764309106 1.2840778407989557
0.9999846764801373 -0.0035213599073982407 0.004271630756246329 103.46007076041016 0.0034821979324030517 0.9999521573068286 0.009140973415288502 0.47800265402964615 -0.0043036150472259066 -0.009125958679613418 0.9999490965922732 1.2969026559758634
0.9999924948415492 -0.003436692872239107 0.0017886874171330345 104.78494221236093 0.003420223017750772 0.9999524640997783 0.009130805840145775 0.48613274791283373 -0.001819982165615074 -0.00912461960212552 0.9999567135541585 1.3111401353852905
0.9999931470321639 -0.0036705382843997755 0.0004827394866532589 106.11648145796222 0.0036665630143096306 0.999961334432795 0.007992869012202062 0.5038135568106751 -0.0005120589529686753 -0.007991044242580493 0.9999679399898489 1.325284812034299
0.9999934825079496 -0.003240064872249438 0.0015927715613967357 107.45258045826098 0.0032295248676718065 0.9999731627018275 0.006576020470897427 0.50953277238279 -0.0016140355486383698 -0.006570833716370233 0.9999771092547667 1.3521519049208848
0.9999902745243792 -0.0027499361478331174 0.0034480005568283487 108.7917495114078 0.002738528242065936 0.9999907756987972 0.0033089243547037724 0.5126411905470504 -0.0034570680821261104 -0.003299449726937096 0.9999885810906918 1.3600656310376917
0.9999892447198313 -0.0018912769038170242 0.004234798263727839 110.13660006298191 0.0018821899517454698 0.9999959201308998 0.002148739756402482 0.5263878532507039 -0.004238844848178854 -0.0021407459513647347 0.9999887246369955 1.3837979372371705
0.9999945568155525 -0.0012269648264216296 0.003062824934833463 111.45830160516321 0.001221781108892789 0.9999978192106215 0.0016937605861535596 0.534513717922336 -0.0030648964401209663 -0.001690009265057054 0.9999938751204905 1.3985543534735234
0.9999997106086477 -0.0005341881483960345 0.0005416877727437057 112.77505231775092 0.000532537948588542 0.9999952313512066 0.0030419858941138547 0.5475942990851227 -0.0005433101824371853 -0.0030416965444941707 0.999995226436695 1.4127921247161235
0.9999989075965015 0.0006925529161013074 -0.0013058239782075477 114.1210786524832 -0.0006846846261920216 0.9999816669843666 0.00601638613537566 0.5432910818052762 0.0013099667042785867 -0.006015485485452006 0.9999810487812297 1.4415093353633028
0.9999964569054547 0.0019860939196774713 -0.001772458033147549 115.43550021090115 -0.001970816757924113 0.999961251428088 0.008579715827396748 0.5616323492887682 0.0017894294743673437 -0.008576192238657954 0.9999616226980123 1.4512877797938522
0.9999940278302426 0.0034558962267637974 3.294112626750349e-05 116.77879973586394 -0.0034560531652525254 0.9999469171035802 0.009706630288856995 0.5695607055451017 6.057293327422017e-07 -0.009706686165496843 0.9999528890119362 1.4717783637765929
0.9999878554786955 0.004285357519093912 0.0024340513661446983 118.10440263531129 -0.00430837748186422 0.9999452850542158 0.009532301994622567 0.5747150465705787 -0.0023930688651292347 -0.009542673041473512 0.9999516041352352 1.4856868390718674
0.999980778971629 0.00522386942953816 0.003339592112398739 119.45671888831971 -0.00525387746796807 0.9999453286831409 0.00904081944940449 0.5722957584102931 -0.0032921814721604643 -0.009058191483308891 0.9999535542755004 1.5072723200384766
0.9999777396548819 0.006237543221075338 0.0023692296804024245 120.78950619658157 -0.006260392068137095 0.9999327509484859 0.009762226782172008 0.5690100822594688 -0.002308178040465861 -0.009776841778333501 0.9999495415664608 1.5222511595483998
0.9999682636576348 0.007653188536711299 0.0022136808163393464 122.10509589214661 -0.007677919500934024 0.9999056782913258 0.011387891503738173 0.566438785705272 -0.002126318337468569 -0.011404526556823207 0.9999327055078969 1.5389907797494888
0.9999603999613209 0.00876050795382862 0.0015658893913315843 123.46549946222737 -0.008780075585939698 0.9998774715851652 0.01295963306434223 0.5674305615361992 -0.0014521645568477874 -0.012972868489586729 0.9999147943206219 1.5513743662281283
0.9999499299454886 0.009974673211422851 0.0008021822347378251 124.79669712030054 -0.009984743960103827 0.999856002325741 0.013721497776806056 0.567815417348212 -0.0006651992660667855 -0.013728820324887595 0.9999055340393028 1.5690761210592343
0.9999389754231628 0.011047397552543326 -2.0904339991614616e-05 126.12170085058516 -0.011045930382132892 0.9998336419194483 0.014514679055536444 0.558278648773363 0.00018125029225982362 -0.01451356239550492 0.9998946562788118 1.5847561008901339
0.9999293955404396 0.011881485331541458 -0.00018504174553244973 127.46076784443652 -0.011877686435791448 0.99982967840683 0.014125676685665035 0.552259899143459 0.0003528442492663739 -0.014122481482065751 0.999900210529893 1.6079920312351588
0.999916245248028 0.012928906501518308 0.0005881035288199847 128.80767782563623 -0.012935663219514826 0.99982539151122 0.013485366383862973 0.547638501072599 -0.0004136497998358888 -0.013491844429533264 0.9999088953638389 1.628551105388098
0.9999042940981228 0.013775576016265187 0.0012791206178804776 130.15958322234684 -0.013791304464813274 0.9998173469185314 0.013231504901109498 0.5354500249111819 -0.0010966153809832324 -0.013247879309888152 0.9999116416606504 1.6480832178883584
0.9998989638411395 0.014091053226659933 0.0018719851439339616 131.48915118205528 -0.014111121134032931 0.99983794748814 0.01117832827591777 0.5191376289892626 -0.0017141673653181873 -0.011203614669693449 0.9999357682614303 1.6579229675917297
0.9998990857994501 0.014051096939977902 0.0020940134209638302 132.8244958492663 -0.014070910334153985 0.9998532841008325 0.009768303596223755 0.5041363961097319 -0.00195645081513223 -0.009796782510760512 0.9999500964311394 1.6810295973730045
0.9998993724603633 0.013911112420218582 0.00277955115148389 134.16322773896542 -0.013930727698189005 0.9998772779159959 0.007166863546726147 0.49293261186444753 -0.0026795109946751096 -0.0072048635330950375 0.9999704546446854 1.6873334419963066
0.9999078827830932 0.013317657990006039 0.0026202927113730262 135.51780044779758 -0.013333908351662595 0.9998913455810253 0.00628521441449513 0.47357293683354384 -0.0025363036690248257 -0.006319574180903581 0.9999768148041586 1.711747610616183
0.9999242152472877 0.012125492149078113 0.00212983619993066 136.8344142991321 -0.012137210257963693 0.9999107834025756 0.005577935317085132 0.4623925196108121 -0.00206201097229645 -0.0056033628644100615 0.9999821750588157 1.7311658292785186
0.9999334990766666 0.011158715920976572 0.0029121269355831 138.19471740787708 -0.011168774606705796 0.9999316377399756 0.003460971024838059 0.45353278357220933 -0.0028733078635274066 -0.0034932657564389212 0.9999897705458173 1.7423115124959223
0.999944161396483 0.010014000831331693 0.0033754816596272418 139.5129651341511 -0.010022508788971068 0.999946615409101 0.002513095592835931 0.4344456364630076 -0.00335013531956388 -0.0025467860596881465 0.9999911451978496 1.763416326667091
0.9999568314798136 0.008705273668927026 0.0032485977283307184 140.87854447149962 -0.008709594893323097 0.9999612016188654 0.00131841334537701 0.4320932326926178 -0.0032369945390176287 -0.0013466504016090264 0.9999938541806396 1.776577512084118
0.9999680876020871 0.007502593967687789 0.002744970160247511 142.19063829332626 -0.007505822972144306 0.9999711488638902 0.001167930367088174 0.4269776849296523 -0.0027361284574130055 -0.0011884963557162013 0.9999955505288395 1.7888811426709617
0.9999768173872442 0.006507232343757931 0.002005147202159402 143.53494526063074 -0.006510299294642889 0.9999776421512919 0.0015268269832957192 0.418776687708651 -0.0019951669534525947 -0.0015398456958728938 0.9999968240869871 1.8019545714550607
0.9999838687891551 0.005673836709512162 0.00026408041891021455 144.91176515145992 -0.005674005712031753 0.9999836955358705 0.0006436781830444811 0.4112447012845405 -0.00026042398831642726 -0.0006451661935413265 0.9999997579699352 1.8228889987099186
0.9999885027235655 0.004759373169799399 -0.0005854807531272112 146.21249480084225 -0.004759822299270518 0.9999883769697424 -0.0007681257057940589 0.41656014352129034 0.0005818181511915129 0.0007709036587850114 0.9999995335974852 1.8680891180087957
0.9999919570348762 0.0035292321247228794 0.001905357228512886 147.57541621180042 -0.00350826636468793 0.999934471390433 -0.010897017585095306 0.40706921455373063 -0.0019436904776279611 0.010890245440085407 0.9999388104387098 1.8729101450311212
0.9999921299068653 0.002016289886109161 0.003416825928606966 148.89005025356943 -0.001950429915755636 0.9998143339212275 -0.019170120208171437 0.39656435189947625 -0.003454844059426187 0.019163305058031908 0.9998103979214148 1.8856021565895797
0.9999993942736121 0.00108740738371358 0.00017028678975477928 150.20893778111773 -0.0010831349176775498 0.9997267877900184 -0.02334901697719887 0.3709565172272779 -0.0001956301587880795 0.023348818390515155 0.9997273600380294 1.898318125075932
0.9999940973024765 0.0011866852109906204 -0.003224459398939909 151.59467231486164 -0.0012583564757108008 0.9997501523484514 -0.022317020818832075 0.38351901262044374 0.0031971704967724925 0.022320946607573878 0.9997457443987228 1.9189773791334939
0.9999835112827026 0.0022813620794192844 -0.005269966772160155 152.9218552419759 -0.0023811842871104744 0.9998163867700091 -0.019013750486277764 0.3928236024459325 0.00522562188719224 0.019025985735992693 0.9998053334237951 1.9419404998139902
0.9999800766979672 0.003028305963890499 -0.005538553070685738 154.29157484686638 -0.0031324429119872535 0.9998166387130671 -0.01889118190869477 0.3944767470794062 0.00548032923562791 0.01890815473528078 0.9998062050597485 1.9646402786647224
0.9999907951127857 0.003507730177168342 -0.002470934783228635 155.62574435093018 -0.003560633154278501 0.9997572873338694 -0.021741396329665368 0.393452614160209 0.0023940721040602185 0.021749994294875494 0.9997605744211628 1.9867465974920364
0.9999920618840041 0.003864101227724573 0.0009720548750496641 156.96690942774467 -0.003834076862974529 0.9995663788388808 -0.029195104889960383 0.39081223049815345 -0.0010844462121349172 0.029191146202725282 0.9995732594261334 2.009312080949852
0.9999903036023114 0.0038811828908892005 0.002080653917501692 158.29438540416237 -0.003808849893973067 0.9994244432892383 -0.03370867571533033 0.37716228591378465 -0.0022102859186375733 0.03370042396415197 0.9994295353154189 2.0165948456620417
0.9999908418165087 0.0038246710945163734 0.001920461957182018 159.63940845365698 -0.003757722362389664 0.9994238739410721 -0.03373128694946332 0.3652189795367603 -0.0020483666071797555 0.03372376146930541 0.9994290930859497 2.045450898104543
0.9999859118640841 0.004877697626230996 0.002093833618842337 161.01212484846633 -0.0048077042586727485 0.9994691107159196 -0.03222394613466976 0.36667237935940544 -0.0022499006905803203 0.0322134256265306 0.9994784805868941 2.0582687156098647
0.9999799955681085 0.00611077095897738 0.0016330774300646275 162.3447597548913 -0.006057964930269896 0.9995136674136912 -0.03058969947771259 0.3670088052105609 -0.0018192098585066733 0.03057919442235306 0.9995306915467732 2.063788695482485
0.9999756284743384 0.006975886485567901 -0.00028189553488896374 163.698993329421 -0.006980957540957338 0.9996102011329341 -0.027031685533578972 0.3718261951402386 9.321568253301818e-05 0.027032994630921358 0.9996345374746318 2.08385298848534
0.9999697711573818 0.007708149287095946 -0.001020395031900081 165.04346379153566 -0.0077312522579761995 0.9996575853412475 -0.024998796135609635 0.3697083648333554 0.000827351181072484 0.025005929382330015 0.999686960496009 2.0946929117868307
0.9999683079342209 0.007951917664277023 0.0003874695235120423 166.4001301046499 -0.007941591012930056 0.9997311622961396 -0.02178380743105296 0.363793652044371 -0.0005605884002012245 0.02178003993270923 0.9997626296282409 2.116757908111664
0.9999691265672285 0.007857723105722043 4.5825406072034846e-05 167.74734711679204 -0.00785501348577782 0.9997471723747807 -0.021068699337372123 0.3605627697221678 -0.0002113658257342226 0.021067688915116862 0.9997780292686289 2.1338096020497153
0.9999710179374064 0.007309407956161132 -0.0021297512901035424 169.10582893044534 -0.007349471337801576 0.9997837506848098 -0.019453460814690977 0.3540926538415808 0.0019870974515917616 0.019468549559335243 0.9998084951738375 2.1483961086291465
0.9999629941624747 0.006597170791546419 -0.005521561660039945 170.53153791317257 -0.006683690635707833 0.9998528253817479 -0.015800501752223046 0.36359664523317314 0.005416510417658929 0.015836821451384077 0.9998599184391843 2.176222834169242
0.999956533261872 0.006489974964063357 -0.006694162521525279 171.86992489270006 -0.006551610112401421 0.9999359689127331 -0.009226834749180934 0.36201414915014474 0.006633851960500951 0.009270291231641224 0.9999350247434313 2.2005540003520334
0.9999601864874598 0.006865306813808839 -0.005700263355058311 173.2347077191886 -0.006887960347489317 0.9999684206753625 -0.00396404519053744 0.36175125888012283 0.00567286895813446 0.004003150555934424 0.9999758963812129 2.2309528325286054
0.999965068331465 0.007592507503692453 -0.0034951318508718004 174.62032169583034 -0.007596788313029003 0.99997040809993 -0.0012131495318384615 0.36783390703433116 0.0034858175763557535 0.00123965893129833 0.99999315613736 2.2577954977510446
0.9999707260015843 0.007527267600738929 -0.0013738203417694825 176.01813698751187 -0.007528783252002962 0.9999710517278676 -0.0011014213576230525 0.3678889893442297 0.0013654898787443695 0.0011117323101963496 0.9999984497431291 2.2766453456054716
0.9999772538075693 0.00673212121059945 -0.0004128092509951406 177.43347158113335 -0.006733350248907596 0.9999726736356572 -0.0030518807939615197 0.3633132384465916 0.00039225233899389453 0.0030545909645666443 0.9999952577948266 2.296356524020574
0.9999863980700273 0.005210141607244205 -0.00024103809918913955 178.82341429439393 -0.005211476722243266 0.9999689152513587 -0.005916843871046062 0.35871671525494314 0.00021020301214430835 0.005918019554993167 0.9999824662759045 2.3083154630920197
0.9999865907074947 0.003059193360233287 -0.0041784855134542435 180.16055668286802 -0.0030890580506003867 0.999969598483358 -0.007159597013238164 0.3522560217439622 0.004156455889512523 0.007172408592422247 0.9999656396243932 2.329484639149414
0.9999635817699363 0.0015286950397850817 -0.0083963221302761 181.5768660324766 -0.0015646269422367146 0.9999896398962888 -0.0042745809879571 0.36143875637206707 0.008389700612754587 0.004287562427103982 0.9999556138809673 2.3639517489318167
0.9999553236174568 0.0010503817431293783 -0.009394012311102935 182.97543024652686 -0.0010534409696546807 0.999999393701864 -0.00032071487009735836 0.38623239553163247 0.00939366974248648 0.00033059657915509086 0.9999558238615698 2.385881364282955
0.9999646174967909 0.0007117622529405201 -0.008381953769371654 184.29996286046128 -0.0006819888621713309 0.9999934505261929 0.003554405141546668 0.4029744931699675 0.008384428763396401 -0.003548562978681394 0.9999585536686497 2.4084116660462747
0.9999854666519291 0.0009377379547798906 -0.005309155530929154 185.7513629843393 -0.0009113570192435356 0.9999872381980175 0.004969192035409227 0.39556502369405766 0.005313747576513768 -0.004964281280252378 0.9999735596494858 2.4336343767325155
0.9999949805404648 0.0014077555624131396 -0.0028385063241369254 187.13434471591842 -0.0013936983558269485 0.99998678619328 0.004948236426090216 0.405574753647803 0.0028454347240159483 -0.00494425556702075 0.9999837287866835 2.4579667905245346
0.9999961954335682 0.0016061829688917752 -0.002242608895737643 188.57725595838346 -0.0015958553654909578 0.9999881493426586 0.004599393427085476 0.4097178413430056 0.0022499697867378867 -0.004595797048948676 0.9999869080570223 2.4821500606465112
0.999997405692879 0.0014027172165638358 -0.0017947122114149194 189.98470576180975 -0.0013964268160734218 0.9999928949692527 0.0035014287313167823 0.40425415515493 0.0017996109742934641 -0.003498913463276137 0.9999922594725009 2.507084884569809
0.9999981928160234 0.0014885461579200868 -0.0011826220964338853 191.34039940379563 -0.0014873961603392907 0.9999984207538494 0.0009726985500970037 0.4077614988121948 0.0011840681354720532 -0.0009709377646864017 0.9999988276305666 2.5299130103822516
0.9999977353704924 0.0018615813888283503 -0.001031391593696356 192.79713723683363 -0.0018617120890563822 0.9999982591026526 -0.00012577663304087273 0.4118922829181539 0.001031155654710248 0.00012769650240193378 0.9999994602056638 2.5559040416241343
0.9999973428492293 0.0022995867109902117 -0.0001618500526412291 194.18724204514237 -0.002300230211811972 0.9999889705022496 -0.004094852234647123 0.4120085034058131 0.00015243179973417452 0.004095213646388221 0.9999916029596132 2.5756068535618204
0.9999956188872479 0.0025504364366691007 0.001502491362004597 195.63246142711608 -0.0025366574721827594 0.9999553552276058 -0.009102357963824585 0.4067840712346557 -0.0015256392690302593 0.009098506779427714 0.9999574438940917 2.586616672624518
0.9999948984154405 0.0027636223017747123 0.0016017287117081145 197.06651156557962 -0.002742039036741413 0.9999074709676622 -0.013324065632326387 0.4025030006483752 -0.00163840319023216 0.013319605655825115 0.9999099478153817 2.6041174852924027
0.9999917514381738 0.003032597225957624 -0.0027019270306004265 198.4527503308824 -0.003064189653395198 0.9999260813256504 -0.011766164476871413 0.40619067134112175 0.002666045269983414 0.011774346639787662 0.9999271258265896 2.6240935229157785
0.9999652423074679 0.0032752204185827554 -0.0076672751468048585 199.88513612818682 -0.0033023616623234684 0.9999883170334016 -0.003529901437208196 0.4226316877807503 0.007655624365022688 0.003555098861478666 0.9999643757092883 2.651216966855941
0.999953268899395 0.004842826016289577 -0.00836702178736954 201.33148054006188 -0.004794789822201129 0.9999719636545022 0.005751686319650509 0.4348120005423341 0.008394641622802262 -0.005711299426110242 0.9999484541969601 2.669509724416971
0.9999723716009177 0.006183502325592086 -0.0041255707272611995 202.7781943544057 -0.006127436457911255 0.9998905435961298 0.013466824031312349 0.4516040807596667 0.00420839129484144 -0.013441172792039728 0.9999008072387401 2.701506798581059
0.9999723462514896 0.007091848276753356 -0.002238843520803007 204.22436904429506 -0.007059596622874175 0.999875683734303 0.014098906779692156 0.441066627251749 0.0023385525038866865 -0.014082711559911193 0.9998980990117478 2.7187047970623532
0.9999773552343996 0.006534076604396432 -0.0016108573317635188 205.6533600895055 -0.0065131029137665735 0.9998981566061051 0.012698657651399582 0.4351913610693696 0.0016936672784530213 -0.012687878413692457 0.9999180712600955 2.7444936497989123
0.9999848656035432 0.0052513656272151895 -0.0016406471019073444 207.10143190246237 -0.005236964327484804 0.9999487693894987 0.008662147600893969 0.4308153554773217 0.0016860511547238958 -0.00865342449417133 0.9999611369828466 2.759163600173362
0.9999896014221938 0.00399480133480501 -0.002199684017649605 208.56026632556 -0.003978002452003875 0.9999632899344749 0.007589089531242197 0.42028529673492176 0.0022299201720945433 -0.0075802602670883845 0.9999687830679063 2.787637186305066
0.999989841885168 0.0035707200557569658 -0.0027506516972874476 210.02299971995123 -0.0035500639460693266 0.9999657364631104 0.007478164598882374 0.42699524526983695 0.002777259882545028 -0.007468323645408913 0.999968254980863 2.8038051460504954
0.9999893699895754 0.0035651097534991306 -0.002924021254634109 211.51021487027697 -0.003537493299068243 0.9999495985326801 0.009396091500791166 0.4291092265898678 0.002957371977126641 -0.00938564791464596 0.9999515806098869 2.8325685707976027
0.9999918088503572 0.0033245831425179483 -0.0023085448055358278 212.92938045297922 -0.003301133800782543 0.9999436636707502 0.010088210958685534 0.4348467821015909 0.0023419538466869856 -0.01008050750935177 0.999946447876352 2.848349179906176
0.9999927345973167 0.002946637462147678 -0.0024182804318448325 214.37649875436918 -0.002922570549477818 0.9999467625809997 0.00989598833676247 0.4453943407156657 0.0024473115787943026 -0.009888848843251766 0.9999481093209744 2.8793617067764163
0.9999910233197524 0.002695595112226275 -0.0032691049088971903 215.84423233976443 -0.0026623570837251125 0.9999451520249235 0.010129402579205271 0.4420414844764508 0.0032962303731949015 -0.010120608126185576 0.9999433524737704 2.9012651115970347
0.9999903647995505 0.0022372503958899424 -0.003776905972903668 217.29411042590203 -0.002200243651189842 0.9999498121934225 0.009774048404547033 0.4470646560333499 0.003798583411939759 -0.00976564411624343 0.9999450999725222 2.9281419217738525
0.9999915233206493 0.0017752471905470432 -0.0037150752697236574 218.77865063888362 -0.0017397542410231624 0.9999530246876176 0.009535285693964921 0.4424159418921743 0.003731828242041613 -0.009528741548449352 0.9999476369002902 2.953087912973891
0.9999894525955423 0.0016533162101934305 -0.004285002120966489 220.2686463235836 -0.0016057878788300706 0.9999374186733616 0.011071593478022286 0.45341943275055796 0.0043030388048189965 -0.011064595896981272 0.9999295268041046 2.983841744170284
0.9999894393608532 0.0015837396415911893 -0.004314271145211187 221.77632335191484 -0.0015432259708826725 0.9999548364905804 0.009377815987714375 0.45492765137324775 0.0043289283165169725 -0.009371059056707024 0.999946720396535 3.00292668644047
0.9999886946661557 0.0010522561254659398 -0.00463716475060517 223.23248718326943 -0.001003232805490445 0.9999437224735559 0.01056150603209991 0.46137242147237384 0.0046480171918597156 -0.010556734474946048 0.9999334734338128 3.026105614114162
