1.0 8.809142651444726e-20 8.673617379884037e-19 -5.551115123125783e-17 -8.809142651444726e-20 1.0 1.7347234759768075e-18 0.0 -8.673617379884037e-19 -1.7347234759768075e-18 1.0 -5.204170427930421e-18
0.9999993011580781 -0.0003480319849955573 0.0011298482609536818 1.3160940844717768 0.0003481171165631284 0.9999999365833229 -7.515200288644408e-05 -0.058402083065748844 -0.0011298220340017183 7.554526988583102e-05 0.9999993588973364 0.018140396604628333
0.9999976844684006 0.0012037922336848642 0.001783799903291163 2.5652097675998258 -0.0012028053760217308 0.9999991230587825 -0.0005542029350592417 -0.11574037075546209 -0.001784465484192614 0.0005520560876714074 0.9999982554569841 0.031373844761168695
0.9999989369497807 -0.0008530164611415249 0.001182565949757916 3.936912549404803 0.0008546748968605695 0.999998651108332 -0.0014026091177787967 -0.03905507917292596 -0.0011813679059385468 0.0014036183361660066 0.9999983171113026 0.05208233222504405
0.9999993091409954 -0.00030798687803179137 0.0011343992308396446 5.254375236006525 0.0003102313905793962 0.9999979937603322 -0.0019789471430488935 -0.03487107857129823 -0.0011337874652105312 0.0019792977021262956 0.999997398449911 0.06197412561515689
0.9999989544259439 -0.000523204165858035 0.0013481114270627954 6.5706065420529995 0.0005264328652464963 0.9999969916473281 -0.002395738869747737 -0.04121611165970063 -0.0013468539109112215 0.0023964460549865496 0.9999962215082856 0.067656651117972
0.9999973208467721 -0.0003904325899874236 0.002281635744510899 7.90780508093322 0.00039837103409901 0.9999938659204708 -0.003479859472838084 -0.033161320909064984 -0.002280263098229013 0.003480759087352323 0.9999913423207115 0.09745154617876185
0.9999967968743384 -0.00020001825029157606 0.002523139663727451 9.222523793467149 0.00020909686115001664 0.9999935039130036 -0.0035983899589057356 -0.015306092951354891 -0.0025224035295292437 0.0035989060133944464 0.9999903426313381 0.10524078454297958
0.9999979048571829 -0.0007646394154183425 0.0018988438085098679 10.556892590521104 0.0007708865323813653 0.9999942861653195 -0.0032914086144642256 -0.017691526942311995 -0.001896316218071395 0.0032928655116121848 0.9999927804847011 0.11835294662772246
0.9999995258007434 -0.0006264907019596274 -0.0007455921733048484 11.877288131056428 0.0006262237751668789 0.9999997397732335 -0.0003581860533270191 -0.002869443815580402 0.0007458163795137889 0.00035771897592995694 0.9999996578974727 0.13467930905006725
0.9999987561866155 -0.0005228083397130834 -0.0014880512967762169 13.212627601827597 0.000525956250126053 0.9999976232638085 0.0021158536710860275 -0.00888354671076394 0.0014869415741259884 -0.0021166336892389595 0.9999966544276939 0.15289977091381726
0.9999984648346196 -0.000389839328389902 -0.0017083189696358461 14.553604807144366 0.00039952456222731695 0.999983829820983 0.005672783856595705 0.01744503672932502 0.0017060798715635322 -0.005673457663322806 0.9999824504308135 0.16311525815387848
0.9999995951732003 -1.0908854434521389e-05 -0.0008997413142657973 15.90501480805388 1.624354710506854e-05 0.9999824211396132 0.005929346330290934 0.03647735064491756 0.0008996608154628405 -0.005929358544923055 0.9999820164971284 0.1860051743474413
0.9999986148545499 0.00016338217165742837 0.0016563801638990315 17.25043043789998 -0.00017098246687031256 0.9999894540576632 0.0045893941269890435 0.02588964677185496 -0.0016556128706302759 -0.004589670981977148 0.9999880968623075 0.20930993927028907
0.9999930267634258 0.00025486187589149773 0.0037257844739984154 18.61366304690665 -0.0002539376649053868 0.9999999368744856 -0.0002485290471573315 0.03248453264750571 -0.0037258475793855252 0.0002475811970962222 0.9999930283573811 0.2268458443356912
0.9999983485158364 -0.0001364185356681258 0.0018122791129176871 19.953897745121708 0.000140360396898045 0.9999976245384168 -0.0021751359687586275 0.021411129651919117 -0.0018119780790545393 0.002175386748771601 0.9999959922059359 0.25334321734564863
0.9999998111332009 0.00017818694608999548 -0.0005882031748171373 21.30200365390648 -0.0001798797862028002 0.9999958389509028 -0.002879188104761513 0.030285494460655444 0.0005876876935392416 0.002879293366839801 0.9999956821371194 0.2458259150216152
0.9999984165821464 0.00039635679914160754 -0.0017348586362813019 22.657011100324215 -0.0003979179907001543 0.9999995161518404 -0.0008996429057467115 0.039909287849333376 0.001734501217290651 0.0009003318126987706 0.999998090452254 0.29225898456987603
0.9999991520637787 0.001156411679290043 -0.0005988186300355469 24.02277381982639 -0.0011555258510300708 0.9999982408279104 0.001477532095140927 0.04760898827264078 0.0006005262119818731 -0.001476838891880861 0.9999987291567706 0.2820779639428253
0.99999212807117 0.0018434121523884016 0.0035136344899890965 25.41865880337228 -0.0018491640326129737 0.999996954541924 0.0016344721648485832 0.052623039738609864 -0.0035106107835111405 -0.0016409565849226633 0.9999924914085171 0.29692523162958123
0.9999875580027829 0.0020081670469064847 0.004566300991252178 26.78927702497588 -0.002008448804838047 0.9999979814333732 5.711897586324512e-05 0.04819115857787985 -0.004566177069424307 -6.62894469575176e-05 0.9999895727619763 0.31418903369275836
0.9999907942414685 0.002059696324276359 0.0037641842899460323 28.15579886546731 -0.0020439459822480374 0.9999891609499617 -0.0041833320945580685 0.04536272481144412 -0.0037727598835025486 0.0041755997944570725 0.9999841651992385 0.3363593142413725
0.9999973373991421 0.001934990284731 0.0012573810974353594 29.515003764571258 -0.0019295374260015123 0.9999887919790039 -0.004323517282741915 0.05413470275994345 -0.0012657329686195913 0.004321079607054841 0.9999898630441619 0.3390436526402747
0.999996283663187 0.0026383627669180638 -0.0006868054491238921 30.90483681165072 -0.0026412848745924317 0.9999873136260637 -0.004289079288105655 0.053841028553538485 0.0006754805889550457 0.004290877397286961 0.9999905660040675 0.3775565187796379
0.9999934407879162 0.003086654257311107 -0.0018949793244997896 32.290292406561036 -0.0030904805187427697 0.9999931851294777 -0.002019560537748893 0.06426886375116762 0.0018887327253293102 0.0020254036877087964 0.9999961652069442 0.3708228130299284
0.9999850238671099 0.003635559949837369 -0.004090812308933419 33.67094747045006 -0.003636357872436412 0.9999933708259705 -0.00018763138514943912 0.06300434572634456 0.004090103045077518 0.00020250423270113058 0.999991614989404 0.4082166668920333
0.9999847218064989 0.0039056108555969183 -0.0039118227750794135 35.06185524861459 -0.0039039532995850438 0.9999922865450378 0.0004312760851840539 0.07438097093769032 0.003913476997970672 -0.00041599792263440885 0.999992255791771 0.41455054811604264
0.9999918756132261 0.0033039024344882293 -0.002309315103115712 36.45850164645931 -0.0033036318646544865 0.9999945356765366 0.00012096929726013602 0.06812916045916649 0.0023097021550267257 -0.0001133391874985964 0.9999973262115173 0.44906383893419116
0.9999941773034594 0.003191887454374105 -0.0012071510494042858 37.8585532575755 -0.0031903159398736173 0.9999940639341163 0.0013015301511994511 0.08078381979558581 0.001211298221437228 -0.0012976713795495923 0.9999984244015635 0.4598811209861975
0.9999960654333974 0.0026868419881036893 -0.0008062244449500188 39.25537650184888 -0.0026840887863630713 0.9999906286647673 0.0033967999691428678 0.07511997717934343 0.0008153435543327547 -0.003394622626215171 0.9999939058574877 0.47537454772884
0.9999944328979886 0.0032636496279834304 -0.0006948123027601647 40.65123990689058 -0.003259522105391627 0.9999775120060522 0.005860972430416306 0.08957602157061163 0.0007139248383174546 -0.005858675045724954 0.9999825829673404 0.5012571956099297
0.9999947762486339 0.003204567914081446 -0.0004221610222837051 42.07927750653108 -0.0032009266462080938 0.9999599254700231 0.008360713043245298 0.0963726607490406 0.00044893657713638863 -0.008359318062493898 0.999964959514822 0.5197689802331422
0.9999957283024246 0.002895125357680846 -0.00040202744530455934 43.46751079319958 -0.002891156946204521 0.9999502786726614 0.009543657264343756 0.09781198442156834 0.0004296375401173689 -0.009542454172285102 0.9999543774492685 0.5404029966260003
0.9999967488905901 0.0024856447281872977 -0.0005690154088691455 44.89448768468108 -0.002480611684961561 0.9999592399741153 0.008681299214873832 0.10542727618418911 0.0005905708414136189 -0.008679859484748101 0.999962154916578 0.5575126612582462
0.9999980542532775 0.0016235847555654238 -0.0011204740964772212 46.29327956927177 -0.001614303235684893 0.9999647859596201 0.008235342481927517 0.09440522922191895 0.0011338054165676609 -0.008233517673077428 0.9999654612395393 0.5832722292670374
0.999999466028181 0.0007697871258200784 -0.0006894716338025492 47.72460619800481 -0.0007643999717334234 0.9999694437310442 0.0077799291069590125 0.10533235017751046 0.0006954394553881992 -0.007779397920598725 0.9999694982007986 0.6052911248337222
0.9999999560905525 -0.0002884913166509126 6.776174100688465e-05 49.12329675506963 0.00028794172949589826 0.9999681561664904 0.007975195455284597 0.10675728289347494 -7.006035785072914e-05 -0.00797517559366527 0.9999681953271297 0.6234464844339845
0.9999992344636675 -0.0012354695222132458 6.8462680995491e-05 50.55035294088868 0.0012348264122998146 0.9999613115612882 0.008709224096309386 0.1161614398872794 -7.922001321436872e-05 -0.00870913288955516 0.9999620716449708 0.6429352884345583
0.9999970977749679 -0.0024053732587800444 0.00013645925099624477 52.00108965554801 0.002404083770622658 0.999958638273838 0.00877166590537929 0.12210982329666147 -0.00015755273740982476 -0.008771312388560255 0.9999615188876606 0.6570500940789715
0.9999931068789252 -0.0035459245486787823 0.0011011874180404124 53.412693170500575 0.003535549154502638 0.9999506412800644 0.009285197669635231 0.13237439965213896 -0.0011340576751951432 -0.00928124036339869 0.9999562852897651 0.6827614148069584
0.9999889131087167 -0.004324500219835353 0.0018634262786901485 54.86485787931892 0.004309495709006601 0.9999588550172624 0.00798226279320585 0.14590188329408196 -0.001897868905252081 -0.007974143867174002 0.99996640499729 0.7029485351615726
0.9999851459124373 -0.004849646778564546 0.0024877460892847206 56.26130602661155 0.004836978749879526 0.999975433035149 0.0050731610204597585 0.14706774510534334 -0.002512288011913999 -0.005061052488312775 0.9999840369509184 0.7074309941617913
0.9999845831876446 -0.005193284735696154 0.001965497567224212 57.69223349103721 0.005186563711457614 0.9999807379636337 0.0034092900395052417 0.16571097890214923 -0.001983165121660318 -0.003399043300763314 0.9999922567503909 0.7292724714369814
0.9999847280406335 -0.005126475835341566 0.0020646866613907577 59.13930420712638 0.005121862021425448 0.9999843883146388 0.002233753887831594 0.18230243716467226 -0.0020761057134802995 -0.0022231447338358634 0.9999953736955781 0.7458037235582501
0.9999845925880607 -0.0049349045024289885 0.002541909526756174 60.54276327843966 0.004930156277570563 0.9999860966117636 0.0018708667101862433 0.18260867792677896 -0.0025511067341527044 -0.0018583058737618025 0.9999950192644514 0.7720014538901456
0.9999848503126557 -0.004295546559035956 0.0034420088516311986 61.9996529988777 0.004295739033879374 0.9999907720930041 -4.852824367539019e-05 0.20007007849040692 -0.0034417686337635004 6.331348026658159e-05 0.9999940750924852 0.7856022441523698
0.9999876123825088 -0.00395948848797802 0.003016211604486671 63.39775017160714 0.0039674417895976515 0.9999886568465335 -0.002635447573395809 0.206493773251664 -0.0030057423668080237 0.0026473815704452616 0.9999919784096495 0.7977773740621934
0.9999916573760231 -0.003596613743496913 0.0019363749466987743 64.81395242176225 0.003602615461915662 0.9999886901711781 -0.003104946306315829 0.21455447453454912 -0.0019251857540714767 0.0031118964172393705 0.9999933048578379 0.823480762550365
0.9999942710768596 -0.002790488575888237 0.0019159819853450915 66.27207203832432 0.0027963000479507187 0.9999914780052631 -0.0030372064288166807 0.22322712000170863 -0.0019074903675144691 0.0030425466894119816 0.9999935521742831 0.8450672421900232
0.9999961550600381 -0.0021684258447219507 0.0017285237909713163 67.63055456584078 0.0021705012999118822 0.9999969247699727 -0.0011997394319059127 0.23521817406566076 -0.0017259169293719746 0.0012034865821150592 0.9999977864129497 0.8656863107392808
0.9999946447026572 -0.00156968254105674 0.002871700319773438 69.10248226431163 0.0015656184368915476 0.9999977705762482 0.0014169267600417017 0.24957013037282202 -0.0028739180427337307 -0.0014124231850117241 0.9999948728147711 0.8837190223025165
0.9999915323799972 -0.0007177523314347317 0.004052159905010741 70.46094091169313 0.0006989216040902113 0.9999889602985362 0.0046465890332532955 0.26452378140032196 -0.004055450270486942 -0.004643717545602212 0.9999809944246242 0.9010194696283103
0.9999882427420793 0.00011949183112946776 0.004847690100494807 71.91604748996537 -0.00016235241895541427 0.9999608954359805 0.008842015639215047 0.2810192920046253 -0.0048464439850473195 -0.0088426987155708 0.9999491580376102 0.92270773372824
0.9999906647440262 0.0005511490406485693 0.004285634087927424 73.27448054776892 -0.0006037072123511892 0.9999245115226962 0.012272195960747679 0.2883475278160899 -0.004278546762905428 -0.012274668664865405 0.9999155097040776 0.9265857179094944
0.9999921775479845 0.001253904673705827 0.003751341881185905 74.67086540310216 -0.001314417873254906 0.999868355148329 0.01617234301607781 0.3006805082356144 -0.003730569459847755 -0.01617714733951791 0.9998621818808133 0.9445189332053902
0.9999907818884801 0.002105795298935905 0.003741893133851788 76.12134420822335 -0.0021711628631439018 0.9998435982331648 0.017551784068279383 0.3142085450301313 -0.003704347430775424 -0.01755974653338654 0.9998389535879242 0.9582446254084269
0.9999888268087694 0.002389673450797457 0.00407869077271046 77.48880895893865 -0.002462657720539758 0.9998352450908283 0.017983825819736256 0.31559177275920447 -0.004035043317277474 -0.017993669302332423 0.9998299586882091 0.9778655136744443
0.999988390711092 0.0024531375431828028 0.004147355691836736 78.908554014803 -0.00252431418237111 0.999848112419743 0.017244707262971046 0.3153046428115885 -0.004104422121208246 -0.017254976292974535 0.9998426973840334 1.005240586301341
0.9999933775611367 0.002158041462521621 0.0029304762267928185 80.27217338818166 -0.0022054742659800234 0.9998650323522111 0.016280447247358634 0.316650993956653 -0.0028949468271213907 -0.016286802520997328 0.9998631703120734 1.0157831409174458
0.9999937535631624 0.0019813223286027754 0.0029269773636439343 81.66311551647976 -0.002027858412631594 0.9998702145100101 0.015982550671432307 0.3232641669331942 -0.00289493089993927 -0.015988386333109485 0.9998679867250215 1.043577136875786
0.9999934845495617 0.0015360929057090388 0.00326669205935015 83.06154113443105 -0.0015857480304270007 0.9998824155096402 0.015252559057139039 0.32759074005327443 -0.003242878599267609 -0.015257639830345568 0.9998783366816175 1.0519943082587349
0.9999961782205509 0.0013226050928107807 0.002427809725013148 84.42062128327217 -0.0013595439462298375 0.9998823782090068 0.015276825172753196 0.34041408925742594 -0.002407318954909638 -0.015280067502110943 0.9998803550188294 1.0700768140947041
0.9999959713364526 0.000553367914491851 0.0027840788091925924 85.8304947411664 -0.0005953651479313223 0.9998857109395083 0.015106640901754224 0.34376551927432036 -0.002775401089070374 -0.015108237585672788 0.9998820121923634 1.0837791136117354
0.999994025304691 -0.0006676906042297437 0.0033916875118633924 87.18825316499816 0.0006176022190928071 0.999891057130299 0.014747624837654946 0.349940231061137 -0.003401164862231528 -0.014745442011356212 0.9998854954530891 1.1085338972822194
0.9999879573645533 -0.0017283888751219484 0.004593233911384098 88.5738266265765 0.0016668614829010977 0.9999092889189477 0.013365459453422282 0.35563067306071144 -0.00461591796560066 -0.013357642213377666 0.999900128360745 1.1267454220518738
0.9999833134196234 -0.0028820551701146738 0.0050066595957337125 89.95397593084603 0.0028266814722501866 0.9999351492339955 0.011032098542047878 0.35696196203073827 -0.005038130026664129 -0.01101776222213171 0.999926610387708 1.1457371186779632
0.999978574961108 -0.003796319416705958 0.005332689531362089 91.31905102629099 0.0037440514124721714 0.9999451902000189 0.009777457484891332 0.36680665203182505 -0.005369515599411423 -0.009757282138712282 0.9999379799505033 1.164006368687302
0.9999806380420581 -0.004101314331869042 0.004680038648317376 92.69499088411254 0.004059844552052187 0.9999527171630405 0.00883635108319402 0.3784653839271098 -0.004716058016151934 -0.008817179764726223 0.9999500068192333 1.1788855652650088
0.9999797217735954 -0.004580777502005305 0.004424083982014287 94.05297173078569 0.004549636007497935 0.9999649837507121 0.007023680277267021 0.3861043555791257 -0.004456102983782086 -0.007003409877703398 0.9999655471046405 1.197433982013313
0.999982010327806 -0.004586179457182156 0.0038660029418486276 95.4230380811503 0.0045602144636462645 0.9999671666797407 0.006698507784362971 0.4051265675314286 -0.003896596566930335 -0.0066807574778718236 0.9999700915601007 1.2074101446926495
0.9999853442157888 -0.004461091506103279 0.0030675749713156165 96.77972518721909 0.0044411742285180664 0.9999692116870501 0.006469285080406872 0.409848002049007 -0.0030963405985801663 -0.006455566633054079 0.9999743688386937 1.2221910179731668
0.9999877190206583 -0.004294332311463103 0.0024739680393078257 98.10720062916182 0.00427549559173343 0.9999622099464154 0.007569598174675686 0.42862660560617616 -0.0025063809179493557 -0.007558927773150728 0.9999682898300397 1.2397898765213158
0.9999889367280533 -0.003981550130838832 0.0025047315330826367 99.45245199347218 0.003957900665595148 0.9999482015552247 0.009377058642930442 0.44641772791399414 -0.002541937020951287 -0.009367041423378691 0.9999528974362514 1.2524650274512354
0.9999848911834971 -0.003920456313942194 0.003853235915420563 100.79283526878929 0.0038835876091796603 0.9999470508354626 0.00952959982068935 0.4501550787707151 -0.0038903922695844406 -0.009514491460457939 0.9999471682545221 1.2719837581352063
0.9999792111054662 -0.003831865023589981 0.005185958670347646 102.13249119203145 0.0037816159354596337 0.9999461439095224 0.009664815641970616 0.4704472868543009 -0.005222713643906196 -0.009645003417189123 0.9999398467764329 1.2877354348471715
0.999984272291187 -0.0036235692828169813 0.004280761137650926 103.48096173352185 0.003582841459187082 0.999948608912564 0.00948381679000375 0.47993390296998556 -0.0043149064118851305 -0.009468330342813991 0.9999458646862719 1.3056775289625264
0.9999925186831832 -0.0034743700912081227 0.0017003911705974956 104.80800360849337 0.003458077843516258 0.9999489666245777 0.00949240981350003 0.4894624282950422 -0.0017332845386460367 -0.009486458712742505 0.9999535003317902 1.3192799229368526
0.9999929289596082 -0.0037494337106212887 0.0002894436621171998 106.13745171049248 0.0037468861039319686 0.9999581127285732 0.008350666610180519 0.5070143364237488 -0.0003207418090063323 -0.008349523049844161 0.9999650906854359 1.3340818209244247
0.9999933312709482 -0.0033198833288298015 0.0015217714396361126 107.49389835757874 0.0033090707401461665 0.9999696482770054 0.0070535505668377334 0.5104567689358677 -0.001545142216186818 -0.007048467879276061 0.9999739654791452 1.3591681323571374
0.9999904097774249 -0.002845879431895871 0.0033288621835357527 108.81778458624676 0.002833642637908675 0.99998923263129 0.0036749273304702798 0.5150762010314581 -0.0033392847405527355 -0.0036654592812802446 0.9999877067172771 1.3672485379721577
0.9999893073737162 -0.001919570806382549 0.0042071826861579485 110.17224937930844 0.0019092564406272374 0.999995165673416 0.0024542554148418946 0.5296409307989349 -0.004211873464308582 -0.002446196581765496 0.9999881380517491 1.392576070805922
0.9999942952487703 -0.0013776103219385694 0.0030840978772239073 111.4779580424097 0.0013713068844400313 0.9999969686724495 0.002045033823870761 0.5378050147025124 -0.0030869057880175215 -0.002040792912810215 0.9999931530650312 1.4074382380356485
0.9999996436049704 -0.0006081057429283563 0.0005856597456537582 112.81300282613005 0.0006061670428661471 0.9999943554399402 0.0033047919412339394 0.5488565430850535 -0.0005876661028207969 -0.0033044357557863685 0.9999943676605821 1.4213310040244616
0.99999883883745 0.0005195564091164955 -0.0014326147037513827 114.16922327389474 -0.0005103375616908072 0.9999792109048103 0.0064278545227785065 0.5484238322252591 0.0014359245540021145 -0.006427115941899804 0.9999783149155509 1.4477800904476203
0.9999963314983757 0.0019496919951019348 -0.0018803432970840427 115.47087312719317 -0.0019324987832091143 0.9999567037335771 0.009102532984389419 0.564215558898339 0.0018980090209345013 -0.009098865830598749 0.9999568031681935 1.459222175732719
0.9999941365048048 0.0034228247190684416 0.0001059573135478878 116.83824871206437 -0.003423707579701756 0.9999449110943048 0.009922348664073193 0.5759234422074517 -7.198901619682858e-05 -0.009922653251286996 0.9999507666730578 1.4804477401596579
0.9999883278225159 0.004211906314437555 0.0023672904187649994 118.14050630978456 -0.004235170394073634 0.9999419284844981 0.00990974219827 0.5806263272146841 -0.0023254140408834065 -0.00991965240829597 0.9999480951257605 1.4934396601417648
0.9999815304417385 0.005131313567277687 0.003257053341986618 119.5046394022905 -0.005162001707662157 0.9999416959764601 0.009484639481329424 0.5779345380472208 -0.0032081947834206124 -0.009501277219141215 0.999949715344445 1.515395348616081
0.9999783562296117 0.0061480979368099455 0.002342640408412121 120.82880976694285 -0.006171473912857692 0.9999298940018215 0.010105443644347036 0.5767060575186831 -0.0022803469180475563 -0.010119682468612848 0.999946194574822 1.5309765561017252
0.9999693872083049 0.007526331805494626 0.0021398541540968087 122.1370467217567 -0.007551361590447611 0.9999002024272758 0.01193993819176557 0.5711176289429867 -0.002049776665277921 -0.01195573148939326 0.9999264267435759 1.5481519265764405
0.9999614659412596 0.008636390327463673 0.0015746093860571277 123.50228626622888 -0.008656616714170793 0.9998737318005287 0.0133260437620582 0.5747589884473103 -0.0014593216475150828 -0.01333916104543473 0.9999099645282734 1.5578395785239783
0.9999510382049224 0.00986241215334211 0.0008087146687613037 124.8335714526083 -0.009872880168707396 0.9998509414444579 0.014164078854810486 0.5737041792912518 -0.0006689021394823537 -0.014171369699099491 0.9998993573609192 1.576104659916542
0.9999399169057079 0.010961484578578854 -9.183920396168096e-05 126.15392932493378 -0.010958866542167744 0.999827006839843 0.01502862727567945 0.5642191088809362 0.0002565593825271312 -0.01502671785567021 0.999887059586116 1.5934864535796798
0.9999303963183825 0.011794323680706743 -0.00031055994119842553 127.49604435656119 -0.011788558958794973 0.9998246951701971 0.014546779901317801 0.5581751782914324 0.0004820749292089316 -0.014542106337703933 0.9998941417705304 1.615148588358653
0.9999181137114952 0.01279029686506081 0.00041734607796272056 128.82184030404233 -0.012794938812630394 0.9998170313316961 0.01421947255896789 0.5526706386783988 -0.0002353984414128286 -0.014223648096666765 0.9998988110916003 1.6349590649287273
0.9999059662510428 0.013645626597933818 0.0013621785192869551 130.19074751617194 -0.013662699923285015 0.9998164779972242 0.013429108534533107 0.5443134732132998 -0.0011786799289515925 -0.013446456781463414 0.9999088976070017 1.6556388927788785
0.9999006688960204 0.013989976937064372 0.0017125672516366546 131.51464925708777 -0.014009091446726876 0.9998332892957694 0.011710635031431545 0.5246185332245142 -0.0015484502343359866 -0.011733463312362417 0.9999299616175971 1.6671333831944772
0.9999007758582361 0.013956567043096571 0.0019111971297760225 132.86006946719442 -0.013975963070520655 0.9998467565758259 0.010542097564185844 0.5104354579237916 -0.0017637727599541589 -0.010567762354108884 0.9999426041050948 1.6914984853710449
0.9999009314437661 0.013811540797629454 0.002714523656982578 134.1923062698714 -0.01383281304738704 0.9998724745559774 0.007980470443665351 0.5001115707874835 -0.002603954893030952 -0.00801722932824018 0.9999644710952552 1.6967717419873198
0.9999097627291588 0.013181437753606319 0.002591543490868814 135.52813394173273 -0.013198571412626717 0.9998903852542008 0.006709335948640539 0.4795115957480332 -0.002502820725312796 -0.006742935188308537 0.9999741340222073 1.7210984774281812
0.999925350594305 0.012045900849910918 0.0020468296388365093 136.87778139169194 -0.012058485894462288 0.9999077504819603 0.0062516752985851244 0.4708632627659401 -0.0019713337589962235 -0.006275890281067764 0.9999783632881217 1.7412632445280334
0.9999347779897324 0.011024577093081293 0.0029830297590165305 138.20307592482453 -0.011036912507434295 0.9999304761891044 0.004150825283494439 0.45971703672973213 -0.0029370612740818734 -0.004183477996782518 0.9999869360061273 1.7537039534388676
0.9999449209394761 0.00993714518014059 0.0033776075872773113 139.5537527035781 -0.00994797103581866 0.9999453857888707 0.003203640400663239 0.44014232486272553 -0.0033455880821370745 -0.00323706428960831 0.9999891641688772 1.7739915528802306
0.9999575939958747 0.008615407675465463 0.003253453636837929 140.915326309646 -0.008621261813039911 0.9999612347587926 0.0017896436577888872 0.43971112022193254 -0.0032379090062172773 -0.0018176166417523186 0.9999931060837426 1.7863383737748975
0.9999679853622456 0.007465460343071395 0.0028801306285811163 142.22945583176767 -0.00746899671241689 0.9999713635871287 0.001219054473146434 0.4354103429166901 -0.0028709473491459942 -0.0012405271317552768 0.9999951093649178 1.7992878743049208
0.9999771405866513 0.006399842262688015 0.002181816481115324 143.58833764475898 -0.00640117610308488 0.9999793293005905 0.0006049099424774508 0.4277582108852656 -0.0021779000532276883 -0.0006188623061112691 0.9999974368771174 1.8070575771815252
0.999984433784305 0.005579603754800087 -1.4526609983515141e-05 144.93881909647482 -0.005579613721940964 0.9999841032977127 -0.0008130575523127702 0.4177425156548373 9.989840086568088e-06 0.0008131259489559359 0.9999996693631424 1.8277226834521882
0.9999891370253448 0.0045432806695698815 -0.0010413606789794183 146.23865261999407 -0.0045473466311381225 0.9999819148568276 -0.003935936723131182 0.4263217702541739 0.0010234597805915927 0.003940629395125671 0.9999917119506779 1.8638142205691477
0.999992723187176 0.0034487074204331758 0.0016309475234999355 147.62178237458252 -0.003426605451918232 0.9999048049336021 -0.013365606823931413 0.4160631632003123 -0.001676886332774429 0.013359920951236458 0.9999093461731438 1.8674525960523007
0.9999929029140255 0.0019409759783088434 0.003229045343720891 148.94664659129933 -0.0018739180625522006 0.999785173220332 -0.020642089038799803 0.40487107321807836 -0.00326841745727472 0.020635891573724807 0.9997817148889464 1.8882692289473904
0.9999994728076432 0.0010161485212670607 0.00014773834427645979 150.24769748270367 -0.0010125173733635002 0.9997397236289804 -0.02279166090522523 0.37600544811194403 -0.0001708596040024159 0.02279149930199551 0.999740225441871 1.9110032701285256
0.9999941060884715 0.0010521340184592653 -0.0032681496792738166 151.64333441044803 -0.0011242883123723994 0.9997539107454086 -0.02215522342590797 0.392076356021906 0.0032440351585023884 0.022158767187468693 0.9997492011862885 1.9297821668019233
0.999981937748662 0.0022045164878862667 -0.005591447351621563 152.96686571577732 -0.0023068379605371498 0.9998287854467376 -0.018359692010639354 0.3964512178822673 0.0055500157707111955 0.018372258956272834 0.9998158117502386 1.9562043297382137
0.9999801096415375 0.0029494381723871965 -0.005575045808433703 154.3308620129335 -0.003052523991642026 0.9998228395237008 -0.01857341282706826 0.4002338052391658 0.005519276997879228 0.018590061356314 0.9998119559198065 1.9778065263194664
0.9999912018952969 0.0033999160197602904 -0.0024569703006359876 155.66379729265287 -0.0034535272579147 0.9997485692463153 -0.022155618687462755 0.40277107510259785 0.002381025299838313 0.022163908973914914 0.9997515150563752 1.9964298730900045
0.9999926568684394 0.00381137129915097 0.00039957229577234683 156.9981490598277 -0.003797477980370385 0.9995314754562223 -0.03037118261273239 0.40028271613627214 -0.000515140940076205 0.03036944222614805 0.9995386093636826 2.010174220314274
0.9999915430408913 0.00384366361019831 0.0014629069514974695 158.356396810374 -0.0037947418317492137 0.9994777401595085 -0.03209122715123758 0.381773757372988 -0.0015854908159541464 0.03208540440283701 0.9994838733282189 2.0382526219442267
0.9999916660783399 0.0037193632515661185 0.0016834817696488305 159.68022059991205 -0.0036607893865319326 0.999430247207726 -0.03355263905225922 0.3733605210035337 -0.0018073170538938658 0.033546196554999116 0.9994355338398571 2.060588764977656
0.9999869421658448 0.0048107710755018246 0.0017239429986098606 161.04892284473223 -0.004752321978509211 0.999462384587372 -0.03244005596074986 0.3740095989875285 -0.001879077863186952 0.03243143963167715 0.9994721961064255 2.0702220012839767
0.999980904210004 0.0060422684349839845 0.0012969994226219204 162.39028444356134 -0.006000141451378063 0.999521624058887 -0.030340094615023492 0.37535123011885324 -0.0014797019653092843 0.030331733066950178 0.9995387918691546 2.075379759633723
0.9999757752478052 0.006943663581132611 -0.00048420411296354267 163.7402102538096 -0.006954211042814655 0.9996107995311098 -0.027016447019317023 0.3779986143931648 0.00029642254123610836 0.027019159810172142 0.9996348719091533 2.0938192867822893
0.9999701870094865 0.007622523459736335 -0.0012337861720480418 165.08745967334318 -0.007651551843598192 0.9996445414965132 -0.025539076150299798 0.37818221939315977 0.00103867540516605 0.025547755132924146 0.9996730632367119 2.1016494047963232
0.9999689704923749 0.007876935894096732 -0.00010923982884697428 166.42991156536772 -0.007877269850355206 0.9996752850827605 -0.024233716479451464 0.3737631997459597 -8.168307413936374e-05 0.024233825030771414 0.999706314400511 2.1228121054809903
0.9999701580752403 0.007720730115777214 -0.00027071287067252897 167.76736564217993 -0.007724938835834124 0.9996994273586348 -0.023267579564714275 0.36680686519883393 9.098879952340739e-05 0.02326897645572358 0.9997292365714535 2.134163715891469
0.9999706008078818 0.007235319210967289 -0.002539227409948627 169.14908896652994 -0.007284502067505854 0.9997749151303061 -0.019926241638048094 0.3637515773300736 0.0023944831493517894 0.019944152829959618 0.9997982282532525 2.1628770679865568
0.9999622648290118 0.006550676434115038 -0.005705922912978032 170.56528553888577 -0.006638657854975463 0.9998572185123615 -0.015539331086258885 0.36952734390674646 0.005603315082867499 0.015576624376909428 0.9998629764288219 2.188899870132785
0.9999556352769102 0.006375902200107912 -0.006933638949755255 171.9191861013615 -0.00645095840460558 0.9999202522333177 -0.010856993567293345 0.369614516878112 0.006863862878361768 0.010901240516237568 0.9999170217281003 2.2049826716440273
0.9999595990769571 0.006732931827062845 -0.005955488465537197 173.27053500617473 -0.006773189952569908 0.9999541735730623 -0.00676569668846644 0.3696078337513756 0.005909662572214125 0.006805761002712621 0.9999593779276518 2.234579722053157
0.9999653164361423 0.007457048589314083 -0.0037092251350779423 174.63579136226198 -0.007468687344229499 0.9999671981703353 -0.003133894178780685 0.375930617974215 0.003685733864541937 0.0031614885269850663 0.9999882101085861 2.264794613821614
0.9999707657996573 0.007490468907596927 -0.0015363663597702504 176.06109644020867 -0.007492989827376411 0.99997057954169 -0.001641692572791603 0.3742965430824566 0.0015240241119954855 0.0016531565567269107 0.9999974722087577 2.2887057265974593
0.999978164577339 0.0065765334620254265 -0.0006477469870124174 177.49152353778805 -0.006578671514227575 0.9999727292555726 -0.0033558644593244783 0.37010281128990813 0.0006256593675591116 0.0033600524972575013 0.9999941592817289 2.3122992811973115
0.9999865559013323 0.005145258343600096 -0.0006436871671500104 178.88701228245796 -0.005149137806250277 0.9999676594154493 -0.006177904421437013 0.3678422887848015 0.0006118794356603942 0.006181135799008182 0.9999807093958315 2.3250205498022574
0.999985919221292 0.0029949655258463405 -0.004380815066473319 180.22654941042592 -0.003029780239376474 0.9999637115907368 -0.007962156327192257 0.36116090228716263 0.004356809709951941 0.00797531712075174 0.9999587054103658 2.3440003879283537
0.9999614926288299 0.0014662270657181161 -0.008652366018284691 181.64454540650473 -0.0015055563089888208 0.9999885574766534 -0.004540728571757351 0.37248059453245663 0.008645609274254533 0.004553580344483364 0.999952258033514 2.379634512786426
0.9999536080518782 0.0009509327674698647 -0.00958527364776516 183.0386470911174 -0.0009615801930733369 0.9999989257718193 -0.0011062634133861473 0.3948951984889689 0.009584211368864845 0.0011154291009561434 0.9999534482716471 2.401831294494852
0.999962710188196 0.0006402316291820767 -0.008612104071530919 184.37038353570003 -0.0006221025192599592 0.9999975855289499 0.0021075874184161825 0.41150755537504213 0.008613432621981491 -0.0021021512152389612 0.9999606940968905 2.422314850811106
0.999984282518215 0.0008944297699519056 -0.00553486331514635 185.8049979105923 -0.000868085611577701 0.9999882931564633 0.004760249719721285 0.40639975424564373 0.005539056228429247 -0.004755370165377095 0.9999733523002943 2.453292622497439
0.9999946331570753 0.0013236444678525266 -0.0029969354963491597 187.1814774542519 -0.0013093429710516486 0.9999877711319461 0.004768983911332566 0.4144428096174318 0.0030032112863919223 -0.004765034300518163 0.999984137459232 2.4773926741812415
0.9999956400850619 0.0014546467515504297 -0.0025697886480118078 188.6265622318013 -0.0014448121963538168 0.9999916420203305 0.0038247100805426956 0.4202646858880353 0.0025753307718648167 -0.0038209805431513827 0.9999893838332006 2.4981133133195113
0.9999970141704346 0.001284203671367491 -0.00207905534938483 190.0398423808399 -0.001277067616331399 0.9999933019008994 0.0034300512590928916 0.4167792952502226 0.0020834463080859696 -0.0034273859232851716 0.999991956106255 2.527220400434583
0.9999980710101938 0.0014200794277193622 -0.0013569636364095241 191.39311492326294 -0.0014200909448865554 0.9999989916420405 -7.523985430841277e-06 0.41903669291488516 0.001356951583447516 9.450982689755574e-06 0.9999990792961156 2.5467512502690814
0.9999976151702801 0.0017902864888606005 -0.0012508109530821232 192.85175389583395 -0.001791801909516295 0.999997660875652 -0.0012114822085868753 0.4251865142508777 0.0012486391270502399 0.0012137205248622753 0.9999984838902597 2.573807806581722
0.9999973964978259 0.002212953504695875 -0.0005566276637583858 194.227068915128 -0.0022152851630525927 0.999988626124046 -0.004223758301481649 0.4228836729857311 0.0005472743520081335 0.0042249803939225965 0.9999909249745493 2.5933588320934
0.9999966002225806 0.00247169180902858 0.0008308326434335515 195.69033798162317 -0.0024638926089518907 0.9999540833569714 -0.009260691709073267 0.41721149673667873 -0.0008536840702309019 0.009258613142373275 0.9999567737188384 2.606323242861518
0.9999956221267551 0.002703744785445119 0.0012022859307566373 197.1121918764028 -0.0026877858768967777 0.999910801497015 -0.013082998764699642 0.4115321447685746 -0.0012375517783394954 0.01307971000184471 0.9999136911013188 2.6257588600527892
0.9999906947652003 0.0029768214773603346 -0.003122325560197926 198.50705622147257 -0.00301324583246884 0.999926699959201 -0.01172668146813805 0.41607082855612054 0.0030871884563544584 0.011735980683095447 0.9999263653013861 2.6455288707321127
0.9999644110720056 0.003170539049127813 -0.007818201299208167 199.9474575527127 -0.0032065891508243627 0.999984265737074 -0.004602832204488562 0.4316558331663537 0.007803484826332403 0.004627738154089667 0.9999588439851623 2.669960492845576
0.99995012112419 0.004679285491475231 -0.008823805925272874 201.38828549168815 -0.004634486500200277 0.9999763029195597 0.005090690936230822 0.44594877572092567 0.008847417623073565 -0.005049543208848763 0.9999481113111744 2.6903341524034206
0.999969501245845 0.0059980640644625525 -0.005001980169350619 202.8338048854002 -0.005941071410923908 0.9999181404423854 0.01133208210050151 0.4636648494506197 0.005069541263889315 -0.011302019364733325 0.9999232791117791 2.7123822893211753
0.9999726362322375 0.006883216398525215 -0.0027107413672869036 204.26814995989326 -0.0068478812300597726 0.9998941708025605 0.01283564247394523 0.4535492534523539 0.002798804996465804 -0.0128167284074769 0.9999139453790615 2.735758058597544
0.999976996152691 0.006416717958222672 -0.0021983848811349283 205.73674663927133 -0.00638911059110531 0.9999034107572166 0.012342950293168354 0.4491521742404122 0.002277373771607536 -0.012328620633697083 0.9999214062524988 2.7674093517658043
0.999984492259594 0.005138439891971392 -0.002147481268473804 207.16723018224974 -0.005118613025238434 0.999945143952411 0.009138319686341823 0.44253605638353044 0.0021943201725610306 -0.009127185846060114 0.9999559387480589 2.788840004119817
0.9999886712299173 0.00395033841764772 -0.00265560505545931 208.5984270780073 -0.003930220357459802 0.9999638600045213 0.007538703655128947 0.43503542831392517 0.00268528951257273 -0.007528181137838177 0.9999680573443281 2.8155292836871255
0.9999882960160643 0.003540679612586339 -0.0032971834600528083 210.08283965245883 -0.0035146412012224204 0.9999628564198911 0.007869757162627644 0.4406377863321639 0.0033249252795965476 -0.007858076638279546 0.9999635970891301 2.8344757545742816
0.9999886049772544 0.0034316497814886795 -0.0033186888106536364 211.5480717700466 -0.003401848446348627 0.9999542134182204 0.008944187738190237 0.443934375810784 0.0033492301791343613 -0.008932796142593083 0.9999544928696915 2.8615150420651556
0.9999911588215047 0.0032595767446498636 -0.0026565839474564906 212.9868665343019 -0.003232142146271998 0.9999420723695005 0.010266701638533935 0.448116652779807 0.0026898951597484158 -0.010258024411850508 0.9999437671185292 2.88038054019965
0.9999924580679328 0.002793932246946392 -0.0026977305004262024 214.41503904891567 -0.0027685719751809573 0.9999523708611279 0.009359007341992295 0.45895730028972975 0.0027237504422577587 -0.009351467895934634 0.999952564490796 2.9094370191045136
0.9999899272150651 0.0025922174197597512 -0.0036641339027927143 215.90125352415714 -0.0025561598440595125 0.9999486004499035 0.009811345734957757 0.4578082835953662 0.0036893787092840604 -0.009801880795436669 0.9999451543047806 2.932088112231118
0.9999886968508548 0.0023056497571748748 -0.0041581425813116395 217.3783294223836 -0.0022679919344514425 0.9999565799766712 0.009038494008646461 0.4608469355393661 0.004178801636180018 -0.009028961211363918 0.9999505065133619 2.957272812886556
0.9999900312458866 0.0016786125720955898 -0.004137592135962677 218.85926122395946 -0.0016413207984725385 0.9999581531110103 0.008999894046803455 0.45735561601634767 0.004152526325898371 -0.008993013213044304 0.9999509399157854 2.9815758603383498
0.9999881462999911 0.0015610344696150116 -0.004611987737652703 220.33915643282577 -0.0015108024164009995 0.999939722928502 0.010875108538736017 0.4645500705657287 0.004628686159827864 -0.010868011826243378 0.9999302283576482 3.014065840674053
0.9999880986155198 0.001440436088732472 -0.004661305738901163 221.82675270855535 -0.0013972821464615745 0.9999562604649546 0.009247959750507117 0.47010663306355044 0.004674422950527214 -0.009241336527694304 0.9999463722966654 3.034562465142495
0.9999866567962918 0.0010092537085637833 -0.00506632374873909 223.30043044278668 -0.0009548930034447934 0.9999420747593927 0.010720788461351285 0.4737936010220905 0.005076850276230297 -0.010715807614586079 0.9999296960578978 3.061295711814421
