1.0 8.809142651444726e-20 8.673617379884037e-19 -5.551115123125783e-17 -8.809142651444726e-20 1.0 1.7347234759768075e-18 0.0 -8.673617379884037e-19 -1.7347234759768075e-18 1.0 -5.204170427930421e-18
0.9999993011580781 -0.0003480319849955573 0.0011298482609536818 1.3160940844717768 0.0003481171165631284 0.9999999365833229 -7.515200288644408e-05 -0.058402083065748844 -0.0011298220340017183 7.554526988583102e-05 0.9999993588973364 0.018140396604628333
0.9999976844684006 0.0012037922336848642 0.001783799903291163 2.5652097675998258 -0.0012028053760217308 0.9999991230587825 -0.0005542029350592417 -0.11574037075546209 -0.001784465484192614 0.0005520560876714074 0.9999982554569841 0.031373844761168695
0.9999993763753086 -0.0006354471565380557 0.000918398554685751 3.9272031454374825 0.0006369052368454344 0.9999985359629441 -0.0015882139930307954 -0.03435275734883716 -0.0009173879840503895 0.0015887979354303249 0.9999983170587874 0.04944576222173136
0.999999752378029 -0.0002659527298186124 0.0006515466416672384 5.243782865663434 0.0002673768901455393 0.9999975734152411 -0.002186703735789905 -0.04452100714272992 -0.00065096350080625 0.0021868774028288495 0.9999973969034847 0.06323965365582249
0.9999992860140574 -0.0005705612712145835 0.0010499672429235313 6.576087668461524 0.0005731776261777209 0.9999967276233465 -0.0024932328426400022 -0.03339350800149659 -0.001048541264935108 0.002493832880238664 0.9999963406726953 0.06903669675052558
0.9999973469147027 -0.00040356639326619343 0.0022678839744991034 7.905164374668743 0.0004120064045363679 0.9999929873359903 -0.003722301648798594 -0.03015872180373492 -0.0022663658747397227 0.003723226155937057 0.999990500541237 0.09549922208277034
0.9999970717221991 -0.00041735761408440744 0.0023837700494773236 9.232024038171604 0.0004265077647742652 0.9999925388936378 -0.0038393030855449818 -0.02264046507525298 -0.002382149901539912 0.003840308539434524 0.9999897886439484 0.10960770857295521
0.9999981578243329 -0.0008085761008240486 0.0017408482500261043 10.555032841747751 0.0008145234191962636 0.9999938257344588 -0.0034183394448420914 -0.016796484059658168 -0.0017380735139871388 0.003419751109329258 0.9999926421743363 0.12105111412292228
0.9999996822323934 -0.0004871962798830799 -0.0006310110118622145 11.88710227135964 0.0004867911760385583 0.9999996754439348 -0.0006419862741941042 0.011591847259467913 0.0006313235803882865 0.0006416788995991046 0.9999995948392812 0.13677541098496798
0.9999978401318571 -0.0008166538421836429 -0.0019112320954953875 13.232995939187695 0.0008209377760437949 0.9999971503244734 0.002241741309895415 -0.004286934481981382 0.0019093959224501513 -0.002243305470655755 0.9999956608844743 0.1576889783760869
0.9999968475694221 -0.0007247171647959283 -0.0024040874046374226 14.577761526096404 0.0007371698488195456 0.9999862966541861 0.005182960974187371 0.017377014124427013 0.002400298279813889 -0.005184716856011337 0.99998367850645 0.16602705847444224
0.999999065129916 -0.0002523474833734275 -0.0013438973329875457 15.917691395521693 0.00026030011907814143 0.9999824385750157 0.005920708185074361 0.04474983861580016 0.001342379656425054 -0.005921052466617207 0.9999815694074293 0.19373269835367282
0.9999995254843378 -6.73364549899785e-05 0.0009718523041253007 17.264793428869126 6.35651339931921e-05 0.9999924705229802 0.0038800588681440454 0.02420703536082636 -0.0009721062559950434 -0.003879995251073409 0.9999920002911417 0.20730872961970956
0.9999927660208625 0.000265519462041005 0.0037943913029326068 18.62001157386961 -0.0002640278352091987 0.9999998876805795 -0.0003936091091900489 0.03594505940143685 -0.0037944953876277 0.00039260443690831477 0.9999927238067833 0.23404518042819503
0.9999988131289042 -0.00019445545768973996 0.0015283742532211035 19.9713090181187 0.00019804497674613658 0.9999972219871619 -0.002348786100479145 0.025685048100184456 -0.001527913273101623 0.0023490859996162503 0.99999607363029 0.25485297704139914
0.999999782665782 -3.9990539066245196e-05 -0.0006580798928529669 21.32700407381317 3.76430807767177e-05 0.9999936383880851 -0.00356675852257294 0.03611922285139691 0.0006582183430001163 0.0035667329752397015 0.9999934225606167 0.25603775791067634
0.9999979026036122 0.00023349194133755706 -0.0020347653156356383 22.68536576814262 -0.00023603879012975984 0.9999991889952968 -0.0012515168549371916 0.028386281099967766 0.0020344714463313212 0.0012519945135535616 0.9999971467137655 0.2949734274501102
0.9999993398952297 0.0008672179152919464 -0.0007537520761398944 24.049801160787208 -0.0008664927855867835 0.999999162044427 0.0009618215512077797 0.04101777831546437 0.0007545855534096628 -0.0009611677955686892 0.999999253378277 0.2890838045784264
0.9999910269679444 0.0020103550524750223 0.0037288679460227027 25.423930568201992 -0.00201620089404946 0.9999967434288491 0.001564629557256057 0.0686554314920851 -0.0037257103417632424 -0.0015721336646714477 0.9999918237056689 0.31065363471720425
0.9999878103936908 0.0020462657356587026 0.0044935354200127875 26.79455857554654 -0.0020463971056148473 0.9999979058237419 2.463770992073613e-05 0.04346429646047776 -0.00449347559445598 -3.383296747424381e-05 0.9999899037152387 0.3221883661968188
0.9999920027865863 0.0021009722008780464 0.003402980852566675 28.170193181703223 -0.0020858142488815114 0.999987915546555 -0.00445175693129364 0.06149907709119442 -0.003412292746960702 0.00444462334369244 0.9999843006675363 0.34572796399640104
0.9999979617411509 0.0018616016112294282 0.0007816348156205339 29.542370948672733 -0.0018578987135466551 0.9999871740916608 -0.004711673221353616 0.05150340134414333 -0.0007903960489044924 0.004710211419425574 0.9999885945261928 0.3411073364565526
0.9999961799454679 0.0025615050115063366 -0.0010386464978706439 30.91200604079254 -0.0025661399220430143 0.9999866455039926 -0.004485949127291554 0.06146347647469506 0.0010271418460992153 0.0044885973029643355 0.999989398680746 0.3835303271166904
0.9999933614688018 0.0029191584728555106 -0.002180718261629519 32.30874717864001 -0.0029239516247378137 0.999993309575841 -0.0021980242156591596 0.06552555412861605 0.0021742872906866943 0.0022043859387110166 0.9999952065672169 0.37768688460437205
0.999985648227869 0.003382966106719672 -0.00415438065293493 33.69108872143197 -0.0033843378781451615 0.9999942208784711 -0.0003232132209065032 0.07734493406540909 0.004153263224892689 0.0003372684100279681 0.9999913182896161 0.4138577559773949
0.9999848886833856 0.003536288722445582 -0.00420916463784569 35.072943331302035 -0.0035361787019394025 0.9999937471367275 3.3580271725436924e-05 0.07929418491692633 0.004209257068050917 -1.8695405938012483e-05 0.9999911408634663 0.42308507815595575
0.999992065662412 0.0030828653040992355 -0.0025228067185102737 36.475909019107824 -0.0030825187726427924 0.9999952390538309 0.00014123628363309118 0.069701278052138 0.002523230120001784 -0.0001334585639471799 0.9999968077441913 0.45630662450669884
0.9999942386023947 0.003088510529182738 -0.0014084973298313516 37.87342655447644 -0.0030869384730826126 0.9999946116196947 0.0011169343934309662 0.08480857954584868 0.0014119394039465974 -0.001112580013731136 0.9999983842951111 0.47196925205381224
0.9999958163854077 0.0026862429583911582 -0.001072991356282024 39.277008961885855 -0.0026823192932659084 0.999989771882353 0.00364160594910952 0.08510747535952652 0.0010827626199382285 -0.0036387126086172687 0.9999927936718649 0.4944437439483811
0.9999949250115172 0.0029862385232872156 -0.0011101039104743262 40.675788005271784 -0.002979620213797676 0.9999780583212726 0.005916480321847108 0.08739243236058972 0.0011277475743903392 -0.00591314260772655 0.9999818813008109 0.5147773755565044
0.9999944568796518 0.0032161706467293497 -0.0008616590632395157 42.07851600411998 -0.003209196266933907 0.9999630351632866 0.007976801761860728 0.10221938353246778 0.0008872819678342158 -0.00797399231243945 0.9999678135706722 0.5307929980134659
0.9999953844140319 0.002911071318414311 -0.0008699508098077546 43.477007938046285 -0.0029022275501824507 0.9999457888711346 0.009999819704932935 0.10763214190737219 0.0008990138371246421 -0.009997248754697895 0.9999496221267635 0.557979151318961
0.9999966074760451 0.0024663931992519967 -0.0008378191853259979 44.902331955473514 -0.0024597267233320893 0.9999660302552377 0.007866897738457586 0.11665419473514564 0.0008571935879034582 -0.00786481024357909 0.9999687044997885 0.5623826000650912
0.9999978851449918 0.0016069757031094908 -0.0012834853459990359 46.310149811347316 -0.0015965710359322404 0.9999661877208901 0.008066869025642031 0.10740738048607412 0.0012964052109586568 -0.008064802789855205 0.999966638588253 0.5953474455690401
0.9999994365528027 0.0006290323660781849 -0.0008551095599151611 47.72520081280535 -0.0006227610025829881 0.9999730542039181 0.0073145768723408685 0.10759906461119603 0.0008596876239042013 -0.0073140402220761794 0.9999728825087304 0.6138351869966234
0.999999937372484 -0.00031007580846629753 -0.00017061072948985575 49.134942812132074 0.00031135926080803867 0.9999712622475435 0.007574809203235688 0.11410252491909745 0.00016825706143327397 -0.0075748618500748235 0.9999712961668018 0.6391066695727968
0.9999991560542982 -0.0012972820482256243 -7.035608437649567e-05 50.56051832870841 0.001297813070901047 0.9999658500976405 0.008161759598029046 0.12309064665320657 5.976557751462756e-05 -0.008161844018993034 0.9999666898103583 0.6553866686669269
0.999997335536923 -0.002307715387562603 -5.804088721913975e-05 51.9994582687133 0.0023081076255370425 0.9999649792572591 0.008044432746828058 0.13681002369351314 3.947459335009239e-05 -0.008044545277348414 0.9999676413429772 0.6643857279122718
0.9999934771237556 -0.003510605554997362 0.0008493283099360692 53.40891882859914 0.003503014758089746 0.9999553223623182 0.008779645031373927 0.1411080871039791 -0.0008801122345716113 -0.008776612553231748 0.9999610974805695 0.6936478770756929
0.9999893317532642 -0.004266170530521672 0.0017709231108636195 54.86575956332047 0.004252429742608152 0.9999613766766741 0.007691683572209859 0.15258888096599163 -0.0018036687457135825 -0.007684070789323189 0.9999688504324324 0.7113527576767449
0.9999857013404961 -0.004869681366516334 0.0022098230572936677 56.26974179780727 0.0048568101767381055 0.9999714259067809 0.005792992738334669 0.15890434197994366 -0.002237969942397864 -0.005782177215190541 0.9999807787738668 0.7310102843902015
0.9999850267122179 -0.005260889936901543 0.0015064489491905856 57.694917765923776 0.0052559758112615765 0.9999809135738843 0.003247646257052985 0.1784234688512397 -0.0015235057059763662 -0.003239679769873118 0.999993591682143 0.7453874855249601
0.9999838645663021 -0.005399786672137896 0.0017643443368886233 59.166331972061734 0.0053953858173273975 0.9999823455972039 0.002489639692131025 0.18753405794667352 -0.001777756711671023 -0.0024800802023027097 0.9999953443807947 0.7642815315769832
0.999984966413607 -0.004912593362168322 0.002435851644777092 60.56274015530805 0.004910301744675556 0.9999874970489736 0.0009458765803659199 0.19985511095050962 -0.002440467896453406 -0.000933901593867512 0.9999965859663019 0.7851398307917237
0.9999853767196234 -0.004403257783730201 0.003139692310210892 62.018411552942815 0.004405197116091808 0.9999901103886794 -0.0006110345369992135 0.211811929670875 -0.0031369707172931075 0.0006248565651802159 0.9999948844714116 0.7975991351040306
0.9999870958261643 -0.0040404767854616205 0.003079403919558871 63.41012839835814 0.004047550339549733 0.999989176719254 -0.0022942930495887222 0.21600045352709762 -0.0030701005524998103 0.002306727486012602 0.9999926267182688 0.816497254512633
0.9999913896154715 -0.0036406467008692146 0.001991578900718286 64.83258828499294 0.0036464342630623974 0.9999891172245516 -0.0029101459803887574 0.22035827438195865 -0.001980962413449771 0.0029173830844540036 0.9999937823125977 0.8368967652610271
0.9999939626223753 -0.0029938706153387275 0.0017639324074285364 66.28396921984576 0.0029991796667186528 0.999990957718497 -0.0030148636071339685 0.22330850268531144 -0.0017548903458925041 0.0030201357554737115 0.9999938995513384 0.8619932638102982
0.9999965045562587 -0.0021713210089270747 0.0015087214258576991 67.66005120747106 0.002173862780046123 0.999996217328114 -0.001685126130882519 0.2443654258450039 -0.0015050567690889005 0.0016883999939720613 0.9999974420515195 0.8815125798412148
0.9999957410605712 -0.0015719450781123813 0.0024590342393753352 69.12608417830074 0.0015692871233730517 0.9999981828182588 0.0010824500471032633 0.26077811632619063 -0.0024607313228870616 -0.0010785865062462928 0.999996390719739 0.9032097779165437
0.9999923317019427 -0.0008563698108259727 0.003821409171892677 70.4841526481063 0.0008387204071024278 0.9999889862955622 0.004617773884937765 0.27436506059089993 -0.0038253216061698036 -0.004614533380614899 0.9999820363367977 0.9200846031456493
0.999988548898065 8.925769720575623e-05 0.004784778553494013 71.94212922600173 -0.00012984553738582737 0.9999640097651172 0.008483060450401472 0.29331608399667086 -0.00478384916974895 -0.008483584592154083 0.9999525706650235 0.9361831198470288
0.9999911744473625 0.0005659735841606431 0.004163015888354406 73.29179161990224 -0.000617462183232161 0.9999232084913507 0.01237723154889743 0.29899282611151246 -0.004155691017982093 -0.012379692817868142 0.9999147330837256 0.9476536692826052
0.9999931242043457 0.0011094628324677907 0.0035384511096442713 74.683094372291 -0.0011650966096729666 0.9998751321928787 0.015759523221319592 0.3131548189109692 -0.0035205246657421373 -0.015763537499449653 0.9998695498871747 0.9636926485917893
0.9999919073188275 0.0018269746595233414 0.0035843354261290003 76.14834513607457 -0.001890336357485306 0.9998405916942589 0.017754374923651603 0.3176977223121264 -0.003551327260210326 -0.017761006842729365 0.9998359538997501 0.98092828923295
0.9999890304519958 0.0023256505267472503 0.0040657502757514554 77.50984765828163 -0.002399720734177365 0.9998294936921622 0.018309147540844072 0.33610074859527544 -0.00402247636106069 -0.018318703363007918 0.9998241069263247 1.0043549064678121
0.9999890483763245 0.002454787820000458 0.003984613428143748 78.93462010536273 -0.002526879488247149 0.9998313650332773 0.018189457818888994 0.3368572626629859 -0.003939290223484669 -0.01819932725273227 0.9998266182094189 1.0303366549028323
0.9999934486592835 0.0022452708717207812 0.0028392599784870286 80.28663333508963 -0.002291803689770115 0.9998613477057986 0.01649342292526819 0.3362399319128724 -0.0028018341065081005 -0.016499821897729937 0.9998599429935089 1.0341478287229429
0.9999938535006435 0.002119369926259586 0.002793068572220402 81.65169813958236 -0.002166518854471012 0.9998533599756831 0.01698719345242775 0.34368340453946233 -0.002756656849642424 -0.01699314027637767 0.9998518060325544 1.0613757700814317
0.9999939561535551 0.001614014705151803 0.0030793851485499423 83.08540283725034 -0.0016642303522181805 0.999864539444991 0.01637477015993815 0.34418868119258617 -0.003052538893497012 -0.016379795999572122 0.9998611825095103 1.0794111303338607
0.9999962261988408 0.0011078808039424936 0.0025139984489063 84.45022096276483 -0.0011464151796228238 0.9998810850263841 0.015378606526502256 0.35300834466899156 -0.0024966618338849813 -0.015381430576682493 0.9998785817653572 1.0944247834285084
0.9999963473722034 0.0005972078207152621 0.0026360168949158404 85.85266478567303 -0.000637476839060967 0.9998827119822589 0.015302153517814172 0.36625951996622513 -0.0026265691559648795 -0.015303778024460767 0.9998794404890256 1.1097102399462426
0.9999936864494422 -0.0005421628581415405 0.0035118543093608104 87.20719187775322 0.0004905002126894479 0.9998919005265628 0.014695124052539275 0.3689892590524383 -0.0035194418302162494 -0.01469330870884494 0.9998858535894937 1.1359781835172604
0.9999883063063295 -0.0017508860071889496 0.00450795394700605 88.58587527713924 0.0016932492856376222 0.999917182455107 0.012757787343296804 0.3715265620491585 -0.004529918040669739 -0.012750005067839243 0.9999084544163604 1.1499616810156754
0.999983324113449 -0.0028104495676481802 0.005045083571610995 89.96463864577257 0.002756411556748071 0.9999391016962372 0.010686210471994645 0.38101203712549647 -0.005074809390179958 -0.010672125943299604 0.9999301735808874 1.1670787683818216
0.9999808826843739 -0.0036997489366259865 0.00495440446335325 91.32013567454268 0.003653191736951242 0.9999493951248105 0.009373440118698095 0.3815258495099261 -0.004988833121445423 -0.009355161534237807 0.9999437946688577 1.1793018147336196
0.9999801160848015 -0.004111684134059823 0.004781368905300115 92.69199087619366 0.004072447489674457 0.9999581921099714 0.008187136471398295 0.39816840262092046 -0.004814831925487567 -0.008167501805275383 0.9999550536438077 1.195648489536341
0.9999825455839962 -0.004207232574767633 0.00414821906517541 94.06971152636427 0.004174706255635231 0.9999607186550585 0.007818757864151017 0.40985561901294776 -0.004180951450331694 -0.007801303796217489 0.9999608288848364 1.2225370233843422
0.9999830084719875 -0.004387993908974345 0.0038377437079321823 95.42895520826742 0.004359214146338452 0.9999625554538403 0.007475623201570821 0.41982428959725393 -0.003870402994435041 -0.00745876663264814 0.9999646927671898 1.229990472183058
0.9999875002314076 -0.004083596685718101 0.0028850682919285705 96.77115891667852 0.004061053394554768 0.9999615130931183 0.007776900272479329 0.4238781812070295 -0.002916714978751728 -0.007765086646645097 0.9999655975097858 1.2481900454199075
0.999989791728738 -0.003854071777997077 0.002358509920463106 98.10947748722089 0.0038331622372577362 0.99995387262863 0.008806786148679876 0.4390836386022979 -0.002392343114550607 -0.008797655695454609 0.9999584381106479 1.2708019053301747
0.999990887274481 -0.0035379546544998526 0.0023891933490003403 99.49015212272478 0.0035157582481474214 0.9999512083001744 0.009231492997444865 0.4584136508499492 -0.0024217373798139236 -0.009223009047159881 0.9999545346125388 1.279606452341546
0.9999864501969389 -0.003559730240457237 0.0037983869129429868 100.82284012547271 0.003521252923854195 0.999942905167396 0.010088963437061645 0.4629259528158874 -0.0038340840329198025 -0.01007545165257085 0.9999418908484758 1.3026760847186258
0.999980038959682 -0.0035847226216562324 0.0052030227674530714 102.18693548869585 0.0035300427017561004 0.9999388453155154 0.010480669234247243 0.48081108289118046 -0.005240274870331464 -0.01046209313663878 0.9999315397198368 1.3174169633591553
0.9999855684764393 -0.003405777257931264 0.004154939244105616 103.52107929057098 0.0033655739941376847 0.9999478226837328 0.009644937623023013 0.48935352987816527 -0.0041875709597372635 -0.009630814676411279 0.9999448543085393 1.3375794099361795
0.9999938013697932 -0.003139677273998665 0.0015936274990309607 104.84648214167565 0.0031232503550574207 0.9999430217303964 0.010207771544444227 0.5067350534288911 -0.001625585805229935 -0.010202730972591011 0.9999466294515377 1.346985008071109
0.9999937814034504 -0.003474825558962706 0.0006022804687937935 106.19150709969867 0.003468722082382001 0.9999454231576141 0.00985488068194373 0.5213434495897525 -0.0006364915895017218 -0.009852730254854832 0.9999512581046046 1.3668330739518244
0.9999939869945277 -0.003165994851858604 0.0014150799929536322 107.49164419004556 0.0031556678646310855 0.9999688013175865 0.007241419183917455 0.5299819267804384 -0.0014379621401787754 -0.007236910118764629 0.9999727793279256 1.3899581939554062
0.9999904265913019 -0.0026218273110622265 0.003503248106674107 108.83463199381866 0.002604300135899076 0.9999841169267069 0.004998351239816688 0.5313598795100188 -0.0035162972781184972 -0.004989179879037154 0.9999813716952864 1.4029946005445566
0.999990448325733 -0.0017699931493231895 0.003996295978889113 110.21127512770356 0.0017580466298441164 0.9999939817732983 0.002990934508088433 0.5428887585247772 -0.004001565861863336 -0.002983880264978712 0.9999875418870064 1.423249734582888
0.9999948257435374 -0.0010805870802706103 0.0030299864214816718 111.51781063394832 0.0010724187331577278 0.999995790293945 0.002696166250300757 0.5524766576646598 -0.0030328871085458227 -0.0026929028854455017 0.9999917749010921 1.4406354076600854
0.9999995153181873 -0.0003849129465497312 0.0009062038480135284 112.8348044565504 0.0003814525574146909 0.9999926476809466 0.0038156359884657124 0.5593685003938478 -0.000907665873004992 -0.0038152884653209805 0.9999923098287253 1.4516457064970834
0.9999990578690665 0.0007771990490853318 -0.0011314692295429148 114.12867009436383 -0.0007691643855446627 0.9999746102934233 0.007084289284349131 0.5610668758511768 0.0011369464047664177 -0.007083412324186351 0.9999742659802393 1.476006778247913
0.999996415056672 0.002213207591517007 -0.0015071781450590183 115.48641023613035 -0.0021991058956626433 0.9999543860795489 0.009294605614654785 0.5781620152982911 0.0015276802884615147 -0.009291257849675787 0.9999556683776072 1.4894694511094746
0.9999937436123189 0.003537199004659821 -3.097453088945492e-05 116.83088687603204 -0.0035366822422895463 0.9999391518384559 0.010449138687311139 0.5905446679666483 6.793332911050498e-05 -0.010448963766375215 0.9999454057803716 1.5109705398442805
0.9999870539886512 0.004445723596758715 0.002475357913433152 118.2022309253266 -0.004469614603759053 0.99994266209626 0.009731138943535738 0.5904925987931502 -0.0024319540275747754 -0.009742076859979949 0.9999495874983207 1.52632430559891
0.9999810851878369 0.00529655251139058 0.003126627264340866 119.50234452319529 -0.0053276455811781965 0.9999355909539183 0.010021483732427918 0.5900243326421464 -0.0030733465664304666 -0.01003795173987438 0.9999448955146231 1.5453810378484538
0.9999768561919085 0.006349858490049912 0.002442616978468714 120.83179585834236 -0.006375205687864 0.9999244122543698 0.010513159857562767 0.5876818171080324 -0.0023756752691790764 -0.010528488728662995 0.9999417518496294 1.5626970528184663
0.9999675182335587 0.007789416943441098 0.002070618627044445 122.19234796115431 -0.007814222768348058 0.9998943748214024 0.012254677598511133 0.5822787338252876 -0.001974943124259905 -0.012270459820155578 0.9999227647250851 1.58288937830324
0.9999588913447428 0.008898421067264765 0.0017417586234946764 123.4937506967646 -0.008920975749023449 0.9998704077481663 0.013400891806177938 0.5863074737929895 -0.0016222861271042778 -0.013415879099977388 0.999908687018818 1.5884759369080783
0.999948167692242 0.010144781210135727 0.0008633325699016571 124.84739433761574 -0.01015641013339001 0.999839727496302 0.014743359634863238 0.5839879527441376 -0.0007136260436311209 -0.014751363812170692 0.9998909380545213 1.6080499729780315
0.999938423509903 0.011096660063341464 0.00011542949501448926 126.18944475645918 -0.011097076588694606 0.9998078974449695 0.016156209266230175 0.5769872810293597 6.387264142599258e-05 -0.01615649535351706 0.9998694732704752 1.6259434164278834
0.9999276485943042 0.012028066962592936 -0.00015225573650227276 127.52251330707524 -0.012024172446268206 0.9998034353615082 0.015764197293519477 0.570731120295343 0.0003418386290664475 -0.015761225982453986 0.9998757257288936 1.650275495046299
0.9999140336688771 0.013101718563923191 0.0005198487351546177 128.83276816314597 -0.013108254065341343 0.9997914373027815 0.01566063764335737 0.5679952787028716 -0.00031455904716541866 -0.015666105665092078 0.9998772295566571 1.6664109550362964
0.9999033078415919 0.013827075422987872 0.0014788349095793375 130.23723370680744 -0.01384679250886077 0.9998021981629782 0.014276935444738634 0.552031234368718 -0.0012811341301140408 -0.014296032097182835 0.9998969857748432 1.6845319954436748
0.9998963954441589 0.014254630135805852 0.0020009741302290146 131.52580543536828 -0.014278166020880062 0.9998225668151421 0.012286938685479877 0.5334942467556185 -0.00182547332455343 -0.012314235943489616 0.9999225106178325 1.7020859263383217
0.9998984562505976 0.014106272537379795 0.0020224398069849064 132.90289916177036 -0.014127713133652445 0.9998395699262912 0.011011000464190904 0.5237417451896984 -0.0018667911733605078 -0.01103845481534226 0.9999373318393531 1.7234222764164022
0.999897032022242 0.014069343283567699 0.0028247004585695745 134.22004157832347 -0.014093871613886306 0.9998614220932489 0.008859988295543844 0.5047900993718291 -0.0026996548006744292 -0.008898886966076859 0.9999567599025081 1.7339764614126385
0.9999057737862681 0.013487845476131214 0.002553737123624036 135.55779753131728 -0.013506554994013372 0.9998809789993529 0.007456594899097527 0.4859653641030841 -0.002452859775499057 -0.007490384483293333 0.9999689383271934 1.7537591850877086
0.9999215778348733 0.012263697060210705 0.002537698688307073 136.90330694302588 -0.01227885465638679 0.9999063323539524 0.006046176212653689 0.4782744008789848 -0.0024633125145999244 -0.006076862091779781 0.9999785016881977 1.767966743471415
0.9999324194064436 0.01113574113207686 0.0033394444770554065 138.2878325577686 -0.011144640211301233 0.9999343633942407 0.0026581756742591425 0.46908537024001956 -0.0033096245310626775 -0.0026952129403716987 0.9999908910648483 1.772822592158211
0.9999422418839341 0.010130803109672223 0.0035888333041363047 139.57918120381177 -0.010141134717330047 0.9999444517629843 0.0028724162424019284 0.4546769744703536 -0.0035595340673725186 -0.002908645179066497 0.9999894346944098 1.7975841937354884
0.9999559100122711 0.008812791726127365 0.003242334579047375 140.9427351928816 -0.008821015464022433 0.999957891315045 0.002530866047847472 0.44675532258932554 -0.0032198940532356607 -0.0025593551454557908 0.999991540955985 1.812258278811194
0.9999656656447218 0.007726380717225358 0.002995091437861974 142.24291333360412 -0.0077342248632923894 0.999966667747793 0.0026163255032642893 0.448312263143276 -0.002974776877800378 -0.002639400384081483 0.9999920921028025 1.8309800870570896
0.9999746213189078 0.006726352278224547 0.0023479572262303603 143.579795084763 -0.0067329231446168055 0.9999734080554451 0.002801950732447605 0.43740178985950023 -0.0023290478817893107 -0.0028176882381845867 0.9999933180621543 1.8401775825818079
0.999981595681643 0.006059729930805566 0.00029659932653233636 144.96070372810547 -0.006060427560756762 0.9999787298803479 0.002410602552732692 0.42180588342792413 -0.0002819854173891017 -0.002412355705968898 0.9999970505077364 1.870015973138761
0.9999880632429865 0.00465398296589228 -0.0014878891403668146 146.25975272737827 -0.004658769385834507 0.9999839319894064 -0.0032298035258860208 0.43680291414757144 0.0014728337823556928 0.003236696704882788 0.9999936772575565 1.8967946327911278
0.9999904813433447 0.003804511144891218 0.0021360986995432214 147.65320826515583 -0.003776619414903323 0.9999094923073716 -0.012912952389334369 0.41941339972006536 -0.0021850328374573716 0.012904762243553325 0.999914342702882 1.902159057752545
0.999991889316226 0.0022020989179992547 0.003372248822399128 148.98247342609935 -0.0021360227239402333 0.9998080835315007 -0.019473918763064625 0.4097677591671862 -0.0034144851277515824 0.01946655761615227 0.9998046781376296 1.9144219544242158
0.9999990382132701 0.0012881962959699858 0.0005139288257619564 150.2682208782601 -0.0012757837462116087 0.9997239012316269 -0.023462601774938197 0.38293001786580155 -0.0005440113673464262 0.02346192354687654 0.9997245831703412 1.9353962522248083
0.9999938064212969 0.0013928257224953542 -0.0032322059885824023 151.70523922356264 -0.0014649608995070946 0.9997474853231133 -0.022423636629104512 0.4058345009421871 0.003200157591242659 0.022428232801938668 0.999743333743603 1.9555123420293903
0.9999828508211758 0.0020930811679729542 -0.005469650334208681 153.03095656315176 -0.0021925089722398218 0.9998313105712958 -0.018235769950606003 0.42091476825760615 0.005430558715351493 0.018247449479558888 0.9998187533845972 1.978219612933996
0.999980919035689 0.002965481142586675 -0.005419177625058339 154.40237268734865 -0.00304962928954895 0.9998738783134533 -0.015586122917839434 0.4233960632224691 0.005372273795637679 0.015602352002394935 0.9998638433738156 2.0223876158034346
0.9999908325708602 0.0036724880053689672 -0.00220172797777395 155.68051516969027 -0.0037211219095918077 0.9997397472041292 -0.022507578989261392 0.41158309430409307 0.00211849615804403 0.02251556555084296 0.999744247936418 2.0214539354928838
0.999990647702782 0.004223540011835398 0.0009307076548844599 157.01126812095578 -0.004193660768399796 0.9995394237422033 -0.03005584127027093 0.39157374213891866 -0.0010572210412300336 0.0300516571069311 0.9995477878464828 2.0357133365978104
0.9999897497320154 0.004204565138548179 0.001679899668690664 158.38348533433341 -0.004151622345259329 0.9995302530238303 -0.030365067462794836 0.3844632169135704 -0.0018067824449847592 0.030357781903713642 0.9995374633374594 2.0654944265004276
0.9999892729116876 0.004120251626180584 0.002116031212301282 159.71550057011987 -0.004047091806268627 0.999430972350417 -0.03348660261375537 0.38036307874656256 -0.0022528003609086906 0.03347767962743073 0.9994369264027105 2.087105035068131
0.9999846842656425 0.005114974396833907 0.002113828532053627 161.11264943771636 -0.00504394394601305 0.9994641145806056 -0.032342577124829214 0.3806745871406154 -0.002278127216085327 0.032331419741882375 0.9994746066978698 2.09475235000514
0.9999786769194511 0.006272626988430377 0.001816550876811613 162.41833085188705 -0.006216297262570498 0.9995451141945481 -0.029511393361735878 0.3818369867746389 -0.00200083851606988 0.029499471867675275 0.9995627933275433 2.1062435971128073
0.9999743693503478 0.007158274387143803 -0.00014053530778913707 163.794289220679 -0.007159497213339339 0.9996300326921274 -0.026240033147628378 0.3865089462632361 -4.7350042878819363e-05 0.026240366760676398 0.9996556611705045 2.123581992559458
0.999969348303244 0.0077456958412059525 -0.0011430878884987079 165.14161491715683 -0.00776901610259076 0.9997268170192952 -0.022043904401581233 0.38764906860454174 0.000972030237694851 0.022052109386720625 0.9997563501317773 2.13877910911672
0.9999669219867671 0.008131862281353836 0.00016657775403281348 166.50503951796898 -0.008126600573542 0.9997482799612731 -0.02091255789218899 0.38252530473055574 -0.00033659386380423744 0.020910512435450838 0.9997812946711184 2.1604862445785513
0.9999688613752133 0.007888936397322053 -0.00020239189272220766 167.8681199486854 -0.007891364029653257 0.9997860580725806 -0.019119739994104348 0.3817502125949896 5.151417986376071e-05 0.019120741779796772 0.9998171805785694 2.1793236443352764
0.9999698365787345 0.007418570603346135 -0.002300161494800457 169.1711683947189 -0.007459229886157316 0.9998064862807967 -0.018203018440696946 0.3739185666703964 0.0021646760044985083 0.018219626808748418 0.9998316655201241 2.1846697820569227
0.9999616270674759 0.006828963711056128 -0.005487225819955839 170.61130921921526 -0.006901980867656911 0.9998863966488053 -0.013399867789297934 0.37610599722904203 0.005395095241847865 0.013437226324701273 0.9998951614524545 2.2208437205051053
0.9999550209580497 0.006672248570633082 -0.006740709146537572 171.9622751296336 -0.006723957772902735 0.9999479180180265 -0.007677867105017388 0.3777766381422754 0.00668912943922835 0.007722846005571519 0.9999478052363131 2.2507617684010763
0.9999596082972435 0.006939692923373242 -0.005711605391877944 173.31050269021299 -0.006972521006432921 0.9999591719156261 -0.00574790854399938 0.3815249516156947 0.005671483477724105 0.005787500664761323 0.9999671690166718 2.2581398890314874
0.9999644290654472 0.007692049878316695 -0.0034601983300926362 174.70915862744297 -0.007694575010672716 0.9999701392347482 -0.0007170454959324051 0.3857436940257061 0.003454579456202843 0.0007436447455567002 0.9999937564171454 2.2953932781164084
0.9999688654415968 0.007770068555463729 -0.0013762928790597327 176.1043052574614 -0.0077697001950676955 0.9999697782151122 0.0002727916752288233 0.3851590709217085 0.0013783708950502868 -0.0002620897989295784 0.9999990157008222 2.3217783284071043
0.9999754923953112 0.006987280354410925 -0.0004387732942218202 177.49281913652698 -0.006987973989582889 0.9999743042058127 -0.0015997336096122271 0.3744503729199405 0.00042758423237082257 0.001602760540340661 0.9999986241642409 2.34227739955267
0.9999856352314027 0.005359816515418086 -4.12039946575423e-05 178.8698473294455 -0.005359962613218447 0.9999702516749082 -0.005546761758501325 0.3701612541890145 1.1473143627409289e-05 0.005546902932423079 0.999984615749775 2.3520155797983113
0.9999863013616905 0.0033456686638108474 -0.004025368325790424 180.22483573868027 -0.003371494898715819 0.9999736676183164 -0.006426281360216588 0.36065933436732567 0.004003762120083545 0.006439764837688415 0.9999712492455576 2.3783415711454237
0.9999630650045986 0.001650497365394786 -0.00843471902648288 181.61797293170386 -0.0016778868714424906 0.9999933396696427 -0.003241189905164004 0.3799089725555952 0.008429313273068477 0.0032552226961486035 0.9999591742681012 2.403728843234744
0.9999523705375736 0.0011897228811211529 -0.00968716758156153 183.0194014355464 -0.0011922638044010645 0.999999256350154 -0.0002565271130237179 0.39500626999569616 0.009686855181524857 0.00026806455404989 0.9999530453866756 2.4195606780883727
0.9999654099884395 0.0008691733206149943 -0.008271841656535656 184.37610433490588 -0.000834759184138013 0.9999909865152118 0.004162939518927992 0.40940864864795407 0.008275385414381898 -0.004155890527009379 0.9999571223658397 2.454846848821041
0.9999846885997663 0.0011143337645989834 -0.005420408313916933 185.8041443292339 -0.0010816141925356194 0.99998120090309 0.006035557236294717 0.40795045134573493 0.0054270320403523205 -0.006029602032900567 0.9999670950699117 2.4793613340263723
0.9999941060478111 0.001513705412070666 -0.0030816498121321533 187.20343003625163 -0.0014992691317832164 0.9999879176739599 0.004681527332832001 0.4159363114532554 0.0030886990318948464 -0.004676879517695435 0.9999842932447827 2.49370873961107
0.9999952403861135 0.0017618605076847639 -0.0025327954260751713 188.6129235397124 -0.0017431046815903945 0.9999711860029383 0.0073884199898149976 0.4229442108104589 0.0025457398115094503 -0.007383969896223913 0.9999694976334946 2.531619050197549
0.9999971835513213 0.001548681611349503 -0.001798464537246805 190.0191503228683 -0.0015388692343184637 0.9999839939692469 0.005444601619308503 0.42071962607388713 0.0018068677053770601 -0.005441818683122084 0.9999835607841338 2.5542871977683625
0.9999980275469307 0.001626224372133794 -0.001140305458809952 191.40123112263197 -0.001624386049707269 0.99999738268477 0.0016112087298741724 0.41236019294036824 0.0011429226611762238 -0.0016093532555608722 0.999998051853047 2.570514888725762
0.9999976049218691 0.0019382537253543844 -0.001016524973525334 192.81023948504372 -0.001938033349283641 0.9999980983075557 0.00021773380422022084 0.42129559769182484 0.0010169450637646375 -0.00021576322343167618 0.9999994596343383 2.5961174276294368
0.9999972330597596 0.0023410315201841526 -0.00023118011640036842 194.21616935419155 -0.00234174965596865 0.9999922760797273 -0.0031565787547903753 0.42013322210891557 0.00022378868042267281 0.003157111386683644 0.9999949912706155 2.614678408471359
0.9999955325753259 0.00271605916805387 0.0012481394096907662 195.6125462858306 -0.0027054028520570577 0.9999605404761281 -0.008461577045551913 0.40520404753620104 -0.0012710723026146994 0.008458162524175096 0.999963421261956 2.6265254657821435
0.9999944606040103 0.003032943152478409 0.0013711371661105183 197.09826593831912 -0.003015599474367209 0.9999175868929451 -0.012479005649489366 0.40610363588798476 -0.0014088722811708184 0.01247480172281811 0.9999211940952506 2.640942516195451
0.999991173346026 0.0031550871018210633 -0.002774645097664701 198.53654246942256 -0.0031844854305533203 0.9999381573573412 -0.010655539092317102 0.4147967753742904 0.002740854352326301 0.010664280856449097 0.9999393785781386 2.6611328970052543
0.9999628752871719 0.003629770958270251 -0.007814909481399391 199.8866142048819 -0.0036502064098640286 0.9999899520728577 -0.0026022579598118426 0.4310290949606977 0.007805385357389843 0.002630687384413891 0.9999660771462741 2.6946283422598842
0.9999509006156776 0.005058441316192809 -0.008521063862325906 201.40040836935148 -0.0049927873613775245 0.999957823639226 0.0077086326327503 0.44452484978079304 0.008559698140663126 -0.007665710283676754 0.9999339820476087 2.7204070977241157
0.9999685981388331 0.00630936141774894 -0.004795278381609821 202.8337982553254 -0.006243039351117659 0.999886358291814 0.01372206112777936 0.46293339520206683 0.0048813108810349115 -0.013691693117884948 0.9998943495908197 2.7372128824797226
0.9999706272991871 0.007312019832885012 -0.0022975867413271515 204.25095899997834 -0.007276698796308605 0.9998606739599409 0.015022726882977573 0.46072741267308803 0.002407113104577137 -0.015005566778240413 0.9998845127174266 2.7594019604820788
0.9999750987219658 0.006746260650114594 -0.002071208158439879 205.7252890852567 -0.006717167983271746 0.9998829598891471 0.013745769443818641 0.4517438313690329 0.0021636982875117973 -0.013731514503463363 0.999903377291607 2.7835433127226366
0.9999835930556529 0.005345850456894854 -0.002058033624346745 207.1703891146176 -0.0053232379194870574 0.9999270712388809 0.010840449330471947 0.44405334851520484 0.0021158349555104286 -0.010829316069194381 0.9999391227249359 2.8050521338856798
0.9999876260586034 0.004289608253717605 -0.0025193234624704386 208.61715829613422 -0.004264834194300594 0.9999432945891616 0.009758011860425624 0.4417692216738579 0.002561038651414821 -0.009747146618509468 0.999949215817395 2.8368486907276127
0.999987599446638 0.003917659798161271 -0.003074556009641926 210.04883724490205 -0.0038847057252245827 0.9999357190673486 0.010652079360072252 0.4388683217554111 0.003116089597389915 -0.01064000352306055 0.9999385382665529 2.858641726803993
0.9999886132717599 0.003725795017138005 -0.002981908501751934 211.52878591464398 -0.003693969675589243 0.9999369095598821 0.010608085966279783 0.44390707965992077 0.0030212439256667037 -0.010596950095306883 0.9999392865238464 2.8803608580648796
0.9999902950948449 0.0035500519012491615 -0.002608993603535215 213.01757839210936 -0.003520057663261029 0.9999286791794338 0.011412525948281077 0.4501809502319299 0.0026493225874113092 -0.011403231382871646 0.9999314713538405 2.8996803159031956
0.999990111717283 0.0033568882799140825 -0.0029168079696862896 214.49567704802067 -0.0033256170981462736 0.9999376446406584 0.010660539452058805 0.4483378738104324 0.0029524123310213876 -0.010650733851174791 0.9999389206995891 2.9183989079370467
0.9999893086842435 0.003041476809084079 -0.0034830928825429533 215.9396283031949 -0.003002065460025759 0.9999320423112049 0.01126491732398448 0.44900891933191506 0.003517118164397946 -0.011254340414359656 0.9999304824344817 2.950136486938447
0.9999874466262747 0.0027898944768779445 -0.00416210027165596 217.40773589692748 -0.0027455294768767334 0.9999397607023258 0.01062718375051004 0.45181616425369214 0.00419149827090906 -0.010615623174519223 0.9999348678223304 2.974148239328421
0.9999890678570292 0.0022028266665571486 -0.004124526773677935 218.88386032230164 -0.0021602877363495186 0.9999447244878938 0.010289855476462504 0.45157534898537743 0.004146965556386894 -0.010280832821683863 0.9999385516886359 2.9960453779171288
0.9999876162067762 0.0021254513207237687 -0.004499987752470624 220.3026925584728 -0.0020760749245384074 0.9999379033204262 0.010948945887970522 0.4573223512520591 0.004522979769671192 -0.010939467986754993 0.9999299328923851 3.0211692771184175
0.9999873249496625 0.001768597493729317 -0.004714021947675128 221.84456662156504 -0.0017135688467917877 0.9999306450770651 0.011651983417923617 0.46285919514746826 0.00473430267571615 -0.011643757927294635 0.9999210015193726 3.0596643916489983
0.9999859301534632 0.0013855850617779854 -0.005120512586611381 223.32121258983503 -0.0013269360869617058 0.9999336871039418 0.011439433348599584 0.4667885289373642 0.005136023338555486 -0.011432477804592984 0.9999214567732374 3.072625252950057
