1.0 8.809142651444726e-20 8.673617379884037e-19 -5.551115123125783e-17 -8.809142651444726e-20 1.0 1.7347234759768075e-18 0.0 -8.673617379884037e-19 -1.7347234759768075e-18 1.0 -5.204170427930421e-18
0.9999993011580781 -0.0003480319849955573 0.0011298482609536818 1.3160940844717768 0.0003481171165631284 0.9999999365833229 -7.515200288644408e-05 -0.058402083065748844 -0.0011298220340017183 7.554526988583102e-05 0.9999993588973364 0.018140396604628333
0.9999976844684006 0.0012037922336848642 0.001783799903291163 2.5652097675998258 -0.0012028053760217308 0.9999991230587825 -0.0005542029350592417 -0.11574037075546209 -0.001784465484192614 0.0005520560876714074 0.9999982554569841 0.031373844761168695
0.9999993216090797 0.0002281105646245898 0.0011422552038657348 3.902459585136075 -0.00022676214310831853 0.9999992775215298 -0.0011804809819338676 -0.08402309269940446 -0.0011425236587942604 0.0011802211608682826 0.9999986508579402 0.051461276811984966
0.9999996618027773 0.00017358682903062856 0.0008039041881380605 5.244595501531734 -0.00017205701348768388 0.9999981751375276 -0.0019026607680717293 -0.06409049090920023 -0.000804232997972927 0.0019025218072434005 0.9999978668077537 0.06016637939645653
0.99999907051289 0.00040451773681885025 0.0013020517487786964 6.5482109784419755 -0.0004018337609651172 0.9999977955143546 -0.0020609454286337685 -0.05624332176878801 -0.0013028825674048046 0.002060420304660375 0.9999970285781772 0.07054854972867985
0.9999970128158018 0.0004034564701111836 0.0024107223709433356 7.88338727241487 -0.00039522145716464237 0.9999940890815469 -0.0034154943956971225 -0.057879664101364386 -0.002412086124672561 0.003414531423777971 0.9999912613696597 0.09532827079045637
0.9999962030043924 0.0005091285194577771 0.0027082771181771654 9.213546046518417 -0.0005002828456935612 0.9999945419945008 -0.0032658380674418074 -0.064835835738458 -0.0027099250676858267 0.003264470762485402 0.9999909997278817 0.1046389256564439
0.9999982975609024 -6.970172638371409e-05 0.0018439134920993738 10.541029326500384 7.481655899353067e-05 0.9999961497196408 -0.0027739769963643418 -0.058006643076854665 -0.0018437130415298755 0.002774110229100008 0.9999944525019413 0.1191979611849948
0.9999999906583407 2.1541542266577517e-05 -0.00013497881538303516 11.864568550576118 -2.1620300855932116e-05 0.9999998295218375 -0.0005835142316529335 -0.035365080418809855 0.00013496622257561043 0.0005835171444845401 0.9999998206459144 0.13073970203494611
0.9999990094367324 -0.00012656723877529856 -0.001401822488118 13.213891993252775 0.00013006606779194434 0.9999968762674801 0.0024961045851633105 -0.03689102792461693 0.0014015021841344685 -0.0024962844421525677 0.9999959021694097 0.1577373470530803
0.9999981907944873 -0.00024273719766796124 -0.0018866601191194926 14.556801211657358 0.00025312162363316673 0.9999848106939977 0.0055058433262426135 -0.03695486523823294 0.00188529498908181 -0.005506310919513111 0.9999830629579991 0.16949948505014703
0.999999260003376 0.00023234964705242552 -0.0011941550743947936 15.899142073596188 -0.00022531230307343958 0.9999826289038504 0.005889917224389723 -0.004463202080717412 0.001195502850800434 -0.0058896438080408235 0.9999819412713151 0.18307271327359936
0.9999991665813088 0.00032575680430500006 0.0012492874738428289 17.26133747707324 -0.0003313017469999357 0.9999900845019408 0.004440848674935246 -0.019663139048969693 -0.0012478284498625575 -0.004441258864971545 0.9999893590153117 0.21200853538555584
0.9999934738253687 0.0008589463606317569 0.003509204727725599 18.602327372862273 -0.0008582436417485735 0.9999996113570859 -0.00020175115519911114 0.001044916070870427 -0.0035093766573185588 0.00019873808589067574 0.9999938223702435 0.22510595309694356
0.9999988114898591 0.00028194012315318925 0.001515760085241967 19.962665538254615 -0.00027952145359770987 0.9999986878738205 -0.0015956561015780832 -0.021002425825754244 -0.001516207975851266 0.0015952305176622928 0.9999975781735521 0.24973816505042445
0.999999584544988 0.00048403124130450893 -0.0007724141433136247 21.305386986644052 -0.0004860383028707294 0.99999650094642 -0.0026003579916371936 -0.0078862682152388 0.000771152786088623 0.002600732334164763 0.9999963207505848 0.25184860807753634
0.9999971781308377 0.0010731878705142524 -0.002119433451715049 22.6636091451797 -0.0010744738374887598 0.9999992393134605 -0.0006057049389536225 -0.012933642523517114 0.002118781804296955 0.0006079805055277001 0.9999975705587343 0.2942049275860112
0.9999985062831204 0.0015809214981508289 -0.0006986549539169377 24.03630332019962 -0.001579998253560334 0.9999978805449105 0.0013200421227528704 0.009934681240625482 0.0007007403561194644 -0.00131893627737664 0.9999988846844028 0.28700015247871974
0.9999897039040748 0.0025854881451369337 0.003729254200545306 25.41127520439226 -0.0025922263047929825 0.9999950145157405 0.001803137945067583 0.02785221437425451 -0.00372457361662617 -0.0018127864506222475 0.9999914206415268 0.3063457517451583
0.9999854130568259 0.0026253384687680036 0.004720304173837673 26.78548181907229 -0.002626586125514776 0.9999965171991735 0.00025813726622959547 0.010452360352388772 -0.004719610036263141 -0.0002705317862471734 0.9999888259843998 0.31252283891824156
0.9999901174333587 0.0026428644668729765 0.003574954968553482 28.15033411539953 -0.0026318410848489323 0.9999917789847688 -0.003084700209351194 0.015588231217197244 -0.003583078023368484 0.0030752610112330827 0.9999888520986577 0.347812030659809
0.9999964586912308 0.0024419219931508117 0.0010581219102711972 29.51822769754146 -0.002437593635588266 0.999988735296181 -0.004072765401065082 0.003109779054174171 -0.001068055366247078 0.004070171706911098 0.9999911464408127 0.33393877349480333
0.9999942389575526 0.00322750161983077 -0.0010513253536943935 30.902011026122253 -0.003231759768338237 0.9999864787616746 -0.004074067086661372 0.015591315214992041 0.0010381620803522299 0.004077441246769456 0.9999911483070107 0.37728954348254223
0.9999915314429316 0.003551837340245291 -0.0020788203214222897 32.289051110224875 -0.003554742581944725 0.9999927081363981 -0.0013955211244287566 0.012079465317631323 0.0020738484989092057 0.001402898977495246 0.9999968655085187 0.3746272385883277
0.9999848875991205 0.0038920036195686488 -0.0038828959810339914 33.670052607551824 -0.0038924578505396684 0.9999924183694837 -0.0001094323214070858 0.025334998444767713 0.003882440631360317 0.00012454467656618023 0.9999924555432242 0.410561543484522
0.9999813641448065 0.004416373141039654 -0.004215093281403107 35.056251125198614 -0.0044139281611415065 0.9999900850033708 0.0005891800569024598 0.026405808097737172 0.004217653527745971 -0.0005705639580916128 0.9999909428867291 0.42171355548937844
0.9999902732444312 0.0036769712859856 -0.0024358363429430787 36.459873455385186 -0.0036758671445420686 0.9999931392722616 0.00045761243733943684 0.007684636653824294 0.0024375022591253213 -0.0004486541754726077 0.9999969286413671 0.45365183450245344
0.9999925781720413 0.0036804150824297594 -0.0011393619508146713 37.844001104398394 -0.003678663284225216 0.9999920543120046 0.0015358220268525183 0.01734336298260848 0.001145005360351652 -0.0015316192992697547 0.9999981715508518 0.46790463787320763
0.9999939979673343 0.003372440576465461 -0.0007941497749733067 39.24457879107148 -0.003369065229352241 0.9999854460207287 0.00421392289968084 0.028908756665442424 0.0008083494215069242 -0.004211222065184186 0.9999908060477009 0.489743680809754
0.999993391793529 0.0035653148806438 -0.000710562506515093 40.65050763863056 -0.003560991333357533 0.9999756845970775 0.005995794803847484 0.02884954834609004 0.0007319221253368897 -0.005993224875469953 0.9999817726066784 0.5029711340029644
0.9999925540621105 0.003825442701682449 -0.0005077484348470876 42.05870139286003 -0.0038212672306635964 0.9999608230552038 0.007984376714007778 0.04603332649043519 0.0005382723184427697 -0.007982377020379176 0.9999679954478621 0.5218693990512897
0.9999941065104192 0.003416114668259137 -0.0003422060805260535 43.461167835447014 -0.003412420726030432 0.999941451843378 0.010268800813418997 0.03163531568821079 0.0003772654460750059 -0.010267572543226635 0.9999472159193468 0.5469615893147346
0.9999950705302032 0.003095810632407414 -0.0005242821971632944 44.88669529145072 -0.003090883919176445 0.9999533545606574 0.009150690656256113 0.0568160862452576 0.000552586547217377 -0.00914902505279058 0.9999579941120983 0.5656824322673414
0.9999968043282504 0.002335375884059562 -0.0009681698027177902 46.28934453296276 -0.0023269492595037393 0.9999601802235634 0.008615293053780856 0.044697530895627446 0.0009882511980445988 -0.008613012640126722 0.9999624189802487 0.591733190369166
0.9999987772970511 0.001463621534340356 -0.0005506508937386115 47.71192185268251 -0.001459060727848943 0.9999653661440082 0.008193757030316108 0.04181712247007539 0.0005626243818115794 -0.008192943578691417 0.9999662789961076 0.6133766853446453
0.9999998965545243 0.00045476789844743057 8.780629630313367e-06 49.119297591179475 -0.0004548245556358462 0.9999663642590036 0.008189229832731985 0.0571028141283397 -5.056135446394808e-06 -0.008189232979239179 0.9999664676566147 0.6315000241141769
0.999999900130473 -0.00039312259729636285 0.00021258802302175848 50.542482688603386 0.00039129489386546216 0.9999635409730753 0.008530159019313716 0.07620518227599232 -0.00021593367053832687 -0.008530074982802864 0.9999635949340544 0.6458555414568375
0.9999988937164528 -0.001481577262663748 0.0001322674765789347 51.98403877535465 0.0014802552167799171 0.9999538652102999 0.00949085325322867 0.0830733790834099 -0.00014632280682998046 -0.00949064696403165 0.9999549520902631 0.6678385427725348
0.9999962670676947 -0.0025728124136037405 0.0009200472596975375 53.389938980742755 0.002563859448615011 0.9999506009153634 0.009603247041050955 0.09732589827340155 -0.0009447091634032052 -0.009600852320919891 0.9999534644968777 0.6914412219263052
0.9999922682259327 -0.003548747849484381 0.0016940711481977055 54.84833202586498 0.0035346172139434674 0.9999595345171233 0.008272593876709125 0.09081281434255836 -0.0017233599465202956 -0.008266542021840255 0.9999643465211627 0.707341104604094
0.9999886259608972 -0.004219837480402928 0.0022228181382449065 56.255573469701204 0.004205400031182402 0.999970289600986 0.0064602264587170465 0.09184889597387673 -0.002250013203173469 -0.006450805140380804 0.9999766620044821 0.7259245037952355
0.9999883084555634 -0.004526912445144778 0.0017000046749978963 57.68096823834347 0.004519823021189947 0.9999811692816579 0.004151178380332416 0.11097405655040492 -0.0017187646837606237 -0.004143446126379732 0.9999899388004659 0.7402922393726398
0.9999882562325718 -0.004503578171012371 0.0017903018175604803 59.141284093377735 0.004497766971908151 0.999984646445985 0.003236813952784864 0.12482570439978978 -0.0018048515747262112 -0.0032287235800098238 0.9999931589040183 0.7605191546878189
0.9999884118131573 -0.004117611439516684 0.002494296580707561 60.5344889241783 0.004114963908116496 0.9999909657032792 0.0010656377705201001 0.1295236523335068 -0.002498661928766416 -0.0010553614813047587 0.999996321443589 0.7759602444069655
0.9999887460303091 -0.003646232411555427 0.0030352597798243165 61.986510873187314 0.0036462360145778348 0.9999933524499215 4.346611357901517e-06 0.14259502447927236 -0.0030352554515381425 6.720711081525975e-06 0.9999953935789785 0.7947201264790735
0.9999907553065597 -0.003095079348925367 0.0029849263374895725 63.385239384592545 0.0030991685304499255 0.9999942641827032 -0.0013662928361136695 0.14889084854314438 -0.0029806804317558154 0.0013755309949261083 0.9999946117148062 0.8153417735628512
0.9999941690514217 -0.0028387427277909677 0.0018982631224216948 64.81072532465915 0.002844115994892869 0.9999919398615484 -0.002833940039005412 0.15552212501384935 -0.0018902029954813886 0.0028393223949557656 0.999994182673566 0.829052581771426
0.999996977010932 -0.0019272255957636622 0.0015270135887980472 66.25225526925585 0.00193123198486147 0.9999946857487523 -0.002626559969786331 0.16380732781831664 -0.0015219435002615971 0.0026295010472082614 0.9999953846954618 0.8549143661979618
0.9999978803538888 -0.0013473377224139606 0.0015569100138999555 67.62342232678365 0.0013489871085644253 0.9999985295519684 -0.0010588331699134328 0.18123044307872568 -0.001555481118673123 0.0010609311770997678 0.9999982274501925 0.8753718313457038
0.9999967068241565 -0.0006912494153552754 0.0024715410349825597 69.11496721906137 0.0006883032031484642 0.9999990518442904 0.0011927066783390845 0.1907544694684508 -0.0024723631493709084 -0.0011910015809351718 0.9999962344607564 0.8965990403437418
0.9999923124090014 -3.338197973891374e-06 0.0039211110357014935 70.4576581051193 -1.80472945461508e-05 0.9999851272742336 0.005453888945507555 0.20055676077487694 -0.003921070924253388 -0.0054539177836858 0.9999774397373251 0.9195921027214171
0.9999889707345808 0.0006412733138687574 0.004652652762740023 71.92746486710364 -0.0006819329155253858 0.9999615493607344 0.008742697957629646 0.21363601206381522 -0.004646867406375572 -0.008745774329156814 0.999950957824778 0.9372001919603203
0.9999901614251332 0.0013736812939220532 0.004217825581864134 73.27051693562659 -0.0014295102793151185 0.9999110329311716 0.013262078377044115 0.22260078086220605 -0.004199232465300212 -0.013267977322118743 0.999903158923144 0.9461045089793415
0.9999911607158929 0.0019762980439518474 0.0037111637154158806 74.68173346866563 -0.002038989730349683 0.9998539943770856 0.01696562551356855 0.24463437219321774 -0.003677092732128988 -0.016973042574287965 0.9998491860349794 0.9656548331534733
0.9999904237944838 0.002738422509256173 0.0034137020211968704 76.13376940540525 -0.00279983916886724 0.9998319319905298 0.018118186242367947 0.2542338514639956 -0.003363513038060248 -0.0181275705555227 0.9998300245370697 0.9773150853648107
0.9999873760941699 0.0030890256513589776 0.00396302571558933 77.49193568400145 -0.0031618086103491925 0.9998239975341707 0.01849261801643787 0.2552805194847952 -0.0039052040418776825 -0.018504914896200063 0.9998211427580813 0.9964411387610671
0.99998694181999 0.0031450706956953575 0.004027992033604012 78.9114825723575 -0.00321503395140435 0.9998420055757841 0.01748220360495501 0.2629550058949547 -0.003972372867067793 -0.01749492545033739 0.99983906096796 1.0192044850931712
0.9999909765076954 0.003007771013518627 0.003000036119107096 80.27352759632157 -0.00305906003748308 0.9998466894855882 0.017240640254843287 0.26494150356247587 -0.0029477202840134014 -0.017249661974661584 0.9998468683287892 1.034796933717922
0.9999921125808711 0.002773964717680082 0.002842515750430176 81.6594345025017 -0.002821814679247981 0.9998520129628903 0.016970254446307485 0.261304509712605 -0.002795020207862221 -0.016978141647468498 0.9998519543253571 1.0561440785474936
0.9999924350667456 0.0022745123479794376 0.0031553768173376772 83.10160392516205 -0.0023248620731561387 0.9998685521099708 0.016045981361426914 0.2653793504537869 -0.003118465266970778 -0.016053195790538054 0.9998662760986037 1.0717289717455543
0.999994629609304 0.0020152153813769226 0.002584503727550116 84.4068235108452 -0.0020571922672933543 0.9998643234552141 0.01634327511309238 0.27476572373561353 -0.0025512178516243975 -0.016348504164402873 0.9998630994786536 1.0933478924347508
0.9999953463757848 0.001220757217390047 0.0027958860116703245 85.80280517534908 -0.001266449448916605 0.9998647150170182 0.01639962712168019 0.2767232004397331 -0.0027754878071075202 -0.01640309165227701 0.9998616080496738 1.1081668878873305
0.9999932385310519 0.00020983938875070694 0.003671356644307653 87.15659674669958 -0.0002665303095719337 0.9998806410134892 0.015447740548312043 0.2778965809866322 -0.003667676890465232 -0.015448614626716964 0.9998739362801405 1.129261319129903
0.9999885645553038 -0.0011603533682412457 0.004639433013167888 88.5510570345664 0.001095799664898482 0.9999028934202233 0.013892550268399565 0.2779415948913219 -0.004655102761193275 -0.013887307511768135 0.9998927306008162 1.1440828064239985
0.9999835430034707 -0.0023609661086489604 0.0052287246302965 89.95959581276922 0.0023003331545875293 0.9999303969304237 0.01157193855596367 0.27601168174380947 -0.005255681649754261 -0.011559720307987739 0.9999193720879685 1.1636404252094243
0.9999816237065757 -0.003060560206736279 0.0052330889904081395 91.26961135850924 0.0030046382241603917 0.9999386567709116 0.010660902603774874 0.2863046671822143 -0.005265396310108364 -0.010644983156689445 0.9999294774809329 1.1810314727952336
0.9999835644639095 -0.0033547912465903724 0.004649320138031861 92.66800577138633 0.0033083158364243205 0.9999448447895545 0.009968070280656693 0.29434889026252786 -0.004682504498724165 -0.009952525030636586 0.9999395088689784 1.1982386456857252
0.9999839841240779 -0.003606715366306446 0.004361547844788479 94.0127983158301 0.0035694924068199814 0.9999573994606932 0.00851222578208979 0.3063850521324894 -0.004392063216027812 -0.00849652093942389 0.9999542584101696 1.2123724157990352
0.9999856324602214 -0.0036381567510676218 0.003936837383682786 95.38218012602049 0.0036043170230743095 0.9999567906124607 0.008568885973383037 0.3125461312731916 -0.003967842225703787 -0.008554573249573873 0.9999555367638051 1.2258452259378487
0.9999889485402568 -0.0034178067333766253 0.003228218469225562 96.77222930547842 0.0033929266319783773 0.9999647417946447 0.0076813551173976445 0.32424266586038203 -0.003254358035277541 -0.007670317118792711 0.9999652870920447 1.2410445508560028
0.9999919124904736 -0.003185989104424748 0.002454470833321332 98.14478338631362 0.0031642140078326077 0.9999560527169999 0.008824986365372482 0.3372888787016203 -0.0024824792764037784 -0.008817148522218569 0.9999580467142506 1.2614124168895475
0.9999920325265932 -0.0031002229172148593 0.002514657272199159 99.49839624912644 0.0030756383327285386 0.9999480086581056 0.009722161772736463 0.3537939684044643 -0.002544667400525881 -0.009714350135371032 0.9999495767633826 1.2760159064857692
0.9999884013343382 -0.00273661435572617 0.0039633494247339465 100.83961130080624 0.002693709305977006 0.9999381512054217 0.010790629919424182 0.36136549085817565 -0.003992634089094359 -0.01077982865128722 0.9999339249006803 1.2968289939057545
0.9999819997150737 -0.0029218377376229523 0.005240525744342877 102.16200599078488 0.0028652113582550627 0.9999377823649024 0.010780629064846229 0.37276492142307494 -0.005271698940061377 -0.010765419796565458 0.9999281548825841 1.3126077472149686
0.9999875226077564 -0.0025394364723557825 0.004301847417649138 103.49143004629519 0.002494902035850855 0.9999435696682889 0.010326322814587398 0.38367895146949554 -0.004327827703753073 -0.010315461281126995 0.9999374286253736 1.3259286300145356
0.9999956316317484 -0.0024503474341814953 0.0016530320239961543 104.82458180673879 0.0024324601810854314 0.9999393931698599 0.010737463599922883 0.3967971043618457 -0.0016792423553467482 -0.010733395760151362 0.9999409854389247 1.3405072062349417
0.9999958218879265 -0.0028114741064411467 0.000672175601580355 106.17819200460853 0.0028043092288627352 0.9999416467076662 0.010432594562714061 0.41365532487517753 -0.0007014673473970455 -0.01043066598592183 0.9999453530821826 1.3583928033393584
0.9999959278528078 -0.0024836415999099576 0.001405632315122146 107.55245231200969 0.002471905337032325 0.9999625779980423 0.00829049380398128 0.42248330905402304 -0.0014261703288422616 -0.00828698545384856 0.9999646453301642 1.379632101022157
0.9999927854872409 -0.0016745720105389053 0.003409513462439429 108.86788228978972 0.0016568951897714978 0.9999852069030148 0.005180798535429754 0.43811776351958576 -0.0034181386453957783 -0.005175111952037241 0.99998076708729 1.3960808629392527
0.9999903468707289 -0.0008879021996827018 0.004303230768066378 110.18234246786614 0.0008721967310046398 0.9999929576466827 0.0036501958717666027 0.439292990775285 -0.004306441480138717 -0.0036464073721453215 0.9999840790107883 1.414853376836411
0.9999951382151586 -0.00048588455103027546 0.0030801724381405346 111.5081362529583 0.0004756981360868583 0.9999944188383563 0.003306962869693696 0.445230483746152 -0.0030817620493694816 -0.003305481559664096 0.9999897882150246 1.4301963312642059
0.9999995928857216 0.0005364622983887818 0.0007255595037236104 112.80457618910343 -0.0005399543211581524 0.9999882318475151 0.0048212670338326795 0.453378383101349 -0.0007229645372346178 -0.0048216568400153235 0.9999881144031638 1.442358986678578
0.9999987456796103 0.001262639515710553 -0.0009562325341708056 114.11728125532802 -0.0012550979522541466 0.9999684264994619 0.007846702066497601 0.45052800407560417 0.0009661098986595409 -0.007845492058723692 0.9999687569549462 1.4657841375630616
0.9999939153790064 0.0030155569773528796 -0.001753744873380055 115.49014542323481 -0.00299744190658499 0.9999430582685003 0.010241853477522895 0.4661002681798429 0.0017845299048255263 -0.010236534411349285 0.9999460129508313 1.4808735393364318
0.9999900945116273 0.004441025406456727 0.0002969376465426502 116.8264531088925 -0.004444116521844829 0.9999253986615411 0.011377475110871253 0.47839311792447636 -0.0002463878385680709 -0.011378682036924789 0.9999352303465138 1.5030859556221432
0.9999827526753894 0.005159783618281977 0.002805527537476508 118.12379889356066 -0.005188393670177985 0.999933617273278 0.010287935550976412 0.4820752290913161 -0.0027522577775868076 -0.010302314292929342 0.9999431420822563 1.5168488821714112
0.9999770531954535 0.0059497599101852395 0.0032393578913684877 119.48895623022572 -0.005983191326541519 0.9999279098043625 0.010410409013503368 0.48176061313742946 -0.003177184931227186 -0.010429551825921684 0.9999405632059454 1.536497620964885
0.9999708905128423 0.007169206953506629 0.0026116275789229058 120.83205906321555 -0.007197436190815768 0.9999139794531677 0.010964971792447887 0.47063928164161284 -0.0025327927732710235 -0.010983449630595783 0.9999364723796107 1.551397157711521
0.9999611546853571 0.008515682883617563 0.0022742614961641177 122.1467018417967 -0.008543384069822375 0.9998858506394956 0.012461792791080242 0.47078912990440197 -0.00216788121509852 -0.012480738598255197 0.9999197625085121 1.5676034349079715
0.999951110489779 0.009723663226854603 0.001796386291519575 123.4922026677775 -0.00974775556109984 0.999855477944463 0.013928549313204591 0.46615724627349375 -0.0016606901513199481 -0.013945379087713625 0.9999013793921485 1.5775068361562063
0.9999385175227581 0.011037568822063429 0.001064541632347041 124.81533432804562 -0.011052895488523923 0.9998162085593268 0.015664692891093474 0.46544758158803357 -0.0008914458528448436 -0.01567549605437481 0.9998767344766757 1.5992821884231245
0.9999286908570851 0.011936799189413495 0.00035500133460534926 126.18571527620409 -0.01194097680877793 0.9997981953814419 0.0161549244772171 0.4617044533444434 -0.00016209160429175024 -0.016158011546102382 0.9998694376713331 1.612047357758795
0.999917894460123 0.012814045297605211 -6.768711380735046e-05 127.52126781660105 -0.012811389585407012 0.9997938631635221 0.015751173843600027 0.4499924361203989 0.000269509416122185 -0.015749013418983007 0.9998759402750941 1.6337394176031812
0.9999033524487967 0.013884499825023636 0.0007116363302144607 128.82944597604782 -0.01389425553737827 0.9997706623134648 0.01629639347702508 0.44476185295122284 -0.0004852058528045638 -0.016304706127523758 0.9998669517157648 1.6614883083206042
0.9998893492357802 0.014739544187466 0.0020087613082925356 130.1595056174649 -0.014765465674258111 0.9997989508116839 0.0135660966854229 0.4255171982493122 -0.0018083993669157558 -0.013594255882602548 0.9999059585274647 1.667393200363665
0.9998842939008987 0.015074203262331085 0.0020413736324125836 131.49588532757303 -0.015100377389747652 0.9997951298960441 0.013478755092338241 0.41212799021496427 -0.001837773921999212 -0.013508021030408676 0.9999070736597745 1.6893976805884252
0.9998861852237311 0.014922573523940162 0.0022211254258112396 132.8681376606489 -0.01494656127657092 0.9998254938631043 0.01120634317721708 0.3958856899659095 -0.002053510345797093 -0.01123826591705541 0.9999347401077919 1.7061913173566903
0.9998852803904572 0.014871164293455424 0.0028765484619045177 134.14977834011466 -0.014898930124611466 0.999840144334509 0.00988471842239431 0.37649232603438265 -0.002729091357681852 -0.009926441945890426 0.9999470075012257 1.7210982520403122
0.999895280053009 0.014249326650427907 0.0025269779825392836 135.53764824701767 -0.01427163565902216 0.999857273633031 0.009041724323286343 0.35771282865078874 -0.002397778832786799 -0.009076841583479671 0.9999559298306788 1.742493832686468
0.9999091950513882 0.013197525839197546 0.0027252455684861412 136.95991705656917 -0.01321543018639716 0.9998904938850971 0.006659778014690515 0.34546239693730235 -0.0026370545449995826 -0.006695188566441242 0.9999741098615437 1.753142058523468
0.9999218135402042 0.012044330695790433 0.0033616818052476486 138.2221278258793 -0.012060266751887181 0.9999159370083123 0.0047611850060889005 0.33477760292022446 -0.003304053925500824 -0.004801355525195093 0.9999830149621433 1.7659235187298663
0.9999329265560978 0.010986292289079365 0.0036665747907745445 139.5336005964895 -0.01100185349316003 0.9999304406914532 0.004251234916007255 0.325426771227731 -0.0036196144369905685 -0.004291288889710416 0.9999842414913309 1.787424894444426
0.9999476765795984 0.00969818846775744 0.0032541117846359375 140.8864008744381 -0.009709541276903141 0.9999467664408105 0.0034912881232395435 0.31256502385594426 -0.00322007938646922 -0.0035227013797959074 0.9999886107670095 1.7965207334568603
0.9999590352104121 0.00863001140877206 0.002729616117041188 142.20949044936546 -0.008641771367966723 0.9999533006391165 0.004326237228887257 0.3077758150841211 -0.0026921531690707137 -0.004349648723895255 0.9999869163480555 1.8202052350387197
0.9999672438813736 0.007753595839694073 0.002322265239855596 143.52742694231557 -0.007763511921658863 0.9999606530951607 0.004291869539248668 0.2918841154570167 -0.0022888964441021634 -0.0043097578881357845 0.9999880933991233 1.8304468916307384
0.9999760036073345 0.006897696410525676 0.0006434234471475747 144.90580932474904 -0.006900097252848966 0.9999689475649819 0.0038069099915488134 0.2855121581107622 -0.0006171445578988924 -0.0038112583238018955 0.9999925466935161 1.8558071701364074
0.9999829385071952 0.005697077855846817 -0.00129073561178593 146.19705137345173 -0.005699110336936405 0.9999825172396413 -0.0015765013283119715 0.29101838894026044 0.001281731595357303 0.0015838304755132827 0.999997924320417 1.8890164488210064
0.9999868021236245 0.004750060270180953 0.0019576787266448762 147.5994496285062 -0.0047293507601142305 0.9999342043894056 -0.01045084367475236 0.27659471170787703 -0.0020071920573070225 0.010441447196435603 0.9999434720825419 1.8925026198137167
0.9999900586949487 0.0030497654843769364 0.003252912812160282 148.92668978025443 -0.0029897002128461934 0.9998278367395649 -0.01831279807455327 0.25956229753173987 -0.0033082025195747657 0.018302890787314383 0.9998270150305588 1.8988666615421952
0.999997833372187 0.0019243507142713105 0.0007938042959315608 150.2386189685435 -0.0019067302694799305 0.999764203231263 -0.021631049836686917 0.24928896502241363 -0.0008352428456472374 0.02162948939957362 0.9997657063320898 1.9227044606256831
0.9999921679921184 0.002634889752158619 -0.0029531864852755866 151.63610295123217 -0.002692286322921967 0.9998042175940468 -0.019603011898973857 0.23822591717785696 0.0029009565281562216 0.019610809191613506 0.9998034809971768 1.9489262927799085
0.9999796632845191 0.0032687060439826688 -0.005476182810859927 152.97593971333401 -0.0033553523706196854 0.9998681376365184 -0.01588864216191877 0.2538440063254758 0.005423525407786287 0.01590669356210011 0.9998587712632583 1.970401021155658
0.999977335765204 0.00410484576880355 -0.005336496710292342 154.3082406471534 -0.0041871355503085165 0.9998710762484994 -0.015501573389529115 0.2634003418999891 0.005272177141178773 0.015523566693319875 0.9998656024813085 1.999739022507831
0.9999864568161735 0.004761764804119406 -0.002100423810891492 155.62738295902557 -0.004802410033004221 0.9997926221800741 -0.019790136234154678 0.2500755656157231 0.002005752255392143 0.019799955309084693 0.9998019497518738 2.0129760984257072
0.9999847490786598 0.00540090698366143 0.0011540423924501593 156.9612261753381 -0.005367843717577807 0.9996222845491441 -0.026953190656646413 0.23517998038141794 -0.0012991781684570278 0.02694658487644971 0.999636030612934 2.032792102201354
0.9999823964563576 0.005349445762544885 0.002567139932650457 158.29764792845316 -0.005265223258342746 0.9994815398062924 -0.03176364290320928 0.2192912985782133 -0.002735726857715262 0.03174956718565437 0.9994921114156347 2.03859065285319
0.9999837674418245 0.005306625967132435 0.0020747466592290044 159.6701327518209 -0.005236560576770604 0.9994602575363429 -0.03243103511627315 0.214254142716803 -0.002245726203444687 0.03241964414104642 0.9994718222079035 2.066408954936191
0.9999773055134555 0.0061848976197843445 0.0026712355721970047 161.05408133215863 -0.006097694669594102 0.9994850071537175 -0.03150458053442228 0.2172216260478375 -0.00286471251014624 0.031487577175233435 0.9995000379719192 2.0766651389075497
0.9999703708870477 0.00736772869917798 0.0022302290993701005 162.35252703129268 -0.007299505639796525 0.9995471916450093 -0.029191246838562748 0.21355260889687264 -0.0024442924200976292 0.02917410235792406 0.999571356725559 2.0814149245271696
0.999964857744177 0.008382029735707994 0.0001576520782578405 163.70836200355333 -0.008375249803092637 0.9996373735751534 -0.025592509499950365 0.21665570513321847 -0.00037211208508830545 0.025590289745896975 0.9996724456557343 2.1014231232354788
0.9999593402007932 0.008992769681389557 -0.0006693568940611728 165.05443931725418 -0.009005898201243714 0.9996893451551006 -0.02324020182690011 0.21867034717956194 0.00046015517272074446 0.02324528504500852 0.9997296859553553 2.1060909878307523
0.999956856043076 0.00927668259401272 0.00047876141952341185 166.41242243334477 -0.009264065004191885 0.9997201488053797 -0.0217669743452672 0.2153763417073936 -0.0006805527496012818 0.02176159995495172 0.9997629567129178 2.1250836118674137
0.9999583964317224 0.009121623055004652 3.739706982129891e-05 167.7907128294507 -0.009119186973575133 0.9997707616720017 -0.01937174578416699 0.20766504603593877 -0.00021409025994008785 0.019370598819546638 0.9998123494269976 2.1485628593868937
0.9999608740313213 0.008657012301144514 -0.0018183906439250086 169.10256079095237 -0.008687664738181727 0.9998076118498559 -0.017585896863251266 0.19763878458862205 0.0016657994816409595 0.01760100636627887 0.9998437026290564 2.169691294838261
0.9999537689620075 0.008214754900555768 -0.004997773564289335 170.53526781677877 -0.008283194251304792 0.9998700381504947 -0.013830961713614618 0.19614618728114736 0.004883506083877197 0.013871719823155208 0.9998918575313416 2.189671954977329
0.9999491665819678 0.007923298085804978 -0.00623583189891836 171.86383552296863 -0.00796171437356557 0.9999493311657909 -0.006160049133035781 0.19531689969683855 0.006186708031081469 0.006209383909143859 0.9999615833596843 2.223901980861064
0.9999532767804987 0.008171001316144642 -0.005165171191251121 173.22730825228248 -0.00819663315062305 0.999954101282724 -0.0049609004075629945 0.19568905771922926 0.005124398592759472 0.0050030056317391805 0.9999743549080203 2.229812489415915
0.9999559101014818 0.008853118980843958 -0.0031305171183521603 174.62735514911364 -0.008854629825283119 0.9999606869708526 -0.0004690878783819141 0.2001190150898259 0.0031262411574416536 0.0004967867665896806 0.9999949898970165 2.266983353116248
0.999959953521445 0.008931956347207243 -0.000558130093662061 175.96184569158112 -0.00893213609349167 0.9999600563490142 -0.0003203923903925855 0.2032188823702722 0.000555246069063431 0.0003253648537600572 0.9999997929197358 2.282340264106313
0.9999669469879516 0.008129121084117346 0.0001494054709091117 177.38501771884611 -0.008128688235292548 0.999963317684805 -0.0026995763318131247 0.19007673974928085 -0.0001713451732476622 0.0026982726321904365 0.9999963449761373 2.3005112440776827
0.9999783302452115 0.006571850376525764 0.00038706927944898465 178.7400939768365 -0.006569510863625769 0.9999618107039862 -0.005763563187650592 0.1858912600478827 -0.0004249317724505855 0.005760895436813293 0.9999833156191932 2.312869671024062
0.9999826998386804 0.004547712638476646 -0.0037307282267134397 180.1006255282495 -0.004573472597850331 0.9999655592381066 -0.006925581998465162 0.1732098926220306 0.0036991041808076683 0.006942524568094258 0.9999690585117527 2.33374748299375
0.9999633946297545 0.002779640470444549 -0.008092156658938823 181.4857027246536 -0.002819228798160714 0.9999840947459553 -0.004884895505127422 0.19059826902465637 0.008078449697891447 0.004907530332810954 0.9999553264003903 2.3586817230840644
0.9999556594776957 0.0023875080307978673 -0.009109274610492612 182.88403987132523 -0.0023952861652264228 0.9999967759256421 -0.000843055459487048 0.20436785032787752 0.009107232439833989 0.0008648373974174041 0.9999581543112506 2.3840367861796463
0.9999650264377111 0.002112122719723809 -0.00809227032695823 184.25641666549026 -0.002078373347749634 0.9999891176651109 0.004176711096087949 0.21821943179693676 0.008101003990562291 -0.004159746262651932 0.999958534262984 2.4162989675584337
0.9999869680718018 0.002311385666757739 -0.004552052599087574 185.66627112653453 -0.002286729879055806 0.9999827285697661 0.00541418771614777 0.21182364910085216 0.0045644882545129275 -0.005403707844152834 0.9999749823813141 2.4370565687781176
0.9999934162750694 0.0027027173703583636 -0.0024213065340122947 187.07341984813826 -0.0026882409985359225 0.9999786126535285 0.005962180461713936 0.21613800585360307 0.002437368837389624 -0.005955632152863035 0.9999792946250489 2.4626852357459033
0.9999944368935341 0.0027483484516965273 -0.0018901753283033147 188.48308390500048 -0.002737373879909675 0.9999795235605994 0.005784396576837663 0.22668448528010982 0.001906034161618699 -0.005779190281051519 0.9999814838253107 2.4904682357428634
0.9999952090249944 0.002735205729737657 -0.001449336632267415 189.90758710653748 -0.0027273179435605573 0.9999816106330879 0.005416653255478424 0.21714394235142417 0.0014641256409046919 -0.00541267450262462 0.9999842795218513 2.512174487391154
0.9999961768449603 0.0026558762761773446 -0.0007698159965716779 191.2963205215283 -0.002654257432934916 0.9999942801121539 0.002096344545793851 0.22097364817827045 0.0007753792250563831 -0.0020942932413127433 0.9999975063583293 2.529945379218956
0.9999951468299583 0.0030688990534957846 -0.0005368194572125604 192.69514856268518 -0.003068584155869242 0.9999951199265582 0.0005864421086871035 0.22455466639366758 0.0005386165691264642 -0.0005847919869028657 0.9999996839552118 2.553441209872387
0.9999936537593547 0.003549940405236033 0.0003006062795262995 194.112853207807 -0.0035490671458672197 0.9999896198186927 -0.0028573374425341375 0.22275950951287393 -0.00031074653681726163 0.002856252437312614 0.9999958726207845 2.5740842580540124
0.9999905204647466 0.003926075520462939 0.0018827935768117067 195.5539850999686 -0.003910884116311841 0.9999603079469397 -0.008005467887029764 0.21662517033932252 -0.001914148916370274 0.007998028611420861 0.9999661832143409 2.5874687856451963
0.9999895813697766 0.004182945461333152 0.0018275992904176327 196.99014368731613 -0.004161513001990952 0.9999243174581759 -0.01157761483792053 0.20757789885298378 -0.0018758895044972412 0.011569888636823164 0.999931306998385 2.599775830460045
0.9999875608641248 0.004519197141193866 -0.0021106809842712728 198.356320710896 -0.0045380155663217354 0.9999492218554663 -0.008997784469927746 0.21000540603908163 0.002069911045953613 0.00900725084842631 0.9999572915382012 2.622429699339852
0.9999588801971355 0.004880037130442562 -0.007643503941009551 199.83675031107387 -0.004902484015628301 0.9999837173054402 -0.0029207489569969395 0.21913302186651096 0.007629126120810668 0.0029581010122698027 0.9999665224761447 2.640283040394382
0.9999467552848517 0.006264297392525537 -0.008200315449718592 201.3110643117228 -0.006208732789845623 0.9999577141312618 0.006783921176272956 0.2282199996163443 0.0082424651919915 -0.006732646400902592 0.9999433650162389 2.664344663435242
0.9999635777858917 0.007469341834338683 -0.004129410878176983 202.72297789179015 -0.0074091125099941205 0.9998686729360055 0.01441325546174668 0.24429832716482278 0.00423652610675976 -0.014382135229273847 0.9998875966991458 2.6917018718938457
0.9999631969407308 0.008350857788049806 -0.0019667074711899506 204.1754553402708 -0.00832043120771436 0.9998528488543571 0.015001701981568857 0.24882372274911735 0.002091695147759207 -0.014984786018821954 0.999885533948451 2.714871832256072
0.9999674117323325 0.007945385996807247 -0.001430494565311198 205.59480673860674 -0.00792457418374958 0.9998704564424715 0.01400969155726659 0.23922354267991217 0.0015416216610748775 -0.013997898945385924 0.9999008361971544 2.7372901532324168
0.9999761960471206 0.006721073187531127 -0.001560293029690112 207.0848576398817 -0.006703250618574977 0.9999152588892445 0.011159815034290714 0.23101929840509083 0.0016351667423304503 -0.011149090351363068 0.9999365099915404 2.758128438609547
0.9999825161357664 0.005581411553744813 -0.0019532710639474267 208.52131447752473 -0.005562227619361311 0.999937553776634 0.00969278964548334 0.21968267865569738 0.002007248537661592 -0.009681755639805147 0.999951116085701 2.7885559075337536
0.9999828007624715 0.005270385161542591 -0.0025731730397232176 209.9424131379598 -0.005244621623207092 0.9999370567098496 0.009918495978358317 0.2190432406760215 0.00262528536977513 -0.009904830068825672 0.9999474997308784 2.799696145629277
0.9999850172793283 0.004917102735111057 -0.002405684425212145 211.401012062563 -0.0048904577637757735 0.9999279881019343 0.010959107321255865 0.22121717837264596 0.002459398243894261 -0.010947178225937586 0.999937053343443 2.829672560809047
0.9999867325783678 0.004812606113977057 -0.0018367061908507415 212.88336616130155 -0.004791860089765256 0.9999264971468849 0.011137251925002516 0.22244783553236191 0.0018901703944125495 -0.011128302923292841 0.9999362920356114 2.8487837340101607
0.9999866818147312 0.004664116801063442 -0.002209571820436504 214.3752078823065 -0.004639567501972326 0.9999288639796026 0.010988238887831963 0.23052727156653025 0.0022606650699012517 -0.010977841086819306 0.9999371862264721 2.869411564739142
0.9999858375126913 0.004200276320223017 -0.0032684021899450715 215.8075803864197 -0.004161528039156319 0.9999220330239187 0.011773256036152042 0.22312394145009706 0.003317598291050275 -0.011759487750206151 0.999925351208495 2.8966641684778263
0.9999862984230561 0.004053872939748624 -0.0033119601964672935 217.21080792744698 -0.004020935869770559 0.9999429911305235 0.009891742196032161 0.2260908143896984 0.0033518712513762065 -0.009878289484012124 0.999945590697806 2.91219006769906
0.9999884625969985 0.0034470906764438093 -0.0033454803481298575 218.72167007165623 -0.003412835017691716 0.9999422398529755 0.010191639463627836 0.22154755220048306 0.00338041861806583 -0.010180104306093 0.9999424674681457 2.9370098474479525
0.999986794491829 0.0033587862051002487 -0.0038896525789394345 220.18662178513978 -0.003317785720928092 0.9999393711846842 0.010499821555071976 0.22871104221015717 0.003924683409706773 -0.010486777865806861 0.9999373102100585 2.958938294210073
0.9999858455909153 0.0032388527676848185 -0.004221190657988863 221.69427688384408 -0.0031910392671805664 0.9999312311940337 0.011284952422548327 0.2244779405575108 0.004257450671134519 -0.01127132270557134 0.9999274130646932 2.9955999467492016
0.9999853117831624 0.0027658949305664074 -0.004661120376522744 223.15662138478407 -0.0027125162947888846 0.9999311155629826 0.01141956147667726 0.2305391514638069 0.0046923846050673694 -0.01140675037870881 0.9999239308930035 3.0122946755165456
