1.0 8.809142651444726e-20 8.673617379884037e-19 -5.551115123125783e-17 -8.809142651444726e-20 1.0 1.7347234759768075e-18 0.0 -8.673617379884037e-19 -1.7347234759768075e-18 1.0 -5.204170427930421e-18
0.9999993011580781 -0.0003480319849955573 0.0011298482609536818 1.3160940844717768 0.0003481171165631284 0.9999999365833229 -7.515200288644408e-05 -0.058402083065748844 -0.0011298220340017183 7.554526988583102e-05 0.9999993588973364 0.018140396604628333
0.9999976844684006 0.0012037922336848642 0.001783799903291163 2.5652097675998258 -0.0012028053760217308 0.9999991230587825 -0.0005542029350592417 -0.11574037075546209 -0.001784465484192614 0.0005520560876714074 0.9999982554569841 0.031373844761168695
0.9999994136363719 -0.000421037836409063 0.0009977244371850034 3.921614765800002 0.0004228939879604095 0.9999981790952355 -0.0018609048573915428 -0.03573832746604816 -0.0009969391090689029 0.0018613256978907459 0.9999977707870449 0.05441268746668232
0.999999097386581 -0.00024965958038679456 0.0013201879098929826 5.245798615864111 0.0002528739569175879 0.9999970029696273 -0.0024351810046286267 -0.033820775586775265 -0.0013195759869819373 0.0024355126477422235 0.9999961634913193 0.06174689342234185
0.9999986241271318 -0.0004981314064117375 0.0015822796672818296 6.564191256248336 0.0005024567861486749 0.9999961352409561 -0.0027344177313283697 -0.040552189644103946 -0.001580911452801952 0.0027352089962736133 0.9999950096629108 0.07251766800196516
0.9999968150647649 -0.0004327262649252015 0.002486485130880528 7.9067459248730385 0.0004412871637947023 0.9999939739215769 -0.0034434555568165293 -0.025718762386027633 -0.002484980073464594 0.00344454184360482 0.9999909799620806 0.09624779145672772
0.999995640317151 -0.00028137296752142864 0.002939417619885457 9.235066935098782 0.0002918782764841614 0.9999935701985475 -0.003574124876730322 -0.00872644398052947 -0.002938393057890917 0.0035749672468281565 0.9999892926703873 0.10937218125216581
0.9999979085779945 -0.0008194858744388392 0.001873841652473574 10.560986715445754 0.0008255210198954138 0.9999944678528191 -0.0032222319598068996 -0.008106696282027082 -0.001871190712530532 0.0032237721164321445 0.9999930529451985 0.11628203493278634
0.9999998194321614 -0.00047322622493316155 -0.00037039517357084783 11.88576469240824 0.00047274876123066503 0.9999990586614841 -0.0012880934571764368 0.010503871317232088 0.00037100438450770554 0.001287918120728714 0.9999991018109271 0.11829455133675161
0.9999991347567592 -0.0006271453147405506 -0.0011563626105549187 13.222943662920649 0.0006293274538262455 0.9999980203141687 0.0018876744155672356 -0.0066143162169255455 0.0011551764751547642 -0.0018884005130071072 0.9999975497524051 0.14703566059826745
0.9999984106172283 -0.0005851265313051681 -0.0016841585316371276 14.564347215542021 0.000592592516414626 0.999989985382584 0.004435985645727978 0.006721078761037855 0.001681546052539961 -0.00443697661499112 0.9999887427573327 0.15893310031762817
0.9999997623909672 -0.00019701401330658497 -0.0006606084222419206 15.9108253210762 0.00020045913269675758 0.9999863604902677 0.005219065966678349 0.03913943781643811 0.0006595711827351091 -0.005219197151572507 0.9999861623777341 0.1890622180529552
0.9999991090617715 -0.0003829217711083229 0.001278767602203645 17.28078583661471 0.0003786914451347373 0.9999944610411771 0.0033067324892039835 0.021271111982837897 -0.0012800267390238997 -0.003306245284758328 0.9999937151170823 0.20049544774625094
0.9999931041107571 9.652629781976047e-05 0.003712467320552222 18.623162959090497 -9.434740826880157e-05 0.999999823216574 -0.0005870820960284771 0.021963844034899725 -0.0037125233331107756 0.0005867277859053897 0.9999929364355562 0.22116159230460036
0.9999976446636434 -0.00028472354187642754 0.002151650452672509 19.975735478496908 0.000288928536654361 0.9999980487054152 -0.0019542532237656045 0.030363259910183252 -0.0021510898322690385 0.0019548702940586186 0.9999957756384109 0.24789797832462004
0.9999998173923208 0.0001261498164001481 -0.0005910173845324404 21.314958623822484 -0.00012785484912843835 0.999995828005887 -0.00288576228371634 0.031236309012345784 0.000590650880429126 0.002885837321192519 0.9999956615278354 0.24788907406548788
0.9999986937554702 0.0004015821489519153 -0.0015656369729277343 22.67170633658027 -0.0004030538400809513 0.9999994771682624 -0.0009397929580721743 0.03139297676349751 0.0015652587502873623 0.0009404227664668749 0.9999983327836427 0.2872415524175084
0.9999991652143692 0.001046730868354471 -0.0007575784144773494 24.045586381212964 -0.0010460156886011 0.9999990075314291 0.0009438153082036828 0.039021393368178156 0.0007585655832217054 -0.0009430220814133365 0.9999992676435367 0.2784005183126818
0.9999912062734692 0.0018713694346797918 0.0037530457192732785 25.429056330753795 -0.0018765006953486412 0.9999973088879931 0.0013641707782462357 0.0602597853111921 -0.0037504827519087873 -0.001371201375003362 0.9999920268111725 0.3036019129794892
0.999987094499458 0.00198033169884461 0.004678581077036636 26.806987286159888 -0.001979507289306549 0.9999980244231331 -0.0001808334106072326 0.049944613378338006 -0.004678929944275326 0.0001715697915159483 0.9999890390291201 0.31480163006931544
0.9999878709046266 0.001920438930491726 0.004535411552032245 28.177303036575953 -0.0019021273715686656 0.9999900368445214 -0.004038331729235028 0.04905989355644594 -0.004543121734488855 0.004029655817469885 0.999981560789447 0.33538221508229
0.999997410240569 0.0019027758025994559 0.0012485817554937948 29.536096489061133 -0.0018972092191794695 0.9999883235914527 -0.004444465989825657 0.03703487277456285 -0.0012570239988840294 0.004442085658910522 0.9999893438260555 0.32994773078519385
0.9999956707368407 0.0029022827476367086 -0.0004850385847914572 30.919104521056624 -0.0029043670446352236 0.9999863071119623 -0.004353187412693499 0.048369836918470036 0.0004723977624873321 0.004354577296680652 0.9999904072024497 0.367300455192174
0.9999934583035085 0.0030764557005759706 -0.001902306629206719 32.30744527106082 -0.0030797616057842234 0.9999937483048352 -0.0017373599792205557 0.05142020121828811 0.0018969498255535376 0.001743207264857935 0.999996681399389 0.3648632769941849
0.9999881070260507 0.0033868882327864423 -0.0035092441571026533 33.686915937744544 -0.0033890478031770367 0.9999940713349005 -0.0006096310668752839 0.05120927792761636 0.0035071585996825526 0.0006215168127503275 0.9999936567575857 0.39836992743381283
0.9999867976946618 0.0035563977588739673 -0.0037089717383830038 35.08225293033827 -0.0035551534130773394 0.9999936219277106 0.0003420352445360474 0.05513988821157737 0.0037101644956702606 -0.0003288447653475929 0.9999930632462085 0.4114381484541902
0.9999922417362532 0.0033735704637017773 -0.002033590329785378 36.48039189342451 -0.0033738096029786845 0.9999943021701145 -0.00011417560330804141 0.054124585368219784 0.0020331935632906272 0.00012103566408675199 0.9999979257349998 0.4388825748985577
0.9999944619281043 0.0032312473605250955 -0.0007969652541207188 37.883358336231346 -0.00323066219306809 0.9999945116930673 0.0007344423313120991 0.06449835014158689 0.0007993340449752997 -0.0007318635384019884 0.9999994127202504 0.4518565025560186
0.9999958515148156 0.00281920253291952 -0.0005908047368517266 39.28717948875363 -0.002817195999507745 0.9999903531378775 0.0033700204573850145 0.06031703827379171 0.0006002998076493394 -0.0033683420641639275 0.9999941469388107 0.47604439256325654
0.9999956038513711 0.002907028850492987 -0.0005843468095859263 40.67636530959431 -0.002903547950263919 0.9999785442063022 0.005872012972141657 0.06081909909584783 0.0006014043830818169 -0.0058702904789186645 0.9999825888496564 0.49409105691824395
0.9999944996482253 0.003268479559402976 -0.0005636618360559596 42.08154931528375 -0.003263701936141015 0.9999604081027447 0.008278313636507694 0.08598839996531292 0.000590697018521712 -0.008276428478644926 0.9999655753118055 0.5140543721169983
0.9999959810468958 0.0028310079250183267 -0.0001525915625377958 43.48613763566552 -0.0028295598157742543 0.9999574876762183 0.008775900609895148 0.08102736890963809 0.00017742971969166916 -0.008775433573008567 0.9999614794002317 0.5270914424616655
0.9999970246007504 0.00242081005264393 -0.00030077954561011773 44.90922587119748 -0.00241828134375357 0.9999639384547213 0.00814086638293221 0.08328727226913402 0.0003204761902119482 -0.008140114791040752 0.9999668173625564 0.545476970228466
0.9999977373357282 0.001970973938529568 -0.0008003656399015449 46.29997591911565 -0.001964691020593617 0.9999678332764724 0.007776400295161733 0.09829621725051861 0.0008156669770786226 -0.007774810228592716 0.999969443039782 0.5764035614157085
0.9999992551137569 0.00103565600952389 -0.0006459013556115673 47.737559949101296 -0.0010307488251944678 0.9999709517578713 0.0075520326612365345 0.08908098665707836 0.0006537039013223285 -0.00755136127376781 0.999971274394481 0.5962928502103861
0.9999999713606711 -0.00023798271706912768 -2.5355147155477626e-05 49.15062592189743 0.00023817937906996122 0.9999674790998068 0.008061266238057526 0.09160050104992001 2.3435880540917045e-05 -0.008061272046261475 0.999967507143985 0.6221731523945365
0.9999992606429114 -0.0011859590584643216 0.000268728007721474 50.56354529527658 0.0011836863434289168 0.9999648101371106 0.008305261831684207 0.1023541140915016 -0.0002785682517219316 -0.008304937601457162 0.9999654746095812 0.6328942205517478
0.9999975984188788 -0.0021862077684956125 0.00015379228765232569 52.005225808694426 0.002184826852557415 0.9999617468743495 0.008469434433525444 0.1184801899046448 -0.00017230234796995961 -0.008469078083971822 0.9999641218705342 0.6491049496950281
0.9999931203939272 -0.0034455700765880764 0.0013737582262280392 53.4121553474351 0.0034336208539408218 0.9999570580375952 0.008607690086711495 0.12610793144471807 -0.001403357633745252 -0.008602913904300652 0.9999620095082148 0.6710390972724359
0.999989692345022 -0.004158109339351904 0.0018235488560477801 54.86579631370522 0.004142937122405994 0.9999574149650211 0.008246473699253508 0.139097308652904 -0.0018577609394615452 -0.008238833849197588 0.9999643345345359 0.7007708671978543
0.9999840587718268 -0.005005002359536397 0.002613838863579809 56.287844048774296 0.004989555458125114 0.9999702461853044 0.005883118257529653 0.13340016019900633 -0.0026432061126629852 -0.005869982579430705 0.9999792781682844 0.7090215834036007
0.999984554918101 -0.0051867307376897275 0.0019969350270789008 57.69722904111735 0.005178330619169267 0.9999778185737062 0.004188944087803316 0.14542469048831852 -0.002018617657270457 -0.004178538599423595 0.9999892324409932 0.732319936643109
0.9999852921180373 -0.004964653224770581 0.002183521458874531 59.15105166878375 0.004958578173990619 0.9999838449919352 0.002778895038975916 0.1613151897028989 -0.0021972824342843043 -0.0027680270054672804 0.9999937549687002 0.7467743789450718
0.9999849499781178 -0.004647254709614175 0.002915963121346226 60.55779285716275 0.00464473575198999 0.9999888346772087 0.0008700291445354266 0.16947226539049318 -0.0029199738107161723 -0.0008564721724165621 0.9999953700934633 0.7581257594305656
0.9999853076064259 -0.003988113272917423 0.003671447099459129 62.00428055833066 0.003989722506362337 0.9999919481051441 -0.00043109071095685054 0.18690062718097653 -0.003669698298766916 0.0004457324323260898 0.9999931672951545 0.7759556068037373
0.9999880808756761 -0.0036337112655223714 0.0032610196290199984 63.38676448758765 0.003639079683138542 0.999992030734473 -0.0016418180790085403 0.18349561080157026 -0.003255027748239055 0.0016536656202530222 0.9999933350699766 0.7972584810081996
0.9999919536220844 -0.0032350348956557457 0.0023721804971554654 64.80033585608966 0.0032432421099684336 0.9999887405269511 -0.0034641304736604864 0.18772723118487034 -0.002360947204687694 0.0034717961556383664 0.9999911862410341 0.8082747530405824
0.999995198584435 -0.0023265277007523495 0.0020469677413510207 66.26441825236563 0.0023331767821428728 0.999991990718716 -0.003251889377398173 0.20659668762152414 -0.002039385735894301 0.003256649701333816 0.9999926175420213 0.8334500773888416
0.999996987427208 -0.0015276081507946836 0.0019213406376590552 67.61189671065664 0.0015316086691226586 0.9999966588778474 -0.002082404385969978 0.22560268833194014 -0.0019181531203120298 0.0020853408545521593 0.9999959860130077 0.8543277416358844
0.9999948768283775 -0.0010440182239438776 0.0030259449674639913 69.09207632849878 0.0010406447808886993 0.9999988355776886 0.0011161996715710707 0.2369384869049972 -0.003027106776784839 -0.0011130450192509405 0.9999947988641475 0.8766109625069721
0.9999901132682807 -0.00037322889732128165 0.004431034403100035 70.4679518935249 0.00035162662700142545 0.9999880552999912 0.0048749990827552684 0.2516289255553165 -0.00443280096625546 -0.004873392815265916 0.9999782999235841 0.8967203217728964
0.9999874271258438 -7.810873987096502e-06 0.00501453180523494 71.9174984758466 -3.270189118918716e-05 0.9999673643009767 0.008078939506156037 0.2682803936047422 -0.0050144312560626335 -0.00807900191533977 0.9999547915817145 0.9095714922546299
0.9999893050879641 0.0005179701404246815 0.004595804241307947 73.29454281279796 -0.0005743261857140999 0.9999245598889713 0.012269665043486979 0.2815729727650257 -0.004589102213200177 -0.012272173311218826 0.9999141632675758 0.9203893622801831
0.9999913808213144 0.0011988160940447888 0.003975062647752737 74.7104645195326 -0.0012591572306094383 0.999883493023401 0.015212327316724748 0.29529181464478893 -0.003956362742406689 -0.015217201427832427 0.9998763843468629 0.9298016547127417
0.9999909071914242 0.0017796846404341488 0.003875339604855434 76.17162464557173 -0.00184620649175186 0.9998498472049065 0.017230048343370254 0.3057076002580462 -0.003844093659391195 -0.017237046350975144 0.9998440414269778 0.9442253187791131
0.9999873038755914 0.0023439910238795205 0.004460694307570425 77.53075269256234 -0.0024262812236634196 0.9998253101829181 0.018532735282607328 0.3158069573285814 -0.004416474504547411 -0.01854332288753751 0.9998183034578029 0.9747276213122507
0.9999870951550136 0.0024940839772352504 0.004425953970900056 78.91457569524974 -0.0025670303025227795 0.9998596932374327 0.0165530720584782 0.31362803211359336 -0.004384048227832056 -0.016564220001610105 0.9998531925922297 0.9887636407183318
0.9999915347103153 0.002490169012522687 0.003275601623703927 80.29266422797112 -0.0025434962205138838 0.9998626367832022 0.016377978871602243 0.31959787618725755 -0.003234367741054132 -0.016386171707616446 0.9998605063918088 1.0026853141217276
0.9999925593028188 0.002221282542366041 0.003153924993622036 81.6499102246503 -0.0022696657489011444 0.9998785157925182 0.015420838950567756 0.3177425347940711 -0.003119287801194194 -0.015427882564307471 0.9998761175681692 1.022141403457744
0.9999925871790106 0.0017502707896830784 0.003429597526163663 83.14402629978805 -0.0018018369030778868 0.9998845059585202 0.015090663599081679 0.3213175659107219 -0.003402788680390311 -0.015096731310079157 0.9998802476961667 1.0361641648344901
0.9999943752838402 0.0015663768263000336 0.0029657822442346305 84.43193346466694 -0.0016103861660728698 0.9998877626941222 0.014895256659046419 0.32849432437210313 -0.002942117787973196 -0.014899948932153285 0.9998846610808373 1.059377323376957
0.9999942514832781 0.0008701144592710863 0.003277178851698455 85.84807309648113 -0.0009203754876686575 0.9998815044281674 0.01536652242461581 0.32640264217764525 -0.003263419887166054 -0.015369450324988505 0.9998765574246391 1.0749232992130966
0.9999923879772227 5.933768865766233e-05 0.0039013416474830425 87.17308971268811 -0.00011515107978908014 0.9998976353280762 0.0143075366695504 0.3323288690349551 -0.003900093311768879 -0.014307877003958719 0.9998900309173 1.0934603051330136
0.9999862260047596 -0.0013893158910831722 0.005061383418839664 88.53114233873255 0.0013237626672943353 0.9999155013015103 0.012932049696391772 0.3342040433164153 -0.00507892244067569 -0.012925171499986085 0.9999035675946644 1.1079599910198554
0.9999813023764124 -0.0024385040744072583 0.00560790472932295 89.91839274988268 0.0023776380126308023 0.999938475151662 0.010834793438266965 0.3364537623708093 -0.0056339803917795596 -0.010821257285921957 0.9999255765584242 1.1259938932695654
0.9999802937235553 -0.0031818537753624267 0.005411836204497901 91.30286528551012 0.003131517455023351 0.9999519962266574 0.009284333080615801 0.3421601447811534 -0.005441117806203653 -0.009267202861443398 0.9999422549268252 1.1394628946159548
0.9999800731483454 -0.003679851563938003 0.005129522267937892 92.68851186085922 0.003639669347793444 0.9999627919507007 0.007820966768791612 0.35147600104671634 -0.005158111405216108 -0.007802141156579577 0.9999562592834269 1.1547676734693215
0.9999812647595145 -0.00369957159906883 0.004876812477935623 94.01223194935817 0.0036655555178576 0.9999690212610286 0.0069656457709188265 0.3606964797188233 -0.004902431305698122 -0.006947639040982118 0.9999638475860261 1.170364296675745
0.9999848981529386 -0.0037034055199838267 0.004060573064453386 95.37792514420644 0.0036738518998205923 0.999966885070818 0.007261650913106927 0.36457169519858285 -0.004087331436939713 -0.00724662330469822 0.9999653894872584 1.1879008405511953
0.9999871194994853 -0.003477941596907618 0.0036965872600068527 96.7596916538171 0.0034517423728683987 0.9999690475865843 0.0070703142342266245 0.3773293754212261 -0.0037210629816881793 -0.00705746349816012 0.9999681724431325 1.2001453576008232
0.9999904954994719 -0.003344967203553689 0.002796445087548148 98.12414152187038 0.003321560406099903 0.9999597604133647 0.008333354097530962 0.3923059459513325 -0.0028242073559056175 -0.00832398633188191 0.9999613668059169 1.2213601538317613
0.9999911986214414 -0.002899981111784957 0.003031961280133803 99.48883302218954 0.0028720770944099757 0.9999538530982044 0.009167488599306267 0.40238693699975503 -0.003058406908294853 -0.009158699886224862 0.9999533810951275 1.2347264358866492
0.9999849794941501 -0.0031071678409106507 0.004515118391864803 100.81330933915586 0.0030613671670969103 0.9999441497976663 0.010115597683302207 0.40969478468957793 -0.004546297081402203 -0.01010162330670762 0.9999386423123257 1.2549768026979313
0.9999778861342005 -0.003129331193156767 0.005868094142011156 102.14473643864038 0.003065947409313608 0.9999371993134993 0.01077948957782393 0.42911795619036036 -0.005901458214652781 -0.010761259933605712 0.9999246812013304 1.271579738115285
0.9999844592055027 -0.002801741783884187 0.004819916021551728 103.49913052933448 0.002751771489901958 0.9999427230001605 0.010343039818710738 0.4325934598000364 -0.004848618478054996 -0.01032961577216261 0.9999348928489563 1.2884689390025077
0.9999946142824119 -0.002371745179044549 0.0022685305764170616 104.86400916384166 0.002348251490217073 0.9999441598226914 0.010303540723006873 0.44464593150067266 -0.0022928412743043252 -0.010298158150739705 0.9999443438599936 1.3006243311870767
0.9999958260412191 -0.002668285037114141 0.0011082215936340579 106.17220780906007 0.002657671764804353 0.9999516231503515 0.009470382239811434 0.4674245927232205 -0.0011334376605908858 -0.009467397421587778 0.9999545408192971 1.3121936405407413
0.9999940226707981 -0.002605214736105377 0.0022732089332404893 107.4917851769354 0.0025894580172341765 0.9999727928617584 0.006907115420476033 0.4715112071198075 -0.002291141604608195 -0.0069011877552763 0.9999735617893675 1.335621976186298
0.9999894369607918 -0.0020219963350970385 0.004127650380001725 108.78824182752685 0.00200336846216519 0.9999878136353183 0.004512105457616444 0.48074863623710984 -0.0041367235396477875 -0.004503788591475443 0.9999813015285235 1.3509415385463674
0.9999875029588503 -0.0010399436369135113 0.004890035107782705 110.21251709845814 0.0010276322504764752 0.9999962980722087 0.0025194868199816473 0.49511221997443144 -0.0048926371295125665 -0.002514430176068462 0.9999848697569422 1.369061853866379
0.9999925569942006 -0.00040686385682400827 0.0038367196929411504 111.50508289566936 0.00039822854560344094 0.9999973867595483 0.0022511970370792467 0.4865095370166401 -0.0038376255973790246 -0.0022496523901034365 0.9999901057980014 1.3860634689605598
0.9999990464857651 0.0003587264058025656 0.0013335452471975845 112.8068894863935 -0.0003643024511815864 0.9999911828471281 0.004183480814566141 0.49917069104889666 -0.0013320327640889249 -0.004183962639359948 0.9999903600262093 1.3905939818989554
0.9999987788485115 0.0014703562617262096 -0.0005294846072800637 114.17355102388464 -0.001466650198701441 0.9999748906784528 0.006933033233080609 0.5079754497471902 0.0005396653411078212 -0.006932248198092281 0.99997582605593 1.4202155580989122
0.9999941627596078 0.0032478376210161044 -0.0010611302929845162 115.52958017283305 -0.003237423353029251 0.9999479757662846 0.009672892584079409 0.5099987610040334 0.0010924910729327724 -0.009669400793088992 0.9999526534549315 1.436334993517084
0.9999894560886993 0.004473772306174702 0.0010358922626133738 116.85717241573262 -0.00448414757786395 0.9999375154986476 0.010239996039629096 0.5231950642895574 -0.0009900161247044586 -0.01024453316379946 0.9999470333014286 1.4541123343993563
0.9999817709901885 0.005188896832089049 0.003087561658049821 118.17146319259909 -0.005219296391146402 0.9999371684143572 0.009920593160647822 0.5237886471457859 -0.0030358907272313453 -0.009936527217477061 0.9999460229404129 1.4704980229446463
0.9999734338080627 0.006176238339991885 0.003871144285588374 119.47578732755241 -0.0062136515059377255 0.9999333732821695 0.009728285126605993 0.5250431474780961 -0.003810802156369059 -0.009752080624635945 0.9999451858529125 1.4852839260877357
0.9999690576407784 0.007203263820649118 0.0031617639608096182 120.83172028401894 -0.007237611583767125 0.9999134156704353 0.010989910866137048 0.5275059735450374 -0.003082326974262626 -0.011012454431835107 0.9999346104160064 1.5037838083935529
0.9999614285735074 0.00835142884732443 0.0027193751926443007 122.13410393777266 -0.008384662333659455 0.9998873662606654 0.012447980955177131 0.521885920214495 -0.002615110472007688 -0.012470301861543588 0.9999188230895051 1.5193766213447428
0.9999517569701191 0.00949193822929827 0.0025272200187329077 123.50579387042585 -0.009523969485290025 0.9998704057193575 0.012979436499742177 0.5215757974875644 -0.0024036924959659027 -0.013002879498740308 0.9999125698715493 1.5297234678114404
0.9999387539646487 0.010940342498439412 0.0016724908497691602 124.8414153571935 -0.010964099501489423 0.9998285035314097 0.014924880175842764 0.5186696091721199 -0.0015089207226227867 -0.0149423034421961 0.9998872190032705 1.5432601574633895
0.999928966145577 0.011888929573511849 0.000846177660709925 126.15977339805666 -0.011900510943243306 0.9998115926301895 0.015334832296894075 0.5092203755146542 -0.0006637034934030895 -0.015343812951160303 0.9998820564955612 1.5592083367541578
0.9999167853946611 0.012891518405052888 0.0004806653924987101 127.50781986570928 -0.01289742164195253 0.9997966417487689 0.015502634062434231 0.49462751792628085 -0.00028071515288239344 -0.01550754336109476 0.9998797114142814 1.5839395973818007
0.9999030238743114 0.013843464312383239 0.001517017745436699 128.82469267996603 -0.013864381039891875 0.9997947170818869 0.01477506797041888 0.49496487557561847 -0.0013121682014455558 -0.014794667653637334 0.9998896919278794 1.5993884784044252
0.9998906961609036 0.014564916640890425 0.0025414433119158256 130.22055371646908 -0.014595849591767832 0.9998139590194709 0.012609858227051548 0.484512564567155 -0.0023573089653796653 -0.012645574445463595 0.9999172628479749 1.6109640735105648
0.9998813780519005 0.015139955945494686 0.002830469749200679 131.4576431013468 -0.015174346618260337 0.9998060809594796 0.012551481233514971 0.4642194923783587 -0.0026398919942965723 -0.012592942881426388 0.9999172209537366 1.6326748016329318
0.9998810287042241 0.015147356754377212 0.002913077537261287 132.83166371504208 -0.01517819309747205 0.9998256964691391 0.010871942526379989 0.44494911843928814 -0.002747888585500708 -0.010914864330658485 0.9999366554162145 1.6491791904619506
0.9998837179398525 0.014900574130102052 0.0032439928129770713 134.22533851430615 -0.014928559140631834 0.999850008780142 0.008780550343480424 0.4350486154944061 -0.00311267100124172 -0.008827957461557567 0.9999561882634133 1.6592900067770895
0.9998915083700793 0.01436956585680226 0.0032383740510732385 135.56523222155872 -0.01439603424505298 0.9998618902299302 0.008303894498738196 0.4135175435103873 -0.0031186034411100883 -0.00834961333942688 0.9999602783459247 1.6873465960529719
0.9999060053777719 0.013341513508828442 0.0031598143554309125 136.8477774907777 -0.013363801101383438 0.9998852036141467 0.007140617173533445 0.4005618620006387 -0.003064184979680873 -0.007182173124483018 0.999969513115085 1.6977021174675737
0.9999179149784264 0.012175778625196294 0.003989200429484566 138.1519403408585 -0.01219837904449901 0.9999094023980931 0.005690917726940916 0.3835171295318055 -0.003919547663074692 -0.005739112366759858 0.9999758495760578 1.7127582982009881
0.999927594888612 0.01121820296442178 0.0043539525175236606 139.53871234179633 -0.01123229448916962 0.9999317130552368 0.0032256451956831633 0.3636266664531755 -0.004317469256912208 -0.003274316519352159 0.9999853190475082 1.725746658173078
0.999942422102706 0.009942259648820511 0.004037815306450005 140.8928962677059 -0.009951976340817072 0.9999476132845058 0.0023935023568540685 0.35466303739031185 -0.004013806956666421 -0.002433548786419572 0.999988983536328 1.7364528797916585
0.9999533839057283 0.008857763025490859 0.003843182231878021 142.2194205685699 -0.008865736071690791 0.9999585714642574 0.002062541895041583 0.34668038425021097 -0.003824753507129137 -0.0020965183867374068 0.9999904878903918 1.7516810129353257
0.9999642992187909 0.007951920578494562 0.002857839566133425 143.58860456373634 -0.007956036165590622 0.999967325424637 0.0014316325053123668 0.33274308680264914 -0.00284636195945931 -0.001454318469857136 0.999994891577644 1.7595650758550923
0.9999740248528632 0.007096150601042876 0.0012626425513528187 144.9398587141664 -0.007096424205430788 0.99997479751922 0.00021234380536187044 0.3213477667673536 -0.0012611039060061396 -0.00022129853686450962 0.999999180321612 1.7776988679301304
0.9999837363968956 0.005703234798596427 -7.3848472867837314e-06 146.2601307172518 -0.005703236092409142 0.9999808547104089 -0.0024006896330905133 0.3410195518876142 -6.306990754327667e-06 0.0024006927067547275 0.9999971183132228 1.8119727992569572
0.9999841768364363 0.004895935064904409 0.0027705408488297627 147.6354948657859 -0.004863776449067672 0.9999220735463233 -0.011497413338425643 0.32248162979332984 -0.002826615539525945 0.011483756121642113 0.9999300643494675 1.8253605394349781
0.9999859922349597 0.0033161150344661913 0.004125374521337323 148.91949361516077 -0.0032419394515242313 0.9998352609709177 -0.017858912279577862 0.31054257161612436 -0.004183917118653599 0.01784528790171774 0.9998320061576591 1.8389572496894766
0.9999974228172296 0.0021045031478912077 0.0008517190847090933 150.21413706090507 -0.0020845688693355157 0.999738663004504 -0.022765330364302092 0.30438207275970625 -0.0008994062084169459 0.022763496226795514 0.9997404734769944 1.849505546238192
0.9999927772778804 0.002902759222143841 -0.0024534426770968024 151.60447170812594 -0.0029533654542540067 0.9997776049548723 -0.020881050337396533 0.28594680201492906 0.0023922843821669836 0.020888145432218907 0.999778956747859 1.8790444339436663
0.9999841684043477 0.0036774829821368637 -0.0042589974854641615 152.9934947823557 -0.003754530639515593 0.9998268410019374 -0.01822612168739043 0.30284030961393843 0.004191233749391093 0.018241823675354363 0.9998248193702011 1.8861340495223804
0.9999800773389893 0.0045685258192433775 -0.004355857774060998 154.30632276515976 -0.004642806097886746 0.9998413213504226 -0.017198153150225166 0.3033256037384234 0.0042765963857215525 0.01721803392028488 0.9998426126302447 1.9173597290787583
0.9999855095532257 0.005188680016930288 -0.0014346718291406695 155.61392810378402 -0.005220152583600031 0.9997245786103245 -0.02288049233327726 0.2917217656607707 0.001315557136484557 0.02288764999057644 0.999737177855925 1.9327375036598815
0.999983635890733 0.005531621477542551 0.001459148580220415 156.9836025264297 -0.005486524202921781 0.9995560430805027 -0.029285060925648424 0.27705618128918913 -0.0016204946530991105 0.029276576047710508 0.9995700356113132 1.952254237354971
0.99998171062518 0.0054043870345383 0.0027149614950128733 158.29225327669883 -0.005306376352834245 0.9993768766010203 -0.03489557114005985 0.26402754487514474 -0.002901858911210151 0.034880526314403734 0.9993872763342995 1.9522546658786075
0.9999818797774722 0.005498684556933239 0.002450425443969792 159.67274489576656 -0.005413359704241574 0.9994219334869883 -0.033563289496746314 0.2579667596215978 -0.00263356287671364 0.03354941628811523 0.9994335900965612 1.9898746513795205
0.9999746010333813 0.006514337040627238 0.002891487688227444 161.07048386924404 -0.006417596302683403 0.9994578713127537 -0.03229207222639882 0.2516462881597932 -0.0031002815720258758 0.03227269564043706 0.9994742925009497 1.9992283791163907
0.9999675937146969 0.007570911621788116 0.00273730116246709 162.36104861996313 -0.007483774067450082 0.99950512394777 -0.030553237600299994 0.25322709285310047 -0.0029672623993054078 0.03053176213991091 0.9995293926916234 2.0089719124995282
0.999963513390502 0.008541540369333944 0.00011821946568971433 163.71888780596655 -0.008535304460886803 0.9996043904707321 -0.02679946136391885 0.25527583080015 -0.0003470813780588607 0.02679747450330445 0.9996408229433018 2.014551025138796
0.9999555236560193 0.009423921646159178 -0.0003747140555040454 165.1039894983993 -0.009430025507540622 0.9996941557720552 -0.022861966978476502 0.25308684739722276 0.00015915006589079861 0.02286448372487053 0.999738560852412 2.0376783176743403
0.9999536945715205 0.009529869689848218 0.0013380196040084541 166.34830782762634 -0.009498118210635419 0.9997125903103722 -0.022011872373397214 0.25009210029439877 -0.0015474053195573957 0.02199814443584831 0.9997568140193678 2.0463358818987363
0.9999559264704195 0.009343900279684266 0.0009146825941925374 167.76958473289332 -0.009321424105848448 0.9997126173841681 -0.022086052058595824 0.24037404707621654 -0.0011207895983233972 0.0220765525039444 0.9997556549778635 2.0530217046684878
0.9999583263117441 0.009041812989555571 -0.00126145062426916 169.16872099820748 -0.009064395871169823 0.9997741568926407 -0.019221652819159243 0.23730583944295996 0.001087367144199393 0.019232286069822205 0.9998144511884304 2.0835182310000393
0.9999562055529309 0.0085150387299764 -0.0038834381174097142 170.6146677129078 -0.00857885678294232 0.9998233399378422 -0.016723998679618608 0.23469412292036382 0.0037403465725134796 0.01675658172077833 0.9998526025252684 2.09506085687253
0.9999536057639872 0.008303537995802095 -0.004882374048827682 171.89843745529024 -0.008357019692878529 0.9999041610070073 -0.011037618526006312 0.22718358631047889 0.004790254842201565 0.01107790854020145 0.9999271640479229 2.1254897334686906
0.9999535031908844 0.008532188853311338 -0.004493685530757706 173.31306086350895 -0.008565145142978136 0.9999361847967659 -0.007366452522582364 0.23464605317277298 0.004430546801200667 0.007404599074843404 0.9999627703907698 2.1410982015702844
0.9999563935236843 0.009070023723152701 -0.002223897652350619 174.6786174530236 -0.009078973552453623 0.99995059225863 -0.00404787362069271 0.24249621879211966 0.002187073464822571 0.004067887815156595 0.9999893344423143 2.1630188819291183
0.9999571621778293 0.009248392751628965 -0.0003755539561505456 176.02910030122095 -0.009248846245894973 0.9999564790117158 -0.001224306175730496 0.2389496365584912 0.00036421474730981935 0.0012277271699177314 0.9999991800164708 2.198642502830353
0.9999657848794131 0.008243678245997484 0.0006861774376083581 177.52275966132336 -0.00824079543940153 0.9999576260645454 -0.004103092234500012 0.2342110583023251 -0.0007199729337647755 0.004097297198805966 0.9999913468598813 2.217256875906919
0.9999776611297708 0.006671053201072917 0.00041748128310007445 178.85932664008118 -0.006669174515397897 0.9999682978720882 -0.004350328962492554 0.23339385999043744 -0.000446489324005993 0.0043474475255245 0.9999904501280481 2.2389863756310735
0.9999833210823169 0.004876344701837478 -0.0030949668057611486 180.25140064663995 -0.004897094319161516 0.9999653452163544 -0.006732520595322552 0.21227215089328177 0.0030620294592210917 0.0067475646485282295 0.9999725467966133 2.2564287604561035
0.9999715196255415 0.003371756018052671 -0.006752125527550521 181.58880100150947 -0.0034108399922254404 0.9999774481545731 -0.005785270332093501 0.21836514469541132 0.0067324667346010236 0.005808135985209995 0.9999604689426701 2.2729246427245955
0.9999581766775382 0.0027275669999746975 -0.008729563218962252 183.04359818542622 -0.0027312748945734176 0.9999961848355969 -0.0004128579671396745 0.23381443409176 0.008728403816476557 0.000436683536908327 0.9999618114079682 2.3006586514727636
0.9999706736123046 0.0027405318479737486 -0.007151321594215375 184.49757763141292 -0.0027155168760434546 0.9999901693033973 0.0035053194802682755 0.23914611181841144 0.007160857731415471 -0.0034857971474350955 0.9999682851644833 2.3307147313570358
0.999987031183094 0.002587966854515103 -0.004386330263649253 185.90078664547883 -0.002564465776315169 0.9999823736857454 0.005354982082550321 0.2499091852599417 0.004400111464949764 -0.005343664040923414 0.9999760418498604 2.353504061749536
0.9999934225239806 0.003058908273279435 -0.001948842977596829 187.26226561280794 -0.0030488585517395614 0.999982147249142 0.005139031477504707 0.25716798064925467 0.001964528011291871 -0.005133055929070158 0.9999848960691966 2.3740554814043406
0.9999934490618814 0.0033418500061954608 -0.0013906372131044244 188.73421412016086 -0.003334239339284275 0.9999796466658247 0.005439586576245903 0.25860779149883983 0.0014087871914340378 -0.005434914224548245 0.9999842383887962 2.400850652928295
0.999994555321903 0.0031880437472475284 -0.000851882395247859 190.17865399522344 -0.0031840772982178246 0.9999842696729933 0.0046175814371994485 0.25739448270006415 0.0008665900464874804 -0.004614843836559476 0.9999889760582641 2.423226222689271
0.9999948229478279 0.0031885159957115365 -0.00043294721100828164 191.56162634464258 -0.0031875834644257395 0.9999926345628739 0.0021377866263385392 0.2573164171676835 0.0004397603890163187 -0.0021363955035348624 0.999997621209697 2.446950600349194
0.9999942417633154 0.0033911860202459686 0.0001276620063338169 192.90468628264136 -0.003391024489165796 0.9999934755161499 -0.0012449409806909637 0.25001449257199004 -0.0001318829998548688 0.0012445009070363245 0.9999992169118768 2.458102360182594
0.9999922877017101 0.0038953330230126573 0.000500916899558771 194.2899731104501 -0.0038934077921924425 0.9999852438046696 -0.003788607749469235 0.2524047385969954 -0.000515667396808906 0.003786628256836184 0.9999926977401288 2.481010335951033
0.9999883032011245 0.0043513389578347696 0.002111707889380609 195.70024716849983 -0.00433438874216562 0.9999588767072379 -0.0079660510060315 0.2508040319331362 -0.00214628403708149 0.007956804865832575 0.9999660407839654 2.501909454935022
0.9999859029675549 0.004548575225300948 0.0027394031437189986 197.13569466265537 -0.004513888427559742 0.9999112081214344 -0.012537969707935461 0.2345901519397341 -0.0027961898053568083 0.012525427599620836 0.9999176441017625 2.504898267308851
0.9999871430603934 0.004750169070103777 -0.0017747134184392167 198.5543627824274 -0.004768550563079794 0.9999334937304138 -0.010500906704453422 0.23518561586492512 0.0017247143066346318 0.010509234505600911 0.9999432890672684 2.5207127618266347
0.9999645603899392 0.005211016465764473 -0.0066123574880037235 199.9775128430913 -0.005233236218807516 0.9999807035669188 -0.003347496450814434 0.25075045016026654 0.006594786033965665 0.0033819818455434617 0.9999725351208215 2.550410641968454
0.9999518858940163 0.006687215697199145 -0.007176840754788067 201.48827096800358 -0.006648075931087148 0.9999629749001827 0.005463690620010574 0.2550156398830513 0.007213111909221522 -0.005415715557137868 0.999959319693351 2.565241780654621
0.9999622552186573 0.007945223404883232 -0.003515901458115281 202.92539251493537 -0.007899162688597755 0.999885251985521 0.01292617850217262 0.276477992029409 0.00361819939137502 -0.01289791792877673 0.9999102721475895 2.5876033218489622
0.999960939100725 0.008755592280397014 -0.001208253539501109 204.2790941288455 -0.008738653979369081 0.9998723470918817 0.013376301716114402 0.27348240022583487 0.00132521674646892 -0.013365220716139346 0.9999098032701669 2.6076208219038843
0.9999658201437891 0.008241208377871597 -0.0006640998657263773 205.78291833698594 -0.008232219095399495 0.9998872285148847 0.012560287480315447 0.2617147397862809 0.0007675369206095059 -0.012554391155899519 0.9999208959461644 2.633878263584511
0.9999748432955303 0.007047153163394998 -0.0008064789961933199 207.2381089268327 -0.007039108557714435 0.9999293607655576 0.009577287178311572 0.2557738155511056 0.0008739146367698159 -0.009571369352124685 0.9999538115142783 2.651188754583595
0.9999820865209184 0.005849026273934886 -0.0012710345854543739 208.70256967824224 -0.005839064431698649 0.9999532693330299 0.007704834634679005 0.24274033930298766 0.0013160409693750142 -0.0076972749614455625 0.999969509532333 2.676259599399068
0.9999825949927172 0.005513936755516522 -0.0020990981605221544 210.18983565989504 -0.00549543215195235 0.9999468664533503 0.008721496178350411 0.24900917311590925 0.002147076406333023 -0.008709808929124473 0.9999597638361872 2.696538409102431
0.9999831495451461 0.005465155624296046 -0.0019577282171665514 211.65941589669254 -0.005445278241643979 0.9999349855311783 0.010018665361880855 0.24135995840918772 0.0020123545018568383 -0.010007836167948488 0.9999478954648559 2.721480241916695
0.9999851891565583 0.00529878422035648 -0.0012427201246690773 213.10992710333161 -0.005284768194729901 0.999925280691293 0.011022897058701787 0.242763838743194 0.0013010352224777086 -0.011016166312509377 0.999938473800826 2.7363668783707036
0.9999865335259162 0.004959836742502456 -0.001527346165582538 214.61576173825827 -0.004942576009272603 0.9999261243951604 0.011104805017048375 0.24571708735357978 0.0015823113519026384 -0.011097106449963543 0.9999371732860138 2.765543461879762
0.9999863674723509 0.004595834104976997 -0.0024785435908588503 216.10566207007196 -0.004568393579330592 0.9999294410515598 0.010965523171257456 0.24281720245784574 0.002528764432798797 -0.010954050720833067 0.9999368050648245 2.7875127253680003
0.999985539067509 0.004520891955932036 -0.0029125919361187207 217.5157861699117 -0.004493609325363563 0.9999465963819671 0.00930654927188558 0.23402468893517542 0.0029545102969122322 -0.009293326640219713 0.9999524513439945 2.8091002014238695
0.9999874905395428 0.003968507010332017 -0.0030446209183691737 219.00123195567974 -0.003939733255012446 0.9999480656184837 0.00939917909883492 0.23669369702910334 0.0030817635060099192 -0.009387066525894647 0.999951191666739 2.8234803350297786
0.999988689732852 0.0036076691059834256 -0.0030992144158725836 220.4527049608938 -0.0035765722770543353 0.9999437883476083 0.009981396484495192 0.2538922785257584 0.0031350497796408354 -0.009970199027873983 0.9999453818055383 2.852838554383641
0.9999884178049628 0.003524343129529878 -0.0032776914791233275 221.97512424437613 -0.0034910072622301963 0.9999426850385869 0.010121240344764191 0.24423923896333674 0.003313174342234068 -0.01010968067382753 0.9999434070148426 2.8757721085130856
0.9999875419582474 0.003153413433610975 -0.0038693555043653647 223.45895359519113 -0.003113268771779858 0.9999417195868777 0.010337552282461474 0.2477025639918833 0.0039017285729662232 -0.010325377153144863 0.9999390796947523 2.895561775931124
