1.0 8.809142651444726e-20 8.673617379884037e-19 -5.551115123125783e-17 -8.809142651444726e-20 1.0 1.7347234759768075e-18 0.0 -8.673617379884037e-19 -1.7347234759768075e-18 1.0 -5.204170427930421e-18
0.9999993011580781 -0.0003480319849955573 0.0011298482609536818 1.3160940844717768 0.0003481171165631284 0.9999999365833229 -7.515200288644408e-05 -0.058402083065748844 -0.0011298220340017183 7.554526988583102e-05 0.9999993588973364 0.018140396604628333
0.9999976844684006 0.0012037922336848642 0.001783799903291163 2.5652097675998258 -0.0012028053760217308 0.9999991230587825 -0.0005542029350592417 -0.11574037075546209 -0.001784465484192614 0.0005520560876714074 0.9999982554569841 0.031373844761168695
0.9999988791670098 -0.0006459956780577826 0.0013506866061808059 3.9298313638257074 0.0006480055931080649 0.9999986827313062 -0.001488161417253093 -0.028133597638701456 -0.0013497234811198266 0.001489035001748023 0.9999979805086049 0.05346470984280913
0.9999991821407669 -0.0001576118970348258 0.0012692030125951571 5.252204446631362 0.0001601575767096134 0.9999979753972544 -0.0020058790947152364 -0.028901624260865975 -0.0012688842925539126 0.002006080726667348 0.9999971827824168 0.059454606641213985
0.9999988158891702 -0.0001419259390426621 0.0015323437229840928 6.560908911041462 0.0001454777346183365 0.9999973028020027 -0.002318021774745596 -0.02512217147989743 -0.0015320106025325702 0.0023182419518443854 0.999996139341431 0.06651415819764896
0.9999972771966282 -0.00016965339252561796 0.002327405649289848 7.903480163603316 0.00017758719616389296 0.9999941733062185 -0.0034090785265760183 -0.02554863606256608 -0.0023268137264724044 0.0034094825617691045 0.999991480646982 0.09822113515298808
0.9999965466017513 -3.263723122726187e-05 0.0026278735476876576 9.218940818365109 4.230085698041917e-05 0.9999932375055722 -0.003677384092187222 -0.00898740786909873 -0.0026277357570725066 0.0036774825540185417 0.99998978551126 0.10387465749327486
0.9999979899987417 -0.0005771108005499468 0.0019201410365975377 10.551898492290936 0.0005834883986520707 0.9999943101815105 -0.003322521014767036 -0.009505357182446038 -0.001918212648580889 0.0033236347165142457 0.9999926369291456 0.12184376506169275
0.9999998731617438 -0.00027436977096694534 -0.0004223715486508524 11.867360796306967 0.00027408751209574434 0.9999997392027857 -0.0006681844030748063 0.008326298660727241 0.0004225547680991643 0.000668068551556512 0.9999996875658903 0.13275663348835645
0.999998782383101 -0.0005514864324029396 -0.001459827054962096 13.215935448780753 0.0005548953909923397 0.9999971180473599 0.0023358056597075146 -0.003901598533258641 0.0014585346826796017 -0.0023366128668955146 0.9999962064512494 0.1581610920736006
0.999998544701924 -0.0003684438153021456 -0.0016657860574303969 14.561373025249184 0.00037691507701367757 0.9999869850443937 0.005087993400976913 0.021890708920179285 0.0016638897375979215 -0.00508861385631003 0.9999856686372872 0.15986435732068818
0.9999997148070265 -2.7596500827348314e-05 -0.0007547345881217232 15.910560104604581 3.199883792130723e-05 0.9999829840699521 0.0058335706585276445 0.036576499262951145 0.0007545607594732627 -0.0058335931454640425 0.9999826997648876 0.18479525476374947
0.9999980619728833 0.00020754009364501853 0.0019577991691904946 17.250940452462967 -0.0002153389267102216 0.9999920402564316 0.00398410001454572 0.02927524833079055 -0.0019569567251210393 -0.003984513883623663 0.9999901469362021 0.2048673445817316
0.9999926760526641 0.00039249986842345997 0.003807070380895332 18.610650857684032 -0.0003902893843267083 0.9999997548522453 -0.0005813515679388168 0.03995937795146628 -0.0038072976280145 0.0005798614509955015 0.9999925840952368 0.2223638621681972
0.9999983176471616 -3.500068590822625e-05 0.0018339786799164111 19.955486374264687 3.987710861183332e-05 0.9999964641595543 -0.0026589618660688734 0.026192598684501786 -0.0018338791297713023 0.0026590305265238416 0.9999947832083906 0.2519475212262517
0.99999987504407 0.00026118426138631155 -0.0004262565260965239 21.301053070872445 -0.00026258980406906565 0.9999945182235138 -0.0033006922784918247 0.0317945833389585 0.00042539210057870066 0.0033008037966684224 0.9999944618525929 0.24615983677270484
0.9999983497210042 0.0004954158227796653 -0.001747889707824319 22.653811532349152 -0.000497354605493016 0.9999992614303548 -0.0011089531735918015 0.03809092425408729 0.0017473390239371187 0.001109820664505752 0.9999978575499189 0.29152035961682216
0.99999913504313 0.0011749413979449594 -0.000591122409644893 24.023885023570703 -0.0011744623696064043 0.9999989822148252 0.0008100663282274486 0.04524807816036137 0.0005920735884733837 -0.0008093713765290538 0.9999994971832938 0.2789199868618609
0.9999912628700484 0.001965762402023069 0.0036891681642919035 25.42054409142076 -0.0019698061988356256 0.9999974628075511 0.0010928137991548727 0.058216039101135215 -0.0036870105918835033 -0.001100071197417266 0.9999925978707322 0.2925737908534865
0.9999873022206032 0.002075371279301546 0.004592192462556796 26.788788839503823 -0.0020731408633204358 0.9999977307927289 -0.0004904042757824867 0.0391279903087447 -0.004593199812869476 0.00048087778689081894 0.9999893355791516 0.3125491445020826
0.999990481443929 0.0020569352985559 0.0038478615771436204 28.158594118647095 -0.002039594003966448 0.9999877713419368 -0.004505243931821944 0.04891845616739823 -0.0038570815182320884 0.00449735297300413 0.9999824482151664 0.33607108212616765
0.9999971596185849 0.0019764099949727432 0.001332125479828619 29.51196338885385 -0.0019701435219713803 0.9999870652311096 -0.0046891262485975185 0.05494737029268656 -0.0013413758850788218 0.004686488451305932 0.9999881186977827 0.3373417260469095
0.9999960615281283 0.0027180788141383753 -0.0006992680401635234 30.904455299588186 -0.002721331563446278 0.9999852824615584 -0.004693529034665717 0.05618813314136516 0.000686500366826593 0.00469541348952264 0.9999887408413201 0.3731321281802506
0.999993007594802 0.0032211911700597462 -0.0018996549550210806 32.28798284366887 -0.003225542144314089 0.999992171726114 -0.0022918037361981704 0.06966558274493385 0.0018922577460432526 0.0022979151280948886 0.9999955694635285 0.3666847106164856
0.9999859585962866 0.0037542368658244987 -0.0037400956967763676 33.67173994992751 -0.003757577284521943 0.9999925473277902 -0.0008865110423310105 0.06778264156238221 0.0037367396506320263 0.000900552293103714 0.9999926128638905 0.4062434921591134
0.9999850422716913 0.003983430801976901 -0.0037480010578560584 35.06378441652301 -0.003984357132236166 0.9999920336848211 -0.00023971887392467453 0.0788680376157863 0.0037470162965521337 0.00025464866302138536 0.999992947486597 0.40968524912473975
0.9999917803959459 0.0033841109755221865 -0.002233144297101922 36.45612358621767 -0.0033853576756016643 0.9999941157980878 -0.0005547275085105388 0.07158468225669305 0.002231253897380004 0.0005622829410569809 0.9999973526684656 0.44260532915927797
0.9999942207401783 0.0032540466102960793 -0.0009847166605462126 37.85694449972476 -0.0032534563758104844 0.9999945272529462 0.0006004046696861665 0.08062353208995557 0.0009866650162212078 -0.0005971974670939612 0.9999993349234444 0.4541470800107427
0.9999959112981788 0.0027588110538207112 -0.0007525612894580067 39.25766052689208 -0.002756594746188991 0.9999919071470885 0.002930328605127038 0.07367087398729162 0.0007606394220373357 -0.0029282421173904283 0.9999954234024132 0.4716593372164351
0.9999943279947979 0.0033166006051250497 -0.0005866333254732994 40.6560780994462 -0.003313503877913198 0.9999809731091726 0.0052032789357638895 0.08855539174824383 0.0006038793617320488 -0.00520130561093983 0.9999862907808577 0.49462487912023767
0.9999946316845304 0.0032664287222375805 -0.00025893150227382833 42.0783996165124 -0.0032643130302301053 0.999964339739625 0.007788678292024216 0.09544261246999403 0.00028436343119037414 -0.007787791246465244 0.9999696342614313 0.5137700155521288
0.9999951396683119 0.00310743513379529 -0.00025394220341850584 43.468769457655725 -0.003104965293593083 0.9999527876664807 0.009207693987098952 0.10387408700783295 0.00028254252601125023 -0.0092068607529239 0.9999575760425026 0.5362205466702142
0.9999966008683803 0.0025746236386050897 -0.00041178247283684116 44.89360621758467 -0.0025711915016323893 0.9999636550367008 0.008128811715369425 0.10512473841457759 0.00043269613741413876 -0.008127725312873814 0.9999668758790419 0.551893994561626
0.9999980892387619 0.001734517894072093 -0.0009016465495810681 46.29405761123341 -0.001727385959610125 0.9999676853319438 0.00785139666691755 0.09547411910488562 0.0009152358011843408 -0.007849824173182859 0.9999687708143082 0.5793072722378906
0.9999994811441658 0.0008918736963698616 -0.0004922120568961494 47.72245648948505 -0.0008882316392646373 0.9999725892313462 0.007350634701327914 0.1054396064509895 0.000498754402727067 -0.007350193689086053 0.9999728625801697 0.6011133856781596
0.9999999761884086 -0.0002036428047930206 7.843972337183568e-05 49.125019234160696 0.00020305492822385177 0.999972427740514 0.00742310766718798 0.10491997453114126 -7.994922307705561e-05 -0.007423091562859575 0.9999724452802542 0.6185971086349001
0.9999991895238898 -0.0012594426987683628 0.00018642867887688506 50.5533877285736 0.0012578855942931297 0.999966166492331 0.008129181660136032 0.11136489902345019 -0.00019666060982956855 -0.008128940565678977 0.9999669402784696 0.6359357632789597
0.9999975593457868 -0.0021795991357254577 0.00036145549821778414 51.992385828938055 0.0021766144475653965 0.999965133720365 0.008061866605138066 0.12682611067081526 -0.00037901453309420057 -0.008061060179649797 0.9999674372982171 0.6514284660392426
0.9999929595533908 -0.0035672917677246267 0.0011641619707580084 53.41106660462833 0.003557110326177187 0.9999564026237588 0.008633644530468455 0.1271179991014152 -0.0011949099454095645 -0.008629442693187571 0.9999620517344783 0.6752483401656515
0.9999891544352663 -0.004147827317721056 0.0021181455057374256 54.86135074795839 0.004132285764961963 0.999964891285207 0.007289746999779683 0.14538216503638898 -0.002148307752115936 -0.007280915155835228 0.9999711861090277 0.6951929794305881
0.9999854672235619 -0.004765977537082179 0.0025200793223160633 56.26216201297889 0.004754395778647273 0.9999782003464294 0.004581981306846367 0.14497880985072595 -0.0025418620054436267 -0.004569933263444514 0.9999863272302841 0.7006373293845075
0.9999854506567537 -0.005043087774900229 0.0019146123638750254 57.69184087123735 0.005036975855677627 0.9999822461102755 0.0031837616867185473 0.16660625912545407 -0.0019306343616987379 -0.0031740715088271324 0.9999930989366969 0.7247587221447346
0.9999844975546159 -0.00517957571060552 0.002043684393538412 59.14380588696775 0.005175954060303627 0.9999850320833809 0.0017734454503467827 0.17301853938335265 -0.002052839498819514 -0.0017628399410708328 0.9999963391159662 0.739288546061235
0.9999852328946827 -0.004742508824657598 0.00265379023578192 60.538166667862484 0.004739690244004142 0.9999881979492403 0.0010673793242556907 0.1839032809937127 -0.0026588209714793914 -0.0010547854184626269 0.9999959090410133 0.7627605006705689
0.9999845531317998 -0.004232204795227075 0.003603045984471642 61.998031259492215 0.0042332994612718595 0.9999909956668577 -0.0002962446253689396 0.19651889201123307 -0.003601759773521223 0.00031149282194225804 0.9999934651280256 0.7829039510942678
0.9999877486626263 -0.0038273244938245767 0.003139125972460129 63.398359850642194 0.003836492971770097 0.9999883776626867 -0.0029199077426267464 0.20581644495167095 -0.003127914054056145 0.002931915204582736 0.9999908099712235 0.7913818236479251
0.9999915383033456 -0.0035491198329773346 0.0020801610801795276 64.81794742567104 0.0035570180364643644 0.9999864324290991 -0.0038055985614815747 0.20846752642492838 -0.002066626332115683 0.003812965530141909 0.9999905951305089 0.8132917726250666
0.9999942383387564 -0.0027573801238777985 0.001979935388600678 66.27236531361436 0.002764676307397713 0.9999893634241087 -0.0036918292973674906 0.21731105371985507 -0.0019697345521423465 0.0036972819067567528 0.9999912250876485 0.8359556783190081
0.9999963792646492 -0.0019631979345766577 0.0018404650123088513 67.62939374783859 0.001966742593208554 0.9999962109648279 -0.0019261307222785521 0.23330224421548829 -0.001836676662866485 0.0019297434691999736 0.9999964513481931 0.8575748010355007
0.9999944352874092 -0.0014138288001674148 0.0030216688004249775 69.09592078202085 0.0014116908224786214 0.9999987518229072 0.0007095644080730538 0.24846419967999522 -0.0030226682314429066 -0.0007052947974369284 0.999995183006404 0.8739541098515072
0.9999912783102232 -0.0006042385523477145 0.0041325777981482134 70.46371600261095 0.0005867271863122719 0.9999908504956353 0.004237295862287183 0.2624709649995466 -0.00413510032462731 -0.004234834210163455 0.9999824834088433 0.8922757539900487
0.9999876801282153 0.00029982163829738026 0.0049547652593741 71.90750563635048 -0.00033849599377096945 0.99996947158089 0.0078064925989782515 0.27863524598602085 -0.004952273442823288 -0.007808073592180717 0.9999572535736347 0.9114771213678645
0.9999902492227867 0.0006830969276288136 0.004362893298787014 73.27289924245403 -0.0007354452817277601 0.9999276281647044 0.012008228559876708 0.28535464935518046 -0.004354374764156266 -0.01201132013960657 0.9999183804735851 0.9192573261327471
0.9999917203861481 0.0013559791576618387 0.003836727730219066 74.67319837605434 -0.0014159605616919035 0.9998761496627407 0.015674195076632074 0.29600398662233596 -0.0038149986683586675 -0.015679497955501335 0.9998697910873314 0.9373662598528465
0.9999902255349719 0.0022635764789154496 0.0037980331804831277 76.11379700355036 -0.0023304795772351667 0.9998405518912868 0.017704227141198403 0.3118533933987027 -0.0037573527191414767 -0.017712905330610137 0.9998360542035343 0.9555845009625534
0.9999878109758167 0.0025307976630994677 0.004239453146689246 77.4790184798479 -0.0026054347137323755 0.9998400660613135 0.01769333231646405 0.3113957661648877 -0.004193996870170669 -0.017704162270404184 0.9998344728146537 0.9718371865003125
0.9999878646142963 0.0026307976593886104 0.004165276439225512 78.89524480580894 -0.0027005755607987163 0.9998546133156053 0.01683624433006526 0.3150362270409887 -0.004120378111317996 -0.016847288659502253 0.9998495843620895 0.9943863540008772
0.9999930124649192 0.002314200532531106 0.002935898028065425 80.26137093547291 -0.0023608883496246745 0.9998692065434791 0.015999875384325932 0.31494565068079977 -0.0028984871116795037 -0.01600669491208554 0.9998676834913982 1.0091731995457205
0.9999932525787064 0.0021236174720323533 0.002997506612524334 81.64950170213346 -0.00217013942302585 0.9998759068979121 0.0156032464558631 0.321167385402528 -0.002963999315836159 -0.015609646181456334 0.9998737688599224 1.0346296502721823
0.999993676193065 0.0014982196245609644 0.003225354528746113 83.05538207946483 -0.0015458292653529784 0.9998891380810198 0.014809522594524605 0.31909419844626613 -0.003202809042372169 -0.014814414789384592 0.9998851309668957 1.041960930281692
0.9999954681610911 0.00122796189676487 0.0027487755201626458 84.42982773921818 -0.001268097958202145 0.9998919136231736 0.014647627744999515 0.32994183017008694 -0.0027304916862271075 -0.014651047080934853 0.999888939450069 1.0667214789769326
0.9999957954669935 0.0005890257185792228 0.0028393832143633587 85.81106091741411 -0.0006299887516435532 0.9998954310171556 0.014447496156410609 0.3369041358316734 -0.002830576356143527 -0.014449224190922812 0.9998915980033899 1.077790608479413
0.9999934586368309 -0.000570814205479514 0.003571673934124176 87.17322395533377 0.0005209015126609725 0.9999024194275214 0.013959952886849413 0.3430848624085815 -0.003579293947552616 -0.013958001079372739 0.9998961760406453 1.1010829953806205
0.9999880109487255 -0.0017165118182228423 0.00458601635297507 88.53893178248927 0.0016624138648764317 0.9999293001747019 0.011774168007660327 0.34721488928173333 -0.004605902620954992 -0.011766402989386632 0.999920165524097 1.1153310372291483
0.9999833411691834 -0.002676842608302347 0.005113892623706982 89.90089774762531 0.002628197498558158 0.9999514628532588 0.009495499751808828 0.3498142613176715 -0.005139062368273052 -0.009481901248083423 0.9999418401020614 1.1329550359966272
0.999979677754261 -0.0036702216697883116 0.005212825661671856 91.25300674560614 0.003624635421141809 0.9999553435848658 0.008727706121123875 0.354820719764826 -0.00524462549169838 -0.00870863416199781 0.9999483254621132 1.1504206613715902
0.9999808535806457 -0.003948078270656031 0.0047649921397786505 92.63524536279316 0.003911006322745376 0.9999622078283774 0.007764466790482989 0.37512716601149426 -0.00479546678299666 -0.0077456822143592485 0.999958503091687 1.1670747198876983
0.9999812098911384 -0.004261982129124368 0.004406287891884201 93.95832409152707 0.0042325491763670455 0.9999688135276737 0.006667645725895075 0.37776546286194457 -0.004434567862235897 -0.006648870609918403 0.9999680630537596 1.187009604806323
0.999982490061367 -0.004514999388652961 0.0038254870524560792 95.37735265777502 0.004491134207094688 0.999970543716818 0.0062242599741085085 0.3995857937211323 -0.00385347689780407 -0.006206970211938242 0.9999733117621621 1.1962059313813111
0.9999849127991666 -0.004466972216533856 0.00319692559502528 96.72362817314178 0.004448726558696265 0.999973905864208 0.005691785544634911 0.3996967692781186 -0.0032222672219050395 -0.005677477423722533 0.9999786913949985 1.2108227377697578
0.999988377347111 -0.004125599799048103 0.0024949142249711506 98.06855399299407 0.0041082889268935045 0.9999677262336202 0.0069042344439200366 0.4191879305519297 -0.0025233178129267344 -0.006893904369915632 0.9999730531118093 1.2312442052566555
0.9999893468578116 -0.003877905521878798 0.002503601336232599 99.4186468485527 0.00385668870281391 0.9999570764195778 0.008424444828031381 0.43910520530856756 -0.0025361630738166834 -0.008414699470232972 0.999961379609077 1.2444489827619216
0.999984220436297 -0.003928560004609913 0.004015631295497245 100.73556624411752 0.0038941240526981107 0.9999558860121407 0.008547621162455447 0.4398904963299111 -0.004049033992620408 -0.008531848918308242 0.9999554054445436 1.2666467719946404
0.9999786470066779 -0.0038001392225802495 0.005316434198111785 102.11073455764162 0.003753341721631868 0.9999543681101535 0.008784880383035966 0.4616472028054459 -0.005349575367681332 -0.008764738405257728 0.999947279312301 1.2804484891450911
0.9999847248788625 -0.0035193595827415084 0.004261938182660328 103.44568282853952 0.0034819048731040965 0.9999555337904635 0.008763947756788496 0.47292186237305356 -0.004292592153944566 -0.008748974223097795 0.9999525134238343 1.2945528906165016
0.9999926740648808 -0.0034175485578289764 0.0017240007030352622 104.77412414486975 0.0034022512282756113 0.9999554966828996 0.008799394310709365 0.4816702723374082 -0.001753996336621627 -0.008793464363408105 0.9999597984325874 1.309227882137276
0.999993782734613 -0.003491689927217982 0.0004925378887153055 106.10303905363732 0.0034877411106170133 0.9999634784227002 0.00780240236846428 0.49437993270100156 -0.0005197634702127981 -0.007800636014215091 0.9999694394948823 1.3241372113036827
0.9999937122473473 -0.0031620704587320293 0.0016052339964764393 107.45358833688248 0.003151791825580096 0.9999747707808817 0.006365847155806924 0.5021676111786042 -0.0016253227549123867 -0.006360747765546346 0.9999784493746879 1.3499413201661998
0.9999903233440383 -0.002665994945224168 0.003499384122662793 108.7794899590363 0.0026558823639673324 0.9999922933349248 0.002891290304795892 0.5080931035381991 -0.0035070653194191515 -0.0028819683741981997 0.9999896973224952 1.3575805345763414
0.9999892674614876 -0.0018241120150051789 0.00425882345183214 110.11729461607511 0.0018161921120174655 0.9999966157554221 0.0018627731785623184 0.520814731762679 -0.00426220694586821 -0.0018550183447177473 0.9999891961910846 1.3813964572311521
0.9999945413993732 -0.0011594576629329204 0.0030939989310495106 111.44111805131996 0.0011553822592743617 0.9999984631144098 0.0013186586569779346 0.5287301787427049 -0.0030955231048117628 -0.0013150767074718147 0.9999943441389862 1.3976424778681156
0.9999997022755013 -0.0004008992117711788 0.0006593396172466929 112.7615010777206 0.000399189354006541 0.9999965626963939 0.00259137864021676 0.5391642576693999 -0.0006603762325505123 -0.0025911146673439737 0.9999964250076159 1.4108416991054533
0.9999988369032882 0.0006584186701011088 -0.0013757459524237979 114.10853513859543 -0.0006505320865521503 0.9999833993533107 0.005725192206523671 0.5396620040723217 0.0013794926875899999 -0.005724290580686445 0.9999826645983783 1.440058971895119
0.9999963268618712 0.0020601413587657763 -0.0017612723660580011 115.41887178162365 -0.002045371230172127 0.9999630702960373 0.008347125292782552 0.5559864254655742 0.0017784035808333857 -0.008343492176812344 0.9999636110474216 1.4479688259799033
0.9999937679349151 0.003530322767010801 3.0207479688430294e-05 116.77588313977229 -0.003530450844995729 0.9999499112566159 0.009365409479402646 0.5645804821209386 2.8569516737820336e-06 -0.009365457759583416 0.9999561431346834 1.4691883805006423
0.999987381628664 0.004357980599843327 0.002498917473638552 118.09765986677915 -0.004380209180649239 0.9999502657431777 0.008959899981698431 0.5687509735029717 -0.002459746121538362 -0.008970732703613045 0.9999567368660395 1.485273130095325
0.9999804053241612 0.005270529866088117 0.0033779405940340956 119.4457559228226 -0.005299243342282404 0.9999494195582593 0.00854847033681941 0.5662002245337384 -0.0033327147680871005 -0.008566203361517803 0.9999577556938312 1.5048622654903316
0.9999773806186318 0.006301347441656447 0.002351865540288248 120.78051893796034 -0.0063235890056425725 0.9999341875571086 0.009572501062570984 0.5622258875290271 -0.002291391103190804 -0.009587156769592117 0.9999514167957799 1.521976664681843
0.9999674853989027 0.007745892107994399 0.002242610186095125 122.09274929567886 -0.007770193564023334 0.9999088860277047 0.01103828495793404 0.5585346454209421 -0.0021569044886313045 -0.011055351567736443 0.9999365614701468 1.53601906007945
0.9999598284340193 0.008814695288845162 0.0016256276238964746 123.4565410399782 -0.008834273447801265 0.9998833762035015 0.012457511972159668 0.5606734463358175 -0.0015156288649395549 -0.012471372773349325 0.999921080751022 1.5493030811623978
0.9999491390609527 0.010047635828481708 0.0008742456850182955 124.78494690769804 -0.010058351394838913 0.9998614345486507 0.013264285488947725 0.560736898021812 -0.0007408498346523995 -0.0132724043252373 0.9999116433090225 1.5673101130404234
0.9999380531836101 0.011130570603862095 1.3906983929470803e-05 126.11723905831595 -0.011129647734702246 0.9998374197585789 0.014186789341105992 0.5521134481976546 0.0001440023374746323 -0.014186065294503702 0.9998993623434246 1.5820589478479359
0.9999284863388941 0.011958744681131894 -0.0001031196366523382 127.45886616802866 -0.011956294601368503 0.9998389983597744 0.01337999919013716 0.544848726175395 0.0002631110283702996 -0.01337780940865448 0.9999104784869556 1.6051211138120827
0.9999153486401053 0.01299912973349486 0.0005640745592672204 128.80534257297427 -0.013005419906601904 0.9998291168123181 0.013137588338548707 0.5414354510544601 -0.00039320095321039865 -0.013143812250332012 0.999913539058522 1.6255063202519056
0.9999033459552487 0.013838233617836372 0.0013424000284525982 130.15065437722893 -0.013853905061639906 0.9998263031435175 0.01246727143004519 0.5277615580078588 -0.0011696418431615713 -0.012484663900383388 0.9999213794620321 1.6451626117052274
0.999897928523396 0.014155466783199361 0.0019378582950411753 131.4744054854263 -0.014175485774791259 0.9998418517904668 0.010739041449731595 0.5128561220849136 -0.0017855356816964085 -0.010765415382608425 0.9999404570743047 1.6580328808926936
0.9998982677381139 0.014105451053263727 0.002119062269776263 132.81622008201612 -0.014123790749639443 0.9998606049486262 0.008904448698698216 0.4955801404999724 -0.0019931656177065177 -0.008933472021075025 0.9999581093068195 1.6758004650454494
0.9998984036589829 0.013969351564502503 0.0028354147994860478 134.1545464475015 -0.013988449547034374 0.9998788208912417 0.0068313111779687045 0.48490399037895127 -0.002739642218956126 -0.0068702801986161985 0.9999726464311435 1.6853232840853474
0.9999068063948691 0.013383088238888372 0.0026965671518052263 135.51332543870367 -0.013398743567087194 0.9998929807756894 0.005873726783766499 0.46611267704034776 -0.002617669963442069 -0.005909310001770433 0.9999791137115143 1.7104356374219438
0.9999231879854737 0.012194964078733246 0.0022138157297652474 136.83498316050125 -0.012206025910336865 0.9999127314878629 0.005053943010870174 0.4539461985141293 -0.0021519898798868383 -0.005080576699484434 0.9999847782241275 1.7293905490312411
0.9999330976197353 0.011149935042172522 0.0030788363315385403 138.2008372778926 -0.011159288426183786 0.9999331191559037 0.0030376795365604373 0.4449543642528972 -0.0030447604868542666 -0.0030718339312096115 0.9999906465911953 1.7430767666762996
0.9999432309243627 0.01006638358990909 0.003493257787157398 139.52029552277548 -0.010073734094705552 0.9999470681723118 0.0020930205415111386 0.42797718270592844 -0.0034720037350057273 -0.0021280918727417902 0.9999917081731455 1.7611047835158684
0.9999563486045007 0.008759419240125936 0.0032516857366900057 140.879066258304 -0.008762592840686926 0.9999611440191969 0.0009630257148804167 0.4249128484015888 -0.003243123843275783 -0.000991476875620544 0.9999942495441373 1.7724074019216134
0.9999676398098387 0.007564511799102626 0.0027381552881233758 142.19453742023185 -0.007566739596534681 0.9999710484626754 0.0008041693453455101 0.4203811930283914 -0.0027319928658170083 -0.0008248622303126768 0.9999959279003501 1.785045761359178
0.9999765211715279 0.006548448393138693 0.002018645419884337 143.54243991861279 -0.006550344025251518 0.9999781101867004 0.0009338846749318991 0.41268488279034315 -0.002012485736514043 -0.0009470855703790442 0.999997526461982 1.796979875761496
0.999983536356358 0.005730962108718089 0.0002882525647653677 144.91123759785356 -0.005730885257573772 0.9999835427682728 -0.00026673353477517207 0.40376282916851003 -0.00028977646070703426 0.00026507720099543645 0.9999999228818373 1.8162575329870183
0.9999885433528627 0.004725278068595202 -0.0007647942168661783 146.21432041059003 -0.004727946191040231 0.9999826092262877 -0.0035253042138593373 0.40923024330568525 0.0007481228738161405 0.0035288797315974696 0.9999934936388365 1.8567377939698877
0.9999920329071393 0.003545286207863751 0.00183441215401822 147.57578689910474 -0.003521023386553047 0.999908451925971 -0.01306484448125792 0.39898060250375855 -0.0018805628300658328 0.013058281384333854 0.9999129685981323 1.8617062765177146
0.9999922813312248 0.002035980169273151 0.003360366456666986 148.88319159972454 -0.0019656420567308918 0.9997816432391905 -0.02080389610742948 0.38618558785893803 -0.0034019890178507207 0.02079713025141294 0.9997779282640862 1.8780138606380474
0.9999992473599896 0.0011282671714773576 0.00048196747208532095 150.19729144192252 -0.0011154718749432299 0.9996672542255843 -0.025770846931702007 0.3668850808412239 -0.0005108835000197862 0.025770289914371754 0.9996677603863089 1.8870221588405243
0.9999940680708124 0.0012897997124186398 -0.003193781440433372 151.58182783933484 -0.0013667110987759723 0.9997062587067033 -0.024197694175656457 0.3726272320866783 0.003161633115953596 0.02420191561318981 0.9997020913035504 1.908641399128202
0.9999840080902633 0.0022800377829298862 -0.005175421861149636 152.90616333188112 -0.0023858887073007107 0.9997861966840953 -0.020539436580101458 0.3836990626567802 0.005127484647351793 0.020551456095859656 0.9997756481098804 1.9347178099905091
0.9999807016469136 0.003098606243163806 -0.005384698050606973 154.28169836544956 -0.0032094524635184955 0.9997805770246244 -0.020700174375917358 0.38411331329869375 0.005319374834583413 0.020717056829067125 0.9997712277354807 1.9562806684230425
0.9999907884403711 0.003553185704430779 -0.0024078840825089358 155.6083294295004 -0.003609786090499693 0.9997072520197795 -0.02392445826851848 0.38441588498252666 0.0023221711362012257 0.02393292983341313 0.9997108693971489 1.975772467872859
0.9999919801399588 0.0038732589293371074 0.0010185877627402256 156.94823024654943 -0.0038397477333557456 0.9995099465310966 -0.0310664308015682 0.38030169447091144 -0.0011384169307785195 0.031062270533087983 0.9995168029384103 1.9968459601573163
0.9999895195973808 0.003947271497611387 0.002319427326691592 158.2819016816949 -0.0038616042221460236 0.9993498750920525 -0.03584571336060395 0.36650527817228584 -0.0024594121718741952 0.03583638097273805 0.9993546443032852 2.00699324952509
0.9999903628042613 0.00387339344940539 0.0020666692497802305 159.63191657472467 -0.003797340591956714 0.9993583743002414 -0.03561488341139225 0.35342860604645143 -0.002203293677783694 0.035606692336757256 0.9993634518821493 2.0347367243383814
0.9999853967866904 0.004936291192846891 0.002199827862511497 160.99138295472977 -0.004858370891175156 0.9994059251998305 -0.03412027121455464 0.35596416010274173 -0.002366948594507621 0.03410908536930309 0.9994153129953636 2.045421524251669
0.9999795486340746 0.006125233664710119 0.0018395179111206088 162.32254834304513 -0.006062578912309792 0.9994589803166691 -0.0323263329392003 0.35891817481346283 -0.00203652903849867 0.03231451959903956 0.9994756747277838 2.0529132107625854
0.999974861729147 0.007084256530733679 -0.00029869579880477615 163.69724579821604 -0.007089809381057774 0.99959188757155 -0.027672963413520185 0.36081177816728255 0.00010253152554997355 0.027674385459347035 0.9996169855883471 2.078718461063538
0.9999693929401167 0.007757262451313151 -0.0010188533927882049 165.02724820201735 -0.007780516651720005 0.9996509462326044 -0.025247757462614196 0.3587576085937839 0.0008226442772284296 0.02525491190877787 0.9996807053659049 2.0937305801531645
0.999967799269337 0.008012986353252484 0.0004387187500345801 166.3868638698656 -0.008001056359547287 0.9997136846666614 -0.022550649377309398 0.3562354923403351 -0.0006192911838467839 0.022546413016477508 0.999745605510982 2.111177424546435
0.9999686421795597 0.007918660812912029 9.730620700174357e-05 167.73586664585685 -0.007914599715614283 0.999726324697196 -0.022014422971730487 0.34991679042999024 -0.00027160432520119025 0.022012962507729578 0.9997576484892345 2.1281590543334454
0.9999705371741888 0.007377950891057004 -0.002119109297158303 169.10058678253077 -0.007419823833785333 0.9997626720509805 -0.020482816890243852 0.3447772382696793 0.001967485156168328 0.020497936826247145 0.9997879593133874 2.1426232220645716
0.99996256392975 0.0066411127451224 -0.005546743237904833 170.5143875159944 -0.006731583465171286 0.9998419568632831 -0.01645439393754857 0.3513283616732346 0.005436591127913033 0.016491116314767035 0.9998492319142925 2.1699115731237506
0.9999566134707886 0.006569533020609562 -0.006603969406564902 171.85477404541993 -0.006635305038741564 0.9999281097963891 -0.009987390352993725 0.35013922314669355 0.006537882155145915 0.010030776386269504 0.9999283172417981 2.1986365510081427
0.999960230461592 0.006883848206070035 -0.0056701083830721765 173.2309575953904 -0.006918284801985455 0.9999576070518711 -0.006076301053619058 0.34972651509697983 0.005628039676354111 0.006115286826583146 0.9999654636218344 2.2193368519156724
0.9999646937276876 0.007690773471504056 -0.0033857497695574607 174.60867091808274 -0.007697088323141797 0.9999686544378896 -0.0018560638519192984 0.3578495815665006 0.00337136907469401 0.001882058736239854 0.9999925458349556 2.2534248716577423
0.9999703706677605 0.0076077177017430785 -0.0011749118913008387 175.9997904609028 -0.007610573125706132 0.9999680493585725 -0.002445289085096581 0.3564186364340318 0.0011562712830537226 0.002454158385678864 0.999996320064898 2.266327890997559
0.9999769624579657 0.006779960741500508 -0.0003266277452098713 177.425009558292 -0.006781585339388436 0.999963170445982 -0.0052600239452295 0.35120368946675007 0.0002909529598076767 0.005262117821135113 0.9999861126347763 2.282261944535396
0.9999862157947107 0.005245597495405436 -0.00022787604225215773 178.7999962512203 -0.005247230231011574 0.9999551924963366 -0.007879059240631175 0.347063919085958 0.00018653545827675372 0.007880146352118944 0.9999689337664407 2.2986218550257
0.999986708460864 0.00312474922178302 -0.0041010783835341656 180.13919903011475 -0.0031608473752588674 0.9999560601772974 -0.008825347504053593 0.3406010977239308 0.004073321185131848 0.008838193084446179 0.9999526460775655 2.320033381246495
0.9999639092878532 0.0015679165899519154 -0.008349955647839157 181.55588273143854 -0.0016189618462217762 0.9999800232905751 -0.006109990369974589 0.3495064792500757 0.00834020888793594 0.006123288115682422 0.9999464716965393 2.3528421325457574
0.9999554764947035 0.001093555474070433 -0.009372788521858678 182.9544016601104 -0.0011127952596012955 0.9999972841816797 -0.002047758768743916 0.37251831080379083 0.009370523729256763 0.0020580975899818998 0.9999539777006488 2.3753242281930618
0.9999648062708614 0.0008165260107468598 -0.008349820653915945 184.28024036773462 -0.0007964139917085339 0.9999967746648927 0.0024117181771059417 0.39017774667098876 0.008351762953568447 -0.002404983385752622 0.9999622313420051 2.400582943587929
0.9999869597119806 0.0010499688030348642 -0.004997796664757569 185.7226485034943 -0.0010347289360433049 0.9999948105776011 0.0030509267275326732 0.3811691221418578 0.005000974106963866 -0.003045715577743935 0.9999828567903557 2.4211600893344176
0.999995617127156 0.0015083769570010156 -0.0025476509639375295 187.08904228301552 -0.0014992619386183475 0.9999924824007757 0.0035759412151115605 0.3935041598790122 0.0025530256790470833 -0.0035721059460928012 0.9999903610130411 2.448455772987246
0.999996334004482 0.0016687317007233148 -0.00213244275599809 188.53202566528626 -0.0016612052705556658 0.9999924024283017 0.00352639798129754 0.3960926961392313 0.002138311166712117 -0.0035228426283929236 0.9999915085665327 2.47239408469777
0.9999977219950505 0.001472223070641563 -0.00154549795857025 189.94952720186748 -0.00147015389376408 0.9999980226940082 0.0013391249392170292 0.3918682814514868 0.0015474663932778625 -0.001336849768842193 0.9999979090880426 2.4933571497238125
0.9999981634889222 0.0015914708237635229 -0.001067819928464232 191.306500758082 -0.0015929559441340633 0.9999977632592959 -0.0013913905868100926 0.39574042531182946 0.001065603182504566 0.0013930890216081783 0.9999984618952347 2.5138467267789144
0.9999978879180282 0.001902935600478758 -0.0007765279024566616 192.76563911701476 -0.001905183990255631 0.9999939654729739 -0.0029050458860361713 0.3975651167633636 0.0007709951012404852 0.002906519178868875 0.999995478846188 2.5396038019402423
0.9999972900865957 0.002327053986039766 6.81117555053503e-05 194.13146570265303 -0.002326571297480094 0.9999768809671812 -0.006389412895235273 0.39633000278790365 -8.297868957375054e-05 0.006389237113624242 0.999979585173439 2.559573967565614
0.9999952630792697 0.0026074782690141997 0.0016355048452771494 195.5981133682095 -0.002589098371747767 0.99993458229652 -0.011141261019536936 0.391784891924504 -0.0016644484503039985 0.011136973761334757 0.9999365967034087 2.5710587097688347
0.9999944679693227 0.0028907805950179155 0.0016454234418324441 197.0019472960229 -0.0028679054955651918 0.9999015046217659 -0.013738856327846757 0.38470008289102303 -0.001684977394498464 0.013734061405140717 0.9999042636215228 2.590718100410592
0.9999923642696371 0.0031092868833094175 -0.002367221472234776 198.40466944073947 -0.0031368149941588264 0.9999264527266003 -0.0117153544244507 0.3899785389671 0.0023306209717046944 0.011722690504971808 0.9999285708155412 2.6135273272141144
0.9999657199058672 0.003349159694660115 -0.007572459473654002 199.8403552254936 -0.0033832570773708096 0.9999841764067475 -0.004494497487740288 0.4081819478074696 0.007557286860301679 0.004519962993050673 0.9999612279232892 2.6389099303820966
0.9999540607900624 0.004903904813083195 -0.008235777258298046 201.28722213884794 -0.004866611684822668 0.999977842290838 0.004542138050431542 0.41863683886031944 0.008257868984988032 -0.0045018490583592485 0.9999557694992727 2.6559622363956215
0.9999724123576034 0.006234515143611041 -0.0040379876967773275 202.73385471777033 -0.006186635688583531 0.9999116730229342 0.011763149719927979 0.437491861111136 0.004110968568596097 -0.011737843643565104 0.9999226584911591 2.6862056927588207
0.9999717301417682 0.007232701533702877 -0.0020559537453591257 204.17826414404433 -0.007205839589757097 0.9998922959882803 0.012785628615434344 0.42800205724691426 0.0021482069465890478 -0.012770452294632964 0.9999161468618782 2.7042816505125677
0.9999769429372921 0.0066145928947571025 -0.001536474739193038 205.60590554802542 -0.006596844001994592 0.9999145844057857 0.011282975751916143 0.4190603921800003 0.0016109757915305357 -0.011272579715469237 0.9999351647499739 2.7289667302141347
0.9999849331170279 0.005293418385036846 -0.0014537058624133207 207.047226901027 -0.005282898638343261 0.999960501822139 0.00714743153818484 0.4136794289243841 0.001491482789190629 -0.007139644067949206 0.9999734001270596 2.744647357403426
0.9999895981714436 0.004120981681346804 -0.0019547528991688836 208.5193753270715 -0.004109359186170165 0.9999740746199187 0.005912973458122107 0.40453506754788693 0.001979069476760218 -0.005904879170603045 0.999980607654962 2.7715438076545804
0.9999897838180914 0.003662936712899841 -0.0026486136154393325 209.97827477815662 -0.0036460065560101943 0.9999730714819978 0.006368904698034149 0.41130994014187894 0.0026718711870392987 -0.006359182769538966 0.9999762106664655 2.788212564945466
0.9999896913776177 0.0036395635799973906 -0.0027149061575218254 211.46234463859994 -0.003618370628743706 0.9999632616514289 0.007770633270780871 0.4134597121514582 0.0027430881301989227 -0.007760729629556639 0.9999661226977277 2.8164708030117493
0.9999919598723637 0.0034058198925169805 -0.0021167384081682405 212.88783307435665 -0.0033865537911737234 0.9999534066205104 0.009039681490835899 0.41814057446995395 0.0021474273092158148 -0.009032440362161815 0.9999569008597599 2.831194440052767
0.9999928549644567 0.0030419162063365602 -0.0022442740092654587 214.34341576534197 -0.0030219394716956174 0.9999562581579942 0.008851533906186145 0.4278359833842357 0.0022711014650264923 -0.008844688601447874 0.9999583059216415 2.8620734608166494
0.999991190955683 0.0028225403255524163 -0.0031066504704265435 215.80148112908955 -0.0027937744575245293 0.9999535445196561 0.009225162700825755 0.4230680404207344 0.0031325445432195415 -0.009216402155225957 0.9999526214256342 2.8875349617797856
0.999990719409239 0.0023636848151166743 -0.0036019563416686633 217.25390893875627 -0.0023334397365609846 0.9999621810191077 0.00837804216419551 0.4310485610722414 0.0036216231703945193 -0.008369559462957797 0.9999584162954016 2.9113314498531686
0.999992191066759 0.001870849163726263 -0.003481052844914697 218.73734442121142 -0.001843169738415942 0.9999667969346671 0.007937742345139704 0.4263206221940629 0.0034957875819179385 -0.007931264188578074 0.9999624365532703 2.9367540995657317
0.9999901307736045 0.0018485558176422692 -0.004039950096034095 220.23754469715198 -0.0018098318485947858 0.9999525879501908 0.009567986224676259 0.4339559774709753 0.004057445510317662 -0.009560580165703523 0.9999460647669083 2.967270307120884
0.9999898985516573 0.0016734459824544266 -0.004171615177573949 221.7263644253878 -0.0016389438120496633 0.99996453885464 0.008260441659391358 0.4375297398731815 0.004185290650229958 -0.00825352117408511 0.999957180448444 2.9866436393322893
0.9999892380809599 0.0011540545332174032 -0.004493537625926175 223.17555227888897 -0.001115354260796368 0.9999623505656289 0.00860543061880159 0.4414905269869443 0.004503299582992151 -0.00860032612151684 0.9999528762314099 3.0050736506588747
