1.0 8.809142651444726e-20 8.673617379884037e-19 -5.551115123125783e-17 -8.809142651444726e-20 1.0 1.7347234759768075e-18 0.0 -8.673617379884037e-19 -1.7347234759768075e-18 1.0 -5.204170427930421e-18
0.9999993011580781 -0.0003480319849955573 0.0011298482609536818 1.3160940844717768 0.0003481171165631284 0.9999999365833229 -7.515200288644408e-05 -0.058402083065748844 -0.0011298220340017183 7.554526988583102e-05 0.9999993588973364 0.018140396604628333
0.9999976844684006 0.0012037922336848642 0.001783799903291163 2.5652097675998258 -0.0012028053760217308 0.9999991230587825 -0.0005542029350592417 -0.11574037075546209 -0.001784465484192614 0.0005520560876714074 0.9999982554569841 0.031373844761168695
0.9999988791675849 -0.0006459949775778628 0.001350686515479399 3.9298313495245085 0.0006480048929452431 0.9999986827312616 -0.0014881617521492945 -0.028133606068322214 -0.0013497233912445645 0.0014890353356402292 0.9999979805082291 0.05346471099183813
0.9999991821398044 -0.0001576115982435059 0.0012692038080691873 5.252204501764516 0.00016015727731261064 0.9999979754007832 -0.002005877359471487 -0.02890163520449843 -0.0012688850889036448 0.0020060789911704926 0.9999971827848879 0.05945458119451669
0.9999988158883129 -0.00014192584440094881 0.0015323442912833834 6.560908886035053 0.0001454776398347839 0.9999973028042248 -0.0023180208221185846 -0.025122200314738732 -0.0015320111711883168 0.002318240999153948 0.9999961393427683 0.0665141379462175
0.9999972771972889 -0.00016965265259671203 0.0023274054193412755 7.903480133507935 0.00017758645473143724 0.9999941733074079 -0.0034090782163533027 -0.025548646871466636 -0.002326813499103045 0.0034094822497830364 0.9999914806485748 0.09822112312835389
0.999996546600424 -3.263684341497723e-05 0.0026278740575924934 9.218940800744171 4.230046987128185e-05 0.9999932375072308 -0.0036773836456800474 -0.008987409909801023 -0.0026277362684189592 0.003677482106512323 0.9999897855115621 0.10387465811515693
0.9999979899990185 -0.0005771101914932711 0.001920141075526089 10.551898460862356 0.0005834877897320075 0.9999943101818571 -0.003322521017366547 -0.009505356721994273 -0.001918212689531988 0.003323634717968174 0.9999926369290623 0.1218437570199961
0.9999998731621786 -0.0002743687310356775 -0.00042237119458094505 11.867360771165835 0.00027408647220518857 0.9999997392027608 -0.0006681848668500415 0.008326323904652154 0.00042255441346171843 0.0006680690158682448 0.99999968756573 0.13275662412044642
0.9999987823830822 -0.0005514861104653968 -0.001459827189497835 13.215935404308565 0.0005548950713060943 0.9999971180444361 0.0023358069873383454 -0.0039016461336298185 0.0014585348172304988 -0.002336614194132652 0.9999962064479518 0.1581610969830178
0.9999985447023313 -0.00036844317825709174 -0.0016657859538004248 14.561372995331181 0.0003769144396510728 0.9999869850440148 0.00508799352262952 0.021890673155115614 0.0016638896371651264 -0.005088613976863763 0.9999856686368408 0.1598643645907527
0.9999997148074115 -2.75963939231472e-05 -0.0007547340820925966 15.910560119885986 3.199872820622124e-05 0.9999829840688788 0.0058335708431303335 0.0365764522597094 0.0007545602540704753 -0.005833593329969925 0.9999826997641926 0.18479524998266833
0.9999980619735336 0.00020753955366276412 0.00195779889431967 17.250940430413507 -0.00021533838462825668 0.9999920402586 0.003984099499602513 0.02927525214968062 -0.0019569564525148625 -0.0039845133675635675 0.9999901469387921 0.20486731571548283
0.9999926760510657 0.0003925005621278039 0.003807070729181713 18.610650840272495 -0.000390290077961772 0.9999997548519941 -0.0005813515343798126 0.03995934041612053 -0.003807297976689954 0.0005798614146591635 0.9999925840939303 0.22236385565029093
0.9999983176468107 -3.4999883357974986e-05 0.0018339788865786991 19.95548633267909 3.987630512856346e-05 0.999996464161738 -0.002658961056843573 0.026192585721757006 -0.001833879338599138 0.002659029715833639 0.9999947832101634 0.25194749954027373
0.9999998750436824 0.0002611846484305419 -0.00042625719827146184 21.301053123110727 -0.00026259019358681443 0.9999945182214185 -0.003300692882339302 0.03179455344623484 0.0004253927713138311 0.003300804400857086 0.9999944618503133 0.24615983794826699
0.9999983497211151 0.0004954163408439131 -0.001747889497518232 22.65381151770912 -0.0004973551234878443 0.9999992614299934 -0.0011089532671687023 0.03809089248913297 0.0017473388130096869 0.0011098207588834225 0.9999978575501828 0.2915203537384923
0.9999991350411057 0.0011749431551184685 -0.0005911223415380594 24.02388501595033 -0.0011744641263793914 0.9999989822121389 0.0008100670973498588 0.045248010572108255 0.0005920735226921336 -0.00080937214469068 0.9999994971827111 0.27891997417735076
0.9999912628714505 0.0019657625503779865 0.0036891677052127807 25.42054406278832 -0.0019698063484086016 0.9999974628067461 0.001092814266241338 0.058216040400039956 -0.00368701013172227 -0.001100071664148685 0.9999925978719154 0.2925737809164349
0.9999873022166629 0.002075371539682557 0.00459219320292332 26.788788859575117 -0.0020731411230338805 0.9999977307921569 -0.000490404344197804 0.03912794170814189 -0.004593200553501372 0.00048087785257579674 0.9999893355757181 0.3125491066134085
0.9999904814437608 0.0020569357733780714 0.0038478613670099183 28.158594160572346 -0.002039594481125212 0.9999877713425905 -0.004505243570720969 0.048918423795424354 -0.0038570813094998993 0.004497352610498381 0.9999824482176017 0.33607107057996116
0.9999971596119841 0.0019764124840656815 0.0013321267419524635 29.511963343251754 -0.0019701460037670816 0.9999870652214757 -0.004689127260360585 0.054947266543941595 -0.0013413771608448398 0.004686489457242541 0.999988118691357 0.3373416685808669
0.9999960615235456 0.002718081010996527 -0.0006992660544701127 30.904455305521846 -0.002721333750415556 0.9999852824593092 -0.004693528245834356 0.056188039398614 0.0006864983729939242 0.0046954126967984205 0.9999887408464111 0.3731321268671628
0.9999930075940802 0.003221191951215443 -0.0018996540104200886 32.287982826172424 -0.0032255429223103874 0.9999921717248014 -0.002291803214006719 0.0696655376408685 0.0018922568013389847 0.0022979146043365073 0.9999955694665197 0.36668469033330975
0.9999859585855456 0.0037542390502457 -0.0037400963759054028 33.67173995806146 -0.0037575794697999056 0.999992547319524 -0.0008865111040873739 0.06778257665138063 0.0037367403275567223 0.0009005523655747181 0.9999926128612957 0.4062434621380942
0.9999850051453477 0.003985483027706239 -0.003755716908214612 35.063754939637036 -0.0039862955328822305 0.999992032877357 -0.00020887732092691642 0.0791429539375495 0.0037548545089399654 0.00022384558637583514 0.9999929254553604 0.40992883670939834
0.9999917862998464 0.0033854861047581475 -0.002228411245007518 36.45636271177389 -0.003386701730493309 0.9999941182453467 -0.0005419650362985275 0.07162291536233241 0.002226563322939654 0.0005495075489799433 0.9999973702251534 0.4426669615965714
0.9999942192933124 0.0032544385847908053 -0.0009848905809029574 37.85697853245337 -0.003253839702985385 0.9999945207702888 0.000609062055618961 0.0806005865497875 0.0009868673395155628 -0.0006058538587346246 0.9999993295167532 0.4542098197701247
0.9999959114589025 0.002758664988050559 -0.000752883100015082 39.25767921379713 -0.002756445587039822 0.9999918992687348 0.002933156087630302 0.07367674878544936 0.0007609685961148477 -0.002931068814002499 0.99999541487069 0.47166993912961136
0.9999943239267247 0.0033182803229574584 -0.0005840633793118986 40.656135476054146 -0.0033151947171725146 0.9999809482604245 0.0052069761061062795 0.08863985827308418 0.0006013304582435025 -0.0052050102670987706 0.9999862730406851 0.4946796667003201
0.9999946315573269 0.0032664786472437982 -0.0002587929154912475 42.07834826201193 -0.0032643626444258797 0.9999643015149863 0.007793563509162877 0.09547578874231957 0.00028424118576485117 -0.007792676875937986 0.9999695962348333 0.5138079256094292
0.9999951381813836 0.0031079586650855535 -0.0002533900776036033 43.468761230265514 -0.0031054923370185546 0.9999527354368959 0.009213186724135371 0.10391790301282482 0.00028201230474461826 -0.009212355030348366 0.9999575255898896 0.5362578847214955
0.9999966000062233 0.0025750968887423 -0.0004109160583217697 44.893588644023964 -0.0025716708139618843 0.9999636356517112 0.008131044424705035 0.10512243738292025 0.00043183934282739077 -0.008129960038370418 0.9999668580830848 0.5518479785599353
0.9999980890333373 0.001734747573148522 -0.0009014324883256196 46.2940763735283 -0.0017276137662259412 0.9999676545058955 0.007855271647293768 0.09548662169792549 0.000915030244472948 -0.007853699308955367 0.9999687405748323 0.5793291315872717
0.9999994812241858 0.0008921314532148088 -0.0004915819661476543 47.72246595454906 -0.0008884927747506838 0.9999725706137466 0.0073531354349618975 0.10545350326764791 0.0004981284457573076 -0.0073526948533079554 0.9999728445045123 0.601116477828331
0.999999976282058 -0.0002029536293053694 7.902979296602613e-05 49.12501912455256 0.00020236117681862397 0.9999724080822537 0.00742577431200274 0.10495266953028504 -8.053470022950264e-05 -0.007425758143316746 0.9999724254349012 0.6185981734623481
0.9999991936909177 -0.0012553638892986146 0.00019151767498165565 50.55319496416881 0.0012537636974227708 0.9999660969140334 0.008138372018098439 0.11158417638581401 -0.00020172780029065573 -0.008138125338146859 0.9999668645619589 0.6361487448352559
0.999997560486041 -0.0021789181496783432 0.000362405385825466 51.992389364073595 0.0021759242217903366 0.9999651011656854 0.008066089788843593 0.12687711610870017 -0.0003799680877377978 -0.008065281544847834 0.9999674028976417 0.6514480993426497
0.9999929609933906 -0.0035667235055860803 0.0011646660920073186 53.41106423986871 0.0035565342758980783 0.9999563796892043 0.008636537662999936 0.1271497104084441 -0.0011954194307999132 -0.008632334695478043 0.9999620261640388 0.6752658915972646
0.999989155731471 -0.004147094797151206 0.0021189677211470577 54.861338017617165 0.004131539989536883 0.9999648696467341 0.007293137164822253 0.14542250352986996 -0.0021491386122535995 -0.007284303476207962 0.9999711596471629 0.6952115144487486
0.9999854688196412 -0.00476516385263709 0.002520984533801621 56.26216070384029 0.004753568372034094 0.9999781869895739 0.004585753239876047 0.14501479077155374 -0.0025427814091154724 -0.004573702931122371 0.9999863076583615 0.7006547459381697
0.9999854483750885 -0.005043399383525064 0.0019149832196454892 57.6917861669457 0.005037304173704682 0.9999822739064346 0.0031744983191278196 0.1665954706171304 -0.001930959537339452 -0.003164805772054103 0.9999931276762308 0.7246742865167275
0.9999845015806099 -0.00517861150897363 0.0020441578750937444 59.143781494513036 0.005174983737957749 0.9999850325368722 0.0017760195783354414 0.17307155791817927 -0.0020533245946646518 -0.001765413569077743 0.9999963335797983 0.7392964874736387
0.9999852350696034 -0.004742576162281841 0.002652850190872955 60.53815329867156 0.004739753012116873 0.9999881954161809 0.0010694716800159492 0.1839193115837338 -0.0026578909259763962 -0.0010568820346581478 0.9999959092997284 0.7627737784068257
0.999984551916634 -0.004232013602274721 0.0036036077698348642 61.99802982586895 0.004233102733220065 0.99999099696788 -0.00029465986412447696 0.19653398154083732 -0.003602328321885345 0.00030990975409427235 0.9999934635719404 0.7829007980732572
0.9999877506158096 -0.003826481654145409 0.003139531252250258 63.398358163259054 0.0038356461036710694 0.9999883857786241 -0.002918240365141377 0.2058612237452733 -0.0031283281958196783 0.002930246749309032 0.9999908135661484 0.7913773532961422
0.9999915358260262 -0.0035490264421876054 0.002081510897882616 64.81812495173182 0.0035569259708901927 0.9999864397885071 -0.003803750352477856 0.20842439039208738 -0.0020679830615741917 0.0038111219370444895 0.999990599353633 0.8132964171555529
0.9999942357309054 -0.002758211962228954 0.0019800938699227446 66.27270595305929 0.002765504530996159 0.9999893689967718 -0.0036896989209232274 0.2172641638005703 -0.0019698958478377077 0.003695153611074838 0.9999912326366363 0.8359439587585153
0.9999963833775276 -0.001963725259420475 0.0018376656307449522 67.62951101864977 0.0019672593265247225 0.9999962153947894 -0.0019233010269525956 0.2332462673204495 -0.0018338818410979342 0.001926909235949997 0.9999964619428358 0.8576461138543614
0.9999944539067528 -0.0014116443601115112 0.003016523816570458 69.09625524494092 0.001409394184164289 0.999998727091904 0.0007479455898412766 0.24847914288088163 -0.0030175758099864397 -0.000743689970541824 0.9999951705690677 0.8738964540963863
0.9999912848261017 -0.0006026398727107993 0.004131234322372119 70.46379700900995 0.000585087289750035 0.9999908033104494 0.004248643005159273 0.2625043724514222 -0.0041337567303724185 -0.004246188844803651 0.9999824408136316 0.8923241665023313
0.9999876854889463 0.0002995014161478531 0.004953702591166206 71.90794691559238 -0.0003382854589488946 0.9999692853547808 0.007830319916647623 0.2787064166545624 -0.004951205248044672 -0.007831899255641005 0.9999570725389372 0.9117655568950576
0.9999902515587007 0.0006795764207163493 0.00436290768350199 73.27314881129873 -0.0007319534843185375 0.9999275526185198 0.012014730893121597 0.2852314984595241 -0.004354426674448463 -0.01201780721370346 0.9999183023017986 0.9193301759922875
0.9999917222361302 0.001355632981281218 0.00383636787054195 74.67335794440804 -0.001415641487070912 0.999876015698192 0.015682767316037537 0.29601790481658247 -0.003814632144538663 -0.015688068419310076 0.9998696580509245 0.9374609919463395
0.9999901845564095 0.0022741738379971873 0.0038024892100419687 76.11399827065586 -0.0023411135514072273 0.99984071868262 0.017693401356466156 0.3122763334734568 -0.003761645674081212 -0.01770212974690193 0.9998362289016369 0.9556577440532714
0.9999878173220981 0.0025308590012870485 0.00423791931279333 77.47946331583171 -0.0026054462827485836 0.9998401614126003 0.01768794154482071 0.31148479541843216 -0.004192476243683911 -0.01769876772944623 0.9998345746991375 0.9717328889690704
0.999987861455583 0.0026334829682525132 0.0041643377559311785 78.8953658327806 -0.00270322379710284 0.999854691566333 0.01683117149505308 0.315175411992991 -0.004119408039066645 -0.016842224326051303 0.9998496736795779 0.9943877901790451
0.9999930115018327 0.0023157342977148123 0.002935016551563699 80.26160805815442 -0.002362394968435267 0.9998692739125562 0.015995442338079736 0.3150138665300199 -0.0028975916739039194 -0.01600226422229396 0.999867757007021 1.0092043761441234
0.9999932625023585 0.002122480336807691 0.0029950003520969326 81.64584144142346 -0.002168858389999456 0.9998764617738058 0.015567827208024661 0.3207763994687546 -0.0029615879479301323 -0.01557421805146726 0.999874328467789 1.0339857408782018
0.9999936840588985 0.0014986374216294145 0.003222720619329617 83.05540213708224 -0.0015462118952872812 0.999889119455525 0.014810740131055959 0.31915320503959654 -0.003200167352910226 -0.014815629596250419 0.9998851214257467 1.0420645931241903
0.9999954768656854 0.0012260422199020446 0.0027464647540954893 84.43012594217184 -0.0012661439619374745 0.999891919657963 0.014647384823970244 0.3299057611934324 -0.002728209603040134 -0.014650795991646398 0.9998889493584641 1.066654904459823
0.9999957998566993 0.0005885458092616576 0.0028379363613086936 85.81116367407544 -0.0006294803548170413 0.9998954702955035 0.014444799653051163 0.3368866634065364 -0.002829138286358039 -0.014446525408010334 0.9998916410692672 1.0778267978044773
0.999993458646867 -0.000571269391078365 0.0035715983480386947 87.17316116308125 0.0005213788891946184 0.9999025017581026 0.013954036761514682 0.3431410259529187 -0.0035792216375628324 -0.013952083327253242 0.9998962588905403 1.1010910890245797
0.9999879854669641 -0.001698349850524566 0.004598318117322487 88.53866224784338 0.0016439662884873572 0.999928968354754 0.011804898129147643 0.3479442095504531 -0.004618040338194346 -0.011797196818840465 0.9999197467050305 1.1157113240781216
0.9999833558010262 -0.0026753600216012125 0.0051118068892540645 89.90106208547368 0.0026267628464015924 0.9999515185679593 0.00949002795469447 0.34988917364471156 -0.0051369483029296255 -0.009476442496366254 0.9999419027122256 1.1328393551706932
0.9999797011706285 -0.003668059398453406 0.00520985479164166 91.25282297733496 0.0036224552828248513 0.9999552785330366 0.008736060418815887 0.35478661166662057 -0.005241666187817406 -0.008717010621003333 0.9999482679926042 1.150340117204133
0.9999808503592115 -0.0039475192900306644 0.004766131169317864 92.63519612963353 0.003910419167619196 0.999962178774311 0.007768503257786035 0.37530508651911404 -0.004796617224860023 -0.007749716923059296 0.9999584663128817 1.1670104827420882
0.9999811805047194 -0.004265073397861474 0.004409964319438093 93.95850917559791 0.004235721006489292 0.9999689576277379 0.006643978360184502 0.3777478382770117 -0.004438164479044017 -0.006625173945359396 0.9999682043776446 1.1866776935545829
0.9999824399277475 -0.004511783826293706 0.0038423486116662105 95.37507856581482 0.004487932928694146 0.9999707488463185 0.00619353774192065 0.39952504551031365 -0.0038701801219480094 -0.006176184780092585 0.9999734378709195 1.1956345516553697
0.9999847319430494 -0.0044795818693920565 0.0032356184977579486 96.72363089711614 0.0044611021490788575 0.9999738258522161 0.00569615467638904 0.3999903830998665 -0.0032610501994148207 -0.005681633282541094 0.9999785420671983 1.2104855715518779
0.9999883568488007 -0.00412663081252881 0.0025014165931807777 98.06838409426187 0.00410927175868236 0.9999677130967342 0.006905552092397384 0.4192453630679845 -0.002529832494227216 -0.0068951926894472 0.9999730277689126 1.2310198395462508
0.9999892989669169 -0.0038784339455256588 0.002521844916768042 99.41874837469389 0.0038570933586423257 0.9999571729531946 0.008412793250602357 0.43916562356999284 -0.0025543653765175817 -0.008402976233743469 0.9999614318602185 1.2441922489569706
0.999984177797516 -0.003925844404096509 0.0040288832622121466 100.73558353291185 0.003891296188843778 0.9999558985464677 0.008547442664170114 0.4400001147532249 -0.004062261512556639 -0.008531629846718018 0.9999553536651334 1.266420240364932
0.9999786088081858 -0.0038021795713749067 0.005322157133372212 102.11080810275323 0.003755296696544479 0.9999543030676749 0.008791446022221145 0.4618439111669036 -0.005355340583586399 -0.008771271683611515 0.9999471911657565 1.2800436498842944
0.9999847108470217 -0.0035221507059691242 0.004262924653674389 103.4467977836077 0.0034849121599230784 0.9999559809596489 0.008711574499707987 0.47370294210603964 -0.004293420482096294 -0.008696585389150354 0.9999529668655087 1.2939978190400336
0.9999926533985715 -0.003418987466877154 0.0017331109560043173 104.77431355622204 0.0034036598542303066 0.999955740444363 0.008771103235206894 0.4817877456010016 -0.0017630225413153926 -0.008765139877223459 0.9999600312384749 1.3088923972311493
0.9999937714084969 -0.003493533850163982 0.0005023598797460418 106.10298264589865 0.003489517755556252 0.9999636104964158 0.007784661123391699 0.494390858264285 -0.0005295375762660217 -0.007782859642197518 0.9999695728799678 1.323878605194023
0.999993606290605 -0.003175079379779203 0.0016450680359010642 107.45339509506155 0.003164544913415981 0.9999747220343269 0.006367177385741388 0.5025854667920727 -0.0016652427455525868 -0.006361930784174283 0.9999783761678528 1.3492122854975168
0.9999902596703604 -0.002668628215400486 0.003515535215752212 108.77966360198862 0.0026585197598087184 0.9999923278031448 0.002876909371939302 0.5082439591970382 -0.003523185645397093 -0.0028675352300562952 0.9999896821490771 1.3572053698351414
0.9999891704773332 -0.001833161098462997 0.004277668575581103 110.11744769200104 0.001825242195971416 0.9999966148596138 0.0018543894519850944 0.5211862901479755 -0.0042810534896772275 -0.0018465615886479592 0.9999891313365951 1.380936539682569
0.9999944825140776 -0.0011645695149590473 0.0031110640055829974 111.4410832124282 0.001160500875737031 0.9999984695080932 0.0013092819362551507 0.5290563336441051 -0.0031125839939541646 -0.001305664319807546 0.9999943035145572 1.3972101083916977
0.9999996934113958 -0.00040161002181351714 0.0006722250401345647 112.76171502612371 0.00039987463658095997 0.9999965926165444 0.0025797006756438524 0.539365565006666 -0.0006732587832507021 -0.0025794310789933987 0.9999964466226464 1.410417300836183
0.9999988560464285 0.0006549997045767466 -0.001363407943865251 114.10872517537166 -0.0006471959998273594 0.9999834525661893 0.005716268987849969 0.5398815709627698 0.001367129537460866 -0.005715380056536243 0.999982732544736 1.4396581787850917
0.9999963464122856 0.002059613480530171 -0.001750758233118299 115.42027163231916 -0.0020449383934085315 0.9999631056350105 0.00834299680883172 0.556199913305302 0.001767876988700528 -0.008339386134232598 0.9999636639647748 1.4473495385634902
0.9999937770917386 0.003527602912557752 4.237321540904381e-05 116.77610685127533 -0.003527844980819917 0.9999499875177928 0.009358246254348732 0.564759473543561 -9.358919476088844e-06 -0.009358337504976106 0.9999562097569841 1.4686732903155313
0.9999873627759946 0.0043537839420883 0.0025137330202349576 118.09799261287215 -0.004376121538337278 0.9999503706640046 0.008950182635080456 0.5689891728765877 -0.002474641103898923 -0.008961069930829086 0.9999567867548586 1.4846638743237899
0.9999803724901075 0.005266890364723209 0.003393302290055003 119.44610608221802 -0.005295699628849731 0.9999495299815694 0.0085377429733735 0.5664386753430535 -0.003348163673822939 -0.008555545308416852 0.9999577953316274 1.504319750564055
0.9999773790159526 0.006295853564633541 0.0023672102311335613 120.78055997338772 -0.006318223554300823 0.9999342999736444 0.00956429753488309 0.5623981189350618 -0.0023068392886307766 -0.009579037744501459 0.9999514590860827 1.5214009114736669
0.9999674929714346 0.007740831535711918 0.002256662925579668 122.09297067253377 -0.007765266572945048 0.9999090364886035 0.011028117857721472 0.5587963279840399 -0.0021710908491033207 -0.011045282955561656 0.9999366420373625 1.5354307310611273
0.9999598473088683 0.008809767762772933 0.001640659011120847 123.45673782990647 -0.008829516604945615 0.9998835577869044 0.012446304830158844 0.5608859518874791 -0.0015308189140962783 -0.012460291303507015 0.999921195761988 1.5486890620037013
0.9999491809113119 0.010042008842971717 0.0008908721536456789 124.78508292774005 -0.010052937698346587 0.9998616268984256 0.013253886209957867 0.5610264996823252 -0.0007576532383785351 -0.013262168541796893 0.9999117665309971 1.5666366520613701
0.999938108420594 0.011125588013575029 2.4891690250626245e-05 126.11768142988052 -0.011124821914476652 0.9998375202264076 0.014183493394753388 0.5522909019376503 0.00013291205824885895 -0.014182892471566884 0.9998994088884764 1.581402565562463
0.9999285299112147 0.011955206346950993 -9.00599747504119e-05 127.4589372439791 -0.01195293151714582 0.9998390504842395 0.0133791088986114 0.5451228592378073 0.00024999548726231387 -0.013377076211799918 0.9999104916612688 1.604438103934293
0.9999153981714776 0.012994691195614062 0.0005783600143869585 128.80571254107934 -0.013001159063801417 0.9998295087974349 0.013111948782601366 0.5416078712423765 -0.00040787568368997766 -0.013118358838302053 0.9999138674399992 1.6246095640615952
0.9999033727148328 0.013834216002606035 0.0013637085815716543 130.15098123476244 -0.013850129852424377 0.9998266058117273 0.012447176951903217 0.528071748009522 -0.0011912751878538235 -0.01246486175592199 0.9999216009692122 1.6444495744134402
0.9998979451593886 0.014152182546812025 0.001953201268236854 131.47512909987412 -0.014172358155410908 0.9998419482548735 0.010734187170603472 0.5129807073699522 -0.0018009803850377979 -0.010760773162765738 0.9999404793439419 1.657283009033651
0.9998982990508222 0.01410269541241135 0.0021226251146598415 132.81706565345664 -0.014121045363723037 0.9998607403429791 0.00889359312232681 0.4958682850452593 -0.0019969058836882985 -0.008922662320998956 0.9999581983583099 1.6750005569666673
0.999898420321507 0.013965711762808636 0.002847443329173059 134.15501535937008 -0.013984868662590017 0.9998789300217014 0.0068226642264940076 0.48511869137454516 -0.002751815227229349 -0.006861792303438068 0.9999726712862405 1.6845490035188044
0.9999068135344686 0.01337946780957368 0.002711842266377906 135.5137327792499 -0.013395171428414513 0.9998931222687378 0.005857765963074577 0.4663684825463417 -0.002633178639689963 -0.005893545690613521 0.9999791660276949 1.7095999069794168
0.9999232168446852 0.012190569220228098 0.002224957766691938 136.8355312670028 -0.012201667806676045 0.9999128311318968 0.0050447438518344085 0.4541912186643463 -0.00216326552051773 -0.005071504696036768 0.9999847999456821 1.728572398158874
0.9999330318667774 0.011149790180183715 0.0031006387490462445 138.20121258479722 -0.011159221864316237 0.9999331086744023 0.0030413720799434313 0.44506012547395624 -0.0030665206826588835 -0.0030757691206545054 0.9999905680031284 1.7421998439624276
0.9999431926704436 0.010062743624561728 0.003514629822088291 139.5202434945908 -0.010070150480852134 0.9999470977436408 0.0020961353397625396 0.42839128742813565 -0.0034933510177140217 -0.002131409115104419 0.9999916267618699 1.7604551078724244
0.9999563307321392 0.008755396801825504 0.003267974228651848 140.8785928706756 -0.008758499657875222 0.9999612051921881 0.0009363729650977614 0.42479736649517735 -0.0032596491313557803 -0.0009649546255395231 0.9999942217583616 1.7716755644726343
0.9999676360743882 0.007559172929571564 0.002754216480376925 142.1949524351995 -0.007561393242898844 0.99997109493757 0.0007966313976865469 0.4206166563631804 -0.002748114995081375 -0.0008174313294514549 0.999995889826551 1.7842684372018944
0.9999765179781163 0.006545330087054677 0.0020303069751974032 143.5423546383079 -0.006547247309513502 0.9999781255855347 0.0009390969644753269 0.4128605254092506 -0.0020241158638048943 -0.0009523678344607038 0.9999974979721088 1.7961376994883476
0.999983534801154 0.005730626427749756 0.00030007888087578704 144.91105082761374 -0.005730539915477268 0.9999835387423248 -0.00028836895542241827 0.4039825885462641 -0.0003017264759568923 0.0002866445933655757 0.9999999133980016 1.815359590798258
0.9999885795977359 0.004720591128779712 -0.0007461189565891321 146.21346937312666 -0.0047232233411077405 0.9999824858724662 -0.00356638606894245 0.40927333108333563 0.0007292704385277178 0.003569869425849918 0.9999933620764239 1.8556233718049826
0.9999920266906029 0.0035412865824500607 0.0018454930401740762 147.57566619799672 -0.003516825880702871 0.9999080966742753 -0.013093133351227096 0.3991671708381688 -0.0018916899706850124 0.01308653867793757 0.999912578185956 1.8606329449160939
0.9999922253732306 0.002035666295141557 0.0033771668346070944 148.883111628181 -0.001964885515314103 0.999781076430308 -0.020831189038705216 0.38642595161029597 -0.0034188328426020312 0.02082439133778916 0.9997773033568051 1.8769578249390717
0.9999992409119844 0.001127724600868852 0.000496399717432176 150.19653854519456 -0.0011145500441374315 0.999666886366267 -0.025785152335637742 0.36707267060995197 -0.0005253129105445677 0.025784579500110653 0.9996673844366177 1.8860664244248644
0.9999941222409989 0.001288127149526722 -0.0031774536819457605 151.58166994469673 -0.0013647176395095283 0.9997056934837277 -0.02422114699975144 0.37284095052040106 0.0031453186195789526 0.02422534096077512 0.9997015753844323 1.9075675113393116
0.9999841175489019 0.002275008037226105 -0.005156451141472186 152.9068007117781 -0.0023808313544149474 0.9997847536764102 -0.02061014212132943 0.3840796792087835 0.005108452995346818 0.02062209142231019 0.999774291054418 1.9330701893716147
0.9999808057052064 0.0030943697532187548 -0.00536778324790971 154.28176054297182 -0.0032050391992180316 0.9997799160253168 -0.020732757562412236 0.3844518940637122 0.005302447066935327 0.020749563567474157 0.9997706435312359 1.9551103329824697
0.9999908352109446 0.0035493679602280515 -0.0023940512109175576 155.60847873478374 -0.003605679259083005 0.9997068428655882 -0.02394216792186638 0.3846713812760863 0.0023083698140046577 0.023950580677744235 0.9997104786456931 1.9746388776125523
0.9999919439956192 0.003873852767657401 0.0010512890168510333 156.9500625395188 -0.0038393075696591373 0.9995094721794743 -0.031081742887015148 0.38075968428279877 -0.001171179426047334 0.03107745627047799 0.9995162930390422 1.9954744487997487
0.9999894133843789 0.003949321586572609 0.0023613509208606893 158.28274463430088 -0.0038621649377165953 0.999350078307283 -0.035839987014804585 0.3668718010686079 -0.0025013598620531544 0.03583048766390601 0.9993547515034925 2.0061013523730864
0.9999903273390061 0.0038705605665552045 0.0020890163542276394 159.63276155451808 -0.003793720417967946 0.9993584941103584 -0.03561190720625698 0.35370106602977597 -0.002225514281665206 0.035603637600354725 0.9993635114790836 2.0335379535258524
0.9999853642246566 0.00493349637328152 0.0022207994092113127 160.99186419319074 -0.004854862133838427 0.9994059389039762 -0.03412036924072212 0.35626407816179606 -0.0023878128365843565 0.034109088187704646 0.9994152632679075 2.044244292974828
0.99997952671185 0.0061232255529871235 0.0018580274411179073 162.32303525160287 -0.006059962212509223 0.9994588151758783 -0.03233192888171852 0.3591908767658748 -0.002054997597969874 0.0323200073647391 0.9994754594830308 2.051669222964848
0.9999748236266143 0.007090740251278159 -0.0002711376229139876 163.6976448057839 -0.00709552844187222 0.9995916706936944 -0.027679330843058764 0.36083584803397606 7.4759964139188e-05 0.02768055784260544 0.9996168171496865 2.077342699234294
0.999969483733361 0.007748292692855475 -0.0009977787236786142 165.02806047910988 -0.00777098546940787 0.9996520283956692 -0.02520781444826701 0.35927246147288366 0.0008021140005230047 0.02521479892384331 0.9996817346177533 2.0924405910024713
0.9999677878449609 0.008013545992486049 0.00045426102802148825 166.38764921391058 -0.008001274117548649 0.9997139912920183 -0.022536974674477343 0.3564320229211716 -0.000634732188497195 0.0225326140429489 0.9997459069280756 2.1099203028165885
0.9999686576753054 0.007916464339019645 0.00011514954095812258 167.7366475469431 -0.00791201241809404 0.9997264537674811 -0.022009491066180664 0.3502086231000711 -0.00028935539338040793 0.022007890172967306 0.9997577551805192 2.126766454579335
0.9999705681074447 0.007377772570712694 -0.00210508687925351 169.1013957690895 -0.007419334203628752 0.9997629263757274 -0.020470577046503808 0.3451511328086111 0.0019535605568372803 0.020485592901764486 0.9997882396210779 2.1412534220539254
0.9999626936470205 0.006639403762343482 -0.005525362601261325 170.51462868304148 -0.006729500334410929 0.999842036980682 -0.01645037724702755 0.3516508466051683 0.005415269101716119 0.016486946472920257 0.9998494163905658 2.1685036919083105
0.9999567421514574 0.006567969385184875 -0.00658601579096785 171.85508218860335 -0.006633525028554975 0.9999281772329721 -0.009981819535608547 0.3505689411540764 0.0065199824799717365 0.01002507624415874 0.9999284912806313 2.1970779635077906
0.99996035717551 0.006879418477149251 -0.005653112314707118 173.231255711568 -0.006913700885280112 0.9999576931445882 -0.006067343819383979 0.3500537254294613 0.005611133352123506 0.006106187220352605 0.999965614238877 2.2178778681276063
0.9999647803828392 0.007687262562289692 -0.0033680837576708666 174.6092132891791 -0.0076935344080660195 0.9999686871760846 -0.0018531582905715281 0.35833861627723196 0.0033537325791081225 0.0018790054913248849 0.9999926108807762 2.2518995729645725
0.9999704243892666 0.007604402790727069 -0.0011503933876808722 175.99878889976338 -0.00760721058372983 0.9999680478062738 -0.002456361871662522 0.35649033008539843 0.0011316774650165817 0.002465040508014204 0.9999963214339387 2.2647699480862378
0.9999769825101982 0.0067780824933766125 -0.00030339332882579044 177.4254225759764 -0.006779588881879876 0.9999631047730781 -0.005275060869648491 0.35153565234672274 0.0002676273373280164 0.0052769963330276635 0.9999860407452243 2.2806821445109944
0.9999862389964514 0.005242055301269075 -0.00020657674209621527 178.80021589321237 -0.005243522500198274 0.9999551072422349 -0.007892336280229947 0.3477482615744241 0.00016519540505939483 0.007893310863557587 0.9999688336913753 2.296996570597639
0.9999867922484996 0.0031215436285344793 -0.0040830495871671795 180.13937645490347 -0.0031573948004116822 0.9999562617830052 -0.008803713934028677 0.3409783097653289 0.0040553898247201285 0.008816489456299101 0.9999529105548104 2.3184022413775276
0.9999640707969712 0.001564358251372089 -0.0083312603135025 181.55615146709044 -0.0016151774255480102 0.9999801112151708 -0.006096587240301376 0.3499348814249269 0.008321557368304193 0.006109824658365369 0.9999467094428632 2.351263744362767
0.9999556746883599 0.0010900149733343383 -0.009352033249768991 182.9546946305175 -0.0011091066967331255 0.9999973112546694 -0.0020365082290476986 0.3728787800480115 0.00934978828007028 0.0020467903628911778 0.9999541950051153 2.3736953157833263
0.9999649952989371 0.000813841552349331 -0.008327414888448634 184.28043148289282 -0.0007938741733855033 0.999996802925125 0.002400813055117743 0.3906334820459339 0.008329342146503398 -0.002394118095763436 0.9999624444237644 2.3988411766767492
0.999987042115978 0.0010424792881117263 -0.004982854309657041 185.72287816329973 -0.0010272330328384264 0.9999947865304755 0.003061323923567551 0.3813427883369797 0.004986019698482474 -0.0030561657027424944 0.9999828995831698 2.4194403939366316
0.9999956595362983 0.001503811432942136 -0.002533665277380221 187.08914138998503 -0.0014947687894563584 0.9999925206384696 0.003567118358828841 0.39395610727926683 0.0025390106005522793 -0.0035633156321015274 0.9999904280576271 2.446687016629528
0.999996374155132 0.0016654196560612438 -0.002116141289799552 188.53228174695582 -0.0016579527193976017 0.9999924112364547 0.0035254307937699304 0.3965339314860067 0.0021219965526437035 -0.0035219095488987265 0.9999915466061501 2.4706404811269156
0.9999977452357507 0.0014676320712256425 -0.0015347897308907936 189.9498944398854 -0.001465548966065095 0.999998004674315 0.0013575027132771858 0.3922717091706789 0.0015367789830042042 -0.0013552503429253653 0.9999979008012294 2.491589888936779
0.9999981835721174 0.0015883593615778843 -0.0010535497160569006 191.3069120511403 -0.0015898322624708261 0.999997758067737 -0.0013986754008198424 0.3961692224018122 0.0010513257549031006 0.0014003478275555498 0.9999984668688843 2.5119255993863203
0.9999979038948431 0.0019018100025105231 -0.0007585015718616999 192.76561371192867 -0.0019039864178474314 0.9999940429752936 -0.002879036235839308 0.3980921606147849 0.0007530216735381871 0.002880474377767348 0.9999955679030373 2.5379597555215963
0.9999972905154383 0.0023263607407755993 8.371072703813272e-05 194.13171249010185 -0.002325778100906334 0.9999768633488706 -0.006392458304882207 0.3968919866587855 -9.857995428976835e-05 0.006392246292039362 0.9999795645258629 2.557758860413428
0.9999952544670829 0.0026035676663076924 0.0016469604491907118 195.59785129219185 -0.0025850885216185866 0.9999347793198992 -0.011124496563895187 0.39228622646493194 -0.0016758164128678245 0.011120186233677793 0.9999367645493783 2.5691793204753783
0.9999944474937579 0.0028874795071485207 0.0016635635694735413 197.0021237075145 -0.002864369386231088 0.9999016261295581 -0.013730748394916007 0.38518375364146235 -0.0017030471728946186 0.013725907094289388 0.9999043449774413 2.588872452754352
0.9999924057947706 0.00310716148909046 -0.00235242433834464 198.40532435535286 -0.0031345053014246766 0.999926515482562 -0.011710615330428838 0.3901695728878448 0.002315864698609066 0.011717900084172396 0.9999286612495489 2.6115389977935637
0.9999658308111951 0.0033453239558063046 -0.007559498508957959 199.84047391420506 -0.0033791606892606134 0.9999843102317765 -0.0044677246238216265 0.4086274112333493 0.007544433915966452 0.004493116725487422 0.9999614459662826 2.6370778314679293
0.9999542431941159 0.004899431397231785 -0.008216269838970685 201.28736439593024 -0.004862186413315199 0.9999778419865082 0.004546941751142674 0.41904528441967726 0.008238365211929673 -0.004506784662032425 0.9999559081432765 2.6540643165361972
0.9999725330895348 0.006228470111817489 -0.004017365625087699 202.73326009095948 -0.006180895216390907 0.9999118870850201 0.011747961542245224 0.437896558677289 0.004090183470632587 -0.011722807946062796 0.9999229201158639 2.6840438265992597
0.9999718019493647 0.007227420561979305 -0.00203953380968458 204.1782431440466 -0.007200753079158754 0.999892238735602 0.012792969608300207 0.42832887613336756 0.0021317741985382712 -0.012777922692135282 0.9999160865944903 2.702287209255576
0.9999769853326101 0.006611853963072148 -0.0015205894501125325 205.60552369475707 -0.006594237323777817 0.9999142688085516 0.011312429764533855 0.4194917628372042 0.0015952552217378788 -0.011302142285019377 0.9999348562484192 2.726988733633478
0.9999849636538024 0.005293232089237945 -0.0014332342282310905 207.04780126066427 -0.00528283257082291 0.9999603759896254 0.007165063203890424 0.4141750841362045 0.0014711037802154125 -0.0071573839310570455 0.9999733034981141 2.7426727551903287
0.9999896381840372 0.004120432382685995 -0.0019353453278697773 208.5193679796792 -0.004108897077790189 0.999973993689431 0.005926964620593211 0.4051083908342943 0.0019597166536318494 -0.005918951071714395 0.9999805625755173 2.7694744692536477
0.9999898403808648 0.0036606742693295977 -0.0026303229737846025 209.97833633310856 -0.0036438245469367766 0.9999729931355806 0.006382440139882677 0.4118154169732958 0.0026536159714042754 -0.0063727908613034545 0.9999761726455858 2.786143152868557
0.9999897519668347 0.0036350972307291605 -0.0026985235651332453 211.46252700279857 -0.0036139970087289016 0.9999631789788203 0.007783297000151966 0.41387449711924873 0.002726717244111095 -0.007773464780573798 0.9999660685535164 2.8143753396450384
0.999992015154344 0.003401624170497011 -0.0020972793225923713 212.8878166292834 -0.0033825016244747328 0.9999532827054695 0.009054893114548039 0.41859668611659273 0.0021279826866562584 -0.009047726761908442 0.9999568042321264 2.8291127446356312
0.9999929136413751 0.003036730707882239 -0.002225069356469957 214.34330250418 -0.003016892322173462 0.9999561486876932 0.008865611224963337 0.428227872994428 0.002251894258109694 -0.00885883560540493 0.9999582241293716 2.8599059191621192
0.9999912545678268 0.0028191212624648675 -0.0030892301907452613 215.80127839852597 -0.0027904353191071387 0.9999533143487809 0.00925108607774166 0.423622732294402 0.003115165901484696 -0.009242384875962732 0.9999524359004336 2.8855186444611105
0.9999907900894708 0.002360672900464069 -0.0035842655722916686 217.2538889691662 -0.0023305205749779324 0.9999620589224074 0.008393413459928504 0.43152780350926234 0.0036039436850907216 -0.008384982952679093 0.9999583509580776 2.909190054052788
0.9999922654747462 0.0018681782443340854 -0.0034610548582846303 218.73741006251967 -0.00184057843125664 0.9999666208817196 0.007960489522223968 0.42682990601719994 0.0034758109446648092 -0.007954057608695173 0.9999623251432198 2.934585743094769
0.9999902335574792 0.0018445501222565514 -0.0040162699740863665 220.23758416610622 -0.0018059561380688294 0.9999523656198694 0.009591924397863638 0.43443382052721274 0.004033771446876469 -0.0095845775114735 0.9999459308191824 2.9650824837152827
0.9999899604177617 0.0016716488863966785 -0.0041574816516780026 221.72623369173016 -0.001637167952854983 0.9999643524524305 0.008283326957534358 0.438069363547447 0.004171180261937277 -0.008276437300667452 0.999957049998064 2.984364713645636
0.9999893200532356 0.0011509465983400924 -0.0044760586898768134 223.17526824205558 -0.0011123478956103824 0.9999622601591722 0.008616318211336424 0.4420174182573007 0.004485806686269876 -0.008611247255052308 0.999952860868494 3.002733370881613
