1.0 8.809142651444726e-20 8.673617379884037e-19 -5.551115123125783e-17 -8.809142651444726e-20 1.0 1.7347234759768075e-18 0.0 -8.673617379884037e-19 -1.7347234759768075e-18 1.0 -5.204170427930421e-18
0.9999993011580781 -0.0003480319849955573 0.0011298482609536818 1.3160940844717768 0.0003481171165631284 0.9999999365833229 -7.515200288644408e-05 -0.058402083065748844 -0.0011298220340017183 7.554526988583102e-05 0.9999993588973364 0.018140396604628333
0.9999976844684006 0.0012037922336848642 0.001783799903291163 2.5652097675998258 -0.0012028053760217308 0.9999991230587825 -0.0005542029350592417 -0.11574037075546209 -0.001784465484192614 0.0005520560876714074 0.9999982554569841 0.031373844761168695
0.9999991909870163 -0.0009223029596718506 0.0008760037462465127 3.945986944694322 0.0009236066310276729 0.9999984649641386 -0.001488966137157496 -0.05331106462727784 -0.000874629123674196 0.001489774015433397 0.9999985077975261 0.057509703438139506
0.9999997100553756 -0.00032729631687887723 0.000687580021453629 5.253542811424111 0.00032850849842385 0.9999983909054637 -0.0017635953759262341 -0.052902680708567976 -0.0006870016968013678 0.001763820740461629 0.9999982084809272 0.06439214574586027
0.9999994345860481 -0.00040155058352357275 0.0009846749275043577 6.574906627718998 0.0004035918797389498 0.9999977683463384 -0.0020737444243682642 -0.04521175382071176 -0.0009838400167672665 0.0020741406586491577 0.9999973649962032 0.0756830363005687
0.9999978562108651 -0.00032051060075947345 0.0020456897684671873 7.914423708928957 0.00032717073482860806 0.9999946450875364 -0.003256187273825899 -0.03990932074789997 -0.0020446351714382303 0.0032568495830717814 0.9999926061715702 0.09738214651073197
0.9999969997259847 -0.0003138049227783028 0.0024294166994626174 9.23676747443838 0.0003220200911999799 0.9999942295546042 -0.0033818871291838204 -0.03311841673418668 -0.0024283414278167908 0.0033826593035828677 0.9999913303493915 0.10930997632340105
0.9999988628272933 -0.0006921301161365286 0.0013398880634707458 10.56940365799905 0.0006960753179310831 0.9999954176739633 -0.002946202679295179 -0.03342550076108224 -0.001337842768064204 0.0029471319919636757 0.9999947622811581 0.12830882251993708
0.9999998398017489 -0.0003075553156700211 -0.00047519070329434156 11.88901191256488 0.00030687768623010637 0.9999989369853921 -0.0014254312230736791 -0.008240818465305774 0.00047562859710946064 0.0014252851692985451 0.9999988711691749 0.13386739732297398
0.9999982485349149 -0.0004300859410792911 -0.001821524961606422 13.237035158933473 0.0004343586874174589 0.9999971539174565 0.00234595172959529 -0.015591840405693603 0.0018205108165386765 -0.0023467388159341663 0.9999955892689211 0.16119109895824532
0.9999981113478806 -0.0005544580626561927 -0.0018627605665680388 14.582867594712534 0.0005629300097619887 0.9999894874352597 0.004550618504200566 -0.018704152138161307 0.0018602178570572604 -0.004551658513489206 0.9999879109240776 0.1749135558259547
0.9999992573605098 -0.00024545586097030644 -0.0011937461409970787 15.929861376801997 0.00025180811538769605 0.9999857954865025 0.0053240415005831095 0.011790671959004644 0.001192422367223539 -0.00532433814170566 0.9999851146653388 0.19102709242010296
0.999999266069188 -0.00028193695420736345 0.0011782922554820243 17.29602555126771 0.000277746034247224 0.9999936408812844 0.003555426012908829 0.010142906712795016 -0.0011792871685626792 -0.0035550961374709836 0.9999929852620104 0.21297491842331015
0.9999948482335879 0.00020980690626941337 0.00320304345050505 18.626702439024484 -0.0002073705651460125 0.9999996889790091 -0.0007609463410110969 0.020568677317179287 -0.0032032021060889463 0.0007602782038627774 0.9999945807219759 0.22931809125839858
0.9999990239338153 -4.765002543287188e-05 0.0013963741947075523 19.97837845013415 5.048615516630168e-05 0.9999979360352185 -0.002031102274966691 0.00203114191765344 -0.0013962745305653335 0.002031170790040707 0.999996962376715 0.25520154583211135
0.999999668095363 0.00033440686211531375 -0.0007429543823585176 21.313644423357935 -0.00033666607090246 0.9999953139909012 -0.003042803344854432 0.008681008341328018 0.0007419333665489353 0.003043052462466661 0.999995094671264 0.26499193889524764
0.9999975533318463 0.0004901632470586554 -0.00215709765951431 22.686565384632104 -0.000491824290961435 0.9999995829327292 -0.0007695734106777269 -0.0005085958806101761 0.002156719543257649 0.0007706324408138962 0.9999973773397872 0.3011671967685088
0.9999989043797333 0.001114021432992827 -0.0009747797596907551 24.05126413534473 -0.0011128287530488157 0.9999986326642323 0.0012232259939140592 0.020174977636275387 0.0009761411268141383 -0.0012221398907783958 0.9999987767605458 0.2902401297814865
0.9999934996683232 0.0019123160202758843 0.0030567414901843445 25.436792740698305 -0.001915747458059019 0.9999975377004047 0.0011200467868171119 0.057382500318659595 -0.0030545920801571215 -0.0011258954508812683 0.9999947008992885 0.30870332938153655
0.999987817367042 0.0018213124825629014 0.004587803215088535 26.82050606696367 -0.0018207135004310925 0.9999983334233139 -0.00013473286237556135 0.028165756350206166 -0.004588040959806712 0.0001263781457235188 0.9999894668988847 0.321372294018603
0.9999914590252563 0.002137246045010533 0.003537521149364892 28.17700696872976 -0.0021244942784413795 0.9999912468005382 -0.003604559108427351 0.04760459565710271 -0.0035451940144351638 0.003597012878537353 0.9999872464675496 0.35154043370729415
0.9999973186541312 0.002176568598786574 0.0007907171951541912 29.54755377396293 -0.002173003973552411 0.9999875978306361 -0.004481321082571124 0.03468319063999264 -0.0008004612912950225 0.004479590834992327 0.9999896462102357 0.3465733382937479
0.9999956592799197 0.0026458098177972547 -0.0012965769265990423 30.934371167561505 -0.0026515528678859664 0.9999865927430249 -0.004447876075657036 0.0326742301066051 0.0012847913088696807 0.004451294710940199 0.9999892675857522 0.3848322815430213
0.9999918893955393 0.0029199939398233594 -0.0027739463821242188 32.319928142462054 -0.002924363970303832 0.9999944874400312 -0.0015726362956489184 0.03554903632964241 0.0027693390021255966 0.0015807355694734022 0.9999949160053517 0.38483157236107124
0.9999856305899846 0.0032412420133536715 -0.004270007466233932 33.705649450183195 -0.0032403971536980156 0.9999947289354079 0.0002047625119799773 0.0398040608061782 0.004270648643605358 -0.0001909230496236332 0.9999908625125291 0.42093830402602506
0.9999832514754803 0.003626553729766967 -0.0045105295222886525 35.099251189669936 -0.0036240118757655507 0.9999932698925289 0.0005715833903949673 0.04953890903716803 0.004512572043816525 -0.0005552276046617731 0.9999896641545134 0.43213096031427833
0.9999908958783216 0.003216243430101094 -0.0028042715043474315 36.48983040902921 -0.0032150202371658125 0.9999947347496562 0.00044058806074162967 0.04399425328888319 0.0028056737776116706 -0.00043156825993733024 0.9999959709636287 0.4700300828144348
0.9999945570243247 0.0030845493555670916 -0.0011711007633232826 37.88839753200512 -0.0030829195164768157 0.9999942803756084 0.0013909792679662923 0.03720052846285405 0.0011753846092714044 -0.0013873612875009616 0.9999983468484727 0.48092080656427244
0.9999951587276039 0.00286803170826619 -0.0012070275368608167 39.280878865899666 -0.002863261560643242 0.9999881574087073 0.003935324074811395 0.040185026834271206 0.0012182998767558812 -0.003931848987286652 0.9999915281185895 0.49646004385209913
0.9999947032332799 0.0030338554989321 -0.0011786544006342433 40.682182799706304 -0.003026563434834886 0.9999765695055314 0.006140061377882929 0.05321854507592435 0.0011972548431538996 -0.006136461583098896 0.9999804550190367 0.5212767387005136
0.999994075357954 0.0033288754014016357 -0.0008762634036254866 42.08984634820927 -0.0033218879687159195 0.9999636052544062 0.00785832214492795 0.06476753575554248 0.0009023908875263789 -0.007855364738324232 0.9999687389791313 0.5319342266504072
0.9999951835389475 0.0029801867803713944 -0.0008668250463782794 43.494064240899974 -0.0029718776764749966 0.999951082519657 0.009434008206614863 0.07130139219768981 0.0008948977500243809 -0.009431386670077025 0.9999551230447777 0.5534351897731338
0.9999959489341458 0.0026334565138520826 -0.0010802879648740043 44.91174066139294 -0.0026242436571707116 0.9999609162001493 0.008442713863802222 0.07989064513954504 0.0011024792629346233 -0.008439844722972633 0.9999637761241789 0.5741181080371569
0.9999968651859936 0.0018897875603186693 -0.001642656739150769 46.32081230909099 -0.0018765201274510957 0.999965908510085 0.008041174653705963 0.07288456727702095 0.0016577968503660358 -0.00803806696768552 0.9999663200273426 0.6055749383607809
0.9999990184890818 0.0009582346962991555 -0.0010221580797671306 47.73731672704984 -0.0009504886994327849 0.9999710327366205 0.007551838113277153 0.07678884644126444 0.0010293649039457948 -0.00755085915136174 0.999970962045384 0.6256329865393965
0.9999999733318123 0.00011620015789143577 -0.00019958431263753833 49.140995254136776 -0.00011471025172302248 0.9999722499398427 0.007448905409995674 0.10055696845715767 0.00020044433814561603 -0.007448882316980124 0.9999722366017444 0.6438385263828288
0.9999993797352155 -0.0011054474385206803 -0.0001360703675627792 50.568419987280905 0.0011065162577767556 0.999966396887559 0.008122851561133883 0.09901984803889952 0.00012708640972317894 -0.00812299708688902 0.9999669998391801 0.662622436170128
0.9999975456801173 -0.0022101658622165556 -0.00015427444098623555 52.02817217247827 0.002211396862422724 0.9999614612304855 0.008496221378304804 0.09995874941591436 0.00013549043699094863 -0.008496541687874497 0.9999638945590424 0.678095481413527
0.9999942038483365 -0.0033763262129236317 0.00043896587042729885 53.42837051867583 0.0033724324056931066 0.9999574391677071 0.008587581314327379 0.12135443140340102 -0.00046794166357168207 -0.008586051156677236 0.9999630296946653 0.6988265522013357
0.9999896366046941 -0.004265243288124035 0.0015919745302036589 54.88946234915863 0.0042533455812563785 0.99996354738198 0.00740357741994462 0.12173729916613758 -0.001623494557462737 -0.007396729475911625 0.9999713259181395 0.7182263909485601
0.9999874921501242 -0.0047011654328641345 0.0017072161193042131 56.29252966121163 0.0046914467921814725 0.9999730179825457 0.005652754538778343 0.1298313198473402 -0.001733744589407254 -0.005644674521386717 0.9999825657376464 0.7381631881863682
0.9999856899648922 -0.005152188298259004 0.001440423957687832 57.71225074668061 0.005146808971919166 0.999979859432048 0.0037136353709240275 0.1333957467877671 -0.001459528295433308 -0.003706168641722697 0.9999920670141108 0.7553097461679704
0.999987242128971 -0.004864920605500302 0.0013594582732569175 59.164115042837295 0.00486094992950222 0.9999839543851069 0.002908975439433837 0.15822927961438796 -0.0013735883944691978 -0.002902330068502805 0.9999948448542602 0.7776381686513381
0.9999868113803068 -0.004596170589471115 0.0022917856267619867 60.568145159789 0.004592650680975095 0.9999882697815661 0.0015387849077503012 0.16587689539197786 -0.0022988312615525052 -0.001528239242481966 0.999996189922566 0.7977025357500205
0.9999871252885999 -0.004161796194099294 0.0029032239804572786 62.02931957707394 0.004162301787390437 0.9999913234506665 -0.00016812856677618317 0.17930942206112804 -0.0029024990736618577 0.00018021049653245993 0.999995771502712 0.8136023117165279
0.9999890246752458 -0.003734806416864873 0.002828736481067995 63.40921794226236 0.0037366337556750642 0.9999928133293701 -0.0006409818931363198 0.17714861469230636 -0.0028263222085830276 0.0006515448103729493 0.9999957936872201 0.8433040402624028
0.9999934774121153 -0.0030963208400055413 0.001859551150376635 64.82384219433303 0.0031004986816199373 0.9999926666099356 -0.002248028975646163 0.18213573335795807 -0.0018525768945964753 0.002253779848569749 0.999995744208566 0.8546527098249568
0.9999968321023688 -0.002227929529821512 0.0011713732270221585 66.2738870871486 0.0022321590145781525 0.9999909496732055 -0.0036218831861905684 0.20308386624230002 -0.0011632933252075776 0.0036244864037435352 0.9999927548972285 0.8712698730923235
0.9999974695782592 -0.0017156887454951113 0.001455077045093662 67.6413894789248 0.0017179324389285683 0.9999973352678079 -0.0015421301562431506 0.2089261203161473 -0.0014524273523498629 0.0015446259780603829 0.9999977522901611 0.8920604664418466
0.9999964104275747 -0.000979933915402911 0.002493764521181568 69.09134504093142 0.000976896160443432 0.9999987797741118 0.0012190669297140356 0.22595250463347535 -0.002494956083255113 -0.0012166264047992078 0.9999961474997461 0.9153699311002184
0.9999933803739655 -0.00028071419277210134 0.003627727634698309 70.47571773149357 0.0002657555521615065 0.9999914640829116 0.004123243298868985 0.24379407569589623 -0.003628854121630244 -0.004122251915779646 0.9999849191147369 0.9302754770235442
0.9999895580592228 0.0002746695379308549 0.00456161475413888 71.90597721204193 -0.0003123855566367932 0.999965758508073 0.008269475596332534 0.27196174438896725 -0.004559187184603127 -0.008270814229522232 0.9999554027276399 0.9512951886726098
0.9999916937497002 0.0006570999433468823 0.004022518026101753 73.28599498536825 -0.0007091466057493143 0.9999158794753261 0.012951103589139038 0.275714125452297 -0.004013669480340184 -0.012953848569035743 0.9999080399039469 0.9670499976103485
0.9999933274174738 0.0014270743472638951 0.0033628231200037656 74.67536373796277 -0.00147708829473705 0.9998876389961411 0.014917358777345839 0.2906014273052605 -0.00334115708978212 -0.014922226426706153 0.999883075078167 0.9731299454587854
0.9999926665851954 0.001964710543660515 0.0032873527815072794 76.1327240450786 -0.0020209148157804132 0.9998503351205434 0.01718206223490686 0.29408893061498487 -0.0032531030014147514 -0.017188579691658133 0.9998469733159399 0.9886829939645603
0.9999906110946349 0.0021808636134563134 0.0037445368843123973 77.49391601404201 -0.0022466915615849785 0.9998414116969935 0.017666460675257466 0.29815190171617967 -0.0037054149032971426 -0.017674707625950078 0.9998369240084763 1.011213864302574
0.9999909083601566 0.0021026864705031914 0.0037097043865459895 78.94190311520579 -0.002164069566407722 0.9998595205715016 0.01662094839166774 0.29889517921727904 -0.003674234606083779 -0.0166288253383544 0.9998549805686453 1.034301706947685
0.9999933563279976 0.0025170838779035374 0.002636586546672299 80.29011424380974 -0.0025610507400211473 0.9998554690376988 0.01680720245937197 0.31336490441694925 -0.002593900339938372 -0.01681384322975804 0.9998552727054408 1.0558570332668118
0.9999946812906747 0.0021343972668180656 0.002466118137743274 81.69368958734002 -0.002173193568963279 0.999872215054796 0.015837638432779036 0.3055006125747686 -0.0024319991927884 -0.01584291354906106 0.9998715354835356 1.0689888469969353
0.9999952443411577 0.0017560003056391756 0.0025353023477923844 83.12569609971973 -0.0017942709336674812 0.9998832800256441 0.015172571205171188 0.30886673277891674 -0.002508363387693753 -0.015177048068909479 0.9998816756621901 1.0855550112402144
0.9999960236124641 0.0013196685039519045 0.002492234800310198 84.44543207330473 -0.0013580084912412002 0.99987979261147 0.015445262710019066 0.3139424540101203 -0.0024715525885395744 -0.015448585769689925 0.9998776088229592 1.1054087163365065
0.9999967485609272 0.0008313330270586847 0.0024107577588527167 85.87741103313071 -0.0008676890454102214 0.9998853231130787 0.015119118320023765 0.32814317195939874 -0.0023979122782583663 -0.015121160949230206 0.9998827933854314 1.1180165843957839
0.999994524183541 -0.0002652726863260768 0.00329867145003331 87.19019714150765 0.00022009378960421058 0.999906278161571 0.013688917115634046 0.32580795128734963 -0.0033019935882967993 -0.013688116140536302 0.9999008612431864 1.1401048458116774
0.9999906594589786 -0.0011805594985442084 0.004157796780442717 88.59620287156595 0.0011231125199260544 0.999904254752094 0.01379202475806337 0.33525404365428785 -0.00417368099699152 -0.013787226259470927 0.9998962410065384 1.1664097520726455
0.9999859531450122 -0.0026190281459555313 0.004608058618573347 89.9823198272801 0.0025633220442719106 0.9999240683587687 0.012053501439247348 0.33358678671456327 -0.004639277180646253 -0.012041520187222248 0.9999167359829626 1.1813369727994145
0.9999843772782466 -0.0032783650306912287 0.004527418929450062 91.3331125225081 0.003228978099041433 0.9999356740360568 0.010872970637909655 0.34528622099089823 -0.004562773265582306 -0.010858181835946367 0.9999306380881348 1.2018476949636747
0.9999841318229143 -0.0038855774204494234 0.004079018323336813 92.7048585269551 0.0038464742741316214 0.999946991261357 0.009550879698650762 0.34597134466878404 -0.004115912782223098 -0.009535038304555954 0.9999460696990112 1.2184212087975927
0.9999837133260179 -0.004123621996326694 0.003945734955616481 94.05696198393625 0.004090622063638422 0.9999568940365944 0.008335279228656577 0.3561096987419462 -0.0039799364116826896 -0.008319002964214516 0.9999574762437853 1.2370547770223432
0.9999860946198378 -0.004120110278228199 0.0032916953474166977 95.46345126766025 0.004096038786656669 0.9999650650237796 0.007286370718433629 0.3686359838594958 -0.0033216010030060104 -0.007272786486861909 0.9999680362609062 1.2450936715021494
0.9999886655730316 -0.0039695960187970765 0.0026288843479942313 96.77648060087262 0.0039490731716520155 0.999962043301814 0.007766387625263971 0.37993418101885507 -0.0026596139856221515 -0.007755917941060584 0.9999663855302032 1.2624643128851398
0.999990714054807 -0.0038155997420234134 0.002003248054027202 98.11644498486476 0.003797251167630152 0.999951523555916 0.0090846806092542 0.3882861015333893 -0.0020378144486739606 -0.00907698941339576 0.9999567268514482 1.2869659505626212
0.9999917901443233 -0.0035117815583776604 0.002021641471104091 99.49589773801732 0.0034905857496874966 0.9999398863297403 0.010394206943773762 0.40841186508320376 -0.0020580221270744196 -0.010387064895924869 0.999943935142252 1.3026299651250537
0.9999893071151726 -0.0032393951522225817 0.0033002991326027344 100.85930311737317 0.0032041276797885243 0.9999383029822533 0.01063596703563999 0.42099866960719595 -0.0033345496140430317 -0.010625278726667096 0.9999379901928179 1.3218846154535824
0.9999839327458245 -0.0030452648680624104 0.004781277243331767 102.19560980984502 0.002991714131674011 0.9999331652166884 0.011167575667497152 0.4365451147890066 -0.004814965913544914 -0.011153092020524055 0.9999262095983049 1.3403902408522488
0.9999893793592514 -0.0028812726411795325 0.0035971428476394853 103.53787445299582 0.0028424465686142583 0.9999381508700887 0.010752438421680669 0.44521497838966234 -0.003627901074134549 -0.010742099537550934 0.9999357207497498 1.356739206917151
0.9999954094946769 -0.0027580532399181907 0.0012546441324528782 104.85971547846457 0.002744801872295616 0.9999416956127787 0.010443727194966673 0.4529846697504883 -0.0012833753368224545 -0.01044023550341757 0.9999446756847991 1.3688519598743292
0.9999957310252459 -0.0029219155101807503 1.8467144892151108e-05 106.24511634158327 0.002921606565596401 0.9999502657967114 0.009535730080183134 0.4671401170628751 -4.6328824065597106e-05 -0.009535635418660395 0.99995453372181 1.387619564920276
0.9999953459501024 -0.002864932129471343 0.0010489242244908284 107.54274348646439 0.0028567717582511274 0.9999662715066567 0.007700305461234618 0.46944576911321223 -0.00107094969837974 -0.0076972730865277035 0.99996980207093 1.4097396590998672
0.999993026427415 -0.0022421191666696263 0.0029866366002060103 108.91141757254681 0.0022279322396437286 0.9999862604451798 0.004745022528989221 0.48796220132419804 -0.0029972344711072397 -0.0047383354152604985 0.9999842822579851 1.4242785652336811
0.9999912423252871 -0.0013631150566060252 0.003956916737991482 110.22044992797646 0.0013519080488064454 0.9999950716516096 0.0028335520323101385 0.4907903606635325 -0.003960759694366164 -0.0028281778293966094 0.999988156826274 1.4463830038705374
0.9999965133260255 -0.0006799200659586285 0.002551674841349087 111.5804359671204 0.0006732587380769509 0.9999963659410146 0.0026105224450348914 0.4961389235133995 -0.0025534405150052166 -0.002608795405610553 0.9999933370418365 1.4649357292597553
0.9999998732103936 -2.4265695753242182e-05 0.000502981483296678 112.89334443097657 2.2192229185031982e-05 0.9999915044923567 0.004121947430274618 0.5059417248101328 -0.0005030772321358961 -0.004121935745374173 0.9999913782423374 1.475603579917392
0.9999981823695191 0.001195685202886623 -0.0014851244235863184 114.27145827134197 -0.0011853802419573567 0.9999753512196412 0.0069203921013989925 0.5092140243130667 0.0014933624275144124 -0.0069186190855348014 0.9999749509755779 1.5005481134155478
0.9999948291906425 0.0027136939290606918 -0.0017255310014447304 115.60187751328132 -0.0026979547527060796 0.9999553251657195 0.009059178377343853 0.5214707124322746 0.0017500377509980707 -0.00905447612949324 0.9999574760108004 1.5120257631488094
0.9999910662132295 0.004217733528220611 -0.00027967411978813356 116.95239433874387 -0.00421455665305416 0.9999357328231236 0.010524625204774362 0.5286343350850702 0.0003240462105201419 -0.010523352477594703 0.9999445754874047 1.5362953042015774
0.9999852848438573 0.0051058344461125 0.0018331803944633038 118.24894723115176 -0.005124132420662562 0.9999356664320279 0.010119598019277202 0.5333811785044243 -0.001781393467280154 -0.010128842566904437 0.9999471151943835 1.5547025549018425
0.9999790240068536 0.00589358521446884 0.0026864846213072503 119.57666531049225 -0.005919532209580335 0.9999348979679458 0.00975494563048359 0.5326675340154537 -0.002628818122363555 -0.009770643743057271 0.999948810607886 1.5709165433646495
0.9999740443624932 0.00696270852286101 0.0018523745150879443 120.95058657818596 -0.006981777180304236 0.9999205520460278 0.010494969431655846 0.5322665347800639 -0.0017791539346137747 -0.010507629894152453 0.9999432105501215 1.592654142281865
0.9999658535127985 0.008128166188993846 0.0014915504765827647 122.23204063782983 -0.008144532191530319 0.9999028063136507 0.011315675917364917 0.5254594202613361 -0.0013994298128964325 -0.011327437507653852 0.9999348632564568 1.6038061189553114
0.9999551467628505 0.00936130909804769 0.001438872634055725 123.59787929450874 -0.009380034952420341 0.9998633717583398 0.013610758991892982 0.5272716152803335 -0.0013112615214356188 -0.013623645180891658 0.9999063340559493 1.6218561744909656
0.9999432874842563 0.010631318020974797 0.000629993900588871 124.91216785821581 -0.010639466869279711 0.999834249990238 0.014774108812236977 0.522721542806054 -0.00047282122983432074 -0.014779973734591528 0.9998906584304552 1.6385618545976386
0.9999314894091644 0.011703103335440671 -0.00023207819832885807 126.29139719965583 -0.011697935365119427 0.9998051905261864 0.015897776734172312 0.5182014787711771 0.00041808631122094113 -0.015893972732331577 0.9998735954282522 1.6544655317172345
0.999919079992544 0.012682205850436957 -0.0009975578336724152 127.63437802799082 -0.01266391117862694 0.9997820725726732 0.016596165700239425 0.5083957923654984 0.001207816428198511 -0.01658218975458605 0.9998617765283453 1.683910795849959
0.9999072523426724 0.013619038312687147 -9.223863078411485e-05 128.92433971361967 -0.013616021306968632 0.9997896335714082 0.015339249229269955 0.5014037846583316 0.00030112504981406283 -0.015336570626676692 0.9998823425409199 1.701032500791524
0.9998950396688873 0.014431729186839302 0.0012786079274261892 130.30934425643335 -0.01444770025373823 0.9998043008309178 0.01351384465568279 0.48518581843736147 -0.0010833295585733803 -0.01353089918215063 0.9999078663378892 1.7108848394393876
0.9998908848148205 0.01470808715798277 0.0013750041413209241 131.63455163936672 -0.014725019460868915 0.9998038683424846 0.013243815510683056 0.4714523291463105 -0.0011799432666442257 -0.013262617372040849 0.9999113514278806 1.7344275101717317
0.9998892526040715 0.014832657201569295 0.0012144164080373783 132.9926289022586 -0.01484622036919293 0.9998172115603978 0.012047124484295183 0.4519296006966103 -0.001035503559016943 -0.012063819790243806 0.9999266933052882 1.7609639549835767
0.999892202249234 0.014603919027371643 0.0015196809595252796 134.32695594913864 -0.014618347157140303 0.9998435300255852 0.009960893151219605 0.4377635668179059 -0.001373975098063712 -0.00998203461317672 0.9999492343001275 1.772387822253058
0.9998988119302467 0.014119637017364151 0.0017325561979872305 135.6791649840044 -0.01413460620116549 0.9998599971300522 0.008955392042228972 0.4243095786123329 -0.0016058667501627018 -0.00897897486297427 0.9999583987358629 1.7960890011577448
0.9999143228986871 0.01295851084819487 0.001850367168323055 137.0017248748241 -0.012974123042282031 0.9998780658717124 0.008690541981229144 0.408289717535449 -0.0017375250628749225 -0.008713804292098575 0.9999605245315512 1.8132834973970824
0.999926223877246 0.011810898270084833 0.002837161371056171 138.35696963866545 -0.011822505241605216 0.9999216662081023 0.004109722305041055 0.38879960354774057 -0.002788399613384612 -0.004142961460844383 0.9999875302712179 1.8183525359665722
0.9999365687926807 0.010869986220654597 0.0029498797743997395 139.67550217560392 -0.010878434974936535 0.9999367284921735 0.002863331078529781 0.3779064781889119 -0.002918568761689716 -0.002895239529292203 0.9999915497365222 1.8344971551978555
0.999949496590546 0.009613456320281181 0.0029301409337474044 141.04664488315004 -0.009619676698075808 0.99995149048758 0.0021162447617721967 0.3646742928552794 -0.002909654367459065 -0.002144324892658936 0.9999934678697739 1.8525349977060066
0.9999611165133467 0.00851383326851051 0.0022978477880462025 142.40802756963672 -0.008520028993285913 0.9999600583987476 0.002700132057298734 0.3611370072822517 -0.002274767534187312 -0.0027196047965262335 0.9999937145714547 1.8709186175391486
0.9999702390777188 0.0075116299026258965 0.0017596519701615946 143.76788629369227 -0.0075149320331785755 0.9999699998569612 0.001877546964994901 0.35280299802060366 -0.001745495742424951 -0.0018907147524234093 0.9999966892156885 1.8814036492656012
0.9999789800442299 0.0064723215261306075 -0.0003853878098882249 145.10608463398418 -0.006471998110998996 0.99997870810717 0.0008346093495967704 0.3461737788492533 0.0003907814643115838 -0.000832097576967558 0.9999995774516455 1.9028522535030503
0.9999838097724565 0.005496151603204081 -0.001473943865319318 146.43544670164252 -0.005499809798033248 0.9999817772038792 -0.002489448203246017 0.35540519496971534 0.0014602346212074027 0.002497514309425383 0.9999958150598058 1.9403734457637403
0.9999897326166698 0.0044746180063433005 0.0007158595800391998 147.78781074384378 -0.00446876976152282 0.9999582332772748 -0.007972565321751326 0.34268619368702713 -0.0007515038652760669 0.007969284452722268 0.9999679623604208 1.9629391183879459
0.9999925961868659 0.002993705060597995 0.00241770582614199 149.14932275270715 -0.0029513511204812956 0.9998453678017104 -0.017335801453239246 0.32553654118261094 -0.0024692302475153604 0.01732853760340578 0.9998468006082292 1.9751570748914145
0.9999983167221398 0.001829488569108498 -0.00013972996310892798 150.48618013529176 -0.0018319826719184946 0.9997853356395996 -0.020637986323834963 0.3091787695493114 0.00010194300799689486 0.020638207567240666 0.9997870043144362 1.9892248785433135
0.999989857947447 0.002340719664750601 -0.0038477309801691214 151.8598581312519 -0.002414504453748529 0.9998111169901113 -0.019284722223275378 0.3066405131525413 0.003801864080623071 0.019293817000197562 0.9998066285312752 2.0252267833697566
0.9999753219818175 0.0031052130758655867 -0.0063018314095182534 153.22030142815208 -0.003205841558252737 0.9998665104623752 -0.01602135561356243 0.3202906371439379 0.006251240458012881 0.016041162911283022 0.9998517905595757 2.0358249579016783
0.9999742292583719 0.0037646694939100452 -0.006112943867465074 154.55777126702716 -0.003868402023697041 0.9998472039733587 -0.017047116249969654 0.328866199843642 0.006047833075425645 0.017070324257568922 0.9998360004244863 2.0570386708523407
0.9999835608488693 0.004554956246986547 -0.003482873182267869 155.8633834864253 -0.004622282760698484 0.9997977369206686 -0.019573445031211452 0.31443901250637607 0.0033930125398931375 0.01958922208505853 0.9998023553903074 2.0826401378917367
0.9999874155744086 0.005010101357113976 0.00025995616258493146 157.1760341674921 -0.005001063357665426 0.9996096625670616 -0.027486576139235965 0.30606997106519174 -0.0003975652243813542 0.027484930179224477 0.9996221388879578 2.103093116180327
0.9999867321701592 0.004943527776080454 0.0014481079978993672 158.54871644809708 -0.004896287935746299 0.9995078133244778 -0.03098640779069542 0.28751092620823054 -0.0016005774260323424 0.0309789063145897 0.999518756960296 2.1114890730680504
0.9999865478489571 0.004979059023376434 0.0014536479515506657 159.9059277183291 -0.004930350308674871 0.9994826769849244 -0.03178159928138986 0.28682782807896706 -0.0016111384046888495 0.03177400475688932 0.9994937802981818 2.1471264640662695
0.9999809000188888 0.005934073663367469 0.0017281108675738584 161.29676062632544 -0.005878686094195985 0.9995186107937917 -0.03046289097664087 0.2835311643172439 -0.001908048012709596 0.030452150114672196 0.9995344045635322 2.1555971018361273
0.9999743679279731 0.006998555427580588 0.001511194553231275 162.61754886151277 -0.006953582558510642 0.9995849764575326 -0.027955724458435135 0.2919592954370467 -0.0017062170590549642 0.02794449967920439 0.9996080200563751 2.1671930966333206
0.9999684997779248 0.007907662498798297 -0.0006843432557850093 163.9983066772123 -0.007922340593445862 0.9996540126328587 -0.025081697441479357 0.2884708896249199 0.00048576888339952777 0.02508632896279508 0.9996851705050758 2.178895979715152
0.9999613670720947 0.008620058578524254 -0.0017201608675527231 165.32189795849942 -0.008656521521640604 0.9997103934546034 -0.022454261377010534 0.28665383347225687 0.0015261056492990198 0.022468284512720243 0.9997463914376499 2.1915682752807775
0.9999594628522396 0.008984501457591783 -0.0005927780519438741 166.69810676461836 -0.008994814145465792 0.9997469853924957 -0.020616947327512524 0.28527263005457704 0.00040739507712259505 0.020621443503679088 0.9997872724220267 2.2140800788242205
0.999962077176415 0.008673023691131881 -0.0007892205538264739 168.0679296395429 -0.008687133328632213 0.999760351864397 -0.02009409252759824 0.2776978003827484 0.0006147548780485141 0.020100186567049004 0.9997977818421132 2.227274122373452
0.999962063759531 0.008228127590811447 -0.0028581389275082656 169.40374752461156 -0.008278914206014345 0.9997994216581633 -0.018236667227643187 0.2704587341897066 0.002707512021961229 0.018259637684019597 0.999829612989283 2.247353676158474
0.999952874985757 0.007859080215099845 -0.005699356620858978 170.80440780651924 -0.007928808981055954 0.9998927083798098 -0.01231688747331782 0.2711847791360779 0.005601945720999923 0.012361496149781917 0.9999079015674782 2.285553728190645
0.9999442232116537 0.007742194650393711 -0.007183932602548137 172.1283596210841 -0.007795182951465268 0.9999424021683402 -0.007377497445800871 0.2693773056645635 0.007126400802349267 0.0074330860216351696 0.9999469804163614 2.3118650874241773
0.9999501511819757 0.007934635845923868 -0.006061081185435365 173.47992249385982 -0.00795904192550881 0.9999602730045833 -0.004013236129007214 0.27542723748088127 0.006028996829643514 0.004061276473198523 0.9999735782662642 2.3281789305874447
0.9999556493416932 0.008616048831143574 -0.0038030319709474424 174.87803232586015 -0.00861760080426501 0.9999627909969202 -0.00039189032635582023 0.2725173939039268 0.0037995139177307885 0.00042464595713334445 0.999992691658194 2.35408143546558
0.9999603810903921 0.00865060910257103 -0.002098383118580585 176.28767190376374 -0.008648122881089335 0.9999618949933541 0.0011910213825713763 0.2739659628222425 0.002108606220091335 -0.0011728271205417907 0.9999970891239404 2.382471038701971
0.9999691839384807 0.0077886523296377885 -0.0009839046179745908 177.67580006102924 -0.007789404145190656 0.9999693713375623 -0.0007626072536613222 0.26363818745897016 0.000977934799529348 0.0007702477838190016 0.9999992251806396 2.4053914981693674
0.9999800071727191 0.0062543869724031725 -0.0009316106740371252 179.0514697754487 -0.006257772001910442 0.9999736631563726 -0.003676041783966844 0.25915965352833403 0.0009085947505088297 0.0036817980966910506 0.9999928093833248 2.41870241396105
0.9999806374818647 0.004165315654582899 -0.004623289614666065 180.41122411252863 -0.004186898736702294 0.9999803372118221 -0.004668518897803054 0.25774347118359137 0.004603752853052951 0.004687785748968285 0.99997841482926 2.441908527297595
0.9999590721557677 0.0028052897582346204 -0.008601416322233898 181.82569871562998 -0.002824756526402575 0.9999934748448592 -0.002251892153350029 0.2632160692324348 0.008595042986663524 0.0022760968951512847 0.9999604715282405 2.4707093925813353
0.9999493620513196 0.002192662446201516 -0.009821688477848802 183.19176238354524 -0.002182992763986119 0.9999971221194794 0.0009951358457815124 0.277543255478736 0.009823842209200765 -0.000973644779266354 0.9999512708827828 2.488181497338494
0.9999597175366127 0.0020514602453397843 -0.008738124224301204 184.57448339587484 -0.002005422829409474 0.9999840810674723 0.005274077257521242 0.2827197620872425 0.008748804682515912 -0.005256341170891585 0.9999479132905486 2.521216973960471
0.9999805852654036 0.0020761030686317233 -0.005875277721889186 185.99865448458587 -0.002028941081961099 0.9999657664715504 0.008021800486841191 0.29477000803278874 0.005891730675008827 -0.008009724153375882 0.9999505646923952 2.5548895098769764
0.9999910184521227 0.0024386899155106633 -0.003466382347981452 187.38990702712684 -0.0024116620147680715 0.9999668267278656 0.0077800597767086555 0.2971625365079541 0.0034852405100560305 -0.007771630157091994 0.9999637267737708 2.573292777262287
0.9999923867422997 0.0025066134029510926 -0.002990542874948058 188.77505437286837 -0.002485800734535931 0.9999728071885843 0.00694303090088504 0.30093687253027174 0.003007865047992891 -0.006935544148126364 0.9999714250793482 2.596470110242085
0.9999930430613364 0.0025716897092853993 -0.0027018958098773047 190.20295142288526 -0.002556449553024462 0.9999808896465927 0.005628934827492995 0.29864078051584647 0.00271632004946361 -0.005621988407003179 0.9999805072358864 2.6181606985739045
0.9999956228068785 0.002530590823455226 -0.001533126598672871 191.60303521905178 -0.002527149064673483 0.9999942918432225 0.002242721243674626 0.2958770165906972 0.001538793257144697 -0.0022388369874007624 0.9999963098553193 2.641248850036993
0.9999941403402002 0.002903941936133536 -0.0018128448625994674 193.00526228383717 -0.00290339105944219 0.9999957382008314 0.0003064319343327647 0.29572129027706645 0.0018137269971634183 -0.00030116674117965065 0.9999983098450587 2.6629269706903984
0.999993772952292 0.0033829194433949938 -0.0010049441176348186 194.42123229148285 -0.0033844674455707963 0.9999930827040244 -0.0015427002988515036 0.29523724286481295 0.000999718335302602 0.0015460918930338963 0.9999983050801179 2.6941678477431488
0.9999931034191402 0.00367878166099773 0.0005095877233699273 195.8704226805192 -0.003675321717246988 0.9999712544460306 -0.006631914648620142 0.2914612286796831 -0.000533970440975169 0.006629996012257967 0.9999778787695485 2.7089472945270083
0.9999915465483229 0.00407113158880377 0.000576818411663766 197.28010914146583 -0.004065311828303689 0.9999441564616206 -0.009754855098707684 0.2869940081950177 -0.0006164994988192087 0.009752427689799769 0.9999522539014166 2.7265374729066987
0.9999852759298434 0.004202972580501957 -0.0034326294589596554 198.66474633724476 -0.004232250539628894 0.9999543457666128 -0.008567055377161022 0.28458500584440866 0.003396465646047354 0.008581456983116641 0.9999574104016442 2.7461352787757582
0.9999515561104675 0.004628195966741107 -0.008687072829673778 200.0809867781106 -0.00464326425202146 0.9999877490219069 -0.0017151977103680442 0.2950520778687923 0.008679028133409561 0.0017554509942443678 0.9999607956627432 2.7651928659621414
0.9999415536733121 0.006170720794111661 -0.008877580880166902 201.57307473186427 -0.006099323412370913 0.9999490194676828 0.008047155990233595 0.3102773772005893 0.008926785049170336 -0.007992538426618064 0.9999282133424303 2.7928388704895175
0.9999593940182261 0.007103459999034439 -0.005545373814633832 202.99950602867892 -0.0070173921978336894 0.9998569602254561 0.015388804224251651 0.32916461595991453 0.00565389436085357 -0.015349265283806916 0.9998662078167276 2.8197853772681243
0.9999631623860717 0.008053463581388164 -0.002969106800028108 204.42847831212015 -0.008001600915054615 0.9998220397741082 0.017084003182448126 0.3313015173918808 0.003106163814565443 -0.017059616240846544 0.9998496493173722 2.8450715910306092
0.9999681396487434 0.007457557631824848 -0.002846844147339414 205.87147128446836 -0.007414254418847727 0.9998610531189949 0.014929945987410457 0.324792600620699 0.002957789519865579 -0.014908363087287872 0.9998844894242603 2.861695099968714
0.9999771303170341 0.00628888560726301 -0.00248772199578286 207.30413033797353 -0.006259334621839187 0.9999118055168398 0.011713322250561964 0.31471475922574077 0.002561166336141988 -0.0116974828861779 0.999928302090268 2.8858386666405433
0.9999818867755135 0.005277149933830775 -0.0028944445857598308 208.76812580160612 -0.0052479193587197746 0.9999360760177302 0.010015149557965074 0.312869070367017 0.002947111007162571 -0.009999778339538514 0.9999456580084097 2.919345423507784
0.9999788373330807 0.00502583100349952 -0.004131090498200238 210.2666110985416 -0.004981059314318284 0.9999295147171419 0.010777506467100254 0.3030433986152081 0.004184965243260728 -0.010756701179516319 0.9999333875042113 2.9347967855293673
0.9999814645984697 0.004716521110932128 -0.003850310131646913 211.6772102952333 -0.004673021323050698 0.9999260265543951 0.011229616683286177 0.29961769517962084 0.003902990035094222 -0.011211415956486375 0.9999295329277141 2.9569150437640217
0.9999836650739895 0.004568853116734149 -0.0034344091760796537 213.14739104367789 -0.004526830232254913 0.9999159923938818 0.012145614970291438 0.31148122912311715 0.0034896121903980103 -0.012129869585281337 0.9999203412625451 2.9779544899180035
0.9999852550914599 0.004295155475038334 -0.0033228360045383975 214.6332776026284 -0.004255858799292029 0.9999219767693244 0.011744276887376674 0.3144251520423632 0.0033730202413115 -0.01172996219823958 0.9999255125864523 3.0130464886024133
0.9999831680318414 0.004044357757038695 -0.004160147032884804 216.10952291453034 -0.003993559130035697 0.9999182421000499 0.01214745244982601 0.30918443551013214 0.004208935551543624 -0.012130634191127697 0.9999175628898834 3.0360045495159644
0.999981711438509 0.003745855965635539 -0.004748194561655233 217.5563295879506 -0.0036948555473976866 0.9999358771187606 0.010704657547939502 0.3103878771006509 0.004787988199075289 -0.010686917882135443 0.9999314301266793 3.0566981160198816
0.9999853153366257 0.0031085158809387907 -0.0044391711081317045 218.97359431887918 -0.0030626950000993075 0.999942348678143 0.010291706339352256 0.3064928213012509 0.004470907116647206 -0.010277959381951656 0.9999371852974053 3.0772644127632773
0.9999811537445205 0.0032226818188383776 -0.005225560034325705 220.47725013423013 -0.0031628590958860427 0.9999298305413625 0.01141623037003549 0.30823312749692267 0.005261984237660202 -0.011399487506755658 0.9999211784968183 3.105521557565355
0.9999822690387938 0.0029100314616932388 -0.005195510072860327 221.94508283421138 -0.002856832441659334 0.9999437175099367 0.01021764751830186 0.3034340613133837 0.005224951332359028 -0.01020262364786298 0.9999343010189592 3.1351769759025876
0.9999827655247274 0.002445745377003781 -0.0053373198394683335 223.39158691497747 -0.0023817518103114825 0.9999255990397985 0.01196342940858525 0.31780509814899127 0.0053661822399165325 -0.011950511053967067 0.9999141910052668 3.161682730661886
