1.0 8.809142651444726e-20 8.673617379884037e-19 -5.551115123125783e-17 -8.809142651444726e-20 1.0 1.7347234759768075e-18 0.0 -8.673617379884037e-19 -1.7347234759768075e-18 1.0 -5.204170427930421e-18
0.9999993011580781 -0.0003480319849955573 0.0011298482609536818 1.3160940844717768 0.0003481171165631284 0.9999999365833229 -7.515200288644408e-05 -0.058402083065748844 -0.0011298220340017183 7.554526988583102e-05 0.9999993588973364 0.018140396604628333
0.9999976844684006 0.0012037922336848642 0.001783799903291163 2.5652097675998258 -0.0012028053760217308 0.9999991230587825 -0.0005542029350592417 -0.11574037075546209 -0.001784465484192614 0.0005520560876714074 0.9999982554569841 0.031373844761168695
0.9999989369489508 -0.000853016549692923 0.001182566587676656 3.9369125887324845 0.0008546749861586831 0.9999986511084321 -0.0014026089919462383 -0.03905508223137557 -0.0011813685438396792 0.001403618210983232 0.9999983171107246 0.052082337865136635
0.9999993091741619 -0.00030801872509461707 0.0011343613463638998 5.2543747390612205 0.000310263515238073 0.9999979931348189 -0.001979258165534543 -0.03487737265745284 -0.00113374942127683 0.001979608749150735 0.9999973978773395 0.061940833493891775
0.9999989537323244 -0.0005226014586927755 0.001348859507870187 6.570585043761804 0.0005258383941946254 0.9999969804958895 -0.0024005193368883543 -0.04118886031888297 -0.0013476009200762806 0.00240122610742018 0.999996209035285 0.06760930044940403
0.9999973220815466 -0.0003895157271852843 0.0022812512430229457 7.907762375932242 0.00039745550588441716 0.9999938622091193 -0.0034810304809980027 -0.033093656786414856 -0.0022798813250607098 0.0034819278549490865 0.9999913391222729 0.09735675525479862
0.9999967657791039 -0.00020342687638479892 0.0025351624875128926 9.222688324935934 0.00021257931399868346 0.9999934597045365 -0.0036104512442046463 -0.015491428545526924 -0.002534411443982228 0.0036109784903102585 0.999990268749139 0.10546056051046322
0.9999979019471436 -0.0007644467527307127 0.0019004532284018721 10.556888834837515 0.0007707123355777605 0.9999942634436398 -0.0032983453894222386 -0.017638036813171505 -0.0018979209169224897 0.003299803172065591 0.9999927545713613 0.11829345308014426
0.9999995290272431 -0.0006272650386946879 -0.0007405969640409414 11.877331763835947 0.0006269822902346807 0.9999997305017609 -0.0003819549883354785 -0.00289821618215011 0.0007408363514619016 0.0003814904672644294 0.9999996528132016 0.13428631775697417
0.999998757510625 -0.0005224810845391865 -0.0014872762765242515 13.212462186835252 0.0005256288075173864 0.9999976213673907 0.002116831102755449 -0.009328470682454123 0.0014861667346300468 -0.0021176102278709736 0.9999966535120804 0.15297575113048203
0.9999985233051081 -0.000411851183498612 -0.001668462227891644 14.554370906334698 0.00042114880876993746 0.9999843649814981 0.005576058305893521 0.01808036535626323 0.001666139635241302 -0.0055767527426364575 0.9999830617603298 0.16152714336356747
0.9999996023468222 -1.6989396392012773e-05 -0.0008916375709977409 15.905231018778455 2.224724215870579e-05 0.9999826113339706 0.005897163280213211 0.036636594395387856 0.0008915218773652434 -0.005897180771664451 0.9999822140656744 0.18573694201992502
0.9999986127006488 0.0001579842121403967 0.0016582031739975705 17.25057053648915 -0.00016552611627342992 0.9999896391482868 0.004549087511133656 0.0258424975211295 -0.0016574673095939704 -0.004549355676118887 0.9999882780138223 0.20867529998537213
0.9999929702809287 0.0002567557078447246 0.0037407840397491233 18.613532016855288 -0.00025570462385165934 0.9999999276990672 -0.0002814551574940943 0.0325786586062668 -0.003740856034505137 0.0002804966431676117 0.9999929636341259 0.22623519829235603
0.9999983328135966 -0.00013855996994615295 0.0018207611491166712 19.95388385475845 0.00014256387011993136 0.9999975718589939 -0.0021990797301007243 0.02148730428792832 -0.0018204520236305508 0.0021993356385808806 0.9999959244302842 0.2528883760086411
0.9999998164042376 0.00017117054430484382 -0.0005812849006980074 21.3020920985197 -0.0001728595333793546 0.9999957602871664 -0.0029068070582212403 0.030687807704445548 0.0005807848764706091 0.0029069070051804774 0.9999956062806428 0.24521243412179278
0.999998432467783 0.0003956033126157377 -0.0017258505138083675 22.656795463004904 -0.0003972054235744564 0.9999994904676889 -0.0009280583030080267 0.04011386144557142 0.0017254824914927965 0.0009287423654311009 0.999998080072052 0.29167279994929035
0.9999991829710562 0.0011373891683637697 -0.000583440742300918 24.023216508872665 -0.0011365376858765654 0.9999982917285892 0.0014576769161448195 0.046988525860327326 0.0005850976915611751 -0.0014570126227894874 0.9999987673866945 0.28175151164099216
0.9999921061862698 0.0018376723230445762 0.003522857587441798 25.418842280537646 -0.0018433191435830538 0.9999970205501 0.0016003329209869574 0.05251861329702575 -0.0035199062037475554 -0.001606814039088021 0.9999925141764616 0.2962422980986302
0.9999875104076267 0.0020055098758873357 0.004577877116588911 26.789287529374267 -0.0020056638015600323 0.999997988232871 2.9033188274215298e-05 0.04828144472926037 -0.004577809680620395 -3.821450808226084e-05 0.9999895210441855 0.3136392845948986
0.9999907694121689 0.0020542019360857626 0.003773770642782094 28.155375439440633 -0.0020378388734252195 0.9999885285621329 -0.004334738384978879 0.04607268804710161 -0.0037826317801894897 0.0043270080362802395 0.9999834842127492 0.3332505998000637
0.9999973388601098 0.0019321429915677769 0.0012605935740685969 29.51492818514366 -0.001926625954582758 0.9999886253566325 -0.004363171986498353 0.05415288212773663 -0.001269009507440978 0.004360731683189351 0.9999896867638471 0.33842759258566657
0.9999963013134162 0.002633803086669 -0.0006785578736726498 30.90489746040976 -0.00263671747510924 0.9999871472080689 -0.004330489536353684 0.05395105013932301 0.0006671434956018501 0.00433226268463352 0.999990393163648 0.37679084318628886
0.9999933961769527 0.0031034462249835046 -0.0018910906939308926 32.29056452772376 -0.003107281647512386 0.9999931147634391 -0.0020286020995438805 0.06407760469978323 0.0018847820157962838 0.0020344648544216148 0.9999961542673598 0.37012658610737953
0.9999850833674492 0.003633328126590674 -0.004078231150920766 33.67116164515146 -0.003634260029595317 0.9999933716082009 -0.0002211191990286303 0.06299809663075415 0.00407740072020169 0.0002359372531380303 0.999991659533708 0.4075267299995009
0.9999847610291266 0.0039030598169643173 -0.00390433522967327 35.06197488322468 -0.003901636291417052 0.999992319339242 0.00037215154571073076 0.07441421319014069 0.0039057577715427695 -0.0003569125784782138 0.9999923088052435 0.4129640847439024
0.9999919042440206 0.0033073456899999137 -0.0022919229708450077 36.458764048478905 -0.003307174073897654 0.999994528190799 7.866451632936891e-05 0.06843495727293546 0.002292170600628846 -7.108409125209137e-05 0.9999973704470376 0.4480981443581702
0.9999941763761473 0.0031960426604288857 -0.0011968814075690095 37.858766622881575 -0.0031945426058081865 0.9999941122713625 0.0012531241556878792 0.08107230834241276 0.0012008793989164625 -0.0012492933693135767 0.9999984985762462 0.4587177874925935
0.9999960692260643 0.0026885364203881566 -0.0007958042074098844 39.25544233094902 -0.002685858990287518 0.9999907931877414 0.003346595469440952 0.07523706406533044 0.0008047943243938502 -0.0033444448968457273 0.9999940834797111 0.47406932000688756
0.9999944517350609 0.003260499432356539 -0.0006823800604292551 40.651450380557264 -0.003256467373263215 0.9999777100615717 0.005828790634624199 0.08941591226265408 0.0007013696187752407 -0.0058265361465465295 0.9999827796303249 0.5001626299013286
0.9999947976067044 0.003199428104144221 -0.00041038924534956113 42.07914521863765 -0.0031959053145119497 0.9999603210826877 0.00831519389002333 0.096165673025966 0.000436976826571778 -0.008313839065944153 0.999965343965099 0.5185654400714863
0.9999957270532069 0.002897034836194683 -0.0003912345664291115 43.467328390342864 -0.0028931894987407353 0.999950731280689 0.009495497129680041 0.09787328669273739 0.00041872407677474296 -0.009494324640186895 0.9999548402151841 0.5391726408428807
0.9999967554680617 0.002484752303477483 -0.0005613014698251451 44.894402698709825 -0.0024798199732407617 0.9999597426244442 0.00862343454523413 0.10548570508689976 0.000582705972151232 -0.008622014639629447 0.9999626599615128 0.5561071724665975
0.99999807054633 0.00162120977607007 -0.001109316221361868 46.293250147656536 -0.001612070518455342 0.9999651576644458 0.008190524144621082 0.09445530912455154 0.001122556128008245 -0.00818872004540811 0.9999658417824868 0.582023031417913
0.9999994758652347 0.0007667285682876581 -0.0006785252821120265 47.724714202433574 -0.0007614729650124032 0.9999699699907852 0.007712280826809126 0.10530521852084028 0.0006844181320281239 -0.007711760105876219 0.9999700297148361 0.6037149264754379
0.9999999546355982 -0.00029057218277588433 7.935116997856202e-05 49.12311570827463 0.00028993437543152755 0.9999685716127392 0.007922860899702438 0.1071531910230299 -8.165083908471857e-05 -0.007922837533654685 0.9999686104966274 0.6220563523568505
0.99999923110704 -0.0012375267029108863 7.945431695157374e-05 50.55042778064408 0.0012367921420198043 0.9999617284248624 0.008660948606194199 0.11626621010094089 -9.016943128241666e-05 -0.008660843678376934 0.9999624901246308 0.6414884573992472
0.9999970914604898 -0.0024075375514454786 0.00014433814211333058 52.00119533513337 0.0024061886137698037 0.9999591481825452 0.008712762041598798 0.12220712614949088 -0.00016530854742985508 -0.008712389395392069 0.9999620327512976 0.6554922253502853
0.9999930845057377 -0.0035499952030608826 0.001108365805515329 53.41287300665909 0.0035396229495668185 0.9999511940491514 0.009223913976772736 0.132379208005613 -0.0011410565610392926 -0.009219926991806838 0.9999568445368981 0.6812035472788083
0.9999888713014866 -0.004329340640213797 0.0018745887015029603 54.864558571116426 0.004314343926384587 0.9999592382317697 0.007931475992767358 0.1457906180324618 -0.00190885035130515 -0.00792330010538347 0.9999667882513781 0.7014791426195132
0.9999851153655674 -0.004851331812952998 0.0024967232432558926 56.261343212395026 0.0048387350681682074 0.9999756583644148 0.005026860013501243 0.14718518774787065 -0.0025210494348313077 -0.005014704208214945 0.9999842484016692 0.7060303686747433
0.9999845459276068 -0.005197678099653235 0.001972827496403553 57.6924593824552 0.0051909904138026305 0.9999808143735724 0.0033800152796424243 0.16572472845692388 -0.001990357877867692 -0.0033697221160196855 0.9999923416948646 0.7279919088400099
0.9999847110045496 -0.005124728573834395 0.0020772371534960696 59.13904554602088 0.005120156729547234 0.999984471216249 0.00220030030302862 0.1825880857574571 -0.002088480838363461 -0.002189630882856959 0.9999954218717126 0.7445402207079331
0.9999845527305371 -0.004939411095699189 0.002548826854753524 60.54282787008583 0.00493474697102577 0.9999861441577264 0.0018329661466933787 0.1825641362092758 -0.00255784531193366 -0.0018203600167702302 0.9999950718462415 0.770573049148942
0.9999848683019794 -0.004287312642905182 0.003447044730608995 61.999377386670645 0.004287808954253967 0.9999907979744662 -0.00013660440050292872 0.2006378673723194 -0.0034464273450420147 0.00015138260270801125 0.9999940495932278 0.7835079444614923
0.9999875646274136 -0.003960927924258076 0.0030301221944344105 63.39784693685665 0.003969023064069399 0.9999885583159747 -0.002670223409251841 0.20657471581397924 -0.003019510962267991 0.002682216828905517 0.9999918440999563 0.7964005570764375
0.9999916568015836 -0.003595310229360466 0.0019390903997483205 64.8138631776792 0.00360148867117108 0.9999884193945837 -0.0031922337122369457 0.21466914796681522 -0.0019275908733874198 0.0031991906909047637 0.999993024761847 0.8211563159486696
0.9999942469287072 -0.002791749887866281 0.001926717948065662 66.27214796835123 0.002797681105100671 0.9999913352235105 -0.003082605770239163 0.22330060459730103 -0.001918095389171883 0.003087978378186561 0.9999933926279783 0.8436122906067153
0.999996140676674 -0.0021694664978957065 0.0017355249557873189 67.63064481062585 0.0021716438304592123 0.9999968561349418 -0.0012536679409175817 0.235278616758451 -0.001732799708933746 0.0012574320446704977 0.9999977081322845 0.8638988193480077
0.9999944542291282 -0.001573907279771258 0.002935017353026548 69.1031883638013 0.0015696845550575665 0.9999977305394767 0.0014404882137327112 0.24975886055177088 -0.0029372778870065484 -0.0014358731737072628 0.999994655319139 0.8819417578181561
0.9999913282414171 -0.0007440962235872025 0.004097531302678562 70.46570451132335 0.0007246143924173014 0.9999884373193173 0.004753962731465528 0.26380070218897383 -0.004101021329948079 -0.004750952376093107 0.9999803048438362 0.9012957279442051
0.9999880628217057 0.00011045654266940918 0.004884875990684226 71.91690536729331 -0.00015367882889590035 0.9999608377234902 0.008848694940671852 0.28120184779027535 -0.004883707291569681 -0.008849340014244225 0.9999489179875153 0.9215420316769938
0.9999904405104422 0.0005403970831613711 0.004338992823736481 73.27563343275745 -0.000594300070479347 0.9999225522613454 0.012431262469403013 0.2885565070334624 -0.004331938960575765 -0.012433722296620202 0.9999133146701731 0.9277401858622614
0.9999920937698772 0.0012450392478608582 0.0037765427322171636 74.67247958677129 -0.0013059677805608357 0.9998683380069698 0.01617408727984526 0.3014779968055025 -0.0037559081316125417 -0.016178891446919388 0.9998620587989404 0.9433664861654351
0.9999907316946359 0.0020789623266642527 0.0037702043009518816 76.12514071954368 -0.0021448313807297444 0.999843653191432 0.017551890814378652 0.3145777091126197 -0.0037331251217769604 -0.017559814590591312 0.9998388453587754 0.9572369990359428
0.9999887745506588 0.002382399144470738 0.004095723011628661 77.49030438097503 -0.002455591716700382 0.9998357028260991 0.017959326923945345 0.31598230862023297 -0.004052263810813892 -0.017969182745932014 0.9998303294206726 0.9763368653242377
0.9999882636863777 0.0024363896882772197 0.004187659822664451 78.91188307697176 -0.0025083687473310746 0.9998477170058407 0.017269941645405934 0.31556655907612735 -0.004144945805546119 -0.01728024315497817 0.9998420938432098 1.004596280787934
0.9999933504313444 0.002141853347171546 0.0029515347421033154 80.27403092454159 -0.0021895719074815673 0.9998653981382201 0.016260116259138056 0.31654062735797467 -0.0029163106755968867 -0.01626647073393391 0.9998634392065276 1.014251489967662
0.9999937268251624 0.0019721968036266043 0.0029422355599705396 81.6644041597466 -0.0020188997932597723 0.9998706615979357 0.015955692380181907 0.3236458002544633 -0.0029103872504128727 -0.015961532366097694 0.9998683709021796 1.041863891806138
0.9999934332415796 0.0015246467830291714 0.00328769309783087 83.06315860455928 -0.0015746251752691903 0.9998824257656616 0.015253039058945997 0.32787728659641147 -0.0032640510528995125 -0.015258115780243723 0.9998782605265306 1.0503898839188712
0.9999961489930748 0.0013147270186553619 0.0024440728071501985 84.42152402859412 -0.0013519539483779145 0.9998821445846383 0.015292781347617496 0.34019792795103243 -0.002423678927106236 -0.015296026728892369 0.999880071481959 1.068556605343728
0.999995831995423 0.0005937609133342176 0.00282549814361094 85.8270073145339 -0.0006374032004199104 0.9998801273085091 0.01547012380944542 0.34604200844182503 -0.0028159738887011732 -0.015471860311458092 0.9998763382686685 1.0837569533133173
0.9999938511720554 -0.0006785035903088098 0.0034405306217130775 87.18816079671653 0.0006275880446836951 0.999890598087204 0.014778294558554575 0.35007593991104846 -0.00345018134699865 -0.014776044453478463 0.9998848757526947 1.1074687067850213
0.9999878267275005 -0.0017298610256413869 0.004621036425104104 88.57328690994778 0.0016675030091394996 0.9999079615580121 0.013464317532479488 0.35652832916651495 -0.004643902510247465 -0.013456448035528942 0.9998986739543874 1.1257339047047923
0.9999830987211497 -0.0028904255653432803 0.0050445725387430135 89.95157046323247 0.0028343390117054387 0.9999344853439561 0.011090155196586985 0.3573197181408605 -0.005076297313412089 -0.011075669730037577 0.9999257776183276 1.1444469747312214
0.9999784277399467 -0.0038029937139472092 0.0053554919060546475 91.31876219060884 0.003750121242092929 0.9999444727808301 0.009848245820306935 0.36725305486658116 -0.005392647347429852 -0.009827949627428278 0.9999371634061348 1.1624149330250058
0.9999806278884976 -0.004094970847196283 0.00468775655153217 92.69409323528896 0.004053486586191863 0.9999528427723333 0.008825048329885834 0.3795670391423875 -0.004723673805565204 -0.008805875611764607 0.999950070483766 1.1767686311467995
0.9999796176918412 -0.004584345880544299 0.004443869229270175 94.0522321811097 0.0045527003281626705 0.9999643930407516 0.007105319863543556 0.387033258189661 -0.004476284240446009 -0.007084943435826119 0.9999648826113395 1.1958804983235733
0.9999821536425674 -0.004566345923397933 0.0038523864397006875 95.41968359724044 0.004540583832473091 0.9999674481909564 0.00666975688667925 0.40563684408319806 -0.0038827174547224827 -0.006652145772229316 0.9999703362909281 1.2053892813963214
0.9999853364503194 -0.00445152685188264 0.0030839573649339507 96.77759033919598 0.004431314172737496 0.9999688591157383 0.006530256769168045 0.41051803448364665 -0.003112930941132221 -0.006516495028444132 0.9999739221367225 1.2203780107187008
0.9999877062702852 -0.004289943205662247 0.0024867037592032314 98.10496147516803 0.0042708042023347995 0.9999616072953698 0.007651415994841323 0.4287388077056665 -0.002519432427981066 -0.00764070170553638 0.9999676355451149 1.2376657711855867
0.9999889492245283 -0.003976937512966061 0.0025070693731480483 99.45287690581738 0.003953386368407856 0.9999486607087271 0.009329881191358079 0.44678470851387064 -0.0025440450164846877 -0.009319866675051398 0.9999533328711462 1.2498254096590873
0.999984776742644 -0.0039255973036304145 0.0038776241146241644 100.7940181892337 0.0038883615707404665 0.9999467035847469 0.00956402814160248 0.45037368480358514 -0.003914961974243677 -0.00954880494134764 0.9999467452804336 1.2697748392723638
0.9999791292626709 -0.003834781478973228 0.005199566335680223 102.13210716227331 0.0037842953636058733 0.9999459385131636 0.009684996625171513 0.47091523856638945 -0.005236425085075337 -0.009665117797374037 0.9999395808499087 1.2855041480177982
0.9999842190387126 -0.0036317705584297984 0.004286247326844775 103.48239391193935 0.0035908142299658366 0.9999481925687327 0.009524611891862673 0.48054920806925416 -0.004320616472430331 -0.009509070466436743 0.9999454534384176 1.3033785160413291
0.99999239785154 -0.0035122499438969565 0.001693617270465768 104.80264081557965 0.00349595100053316 0.999948453173158 0.0095325402286357 0.4906334917655908 -0.001727010633752812 -0.009526546957858477 0.9999531300702701 1.3170180194493752
0.9999928615715712 -0.0037696866893123598 0.00025742603760974583 106.13131010324949 0.00376740287350296 0.9999579535742008 0.008360487981285166 0.508224315587771 -0.00028893163402416333 -0.008359458472946276 0.999965017374383 1.3316535548704467
0.99999321828871 -0.0033529180703492827 0.0015235868868590428 107.4850472803196 0.003342122410456372 0.9999696772468781 0.007033832850452982 0.5116111366113655 -0.0015471245527781128 -0.007028693135150478 0.9999741016038516 1.3575966881138835
0.9999903037204819 -0.0028687518307050357 0.0033410668883083372 108.8133210552345 0.0028563508607864206 0.999989036458613 0.003710555529109851 0.5161654157904177 -0.0033516749213502975 -0.0037009762912439087 0.9999875344471615 1.3646487907296434
0.9999891887424723 -0.0020015254961546266 0.004197176891687534 110.15651928042914 0.001990949880533153 0.9999948368869064 0.0025223635944026422 0.5307239052046182 -0.004202203796233339 -0.002513979955649163 0.9999880106221462 1.389379536763381
0.9999943084072542 -0.0014057308531895461 0.003067095346698402 111.471262784393 0.0013992864921782975 0.9999968112376331 0.0021022635130646 0.5391622546806523 -0.0030700407831420343 -0.0020979598027479813 0.999993086683231 1.4049323448057391
0.9999995773961003 -0.0006914856612786365 0.000605850807469011 112.80664538004868 0.0006894522146191811 0.9999941505464314 0.0033501535136350557 0.5519643430845985 -0.0006081638466906041 -0.0033497343926661783 0.9999942046913243 1.4177736550206252
0.9999989270466789 0.00047892428825390066 -0.0013843904857704845 114.1612265119148 -0.0004700403349930895 0.9999793423915357 0.0064104486797160395 0.5501201254082683 0.001387432007145189 -0.0064097910822361465 0.9999784945741121 1.4453526881948773
0.9999964124325491 0.0019211126526489804 -0.00186666767445698 115.46527037083241 -0.00190401226022392 0.9999566000195566 0.009119913083012337 0.5657388793036179 0.001884107041531248 -0.009116326206571077 0.9999566704298499 1.4565815176711476
0.9999943217706968 0.0033685587951462373 9.611455509200809e-05 116.83041567362314 -0.003369348031779211 0.9999448783879953 0.00994422844961386 0.5771460561335782 -6.26115388979041e-05 -0.009944495827391504 0.9999505503186316 1.477786501216184
0.9999884321345556 0.004174668768304297 0.0023890872207092983 118.13201549906547 -0.004198128416761985 0.9999421790958051 0.009900211256799435 0.5823673062365259 -0.002347618978792621 -0.009910126427439127 0.999948137694812 1.4910978278839742
0.9999815719814381 0.005113314334829183 0.0032725699450642087 119.49586465842853 -0.005144206198737578 0.9999416240225055 0.00950187822585988 0.5792197800877714 -0.003223792815454656 -0.009518537899668762 0.9999495010229945 1.5127432419565388
0.9999786411735312 0.006108717717858985 0.0023239545136861687 120.8233598533161 -0.006132008453195279 0.9999296803269122 0.010150511004333526 0.5776856961815522 -0.002261784487547001 -0.010164544710053179 0.9999457817110732 1.5281944986068259
0.9999695423781003 0.007502888704751085 0.002149645835142615 122.13158106179509 -0.007528089244225582 0.9999000757724015 0.01196521385837683 0.573017205890695 -0.0020596573655349815 -0.011981032152107617 0.9999261036097151 1.5449382857552638
0.9999617000869052 0.008610046903359092 0.001570175667952585 123.49720628307695 -0.008630314202658751 0.9998730616444024 0.01339321748544805 0.5764042687491474 -0.0014546601216986988 -0.013406255635750099 0.9999090740031111 1.5552516719758407
0.9999512790410744 0.009839933304477062 0.0007843829949275517 124.82685933868109 -0.009850149063535507 0.9998491702156208 0.014304243515843189 0.5754656905347586 -0.0006435118844426606 -0.014311272888805333 0.9998973814150914 1.5732880576291175
0.9999403070588218 0.010925961191699118 -7.543969086859061e-05 126.1523590311212 -0.010923576544938123 0.9998263225993586 0.015099672609372186 0.5656669954458275 0.00024040502563653804 -0.015097947194265575 0.9998859905988996 1.591451961139736
0.999930788495495 0.011760996925515844 -0.0003117211829998421 127.49065921952706 -0.011755182512616438 0.9998239915977174 0.014621953005763782 0.5602592771236208 0.0004836350617982896 -0.014617276658998236 0.9998930449404083 1.6131650367570471
0.9999184872157405 0.012760179034843543 0.0004435709455633361 128.81665849450215 -0.01276518508389843 0.9998180589722139 0.014173884534886503 0.554818768317703 -0.0002626289375252524 -0.014178391447312247 0.9998994470655576 1.6319942248118597
0.9999064072620819 0.013611092421951805 0.0013837916449979005 130.18591072695563 -0.013628472502517378 0.9998167991965496 0.013439969554079053 0.5459324760060902 -0.0012006054655079403 -0.013457570636914018 0.9999087220036981 1.653020931826783
0.9999011145550022 0.013961077980395035 0.0016880205240808086 131.5097475058662 -0.013979951317564207 0.9998333517384119 0.011740089977997657 0.5269200093409482 -0.0015238349067152662 -0.011762527498725568 0.9999296579630083 1.6642773100857386
0.9999012298976001 0.013924417947359087 0.0019081493898437947 132.8539930943901 -0.01394380963012423 0.9998470489721121 0.010556933018524534 0.5124559828894301 -0.001760858388841044 -0.010582497181007086 0.9999424534097692 1.6884569259083881
0.9999014596818462 0.013774748047353284 0.0027068879447435215 134.1847855957835 -0.013796045409580193 0.9998727198516533 0.008013315637984478 0.5022616072342847 -0.0025961620077072046 -0.008049870352316371 0.9999642291252926 1.693815102266311
0.9999102505351775 0.013146430800967774 0.0025811299607187217 135.52144035947435 -0.013163553590517752 0.9998906886608989 0.006732873539804515 0.48165999585409075 -0.002492334557863615 -0.00676624611056961 0.999974002753083 1.7180757203507506
0.9999257702480095 0.01201270623322491 0.0020368806737383906 136.87191684038274 -0.012025232024933604 0.9999081426678121 0.006253000987740768 0.4731401751552144 -0.001961578107371921 -0.00627703079173706 0.9999783753140706 1.7379650043864807
0.9999349958446846 0.011004604500649322 0.0029837501361143657 138.19615070924633 -0.01101695107466342 0.9999306849254365 0.004153568774691046 0.46228456307096194 -0.00293783493561948 -0.004186170604729896 0.9999869224652687 1.7503964663151632
0.9999452794574908 0.009902063359496758 0.0033744972818190028 139.54836240716517 -0.009912962649521961 0.9999456530920225 0.0032286272435413173 0.44262593524032473 -0.003342343816796014 -0.0032619018368225763 0.9999890943076415 1.7709808249442263
0.9999579744733575 0.008584936941812135 0.00321685325203617 140.90884733367673 -0.00859075095326647 0.9999614824956196 0.0017979219175984623 0.44214120157375214 -0.0032012943005880583 -0.0018254815441244613 0.9999932096429122 1.7826903971586439
0.9999682480289727 0.007432431214093732 0.002874352120888118 142.22299556111614 -0.007435920599607753 0.9999716268895706 0.0012051973538670946 0.43783422332189165 -0.002865313020145954 -0.0012265325406218704 0.9999951427878154 1.795951677233371
0.9999773363558982 0.006374292140941031 0.0021668350801875933 143.57917916459832 -0.006375524915632317 0.9999795179291721 0.0005624981697456771 0.42991901966787927 -0.0021632051712553047 -0.0005763001325291521 0.9999974942076326 1.8032440186806553
0.9999845428924481 0.005560033465870718 -2.010020857581253e-06 144.925881578444 -0.005560032926736737 0.9999841092646515 -0.0009312636764320768 0.42024777844930694 -3.1678682896403855e-06 0.0009312604575714225 0.9999995663718684 1.8241601525764704
0.9999892296889533 0.0045192292838225545 -0.0010569166353078807 146.23050106085387 -0.004523502148379041 0.999981462176205 -0.004075933298397889 0.4286165759966502 0.001038476965252502 0.004080670363998932 0.9999911348081907 1.8594117639037036
0.9999928578329909 0.003416903356676385 0.0016152567780599034 147.61626550612056 -0.0033949344456140973 0.9999042731157085 -0.013413389767568019 0.4182566185637196 -0.0016609344110824207 0.013407810276023793 0.9999087317952996 1.8638366374775037
0.9999930147114386 0.001908333162870686 0.0032138439395657877 148.93869346697326 -0.0018415949004633619 0.9997852280315372 -0.020642343329902883 0.406652707701264 -0.0032525461643123713 0.020636280538568152 0.9997817586198413 1.885138571477701
0.999999513930351 0.0009780911061989088 0.0001244059874354298 150.2424076919636 -0.0009749919437862538 0.9997382548685981 -0.022857627676544173 0.3780722237924742 -0.0001467302671131352 0.022857495271309605 0.9997387225571244 1.9070545064031779
0.9999941099726739 0.0009978041506168997 -0.003283962063830495 151.63802128803906 -0.0010706695577660421 0.999751601794528 -0.022261814301028235 0.3953139176005677 0.0032609334028371726 0.022265199216544275 0.9997467815488028 1.925592986729
0.9999820135000083 0.0021735535146267288 -0.005590021608938063 152.95968307947714 -0.0022770650116113 0.9998248215040488 -0.018577978343459242 0.3988563146344527 0.005548662127237188 0.018590373033271785 0.9998117874775639 1.9512978402801178
0.9999800730688361 0.002916407015852898 -0.005598931626929438 154.32274393119843 -0.0030208198296852694 0.9998199824431859 -0.018731720552685637 0.4031093046147052 0.005543294399698341 0.018748260650663283 0.9998088690393644 1.9731305334509623
0.999991249385344 0.0033661958176318717 -0.0024839240036678965 155.65533587321428 -0.003420834627287256 0.9997447843236408 -0.022330788345459394 0.4052385460743485 0.0024081202609903675 0.022339090030578913 0.999747551141494 1.9918335542919976
0.9999927851786734 0.003780355991430413 0.00037215477655550314 156.99404367014378 -0.0037672568033561365 0.9995282892312961 -0.030479612900038575 0.403212637587873 -0.00048720301438291783 0.030477990992463514 0.9995353193851061 2.0066406189202444
0.999991720317675 0.0038022919000796967 0.0014497835712743651 158.34927137931334 -0.003753602337734783 0.9994735953447184 -0.0322248766978625 0.38455456880390815 -0.0015715487861026447 0.03221916797511814 0.9994795923126215 2.0340013294848083
0.999991842803264 0.003685259532087266 0.0016532359520465714 159.67662559854674 -0.0036274951950620677 0.9994261243046455 -0.03367882622664897 0.375858873626894 -0.0017764024154962748 0.033672554396365253 0.9994313400503718 2.056304780173131
0.9999871808311124 0.004769643379486661 0.0016996103896817316 161.04381410091065 -0.004711711414376626 0.9994574266801943 -0.03259834396639787 0.37653270212044565 -0.0018541707019117842 0.032589918009048056 0.9994670876497994 2.0655472564540687
0.9999811592598304 0.005998578543786552 0.001303142670481132 162.38413990825677 -0.0059560262499472995 0.9995165802754263 -0.030514447493395443 0.3780829615025805 -0.001485556015619671 0.03050611102666599 0.9995334763345114 2.0711207382896824
0.9999760048018028 0.006909651967603255 -0.0004965181885136714 163.73487938116338 -0.0069205914442097664 0.9996069237048357 -0.027168060207114226 0.3806933947056129 0.0003086011783175982 0.027170844503652248 0.9996307568168715 2.0896092271620064
0.9999704786437957 0.0075828987753826654 -0.0012415663737700203 165.0823944572901 -0.00761228505841015 0.9996412643126469 -0.02567870323054287 0.3816820761945546 0.001046401972323233 0.02568739631755401 0.9996694767338539 2.097820055220691
0.9999692413991588 0.007842468658660132 -0.00010927455631026868 166.42487946052236 -0.007842812367332214 0.9996751927008599 -0.024248698783014097 0.37713524714149077 -8.09305970823093e-05 0.024248809946808978 0.9997059511008235 2.1201836578130813
0.999970547370842 0.007669883967443299 -0.00027797622988593243 167.76058765281508 -0.007674282884047442 0.999698073466593 -0.023342392537997657 0.3699578972704638 9.88588591975171e-05 0.023343838311389763 0.9997274905892193 2.130022236057302
0.9999707424111053 0.007210187701275611 -0.0025549002123667714 169.13910422525652 -0.007259986820538543 0.9997726157119093 -0.020050173663399763 0.36681836170931614 0.0024097537526445545 0.020068135585531027 0.9997957106434155 2.1583679260143973
0.9999624973717266 0.006506723878641601 -0.005715452253911173 170.55942765010505 -0.006595662053397172 0.9998552678197935 -0.015682495180496865 0.37309775391076483 0.005612583378177978 0.015719604237258836 0.9998606867711356 2.1847027165783834
0.9999558685946232 0.006336235619044691 -0.0069363521646985974 171.91030778289525 -0.006412496573371689 0.9999186291072154 -0.011027921474309758 0.3732720070459466 0.006865912238680738 0.01107191413112454 0.9999151323820457 2.199828024865845
0.999959771241944 0.006693278794413425 -0.005971257550899146 173.2642641792272 -0.0067347406777206725 0.9999531644022891 -0.006950702831548071 0.3734220923753612 0.005924454891613994 0.006990638084530729 0.9999580150253351 2.2300291257729747
0.9999655055651758 0.007417873382196271 -0.0037366876064205733 174.62934577538948 -0.0074301125014968475 0.9999670424303069 -0.003272228812254848 0.3795335482693077 0.0037122914752714827 0.0032998799478700077 0.9999876647660871 2.2601912535010125
0.9999709876966792 0.007449445711266781 -0.001590447585621082 176.0520086370693 -0.007452779626909905 0.9999700211634619 -0.0021006785042696646 0.37716290471054176 0.0015747510153785082 0.0021124708141115043 0.999996528807125 2.2826208031127155
0.9999783207423039 0.0065485316298125465 -0.000689042012782919 177.4803427797032 -0.0065510719453609695 0.9999715046939339 -0.003751433928056732 0.3744360113766511 0.0006644559945848408 0.003755866563552993 0.9999927259558381 2.3058463793347537
0.999986871212094 0.005070990952967259 -0.0007365149027010288 178.9159459168305 -0.005075769384043057 0.9999650875275029 -0.006637792650692037 0.38578748814006886 0.0007028290026654127 0.006641443884314183 0.9999776983785812 2.3197988422776494
0.9999850465516739 0.0029746424105085547 -0.004588918780755423 180.25212625100806 -0.003012323615537202 0.9999616253349167 -0.008226406505096708 0.36642564280473217 0.004564272064857972 0.008240106800365176 0.999955633046005 2.3403967268856527
0.9999608807883146 0.0014317782755770214 -0.008728510985717006 181.66896782068036 -0.0014745709038130595 0.9999869167304398 -0.004898163798590233 0.3779405140134537 0.008721383703737883 0.004910842994616876 0.9999499092891475 2.375554931625367
0.9999523691816592 0.0008963291647025515 -0.009718845714133839 183.06320056887165 -0.0009119728148291647 0.9999982956446173 -0.0016053078974065608 0.4006911164205519 0.009717390265480061 0.0016140947583605275 0.9999514823352877 2.395795431347045
0.9999614361859599 0.0006326647436410596 -0.008759330809743485 184.39583804560533 -0.00061422335408348 0.9999975897989405 0.002107872382558272 0.41712422385741665 0.008760643274535627 -0.0021024109094102033 0.9999594146753078 2.4191738143527153
0.9999836454406286 0.0008351795264408118 -0.005657855285325828 185.83227483499851 -0.0008092446648607954 0.9999891631898834 0.004584607493455649 0.4131114244783884 0.005661622942537735 -0.004579953925015998 0.9999734846723194 2.4502524299186925
0.999994443848512 0.0012739996640433633 -0.003080454018699403 187.2007979332045 -0.0012608736662682036 0.9999901344298261 0.004259253528059168 0.4209724331963434 0.003085849915827936 -0.004255345799649012 0.9999861846857798 2.471297299961142
0.9999954426066339 0.001406476139725112 -0.0026714398422832755 188.65472171600533 -0.0013969753235889627 0.9999927052518488 0.003554982845836755 0.42723595970648054 0.0026764203533522265 -0.003551234708843395 0.9999901127041881 2.4938217433976986
0.9999969651676338 0.0012083842223901806 -0.0021469660205163366 190.0575425278054 -0.0012017493163933148 0.9999945070137287 0.0030889708562075882 0.4227540631645556 0.002150686890907525 -0.00308638136675138 0.9999929243729458 2.522693615859122
0.9999980584130532 0.0013571817038276503 -0.0014287154883369409 191.42212181406603 -0.001357416151936826 0.9999990654028897 -0.00016314023869330477 0.4250894355024341 0.0014284927421164613 0.0001650792834227377 0.9999989660781233 2.544941517343414
0.9999976281510383 0.001733195716351267 -0.0013189863178173873 192.8750887563985 -0.0017350620611958588 0.9999974934407508 -0.0014151578920742784 0.43225575416025325 0.0013165302661035288 0.0014174430586527827 0.9999981287998663 2.5707866634364493
0.9999975231640967 0.0021377215441580437 -0.0006195258441958254 194.2504920120386 -0.0021404586157694853 0.9999878010110377 -0.00445154647550522 0.43064617394333915 0.0006100021198013819 0.004452861519185985 0.9999898999098465 2.5903409926352667
0.9999968438552679 0.002392858152531274 0.0007658389940196436 195.7110773446353 -0.002385440424980893 0.9999516060934692 -0.009544377668042234 0.42379696865588423 -0.0007886402739927617 0.009542520681309577 0.9999541581220436 2.602714532641836
0.999995798224775 0.0026770860547355962 0.0011120894974916225 197.13184339079925 -0.0026619516602495357 0.9999067457766444 -0.013394542310942083 0.4169104754440813 -0.0011478441328794209 0.01339152570160186 0.9999096706669208 2.621120098086558
0.9999907578355123 0.002899145476391704 -0.0031747754352898466 198.5279789569665 -0.0029369893012005264 0.9999239108786994 -0.011981091222898069 0.4224875790710176 0.0031397989429955476 0.011990304773169405 0.9999231841766867 2.642857941261786
0.9999638141444113 0.0031253986722728404 -0.007912160570962203 199.9675513989413 -0.003163385210442205 0.9999835095597709 -0.004793078607143837 0.43790722792819614 0.007897049814436357 0.004817934377226359 0.9999572111408394 2.667028401853205
0.9999496177905656 0.004574610407665632 -0.00893503330268645 201.40512236013066 -0.004531104274089373 0.9999778107371197 0.004883352071529095 0.4530091025185609 0.008957174474094366 -0.00484262046987535 0.9999481576823998 2.687009659005067
0.9999698757256302 0.00591469166805134 -0.005026337010130744 202.8431305889157 -0.005858371235005922 0.9999207102169468 0.011146872463137449 0.47451964006528363 0.005091868786642209 -0.011117090523535409 0.9999252387906563 2.7121165930432287
0.999972707329498 0.00682527540912183 -0.0028284645487938733 204.28277085878432 -0.006789195528205706 0.9998978817762675 0.012575088206974347 0.46072595156894036 0.00291400415132486 -0.012555542000369022 0.9999169300221309 2.7332116156381723
0.9999771777444664 0.006351891627091746 -0.0023016218128536856 205.7483011217114 -0.006323602605972364 0.9999068389106881 0.012096509815510748 0.4564557856923319 0.002378243110672592 -0.01208167920417895 0.9999241856197467 2.7646888625277803
0.9999845801411084 0.005078484158513076 -0.002246881986847083 207.17554112261766 -0.005058592260381066 0.9999487304817005 0.008771946897849133 0.448952948034149 0.002291314983649986 -0.00876044557583711 0.9999590013940364 2.7849775025011305
0.9999887139352458 0.0038781518985191664 -0.0027444380089859284 208.60487939434333 -0.0038584734687983012 0.9999670684139704 0.007139626745165553 0.44216945780434 0.002772036187306015 -0.007128956825631351 0.9999707464670927 2.8117098363565325
0.9999883278001543 0.003457147182649911 -0.003375262479952602 210.07732054241134 -0.003431737907780846 0.9999659479108389 0.007505077861675411 0.4473277320423416 0.0034010937039987512 -0.007493407244705589 0.9999661401314954 2.8319383865090773
0.9999884576331554 0.0033822777185360275 -0.003412447493768326 211.56092093432528 -0.0033530583883449754 0.9999579778549266 0.008532263693207113 0.45143340228520673 0.003441162580782896 -0.008520723074995785 0.9999577769477929 2.857789703271275
0.9999911310214 0.0032005682552607665 -0.002737561211081332 212.99394270291768 -0.0031729941404577337 0.9999447820294357 0.010018233391618241 0.4554146998520112 0.0027694740882739668 -0.010009458274438776 0.9999460689248829 2.8790800799380714
0.9999924465246691 0.002719140630748573 -0.0027772590511006634 214.4253912566887 -0.0026936983304638425 0.9999547476507618 0.009123959667041237 0.4655436994819197 0.0028019427030481214 -0.009116409651367757 0.9999545190618208 2.9078690021135385
0.9999896496883889 0.0025255682071025796 -0.003784444652066582 215.91540574378297 -0.0024891100364233965 0.9999507476764502 0.009607629912451348 0.46489791244450945 0.0038085229840266175 -0.009598110571322163 0.999946684291788 2.9296016943282286
0.999988352843213 0.0022407962782770314 -0.004274694136087623 217.3922484465423 -0.002203196124977772 0.9999590234468659 0.008780509895510958 0.46870839032573886 0.004294194307751459 -0.00877098963797944 0.9999523136810163 2.9553348225645255
0.999989441219597 0.0016353173263961975 -0.004294553126973447 218.86674291545668 -0.001598634448126994 0.9999623298666753 0.008531307960181901 0.4655619337935612 0.004308342746308692 -0.008524352459406507 0.9999543857586345 2.977991035337889
0.999987796238193 0.0014814397265787399 -0.004713036284456705 220.3478414525163 -0.0014318526859686193 0.9999437717980962 0.010507285095704954 0.47351863259053806 0.004728337188460188 -0.010500408493637441 0.9999336899259365 3.0118588549833327
0.9999876835110323 0.0013614090058967163 -0.004772776106025778 221.83400940128976 -0.0013190282198838243 0.999959776424504 0.008871623166656009 0.4790956970806024 0.004784662035581759 -0.008865218473036117 0.999949256167847 3.0326111215072302
0.9999862111995295 0.0009314959772686634 -0.0051681453205658975 223.31033678204636 -0.0008778370557668222 0.9999457908664959 0.010375197852638438 0.4822834990002596 0.005177529614949346 -0.010370518001633426 0.9999328205151906 3.0590828270162183
