1.0 8.809142651444726e-20 8.673617379884037e-19 -5.551115123125783e-17 -8.809142651444726e-20 1.0 1.7347234759768075e-18 0.0 -8.673617379884037e-19 -1.7347234759768075e-18 1.0 -5.204170427930421e-18
0.9999993011580781 -0.0003480319849955573 0.0011298482609536818 1.3160940844717768 0.0003481171165631284 0.9999999365833229 -7.515200288644408e-05 -0.058402083065748844 -0.0011298220340017183 7.554526988583102e-05 0.9999993588973364 0.018140396604628333
0.9999976844684006 0.0012037922336848642 0.001783799903291163 2.5652097675998258 -0.0012028053760217308 0.9999991230587825 -0.0005542029350592417 -0.11574037075546209 -0.001784465484192614 0.0005520560876714074 0.9999982554569841 0.031373844761168695
0.9999988791671488 -0.0006459954867294183 0.0013506865947781974 3.929831356278106 0.000648005401867837 0.9999986827313143 -0.001488161495104191 -0.028133594183865688 -0.00134972346995168 0.001489035079333546 0.9999979805085045 0.05346470649895586
0.9999991821231805 -0.0001575710670497409 0.0012692219384172446 5.252202658470176 0.0001601168234438969 0.9999979753425982 -0.002005909596015788 -0.028897655286525284 -0.0012689032953622028 0.002006111179213852 0.9999971826972133 0.059461317257255696
0.999998815915006 -0.00014190886075739342 0.0015323284443398983 6.5609082933324085 0.0001454606962574804 0.9999973026905182 -0.0023180709380521444 -0.025120240746881406 -0.0015319953563698826 0.0023182910868215405 0.9999961392508797 0.06651613522888673
0.9999972772390083 -0.00016963889378786577 0.0023273884969119783 7.90347984749088 0.00017757271724160023 0.9999941731941401 -0.0034091121568636112 -0.025547270546785118 -0.0023267966176559575 0.0034095161553654883 0.9999914805722528 0.09822292942200879
0.999996546636202 -3.2620899900985804e-05 0.002627860640777959 9.21894044814597 4.228453704779062e-05 0.9999932374239677 -0.0036774064705997135 -0.008985729983669746 -0.002627722909362201 0.0036775048890479584 0.999989785462883 0.10387653806039532
0.9999979900233863 -0.0005770985509376585 0.0019201318834849116 10.551898470052597 0.0005834761671704332 0.9999943101046277 -0.0033225463024547357 -0.009504026131939678 -0.0019182035214788237 0.0033236599754062077 0.9999926368627011 0.12184532409458759
0.99999987317269 -0.00027435704408040727 -0.00042235389924355385 11.867360545479446 0.0002740747942748408 0.9999997392019586 -0.0006681908571487688 0.00832779957335669 0.0004225371119629332 0.0006680750158458735 0.9999996875690322 0.13276060974993828
0.9999987815983639 -0.000551976693878959 -0.0014601792756705316 13.215968915995418 0.0005553861535733081 0.9999971182889769 0.002335585571647075 -0.003921453968740567 0.001458885879053708 -0.0023363936893172356 0.9999962064510648 0.1581441341090259
0.9999985446793598 -0.00036858815136283604 -0.0016657676720323348 14.561382142693708 0.0003770592065046318 0.9999869853305394 0.005087926482788893 0.021888052233251257 0.001663870643200124 -0.005088547171261104 0.9999856690083956 0.15986472733493046
0.9999997147734707 -2.766059091351964e-05 -0.0007547767013339983 15.910564337683306 3.2063142446863815e-05 0.9999829843010468 0.00583353069138365 0.036575058653201147 0.0007546024993748357 -0.005833553228018828 0.9999826999662563 0.18479490772885185
0.9999980606423747 0.00020747377078788326 0.0019584856710993413 17.25095540612604 -0.00021527788376450344 0.9999920350910609 0.003985399587388867 0.029279560715030805 -0.0019576432060588204 -0.003985813476924445 0.9999901404133967 0.20484727899747934
0.9999926741537882 0.00039261372817522307 0.0038075573818001523 18.61063149383909 -0.0003904040842008126 0.999999754978685 -0.0005810569859130331 0.03995363356920093 -0.0038077845798169577 0.0005795662432262303 0.9999925824122714 0.2223848983759941
0.9999983174408789 -3.5040960779979084e-05 0.0018340903855644745 19.955489951433858 3.9917143195317255e-05 0.9999964649368206 -0.002658668930808588 0.026192764868796663 -0.0018339907396253536 0.002658737669089482 0.9999947837823825 0.2519465736090458
0.9999998734770182 0.0002599607038815478 -0.00043065807772125786 21.30109028053233 -0.0002613812537612459 0.9999945149148864 -0.0033017904205428716 0.031824427375665515 0.00042979737976325306 0.0033019025687387993 0.9999944563414533 0.24622708452958206
0.999998350804644 0.0004950889147464413 -0.0017473622859679485 22.65381453636002 -0.000497027491745019 0.9999992613517743 -0.0011091706712790935 0.03809443528840942 0.0017468118571779844 0.0011100373291341378 0.9999978582304381 0.29155600055259295
0.9999991347640346 0.0011744851799821777 -0.0005924995730544928 24.023987478821432 -0.0011740049590985946 0.9999989826454824 0.0008101977265886666 0.04521739913230926 0.0005934505354951091 -0.0008095014281394248 0.9999994962618229 0.27894639526763565
0.9999912359412221 0.0019746609536316173 0.003691714353137807 25.420295033265607 -0.0019787177774115493 0.9999974421974559 0.0010955704008896513 0.05879443902365755 -0.003689541530368851 -0.0011028656600659418 0.999992585457828 0.29268048309775674
0.9999873017833324 0.002075600126276841 0.004592184252227898 26.78879890166937 -0.0020733742225989777 0.9999977307895204 -0.0004894232757160841 0.039178544008696865 -0.004593189678608148 0.0004798957444592926 0.999989336097466 0.3125979924657631
0.9999904831706793 0.002057608866146487 0.0038470526153490613 28.158584382648897 -0.0020402725667521783 0.9999877715450758 -0.004504891582110618 0.048976138126148955 -0.003856274876699943 0.0044969996739123745 0.9999824529150539 0.3360917833482434
0.9999971565247039 0.001975998643417727 0.0013350550056711223 29.51204047159794 -0.0019697187879289565 0.9999870672627099 -0.0046888714229399156 0.05494401465886875 -0.0013443029433263555 0.0046862284073222685 0.9999881159858406 0.33745823635290284
0.999996061455054 0.002717948146255118 -0.0006998801711092142 30.904464223833767 -0.0027212039805304374 0.9999852813786768 -0.004693833710804529 0.056215728413440864 0.0006871122732048932 0.004695719740637006 0.9999887389830154 0.37317645363922725
0.9999930052146242 0.003222043173589533 -0.0018994629799419672 32.2879800404105 -0.003226392063896665 0.999992170972927 -0.002290935857289374 0.06973605062816524 0.0018920666147547625 0.002297048244968893 0.9999955718168384 0.36673233884750345
0.999985956440549 0.0037541732113550775 -0.003740735914186783 33.671762371210505 -0.0037575091274662915 0.9999925487876508 -0.000885152153518828 0.06780746023872791 0.0037373850266664305 0.0008991955721729348 0.9999926116729491 0.40630812294157
0.999985027517685 0.003984273581103774 -0.0037510404537441917 35.063857615530964 -0.003985215462384012 0.9999920293125415 -0.0002436577592112701 0.07892667298104364 0.003750039756200234 0.0002586028154660687 0.9999929351382493 0.4095330572299197
0.9999917834560081 0.0033860169748354367 -0.0022288807770444834 36.456171536844295 -0.0033872484117411414 0.9999941125846484 -0.0005489483022320979 0.0717093269909909 0.002227008906427915 0.0005564935646462277 0.999997365369651 0.4428136551313486
0.9999942181862778 0.003255119290315284 -0.000983764413367021 37.85720407118501 -0.003254532013135241 0.9999945252046142 0.0005979817503379337 0.08075218451454957 0.0009857055293889315 -0.0005947766001421579 0.999999337312483 0.4541144824138478
0.9999959100758307 0.002759384843173133 -0.0007520817100010315 39.25755976870165 -0.002757179882929033 0.9999919437875047 0.0029172451356196684 0.07367342964541682 0.0007601254530820113 -0.0029151595797471466 0.9999954620166635 0.47125176721566586
0.999994335976894 0.003314725765878547 -0.0005836156507789176 40.6561449146429 -0.003311640578982201 0.999980943054636 0.005210236485653949 0.08851208140203536 0.0006008750339726648 -0.005208274249482459 0.9999862563198235 0.494791553760577
0.9999946276166211 0.003267801859568023 -0.00025731090548699876 42.078300771050394 -0.0032657006168137475 0.9999643866993244 0.00778206479832838 0.095557931411604 0.00028273198761561086 -0.007781182689710041 0.9999696861698221 0.5136996531275151
0.9999951402291355 0.0031073523802437357 -0.00025274353918098414 43.46879021932798 -0.003104894378262801 0.9999528140253141 0.009204854901363599 0.10390515731124576 0.00028133434101829276 -0.009204025425883992 0.9999576024846996 0.536189051009812
0.9999966129981266 0.0025688142995145863 -0.0004185515135958938 44.894131710409205 -0.002565333549210634 0.999963784906014 0.00811467437549146 0.1049263617249153 0.00043938144728515805 -0.008113573166834247 0.9999669878923054 0.5516488637258528
0.9999980893813479 0.0017344227926171401 -0.0009016713537448736 46.294047714480826 -0.00172729171331464 0.9999676944754142 0.007850252789664593 0.09549499398917581 0.0009152578821449875 -0.007848680341367731 0.9999687797726028 0.5793286884710378
0.9999994815492681 0.0008921095487468013 -0.0004909600269050216 47.722461454716296 -0.0008884766188477083 0.9999725879924953 0.007350773625200237 0.10547365700410714 0.000497504264046797 -0.007350333607681577 0.9999728621744507 0.6011327461964677
0.9999999739343558 -0.0002157459552009877 7.473266087121019e-05 49.12582298688822 0.00021518559380133954 0.9999724573571644 0.007418774982032159 0.10465020296084492 -7.633117323114339e-05 -0.007418758707265004 0.9999724777176596 0.6185984228831398
0.9999991874852793 -0.0012607406007230603 0.00018857868145222007 50.55360153902872 0.001259162184844049 0.9999660096984265 0.008148248793367157 0.111415044373653 -0.00019884509968455785 -0.00814800472165051 0.9999667846882127 0.6362906828054259
0.9999975592675556 -0.0021795195271216805 0.0003621512976360679 51.99259654548103 0.0021765271915099764 0.9999650905593706 0.008067241906279497 0.12696452794186583 -0.0003797213664015947 -0.008066433984153694 0.9999673936956461 0.6515041352683677
0.9999929585475944 -0.0035672958024457646 0.001165013256075722 53.41123900655417 0.0035571029034808235 0.9999563729609292 0.00863708247945766 0.12724025030985067 -0.0011957734580712283 -0.008632877589816679 0.9999620210539779 0.6753269238610679
0.9999891619977962 -0.004146847359756447 0.002116493307364271 54.86125572449253 0.004131317909548525 0.9999648954513918 0.007289724083764033 0.14563771831744654 -0.0021466483818921933 -0.007280901171012195 0.9999711897744167 0.6951356637269831
0.9999854585310667 -0.004766469071197822 0.0025225976702015766 56.26226238675011 0.004754858755154968 0.9999781674270473 0.004588680361809333 0.14507995133923887 -0.0025444143984260886 -0.004576619040038515 0.9999862901627858 0.7007791166504446
0.9999854456141943 -0.005043952053990949 0.0019149693100060207 57.691894285214424 0.005037863655562434 0.999982282210489 0.003170992729371568 0.1666655908227314 -0.0019309297162733705 -0.003161299223231601 0.9999931388252882 0.7246778555624894
0.9999844985464994 -0.0051791388586191 0.002044306089903167 59.14394030567461 0.005175513908503562 0.9999850324577958 0.001774518572439605 0.17312709171686286 -0.0020534659697593514 -0.0017639107302209363 0.9999963359415107 0.7393353393293836
0.9999853284823415 -0.004739185760966488 0.002623535474658731 60.53833819270222 0.004736455665086329 0.999988236019331 0.0010458540431077356 0.18409956619725626 -0.0026284611080272676 -0.0010334124393801714 0.9999960116175132 0.7630310111506415
0.9999845711893028 -0.004229974741128251 0.0036006523069725717 61.99773266145962 0.004231179324465179 0.999990995057657 -0.0003269940695139365 0.19665626479593934 -0.0035992367066516066 0.00034222402998018903 0.9999934641675629 0.7824818883944098
0.9999877530453372 -0.0038288309046904338 0.003135891139840271 63.39845105022625 0.003838003912620773 0.9999883587595877 -0.0029243924621542186 0.20585326671799298 -0.003124657629941066 0.002936392209716578 0.9999908070154877 0.7914363701862506
0.9999915440913854 -0.0035494350634742624 0.0020768380911973363 64.81800863892967 0.0035573241676108204 0.9999864247489519 -0.0038073301111260487 0.20852516025805531 -0.00206329602660421 0.0038146859030245947 0.9999905954462611 0.8133854608612292
0.9999942396555432 -0.0027575961716868416 0.0019789691978521645 66.2722365522031 0.0027649001272525278 0.9999893415137004 -0.0036975919572278717 0.21752497199466522 -0.0019687516396103702 0.003703042310011508 0.9999912057086462 0.835945772179843
0.9999963869860891 -0.001964312741348489 0.001835072266184641 67.6293989081416 0.001967852166373783 0.9999962033368043 -0.0019289556314272338 0.2334267995361715 -0.0018312762269089983 0.0019325598130181677 0.9999964558136943 0.8576949812698091
0.9999944421807951 -0.0014147411447376786 0.003018959260012887 69.0959707419327 0.0014126113157875216 0.9999987519855686 0.0007075002300900786 0.24858659613898967 -0.0030199564219935827 -0.0007032316819191167 0.99999519265265 0.8740373650318921
0.9999913985980339 -0.0006194398813928581 0.004101100362284513 70.46417454977887 0.0006020796720296319 0.9999908598027517 0.004232943541067451 0.2620452569175063 -0.004103684931463288 -0.0042304379426574695 0.9999826314315646 0.8921888153762316
0.9999877094234968 0.0002926110126332932 0.004949280830944161 71.90746809566102 -0.0003311379742725462 0.9999696390451955 0.007785328218085038 0.2786226207611347 -0.004946852493278962 -0.0077868714267414355 0.9999574457364638 0.9111264004673619
0.9999902550035158 0.0006807804947091054 0.004361930297643839 73.27292475929903 -0.0007331139495097622 0.9999276394676283 0.012007429892933689 0.2853957321061039 -0.004353440241982638 -0.012010510672519589 0.9999183942659744 0.9192407636535986
0.999991741495315 0.0013540171236169837 0.003831915812751467 74.67324619185773 -0.0014139066505345736 0.9998762210707177 0.015669824674349637 0.29607710031541856 -0.003810224291381919 -0.01567511323628109 0.9998698780420776 0.9374312450038963
0.9999902427822831 0.002260825036351096 0.003795129824584558 76.11393882405528 -0.002327663190526386 0.9998406241236294 0.01770051796254706 0.31195089201359444 -0.003754507198276717 -0.01770917903873555 0.9998361309001952 0.9556255551413537
0.9999879779800427 0.0024938568839619583 0.004221915824342762 77.48309850606374 -0.0025682493482316483 0.9998399061470344 0.017707799727084018 0.31088746083553354 -0.004177079203322339 -0.017718429776126456 0.9998342908980455 0.9717917576789921
0.9999879406465184 0.0026184205269396627 0.0041548087175316585 78.896121894893 -0.002688123942764979 0.9998542360400648 0.016860624614961434 0.314650534797803 -0.004110054890571379 -0.016871589927520483 0.9998492170833131 0.9946969474745393
0.9999930781350639 0.0022975309223981473 0.002926607869323811 80.26063365670629 -0.002344079359904379 0.999869205876102 0.016002388341984173 0.3146645818829323 -0.0028894591041636174 -0.01600913777671443 0.9998676705113191 1.0094557286333679
0.9999932707727746 0.0021179914860013473 0.0029954167045010156 81.64922625858907 -0.0021644827524781056 0.9998759124254362 0.015603677957962832 0.321243337024256 -0.0029619965534420736 -0.015610056485061677 0.9998737683892654 1.0348044221654469
0.9999937017680198 0.0014905562288569125 0.003220972899820085 83.05616983252301 -0.0015381179126002715 0.9998890751677214 0.0148145723369127 0.3192070621951372 -0.0031985336608667627 -0.01481943326741265 0.9998850702856069 1.0422369000931286
0.9999954848936153 0.0012219916682035797 0.0027453467442017875 84.43005546262289 -0.0012621007070179496 0.999891799820478 0.01465591189829182 0.3297997043559614 -0.0027271402949615767 -0.014659310629357304 0.9998888274791772 1.0669418514290567
0.9999958370258671 0.0005775614516152153 0.00282707511484363 85.81089505611064 -0.0006184180641935973 0.9998950777088549 0.014472426634840578 0.336617716390041 -0.0028184197759097284 -0.01447411470082271 0.9998912723459457 1.0780726622604093
0.999993480376856 -0.0005745414057028982 0.0035649833036931916 87.17381448429062 0.0005246964069264812 0.9999023183433573 0.013967049268184036 0.34302798282421904 -0.0035726597183382476 -0.013965087674356174 0.9998961008168721 1.1012761862169091
0.9999879952480009 -0.0017240047215937406 0.004586629220274849 88.53953677060909 0.0016696443375017259 0.9999286354117617 0.011829470459764964 0.346918607861406 -0.00460669596029573 -0.011821670410399962 0.9999195099911978 1.1160621446247236
0.9999833549135252 -0.002682906948514883 0.005108023707482861 89.9009997077542 0.002634252949900187 0.9999513278160116 0.009508033991908464 0.34977919352783704 -0.005133284259276761 -0.009494419903340866 0.999941750995233 1.1332308607879438
0.9999797215192888 -0.0036786096401543694 0.0051984979870045465 91.25405779880276 0.0036328998007534637 0.9999548983766967 0.008775149656152238 0.35489065334890996 -0.005230543876425513 -0.008756086087147992 0.9999479848308067 1.150842334619522
0.9999808563641949 -0.00395408916907708 0.004759420550286247 92.63561982006392 0.003916959628604678 0.9999620211754833 0.0077854758306850355 0.3751576388639517 -0.00479002425874659 -0.0077666843302201406 0.9999583662743742 1.1674876497121915
0.9999812051003041 -0.004269348617945911 0.00440023959826145 93.95895288469556 0.004239871380822938 0.9999686552433303 0.006686704832699624 0.37787882699724024 -0.004428649547858053 -0.006667922706811565 0.9999679624217759 1.187392755631346
0.999982489205049 -0.004521065404361847 0.0038185404127131306 95.3778515851617 0.004497188568427958 0.9999704278941056 0.006238479963852825 0.3996690226467419 -0.0038466320663720632 -0.006221198026817238 0.9999732497006393 1.196529911516927
0.9999847087860775 -0.0044891583437945675 0.003229497079772813 96.72516397547757 0.004470629416674206 0.9999736361811832 0.005721924082131457 0.39998600552221164 -0.003255098561132791 -0.005707398702320373 0.9999784147337433 1.2109751893262362
0.9999883537861303 -0.004132891234296775 0.0024922885367969936 98.06957080271725 0.0041155478042484645 0.9999675578439567 0.006924270782096535 0.4195847191499376 -0.0025208249396026024 -0.006913933007942946 0.9999729211193599 1.2314712282033227
0.9999892974541468 -0.0038864359294179373 0.0025100981909859437 99.41917913050169 0.003865145030903397 0.999956980343817 0.008431969850824183 0.4393704869448025 -0.002542760518008794 -0.008422177713730255 0.9999612998969042 1.244734077558126
0.9999841893702883 -0.003935116784731532 0.004016947266000073 100.73573527399228 0.0039005967700097644 0.9999557073125258 0.008565556487699091 0.4398794353813071 -0.004050475809715531 -0.008549752569326132 0.9999552466869296 1.266855183322975
0.9999786153084941 -0.0038113456620975494 0.0053143739001474165 102.11130831720759 0.0037644896685619872 0.9999542007954494 0.008799143655457125 0.4618839900314929 -0.005347667084051505 -0.008778949582842557 0.9999471648547137 1.2807150478549003
0.9999847241663014 -0.0035311136256459394 0.004252372350691833 103.44744100515074 0.0034939400107292474 0.9999558953694537 0.008717780627874963 0.47376620758928306 -0.004282968275340841 -0.00870278992261127 0.999952957708669 1.294660004962527
0.99999264460998 -0.003426764996606425 0.0017227906420669151 104.77503987756067 0.0034115063085476513 0.9999556073070383 0.008783224915668233 0.4819811796535369 -0.0017528122104492375 -0.008777283000479627 0.9999599426739475 1.3094674337340224
0.9999936545818784 -0.0035290609703627985 0.0004863379960670797 106.10450482347721 0.003525155121564691 0.9999632824687978 0.007810697510214828 0.4949674482531319 -0.0005138845666711433 -0.007808933531195656 0.9999693777710184 1.3242490532993536
0.9999934536032883 -0.0032154179951188744 0.001659469097212719 107.44382139971891 0.003204988982925811 0.9999753362081368 0.006249401654804047 0.5033119632287933 -0.0016795226069518845 -0.00624404216356753 0.9999790953521339 1.3503496674394464
0.9999903141437013 -0.0026753439828557605 0.0034948752989156662 108.77907789200962 0.0026651360572431696 0.9999921787920399 0.0029222259572385476 0.5084462919877915 -0.003502665924400402 -0.002912883334803145 0.9999896231672106 1.3578373087005255
0.9999892684768068 -0.0018437469335973158 0.004250120994232285 110.11606801943833 0.0018357929853209866 0.9999965578521445 0.001874606085941601 0.5214044397514697 -0.004253562663910078 -0.0018667836262549347 0.9999892111035783 1.3812234896695572
0.9999945562328345 -0.0011689300598068792 0.003085629143598296 111.44087481254388 0.001164857642129593 0.9999984486765183 0.001321268795661632 0.5297652730571338 -0.003087168827601683 -0.0013176672842932472 0.999994366554911 1.3976374551304622
0.9999996847943551 -0.0004518267324339695 0.0006528888071142686 112.76046821672459 0.00045013453998149695 0.9999965454606505 0.0025896806098841207 0.5407742184661034 -0.000654056638612205 -0.002589385905799324 0.9999964336389128 1.41104165083185
0.9999988485912865 0.0006423047321156665 -0.0013748675326715324 114.10696373137932 -0.0006344068734488311 0.9999833408978673 0.005737199199822406 0.5405171906229179 0.001378529658808023 -0.005736320368548448 0.9999825969908722 1.4403447827037426
0.9999963763414683 0.002037187185822601 -0.0017598784908285038 115.42005291489737 -0.0020224508762703482 0.9999632174976275 0.008335067141041225 0.5570264064948452 0.0017767938500664396 -0.008331477669808162 0.9999637140833921 1.448297708572359
0.9999939020340147 0.0034922335901940117 1.4118663002123549e-05 116.77580205071813 -0.0034922128170572944 0.9999501247028755 0.009356952299974101 0.5650045082191142 1.855870429420136e-05 -0.009356944546973146 0.999956222663932 1.4692542593647184
0.9999874665699824 0.0043384929947830045 0.002498836025541048 118.09718583964076 -0.004360702002802241 0.9999504222375915 0.008951946431107263 0.5695990963133553 -0.0024598741819612437 -0.0089627309117744 0.9999568083040448 1.485444995461231
0.9999805121246439 0.005251579052691546 0.0033758389162175497 119.44588039001913 -0.005280256992857091 0.9999495664863781 0.008543030480679663 0.5669632048304247 -0.003330804260880741 -0.00856068929221061 0.9999578092808805 1.5051570647245192
0.9999775042608856 0.006282441391925567 0.002349872832191613 120.78079579675384 -0.006304665241571212 0.9999343046544339 0.009572751508612306 0.562929939020045 -0.0022895782061715417 -0.009587351324058992 0.9999514190830607 1.522200852281971
0.9999676698598814 0.007723879183056486 0.0022362748858043707 122.09245901493868 -0.0077481034698596435 0.9999091006513174 0.011034370271743083 0.5595910875907105 -0.002150843467033722 -0.011051340418208336 0.9999366188650863 1.5362609612587668
0.9999600236073508 0.008791141619118644 0.0016331001864769623 123.45687192195037 -0.008810798056346675 0.9998837199740703 0.012446540419943104 0.5620905430408384 -0.0015234909900451285 -0.012460431768104983 0.9999212052033679 1.549169865987815
0.9999493643200961 0.010025777002232148 0.0008675202229347545 124.78712420675129 -0.010036339338911038 0.9998628409879109 0.013174638676554476 0.5622035534120268 -0.0007353152452618915 -0.013182678297108341 0.9999128343532775 1.567047644370775
0.9999383549029346 0.011103426562734211 1.767989750080801e-05 126.1167633065547 -0.01110256249618995 0.9998379794082558 0.01416855810709875 0.5533905641021434 0.00013964251144865048 -0.01416788097712589 0.9998996207863001 1.5823983896179328
0.9999288234031862 0.011930485103571876 -0.00010794773278138315 127.45837190461849 -0.011927970221447053 0.9998391995070507 0.013390244788500621 0.5460324457910942 0.00026768249071512683 -0.013388004119103986 0.9999103408265119 1.6053338531908032
0.9999156498562234 0.012976004922093371 0.0005625556580770065 128.80477573103323 -0.012982269711799643 0.9998296659059119 0.013118683150478153 0.5425880913780075 -0.0003922317385366259 -0.013124879836949304 0.9999137881255208 1.6256496613466542
0.9999036865430752 0.013812613418294765 0.0013525339641731388 130.15047937593405 -0.013828407781463855 0.9998267149973598 0.012462548528203119 0.5291490513382956 -0.001180159225294778 -0.012480051608267142 0.9999214246809885 1.6454779379881463
0.999898260213075 0.014131975707086577 0.0019381654934406258 131.47580810528456 -0.014152021150890445 0.999842052855645 0.010751262193537635 0.5142247003868943 -0.0017859227895960575 -0.01077759732146999 0.9999403251573394 1.6583132886524752
0.999898642676075 0.014079615950192198 0.002113951096411873 132.81661562853367 -0.014097868056090678 0.9998611627020376 0.008882873206486723 0.49696534449792773 -0.001988590157872037 -0.008911775065863992 0.9999583120182358 1.675987590160259
0.9998987685318577 0.01394333482847594 0.002834801992322665 134.15485620701517 -0.013962409491185287 0.9998792337626068 0.006824149141311661 0.48626453543689996 -0.0027393082475555323 -0.0068630389889185 0.9999726970703557 1.685596049931239
0.9999071669506443 0.013356599293896243 0.0026942041568143774 135.51373459842347 -0.013372213881628075 0.9998933968331833 0.005863349324601567 0.4674718422626907 -0.00261560253867037 -0.00589883248623002 0.9999791809826138 1.710630763098669
0.9999234459654692 0.012173078187992641 0.0022177411865159143 136.83486141390432 -0.012184163107115042 0.9999129912954092 0.005055295050368687 0.4550376351768183 -0.002156009721816647 -0.005081929367482714 0.999984762691904 1.7298272541720987
0.9999332886438426 0.011129675886005034 0.0030900771159038443 138.20104460427962 -0.011139120563843887 0.999933287426223 0.003056254251613753 0.4463086288481479 -0.0030558558496605872 -0.003090471106293494 0.9999905553220826 1.7433762353954974
0.9999434471281656 0.010039725990431422 0.003508054657280282 139.51986571455387 -0.010047140981541487 0.9999473158103352 0.002102513211072431 0.4294961255013039 -0.003486761181732934 -0.002137640227624924 0.999991636460385 1.7615771865797951
0.9999565616419265 0.00873391949451205 0.003254762590339355 140.87900394092753 -0.00873709844409212 0.9999613663814002 0.0009637714570255159 0.4264490126848359 -0.0032462193447660376 -0.0009921667735398078 0.9999942388159339 1.7727158661866498
0.9999678361331378 0.007539103435448688 0.0027365340486861234 142.19473271545468 -0.007541363085403103 0.9999712302882839 0.0008163568765697049 0.42186815035349146 -0.0027303007204577427 -0.000836967816232525 0.9999959224631121 1.7853927770271232
0.9999766638685764 0.0065255103662314 0.0020222345888570915 143.5422617757892 -0.006527434929292872 0.9999782480655396 0.0009465669643161473 0.41422435522121787 -0.002016013768804874 -0.0009597448797955968 0.9999975072860181 1.797383820991621
0.9999836756189369 0.005706738817742765 0.0002857056296534378 144.91111563759327 -0.005706655218027259 0.9999836741103754 -0.0002925729602429544 0.40520804686927037 -0.0002873706027241034 0.00029093776064818106 0.9999999163866745 1.8163603744015184
0.9999886838679442 0.004696934526906224 -0.0007556071112590144 146.2134223409087 -0.004699598156079945 0.9999826097207964 -0.003562868669559944 0.41077806979182047 0.0007388594101714929 0.0035663794014543755 0.9999933674903733 1.8568523082614694
0.9999920973883694 0.0035206962135532448 0.0018465803480621464 147.57573119380186 -0.0034961310293767692 0.9999075317272536 -0.013141729830464478 0.40088127386743494 -0.0018926776364205295 0.013135170089624375 0.999911938661641 1.8616558843257878
0.9999922938383184 0.00201217977626691 0.0033709637384649643 148.8831941263678 -0.0019414198887562 0.9997804303703686 -0.020864370042160463 0.38802853522962216 -0.003412206440648793 0.0208576648019054 0.9997766323865634 1.8780258324994157
0.9999992635133331 0.0011070279376097448 0.0004974554619231774 150.19593004581392 -0.0010937842132210044 0.9996645110435419 -0.02587796352441938 0.3686410139858365 -0.0005259361996993505 0.025877400356713248 0.9996649856536399 1.8866972977763774
0.9999941541187148 0.0012652715884859523 -0.003176604508484987 151.58116279610996 -0.0013419585832477243 0.9997048727883519 -0.024256266620940138 0.3742973199127631 0.003144976241055673 0.024260387693370796 0.9997007265744137 1.908597366580048
0.9999840557753349 0.0022592868079838193 -0.005175308515561062 152.90596679726443 -0.002365328473501931 0.9997854879562923 -0.02057627986811556 0.38544487421637136 0.005127710631891154 0.020588193099877583 0.999774891107272 1.934676566247104
0.9999807890122762 0.003072898913081004 -0.005383205239981575 154.28140247509137 -0.003183899551728693 0.9997799567800998 -0.02073404939770249 0.38580249833658226 0.005318307064309217 0.02075079066088448 0.9997705338210953 1.9563144673818433
0.9999909115510959 0.0035277968796186285 -0.0023940476988943316 155.60847856585804 -0.0035842342003924504 0.9997056744347503 -0.023994119449516575 0.38606700404407596 0.0023086966897289188 0.02400248220782771 0.999709233111037 1.9756138856150538
0.9999920648271734 0.0038494834212418096 0.0010255535460363615 156.9479508718778 -0.0038157221484094467 0.999508812044295 -0.031105866171649902 0.3820929242017728 -0.0011447913226177505 0.03110170611384592 0.9995155693282799 1.997019733647831
0.9999896334429089 0.003919558849905231 0.002317340099963162 158.2813187280011 -0.003833908883802291 0.9993488836334407 -0.03587631423748386 0.36825454980373384 -0.002456450566868703 0.03586705785282805 0.9993535510576798 2.006962641251568
0.9999904463995238 0.003847890184195958 0.0020738492740912397 159.63134427009624 -0.003771521618050401 0.9993572437887732 -0.0356493325546378 0.3552554321496588 -0.002209691011399297 0.03564117040778752 0.9993622087299466 2.0348423685916925
0.9999855011981553 0.00491095192942556 0.0022090596689854913 160.9909127310558 -0.004832634236004622 0.9994046531722108 -0.03416116016873481 0.3578747036747501 -0.0023755083277612276 0.034149989295457026 0.9994138958366073 2.0454418747017424
0.9999796853327486 0.0061006317558338265 0.0018469472100779022 162.32192912652027 -0.006037658523281102 0.9994576871114794 -0.03237094921883229 0.36078728331146387 -0.0020434288275723526 0.03235914037720532 0.999474216992452 2.0527872813022663
0.9999750512362305 0.007057753734602711 -0.00029157729651326837 163.6961653092179 -0.00706312413116197 0.9995908080286193 -0.027718744239229105 0.3628164731958375 9.582591475158165e-05 0.027720112137466193 0.9996157192643983 2.0786823757546715
0.9999695940879609 0.007732243753882391 -0.0010115859278031754 165.0264455880144 -0.007755371602587228 0.9996496164377997 -0.025308073159877358 0.36079618192609675 0.0008155432941090598 0.02531514886960904 0.9996791876031256 2.093167599371204
0.9999680024850667 0.00798752006687599 0.0004399195459935619 166.38639386206052 -0.007975547699683713 0.9997130960584699 -0.022585752324829796 0.35826000707071165 -0.0006201974812619292 0.022581521037559407 0.9997448125710453 2.111122687185398
0.9999688359957438 0.007894052255674876 0.00010476784795682755 167.73524614623597 -0.007889820788952388 0.9997255653684959 -0.022057757740973346 0.3519652350029213 -0.0002788641882813407 0.022056243733372404 0.9997566925743177 2.1280502511887955
0.9999707338772851 0.00735210991307569 -0.0021160975284424477 169.10010441775188 -0.007393988443265262 0.9997622171401287 -0.0205143392278381 0.34683150084287845 0.0019647706799231827 0.02052938525333897 0.9997873193921271 2.1426183916120802
0.9999627493113641 0.00661822459041405 -0.005540676215849901 170.51371951330106 -0.0067089351136115135 0.9998410857914536 -0.01651645703559659 0.3536660149641117 0.005430486101574743 0.016553013823415858 0.9998482422618258 2.1696264438847828
0.999956809336965 0.006545887577333553 -0.006597788755443354 171.8540728833615 -0.006611840245827295 0.9999278945538481 -0.01002443323443769 0.35235556510335514 0.006531694205962414 0.010067623797746455 0.9999279873680238 2.198572154632
0.9999604646681601 0.006851350263259935 -0.005668165506371 173.23054073902247 -0.006885846100939424 0.9999577541549243 -0.006088926745677662 0.3515395485999913 0.005626208680067185 0.0061277161332897465 0.9999653978367843 2.2194141733420807
0.9999649237730346 0.007667280465669682 -0.003371058268543626 174.60835740330077 -0.0076736491109396015 0.9999687892010949 -0.0018803544928203862 0.36007990527748696 0.003356535849850572 0.0019061568553647558 0.9999925500888152 2.2535524202852635
0.9999705768783289 0.007581417755561135 -0.0011693940472600676 175.999527960369 -0.007584308598950031 0.999968144084076 -0.0024877861894535896 0.3586644496437089 0.001150495848752853 0.002496582036346041 0.9999962217115812 2.2663067041448848
0.9999771405897419 0.006753941288277686 -0.0003202733802167081 177.42496773929935 -0.006755538528025882 0.9999632408506318 -0.00528011805715573 0.3534401581874868 0.0002845999998864814 0.005282160975930406 0.9999860087912552 2.282319256297749
0.9999863500969568 0.005220427114045934 -0.00021624179444035868 178.79954144737653 -0.005221975350556358 0.9999550359243665 -0.007915623976478194 0.3496045533442354 0.0001749091332965595 0.007916645138298714 0.9999686475767875 2.2987476317027937
0.9999868224255929 0.0031014945300311724 -0.004090929826552246 180.1388349631433 -0.0031375637332409635 0.9999560030105117 -0.008840120873682647 0.3430754667461526 0.004063332251421129 0.008852839935391092 0.9999525571526345 2.3200960518921256
0.9999640069951276 0.0015427696674259485 -0.008342935694449232 181.5556910664206 -0.0015939548427740453 0.9999799288231311 -0.006131986533298364 0.351876699223723 0.008333307999086667 0.006145064087430313 0.9999463956458634 2.352876840424178
0.9999555570272266 0.0010704771808552089 -0.009366859077307207 182.95401733411015 -0.0010898774648906342 0.9999972712760832 -0.002066302857539806 0.37505561883014693 0.009364621587677088 0.0020764197535233305 0.9999539951135387 2.3753322434686805
0.9999649153550039 0.0007920558892596236 -0.008339107058219943 184.2799765006149 -0.0007722548884936355 0.9999968757261217 0.002377427261295337 0.392684873593458 0.008340964059829188 -0.002370903933912488 0.999962402859772 2.4006078942228966
0.9999870196642761 0.0010263760398358716 -0.004990696863515926 185.72224492391953 -0.0010112717598379777 0.9999949040496892 0.0030280693652267212 0.3837737481639569 0.004993779369016123 -0.003022983109069779 0.9999829617252165 2.4211760266101607
0.9999956602231993 0.00148464483089355 -0.0025446737499396606 187.0890323798348 -0.0014756170113278885 0.9999926243869237 0.0035459450346117726 0.39609491928376 0.0025499194503769453 -0.003542174682128085 0.9999904754093 2.4483942036642947
0.9999963874672654 0.001644889882563591 -0.0021258856255587343 188.53181252761493 -0.0016374379576440754 0.9999925262232444 0.003502327024772018 0.39871222165337894 0.0021316306794526376 -0.0034988333666840944 0.9999916071226391 2.472370192622588
0.999997770282784 0.001448087704057414 -0.0015370333313908114 189.94944060786537 -0.0014460752795064078 0.9999980969101954 0.0013095962253370141 0.39453410458610144 0.0015389268164695397 -0.0013073706394034627 0.9999979612410541 2.4932994545265954
0.9999982082414435 0.0015676017423007676 -0.0010611968149194988 191.3062622168182 -0.0015691081520548022 0.9999977604669288 -0.0014201974278788615 0.3984551875012503 0.0010589681343717826 0.001421860015801193 0.9999984284490581 2.5138770621932913
0.9999979392702175 0.0018810124606367603 -0.0007637063843999404 192.76553043563703 -0.0018832576638797658 0.9999938757557245 -0.0029498799324731164 0.40021417521221514 0.0007581529463651234 0.0029513121094690595 0.9999953574696947 2.539354578478529
0.9999973460116542 0.0023024380985931887 8.214894964833565e-05 194.1310151678192 -0.0023018635589538176 0.9999767619123439 -0.006416935363500326 0.3991037751351059 -9.692163712097597e-05 0.006416729237355054 0.9999794078840277 2.559621003244623
0.9999953112973955 0.002581544607471755 0.001647121933801042 195.59797171096614 -0.002562992019358876 0.9999343507870193 -0.011168043161218937 0.39449466450482157 -0.0016758446031412614 0.011163769237214634 0.999936278870451 2.5710051788221135
0.9999945381149011 0.0028641903950258484 0.0016492888608899544 197.0017781919503 -0.0028412217293734402 0.9999012310064307 -0.013764290425194113 0.38744862716684747 -0.0016885495107192463 0.013759529250871767 0.9999039074607842 2.5905662020378237
0.9999924397053649 0.0030867238282210096 -0.0023648822635384046 198.40453546885357 -0.003114310662828867 0.9999260964659007 -0.011751709474015406 0.39256847392585786 0.0023284332087256266 0.011758985605678991 0.9999281497469297 2.6132370805337373
0.999965859433176 0.0033250437992095355 -0.007564658075748851 199.83933793212256 -0.0033591868215288516 0.999984209068722 -0.00450527214502258 0.41101588929917726 0.007549558395543474 0.00453052943219528 0.9999612384843206 2.638983258410415
0.9999542538776433 0.004878920295871522 -0.008227167723589496 201.28666798606446 -0.0048419179884542935 0.9999781008072052 0.004511511521438321 0.4214727952364487 0.008248998860384367 -0.004471469865885369 0.9999559790185966 2.6558024683165145
0.9999726335105675 0.006214001893460196 -0.004014774017096683 202.73336789933379 -0.006166333785240495 0.9999116187765565 0.011778410898564864 0.4404217300282253 0.004087610254082837 -0.011753332128145748 0.9999225723156249 2.6865823467690535
0.9999719142009623 0.007209515951448193 -0.0020478498502073533 204.17769911211195 -0.0071827935152386745 0.9998926658864167 0.0127696587218327 0.4309715477309972 0.002139693104308532 -0.012754590793139807 0.9999163675663675 2.7042356815572064
0.9999771020877779 0.006591944836279592 -0.0015302167836793977 205.6050510196084 -0.006574248833937614 0.9999145990749385 0.011294857638519047 0.4220578320436138 0.0016045411802372758 -0.011284538983954505 0.9999350402038728 2.7289266956503773
0.9999850608677311 0.005272048164242353 -0.001443450558202017 207.04675434735503 -0.005261605004674319 0.999960627820002 0.007145510660725816 0.41666566989065495 0.0014810652027682746 -0.0071378090463158905 0.999973428710925 2.744614105954127
0.9999897090721167 0.004097875960777443 -0.0019465771172966018 208.5190275607605 -0.004086315524773014 0.9999742093020094 0.005906162565736349 0.4075356486856285 0.0019707296353126294 -0.005898147457548741 0.9999806638536934 2.771446261179134
0.9999898922850686 0.0036394327268713636 -0.002640048697121349 209.97772069272293 -0.003622608940363698 0.9999732795203534 0.006349562959318242 0.41432211418325154 0.0026630869609893444 -0.006339934915732723 0.9999763563170393 2.7880471590674367
0.9999898049376219 0.0036173071054630807 -0.002702796722250079 211.46199894256844 -0.0035962605478976743 0.999963488706921 0.007751655510627567 0.4165676439271496 0.0027307381582045145 -0.0077418565207948865 0.9999663027956106 2.8163575572533746
0.9999920613298959 0.003382456096856095 -0.0021062449854010426 212.88748910912136 -0.003363318900856021 0.9999536254726413 0.009024133758523966 0.4212589831996612 0.0021366710455357073 -0.00901697814533385 0.9999570634492111 2.831071736332461
0.9999929498384497 0.0030184360992698733 -0.00223367788866266 214.342874979242 -0.002998589759854345 0.9999564685821644 0.008835689001929924 0.4309217899869712 0.0022602506161425256 -0.008828928825251296 0.9999584697790959 2.861871381620149
0.9999912848334904 0.002799198328216764 -0.00309753866551438 215.80105466306722 -0.0027705649171028265 0.9999537495736446 0.00920992310765699 0.42626839211781203 0.0031231758043964064 -0.009201260909687523 0.9999527901708994 2.8873236799619484
0.9999908106552701 0.0023393367515138173 -0.0035925072830549683 217.2533567453607 -0.002309244164750708 0.9999624056387991 0.00835791244589077 0.43426395972727105 0.00361192419678916 -0.008349539665671866 0.9999586187392796 2.911129511337669
0.9999922695470157 0.0018473382978155671 -0.003471049902027755 218.73691002370984 -0.0018198008464959115 0.9999669808589201 0.007919944240675686 0.4295809360723377 0.003485566107253708 -0.007913566396369155 0.9999626124489868 2.936524996533204
0.9999902095580812 0.0018247348689524208 -0.004031269110713464 220.23753232653382 -0.0017861452059571433 0.9999527496074124 0.009555534410956504 0.4372577357518541 0.004048514948496503 -0.009548240426055826 0.999946218869534 2.967054230236506
0.9999899783928321 0.0016507841578310722 -0.004161493189631184 221.72618626663947 -0.0016164231721263562 0.9999646883257408 0.00824677377721532 0.440806429189572 0.004174959883843884 -0.008239964397265757 0.9999573354382176 2.9864679176055406
0.999989351633199 0.00112941210989515 -0.00447448863001497 223.17492905465457 -0.0010909311848926787 0.9999624827002606 0.008593198536096826 0.4449724426210398 0.00448402602177326 -0.008588225673383892 0.999953066843849 3.0048602418785353
