1.0 8.809142651444726e-20 8.673617379884037e-19 -5.551115123125783e-17 -8.809142651444726e-20 1.0 1.7347234759768075e-18 0.0 -8.673617379884037e-19 -1.7347234759768075e-18 1.0 -5.204170427930421e-18
0.9999993011580781 -0.0003480319849955573 0.0011298482609536818 1.3160940844717768 0.0003481171165631284 0.9999999365833229 -7.515200288644408e-05 -0.058402083065748844 -0.0011298220340017183 7.554526988583102e-05 0.9999993588973364 0.018140396604628333
0.9999976844684006 0.0012037922336848642 0.001783799903291163 2.5652097675998258 -0.0012028053760217308 0.9999991230587825 -0.0005542029350592417 -0.11574037075546209 -0.001784465484192614 0.0005520560876714074 0.9999982554569841 0.031373844761168695
0.9999989379311925 -0.0008073143957058671 0.0012134166445820123 3.941314689195635 0.0008090471815303503 0.9999986528280888 -0.0014282103016498898 -0.049001952028365325 -0.0012122619951645747 0.001429190496108599 0.9999982439161486 0.056613936142469616
0.9999994544646355 -0.00029198495580751356 0.001002903393657598 5.248715279607847 0.0002937738487726401 0.9999983654652166 -0.0017840302186476042 -0.048887851797155574 -0.0010023808443925654 0.0017843238721859305 0.999997905708288 0.06308087762132392
0.9999993037432453 -0.00040415923476031125 0.001108678644904539 6.5765836103395445 0.00040657665744634944 0.9999975387552313 -0.002181095802837052 -0.045977903263766134 -0.0011077944061644105 0.0021815450470919944 0.9999970068219011 0.07064060204091027
0.9999978027698633 -0.0003624474457184648 0.0020647245081951556 7.9147941783282905 0.00036923473394854823 0.9999945269088613 -0.0032878287720020734 -0.04137833726013637 -0.002063521542629374 0.0032885839158900716 0.9999924635189363 0.0904808774043151
0.999996589881482 -0.0004003439447159483 0.002580687918520645 9.23964550871513 0.00040944718460137955 0.999993693172617 -0.0035278843508428134 -0.0334390506533521 -0.0025792592754298954 0.0035289289757416326 0.9999904469953073 0.10222531727084098
0.9999983145538422 -0.000664255485362819 0.0017116232426777152 10.564073957035987 0.0006691630040166774 0.9999956628254274 -0.0028681965079915095 -0.032413877170307165 -0.001709710603805377 0.0028693370287515402 0.9999944218817757 0.12071436683338885
0.9999999107134728 -0.0004039995767428277 -0.00012392493060123315 11.8881824359408 0.0004038765045427814 0.9999994268644259 -0.0009915415215579865 -0.009951660511639445 0.00012432544193047924 0.0009914913826588906 0.9999995007438867 0.12748002293554087
0.9999982559832354 -0.0005354921534281866 -0.001789211737348601 13.235064381704426 0.00054002947249492 0.9999966374859041 0.0025364118463246407 -0.02160675251450014 0.0017878474924573444 -0.002537373649850561 0.999995182656549 0.1584588428306409
0.9999982451718569 -0.0005801074603397849 -0.001781327746745245 14.580353329758813 0.0005881439281617154 0.9999896375393912 0.004514299564362979 -0.01971314107819097 0.0017786905089511422 -0.004515339319641371 0.9999882239161129 0.1662232409875457
0.9999994629058202 -0.0002656145532460246 -0.001001816839672127 15.92704469157625 0.000271011629094826 0.9999854317014284 0.005391005249938717 0.010072602702329743 0.0010003703154542831 -0.0053912738584749485 0.9999849665997058 0.18617779244684377
0.9999992481192426 -0.00018826679299985906 0.001211741129273576 17.291252924005 0.00018383737954502622 0.9999933054445624 0.00365448626704036 0.010192481392573217 -0.0012124210356149678 -0.0036542607559885646 0.9999925881793124 0.21098545276423547
0.9999946980605317 0.00022450024308272754 0.003248607465797739 18.622839305596635 -0.00022210249098694558 0.9999997026971938 -0.0007384280650859145 0.018020462862148656 -0.0032487722772577346 0.0007377026261746193 0.9999944506213652 0.2259510941027802
0.9999990190499695 -6.201853003423177e-05 0.0013993043989423814 19.971887775689 6.500617477646136e-05 0.999997718455267 -0.002135148345656011 -0.0029356206718097687 -0.0013991687876049974 0.0021352372146084993 0.9999967415390619 0.25146311266537985
0.9999999438685929 0.0002218469175109934 -0.00025109113140894996 21.315684459166896 -0.00022250494398412936 0.9999965333886678 -0.0026236810394774097 0.004773096911053573 0.00025050820542244835 0.0026237367612246304 0.9999965266194912 0.2582747767288383
0.9999976194893124 0.0004070902076067766 -0.0021436635163406036 22.687751724678698 -0.00040787267627788443 0.9999998503569331 -0.00036459016917176446 0.0022843580085244583 0.002143514774468561 0.0003654636430364192 0.9999976358875742 0.3007691500598867
0.999999169943559 0.0010525370268829068 -0.0007431540890217577 24.055836259332942 -0.0010513403943729477 0.9999981532750857 0.0016087665440258922 0.018361098250000908 0.0007448460029757842 -0.0016079839007458283 0.9999984297948705 0.28886951689386875
0.9999932298532883 0.0018788970073242979 0.0031638573963377998 25.436107104132095 -0.0018834338098590508 0.9999972016265595 0.0014315781970022493 0.05481159145202144 -0.003161158754693194 -0.0014375274209976617 0.999993970276942 0.30672140850241275
0.9999879054496339 0.0018831565971342019 0.004543421143246558 26.815521003692393 -0.0018836260138644892 0.9999982210703746 9.90410330594811e-05 0.02902857032465679 -0.004543226551045292 -0.00010759794146007961 0.9999896737042783 0.31950897173910736
0.9999911861482957 0.002094825089336086 0.0036385895027656865 28.177187592089364 -0.0020808232043734074 0.9999904326626994 -0.0038476951359771405 0.04586649001419336 -0.003646614939459577 0.0038400899614942645 0.9999859778559752 0.34023409295577406
0.9999976178336886 0.001982756526214746 0.0009126902573741682 29.55550384283608 -0.001978538803610771 0.9999874665951304 -0.004599134359376067 0.023623570670011616 -0.0009217977819236434 0.004597317610383241 0.9999890074194008 0.34032207526927366
0.9999958510454365 0.0026887905005724792 -0.0010335848089327586 30.936844507583665 -0.0026936550163079043 0.9999851655416692 -0.004734228475016611 0.03136740254733275 0.0010208401277108149 0.0047369929538231366 0.9999882593226729 0.376863265728591
0.9999927678927151 0.002846453631715095 -0.00252227357535375 32.32206919363338 -0.002850091396613583 0.9999949019104337 -0.0014398375508444011 0.031064320009551397 0.002518162285751472 0.001447015848001782 0.9999957824930253 0.3790530218649327
0.99998658068914 0.003327021422522423 -0.003971066619437792 33.71206048070317 -0.00332602615778692 0.9999944356818639 0.00025720674234039684 0.03244953137546437 0.003971900255501566 -0.00024399541935260155 0.9999920822059521 0.4130678721586777
0.9999846019035415 0.003571162978727715 -0.004247675928666292 35.09878743407528 -0.0035675652221508793 0.9999932713281419 0.0008542697624185264 0.04507559568296988 0.004250698083998204 -0.0008391027473722459 0.9999906136921377 0.42569186388894675
0.9999915194814565 0.003176498486416974 -0.002621225387811909 36.496951369040495 -0.0031745799874518177 0.9999946903460906 0.0007357455604421268 0.03661024378064499 0.0026235485646714136 -0.0007274180312795098 0.9999962939211007 0.46461218745279526
0.9999945547971447 0.0031406078659855993 -0.0010133895067592263 37.894005379226755 -0.0031384396049033694 0.999992797761948 0.002134155823229283 0.03703883501605614 0.0010200847546524322 -0.002130963740554694 0.9999972092064205 0.48147652979384686
0.9999950546537447 0.002942508473232853 -0.0011100954640276446 39.28296799807369 -0.0029379545074281845 0.9999873532398995 0.004081884806371662 0.04361141969048469 0.0011220924055461317 -0.0040786032100657045 0.9999910529122189 0.4908845373410654
0.9999948071222299 0.003081071766650771 -0.00094484143799734 40.68744180822007 -0.0030748633042113043 0.9999741249933674 0.006503426743635909 0.05186719002939078 0.0009648545147451631 -0.0065004877138697455 0.9999784061244759 0.5159654095255479
0.9999943041595055 0.0033286866871795073 -0.0005581160138962016 42.08942454920496 -0.003324048046799811 0.9999615415161123 0.008115798993509919 0.06339200531011623 0.000585109501665995 -0.008113897562767487 0.9999669106091521 0.5265028541926619
0.9999953626567144 0.003014786456220605 -0.0004309613551994982 43.493326695566715 -0.0030102607034611026 0.9999440333996591 0.010142405972878698 0.0743335178180659 0.000461514423918095 -0.010141061633028194 0.9999484716091083 0.5489052562562642
0.999995933562985 0.0027668960474090793 -0.0006907559315332922 44.907188308068164 -0.0027607525135471553 0.9999579781983917 0.008741858094444723 0.08837998720312518 0.0007149147173331079 -0.00873991554005516 0.9999615506474735 0.5655289445891659
0.9999972409180582 0.0019105727625085456 -0.001366699670857917 46.324669291693795 -0.0018990549827569364 0.9999630866695377 0.00837967114528866 0.07250897834065638 0.001382659192870291 -0.008377052587269448 0.9999639559721673 0.5957299323289329
0.9999992837125646 0.000958238213676273 -0.0007171846926603457 47.73728096529538 -0.0009526642910146089 0.9999696511307791 0.007732350750998076 0.0747278061285085 0.0007245723608870558 -0.007731661976165628 0.9999698477444108 0.6141400449424037
0.9999999951675539 9.827759929281953e-05 2.530942166440605e-06 49.14422638367884 -9.829405920988328e-05 0.9999708452403804 0.007635378675424295 0.09620689627988016 -1.7804816915178432e-06 -0.0076353788873033185 0.9999708500681793 0.6327639634052261
0.9999994291006012 -0.001062304679248846 0.00011535701119755791 50.56578021433768 0.0010613244878934747 0.9999659115775194 0.008188362062848495 0.09851378411834318 -0.00012405161419377176 -0.008188234956896683 0.9999664681475512 0.6505546263750305
0.9999975660387609 -0.0022061654233396294 2.7398517733744112e-05 52.02544029305865 0.002205850534880337 0.9999610164042615 0.008549847669644329 0.09770162909647365 -4.6259827944595165e-05 -0.008549766422611502 0.9999634490090861 0.6650541185736306
0.9999941149139828 -0.0033380326160250295 0.0007922598401500241 53.42563264052076 0.0033311473750202297 0.9999579985844483 0.008538414615747158 0.12172955691132678 -0.0008207280705917619 -0.008535725232155844 0.9999632332241997 0.6830952360310518
0.9999901735482286 -0.004123667653201736 0.0016273205183546145 54.87927449416944 0.004111344992220565 0.9999633896133706 0.007504417052201401 0.12381365464544929 -0.001658206663375566 -0.00749765283434529 0.999970517341705 0.7064386371652481
0.9999870249184882 -0.004729385355268024 0.001892857319537713 56.28597829973783 0.0047184974243644736 0.9999725321660449 0.005715828503777034 0.1274779000328821 -0.001919837682466146 -0.005706822898049363 0.9999818730335481 0.7298318384392116
0.9999849168827888 -0.00520801671837815 0.001744296070915489 57.711760973159514 0.005201595210718485 0.9999797518845498 0.003665955288642981 0.13245833182385505 -0.0017633531086393448 -0.003656826872521123 0.9999917590675629 0.7380231962828272
0.9999871772452869 -0.004769105065626336 0.0017032269009777537 59.15871468376743 0.0047647976099807945 0.9999854625460224 0.0025241632977252224 0.16526161030522882 -0.0017152401403647166 -0.0025160153995313662 0.9999953637981379 0.7590468902555462
0.9999863014192313 -0.004633464405099412 0.0024347446463437706 60.56800856241411 0.004629384944500866 0.9999878756566808 0.0016784917855964135 0.1650830299358177 -0.0024424923586065963 -0.001667197422431631 0.9999956273323563 0.7848917708126729
0.9999865080590281 -0.004169909092362018 0.0030976697810731787 62.024840946768094 0.004169780782441325 0.9999913052801328 4.7878623587074194e-05 0.177521544434029 -0.003097842497210017 -3.496137368804278e-05 0.9999952010632674 0.8011606169211624
0.9999885096659156 -0.003674308472095595 0.003078959790706938 63.40562286222117 0.003677233887714773 0.9999927924281495 -0.0009450093581598065 0.18023929040271544 -0.003075465342992125 0.0009563205549678671 0.99999481346851 0.8227658446855888
0.9999930868267229 -0.0030453395248526524 0.0021335899185394723 64.81757652963378 0.0030517046085354474 0.9999908842232693 -0.0029863973858601776 0.18351836125120238 -0.0021244758752140634 0.002992887826564707 0.9999932645896737 0.829072482103818
0.9999963532212411 -0.0022569885169261834 0.0014830870011550683 66.27190677465137 0.002262004809473358 0.999991697600812 -0.0033894046214400634 0.20270696954217035 -0.001475424840664948 0.0033927470109607655 0.9999931561712105 0.8559004655939174
0.9999971015228982 -0.0017182595513098192 0.0016865734246685428 67.63952658058965 0.0017207433490311432 0.9999974356192776 -0.0014723441158727732 0.206374371128738 -0.0016840392303122524 0.0014752420083202185 0.9999974938333034 0.8762252904991593
0.9999958150325631 -0.0009592381289156377 0.0027294284332117246 69.08957441754396 0.0009554411211986117 0.9999985745931049 0.001392100579055008 0.22424761876317373 -0.0027307598986203315 -0.0013894869449969567 0.9999953061271867 0.8988023310114218
0.9999919777073261 -0.00031987048806908773 0.003992768946666185 70.47352536330096 0.00030273116577995084 0.9999907415401208 0.004292457091307566 0.24283255239950038 -0.0039941050101198975 -0.004291213920362575 0.9999828161564867 0.9116701163849765
0.9999889671932735 0.0003171969275115436 0.004686670229429049 71.90795888071544 -0.0003543813405013259 0.9999684515796723 0.007935380218862021 0.27056691214156503 -0.004684005294162656 -0.007936953537824157 0.9999575315296858 0.9302102538443225
0.9999904150070545 0.0006211879540596644 0.004334053477356046 73.29026920574522 -0.0006761074034090286 0.9999193557282697 0.012681676495686618 0.2728199187243216 -0.004325826256093322 -0.012684485227549683 0.9999101914980736 0.9455100289701432
0.9999922717481914 0.001436688059457502 0.003659558895699216 74.67392836696281 -0.001490335625981659 0.9998908491421795 0.014699275541784258 0.2874752571824341 -0.003638041178052948 -0.014704615913079104 0.9998852628813146 0.9467634540765774
0.9999916035896855 0.0018713883035866938 0.003645635191098777 76.13942496640608 -0.0019364596429271488 0.9998374032150222 0.017928113573164282 0.28869545547526976 -0.003611491960491309 -0.017935022666786957 0.9998326320378632 0.9755025989068875
0.9999898595226124 0.0021707600287415186 0.003945713223692191 77.49683601322977 -0.0022398670654355185 0.999842682663237 0.01759525277769165 0.29654554715203324 -0.003906897423170792 -0.01760391222652813 0.9998374059950176 0.9917899291340316
0.999989484543172 0.0022625606438421947 0.003988937504406738 78.91900762640626 -0.0023303679766530083 0.9998514624784405 0.0170769542019954 0.29808020479641206 -0.003949707353022048 -0.017086070322241874 0.9998462211824221 1.0193164180198586
0.9999927441456835 0.002573317727537033 0.0028088595298904192 80.28926773732346 -0.0026193497116336418 0.9998602799688873 0.016509377566296835 0.31476162083814974 -0.002765983201987558 -0.016516615162057997 0.9998597655474065 1.0322423981592836
0.9999939733211745 0.002147724287659127 0.0027277466367646823 81.67983836578405 -0.0021915665854725383 0.9998668108509339 0.016172742336547127 0.3025036201284781 -0.002692648738997008 -0.016178622907006106 0.9998654918555802 1.0500047249967501
0.9999942604928572 0.0017996258004835388 0.0028705972064861467 83.11679443165968 -0.0018434560693443116 0.9998806384047367 0.015339837452088851 0.30826740937097685 -0.0028426486001702196 -0.015345041228825166 0.9998782171137751 1.0651988184481644
0.9999952512730343 0.0013527631610363291 0.0027690184562466085 84.44894757170566 -0.0013952455009666662 0.9998804699436198 0.015398023097724462 0.31389323735710084 -0.002747857596915027 -0.015401813437260133 0.999877609220984 1.0850620589443667
0.9999962165949808 0.0008710378047583669 0.0026092314705470194 85.87208328808109 -0.0009103291418534356 0.9998856429273204 0.015095441983348577 0.3282888536243011 -0.0025957843858270707 -0.01509776013062309 0.9998826528860576 1.0978939505860625
0.9999934992708855 -0.0003967925166053401 0.003583848722812248 87.1867256607321 0.00034616805671854294 0.9999003140487104 0.014115315546127119 0.32129574462787364 -0.0035890923150212633 -0.01411398317233644 0.9998939513245217 1.1218560527042682
0.9999898638886117 -0.0012376827869487544 0.004329002350974517 88.59582678682368 0.0011782387994196898 0.9999053568106107 0.013707267224978571 0.3336235464630122 -0.00434555788908561 -0.013702027688058453 0.9998966799444172 1.1433278652882644
0.999985336925779 -0.0025695982176679993 0.004766875122773085 89.97243999624968 0.0025132525220684606 0.9999273509147474 0.011788827523372262 0.33411993532952666 -0.0047968213638483565 -0.011776674301994614 0.9999191469549866 1.157444967552324
0.9999821212714005 -0.003367148027172851 0.004941604163956601 91.34081676386131 0.0033164919426498063 0.9999422379775279 0.010223580081721306 0.34086397337110985 -0.0049757430344086456 -0.010207008506714181 0.9999355274009416 1.1788555853429614
0.9999824460428853 -0.003912284310091337 0.004449903096150502 92.7121507557583 0.0038710169693809146 0.9999497725156983 0.009244872818267271 0.34434378057060255 -0.004485848159588294 -0.009227484883768988 0.9999473639592281 1.1950281508022274
0.9999825679698051 -0.004012271469441896 0.004331908836719533 94.06744904114925 0.003975561598616027 0.9999563960494542 0.008449905902610627 0.35928882270551965 -0.00436562326475336 -0.008432536833175821 0.9999549158117417 1.2133805214632047
0.9999844232803383 -0.004144862937395824 0.0037380888056918575 95.48664982217305 0.004115346560018298 0.9999605663653307 0.007869538551781298 0.3701932433860632 -0.0037705595579412186 -0.007854032439277863 0.9999620478073469 1.2230384590365595
0.999986404679157 -0.004164908113449074 0.003137514503529399 96.79427137435111 0.004138606043335495 0.9999566284455469 0.00834345059508043 0.37693019456229226 -0.003172128129725874 -0.008330352226707291 0.9999602706282424 1.244757087953555
0.9999892927644967 -0.003852242115941079 0.0025640957551987566 98.12793266840973 0.003829548611085534 0.9999539697374643 0.008797327078254381 0.3895631134403121 -0.002597867163076538 -0.008787413553863543 0.9999580153432625 1.2647021758208818
0.9999907385969206 -0.00349097131853513 0.0025171093815170103 99.48364449444371 0.003465558131589169 0.9999436846274169 0.010030826515380141 0.40911606012859486 -0.0025519849572307515 -0.010022010426967348 0.9999465219099369 1.2756983618728874
0.9999870799062177 -0.003322467091224484 0.0038472370688047586 100.83849113274151 0.003282209459164537 0.9999402871754979 0.010423491950835063 0.4205302744237394 -0.0038816390483951435 -0.01041072984044264 0.9999382728861255 1.2952654354042756
0.9999808167973754 -0.0032577123441186206 0.005268144600980408 102.20800157377798 0.0032008538162093354 0.9999369267816381 0.010765546588075383 0.4333285533752564 -0.005302883376156786 -0.010748477509663429 0.9999281722499487 1.311461914483654
0.9999871338029171 -0.003016750589435702 0.0040781668072496224 103.55726660156071 0.002974229098506934 0.9999415703360868 0.010392779949099724 0.4437550986547106 -0.004109280946371014 -0.010380516831157973 0.9999376773981575 1.3280206307103135
0.9999945692407612 -0.0028705815881588143 0.001619027587824083 104.86776544187911 0.002853646737148591 0.9999421897166471 0.010366963151112291 0.4523699725245913 -0.0016486932049271784 -0.010362286717838034 0.9999449508971449 1.3409948295603156
0.9999952511585999 -0.0030616345940005325 0.0003522128073162143 106.25752697711637 0.0030581571834311025 0.9999503610377822 0.00948278097660607 0.46776463129417706 -0.0003812281341232867 -0.00948165882225639 0.9999549753919363 1.3588833904021693
0.9999946753048414 -0.0029232203976238096 0.00145056694834793 107.56101388706415 0.002911710138949437 0.9999647551472287 0.007874668717448817 0.47239037423962515 -0.0014735352155487772 -0.007870403156747693 0.9999679422102086 1.3813539252289382
0.9999921877186608 -0.0022568051812416573 0.003245201383684924 108.92860626106949 0.0022409219880810266 0.9999855344575644 0.0048896977680087635 0.48989813023726647 -0.0032561895353441445 -0.004882387325177685 0.9999827796135876 1.3957005804675253
0.99998998770127 -0.0014500149368446248 0.0042334328737427 110.25838026636295 0.0014382890306591657 0.9999951248619747 0.002771565793498681 0.48784218360875364 -0.004237431046972141 -0.002765449143689671 0.9999871981526343 1.4156442069050916
0.999995092851659 -0.0007602570443358649 0.0030391251748472766 111.60296384769224 0.0007524959523518107 0.9999964552728215 0.0025540539605779125 0.49623156533666773 -0.003041056139492814 -0.002551754498063494 0.9999921202322236 1.4342605769403236
0.9999996384819158 -0.00012615030002947108 0.00084090554737293 112.91091058703358 0.0001228486145226114 0.9999922886649892 0.003925241237784796 0.506496571247775 -0.0008413942332283764 -0.003925136514657665 0.9999919426470825 1.4449583200070601
0.9999989269727234 0.0009347669837877831 -0.001127946846283209 114.26099841483587 -0.000926908099351293 0.9999754331361863 0.006947946852991787 0.5115177709019687 0.0011344138474899362 -0.0069468938945878396 0.9999752265783588 1.470518938799523
0.9999955595577287 0.0025714316823862043 -0.0015061885433153936 115.57744518256335 -0.002557418465981086 0.9999541051099003 0.009232945610585994 0.5246259962876247 0.0015298613058225385 -0.009229052657830092 0.9999562410982912 1.4819970876023234
0.9999920291687251 0.003990140697226419 0.00014274533981095303 116.9534700847055 -0.0039914299541826135 0.9999358205040969 0.010602988244797011 0.5265390307911353 -0.0001004287635792236 -0.010603473488191843 0.9999437765514864 1.505377537118792
0.9999854284697963 0.004919075503433396 0.0022238579696901785 118.25619821278475 -0.004941002819499977 0.9999381459255386 0.009964477614691235 0.5327741649487913 -0.002174704397274792 -0.009975320505503114 0.9999478804625754 1.5201433843564927
0.9999778634153972 0.005846488341355184 0.0031766732995025583 119.59460922894056 -0.0058766403226726775 0.9999369693263439 0.009566737843405707 0.5344580157302037 -0.0031205412503782317 -0.009585194234907878 0.9999491918461577 1.5395675775444084
0.9999730931115347 0.006903446314220341 0.0024810243724852016 120.94440381141781 -0.006928593099226911 0.9999232151830237 0.010274158637561273 0.5361500787203568 -0.002409906764904659 -0.01029107220026695 0.9999441415310925 1.5568507027046836
0.9999663825399444 0.00794303690940662 0.0020351792632284176 122.2911657027405 -0.007966681714883935 0.9998976220359437 0.011886018228106188 0.5320879143063946 -0.0019405598242272313 -0.011901832275786055 0.999927287664482 1.571199455698684
0.9999562224199888 0.009209064832420394 0.0016572170823204355 123.63201371758505 -0.009230929049608516 0.9998634251932443 0.01370842477145829 0.5290827856112766 -0.001530748975746948 -0.013723122303102731 0.9999046618162291 1.585554229330804
0.9999440260006573 0.01053969260429696 0.0009272245700798514 124.94671123359353 -0.010552559104519663 0.9998290535129715 0.015182465139139078 0.5259042048797155 -0.0007670475487549292 -0.015191399907924293 0.9998843098113378 1.6045060998890648
0.9999321524254908 0.01164860796692987 2.186681849384312e-05 126.3062094750508 -0.011647380061471117 0.999795741435224 0.016517080422837734 0.521335661616855 0.00017053864259500764 -0.016516214470138804 0.9998635834833409 1.6228900464889058
0.999920235738069 0.012617446156950892 -0.0005676389706305448 127.63393300888781 -0.012606727376374582 0.9997920105738239 0.01603140722483143 0.5106746058122118 0.0007697963252062324 -0.016022972421715482 0.9998713276059028 1.6424510839650133
0.999908411516167 0.013529135563164027 0.00036203608800253813 128.9542268596815 -0.013533169095584904 0.9997833899496761 0.015812226755396785 0.505354105502104 -0.00014803190801804445 -0.015815678033119878 0.9998749133841227 1.6644791491885227
0.9998966044166521 0.014310948747604156 0.001406137259517906 130.33249471431301 -0.014329501879744548 0.999796293871891 0.01421394160356965 0.48754463839001994 -0.0012024358309510562 -0.014232621191289315 0.9998979881178368 1.6762580463262076
0.9998917061704096 0.014612619508007123 0.001745646797440849 131.66669877019388 -0.014635067079705643 0.9998000689579044 0.01362486415865797 0.4746371831290961 -0.0015462028326587538 -0.013648936327918602 0.9999056534463222 1.69580691446709
0.9998902812236391 0.01471997796469422 0.0016576378467930207 133.00365376506915 -0.014738988197401888 0.9998180584535961 0.012108353191022133 0.45595115816751264 -0.0014791015614392165 -0.012131456581985715 0.9999253172211264 1.7205090281582034
0.9998925402335774 0.014498770114106628 0.0021664834229604703 134.3450575768748 -0.014519441944914321 0.9998460527080326 0.009851735368677063 0.4402615856438301 -0.002023311852368951 -0.009882132833779783 0.9999491235356945 1.731779487505464
0.999897943113444 0.014060941246954516 0.002528495353660672 135.6749611557197 -0.014081839283431057 0.9998651708783824 0.008446411471082582 0.42638034209840053 -0.0024093899434106288 -0.008481155321824424 0.9999611316668802 1.7539455234497852
0.9999148092522858 0.01287095116410047 0.0021709108909146978 137.0182619163585 -0.012889400440376073 0.9998789920153324 0.008710033449441268 0.4114460173695686 -0.0020585417781974554 -0.008737273174972467 0.9999597104199816 1.7725636754678344
0.9999261218494553 0.011704054021914812 0.0032811526268085446 138.38585531887205 -0.011717631054271125 0.9999227357466167 0.004149657754281823 0.3953077672512773 -0.0032323312924720255 -0.004187798521155238 0.9999860070910802 1.7760423441335764
0.999935735995417 0.010742211283519931 0.0036233652926403706 139.69453312827793 -0.010752928792456878 0.9999378296795953 0.0029514908173406437 0.38130905297142426 -0.003591434488897942 -0.0029902629317020532 0.9999890799033313 1.7932213109869863
0.9999489149319669 0.009551087743053148 0.003308209380704306 141.05299091250063 -0.00956058957997096 0.999950182483006 0.002868393119245418 0.36945253778639625 -0.0032806482995637798 -0.0028998750193212994 0.9999904139898577 1.8126043409791899
0.9999602249592926 0.008462765958715559 0.0028160418478932266 142.42780651495002 -0.008470846840330962 0.9999600027184546 0.002870142351134336 0.3642651463422646 -0.0027916398708887455 -0.00289388245029495 0.9999919160629226 1.8270080029741322
0.9999700585780749 0.0074178769344621495 0.002203871399785667 143.82295539739425 -0.007424165104375316 0.9999683537570506 0.0028588908543315562 0.35659164632673246 -0.0021825947550094295 -0.002875167160215068 0.9999934848257443 1.8419306844804395
0.9999789018688963 0.006494669536408352 0.0001228197420756802 145.1127401098283 -0.0064949634926791235 0.9999756118612043 0.0025673200109827985 0.3490024074432597 -0.00010614285166522207 -0.0025680635550695834 0.9999966968861808 1.8602963830376813
0.9999846441957911 0.005484514823144256 -0.0007946507230001396 146.42683818583077 -0.005485330411601486 0.9999844272366326 -0.0010278299953603031 0.3626754262362718 0.0007890011992472447 0.0010321731339816083 0.9999991560475083 1.896893103443079
0.9999892492487263 0.004431575138437724 0.0013647449436209956 147.8038272673059 -0.004420832382235718 0.9999599901293592 -0.007776527601698098 0.34588097105033 -0.0013991526067354035 0.007770410689543827 0.9999688310590981 1.9161932087683913
0.9999904319547517 0.002914253081209143 0.003262380714722002 149.14427368244753 -0.0028574331932169155 0.9998464695326527 -0.01728792754023925 0.32773216109569403 -0.0033122612359880684 0.01727844009362314 0.9998452302398785 1.9236549428118663
0.9999983156984598 0.0018202160074929903 0.00023540163495544428 150.47271287785597 -0.0018148070299126367 0.9997728768057847 -0.021234436157556994 0.31092696953833254 -0.0002739994303882629 0.021233973183821496 0.9997744962275948 1.9368540437033333
0.9999931480317241 0.002168130419084749 -0.003000516636874435 151.75413576305994 -0.002230383838409225 0.9997790386157969 -0.020902137029654145 0.31232976748202046 0.0029545350794471553 0.02090868611268808 0.9997770239245877 1.9589949551811676
0.9999848062762805 0.003104211659345403 -0.004555336053890892 153.1688736496297 -0.0031870820276414078 0.9998274821544566 -0.01829886435899448 0.3252142594602003 0.0044977466290331775 0.018313104560772252 0.999822184429115 1.976359595065552
0.9999809509688967 0.0037176450609892075 -0.004927150752888241 154.51065760550443 -0.003804379919026634 0.9998358822494932 -0.017712573494824534 0.3314586635150889 0.004860493058619826 0.01773098084084342 0.99983097967889 2.002305372835478
0.9999859902920641 0.004518370562653154 -0.002757453002065769 155.84567152518247 -0.004570145814009482 0.9998077384177191 -0.01906829744063276 0.3208568476647415 0.002670765215952857 0.0190806322616495 0.9998143810156249 2.0289461303979612
0.999987252815827 0.004945236807044263 0.0010192344075617436 157.15108865610648 -0.00491575733748719 0.9996195855846813 -0.02713889174798498 0.3117394586301565 -0.0011530549224750435 0.02713353549451603 0.9996311528338409 2.047323684568341
0.9999861163976045 0.0049225353053907826 0.00188033459891653 158.5804081214507 -0.004865202980202582 0.999556875295688 -0.02936635573376257 0.29312834938818366 -0.0020240582990934887 0.029356799813461325 0.9995669469788976 2.065298668315544
0.9999860716508816 0.004843664344627164 0.0020965256865700466 159.90555150965875 -0.004775586358998396 0.9994973054232313 -0.03134214776666569 0.2931926686908744 -0.002247282618098786 0.031331699082819395 0.9995065154131904 2.090866881447011
0.9999798322951085 0.00584776923146298 0.0024776194345411577 161.2976345722815 -0.005771815322187517 0.9995443440152892 -0.02962752934235029 0.29165222771514077 -0.002649745446910436 0.02961263146126701 0.9995579377439838 2.1027729080866706
0.999974465952935 0.006930553272533514 0.0017420888263649263 162.6204512303523 -0.006881173243273595 0.9996141462220413 -0.02691111531645976 0.2963621345961299 -0.0019279255531337502 0.026898440551755307 0.9996363123651247 2.1150211005336352
0.9999693081043036 0.007834671350983527 2.782485032752738e-05 163.99730606329263 -0.00783164035739939 0.9996694233203502 -0.02448896665175494 0.2945083439878091 -0.0002196786575225897 0.024487997124723986 0.9997000998990181 2.1260600434433914
0.9999628954155374 0.008559728604038771 -0.0009689367370075855 165.3215654235954 -0.008578754270233056 0.9997273858117323 -0.021715410040125793 0.29231212196664375 0.0007827945746366479 0.021722916569030012 0.9997637231508197 2.135622655610502
0.9999602768542739 0.008906104171822032 0.0003549957812109857 166.69255641234304 -0.008897349512197433 0.9997650920887707 -0.019763547565899816 0.2903332871939727 -0.0005309286033201898 0.019759603974079 0.9998046189959345 2.1627765129896317
0.9999628420743383 0.008618063064928376 -0.00020846971211824027 168.06219624118114 -0.008620464013912572 0.9997841336675611 -0.01890432931338882 0.28378283916322855 4.5506008303101704e-05 0.018905423973376814 0.9998212754655654 2.1760849603657637
0.9999644429164629 0.008163303644557208 -0.002115035785669506 169.4002845969036 -0.008199643202566113 0.9998082320144258 -0.017783842316510246 0.2775442772648661 0.001969455284720872 0.01780055251374654 0.9998396179268386 2.1896617349743117
0.9999565213075248 0.00774907069464243 -0.005187234130351749 170.79007755164537 -0.007808813875132944 0.9999022505514636 -0.011597920847353707 0.2773284631312541 0.005096853972519068 0.011637922730770488 0.9999192871597663 2.226381741987591
0.9999495532800041 0.00760600995855019 -0.0065604502612804875 172.12463403964603 -0.007656490664398086 0.9999410098459236 -0.007704218261490863 0.27692887131340493 0.0065014648984890195 0.00775405963512918 0.9999488014460284 2.2439810061283505
0.999953518283793 0.007842443830741404 -0.005608684928362813 173.48766646361688 -0.007864130493990328 0.9999616461806844 -0.0038550770665371106 0.28347636988882113 0.005578236588516977 0.00389900530611527 0.9999768402489057 2.264082201952844
0.9999587290579299 0.008501426506267085 -0.0032040487212424743 174.88334389279194 -0.008503650244137618 0.9999636113849761 -0.0006810568565161377 0.28098838965514067 0.003198142175534778 0.0007082748583486884 0.9999946351022839 2.2885912222069384
0.9999626835096445 0.008555842874737441 -0.0011954668099068858 176.29546457227772 -0.008552961462592518 0.9999605547384621 0.0023949566522948424 0.28131956373497785 0.0012159105272147512 -0.002384642499363083 0.9999964175144529 2.319065221640565
0.9999699041609148 0.007754900120458156 -0.00022868435177708367 177.67641276181908 -0.007754888438950853 0.9999699290524722 5.192391691267892e-05 0.27212860881398054 0.00022908013981146172 -5.0148932583065766e-05 0.9999999725036867 2.3400736060670653
0.9999811858512341 0.006131363975268 -0.0001852548581989127 179.07356037947204 -0.006131949117967699 0.999975611412966 -0.0033430194853620717 0.266702998379962 0.00016475307085351204 0.0033440925626604784 0.9999943949349707 2.352903521327864
0.9999833218985603 0.0041867905684535 -0.003978279710679271 180.43100488614226 -0.0042012944764864436 0.9999845334788151 -0.003644437937229624 0.25950505624890413 0.003962959682148939 0.003661091079498411 0.999985445575417 2.378076867374506
0.9999655899631638 0.002702713659976154 -0.007843100693852804 181.85219180281814 -0.002717475906279422 0.9999945551764594 -0.0018721490682504743 0.2733549883587107 0.007837998106693243 0.0018933980846981414 0.9999674898862324 2.403827041040452
0.9999582823330523 0.0020784112507643156 -0.008894593875184407 183.20446912664536 -0.002067399171138368 0.9999970853220097 0.0012470798500914902 0.2898971617208242 0.008897159895098438 -0.001228639148824478 0.9999596646823526 2.4179503748696654
0.999964292249014 0.002003227057315239 -0.008209829979082392 184.60378355897055 -0.0019564560107966137 0.9999818350814129 0.005701033861300283 0.2970850699283963 0.008221101313474834 -0.005684768118992606 0.9999500472046725 2.446754782148401
0.9999853364611457 0.001942580061120717 -0.005055021799707657 186.0139318100666 -0.0019046411344825096 0.9999700665923544 0.007499217387910199 0.2997177413543363 0.005069438315851233 -0.007489479420389225 0.9999591034103211 2.4790312269022157
0.9999928281556468 0.002337628102460322 -0.00297978726178848 187.40405082000777 -0.002311879061081949 0.999960212653923 0.008615586127931093 0.30503538582802125 0.002999808740213279 -0.008608635430511364 0.9999584454083813 2.502601286339775
0.9999935330796988 0.002452513274885836 -0.0026303949167261836 188.79859040896676 -0.0024290117798530923 0.9999574362613307 0.008900874532315362 0.30970110943006196 0.002652112470232948 -0.008894427710830757 0.9999569267999208 2.531074020107404
0.9999945261385809 0.0024848007811267277 -0.002184824467352984 190.22918512349332 -0.002467660314820906 0.9999664313864105 0.00781324215021608 0.3098963125370645 0.002204165476022668 -0.00780780797697838 0.9999670893530191 2.550807512939807
0.9999964084184042 0.0024358714945597795 -0.0011178910295263308 191.62626804192058 -0.002431109560063078 0.9999880495392863 0.0042415191760368206 0.3059377458073007 0.0011282094658680373 -0.00423878622670562 0.9999903798710893 2.5761180493773743
0.9999953941968903 0.0028383990406808377 -0.0010747445704847314 193.03379276999496 -0.0028355080687455054 0.9999923834855499 0.002681951692580979 0.3083432399525879 0.0010823488337885542 -0.0026788918931380827 0.9999958260209024 2.5979304488536705
0.9999945487189174 0.0033003868504451186 -9.989537678748101e-05 194.43364903287878 -0.003300489527437583 0.9999940065683887 -0.0010457514910017268 0.30655277074028736 9.644339360163646e-05 0.0010460754939613333 0.9999994482122142 2.6136132525833156
0.9999929690420872 0.0035150581492575874 0.0013062283867676884 195.87437944986414 -0.0035069231286344567 0.9999747614585508 -0.006178829669462681 0.302168188485776 -0.0013279143650509263 0.006174205383830491 0.9999800577168113 2.631222140024583
0.999991504534082 0.003888424084101678 0.0013678515289697127 197.29352688701522 -0.0038749902137189805 0.99994553886049 -0.00969039544332458 0.2973233937238902 -0.0014054574012430567 0.00968501270761178 0.9999521114625173 2.6419824215537373
0.99998769871693 0.0041182634275264566 -0.0027644748434126035 198.69724714863622 -0.00414126537209225 0.9999564203236679 -0.00836704097001372 0.29510771396209834 0.002729896689670276 0.008378386468615334 0.9999611743984095 2.666007942104351
0.9999609889161876 0.004529779429359553 -0.007582990444512459 200.09297714136204 -0.004528139807148745 0.9999897206893521 0.00023337848773093972 0.3029017179467183 0.007583969649671019 -0.00019903254249416938 0.9999712214810984 2.694158845689706
0.9999471744594878 0.005930959901834043 -0.008394760576075126 201.56079120046115 -0.005872783053114289 0.9999586870891455 0.006937905603541235 0.3175968693202641 0.008435562204017113 -0.006888238497281578 0.9999406949718103 2.706557464562419
0.9999637280109323 0.007091053520236226 -0.00471801043358969 203.0157685984948 -0.007014625964347209 0.9998470158787192 0.016023103975216176 0.339463783507731 0.004830909340757882 -0.01598942770687644 0.9998604905268275 2.733566387621406
0.9999665880874573 0.007908493402378827 -0.002068439226584744 204.46570308553913 -0.007870508043019581 0.9998111358751525 0.017769290452410533 0.34544125677663634 0.002208576888928257 -0.01775241707886266 0.9998399741338531 2.7593093380816747
0.9999723335215983 0.007258085219317029 -0.0016286160746469345 205.8856785754017 -0.007233065420094758 0.9998631877603416 0.014875769773585176 0.33694768931290037 0.0017363628647538397 -0.014863578326809885 0.9998880232722686 2.772642021429336
0.9999801004866953 0.006125745001310957 -0.001507938592171039 207.31485240132477 -0.0061074183240085525 0.9999108735635164 0.011871999446643255 0.3287319517720939 0.0015805290362437242 -0.011862553587843008 0.9999283883110537 2.7976713205659927
0.9999846471100136 0.005199791349682738 -0.0019151277193528117 208.77962048753207 -0.005178112994371096 0.9999243659907583 0.011155691094588907 0.3243850029862716 0.0019729901366185624 -0.011145603074761347 0.9999359393691282 2.830810116673203
0.9999839306129714 0.004854586499574939 -0.0029277133995886245 210.257340705214 -0.004820009234207364 0.9999198893061368 0.011703951511564246 0.31830725080130057 0.0029842967034364705 -0.011689651830616514 0.9999272203581944 2.842406949853689
0.9999856390194498 0.004551127158137235 -0.0028300170411527845 211.67367445184303 -0.004516974468751356 0.9999182800957284 0.011959518052546145 0.3155756875065964 0.0028842150598382696 -0.011946563187418985 0.9999244776139334 2.8656629975086436
0.9999869806765849 0.004508745617779004 -0.0023894958216407313 213.16590464788194 -0.00447624902430612 0.9998997275651161 0.013434954777701985 0.32600911190681164 0.0024498310145555737 -0.013424083885340466 0.9999068918153527 2.8881981778820642
0.999988129712986 0.004176068642199011 -0.002510156134540401 214.62992217101504 -0.004143919903905876 0.9999110308942359 0.012679046646187702 0.3279392613412992 0.002562881377305906 -0.012668494256297116 0.9999164669572774 2.9213671128548686
0.9999865731746965 0.003906527525281893 -0.0034047779694795772 216.11430606066227 -0.003861839378035434 0.9999075919295501 0.01303433152357678 0.32321988278582287 0.0034553823153876096 -0.013021007808248464 0.9999092527268222 2.9440379046501968
0.999985929171902 0.0037031123041568613 -0.003798475677225385 217.5578087505189 -0.0036594344662164986 0.9999278420996631 0.011441989918661175 0.32136250874887945 0.0038405725608478686 -0.011427928647575606 0.9999273235836845 2.9614632202225057
0.9999890891080071 0.0030377515263448176 -0.003548764658638888 218.9829188602791 -0.002997186738277098 0.9999307468648335 0.011380612724805962 0.31752226626715935 0.0035830903692358283 -0.011369852241797571 0.9999289414370431 2.983327769439207
0.9999855133231719 0.0031031040116011573 -0.004398168855982139 220.47625671244833 -0.003049709402022603 0.999922197945858 0.0120953432232159 0.3215958818081382 0.004435359777488335 -0.012081754864975727 0.9999171759616028 3.0093531305154113
0.9999866064482877 0.0027566252606112487 -0.004380404229041431 221.9622075596612 -0.0027036253256166355 0.9999236261679638 0.01205952906249055 0.3199531390141278 0.004413313283229328 -0.01204752457075435 0.9999176865210362 3.0414767435818133
0.9999863785558981 0.0023957063269197305 -0.004637164419690405 223.40934869394778 -0.002336575397852708 0.9999164283668223 0.012715215198639952 0.333267100247493 0.004667238805786065 -0.012704206914748033 0.9999084058095506 3.064750942831481
