1.0 8.809142651444726e-20 8.673617379884037e-19 -5.551115123125783e-17 -8.809142651444726e-20 1.0 1.7347234759768075e-18 0.0 -8.673617379884037e-19 -1.7347234759768075e-18 1.0 -5.204170427930421e-18
0.9999993011580781 -0.0003480319849955573 0.0011298482609536818 1.3160940844717768 0.0003481171165631284 0.9999999365833229 -7.515200288644408e-05 -0.058402083065748844 -0.0011298220340017183 7.554526988583102e-05 0.9999993588973364 0.018140396604628333
0.9999976844684006 0.0012037922336848642 0.001783799903291163 2.5652097675998258 -0.0012028053760217308 0.9999991230587825 -0.0005542029350592417 -0.11574037075546209 -0.001784465484192614 0.0005520560876714074 0.9999982554569841 0.031373844761168695
0.9999989372030355 -0.000852766897919711 0.0011825317828242034 3.9370001662887484 0.0008544264318638476 0.999998649959399 -0.0014035793002449548 -0.03904364833398892 -0.0011813332603924302 0.001404588194936899 0.9999983157904471 0.05210071034832208
0.9999993092789374 -0.0003077512077625363 0.0011343415897058478 5.25443766622086 0.00030999622426774055 0.9999979927548419 -0.0019794920126192423 -0.03486680685260069 -0.0011337301217465444 0.001979842286952255 0.9999973974368782 0.06198031123598934
0.9999989543732503 -0.0005232458034873026 0.0013481343535249942 6.570685094085782 0.0005264769452291612 0.9999969873758315 -0.0023975114779799045 -0.04122413045476334 -0.001346875804283193 0.002398218732733973 0.9999962172290842 0.06769314465646231
0.999997321025899 -0.0003902308169689511 0.002281591754545592 7.907860462256914 0.00039817140766622316 0.999993862490945 -0.003480867703756927 -0.03316198440421457 -0.0022802194094077408 0.003481766843203127 0.99999133891204 0.09746965456942275
0.9999967712121185 -0.00019608376991494644 0.002533597539705034 9.222378566127615 0.00020523632335475936 0.9999934530503674 -0.0036127184299722093 -0.01624939796509949 -0.0025328725569201617 0.0036132267515146324 0.9999902645271365 0.10562531645322594
0.9999979044912263 -0.0007623502337136287 0.0018999566514392068 10.556947459886418 0.0007686203934023382 0.9999942542572112 -0.0033016170666513066 -0.01791175285695357 -0.0018974287462345833 0.003303070493512653 0.9999927447184143 0.11833938455903069
0.9999995233236527 -0.0006286855326584726 -0.0007470655716782688 11.877294447135222 0.0006284183616175699 0.9999997385317816 -0.0003578082325293468 -0.0033464248199128145 0.000747290325203622 0.00035733859224805053 0.9999996569330913 0.1346304128351752
0.9999987586769661 -0.0005221111163403036 -0.0014866218446728666 13.212635024216375 0.0005252519605338915 0.9999976293865123 0.002113133155645474 -0.009114738040937953 0.0014855150301562009 -0.002113911383603101 0.9999966623063086 0.1529182448909051
0.9999984676100742 -0.00038796531000795875 -0.0017071205058582187 14.553565212158611 0.0003976366576877799 0.9999838542359903 0.005668611154598711 0.017259860468873844 0.0017048937186094867 -0.005669281281768304 0.9999824761400353 0.1631237371753002
0.9999995964080328 -1.0359386104813428e-05 -0.000898374339803902 15.905017954431557 1.568223681402696e-05 0.9999824458666364 0.005925176170098411 0.036207677292853194 0.0008982971884332458 -0.00592518786726405 0.9999820424442125 0.18604167482370487
0.999998627256794 0.0001625992149134237 0.001648953008066766 17.25054300962614 -0.00017016412952803434 0.999989457815375 0.004588605701245723 0.025543941673620195 -0.001648189520815147 -0.004588879994921672 0.9999881127551945 0.20922772880094326
0.9999930273086295 0.00025619749917941937 0.003725546532271955 18.613676602468438 -0.000255260446673831 0.999999935670528 -0.00025199413528188423 0.03222906366936917 -0.003725610852876781 0.0002510413935326198 0.999993028376694 0.22686168786083535
0.9999983482957596 -0.00013492894079784033 0.001812512050635518 19.953877893579694 0.00013887738698692016 0.9999976174456758 -0.0021784893947920285 0.021149583420058442 -0.0018122137909605154 0.002178737513509332 0.9999959844839493 0.25337446608212255
0.9999998096628038 0.0001812779715238753 -0.0005897564354779391 21.301919292891423 -0.00018297560640518907 0.9999958367533746 -0.0028797562128791455 0.030151252795966872 0.0005892319438116953 0.0028798635757958354 0.9999956795864176 0.24585776415463031
0.9999984107659067 0.0003984949474265976 -0.0017377190330853342 22.657003514422858 -0.00040006124777371073 0.9999995139849781 -0.0009010997755425662 0.03967727749360906 0.0017373591048200994 0.0009017935375287376 0.999998084174043 0.29232993142197966
0.9999991504591019 0.0011581146599983383 -0.0005982069113667546 24.022759937132562 -0.0011572306980345533 0.9999982412304806 0.0014759244753798448 0.04734885674668121 0.0005999151490306603 -0.0014752309581200305 0.9999987318969131 0.2821149053558273
0.9999921213945876 0.0018456654708476268 0.00351435167880543 25.418755165176517 -0.0018514090168794519 0.9999969548166884 0.0016317603997912827 0.052497358650162855 -0.003511329293133755 -0.0016382540461815907 0.9999924933169626 0.2970008368586845
0.9999875668161953 0.002010108559506935 0.0045635158161782124 26.789321964366646 -0.002010409179550267 0.9999979772472907 6.128831810401406e-05 0.04803674598851116 -0.0045633833891414125 -7.046209018295749e-05 0.9999895852293351 0.31429271678711174
0.9999907950359568 0.0020607359513889205 0.0037634041363708527 28.155811609990877 -0.0020449796954644483 0.9999891486637977 -0.004185763096279074 0.045093271230868544 -0.0037719890509038036 0.004178028481435573 0.999984157962819 0.3363909260795458
0.9999973349503207 0.0019364726633335778 0.0012570464908465686 29.515012359185178 -0.0019310180221011682 0.9999887781306902 -0.004326058493316133 0.0538965154394842 -0.0012654096784474207 0.00432361958472689 0.99998985247453 0.3390822796685398
0.999996279844415 0.002639654002067832 -0.0006874038695046817 30.90483236637459 -0.002642580308872953 0.9999872997774113 -0.0042915094305992696 0.05359299458475462 0.0006760670392791375 0.00429330998544629 0.9999905551667612 0.37759566361069175
0.9999934347691768 0.003088231378920721 -0.0018955857919085632 32.29030875306617 -0.003092060560206142 0.9999931784361754 -0.0020204560394620603 0.064002203280512 0.0018893332253083022 0.0020263040407674407 0.9999961622485849 0.37086258697525565
0.9999850158642788 0.0036368030369331654 -0.004091663547825857 33.67092378638412 -0.0036376108784240586 0.9999933658193985 -0.00019001128388541894 0.06282182420084081 0.004090945369376634 0.00020489231656297514 0.9999916110573744 0.40828517651620116
0.9999847117826445 0.003907136571523295 -0.003912861458420492 35.061824087296344 -0.0039054902843324263 0.9999922818268959 0.00042828994499880235 0.07415216366866038 0.003914504645585744 -0.000413001754799232 0.9999922530114572 0.41458256849430236
0.9999918705457436 0.0033048569492997713 -0.002310143495382952 36.4584995579218 -0.003304590864730294 0.9999945327455269 0.0001189885374471664 0.06787320102453606 0.0023105241053354626 -0.00011135349104423558 0.9999973245358003 0.44911293803241364
0.9999941622087621 0.003197912946220514 -0.0012037031129441145 37.85837839974335 -0.0031963405738373676 0.9999940389406777 0.0013059441206537358 0.0804279000651658 0.0012078722332089311 -0.0013020890517258337 0.999998422803141 0.4600140613544879
0.9999960596460324 0.0026890753002890974 -0.0008059568464082711 39.25539092545254 -0.0026863251121284114 0.9999906314802035 0.0033942022944605243 0.074873870284659 0.0008150765613398188 -0.003392023857986248 0.9999939148936589 0.47540520089269345
0.9999944243711238 0.0032661960061305204 -0.000695118920893982 40.65121695543492 -0.0032620682308741036 0.999977516722111 0.0058587508171373 0.08928337344381626 0.0007142391208619655 -0.005856450625568539 0.9999825957728207 0.5012982543000597
0.9999947699905007 0.0032065184580887386 -0.00042217416240307394 42.07921948370403 -0.0032028781675667566 0.9999599407299774 0.008358140148590643 0.09604724465780475 0.00044895778107605425 -0.008356744263030598 0.999964981017952 0.519811539929578
0.9999957218172133 0.002897378143658442 -0.0004019293008709987 43.467473108675954 -0.0028934112266219467 0.999950286821087 0.009542120199383202 0.09750177316179039 0.0004295564501976088 -0.00954091642969737 0.9999543921574311 0.540456881035716
0.9999967717774072 0.002476768324981877 -0.0005674975140772809 44.89558433581759 -0.0024717529782066617 0.9999593236217948 0.008674188092107434 0.10455370507589147 0.0005889583846452345 -0.008672757376226916 0.9999622174899981 0.5574288075803404
0.999998058618646 0.0016233834529830041 -0.0011168639592643776 46.29344324887035 -0.0016141350921813186 0.9999648112066948 0.008232309291035045 0.09406583527179567 0.0011301888528522698 -0.008230490539673447 0.9999654902538553 0.5832908220106943
0.9999994679066649 0.0007711559301219309 -0.0006852042895432502 47.724801443873304 -0.0007657991782697735 0.9999694116530254 0.007783913535026746 0.10496159699027476 0.0006911859413587854 -0.007783384664376354 0.9999694701265437 0.6054025725013292
0.9999999563690833 -0.00028721095189093975 6.907749727825924e-05 49.12344031862861 0.0002866506389134846 0.999968126005512 0.007979022774486191 0.10641781635774834 -7.13669582287114e-05 -0.007979002625245384 0.9999681647051888 0.6235252086334319
0.9999991805260258 -0.001279020598441784 5.525925979271102e-05 50.55097480269721 0.0012784882438954556 0.9999609171879241 0.0087481177687484 0.11380351587208157 -6.644612292926886e-05 -0.008748039951579554 0.999961732958776 0.6431080026247009
0.9999970911520105 -0.00240827668551155 0.00013375695660718844 52.00108627727004 0.0024070092297358873 0.9999585429165904 0.008781728457278551 0.1216684443647127 -0.000154900243336039 -0.008781380958336289 0.9999614309334031 0.6571691985966595
0.9999930859601195 -0.003552255306179743 0.0010997791582338296 53.41257280751775 0.0035418829465442316 0.9999505387652609 0.009293819895912358 0.1317457822672217 -0.0011327387828386564 -0.009289860349025441 0.999956206739848 0.6828912998410106
0.9999888849226038 -0.004332310231956121 0.0018604083695762878 54.864861179759885 0.004317327338095404 0.9999588119094684 0.007983430920364062 0.14521836568588686 -0.0018949184423703437 -0.007975310191997502 0.9999664012912826 0.7029470545716355
0.9999851374338956 -0.004851094746713758 0.002488330981033243 56.26131641782492 0.00483842198814926 0.9999754225083705 0.005073859662094885 0.14664259519063635 -0.002512883598051736 -0.005061744656187829 0.9999840319510397 0.7074690126922153
0.9999845641285348 -0.005199024472439939 0.0019600125508208543 57.6924514612642 0.005192282505417251 0.999980639882625 0.0034292947263095345 0.165219617090651 -0.001977803591953106 -0.0034190648532788975 0.9999921991138135 0.7294690015520809
0.9999846774811055 -0.005134890308464622 0.0020682612333577876 59.13976174688862 0.005130255072414303 0.9999843307991357 0.0022402319292223042 0.18167968015587607 -0.002079732170579159 -0.002229586895542729 0.9999953518173842 0.7459041684461801
0.9999845757854184 -0.00493847379950696 0.0025415876511474815 60.54288377198019 0.004933723952847358 0.9999860773834175 0.0018717391065290094 0.18218606931440373 -0.00255079580013421 -0.001859170744550662 0.9999950184500563 0.771999738562791
0.9999848384691723 -0.00429802137566516 0.003442360242308949 61.999720141194224 0.004298194059703742 0.9999907618066904 -4.2767978594669815e-05 0.19969387086940546 -0.003442144623433396 5.7563262511496574e-05 0.9999940741458732 0.7857093208322818
0.9999875910236031 -0.003969566498531132 0.003010039970607336 63.39798570741379 0.003977489871546125 0.9999886288694986 -0.0026309135337325797 0.20584301976776437 -0.0029995621568259787 0.002642853290284677 0.9999920089447482 0.7978365294729154
0.9999916486926903 -0.0035999448757186715 0.0019346683867493691 64.81400718239667 0.0036059318283855387 0.9999886934527505 -0.0031000358562435137 0.214201656925658 -0.0019234865541346144 0.003106986249204558 0.9999933233956732 0.8235964214867224
0.9999942559706344 -0.0027959516873548263 0.001915901850121332 66.2721783028383 0.0028017382570952073 0.9999915019399944 -0.0030242867808718595 0.2227301524740673 -0.001907429808944421 0.0030296372647901043 0.9999935914842494 0.8452108922673323
0.9999961497939692 -0.0021715140391165297 0.0017276932642835189 67.63057133559015 0.002173579571510438 0.9999969242779159 -0.0011945654249429765 0.2348473601719999 -0.0017250939347882846 0.001198316104405056 0.999997794042282 0.8657692523170972
0.9999946420969219 -0.001570531741423979 0.0028721433631354524 69.10266182436553 0.0015664563114751943 0.9999977639812732 0.0014206502307178698 0.24923631151135126 -0.0028743681172499103 -0.0014161435319129806 0.9999948662595342 0.8838384872429081
0.9999915522346503 -0.0007197717217458682 0.004046898565945977 70.46114431432886 0.0007009594602357772 0.9999889520317715 0.004648060911212896 0.26413365823200563 -0.00405019939874404 -0.004645184933650573 0.9999810088905501 0.9012010241016056
0.9999882522119914 0.00011664450102456781 0.004845805615875648 71.91610498263263 -0.00015949662240491094 0.9999608810742816 0.008843691648506648 0.28065761717140575 -0.00484458448516616 -0.008844360644320511 0.9999491523502378 0.9228094821766014
0.9999906650158886 0.0005464898521888262 0.004286167276511275 73.2746297899537 -0.000599075689893276 0.9999244546071913 0.012277059372210039 0.28782419593100705 -0.004279134187959095 -0.01227951250467404 0.9999154477170803 0.9267458235248712
0.9999921784898538 0.0012531832411346489 0.0037513318808851917 74.6708286583004 -0.0013136884533650943 0.999868390416112 0.016170221684962214 0.30049310336083873 -0.003730573918836296 -0.016175023290785896 0.9998622162277053 0.9446265580802674
0.999990795645526 0.002102750826391897 0.0037399282333008686 76.12155354851532 -0.0021680887343554075 0.9998435840481401 0.0175529720848045 0.31387466154836285 -0.003702433722309412 -0.017560919017297276 0.9998389400837516 0.9583544783695683
0.9999888308231691 0.0023904682522994185 0.004077240543066539 77.48890147715416 -0.002463425683910051 0.9998352459662802 0.017983671967868993 0.31542663869907916 -0.004033579404341665 -0.017993515084129986 0.9998299673705054 0.9778353846164733
0.9999884065017405 0.002449656863039457 0.004145605307213471 78.90875422769676 -0.0025208086338940733 0.9998481008915652 0.017245888419037705 0.314935757844179 -0.004102729084538474 -0.01725613875651148 0.9998426842705181 1.0053255219831418
0.9999933807878978 0.0021549039895860135 0.0029316836777272394 80.2718949377644 -0.002202365674874947 0.9998649896564082 0.016283489946110112 0.3163147513720129 -0.00289619851265735 -0.016289838801737812 0.9998631172245472 1.015904883426779
0.9999937376291856 0.0019776251265223384 0.002934910777221244 81.66230883330452 -0.002024272183503623 0.9998703116537224 0.01597692697658582 0.3230782496387933 -0.0029029337812625654 -0.015982767981392015 0.9998680533465976 1.043791155498312
0.9999934626356234 0.00153913049902526 0.0032719662778089432 83.0609201527931 -0.0015888430058614944 0.999882517418116 0.0152455547460145 0.32763207413171436 -0.003248116980478639 -0.015250653721003914 0.9998784262584942 1.0520650371944318
0.9999961876369603 0.0013104335406618893 0.002430529876513317 84.42108511041627 -0.001347327614915012 0.9998829501293158 0.015240431391336913 0.33971470474013254 -0.0024102738108362134 -0.015243648009301072 0.9998809037958096 1.070172725558397
0.9999959795440638 0.0005459509066913482 0.0027825947091945826 85.83127913138289 -0.0005879152269861674 0.9998857769232036 0.015102564761240741 0.3432094040491249 -0.002774031613740657 -0.015104139971844663 0.9998820778993476 1.083906661893587
0.99999402272503 -0.0006737212497494624 0.003391255503453297 87.18843179608133 0.0006236975921747351 0.9998913089541825 0.014730284423760166 0.34952452545956164 -0.0034008110099771334 -0.014728081258907826 0.9998857525272101 1.1085970313146127
0.9999879116347683 -0.001734865505815196 0.004600741897953573 88.57285483993158 0.0016733059560295166 0.9999094764734933 0.013350614430889977 0.3552350574926106 -0.004623486943030012 -0.013342754594966666 0.9999002921633268 1.1269042608532134
0.9999832768438227 -0.0028852214326375576 0.005012138263800817 89.95403051129114 0.002829840888921438 0.9999352576358967 0.011021458033135225 0.3567016009674646 -0.005043613113056524 -0.011007090165771404 0.9999267002799997 1.1457437919090314
0.9999785863368378 -0.003792963709572957 0.005332944222207654 91.31866543956359 0.003740671906864641 0.9999451638282053 0.009781447248167032 0.36680145058143243 -0.005369752458401514 -0.009761288996917533 0.9999379395720787 1.1640895652029275
0.9999806334071151 -0.004103408423586781 0.00467919330805967 92.69472251687854 0.004061947428185526 0.9999527112264089 0.008836056475868902 0.37824920927942807 -0.0047152299833211056 -0.00881687871433677 0.9999500133786394 1.178973976877994
0.9999796546187745 -0.0045932513017463575 0.0044263292913529146 94.0528440232409 0.004562151329765484 0.9999650171234993 0.0070107991302143695 0.3856037571965678 -0.004458376807853103 -0.0069904629087708435 0.9999656275615479 1.1974860937366107
0.9999819883172063 -0.004590671758836402 0.003866364438224244 95.42308428418951 0.004564741884105397 0.9999672106082218 0.006688859390323729 0.4048526416546496 -0.003896944020387909 -0.006671089957019762 0.999970154747674 1.2074673608637487
0.9999853203969766 -0.004460510363903867 0.003076172597487842 96.77863223901856 0.00444050028358807 0.9999691368725714 0.0064813007611179505 0.409967465516836 -0.0031049875663975183 -0.006467545872904191 0.9999742646201423 1.2225331544279812
0.9999877077763659 -0.004295839768627259 0.00247589516171482 98.10640952315809 0.00427702023747285 0.9999622992957625 0.007556922986241996 0.42851435568090557 -0.0025082651490163574 -0.007546240641142147 0.9999683809291813 1.2398606905895475
0.9999889129954195 -0.0039860996124743385 0.0025069695089666127 99.45235727127505 0.003962422722534665 0.9999481605118442 0.009379525315644057 0.4460742707600266 -0.002544227271176328 -0.009369487651856889 0.9999528686936872 1.2526544882536752
0.999984823152226 -0.003927270785371566 0.0038639370323040284 100.79340400000928 0.0038902675354010583 0.9999469455173514 0.009537922678563114 0.44990214448379484 -0.003901190038212446 -0.009522746174166935 0.9999470476088161 1.2720330070022772
0.9999791941251801 -0.0038365762174169737 0.0051857496742104105 102.13250324391018 0.0037863138144763665 0.9999460980454857 0.009667721102008727 0.47017397128940847 -0.0052225611010239354 -0.009647885080983805 0.9999398197736753 1.2877815416354075
0.9999842260751587 -0.0036289248750618216 0.004287015875517746 103.48120693903023 0.0035881568363817585 0.9999486319791454 0.009479374111892891 0.4797349772382998 -0.004321195596511513 -0.009463842099636691 0.9999458800161786 1.3058689901771716
0.9999924986329104 -0.003478819396358598 0.0017030835317813848 104.80798582519317 0.003462502592370016 0.9999489577566055 0.009491730994728638 0.489281002223188 -0.0017360166204667142 -0.009485762862626316 0.9999535021935808 1.319369785773185
0.9999929110775037 -0.0037540337241112444 0.00029159138903664893 106.13728745987052 0.0037514679884992153 0.9999580946113408 0.00835077895696275 0.5067923952429507 -0.0003229282756131984 -0.008349625863176247 0.9999650891232522 1.334168145612752
0.9999933029128085 -0.0033241154616263408 0.001531138768901652 107.492080583314 0.0033132695489614832 0.9999697829882709 0.007032450162401815 0.5103363459440599 -0.0015544691787814692 -0.007027329990011671 0.9999740997939814 1.3594573386969389
0.9999903921689353 -0.0028504052135756536 0.003330279258170266 108.8166947609494 0.0028381543848790946 0.9999892101138307 0.0036775719713556397 0.5148299564215485 -0.0033407258951566104 -0.003668084791185963 0.999987692276489 1.3672761775407494
0.999989296282444 -0.00192727202396612 0.004206298026545309 110.17169134154094 0.0019169538217799554 0.9999951474229444 0.0024556910654571253 0.5295048025746124 -0.004211010399849975 -0.0024476015013560237 0.9999881382488008 1.392595340090236
0.9999942698550056 -0.0013840389334380321 0.0030894487185817603 111.47760790960243 0.0013777559944463712 0.9999969805231544 0.002034879110292843 0.5376161872262635 -0.0030922557419763744 -0.002030610943648934 0.9999931572633993 1.407574186192857
0.9999996467499902 -0.0006082837311019212 0.0005800782683387274 112.81204189116693 0.0006063576957539392 0.9999943224706732 0.0033147182028182114 0.5487643958967225 -0.0005820912640833087 -0.003314365296971827 0.9999943380601903 1.4213998615573848
0.999998847379429 0.0005320117765558478 -0.0014220419413929785 114.16858333932063 -0.0005228574816679697 0.9999791902057791 0.006430068074938008 0.5475701627780398 0.0014254332209327272 -0.006429317138240968 0.9999783157755314 1.4476810119205623
0.999996331019807 0.0019502645994109277 -0.0018800039672271177 115.47006556350502 -0.0019330680850253102 0.9999566720855928 0.009105888165623533 0.5639399205569389 0.001897681401911751 -0.009102220580631445 0.9999567732586235 1.459305145712038
0.9999941265921397 0.003426246255596388 8.728012176462101e-05 116.83762076461507 -0.003426942896716746 0.999945034765394 0.00990875927740769 0.5755161302606964 -5.332547502042772e-05 -0.00990900018321637 0.9999509032306351 1.4807982235467856
0.9999883703701081 0.004205703507260455 0.0023603352610429376 118.13921715546495 -0.004228874781904425 0.9999420580817288 0.009899348329848673 0.5803593228849048 -0.002318564774699712 -0.00990921476635369 0.9999482145191819 1.493873065373816
0.9999815533615559 0.0051281163165682086 0.0032550514056265 119.50457180754971 -0.005158802281555692 0.9999416630173509 0.00948985358762054 0.5777931059723971 -0.0032061964427246075 -0.00950647069834045 0.999949672393182 1.5155308583888867
0.9999784183522828 0.006141671789529458 0.0023329589144454447 120.82837551501126 -0.006165003366251674 0.9999296965935407 0.01012889943891971 0.576247413305136 -0.0022705865235436357 -0.01014306354014114 0.9999459798903437 1.5310914108495042
0.9999694228546916 0.0075218332236957975 0.002139013934016866 122.13639503290374 -0.007546856953307744 0.9999002149966516 0.01194173353312704 0.5709377052947633 -0.0020489767644663007 -0.011957511221186722 0.9999264071018495 1.5482557303082667
0.9999614961087194 0.008633762599577991 0.0015698545746068663 123.50164961561757 -0.00865391263428693 0.999873875706363 0.013316999513955806 0.5744513010389347 -0.0014546807654653414 -0.013330072141991523 0.9999100924986005 1.5581908520194208
0.9999510538375052 0.009861227630327676 0.0008038152061641965 124.83299811994796 -0.009871626889476598 0.99985094193201 0.01416491793931204 0.573423490951354 -0.0006640119108580766 -0.014172159584740199 0.9998993494251743 1.576176376207567
0.9999399305118185 0.010960273060349255 -8.821826460221036e-05 126.15281899785785 -0.01095770837356459 0.9998269483349914 0.015033363241083625 0.5638807236841066 0.00025297276442233036 -0.015031493524631354 0.9998869887178249 1.5937163648265322
0.9999304129315503 0.011792909490107674 -0.0003107737081648412 127.49550539662197 -0.011787136399454329 0.9998245487186566 0.014557994196842594 0.5579158684540033 0.00048240029044041327 -0.014553318016616423 0.9998939784920534 1.6154074394442721
0.9999181140465145 0.012790328313538614 0.0004155758578676356 128.82158904803325 -0.012794945112885396 0.9998170291859925 0.01421961776050376 0.5524513243326987 -0.00023362623996477178 -0.014223770643836897 0.9998988097639939 1.6351725813782936
0.9999059667576146 0.013644970473536584 0.001368365191258891 130.18972765160257 -0.013662114428512798 0.9998166289588246 0.013418460670068928 0.5441220234515669 -0.0011850197730656593 -0.013435893650527272 0.9999090321073958 1.6558193648733779
0.9999006720415433 0.013990385180917508 0.0017073878761477462 131.5139929038073 -0.014009445255680993 0.999833236028337 0.011714758927609568 0.5245094179199952 -0.0015432091556655005 -0.01173751488150258 0.999929922169503 1.667298280333218
0.9999007607872586 0.013957074585779784 0.0019153710002218368 132.8589715257871 -0.01397648962894351 0.9998468985850644 0.010527921327602425 0.5101349027094721 -0.0017681387710090073 -0.01055364670789825 0.9999427454741854 1.6916084925461081
0.9999009689668547 0.013808838025662112 0.0027144523436750554 134.19132867793695 -0.01383008405897634 0.9998725910948962 0.00797059295787668 0.49992961186244844 -0.0026040418711501894 -0.008007344725908392 0.9999645500698381 1.6968687353653902
0.999909783201728 0.013180025508211037 0.002590827102768165 135.52797119425068 -0.013197152697663521 0.9998904084486705 0.006708669989297191 0.4792301332733373 -0.0025021227284216397 -0.006742256295458568 0.9999741403465883 1.721275554070439
0.9999253710541153 0.012044654351949034 0.0020441682494314758 136.87722164947985 -0.01205722346040293 0.9999077633409434 0.006252053497659113 0.4705925967824547 -0.001968675878812401 -0.006276233906871024 0.9999783663676082 1.741453341990937
0.9999346987879321 0.011040948146168298 0.0029488343326201155 138.20290340686887 -0.011053845858291054 0.9999292503520113 0.004393948361788359 0.4599432734565343 -0.0029001123476096588 -0.004426257391808988 0.9999859986989181 1.7550014639894376
0.9999449109305868 0.00994008397826393 0.0033719185230023613 139.55473514039508 -0.009951347175480716 0.9999449056092194 0.003340125081830897 0.44004234651946045 -0.00333853162539427 -0.003373496209318246 0.9999887368015261 1.7751284974528863
0.9999575848734376 0.008618287763450418 0.003248625880009985 140.91482416219054 -0.008624460039771898 0.9999610210816011 0.0018907687495280032 0.4395566142591017 -0.0032322040629093273 -0.0019187061964185065 0.9999929356867615 1.7871959877975159
0.9999679956895232 0.007463262584361974 0.0028822401486377496 142.22807771629428 -0.007466942832215707 0.9999713177704116 0.0012682276005589457 0.43494722171357003 -0.0028726923639643713 -0.0012897085342276572 0.9999950421329491 1.7999793618556297
0.9999771373905209 0.006402934323003622 0.0021741960157524746 143.58743865454963 -0.006404339666383354 0.9999792871843076 0.000640027969607382 0.42752297847506143 -0.0021700529249768395 -0.0006539376266840333 0.9999974316146434 1.8074264751669495
0.999984436390259 0.005578919378714186 -5.134025351566649e-05 144.9379768002877 -0.005578944141833551 0.999984314788244 -0.0004955398553093132 0.4177278628351503 4.8574871331208147e-05 0.0004958185673269856 0.9999998759022073 1.8295145407345055
0.99998913302482 0.004539853116083863 -0.0010599839401845886 146.23865559851978 -0.0045438614217933465 0.9999824177025816 -0.0038101980367854873 0.4267794071551131 0.001042667563801496 0.0038149730515915155 0.9999921793819024 1.864581771153693
0.9999927457652925 0.0034467367227379404 0.0016212411156304233 147.62039624834705 -0.003424923942378797 0.9999060836696613 -0.013270031514261985 0.416372469705466 -0.0016668271595463452 0.013264382622825515 0.9999106349273696 1.8681408840675262
0.9999929206880895 0.001945347463607887 0.0032209000217558875 148.9458299404673 -0.0018788263847560262 0.9997874980329909 -0.02052873080217044 0.4046155943206075 -0.0032601510885628166 0.02052253396093843 0.9997840751955903 1.8890416373597105
0.9999994779177253 0.0010137254204456911 0.00012854979108129736 150.24740971599954 -0.0010105469378162526 0.9997419313086219 -0.02269470374764212 0.37599732948727055 -0.00015152281450340498 0.02269456199354183 0.9997424337781997 1.9115189713320415
0.9999940795654326 0.0010528258578380975 -0.0032760329357632042 151.64204254756314 -0.001124732916685126 0.9997567751724401 -0.022025564071535553 0.3918566589481605 0.0032520470398293396 0.022029118332703653 0.9997520403257673 1.9307584864330167
0.9999818752819478 0.0022022511721122807 -0.005603498672605282 152.96554449010023 -0.0023042200467937725 0.9998306819712054 -0.018256449790970096 0.39624489557365294 0.0055623446113049115 0.0182690305919386 0.9998176347932937 1.9569587121071947
0.9999800203236414 0.0029466028165866056 -0.005592538365619137 154.33007115788672 -0.0030494074586743824 0.9998248785436925 -0.01846383923351676 0.40010511061885906 0.005537153391465613 0.01848052426018958 0.9998138877588109 1.978620478841552
0.999991148976077 0.003400581197206973 -0.0024775021749365166 155.66378768764304 -0.0034542118413940187 0.9997525677068821 -0.021974343768378285 0.4026121979043218 0.002402163620652458 0.02198270709028564 0.9997554652008273 1.9978459126357242
0.9999926616734505 0.003811606971598097 0.00038503446879300314 156.9976559111358 -0.003798221572999453 0.9995355016270032 -0.03023829525845204 0.40043780072191637 -0.0005001121179250586 0.030236610913741413 0.9995426440369217 2.0112808223938767
0.9999915819829859 0.0038404773781598915 0.0014445402981227017 158.35573366534422 -0.0037923448658848734 0.9994818034032413 -0.03196471157733641 0.381599828712086 -0.0015665514939685002 0.031958964302867356 0.9994879541630828 2.0392053994146084
0.9999916931811713 0.003719564408740358 0.0016668561016223628 159.67914027724524 -0.003661806384157714 0.9994350721782751 -0.0334084970331075 0.37347148258023605 -0.0017901795047495987 0.03340211581046091 0.9994403903768976 2.0621900047389734
0.9999869636772304 0.004810718481173909 0.0017115674945653396 161.0478746466362 -0.004752916449163217 0.9994666433463905 -0.03230849150187096 0.3739830541786479 -0.0018660816758209122 0.032299935380648764 0.9994764789196318 2.0714375800762728
0.9999809343053807 0.006039980660284371 0.0012843906575522339 162.38955663152157 -0.005998430799456828 0.999525631185456 -0.030208135183428374 0.3753291878387899 -0.0014662379349697622 0.03019985491586915 0.9995428049410283 2.076669312201435
0.9999757958679251 0.006940624791453482 -0.0004851863706393189 163.73893203861758 -0.006951180373633263 0.9996125906296613 -0.02695087653621528 0.37773372348017986 0.00029794248305431496 0.0269535968316172 0.9996366414093251 2.094918460318307
0.9999701966036025 0.007620446869018641 -0.0012388276993703724 165.08627095014322 -0.0076495143270856394 0.9996467646741194 -0.025452520643847988 0.37778309167519797 0.0010444305204152318 0.025461238502521053 0.9996752645228378 2.1027085243185706
0.9999689758575359 0.007876120732589642 -0.00011851006892659836 166.43048336819615 -0.007876682767906623 0.9996763577884041 -0.024189616522063535 0.3737051533544532 -7.2048626137023e-05 0.024189799526172142 0.9997073813911145 2.123515524814426
0.9999701833401994 0.007717236957908222 -0.00027691930872390715 167.76702978452778 -0.007721584603285174 0.999700987056749 -0.02320158634610762 0.36667998563184434 9.778436663408206e-05 0.0232030328081713 0.9997307686105897 2.135045527933473
0.9999705676625031 0.0072305832843604445 -0.0025656332744556534 169.15085510083208 -0.007280181369136061 0.9997758701695014 -0.01987984874310375 0.3644374266843878 0.002421315337487228 0.019897941908250883 0.9997990843863842 2.163565407837439
0.9999622693206064 0.006534262089792675 -0.005723928207529299 170.56490611216663 -0.00662218418049224 0.9998582699348555 -0.015478589068688845 0.37016413917135577 0.0056219757970565505 0.015515909957833404 0.9998638156900758 2.1898116722672865
0.9999555540793456 0.0063709806391930674 -0.006949854067827755 171.91953471475742 -0.006445666799767152 0.9999211463277046 -0.010777499997474349 0.36980851950873095 0.006880642802489776 0.010821817425192832 0.9999177691301622 2.2061185569275628
0.9999595434696713 0.00672751578860747 -0.005970925827759491 173.2702315086905 -0.006767429152786835 0.9999547233518641 -0.006689779440247648 0.3698060881882656 0.005925649887445174 0.006729916612498739 0.999959796639745 2.2356868692949323
0.9999652767747448 0.007453888016784882 -0.003726231104117637 174.63540547763338 -0.007465190943257661 0.9999675484521218 -0.003028690613812692 0.3759428941729159 0.003703534661477709 0.0030564024745972245 0.999988471051004 2.265945545030364
0.9999707803390722 0.007486378772566473 -0.0015468034590162198 176.06022467896256 -0.007488839609707201 0.9999706920958864 -0.0015912983924792844 0.37447996634821357 0.0015348450629424845 0.0016028356582921338 0.9999975375812108 2.289519582214951
0.9999781767806395 0.006573635317204912 -0.0006582409776071176 177.49055373697064 -0.006575779415158073 0.9999729013865247 -0.0033099271440471495 0.37017628650204537 0.0006364648862178082 0.0033141833582517803 0.9999943055343448 2.313166224892012
0.9999865896849346 0.005138270688996107 -0.0006470120715765232 178.88591025960486 -0.005142128125992808 0.9999681218184349 -0.006108507612154297 0.3677723231366557 0.0006156042803911886 0.006111752714113749 0.9999811335770947 2.3261194287883105
0.9999854511818235 0.0029954251366721856 -0.004486073220045116 180.22451981943223 -0.003030900172406566 0.9999640270945244 -0.007922004862819573 0.3611833576676762 0.004462182070458284 0.007935486447107294 0.9999585576342742 2.345120060069228
0.9999613887417363 0.0014632603188949914 -0.008664865546397857 181.6428335963535 -0.0015019847450118767 0.9999889069178334 -0.004464312164545625 0.37253844348596565 0.00865823697549085 0.0044771542877039385 0.9999524938825646 2.3808636577722693
0.9999534908765726 0.000950031707380445 -0.009597579044286514 183.03700721836464 -0.0009605392458629277 0.9999989443469358 -0.0010902611481227844 0.39487174911781825 0.009596533129912745 0.0010994292923697869 0.9999533478153456 2.40282960399916
0.9999625826870097 0.0006355072936114887 -0.008627245006677489 184.36932870696054 -0.0006168566793412969 0.9999974676084286 0.002164316189219943 0.4116042930131923 0.00862859859783888 -0.002158913432616998 0.9999604424071123 2.4235053012943313
0.99998420083573 0.0008895964262680998 -0.005550378106462835 185.80360843690332 -0.0008628281926383033 0.9999879955387636 0.004823308602554759 0.40662829475016277 0.005554602275259631 -0.004818443375599764 0.9999729641330308 2.4544429115487176
0.9999945723008435 0.0013207466849104643 -0.0030184428183032378 187.18014423811613 -0.0013061562573349929 0.999987479406379 0.004830630011525654 0.4145391764236001 0.003024785064181093 -0.00482666123434468 0.9999837768767273 2.478656549970397
0.9999955846405392 0.0014489422040084906 -0.002594468330067071 188.62430474256004 -0.0014387899209844896 0.9999913183139486 0.003910649600069068 0.42037709957951397 0.0026001121109581874 -0.003906899438261744 0.9999889877162597 2.499644431977981
0.9999970109144817 0.001278803239254516 -0.0020839444275687633 190.03830381789987 -0.001271699364816618 0.9999933888149175 0.003406626950909969 0.41658306942221685 0.0020882870558062067 -0.0034039666174058313 0.9999920260024278 2.528402949347955
0.999998056165203 0.0014162766713890903 -0.001371796707114353 191.3915823869666 -0.001416235581153707 0.999998996659723 3.092452091402129e-05 0.4192379356007876 0.001371839128413009 -2.898167349513662e-05 0.9999990586082911 2.5481066198359876
0.9999975954441603 0.0017860604018770498 -0.0012724363003153083 192.85022850826184 -0.0017875358872499218 0.9999977302706783 -0.0011593830011878722 0.4253393423350396 0.0012703626841602967 0.0011616547389377595 0.9999985183673614 2.5751070476180433
0.9999973954787209 0.0022095256437585603 -0.0005718672960175188 194.2255390230497 -0.002211893376411507 0.9999888451578608 -0.004173378432303925 0.4230750377755098 0.0005626397302608227 0.004174632472135239 0.9999911279007712 2.5947786857563298
0.9999966289094427 0.002467037688848612 0.0008098733184645464 195.6886420260565 -0.0024594780366668976 0.9999545965356581 -0.009206293227809142 0.417373780857215 -0.000832548819777807 0.009204270326921728 0.9999572932231714 2.607648309989534
0.9999956891867119 0.0026935159730658285 0.0011690079965082814 197.11004551630992 -0.002678067919539948 0.9999116375274955 -0.0130209480953156 0.4118551275969002 -0.001203976831750526 0.013017761281626393 0.9999145405138397 2.627181908821517
0.9999906668247703 0.0029653637742479287 -0.0031421141032058537 198.5053902345823 -0.0030018519111443764 0.9999273712833544 -0.011672233867776568 0.41653505676536245 0.00310727347601493 0.011681557089998301 0.9999269403688943 2.647049968062281
0.9999643362613694 0.003154500283530683 -0.007834241081329603 199.94588800546404 -0.003190230345061086 0.9999845486741537 -0.004552454645028127 0.43178675715481313 0.007819759312449392 0.00457728532110372 0.9999589490691029 2.6714094287620527
0.9999499668557433 0.004673280302989808 -0.008844446642256481 201.38707048555906 -0.004627873126486858 0.9999760427443306 0.00514749722816354 0.4461813475865678 0.00886829045099309 -0.005106308705757817 0.9999476381470574 2.691790782233121
0.9999694932597444 0.005971610748531972 -0.0050351181632554065 202.83183309756103 -0.005913391508596718 0.9999163953423448 0.011499309824403394 0.4634582451304772 0.005103366606073221 -0.011469184392954086 0.9999212036248879 2.714365089031728
0.9999726233328672 0.006875919693712772 -0.00273391900933908 204.26655673719324 -0.006840090221261996 0.9998933219543019 0.012905730392192854 0.45388602735544786 0.0028223661259674923 -0.012886676823626297 0.9999129801187174 2.7375173986823076
0.9999770077870851 0.006408224073011023 -0.002217782996191758 205.73535726906562 -0.006380260453623292 0.9999028333001031 0.012394201667322951 0.4491762118352345 0.002296992323027223 -0.012379766664053984 0.9999207294598965 2.768969595770947
0.9999844550826241 0.005137475254472457 -0.002167012025101445 207.16563630321838 -0.005117347417389003 0.9999446422414802 0.009193759185886066 0.44271305434102104 0.002214124774486118 -0.009182526916269045 0.9999553884303615 2.7905305096457407
0.99998865563063 0.003941679989324369 -0.002674279137848431 208.5973373583199 -0.0039211892938165824 0.9999632442256658 0.007624596527244243 0.43526770621011324 0.0027042345622060445 -0.007614023676280933 0.9999673563466408 2.817380209931029
0.9999882465815205 0.0035348420353165507 -0.003318371679227322 210.0814161773626 -0.003508401606580414 0.9999623215989496 0.007940182655697054 0.44093119246825074 0.0033463139397078073 -0.007928447150876866 0.9999629702687958 2.8363251613563203
0.999988515297662 0.003429671352587058 -0.0033476300856950733 211.54738157666603 -0.0033992542851765868 0.999953270764734 0.009049936862512218 0.44456712064415094 0.0033785119627012944 -0.009038453480767192 0.9999534449241093 2.8632927098075127
0.9999911199978674 0.003253227820995995 -0.002678886738100195 212.98618466338223 -0.003225343017303774 0.9999412516563504 0.010348449079543895 0.44846275246287065 0.0027123952203912394 -0.010339716856659123 0.9999428649515394 2.882281108586465
0.9999924100703362 0.002787007260394507 -0.002722570889983029 214.41394682549978 -0.0027612108551378434 0.9999516934488377 0.009433264727291453 0.4594028579152699 0.0027487299492572237 -0.00942567553718037 0.999951799400518 2.9114004685085524
0.999989880346377 0.002583011905044492 -0.003683375399951319 215.89994958950064 -0.002546500035011293 0.9999479186259594 0.009883085205707652 0.45816779104309185 0.003708711691444294 -0.00987360547672371 0.9999443771392886 2.9340446236011486
0.9999886197906118 0.002291176083755218 -0.004184590950185595 217.37632884187218 -0.0022528833823519338 0.9999557573928746 0.009132785626962778 0.46090812294955885 0.004205330632978766 -0.009123254298536432 0.9999495394395017 2.959200843091741
0.9999899501889016 0.001669082239790741 -0.0041609717224222855 218.85805970556868 -0.0016312922465324465 0.9999575458684936 0.009068922001312677 0.45784631376644114 0.004175931848628025 -0.00906204309945087 0.9999502192449679 2.983708127142428
0.9999880522543849 0.001549705555329082 -0.0046361364489384835 220.33724041061987 -0.0014989212965315073 0.9999390603391716 0.010937497106800515 0.46504431156231235 0.004652803824383536 -0.010930417224710479 0.9999294362083083 3.0160282540779733
0.9999879810459368 0.001434849163200648 -0.004688173583605838 221.82551176963156 -0.0013911730362730298 0.999955728177247 0.009306251828467442 0.4706046222586726 0.00470131909726452 -0.009299617916375335 0.9999457058787518 3.036516381809702
0.999986518068138 0.0010085163300166142 -0.005093778241516771 223.30076050102016 -0.0009535174290345498 0.999941351244287 0.010788182250124248 0.4743853638970431 0.005104359555731475 -0.010783179798253313 0.9999288317410217 3.063411942871126
