1.0 8.809142651444726e-20 8.673617379884037e-19 -5.551115123125783e-17 -8.809142651444726e-20 1.0 1.7347234759768075e-18 0.0 -8.673617379884037e-19 -1.7347234759768075e-18 1.0 -5.204170427930421e-18
0.9999993011580781 -0.0003480319849955573 0.0011298482609536818 1.3160940844717768 0.0003481171165631284 0.9999999365833229 -7.515200288644408e-05 -0.058402083065748844 -0.0011298220340017183 7.554526988583102e-05 0.9999993588973364 0.018140396604628333
0.9999976844684006 0.0012037922336848642 0.001783799903291163 2.5652097675998258 -0.0012028053760217308 0.9999991230587825 -0.0005542029350592417 -0.11574037075546209 -0.001784465484192614 0.0005520560876714074 0.9999982554569841 0.031373844761168695
0.9999989369497807 -0.0008530164611415249 0.001182565949757916 3.936912549404803 0.0008546748968605695 0.999998651108332 -0.0014026091177787967 -0.03905507917292596 -0.0011813679059385468 0.0014036183361660066 0.9999983171113026 0.05208233222504405
0.9999993091366713 -0.00030794772543185243 0.0011344136716852308 5.25437400479378 0.00031019235213138583 0.9999979936231764 -0.001979022568422088 -0.03486731016150749 -0.0011338019601254076 0.0019793730876330787 0.999997398284263 0.06198501508528352
0.9999989544717742 -0.0005231950794577714 0.0013480809572240912 6.57060646197721 0.0005264238095417674 0.9999969914676352 -0.002395815863332584 -0.04121440819572899 -0.0013468234224079186 0.002396523020352548 0.9999962213649017 0.06765988667287234
0.9999973209019664 -0.00039042185068618475 0.002281613391513952 7.907805142623358 0.000398360379976686 0.99999386567604 -0.0034799309329243224 -0.03315988288149512 -0.002280240754283164 0.003480830514225806 0.9999913421230374 0.09745455777925706
0.9999967969022202 -0.000199861850180648 0.0025231410068608786 9.222518163900718 0.00020894077212278 0.9999935035094709 -0.0035985111653833715 -0.015299008504317379 -0.002522405410199815 0.003599026826030395 0.9999903421917893 0.1052439494148406
0.9999979049125878 -0.0007645800534673406 0.0018988385335835466 10.556890826319064 0.0007708272488497102 0.9999942860451305 -0.003291459014173385 -0.01768851429657076 -0.0018963110997968192 0.003292915794761889 0.9999927803288289 0.11835591854759742
0.9999995258147922 -0.0006264359628345084 -0.0007456193232081481 11.877287085430751 0.0006261689789418934 0.9999997397847927 -0.0003582495734805865 -0.0028665821989208896 0.0007458435496031596 0.00035778251991364546 0.9999996578544754 0.13468200534389108
0.9999987557034884 -0.0005230672103329956 -0.0014882849754941944 13.212652803389187 0.0005262155439605767 0.9999976232285601 0.002115805858737782 -0.008895230113710323 0.0014871747295128342 -0.002116586384735881 0.9999966541811026 0.15288893403234374
0.9999984647861063 -0.00038987389888637175 -0.001708339478358139 14.553608516096894 0.000399559188601329 0.9999838300065547 0.00567274870556929 0.0174442836805454 0.001706100197864729 -0.005673422579422491 0.9999824505951843 0.16311731387793516
0.9999995951249215 -1.0892066450550408e-05 -0.0008997951742575605 15.905016123638067 1.622703461696743e-05 0.9999824214308257 0.0059292972623917525 0.03647815293542928 0.0008997147748460601 -0.0059293094627745 0.9999820167396104 0.1860062074526196
0.9999986148235304 0.00016339376970806802 0.0016563977470669964 17.250430350388843 -0.00017099405422543737 0.9999894543087363 0.004589338988258872 0.025889794147969318 -0.0016556304098099862 -0.004589615865380677 0.9999880970862375 0.2093125757791938
0.9999930251746427 0.00025507290714246847 0.0037261964358402504 18.613637857863658 -0.00025414921880641744 0.9999999368622919 -0.00024836180638433236 0.03247942252984797 -0.0037262595509447247 0.0002474130641908193 0.9999930268639551 0.22686839524285474
0.9999983481296113 -0.00013652522686499643 0.0018124841822871962 19.953913887411833 0.0001404670593046651 0.9999976250933235 -0.0021748739544812153 0.02141178982557146 -0.0018121829526463727 0.0021751249561944527 0.999995992404155 0.2533370379811759
0.9999998109755284 0.0001787463490245482 -0.0005883014958540057 21.301987548542026 -0.00018043951742959959 0.9999958386177819 -0.002879268778649704 0.030266579454130086 0.000587784388924578 0.00287937438723546 0.9999956818470019 0.2458208018684177
0.999998416949196 0.0003965245549498247 -0.0017346087106989497 22.657011829089434 -0.00039808519987594897 0.9999995162522073 -0.0008994573504004553 0.03990656059102564 0.0017342512146602505 0.0009001464485690787 0.9999980910527259 0.29227096732603186
0.999999167243871 0.0011419595123119187 -0.0006011988331694341 24.023591532725675 -0.0011410733620628424 0.9999982652033939 0.0014722573774128753 0.04736023452515394 0.0006028790485284466 -0.0014715701394076874 0.9999987355082893 0.2819471272668048
0.9999921253701048 0.0018423075038081446 0.0035149823388112224 25.41874391356936 -0.0018480581214049543 0.9999969582003505 0.00163348438198402 0.05256681634509946 -0.0035119622664048942 -0.0016399674105569073 0.9999924882857529 0.2969576052665557
0.9999875585414517 0.002007629235310058 0.004566419512069653 26.789320046439187 -0.0020079098380224995 0.9999979825301638 5.6865497390546534e-05 0.04819620755999592 -0.004566296134620985 -6.603374856364047e-05 0.9999895722352085 0.3142008906734994
0.9999907951967842 0.002058382726129044 0.003764649021614508 28.155880052254133 -0.0020426301936408166 0.9999891633590883 -0.004183398891189694 0.04534339332580995 -0.0037732192614790337 0.004175670598066117 0.999984163170328 0.336349402468418
0.9999973406140156 0.001934047799063236 0.001256273858487722 29.51508485150757 -0.001928602183869563 0.9999888021608632 -0.0043215791672119915 0.05428706407383438 -0.0012646179316119666 0.004319144821957905 0.999989872813467 0.3390358028635563
0.9999962845438797 0.0026378215513928305 -0.0006876015554729937 30.90488180656702 -0.002640747023663914 0.9999873154033305 -0.0042889961059330755 0.053796169494586106 0.0006762792271625232 0.004290795952117326 0.9999905658137501 0.37754490069431795
0.9999934434234425 0.0030860579573438345 -0.0018945596876367961 32.290356862495344 -0.0030898827319459847 0.9999931876580279 -0.0020192231770683132 0.0642720382763782 0.0018883153414950727 0.0020250639051404363 0.9999961666833284 0.3708211928024506
0.999985032375394 0.0036335046471176126 -0.004090558539076696 33.67103794588692 -0.0036343026130020643 0.999993378292436 -0.00018765872804608566 0.06304142941456986 0.004089849593733848 0.00020252224682789456 0.9999916160223746 0.40824962275179577
0.9999847273542457 0.003904171650574346 -0.0039118412516266155 35.061969636426234 -0.003902511600181333 0.9999922918993295 0.00043190871342602426 0.07441833487207657 0.003913497344515035 -0.00041663611117470514 0.9999922554464536 0.4145726924837005
0.9999918865689594 0.0033031727826674496 -0.002305611810560363 36.45863278516387 -0.003302891964784087 0.9999945375504211 0.00012559454000475812 0.06819298146801436 0.0023060140767382944 -0.00011797833427910761 0.999997334186542 0.4492226614678452
0.999994162740095 0.003199694161748249 -0.0011985170034375036 37.8586269897931 -0.0031981310405720244 0.9999940359270846 0.001303866598929183 0.08096906260825401 0.001202681829738997 -0.0013000259734896168 0.9999984317432126 0.45993307016787205
0.9999960886971836 0.0026788913260149243 -0.0008038231136143085 39.255269895274985 -0.0026761466494427096 0.9999906513309232 0.0033963936560209014 0.07467384218504201 0.0008129141684428695 -0.0033942292231645852 0.9999939091707186 0.47514051605478036
0.9999944411989038 0.0032627341647059344 -0.0006871223053158356 40.651292738267045 -0.003258645441823401 0.999977462797616 0.00586984895263822 0.08951364820880293 0.0007062585762208143 -0.005867577235347235 0.9999825362156134 0.5014680406860118
0.9999947760450879 0.0032049245944525896 -0.0004199296109604842 42.079290166150855 -0.00320130201601334 0.9999599251812893 0.008360603855742181 0.09636694045723498 0.00044670788727919696 -0.00835921585881445 0.9999649613672916 0.5197348718990314
0.9999957179660279 0.0028990604496627183 -0.0003993721541603363 43.46738818004798 -0.0028951171884838735 0.999950267016608 0.009543678005837145 0.09795703719745827 0.0004270199916426647 -0.009542480910295595 0.9999543783153326 0.5403808321928252
0.9999967502437783 0.0024856775262862545 -0.0005664884090752821 44.894500131714835 -0.0024806642428135154 0.9999592077565361 0.008684994406155397 0.1054354682585272 0.0005880533961534819 -0.00868356091450043 0.9999621242642379 0.5575612996244155
0.9999980606231004 0.0016231981835871851 -0.001115337480224919 46.293350657200435 -0.0016139556010616736 0.9999647619416174 0.008238326429690471 0.09438121117032999 0.0011286706143941465 -0.008236510347297218 0.9999654424028578 0.583306743501355
0.9999994707905456 0.000769262243568487 -0.0006831209477851567 47.724838608733116 -0.0007639168822196281 0.9999693579223716 0.0077909978383288855 0.10527979779523347 0.0006890933360167952 -0.00779047186763456 0.9999694163815481 0.6054162681552399
0.9999999560934112 -0.00028751502637466646 7.175155121459246e-05 49.12336571787617 0.0002869327749825786 0.9999680620499031 0.007987023835189542 0.10681380827964722 -7.404564898575999e-05 -0.00798700289663487 0.999968100642201 0.6235258381992967
0.9999991772477599 -0.0012815941752851222 5.495610202107218e-05 50.55119934518264 0.0012810642356690374 0.9999608955598884 0.008750212882551976 0.11431720120167431 -6.616817485625539e-05 -0.008750135280997894 0.9999617146442842 0.6431823987503049
0.999997066338391 -0.002418906797739677 0.00012729695796249475 52.00213387329876 0.0024176930437577967 0.9999583623331562 0.008799338630735783 0.1215965614945159 -0.00014857643764366903 -0.0087990050514841 0.9999612769678365 0.657135103511131
0.9999930723590255 -0.0035556484762711764 0.0011011802168153237 53.41281634961622 0.0035452392607416864 0.9999503324855765 0.00931471097613918 0.13190422041249794 -0.001134245361820238 -0.009310742499827952 0.9999560108132562 0.6830089257551267
0.9999888719851198 -0.004335257785901211 0.0018604961320884427 54.86500180551143 0.004320267751902272 0.9999587724461555 0.007986782489190235 0.14550907808215474 -0.0018950441893545412 -0.00797865577071385 0.9999663743644648 0.7028868968651046
0.9999851215858914 -0.004854212350080827 0.0024886199609850633 56.2615081228581 0.004841513309842683 0.9999753574518896 0.005083722832351167 0.1469736794865867 -0.0025132361052051335 -0.005071598507953405 0.9999839811381248 0.7075588224279157
0.9999845719786312 -0.005197225307016137 0.001960778881416967 57.692383466319725 0.0051904698134631454 0.9999806303624307 0.003434810485493642 0.1656604664971623 -0.0019785923858206926 -0.0034245801295692034 0.999992178680967 0.7294681124405914
0.9999846555732055 -0.005139681585883404 0.0020669521845639747 59.14001878875917 0.0051350314804943465 0.9999842870756114 0.0022487893577172874 0.18190774777397015 -0.0020784777679529742 -0.002238140986797199 0.999995335316666 0.7459378924818174
0.9999845597187949 -0.0049408149297266125 0.0025433583778717685 60.54297268966855 0.00493604674143829 0.9999860548650912 0.0018776362579673957 0.18247684013752546 -0.002552599963652029 -0.0018650531309021678 0.9999950028926368 0.7719856481033137
0.9999848286512572 -0.004300690027772748 0.0034418792251841 61.99979125883455 0.0043008301099706145 0.9999907508330025 -3.329884553129455e-05 0.1999814675304581 -0.003441704182655448 4.8101278149450364e-05 0.9999940761617472 0.7855987478237872
0.9999875984200509 -0.0039630430636875815 0.003016172371478557 63.39786178014955 0.003970973584208606 0.9999886626865148 -0.0026279016780221104 0.20649568157406245 -0.0030057236886697172 0.0026398462287019133 0.9999919983864852 0.7978202118446145
0.9999916375377198 -0.003602641078097068 0.0019354151730493704 64.81423694585462 0.003608623422104909 0.9999886948869199 -0.003096439140715447 0.21443725766114452 -0.0019242379341178131 0.003103397431384893 0.9999933330941541 0.8235534451030477
0.9999942461591103 -0.0027976739374652787 0.0019185070269123984 66.27241532319923 0.0028034644576027685 0.9999915033347387 -0.003022225233831246 0.2230978847212898 -0.00191003552523055 0.0030275863106897275 0.9999935927221851 0.8451172705639086
0.9999961444854372 -0.002172924146697184 0.0017289924560982667 67.630696451642 0.002174981331394383 0.999996928067752 -0.001188827686038229 0.23517903533145915 -0.00172640391236533 0.001192583628809908 0.9999977986344867 0.8657305627535717
0.9999946344134809 -0.0015725045841340683 0.002873738607073573 69.10282411076639 0.0015684077784801477 0.9999977514542814 0.001427299345531026 0.2495318730488251 -0.0028759765801047105 -0.0014227844932482461 0.9999948522082485 0.8838203243012807
0.999991538899278 -0.0007268849124789623 0.004048921853711342 70.46126648596085 0.0007080367086533827 0.9999889165994543 0.004654606564356304 0.2642398923570082 -0.004052260341173814 -0.0046517003959584465 0.9999809702537111 0.9011477137889413
0.9999882388839089 0.00011389705971580404 0.004848620558268098 71.91625463168079 -0.00015682276917956635 0.9999607927524372 0.008853720378259298 0.28096738290139456 -0.004847422044482902 -0.00885437662272874 0.9999490499591195 0.9228104057036289
0.999990663941383 0.0005456675767180666 0.004286522712846492 73.27447712883263 -0.0005982857729194493 0.9999243749067902 0.012283587480800405 0.28827508829959636 -0.004279495788752735 -0.012286037366062048 0.9999153660193615 0.9267031278507196
0.9999921816137789 0.00125029464164437 0.003751462997846512 74.67083999562662 -0.0013108282661983804 0.9998682817408437 0.01617717212213551 0.3007301372383522 -0.003730742630049882 -0.01618196316649307 0.9998621033060042 0.9445736875014507
0.999990797315388 0.0020993354312484353 0.0037414001766548745 76.12168103258534 -0.002164732369734464 0.99984343641859 0.01756179331482373 0.3141591099397095 -0.0037039463147016576 -0.017569730829249168 0.999838779674146 0.958338509548961
0.9999888515534822 0.002383802571233853 0.004076058641534875 77.48897744526806 -0.002456793176138124 0.9998350239790023 0.017996916185770297 0.31553906314595115 -0.004032485094520921 -0.018006729581168775 0.999829733881601 0.9779207548557125
0.9999883997127073 0.002448213544790883 0.0041480947985640376 78.90845864753194 -0.002519431204446847 0.9998480088754493 0.0172514235414204 0.31536618749373024 -0.004105229156189831 -0.01726167425942562 0.9998425784568972 1.0052682085756703
0.999993389253229 0.0021527532708582233 0.0029303759476847586 80.27233641065578 -0.002200218433636927 0.9998648565153802 0.016291953361161085 0.31662547153020487 -0.002894907370581034 -0.016298293126360594 0.9998629831894382 1.0159181134858317
0.9999937655752317 0.0019766210990684306 0.0029260518962157074 81.66308863210273 -0.0020231737367087917 0.9998700540179932 0.015993181237217036 0.32338520035977825 -0.002894059208053942 -0.015999001440280478 0.9998678194512582 1.043687258097044
0.9999934788102959 0.0015351020851144092 0.0032689139588722833 83.06097124726128 -0.0015847985250932919 0.999882382683082 0.015254809524783948 0.3278300450718803 -0.003245111788073686 -0.015259890615297814 0.9998782950879033 1.0520880749592496
0.9999961610676192 0.0013352613487543524 0.0024279471070263506 84.42264231483965 -0.0013722248021658893 0.9998822089035158 0.015286769355173707 0.34130901575323697 -0.0024072492842071224 -0.015290042359538441 0.9998802027020673 1.0701763960240607
0.999995913176757 0.000579702838225368 0.00279956682425177 85.83085053080895 -0.0006221337023028042 0.9998845955584194 0.01517921324155099 0.3453265964263049 -0.0027904443088075945 -0.01518089291166272 0.9998808698594869 1.0846483854366011
0.9999940323682646 -0.0006639700256005985 0.0033903350370406184 87.18882651259086 0.0006138436233664859 0.9998908062151811 0.014764783857583908 0.35035354361504456 -0.003399768207442027 -0.014762614611247627 0.9998852468088404 1.1086407939911331
0.9999878275311394 -0.0017239746469992758 0.0046230618608069035 88.57259990268916 0.0016616736609105008 0.9999082140089179 0.0134462782263623 0.35600582832270217 -0.004645818571250922 -0.013438432531832434 0.9998989073405823 1.1278513775521555
0.9999832907631702 -0.0028830052154995758 0.005010636225922105 89.95406233355396 0.002827442151998224 0.9999348283083704 0.011060954153546075 0.35723671199329965 -0.005042198462796197 -0.01104660204937006 0.9999262716909806 1.1460615512648564
0.9999785513667304 -0.003794288942369519 0.0053385557894631095 91.31864817926022 0.00374176095748593 0.999944829173703 0.009815183834813437 0.36728239466538676 -0.005375502900420728 -0.009794997712912517 0.9999375790459981 1.1643693139175897
0.9999806759303308 -0.004098740423252826 0.004674194354285696 92.69423518531602 0.0040574095313132864 0.9999528906219208 0.008817820862318516 0.37870964638352034 -0.004710116114710032 -0.008798685345409552 0.9999501977310562 1.178750859934454
0.9999797203105792 -0.0045826540033082844 0.004422471013111072 94.05265636807516 0.004551571853858171 0.9999650506879862 0.0070128878667892825 0.38616069112556634 -0.004454454089449258 -0.006992616453013621 0.9999656299863041 1.1973670260478317
0.9999820150238403 -0.004586513252625153 0.0038643919370883453 95.4229900241561 0.004560581740712926 0.9999672040676334 0.006692673856255656 0.40531825866434895 -0.0038949612380889532 -0.0066749296133686645 0.9999701368499013 1.207419786785697
0.9999853307063182 -0.004463426676730415 0.00306858183481542 96.77962556591078 0.004443476404836765 0.999969146164668 0.006477826498473471 0.4099777550873879 -0.0030974004608973035 -0.006464096302354832 0.999974310454713 1.2222534469013624
0.9999877002119395 -0.004293207802138429 0.002483503896447636 98.1066545034364 0.004274210712792344 0.9999619491101667 0.007604699506162384 0.42856727593751176 -0.002516057952167246 -0.007593990951010737 0.9999679998649044 1.2399144883137425
0.9999889291745576 -0.00398125285420388 0.0025082173016893494 99.45233602431281 0.003957516240560447 0.9999480020445164 0.00939847181117828 0.44650604320789133 -0.0025455045722411612 -0.009388441451631143 0.9999526876675626 1.252568689326022
0.9999848543512746 -0.003920402495704871 0.0038628373421333586 100.79310794158695 0.0038833378300966045 0.9999467958379998 0.009556420910296064 0.45032165332236185 -0.0039000968394963583 -0.009541275469719668 0.9999468752424069 1.2720085697043293
0.9999792675655723 -0.003835375889790441 0.005172458874241516 102.13250058003042 0.0037850881052890165 0.9999458170948671 0.009697215193758326 0.4704628184934072 -0.0052093710807452785 -0.009677435934320201 0.9999396030194426 1.287538331072817
0.9999842342830466 -0.003627386448281697 0.004286403259598538 103.4809202158957 0.003586530580485121 0.9999484320421047 0.009501055464093737 0.4800436077353748 -0.00432064621837055 -0.00948553235677169 0.999945676870581 1.3058545552063596
0.9999925149707898 -0.0034732910869182997 0.0017047731287400541 104.80753910872411 0.0034569356560603818 0.9999488521692619 0.00950487460442268 0.4897583909280855 -0.0017376991295384354 -0.009498910169144389 0.9999533744666967 1.3194353719593988
0.9999929284455192 -0.0037496682434529213 0.00028817879636252995 106.13741529453733 0.0037471248234698913 0.9999579452527111 0.008370590273878764 0.5071429680760293 -0.00031955361360499405 -0.008369451238872158 0.9999649244705776 1.334136660130318
0.9999933253634644 -0.003320512524080164 0.0015242785499063492 107.493635059254 0.0033096608092975884 0.9999695485153548 0.007067403152825826 0.51062706261276 -0.0015476995340431739 -0.007062311135499453 0.9999738638522397 1.3592536197483658
0.9999904083541239 -0.002845805435002791 0.00332935296697695 108.81744773905181 0.002833494424047558 0.9999891531316774 0.003696610385137576 0.5151912161069929 -0.0033398366878488305 -0.0036871412254922045 0.9999876251636726 1.3672400252351107
0.9999893047899437 -0.0019216434512665604 0.004206850623814844 110.17237894593619 0.0019112715646661751 0.9999951277279703 0.0024681088562611615 0.5297791311210919 -0.004211572952114865 -0.0024600420253444067 0.9999881053525099 1.3928710931515416
0.9999942807911621 -0.0013781285123359046 0.003088550917448821 111.47798574328996 0.00137177423920604 0.9999969403219989 0.0020585388208450837 0.5379115560490706 -0.0030913783985202815 -0.0020542902530466343 0.9999931116118517 1.407596621429559
0.999999622015832 -0.0006225492023121395 0.0006069601993805932 112.81197104751003 0.0006205152450167729 0.9999942112635432 0.0033455044813707506 0.5497032940835775 -0.0006090394269941682 -0.003345126588766189 0.9999942195828341 1.4208322296163645
0.9999988700038163 0.0005429667746818486 -0.00140184812737212 114.17033797194007 -0.00053395050112697 0.9999792227799843 0.00642408788864319 0.5484044398647245 0.0014053070671463182 -0.006423332111938278 0.9999783827246601 1.4478691100608443
0.9999963860948922 0.001938449098756747 -0.00186285057019123 115.47011487098077 -0.0019213627473822126 0.9999564694548136 0.009130583807025694 0.5647850317638371 0.0018804686512421613 -0.009126971598272731 0.9999565801709073 1.4588815148035568
0.9999941448513797 0.0034200351676493 0.00011671507955027873 116.83821600293216 -0.003421025906658711 0.9999448008626447 0.009934375144500332 0.5761624803067716 -8.273272461575899e-05 -0.009934716262568252 0.9999506460661338 1.4804493759058803
0.9999883492686554 0.004205767553460682 0.002369144621121551 118.13902151282082 -0.0042290708797152856 0.9999418666784651 0.009918579690719645 0.5807988716740446 -0.0023272916542358855 -0.009928483412539369 0.9999480031135035 1.493710320680931
0.9999814338403477 0.005144643019833876 0.003265673406953366 119.50247067190014 -0.0051754315040815875 0.9999415705997424 0.009490537143222741 0.5775256613136868 -0.003216657169946406 -0.00950726220942734 0.9999496312724618 1.5152937702376998
0.9999783263601477 0.006149842413915063 0.002350797363015544 120.82803866667408 -0.0061733465175436205 0.9999296805853509 0.01012539763429503 0.5769380693272668 -0.0022883624564918746 -0.010139690466787765 0.9999459735778256 1.5308594699800357
0.9999693777440625 0.007526277997511202 0.0021444611576493604 122.13535368767367 -0.007551398504313232 0.9998999948620874 0.011957284617625054 0.5711715154365498 -0.002054252852387931 -0.011973112139373606 0.9999262095929461 1.547992661284094
0.9999614635203774 0.00863591826180715 0.0015787304900648405 123.5010826474449 -0.008656213857729295 0.9998736059694804 0.013335743220295786 0.5748055140794796 -0.0014633645595441733 -0.013348895136444645 0.9999098287159708 1.5579284614444604
0.9999510366914324 0.009862263359897844 0.0008123922387096307 124.83322873256469 -0.00987279223984253 0.9998507582830825 0.014177063664027802 0.574063322638951 -0.0006724530603724349 -0.014184390087875079 0.9998991703590501 1.5759146262510793
0.9999399416389559 0.010959331618686174 -7.852103578909905e-05 126.15295095941791 -0.010956910905769937 0.9998268398343054 0.015041158544112816 0.5643009207691908 0.00024334848348769858 -0.015039394848789085 0.9998868722931099 1.5934594604311128
0.9999304247247827 0.011792089993817223 -0.00030384748389997043 127.49524716794852 -0.011786413472033437 0.9998244250028191 0.014567073324738104 0.5583426338037976 0.0004755703754706873 -0.014562478544524743 0.9998938483916472 1.615156628649407
0.9999180925667146 0.01279162021056359 0.00042732906759663874 128.82113893468778 -0.012796406368427386 0.9998168763331973 0.0142290471705628 0.5530876338682378 -0.0002452382461668153 -0.01423334998223297 0.9998986706694263 1.6348871797037705
0.9999060027500666 0.013641621555961344 0.0013754365516872938 130.1895313627686 -0.013658879574780552 0.999816461901318 0.013434192193495011 0.5443995975042099 -0.0011919199408640306 -0.013451716338595994 0.9999088111694988 1.6555577678902818
0.9999006385236964 0.013991724778801472 0.001716017954001073 131.51379637817294 -0.014010917110363477 0.9998329807572868 0.011734768499017337 0.5248372839284609 -0.0015515416948007135 -0.011757645500408599 0.9999296727723684 1.6670808287208465
0.999900739848251 0.013957444850012992 0.0019235862806437551 132.85903940269964 -0.01397697330598877 0.9998467332599394 0.01054296953572853 0.5107201792838653 -0.0017761385429949973 -0.010568808953068852 0.9999425711555587 1.6912981585414173
0.9999009443114422 0.013808954284750046 0.0027229297912117778 134.19124675454566 -0.013830292103586375 0.9998725152315019 0.007979743414380482 0.5003143746654553 -0.0026123907471244934 -0.008016611889792073 0.9999644540424388 1.6964880113268037
0.9999097600097522 0.01317948055939905 0.0026025236644543082 135.52783691798479 -0.013196716059705535 0.9998903355732899 0.006720380374141498 0.4796836383146969 -0.002513667137695882 -0.006754118692920543 0.9999740313419158 1.720958976024589
0.9999253494999318 0.01204433545224382 0.0020565531728838015 136.87703654233616 -0.012057002238114243 0.999907703022943 0.00626211884367286 0.4710526501567797 -0.001980940299247774 -0.006286447239577955 0.9999782779923946 1.7410849037906488
0.9999347445903072 0.011026324357296115 0.0029877637598628233 138.20142699757798 -0.011038693298038754 0.9999304371481269 0.004155492152279146 0.4601012711529282 -0.002941736118159736 -0.004188201991728395 0.9999869024905713 1.753403518451784
0.9999448989098428 0.009936519573988936 0.003385959677860059 139.55293982277055 -0.009947400975792947 0.9999453641903748 0.0032121407200767812 0.4403407107156003 -0.0033538571840722505 -0.0032456452262249074 0.9999891086552165 1.773756685167159
0.9999575953353808 0.008616009158454977 0.0032514484870814746 140.91391402357053 -0.008621968042911196 0.9999611681584455 0.0018231407691148666 0.4400814978512524 -0.0032356140297851556 -0.0018510973443907875 0.9999930520960992 1.786098729119173
0.9999679713844986 0.007464417972718272 0.0028876754490915063 142.22834085184806 -0.007467998798838381 0.9999713561001143 0.0012312486502761696 0.43571668095910876 -0.0028784021802510337 -0.0012527743718718136 0.9999950726664917 1.7990028970528689
0.9999771276124725 0.006398563140470692 0.0021914930176245785 143.58753463021384 -0.006399941702323609 0.9999793263331944 0.0006226173926066814 0.4280335180918128 -0.0021874638547291765 -0.0006366285794142429 0.9999974048496006 1.8067836941372695
0.9999844455936747 0.005577496146330918 -1.0365740599607468e-05 144.9374383069148 -0.005577502727532091 0.9999841155443614 -0.0008124790984721335 0.41822260257831134 5.833976904758009e-06 0.0008125242757885723 0.9999996698850785 1.8274789418028952
0.9999891540068061 0.004541502421338945 -0.0010327751493728397 146.23797951905144 -0.0045455086650342804 0.9999820233228981 -0.003910419672984545 0.42673049585317135 0.00101499740309415 0.003915071748989893 0.9999918209632876 1.8636141954083543
0.9999927191415098 0.0034477134301371414 0.0016355231802865427 147.62087157372068 -0.0034256224942819284 0.999905380331582 -0.013322743504287943 0.41650872891079344 -0.00168130142933154 0.013317043818281476 0.9999099107266842 1.867416044979348
0.9999928896923279 0.0019385828232658302 0.00323457283500912 148.94610035326428 -0.0018715069520983212 0.9997857801609921 -0.02061289037482966 0.4053422787890579 -0.0032738397205556505 0.020606690285289293 0.9997822994477199 1.8882065784084976
0.9999994770446905 0.001010814311703597 0.000155450226399981 150.24730889740002 -0.0010070128905531187 0.9997402534514688 -0.02276865287695523 0.376481082539487 -0.00017842472892644283 0.022768484429585494 0.9997407485350369 1.9107988597143268
0.9999941286620949 0.0010502060583636652 -0.003261856614352727 151.64251596856855 -0.001122180143945868 0.9997541951109424 -0.022142494660631538 0.3924200196797355 0.003237800652009634 0.022146025045288353 0.9997495037366266 1.9293892813109466
0.9999820093036872 0.002202329941719048 -0.005579499241716122 152.9657616832084 -0.0023042994000285638 0.9998292313536973 -0.018335712010992055 0.39681571790301046 0.005538165150619021 0.018348238975520733 0.9998163185571947 1.9560751770911418
0.9999801601768754 0.0029463456652560126 -0.005567611682893572 154.32997099354805 -0.0030491687347143407 0.9998232708143857 -0.0185507333561444 0.4006076045192852 0.0055119708506038406 0.01856734190034629 0.9998124184026211 1.9775724102931036
0.9999912212125768 0.003399131911678144 -0.0024501836719799846 155.6635837758032 -0.003452551311176431 0.9997489607466983 -0.022138097825705656 0.4030299490310154 0.0023743182649173097 0.022146362864900206 0.9997519198404338 1.9961052416210026
0.9999926572906773 0.0038102842881489215 0.00040877667924928916 156.9975865129974 -0.0037961300836904894 0.9995325311826185 -0.03033658688869764 0.4007021467835297 -0.0005241766092765366 0.030334812366508666 0.9995396562405972 2.010132039812373
0.9999915609607288 0.0038386359228228654 0.001463858455231286 158.3555210104517 -0.0037897686463189244 0.9994794257585555 -0.032039274944284414 0.38206507613437307 -0.0015860835199687005 0.03203345687870865 0.9994855386544957 2.0380928137980154
0.9999916644519721 0.0037179852842650907 0.0016874868889345989 159.67937085603435 -0.0036593552128853075 0.9994316849735874 -0.03350994166335955 0.37380193937270617 -0.0018111173347596958 0.03350348722568771 0.9994369595916082 2.0604565960782995
0.9999869407252826 0.0048087370657934544 0.0017304411929571677 161.0480956022252 -0.004750151117683437 0.9994636472427707 -0.0324014491116953 0.37439664107480386 -0.0018853231153809313 0.0323928061151033 0.9994734372001789 2.070062249499002
0.9999809123174696 0.006039755098600103 0.0013024434998275634 162.38937604817124 -0.00599752700359542 0.9995229232804558 -0.03029778055787462 0.37572292383613626 -0.0014848133089559645 0.03028939080339708 0.9995400682985133 2.0751974757041713
0.999975796868728 0.0069409667686195315 -0.0004781810004367403 163.73930889633894 -0.006951339611132449 0.9996120143858259 -0.026972200005224385 0.3783839535903435 0.00029078232917477756 0.026974871192056594 0.999636069662259 2.093709013422313
0.9999702266500345 0.007619182422592737 -0.0012222408476007353 165.0862070715785 -0.007647876956760627 0.9996455627610893 -0.02550017313900722 0.37853564076256585 0.0010275171689756327 0.025508761461042154 0.999674070533587 2.1016191999339555
0.999968922546996 0.007883287453258515 -8.78585766445318e-05 166.42937109802884 -0.007883097338668649 0.999674287030806 -0.02427296079589212 0.37446211597480894 -0.0001035207673290284 0.024272899051805442 0.9997053644224742 2.122189129927068
0.9999701869927842 0.007717204427775979 -0.0002643509717118075 167.76656796055772 -0.007721264554337979 0.9996998709218338 -0.02324973446194242 0.3671184556469334 8.484867856403746e-05 0.023251082441228924 0.999729653439375 2.133784328391669
0.9999706465814104 0.007233706965115946 -0.002525759113390419 169.148363252421 -0.007282597873259191 0.9997751268677402 -0.019916311526249123 0.3642077022613594 0.002381122376620409 0.019934121002367678 0.9997984602289056 2.162602796740589
0.9999623135308893 0.0065461611627729835 -0.00570256889327429 170.5637421348023 -0.006633940536359899 0.9998576664530267 -0.015512500380924533 0.36988114818991985 0.005600209898885741 0.015549746272500576 0.99986341219186 2.1884955282181413
0.9999558492908829 0.006366980190029752 -0.006910935697053971 171.9169571941187 -0.006441675366889237 0.9999204926033869 -0.010840354711340724 0.3702096569561654 0.006841365902848536 0.010884394106235006 0.9999173594240294 2.2043316088215663
0.9999596732797027 0.006730580161267521 -0.005945679527444695 173.26833360904985 -0.006770403315077654 0.9999546127477484 -0.00670328900253606 0.37004679964837245 0.005900292645412465 0.006743273329258384 0.9999598566000064 2.234400018678492
0.9999653958598851 0.0074549058146448875 -0.003692080995588886 174.63383080478482 -0.007466376564772976 0.9999673121583142 -0.0031028754195885975 0.37637795898157855 0.0036688286654222016 0.003130334514273528 0.999988370283401 2.264503605847371
0.999970812953618 0.007486195638732561 -0.0015264716632964704 176.05955812065056 -0.007488637161188135 0.999970679627694 -0.0016000619974967931 0.3748039961453624 0.0015144485294316258 0.001611446488836321 0.9999975548399432 2.288521699862361
0.9999781895867461 0.006573052406186144 -0.000644463248967019 177.48941895765483 -0.0065751673652687855 0.999972817235731 -0.0033364597635657583 0.3706083181117357 0.0006225150057973933 0.003340624447722233 0.9999942263350158 2.311796274167272
0.9999865853818284 0.005141135092810811 -0.0006307030590350914 178.8838621932204 -0.00514490567897894 0.9999679760189123 -0.0061299985476722845 0.3683291069775884 0.0005991677107599397 0.006133161223832554 0.9999810124854656 2.3248231948742015
0.9999859704607874 0.0029914458296236663 -0.0043715138619920425 180.22372057936556 -0.0030260382529774667 0.9999639937286818 -0.007928072822318163 0.36163718595518507 0.004347640059696581 0.007941189963279431 0.9999590169241329 2.343656640565976
0.999961615841755 0.0014625018474665513 -0.00863874594444549 181.64149197510739 -0.0015014522295576514 0.9999887295815281 -0.004504037202758316 0.37296506412262015 0.008632061419433531 0.004516834983440454 0.9999525417325482 2.379339397320211
0.9999537693506312 0.0009508291680090188 -0.009568442159408004 183.03602005867833 -0.0009612755691013785 0.9999989469549347 -0.0010872158488529479 0.39541138834427547 0.009567398326866193 0.0010963634958404498 0.9999536303630985 2.401549839540263
0.9999627589231893 0.0006409372017598334 -0.008606391010575035 184.36699497602712 -0.0006224871480325566 0.9999975030151558 0.0021462696019498113 0.4122558048895596 0.008607745144580013 -0.002140832304763683 0.9999606610065062 2.4218729123123506
0.9999843662229786 0.0008909341071990388 -0.005520284960428906 185.8023613044266 -0.0008644913446984887 0.9999881511211757 0.004790644212167395 0.4069381279896709 0.005524487699565411 -0.004785797077735433 0.9999732877342214 2.4528284653134103
0.9999946721251708 0.00132219610522013 -0.0029845466542934556 187.17842067929703 -0.0013078827807039672 0.9999876597552363 0.004792679822166136 0.4148782140421176 0.0029908466868516677 -0.0047887508501905885 0.999984061223673 2.4770526711989875
0.9999956700397703 0.0014517409412469731 -0.0025597558380174366 188.62386602916956 -0.0014418535620076168 0.9999915097291945 0.0038602497111049315 0.4207044931544002 0.0025653381875462237 -0.0038565422033042906 0.9999892730035745 2.4977427400709904
0.9999970362558812 0.0012837944738302535 -0.0020686592766315007 190.03728839266142 -0.001276603295926597 0.9999931513735687 0.0034738292968682976 0.41723540148022914 0.002073104792011251 -0.0034711781440764523 0.999991826546004 2.526912178304948
0.99999810399609 0.0014179701776727773 -0.0013346777889262074 191.39004424232172 -0.0014179617149893996 0.9999989946652329 7.286859566848774e-06 0.41959801021581844 0.0013346867796777781 -5.394323744390479e-06 0.999999109290654 2.5463705042187508
0.9999976241676516 0.0017879933775349249 -0.0012468916288796371 192.84927752459586 -0.0017894809753992217 0.9999976873094188 -0.0011929516555408673 0.4256967302423958 0.001244755755545285 0.0011951801101359985 0.9999985110626982 2.573043766642796
0.9999974053533688 0.0022108882177635514 -0.0005488714044193512 194.22443763511734 -0.0022131691119712383 0.9999887712545449 -0.004190375556851826 0.42340913946846037 0.0005396007893354153 0.004191579429546709 0.9999910697065618 2.592754075018385
0.9999965931078293 0.0024700064886283117 0.0008442989284490766 195.6879312530652 -0.0024621129619128036 0.9999544105351317 -0.009225771030116086 0.4177430193883566 -0.0008670481516197256 0.00922366083957353 0.999957085233271 2.60589643043675
0.9999955731247597 0.0027144491449489984 0.0012188095514290038 197.1043403652 -0.0026982773165688404 0.9999108161291328 -0.013079720466985368 0.41181185869457115 -0.0012542050893131378 0.013076373878528844 0.9999137139852532 2.625471655582273
0.9999907518355363 0.002977671674132197 -0.0031031781772734774 198.5027530523753 -0.003013806043822295 0.9999269473120663 -0.011705426617699806 0.41650122952025254 0.003068096564493333 0.01171467074113505 0.9999266739480939 2.6453120563381605
0.9999645563641738 0.003162599276833597 -0.00780281879932793 199.94486704906976 -0.00319804193791622 0.9999846075613005 -0.0045340013492772505 0.43185278237854086 0.00778835946552949 0.004558794389538803 0.9999592785961584 2.6699879061169707
0.9999502464918734 0.004671712494595019 -0.008813605573742375 201.38488799194505 -0.004626666729675353 0.999976166853577 0.005124419947612063 0.4466691071908597 0.008837335334487034 -0.00508338737406604 0.9999480289880024 2.690066321212956
0.9999694931752289 0.005983328635772134 -0.00502120476699403 202.83061596088788 -0.005925313021921831 0.9999164256558623 0.01149053389519922 0.46355327899657833 0.005089536763594304 -0.011460431145503549 0.999921374475759 2.712175770649586
0.9999726203853876 0.006882507063371661 -0.002718377476400156 204.26443041999778 -0.006846882840238465 0.9998933007092183 0.01290377433918714 0.45439182874940076 0.002806897745484957 -0.012884808626722232 0.9999130477355015 2.735605456423398
0.9999770637071623 0.006408254723632295 -0.00219233460008521 205.73383076278066 -0.006380653664241988 0.9999030898311367 0.012373285940388027 0.44928601945659885 0.002271413308643256 -0.012359013615279057 0.9999210446150428 2.7667553096113076
0.999984473059456 0.0051431195338226265 -0.0021452182786095954 207.16451962420126 -0.005123267891139883 0.9999449312813824 0.009158959044946227 0.4430118486054144 0.002192205765361382 -0.009147826306407404 0.999955754775055 2.7882062053565
0.9999886836101819 0.003950453872590162 -0.0026507670165443757 208.5953156580174 -0.003930270178481432 0.9999635720693757 0.007576774417820093 0.4355473749848275 0.0026806021524280158 -0.0075662704455319914 0.9999677824428373 2.8150372144149167
0.9999883245878537 0.00354062833660336 -0.00328856183754616 210.07955817080943 -0.0035145093836439828 0.9999625039843877 0.007914470864551857 0.4411164023921347 0.0033164607293924113 -0.007902820778405845 0.9999632725815358 2.834104058583148
0.9999886353225067 0.003432391788165641 -0.003308762977799093 211.54579962631144 -0.0034025902988868645 0.999953972710087 0.008970777032805329 0.4446751229780431 0.0033394019058271265 -0.00895941671800791 0.9999542875786794 2.861089310011191
0.9999912201650736 0.003257738219525866 -0.0026356658475913917 212.9818412833399 -0.0032304529090355963 0.999941826022057 0.010291197485071358 0.44864400051267156 0.0026690385477963147 -0.010282592735651647 0.9999435706677968 2.8800957320065126
0.9999924890355384 0.002791367101617485 -0.002688892376540674 214.41129174693916 -0.0027659904556697618 0.9999520356248017 0.00939551736810709 0.45936749080181644 0.0027149897435818676 -0.009388009348060207 0.9999522459153601 2.9088131255047402
0.9999899818238261 0.0025812716263203823 -0.0036569507482194113 215.89648309833467 -0.0025451288157956756 0.9999482117585161 0.009853736360216143 0.45795933606101313 0.003682196531250836 -0.009844330233022077 0.9999447637699637 2.9314909598328227
0.9999886827265478 0.0023027987280776698 -0.004163116241656638 217.37380030831108 -0.0022650382419286013 0.9999564616052 0.009052319910977963 0.4614367507233199 0.004183780657035263 -0.009042787845905209 0.9999503607516663 2.956396295349354
0.9999900059061647 0.0016741821179017465 -0.004145503832432558 218.85544023949154 -0.001637270831847704 0.9999591305685177 0.00889137429632634 0.45801425076107816 0.0041602201878982 -0.008884498122589143 0.9999518779726843 2.979630155788404
0.9999881971239402 0.0015522889523650943 -0.004603912664255626 220.33487030437604 -0.0015020658617725267 0.9999395494816564 0.010892253236538401 0.4651715828717302 0.004620542279714105 -0.010885209296579877 0.9999300789593294 3.0133964426033675
0.9999881188553741 0.0014405597939228189 -0.004656923401818737 221.8235387136207 -0.0013972534559495843 0.9999558776807077 0.009289261250795277 0.47073869522370526 0.004670099663830622 -0.009282643981421606 0.999946009887456 3.0339677439881947
0.9999866860117573 0.0010075461374338117 -0.005060894190165038 223.29730200060132 -0.000953005142202102 0.9999415711755706 0.010767823184389163 0.4744495645573295 0.005071447566724947 -0.010762856763530518 0.9999292181618985 3.0609033323839294
