1.0 8.809142651444726e-20 8.673617379884037e-19 -5.551115123125783e-17 -8.809142651444726e-20 1.0 1.7347234759768075e-18 0.0 -8.673617379884037e-19 -1.7347234759768075e-18 1.0 -5.204170427930421e-18
0.9999993011580781 -0.0003480319849955573 0.0011298482609536818 1.3160940844717768 0.0003481171165631284 0.9999999365833229 -7.515200288644408e-05 -0.058402083065748844 -0.0011298220340017183 7.554526988583102e-05 0.9999993588973364 0.018140396604628333
0.9999976844684006 0.0012037922336848642 0.001783799903291163 2.5652097675998258 -0.0012028053760217308 0.9999991230587825 -0.0005542029350592417 -0.11574037075546209 -0.001784465484192614 0.0005520560876714074 0.9999982554569841 0.031373844761168695
0.9999989369497807 -0.0008530164611415249 0.001182565949757916 3.936912549404803 0.0008546748968605695 0.999998651108332 -0.0014026091177787967 -0.03905507917292596 -0.0011813679059385468 0.0014036183361660066 0.9999983171113026 0.05208233222504405
0.9999993091409954 -0.00030798687803179137 0.0011343992308396446 5.254375236006525 0.0003102313905793962 0.9999979937603322 -0.0019789471430488935 -0.03487107857129823 -0.0011337874652105312 0.0019792977021262956 0.999997398449911 0.06197412561515689
0.9999989544259439 -0.000523204165858035 0.0013481114270627954 6.5706065420529995 0.0005264328652464963 0.9999969916473281 -0.002395738869747737 -0.04121611165970063 -0.0013468539109112215 0.0023964460549865496 0.9999962215082856 0.067656651117972
0.9999973208467721 -0.0003904325899874236 0.002281635744510899 7.90780508093322 0.00039837103409901 0.9999938659204708 -0.003479859472838084 -0.033161320909064984 -0.002280263098229013 0.003480759087352323 0.9999913423207115 0.09745154617876185
0.9999967968743384 -0.00020001825029157606 0.002523139663727451 9.222523793467149 0.00020909686115001664 0.9999935039130036 -0.0035983899589057356 -0.015306092951354891 -0.0025224035295292437 0.0035989060133944464 0.9999903426313381 0.10524078454297958
0.9999979048571829 -0.0007646394154183425 0.0018988438085098679 10.556892590521104 0.0007708865323813653 0.9999942861653195 -0.0032914086144642256 -0.017691526942311995 -0.001896316218071395 0.0032928655116121848 0.9999927804847011 0.11835294662772246
0.9999995258007434 -0.0006264907019596274 -0.0007455921733048484 11.877288131056428 0.0006262237751668789 0.9999997397732335 -0.0003581860533270191 -0.002869443815580402 0.0007458163795137889 0.00035771897592995694 0.9999996578974727 0.13467930905006725
0.9999987561865255 -0.0005228083395649956 -0.001488051357348682 13.212627599322897 0.0005259562500464936 0.9999976232638933 0.00211585363094885 -0.008883546288654278 0.0014869416347197332 -0.0021166336491333813 0.9999966544276887 0.15289977099038898
0.9999984648345198 -0.00038983934940451656 -0.0017083190232578848 14.553604811501616 0.0003995245835568198 0.9999838298209379 0.005672783863027026 0.01744503274074974 0.0017060799250629085 -0.005673457669811413 0.9999824504306853 0.16311525968883347
0.9999995951732398 -1.0908876330966241e-05 -0.0008997412698995929 15.905014814086615 1.6243568778609288e-05 0.9999824211393455 0.005929346375346318 0.03647734410430157 0.0008996607709668524 -0.0059293585899974355 0.999982016496901 0.18600517236183114
0.9999986148543025 0.00016338222724791583 0.0016563803077586073 17.250430436697034 -0.00017098252314508384 0.9999894540575855 0.004589394141800976 0.025889640154994134 -0.0016556130142306592 -0.004589670996905736 0.9999880968620013 0.20930993705207035
0.9999930267628379 0.0002548617991583069 0.003725784637061225 18.613663041906104 -0.000253937587992134 0.9999999368744958 -0.0002485290845069269 0.032484526757190636 -0.003725847742438812 0.0002475812346905654 0.9999930283567643 0.22684584255778134
0.9999983485154582 -0.00013641842938111532 0.0018122793295770338 19.9538977360906 0.00014036029117707688 0.9999976245383181 -0.0021751360209919203 0.02141112279926425 -0.0018119782959372553 0.0021753868008427984 0.9999959922054297 0.25334322252976066
0.9999998111331856 0.00017818705067302936 -0.0005882031690733946 21.302003691523677 -0.00017987989074093991 0.9999958389510208 -0.002879188057217997 0.03028548097422955 0.0005876876875029498 0.0028792933193567067 0.9999956821372596 0.24582591582357535
0.9999984165816033 0.00039635722421801976 -0.0017348588522335632 22.65701108834685 -0.00039791841614138473 0.9999995161515829 -0.0008996430037120815 0.039909285698476085 0.0017345014328211152 0.0009003319114875086 0.9999980904517911 0.2922589820996519
0.9999991520627369 0.0011564120662269522 -0.0005988196224715024 24.022773810737444 -0.0011555262370810055 0.9999982408288915 0.001477531129246403 0.04760899204860573 0.0006005272038714097 -0.0014768379246076564 0.9999987291576035 0.28207797132198936
0.9999921280692052 0.0018434123833924905 0.0035136349279564637 25.41865879823115 -0.0018491642655253985 0.99999695454094 0.0016344725033987364 0.05262305425242608 -0.0035106112204720593 -0.001640956925095183 0.9999924914064249 0.29692521889298723
0.9999875580014536 0.002008167373265549 0.0045663011388459756 26.789277014194525 -0.0020084491301453275 0.9999979814327331 5.7118742635567087e-05 0.04819117496202004 -0.004566177217464603 -6.628921551455106e-05 0.9999895727613156 0.31418902873937843
0.999990794242395 0.0020596965414388887 0.0037641839249827444 28.1557988392951 -0.0020439461974139095 0.9999891609456184 -0.004183333027617757 0.04536273524632575 -0.003772759521357151 0.004175600727448089 0.999984165196709 0.3363593008998722
0.9999973373990129 0.0019349905402867528 0.0012573808069733673 29.51500375464383 -0.0019295376823150953 0.9999887919768181 -0.00432351767389259 0.05413470625658761 -0.001265732680019879 0.004321079998442089 0.9999898630428359 0.3390436529365602
0.999996283662829 0.002638362871881414 -0.0006868055672753229 30.90483676229359 -0.002641284980114105 0.9999873136254531 -0.004289079365518728 0.05384102260602579 0.0006754807064501181 0.004290877475082755 0.9999905660036544 0.37755652205596296
0.999993440786616 0.00308665513913415 -0.0018949785741911116 32.29029236418525 -0.003090481398956292 0.9999931851268531 -0.0020195604903035977 0.06426892005312924 0.0018887319733863247 0.0020254036396103584 0.9999961652084618 0.3708228132821952
0.9999850238675912 0.0036355593015775876 -0.004090812767359824 33.67094747294507 -0.003636357225297657 0.9999933708282763 -0.00018763163785561276 0.06300433626157076 0.004090103502713224 0.00020250448442328897 0.9999916149874812 0.4082166736298981
0.9999847218077987 0.003905610404447376 -0.003911822893234318 35.06185528290026 -0.0039039528571603224 0.9999922865477323 0.00043127384234010167 0.07438097233834642 0.003913477107180961 -0.0004159956810946998 0.9999922557922761 0.4145505387667918
0.9999918756123027 0.00330390288596185 -0.0023093148570354225 36.458501625699554 -0.00330363231722404 0.9999945356750973 0.00012096883536578207 0.06812920467166321 0.0023097019074730177 -0.00011333872537571645 0.9999973262121414 0.4490638517454304
0.9999941773041313 0.003191887070954195 -0.0012071515066255666 37.85855320949132 -0.0031903155571416358 0.999994063936714 0.0013015290934860336 0.08078382317556644 0.001211298674783796 -0.0012976703208465435 0.9999984244023882 0.4598811197569364
0.9999960654893604 0.002686828364348212 -0.0008062004337000731 39.25538238297391 -0.0026840761429524525 0.9999906324425532 0.0033956976310265657 0.07512008385501148 0.0008153165382829889 -0.0033935203672675754 0.9999939096206834 0.4753483440856873
0.9999944329408703 0.0032636479921791623 -0.0006947582675330397 40.651240556561056 -0.0032595208288250547 0.9999775123602523 0.00586091270773055 0.08957578549901368 0.00071387060005033 -0.005858615500638931 0.9999825833549213 0.5012554426143021
0.9999947762917306 0.003204558117887895 -0.00042213329717883535 42.079277841492285 -0.003200917175081482 0.9999599272317119 0.008360505964803516 0.09637252903203798 0.0004489081083881921 -0.008359111078238259 0.9999649612578893 0.5197641866066701
0.9999957283539603 0.0028951146311535204 -0.0004019764982447034 43.46751131663413 -0.0028911467861539833 0.9999502804755069 0.009543471444709442 0.09781184797432682 0.00042958595597592734 -0.00954226850531643 0.9999543792432127 0.5403990400750375
0.9999967490374406 0.0024855031705228667 -0.0005693755696423382 44.8945003527701 -0.002480468283597821 0.9999592590899562 0.00867913805396681 0.10542443534827103 0.0005909243979140145 -0.008677697520371997 0.9999621734716273 0.5574568909922044
0.9999980568661562 0.0016233839213549586 -0.0011184312924418787 46.29332807103169 -0.0016141192823454868 0.9999647866546075 0.008235294150649441 0.09439968997242146 0.001131760952846273 -0.008233472866855553 0.9999654639244779 0.5832797522243992
0.9999994663307215 0.0007697986659650609 -0.0006890198011444205 47.72461072009341 -0.0007644152267842063 0.9999694459611703 0.007779640960307845 0.10533279974223966 0.0006949875060395939 -0.007779110111324916 0.9999695007540192 0.60528180120052
0.9999999555739006 -0.000290911494884847 6.498229620270122e-05 49.12341778045521 0.0002903840174288498 0.9999681578420158 0.00797489681236173 0.10664932304285987 -6.730021617939591e-05 -0.00797487758824794 0.9999681978933798 0.6234043971542803
0.9999991750336475 -0.0012833109809036202 5.518107011535054e-05 50.55088782871073 0.0012827787506355637 0.9999608595676297 0.008754073991234157 0.11408077256446827 -6.641310958500115e-05 -0.008753995984313487 0.9999616808376236 0.6431442718973046
0.9999970671512388 -0.0024187215058639523 0.00012439934793300722 52.00193933237982 0.0024175337825494293 0.999958394569201 0.00879571833316586 0.1215945030708465 -0.00014566856533649547 -0.008795391797028089 0.9999613091834133 0.6571401614812052
0.9999930735379178 -0.0035561808395792446 0.0010983870104929248 53.41272328480157 0.0035458035494406416 0.9999503793831617 0.009309460170147721 0.13189609223471396 -0.0011314386317358427 -0.009305501023964383 0.9999560627834183 0.6829618067513574
0.9999888737174295 -0.004335777145242204 0.0018583535437492697 54.864939900765336 0.004320804595614848 0.999958771835261 0.007986568559962519 0.14547931951308635 -0.00189290490867442 -0.007978450116611843 0.9999663800572215 0.7029359496122386
0.999985128671055 -0.004853578150007486 0.002487009424022233 56.261376597726496 0.00484090073319407 0.9999753876258088 0.005078368114338997 0.14696248793230232 -0.0025115964693331223 -0.005066253226512055 0.9999840123529076 0.7074778800885855
0.9999845737805253 -0.005197181625433344 0.001959975544067964 57.69229053446518 0.005190429483258402 0.9999806316139226 0.003434507067935888 0.16565304106580062 -0.001977787339530822 -0.003424280971625675 0.9999921812979674 0.7294994421282843
0.9999846952739039 -0.005134212625644382 0.002061329345947635 59.13954264825902 0.0051295850352977585 0.9999843257884374 0.002243999734816021 0.18207938637149168 -0.0020728182080058015 -0.002233391626848927 0.9999953576824834 0.7459416957577569
0.9999845677108643 -0.004940097487115486 0.0025416091228891075 60.542848393549924 0.004935330320036647 0.9999860567517995 0.0018785144713723077 0.1824889818348427 -0.0025508537292218145 -0.0018659418010279634 0.9999950056907521 0.7720664117270551
0.9999848387425032 -0.004299846467445031 0.003440000797419367 61.99982369419609 0.004300016290622874 0.9999907540063553 -4.1972628855199316e-05 0.19998016522395912 -0.003439788515333943 5.676405196602437e-05 0.9999940822988965 0.7856951383448253
0.9999876042433181 -0.003962238688426011 0.003015298374116163 63.39776763338076 0.003970171686582681 0.9999886616838852 -0.0026294943337249904 0.20648044195010873 -0.0030048455015299347 0.002641432991384548 0.9999919968356067 0.7978488579156817
0.9999916386343807 -0.0036027097658416613 0.001934720566220194 64.81420826535435 0.003608689866847307 0.9999886947874337 -0.0030963938330811737 0.2144093870046682 -0.0019235432854916034 0.003103349749502734 0.9999933345785665 0.8235643770505999
0.9999942532188663 -0.0027972230624662246 0.0019154822840902442 66.27231209496134 0.0028030030373324116 0.9999915068289532 -0.0030214969687850798 0.22307915335150755 -0.0019070142145673108 0.0030268487075635654 0.9999936007213681 0.8452581000504481
0.9999961496859999 -0.002172627648539061 0.0017263551998518314 67.63063743618218 0.0021746848862594986 0.9999969265049081 -0.0011906831579994357 0.23517034448485807 -0.0017237629827578785 0.0011944328520568362 0.9999978009832529 0.8657924742702461
0.9999946440936962 -0.001571501792636386 0.002870917281572452 69.1026840740095 0.0015674133084756991 0.9999977551536922 0.0014257991081051413 0.24953235768360937 -0.002873151482658719 -0.0014212915577040408 0.9999948624522357 0.8838755483650089
0.9999915460142585 -0.0007254592786596202 0.004047420023662696 70.46091152056715 0.0007066205344053532 0.9999889204387586 0.004653996900138182 0.26420149019738337 -0.004050751465258733 -0.004651097565214664 0.9999809791711068 0.9012299098603748
0.9999882527988226 0.00011467425875040708 0.004845731541502457 71.91606857796386 -0.0001575529950600187 0.9999608316840783 0.008849309280386101 0.28094781315540995 -0.004844526954376388 -0.008849968785287323 0.999949103010292 0.9228465684817141
0.9999906705348562 0.0005461607096517482 0.0042849214377616626 73.2743888220143 -0.0005987535911082759 0.9999243907297044 0.012282276579143653 0.2882592801592723 -0.004277889361085876 -0.0122847276041709 0.9999153889856409 0.9267406157006783
0.9999921861403613 0.0012521090601924584 0.0037496508000512876 74.6708736354548 -0.001312603989203111 0.9998683190836939 0.016174719889876524 0.3007866286086735 -0.0037289045292779196 -0.016179515309483875 0.9998621497763387 0.9446477995296215
0.999990802225137 0.0021012408712853636 0.0037390175083276108 76.12152940648491 -0.0021665815559598228 0.9998434993481082 0.017557982107601074 0.31419980155613575 -0.0037015388000283343 -0.017565921499605557 0.9998388555224195 0.9583811444934032
0.9999888476167487 0.002388624967991075 0.004074200889661461 77.48885805336815 -0.002461557830302984 0.999835117387847 0.017991074761622063 0.3156582280292389 -0.004030555194399733 -0.018000902999363393 0.9998298465819234 0.9779691832985352
0.999988416200552 0.002448401846453404 0.004144006890626998 78.90870472826441 -0.0025195431607828726 0.9998480327945882 0.017250020842100606 0.3152793547307901 -0.004101142154599464 -0.017260262025538216 0.9998426196096251 1.005360637530599
0.9999933927426925 0.0021541979525820606 0.0029281226306741796 80.27219162224611 -0.0022016090622205544 0.999864949983508 0.016286028122726608 0.31663374557077706 -0.002892643859226945 -0.016292367098067268 0.9998630863202449 1.0158903904501677
0.9999937713214465 0.001977344450500108 0.0029235983367340394 81.66303968953274 -0.0020238512311841505 0.999870088665129 0.015990929271964664 0.3233578405920366 -0.0028915989529172286 -0.015996746597699747 0.9998678626467522 1.0437463649116216
0.999993476297144 0.0015368517380203272 0.003268860640748829 83.06085059776683 -0.001586558006371005 0.999882328945786 0.015258148499851005 0.3278843029106749 -0.0032450264784301855 -0.015263235197245352 0.9998782443150105 1.0522183238841019
0.9999961693772803 0.0013395181447177279 0.002422172971856593 84.42256443861135 -0.0013763721721700179 0.9998823346408812 0.01527816981004273 0.34137755254260005 -0.002401422580325381 -0.015281445096612986 0.9998803481443916 1.0701701001989594
0.9999959189401723 0.000582131237134127 0.0027970030788522933 85.83088286516792 -0.0006245179462375393 0.9998846211004124 0.0151774327282062 0.3453435609693765 -0.0027878451060243223 -0.01517911756681363 0.9998809040628577 1.0847369681868886
0.9999940428536951 -0.0006625716769197965 0.003387514707729105 87.18872780135356 0.0006124987369061276 0.9998908578094362 0.0147613452776868 0.3503606871798316 -0.0033969254362475657 -0.014759182493713588 0.9998853071376226 1.108704509054663
0.9999878411924353 -0.0017228757533377295 0.004620515818750327 88.57251589898772 0.0016606268930827706 0.9999082673525812 0.013442440190705873 0.3559801979195037 -0.0046432516208720935 -0.013434603793833863 0.9998989707141857 1.1279266131406391
0.9999833155925968 -0.002881175966958692 0.005006731616983306 89.95396086060966 0.0028256768312607482 0.9999348787459155 0.011056844840933456 0.357224714996667 -0.005038262287967632 -0.011042512958499087 0.9999263366971984 1.1460881127897418
0.9999785722350274 -0.003792574643224942 0.005335864350944347 91.31852794231632 0.003740081107455499 0.999944850122584 0.009813689756273569 0.3672143272407683 -0.005372789229605606 -0.009793522905385045 0.999937608076122 1.1644200848572561
0.99998070530945 -0.004096548647832062 0.004669828475542451 92.69414442872525 0.00405527563110995 0.9999529356211297 0.008813698556263726 0.37866816509717843 -0.00470571443786888 -0.008794591057059152 0.9999502544725755 1.1788461733883955
0.999979677865346 -0.004593442365877403 0.004420875880424456 94.05253247723095 0.004562401042263786 0.9999650482942418 0.007006189165613852 0.38584114204907005 -0.0044529038894081715 -0.0069858769761696506 0.9999656839961187 1.1974689816936974
0.999982023410389 -0.004586954180744878 0.0038616974775472182 95.4229404158604 0.004561059464839948 0.99996723423255 0.006687839551205532 0.405266621434836 -0.0038922477596552603 -0.00667010589482822 0.9999701796027365 1.207507930443536
0.999985328270904 -0.004467311706101255 0.0030637181745452047 96.7801893876852 0.00444741683709577 0.9999691789441439 0.006470057592623607 0.40992330846072295 -0.003092527511538896 -0.006456337033897784 0.9999743756645443 1.222360775328169
0.9999878675399262 -0.004251648084326374 0.002487621658977118 98.10153079740518 0.004232424210857697 0.9999615305704657 0.007682705543697824 0.4295046693291341 -0.0025201901218983055 -0.007672083663442648 0.9999673933554086 1.2402906654646082
0.9999890623064406 -0.0039538435829015745 0.0024984772177514296 99.45332814971559 0.003930059201775817 0.999947588637924 0.009453814673010779 0.44585019569900874 -0.0025357251736361558 -0.009443892106702866 0.9999521903569794 1.253122967718486
0.9999848880268618 -0.003912515259835383 0.003862116291125328 100.79261606680899 0.0038754143751760697 0.9999467201536476 0.009567550228941752 0.44991646624048354 -0.0038993437044327183 -0.009552438343386465 0.999946771603554 1.2722254609868255
0.9999793049073209 -0.0038336031922798263 0.005166550458066134 102.13278060239807 0.0037833019940373643 0.999945692093552 0.00971079242747121 0.470476376639265 -0.005203497198376718 -0.009691044841071639 0.9999395018033815 1.287866799602251
0.9999843161449723 -0.0036185482598440717 0.004274759942172415 103.47997340002384 0.00357765321957899 0.9999481326415183 0.00953584942106103 0.48002575429097705 -0.004309044152994787 -0.009520406253511103 0.9999453955108027 1.3059256545135716
0.9999925685129444 -0.003465002211239469 0.0016901711630037022 104.80805351350737 0.00344874625976351 0.9999486618134844 0.00952784795519207 0.48943167565663054 -0.0017230984069143871 -0.009521948177636554 0.9999531806213641 1.3197410738738145
0.9999929382186916 -0.003747607852130465 0.00028097710680503846 106.13708906822585 0.0037451193553684624 0.9999578072883761 0.00838795112270372 0.50704600825673 -0.00031240000310972917 -0.008386839596026156 0.9999647810437268 1.3344587195720883
0.9999933590616235 -0.003312763146116207 0.001519023695987835 107.49344107742478 0.003301921727472772 0.9999694502327476 0.007084907488607002 0.5104435574976584 -0.0015424479105893719 -0.007079844740826637 0.9999737479818603 1.3594997940783775
0.9999904522710087 -0.0028373017533153615 0.0033234147475356595 108.81751693139859 0.002824958657613117 0.9999891172854785 0.003712804760849143 0.514987982982883 -0.0033339129272194007 -0.003703380802731599 0.9999875849205447 1.3675337927738396
0.9999893570242336 -0.0019089160751906227 0.004200223527115579 110.17225306000651 0.00189849121628007 0.999995111319581 0.002484565966204366 0.5293879387456482 -0.004204945821477826 -0.0024765654355563558 0.9999880924562461 1.3931231816684082
0.9999943121547988 -0.0013714706128680652 0.003081351393271031 111.47764292019231 0.0013650849980255874 0.999996918585082 0.002073490604992197 0.5377547041223592 -0.003084185629779685 -0.0020692725047380105 0.9999931029313663 1.407879857205296
0.9999996554749246 -0.0005986381805221845 0.0005750498767969297 112.81220407995727 0.0005967127667772496 0.9999942354239156 0.0033426116753800376 0.5489699393631193 -0.0005770475768497042 -0.00334226738416348 0.9999942481158712 1.4218119350707386
0.9999988533341051 0.0005578301856904469 -0.0014078906061803606 114.17005792336498 -0.0005487551594100333 0.9999791252426714 0.006438007974265585 0.5476502493402883 0.0014114525319893726 -0.006437228004787384 0.9999782847129053 1.448168977119615
0.9999963495916444 0.0019504547571611787 -0.0018699009668743983 115.46982030225537 -0.0019332739010772693 0.9999563028266454 0.009146304679469325 0.564359662598663 0.0018876587109602095 -0.009142656260985442 0.9999564233410796 1.4592068725579357
0.9999940996558199 0.0034334639258373216 0.00010944869273167833 116.83793130216839 -0.0034343825924404063 0.9999446521866178 0.009944726220105502 0.575608071842089 -7.52977762567973e-05 -0.009945043431483107 0.9999505439977474 1.480785516887396
0.9999882215660618 0.004232132928041116 0.0023760850203760017 118.13420749626773 -0.004255462456610221 0.9999419308309762 0.00990080831547517 0.5803964071464143 -0.0023340455062071924 -0.009910803040056418 0.9999481627637886 1.4940139657725122
0.9999813815662952 0.00516003844193654 0.0032573799350623343 119.50149622185347 -0.0051907565511613175 0.9999414642756369 0.009493369724278238 0.576960293233354 -0.003208203109247517 -0.009510101238840938 0.9999496314351223 1.5158198651302888
0.9999782928334413 0.006162034182573269 0.0023330659333363284 120.82576664933312 -0.006185329842303643 0.9999297315851333 0.010113040434261698 0.5760822057051332 -0.0022705850916457473 -0.010127251691150103 0.9999461401578215 1.5316829794289157
0.9999692815927533 0.007540935787491613 0.0021377928622611114 122.13368165554593 -0.007565982811568121 0.9998998415337487 0.011960886458760861 0.5705002286324123 -0.0020473824674598707 -0.01197669354343015 0.9999261807937617 1.5485886853695456
0.9999613637491134 0.008649942650732953 0.0015650882251221434 123.4983897384553 -0.008670094908404802 0.999873117248234 0.0133633400981401 0.5742528489429294 -0.0014492975169502313 -0.013376393252231222 0.9999094817233554 1.558399130362273
0.9999509288337659 0.009873954613660384 0.0008030845386247933 124.8306477861986 -0.009884347184335276 0.9998507106788362 0.014172368742224373 0.5731663076093197 -0.0006630273209504025 -0.014179611253960032 0.999899244433887 1.576405540993677
0.9999397629503762 0.010975567012331464 -8.602036514431048e-05 126.1508271311974 -0.010973031939066938 0.9998266786757273 0.015040118959903894 0.5636416768048196 0.0002510792894985715 -0.01503826908329762 0.9998868873138445 1.593991213976725
0.999930217416895 0.011809475860591848 -0.0003107675968000187 127.49386448207713 -0.011803694843693468 0.999824164440922 0.014570963868228143 0.557656791163298 0.00048278839887328824 -0.014566278862851155 0.9998937895773989 1.6156345497629971
0.9999179340898346 0.012804253310295359 0.0004197412093444839 128.82010419878915 -0.012808933003273206 0.9998165471676698 0.01424090042926574 0.5524953418287509 -0.00023732011016777156 -0.014245108173839645 0.9998985051355367 1.635404625584646
0.9999058495829355 0.013654012162260152 0.0013637894635628242 130.1882354067419 -0.013671132937224188 0.9998160604236455 0.013451596305041008 0.5437009884206155 -0.0011798703491558164 -0.013468974378693458 0.9999085931399656 1.6560858593423478
0.9999005125646824 0.01400271224117891 0.0016997125569908065 131.5148349751095 -0.014021747211357969 0.9998325603502295 0.011757630230846184 0.5240677986919419 -0.0015347892449548285 -0.0117802934341752 0.9999294320643723 1.6678498926887955
0.9999005837779494 0.013971094169580917 0.001905541450792449 132.86005347978397 -0.013990486365199267 0.9998462127226247 0.010574365015878757 0.5102368845132415 -0.0017575129533404417 -0.01059997320414393 0.9999422741920106 1.6919746210169704
0.9999009397415376 0.01381175594867913 0.0027103692744852676 134.19123837209162 -0.013833044067249296 0.9998723201889215 0.007999388217625218 0.49996159558079484 -0.00259953761724777 -0.008036088453773313 0.9999643312071385 1.6972008936151344
0.9999096210701129 0.01319214576287177 0.002591714026370252 135.52755312898447 -0.013209345102762173 0.9998900690840548 0.0067352022271334805 0.47922366282152806 -0.0025025773473507013 -0.006768828351745613 0.9999739596956339 1.7216512554940457
0.999925140756193 0.012063014569239963 0.002048551490663715 136.87633233208012 -0.01207564975285743 0.9999074175387381 0.006271764828028479 0.46990743016724384 -0.001972705440229333 -0.006296032918758066 0.9999782339644858 1.741766453718055
0.9999346636952741 0.0110372303666012 0.0029745397045045185 138.2019232896678 -0.011049547037017495 0.9999303127826126 0.004156571753670361 0.45908684839306313 -0.0029284553771289357 -0.0041891674950100466 0.999986937427086 1.75396530227754
0.9999448010750925 0.009950627134895178 0.0033733992523464736 139.552785593245 -0.009961483301079257 0.9999452090645878 0.003216787095831673 0.43955141238684137 -0.0033412053716829556 -0.0032502135929624496 0.9999891361701208 1.7743943294412297
0.9999575130838119 0.008629424140117296 0.003241151994016205 140.91460252465544 -0.00863548779071201 0.9999609807860277 0.0018615198259220435 0.43969352382310106 -0.0032249616826899143 -0.0018894296641573858 0.9999930148144484 1.7867623382499103
0.9999679137712876 0.007477077739917449 0.002874845451516507 142.22802203247608 -0.0074806661554727445 0.9999712512343394 0.0012394913069154983 0.4350004961475986 -0.002865495030398552 -0.0012609572953853117 0.9999950994504573 1.7997225820638443
0.9999770642025583 0.006413982939006406 0.0021752911738134157 143.58745535285917 -0.006415366143766541 0.9999792231935873 0.0006294905804280564 0.4273394250549163 -0.002171208436366676 -0.0006434314319089291 0.9999974359216719 1.8075302609357171
0.99998428983605 0.005605357846332486 -6.671220317704374e-06 144.93151344401358 -0.005605361404537443 0.999983964309317 -0.0008068752984597966 0.4174796508143829 2.1482885548453927e-06 0.0008069000169174606 0.9999996744538208 1.8284558523226884
0.999989076936333 0.004555188804047902 -0.0010470257781866844 146.23629400440146 -0.0045592549518096576 0.9999819447437958 -0.003914508998678165 0.4263691028324228 0.0010291755463038832 0.003919239897711017 0.9999917901444587 1.864301285004118
0.9999927034722823 0.0034584709270118583 0.0016223381408095017 147.62018365861798 -0.0034365602447429355 0.999905387570675 -0.01331938289946476 0.41581936349722304 -0.0016682493459803508 0.013313710451460015 0.9999099769769949 1.8681210442369878
0.9999929137660937 0.001950188525071784 0.0032201214751438204 148.94507894482246 -0.0018834510062612625 0.9997860293011839 -0.020599714232956805 0.40451728242067003 -0.003259605789818381 0.020593503317530706 0.9997826176680639 1.8889887578504645
0.9999994634748482 0.00102596827916535 0.00014296540076143383 150.24623299883393 -0.001022451626099526 0.9997408448299137 -0.022741982575023433 0.3755365200699699 -0.0001662609032659882 0.022741824198171293 0.9997413574467405 1.9116648630991975
0.999994072837275 0.0010613441891421372 -0.0032753379719963603 151.64153646862246 -0.001133596049734364 0.9997543055939978 -0.02213692404692436 0.39169544703957343 0.0032510383440761898 0.0221405057479599 0.9997495830231237 1.930163059571353
0.999981915842063 0.0022138379223813156 -0.005591682259461242 152.96431335678082 -0.0023160443816920818 0.9998291539498847 -0.018338452777696374 0.3959380933203684 0.00555012858043665 0.01835107172650125 0.9998162002284368 1.9567662075415706
0.9999800316575372 0.002950421552926069 -0.005588497011786332 154.32858755831128 -0.003053624129479176 0.9998232828702959 -0.018549350666262968 0.3996838073743711 0.005532781024636524 0.018566045435799115 0.9998123275350275 1.978158765101605
0.9999911385512155 0.0034126646234798564 -0.0024650637337115403 155.66231827546466 -0.003466370715396224 0.9997492794957871 -0.022121537508001027 0.40214847492309147 0.0023889523032187693 0.022129886303867488 0.9997522498294619 1.9971909058035608
0.9999926296040996 0.0038194600195604503 0.0003904646423551309 156.99624398157812 -0.003805873703210529 0.9995334896899155 -0.030303767317856688 0.3999294199889123 -0.000506026514286365 0.03030205790797991 0.9995406591148297 2.010942901112906
0.9999915151293567 0.0038533294044495766 0.0014565444704742192 158.35450395524904 -0.0038047177697987755 0.9994799546064009 -0.032021000338509416 0.3812615282675487 -0.001579174463396045 0.032015186903834356 0.9994861349791335 2.0390355636765998
0.9999916405956714 0.0037296533969410654 0.0016758354084905871 159.67820652360015 -0.003671459444532 0.9994326136664193 -0.03348090687924927 0.37291703653933655 -0.0017997567404573387 0.033474474237073386 0.9994379522762914 2.061538256820866
0.9999869030210374 0.004820615367049399 0.001719143355632264 161.04677104630224 -0.004762426669247768 0.9994642368156698 -0.03238145485754047 0.3735119216375851 -0.0018743208408074062 0.032372843464142306 0.9994741046807725 2.070954388938452
0.9999808530628398 0.006051629956509697 0.0012927809499234263 162.387864712 -0.00600972213463699 0.9995235282223672 -0.03027539875501204 0.37472823821571893 -0.0014753804863372338 0.03026704981956459 0.9995407590226826 2.076250142704412
0.9999757123113733 0.006951914266669951 -0.000495656524692511 163.7380049325323 -0.006962746841530068 0.9996126077073034 -0.026947257170729096 0.3773745975229537 0.0003081294896022047 0.026950053815039378 0.999636733846643 2.0946216525571133
0.9999701129487678 0.007631937275324611 -0.0012356142821454415 165.0847735131083 -0.007660954157853459 0.9996458215727361 -0.025486098045026776 0.37750776172844336 0.001040668352549869 0.025494802325081098 0.9996744130284545 2.1024080813419226
0.9999688283510374 0.007895007847777637 -0.00010572292593136071 166.4280384962268 -0.00789525014382732 0.9996748250881984 -0.02424683711427845 0.37351099958022366 -8.574042181276888e-05 0.024246916009329638 0.9997059966373197 2.123152496483724
0.9999700950062814 0.007728619761417533 -0.00027844157768262866 167.7654888394044 -0.007733001715372232 0.999700417578513 -0.023222312068711528 0.36604866244856127 9.888174152049506e-05 0.023223770794812828 0.9997302869736773 2.1348626456438957
0.999970511147871 0.007245924169756122 -0.002544291176671156 169.14728290295523 -0.007295080629692589 0.999775877302062 -0.019874027359810864 0.3632042518429396 0.002399715248071453 0.019892002106836077 0.9997992546601092 2.163752735777464
0.9999621473888722 0.00655690281728041 -0.005719336926617706 170.56330907463504 -0.006644773090259352 0.9998580600507483 -0.015482465634809558 0.3687989944431761 0.00561700810168526 0.0155198832791627 0.9998637819438139 2.1896300564092193
0.9999555721079075 0.00638228340630903 -0.006936877458113542 171.91627001362644 -0.006456933273242344 0.9999209094745374 -0.010792720153834163 0.3690938566682392 0.006867446618083557 0.010837031610899482 0.9999176950743557 2.2055778457295894
0.9999595272360149 0.006742398034543122 -0.005956841333228592 173.26755502717683 -0.006782247025941178 0.9999545884402772 -0.006694937080738542 0.36901068720547914 0.005911430893158068 0.006735066887546473 0.999959846123241 2.2354750479268755
0.9999652323748257 0.007466798331245138 -0.0037122721130555337 174.6331626843791 -0.007478286954168363 0.9999672612334461 -0.0030905801254650683 0.3752333172815422 0.003689073839322038 0.0031182341094470813 0.999988333607071 2.2654905380089128
0.9999707202814327 0.007496479539166453 -0.0015366763977501035 176.05905740591663 -0.007499056029000178 0.9999704741106612 -0.0016778157149776338 0.3737941844887122 0.001524053314835012 0.0016892902114108619 0.9999974117766881 2.2890712026374156
0.9999781221651842 0.0065830510580841385 -0.0006470160420134302 177.4892795167893 -0.0065851815945163475 0.9999727133542268 -0.0033478247195229058 0.3694682740468634 0.0006249594860537467 0.0033520121944979235 0.9999941867030472 2.3127368374342043
0.9999865111012936 0.005154115654583168 -0.0006424229771854928 178.882853314811 -0.005157964487466357 0.9999678423690035 -0.006140816739314786 0.3670737515299078 0.0006107518386964201 0.0061440475013620705 0.9999809386495787 2.3257153043168506
0.9999854451663878 0.003007350697775929 -0.004479430450609113 180.2214640006187 -0.003042960629462474 0.9999636555385847 -0.007964169292424612 0.36027352305834354 0.004455316598043158 0.007977684105769321 0.9999582524837324 2.3447629721161887
0.9999614405220066 0.0014821039224717 -0.008655682359951629 181.6399941976097 -0.0015213034117269207 0.9999886097770776 -0.0045239310380707064 0.37153893785430625 0.008648878833863486 0.004536924516756419 0.999952305468039 2.380365602846148
0.9999535245666884 0.0009658451716856579 -0.009592489236973761 183.03455168130776 -0.0009767362854245004 0.9999988836840443 -0.0011307594324228062 0.3939442770785479 0.009591386390186826 0.0011400762121935096 0.9999533516786393 2.402377725268228
0.9999625431088752 0.0006545365538047503 -0.008630409094043124 184.36561750936949 -0.000636263386677985 0.9999975506445025 0.002119875915857597 0.4110612218218177 0.00863177549137962 -0.0021143052985776265 0.9999605103027673 2.42296679950638
0.9999842487596347 0.0009074247394846948 -0.005538845815809424 185.80081156729895 -0.0008809511246654 0.999988186753598 0.004780196477865237 0.40561667573367444 0.005543118052602632 -0.004775241731390736 0.9999732350961508 2.453977604484279
0.9999945554853389 0.00133709822115767 -0.0030168142180749978 187.17696527301294 -0.0013225666752728937 0.9999875394022638 0.004813715570668784 0.41335294121516236 0.0030232130372932816 -0.00480969942437347 0.9999838633569936 2.478332133419699
0.9999955743176601 0.001464378204003568 -0.002589776354976639 188.62171238724943 -0.0014543358451207693 0.9999914333070246 0.0038753348000512594 0.419308428883145 0.0025954291249721422 -0.0038715512444665845 0.9999891373603109 2.499172904353138
0.9999969599850423 0.0012980321406742665 -0.002096457305892054 190.03520074872193 -0.001290737543343296 0.9999931218600372 0.0034771006903797073 0.4158210968168566 0.0021009562746177515 -0.003474384143788868 0.9999917572848056 2.528172493669528
0.9999980484473098 0.0014316110526381577 -0.0013614666231788676 191.3884988022205 -0.0014316131653033272 0.9999989752411808 -5.772104022174406e-07 0.41825578947180375 0.001361464401663147 2.526302817624858e-06 0.999999073203721 2.547610888905536
0.999997577439671 0.0017998711710790105 -0.0012671142635709946 192.84769781375752 -0.0018013561759318206 0.9999976910047446 -0.001171793969558529 0.4242551240131004 0.0012650022596259192 0.001174073654921239 0.999998510659059 2.5746452548958265
0.999997361071756 0.002225523835817432 -0.0005699940176298142 194.2230867700351 -0.002227890241477791 0.9999887602263433 -0.0041852032271820685 0.42194695774472607 0.0005606733414862366 0.004186462066840644 0.9999910795505963 2.59423494152855
0.9999965848036007 0.002482404391905914 0.0008173429942706077 195.68632159730572 -0.0024747628470833997 0.9999544218105239 -0.009221163182140519 0.41622702979975407 -0.0008401963972385746 0.009219108959981674 0.9999571501319433 2.607284485311559
0.9999956243699318 0.0027110549792134834 0.0011838166622603228 197.10724758395054 -0.002695374139311198 0.9999111789065352 -0.01305255745025118 0.41074303993457206 -0.0012190977152368924 0.013049309508271191 0.9999141109725965 2.6268257873259686
0.9999906342570527 0.0029807665415615913 -0.003137902006472269 198.5028002729769 -0.0030173055685799735 0.9999269440372173 -0.01170480480391072 0.41529913030928206 0.003102783473485062 0.011714163188915465 0.9999265728619778 2.646492911466163
0.9999643009817231 0.003169770708082501 -0.007832580404457619 199.9435504888655 -0.003205523296447185 0.9999844823971968 -0.004556268781160661 0.4305951505686985 0.007818016534265304 0.004581213645795952 0.9999589447067322 2.670959153473912
0.9999499675472607 0.004688443405325089 -0.008836339777713621 201.3844190562327 -0.004643407892498267 0.9999761616751053 0.005110268551408048 0.44491948104066675 0.008860088339064409 -0.0050689821422736335 0.9999479007701677 2.691372708655745
0.9999694756088445 0.00598331373224388 -0.005024719629421299 202.82903298261257 -0.005925292249855698 0.9999165033978047 0.011483777447431618 0.46188293545710835 0.005093011125704507 -0.011453653979838961 0.9999214344378181 2.7139724985379523
0.9999725069845408 0.006894020134873593 -0.002730890227086552 204.26386693731263 -0.0068582640580227665 0.9998933612535722 0.012893034365255036 0.45271728030745584 0.0028194838468897894 -0.012873950730571081 0.9999131521804401 2.7370155213874807
0.9999768810116 0.006430618956594339 -0.002210109080398776 205.73230973398952 -0.006402787107636615 0.9999028972063184 0.012377417972451281 0.44808053531290193 0.0022894889312800658 -0.012362980961142307 0.9999209543469862 2.768617705081577
0.9999844373243654 0.005145075083851797 -0.002157153553626967 207.16439750262063 -0.005125013515609764 0.9999445030113372 0.009204625678137606 0.44138475904046864 0.002204392328333426 -0.009193426988416254 0.9999553097787277 2.7905531964027372
0.999988617114821 0.003957440643393936 -0.0026653900918888114 208.59564310595513 -0.003937121154209501 0.9999634748613115 0.007586041148592281 0.4342058334606446 0.0026953140457099444 -0.007575460833841928 0.9999676733151677 2.8168313239557405
0.9999882049746388 0.003550965783840578 -0.003313691838672189 210.0790628578712 -0.003524631624474109 0.99996242964202 0.007919360854240122 0.4396058949176049 0.003341688721506869 -0.007907587902129658 0.9999631509061014 2.835844820952902
0.9999885255305971 0.003440603764676347 -0.003333324598201283 211.5453355856942 -0.003410515250179683 0.9999537676983503 0.008990597955751654 0.44308933578287796 0.0033641035761062133 -0.008979126439034531 0.9999540279910478 2.8628861060857753
0.9999911068853001 0.003267876851555598 -0.0026659203280067377 212.9830430784445 -0.003240244634265369 0.9999416596336275 0.010304277939609722 0.44714877293126515 0.0026994379085889275 -0.010295548068445903 0.9999433557581889 2.881784825008463
0.9999923797787061 0.0028013732646367914 -0.002718950597559235 214.4113053217778 -0.00277570140481097 0.9999519655046804 0.009400115160880868 0.4579567643593149 0.002745153225435681 -0.009392496534929897 0.999952121425126 2.910722569873553
0.9999898426559806 0.0025968181141158317 -0.0036839001817787157 215.8975843810701 -0.002560476888429821 0.999948351815728 0.00983553044389147 0.4567624915239288 0.003709250998641923 -0.009825997999750412 0.9999448440890817 2.9332727266307312
0.9999886118293637 0.002312886700870278 -0.004174537901508675 217.37478972594678 -0.0022749881847588652 0.9999563647153261 0.00906052394009315 0.45981481519143713 0.0041953117096829185 -0.009050923732897707 0.999950238831533 2.958619762385753
0.9999899330674296 0.0016878047018063992 -0.004157532812431528 218.85601961148637 -0.0016502396963413478 0.9999579362723109 0.00902232758025852 0.4565664758088825 0.004172585858014645 -0.009015375827409225 0.9999506550455118 2.9830006599962684
0.9999880531480876 0.001567933903973742 -0.004629810403274619 220.33541521159358 -0.0015173479906236702 0.9999393383669148 0.010909502344827455 0.46355583984156373 0.004646634930016619 -0.010902346977106125 0.9999297713410766 3.015457448836118
0.9999879769545509 0.0014529510040017153 -0.0046834687705420795 221.82404000635557 -0.001409424077561386 0.9999559124534543 0.009283677781419482 0.46904479467874943 0.0046967510168480055 -0.009276965169687873 0.9999459377622003 3.035967990216732
0.9999865442531014 0.0010227830583487971 -0.005085786817769962 223.29794391109263 -0.0009680415471837135 0.9999417005048266 0.01075446358861321 0.4728686041984609 0.005096489802125988 -0.01074939562633341 0.9999292356388854 3.0627928032275373
