1.0 8.809142651444726e-20 8.673617379884037e-19 -5.551115123125783e-17 -8.809142651444726e-20 1.0 1.7347234759768075e-18 0.0 -8.673617379884037e-19 -1.7347234759768075e-18 1.0 -5.204170427930421e-18
0.9999993011580781 -0.0003480319849955573 0.0011298482609536818 1.3160940844717768 0.0003481171165631284 0.9999999365833229 -7.515200288644408e-05 -0.058402083065748844 -0.0011298220340017183 7.554526988583102e-05 0.9999993588973364 0.018140396604628333
0.9999976844684006 0.0012037922336848642 0.001783799903291163 2.5652097675998258 -0.0012028053760217308 0.9999991230587825 -0.0005542029350592417 -0.11574037075546209 -0.001784465484192614 0.0005520560876714074 0.9999982554569841 0.031373844761168695
0.9999990138070455 0.0005509482478352768 0.0012918362762572501 3.9412870179177237 -0.0005488085455546494 0.9999984780762966 -0.0016560960934996225 -0.08583133714493424 -0.0012927467334219607 0.0016553854894814557 0.9999977942499495 0.050652455542891876
0.9999991302693105 0.000819032241463663 0.0010337537472324557 5.3118522316051155 -0.0008170542355222198 0.9999978375815862 -0.001912394971702863 -0.07946342719658406 -0.001035317824964555 0.0019115486755566025 0.9999976370465394 0.06592480548390378
0.9999986972096203 -6.549988702961358e-05 0.0016128511483569118 6.626319481872717 6.915986839955708e-05 0.9999974227200135 -0.0022693105215623494 -0.04086211195731344 -0.0016126983520051287 0.0022694191096996018 0.9999961244629552 0.07627773746215659
0.9999961281769884 0.0005851134643037521 0.002720528122664197 7.933748535493994 -0.0005756131883137473 0.9999937388785172 -0.0034915431003190232 -0.0497353433167711 -0.0027225540379863175 0.003489963609815517 0.9999902038787742 0.09616420765834024
0.9999942972267105 0.0007847676577129589 0.0032847608407075447 9.274157754120468 -0.0007726884312533028 0.9999929412557155 -0.003677008475838581 -0.06570130856895777 -0.003287623251749709 0.003674449409991811 0.9999878449035707 0.10663331337924406
0.9999973878048091 0.00032590980109550584 0.002262336482458226 10.594109041550684 -0.0003194299078399193 0.9999958476715918 -0.0028640188736600244 -0.03617918197289547 -0.002263260500315629 0.002863288734349601 0.9999933395925852 0.11983349862053247
0.9999998586227047 0.0002850448574197976 -0.00044889196927999604 11.92788416687874 -0.0002851757849790475 0.9999999168129714 -0.0002916313119019754 -0.03296580527810324 0.00044880880393228666 0.00029175928379163954 0.9999998567235787 0.13208791568140751
0.9999993255894222 0.0004360289884147877 -0.0010764290139728327 13.261115901154293 -0.0004328718397434659 0.9999956095244615 0.002931476380793024 -0.03398984338621493 0.001077702496618457 -0.0029310084479667125 0.999995123861515 0.1521315840041995
0.9999988657795288 0.0007827224359849292 -0.0012867731906774536 14.595077520905926 -0.0007757907183217058 0.9999852342886797 0.005378601433062152 -0.020093566337645 0.0012909641425718637 -0.005377597065844388 0.9999847073137569 0.1639399586212324
0.9999995285627469 0.0007451802964540021 -0.0006225597239363199 15.970507591390973 -0.0007414723175139284 0.999982111820487 0.005935171256294753 -0.013387301778737953 0.0006269713601524914 -0.005934706847432621 0.9999821929222283 0.1845229867571683
0.9999973847483155 0.00111610034257207 0.001996200529697331 17.300571656388755 -0.0011241783391427883 0.9999911662061018 0.00405015219740731 -0.002649477913949829 -0.0019916625194182774 -0.0040523856906360236 0.9999898056733494 0.20446941823478423
0.999992464074021 0.0010421446320382152 0.0037397499560589743 18.671747926632413 -0.0010412842228704152 0.9999994309488667 -0.00023201101283171267 -0.015532725605921468 -0.00373998961698162 0.00022811512178716912 0.9999929801959392 0.21551610048854755
0.9999971745704339 0.0011672030932591041 0.002070866506623906 19.99125914377669 -0.0011629855007135104 0.9999972497195255 -0.0020366683848740664 -0.005340746642136883 -0.0020732380167989553 0.0020342542426898787 0.9999957817380041 0.2493584011827972
0.9999991030521209 0.0013008949267526565 -0.0003186963179758233 21.348408049132587 -0.0013018198170426818 0.9999948914805881 -0.002919294074047751 -0.027217689752717503 0.0003148969950588686 0.0029197063407754823 0.9999956880680867 0.2537000994347161
0.9999977629808225 0.0016386218943241098 -0.0013375169673811955 22.69372028790873 -0.0016394130870103416 0.9999984817236276 -0.0005906565583006707 -0.026696013088171086 0.0013365470738923284 0.0005928479798110456 0.9999989310860248 0.2920272954695364
0.9999970236959479 0.002427680654328395 -0.00024282892424417411 24.062534487108266 -0.002427349041846254 0.9999961336370526 0.0013567194164600626 0.0007647094640579705 0.00024612166686011067 -0.001356125947893969 0.9999990501728182 0.27839446902012754
0.9999880236037967 0.002941687849017739 0.003911409154186004 25.474154929424724 -0.002947712749763089 0.9999944766476826 0.0015354685514136328 0.018938925725867323 -0.003906870680914945 -0.0015469798726672377 0.9999911715684076 0.2923682796963867
0.9999841964156962 0.0030595159201365824 0.004716596356335537 26.83597797283817 -0.003059346215414292 0.999995319256516 -4.319482387753398e-05 0.009224254687866676 -0.004716706434409196 2.8764440032101385e-05 0.999988875864636 0.30658963639537967
0.9999878019038755 0.002582077793256139 0.004210572137497812 28.230124717261873 -0.002566788560958953 0.9999901081371795 -0.003632523127973545 -0.0072216416356724565 -0.004219909944398062 0.003621671169709634 0.9999845378094602 0.3330092024410386
0.9999945332374174 0.002994406150370194 0.0014025074282985367 29.578088244066024 -0.002988366346683331 0.999986337363143 -0.004288910540497061 -0.008548649173981484 -0.0014153310064497066 0.004284695888041698 0.9999898190578188 0.32720151595308783
0.9999927338197706 0.0037748909799081706 -0.0005315127008245521 30.975958907591643 -0.0037770000483484433 0.9999847683478741 -0.004024592262979511 -0.009934350872767783 0.0005163122079766631 0.00402657054306349 0.9999917600417344 0.3730030734256787
0.9999900246649144 0.004023163432958309 -0.0019402903534757484 32.34925965577686 -0.004026110069763386 0.9999907443034275 -0.0015171503495666045 -0.008622071523014785 0.0019341686509282978 0.0015249470380138857 0.9999969667594802 0.36533561819897603
0.999983799846256 0.0043966995523538575 -0.0036151179910927384 33.7242261978837 -0.0043969411067637755 0.9999903316747121 -5.8872769844286844e-05 -0.016666113843630776 0.0036148241930752264 7.476727699720097e-05 0.9999934637065921 0.39893806496545897
0.9999821632407246 0.00465033145704627 -0.0037480151734262048 35.10665475384456 -0.004646629062544699 0.9999887084158312 0.0009959313193305267 -0.01326067716558661 0.0037526042631407484 -0.0009784979189116285 0.9999924802232599 0.4104671834875434
0.9999881244821732 0.004384547740060978 -0.002127589185176 36.526616714957804 -0.004382997069215774 0.9999901260077086 0.0007329555091329438 -0.011968099040504844 0.0021307818557979204 -0.0007236215877436073 0.999997468067035 0.4455369256415784
0.9999917351561819 0.004034740452445786 -0.0005004885710899297 37.91112145584637 -0.004034187977337744 0.9999912576115216 0.0011000126775388486 -0.004381494153331893 0.0005049224612726815 -0.001097984521129585 0.9999992697413831 0.44970571597256437
0.999992633500767 0.003831399633733303 -0.00023091350643480044 39.293643318657224 -0.0038304356277647725 0.9999845036671513 0.004039825301023797 0.00022760183446084026 0.00024638811330093455 -0.004038911042331836 0.9999918132117331 0.47265834595828365
0.9999906347811426 0.004295764035809279 -0.0005260811307662553 40.70180957616347 -0.004292488109208883 0.999972319358981 0.006077422286838053 0.011608648260484833 0.0005521737405935523 -0.006075107173449955 0.9999813939154024 0.4951592231693677
0.9999912614854165 0.004171182586600277 -0.00027962230738733514 42.124292485948715 -0.004168946544206162 0.9999626576075537 0.007569892677569898 0.014742922050973549 0.0003111872701405085 -0.007568660797500273 0.9999713088565169 0.5017099992808859
0.9999918177987486 0.00404461291240454 -7.376952747217534e-05 43.52639667179859 -0.004043772470839043 0.9999502789950396 0.009115231316110002 0.023924948339554657 0.00011063344185782676 -0.009114858426268541 0.999958452694966 0.5234373481409152
0.9999938224348647 0.003514968464083296 -9.423636477887889e-06 44.9588211524469 -0.003514768145135256 0.9999591561789882 0.008326606673285254 0.02187413046649575 3.86910114499895e-05 -0.00832652211323287 0.9999653331653571 0.5442601813335548
0.9999955469085198 0.002828963490206086 -0.0009503308379126475 46.34326373787476 -0.0028214176201350446 0.9999652086598291 0.007849909077006013 0.010875641395769802 0.0009725048808094782 -0.007847192840471738 0.9999687374107158 0.567339296156999
0.9999979350777238 0.0019963537865815167 -0.000380015588157113 47.77181533657441 -0.001993384654703045 0.9999686789348546 0.007659475628258015 0.02211901682839721 0.00039529470883782185 -0.0076587022947941855 0.9999705935782577 0.587417658967848
0.9999992155296383 0.0011131285906849568 0.0005743560294579909 49.17684861625199 -0.001116900439153547 0.999977535898102 0.006609102251381641 0.040830499682924244 -0.0005669863463908462 -0.006609738565238338 0.9999779946991744 0.5962865974859733
0.9999996983219535 8.848176591543289e-05 0.0007717039452858557 50.59993413078803 -9.465054469495594e-05 0.9999680162713962 0.007997341778566354 0.045198461604655134 -0.0007709716443931102 -0.007997412408142671 0.9999677229778458 0.6254182853964122
0.9999991169851205 -0.0011260496426749012 0.0007057203282503156 52.04647805650409 0.0011200015881689097 0.9999631396734026 0.00851263125912737 0.049300920545801846 -0.0007152799605560933 -0.008511833334458862 0.9999635178684593 0.6341991065284586
0.99999677498934 -0.002113120516932315 0.0014088053804776066 53.44650785166418 0.0021014154042324922 0.9999636868116675 0.008258880754456785 0.06543182710342604 -0.0014262062326316413 -0.00825589363415021 0.9999649024621232 0.6534531580782589
0.9999919903034515 -0.0030684374301238417 0.0025698289201644925 54.911693821846825 0.0030498852029166405 0.9999694839365851 0.007192315054886384 0.06712340571211123 -0.002591819667825856 -0.007184419763427677 0.9999708328663753 0.6727815943437948
0.9999896081313675 -0.0036291326078989015 0.0027591712140032335 56.320252002473964 0.003611216441712717 0.9999725435423314 0.006470801904794867 0.07007472758758566 -0.0027825788551275412 -0.006460770696618017 0.9999752575423657 0.7021275077800713
0.9999896493005148 -0.003988008167604723 0.002190224346619359 57.73633218708589 0.0039802572726874595 0.999985841555683 0.0035318890434811716 0.08024085395787822 -0.0022042785388023825 -0.003523134829574619 0.9999913643012603 0.7111850281086607
0.9999896914555192 -0.0038060803955122864 0.0024760320511764723 59.18725152119524 0.0037974059828899493 0.9999866694163081 0.003498670816258879 0.09770914777862201 -0.0024893152666281043 -0.003489232251130181 0.9999908142417115 0.7389544378288544
0.9999900208404069 -0.003538464648035129 0.0027271757437405254 60.58712858893037 0.0035342233716278504 0.9999925402319416 0.0015584433348455812 0.10025992769886101 -0.00273266989628834 -0.0015487893346387616 0.9999950668712495 0.7481164633353273
0.9999893065645074 -0.0026782999939320407 0.0037700750361359826 62.039502862197885 0.0026758165277617585 0.9999961997991776 0.0006636212117509864 0.1278059794345992 -0.0037718380857811365 -0.0006535260862677723 0.9999926730437124 0.7684145741096998
0.9999913493707192 -0.0021171464131565067 0.0035803456248815054 63.425231858361066 0.002124054708814559 0.9999958878989562 -0.0019268048090741686 0.12676108180494192 -0.00357625157424814 0.0019343929909837819 0.9999917342400556 0.7779522746079782
0.9999944232633535 -0.0019899146215807723 0.0026821040232976154 64.8411471286152 0.0019982740327572144 0.9999931434985551 -0.003117668482749963 0.11710314292311985 -0.002675881739348438 0.0031230106751567927 0.9999915431948612 0.7943989143924751
0.9999966381983861 -0.0012904640614208242 0.0022490652352258594 66.3230167157485 0.0012968354547139682 0.999995144013146 -0.002833755093589636 0.1295126031683599 -0.0022453974546874983 0.002836662234604195 0.9999934557474051 0.8237693565599578
0.9999966582146482 -0.0005284813241457297 0.002530665332697238 67.6680680767629 0.0005318033441151565 0.9999989976403214 -0.0013122132279862616 0.14222335782117082 -0.0025299693158760605 0.0013135546591380826 0.9999959369064547 0.8429748070262895
0.9999944237648325 -9.309332748833831e-05 0.0033382290024894044 69.13888677207997 8.950771216099156e-05 0.9999994189978306 0.0010742403691597002 0.14819409153257238 -0.0033383270675815995 -0.0010739355817020928 0.9999938510984735 0.8577839890559461
0.9999901572926136 0.0003512438606774689 0.004422888834706622 70.52271688299007 -0.0003675665403582193 0.9999931235249782 0.0036902300194406345 0.15634600821564967 -0.00442156225018321 -0.003691819403533727 0.9999834099907656 0.8665645709085086
0.9999867682571414 0.0011081525461708736 0.005023475746186143 71.96218464840281 -0.00114495718091733 0.9999724827705424 0.007329582168938616 0.17701011295730465 -0.005015215218908482 -0.0073352368504208555 0.999960520179 0.8823863234909379
0.9999867599458945 0.0016660763300043306 0.004868687972598768 73.35537291404353 -0.0017247712135923337 0.9999255906017012 0.012076358064422784 0.19097763329040107 -0.0048482055621324295 -0.012084595545651713 0.9999152251332736 0.8982542091033686
0.9999872777107148 0.002532250280224127 0.004362582404049207 74.74549549325656 -0.002599708604354386 0.9998760646997438 0.015527290675648316 0.20793346783475572 -0.004322722739924537 -0.015538434575977539 0.9998699271000413 0.9109496915139823
0.9999867797413665 0.0029285903119928586 0.0042265472050268815 76.1878991766858 -0.0030014486457530685 0.9998452130140557 0.017336127563688478 0.2053462414708305 -0.004175122575293573 -0.01734858413998312 0.9998407848151721 0.9287220511111134
0.9999825353979908 0.003535428630961419 0.004735994446953167 77.50280989207442 -0.0036187610249304547 0.9998367216245826 0.017704085959217547 0.2186492728565793 -0.004672629629088662 -0.017720915196521254 0.9998320537455014 0.9465883673689334
0.9999830487167177 0.003284823800328431 0.004807516179822225 78.96934447001927 -0.0033641148745128233 0.9998568984690843 0.01657906254570796 0.20617425550108429 -0.004752368917659715 -0.016594954546012196 0.9998510001361635 0.9652680318776431
0.999987386923059 0.0036230164780591623 0.0034784689723838785 80.31619239749294 -0.0036779041210644745 0.9998667477871979 0.015904706559005586 0.220670163156252 -0.0034203824447541727 -0.015917299427086563 0.9998674614982127 0.985852438905617
0.9999894867140228 0.0031310090468901638 0.003350111009138408 81.72991125793506 -0.0031845659946096202 0.9998652743051188 0.01610253949460531 0.2118733713976071 -0.003299242466269258 -0.01611303885360051 0.9998647333404909 1.0069511673386093
0.9999912506338295 0.0023176202521843566 0.003482426188198443 83.14729855876195 -0.002370229602169184 0.999881972525144 0.015179691395416797 0.20378382332831618 -0.0034468344060291515 -0.01518781273237706 0.9998787174837674 1.0217698817961525
0.9999905065193329 0.002822928428821503 0.0033193291933239087 84.51093535529745 -0.002874353391454261 0.9998743177236625 0.015591242709330037 0.23241544551012322 -0.003274899050190155 -0.015600635619292985 0.999872939530061 1.042536729701879
0.9999921615093281 0.0018559017225168336 0.0034975060683617963 85.90191324523175 -0.0019098589089797794 0.9998782349325938 0.015487664350334242 0.23204736832769396 -0.0034683366113540805 -0.015494222693545574 0.9998739419068151 1.0520428009307785
0.9999901401644956 0.0010467296287845844 0.0043155452583185224 87.2644322461741 -0.0011073452282267596 0.9999004347688508 0.01406749215775183 0.23485458066214362 -0.00430039071921313 -0.01407213225304219 0.999891735006103 1.0714694988915334
0.9999863539318031 -0.00019676268205198275 0.00522046306620497 88.68230795163774 0.0001300021212719902 0.9999182536552789 0.012785503761123489 0.23839504439558598 -0.005222552022442982 -0.012784650617994605 0.9999046342821643 1.0872928078823092
0.9999823383475834 -0.0013466027909190992 0.0057887523545963925 90.00952553716829 0.0012879058321365248 0.9999478443690215 0.010131625748840432 0.24382027884842467 -0.005802093714074697 -0.010123991439669763 0.9999319179353475 1.1030701465429482
0.9999811020893447 -0.0024423880640470665 0.005641826364248918 91.35280526576611 0.0023938051931693283 0.9999601372207504 0.008601957111919464 0.23920062563707778 -0.005662610782747592 -0.008588289119652802 0.9999470866646496 1.1191651490648327
0.9999800494060247 -0.0029529003517211076 0.005584010157319318 92.72409279909773 0.0029095695432787517 0.9999657193327115 0.007752068400470806 0.23982781224545693 -0.005606709819231295 -0.007735666676218583 0.9999543610915836 1.1346842892170965
0.9999823248842983 -0.003075757484873623 0.005088185815003807 94.0547792228053 0.003038922045716007 0.9999692356832078 0.007231365012308398 0.24672647829306332 -0.005110271205505957 -0.007215774597049209 0.999960908098497 1.1557294086547847
0.999983625583722 -0.0033812935874699738 0.004616862366334277 95.44284654516365 0.003353412213885061 0.9999761756154515 0.0060334756168770485 0.2559668021372099 -0.004637153324843357 -0.006017894579586604 0.9999711404604988 1.1601093686818271
0.9999875622633382 -0.0028285148010007955 0.004107897594490234 96.76813870244509 0.0028055444834233804 0.9999804581895723 0.00558678432774018 0.26543613923603465 -0.004123619620895198 -0.005575189951353235 0.9999759562200625 1.1750328452762795
0.9999909221675519 -0.0026660433787583206 0.0033238223767086557 98.14556287806472 0.0026442171767996347 0.9999750276749906 0.006553788364287019 0.2764291067780189 -0.0033412120572103815 -0.006544939961873223 0.9999729996669332 1.1933361513206746
0.9999918899004875 -0.002476527276654771 0.0031759952612235875 99.52681064258927 0.0024533796852752956 0.9999705519642947 0.007271597647252054 0.2927197175796721 -0.0031939100443200137 -0.007263746751617103 0.9999685179653193 1.2048154762341852
0.9999860231407584 -0.002529126902754787 0.004642955980881443 100.86806716290079 0.0024907042268107167 0.999962761477606 0.00826269027223742 0.30360901178681216 -0.004663680476317821 -0.00825101055569205 0.9999550844459089 1.2281220671510262
0.9999795045185635 -0.002263197322455494 0.0059890300289817235 102.25521404258795 0.0022104598522216523 0.9999588563700653 0.008797694829485345 0.31933949105927867 -0.0060086945379284155 -0.008784276006061468 0.9999433644387062 1.2409594400245272
0.9999856078614299 -0.0021674462950859786 0.004907774094698772 103.57309958125981 0.0021270815306072013 0.9999639940472742 0.008214994411749497 0.32866251459285695 -0.0049254029448186284 -0.008204436944778345 0.9999542127618896 1.2550945650165226
0.9999952785535235 -0.0017122720916034602 0.002551665131864466 104.93214674432664 0.0016896615995045151 0.9999595250688567 0.008837039535147617 0.3328035601962223 -0.0025666932695623825 -0.008832686360950337 0.9999576969738815 1.2674973737955506
0.9999969593003728 -0.002009369169443286 0.0014296242686090465 106.24835756875044 0.001998111764344235 0.999967327581661 0.007832708252456577 0.3432695908670836 -0.0014453163618026053 -0.007829827886473816 0.9999683019255573 1.2828060564332007
0.9999959475149064 -0.001820344648112968 0.002188903635797504 107.5545125534727 0.0018076105594204985 0.9999815139659136 0.005805537916918439 0.3577204132353284 -0.00219943125152676 -0.005801557704736948 0.999980752029942 1.3052297655208815
0.9999902384744906 -0.0012752621309859268 0.004230444684508388 108.94850840222759 0.0012618326901382272 0.9999941615698903 0.003175626614399515 0.361705192428218 -0.00423446974171626 -0.0031702575020425765 0.9999860092688184 1.31926094573714
0.9999874715468899 -0.0004794748954869334 0.004982655224140903 110.29921827669148 0.00046843870896815025 0.9999974352796703 0.0022158518130411175 0.36658569343934994 -0.004983704890340227 -0.002213489983265149 0.9999851314632933 1.3445846732308213
0.9999924482411033 0.000518762459815884 0.003851538169949565 111.65251788260228 -0.0005235744075647177 0.9999990836154832 0.0012484542577160293 0.37106448668339675 -0.00385088698925792 -0.0012504613965060257 0.9999918034742544 1.3567298577772935
0.9999985048355291 0.0011623151024819653 0.0012803711605421768 112.98973440760933 -0.0011646977431567559 0.9999975887224346 0.001861727284943726 0.3779126859052341 -0.0012782041594719294 -0.0018632157467563216 0.9999974473073457 1.3673957566511743
0.9999970433648474 0.0024008733129277306 -0.0003860944170394269 114.30378405681084 -0.0023985817133547038 0.9999801279902392 0.005830131249730891 0.37308327232091426 0.0004000841510957478 -0.005829187933151555 0.9999829301046654 1.3937062619097116
0.9999920506255234 0.003909442183442247 -0.000784185931437436 115.6362093285527 -0.003903262382810406 0.9999624814999072 0.007733054721045256 0.38309139664925845 0.0008143884402908163 -0.007729932364650121 0.9999697920022915 1.403237136461317
0.9999860715321393 0.005153395510527745 0.001139849302095432 116.95775064233577 -0.005163534952848013 0.9999454539195216 0.009078936747918714 0.3981257250966017 -0.0010929997759065771 -0.00908469594395236 0.9999581359492485 1.4222297600325633
0.9999757951081294 0.00605315113569644 0.003430533368576758 118.31329001922592 -0.006079133760045684 0.9999525283339757 0.007614802112786427 0.39753820032730125 -0.003384276967385283 -0.00763547246854055 0.9999651225065753 1.4372655991116565
0.9999665026948149 0.0070218846362905055 0.004205546867586036 119.64788773928662 -0.007053299191507781 0.99994698308829 0.007502131906475474 0.3989355155887705 -0.004152644797705559 -0.0075315435855944565 0.9999630150122565 1.4563798618516435
0.9999614818899581 0.008030932372634959 0.0035410255103727854 121.00797196085223 -0.008059336202698789 0.9999348668333105 0.008081410212431967 0.39727370661841027 -0.003475893613276404 -0.00810963724687454 0.9999610752160872 1.4692922599183145
0.9999524003812061 0.009262049705380521 0.0030678016753183466 122.36232315114896 -0.009292103354366466 0.9999075062738844 0.009931551358854113 0.39103269155962583 -0.0029755314005731667 -0.009959584951033157 0.9999459749808923 1.482073420512563
0.9999421307941168 0.010391295901759594 0.0027849654223165367 123.63484419161261 -0.01042407657090853 0.9998733421257887 0.012026567833316126 0.3874495080696896 -0.0026596410594778223 -0.012054902558195673 0.999923799913647 1.497516165384702
0.9999310185840183 0.011594748423231556 0.001876134997660477 124.98665094221315 -0.01161970889495363 0.999836005077688 0.013890475711287749 0.38239401291287306 -0.0017147707496958993 -0.013911317669124974 0.9999017625756965 1.5169824177876292
0.9999187072785981 0.012710452352511618 0.0010115509338601847 126.35258148516257 -0.01272338518799203 0.9998208493609455 0.0140137308564068 0.3781861336171478 -0.0008332488555326667 -0.014025461994257265 0.9999012911843811 1.5263584328401576
0.9999057389083357 0.013713586976108237 0.0006714390694363566 127.69346014530811 -0.013721785804706852 0.9998036739136632 0.014294272386911593 0.3671683876485839 -0.00047528150079354604 -0.014302138336283573 0.9998976062310104 1.55183872982219
0.999891294195749 0.014650858481268155 0.0016589566938529782 128.99776907360376 -0.014672604764965359 0.9997949223038409 0.013958080271570028 0.35830455059683297 -0.001454118620107222 -0.013980904163119404 0.999901205048689 1.5716674868019787
0.9998779483622339 0.015401794927975323 0.0026216582398818286 130.38081569635148 -0.015430054340973325 0.9998190709675348 0.011123792188383896 0.3446974707418203 -0.0024498575396861293 -0.01116288684043397 0.9999346919451404 1.5790309100773148
0.9998737675366316 0.015647922020824392 0.0027552728598440744 131.57102771612514 -0.01567366060376607 0.9998312477801262 0.009581874853798342 0.3257398425645628 -0.0026048714709070828 -0.009623850521807824 0.9999502968376749 1.590504290905916
0.9998698315281546 0.015854004902524824 0.002995084040656942 132.94041420047628 -0.01587952904855697 0.9998360649555308 0.008699642029164968 0.3082962605379779 -0.0028566688740409556 -0.00874607013408291 0.9999576719542452 1.6116964465702042
0.9998730820495759 0.015521065202162709 0.0035939292803494624 134.30118942394063 -0.015547337678822652 0.9998517381468291 0.007401487408975505 0.2919579816801838 -0.003478517469066498 -0.0074564240594788694 0.9999661502553286 1.6258067922752215
0.9998821150668764 0.01500818924603525 0.0032419477085139023 135.6689293595765 -0.015027066567935106 0.9998698029904659 0.005879144339914597 0.269366322043493 -0.003153290305758993 -0.005927168241402866 0.9999774624644726 1.6467333115616378
0.9998964184383429 0.013930996848662036 0.003616589688737679 136.96453980651506 -0.013947633991866756 0.9998920698752987 0.004616503711632923 0.2561121326307309 -0.003551886851102986 -0.004666468396246349 0.9999828039383996 1.6553327320475077
0.9999081299092326 0.012775289905107831 0.004530310062431606 138.3513801774515 -0.012782063183950764 0.9999172265640839 0.0014693131566201924 0.23837479927556274 -0.00451116417156476 -0.0015270848801480165 0.9999886586404798 1.66603860098535
0.9999195917170844 0.01186026591551876 0.004488228241999201 139.73551621806146 -0.011863802837668792 0.9999293320879945 0.0007622416193257999 0.22316987718427503 -0.004478870679983655 -0.0008154277837395585 0.9999896373437883 1.688818238916378
0.9999339064326433 0.010603211770877956 0.0044446221994156486 141.07269335874605 -0.010604579665775342 0.9999437294458788 0.00028430965379570004 0.21347523932225754 -0.004441357502593927 -0.0003314242129544236 0.9999900822015813 1.7012901404668697
0.9999469532835531 0.009503645701853138 0.0039713143054978485 142.44272935390813 -0.00950400629680643 0.9999548333246338 7.193757139173875e-05 0.20612880111910395 -0.003970451265242676 -0.00010967715150583627 0.9999921117127238 1.7177341076126285
0.9999577568633975 0.008566758039080061 0.0033309376191110298 143.80073521149035 -0.00856702139593063 0.9999633002990193 6.48035113698882e-05 0.1963485422405144 -0.0033302602186944343 -9.333698771773951e-05 0.9999944503121418 1.7250960823624484
0.9999712984055414 0.0074821523557049565 0.0011915373522043515 145.09293257848623 -0.00748027243849862 0.9999707829018668 -0.0015744417656830556 0.18851858030291618 -0.0012032827521066285 0.0015654835526788624 0.9999980506840325 1.7404001872382584
0.9999780644502918 0.006616877846736652 0.00029588141107140295 146.48643569202625 -0.0066153172308587764 0.9999656361389483 -0.004996410628007382 0.1858999572223114 -0.0003289318822413667 0.0049943436795967374 0.9999874740890643 1.7771236659831064
0.9999805780569554 0.005643930351957849 0.0026437774224988505 147.872180649708 -0.005610319654734819 0.9999054743569384 -0.012552556090197243 0.16932254268017377 -0.002714373270049995 0.012537479858731606 0.999917718503149 1.7901526832877859
0.9999818209286975 0.0041175271625861045 0.0044049724394025075 149.23923452545242 -0.004017492305699436 0.9997391689528367 -0.02248230008395757 0.15256634128802485 -0.0044963949671015194 0.02246419443373918 0.9997375367568945 1.7970563537145758
0.9999954068241819 0.00276751270977597 0.0012358009306005532 150.62867028923398 -0.0027350319388771516 0.9996697101690523 -0.025553672354800334 0.14358931130219885 -0.0013061128711434607 0.025550175027275128 0.9996726877459658 1.8119393560476555
0.9999921576106529 0.00333407514039111 -0.002137442431876244 151.98254586460646 -0.003384058971680323 0.9997104374629495 -0.023824134244800284 0.13775802478006885 0.002057392054895942 0.023831180637901718 0.9997138800513555 1.8375483376121715
0.9999809795965041 0.00411177133100022 -0.00459714930554954 153.44139674278992 -0.004199823403724182 0.9998047058015154 -0.01931092282939003 0.14740765480505486 0.004516849410095555 0.019329862743089798 0.9998029578260608 1.858065729405878
0.9999780835776789 0.004968559521073784 -0.004375589171536258 154.7887455161029 -0.005052296154451346 0.9998002232040858 -0.019338768953272446 0.14897596448350298 0.004278629205742703 0.01936045188898971 0.9998034137943188 1.8882332257759453
0.9999830868244117 0.005603510476538121 -0.0015577982733289563 156.08576740314186 -0.005638844318448055 0.999703516994516 -0.023687159887751694 0.14119375037127616 0.0014246051640244917 0.023695543444600172 0.9997182061566108 1.898212924930843
0.9999810774067616 0.005962547458579583 0.0015142180214695168 157.36435147358702 -0.005912727332819057 0.9995015072481399 -0.03101252431170904 0.12897239942868433 -0.0016983768427799965 0.031002984316042804 0.9995178490050086 1.9083066112173737
0.999977697836262 0.006137682121141566 0.0026329998612468503 158.73831696855265 -0.006048452967872973 0.9994484070858997 -0.03265421550356831 0.1124882869331474 -0.0028319687118567136 0.032637561668082245 0.9994632407055185 1.9332383229508334
0.9999772426447078 0.0060793157938658325 0.0029250832749916984 160.09664643786323 -0.0059762345580826595 0.9994024329829998 -0.03404499329075032 0.10331734661206268 -0.0031303056071190997 0.03402673753298881 0.9994160206438893 1.962214917587141
0.9999691009699433 0.0071061819161456945 0.0033614407533158626 161.4419805310705 -0.006989764701565658 0.9994155532955801 -0.03346184424544292 0.09947994352960528 -0.0035972621228033347 0.033437314626987895 0.9994343428638799 1.959822663092007
0.9999611041793961 0.008332444833631108 0.0028914514378718336 162.82272896955982 -0.008240261568421808 0.9994992952545337 -0.030549253263777384 0.10282113632037036 -0.003144553641944656 0.030524238709342396 0.9995290804341852 1.9758057488267142
0.999958561560104 0.00907482106919256 0.0007230388715711465 164.215814508083 -0.009051564465250413 0.9995824001511631 -0.027442567095144636 0.09841644366844182 -0.0009717733167154243 0.02743488528502057 0.9996231203438717 1.9854224633685102
0.9999516196519338 0.009836479656646809 -4.498264796008093e-05 165.57057685997228 -0.009834610633115776 0.9996491508846106 -0.024593811607235828 0.0955597380103351 -0.00019694966171614306 0.02459306413689793 0.9996975254581704 1.996257377314693
0.9999470828506577 0.010239156137034564 0.0009955802637044246 166.89635351132486 -0.010214022418671594 0.9996919555370462 -0.022620074724620045 0.08931194222601169 -0.0012268840576535381 0.022608708855614647 0.9997436376588706 2.0158205259935933
0.9999503262564817 0.00989100791035613 0.001230033362635765 168.29998278995652 -0.009860003172068645 0.9996851610564831 -0.023072908375846943 0.07842180774060317 -0.0014578604194918066 0.02305963412525672 0.9997330283215647 2.024248077607051
0.9999537035755252 0.009541019880585424 -0.0012488575694919015 169.65298849268092 -0.00956311557406215 0.9997722606592239 -0.019078093113885045 0.07815698889248889 0.001066548689809065 0.01908915283566067 0.9998172166540787 2.0525533586138978
0.9999520509947907 0.009116326899125018 -0.0035760725915191757 171.00837811111555 -0.009168792612039995 0.9998463519312012 -0.01494007268743725 0.07460582313631624 0.0034393245483562373 0.014972144593771372 0.9998819960039855 2.075768209809852
0.9999459667495764 0.00903419339391129 -0.005142657968095883 172.3905572742073 -0.00907650546505699 0.9999246533598418 -0.00826466283299041 0.06573537725463549 0.005067605923727798 0.00831089362954623 0.9999526230863541 2.1088671775144214
0.999949122463651 0.009164933541898028 -0.004213843536146948 173.7315721075403 -0.00918669386039642 0.9999444157412585 -0.005173981425247575 0.07342106705624173 0.004166190116868129 0.005212429476361735 0.9999777364715997 2.123093302060552
0.9999503685348147 0.00970492752756435 -0.002252742500408386 175.12802412576116 -0.009706707894515033 0.999952584019263 -0.0007807272567258562 0.0753670744348039 0.0022450587829680626 0.0008025552215012185 0.9999971578040497 2.150134552582786
0.9999520201030578 0.00979536038398677 -9.168839332255551e-05 176.52279630095666 -0.00979548086397914 0.999951012625977 -0.001421584653378832 0.07231555566863482 7.775896775274767e-05 0.0014224145777959087 0.9999989853446412 2.1692339453253164
0.9999578074132577 0.009160987141284813 0.0006780176011593935 177.92084773943276 -0.009158662237780845 0.99995242653662 -0.0033561241842331403 0.0611576702283207 -0.0007087307560101885 0.0033497728464720895 0.9999941383441168 2.1886004839892905
0.9999719573327495 0.007444445906636293 0.0008153362822196176 179.30618075547488 -0.007439190321401896 0.9999526737764133 -0.0062696614552970546 0.057017183371503556 -0.0008619718509893083 0.006263420195487714 0.9999800130862531 2.1995978502290257
0.9999819632432666 0.005348261263384164 -0.0027330001099055957 180.68725234418525 -0.005368367304082385 0.9999581860322069 -0.007403162815100235 0.04721365734174414 0.0026932917834164944 0.007417701034485553 0.9999688614605619 2.2196175986158537
0.9999672154149292 0.004004866913842967 -0.0070376939628689844 182.10269994968277 -0.004034182134088446 0.9999832255017257 -0.004156210975579831 0.05024194545520977 0.007020930837260701 0.004184466055177719 0.9999665978291532 2.251364821012449
0.9999597893362939 0.0033184040035452705 -0.008331140701251221 183.4578998483437 -0.0033243228668510356 0.9999942317244979 -0.0006967030990802652 0.06146645702953617 0.008328780702583138 0.0007243704857263678 0.9999650527390483 2.265108970028704
0.9999707186558688 0.0031081590926532896 -0.006992937717448362 184.83962007496663 -0.0030851463718155367 0.9999897984057339 0.0032992357181757374 0.06940476539206288 0.007003120927831296 -0.0032775648756919857 0.9999701064860669 2.2964828824822363
0.9999867452424553 0.003213638212880127 -0.00402266936715649 186.26258239892866 -0.003195592770095522 0.9999848392575459 0.004484355238831985 0.07653120404782658 0.004037019475857875 -0.00447144098664438 0.9999818541799919 2.313558156749909
0.9999923301937864 0.003519849565339185 -0.0017176183041313273 187.64463094298094 -0.003512586290758253 0.9999849537919433 0.00421354094259214 0.08109442701092386 0.0017324234907442834 -0.00420747534304179 0.9999896478764599 2.335291165782962
0.9999924026930629 0.003826206235051496 -0.0007447831914153812 189.03236965992673 -0.0038227115643939148 0.9999819359364314 0.0046383916525381385 0.08692125636342492 0.0007625171806660189 -0.004635509321934269 0.9999889652495549 2.361910193772232
0.9999930510130953 0.0037242736724845695 -0.00016646661309306665 190.45542858867015 -0.003723800204537843 0.9999892595184621 0.0027593766967821593 0.08438915570363191 0.00017674149914577526 -0.002758737633501744 0.9999961790572561 2.378619653490469
0.9999930599799367 0.0037103637936751438 0.0003364409032597116 191.8470604048189 -0.0037102249895205855 0.9999930321134641 -0.00041225604603942195 0.07630537414475197 -0.00033796817888462 0.00041100491352742013 0.9999998584262255 2.3965828802016014
0.9999911819272918 0.0041818127749859695 0.0003853693982654546 193.25767861781114 -0.004180816374669109 0.9999880062879614 -0.0025510889184107697 0.0769553160904505 -0.0003960329524849986 0.0025494552640326373 0.99999667171234 2.418134434184589
0.9999889030875222 0.004525941050362496 0.0013075012132935829 194.69118686452623 -0.004519707873113469 0.999978592344116 -0.00473150020838489 0.06928375805255699 -0.0013288877137804687 0.00472553817981336 0.9999879516005956 2.439593704173194
0.9999854946881025 0.004759133617457858 0.0025221143119073483 196.07781814358202 -0.004739380762567396 0.9999584977893524 -0.007780807724727002 0.06128337099614282 -0.002559039542201622 0.00776874160163329 0.9999665484257704 2.4612509999451597
0.9999823928959561 0.00514652963245292 0.0029541717654365694 197.49619628965135 -0.005107335647833085 0.9999008199524723 -0.013124990703001407 0.053386672459489325 -0.0030214269241191347 0.013109671663157088 0.9999094996489564 2.4723803768758135
0.9999843321515421 0.005504332870715597 -0.0010187104998572259 198.94091896486887 -0.00551381138146256 0.999939214403759 -0.009548056432746218 0.050542996061137206 0.0009660928960578827 0.009553523812793492 0.9999538973609106 2.499436248759292
0.9999617123611259 0.005808275008879918 -0.006545055632033199 200.32660824416962 -0.00583361633831693 0.9999755366318058 -0.0038594116584441834 0.05688677788774466 0.006522478993642699 0.00389744523415456 0.9999711331775655 2.5021468111429086
0.9999503596162064 0.007227563515715602 -0.006858617138013631 201.7939013206355 -0.007194945868397376 0.9999627462219276 0.004768534602116775 0.07317677311856735 0.006892826515326575 -0.004718950511188923 0.9999651096156819 2.5258010438140186
0.9999603051697891 0.008335479916634234 -0.0031476752217600825 203.2264273227027 -0.008295108063825071 0.9998858526348816 0.012628257315450909 0.09073909305954 0.0032525785081623008 -0.012601645732806588 0.9999153060424033 2.547571130317078
0.9999591231384695 0.009014363482102028 -0.0007023554341617437 204.6645485638794 -0.009003597142372794 0.9998605685435767 0.014063381891038925 0.08774561230773129 0.000829029939874068 -0.014056483298744767 0.9999008590788544 2.573489721686439
0.9999631574215568 0.008574186308671173 -0.00040881371656617093 206.08939973379614 -0.008568399993123976 0.9998849860340475 0.012513881302397487 0.0810312475115261 0.0005160630470106456 -0.01250991737929776 0.9999216147509237 2.589991865291966
0.9999726416937115 0.007386556113243465 -0.00039325931151725364 207.54596977523914 -0.007382639260324313 0.9999306862674185 0.009171657337763586 0.07243113783724071 0.00046097901482333183 -0.009168503125120272 0.9999578621365965 2.6088833568235112
0.9999794451259735 0.00635888797142492 -0.0008208954361474955 208.937158149467 -0.0063524433388047665 0.9999507278956464 0.007628121957201574 0.061249197871118925 0.0008693613618601137 -0.0076227504703704745 0.9999705685099383 2.6338026796242304
0.9999807075282704 0.0059785688606073225 -0.0016856113546256735 210.4188749806351 -0.005966075229874625 0.9999553960624883 0.007322010097208972 0.06187828546951383 0.0017293113112863687 -0.00731181235338614 0.9999717730428682 2.6490478008913474
0.9999820950243995 0.005843739164953145 -0.0012885430473720944 211.84889117616908 -0.005834660419686949 0.9999588929914579 0.006940393726941948 0.056178091313699836 0.0013290479298643648 -0.006932751248244044 0.9999750849854862 2.6623882539160943
0.9999835618995656 0.00572858039986389 -0.00024351028694188606 213.32604390766514 -0.005726083322749391 0.9999408313262121 0.00924909814115308 0.06182391520818984 0.0002964800810889811 -0.00924755174335593 0.999957196527089 2.6910317375945096
0.999984498429264 0.005533924537405674 -0.0006152888651613403 214.82368945313917 -0.005528631911147065 0.9999503181387293 0.008294304277332847 0.06246372022686324 0.0006611583504263412 -0.00829077399693388 0.9999654123699316 2.711543321820639
0.9999852555358707 0.005072588170723161 -0.0019384427021828696 216.3001446762731 -0.005054208132811463 0.9999433091496778 0.009371951074449398 0.05731736150304871 0.0019858728583746306 -0.009362015597182596 0.9999542034378117 2.7382295957837917
0.9999863712094449 0.004791127075588556 -0.002074246058659903 217.74955226222383 -0.0047734407579114405 0.999952911343804 0.00844922235363947 0.055247618043510714 0.002114629683186571 -0.008439205910279315 0.9999621533562693 2.7591951732568063
0.999988421001508 0.004332480949237627 -0.0020946292596577833 219.21512848299218 -0.004317023626678764 0.999963827190363 0.0073285481378225865 0.048023598412622076 0.0021263042862250015 -0.0073194207165716745 0.9999709520333359 2.770930556946311
0.9999879181712554 0.00415940293349609 -0.002619709670041085 220.68643548188564 -0.004138093313102615 0.9999587301512569 0.008087903190415363 0.051916932815547594 0.0026532424032752982 -0.008076964870686246 0.9999638608185933 2.7966701479307603
0.9999869713400327 0.004251455026414904 -0.00282529296656622 222.16806111910228 -0.004228108431209098 0.9999572875402899 0.008218649168817172 0.04759485517868062 0.002860113508673324 -0.008206596445819189 0.9999622350496508 2.8244983101218053
0.9999889863743551 0.003716630451121095 -0.002865970704631076 223.62314125112454 -0.0036893325263117898 0.999948333494632 0.00947202020788655 0.05422442926125381 0.002901026628678546 -0.009461342367661824 0.9999510323236341 2.8474220536640047
