1.0 -6.776263578034403e-21 8.673617379884035e-19 -8.673617379884035e-19 0.0 1.0 -1.828002979293187e-19 0.0 0.0 1.0683203047244863e-19 1.0000000000000002 5.551115123125783e-17
0.999999819749588 -0.0005459977342086595 -0.00024977416748923377 0.0011650579953010227 0.0005462833740133502 0.9999991955712219 0.0011447411286054133 -0.017402066001189084 0.0002491489611721664 -0.0011448773530533913 0.9999993135897172 1.3169874202414338
0.9999987105214039 -0.0015984338832256292 -0.00015480419566102268 0.002852749262612881 0.0015987054229925973 0.9999971571998828 0.0017691056174087845 -0.03264559307758677 0.00015197596937834706 -0.0017693507965563333 0.9999984231486635 2.623411598014181
0.9999960998408224 -0.0026859875364161575 -0.0007653581169569448 0.017500881322434082 0.002686898064184758 0.999995681284565 0.0011907949412497424 -0.053536349006824135 0.0007621564140920488 -0.0011928467184049339 0.9999989981163867 3.9409395607726063
0.999995372227306 -0.003041139159189749 -8.363998722284421e-05 0.01675744635639095 0.003041243349769045 0.9999945671841295 0.0012713940984192059 -0.07047779623213117 7.977305203687307e-05 -0.001271642565242517 0.9999991882799429 5.254096494249443
0.9999936827877686 -0.0035316898394980875 -0.00040193288268073994 0.02269574846190114 0.0035324115287442624 0.9999921259376422 0.001808351202775117 -0.08231920433214618 0.00039554321413132025 -0.0018097595444875791 0.9999982841559185 6.5760694367610135
0.9999877603900609 -0.004935221478325404 -0.00035022349514014523 0.02848655273344037 0.004936356739043234 0.9999823153359038 0.0033168362212204305 -0.10790225680690047 0.00033384800639232187 -0.003318524403525831 0.9999944379539805 7.916420840559898
0.9999868466243297 -0.00512865329095138 -5.90859404342222e-05 0.023938019901070043 0.005128852501608581 0.9999784900999967 0.004088302227383729 -0.1181843556570439 3.8117186188709254e-05 -0.004088551435268477 0.9999916411106089 9.23669513554328
0.9999916044593021 -0.004036681082254434 -0.0007044251846924296 0.03233381347085494 0.00403859622827227 0.9999880957786087 0.0027382558770039666 -0.13909295498907295 0.0006933633899876635 -0.002741077736274956 0.9999960028611578 10.570558849795047
0.9999989576679469 -0.001370869312949448 -0.0004531886699523065 0.029167053348168395 0.0013711103574327967 0.9999989186723388 0.0005317058485017955 -0.15382689739907562 0.0004524593180785033 -0.0005323266579912796 0.9999997559543216 11.890162783554441
0.9999980989881043 0.0018093078282725896 -0.0007269282701361538 0.042365099350921115 -0.0018094409563561978 0.9999983463480051 -0.0001822769151384713 -0.1773500153115467 0.0007265973344997038 0.00018359189940235162 0.9999997191753532 13.236003505354
0.9999890884701687 0.004639416897474993 -0.0005465794501233042 0.03164271790422295 -0.004639502802307782 0.9999892254110041 -0.00015516976314963404 -0.19065527540954738 0.0005458537111098392 0.00015770392371992908 0.999999838586761 14.57276019518379
0.999985818214724 0.005325726217905021 -2.6246967585446396e-06 0.021381802700024946 -0.005325722047963268 0.9999853920518185 0.0009232394600519161 -0.2102208201037532 7.541581554955899e-06 -0.0009232123761204524 0.9999995738105908 15.9187267165796
0.999994281934563 0.003380247434611933 0.00010012178331388413 0.04317482815827556 -0.0033805690943165393 0.9999884890279884 0.0034049328693379587 -0.2284228264692026 -8.861112142841219e-05 -0.0034052518196516324 0.9999941981859075 17.272921718572317
0.9999991134670283 -0.001278657766304122 0.00037161733910389023 0.04607917565759144 0.0012765181780524353 0.9999829278598884 0.005702148263478099 -0.2473511523156287 -0.0003789021231522336 -0.005701668749222314 0.9999836735677087 18.62575636718183
0.9999943692589702 -0.003354922443988834 -7.710133460557024e-05 0.062196545037270845 0.0033552061445155036 0.9999862579028548 0.004028225589344816 -0.2693093451940376 6.35858947585239e-05 -0.004028461539324899 0.9999918836927467 19.969167267984794
0.999991658472987 -0.004084311842386862 3.714293969562035e-05 0.05865544778482587 0.004084239403434653 0.9999900648486068 0.0017858318892376235 -0.2796465417306389 -4.4436470189255714e-05 -0.0017856652653577946 0.9999984047105372 21.33018695836994
0.9999979230422187 -0.001979672486092147 0.00048456978956477534 0.06257494314054729 0.001979189443219666 0.9999975456857227 0.00099570718061112 -0.3132508607810863 -0.00048653981584248756 -0.0009947460423655905 0.9999993868790241 22.678348164629156
0.9999992906199091 0.0005498837451009714 0.0010565925573572622 0.06545320953288655 -0.0005522611983436794 0.9999973137974306 0.0022510902260495518 -0.30853993609017427 -0.0010553519693981559 -0.0022516721117387273 0.9999969080966807 24.05039934198752
0.9999975975546204 0.0006434077520396983 0.0020954502756645507 0.06712308134113465 -0.0006585933431040302 0.9999734703755923 0.007254295678898122 -0.32089651588346135 -0.0020907273889430545 -0.00725565819549375 0.9999714917320074 25.43024375289649
0.9999968353134479 -0.0011769165647972574 0.0022235626368931893 0.0894809919726203 0.001158943210520663 0.9999667875633862 0.008067256512941452 -0.3270148435683362 -0.0022329834622101035 -0.008064653882754576 0.9999649869547672 26.790055731739884
0.9999853396484002 -0.004934627617351906 0.0022293354626753015 0.08614982531980982 0.004918334645565465 0.9999615797694873 0.007255961519019316 -0.3588324579914989 -0.0022650554706505396 -0.007244890420341278 0.999971190125055 28.16547355633787
0.9999855638521131 -0.0050164079823190435 0.0019255483085577462 0.09485269153437452 0.005007588123640958 0.999977071778208 0.004558506893157273 -0.3590512898602306 -0.0019483716544887219 -0.00454879866617872 0.999987756062342 29.53985291895468
0.9999845974032987 -0.004869507661211143 0.0026632403956615347 0.09689551424190891 0.0048624586279154254 0.9999846746466448 0.0026470686154125085 -0.39015896723834864 -0.0026760897273206633 -0.0026340779083441923 0.9999929500626091 30.92530071531584
0.999992778742337 -0.0024410423980563713 0.002912692057430103 0.10793025897261505 0.0024362071946236953 0.9999956504463795 0.0016625235755603506 -0.3907505725555252 -0.0029167379242000333 -0.0016554156242536513 0.9999943761028603 32.30125438349712
0.9999937941284481 -0.00041484291286662605 0.003498515437087194 0.11152619563391983 0.0004142247048558071 0.9999998984664394 0.0001774405492693842 -0.42298485680197767 -0.0034985889849762776 -0.00017599027394307962 0.9999938644322168 33.68293508603746
0.9999929059733649 -0.00030926361147897314 0.003753979119600684 0.11089383455085372 0.0003081796898331736 0.9999999106588883 0.00028932285026883755 -0.43043067415200004 -0.0037540685757552535 -0.00028816389345156016 0.9999929119399873 35.0839827002201
0.9999943032265491 -0.0003475202657517276 0.003357490798170065 0.12739232941141165 0.0003405003943802934 0.9999977555430754 0.0020911647147423464 -0.4583545310839149 -0.0033582102659121295 -0.0020900095445737297 0.9999921771103993 36.466394229811435
0.9999944187650451 0.0009085307214621052 0.0032151222356215127 0.1199402849472708 -0.0009208226339720929 0.999992265615521 0.003823715188689772 -0.4695247165452048 -0.003211623674551519 -0.003826654349718393 0.9999875210154016 37.87014467690564
0.9999914798439619 0.003002804433808072 0.0028325614839980803 0.13782689908883414 -0.0030138444188856626 0.9999878484635609 0.0039012396669688334 -0.481280994290154 -0.002820812639415608 -0.0039097432713750945 0.9999883783925482 39.26634224437045
0.9999777338961999 0.005828187923073613 0.003250220669819082 0.13953325797469934 -0.005841707560354964 0.9999742609322667 0.0041655650668139714 -0.4990505471691553 -0.003225859584223103 -0.0041844590950922056 0.9999860419667848 40.66024709616369
0.999967393548953 0.007435465725022955 0.003150505250972759 0.14748498049941522 -0.00745071594191775 0.9999604495445114 0.004856561330178677 -0.5106145154774516 -0.0031142701098892944 -0.004879876425407037 0.9999832439213783 42.09087468757291
0.9999568591851912 0.008833080110018371 0.0028734051275583527 0.151076791924458 -0.008847469531999802 0.9999481895911952 0.00503392767327029 -0.5315604960413871 -0.0028287914025938573 -0.005059132798277886 0.9999832014139596 43.4780801220554
0.9999658172316397 0.007916589073242568 0.002385787082637649 0.16099767229003553 -0.007928508666240487 0.9999559259590345 0.005028409278278077 -0.5459196268088988 -0.002345874275034113 -0.005047153055317097 0.9999845114377983 44.90595331820972
0.999972763554951 0.007130101754075723 0.001906250952950007 0.16382203793649275 -0.007138780632158138 0.9999640066219141 0.004585115082474571 -0.5608047661880988 -0.0018734901577905881 -0.004598598442396309 0.9999876713854852 46.298477438759676
0.9999752003360166 0.0070050991643080505 0.0007261501610753953 0.17786983498873857 -0.007008782853239069 0.9999619179465458 0.005199964279816551 -0.577157880940462 -0.000689696297604651 -0.005204924677216003 0.9999862164418954 47.736094004997504
0.9999728730286829 0.007364940342209048 -0.0001041880064255379 0.1745603987811727 -0.007364156306155721 0.9999537753591708 0.00618193797540452 -0.5927768271883879 0.00014971280993764102 -0.006181002933287168 0.9999808862092804 49.12850680060387
0.9999640358651952 0.00841764849090279 -0.0010344866401534245 0.17355270786294005 -0.008410777821701538 0.9999436562624161 0.006476351531619437 -0.6110237061931816 0.0010889440982190367 -0.006467417685905234 0.999978493120985 50.551189195375315
0.9999625079306519 0.008340952509973791 -0.002326206365748068 0.17935836390440457 -0.00832499475110623 0.9999423093941964 0.006787662197839837 -0.6200929256298304 0.0023826879360709236 -0.00676804196214116 0.9999742578697175 52.00745469016428
0.9999563454388163 0.00869843377540566 -0.003412397506275173 0.17754856487735118 -0.008671157413238161 0.9999309722972131 0.007928536044869488 -0.6370745998050291 0.0034811280966845068 -0.007898600379458423 0.9999627462335939 53.40697769902884
0.9999631104534784 0.0074471186526482895 -0.00427997047951477 0.1822184122919396 -0.007408232501661538 0.9999317778906078 0.009030928454152189 -0.6478051525524969 0.004346933253345341 -0.008998888161995735 0.999950060842439 54.8669135367902
0.9999744675215869 0.005414449196425087 -0.004663479203764774 0.17811610473591613 -0.005370258509846821 0.999941050154865 0.009436977778019509 -0.6557058789803246 0.004714300725872427 -0.009411692604452395 0.9999445961685376 56.2651616396653
0.9999791944672521 0.0035272347634601716 -0.005400855651755583 0.1881835565858287 -0.0034786855092713035 0.9999536963060557 0.008972402117024077 -0.6698371551578782 0.005432253797035098 -0.008953427434143747 0.9999451618728292 57.699785470451296
0.999982982693598 0.0024712113999645724 -0.005284641182798375 0.1818804963232855 -0.002421612587863089 0.9999531552159882 0.009371401955474517 -0.6825934816472276 0.0053075527856344205 -0.00935844499079471 0.9999421230187461 59.15094867865982
0.9999860250644322 0.002141884920356581 -0.00483342534152499 0.180830824376122 -0.002093032314072754 0.9999469060743684 0.010089809569452882 -0.7016238202870335 0.00485478033429226 -0.010079551904027779 0.9999374149098005 60.54943636830297
0.9999904800866792 -0.0004233777460758882 -0.004342865875855022 0.1773079397411465 0.000472814388829313 0.9999350348652792 0.011388700785297422 -0.7005685505977839 0.004337762381625641 -0.011390645570282567 0.9999257157430462 62.00413205824814
0.9999908839901263 -0.0017979522832263575 -0.0038728931256267873 0.17882017430875374 0.0018396023686462054 0.9999402275132967 0.01077762838078017 -0.7140833901682723 0.003853284293663264 -0.010784654558643688 0.9999344195593737 63.40054717593128
0.9999901352274047 -0.0027367451490592077 -0.0034985240825783966 0.17927682588036242 0.0027717952201371035 0.9999456239553351 0.010053173292701632 -0.7240551450920021 0.0034708211631166363 -0.010062771166496983 0.9999433454104258 64.8119350269065
0.9999919582861256 -0.0027566781456973425 -0.0029127454576783436 0.18352768080773613 0.0027856352885203017 0.9999462726355425 0.009984592514608856 -0.7392549907174265 0.0028850648961829713 -0.009992625922651302 0.9999459104476283 66.26757484518821
0.999996727136959 -0.0012355192923798866 -0.0022403584560358007 0.18062761835316116 0.001258123382799227 0.9999480378593026 0.010116259969175223 -0.7463947904610612 0.0022277433939716425 -0.010119045360610947 0.9999463195956659 67.63820161287242
0.9999972372588363 0.0017478591749756991 -0.0015717703008416156 0.17284796654711054 -0.0017297541955240585 0.9999329795147265 0.011447464330622622 -0.7575371226219254 0.0015916736495062787 -0.011444713762557677 0.999933240317888 69.10906195744373
0.9999861242374161 0.005200013895033197 -0.0008433178949482237 0.16820442682626668 -0.005188726267814601 0.9999036313233429 0.012876536814984504 -0.7643310359389317 0.0009101948739528914 -0.012871982212085555 0.9999167383377663 70.47033692261662
0.999960666784072 0.008869303421246732 -1.827111356434829e-05 0.16322257588980232 -0.008868228501095093 0.9998674988807564 0.013650612636204587 -0.7747311142288025 0.00013934013281557186 -0.013649913485318306 0.9999068258761724 71.92563623709081
0.9999166965338014 0.012904037290741443 0.000292913417042814 0.16431417506360868 -0.012906838050383793 0.9998231526434427 0.013677609384297958 -0.7787307654429841 -0.0001163652396600403 -0.013680250382409402 0.9999064142188826 73.30113363003505
0.999859135449862 0.016738821984535232 0.0012333162013499922 0.15911283251990294 -0.016753788288923852 0.9997707669225708 0.013331324939256066 -0.7878371130476135 -0.0010098828880725323 -0.013350109556547364 0.9999103733330009 74.6934701409905
0.9998251633046799 0.01860078799983426 0.001911406553647679 0.16060595236807734 -0.01862465761952445 0.9997375877088698 0.013337087265077482 -0.7932739310108421 -0.0016628247768961995 -0.01337035455535553 0.9999092301905493 76.14369071550816
0.9998233637567296 0.018665814587028973 0.002197411708681413 0.16832408216348566 -0.018694934756338214 0.9997261665423661 0.014074494383272462 -0.7988694095132677 -0.0019340982365407267 -0.01411308858514792 0.999898534843001 77.50845364910417
0.9998451267808399 0.01744661091575181 0.0023104524932816067 0.17337804896460157 -0.01747712583423572 0.9997503584865614 0.01392015880858049 -0.8112444405827173 -0.0020670162806467347 -0.013958382818908228 0.9999004405337184 78.93280742005133
0.9998624889506471 0.016453776336019854 0.0020679476689247425 0.18063734173352008 -0.016479577879171384 0.9997777432828807 0.013148672466536627 -0.8138502020868144 -0.0018511428869050365 -0.013180943095695596 0.9999114140746381 80.27548807892657
0.9998670856812928 0.016206742338926362 0.0017755136124401718 0.19203492423351776 -0.01622890970624264 0.9997801620528126 0.01327592155936405 -0.8241894802413225 -0.0015599639719731315 -0.013302971459826759 0.9999102947016111 81.68201659981717
0.9998796827473111 0.015441347538068162 0.0014781042982996446 0.1928711448520119 -0.0154599536830792 0.9997888910587208 0.013533779347823549 -0.8270196819444395 -0.0012688125675723652 -0.013555002231303546 0.9999073217135983 83.1003587959287
0.9998784495372878 0.015551871158176925 0.0011069918501060245 0.19460739662945686 -0.015565002531929311 0.9997936909037705 0.013050147919945718 -0.8329230529823032 -0.0009038093186836457 -0.013065791813122455 0.999914230422244 84.43659176714635
0.9998871905894159 0.015018670409866066 0.00021357021349540165 0.202061317094077 -0.015020189415778283 0.9997909917148184 0.013869637003750278 -0.8376612052275721 -5.222063741892012e-06 -0.013871280045214247 0.9999037891466981 85.86691740148974
0.9998914357603755 0.014718233780531217 -0.0007001898484387172 0.20195140952091878 -0.01470636067613517 0.999783854760687 0.014695807236765406 -0.8478612643050212 0.0009163349142507164 -0.0146839143433279 0.9998917656310008 87.19885990437952
0.9999129467353693 0.01304743284418779 -0.001965560817723067 0.2105785509012727 -0.013013924675831748 0.9997842020574547 0.01619219295887236 -0.8526789544361291 0.0021764033908993436 -0.016165203483571974 0.9998669658762144 88.55858224051129
0.9999352165632682 0.010985646561993571 -0.0029796362859877247 0.21028334102585972 -0.010933892172563856 0.9997980276658066 0.016862796487672613 -0.8560046520438859 0.0031642834730612095 -0.01682912479427931 0.9998533731776301 89.98602973911896
0.9999542395940275 0.008780286595272116 -0.0037980619990248907 0.21187564622470656 -0.008715589901684041 0.9998220891696792 0.016728075934680432 -0.8587254371999213 0.003944263916988927 -0.016694207860245516 0.9998528622717073 91.3071828213445
0.9999628750179589 0.007380813590261253 -0.004446590581663084 0.21017141628292701 -0.007306188705525788 0.9998359903859191 0.016571419874085558 -0.8609267299931448 0.0045681722442540195 -0.016538316792441582 0.9998527970995265 92.71580562200054
0.9999716243841564 0.005841434145918984 -0.004756896731318569 0.207557251633898 -0.005762595685488024 0.9998485435287716 0.01642201306918405 -0.8637948038605958 0.0048521047848176044 -0.016394134775570383 0.9998538340239292 94.03973386054683
0.9999692399383032 0.006240992486758414 -0.004750703359045291 0.20027016031192135 -0.0061643190328583035 0.9998532043689974 0.015986585087112568 -0.8625517890804788 0.004849778542321044 -0.01595680825774449 0.9998609202819483 95.43106013218407
0.9999662192241934 0.006708902187990024 -0.004748792870040605 0.2014157714732942 -0.006633720903786259 0.9998551438967838 0.015674341746072584 -0.8710223764036125 0.004853263012862627 -0.015642309862874102 0.9998658729896743 96.77374096316764
0.9999604097438882 0.007698297307850267 -0.004462639817729898 0.19688244196331955 -0.0076292618190460385 0.9998540594929083 0.015285748252777316 -0.8778637411025032 0.004579663158696216 -0.015251096219125996 0.9998732073311705 98.12261625675906
0.9999534917385656 0.008719703091436201 -0.0041208163419703325 0.18934079048510133 -0.008654320288917485 0.9998404414513594 0.015626720728169976 -0.8749336414453773 0.004256419555095633 -0.015590330867973698 0.9998694037045506 99.49193814100042
0.9999504558140876 0.009121910939772356 -0.003984551031354384 0.18696503683534738 -0.009052254426031749 0.9998117196184557 0.017163392087077307 -0.880500556227707 0.004140364102585547 -0.017126472324800364 0.9998447586087292 100.825658061625
0.9999403040045486 0.010176996918704205 -0.003977077812584301 0.18130467805899775 -0.010099967169622207 0.9997697745878376 0.01893115190487127 -0.8839361632890353 0.00416882481554095 -0.01888985316395842 0.9998128796587354 102.19814879671172
0.9999476387059659 0.009540260432785549 -0.0037017922253477966 0.18040796547395777 -0.009473747438828178 0.9998004400106607 0.017587731228803992 -0.884615097175175 0.0038688453594631885 -0.0175517402154648 0.9998384711725841 103.52081651525278
0.9999448639487365 0.009848811130727709 -0.0036427969702661957 0.17384580893528423 -0.009791492398116717 0.9998329804502819 0.015431717479924445 -0.8864750186394323 0.0037941729440933263 -0.015395197996048625 0.9998742881575483 104.86369545624572
0.9999493388885012 0.009301526439903151 -0.0038472394092310958 0.17044175031774156 -0.00924568108187533 0.9998551811710522 0.014287550114241376 -0.886212290573366 0.003979578618262574 -0.014251255737844604 0.9998905263345829 106.17951587288218
0.9999651083646596 0.007428924606881257 -0.0038200948008025003 0.16567499285650267 -0.007367973266495863 0.9998491356933107 0.015729553185472003 -0.895711137675995 0.003936372481855169 -0.015700857773314217 0.9998689854300356 107.53169558836781
0.9999869959834544 0.004074011238676497 -0.003067620053460926 0.17380985779191704 -0.004018345662192767 0.9998310099523839 0.01793890896323595 -0.8900914198021653 0.0031401852373310283 -0.0179263486687989 0.9998343789071497 108.89638794882259
0.9999942828955103 0.0025728619669095148 -0.0021942095802526635 0.17105808005717382 -0.0025306488474868866 0.9998157285264215 0.019029052185071494 -0.8963602654821744 0.002242764563361711 -0.01902339034503439 0.9998165234728497 110.19925615336959
0.9999966156260296 0.00214272556037915 -0.0014756227327917936 0.1742073786489552 -0.0021158954920933518 0.9998366470803286 0.017949990511642616 -0.8966416165357938 0.0015138437165047721 -0.017946807239169627 0.9998377970302972 111.50448540744429
0.9999923939311136 0.0038095114381900717 -0.0008364811465846412 0.17297126292243004 -0.0037958707150880775 0.9998688364520998 0.01574488087248209 -0.8951788868978725 0.0008963518109371378 -0.01574158571430046 0.9998756917828309 112.82235687429555
0.9999763791834455 0.006867879855206732 0.00027073404204787377 0.18072729337394922 -0.0068709573735068795 0.9998815952206694 0.013769005081866395 -0.9007528000904746 -0.00017613812551643421 -0.013770539850673936 0.9999051661007247 114.20583294285082
0.9999543345267322 0.00938330735399574 0.001811738414853636 0.17935731855798842 -0.009407675249255084 0.9998585033608757 0.013945211536545132 -0.8978530033333808 -0.0016806299913827124 -0.013961618768105597 0.9999011194468074 115.50227759315052
0.9999402550073017 0.010449419071369159 0.0032087453428971623 0.1774042931471228 -0.010499565102306744 0.9998163811171831 0.016030072001227812 -0.8985963294086996 -0.003040651467479568 -0.01606280448469179 0.9998663614379202 116.87064668150859
0.9999406065788135 0.010052231797543455 0.004211406051145703 0.18759042248019764 -0.010128789648343768 0.9997762628441331 0.018569650022826838 -0.8992580684395267 -0.00402379771008587 -0.01861120328618898 0.9998186996379353 118.19491654965834
0.9999385263627876 0.009892939261742485 0.005007318487606692 0.19638836968061602 -0.009987528228159391 0.9997651761051325 0.01923127547021843 -0.9004049652282341 -0.004815889209194714 -0.01928010371118383 0.999802522897851 119.54917617825177
0.9999267041226253 0.010511229486320871 0.00600836297511287 0.20455295120756423 -0.010623442479912431 0.9997638108256542 0.018959563893396716 -0.8946304729049551 -0.005807656020379252 -0.01902200346052268 0.999802197685932 120.85328040036214
0.9999010230699675 0.011949738623306715 0.007426156122521088 0.2176969593925493 -0.01208732507556421 0.9997508173584332 0.01876698687756757 -0.8939773290424637 -0.007200045664072294 -0.018854891471163152 0.9997963054507435 122.17691925018944
0.9998710997154707 0.013607839362536919 0.008521187755583437 0.2234364181644134 -0.013764302614440888 0.999732622728784 0.01858028692402644 -0.8864396652590122 -0.008266072511240308 -0.018695179858515237 0.9997910593115823 123.55102403503349
0.9998441679549912 0.014731259732451235 0.009727783288534339 0.23547428016712502 -0.01490396037407834 0.9997282283939448 0.017925996671835316 -0.8842966435166261 -0.009461067827336082 -0.01806818546492891 0.9997919927943727 124.84683732446626
0.9998116216530164 0.016181061022155205 0.010718882436623778 0.25057651082905774 -0.016364790062352662 0.9997167483484415 0.017280531263002247 -0.8834506577169525 -0.01043622983277406 -0.017452687996210657 0.9997932230100179 126.23372976875316
0.9998130411304981 0.01538909409008785 0.011707200279627447 0.26976100491974675 -0.015587361256150928 0.9997333528341087 0.01703694339692841 -0.8848472629414516 -0.011441896415578193 -0.017216242302930847 0.9997863191688998 127.55583420859395
0.9998071402709995 0.015033953291966266 0.01263576198703485 0.2818766322052617 -0.015262293400301885 0.9997183632429961 0.018172964410863666 -0.8838746047009851 -0.012358992823472376 -0.018362310021616046 0.9997550104185712 128.85904566070596
0.9998135073814323 0.013809597057638325 0.013499831780731247 0.30419621510879047 -0.014071764529032773 0.9997104003831728 0.019521804414455595 -0.8782683647838393 -0.013226335084486764 -0.01970812991327355 0.9997182871516106 130.22595962579655
0.9998221361455211 0.0128809978544631 0.013775918878598869 0.3273901491371717 -0.01315425195251603 0.9997147921954168 0.019932384658228094 -0.8747115697919234 -0.013515242002198245 -0.020110051026517247 0.999706418940653 131.5468739802444
0.9998382286321628 0.011518270296447523 0.013814702006401076 0.3520727891786338 -0.011797338666812079 0.9997244845418864 0.020292309920481293 -0.874485304880429 -0.013577164664717421 -0.02045200362993575 0.9996986426602122 132.926977883836
0.9998658444423747 0.009141265238164794 0.01359155506401893 0.37451628066126685 -0.00942913290342727 0.9997293281859121 0.021268799873625868 -0.8639102514303705 -0.013393453590552898 -0.021394102816920425 0.9996814031247511 134.25273293820987
0.9998934133668613 0.006645670741835092 0.012999882790523033 0.3995347919947574 -0.006921080992853569 0.9997500976483801 0.02125654996346664 -0.8564709961373351 -0.012855371131257226 -0.021344257233245824 0.9996895328566892 135.5939038316384
0.9999099624197036 0.006326306951071482 0.011834056074240179 0.4196448606183647 -0.00657620583868139 0.9997536576046283 0.02119852940200433 -0.8528870786198979 -0.011697033417904321 -0.021274443619488218 0.9997052452813524 136.93663970254343
0.9999337399561601 0.0041515091445364465 0.010736883251516591 0.4417137830927981 -0.004389399542554942 0.9997432803297409 0.022228509443963592 -0.8458881644263974 -0.010641845911873027 -0.022274164730611928 0.9996952599084276 138.26914779008573
0.9999492926803133 0.0024704961267069054 0.009762618104350381 0.4641207578191401 -0.0026927126987736855 0.9997360832104589 0.022814759474560083 -0.8371886280736472 -0.009703678622359348 -0.02283989019470609 0.9996920415894667 139.61678176846993
0.9999637439783267 0.001598007791352259 0.008364035933132513 0.4828673557755192 -0.0017886394182898189 0.999737666312631 0.022834170643831617 -0.8306882966262512 -0.008325353278787695 -0.022848302681422888 0.9997042780422777 140.94337147951666
0.9999718471185308 0.001912150222386909 0.007255938942447999 0.4929101583409847 -0.0020764171870923 0.9997401801658616 0.022699354125244132 -0.8273727739803501 -0.0072106497337386145 -0.02271378110076403 0.999716005001601 142.30272326337288
0.9999792327888203 0.0014236909986582954 0.006285466884758376 0.5076447847833703 -0.0015647594516847595 0.9997457085008798 0.022495997101308608 -0.811747511711884 -0.006251841718447573 -0.022505364840241772 0.9997271742860391 143.64880123679825
0.9999854927160111 -0.000540778406344502 0.0053592831494387325 0.5261742263686444 0.000431589418697786 0.9997927413401879 0.020354068748732426 -0.8087342118372798 -0.005369179882305523 -0.02035146016172935 0.9997784704405525 144.9816358187496
0.9999819624595979 -0.00418612261534143 0.004307102423690147 0.5336009176335492 0.004100711467405086 0.9997984769524826 0.019651709093320188 -0.8154699470400656 -0.004388499276176313 -0.019633692155358543 0.999797609112331 146.3462533182911
0.9999069886212049 -0.013261320908685427 0.003186135170203003 0.5548828469246108 0.013186483218411744 0.999660734272328 0.022461813261592165 -0.7961206391825972 -0.0034829278340206657 -0.022417709812141536 0.9997426246173717 147.69476483810973
0.9997920537472635 -0.02033311615122555 0.0015535801210588857 0.575423497811838 0.02029001624189174 0.9995061369811912 0.02399577971128624 -0.7884951568283024 -0.0020407220194721375 -0.02395926736190726 0.9997108526645215 148.9837952468825
0.9996972223806966 -0.024598898222235117 0.0005980897457995736 0.6011426192063655 0.02458025630894027 0.9994645817095186 0.021595392789608363 -0.7818923443955712 -0.0011289924902343484 -0.021574152671407856 0.9997666134103311 150.29398331220776
0.9997556135384112 -0.022091187705102905 0.0008322118387006127 0.5973329039139952 0.022072652880185516 0.9995944716659491 0.017991394477720118 -0.7842721963388178 -0.0012293257365319577 -0.017968628236835673 0.9998377954146556 151.70030020141613
0.9998086602889489 -0.019473332213687446 0.0018525946356963922 0.6024329923029685 0.019441048621470433 0.9996815623090509 0.016087873082572868 -0.7748474001744374 -0.002165289385164547 -0.016048778214919266 0.9998688655138869 152.99836108810547
0.9998150920398031 -0.019041145799946303 0.00268634712344419 0.6081897823049243 0.01899524614041047 0.9996885361312791 0.016186766282540704 -0.7775054860203123 -0.0029937252576926225 -0.016132745158369877 0.9998653770018313 154.35926414262846
0.9997495685756225 -0.02214022006929391 0.0032574131347595887 0.6194792699856069 0.022072860765718377 0.9995674178388997 0.01943620538766134 -0.7720519979326776 -0.0036863262171448648 -0.019359437239719463 0.9998057927263737 155.70030417679067
0.999594568854301 -0.028236091014269174 0.0036634687315851094 0.6381033388408399 0.028144630947567414 0.9993394565173858 0.022989791179857184 -0.7646416734286735 -0.00431019105835174 -0.02287736309009246 0.9997289875196292 157.02778665893965
0.9995139138851077 -0.030970143045665702 0.003575765071898404 0.6602311211362445 0.030874575963687274 0.9992291127698384 0.024247492076874405 -0.7613581355708966 -0.004323957231512521 -0.02412530512173215 0.9996995913877553 158.38590401390064
0.9994323887682603 -0.033506223999121745 0.0034975883527388605 0.676085067856433 0.03341039397195777 0.9991394614140359 0.02457808691030948 -0.7497973352703821 -0.004318097802018946 -0.024447279946541153 0.9996917947589298 159.72163860833072
0.9994996266771309 -0.031304167453341844 0.004532689712501677 0.6874926117200417 0.031179654459504432 0.9991926164178945 0.025336625010794322 -0.7374855391391479 -0.0053221725021235745 -0.025182619169577206 0.9996687001925826 161.06904902839338
0.9995607081509452 -0.029092604680631563 0.005657825550270979 0.690780612299994 0.028943162071918816 0.9992706104859288 0.024910650286593387 -0.7205287235078978 -0.006378415037275815 -0.024735951515053305 0.9996736710040105 162.43299988434032
0.9996872268603549 -0.024123677281470874 0.0065951943359989235 0.6983412220385546 0.02396524311072477 0.9994451776692767 0.023130154283401604 -0.7131002387741712 -0.007149520159634072 -0.02296486401942625 0.9997107078347706 163.76885558657207
0.9997420170930946 -0.02148502691985497 0.007368366831021968 0.7082227256541676 0.021314260993403007 0.9995191595937788 0.022520034447060654 -0.6981870391165773 -0.007848668033791471 -0.02235717304134011 0.9997192381876909 165.14190808729384
0.9997599277446477 -0.02052710990581069 0.007663197211389763 0.7202575918852512 0.020339883018695857 0.9995107806069448 0.023758970416642232 -0.687237164520345 -0.008147151913289087 -0.02359739766639374 0.9996883447937811 166.48102713232015
0.9997709205516461 -0.020082885817890122 0.007401626518228304 0.7338188515009311 0.019901058160540618 0.9995169353475715 0.023871403433542215 -0.6704944873818082 -0.007877458390410767 -0.023718634438316444 0.9996876372181042 167.81812503687198
0.9998137694957263 -0.01795724289579252 0.0070685020432211965 0.7510351584436346 0.017798805138003634 0.9996022981771319 0.02187345579658424 -0.6621675698953898 -0.007458478476797138 -0.02174357108295268 0.9997357591857636 169.17378233891674
0.9998951685310677 -0.012926686796611322 0.006523242996710636 0.7537576445836516 0.012799920518433391 0.999735364013861 0.019114497376015043 -0.6606254849185506 -0.006768604404176164 -0.019028996305170607 0.9997960208344453 170.56473588425942
0.9999547031235682 -0.007193085221318258 0.006233074691712912 0.7641063773041217 0.0070787813265725235 0.9998098456778827 0.018170397993608263 -0.6547741895048282 -0.006362591202306005 -0.01812545209469287 0.9998154756767631 171.94573632085113
0.9999731735217294 -0.003348017616417716 0.006514830218922789 0.7703661835378552 0.0032232092723115456 0.9998128653622413 0.01907472668450714 -0.6472782121835338 -0.006577474141533941 -0.01905321603900631 0.9997968352493777 173.32772686188756
0.9999737358789923 -0.00018998408161667208 0.007245098803403943 0.7744078253274722 3.3043894494302855e-05 0.999765490799388 0.02165553825338744 -0.6389558303278099 -0.007247514575642379 -0.021654729769778065 0.9997392390970652 174.6891368208482
0.9999734906093518 -9.70014934676837e-06 0.007281344851157881 0.7850119383991125 -0.00016550271960472443 0.9997104810962202 0.024060894015206356 -0.628498589576814 -0.007279470768078994 -0.024061460909469912 0.9996839777550984 176.08448324321026
0.9999757506993738 -0.002453319122094657 0.006517609752073422 0.8012775421002172 0.0022892442960272194 0.9996832424952772 0.02506340085149512 -0.619804095115682 -0.006577034322534032 -0.025047872317368883 0.9996646171021364 177.45499756676682
0.9999794469408411 -0.004103117397990596 0.004926471528656835 0.8148928982903672 0.00397549981251061 0.9996633179324705 0.025640713931872595 -0.6053215848864226 -0.005030020156200361 -0.025620601378268812 0.9996590837153329 178.84338540548697
0.9999773170433934 -0.006125860591640799 0.00279986204042886 0.8266752043815694 0.00606341124235416 0.9997440981084044 0.021793883721034517 -0.5947555485418228 -0.0029326520916710657 -0.021776412339764163 0.9997585645516893 180.1768416428417
0.9999922914018414 -0.003738747724470255 0.0011995421291162971 0.8261685251124062 0.0037171975417355997 0.9998401077267093 0.017491181829768353 -0.5864725149522523 -0.0012647455551345766 -0.017486587808239685 0.9998462980119545 181.58909582410942
0.9999994246156334 0.0009118901103055026 0.0005649999459854428 0.8217310563831022 -0.0009212300207275004 0.9998591668265069 0.016757024329693695 -0.5806412035734567 -0.0005496398562077681 -0.016757534940356398 0.9998594315715122 182.97663802981478
0.9999876675828913 0.004942001803614596 0.0004912209997692358 0.8173538306524497 -0.004950110805202014 0.9998227299619641 0.01816604179708983 -0.5751933951698023 -0.000401357341542263 -0.018168249102091243 0.9998348631743786 184.3500898119604
0.9999759920650974 0.006903013487976307 0.0006030702520433764 0.8182650984521634 -0.0069142865421407485 0.9997495876790706 0.021282730171933703 -0.5674086070897417 -0.0004560042981303974 -0.0212863887111052 0.9997733151538756 185.7991305969931
0.9999750970186829 0.006972876450608808 0.0010882701992426663 0.8219328208363096 -0.006997055171527178 0.9996857866213169 0.024070090913908555 -0.5566338527598925 -0.0009200905546833003 -0.024077105836150102 0.9997096810484638 187.16281500014424
0.9999735091557925 0.007186605957785643 0.0011548492198471564 0.8235870062330167 -0.007213200422384636 0.9996623337994565 0.02496373678398024 -0.544575976035782 -0.0009750548059224567 -0.02497140527212786 0.9996876903111634 188.59435871302213
0.9999875576888854 0.004886978810820912 0.001000951286681223 0.8350894398347011 -0.00491107613896324 0.9996580945330505 0.025682199982773497 -0.5273865340193891 -0.0008751007604154773 -0.025686795813758573 0.9996696567823176 189.9922865721085
0.9999956112467434 0.002789692479381026 0.0009975483253896432 0.8478523711849357 -0.002815316000182782 0.9996400487706915 0.026680459510548423 -0.5194222010494243 -0.0009227590557303565 -0.02668315044444924 0.9996435154435804 191.37538191369785
0.9999989672963592 0.00011795112947137471 0.001432303783749301 0.8566112160830806 -0.00015624506472382545 0.9996417333195481 0.026765287648185965 -0.5019178425833181 -0.0014286337607673037 -0.02676548341035682 0.9996407193954657 192.80836565207272
0.9999940814433245 -0.002919249547911658 0.0018207306196454725 0.867317983212162 0.00286696140186132 0.9996013290399 0.02808849491052969 -0.48958483587810003 -0.0019020022336704752 -0.028083108295480656 0.9996037821977386 194.18990169268798
0.9999732581316577 -0.00696907517933522 0.0022169818165213243 0.882762139658002 0.006900159886491959 0.9995348470572528 0.02970652033734159 -0.4697335385109608 -0.0024229777599115102 -0.02969042796912474 0.9995562053388167 195.6452509091047
0.9999413445047489 -0.010534266028115734 0.002517295934037579 0.8951970599892183 0.010452918992765375 0.9994832532116626 0.030396761010503582 -0.4554148774658302 -0.0028362029376607896 -0.030368664541065973 0.9995347418331119 197.0347224512172
0.9999590160743634 -0.008643773263197431 0.002692832793682912 0.9012877175768763 0.008570372196455237 0.9996207345344041 0.026171279014348417 -0.43046637718920266 -0.0029180303445038537 -0.026147127452916676 0.999653846486796 198.48249107489912
0.999994226031629 -0.001591498704729923 0.00300250486018011 0.8962186825653123 0.0015283084749030144 0.9997797320254717 0.020932074093176437 -0.4176507192744342 -0.003035157128094085 -0.020927364175023135 0.9997763916137319 199.92793488129888
0.9999596016958293 0.007967556427722542 0.00416089111072927 0.8960856552568208 -0.008052393687268913 0.9997515058256914 0.020786668386424612 -0.40019308958279387 -0.003994238531874564 -0.020819333473599544 0.9997752754448777 201.33411308076379
0.9998711867670416 0.015035363957272802 0.005616732245593342 0.8878026875090101 -0.015170847329174533 0.9995745246621591 0.02491214737863576 -0.385363840829583 -0.005239779695174826 -0.024994148592673338 0.9996738654272274 202.78261780364167
0.9998441098116218 0.016455532893668377 0.0064008971797220315 0.896734437261222 -0.016626876031792984 0.9994778309026082 0.027705822232233158 -0.37322938211740864 -0.0059416412516248174 -0.02780792969069755 0.9995956261984728 204.20546816060389
0.9998682401635304 0.015085904376507728 0.005993144286648719 0.9108413816294644 -0.015249109922585661 0.9994862709586342 0.02818969432488967 -0.35338405443741505 -0.005564798862024916 -0.02827736976473871 0.9995846254026932 205.6760301092616
0.9999220521273386 0.011529242777280733 0.004792308143589415 0.9304792075012349 -0.011661179642063908 0.9995263234910468 0.028480617675585396 -0.335348791222979 -0.00446167855371209 -0.028534281227146862 0.9995828570894305 207.14033092021475
0.9999458711577719 0.009772424824391912 0.003571338478665681 0.945543204143139 -0.009869158253064917 0.999554870719671 0.028154221300593064 -0.32118189505273054 -0.0032946140326348223 -0.028187943043450885 0.9995972115573939 208.55107909500137
0.9999434799539116 0.010151702496014374 0.0031590860029914788 0.9514784402111679 -0.010235331886382992 0.9995641621530922 0.02768977720135768 -0.29944070256836575 -0.0028766110107245352 -0.02772054606805296 0.9996115727638425 210.0001776695274
0.9999328933990638 0.011184613513654703 0.0030187923514650005 0.9599877229855956 -0.011265125344007728 0.9995410841672392 0.028119709398922884 -0.2819170958095345 -0.002702899120503143 -0.02815182904946344 0.9996000044144978 211.4779398485846
0.9999183210473188 0.012440215707578443 0.0029312543885747335 0.9639190473171321 -0.012520673003504885 0.999493791308239 0.02924711836053405 -0.26190059238920177 -0.0025659303113653477 -0.02928143034253619 0.9995679135531151 212.93439845690241
0.9999251215248869 0.011939141727567262 0.002684813717607942 0.9709370350280038 -0.012012634341898318 0.9994995482813309 0.029263452444358417 -0.2457893592587238 -0.0023340897830341533 -0.02929351250516777 0.999568127801285 214.40946236684638
0.9999265634671505 0.011896310217207929 0.00231202563736878 0.981069161243854 -0.011957192076926554 0.999525258370475 0.028395131325267768 -0.22489977799959515 -0.0019731308926685598 -0.02842069101057807 0.9995941031461203 215.84404745971926
0.9999376948282122 0.010977179671600262 0.002026814424298257 0.9874789016515247 -0.011029922272909571 0.999542565334658 0.028160272412206765 -0.205860657228721 -0.0017167670591348603 -0.028180873081128575 0.9996013660810857 217.34946680422033
0.9999331122131143 0.011463685202444358 0.0015346038141081202 0.994662028431596 -0.011502729906033361 0.9995287076071306 0.02846137591359972 -0.18592216249923488 -0.0012076084101767933 -0.028477123918111885 0.9995937149976589 218.8091068797069
0.9999343671874297 0.011392110683850041 0.0012170124243940953 0.9947603789132435 -0.011422134942364234 0.9995298195857036 0.0284547823239938 -0.1671540872213082 -0.0008922802499632 -0.028466815226644765 0.9995943398371319 220.2828944089709
0.9999365075330723 0.01121720939856915 0.0010747575679470331 1.003479292334228 -0.011243278584796193 0.9995309575098349 0.02848602658437516 -0.14653883871787785 -0.0007547197950896834 -0.028496301324469654 0.9995936130130428 221.77573763470315
0.9999240134024439 0.01230904984601365 0.0006743132604412443 1.00519386415772 -0.01232327329943843 0.9995175620602046 0.028509298752608856 -0.12535230412682005 -0.0003230655894197569 -0.028515441763973713 0.9995932998861796 223.2490014150668
