1.0 -3.469446951953614e-18 0.0 -1.5585406229479126e-19 0.0 0.9999999999999999 -3.5744790374131474e-19 0.0 2.168404344971009e-19 -2.405573570202213e-19 1.0 0.0
0.9999998275314886 -0.0005348048756088925 -0.00024273692113932033 -0.010653198840364047 0.0005350840891447228 0.9999991938406518 0.0011515216153767873 -0.022902312635521387 0.0002421209075144698 -0.0011516513239261052 0.9999993075383863 1.3168606850031663
0.9999987376858832 -0.0015820851986795472 -0.00014708925937712437 -0.020672685998313425 0.0015823452667188265 0.9999971560445521 0.0017844000538798266 -0.04360637573424909 0.00014426578189853374 -0.0017846305814804106 0.9999983971395148 2.623172406235138
0.9999961359373758 -0.002672079820751414 -0.0007668783544933799 -0.017876783930685213 0.0026730149215207725 0.9999956824198846 0.0012207082950428819 -0.07010901252126517 0.0007636132791416076 -0.0012227534781099785 0.9999989608845132 3.940677902707769
0.9999954076198366 -0.003029413058225414 -8.602303808591307e-05 -0.030400649615834913 0.0030295224481460027 0.9999945673757938 0.00129892574702311 -0.09251925033695471 8.208759633713592e-05 -0.0012991804139413198 0.9999991526957479 5.2536933813468725
0.9999937456357835 -0.0035138433672666815 -0.00040199302899559457 -0.03628019023709478 0.003514578689051171 0.99999212594032 0.0018427666080862045 -0.10992069937264469 0.00039551470562091827 -0.001844167952865395 0.9999982213052258 6.575605095403456
0.9999879150469106 -0.004904232592731877 -0.0003439021595662997 -0.042581290888178025 0.004905362048037987 0.9999823131674876 0.003363148569691077 -0.14113865519031382 0.0003274024449391609 -0.0033647949536314706 0.9999942854655466 7.915834800906918
0.9999870339958306 -0.005092112478660149 -4.729969250505178e-05 -0.05891924128119154 0.005092264837292745 0.9999784895892163 0.004133907379967922 -0.1568885903537957 2.6248359643725374e-05 -0.004134094719873633 0.9999914542498884 9.235961935562404
0.9999917183385338 -0.0040093174545888545 -0.0006990223646536561 -0.0625202176090498 0.0040112461479913115 0.9999880919813745 0.0027795312183350133 -0.183426396772039 0.0006878700783218483 -0.002782312202295014 0.9999958927791599 10.56974709863096
0.9999989661882533 -0.0013641797841978266 -0.00045457378574495955 -0.07750654836337215 0.0013644286821036834 0.999998919295094 0.0005474859236473096 -0.20363641903777407 0.0004538264641464199 -0.0005481056012892124 0.9999997468112595 11.889197226646743
0.9999981008952114 0.0018106846393253564 -0.0007208486671250775 -0.07643295667305502 -0.0018108239103683628 0.9999983419428872 -0.0001924355144682461 -0.23287758581923176 0.0007204990924959405 0.00019374048086109402 0.9999997216733639 13.234990149854202
0.9999890948825827 0.004640120985262388 -0.0005285672857755852 -0.0991149024489761 -0.004640223290731988 0.9999892156934569 -0.00019192074060686492 -0.25166913219272447 0.0005276710942170371 0.00019437131776716925 0.9999998418918942 14.571531533711676
0.9999857757061515 0.0053336336638644104 2.695966068757454e-05 -0.1214676974822072 -0.005333655578677113 0.9999853923460098 0.0008759127512823164 -0.2767628533886155 -2.2287470653570545e-05 -0.0008760441069193915 0.9999996160249716 15.917259830208081
0.9999941769159216 0.003409692182837218 0.00014187099584350065 -0.11183079445331393 -0.0034101516818796354 0.9999884938409171 0.003373878611644788 -0.3007877845533263 -0.00013036548442657602 -0.0033743428358928612 0.9999942983916196 17.27150511894507
0.9999991584490583 -0.0012299432630030437 0.0004127266242382932 -0.12107502042967443 0.0012275667135162975 0.999982944072306 0.0057100473853820026 -0.32537989597473244 -0.00041974264987038 -0.005709536041870143 0.9999836123732612 18.624220200694857
0.9999944906740406 -0.0033189188500908264 -5.8342358351874506e-05 -0.11704811686383898 0.0033191285116891903 0.9999862567559819 0.0040582852957890825 -0.3530697854956534 4.48724442881159e-05 -0.004058456660644108 0.9999917634245491 19.967615842670366
0.9999917229671764 -0.0040685142828986096 3.455820097340249e-05 -0.13274043088106724 0.004068444850256637 0.9999900647446865 0.001821582435311552 -0.36905289776623607 -4.196899356906478e-05 -0.0018214267926302894 0.9999983403202677 21.3284950816404
0.9999979366246325 -0.0019728496127843394 0.0004843702748557469 -0.14104681348796436 0.0019723601139628438 0.9999975455916776 0.0010092586833345132 -0.4083091495706495 -0.00048636024176244744 -0.0010083012662116353 0.9999993733906551 22.676483663985135
0.9999992601229564 0.0005652484062957696 0.0010771482670931351 -0.15029636112766637 -0.0005676574632292259 0.9999973357000028 0.0022374893166363366 -0.40934291247003696 -0.0010758807491161111 -0.0022380991560914877 0.9999969166910609 24.048514387060973
0.9999974293664973 0.0006983815379892058 0.0021572031351980822 -0.16096132495216298 -0.0007139637067814257 0.9999736011223072 0.007230996714830695 -0.4274661479373566 -0.0021520963689014476 -0.0072325184326684135 0.9999715291734156 25.428254904784342
0.999996768862657 -0.0011153022391664023 0.0022843751777604764 -0.1507116735706998 0.0010968592409305814 0.9999669243361318 0.00805897819079082 -0.43943591437818064 -0.002293288004152123 -0.008056446669171253 0.9999649166328124 26.7881731428698
0.9999855211523914 -0.004880048980335184 0.002267733883826266 -0.16649542777336526 0.004863421317537106 0.9999616664757047 0.007280982341910294 -0.4769602907313294 -0.0023031786924517317 -0.0072698481140395345 0.9999709219148463 28.163360570500128
0.9999856938161997 -0.004984226175433478 0.0019415616197848643 -0.16998130044568868 0.004975277677485105 0.9999771029129173 0.004586965710341059 -0.4829806269883923 -0.0019643798001822976 -0.004577240364982009 0.9999875949635458 29.537749904639366
0.9999846540631863 -0.0048573039751420855 0.0026642533814404653 -0.1804746453984855 0.004850194939413233 0.9999846774418055 0.0026684234684570284 -0.5198805723928726 -0.00267717412593159 -0.0026554604171724143 0.9999928906075606 30.92301730067081
0.9999927753223269 -0.0024386345012087605 0.0029158827566610293 -0.18164578073828924 0.0024337999554867353 0.999995659735635 0.001660458918242574 -0.5262991733415767 -0.0029199195986104832 -0.0016533502749824136 0.9999943702336153 32.29899988050686
0.9999937900821515 -0.00042805806060594066 0.0034980806791230354 -0.1905618312315694 0.0004275260618700951 0.9999998969307599 0.00015283726890987398 -0.5643225870584604 -0.003498146037272748 -0.0001513407989542552 0.9999938700141926 33.68050930326758
0.999992898377282 -0.00032256925515693376 0.003754883374324107 -0.2036771583343347 0.0003215888427330095 0.9999999140440532 0.0002617096656250963 -0.5776049754084256 -0.0037549677881526444 -0.00026050028029416016 0.999992916150905 35.08145250043903
0.9999942528221522 -0.00034325565305472726 0.0033729071995496013 -0.19966320565704598 0.00033628536595040753 0.9999978073980756 0.0020669083897032338 -0.6114259990469638 -0.00337360956549083 -0.0020657622891881284 0.9999921756597959 36.4638249623171
0.9999942878882669 0.0009286334813671908 0.0032498974155035307 -0.21965180577911686 -0.0009409466650095281 0.9999923778928897 0.003789297597929425 -0.6283884726534399 -0.003246354047142695 -0.003792334005987271 0.9999875396148112 37.86739482955004
0.9999912865420046 0.0030251521045182505 0.0028766808996416823 -0.21424134096187702 -0.0030362214198846856 0.9999879742417659 0.0038513291272782063 -0.6461113516019713 -0.0028649956881393523 -0.003860029885113736 0.9999884459162998 39.263633502843476
0.9999774103753561 0.005851058127531818 0.003308149056790722 -0.22503826063005394 -0.005864562351997079 0.9999744507883357 0.004087137120350828 -0.669706259349416 -0.003284150733908742 -0.004106445722615081 0.9999861756315593 40.65741114982891
0.9999669514414186 0.00746479749174404 0.003220684966769336 -0.2298657011392657 -0.007480096809943932 0.9999606727143245 0.00476457669500047 -0.6872996983116839 -0.0031849919715628127 -0.004788510365458807 0.9999834628590993 42.08799125807518
0.999956350599262 0.00886509048776538 0.002950771273405654 -0.23874358619414912 -0.008879573756880635 0.9999484142595518 0.004931734791171064 -0.7140582823091904 -0.0029068990227001396 -0.0049577212172036015 0.9999834853315318 43.47507299023433
0.9999653691500225 0.007950594959106327 0.0024593752605291813 -0.24160018961999835 -0.007962667439616839 0.9999561034338563 0.004938334586072516 -0.7344512779056037 -0.0024200048053323784 -0.004957746856492157 0.9999847820445935 44.90290437282151
0.999972404486114 0.007162225496583909 0.0019730129005476604 -0.25124361703613113 -0.0071710573195146255 0.999964135436618 0.004505972854049951 -0.755165216927296 -0.0019406695064357173 -0.004519997191008736 0.9999879016396178 46.29532346404291
0.9999748476992428 0.00704755269561526 0.0007974687184487271 -0.2500761167225316 -0.007051554686918187 0.9999619710833573 0.0051314692841853094 -0.7776262645670982 -0.0007612741520119884 -0.005136963716231242 0.9999865159418575 47.73292574345704
0.9999724750520125 0.007419472912648013 -2.3331799921938933e-05 -0.26585785081461166 -0.007419191868277099 0.9999537683632939 0.006116922598571874 -0.7990236895306968 6.871507307350103e-05 -0.006116581253788938 0.9999812911818274 49.125176224554366
0.9999636077525472 0.0084785960500057 -0.0009468682851143386 -0.27962764915894045 -0.008472357474079336 0.9999435669954034 0.006409524164921789 -0.8231938518763289 0.0010011587060137078 -0.006401268834814925 0.9999790105006455 50.547704036210625
0.9999621343777133 0.008410038429006844 -0.0022363010254253884 -0.28680815521743586 -0.008394815071594532 0.999942101762527 0.006732029336895112 -0.838382116707608 0.0022927883716304933 -0.006713001231479633 0.9999748390543254 52.00391244305222
0.9999559533013035 0.008782053243353469 -0.0033116420139808764 -0.3011644239180465 -0.008755739374294583 0.9999306304679805 0.007878533920698899 -0.861184042444701 0.003380602282784977 -0.00784919118709513 0.9999634802003393 53.403280262000166
0.9999628257899548 0.007544146617586865 -0.0041752683929498335 -0.30952663452748463 -0.007506334381433085 0.9999313330795919 0.008999115666323004 -0.8780396493154923 0.004242872703480614 -0.00896744035659195 0.999950790316978 54.86314175686129
0.9999743678838393 0.00551682876847132 -0.004563787457788524 -0.3260905139565779 -0.005473621714773397 0.9999405897562286 0.009426368921002109 -0.891737067424741 0.004615520382615375 -0.009401147050361339 0.9999451562049214 56.26125299858098
0.9999793029242344 0.0036288471459964165 -0.0053127369854326575 -0.32885857052934275 -0.003581018863135917 0.9999532254250588 0.008984612942595714 -0.9119315570217026 0.0053450927301841025 -0.008965402159853194 0.9999455242968436 57.69583695283295
0.9999831744913433 0.002575923205800382 -0.005197628208284935 -0.3481314940172494 -0.0025270277725695043 0.9999527008555433 0.009392027673682602 -0.9306871383090249 0.005221575955646745 -0.009378735288277656 0.999942385581445 59.146820726432395
0.9999862236065601 0.0022509926506167257 -0.004741900043860247 -0.3617350758718843 -0.0022029637271424153 0.9999464696171113 0.01010964151578658 -0.9555395007271894 0.004764403347550131 -0.010099056212241525 0.9999376528249297 60.54515130047386
0.9999909164734364 -0.0003047812376744414 -0.004251361131052118 -0.37814766534380706 0.00035334581139936233 0.9999346447266255 0.011427222650168385 -0.9605213752817537 0.004247600847350999 -0.011428621279812591 0.9999256694949428 61.999750524306194
0.9999913873559559 -0.0016865970689726641 -0.003792176126593861 -0.38912654982336115 0.0017275591495272656 0.9999399210649962 0.010824499690651513 -0.9798706374117923 0.0037736920550333554 -0.01083095788690606 0.9999342226418442 63.396054648313424
0.9999906583396664 -0.0026332589662552124 -0.0034277074277893702 -0.4012650521542663 0.0026677783294742387 0.9999453812229012 0.010105321496844621 -0.9957308204792754 0.003400910577941514 -0.01011437166006095 0.9999430650305976 64.80733649117401
0.9999924318056623 -0.0026563042647150294 -0.002842600548797503 -0.4100442717859979 0.0026846988397840263 0.9999460729835876 0.01003212388486554 -1.017034216969418 0.0028157991286444587 -0.010039679684333572 0.9999456365800461 66.26287951552194
0.9999970148008558 -0.0011369768182903327 -0.002162792442892204 -0.42515492706152874 0.0011588621983884117 0.9999478686152324 0.010144805817713758 -1.0298653321461233 0.002151145474572176 -0.010147282112732085 0.9999462011758395 67.63338459441141
0.9999971977488449 0.001855007994966379 -0.0014708616927318462 -0.44606593555403173 -0.0018380560988906242 0.9999328258964744 0.011444004697614677 -1.0470771238870635 0.0014919917443473889 -0.011441269330471746 0.9999334334461311 69.10405836232454
0.9999856113852669 0.005316370116769145 -0.0007163934617827063 -0.462834225198559 -0.0053067380466217656 0.9999035285767248 0.012836357602312023 -1.0595092097588366 0.0007845672545848154 -0.012832371450098688 0.9999173539365334 70.46519815502771
0.9999595916832734 0.008988774351174768 0.00013006389959108037 -0.48080365591448904 -0.008989712246329593 0.9998674981618428 0.013570969291870892 -1.0759366200855351 -8.060275477976856e-06 -0.01357159042324535 0.9999079016958844 71.92033950019237
0.9999151018489314 0.013022265610801926 0.0004578878736947133 -0.49194073261281235 -0.013027278808878863 0.9998232000010845 0.013559453266863766 -1.0856804520523573 -0.0002812321307545764 -0.013564267404439119 0.9999079615461106 73.2957635466132
0.9998570330429587 0.016850010387107407 0.0014108793915711796 -0.5095608996483215 -0.016867147006220756 0.9997709826377773 0.013171243969558146 -1.1005498635170905 -0.0011886207688053313 -0.013193158698968014 0.9999122600246976 74.68794865909673
0.9998227696117082 0.018709200273728306 0.0020964591094225064 -0.5209706607727466 -0.01873519744486321 0.9997379374876594 0.013154800351435 -1.1120456409242214 -0.0018497940585306585 -0.013191746769245618 0.999911274104731 76.13808975118461
0.9998207960507948 0.018779494470760584 0.0023887908104429914 -0.5253994075232422 -0.01881091045104267 0.9997265823278767 0.013889214610024032 -1.1233943022881 -0.002127305413495092 -0.013931661225182239 0.9999006867634249 77.50283161507642
0.9998427226038098 0.01755852092795677 0.002495666997513405 -0.5330753246665111 -0.017591215486798394 0.9997507828368882 0.013744868040491975 -1.1417490708635498 -0.0022537056617030144 -0.013786608382720207 0.9999024203604212 78.92710916886107
0.9998603587278935 0.01655997404530194 0.002242824654990438 -0.5377429015531808 -0.016587738366749826 0.9997781026755216 0.01298431306708412 -1.1500123351080545 -0.0020273072526220894 -0.013019703577320761 0.9999131849047507 80.26977844602234
0.9998649950045391 0.016315251769759013 0.001950457157842735 -0.5389011457966383 -0.016339459540911476 0.9997804701969374 0.01311615466123691 -1.1663086393137991 -0.0017360357458965385 -0.013146253600848215 0.9999120772342398 81.67629627128582
0.9998776744533503 0.01555334853576816 0.001652101811295742 -0.5506640226840025 -0.015574085671709141 0.9997891458190292 0.013383265421690094 -1.1750596481612505 -0.0014435989791845099 -0.013407358556574033 0.9999090752472503 83.09456576883157
0.9998765403088324 0.01566116795725118 0.0012774657298815536 -0.5608237369868414 -0.015676357757706618 0.9997938773630279 0.012901729765968485 -1.1865486343893967 -0.0010751463398461034 -0.012920163197976066 0.9999159531914418 84.43072489766433
0.9998853261926667 0.015138802794485477 0.00038868448575000536 -0.5660910728760967 -0.015142714524781836 0.9997910262657007 0.01373324539229631 -1.1973112390915084 -0.00018069837227804907 -0.013737556569181178 0.9999056189925647 85.86102761793882
0.9998896075219686 0.01484934063086238 -0.0005194353882080618 -0.5780935138494048 -0.014840200348464868 0.9997837250200311 0.014569545999222203 -1.213063847276171 0.000735671271728691 -0.01456022940465792 0.9998937236100636 87.19286195349069
0.9999113343310644 0.013196895567187237 -0.0017791537059659406 -0.5815623313242113 -0.013166582460675948 0.9997838344108368 0.016091164722504193 -1.2236211187586825 0.001991122714972245 -0.0160663129430309 0.9998689459271368 88.55257478987504
0.9999339800889343 0.011145300715167724 -0.002796015798699767 -0.5945412986837966 -0.01109683607400779 0.9997974831384845 0.016788476912025663 -1.2328963788418326 0.0029825624469657372 -0.016756341950519508 0.9998551541792857 89.97993705762937
0.9999534474050444 0.008942362621929439 -0.003624520259945533 -0.6046855045449023 -0.008880722258703375 0.9998214366330201 0.016680156859125286 -1.24113886322729 0.0037730333963517295 -0.016647192334818303 0.9998543069973495 91.30102924873098
0.999962381104715 0.0075443704090608025 -0.004280049819360446 -0.6188973838256216 -0.007472611482689481 0.9998352589693845 0.01654131213700979 -1.2491998253404557 0.004404138890386985 -0.016508707056435486 0.9998540224293047 92.70956004578933
0.9999713983889911 0.006005135945282169 -0.004597904447853018 -0.6332735543908251 -0.0059289487434839696 0.9998477983265575 0.016408161158005516 -1.257566993986557 0.004695738287135081 -0.016380431449635215 0.9998548052213087 94.03338948074997
0.9999689632207087 0.006400843736981717 -0.004593666604207385 -0.6528866776547348 -0.006326739250836143 0.999852468545177 0.015969142748407116 -1.2620663192246537 0.004695205290480509 -0.015939584509723107 0.9998619328233631 95.42458987617314
0.9999658833987409 0.006865985819629317 -0.004592412684152815 -0.6637149203835243 -0.006793334592509992 0.9998544106989754 0.015652731961469844 -1.276144502753604 0.004699215922984488 -0.015621000464470024 0.999866942012935 96.76718044952784
0.9999599140829518 0.007850704182630014 -0.0043054205518317816 -0.6802634460727003 -0.007784194988505507 0.999853365551595 0.01525299030665816 -1.2885732297580976 0.00442453632936406 -0.015218864953041495 0.9998743969334198 98.11592193802478
0.9999528014942127 0.008873554936852933 -0.003956612154200909 -0.6999223609853622 -0.00881089745423813 0.9998397711763096 0.015582043268556056 -1.2912917198319471 0.004094246665851308 -0.015546446831981815 0.9998707642239529 99.48512390953805
0.999949617524242 0.00928852648225134 -0.0038060033048567658 -0.7141687813613146 -0.009222100538361285 0.9998110148689592 0.017113953971931946 -1.3024003823790284 0.003964247789713774 -0.017077992730374504 0.9998463016480711 100.81873521532009
0.9999392026334388 0.010358849649720168 -0.003779581979081321 -0.7320261095913912 -0.010285753711949615 0.9997689951775197 0.018872190281870992 -1.3115128091634563 0.003974203409494779 -0.01883216743537243 0.9998147604401628 102.19109550248996
0.9999466745837092 0.009709345347192979 -0.0035180354706674964 -0.7446560736211014 -0.00964623724077195 0.99979976569383 0.017532217164351247 -1.3176996242772854 0.0036875577155602 -0.01749734680210402 0.9998401096116711 103.513688932895
0.999943969788567 0.009998869327369252 -0.003475610243854552 -0.7631398319469256 -0.009944320344284892 0.9998323758101141 0.015373054036655242 -1.3251056319042176 0.0036287411243930597 -0.015337630412440326 0.9998757869578854 104.85643756525246
0.9999486036984564 0.009442516418755886 -0.0036917228017448295 -0.778208633579818 -0.009389073040428972 0.9998545875197713 0.014235488680722422 -1.3303019051101992 0.003825605148944711 -0.014200095464446321 0.9998918551759084 106.172165869798
0.9999645530477539 0.0075825142269594515 -0.003660341951912249 -0.7950413584144379 -0.007524187936864718 0.9998485328767793 0.01569388125353027 -1.3453998861315073 0.0037787869398332756 -0.015665784170159867 0.9998701435634723 107.52419828812472
0.999986779589921 0.004243899487477935 -0.0029034374952191257 -0.7989620883624705 -0.004191186657125895 0.9998305182203482 0.017926761802477927 -1.3455369097454375 0.0029790250566211303 -0.017914356313604527 0.9998350870327184 108.88892083216136
0.9999941676538725 0.0027486235318638762 -0.0020272440664820756 -0.8133166256488259 -0.0027095678370256254 0.9998153754613053 0.019022965815297554 -1.3572157754558378 0.0020791569498294347 -0.01901736229007754 0.9998169917796034 110.19167560421232
0.999996470511024 0.0023061020780596247 -0.0013194136711011221 -0.8217430316412846 -0.002282060329865418 0.9998364277343681 0.01794184971647692 -1.3629651768573638 0.0013605737178347924 -0.017938775765757902 0.9998381614912629 111.49686883078316
0.9999919559091606 0.003950917367795143 -0.0006916360198084733 -0.8346525295262288 -0.003939560318932735 0.9998687222055987 0.015716813282807284 -1.3669876615427212 0.0007536411300440033 -0.01571396242686958 0.9998762440512848 112.81467232568517
0.9999755039119106 0.006987271210448458 0.0004118291307749972 -0.8392091295416064 -0.006992259930800703 0.9998816364818851 0.013704792454262062 -1.3783930954653458 -0.0003160212995468386 -0.013707336632048683 0.9999060001110436 114.19812685254006
0.999952965800799 0.009497726337196732 0.0019645258937275897 -0.8520508695422435 -0.009524034375834128 0.999858781209806 0.01384595328513584 -1.3808881411240892 -0.0018327435348595511 -0.013864012542992455 0.99990221032381 115.49450947232619
0.9999383476468267 0.010576198086801701 0.0033830340096894645 -0.8661428157863209 -0.010628740865806265 0.9998169396583698 0.015909652950265387 -1.3873213283831092 -0.0032141513286522093 -0.01594462979429975 0.9998677102572082 116.86279247565857
0.9999383068611826 0.01019696081846383 0.004405047494070705 -0.867704802760536 -0.0102765701457515 0.9997770759033054 0.018444257056161248 -1.3935876581188655 -0.004215990478334448 -0.01848838832039659 0.9998201862963939 118.18708594324042
0.9999360458036018 0.010040136646642247 0.005205760422441495 -0.8709247080145793 -0.010137871457747165 0.9997661665972188 0.019100672838839424 -1.4004528986969926 -0.005012770185243064 -0.0191522269817532 0.9998040129649503 119.54135341256035
0.9999240013720497 0.01065195882980705 0.006207031073608111 -0.874277249283488 -0.010767061405445644 0.9997650008712474 0.018815244797984226 -1.400182758319671 -0.00600515370669165 -0.018880646725311572 0.999803710390914 120.84549164543355
0.9998978941441229 0.012083017020716014 0.007629021133225846 -0.8728653431383491 -0.012223159264474148 0.9997523198344266 0.018598209138787264 -1.4051556562603542 -0.0074024097096860655 -0.01868956126466317 0.9997979319005947 122.16918582811641
0.9998675656438247 0.013735082938822234 0.00872918338043221 -0.8792492563551697 -0.013893785692420928 0.9997343915021781 0.018387745714978938 -1.4033946030242792 -0.008474308324777031 -0.01850659231725279 0.999792824609834 123.54330732173904
0.9998404053692909 0.014847979672974482 0.009934850728886696 -0.878684646024161 -0.015022354940682745 0.9997302418722924 0.017713620976103784 -1.4067526741303222 -0.009669160041605389 -0.017860039186755935 0.9997937419017253 124.8391738286675
0.9998076347783488 0.016288245620084053 0.010926410959797852 -0.8758739558586754 -0.016473102676088182 0.9997189757335854 0.017047184000306578 -1.411812396893446 -0.010645672539796652 -0.0172238969478888 0.9997949824995416 126.22613668398533
0.9998090913762816 0.015490158727994197 0.011909481490968689 -0.8684249676613234 -0.01568917173157343 0.9997357260920472 0.01680261583277657 -1.4188776284458535 -0.011646059910896978 -0.016986258306037488 0.9997878956651777 127.5483411902361
0.9998028438401104 0.015141148096224973 0.012845974068071935 -0.8678576591949825 -0.01537033507590076 0.999721023373868 0.017933997186740647 -1.4234374944418238 -0.012570850082864913 -0.018127908673185672 0.999756646718588 128.85160122754033
0.9998089619155291 0.01392495734619744 0.01371623877559177 -0.8576144999744691 -0.01418821405306826 0.9997133230308028 0.01928642948986224 -1.423712484358259 -0.013443745059105098 -0.019477354362680194 0.9997199099698831 130.2186705019237
0.9998176121929642 0.012998746237037317 0.01399195903995238 -0.8461057551536597 -0.013273182184782892 0.9997177683558127 0.019702951318583725 -1.4258521293950226 -0.01373189754729061 -0.01988507595266411 0.9997079667328138 131.53974140386302
0.9998338592440578 0.011638885421706727 0.014028194195297798 -0.8336601638396537 -0.011919305054569689 0.9997274323271426 0.02007464164495783 -1.431581064315774 -0.013790725258929406 -0.02023851315137831 0.9997000642630608 132.91999803679082
0.9998617460719975 0.009271072985201068 0.013803475356501517 -0.8228879795036926 -0.009560806483238416 0.9997322038342978 0.021073955622502076 -1.4267168320656494 -0.013604401791274588 -0.02120301483596577 0.9996826258467426 134.2459325456422
0.999889886187245 0.006777605897424701 0.013201498029525248 -0.8097030058506464 -0.007055110719347852 0.9997527137625194 0.021088782328022027 -1.4250734648187902 -0.013055303111944649 -0.021179598604055896 0.9996904439221658 135.58729159757837
0.9999067061480571 0.006462477947133815 0.01203392587144015 -0.8014711720406249 -0.006714760378856892 0.9997560181360828 0.021043198326302824 -1.4272519278584137 -0.011894999595296791 -0.02112204046548955 0.9997061410215442 136.93015584468972
0.9999309459696141 0.004300986140379154 0.010936398354399085 -0.7911623241265205 -0.004541914410086362 0.9997454179889701 0.022101362390391486 -1.4259888014990538 -0.010838557389195596 -0.022149508818549688 0.9996959162357443 138.26282458599175
0.999946941037694 0.0026289940408019677 0.009960095472884145 -0.7806358152985376 -0.002854655397760718 0.9997380083219743 0.022710474473531705 -1.423090941147469 -0.009897781127029923 -0.02273770256173334 0.9996924681205703 139.61062869116046
0.999961825509139 0.0017624458994837198 0.008558113853219815 -0.7736006071847719 -0.0019567511540216154 0.9997392893522056 0.02274916351339891 -1.422274710669784 -0.008515789193318909 -0.02276504161793033 0.9997045734718907 140.93734788018938
0.9999700831842879 0.0020800387282289903 0.007450246864815262 -0.7755848147537502 -0.002248098601957448 0.9997415910314001 0.022620725130893974 -1.4247090631259256 -0.007401270277266315 -0.022636797722120607 0.9997163580703049 142.29673718304576
0.9999777596526067 0.0015938608866616823 0.006476095369850459 -0.7726603037046784 -0.0017387534173039275 0.999746909658751 0.022429742627835456 -1.4148169534517767 -0.0064387069693614355 -0.022440504553795787 0.9997274462643813 143.64294696561603
0.9999846685583069 -0.0003852849699406153 0.005523966900903045 -0.7659258044143542 0.0002730005380095768 0.999793629519448 0.020313144309236576 -1.417511884682402 -0.005530653717389455 -0.02031132522904496 0.9997784064189964 144.97589401755212
0.9999819657702606 -0.004032262756035899 0.00445073049776705 -0.7706538992761162 0.0039440591239964275 0.9997991049412052 0.019651822837443923 -1.4299977813593596 -0.004529078047959207 -0.01963391486793202 0.9997969778129453 146.34048304380534
0.9999089827534603 -0.013078204445626102 0.0033146329767945754 -0.7611740219692604 0.013000208890792717 0.9996611658883917 0.022551007973873088 -1.4164451137522198 -0.003608436844690678 -0.022505864952764087 0.9997401988690523 147.68919988184626
0.999795996648393 -0.02012945291115035 0.0016643978373396394 -0.7520027614343772 0.020083401468526448 0.9995063407517758 0.024160541423795413 -1.41436173984551 -0.002149914833620173 -0.024122186280689427 0.9997067059928073 148.97838219010052
0.9997017674432868 -0.024411612518387114 0.0006703335841912056 -0.7378492731813623 0.024391202452669306 0.9994646471848455 0.021805693246455732 -1.413431281130955 -0.0012022869356306276 -0.021782840246328452 0.9997620028724139 150.2887625416422
0.9997589788446821 -0.021936273754682906 0.0008855049415465788 -0.754147483995629 0.021916566243198272 0.9995945287024118 0.01817807193909588 -1.4216440765848406 -0.001283905149286433 -0.01815428375147632 0.9998343730719215 151.6949681834384
0.9998111652845243 -0.019339548411777853 0.0019014861224334976 -0.7604811964285213 0.019306152366821823 0.9996816625811493 0.016243336036845874 -1.4176736918802353 -0.00221501976455777 -0.016203558653073227 0.9998662602462128 152.99305178586823
0.9998174379912351 -0.0189101726337979 0.0027378953169705823 -0.7668131652788593 0.018863016380333535 0.9996886847310906 0.01633157123587686 -1.4260530559808555 -0.0030458760426520662 -0.016276945051081786 0.9998628824505875 154.35392909089703
0.9997528137663283 -0.02198347732182008 0.0033223635814407524 -0.7673711233702047 0.021914262097577276 0.9995676465276696 0.01960319151973769 -1.4262833038088973 -0.003751873761875881 -0.01952553909932369 0.9998023188468977 155.69502760276393
0.9995995491324174 -0.028050307550295986 0.0037311686907558566 -0.7604589933654153 0.027956396659336767 0.9993397323502587 0.023206447904833342 -1.4245598455246113 -0.004379653470994828 -0.02309284526085216 0.9997237314086396 157.02264229749258
0.999519761993171 -0.030773079201657887 0.003641836724459767 -0.7503484045210871 0.03067491453484003 0.9992293812021451 0.02448863731958591 -1.4271192029429929 -0.004392621381577186 -0.02436516436806163 0.9996934748473849 158.38090383817698
0.999438880574099 -0.03330593142074173 0.003555125268198905 -0.7462458063219324 0.033207597406469815 0.9991396955501747 0.024841985701588572 -1.421257348912243 -0.004379452597802836 -0.024709989670195623 0.9996850688169522 159.7167633855447
0.9995056017961269 -0.031101989739529733 0.004606322350014369 -0.7466867454730224 0.030974409956038167 0.9991929874666909 0.025572636194468135 -1.4146570965993148 -0.005397965291954426 -0.02541731548499889 0.9996623540247902 161.06426210964554
0.9995658660955608 -0.028899110042490815 0.005737662790864568 -0.7553557444299277 0.028746408083938663 0.9992710977019874 0.025118067437846996 -1.4034150312516127 -0.006459370913764213 -0.024942226101370733 0.999668025843336 162.42824845985382
0.9996908347654023 -0.023949642345843576 0.0066820300683899814 -0.7595803737721198 0.02378812347748835 0.9994457772226694 0.02328655316237898 -1.4016184569829118 -0.007236031945903517 -0.023120401244847818 0.9997065003763299 163.76413832943985
0.9997448667687422 -0.021319605869078988 0.007461620944007003 -0.7617535715102761 0.021145782785770752 0.9995198695469019 0.022646991708919602 -1.3925114343502063 -0.007940863981281677 -0.022483432313403554 0.99971567855892 165.13727545810062
0.9997626712557518 -0.020352244305782138 0.007770928411114833 -0.7615047279989062 0.020161560939579593 0.9995116308625306 0.023874907556373896 -1.387243569687286 -0.008253041957724666 -0.023712567752906175 0.999684751027091 166.47648296954938
0.9997736350944281 -0.019905900264031523 0.007512237896716606 -0.7596648394465028 0.0197205811430506 0.9995177789288958 0.023985584497649277 -1.3761871155978074 -0.007986070644326668 -0.023832009754063438 0.9996840790939975 167.81370748976877
0.9998159167823579 -0.017796042204559957 0.0071717114828492926 -0.7544027788468057 0.017634648640065864 0.9996030466391562 0.021971988909321123 -1.3736531489696882 -0.007559879709791036 -0.021841474033475864 0.9997328634371079 169.1694871053558
0.9998962946131348 -0.012786965051415885 0.006625221532630491 -0.7640013221727835 0.012657873881031328 0.9997360404979433 0.01917361569004653 -1.3779331721565105 -0.006868645660337806 -0.019087766425057138 0.9997942182682957 170.56040447257962
0.9999549036036721 -0.007060260354588892 0.006351653113815532 -0.7658510716022935 0.006943754554777403 0.9998105920108133 0.018181428951488936 -1.3779246121896642 -0.006478816214379023 -0.01813650506110999 0.9998145288637282 171.94145484665066
0.9999726939184258 -0.003208497659629314 0.006657099315767241 -0.7717849332977187 0.0030811713929307614 0.999813797644252 0.01904931518433355 -1.3762423521984075 -0.006716979983459954 -0.019028283725324148 0.9997963825706704 173.32346613721595
0.9999724562618848 -3.111727560580271e-05 0.0074219779067109986 -0.7797476335913434 -0.00012917699513182584 0.9997667754279408 0.021595787825854765 -1.3736298876471773 -0.007420919530912197 -0.021596152165521847 0.9997392340856196 174.68488174634368
0.9999720174891275 0.00016981894381561807 0.007478997706702761 -0.7814319803957506 -0.0003492676302359948 0.999711923558629 0.023998914408753506 -1.3690774680920894 -0.007472768325583017 -0.024000855497770517 0.9996840084129136 176.08029920928982
0.9999749062550641 -0.002261975717230044 0.006713444410520676 -0.777249316558885 0.0020932822803792356 0.9996845274617628 0.025029256962152864 -1.366230167125339 -0.006767942626327194 -0.025014576235924988 0.9996641765799605 177.4509282950338
0.9999792858804836 -0.0039000843543579057 0.005120269814761158 -0.7758283884371049 0.0037675988987813606 0.9996642879623165 0.025634284656632263 -1.3576480913367406 -0.005218527171227551 -0.025614463039698925 0.9996582747458441 178.83943117887816
0.9999779557528935 -0.005946997285211034 0.0029531750249378805 -0.7757849796255574 0.005881159906514872 0.9997445436630166 0.02182336717179592 -1.3527383848293182 -0.0030822043654866738 -0.02180551842026176 0.9997574802875768 180.17297229563835
0.9999926735060242 -0.003590441501987002 0.0013272795437476782 -0.788746817066156 0.0035666495376563776 0.9998402715556995 0.01751314858060105 -1.3503403276550165 -0.0013899475780311742 -0.017508286670854464 0.9998457520787812 181.58518934565026
0.9999991927734194 0.0010563268644996331 0.0007061340609478355 -0.8054398694682945 -0.0010680019614142076 0.9998592545964212 0.016743069124181054 -1.3502589170859765 -0.0006883485668391068 -0.016743810091555428 0.9998595756438114 182.972650487824
0.9999867826333542 0.005098823839834903 0.0006607155473934098 -0.8219508472832333 -0.005109958337863457 0.9998228191658804 0.01811680440711175 -1.350502729322593 -0.000568224120784211 -0.018119941540165118 0.9998356589199991 184.34602078826836
0.9999745665324286 0.007086314173481075 0.0008064899930786769 -0.8338250479007636 -0.007101831241491578 0.9997497148292177 0.021214893230272924 -1.348767806096733 -0.000655952780804618 -0.021220081640935664 0.9997746135363969 185.79503308730807
0.999973371136183 0.007178256942906568 0.0013151549886726952 -0.8421619778655465 -0.007207755910456252 0.999686037465182 0.023997390527623293 -1.3437095177749885 -0.0011424827218136588 -0.02400623129824312 0.9997111560870985 187.1587301304124
0.999971657775813 0.007399416359256727 0.001390060793028285 -0.8531036192585799 -0.0074317274971043715 0.9996626088524876 0.0248885091651502 -1.3376347605481957 -0.0012054314392739855 -0.02489813481788062 0.9996892666381114 188.59027088334048
0.9999862008360652 0.0051067179510955515 0.0012327047408865793 -0.8538581628089754 -0.005136636902997263 0.9996583356299421 0.025628635553986645 -1.3263684816481056 -0.0011014054291580188 -0.02563461436516852 0.9996707725382462 189.98830614818436
0.9999946902398247 0.003018131274106211 0.0012289719364685977 -0.8532953765383859 -0.003049808537485396 0.9996402941735536 0.026645467163183917 -1.3242753184991773 -0.0011481104261572958 -0.026649074337867444 0.9996441910476367 191.37148161301664
0.9999985736266489 0.0003453832364420208 0.0016533169141063316 -0.8571015982095537 -0.0003894870178081126 0.9996420688620774 0.026750372780943457 -1.3128180238005789 -0.0016434861275941646 -0.02675097909657746 0.9996407775226462 192.8045481768516
0.9999943224883476 -0.0026819747574410944 0.002040100277605642 -0.8585456770808013 0.0026236007830258475 0.999601754505768 0.028097136595358077 -1.306333164551373 -0.0021146437839345052 -0.028091625214753002 0.9996031156868471 194.18616478368102
0.9999744647089166 -0.006719468167936331 0.002432835566322464 -0.8558464013875597 0.006644145321582065 0.9995353620610485 0.029747525835453405 -1.2926765934273494 -0.0026315929296154925 -0.029730602689370146 0.9995544837577619 195.64166475592708
0.9999434503278934 -0.010279937500294326 0.0027237923502062486 -0.8556167579933649 0.010192223346605588 0.9994838171425343 0.03046666738684977 -1.2842532898401178 -0.003035582043256135 -0.03043718359638363 0.9995320720790954 197.0312401697347
0.9999603713920086 -0.008426588758134033 0.002871978459864457 -0.8621618762232008 0.008348415332567211 0.9996212453201304 0.026223459730576888 -1.265392138794719 -0.003091865235187994 -0.026198444569757805 0.9996519803834242 198.47909891603112
0.9999939731246904 -0.001421052766015245 0.003167700982931257 -0.8799433758528346 0.0013544809372380822 0.999780238655071 0.020919841364290395 -1.2585629777940701 -0.003196733296343188 -0.020915425100964165 0.999776137891071 199.92448292512518
0.9999574124276673 0.008131746184067363 0.004364404027038885 -0.8924035280920188 -0.00822033888994312 0.9997523509293239 0.020680010785687833 -1.2469684070247093 -0.004195158926005903 -0.020715007365485993 0.9997766196094068 201.33066649917956
0.9998667201762635 0.01522921810424143 0.0058832615235466885 -0.9134095877144721 -0.015370303382148592 0.9995760011481226 0.024729976283994204 -1.238112394974368 -0.00550414927100707 -0.024817108287930677 0.9996768555320417 202.77909143068794
0.9998386164326473 0.016670290360035173 0.006696452096116502 -0.9169964872736744 -0.01684851678427902 0.9994796902086026 0.027504115494843176 -1.2319839269793114 -0.006234466780842282 -0.02761250262003386 0.9995992602714525 204.20200385042492
0.9998630818151504 0.015306472058901194 0.006287249192037271 -0.9157692638581576 -0.015476820520211416 0.9994880036387992 0.028003546730885426 -1.2183858961359246 -0.005855395110962336 -0.028097019724150924 0.9995880510709081 205.67270398817269
0.9999180052552652 0.011757220132389695 0.005074496879967337 -0.9089706770796839 -0.011896434585182258 0.9995276572355669 0.028336147827368444 -1.2066166753837475 -0.0047389460288038135 -0.028394193397133543 0.9995855702169835 207.13718446408168
0.9999425849867144 0.010002637108582919 0.0038436913027715845 -0.906302029419562 -0.010106535350084322 0.9995558329779499 0.028035597127985416 -1.1984552051077277 -0.0035615544367391637 -0.0280728344238978 0.9995995354701722 208.54805806744903
0.9999402506183048 0.01037961129147875 0.0034291169735141264 -0.913040284625531 -0.010470267513892 0.9995650051689777 0.02757125214272545 -1.1828055111515237 -0.0031414466892652647 -0.0276055090989942 0.9996139590835634 209.99723172423631
0.9999293921817229 0.011416778402263588 0.003296634511485456 -0.9174929361540434 -0.011504644570996096 0.9995419096479743 0.027993106618413564 -1.1715136566215982 -0.0029755334896431783 -0.028029057253329125 0.9996026801511032 211.47507245671957
0.9999143786496962 0.012682407490907993 0.003223644337857711 -0.9263141645503061 -0.012770932548281742 0.999494629584442 0.02910994201037386 -1.157602991124958 -0.002852831275259677 -0.029148619104131683 0.9995710176745347 212.93158077881472
0.9999213639958603 0.01218249921373599 0.0029753171134818913 -0.9322454991966245 -0.012264056237110361 0.9995003117335863 0.02913279556726361 -1.1477000861242537 -0.002618920322020895 -0.02916699471910475 0.9995711218780559 214.40670420897305
0.9999230159735757 0.012133736849565495 0.0025950973946672357 -0.9346653644508744 -0.012202282705218233 0.9995258986254711 0.028268043496677168 -1.132875542490008 -0.0022508702226478354 -0.028297533986123405 0.999597010384699 215.84139853858267
0.999934468653419 0.01121378889659161 0.002304194884475831 -0.9414503832271104 -0.011274023339119947 0.999543117239366 0.028043772641438636 -1.1201665055975316 -0.0019886653375231975 -0.02806791300233875 0.9996040403511709 217.34688299233267
0.9999298453318198 0.011704900527692613 0.0018165056820368855 -0.947048883505266 -0.01175170236340204 0.9995291293059942 0.02834461444889256 -1.1063735265194117 -0.0014838795534930444 -0.02836397354278943 0.9995965601800897 218.80660102024535
0.9999311929810217 0.01163458338642366 0.0014985817869966308 -0.9598665565727933 -0.011672392548020955 0.9995301524466027 0.028341305720234473 -1.0937523583414974 -0.0011681384740140047 -0.028356848241221182 0.9995971811826408 220.280398280769
0.9999334065093382 0.011460545438754912 0.0013558833407701883 -0.9642183141587981 -0.011494413078750843 0.9995312507881193 0.028375291592721688 -1.0794335780555229 -0.0010300515178668947 -0.02838898763368799 0.9995964207584921 221.7733343007713
0.9999207320468889 0.012554195521556025 0.0009600876874458957 -0.9753956826515097 -0.012576397844977587 0.9995177432337008 0.028392167735018226 -1.0644049964095386 -0.0006031838825956222 -0.028401992159639376 0.9995964000682384 223.24663237099017
